iteration 21 best: 1.13968 time: 7454
84 29 4 23 4 18 4 66 25 4 42 4 10 54 4 33 4 19 4 67 13 4 19 4 35 4 95 41 4 26 4 17 4 83 24 4 22 4 20 4 32 4 25 36 4 50 4 29 4 46 27 4 36 4 37 33 4 36 4 39 10 4 32 4 26 4 32 4 45 25 4 37 4 47 46 4 40 4 74 39 4 26 4 44 4 25 4 36 4 41 26 4 55 4 25 4 38 4 62 29 4 39 4 66 36 4 41 4 22 4 41 4 67 43 4 44 4 17 4 57 28 4 36 4 85 48 4 42 4 54 44 20 63 29 4 26 4 32 4 68 27 20 55 31 4 50 4 35 4 46 34 4 16 4 25 4 45 4 39 46 4 22 4 80 45 4 33 4 14 4 76 27 4 40 4 55 45 4 39 4 22 4 52 43 4 28 4 40 4 56 31 4 21 4 49 31 4 35 4 76 43 4 94 10 4 28 4 35 4 42 10 4 53 4 46 49 4 41 4 60 29 4 21 4 50 34 4 26 4 88 15 4 30 4 57 27 4 38 4 90 28 4 27 4 61 25 4 22 4 56 30 4 43 4 43 4 32 28 4 32 4 92 57 4 52 4 29 4 56 34 4 42 4 41 4 49 47 4 25 4 29 4 29 4 72 40 4 31 4 18 4 32 4 35 38 4 42 4 34 4 69 36 4 30 4 79 9 4 17 4 25 4 50 31 4 31 4 26 4 58 26 4 16 4 33 4 53 41 4 27 4 37 4 80 30 16 45 16 33 43 4 71 40 16 46 16 95 34 4 23 4 72 31 4 24 4 27 4 55 31 4 28 4 26 4 34 4 50 33 4 39 4 62 32 4 30 4 45 4 18 4 48 28 4 38 4 39 4 70 18 4 31 4 25 4 55 50 4 36 4 30 4 73 15 4 23 4 41 4 42 28 4 29 4 39 4 47 4 82 41 4 25 4 39 4 37 4 51 38 4 40 4 37 4 64 38 4 29 4 43 4 48 47 4 37 4 41 4 
iteration 44 best: 1.13968 time: 14789
84 29 4 23 4 18 4 66 25 4 42 4 10 54 4 33 4 19 4 67 13 4 19 4 35 4 95 41 4 26 4 17 4 83 24 4 22 4 20 4 32 4 25 36 4 50 4 29 4 46 27 4 36 4 37 33 4 36 4 39 10 4 32 4 26 4 32 4 45 25 4 37 4 47 46 4 40 4 74 39 4 26 4 44 4 25 4 36 4 41 26 4 55 4 25 4 38 4 62 29 4 39 4 66 36 4 41 4 22 4 41 4 67 43 4 44 4 17 4 57 28 4 36 4 85 48 4 42 4 54 44 20 63 29 4 26 4 32 4 68 27 20 55 31 4 50 4 35 4 46 34 4 16 4 25 4 45 4 39 46 4 22 4 80 45 4 33 4 14 4 76 27 4 40 4 55 45 4 39 4 22 4 52 43 4 28 4 40 4 56 31 4 21 4 49 31 4 35 4 76 43 4 94 10 4 28 4 35 4 42 10 4 53 4 46 49 4 41 4 60 29 4 21 4 50 34 4 26 4 88 15 4 30 4 57 27 4 38 4 90 28 4 27 4 61 25 4 22 4 56 30 4 43 4 43 4 32 28 4 32 4 92 57 4 52 4 29 4 56 34 4 42 4 41 4 49 47 4 25 4 29 4 29 4 72 40 4 31 4 18 4 32 4 35 38 4 42 4 34 4 69 36 4 30 4 79 9 4 17 4 25 4 50 31 4 31 4 26 4 58 26 4 16 4 33 4 53 41 4 27 4 37 4 80 30 16 45 16 33 43 4 71 40 16 46 16 95 34 4 23 4 72 31 4 24 4 27 4 55 31 4 28 4 26 4 34 4 50 33 4 39 4 62 32 4 30 4 45 4 18 4 48 28 4 38 4 39 4 70 18 4 31 4 25 4 55 50 4 36 4 30 4 73 15 4 23 4 41 4 42 28 4 29 4 39 4 47 4 82 41 4 25 4 39 4 37 4 51 38 4 40 4 37 4 64 38 4 29 4 43 4 48 47 4 37 4 41 4 
iteration 67 best: 1.13968 time: 22175
84 29 4 23 4 18 4 66 25 4 42 4 10 54 4 33 4 19 4 67 13 4 19 4 35 4 95 41 4 26 4 17 4 83 24 4 22 4 20 4 32 4 25 36 4 50 4 29 4 46 27 4 36 4 37 33 4 36 4 39 10 4 32 4 26 4 32 4 45 25 4 37 4 47 46 4 40 4 74 39 4 26 4 44 4 25 4 36 4 41 26 4 55 4 25 4 38 4 62 29 4 39 4 66 36 4 41 4 22 4 41 4 67 43 4 44 4 17 4 57 28 4 36 4 85 48 4 42 4 54 44 20 63 29 4 26 4 32 4 68 27 20 55 31 4 50 4 35 4 46 34 4 16 4 25 4 45 4 39 46 4 22 4 80 45 4 33 4 14 4 76 27 4 40 4 55 45 4 39 4 22 4 52 43 4 28 4 40 4 56 31 4 21 4 49 31 4 35 4 76 43 4 94 10 4 28 4 35 4 42 10 4 53 4 46 49 4 41 4 60 29 4 21 4 50 34 4 26 4 88 15 4 30 4 57 27 4 38 4 90 28 4 27 4 61 25 4 22 4 56 30 4 43 4 43 4 32 28 4 32 4 92 57 4 52 4 29 4 56 34 4 42 4 41 4 49 47 4 25 4 29 4 29 4 72 40 4 31 4 18 4 32 4 35 38 4 42 4 34 4 69 36 4 30 4 79 9 4 17 4 25 4 50 31 4 31 4 26 4 58 26 4 16 4 33 4 53 41 4 27 4 37 4 80 30 16 45 16 33 43 4 71 40 16 46 16 95 34 4 23 4 72 31 4 24 4 27 4 55 31 4 28 4 26 4 34 4 50 33 4 39 4 62 32 4 30 4 45 4 18 4 48 28 4 38 4 39 4 70 18 4 31 4 25 4 55 50 4 36 4 30 4 73 15 4 23 4 41 4 42 28 4 29 4 39 4 47 4 82 41 4 25 4 39 4 37 4 51 38 4 40 4 37 4 64 38 4 29 4 43 4 48 47 4 37 4 41 4 
iteration 90 best: 1.13968 time: 29549
84 29 4 23 4 18 4 66 25 4 42 4 10 54 4 33 4 19 4 67 13 4 19 4 35 4 95 41 4 26 4 17 4 83 24 4 22 4 20 4 32 4 25 36 4 50 4 29 4 46 27 4 36 4 37 33 4 36 4 39 10 4 32 4 26 4 32 4 45 25 4 37 4 47 46 4 40 4 74 39 4 26 4 44 4 25 4 36 4 41 26 4 55 4 25 4 38 4 62 29 4 39 4 66 36 4 41 4 22 4 41 4 67 43 4 44 4 17 4 57 28 4 36 4 85 48 4 42 4 54 44 20 63 29 4 26 4 32 4 68 27 20 55 31 4 50 4 35 4 46 34 4 16 4 25 4 45 4 39 46 4 22 4 80 45 4 33 4 14 4 76 27 4 40 4 55 45 4 39 4 22 4 52 43 4 28 4 40 4 56 31 4 21 4 49 31 4 35 4 76 43 4 94 10 4 28 4 35 4 42 10 4 53 4 46 49 4 41 4 60 29 4 21 4 50 34 4 26 4 88 15 4 30 4 57 27 4 38 4 90 28 4 27 4 61 25 4 22 4 56 30 4 43 4 43 4 32 28 4 32 4 92 57 4 52 4 29 4 56 34 4 42 4 41 4 49 47 4 25 4 29 4 29 4 72 40 4 31 4 18 4 32 4 35 38 4 42 4 34 4 69 36 4 30 4 79 9 4 17 4 25 4 50 31 4 31 4 26 4 58 26 4 16 4 33 4 53 41 4 27 4 37 4 80 30 16 45 16 33 43 4 71 40 16 46 16 95 34 4 23 4 72 31 4 24 4 27 4 55 31 4 28 4 26 4 34 4 50 33 4 39 4 62 32 4 30 4 45 4 18 4 48 28 4 38 4 39 4 70 18 4 31 4 25 4 55 50 4 36 4 30 4 73 15 4 23 4 41 4 42 28 4 29 4 39 4 47 4 82 41 4 25 4 39 4 37 4 51 38 4 40 4 37 4 64 38 4 29 4 43 4 48 47 4 37 4 41 4 
iteration 113 best: 1.13968 time: 36932
84 29 4 23 4 18 4 66 25 4 42 4 10 54 4 33 4 19 4 67 13 4 19 4 35 4 95 41 4 26 4 17 4 83 24 4 22 4 20 4 32 4 25 36 4 50 4 29 4 46 27 4 36 4 37 33 4 36 4 39 10 4 32 4 26 4 32 4 45 25 4 37 4 47 46 4 40 4 74 39 4 26 4 44 4 25 4 36 4 41 26 4 55 4 25 4 38 4 62 29 4 39 4 66 36 4 41 4 22 4 41 4 67 43 4 44 4 17 4 57 28 4 36 4 85 48 4 42 4 54 44 20 63 29 4 26 4 32 4 68 27 20 55 31 4 50 4 35 4 46 34 4 16 4 25 4 45 4 39 46 4 22 4 80 45 4 33 4 14 4 76 27 4 40 4 55 45 4 39 4 22 4 52 43 4 28 4 40 4 56 31 4 21 4 49 31 4 35 4 76 43 4 94 10 4 28 4 35 4 42 10 4 53 4 46 49 4 41 4 60 29 4 21 4 50 34 4 26 4 88 15 4 30 4 57 27 4 38 4 90 28 4 27 4 61 25 4 22 4 56 30 4 43 4 43 4 32 28 4 32 4 92 57 4 52 4 29 4 56 34 4 42 4 41 4 49 47 4 25 4 29 4 29 4 72 40 4 31 4 18 4 32 4 35 38 4 42 4 34 4 69 36 4 30 4 79 9 4 17 4 25 4 50 31 4 31 4 26 4 58 26 4 16 4 33 4 53 41 4 27 4 37 4 80 30 16 45 16 33 43 4 71 40 16 46 16 95 34 4 23 4 72 31 4 24 4 27 4 55 31 4 28 4 26 4 34 4 50 33 4 39 4 62 32 4 30 4 45 4 18 4 48 28 4 38 4 39 4 70 18 4 31 4 25 4 55 50 4 36 4 30 4 73 15 4 23 4 41 4 42 28 4 29 4 39 4 47 4 82 41 4 25 4 39 4 37 4 51 38 4 40 4 37 4 64 38 4 29 4 43 4 48 47 4 37 4 41 4 
iteration 136 best: 1.13968 time: 44307
84 29 4 23 4 18 4 66 25 4 42 4 10 54 4 33 4 19 4 67 13 4 19 4 35 4 95 41 4 26 4 17 4 83 24 4 22 4 20 4 32 4 25 36 4 50 4 29 4 46 27 4 36 4 37 33 4 36 4 39 10 4 32 4 26 4 32 4 45 25 4 37 4 47 46 4 40 4 74 39 4 26 4 44 4 25 4 36 4 41 26 4 55 4 25 4 38 4 62 29 4 39 4 66 36 4 41 4 22 4 41 4 67 43 4 44 4 17 4 57 28 4 36 4 85 48 4 42 4 54 44 20 63 29 4 26 4 32 4 68 27 20 55 31 4 50 4 35 4 46 34 4 16 4 25 4 45 4 39 46 4 22 4 80 45 4 33 4 14 4 76 27 4 40 4 55 45 4 39 4 22 4 52 43 4 28 4 40 4 56 31 4 21 4 49 31 4 35 4 76 43 4 94 10 4 28 4 35 4 42 10 4 53 4 46 49 4 41 4 60 29 4 21 4 50 34 4 26 4 88 15 4 30 4 57 27 4 38 4 90 28 4 27 4 61 25 4 22 4 56 30 4 43 4 43 4 32 28 4 32 4 92 57 4 52 4 29 4 56 34 4 42 4 41 4 49 47 4 25 4 29 4 29 4 72 40 4 31 4 18 4 32 4 35 38 4 42 4 34 4 69 36 4 30 4 79 9 4 17 4 25 4 50 31 4 31 4 26 4 58 26 4 16 4 33 4 53 41 4 27 4 37 4 80 30 16 45 16 33 43 4 71 40 16 46 16 95 34 4 23 4 72 31 4 24 4 27 4 55 31 4 28 4 26 4 34 4 50 33 4 39 4 62 32 4 30 4 45 4 18 4 48 28 4 38 4 39 4 70 18 4 31 4 25 4 55 50 4 36 4 30 4 73 15 4 23 4 41 4 42 28 4 29 4 39 4 47 4 82 41 4 25 4 39 4 37 4 51 38 4 40 4 37 4 64 38 4 29 4 43 4 48 47 4 37 4 41 4 
iteration 159 best: 1.13968 time: 51684
84 29 4 23 4 18 4 66 25 4 42 4 10 54 4 33 4 19 4 67 13 4 19 4 35 4 95 41 4 26 4 17 4 83 24 4 22 4 20 4 32 4 25 36 4 50 4 29 4 46 27 4 36 4 37 33 4 36 4 39 10 4 32 4 26 4 32 4 45 25 4 37 4 47 46 4 40 4 74 39 4 26 4 44 4 25 4 36 4 41 26 4 55 4 25 4 38 4 62 29 4 39 4 66 36 4 41 4 22 4 41 4 67 43 4 44 4 17 4 57 28 4 36 4 85 48 4 42 4 54 44 20 63 29 4 26 4 32 4 68 27 20 55 31 4 50 4 35 4 46 34 4 16 4 25 4 45 4 39 46 4 22 4 80 45 4 33 4 14 4 76 27 4 40 4 55 45 4 39 4 22 4 52 43 4 28 4 40 4 56 31 4 21 4 49 31 4 35 4 76 43 4 94 10 4 28 4 35 4 42 10 4 53 4 46 49 4 41 4 60 29 4 21 4 50 34 4 26 4 88 15 4 30 4 57 27 4 38 4 90 28 4 27 4 61 25 4 22 4 56 30 4 43 4 43 4 32 28 4 32 4 92 57 4 52 4 29 4 56 34 4 42 4 41 4 49 47 4 25 4 29 4 29 4 72 40 4 31 4 18 4 32 4 35 38 4 42 4 34 4 69 36 4 30 4 79 9 4 17 4 25 4 50 31 4 31 4 26 4 58 26 4 16 4 33 4 53 41 4 27 4 37 4 80 30 16 45 16 33 43 4 71 40 16 46 16 95 34 4 23 4 72 31 4 24 4 27 4 55 31 4 28 4 26 4 34 4 50 33 4 39 4 62 32 4 30 4 45 4 18 4 48 28 4 38 4 39 4 70 18 4 31 4 25 4 55 50 4 36 4 30 4 73 15 4 23 4 41 4 42 28 4 29 4 39 4 47 4 82 41 4 25 4 39 4 37 4 51 38 4 40 4 37 4 64 38 4 29 4 43 4 48 47 4 37 4 41 4 
iteration 182 best: 1.13968 time: 59032
84 29 4 23 4 18 4 66 25 4 42 4 10 54 4 33 4 19 4 67 13 4 19 4 35 4 95 41 4 26 4 17 4 83 24 4 22 4 20 4 32 4 25 36 4 50 4 29 4 46 27 4 36 4 37 33 4 36 4 39 10 4 32 4 26 4 32 4 45 25 4 37 4 47 46 4 40 4 74 39 4 26 4 44 4 25 4 36 4 41 26 4 55 4 25 4 38 4 62 29 4 39 4 66 36 4 41 4 22 4 41 4 67 43 4 44 4 17 4 57 28 4 36 4 85 48 4 42 4 54 44 20 63 29 4 26 4 32 4 68 27 20 55 31 4 50 4 35 4 46 34 4 16 4 25 4 45 4 39 46 4 22 4 80 45 4 33 4 14 4 76 27 4 40 4 55 45 4 39 4 22 4 52 43 4 28 4 40 4 56 31 4 21 4 49 31 4 35 4 76 43 4 94 10 4 28 4 35 4 42 10 4 53 4 46 49 4 41 4 60 29 4 21 4 50 34 4 26 4 88 15 4 30 4 57 27 4 38 4 90 28 4 27 4 61 25 4 22 4 56 30 4 43 4 43 4 32 28 4 32 4 92 57 4 52 4 29 4 56 34 4 42 4 41 4 49 47 4 25 4 29 4 29 4 72 40 4 31 4 18 4 32 4 35 38 4 42 4 34 4 69 36 4 30 4 79 9 4 17 4 25 4 50 31 4 31 4 26 4 58 26 4 16 4 33 4 53 41 4 27 4 37 4 80 30 16 45 16 33 43 4 71 40 16 46 16 95 34 4 23 4 72 31 4 24 4 27 4 55 31 4 28 4 26 4 34 4 50 33 4 39 4 62 32 4 30 4 45 4 18 4 48 28 4 38 4 39 4 70 18 4 31 4 25 4 55 50 4 36 4 30 4 73 15 4 23 4 41 4 42 28 4 29 4 39 4 47 4 82 41 4 25 4 39 4 37 4 51 38 4 40 4 37 4 64 38 4 29 4 43 4 48 47 4 37 4 41 4 
iteration 205 best: 1.13968 time: 66374
84 29 4 23 4 18 4 66 25 4 42 4 10 54 4 33 4 19 4 67 13 4 19 4 35 4 95 41 4 26 4 17 4 83 24 4 22 4 20 4 32 4 25 36 4 50 4 29 4 46 27 4 36 4 37 33 4 36 4 39 10 4 32 4 26 4 32 4 45 25 4 37 4 47 46 4 40 4 74 39 4 26 4 44 4 25 4 36 4 41 26 4 55 4 25 4 38 4 62 29 4 39 4 66 36 4 41 4 22 4 41 4 67 43 4 44 4 17 4 57 28 4 36 4 85 48 4 42 4 54 44 20 63 29 4 26 4 32 4 68 27 20 55 31 4 50 4 35 4 46 34 4 16 4 25 4 45 4 39 46 4 22 4 80 45 4 33 4 14 4 76 27 4 40 4 55 45 4 39 4 22 4 52 43 4 28 4 40 4 56 31 4 21 4 49 31 4 35 4 76 43 4 94 10 4 28 4 35 4 42 10 4 53 4 46 49 4 41 4 60 29 4 21 4 50 34 4 26 4 88 15 4 30 4 57 27 4 38 4 90 28 4 27 4 61 25 4 22 4 56 30 4 43 4 43 4 32 28 4 32 4 92 57 4 52 4 29 4 56 34 4 42 4 41 4 49 47 4 25 4 29 4 29 4 72 40 4 31 4 18 4 32 4 35 38 4 42 4 34 4 69 36 4 30 4 79 9 4 17 4 25 4 50 31 4 31 4 26 4 58 26 4 16 4 33 4 53 41 4 27 4 37 4 80 30 16 45 16 33 43 4 71 40 16 46 16 95 34 4 23 4 72 31 4 24 4 27 4 55 31 4 28 4 26 4 34 4 50 33 4 39 4 62 32 4 30 4 45 4 18 4 48 28 4 38 4 39 4 70 18 4 31 4 25 4 55 50 4 36 4 30 4 73 15 4 23 4 41 4 42 28 4 29 4 39 4 47 4 82 41 4 25 4 39 4 37 4 51 38 4 40 4 37 4 64 38 4 29 4 43 4 48 47 4 37 4 41 4 
iteration 228 best: 1.13968 time: 73719
84 29 4 23 4 18 4 66 25 4 42 4 10 54 4 33 4 19 4 67 13 4 19 4 35 4 95 41 4 26 4 17 4 83 24 4 22 4 20 4 32 4 25 36 4 50 4 29 4 46 27 4 36 4 37 33 4 36 4 39 10 4 32 4 26 4 32 4 45 25 4 37 4 47 46 4 40 4 74 39 4 26 4 44 4 25 4 36 4 41 26 4 55 4 25 4 38 4 62 29 4 39 4 66 36 4 41 4 22 4 41 4 67 43 4 44 4 17 4 57 28 4 36 4 85 48 4 42 4 54 44 20 63 29 4 26 4 32 4 68 27 20 55 31 4 50 4 35 4 46 34 4 16 4 25 4 45 4 39 46 4 22 4 80 45 4 33 4 14 4 76 27 4 40 4 55 45 4 39 4 22 4 52 43 4 28 4 40 4 56 31 4 21 4 49 31 4 35 4 76 43 4 94 10 4 28 4 35 4 42 10 4 53 4 46 49 4 41 4 60 29 4 21 4 50 34 4 26 4 88 15 4 30 4 57 27 4 38 4 90 28 4 27 4 61 25 4 22 4 56 30 4 43 4 43 4 32 28 4 32 4 92 57 4 52 4 29 4 56 34 4 42 4 41 4 49 47 4 25 4 29 4 29 4 72 40 4 31 4 18 4 32 4 35 38 4 42 4 34 4 69 36 4 30 4 79 9 4 17 4 25 4 50 31 4 31 4 26 4 58 26 4 16 4 33 4 53 41 4 27 4 37 4 80 30 16 45 16 33 43 4 71 40 16 46 16 95 34 4 23 4 72 31 4 24 4 27 4 55 31 4 28 4 26 4 34 4 50 33 4 39 4 62 32 4 30 4 45 4 18 4 48 28 4 38 4 39 4 70 18 4 31 4 25 4 55 50 4 36 4 30 4 73 15 4 23 4 41 4 42 28 4 29 4 39 4 47 4 82 41 4 25 4 39 4 37 4 51 38 4 40 4 37 4 64 38 4 29 4 43 4 48 47 4 37 4 41 4 
iteration 251 best: 1.13968 time: 81072
84 29 4 23 4 18 4 66 25 4 42 4 10 54 4 33 4 19 4 67 13 4 19 4 35 4 95 41 4 26 4 17 4 83 24 4 22 4 20 4 32 4 25 36 4 50 4 29 4 46 27 4 36 4 37 33 4 36 4 39 10 4 32 4 26 4 32 4 45 25 4 37 4 47 46 4 40 4 74 39 4 26 4 44 4 25 4 36 4 41 26 4 55 4 25 4 38 4 62 29 4 39 4 66 36 4 41 4 22 4 41 4 67 43 4 44 4 17 4 57 28 4 36 4 85 48 4 42 4 54 44 20 63 29 4 26 4 32 4 68 27 20 55 31 4 50 4 35 4 46 34 4 16 4 25 4 45 4 39 46 4 22 4 80 45 4 33 4 14 4 76 27 4 40 4 55 45 4 39 4 22 4 52 43 4 28 4 40 4 56 31 4 21 4 49 31 4 35 4 76 43 4 94 10 4 28 4 35 4 42 10 4 53 4 46 49 4 41 4 60 29 4 21 4 50 34 4 26 4 88 15 4 30 4 57 27 4 38 4 90 28 4 27 4 61 25 4 22 4 56 30 4 43 4 43 4 32 28 4 32 4 92 57 4 52 4 29 4 56 34 4 42 4 41 4 49 47 4 25 4 29 4 29 4 72 40 4 31 4 18 4 32 4 35 38 4 42 4 34 4 69 36 4 30 4 79 9 4 17 4 25 4 50 31 4 31 4 26 4 58 26 4 16 4 33 4 53 41 4 27 4 37 4 80 30 16 45 16 33 43 4 71 40 16 46 16 95 34 4 23 4 72 31 4 24 4 27 4 55 31 4 28 4 26 4 34 4 50 33 4 39 4 62 32 4 30 4 45 4 18 4 48 28 4 38 4 39 4 70 18 4 31 4 25 4 55 50 4 36 4 30 4 73 15 4 23 4 41 4 42 28 4 29 4 39 4 47 4 82 41 4 25 4 39 4 37 4 51 38 4 40 4 37 4 64 38 4 29 4 43 4 48 47 4 37 4 41 4 
iteration 274 best: 1.13968 time: 88402
84 29 4 23 4 18 4 66 25 4 42 4 10 54 4 33 4 19 4 67 13 4 19 4 35 4 95 41 4 26 4 17 4 83 24 4 22 4 20 4 32 4 25 36 4 50 4 29 4 46 27 4 36 4 37 33 4 36 4 39 10 4 32 4 26 4 32 4 45 25 4 37 4 47 46 4 40 4 74 39 4 26 4 44 4 25 4 36 4 41 26 4 55 4 25 4 38 4 62 29 4 39 4 66 36 4 41 4 22 4 41 4 67 43 4 44 4 17 4 57 28 4 36 4 85 48 4 42 4 54 44 20 63 29 4 26 4 32 4 68 27 20 55 31 4 50 4 35 4 46 34 4 16 4 25 4 45 4 39 46 4 22 4 80 45 4 33 4 14 4 76 27 4 40 4 55 45 4 39 4 22 4 52 43 4 28 4 40 4 56 31 4 21 4 49 31 4 35 4 76 43 4 94 10 4 28 4 35 4 42 10 4 53 4 46 49 4 41 4 60 29 4 21 4 50 34 4 26 4 88 15 4 30 4 57 27 4 38 4 90 28 4 27 4 61 25 4 22 4 56 30 4 43 4 43 4 32 28 4 32 4 92 57 4 52 4 29 4 56 34 4 42 4 41 4 49 47 4 25 4 29 4 29 4 72 40 4 31 4 18 4 32 4 35 38 4 42 4 34 4 69 36 4 30 4 79 9 4 17 4 25 4 50 31 4 31 4 26 4 58 26 4 16 4 33 4 53 41 4 27 4 37 4 80 30 16 45 16 33 43 4 71 40 16 46 16 95 34 4 23 4 72 31 4 24 4 27 4 55 31 4 28 4 26 4 34 4 50 33 4 39 4 62 32 4 30 4 45 4 18 4 48 28 4 38 4 39 4 70 18 4 31 4 25 4 55 50 4 36 4 30 4 73 15 4 23 4 41 4 42 28 4 29 4 39 4 47 4 82 41 4 25 4 39 4 37 4 51 38 4 40 4 37 4 64 38 4 29 4 43 4 48 47 4 37 4 41 4 
iteration 297 best: 1.13968 time: 95729
84 29 4 23 4 18 4 66 25 4 42 4 10 54 4 33 4 19 4 67 13 4 19 4 35 4 95 41 4 26 4 17 4 83 24 4 22 4 20 4 32 4 25 36 4 50 4 29 4 46 27 4 36 4 37 33 4 36 4 39 10 4 32 4 26 4 32 4 45 25 4 37 4 47 46 4 40 4 74 39 4 26 4 44 4 25 4 36 4 41 26 4 55 4 25 4 38 4 62 29 4 39 4 66 36 4 41 4 22 4 41 4 67 43 4 44 4 17 4 57 28 4 36 4 85 48 4 42 4 54 44 20 63 29 4 26 4 32 4 68 27 20 55 31 4 50 4 35 4 46 34 4 16 4 25 4 45 4 39 46 4 22 4 80 45 4 33 4 14 4 76 27 4 40 4 55 45 4 39 4 22 4 52 43 4 28 4 40 4 56 31 4 21 4 49 31 4 35 4 76 43 4 94 10 4 28 4 35 4 42 10 4 53 4 46 49 4 41 4 60 29 4 21 4 50 34 4 26 4 88 15 4 30 4 57 27 4 38 4 90 28 4 27 4 61 25 4 22 4 56 30 4 43 4 43 4 32 28 4 32 4 92 57 4 52 4 29 4 56 34 4 42 4 41 4 49 47 4 25 4 29 4 29 4 72 40 4 31 4 18 4 32 4 35 38 4 42 4 34 4 69 36 4 30 4 79 9 4 17 4 25 4 50 31 4 31 4 26 4 58 26 4 16 4 33 4 53 41 4 27 4 37 4 80 30 16 45 16 33 43 4 71 40 16 46 16 95 34 4 23 4 72 31 4 24 4 27 4 55 31 4 28 4 26 4 34 4 50 33 4 39 4 62 32 4 30 4 45 4 18 4 48 28 4 38 4 39 4 70 18 4 31 4 25 4 55 50 4 36 4 30 4 73 15 4 23 4 41 4 42 28 4 29 4 39 4 47 4 82 41 4 25 4 39 4 37 4 51 38 4 40 4 37 4 64 38 4 29 4 43 4 48 47 4 37 4 41 4 
iteration 320 best: 1.13968 time: 103095
84 29 4 23 4 18 4 66 25 4 42 4 10 54 4 33 4 19 4 67 13 4 19 4 35 4 95 41 4 26 4 17 4 83 24 4 22 4 20 4 32 4 25 36 4 50 4 29 4 46 27 4 36 4 37 33 4 36 4 39 10 4 32 4 26 4 32 4 45 25 4 37 4 47 46 4 40 4 74 39 4 26 4 44 4 25 4 36 4 41 26 4 55 4 25 4 38 4 62 29 4 39 4 66 36 4 41 4 22 4 41 4 67 43 4 44 4 17 4 57 28 4 36 4 85 48 4 42 4 54 44 20 63 29 4 26 4 32 4 68 27 20 55 31 4 50 4 35 4 46 34 4 16 4 25 4 45 4 39 46 4 22 4 80 45 4 33 4 14 4 76 27 4 40 4 55 45 4 39 4 22 4 52 43 4 28 4 40 4 56 31 4 21 4 49 31 4 35 4 76 43 4 94 10 4 28 4 35 4 42 10 4 53 4 46 49 4 41 4 60 29 4 21 4 50 34 4 26 4 88 15 4 30 4 57 27 4 38 4 90 28 4 27 4 61 25 4 22 4 56 30 4 43 4 43 4 32 28 4 32 4 92 57 4 52 4 29 4 56 34 4 42 4 41 4 49 47 4 25 4 29 4 29 4 72 40 4 31 4 18 4 32 4 35 38 4 42 4 34 4 69 36 4 30 4 79 9 4 17 4 25 4 50 31 4 31 4 26 4 58 26 4 16 4 33 4 53 41 4 27 4 37 4 80 30 16 45 16 33 43 4 71 40 16 46 16 95 34 4 23 4 72 31 4 24 4 27 4 55 31 4 28 4 26 4 34 4 50 33 4 39 4 62 32 4 30 4 45 4 18 4 48 28 4 38 4 39 4 70 18 4 31 4 25 4 55 50 4 36 4 30 4 73 15 4 23 4 41 4 42 28 4 29 4 39 4 47 4 82 41 4 25 4 39 4 37 4 51 38 4 40 4 37 4 64 38 4 29 4 43 4 48 47 4 37 4 41 4 
iteration 343 best: 1.13968 time: 110445
84 29 4 23 4 18 4 66 25 4 42 4 10 54 4 33 4 19 4 67 13 4 19 4 35 4 95 41 4 26 4 17 4 83 24 4 22 4 20 4 32 4 25 36 4 50 4 29 4 46 27 4 36 4 37 33 4 36 4 39 10 4 32 4 26 4 32 4 45 25 4 37 4 47 46 4 40 4 74 39 4 26 4 44 4 25 4 36 4 41 26 4 55 4 25 4 38 4 62 29 4 39 4 66 36 4 41 4 22 4 41 4 67 43 4 44 4 17 4 57 28 4 36 4 85 48 4 42 4 54 44 20 63 29 4 26 4 32 4 68 27 20 55 31 4 50 4 35 4 46 34 4 16 4 25 4 45 4 39 46 4 22 4 80 45 4 33 4 14 4 76 27 4 40 4 55 45 4 39 4 22 4 52 43 4 28 4 40 4 56 31 4 21 4 49 31 4 35 4 76 43 4 94 10 4 28 4 35 4 42 10 4 53 4 46 49 4 41 4 60 29 4 21 4 50 34 4 26 4 88 15 4 30 4 57 27 4 38 4 90 28 4 27 4 61 25 4 22 4 56 30 4 43 4 43 4 32 28 4 32 4 92 57 4 52 4 29 4 56 34 4 42 4 41 4 49 47 4 25 4 29 4 29 4 72 40 4 31 4 18 4 32 4 35 38 4 42 4 34 4 69 36 4 30 4 79 9 4 17 4 25 4 50 31 4 31 4 26 4 58 26 4 16 4 33 4 53 41 4 27 4 37 4 80 30 16 45 16 33 43 4 71 40 16 46 16 95 34 4 23 4 72 31 4 24 4 27 4 55 31 4 28 4 26 4 34 4 50 33 4 39 4 62 32 4 30 4 45 4 18 4 48 28 4 38 4 39 4 70 18 4 31 4 25 4 55 50 4 36 4 30 4 73 15 4 23 4 41 4 42 28 4 29 4 39 4 47 4 82 41 4 25 4 39 4 37 4 51 38 4 40 4 37 4 64 38 4 29 4 43 4 48 47 4 37 4 41 4 
iteration 366 best: 1.13968 time: 117801
84 29 4 23 4 18 4 66 25 4 42 4 10 54 4 33 4 19 4 67 13 4 19 4 35 4 95 41 4 26 4 17 4 83 24 4 22 4 20 4 32 4 25 36 4 50 4 29 4 46 27 4 36 4 37 33 4 36 4 39 10 4 32 4 26 4 32 4 45 25 4 37 4 47 46 4 40 4 74 39 4 26 4 44 4 25 4 36 4 41 26 4 55 4 25 4 38 4 62 29 4 39 4 66 36 4 41 4 22 4 41 4 67 43 4 44 4 17 4 57 28 4 36 4 85 48 4 42 4 54 44 20 63 29 4 26 4 32 4 68 27 20 55 31 4 50 4 35 4 46 34 4 16 4 25 4 45 4 39 46 4 22 4 80 45 4 33 4 14 4 76 27 4 40 4 55 45 4 39 4 22 4 52 43 4 28 4 40 4 56 31 4 21 4 49 31 4 35 4 76 43 4 94 10 4 28 4 35 4 42 10 4 53 4 46 49 4 41 4 60 29 4 21 4 50 34 4 26 4 88 15 4 30 4 57 27 4 38 4 90 28 4 27 4 61 25 4 22 4 56 30 4 43 4 43 4 32 28 4 32 4 92 57 4 52 4 29 4 56 34 4 42 4 41 4 49 47 4 25 4 29 4 29 4 72 40 4 31 4 18 4 32 4 35 38 4 42 4 34 4 69 36 4 30 4 79 9 4 17 4 25 4 50 31 4 31 4 26 4 58 26 4 16 4 33 4 53 41 4 27 4 37 4 80 30 16 45 16 33 43 4 71 40 16 46 16 95 34 4 23 4 72 31 4 24 4 27 4 55 31 4 28 4 26 4 34 4 50 33 4 39 4 62 32 4 30 4 45 4 18 4 48 28 4 38 4 39 4 70 18 4 31 4 25 4 55 50 4 36 4 30 4 73 15 4 23 4 41 4 42 28 4 29 4 39 4 47 4 82 41 4 25 4 39 4 37 4 51 38 4 40 4 37 4 64 38 4 29 4 43 4 48 47 4 37 4 41 4 
iteration 389 best: 1.13968 time: 125151
84 29 4 23 4 18 4 66 25 4 42 4 10 54 4 33 4 19 4 67 13 4 19 4 35 4 95 41 4 26 4 17 4 83 24 4 22 4 20 4 32 4 25 36 4 50 4 29 4 46 27 4 36 4 37 33 4 36 4 39 10 4 32 4 26 4 32 4 45 25 4 37 4 47 46 4 40 4 74 39 4 26 4 44 4 25 4 36 4 41 26 4 55 4 25 4 38 4 62 29 4 39 4 66 36 4 41 4 22 4 41 4 67 43 4 44 4 17 4 57 28 4 36 4 85 48 4 42 4 54 44 20 63 29 4 26 4 32 4 68 27 20 55 31 4 50 4 35 4 46 34 4 16 4 25 4 45 4 39 46 4 22 4 80 45 4 33 4 14 4 76 27 4 40 4 55 45 4 39 4 22 4 52 43 4 28 4 40 4 56 31 4 21 4 49 31 4 35 4 76 43 4 94 10 4 28 4 35 4 42 10 4 53 4 46 49 4 41 4 60 29 4 21 4 50 34 4 26 4 88 15 4 30 4 57 27 4 38 4 90 28 4 27 4 61 25 4 22 4 56 30 4 43 4 43 4 32 28 4 32 4 92 57 4 52 4 29 4 56 34 4 42 4 41 4 49 47 4 25 4 29 4 29 4 72 40 4 31 4 18 4 32 4 35 38 4 42 4 34 4 69 36 4 30 4 79 9 4 17 4 25 4 50 31 4 31 4 26 4 58 26 4 16 4 33 4 53 41 4 27 4 37 4 80 30 16 45 16 33 43 4 71 40 16 46 16 95 34 4 23 4 72 31 4 24 4 27 4 55 31 4 28 4 26 4 34 4 50 33 4 39 4 62 32 4 30 4 45 4 18 4 48 28 4 38 4 39 4 70 18 4 31 4 25 4 55 50 4 36 4 30 4 73 15 4 23 4 41 4 42 28 4 29 4 39 4 47 4 82 41 4 25 4 39 4 37 4 51 38 4 40 4 37 4 64 38 4 29 4 43 4 48 47 4 37 4 41 4 
iteration 412 best: 1.13968 time: 132503
84 29 4 23 4 18 4 66 25 4 42 4 10 54 4 33 4 19 4 67 13 4 19 4 35 4 95 41 4 26 4 17 4 83 24 4 22 4 20 4 32 4 25 36 4 50 4 29 4 46 27 4 36 4 37 33 4 36 4 39 10 4 32 4 26 4 32 4 45 25 4 37 4 47 46 4 40 4 74 39 4 26 4 44 4 25 4 36 4 41 26 4 55 4 25 4 38 4 62 29 4 39 4 66 36 4 41 4 22 4 41 4 67 43 4 44 4 17 4 57 28 4 36 4 85 48 4 42 4 54 44 20 63 29 4 26 4 32 4 68 27 20 55 31 4 50 4 35 4 46 34 4 16 4 25 4 45 4 39 46 4 22 4 80 45 4 33 4 14 4 76 27 4 40 4 55 45 4 39 4 22 4 52 43 4 28 4 40 4 56 31 4 21 4 49 31 4 35 4 76 43 4 94 10 4 28 4 35 4 42 10 4 53 4 46 49 4 41 4 60 29 4 21 4 50 34 4 26 4 88 15 4 30 4 57 27 4 38 4 90 28 4 27 4 61 25 4 22 4 56 30 4 43 4 43 4 32 28 4 32 4 92 57 4 52 4 29 4 56 34 4 42 4 41 4 49 47 4 25 4 29 4 29 4 72 40 4 31 4 18 4 32 4 35 38 4 42 4 34 4 69 36 4 30 4 79 9 4 17 4 25 4 50 31 4 31 4 26 4 58 26 4 16 4 33 4 53 41 4 27 4 37 4 80 30 16 45 16 33 43 4 71 40 16 46 16 95 34 4 23 4 72 31 4 24 4 27 4 55 31 4 28 4 26 4 34 4 50 33 4 39 4 62 32 4 30 4 45 4 18 4 48 28 4 38 4 39 4 70 18 4 31 4 25 4 55 50 4 36 4 30 4 73 15 4 23 4 41 4 42 28 4 29 4 39 4 47 4 82 41 4 25 4 39 4 37 4 51 38 4 40 4 37 4 64 38 4 29 4 43 4 48 47 4 37 4 41 4 
iteration 435 best: 1.13968 time: 139851
84 29 4 23 4 18 4 66 25 4 42 4 10 54 4 33 4 19 4 67 13 4 19 4 35 4 95 41 4 26 4 17 4 83 24 4 22 4 20 4 32 4 25 36 4 50 4 29 4 46 27 4 36 4 37 33 4 36 4 39 10 4 32 4 26 4 32 4 45 25 4 37 4 47 46 4 40 4 74 39 4 26 4 44 4 25 4 36 4 41 26 4 55 4 25 4 38 4 62 29 4 39 4 66 36 4 41 4 22 4 41 4 67 43 4 44 4 17 4 57 28 4 36 4 85 48 4 42 4 54 44 20 63 29 4 26 4 32 4 68 27 20 55 31 4 50 4 35 4 46 34 4 16 4 25 4 45 4 39 46 4 22 4 80 45 4 33 4 14 4 76 27 4 40 4 55 45 4 39 4 22 4 52 43 4 28 4 40 4 56 31 4 21 4 49 31 4 35 4 76 43 4 94 10 4 28 4 35 4 42 10 4 53 4 46 49 4 41 4 60 29 4 21 4 50 34 4 26 4 88 15 4 30 4 57 27 4 38 4 90 28 4 27 4 61 25 4 22 4 56 30 4 43 4 43 4 32 28 4 32 4 92 57 4 52 4 29 4 56 34 4 42 4 41 4 49 47 4 25 4 29 4 29 4 72 40 4 31 4 18 4 32 4 35 38 4 42 4 34 4 69 36 4 30 4 79 9 4 17 4 25 4 50 31 4 31 4 26 4 58 26 4 16 4 33 4 53 41 4 27 4 37 4 80 30 16 45 16 33 43 4 71 40 16 46 16 95 34 4 23 4 72 31 4 24 4 27 4 55 31 4 28 4 26 4 34 4 50 33 4 39 4 62 32 4 30 4 45 4 18 4 48 28 4 38 4 39 4 70 18 4 31 4 25 4 55 50 4 36 4 30 4 73 15 4 23 4 41 4 42 28 4 29 4 39 4 47 4 82 41 4 25 4 39 4 37 4 51 38 4 40 4 37 4 64 38 4 29 4 43 4 48 47 4 37 4 41 4 
iteration 458 best: 1.13968 time: 147181
84 29 4 23 4 18 4 66 25 4 42 4 10 54 4 33 4 19 4 67 13 4 19 4 35 4 95 41 4 26 4 17 4 83 24 4 22 4 20 4 32 4 25 36 4 50 4 29 4 46 27 4 36 4 37 33 4 36 4 39 10 4 32 4 26 4 32 4 45 25 4 37 4 47 46 4 40 4 74 39 4 26 4 44 4 25 4 36 4 41 26 4 55 4 25 4 38 4 62 29 4 39 4 66 36 4 41 4 22 4 41 4 67 43 4 44 4 17 4 57 28 4 36 4 85 48 4 42 4 54 44 20 63 29 4 26 4 32 4 68 27 20 55 31 4 50 4 35 4 46 34 4 16 4 25 4 45 4 39 46 4 22 4 80 45 4 33 4 14 4 76 27 4 40 4 55 45 4 39 4 22 4 52 43 4 28 4 40 4 56 31 4 21 4 49 31 4 35 4 76 43 4 94 10 4 28 4 35 4 42 10 4 53 4 46 49 4 41 4 60 29 4 21 4 50 34 4 26 4 88 15 4 30 4 57 27 4 38 4 90 28 4 27 4 61 25 4 22 4 56 30 4 43 4 43 4 32 28 4 32 4 92 57 4 52 4 29 4 56 34 4 42 4 41 4 49 47 4 25 4 29 4 29 4 72 40 4 31 4 18 4 32 4 35 38 4 42 4 34 4 69 36 4 30 4 79 9 4 17 4 25 4 50 31 4 31 4 26 4 58 26 4 16 4 33 4 53 41 4 27 4 37 4 80 30 16 45 16 33 43 4 71 40 16 46 16 95 34 4 23 4 72 31 4 24 4 27 4 55 31 4 28 4 26 4 34 4 50 33 4 39 4 62 32 4 30 4 45 4 18 4 48 28 4 38 4 39 4 70 18 4 31 4 25 4 55 50 4 36 4 30 4 73 15 4 23 4 41 4 42 28 4 29 4 39 4 47 4 82 41 4 25 4 39 4 37 4 51 38 4 40 4 37 4 64 38 4 29 4 43 4 48 47 4 37 4 41 4 
iteration 481 best: 1.13968 time: 154538
84 29 4 23 4 18 4 66 25 4 42 4 10 54 4 33 4 19 4 67 13 4 19 4 35 4 95 41 4 26 4 17 4 83 24 4 22 4 20 4 32 4 25 36 4 50 4 29 4 46 27 4 36 4 37 33 4 36 4 39 10 4 32 4 26 4 32 4 45 25 4 37 4 47 46 4 40 4 74 39 4 26 4 44 4 25 4 36 4 41 26 4 55 4 25 4 38 4 62 29 4 39 4 66 36 4 41 4 22 4 41 4 67 43 4 44 4 17 4 57 28 4 36 4 85 48 4 42 4 54 44 20 63 29 4 26 4 32 4 68 27 20 55 31 4 50 4 35 4 46 34 4 16 4 25 4 45 4 39 46 4 22 4 80 45 4 33 4 14 4 76 27 4 40 4 55 45 4 39 4 22 4 52 43 4 28 4 40 4 56 31 4 21 4 49 31 4 35 4 76 43 4 94 10 4 28 4 35 4 42 10 4 53 4 46 49 4 41 4 60 29 4 21 4 50 34 4 26 4 88 15 4 30 4 57 27 4 38 4 90 28 4 27 4 61 25 4 22 4 56 30 4 43 4 43 4 32 28 4 32 4 92 57 4 52 4 29 4 56 34 4 42 4 41 4 49 47 4 25 4 29 4 29 4 72 40 4 31 4 18 4 32 4 35 38 4 42 4 34 4 69 36 4 30 4 79 9 4 17 4 25 4 50 31 4 31 4 26 4 58 26 4 16 4 33 4 53 41 4 27 4 37 4 80 30 16 45 16 33 43 4 71 40 16 46 16 95 34 4 23 4 72 31 4 24 4 27 4 55 31 4 28 4 26 4 34 4 50 33 4 39 4 62 32 4 30 4 45 4 18 4 48 28 4 38 4 39 4 70 18 4 31 4 25 4 55 50 4 36 4 30 4 73 15 4 23 4 41 4 42 28 4 29 4 39 4 47 4 82 41 4 25 4 39 4 37 4 51 38 4 40 4 37 4 64 38 4 29 4 43 4 48 47 4 37 4 41 4 
iteration 504 best: 1.13968 time: 161899
84 29 4 23 4 18 4 66 25 4 42 4 10 54 4 33 4 19 4 67 13 4 19 4 35 4 95 41 4 26 4 17 4 83 24 4 22 4 20 4 32 4 25 36 4 50 4 29 4 46 27 4 36 4 37 33 4 36 4 39 10 4 32 4 26 4 32 4 45 25 4 37 4 47 46 4 40 4 74 39 4 26 4 44 4 25 4 36 4 41 26 4 55 4 25 4 38 4 62 29 4 39 4 66 36 4 41 4 22 4 41 4 67 43 4 44 4 17 4 57 28 4 36 4 85 48 4 42 4 54 44 20 63 29 4 26 4 32 4 68 27 20 55 31 4 50 4 35 4 46 34 4 16 4 25 4 45 4 39 46 4 22 4 80 45 4 33 4 14 4 76 27 4 40 4 55 45 4 39 4 22 4 52 43 4 28 4 40 4 56 31 4 21 4 49 31 4 35 4 76 43 4 94 10 4 28 4 35 4 42 10 4 53 4 46 49 4 41 4 60 29 4 21 4 50 34 4 26 4 88 15 4 30 4 57 27 4 38 4 90 28 4 27 4 61 25 4 22 4 56 30 4 43 4 43 4 32 28 4 32 4 92 57 4 52 4 29 4 56 34 4 42 4 41 4 49 47 4 25 4 29 4 29 4 72 40 4 31 4 18 4 32 4 35 38 4 42 4 34 4 69 36 4 30 4 79 9 4 17 4 25 4 50 31 4 31 4 26 4 58 26 4 16 4 33 4 53 41 4 27 4 37 4 80 30 16 45 16 33 43 4 71 40 16 46 16 95 34 4 23 4 72 31 4 24 4 27 4 55 31 4 28 4 26 4 34 4 50 33 4 39 4 62 32 4 30 4 45 4 18 4 48 28 4 38 4 39 4 70 18 4 31 4 25 4 55 50 4 36 4 30 4 73 15 4 23 4 41 4 42 28 4 29 4 39 4 47 4 82 41 4 25 4 39 4 37 4 51 38 4 40 4 37 4 64 38 4 29 4 43 4 48 47 4 37 4 41 4 
iteration 527 best: 1.13968 time: 169264
84 29 4 23 4 18 4 66 25 4 42 4 10 54 4 33 4 19 4 67 13 4 19 4 35 4 95 41 4 26 4 17 4 83 24 4 22 4 20 4 32 4 25 36 4 50 4 29 4 46 27 4 36 4 37 33 4 36 4 39 10 4 32 4 26 4 32 4 45 25 4 37 4 47 46 4 40 4 74 39 4 26 4 44 4 25 4 36 4 41 26 4 55 4 25 4 38 4 62 29 4 39 4 66 36 4 41 4 22 4 41 4 67 43 4 44 4 17 4 57 28 4 36 4 85 48 4 42 4 54 44 20 63 29 4 26 4 32 4 68 27 20 55 31 4 50 4 35 4 46 34 4 16 4 25 4 45 4 39 46 4 22 4 80 45 4 33 4 14 4 76 27 4 40 4 55 45 4 39 4 22 4 52 43 4 28 4 40 4 56 31 4 21 4 49 31 4 35 4 76 43 4 94 10 4 28 4 35 4 42 10 4 53 4 46 49 4 41 4 60 29 4 21 4 50 34 4 26 4 88 15 4 30 4 57 27 4 38 4 90 28 4 27 4 61 25 4 22 4 56 30 4 43 4 43 4 32 28 4 32 4 92 57 4 52 4 29 4 56 34 4 42 4 41 4 49 47 4 25 4 29 4 29 4 72 40 4 31 4 18 4 32 4 35 38 4 42 4 34 4 69 36 4 30 4 79 9 4 17 4 25 4 50 31 4 31 4 26 4 58 26 4 16 4 33 4 53 41 4 27 4 37 4 80 30 16 45 16 33 43 4 71 40 16 46 16 95 34 4 23 4 72 31 4 24 4 27 4 55 31 4 28 4 26 4 34 4 50 33 4 39 4 62 32 4 30 4 45 4 18 4 48 28 4 38 4 39 4 70 18 4 31 4 25 4 55 50 4 36 4 30 4 73 15 4 23 4 41 4 42 28 4 29 4 39 4 47 4 82 41 4 25 4 39 4 37 4 51 38 4 40 4 37 4 64 38 4 29 4 43 4 48 47 4 37 4 41 4 
iteration 550 best: 1.13968 time: 176624
84 29 4 23 4 18 4 66 25 4 42 4 10 54 4 33 4 19 4 67 13 4 19 4 35 4 95 41 4 26 4 17 4 83 24 4 22 4 20 4 32 4 25 36 4 50 4 29 4 46 27 4 36 4 37 33 4 36 4 39 10 4 32 4 26 4 32 4 45 25 4 37 4 47 46 4 40 4 74 39 4 26 4 44 4 25 4 36 4 41 26 4 55 4 25 4 38 4 62 29 4 39 4 66 36 4 41 4 22 4 41 4 67 43 4 44 4 17 4 57 28 4 36 4 85 48 4 42 4 54 44 20 63 29 4 26 4 32 4 68 27 20 55 31 4 50 4 35 4 46 34 4 16 4 25 4 45 4 39 46 4 22 4 80 45 4 33 4 14 4 76 27 4 40 4 55 45 4 39 4 22 4 52 43 4 28 4 40 4 56 31 4 21 4 49 31 4 35 4 76 43 4 94 10 4 28 4 35 4 42 10 4 53 4 46 49 4 41 4 60 29 4 21 4 50 34 4 26 4 88 15 4 30 4 57 27 4 38 4 90 28 4 27 4 61 25 4 22 4 56 30 4 43 4 43 4 32 28 4 32 4 92 57 4 52 4 29 4 56 34 4 42 4 41 4 49 47 4 25 4 29 4 29 4 72 40 4 31 4 18 4 32 4 35 38 4 42 4 34 4 69 36 4 30 4 79 9 4 17 4 25 4 50 31 4 31 4 26 4 58 26 4 16 4 33 4 53 41 4 27 4 37 4 80 30 16 45 16 33 43 4 71 40 16 46 16 95 34 4 23 4 72 31 4 24 4 27 4 55 31 4 28 4 26 4 34 4 50 33 4 39 4 62 32 4 30 4 45 4 18 4 48 28 4 38 4 39 4 70 18 4 31 4 25 4 55 50 4 36 4 30 4 73 15 4 23 4 41 4 42 28 4 29 4 39 4 47 4 82 41 4 25 4 39 4 37 4 51 38 4 40 4 37 4 64 38 4 29 4 43 4 48 47 4 37 4 41 4 
iteration 573 best: 1.13968 time: 183980
84 29 4 23 4 18 4 66 25 4 42 4 10 54 4 33 4 19 4 67 13 4 19 4 35 4 95 41 4 26 4 17 4 83 24 4 22 4 20 4 32 4 25 36 4 50 4 29 4 46 27 4 36 4 37 33 4 36 4 39 10 4 32 4 26 4 32 4 45 25 4 37 4 47 46 4 40 4 74 39 4 26 4 44 4 25 4 36 4 41 26 4 55 4 25 4 38 4 62 29 4 39 4 66 36 4 41 4 22 4 41 4 67 43 4 44 4 17 4 57 28 4 36 4 85 48 4 42 4 54 44 20 63 29 4 26 4 32 4 68 27 20 55 31 4 50 4 35 4 46 34 4 16 4 25 4 45 4 39 46 4 22 4 80 45 4 33 4 14 4 76 27 4 40 4 55 45 4 39 4 22 4 52 43 4 28 4 40 4 56 31 4 21 4 49 31 4 35 4 76 43 4 94 10 4 28 4 35 4 42 10 4 53 4 46 49 4 41 4 60 29 4 21 4 50 34 4 26 4 88 15 4 30 4 57 27 4 38 4 90 28 4 27 4 61 25 4 22 4 56 30 4 43 4 43 4 32 28 4 32 4 92 57 4 52 4 29 4 56 34 4 42 4 41 4 49 47 4 25 4 29 4 29 4 72 40 4 31 4 18 4 32 4 35 38 4 42 4 34 4 69 36 4 30 4 79 9 4 17 4 25 4 50 31 4 31 4 26 4 58 26 4 16 4 33 4 53 41 4 27 4 37 4 80 30 16 45 16 33 43 4 71 40 16 46 16 95 34 4 23 4 72 31 4 24 4 27 4 55 31 4 28 4 26 4 34 4 50 33 4 39 4 62 32 4 30 4 45 4 18 4 48 28 4 38 4 39 4 70 18 4 31 4 25 4 55 50 4 36 4 30 4 73 15 4 23 4 41 4 42 28 4 29 4 39 4 47 4 82 41 4 25 4 39 4 37 4 51 38 4 40 4 37 4 64 38 4 29 4 43 4 48 47 4 37 4 41 4 
iteration 596 best: 1.13968 time: 191317
84 29 4 23 4 18 4 66 25 4 42 4 10 54 4 33 4 19 4 67 13 4 19 4 35 4 95 41 4 26 4 17 4 83 24 4 22 4 20 4 32 4 25 36 4 50 4 29 4 46 27 4 36 4 37 33 4 36 4 39 10 4 32 4 26 4 32 4 45 25 4 37 4 47 46 4 40 4 74 39 4 26 4 44 4 25 4 36 4 41 26 4 55 4 25 4 38 4 62 29 4 39 4 66 36 4 41 4 22 4 41 4 67 43 4 44 4 17 4 57 28 4 36 4 85 48 4 42 4 54 44 20 63 29 4 26 4 32 4 68 27 20 55 31 4 50 4 35 4 46 34 4 16 4 25 4 45 4 39 46 4 22 4 80 45 4 33 4 14 4 76 27 4 40 4 55 45 4 39 4 22 4 52 43 4 28 4 40 4 56 31 4 21 4 49 31 4 35 4 76 43 4 94 10 4 28 4 35 4 42 10 4 53 4 46 49 4 41 4 60 29 4 21 4 50 34 4 26 4 88 15 4 30 4 57 27 4 38 4 90 28 4 27 4 61 25 4 22 4 56 30 4 43 4 43 4 32 28 4 32 4 92 57 4 52 4 29 4 56 34 4 42 4 41 4 49 47 4 25 4 29 4 29 4 72 40 4 31 4 18 4 32 4 35 38 4 42 4 34 4 69 36 4 30 4 79 9 4 17 4 25 4 50 31 4 31 4 26 4 58 26 4 16 4 33 4 53 41 4 27 4 37 4 80 30 16 45 16 33 43 4 71 40 16 46 16 95 34 4 23 4 72 31 4 24 4 27 4 55 31 4 28 4 26 4 34 4 50 33 4 39 4 62 32 4 30 4 45 4 18 4 48 28 4 38 4 39 4 70 18 4 31 4 25 4 55 50 4 36 4 30 4 73 15 4 23 4 41 4 42 28 4 29 4 39 4 47 4 82 41 4 25 4 39 4 37 4 51 38 4 40 4 37 4 64 38 4 29 4 43 4 48 47 4 37 4 41 4 
iteration 619 best: 1.13968 time: 198651
84 29 4 23 4 18 4 66 25 4 42 4 10 54 4 33 4 19 4 67 13 4 19 4 35 4 95 41 4 26 4 17 4 83 24 4 22 4 20 4 32 4 25 36 4 50 4 29 4 46 27 4 36 4 37 33 4 36 4 39 10 4 32 4 26 4 32 4 45 25 4 37 4 47 46 4 40 4 74 39 4 26 4 44 4 25 4 36 4 41 26 4 55 4 25 4 38 4 62 29 4 39 4 66 36 4 41 4 22 4 41 4 67 43 4 44 4 17 4 57 28 4 36 4 85 48 4 42 4 54 44 20 63 29 4 26 4 32 4 68 27 20 55 31 4 50 4 35 4 46 34 4 16 4 25 4 45 4 39 46 4 22 4 80 45 4 33 4 14 4 76 27 4 40 4 55 45 4 39 4 22 4 52 43 4 28 4 40 4 56 31 4 21 4 49 31 4 35 4 76 43 4 94 10 4 28 4 35 4 42 10 4 53 4 46 49 4 41 4 60 29 4 21 4 50 34 4 26 4 88 15 4 30 4 57 27 4 38 4 90 28 4 27 4 61 25 4 22 4 56 30 4 43 4 43 4 32 28 4 32 4 92 57 4 52 4 29 4 56 34 4 42 4 41 4 49 47 4 25 4 29 4 29 4 72 40 4 31 4 18 4 32 4 35 38 4 42 4 34 4 69 36 4 30 4 79 9 4 17 4 25 4 50 31 4 31 4 26 4 58 26 4 16 4 33 4 53 41 4 27 4 37 4 80 30 16 45 16 33 43 4 71 40 16 46 16 95 34 4 23 4 72 31 4 24 4 27 4 55 31 4 28 4 26 4 34 4 50 33 4 39 4 62 32 4 30 4 45 4 18 4 48 28 4 38 4 39 4 70 18 4 31 4 25 4 55 50 4 36 4 30 4 73 15 4 23 4 41 4 42 28 4 29 4 39 4 47 4 82 41 4 25 4 39 4 37 4 51 38 4 40 4 37 4 64 38 4 29 4 43 4 48 47 4 37 4 41 4 
iteration 642 best: 1.13968 time: 205977
84 29 4 23 4 18 4 66 25 4 42 4 10 54 4 33 4 19 4 67 13 4 19 4 35 4 95 41 4 26 4 17 4 83 24 4 22 4 20 4 32 4 25 36 4 50 4 29 4 46 27 4 36 4 37 33 4 36 4 39 10 4 32 4 26 4 32 4 45 25 4 37 4 47 46 4 40 4 74 39 4 26 4 44 4 25 4 36 4 41 26 4 55 4 25 4 38 4 62 29 4 39 4 66 36 4 41 4 22 4 41 4 67 43 4 44 4 17 4 57 28 4 36 4 85 48 4 42 4 54 44 20 63 29 4 26 4 32 4 68 27 20 55 31 4 50 4 35 4 46 34 4 16 4 25 4 45 4 39 46 4 22 4 80 45 4 33 4 14 4 76 27 4 40 4 55 45 4 39 4 22 4 52 43 4 28 4 40 4 56 31 4 21 4 49 31 4 35 4 76 43 4 94 10 4 28 4 35 4 42 10 4 53 4 46 49 4 41 4 60 29 4 21 4 50 34 4 26 4 88 15 4 30 4 57 27 4 38 4 90 28 4 27 4 61 25 4 22 4 56 30 4 43 4 43 4 32 28 4 32 4 92 57 4 52 4 29 4 56 34 4 42 4 41 4 49 47 4 25 4 29 4 29 4 72 40 4 31 4 18 4 32 4 35 38 4 42 4 34 4 69 36 4 30 4 79 9 4 17 4 25 4 50 31 4 31 4 26 4 58 26 4 16 4 33 4 53 41 4 27 4 37 4 80 30 16 45 16 33 43 4 71 40 16 46 16 95 34 4 23 4 72 31 4 24 4 27 4 55 31 4 28 4 26 4 34 4 50 33 4 39 4 62 32 4 30 4 45 4 18 4 48 28 4 38 4 39 4 70 18 4 31 4 25 4 55 50 4 36 4 30 4 73 15 4 23 4 41 4 42 28 4 29 4 39 4 47 4 82 41 4 25 4 39 4 37 4 51 38 4 40 4 37 4 64 38 4 29 4 43 4 48 47 4 37 4 41 4 
iteration 665 best: 1.13968 time: 213324
84 29 4 23 4 18 4 66 25 4 42 4 10 54 4 33 4 19 4 67 13 4 19 4 35 4 95 41 4 26 4 17 4 83 24 4 22 4 20 4 32 4 25 36 4 50 4 29 4 46 27 4 36 4 37 33 4 36 4 39 10 4 32 4 26 4 32 4 45 25 4 37 4 47 46 4 40 4 74 39 4 26 4 44 4 25 4 36 4 41 26 4 55 4 25 4 38 4 62 29 4 39 4 66 36 4 41 4 22 4 41 4 67 43 4 44 4 17 4 57 28 4 36 4 85 48 4 42 4 54 44 20 63 29 4 26 4 32 4 68 27 20 55 31 4 50 4 35 4 46 34 4 16 4 25 4 45 4 39 46 4 22 4 80 45 4 33 4 14 4 76 27 4 40 4 55 45 4 39 4 22 4 52 43 4 28 4 40 4 56 31 4 21 4 49 31 4 35 4 76 43 4 94 10 4 28 4 35 4 42 10 4 53 4 46 49 4 41 4 60 29 4 21 4 50 34 4 26 4 88 15 4 30 4 57 27 4 38 4 90 28 4 27 4 61 25 4 22 4 56 30 4 43 4 43 4 32 28 4 32 4 92 57 4 52 4 29 4 56 34 4 42 4 41 4 49 47 4 25 4 29 4 29 4 72 40 4 31 4 18 4 32 4 35 38 4 42 4 34 4 69 36 4 30 4 79 9 4 17 4 25 4 50 31 4 31 4 26 4 58 26 4 16 4 33 4 53 41 4 27 4 37 4 80 30 16 45 16 33 43 4 71 40 16 46 16 95 34 4 23 4 72 31 4 24 4 27 4 55 31 4 28 4 26 4 34 4 50 33 4 39 4 62 32 4 30 4 45 4 18 4 48 28 4 38 4 39 4 70 18 4 31 4 25 4 55 50 4 36 4 30 4 73 15 4 23 4 41 4 42 28 4 29 4 39 4 47 4 82 41 4 25 4 39 4 37 4 51 38 4 40 4 37 4 64 38 4 29 4 43 4 48 47 4 37 4 41 4 
iteration 688 best: 1.13968 time: 220685
84 29 4 23 4 18 4 66 25 4 42 4 10 54 4 33 4 19 4 67 13 4 19 4 35 4 95 41 4 26 4 17 4 83 24 4 22 4 20 4 32 4 25 36 4 50 4 29 4 46 27 4 36 4 37 33 4 36 4 39 10 4 32 4 26 4 32 4 45 25 4 37 4 47 46 4 40 4 74 39 4 26 4 44 4 25 4 36 4 41 26 4 55 4 25 4 38 4 62 29 4 39 4 66 36 4 41 4 22 4 41 4 67 43 4 44 4 17 4 57 28 4 36 4 85 48 4 42 4 54 44 20 63 29 4 26 4 32 4 68 27 20 55 31 4 50 4 35 4 46 34 4 16 4 25 4 45 4 39 46 4 22 4 80 45 4 33 4 14 4 76 27 4 40 4 55 45 4 39 4 22 4 52 43 4 28 4 40 4 56 31 4 21 4 49 31 4 35 4 76 43 4 94 10 4 28 4 35 4 42 10 4 53 4 46 49 4 41 4 60 29 4 21 4 50 34 4 26 4 88 15 4 30 4 57 27 4 38 4 90 28 4 27 4 61 25 4 22 4 56 30 4 43 4 43 4 32 28 4 32 4 92 57 4 52 4 29 4 56 34 4 42 4 41 4 49 47 4 25 4 29 4 29 4 72 40 4 31 4 18 4 32 4 35 38 4 42 4 34 4 69 36 4 30 4 79 9 4 17 4 25 4 50 31 4 31 4 26 4 58 26 4 16 4 33 4 53 41 4 27 4 37 4 80 30 16 45 16 33 43 4 71 40 16 46 16 95 34 4 23 4 72 31 4 24 4 27 4 55 31 4 28 4 26 4 34 4 50 33 4 39 4 62 32 4 30 4 45 4 18 4 48 28 4 38 4 39 4 70 18 4 31 4 25 4 55 50 4 36 4 30 4 73 15 4 23 4 41 4 42 28 4 29 4 39 4 47 4 82 41 4 25 4 39 4 37 4 51 38 4 40 4 37 4 64 38 4 29 4 43 4 48 47 4 37 4 41 4 
iteration 711 best: 1.13968 time: 228053
84 29 4 23 4 18 4 66 25 4 42 4 10 54 4 33 4 19 4 67 13 4 19 4 35 4 95 41 4 26 4 17 4 83 24 4 22 4 20 4 32 4 25 36 4 50 4 29 4 46 27 4 36 4 37 33 4 36 4 39 10 4 32 4 26 4 32 4 45 25 4 37 4 47 46 4 40 4 74 39 4 26 4 44 4 25 4 36 4 41 26 4 55 4 25 4 38 4 62 29 4 39 4 66 36 4 41 4 22 4 41 4 67 43 4 44 4 17 4 57 28 4 36 4 85 48 4 42 4 54 44 20 63 29 4 26 4 32 4 68 27 20 55 31 4 50 4 35 4 46 34 4 16 4 25 4 45 4 39 46 4 22 4 80 45 4 33 4 14 4 76 27 4 40 4 55 45 4 39 4 22 4 52 43 4 28 4 40 4 56 31 4 21 4 49 31 4 35 4 76 43 4 94 10 4 28 4 35 4 42 10 4 53 4 46 49 4 41 4 60 29 4 21 4 50 34 4 26 4 88 15 4 30 4 57 27 4 38 4 90 28 4 27 4 61 25 4 22 4 56 30 4 43 4 43 4 32 28 4 32 4 92 57 4 52 4 29 4 56 34 4 42 4 41 4 49 47 4 25 4 29 4 29 4 72 40 4 31 4 18 4 32 4 35 38 4 42 4 34 4 69 36 4 30 4 79 9 4 17 4 25 4 50 31 4 31 4 26 4 58 26 4 16 4 33 4 53 41 4 27 4 37 4 80 30 16 45 16 33 43 4 71 40 16 46 16 95 34 4 23 4 72 31 4 24 4 27 4 55 31 4 28 4 26 4 34 4 50 33 4 39 4 62 32 4 30 4 45 4 18 4 48 28 4 38 4 39 4 70 18 4 31 4 25 4 55 50 4 36 4 30 4 73 15 4 23 4 41 4 42 28 4 29 4 39 4 47 4 82 41 4 25 4 39 4 37 4 51 38 4 40 4 37 4 64 38 4 29 4 43 4 48 47 4 37 4 41 4 
iteration 734 best: 1.13968 time: 235451
84 29 4 23 4 18 4 66 25 4 42 4 10 54 4 33 4 19 4 67 13 4 19 4 35 4 95 41 4 26 4 17 4 83 24 4 22 4 20 4 32 4 25 36 4 50 4 29 4 46 27 4 36 4 37 33 4 36 4 39 10 4 32 4 26 4 32 4 45 25 4 37 4 47 46 4 40 4 74 39 4 26 4 44 4 25 4 36 4 41 26 4 55 4 25 4 38 4 62 29 4 39 4 66 36 4 41 4 22 4 41 4 67 43 4 44 4 17 4 57 28 4 36 4 85 48 4 42 4 54 44 20 63 29 4 26 4 32 4 68 27 20 55 31 4 50 4 35 4 46 34 4 16 4 25 4 45 4 39 46 4 22 4 80 45 4 33 4 14 4 76 27 4 40 4 55 45 4 39 4 22 4 52 43 4 28 4 40 4 56 31 4 21 4 49 31 4 35 4 76 43 4 94 10 4 28 4 35 4 42 10 4 53 4 46 49 4 41 4 60 29 4 21 4 50 34 4 26 4 88 15 4 30 4 57 27 4 38 4 90 28 4 27 4 61 25 4 22 4 56 30 4 43 4 43 4 32 28 4 32 4 92 57 4 52 4 29 4 56 34 4 42 4 41 4 49 47 4 25 4 29 4 29 4 72 40 4 31 4 18 4 32 4 35 38 4 42 4 34 4 69 36 4 30 4 79 9 4 17 4 25 4 50 31 4 31 4 26 4 58 26 4 16 4 33 4 53 41 4 27 4 37 4 80 30 16 45 16 33 43 4 71 40 16 46 16 95 34 4 23 4 72 31 4 24 4 27 4 55 31 4 28 4 26 4 34 4 50 33 4 39 4 62 32 4 30 4 45 4 18 4 48 28 4 38 4 39 4 70 18 4 31 4 25 4 55 50 4 36 4 30 4 73 15 4 23 4 41 4 42 28 4 29 4 39 4 47 4 82 41 4 25 4 39 4 37 4 51 38 4 40 4 37 4 64 38 4 29 4 43 4 48 47 4 37 4 41 4 
iteration 757 best: 1.13968 time: 242829
84 29 4 23 4 18 4 66 25 4 42 4 10 54 4 33 4 19 4 67 13 4 19 4 35 4 95 41 4 26 4 17 4 83 24 4 22 4 20 4 32 4 25 36 4 50 4 29 4 46 27 4 36 4 37 33 4 36 4 39 10 4 32 4 26 4 32 4 45 25 4 37 4 47 46 4 40 4 74 39 4 26 4 44 4 25 4 36 4 41 26 4 55 4 25 4 38 4 62 29 4 39 4 66 36 4 41 4 22 4 41 4 67 43 4 44 4 17 4 57 28 4 36 4 85 48 4 42 4 54 44 20 63 29 4 26 4 32 4 68 27 20 55 31 4 50 4 35 4 46 34 4 16 4 25 4 45 4 39 46 4 22 4 80 45 4 33 4 14 4 76 27 4 40 4 55 45 4 39 4 22 4 52 43 4 28 4 40 4 56 31 4 21 4 49 31 4 35 4 76 43 4 94 10 4 28 4 35 4 42 10 4 53 4 46 49 4 41 4 60 29 4 21 4 50 34 4 26 4 88 15 4 30 4 57 27 4 38 4 90 28 4 27 4 61 25 4 22 4 56 30 4 43 4 43 4 32 28 4 32 4 92 57 4 52 4 29 4 56 34 4 42 4 41 4 49 47 4 25 4 29 4 29 4 72 40 4 31 4 18 4 32 4 35 38 4 42 4 34 4 69 36 4 30 4 79 9 4 17 4 25 4 50 31 4 31 4 26 4 58 26 4 16 4 33 4 53 41 4 27 4 37 4 80 30 16 45 16 33 43 4 71 40 16 46 16 95 34 4 23 4 72 31 4 24 4 27 4 55 31 4 28 4 26 4 34 4 50 33 4 39 4 62 32 4 30 4 45 4 18 4 48 28 4 38 4 39 4 70 18 4 31 4 25 4 55 50 4 36 4 30 4 73 15 4 23 4 41 4 42 28 4 29 4 39 4 47 4 82 41 4 25 4 39 4 37 4 51 38 4 40 4 37 4 64 38 4 29 4 43 4 48 47 4 37 4 41 4 
iteration 780 best: 1.13968 time: 250177
84 29 4 23 4 18 4 66 25 4 42 4 10 54 4 33 4 19 4 67 13 4 19 4 35 4 95 41 4 26 4 17 4 83 24 4 22 4 20 4 32 4 25 36 4 50 4 29 4 46 27 4 36 4 37 33 4 36 4 39 10 4 32 4 26 4 32 4 45 25 4 37 4 47 46 4 40 4 74 39 4 26 4 44 4 25 4 36 4 41 26 4 55 4 25 4 38 4 62 29 4 39 4 66 36 4 41 4 22 4 41 4 67 43 4 44 4 17 4 57 28 4 36 4 85 48 4 42 4 54 44 20 63 29 4 26 4 32 4 68 27 20 55 31 4 50 4 35 4 46 34 4 16 4 25 4 45 4 39 46 4 22 4 80 45 4 33 4 14 4 76 27 4 40 4 55 45 4 39 4 22 4 52 43 4 28 4 40 4 56 31 4 21 4 49 31 4 35 4 76 43 4 94 10 4 28 4 35 4 42 10 4 53 4 46 49 4 41 4 60 29 4 21 4 50 34 4 26 4 88 15 4 30 4 57 27 4 38 4 90 28 4 27 4 61 25 4 22 4 56 30 4 43 4 43 4 32 28 4 32 4 92 57 4 52 4 29 4 56 34 4 42 4 41 4 49 47 4 25 4 29 4 29 4 72 40 4 31 4 18 4 32 4 35 38 4 42 4 34 4 69 36 4 30 4 79 9 4 17 4 25 4 50 31 4 31 4 26 4 58 26 4 16 4 33 4 53 41 4 27 4 37 4 80 30 16 45 16 33 43 4 71 40 16 46 16 95 34 4 23 4 72 31 4 24 4 27 4 55 31 4 28 4 26 4 34 4 50 33 4 39 4 62 32 4 30 4 45 4 18 4 48 28 4 38 4 39 4 70 18 4 31 4 25 4 55 50 4 36 4 30 4 73 15 4 23 4 41 4 42 28 4 29 4 39 4 47 4 82 41 4 25 4 39 4 37 4 51 38 4 40 4 37 4 64 38 4 29 4 43 4 48 47 4 37 4 41 4 
iteration 803 best: 1.13968 time: 257527
84 29 4 23 4 18 4 66 25 4 42 4 10 54 4 33 4 19 4 67 13 4 19 4 35 4 95 41 4 26 4 17 4 83 24 4 22 4 20 4 32 4 25 36 4 50 4 29 4 46 27 4 36 4 37 33 4 36 4 39 10 4 32 4 26 4 32 4 45 25 4 37 4 47 46 4 40 4 74 39 4 26 4 44 4 25 4 36 4 41 26 4 55 4 25 4 38 4 62 29 4 39 4 66 36 4 41 4 22 4 41 4 67 43 4 44 4 17 4 57 28 4 36 4 85 48 4 42 4 54 44 20 63 29 4 26 4 32 4 68 27 20 55 31 4 50 4 35 4 46 34 4 16 4 25 4 45 4 39 46 4 22 4 80 45 4 33 4 14 4 76 27 4 40 4 55 45 4 39 4 22 4 52 43 4 28 4 40 4 56 31 4 21 4 49 31 4 35 4 76 43 4 94 10 4 28 4 35 4 42 10 4 53 4 46 49 4 41 4 60 29 4 21 4 50 34 4 26 4 88 15 4 30 4 57 27 4 38 4 90 28 4 27 4 61 25 4 22 4 56 30 4 43 4 43 4 32 28 4 32 4 92 57 4 52 4 29 4 56 34 4 42 4 41 4 49 47 4 25 4 29 4 29 4 72 40 4 31 4 18 4 32 4 35 38 4 42 4 34 4 69 36 4 30 4 79 9 4 17 4 25 4 50 31 4 31 4 26 4 58 26 4 16 4 33 4 53 41 4 27 4 37 4 80 30 16 45 16 33 43 4 71 40 16 46 16 95 34 4 23 4 72 31 4 24 4 27 4 55 31 4 28 4 26 4 34 4 50 33 4 39 4 62 32 4 30 4 45 4 18 4 48 28 4 38 4 39 4 70 18 4 31 4 25 4 55 50 4 36 4 30 4 73 15 4 23 4 41 4 42 28 4 29 4 39 4 47 4 82 41 4 25 4 39 4 37 4 51 38 4 40 4 37 4 64 38 4 29 4 43 4 48 47 4 37 4 41 4 
iteration 826 best: 1.13968 time: 264863
84 29 4 23 4 18 4 66 25 4 42 4 10 54 4 33 4 19 4 67 13 4 19 4 35 4 95 41 4 26 4 17 4 83 24 4 22 4 20 4 32 4 25 36 4 50 4 29 4 46 27 4 36 4 37 33 4 36 4 39 10 4 32 4 26 4 32 4 45 25 4 37 4 47 46 4 40 4 74 39 4 26 4 44 4 25 4 36 4 41 26 4 55 4 25 4 38 4 62 29 4 39 4 66 36 4 41 4 22 4 41 4 67 43 4 44 4 17 4 57 28 4 36 4 85 48 4 42 4 54 44 20 63 29 4 26 4 32 4 68 27 20 55 31 4 50 4 35 4 46 34 4 16 4 25 4 45 4 39 46 4 22 4 80 45 4 33 4 14 4 76 27 4 40 4 55 45 4 39 4 22 4 52 43 4 28 4 40 4 56 31 4 21 4 49 31 4 35 4 76 43 4 94 10 4 28 4 35 4 42 10 4 53 4 46 49 4 41 4 60 29 4 21 4 50 34 4 26 4 88 15 4 30 4 57 27 4 38 4 90 28 4 27 4 61 25 4 22 4 56 30 4 43 4 43 4 32 28 4 32 4 92 57 4 52 4 29 4 56 34 4 42 4 41 4 49 47 4 25 4 29 4 29 4 72 40 4 31 4 18 4 32 4 35 38 4 42 4 34 4 69 36 4 30 4 79 9 4 17 4 25 4 50 31 4 31 4 26 4 58 26 4 16 4 33 4 53 41 4 27 4 37 4 80 30 16 45 16 33 43 4 71 40 16 46 16 95 34 4 23 4 72 31 4 24 4 27 4 55 31 4 28 4 26 4 34 4 50 33 4 39 4 62 32 4 30 4 45 4 18 4 48 28 4 38 4 39 4 70 18 4 31 4 25 4 55 50 4 36 4 30 4 73 15 4 23 4 41 4 42 28 4 29 4 39 4 47 4 82 41 4 25 4 39 4 37 4 51 38 4 40 4 37 4 64 38 4 29 4 43 4 48 47 4 37 4 41 4 
iteration 849 best: 1.13968 time: 272208
84 29 4 23 4 18 4 66 25 4 42 4 10 54 4 33 4 19 4 67 13 4 19 4 35 4 95 41 4 26 4 17 4 83 24 4 22 4 20 4 32 4 25 36 4 50 4 29 4 46 27 4 36 4 37 33 4 36 4 39 10 4 32 4 26 4 32 4 45 25 4 37 4 47 46 4 40 4 74 39 4 26 4 44 4 25 4 36 4 41 26 4 55 4 25 4 38 4 62 29 4 39 4 66 36 4 41 4 22 4 41 4 67 43 4 44 4 17 4 57 28 4 36 4 85 48 4 42 4 54 44 20 63 29 4 26 4 32 4 68 27 20 55 31 4 50 4 35 4 46 34 4 16 4 25 4 45 4 39 46 4 22 4 80 45 4 33 4 14 4 76 27 4 40 4 55 45 4 39 4 22 4 52 43 4 28 4 40 4 56 31 4 21 4 49 31 4 35 4 76 43 4 94 10 4 28 4 35 4 42 10 4 53 4 46 49 4 41 4 60 29 4 21 4 50 34 4 26 4 88 15 4 30 4 57 27 4 38 4 90 28 4 27 4 61 25 4 22 4 56 30 4 43 4 43 4 32 28 4 32 4 92 57 4 52 4 29 4 56 34 4 42 4 41 4 49 47 4 25 4 29 4 29 4 72 40 4 31 4 18 4 32 4 35 38 4 42 4 34 4 69 36 4 30 4 79 9 4 17 4 25 4 50 31 4 31 4 26 4 58 26 4 16 4 33 4 53 41 4 27 4 37 4 80 30 16 45 16 33 43 4 71 40 16 46 16 95 34 4 23 4 72 31 4 24 4 27 4 55 31 4 28 4 26 4 34 4 50 33 4 39 4 62 32 4 30 4 45 4 18 4 48 28 4 38 4 39 4 70 18 4 31 4 25 4 55 50 4 36 4 30 4 73 15 4 23 4 41 4 42 28 4 29 4 39 4 47 4 82 41 4 25 4 39 4 37 4 51 38 4 40 4 37 4 64 38 4 29 4 43 4 48 47 4 37 4 41 4 
iteration 872 best: 1.13968 time: 279555
84 29 4 23 4 18 4 66 25 4 42 4 10 54 4 33 4 19 4 67 13 4 19 4 35 4 95 41 4 26 4 17 4 83 24 4 22 4 20 4 32 4 25 36 4 50 4 29 4 46 27 4 36 4 37 33 4 36 4 39 10 4 32 4 26 4 32 4 45 25 4 37 4 47 46 4 40 4 74 39 4 26 4 44 4 25 4 36 4 41 26 4 55 4 25 4 38 4 62 29 4 39 4 66 36 4 41 4 22 4 41 4 67 43 4 44 4 17 4 57 28 4 36 4 85 48 4 42 4 54 44 20 63 29 4 26 4 32 4 68 27 20 55 31 4 50 4 35 4 46 34 4 16 4 25 4 45 4 39 46 4 22 4 80 45 4 33 4 14 4 76 27 4 40 4 55 45 4 39 4 22 4 52 43 4 28 4 40 4 56 31 4 21 4 49 31 4 35 4 76 43 4 94 10 4 28 4 35 4 42 10 4 53 4 46 49 4 41 4 60 29 4 21 4 50 34 4 26 4 88 15 4 30 4 57 27 4 38 4 90 28 4 27 4 61 25 4 22 4 56 30 4 43 4 43 4 32 28 4 32 4 92 57 4 52 4 29 4 56 34 4 42 4 41 4 49 47 4 25 4 29 4 29 4 72 40 4 31 4 18 4 32 4 35 38 4 42 4 34 4 69 36 4 30 4 79 9 4 17 4 25 4 50 31 4 31 4 26 4 58 26 4 16 4 33 4 53 41 4 27 4 37 4 80 30 16 45 16 33 43 4 71 40 16 46 16 95 34 4 23 4 72 31 4 24 4 27 4 55 31 4 28 4 26 4 34 4 50 33 4 39 4 62 32 4 30 4 45 4 18 4 48 28 4 38 4 39 4 70 18 4 31 4 25 4 55 50 4 36 4 30 4 73 15 4 23 4 41 4 42 28 4 29 4 39 4 47 4 82 41 4 25 4 39 4 37 4 51 38 4 40 4 37 4 64 38 4 29 4 43 4 48 47 4 37 4 41 4 
iteration 895 best: 1.13968 time: 286902
84 29 4 23 4 18 4 66 25 4 42 4 10 54 4 33 4 19 4 67 13 4 19 4 35 4 95 41 4 26 4 17 4 83 24 4 22 4 20 4 32 4 25 36 4 50 4 29 4 46 27 4 36 4 37 33 4 36 4 39 10 4 32 4 26 4 32 4 45 25 4 37 4 47 46 4 40 4 74 39 4 26 4 44 4 25 4 36 4 41 26 4 55 4 25 4 38 4 62 29 4 39 4 66 36 4 41 4 22 4 41 4 67 43 4 44 4 17 4 57 28 4 36 4 85 48 4 42 4 54 44 20 63 29 4 26 4 32 4 68 27 20 55 31 4 50 4 35 4 46 34 4 16 4 25 4 45 4 39 46 4 22 4 80 45 4 33 4 14 4 76 27 4 40 4 55 45 4 39 4 22 4 52 43 4 28 4 40 4 56 31 4 21 4 49 31 4 35 4 76 43 4 94 10 4 28 4 35 4 42 10 4 53 4 46 49 4 41 4 60 29 4 21 4 50 34 4 26 4 88 15 4 30 4 57 27 4 38 4 90 28 4 27 4 61 25 4 22 4 56 30 4 43 4 43 4 32 28 4 32 4 92 57 4 52 4 29 4 56 34 4 42 4 41 4 49 47 4 25 4 29 4 29 4 72 40 4 31 4 18 4 32 4 35 38 4 42 4 34 4 69 36 4 30 4 79 9 4 17 4 25 4 50 31 4 31 4 26 4 58 26 4 16 4 33 4 53 41 4 27 4 37 4 80 30 16 45 16 33 43 4 71 40 16 46 16 95 34 4 23 4 72 31 4 24 4 27 4 55 31 4 28 4 26 4 34 4 50 33 4 39 4 62 32 4 30 4 45 4 18 4 48 28 4 38 4 39 4 70 18 4 31 4 25 4 55 50 4 36 4 30 4 73 15 4 23 4 41 4 42 28 4 29 4 39 4 47 4 82 41 4 25 4 39 4 37 4 51 38 4 40 4 37 4 64 38 4 29 4 43 4 48 47 4 37 4 41 4 
iteration 918 best: 1.13968 time: 294228
84 29 4 23 4 18 4 66 25 4 42 4 10 54 4 33 4 19 4 67 13 4 19 4 35 4 95 41 4 26 4 17 4 83 24 4 22 4 20 4 32 4 25 36 4 50 4 29 4 46 27 4 36 4 37 33 4 36 4 39 10 4 32 4 26 4 32 4 45 25 4 37 4 47 46 4 40 4 74 39 4 26 4 44 4 25 4 36 4 41 26 4 55 4 25 4 38 4 62 29 4 39 4 66 36 4 41 4 22 4 41 4 67 43 4 44 4 17 4 57 28 4 36 4 85 48 4 42 4 54 44 20 63 29 4 26 4 32 4 68 27 20 55 31 4 50 4 35 4 46 34 4 16 4 25 4 45 4 39 46 4 22 4 80 45 4 33 4 14 4 76 27 4 40 4 55 45 4 39 4 22 4 52 43 4 28 4 40 4 56 31 4 21 4 49 31 4 35 4 76 43 4 94 10 4 28 4 35 4 42 10 4 53 4 46 49 4 41 4 60 29 4 21 4 50 34 4 26 4 88 15 4 30 4 57 27 4 38 4 90 28 4 27 4 61 25 4 22 4 56 30 4 43 4 43 4 32 28 4 32 4 92 57 4 52 4 29 4 56 34 4 42 4 41 4 49 47 4 25 4 29 4 29 4 72 40 4 31 4 18 4 32 4 35 38 4 42 4 34 4 69 36 4 30 4 79 9 4 17 4 25 4 50 31 4 31 4 26 4 58 26 4 16 4 33 4 53 41 4 27 4 37 4 80 30 16 45 16 33 43 4 71 40 16 46 16 95 34 4 23 4 72 31 4 24 4 27 4 55 31 4 28 4 26 4 34 4 50 33 4 39 4 62 32 4 30 4 45 4 18 4 48 28 4 38 4 39 4 70 18 4 31 4 25 4 55 50 4 36 4 30 4 73 15 4 23 4 41 4 42 28 4 29 4 39 4 47 4 82 41 4 25 4 39 4 37 4 51 38 4 40 4 37 4 64 38 4 29 4 43 4 48 47 4 37 4 41 4 
iteration 941 best: 1.13968 time: 301555
84 29 4 23 4 18 4 66 25 4 42 4 10 54 4 33 4 19 4 67 13 4 19 4 35 4 95 41 4 26 4 17 4 83 24 4 22 4 20 4 32 4 25 36 4 50 4 29 4 46 27 4 36 4 37 33 4 36 4 39 10 4 32 4 26 4 32 4 45 25 4 37 4 47 46 4 40 4 74 39 4 26 4 44 4 25 4 36 4 41 26 4 55 4 25 4 38 4 62 29 4 39 4 66 36 4 41 4 22 4 41 4 67 43 4 44 4 17 4 57 28 4 36 4 85 48 4 42 4 54 44 20 63 29 4 26 4 32 4 68 27 20 55 31 4 50 4 35 4 46 34 4 16 4 25 4 45 4 39 46 4 22 4 80 45 4 33 4 14 4 76 27 4 40 4 55 45 4 39 4 22 4 52 43 4 28 4 40 4 56 31 4 21 4 49 31 4 35 4 76 43 4 94 10 4 28 4 35 4 42 10 4 53 4 46 49 4 41 4 60 29 4 21 4 50 34 4 26 4 88 15 4 30 4 57 27 4 38 4 90 28 4 27 4 61 25 4 22 4 56 30 4 43 4 43 4 32 28 4 32 4 92 57 4 52 4 29 4 56 34 4 42 4 41 4 49 47 4 25 4 29 4 29 4 72 40 4 31 4 18 4 32 4 35 38 4 42 4 34 4 69 36 4 30 4 79 9 4 17 4 25 4 50 31 4 31 4 26 4 58 26 4 16 4 33 4 53 41 4 27 4 37 4 80 30 16 45 16 33 43 4 71 40 16 46 16 95 34 4 23 4 72 31 4 24 4 27 4 55 31 4 28 4 26 4 34 4 50 33 4 39 4 62 32 4 30 4 45 4 18 4 48 28 4 38 4 39 4 70 18 4 31 4 25 4 55 50 4 36 4 30 4 73 15 4 23 4 41 4 42 28 4 29 4 39 4 47 4 82 41 4 25 4 39 4 37 4 51 38 4 40 4 37 4 64 38 4 29 4 43 4 48 47 4 37 4 41 4 
iteration 964 best: 1.13968 time: 308918
84 29 4 23 4 18 4 66 25 4 42 4 10 54 4 33 4 19 4 67 13 4 19 4 35 4 95 41 4 26 4 17 4 83 24 4 22 4 20 4 32 4 25 36 4 50 4 29 4 46 27 4 36 4 37 33 4 36 4 39 10 4 32 4 26 4 32 4 45 25 4 37 4 47 46 4 40 4 74 39 4 26 4 44 4 25 4 36 4 41 26 4 55 4 25 4 38 4 62 29 4 39 4 66 36 4 41 4 22 4 41 4 67 43 4 44 4 17 4 57 28 4 36 4 85 48 4 42 4 54 44 20 63 29 4 26 4 32 4 68 27 20 55 31 4 50 4 35 4 46 34 4 16 4 25 4 45 4 39 46 4 22 4 80 45 4 33 4 14 4 76 27 4 40 4 55 45 4 39 4 22 4 52 43 4 28 4 40 4 56 31 4 21 4 49 31 4 35 4 76 43 4 94 10 4 28 4 35 4 42 10 4 53 4 46 49 4 41 4 60 29 4 21 4 50 34 4 26 4 88 15 4 30 4 57 27 4 38 4 90 28 4 27 4 61 25 4 22 4 56 30 4 43 4 43 4 32 28 4 32 4 92 57 4 52 4 29 4 56 34 4 42 4 41 4 49 47 4 25 4 29 4 29 4 72 40 4 31 4 18 4 32 4 35 38 4 42 4 34 4 69 36 4 30 4 79 9 4 17 4 25 4 50 31 4 31 4 26 4 58 26 4 16 4 33 4 53 41 4 27 4 37 4 80 30 16 45 16 33 43 4 71 40 16 46 16 95 34 4 23 4 72 31 4 24 4 27 4 55 31 4 28 4 26 4 34 4 50 33 4 39 4 62 32 4 30 4 45 4 18 4 48 28 4 38 4 39 4 70 18 4 31 4 25 4 55 50 4 36 4 30 4 73 15 4 23 4 41 4 42 28 4 29 4 39 4 47 4 82 41 4 25 4 39 4 37 4 51 38 4 40 4 37 4 64 38 4 29 4 43 4 48 47 4 37 4 41 4 
iteration 987 best: 1.13968 time: 316315
84 29 4 23 4 18 4 66 25 4 42 4 10 54 4 33 4 19 4 67 13 4 19 4 35 4 95 41 4 26 4 17 4 83 24 4 22 4 20 4 32 4 25 36 4 50 4 29 4 46 27 4 36 4 37 33 4 36 4 39 10 4 32 4 26 4 32 4 45 25 4 37 4 47 46 4 40 4 74 39 4 26 4 44 4 25 4 36 4 41 26 4 55 4 25 4 38 4 62 29 4 39 4 66 36 4 41 4 22 4 41 4 67 43 4 44 4 17 4 57 28 4 36 4 85 48 4 42 4 54 44 20 63 29 4 26 4 32 4 68 27 20 55 31 4 50 4 35 4 46 34 4 16 4 25 4 45 4 39 46 4 22 4 80 45 4 33 4 14 4 76 27 4 40 4 55 45 4 39 4 22 4 52 43 4 28 4 40 4 56 31 4 21 4 49 31 4 35 4 76 43 4 94 10 4 28 4 35 4 42 10 4 53 4 46 49 4 41 4 60 29 4 21 4 50 34 4 26 4 88 15 4 30 4 57 27 4 38 4 90 28 4 27 4 61 25 4 22 4 56 30 4 43 4 43 4 32 28 4 32 4 92 57 4 52 4 29 4 56 34 4 42 4 41 4 49 47 4 25 4 29 4 29 4 72 40 4 31 4 18 4 32 4 35 38 4 42 4 34 4 69 36 4 30 4 79 9 4 17 4 25 4 50 31 4 31 4 26 4 58 26 4 16 4 33 4 53 41 4 27 4 37 4 80 30 16 45 16 33 43 4 71 40 16 46 16 95 34 4 23 4 72 31 4 24 4 27 4 55 31 4 28 4 26 4 34 4 50 33 4 39 4 62 32 4 30 4 45 4 18 4 48 28 4 38 4 39 4 70 18 4 31 4 25 4 55 50 4 36 4 30 4 73 15 4 23 4 41 4 42 28 4 29 4 39 4 47 4 82 41 4 25 4 39 4 37 4 51 38 4 40 4 37 4 64 38 4 29 4 43 4 48 47 4 37 4 41 4 
iteration 1010 best: 1.13968 time: 323648
84 29 4 23 4 18 4 66 25 4 42 4 10 54 4 33 4 19 4 67 13 4 19 4 35 4 95 41 4 26 4 17 4 83 24 4 22 4 20 4 32 4 25 36 4 50 4 29 4 46 27 4 36 4 37 33 4 36 4 39 10 4 32 4 26 4 32 4 45 25 4 37 4 47 46 4 40 4 74 39 4 26 4 44 4 25 4 36 4 41 26 4 55 4 25 4 38 4 62 29 4 39 4 66 36 4 41 4 22 4 41 4 67 43 4 44 4 17 4 57 28 4 36 4 85 48 4 42 4 54 44 20 63 29 4 26 4 32 4 68 27 20 55 31 4 50 4 35 4 46 34 4 16 4 25 4 45 4 39 46 4 22 4 80 45 4 33 4 14 4 76 27 4 40 4 55 45 4 39 4 22 4 52 43 4 28 4 40 4 56 31 4 21 4 49 31 4 35 4 76 43 4 94 10 4 28 4 35 4 42 10 4 53 4 46 49 4 41 4 60 29 4 21 4 50 34 4 26 4 88 15 4 30 4 57 27 4 38 4 90 28 4 27 4 61 25 4 22 4 56 30 4 43 4 43 4 32 28 4 32 4 92 57 4 52 4 29 4 56 34 4 42 4 41 4 49 47 4 25 4 29 4 29 4 72 40 4 31 4 18 4 32 4 35 38 4 42 4 34 4 69 36 4 30 4 79 9 4 17 4 25 4 50 31 4 31 4 26 4 58 26 4 16 4 33 4 53 41 4 27 4 37 4 80 30 16 45 16 33 43 4 71 40 16 46 16 95 34 4 23 4 72 31 4 24 4 27 4 55 31 4 28 4 26 4 34 4 50 33 4 39 4 62 32 4 30 4 45 4 18 4 48 28 4 38 4 39 4 70 18 4 31 4 25 4 55 50 4 36 4 30 4 73 15 4 23 4 41 4 42 28 4 29 4 39 4 47 4 82 41 4 25 4 39 4 37 4 51 38 4 40 4 37 4 64 38 4 29 4 43 4 48 47 4 37 4 41 4 
iteration 1033 best: 1.13968 time: 330992
84 29 4 23 4 18 4 66 25 4 42 4 10 54 4 33 4 19 4 67 13 4 19 4 35 4 95 41 4 26 4 17 4 83 24 4 22 4 20 4 32 4 25 36 4 50 4 29 4 46 27 4 36 4 37 33 4 36 4 39 10 4 32 4 26 4 32 4 45 25 4 37 4 47 46 4 40 4 74 39 4 26 4 44 4 25 4 36 4 41 26 4 55 4 25 4 38 4 62 29 4 39 4 66 36 4 41 4 22 4 41 4 67 43 4 44 4 17 4 57 28 4 36 4 85 48 4 42 4 54 44 20 63 29 4 26 4 32 4 68 27 20 55 31 4 50 4 35 4 46 34 4 16 4 25 4 45 4 39 46 4 22 4 80 45 4 33 4 14 4 76 27 4 40 4 55 45 4 39 4 22 4 52 43 4 28 4 40 4 56 31 4 21 4 49 31 4 35 4 76 43 4 94 10 4 28 4 35 4 42 10 4 53 4 46 49 4 41 4 60 29 4 21 4 50 34 4 26 4 88 15 4 30 4 57 27 4 38 4 90 28 4 27 4 61 25 4 22 4 56 30 4 43 4 43 4 32 28 4 32 4 92 57 4 52 4 29 4 56 34 4 42 4 41 4 49 47 4 25 4 29 4 29 4 72 40 4 31 4 18 4 32 4 35 38 4 42 4 34 4 69 36 4 30 4 79 9 4 17 4 25 4 50 31 4 31 4 26 4 58 26 4 16 4 33 4 53 41 4 27 4 37 4 80 30 16 45 16 33 43 4 71 40 16 46 16 95 34 4 23 4 72 31 4 24 4 27 4 55 31 4 28 4 26 4 34 4 50 33 4 39 4 62 32 4 30 4 45 4 18 4 48 28 4 38 4 39 4 70 18 4 31 4 25 4 55 50 4 36 4 30 4 73 15 4 23 4 41 4 42 28 4 29 4 39 4 47 4 82 41 4 25 4 39 4 37 4 51 38 4 40 4 37 4 64 38 4 29 4 43 4 48 47 4 37 4 41 4 
iteration 1056 best: 1.13968 time: 338326
84 29 4 23 4 18 4 66 25 4 42 4 10 54 4 33 4 19 4 67 13 4 19 4 35 4 95 41 4 26 4 17 4 83 24 4 22 4 20 4 32 4 25 36 4 50 4 29 4 46 27 4 36 4 37 33 4 36 4 39 10 4 32 4 26 4 32 4 45 25 4 37 4 47 46 4 40 4 74 39 4 26 4 44 4 25 4 36 4 41 26 4 55 4 25 4 38 4 62 29 4 39 4 66 36 4 41 4 22 4 41 4 67 43 4 44 4 17 4 57 28 4 36 4 85 48 4 42 4 54 44 20 63 29 4 26 4 32 4 68 27 20 55 31 4 50 4 35 4 46 34 4 16 4 25 4 45 4 39 46 4 22 4 80 45 4 33 4 14 4 76 27 4 40 4 55 45 4 39 4 22 4 52 43 4 28 4 40 4 56 31 4 21 4 49 31 4 35 4 76 43 4 94 10 4 28 4 35 4 42 10 4 53 4 46 49 4 41 4 60 29 4 21 4 50 34 4 26 4 88 15 4 30 4 57 27 4 38 4 90 28 4 27 4 61 25 4 22 4 56 30 4 43 4 43 4 32 28 4 32 4 92 57 4 52 4 29 4 56 34 4 42 4 41 4 49 47 4 25 4 29 4 29 4 72 40 4 31 4 18 4 32 4 35 38 4 42 4 34 4 69 36 4 30 4 79 9 4 17 4 25 4 50 31 4 31 4 26 4 58 26 4 16 4 33 4 53 41 4 27 4 37 4 80 30 16 45 16 33 43 4 71 40 16 46 16 95 34 4 23 4 72 31 4 24 4 27 4 55 31 4 28 4 26 4 34 4 50 33 4 39 4 62 32 4 30 4 45 4 18 4 48 28 4 38 4 39 4 70 18 4 31 4 25 4 55 50 4 36 4 30 4 73 15 4 23 4 41 4 42 28 4 29 4 39 4 47 4 82 41 4 25 4 39 4 37 4 51 38 4 40 4 37 4 64 38 4 29 4 43 4 48 47 4 37 4 41 4 
iteration 1079 best: 1.13968 time: 345668
84 29 4 23 4 18 4 66 25 4 42 4 10 54 4 33 4 19 4 67 13 4 19 4 35 4 95 41 4 26 4 17 4 83 24 4 22 4 20 4 32 4 25 36 4 50 4 29 4 46 27 4 36 4 37 33 4 36 4 39 10 4 32 4 26 4 32 4 45 25 4 37 4 47 46 4 40 4 74 39 4 26 4 44 4 25 4 36 4 41 26 4 55 4 25 4 38 4 62 29 4 39 4 66 36 4 41 4 22 4 41 4 67 43 4 44 4 17 4 57 28 4 36 4 85 48 4 42 4 54 44 20 63 29 4 26 4 32 4 68 27 20 55 31 4 50 4 35 4 46 34 4 16 4 25 4 45 4 39 46 4 22 4 80 45 4 33 4 14 4 76 27 4 40 4 55 45 4 39 4 22 4 52 43 4 28 4 40 4 56 31 4 21 4 49 31 4 35 4 76 43 4 94 10 4 28 4 35 4 42 10 4 53 4 46 49 4 41 4 60 29 4 21 4 50 34 4 26 4 88 15 4 30 4 57 27 4 38 4 90 28 4 27 4 61 25 4 22 4 56 30 4 43 4 43 4 32 28 4 32 4 92 57 4 52 4 29 4 56 34 4 42 4 41 4 49 47 4 25 4 29 4 29 4 72 40 4 31 4 18 4 32 4 35 38 4 42 4 34 4 69 36 4 30 4 79 9 4 17 4 25 4 50 31 4 31 4 26 4 58 26 4 16 4 33 4 53 41 4 27 4 37 4 80 30 16 45 16 33 43 4 71 40 16 46 16 95 34 4 23 4 72 31 4 24 4 27 4 55 31 4 28 4 26 4 34 4 50 33 4 39 4 62 32 4 30 4 45 4 18 4 48 28 4 38 4 39 4 70 18 4 31 4 25 4 55 50 4 36 4 30 4 73 15 4 23 4 41 4 42 28 4 29 4 39 4 47 4 82 41 4 25 4 39 4 37 4 51 38 4 40 4 37 4 64 38 4 29 4 43 4 48 47 4 37 4 41 4 
iteration 1102 best: 1.13968 time: 353012
84 29 4 23 4 18 4 66 25 4 42 4 10 54 4 33 4 19 4 67 13 4 19 4 35 4 95 41 4 26 4 17 4 83 24 4 22 4 20 4 32 4 25 36 4 50 4 29 4 46 27 4 36 4 37 33 4 36 4 39 10 4 32 4 26 4 32 4 45 25 4 37 4 47 46 4 40 4 74 39 4 26 4 44 4 25 4 36 4 41 26 4 55 4 25 4 38 4 62 29 4 39 4 66 36 4 41 4 22 4 41 4 67 43 4 44 4 17 4 57 28 4 36 4 85 48 4 42 4 54 44 20 63 29 4 26 4 32 4 68 27 20 55 31 4 50 4 35 4 46 34 4 16 4 25 4 45 4 39 46 4 22 4 80 45 4 33 4 14 4 76 27 4 40 4 55 45 4 39 4 22 4 52 43 4 28 4 40 4 56 31 4 21 4 49 31 4 35 4 76 43 4 94 10 4 28 4 35 4 42 10 4 53 4 46 49 4 41 4 60 29 4 21 4 50 34 4 26 4 88 15 4 30 4 57 27 4 38 4 90 28 4 27 4 61 25 4 22 4 56 30 4 43 4 43 4 32 28 4 32 4 92 57 4 52 4 29 4 56 34 4 42 4 41 4 49 47 4 25 4 29 4 29 4 72 40 4 31 4 18 4 32 4 35 38 4 42 4 34 4 69 36 4 30 4 79 9 4 17 4 25 4 50 31 4 31 4 26 4 58 26 4 16 4 33 4 53 41 4 27 4 37 4 80 30 16 45 16 33 43 4 71 40 16 46 16 95 34 4 23 4 72 31 4 24 4 27 4 55 31 4 28 4 26 4 34 4 50 33 4 39 4 62 32 4 30 4 45 4 18 4 48 28 4 38 4 39 4 70 18 4 31 4 25 4 55 50 4 36 4 30 4 73 15 4 23 4 41 4 42 28 4 29 4 39 4 47 4 82 41 4 25 4 39 4 37 4 51 38 4 40 4 37 4 64 38 4 29 4 43 4 48 47 4 37 4 41 4 
iteration 1125 best: 1.13968 time: 360365
84 29 4 23 4 18 4 66 25 4 42 4 10 54 4 33 4 19 4 67 13 4 19 4 35 4 95 41 4 26 4 17 4 83 24 4 22 4 20 4 32 4 25 36 4 50 4 29 4 46 27 4 36 4 37 33 4 36 4 39 10 4 32 4 26 4 32 4 45 25 4 37 4 47 46 4 40 4 74 39 4 26 4 44 4 25 4 36 4 41 26 4 55 4 25 4 38 4 62 29 4 39 4 66 36 4 41 4 22 4 41 4 67 43 4 44 4 17 4 57 28 4 36 4 85 48 4 42 4 54 44 20 63 29 4 26 4 32 4 68 27 20 55 31 4 50 4 35 4 46 34 4 16 4 25 4 45 4 39 46 4 22 4 80 45 4 33 4 14 4 76 27 4 40 4 55 45 4 39 4 22 4 52 43 4 28 4 40 4 56 31 4 21 4 49 31 4 35 4 76 43 4 94 10 4 28 4 35 4 42 10 4 53 4 46 49 4 41 4 60 29 4 21 4 50 34 4 26 4 88 15 4 30 4 57 27 4 38 4 90 28 4 27 4 61 25 4 22 4 56 30 4 43 4 43 4 32 28 4 32 4 92 57 4 52 4 29 4 56 34 4 42 4 41 4 49 47 4 25 4 29 4 29 4 72 40 4 31 4 18 4 32 4 35 38 4 42 4 34 4 69 36 4 30 4 79 9 4 17 4 25 4 50 31 4 31 4 26 4 58 26 4 16 4 33 4 53 41 4 27 4 37 4 80 30 16 45 16 33 43 4 71 40 16 46 16 95 34 4 23 4 72 31 4 24 4 27 4 55 31 4 28 4 26 4 34 4 50 33 4 39 4 62 32 4 30 4 45 4 18 4 48 28 4 38 4 39 4 70 18 4 31 4 25 4 55 50 4 36 4 30 4 73 15 4 23 4 41 4 42 28 4 29 4 39 4 47 4 82 41 4 25 4 39 4 37 4 51 38 4 40 4 37 4 64 38 4 29 4 43 4 48 47 4 37 4 41 4 
iteration 1148 best: 1.13968 time: 367718
84 29 4 23 4 18 4 66 25 4 42 4 10 54 4 33 4 19 4 67 13 4 19 4 35 4 95 41 4 26 4 17 4 83 24 4 22 4 20 4 32 4 25 36 4 50 4 29 4 46 27 4 36 4 37 33 4 36 4 39 10 4 32 4 26 4 32 4 45 25 4 37 4 47 46 4 40 4 74 39 4 26 4 44 4 25 4 36 4 41 26 4 55 4 25 4 38 4 62 29 4 39 4 66 36 4 41 4 22 4 41 4 67 43 4 44 4 17 4 57 28 4 36 4 85 48 4 42 4 54 44 20 63 29 4 26 4 32 4 68 27 20 55 31 4 50 4 35 4 46 34 4 16 4 25 4 45 4 39 46 4 22 4 80 45 4 33 4 14 4 76 27 4 40 4 55 45 4 39 4 22 4 52 43 4 28 4 40 4 56 31 4 21 4 49 31 4 35 4 76 43 4 94 10 4 28 4 35 4 42 10 4 53 4 46 49 4 41 4 60 29 4 21 4 50 34 4 26 4 88 15 4 30 4 57 27 4 38 4 90 28 4 27 4 61 25 4 22 4 56 30 4 43 4 43 4 32 28 4 32 4 92 57 4 52 4 29 4 56 34 4 42 4 41 4 49 47 4 25 4 29 4 29 4 72 40 4 31 4 18 4 32 4 35 38 4 42 4 34 4 69 36 4 30 4 79 9 4 17 4 25 4 50 31 4 31 4 26 4 58 26 4 16 4 33 4 53 41 4 27 4 37 4 80 30 16 45 16 33 43 4 71 40 16 46 16 95 34 4 23 4 72 31 4 24 4 27 4 55 31 4 28 4 26 4 34 4 50 33 4 39 4 62 32 4 30 4 45 4 18 4 48 28 4 38 4 39 4 70 18 4 31 4 25 4 55 50 4 36 4 30 4 73 15 4 23 4 41 4 42 28 4 29 4 39 4 47 4 82 41 4 25 4 39 4 37 4 51 38 4 40 4 37 4 64 38 4 29 4 43 4 48 47 4 37 4 41 4 
iteration 1171 best: 1.13968 time: 375055
84 29 4 23 4 18 4 66 25 4 42 4 10 54 4 33 4 19 4 67 13 4 19 4 35 4 95 41 4 26 4 17 4 83 24 4 22 4 20 4 32 4 25 36 4 50 4 29 4 46 27 4 36 4 37 33 4 36 4 39 10 4 32 4 26 4 32 4 45 25 4 37 4 47 46 4 40 4 74 39 4 26 4 44 4 25 4 36 4 41 26 4 55 4 25 4 38 4 62 29 4 39 4 66 36 4 41 4 22 4 41 4 67 43 4 44 4 17 4 57 28 4 36 4 85 48 4 42 4 54 44 20 63 29 4 26 4 32 4 68 27 20 55 31 4 50 4 35 4 46 34 4 16 4 25 4 45 4 39 46 4 22 4 80 45 4 33 4 14 4 76 27 4 40 4 55 45 4 39 4 22 4 52 43 4 28 4 40 4 56 31 4 21 4 49 31 4 35 4 76 43 4 94 10 4 28 4 35 4 42 10 4 53 4 46 49 4 41 4 60 29 4 21 4 50 34 4 26 4 88 15 4 30 4 57 27 4 38 4 90 28 4 27 4 61 25 4 22 4 56 30 4 43 4 43 4 32 28 4 32 4 92 57 4 52 4 29 4 56 34 4 42 4 41 4 49 47 4 25 4 29 4 29 4 72 40 4 31 4 18 4 32 4 35 38 4 42 4 34 4 69 36 4 30 4 79 9 4 17 4 25 4 50 31 4 31 4 26 4 58 26 4 16 4 33 4 53 41 4 27 4 37 4 80 30 16 45 16 33 43 4 71 40 16 46 16 95 34 4 23 4 72 31 4 24 4 27 4 55 31 4 28 4 26 4 34 4 50 33 4 39 4 62 32 4 30 4 45 4 18 4 48 28 4 38 4 39 4 70 18 4 31 4 25 4 55 50 4 36 4 30 4 73 15 4 23 4 41 4 42 28 4 29 4 39 4 47 4 82 41 4 25 4 39 4 37 4 51 38 4 40 4 37 4 64 38 4 29 4 43 4 48 47 4 37 4 41 4 
iteration 1194 best: 1.13968 time: 382397
84 29 4 23 4 18 4 66 25 4 42 4 10 54 4 33 4 19 4 67 13 4 19 4 35 4 95 41 4 26 4 17 4 83 24 4 22 4 20 4 32 4 25 36 4 50 4 29 4 46 27 4 36 4 37 33 4 36 4 39 10 4 32 4 26 4 32 4 45 25 4 37 4 47 46 4 40 4 74 39 4 26 4 44 4 25 4 36 4 41 26 4 55 4 25 4 38 4 62 29 4 39 4 66 36 4 41 4 22 4 41 4 67 43 4 44 4 17 4 57 28 4 36 4 85 48 4 42 4 54 44 20 63 29 4 26 4 32 4 68 27 20 55 31 4 50 4 35 4 46 34 4 16 4 25 4 45 4 39 46 4 22 4 80 45 4 33 4 14 4 76 27 4 40 4 55 45 4 39 4 22 4 52 43 4 28 4 40 4 56 31 4 21 4 49 31 4 35 4 76 43 4 94 10 4 28 4 35 4 42 10 4 53 4 46 49 4 41 4 60 29 4 21 4 50 34 4 26 4 88 15 4 30 4 57 27 4 38 4 90 28 4 27 4 61 25 4 22 4 56 30 4 43 4 43 4 32 28 4 32 4 92 57 4 52 4 29 4 56 34 4 42 4 41 4 49 47 4 25 4 29 4 29 4 72 40 4 31 4 18 4 32 4 35 38 4 42 4 34 4 69 36 4 30 4 79 9 4 17 4 25 4 50 31 4 31 4 26 4 58 26 4 16 4 33 4 53 41 4 27 4 37 4 80 30 16 45 16 33 43 4 71 40 16 46 16 95 34 4 23 4 72 31 4 24 4 27 4 55 31 4 28 4 26 4 34 4 50 33 4 39 4 62 32 4 30 4 45 4 18 4 48 28 4 38 4 39 4 70 18 4 31 4 25 4 55 50 4 36 4 30 4 73 15 4 23 4 41 4 42 28 4 29 4 39 4 47 4 82 41 4 25 4 39 4 37 4 51 38 4 40 4 37 4 64 38 4 29 4 43 4 48 47 4 37 4 41 4 
iteration 1217 best: 1.13968 time: 389770
84 29 4 23 4 18 4 66 25 4 42 4 10 54 4 33 4 19 4 67 13 4 19 4 35 4 95 41 4 26 4 17 4 83 24 4 22 4 20 4 32 4 25 36 4 50 4 29 4 46 27 4 36 4 37 33 4 36 4 39 10 4 32 4 26 4 32 4 45 25 4 37 4 47 46 4 40 4 74 39 4 26 4 44 4 25 4 36 4 41 26 4 55 4 25 4 38 4 62 29 4 39 4 66 36 4 41 4 22 4 41 4 67 43 4 44 4 17 4 57 28 4 36 4 85 48 4 42 4 54 44 20 63 29 4 26 4 32 4 68 27 20 55 31 4 50 4 35 4 46 34 4 16 4 25 4 45 4 39 46 4 22 4 80 45 4 33 4 14 4 76 27 4 40 4 55 45 4 39 4 22 4 52 43 4 28 4 40 4 56 31 4 21 4 49 31 4 35 4 76 43 4 94 10 4 28 4 35 4 42 10 4 53 4 46 49 4 41 4 60 29 4 21 4 50 34 4 26 4 88 15 4 30 4 57 27 4 38 4 90 28 4 27 4 61 25 4 22 4 56 30 4 43 4 43 4 32 28 4 32 4 92 57 4 52 4 29 4 56 34 4 42 4 41 4 49 47 4 25 4 29 4 29 4 72 40 4 31 4 18 4 32 4 35 38 4 42 4 34 4 69 36 4 30 4 79 9 4 17 4 25 4 50 31 4 31 4 26 4 58 26 4 16 4 33 4 53 41 4 27 4 37 4 80 30 16 45 16 33 43 4 71 40 16 46 16 95 34 4 23 4 72 31 4 24 4 27 4 55 31 4 28 4 26 4 34 4 50 33 4 39 4 62 32 4 30 4 45 4 18 4 48 28 4 38 4 39 4 70 18 4 31 4 25 4 55 50 4 36 4 30 4 73 15 4 23 4 41 4 42 28 4 29 4 39 4 47 4 82 41 4 25 4 39 4 37 4 51 38 4 40 4 37 4 64 38 4 29 4 43 4 48 47 4 37 4 41 4 
iteration 1240 best: 1.13968 time: 397109
84 29 4 23 4 18 4 66 25 4 42 4 10 54 4 33 4 19 4 67 13 4 19 4 35 4 95 41 4 26 4 17 4 83 24 4 22 4 20 4 32 4 25 36 4 50 4 29 4 46 27 4 36 4 37 33 4 36 4 39 10 4 32 4 26 4 32 4 45 25 4 37 4 47 46 4 40 4 74 39 4 26 4 44 4 25 4 36 4 41 26 4 55 4 25 4 38 4 62 29 4 39 4 66 36 4 41 4 22 4 41 4 67 43 4 44 4 17 4 57 28 4 36 4 85 48 4 42 4 54 44 20 63 29 4 26 4 32 4 68 27 20 55 31 4 50 4 35 4 46 34 4 16 4 25 4 45 4 39 46 4 22 4 80 45 4 33 4 14 4 76 27 4 40 4 55 45 4 39 4 22 4 52 43 4 28 4 40 4 56 31 4 21 4 49 31 4 35 4 76 43 4 94 10 4 28 4 35 4 42 10 4 53 4 46 49 4 41 4 60 29 4 21 4 50 34 4 26 4 88 15 4 30 4 57 27 4 38 4 90 28 4 27 4 61 25 4 22 4 56 30 4 43 4 43 4 32 28 4 32 4 92 57 4 52 4 29 4 56 34 4 42 4 41 4 49 47 4 25 4 29 4 29 4 72 40 4 31 4 18 4 32 4 35 38 4 42 4 34 4 69 36 4 30 4 79 9 4 17 4 25 4 50 31 4 31 4 26 4 58 26 4 16 4 33 4 53 41 4 27 4 37 4 80 30 16 45 16 33 43 4 71 40 16 46 16 95 34 4 23 4 72 31 4 24 4 27 4 55 31 4 28 4 26 4 34 4 50 33 4 39 4 62 32 4 30 4 45 4 18 4 48 28 4 38 4 39 4 70 18 4 31 4 25 4 55 50 4 36 4 30 4 73 15 4 23 4 41 4 42 28 4 29 4 39 4 47 4 82 41 4 25 4 39 4 37 4 51 38 4 40 4 37 4 64 38 4 29 4 43 4 48 47 4 37 4 41 4 
iteration 1263 best: 1.13968 time: 404437
84 29 4 23 4 18 4 66 25 4 42 4 10 54 4 33 4 19 4 67 13 4 19 4 35 4 95 41 4 26 4 17 4 83 24 4 22 4 20 4 32 4 25 36 4 50 4 29 4 46 27 4 36 4 37 33 4 36 4 39 10 4 32 4 26 4 32 4 45 25 4 37 4 47 46 4 40 4 74 39 4 26 4 44 4 25 4 36 4 41 26 4 55 4 25 4 38 4 62 29 4 39 4 66 36 4 41 4 22 4 41 4 67 43 4 44 4 17 4 57 28 4 36 4 85 48 4 42 4 54 44 20 63 29 4 26 4 32 4 68 27 20 55 31 4 50 4 35 4 46 34 4 16 4 25 4 45 4 39 46 4 22 4 80 45 4 33 4 14 4 76 27 4 40 4 55 45 4 39 4 22 4 52 43 4 28 4 40 4 56 31 4 21 4 49 31 4 35 4 76 43 4 94 10 4 28 4 35 4 42 10 4 53 4 46 49 4 41 4 60 29 4 21 4 50 34 4 26 4 88 15 4 30 4 57 27 4 38 4 90 28 4 27 4 61 25 4 22 4 56 30 4 43 4 43 4 32 28 4 32 4 92 57 4 52 4 29 4 56 34 4 42 4 41 4 49 47 4 25 4 29 4 29 4 72 40 4 31 4 18 4 32 4 35 38 4 42 4 34 4 69 36 4 30 4 79 9 4 17 4 25 4 50 31 4 31 4 26 4 58 26 4 16 4 33 4 53 41 4 27 4 37 4 80 30 16 45 16 33 43 4 71 40 16 46 16 95 34 4 23 4 72 31 4 24 4 27 4 55 31 4 28 4 26 4 34 4 50 33 4 39 4 62 32 4 30 4 45 4 18 4 48 28 4 38 4 39 4 70 18 4 31 4 25 4 55 50 4 36 4 30 4 73 15 4 23 4 41 4 42 28 4 29 4 39 4 47 4 82 41 4 25 4 39 4 37 4 51 38 4 40 4 37 4 64 38 4 29 4 43 4 48 47 4 37 4 41 4 
iteration 1286 best: 1.13968 time: 411779
84 29 4 23 4 18 4 66 25 4 42 4 10 54 4 33 4 19 4 67 13 4 19 4 35 4 95 41 4 26 4 17 4 83 24 4 22 4 20 4 32 4 25 36 4 50 4 29 4 46 27 4 36 4 37 33 4 36 4 39 10 4 32 4 26 4 32 4 45 25 4 37 4 47 46 4 40 4 74 39 4 26 4 44 4 25 4 36 4 41 26 4 55 4 25 4 38 4 62 29 4 39 4 66 36 4 41 4 22 4 41 4 67 43 4 44 4 17 4 57 28 4 36 4 85 48 4 42 4 54 44 20 63 29 4 26 4 32 4 68 27 20 55 31 4 50 4 35 4 46 34 4 16 4 25 4 45 4 39 46 4 22 4 80 45 4 33 4 14 4 76 27 4 40 4 55 45 4 39 4 22 4 52 43 4 28 4 40 4 56 31 4 21 4 49 31 4 35 4 76 43 4 94 10 4 28 4 35 4 42 10 4 53 4 46 49 4 41 4 60 29 4 21 4 50 34 4 26 4 88 15 4 30 4 57 27 4 38 4 90 28 4 27 4 61 25 4 22 4 56 30 4 43 4 43 4 32 28 4 32 4 92 57 4 52 4 29 4 56 34 4 42 4 41 4 49 47 4 25 4 29 4 29 4 72 40 4 31 4 18 4 32 4 35 38 4 42 4 34 4 69 36 4 30 4 79 9 4 17 4 25 4 50 31 4 31 4 26 4 58 26 4 16 4 33 4 53 41 4 27 4 37 4 80 30 16 45 16 33 43 4 71 40 16 46 16 95 34 4 23 4 72 31 4 24 4 27 4 55 31 4 28 4 26 4 34 4 50 33 4 39 4 62 32 4 30 4 45 4 18 4 48 28 4 38 4 39 4 70 18 4 31 4 25 4 55 50 4 36 4 30 4 73 15 4 23 4 41 4 42 28 4 29 4 39 4 47 4 82 41 4 25 4 39 4 37 4 51 38 4 40 4 37 4 64 38 4 29 4 43 4 48 47 4 37 4 41 4 
iteration 1309 best: 1.13968 time: 419101
84 29 4 23 4 18 4 66 25 4 42 4 10 54 4 33 4 19 4 67 13 4 19 4 35 4 95 41 4 26 4 17 4 83 24 4 22 4 20 4 32 4 25 36 4 50 4 29 4 46 27 4 36 4 37 33 4 36 4 39 10 4 32 4 26 4 32 4 45 25 4 37 4 47 46 4 40 4 74 39 4 26 4 44 4 25 4 36 4 41 26 4 55 4 25 4 38 4 62 29 4 39 4 66 36 4 41 4 22 4 41 4 67 43 4 44 4 17 4 57 28 4 36 4 85 48 4 42 4 54 44 20 63 29 4 26 4 32 4 68 27 20 55 31 4 50 4 35 4 46 34 4 16 4 25 4 45 4 39 46 4 22 4 80 45 4 33 4 14 4 76 27 4 40 4 55 45 4 39 4 22 4 52 43 4 28 4 40 4 56 31 4 21 4 49 31 4 35 4 76 43 4 94 10 4 28 4 35 4 42 10 4 53 4 46 49 4 41 4 60 29 4 21 4 50 34 4 26 4 88 15 4 30 4 57 27 4 38 4 90 28 4 27 4 61 25 4 22 4 56 30 4 43 4 43 4 32 28 4 32 4 92 57 4 52 4 29 4 56 34 4 42 4 41 4 49 47 4 25 4 29 4 29 4 72 40 4 31 4 18 4 32 4 35 38 4 42 4 34 4 69 36 4 30 4 79 9 4 17 4 25 4 50 31 4 31 4 26 4 58 26 4 16 4 33 4 53 41 4 27 4 37 4 80 30 16 45 16 33 43 4 71 40 16 46 16 95 34 4 23 4 72 31 4 24 4 27 4 55 31 4 28 4 26 4 34 4 50 33 4 39 4 62 32 4 30 4 45 4 18 4 48 28 4 38 4 39 4 70 18 4 31 4 25 4 55 50 4 36 4 30 4 73 15 4 23 4 41 4 42 28 4 29 4 39 4 47 4 82 41 4 25 4 39 4 37 4 51 38 4 40 4 37 4 64 38 4 29 4 43 4 48 47 4 37 4 41 4 
iteration 1332 best: 1.13968 time: 426440
84 29 4 23 4 18 4 66 25 4 42 4 10 54 4 33 4 19 4 67 13 4 19 4 35 4 95 41 4 26 4 17 4 83 24 4 22 4 20 4 32 4 25 36 4 50 4 29 4 46 27 4 36 4 37 33 4 36 4 39 10 4 32 4 26 4 32 4 45 25 4 37 4 47 46 4 40 4 74 39 4 26 4 44 4 25 4 36 4 41 26 4 55 4 25 4 38 4 62 29 4 39 4 66 36 4 41 4 22 4 41 4 67 43 4 44 4 17 4 57 28 4 36 4 85 48 4 42 4 54 44 20 63 29 4 26 4 32 4 68 27 20 55 31 4 50 4 35 4 46 34 4 16 4 25 4 45 4 39 46 4 22 4 80 45 4 33 4 14 4 76 27 4 40 4 55 45 4 39 4 22 4 52 43 4 28 4 40 4 56 31 4 21 4 49 31 4 35 4 76 43 4 94 10 4 28 4 35 4 42 10 4 53 4 46 49 4 41 4 60 29 4 21 4 50 34 4 26 4 88 15 4 30 4 57 27 4 38 4 90 28 4 27 4 61 25 4 22 4 56 30 4 43 4 43 4 32 28 4 32 4 92 57 4 52 4 29 4 56 34 4 42 4 41 4 49 47 4 25 4 29 4 29 4 72 40 4 31 4 18 4 32 4 35 38 4 42 4 34 4 69 36 4 30 4 79 9 4 17 4 25 4 50 31 4 31 4 26 4 58 26 4 16 4 33 4 53 41 4 27 4 37 4 80 30 16 45 16 33 43 4 71 40 16 46 16 95 34 4 23 4 72 31 4 24 4 27 4 55 31 4 28 4 26 4 34 4 50 33 4 39 4 62 32 4 30 4 45 4 18 4 48 28 4 38 4 39 4 70 18 4 31 4 25 4 55 50 4 36 4 30 4 73 15 4 23 4 41 4 42 28 4 29 4 39 4 47 4 82 41 4 25 4 39 4 37 4 51 38 4 40 4 37 4 64 38 4 29 4 43 4 48 47 4 37 4 41 4 
iteration 1355 best: 1.13968 time: 433762
84 29 4 23 4 18 4 66 25 4 42 4 10 54 4 33 4 19 4 67 13 4 19 4 35 4 95 41 4 26 4 17 4 83 24 4 22 4 20 4 32 4 25 36 4 50 4 29 4 46 27 4 36 4 37 33 4 36 4 39 10 4 32 4 26 4 32 4 45 25 4 37 4 47 46 4 40 4 74 39 4 26 4 44 4 25 4 36 4 41 26 4 55 4 25 4 38 4 62 29 4 39 4 66 36 4 41 4 22 4 41 4 67 43 4 44 4 17 4 57 28 4 36 4 85 48 4 42 4 54 44 20 63 29 4 26 4 32 4 68 27 20 55 31 4 50 4 35 4 46 34 4 16 4 25 4 45 4 39 46 4 22 4 80 45 4 33 4 14 4 76 27 4 40 4 55 45 4 39 4 22 4 52 43 4 28 4 40 4 56 31 4 21 4 49 31 4 35 4 76 43 4 94 10 4 28 4 35 4 42 10 4 53 4 46 49 4 41 4 60 29 4 21 4 50 34 4 26 4 88 15 4 30 4 57 27 4 38 4 90 28 4 27 4 61 25 4 22 4 56 30 4 43 4 43 4 32 28 4 32 4 92 57 4 52 4 29 4 56 34 4 42 4 41 4 49 47 4 25 4 29 4 29 4 72 40 4 31 4 18 4 32 4 35 38 4 42 4 34 4 69 36 4 30 4 79 9 4 17 4 25 4 50 31 4 31 4 26 4 58 26 4 16 4 33 4 53 41 4 27 4 37 4 80 30 16 45 16 33 43 4 71 40 16 46 16 95 34 4 23 4 72 31 4 24 4 27 4 55 31 4 28 4 26 4 34 4 50 33 4 39 4 62 32 4 30 4 45 4 18 4 48 28 4 38 4 39 4 70 18 4 31 4 25 4 55 50 4 36 4 30 4 73 15 4 23 4 41 4 42 28 4 29 4 39 4 47 4 82 41 4 25 4 39 4 37 4 51 38 4 40 4 37 4 64 38 4 29 4 43 4 48 47 4 37 4 41 4 
iteration 1378 best: 1.13968 time: 441099
84 29 4 23 4 18 4 66 25 4 42 4 10 54 4 33 4 19 4 67 13 4 19 4 35 4 95 41 4 26 4 17 4 83 24 4 22 4 20 4 32 4 25 36 4 50 4 29 4 46 27 4 36 4 37 33 4 36 4 39 10 4 32 4 26 4 32 4 45 25 4 37 4 47 46 4 40 4 74 39 4 26 4 44 4 25 4 36 4 41 26 4 55 4 25 4 38 4 62 29 4 39 4 66 36 4 41 4 22 4 41 4 67 43 4 44 4 17 4 57 28 4 36 4 85 48 4 42 4 54 44 20 63 29 4 26 4 32 4 68 27 20 55 31 4 50 4 35 4 46 34 4 16 4 25 4 45 4 39 46 4 22 4 80 45 4 33 4 14 4 76 27 4 40 4 55 45 4 39 4 22 4 52 43 4 28 4 40 4 56 31 4 21 4 49 31 4 35 4 76 43 4 94 10 4 28 4 35 4 42 10 4 53 4 46 49 4 41 4 60 29 4 21 4 50 34 4 26 4 88 15 4 30 4 57 27 4 38 4 90 28 4 27 4 61 25 4 22 4 56 30 4 43 4 43 4 32 28 4 32 4 92 57 4 52 4 29 4 56 34 4 42 4 41 4 49 47 4 25 4 29 4 29 4 72 40 4 31 4 18 4 32 4 35 38 4 42 4 34 4 69 36 4 30 4 79 9 4 17 4 25 4 50 31 4 31 4 26 4 58 26 4 16 4 33 4 53 41 4 27 4 37 4 80 30 16 45 16 33 43 4 71 40 16 46 16 95 34 4 23 4 72 31 4 24 4 27 4 55 31 4 28 4 26 4 34 4 50 33 4 39 4 62 32 4 30 4 45 4 18 4 48 28 4 38 4 39 4 70 18 4 31 4 25 4 55 50 4 36 4 30 4 73 15 4 23 4 41 4 42 28 4 29 4 39 4 47 4 82 41 4 25 4 39 4 37 4 51 38 4 40 4 37 4 64 38 4 29 4 43 4 48 47 4 37 4 41 4 
iteration 1401 best: 1.13968 time: 448418
84 29 4 23 4 18 4 66 25 4 42 4 10 54 4 33 4 19 4 67 13 4 19 4 35 4 95 41 4 26 4 17 4 83 24 4 22 4 20 4 32 4 25 36 4 50 4 29 4 46 27 4 36 4 37 33 4 36 4 39 10 4 32 4 26 4 32 4 45 25 4 37 4 47 46 4 40 4 74 39 4 26 4 44 4 25 4 36 4 41 26 4 55 4 25 4 38 4 62 29 4 39 4 66 36 4 41 4 22 4 41 4 67 43 4 44 4 17 4 57 28 4 36 4 85 48 4 42 4 54 44 20 63 29 4 26 4 32 4 68 27 20 55 31 4 50 4 35 4 46 34 4 16 4 25 4 45 4 39 46 4 22 4 80 45 4 33 4 14 4 76 27 4 40 4 55 45 4 39 4 22 4 52 43 4 28 4 40 4 56 31 4 21 4 49 31 4 35 4 76 43 4 94 10 4 28 4 35 4 42 10 4 53 4 46 49 4 41 4 60 29 4 21 4 50 34 4 26 4 88 15 4 30 4 57 27 4 38 4 90 28 4 27 4 61 25 4 22 4 56 30 4 43 4 43 4 32 28 4 32 4 92 57 4 52 4 29 4 56 34 4 42 4 41 4 49 47 4 25 4 29 4 29 4 72 40 4 31 4 18 4 32 4 35 38 4 42 4 34 4 69 36 4 30 4 79 9 4 17 4 25 4 50 31 4 31 4 26 4 58 26 4 16 4 33 4 53 41 4 27 4 37 4 80 30 16 45 16 33 43 4 71 40 16 46 16 95 34 4 23 4 72 31 4 24 4 27 4 55 31 4 28 4 26 4 34 4 50 33 4 39 4 62 32 4 30 4 45 4 18 4 48 28 4 38 4 39 4 70 18 4 31 4 25 4 55 50 4 36 4 30 4 73 15 4 23 4 41 4 42 28 4 29 4 39 4 47 4 82 41 4 25 4 39 4 37 4 51 38 4 40 4 37 4 64 38 4 29 4 43 4 48 47 4 37 4 41 4 
iteration 1424 best: 1.13968 time: 455765
84 29 4 23 4 18 4 66 25 4 42 4 10 54 4 33 4 19 4 67 13 4 19 4 35 4 95 41 4 26 4 17 4 83 24 4 22 4 20 4 32 4 25 36 4 50 4 29 4 46 27 4 36 4 37 33 4 36 4 39 10 4 32 4 26 4 32 4 45 25 4 37 4 47 46 4 40 4 74 39 4 26 4 44 4 25 4 36 4 41 26 4 55 4 25 4 38 4 62 29 4 39 4 66 36 4 41 4 22 4 41 4 67 43 4 44 4 17 4 57 28 4 36 4 85 48 4 42 4 54 44 20 63 29 4 26 4 32 4 68 27 20 55 31 4 50 4 35 4 46 34 4 16 4 25 4 45 4 39 46 4 22 4 80 45 4 33 4 14 4 76 27 4 40 4 55 45 4 39 4 22 4 52 43 4 28 4 40 4 56 31 4 21 4 49 31 4 35 4 76 43 4 94 10 4 28 4 35 4 42 10 4 53 4 46 49 4 41 4 60 29 4 21 4 50 34 4 26 4 88 15 4 30 4 57 27 4 38 4 90 28 4 27 4 61 25 4 22 4 56 30 4 43 4 43 4 32 28 4 32 4 92 57 4 52 4 29 4 56 34 4 42 4 41 4 49 47 4 25 4 29 4 29 4 72 40 4 31 4 18 4 32 4 35 38 4 42 4 34 4 69 36 4 30 4 79 9 4 17 4 25 4 50 31 4 31 4 26 4 58 26 4 16 4 33 4 53 41 4 27 4 37 4 80 30 16 45 16 33 43 4 71 40 16 46 16 95 34 4 23 4 72 31 4 24 4 27 4 55 31 4 28 4 26 4 34 4 50 33 4 39 4 62 32 4 30 4 45 4 18 4 48 28 4 38 4 39 4 70 18 4 31 4 25 4 55 50 4 36 4 30 4 73 15 4 23 4 41 4 42 28 4 29 4 39 4 47 4 82 41 4 25 4 39 4 37 4 51 38 4 40 4 37 4 64 38 4 29 4 43 4 48 47 4 37 4 41 4 
iteration 1447 best: 1.13968 time: 463109
84 29 4 23 4 18 4 66 25 4 42 4 10 54 4 33 4 19 4 67 13 4 19 4 35 4 95 41 4 26 4 17 4 83 24 4 22 4 20 4 32 4 25 36 4 50 4 29 4 46 27 4 36 4 37 33 4 36 4 39 10 4 32 4 26 4 32 4 45 25 4 37 4 47 46 4 40 4 74 39 4 26 4 44 4 25 4 36 4 41 26 4 55 4 25 4 38 4 62 29 4 39 4 66 36 4 41 4 22 4 41 4 67 43 4 44 4 17 4 57 28 4 36 4 85 48 4 42 4 54 44 20 63 29 4 26 4 32 4 68 27 20 55 31 4 50 4 35 4 46 34 4 16 4 25 4 45 4 39 46 4 22 4 80 45 4 33 4 14 4 76 27 4 40 4 55 45 4 39 4 22 4 52 43 4 28 4 40 4 56 31 4 21 4 49 31 4 35 4 76 43 4 94 10 4 28 4 35 4 42 10 4 53 4 46 49 4 41 4 60 29 4 21 4 50 34 4 26 4 88 15 4 30 4 57 27 4 38 4 90 28 4 27 4 61 25 4 22 4 56 30 4 43 4 43 4 32 28 4 32 4 92 57 4 52 4 29 4 56 34 4 42 4 41 4 49 47 4 25 4 29 4 29 4 72 40 4 31 4 18 4 32 4 35 38 4 42 4 34 4 69 36 4 30 4 79 9 4 17 4 25 4 50 31 4 31 4 26 4 58 26 4 16 4 33 4 53 41 4 27 4 37 4 80 30 16 45 16 33 43 4 71 40 16 46 16 95 34 4 23 4 72 31 4 24 4 27 4 55 31 4 28 4 26 4 34 4 50 33 4 39 4 62 32 4 30 4 45 4 18 4 48 28 4 38 4 39 4 70 18 4 31 4 25 4 55 50 4 36 4 30 4 73 15 4 23 4 41 4 42 28 4 29 4 39 4 47 4 82 41 4 25 4 39 4 37 4 51 38 4 40 4 37 4 64 38 4 29 4 43 4 48 47 4 37 4 41 4 
iteration 1470 best: 1.13968 time: 470471
84 29 4 23 4 18 4 66 25 4 42 4 10 54 4 33 4 19 4 67 13 4 19 4 35 4 95 41 4 26 4 17 4 83 24 4 22 4 20 4 32 4 25 36 4 50 4 29 4 46 27 4 36 4 37 33 4 36 4 39 10 4 32 4 26 4 32 4 45 25 4 37 4 47 46 4 40 4 74 39 4 26 4 44 4 25 4 36 4 41 26 4 55 4 25 4 38 4 62 29 4 39 4 66 36 4 41 4 22 4 41 4 67 43 4 44 4 17 4 57 28 4 36 4 85 48 4 42 4 54 44 20 63 29 4 26 4 32 4 68 27 20 55 31 4 50 4 35 4 46 34 4 16 4 25 4 45 4 39 46 4 22 4 80 45 4 33 4 14 4 76 27 4 40 4 55 45 4 39 4 22 4 52 43 4 28 4 40 4 56 31 4 21 4 49 31 4 35 4 76 43 4 94 10 4 28 4 35 4 42 10 4 53 4 46 49 4 41 4 60 29 4 21 4 50 34 4 26 4 88 15 4 30 4 57 27 4 38 4 90 28 4 27 4 61 25 4 22 4 56 30 4 43 4 43 4 32 28 4 32 4 92 57 4 52 4 29 4 56 34 4 42 4 41 4 49 47 4 25 4 29 4 29 4 72 40 4 31 4 18 4 32 4 35 38 4 42 4 34 4 69 36 4 30 4 79 9 4 17 4 25 4 50 31 4 31 4 26 4 58 26 4 16 4 33 4 53 41 4 27 4 37 4 80 30 16 45 16 33 43 4 71 40 16 46 16 95 34 4 23 4 72 31 4 24 4 27 4 55 31 4 28 4 26 4 34 4 50 33 4 39 4 62 32 4 30 4 45 4 18 4 48 28 4 38 4 39 4 70 18 4 31 4 25 4 55 50 4 36 4 30 4 73 15 4 23 4 41 4 42 28 4 29 4 39 4 47 4 82 41 4 25 4 39 4 37 4 51 38 4 40 4 37 4 64 38 4 29 4 43 4 48 47 4 37 4 41 4 
iteration 1493 best: 1.13968 time: 477820
84 29 4 23 4 18 4 66 25 4 42 4 10 54 4 33 4 19 4 67 13 4 19 4 35 4 95 41 4 26 4 17 4 83 24 4 22 4 20 4 32 4 25 36 4 50 4 29 4 46 27 4 36 4 37 33 4 36 4 39 10 4 32 4 26 4 32 4 45 25 4 37 4 47 46 4 40 4 74 39 4 26 4 44 4 25 4 36 4 41 26 4 55 4 25 4 38 4 62 29 4 39 4 66 36 4 41 4 22 4 41 4 67 43 4 44 4 17 4 57 28 4 36 4 85 48 4 42 4 54 44 20 63 29 4 26 4 32 4 68 27 20 55 31 4 50 4 35 4 46 34 4 16 4 25 4 45 4 39 46 4 22 4 80 45 4 33 4 14 4 76 27 4 40 4 55 45 4 39 4 22 4 52 43 4 28 4 40 4 56 31 4 21 4 49 31 4 35 4 76 43 4 94 10 4 28 4 35 4 42 10 4 53 4 46 49 4 41 4 60 29 4 21 4 50 34 4 26 4 88 15 4 30 4 57 27 4 38 4 90 28 4 27 4 61 25 4 22 4 56 30 4 43 4 43 4 32 28 4 32 4 92 57 4 52 4 29 4 56 34 4 42 4 41 4 49 47 4 25 4 29 4 29 4 72 40 4 31 4 18 4 32 4 35 38 4 42 4 34 4 69 36 4 30 4 79 9 4 17 4 25 4 50 31 4 31 4 26 4 58 26 4 16 4 33 4 53 41 4 27 4 37 4 80 30 16 45 16 33 43 4 71 40 16 46 16 95 34 4 23 4 72 31 4 24 4 27 4 55 31 4 28 4 26 4 34 4 50 33 4 39 4 62 32 4 30 4 45 4 18 4 48 28 4 38 4 39 4 70 18 4 31 4 25 4 55 50 4 36 4 30 4 73 15 4 23 4 41 4 42 28 4 29 4 39 4 47 4 82 41 4 25 4 39 4 37 4 51 38 4 40 4 37 4 64 38 4 29 4 43 4 48 47 4 37 4 41 4 
iteration 1516 best: 1.13968 time: 485162
84 29 4 23 4 18 4 66 25 4 42 4 10 54 4 33 4 19 4 67 13 4 19 4 35 4 95 41 4 26 4 17 4 83 24 4 22 4 20 4 32 4 25 36 4 50 4 29 4 46 27 4 36 4 37 33 4 36 4 39 10 4 32 4 26 4 32 4 45 25 4 37 4 47 46 4 40 4 74 39 4 26 4 44 4 25 4 36 4 41 26 4 55 4 25 4 38 4 62 29 4 39 4 66 36 4 41 4 22 4 41 4 67 43 4 44 4 17 4 57 28 4 36 4 85 48 4 42 4 54 44 20 63 29 4 26 4 32 4 68 27 20 55 31 4 50 4 35 4 46 34 4 16 4 25 4 45 4 39 46 4 22 4 80 45 4 33 4 14 4 76 27 4 40 4 55 45 4 39 4 22 4 52 43 4 28 4 40 4 56 31 4 21 4 49 31 4 35 4 76 43 4 94 10 4 28 4 35 4 42 10 4 53 4 46 49 4 41 4 60 29 4 21 4 50 34 4 26 4 88 15 4 30 4 57 27 4 38 4 90 28 4 27 4 61 25 4 22 4 56 30 4 43 4 43 4 32 28 4 32 4 92 57 4 52 4 29 4 56 34 4 42 4 41 4 49 47 4 25 4 29 4 29 4 72 40 4 31 4 18 4 32 4 35 38 4 42 4 34 4 69 36 4 30 4 79 9 4 17 4 25 4 50 31 4 31 4 26 4 58 26 4 16 4 33 4 53 41 4 27 4 37 4 80 30 16 45 16 33 43 4 71 40 16 46 16 95 34 4 23 4 72 31 4 24 4 27 4 55 31 4 28 4 26 4 34 4 50 33 4 39 4 62 32 4 30 4 45 4 18 4 48 28 4 38 4 39 4 70 18 4 31 4 25 4 55 50 4 36 4 30 4 73 15 4 23 4 41 4 42 28 4 29 4 39 4 47 4 82 41 4 25 4 39 4 37 4 51 38 4 40 4 37 4 64 38 4 29 4 43 4 48 47 4 37 4 41 4 
iteration 1539 best: 1.13968 time: 492506
84 29 4 23 4 18 4 66 25 4 42 4 10 54 4 33 4 19 4 67 13 4 19 4 35 4 95 41 4 26 4 17 4 83 24 4 22 4 20 4 32 4 25 36 4 50 4 29 4 46 27 4 36 4 37 33 4 36 4 39 10 4 32 4 26 4 32 4 45 25 4 37 4 47 46 4 40 4 74 39 4 26 4 44 4 25 4 36 4 41 26 4 55 4 25 4 38 4 62 29 4 39 4 66 36 4 41 4 22 4 41 4 67 43 4 44 4 17 4 57 28 4 36 4 85 48 4 42 4 54 44 20 63 29 4 26 4 32 4 68 27 20 55 31 4 50 4 35 4 46 34 4 16 4 25 4 45 4 39 46 4 22 4 80 45 4 33 4 14 4 76 27 4 40 4 55 45 4 39 4 22 4 52 43 4 28 4 40 4 56 31 4 21 4 49 31 4 35 4 76 43 4 94 10 4 28 4 35 4 42 10 4 53 4 46 49 4 41 4 60 29 4 21 4 50 34 4 26 4 88 15 4 30 4 57 27 4 38 4 90 28 4 27 4 61 25 4 22 4 56 30 4 43 4 43 4 32 28 4 32 4 92 57 4 52 4 29 4 56 34 4 42 4 41 4 49 47 4 25 4 29 4 29 4 72 40 4 31 4 18 4 32 4 35 38 4 42 4 34 4 69 36 4 30 4 79 9 4 17 4 25 4 50 31 4 31 4 26 4 58 26 4 16 4 33 4 53 41 4 27 4 37 4 80 30 16 45 16 33 43 4 71 40 16 46 16 95 34 4 23 4 72 31 4 24 4 27 4 55 31 4 28 4 26 4 34 4 50 33 4 39 4 62 32 4 30 4 45 4 18 4 48 28 4 38 4 39 4 70 18 4 31 4 25 4 55 50 4 36 4 30 4 73 15 4 23 4 41 4 42 28 4 29 4 39 4 47 4 82 41 4 25 4 39 4 37 4 51 38 4 40 4 37 4 64 38 4 29 4 43 4 48 47 4 37 4 41 4 
iteration 1562 best: 1.13968 time: 499854
84 29 4 23 4 18 4 66 25 4 42 4 10 54 4 33 4 19 4 67 13 4 19 4 35 4 95 41 4 26 4 17 4 83 24 4 22 4 20 4 32 4 25 36 4 50 4 29 4 46 27 4 36 4 37 33 4 36 4 39 10 4 32 4 26 4 32 4 45 25 4 37 4 47 46 4 40 4 74 39 4 26 4 44 4 25 4 36 4 41 26 4 55 4 25 4 38 4 62 29 4 39 4 66 36 4 41 4 22 4 41 4 67 43 4 44 4 17 4 57 28 4 36 4 85 48 4 42 4 54 44 20 63 29 4 26 4 32 4 68 27 20 55 31 4 50 4 35 4 46 34 4 16 4 25 4 45 4 39 46 4 22 4 80 45 4 33 4 14 4 76 27 4 40 4 55 45 4 39 4 22 4 52 43 4 28 4 40 4 56 31 4 21 4 49 31 4 35 4 76 43 4 94 10 4 28 4 35 4 42 10 4 53 4 46 49 4 41 4 60 29 4 21 4 50 34 4 26 4 88 15 4 30 4 57 27 4 38 4 90 28 4 27 4 61 25 4 22 4 56 30 4 43 4 43 4 32 28 4 32 4 92 57 4 52 4 29 4 56 34 4 42 4 41 4 49 47 4 25 4 29 4 29 4 72 40 4 31 4 18 4 32 4 35 38 4 42 4 34 4 69 36 4 30 4 79 9 4 17 4 25 4 50 31 4 31 4 26 4 58 26 4 16 4 33 4 53 41 4 27 4 37 4 80 30 16 45 16 33 43 4 71 40 16 46 16 95 34 4 23 4 72 31 4 24 4 27 4 55 31 4 28 4 26 4 34 4 50 33 4 39 4 62 32 4 30 4 45 4 18 4 48 28 4 38 4 39 4 70 18 4 31 4 25 4 55 50 4 36 4 30 4 73 15 4 23 4 41 4 42 28 4 29 4 39 4 47 4 82 41 4 25 4 39 4 37 4 51 38 4 40 4 37 4 64 38 4 29 4 43 4 48 47 4 37 4 41 4 
iteration 1585 best: 1.13968 time: 507187
84 29 4 23 4 18 4 66 25 4 42 4 10 54 4 33 4 19 4 67 13 4 19 4 35 4 95 41 4 26 4 17 4 83 24 4 22 4 20 4 32 4 25 36 4 50 4 29 4 46 27 4 36 4 37 33 4 36 4 39 10 4 32 4 26 4 32 4 45 25 4 37 4 47 46 4 40 4 74 39 4 26 4 44 4 25 4 36 4 41 26 4 55 4 25 4 38 4 62 29 4 39 4 66 36 4 41 4 22 4 41 4 67 43 4 44 4 17 4 57 28 4 36 4 85 48 4 42 4 54 44 20 63 29 4 26 4 32 4 68 27 20 55 31 4 50 4 35 4 46 34 4 16 4 25 4 45 4 39 46 4 22 4 80 45 4 33 4 14 4 76 27 4 40 4 55 45 4 39 4 22 4 52 43 4 28 4 40 4 56 31 4 21 4 49 31 4 35 4 76 43 4 94 10 4 28 4 35 4 42 10 4 53 4 46 49 4 41 4 60 29 4 21 4 50 34 4 26 4 88 15 4 30 4 57 27 4 38 4 90 28 4 27 4 61 25 4 22 4 56 30 4 43 4 43 4 32 28 4 32 4 92 57 4 52 4 29 4 56 34 4 42 4 41 4 49 47 4 25 4 29 4 29 4 72 40 4 31 4 18 4 32 4 35 38 4 42 4 34 4 69 36 4 30 4 79 9 4 17 4 25 4 50 31 4 31 4 26 4 58 26 4 16 4 33 4 53 41 4 27 4 37 4 80 30 16 45 16 33 43 4 71 40 16 46 16 95 34 4 23 4 72 31 4 24 4 27 4 55 31 4 28 4 26 4 34 4 50 33 4 39 4 62 32 4 30 4 45 4 18 4 48 28 4 38 4 39 4 70 18 4 31 4 25 4 55 50 4 36 4 30 4 73 15 4 23 4 41 4 42 28 4 29 4 39 4 47 4 82 41 4 25 4 39 4 37 4 51 38 4 40 4 37 4 64 38 4 29 4 43 4 48 47 4 37 4 41 4 
iteration 1608 best: 1.13968 time: 514561
84 29 4 23 4 18 4 66 25 4 42 4 10 54 4 33 4 19 4 67 13 4 19 4 35 4 95 41 4 26 4 17 4 83 24 4 22 4 20 4 32 4 25 36 4 50 4 29 4 46 27 4 36 4 37 33 4 36 4 39 10 4 32 4 26 4 32 4 45 25 4 37 4 47 46 4 40 4 74 39 4 26 4 44 4 25 4 36 4 41 26 4 55 4 25 4 38 4 62 29 4 39 4 66 36 4 41 4 22 4 41 4 67 43 4 44 4 17 4 57 28 4 36 4 85 48 4 42 4 54 44 20 63 29 4 26 4 32 4 68 27 20 55 31 4 50 4 35 4 46 34 4 16 4 25 4 45 4 39 46 4 22 4 80 45 4 33 4 14 4 76 27 4 40 4 55 45 4 39 4 22 4 52 43 4 28 4 40 4 56 31 4 21 4 49 31 4 35 4 76 43 4 94 10 4 28 4 35 4 42 10 4 53 4 46 49 4 41 4 60 29 4 21 4 50 34 4 26 4 88 15 4 30 4 57 27 4 38 4 90 28 4 27 4 61 25 4 22 4 56 30 4 43 4 43 4 32 28 4 32 4 92 57 4 52 4 29 4 56 34 4 42 4 41 4 49 47 4 25 4 29 4 29 4 72 40 4 31 4 18 4 32 4 35 38 4 42 4 34 4 69 36 4 30 4 79 9 4 17 4 25 4 50 31 4 31 4 26 4 58 26 4 16 4 33 4 53 41 4 27 4 37 4 80 30 16 45 16 33 43 4 71 40 16 46 16 95 34 4 23 4 72 31 4 24 4 27 4 55 31 4 28 4 26 4 34 4 50 33 4 39 4 62 32 4 30 4 45 4 18 4 48 28 4 38 4 39 4 70 18 4 31 4 25 4 55 50 4 36 4 30 4 73 15 4 23 4 41 4 42 28 4 29 4 39 4 47 4 82 41 4 25 4 39 4 37 4 51 38 4 40 4 37 4 64 38 4 29 4 43 4 48 47 4 37 4 41 4 
iteration 1631 best: 1.13968 time: 521913
84 29 4 23 4 18 4 66 25 4 42 4 10 54 4 33 4 19 4 67 13 4 19 4 35 4 95 41 4 26 4 17 4 83 24 4 22 4 20 4 32 4 25 36 4 50 4 29 4 46 27 4 36 4 37 33 4 36 4 39 10 4 32 4 26 4 32 4 45 25 4 37 4 47 46 4 40 4 74 39 4 26 4 44 4 25 4 36 4 41 26 4 55 4 25 4 38 4 62 29 4 39 4 66 36 4 41 4 22 4 41 4 67 43 4 44 4 17 4 57 28 4 36 4 85 48 4 42 4 54 44 20 63 29 4 26 4 32 4 68 27 20 55 31 4 50 4 35 4 46 34 4 16 4 25 4 45 4 39 46 4 22 4 80 45 4 33 4 14 4 76 27 4 40 4 55 45 4 39 4 22 4 52 43 4 28 4 40 4 56 31 4 21 4 49 31 4 35 4 76 43 4 94 10 4 28 4 35 4 42 10 4 53 4 46 49 4 41 4 60 29 4 21 4 50 34 4 26 4 88 15 4 30 4 57 27 4 38 4 90 28 4 27 4 61 25 4 22 4 56 30 4 43 4 43 4 32 28 4 32 4 92 57 4 52 4 29 4 56 34 4 42 4 41 4 49 47 4 25 4 29 4 29 4 72 40 4 31 4 18 4 32 4 35 38 4 42 4 34 4 69 36 4 30 4 79 9 4 17 4 25 4 50 31 4 31 4 26 4 58 26 4 16 4 33 4 53 41 4 27 4 37 4 80 30 16 45 16 33 43 4 71 40 16 46 16 95 34 4 23 4 72 31 4 24 4 27 4 55 31 4 28 4 26 4 34 4 50 33 4 39 4 62 32 4 30 4 45 4 18 4 48 28 4 38 4 39 4 70 18 4 31 4 25 4 55 50 4 36 4 30 4 73 15 4 23 4 41 4 42 28 4 29 4 39 4 47 4 82 41 4 25 4 39 4 37 4 51 38 4 40 4 37 4 64 38 4 29 4 43 4 48 47 4 37 4 41 4 
iteration 1654 best: 1.13968 time: 529276
84 29 4 23 4 18 4 66 25 4 42 4 10 54 4 33 4 19 4 67 13 4 19 4 35 4 95 41 4 26 4 17 4 83 24 4 22 4 20 4 32 4 25 36 4 50 4 29 4 46 27 4 36 4 37 33 4 36 4 39 10 4 32 4 26 4 32 4 45 25 4 37 4 47 46 4 40 4 74 39 4 26 4 44 4 25 4 36 4 41 26 4 55 4 25 4 38 4 62 29 4 39 4 66 36 4 41 4 22 4 41 4 67 43 4 44 4 17 4 57 28 4 36 4 85 48 4 42 4 54 44 20 63 29 4 26 4 32 4 68 27 20 55 31 4 50 4 35 4 46 34 4 16 4 25 4 45 4 39 46 4 22 4 80 45 4 33 4 14 4 76 27 4 40 4 55 45 4 39 4 22 4 52 43 4 28 4 40 4 56 31 4 21 4 49 31 4 35 4 76 43 4 94 10 4 28 4 35 4 42 10 4 53 4 46 49 4 41 4 60 29 4 21 4 50 34 4 26 4 88 15 4 30 4 57 27 4 38 4 90 28 4 27 4 61 25 4 22 4 56 30 4 43 4 43 4 32 28 4 32 4 92 57 4 52 4 29 4 56 34 4 42 4 41 4 49 47 4 25 4 29 4 29 4 72 40 4 31 4 18 4 32 4 35 38 4 42 4 34 4 69 36 4 30 4 79 9 4 17 4 25 4 50 31 4 31 4 26 4 58 26 4 16 4 33 4 53 41 4 27 4 37 4 80 30 16 45 16 33 43 4 71 40 16 46 16 95 34 4 23 4 72 31 4 24 4 27 4 55 31 4 28 4 26 4 34 4 50 33 4 39 4 62 32 4 30 4 45 4 18 4 48 28 4 38 4 39 4 70 18 4 31 4 25 4 55 50 4 36 4 30 4 73 15 4 23 4 41 4 42 28 4 29 4 39 4 47 4 82 41 4 25 4 39 4 37 4 51 38 4 40 4 37 4 64 38 4 29 4 43 4 48 47 4 37 4 41 4 
iteration 1677 best: 1.13968 time: 536630
84 29 4 23 4 18 4 66 25 4 42 4 10 54 4 33 4 19 4 67 13 4 19 4 35 4 95 41 4 26 4 17 4 83 24 4 22 4 20 4 32 4 25 36 4 50 4 29 4 46 27 4 36 4 37 33 4 36 4 39 10 4 32 4 26 4 32 4 45 25 4 37 4 47 46 4 40 4 74 39 4 26 4 44 4 25 4 36 4 41 26 4 55 4 25 4 38 4 62 29 4 39 4 66 36 4 41 4 22 4 41 4 67 43 4 44 4 17 4 57 28 4 36 4 85 48 4 42 4 54 44 20 63 29 4 26 4 32 4 68 27 20 55 31 4 50 4 35 4 46 34 4 16 4 25 4 45 4 39 46 4 22 4 80 45 4 33 4 14 4 76 27 4 40 4 55 45 4 39 4 22 4 52 43 4 28 4 40 4 56 31 4 21 4 49 31 4 35 4 76 43 4 94 10 4 28 4 35 4 42 10 4 53 4 46 49 4 41 4 60 29 4 21 4 50 34 4 26 4 88 15 4 30 4 57 27 4 38 4 90 28 4 27 4 61 25 4 22 4 56 30 4 43 4 43 4 32 28 4 32 4 92 57 4 52 4 29 4 56 34 4 42 4 41 4 49 47 4 25 4 29 4 29 4 72 40 4 31 4 18 4 32 4 35 38 4 42 4 34 4 69 36 4 30 4 79 9 4 17 4 25 4 50 31 4 31 4 26 4 58 26 4 16 4 33 4 53 41 4 27 4 37 4 80 30 16 45 16 33 43 4 71 40 16 46 16 95 34 4 23 4 72 31 4 24 4 27 4 55 31 4 28 4 26 4 34 4 50 33 4 39 4 62 32 4 30 4 45 4 18 4 48 28 4 38 4 39 4 70 18 4 31 4 25 4 55 50 4 36 4 30 4 73 15 4 23 4 41 4 42 28 4 29 4 39 4 47 4 82 41 4 25 4 39 4 37 4 51 38 4 40 4 37 4 64 38 4 29 4 43 4 48 47 4 37 4 41 4 
iteration 1700 best: 1.13968 time: 543983
84 29 4 23 4 18 4 66 25 4 42 4 10 54 4 33 4 19 4 67 13 4 19 4 35 4 95 41 4 26 4 17 4 83 24 4 22 4 20 4 32 4 25 36 4 50 4 29 4 46 27 4 36 4 37 33 4 36 4 39 10 4 32 4 26 4 32 4 45 25 4 37 4 47 46 4 40 4 74 39 4 26 4 44 4 25 4 36 4 41 26 4 55 4 25 4 38 4 62 29 4 39 4 66 36 4 41 4 22 4 41 4 67 43 4 44 4 17 4 57 28 4 36 4 85 48 4 42 4 54 44 20 63 29 4 26 4 32 4 68 27 20 55 31 4 50 4 35 4 46 34 4 16 4 25 4 45 4 39 46 4 22 4 80 45 4 33 4 14 4 76 27 4 40 4 55 45 4 39 4 22 4 52 43 4 28 4 40 4 56 31 4 21 4 49 31 4 35 4 76 43 4 94 10 4 28 4 35 4 42 10 4 53 4 46 49 4 41 4 60 29 4 21 4 50 34 4 26 4 88 15 4 30 4 57 27 4 38 4 90 28 4 27 4 61 25 4 22 4 56 30 4 43 4 43 4 32 28 4 32 4 92 57 4 52 4 29 4 56 34 4 42 4 41 4 49 47 4 25 4 29 4 29 4 72 40 4 31 4 18 4 32 4 35 38 4 42 4 34 4 69 36 4 30 4 79 9 4 17 4 25 4 50 31 4 31 4 26 4 58 26 4 16 4 33 4 53 41 4 27 4 37 4 80 30 16 45 16 33 43 4 71 40 16 46 16 95 34 4 23 4 72 31 4 24 4 27 4 55 31 4 28 4 26 4 34 4 50 33 4 39 4 62 32 4 30 4 45 4 18 4 48 28 4 38 4 39 4 70 18 4 31 4 25 4 55 50 4 36 4 30 4 73 15 4 23 4 41 4 42 28 4 29 4 39 4 47 4 82 41 4 25 4 39 4 37 4 51 38 4 40 4 37 4 64 38 4 29 4 43 4 48 47 4 37 4 41 4 
iteration 1723 best: 1.13968 time: 551341
84 29 4 23 4 18 4 66 25 4 42 4 10 54 4 33 4 19 4 67 13 4 19 4 35 4 95 41 4 26 4 17 4 83 24 4 22 4 20 4 32 4 25 36 4 50 4 29 4 46 27 4 36 4 37 33 4 36 4 39 10 4 32 4 26 4 32 4 45 25 4 37 4 47 46 4 40 4 74 39 4 26 4 44 4 25 4 36 4 41 26 4 55 4 25 4 38 4 62 29 4 39 4 66 36 4 41 4 22 4 41 4 67 43 4 44 4 17 4 57 28 4 36 4 85 48 4 42 4 54 44 20 63 29 4 26 4 32 4 68 27 20 55 31 4 50 4 35 4 46 34 4 16 4 25 4 45 4 39 46 4 22 4 80 45 4 33 4 14 4 76 27 4 40 4 55 45 4 39 4 22 4 52 43 4 28 4 40 4 56 31 4 21 4 49 31 4 35 4 76 43 4 94 10 4 28 4 35 4 42 10 4 53 4 46 49 4 41 4 60 29 4 21 4 50 34 4 26 4 88 15 4 30 4 57 27 4 38 4 90 28 4 27 4 61 25 4 22 4 56 30 4 43 4 43 4 32 28 4 32 4 92 57 4 52 4 29 4 56 34 4 42 4 41 4 49 47 4 25 4 29 4 29 4 72 40 4 31 4 18 4 32 4 35 38 4 42 4 34 4 69 36 4 30 4 79 9 4 17 4 25 4 50 31 4 31 4 26 4 58 26 4 16 4 33 4 53 41 4 27 4 37 4 80 30 16 45 16 33 43 4 71 40 16 46 16 95 34 4 23 4 72 31 4 24 4 27 4 55 31 4 28 4 26 4 34 4 50 33 4 39 4 62 32 4 30 4 45 4 18 4 48 28 4 38 4 39 4 70 18 4 31 4 25 4 55 50 4 36 4 30 4 73 15 4 23 4 41 4 42 28 4 29 4 39 4 47 4 82 41 4 25 4 39 4 37 4 51 38 4 40 4 37 4 64 38 4 29 4 43 4 48 47 4 37 4 41 4 
iteration 1746 best: 1.13968 time: 558695
84 29 4 23 4 18 4 66 25 4 42 4 10 54 4 33 4 19 4 67 13 4 19 4 35 4 95 41 4 26 4 17 4 83 24 4 22 4 20 4 32 4 25 36 4 50 4 29 4 46 27 4 36 4 37 33 4 36 4 39 10 4 32 4 26 4 32 4 45 25 4 37 4 47 46 4 40 4 74 39 4 26 4 44 4 25 4 36 4 41 26 4 55 4 25 4 38 4 62 29 4 39 4 66 36 4 41 4 22 4 41 4 67 43 4 44 4 17 4 57 28 4 36 4 85 48 4 42 4 54 44 20 63 29 4 26 4 32 4 68 27 20 55 31 4 50 4 35 4 46 34 4 16 4 25 4 45 4 39 46 4 22 4 80 45 4 33 4 14 4 76 27 4 40 4 55 45 4 39 4 22 4 52 43 4 28 4 40 4 56 31 4 21 4 49 31 4 35 4 76 43 4 94 10 4 28 4 35 4 42 10 4 53 4 46 49 4 41 4 60 29 4 21 4 50 34 4 26 4 88 15 4 30 4 57 27 4 38 4 90 28 4 27 4 61 25 4 22 4 56 30 4 43 4 43 4 32 28 4 32 4 92 57 4 52 4 29 4 56 34 4 42 4 41 4 49 47 4 25 4 29 4 29 4 72 40 4 31 4 18 4 32 4 35 38 4 42 4 34 4 69 36 4 30 4 79 9 4 17 4 25 4 50 31 4 31 4 26 4 58 26 4 16 4 33 4 53 41 4 27 4 37 4 80 30 16 45 16 33 43 4 71 40 16 46 16 95 34 4 23 4 72 31 4 24 4 27 4 55 31 4 28 4 26 4 34 4 50 33 4 39 4 62 32 4 30 4 45 4 18 4 48 28 4 38 4 39 4 70 18 4 31 4 25 4 55 50 4 36 4 30 4 73 15 4 23 4 41 4 42 28 4 29 4 39 4 47 4 82 41 4 25 4 39 4 37 4 51 38 4 40 4 37 4 64 38 4 29 4 43 4 48 47 4 37 4 41 4 
iteration 1769 best: 1.13968 time: 566051
84 29 4 23 4 18 4 66 25 4 42 4 10 54 4 33 4 19 4 67 13 4 19 4 35 4 95 41 4 26 4 17 4 83 24 4 22 4 20 4 32 4 25 36 4 50 4 29 4 46 27 4 36 4 37 33 4 36 4 39 10 4 32 4 26 4 32 4 45 25 4 37 4 47 46 4 40 4 74 39 4 26 4 44 4 25 4 36 4 41 26 4 55 4 25 4 38 4 62 29 4 39 4 66 36 4 41 4 22 4 41 4 67 43 4 44 4 17 4 57 28 4 36 4 85 48 4 42 4 54 44 20 63 29 4 26 4 32 4 68 27 20 55 31 4 50 4 35 4 46 34 4 16 4 25 4 45 4 39 46 4 22 4 80 45 4 33 4 14 4 76 27 4 40 4 55 45 4 39 4 22 4 52 43 4 28 4 40 4 56 31 4 21 4 49 31 4 35 4 76 43 4 94 10 4 28 4 35 4 42 10 4 53 4 46 49 4 41 4 60 29 4 21 4 50 34 4 26 4 88 15 4 30 4 57 27 4 38 4 90 28 4 27 4 61 25 4 22 4 56 30 4 43 4 43 4 32 28 4 32 4 92 57 4 52 4 29 4 56 34 4 42 4 41 4 49 47 4 25 4 29 4 29 4 72 40 4 31 4 18 4 32 4 35 38 4 42 4 34 4 69 36 4 30 4 79 9 4 17 4 25 4 50 31 4 31 4 26 4 58 26 4 16 4 33 4 53 41 4 27 4 37 4 80 30 16 45 16 33 43 4 71 40 16 46 16 95 34 4 23 4 72 31 4 24 4 27 4 55 31 4 28 4 26 4 34 4 50 33 4 39 4 62 32 4 30 4 45 4 18 4 48 28 4 38 4 39 4 70 18 4 31 4 25 4 55 50 4 36 4 30 4 73 15 4 23 4 41 4 42 28 4 29 4 39 4 47 4 82 41 4 25 4 39 4 37 4 51 38 4 40 4 37 4 64 38 4 29 4 43 4 48 47 4 37 4 41 4 
iteration 1792 best: 1.13968 time: 573388
84 29 4 23 4 18 4 66 25 4 42 4 10 54 4 33 4 19 4 67 13 4 19 4 35 4 95 41 4 26 4 17 4 83 24 4 22 4 20 4 32 4 25 36 4 50 4 29 4 46 27 4 36 4 37 33 4 36 4 39 10 4 32 4 26 4 32 4 45 25 4 37 4 47 46 4 40 4 74 39 4 26 4 44 4 25 4 36 4 41 26 4 55 4 25 4 38 4 62 29 4 39 4 66 36 4 41 4 22 4 41 4 67 43 4 44 4 17 4 57 28 4 36 4 85 48 4 42 4 54 44 20 63 29 4 26 4 32 4 68 27 20 55 31 4 50 4 35 4 46 34 4 16 4 25 4 45 4 39 46 4 22 4 80 45 4 33 4 14 4 76 27 4 40 4 55 45 4 39 4 22 4 52 43 4 28 4 40 4 56 31 4 21 4 49 31 4 35 4 76 43 4 94 10 4 28 4 35 4 42 10 4 53 4 46 49 4 41 4 60 29 4 21 4 50 34 4 26 4 88 15 4 30 4 57 27 4 38 4 90 28 4 27 4 61 25 4 22 4 56 30 4 43 4 43 4 32 28 4 32 4 92 57 4 52 4 29 4 56 34 4 42 4 41 4 49 47 4 25 4 29 4 29 4 72 40 4 31 4 18 4 32 4 35 38 4 42 4 34 4 69 36 4 30 4 79 9 4 17 4 25 4 50 31 4 31 4 26 4 58 26 4 16 4 33 4 53 41 4 27 4 37 4 80 30 16 45 16 33 43 4 71 40 16 46 16 95 34 4 23 4 72 31 4 24 4 27 4 55 31 4 28 4 26 4 34 4 50 33 4 39 4 62 32 4 30 4 45 4 18 4 48 28 4 38 4 39 4 70 18 4 31 4 25 4 55 50 4 36 4 30 4 73 15 4 23 4 41 4 42 28 4 29 4 39 4 47 4 82 41 4 25 4 39 4 37 4 51 38 4 40 4 37 4 64 38 4 29 4 43 4 48 47 4 37 4 41 4 
iteration 1815 best: 1.13968 time: 580718
84 29 4 23 4 18 4 66 25 4 42 4 10 54 4 33 4 19 4 67 13 4 19 4 35 4 95 41 4 26 4 17 4 83 24 4 22 4 20 4 32 4 25 36 4 50 4 29 4 46 27 4 36 4 37 33 4 36 4 39 10 4 32 4 26 4 32 4 45 25 4 37 4 47 46 4 40 4 74 39 4 26 4 44 4 25 4 36 4 41 26 4 55 4 25 4 38 4 62 29 4 39 4 66 36 4 41 4 22 4 41 4 67 43 4 44 4 17 4 57 28 4 36 4 85 48 4 42 4 54 44 20 63 29 4 26 4 32 4 68 27 20 55 31 4 50 4 35 4 46 34 4 16 4 25 4 45 4 39 46 4 22 4 80 45 4 33 4 14 4 76 27 4 40 4 55 45 4 39 4 22 4 52 43 4 28 4 40 4 56 31 4 21 4 49 31 4 35 4 76 43 4 94 10 4 28 4 35 4 42 10 4 53 4 46 49 4 41 4 60 29 4 21 4 50 34 4 26 4 88 15 4 30 4 57 27 4 38 4 90 28 4 27 4 61 25 4 22 4 56 30 4 43 4 43 4 32 28 4 32 4 92 57 4 52 4 29 4 56 34 4 42 4 41 4 49 47 4 25 4 29 4 29 4 72 40 4 31 4 18 4 32 4 35 38 4 42 4 34 4 69 36 4 30 4 79 9 4 17 4 25 4 50 31 4 31 4 26 4 58 26 4 16 4 33 4 53 41 4 27 4 37 4 80 30 16 45 16 33 43 4 71 40 16 46 16 95 34 4 23 4 72 31 4 24 4 27 4 55 31 4 28 4 26 4 34 4 50 33 4 39 4 62 32 4 30 4 45 4 18 4 48 28 4 38 4 39 4 70 18 4 31 4 25 4 55 50 4 36 4 30 4 73 15 4 23 4 41 4 42 28 4 29 4 39 4 47 4 82 41 4 25 4 39 4 37 4 51 38 4 40 4 37 4 64 38 4 29 4 43 4 48 47 4 37 4 41 4 
iteration 1838 best: 1.13968 time: 588075
84 29 4 23 4 18 4 66 25 4 42 4 10 54 4 33 4 19 4 67 13 4 19 4 35 4 95 41 4 26 4 17 4 83 24 4 22 4 20 4 32 4 25 36 4 50 4 29 4 46 27 4 36 4 37 33 4 36 4 39 10 4 32 4 26 4 32 4 45 25 4 37 4 47 46 4 40 4 74 39 4 26 4 44 4 25 4 36 4 41 26 4 55 4 25 4 38 4 62 29 4 39 4 66 36 4 41 4 22 4 41 4 67 43 4 44 4 17 4 57 28 4 36 4 85 48 4 42 4 54 44 20 63 29 4 26 4 32 4 68 27 20 55 31 4 50 4 35 4 46 34 4 16 4 25 4 45 4 39 46 4 22 4 80 45 4 33 4 14 4 76 27 4 40 4 55 45 4 39 4 22 4 52 43 4 28 4 40 4 56 31 4 21 4 49 31 4 35 4 76 43 4 94 10 4 28 4 35 4 42 10 4 53 4 46 49 4 41 4 60 29 4 21 4 50 34 4 26 4 88 15 4 30 4 57 27 4 38 4 90 28 4 27 4 61 25 4 22 4 56 30 4 43 4 43 4 32 28 4 32 4 92 57 4 52 4 29 4 56 34 4 42 4 41 4 49 47 4 25 4 29 4 29 4 72 40 4 31 4 18 4 32 4 35 38 4 42 4 34 4 69 36 4 30 4 79 9 4 17 4 25 4 50 31 4 31 4 26 4 58 26 4 16 4 33 4 53 41 4 27 4 37 4 80 30 16 45 16 33 43 4 71 40 16 46 16 95 34 4 23 4 72 31 4 24 4 27 4 55 31 4 28 4 26 4 34 4 50 33 4 39 4 62 32 4 30 4 45 4 18 4 48 28 4 38 4 39 4 70 18 4 31 4 25 4 55 50 4 36 4 30 4 73 15 4 23 4 41 4 42 28 4 29 4 39 4 47 4 82 41 4 25 4 39 4 37 4 51 38 4 40 4 37 4 64 38 4 29 4 43 4 48 47 4 37 4 41 4 
iteration 1861 best: 1.13968 time: 595407
84 29 4 23 4 18 4 66 25 4 42 4 10 54 4 33 4 19 4 67 13 4 19 4 35 4 95 41 4 26 4 17 4 83 24 4 22 4 20 4 32 4 25 36 4 50 4 29 4 46 27 4 36 4 37 33 4 36 4 39 10 4 32 4 26 4 32 4 45 25 4 37 4 47 46 4 40 4 74 39 4 26 4 44 4 25 4 36 4 41 26 4 55 4 25 4 38 4 62 29 4 39 4 66 36 4 41 4 22 4 41 4 67 43 4 44 4 17 4 57 28 4 36 4 85 48 4 42 4 54 44 20 63 29 4 26 4 32 4 68 27 20 55 31 4 50 4 35 4 46 34 4 16 4 25 4 45 4 39 46 4 22 4 80 45 4 33 4 14 4 76 27 4 40 4 55 45 4 39 4 22 4 52 43 4 28 4 40 4 56 31 4 21 4 49 31 4 35 4 76 43 4 94 10 4 28 4 35 4 42 10 4 53 4 46 49 4 41 4 60 29 4 21 4 50 34 4 26 4 88 15 4 30 4 57 27 4 38 4 90 28 4 27 4 61 25 4 22 4 56 30 4 43 4 43 4 32 28 4 32 4 92 57 4 52 4 29 4 56 34 4 42 4 41 4 49 47 4 25 4 29 4 29 4 72 40 4 31 4 18 4 32 4 35 38 4 42 4 34 4 69 36 4 30 4 79 9 4 17 4 25 4 50 31 4 31 4 26 4 58 26 4 16 4 33 4 53 41 4 27 4 37 4 80 30 16 45 16 33 43 4 71 40 16 46 16 95 34 4 23 4 72 31 4 24 4 27 4 55 31 4 28 4 26 4 34 4 50 33 4 39 4 62 32 4 30 4 45 4 18 4 48 28 4 38 4 39 4 70 18 4 31 4 25 4 55 50 4 36 4 30 4 73 15 4 23 4 41 4 42 28 4 29 4 39 4 47 4 82 41 4 25 4 39 4 37 4 51 38 4 40 4 37 4 64 38 4 29 4 43 4 48 47 4 37 4 41 4 
iteration 1884 best: 1.13968 time: 602734
84 29 4 23 4 18 4 66 25 4 42 4 10 54 4 33 4 19 4 67 13 4 19 4 35 4 95 41 4 26 4 17 4 83 24 4 22 4 20 4 32 4 25 36 4 50 4 29 4 46 27 4 36 4 37 33 4 36 4 39 10 4 32 4 26 4 32 4 45 25 4 37 4 47 46 4 40 4 74 39 4 26 4 44 4 25 4 36 4 41 26 4 55 4 25 4 38 4 62 29 4 39 4 66 36 4 41 4 22 4 41 4 67 43 4 44 4 17 4 57 28 4 36 4 85 48 4 42 4 54 44 20 63 29 4 26 4 32 4 68 27 20 55 31 4 50 4 35 4 46 34 4 16 4 25 4 45 4 39 46 4 22 4 80 45 4 33 4 14 4 76 27 4 40 4 55 45 4 39 4 22 4 52 43 4 28 4 40 4 56 31 4 21 4 49 31 4 35 4 76 43 4 94 10 4 28 4 35 4 42 10 4 53 4 46 49 4 41 4 60 29 4 21 4 50 34 4 26 4 88 15 4 30 4 57 27 4 38 4 90 28 4 27 4 61 25 4 22 4 56 30 4 43 4 43 4 32 28 4 32 4 92 57 4 52 4 29 4 56 34 4 42 4 41 4 49 47 4 25 4 29 4 29 4 72 40 4 31 4 18 4 32 4 35 38 4 42 4 34 4 69 36 4 30 4 79 9 4 17 4 25 4 50 31 4 31 4 26 4 58 26 4 16 4 33 4 53 41 4 27 4 37 4 80 30 16 45 16 33 43 4 71 40 16 46 16 95 34 4 23 4 72 31 4 24 4 27 4 55 31 4 28 4 26 4 34 4 50 33 4 39 4 62 32 4 30 4 45 4 18 4 48 28 4 38 4 39 4 70 18 4 31 4 25 4 55 50 4 36 4 30 4 73 15 4 23 4 41 4 42 28 4 29 4 39 4 47 4 82 41 4 25 4 39 4 37 4 51 38 4 40 4 37 4 64 38 4 29 4 43 4 48 47 4 37 4 41 4 
Best solution: 
84 29 4 23 4 18 4 66 25 4 42 4 10 54 4 33 4 19 4 67 13 4 19 4 35 4 95 41 4 26 4 17 4 83 24 4 22 4 20 4 32 4 25 36 4 50 4 29 4 46 27 4 36 4 37 33 4 36 4 39 10 4 32 4 26 4 32 4 45 25 4 37 4 47 46 4 40 4 74 39 4 26 4 44 4 25 4 36 4 41 26 4 55 4 25 4 38 4 62 29 4 39 4 66 36 4 41 4 22 4 41 4 67 43 4 44 4 17 4 57 28 4 36 4 85 48 4 42 4 54 44 20 63 29 4 26 4 32 4 68 27 20 55 31 4 50 4 35 4 46 34 4 16 4 25 4 45 4 39 46 4 22 4 80 45 4 33 4 14 4 76 27 4 40 4 55 45 4 39 4 22 4 52 43 4 28 4 40 4 56 31 4 21 4 49 31 4 35 4 76 43 4 94 10 4 28 4 35 4 42 10 4 53 4 46 49 4 41 4 60 29 4 21 4 50 34 4 26 4 88 15 4 30 4 57 27 4 38 4 90 28 4 27 4 61 25 4 22 4 56 30 4 43 4 43 4 32 28 4 32 4 92 57 4 52 4 29 4 56 34 4 42 4 41 4 49 47 4 25 4 29 4 29 4 72 40 4 31 4 18 4 32 4 35 38 4 42 4 34 4 69 36 4 30 4 79 9 4 17 4 25 4 50 31 4 31 4 26 4 58 26 4 16 4 33 4 53 41 4 27 4 37 4 80 30 16 45 16 33 43 4 71 40 16 46 16 95 34 4 23 4 72 31 4 24 4 27 4 55 31 4 28 4 26 4 34 4 50 33 4 39 4 62 32 4 30 4 45 4 18 4 48 28 4 38 4 39 4 70 18 4 31 4 25 4 55 50 4 36 4 30 4 73 15 4 23 4 41 4 42 28 4 29 4 39 4 47 4 82 41 4 25 4 39 4 37 4 51 38 4 40 4 37 4 64 38 4 29 4 43 4 48 47 4 37 4 41 4 
Fitness: 1.13968
