iteration 16 best: 0.88714 time: 7530
67 36 8 84 42 8 68 36 8 63 9 4 44 4 29 38 4 28 4 62 7 8 98 48 4 15 4 73 9 12 30 5 8 22 46 8 63 34 8 63 14 12 76 19 4 10 4 34 21 4 28 4 45 4 44 4 0 29 4 5 4 42 4 3 34 8 79 54 8 51 53 4 13 4 0 53 16 5 16 60 10 4 37 4 47 4 35 4 56 32 4 28 4 24 4 89 57 8 13 8 10 6 4 15 4 12 4 7 4 102 19 8 52 29 4 54 4 40 4 5 4 35 31 8 103 14 4 103 40 8 62 7 8 90 5 8 16 55 4 14 4 34 4 97 48 4 35 4 85 18 4 39 4 10 4 94 9 4 17 4 115 41 4 46 4 20 4 91 43 4 22 4 102 50 4 43 4 42 18 16 18 16 27 46 28 36 4 48 4 48 32 4 15 4 10 4 105 50 4 33 4 72 17 16 50 16 9 23 22 51 4 50 4 83 34 16 41 16 17 43 4 13 4 7 4 69 42 4 38 4 99 6 4 31 4 20 4 27 34 4 43 4 45 14 21 4 21 46 19 17 4 30 45 20 4 109 28 16 29 16 44 13 4 30 4 9 4 102 31 32 18 4 38 51 49 4 12 34 4 5 4 38 4 0 25 16 26 16 9 57 4 51 4 55 19 4 30 4 49 4 41 17 4 44 10 5 4 15 28 4 30 4 23 4 47 4 82 50 4 50 4 24 4 10 4 80 26 4 11 4 46 39 37 4 34 16 4 10 4 48 4 43 23 4 11 30 33 4 53 15 4 30 5 10 4 13 22 4 43 4 49 34 13 52 4 12 13 8 4 56 12 4 5 4 69 42 4 15 4 11 4 9 4 89 6 4 28 4 44 4 19 4 38 23 4 49 4 52 10 27 13 4 26 4 40 42 4 23 4 31 4 52 4 18 14 4 24 4 50 4 111 27 4 16 4 49 4 71 39 4 9 4 15 4 48 4 13 18 4 18 4 44 4 36 4 
iteration 36 best: 0.88714 time: 15045
67 36 8 84 42 8 68 36 8 63 9 4 44 4 29 38 4 28 4 62 7 8 98 48 4 15 4 73 9 12 30 5 8 22 46 8 63 34 8 63 14 12 76 19 4 10 4 34 21 4 28 4 45 4 44 4 0 29 4 5 4 42 4 3 34 8 79 54 8 51 53 4 13 4 0 53 16 5 16 60 10 4 37 4 47 4 35 4 56 32 4 28 4 24 4 89 57 8 13 8 10 6 4 15 4 12 4 7 4 102 19 8 52 29 4 54 4 40 4 5 4 35 31 8 103 14 4 103 40 8 62 7 8 90 5 8 16 55 4 14 4 34 4 97 48 4 35 4 85 18 4 39 4 10 4 94 9 4 17 4 115 41 4 46 4 20 4 91 43 4 22 4 102 50 4 43 4 42 18 16 18 16 27 46 28 36 4 48 4 48 32 4 15 4 10 4 105 50 4 33 4 72 17 16 50 16 9 23 22 51 4 50 4 83 34 16 41 16 17 43 4 13 4 7 4 69 42 4 38 4 99 6 4 31 4 20 4 27 34 4 43 4 45 14 21 4 21 46 19 17 4 30 45 20 4 109 28 16 29 16 44 13 4 30 4 9 4 102 31 32 18 4 38 51 49 4 12 34 4 5 4 38 4 0 25 16 26 16 9 57 4 51 4 55 19 4 30 4 49 4 41 17 4 44 10 5 4 15 28 4 30 4 23 4 47 4 82 50 4 50 4 24 4 10 4 80 26 4 11 4 46 39 37 4 34 16 4 10 4 48 4 43 23 4 11 30 33 4 53 15 4 30 5 10 4 13 22 4 43 4 49 34 13 52 4 12 13 8 4 56 12 4 5 4 69 42 4 15 4 11 4 9 4 89 6 4 28 4 44 4 19 4 38 23 4 49 4 52 10 27 13 4 26 4 40 42 4 23 4 31 4 52 4 18 14 4 24 4 50 4 111 27 4 16 4 49 4 71 39 4 9 4 15 4 48 4 13 18 4 18 4 44 4 36 4 
iteration 56 best: 0.88714 time: 22530
67 36 8 84 42 8 68 36 8 63 9 4 44 4 29 38 4 28 4 62 7 8 98 48 4 15 4 73 9 12 30 5 8 22 46 8 63 34 8 63 14 12 76 19 4 10 4 34 21 4 28 4 45 4 44 4 0 29 4 5 4 42 4 3 34 8 79 54 8 51 53 4 13 4 0 53 16 5 16 60 10 4 37 4 47 4 35 4 56 32 4 28 4 24 4 89 57 8 13 8 10 6 4 15 4 12 4 7 4 102 19 8 52 29 4 54 4 40 4 5 4 35 31 8 103 14 4 103 40 8 62 7 8 90 5 8 16 55 4 14 4 34 4 97 48 4 35 4 85 18 4 39 4 10 4 94 9 4 17 4 115 41 4 46 4 20 4 91 43 4 22 4 102 50 4 43 4 42 18 16 18 16 27 46 28 36 4 48 4 48 32 4 15 4 10 4 105 50 4 33 4 72 17 16 50 16 9 23 22 51 4 50 4 83 34 16 41 16 17 43 4 13 4 7 4 69 42 4 38 4 99 6 4 31 4 20 4 27 34 4 43 4 45 14 21 4 21 46 19 17 4 30 45 20 4 109 28 16 29 16 44 13 4 30 4 9 4 102 31 32 18 4 38 51 49 4 12 34 4 5 4 38 4 0 25 16 26 16 9 57 4 51 4 55 19 4 30 4 49 4 41 17 4 44 10 5 4 15 28 4 30 4 23 4 47 4 82 50 4 50 4 24 4 10 4 80 26 4 11 4 46 39 37 4 34 16 4 10 4 48 4 43 23 4 11 30 33 4 53 15 4 30 5 10 4 13 22 4 43 4 49 34 13 52 4 12 13 8 4 56 12 4 5 4 69 42 4 15 4 11 4 9 4 89 6 4 28 4 44 4 19 4 38 23 4 49 4 52 10 27 13 4 26 4 40 42 4 23 4 31 4 52 4 18 14 4 24 4 50 4 111 27 4 16 4 49 4 71 39 4 9 4 15 4 48 4 13 18 4 18 4 44 4 36 4 
iteration 76 best: 0.88714 time: 30025
67 36 8 84 42 8 68 36 8 63 9 4 44 4 29 38 4 28 4 62 7 8 98 48 4 15 4 73 9 12 30 5 8 22 46 8 63 34 8 63 14 12 76 19 4 10 4 34 21 4 28 4 45 4 44 4 0 29 4 5 4 42 4 3 34 8 79 54 8 51 53 4 13 4 0 53 16 5 16 60 10 4 37 4 47 4 35 4 56 32 4 28 4 24 4 89 57 8 13 8 10 6 4 15 4 12 4 7 4 102 19 8 52 29 4 54 4 40 4 5 4 35 31 8 103 14 4 103 40 8 62 7 8 90 5 8 16 55 4 14 4 34 4 97 48 4 35 4 85 18 4 39 4 10 4 94 9 4 17 4 115 41 4 46 4 20 4 91 43 4 22 4 102 50 4 43 4 42 18 16 18 16 27 46 28 36 4 48 4 48 32 4 15 4 10 4 105 50 4 33 4 72 17 16 50 16 9 23 22 51 4 50 4 83 34 16 41 16 17 43 4 13 4 7 4 69 42 4 38 4 99 6 4 31 4 20 4 27 34 4 43 4 45 14 21 4 21 46 19 17 4 30 45 20 4 109 28 16 29 16 44 13 4 30 4 9 4 102 31 32 18 4 38 51 49 4 12 34 4 5 4 38 4 0 25 16 26 16 9 57 4 51 4 55 19 4 30 4 49 4 41 17 4 44 10 5 4 15 28 4 30 4 23 4 47 4 82 50 4 50 4 24 4 10 4 80 26 4 11 4 46 39 37 4 34 16 4 10 4 48 4 43 23 4 11 30 33 4 53 15 4 30 5 10 4 13 22 4 43 4 49 34 13 52 4 12 13 8 4 56 12 4 5 4 69 42 4 15 4 11 4 9 4 89 6 4 28 4 44 4 19 4 38 23 4 49 4 52 10 27 13 4 26 4 40 42 4 23 4 31 4 52 4 18 14 4 24 4 50 4 111 27 4 16 4 49 4 71 39 4 9 4 15 4 48 4 13 18 4 18 4 44 4 36 4 
iteration 96 best: 0.88714 time: 37501
67 36 8 84 42 8 68 36 8 63 9 4 44 4 29 38 4 28 4 62 7 8 98 48 4 15 4 73 9 12 30 5 8 22 46 8 63 34 8 63 14 12 76 19 4 10 4 34 21 4 28 4 45 4 44 4 0 29 4 5 4 42 4 3 34 8 79 54 8 51 53 4 13 4 0 53 16 5 16 60 10 4 37 4 47 4 35 4 56 32 4 28 4 24 4 89 57 8 13 8 10 6 4 15 4 12 4 7 4 102 19 8 52 29 4 54 4 40 4 5 4 35 31 8 103 14 4 103 40 8 62 7 8 90 5 8 16 55 4 14 4 34 4 97 48 4 35 4 85 18 4 39 4 10 4 94 9 4 17 4 115 41 4 46 4 20 4 91 43 4 22 4 102 50 4 43 4 42 18 16 18 16 27 46 28 36 4 48 4 48 32 4 15 4 10 4 105 50 4 33 4 72 17 16 50 16 9 23 22 51 4 50 4 83 34 16 41 16 17 43 4 13 4 7 4 69 42 4 38 4 99 6 4 31 4 20 4 27 34 4 43 4 45 14 21 4 21 46 19 17 4 30 45 20 4 109 28 16 29 16 44 13 4 30 4 9 4 102 31 32 18 4 38 51 49 4 12 34 4 5 4 38 4 0 25 16 26 16 9 57 4 51 4 55 19 4 30 4 49 4 41 17 4 44 10 5 4 15 28 4 30 4 23 4 47 4 82 50 4 50 4 24 4 10 4 80 26 4 11 4 46 39 37 4 34 16 4 10 4 48 4 43 23 4 11 30 33 4 53 15 4 30 5 10 4 13 22 4 43 4 49 34 13 52 4 12 13 8 4 56 12 4 5 4 69 42 4 15 4 11 4 9 4 89 6 4 28 4 44 4 19 4 38 23 4 49 4 52 10 27 13 4 26 4 40 42 4 23 4 31 4 52 4 18 14 4 24 4 50 4 111 27 4 16 4 49 4 71 39 4 9 4 15 4 48 4 13 18 4 18 4 44 4 36 4 
iteration 116 best: 0.88714 time: 44984
67 36 8 84 42 8 68 36 8 63 9 4 44 4 29 38 4 28 4 62 7 8 98 48 4 15 4 73 9 12 30 5 8 22 46 8 63 34 8 63 14 12 76 19 4 10 4 34 21 4 28 4 45 4 44 4 0 29 4 5 4 42 4 3 34 8 79 54 8 51 53 4 13 4 0 53 16 5 16 60 10 4 37 4 47 4 35 4 56 32 4 28 4 24 4 89 57 8 13 8 10 6 4 15 4 12 4 7 4 102 19 8 52 29 4 54 4 40 4 5 4 35 31 8 103 14 4 103 40 8 62 7 8 90 5 8 16 55 4 14 4 34 4 97 48 4 35 4 85 18 4 39 4 10 4 94 9 4 17 4 115 41 4 46 4 20 4 91 43 4 22 4 102 50 4 43 4 42 18 16 18 16 27 46 28 36 4 48 4 48 32 4 15 4 10 4 105 50 4 33 4 72 17 16 50 16 9 23 22 51 4 50 4 83 34 16 41 16 17 43 4 13 4 7 4 69 42 4 38 4 99 6 4 31 4 20 4 27 34 4 43 4 45 14 21 4 21 46 19 17 4 30 45 20 4 109 28 16 29 16 44 13 4 30 4 9 4 102 31 32 18 4 38 51 49 4 12 34 4 5 4 38 4 0 25 16 26 16 9 57 4 51 4 55 19 4 30 4 49 4 41 17 4 44 10 5 4 15 28 4 30 4 23 4 47 4 82 50 4 50 4 24 4 10 4 80 26 4 11 4 46 39 37 4 34 16 4 10 4 48 4 43 23 4 11 30 33 4 53 15 4 30 5 10 4 13 22 4 43 4 49 34 13 52 4 12 13 8 4 56 12 4 5 4 69 42 4 15 4 11 4 9 4 89 6 4 28 4 44 4 19 4 38 23 4 49 4 52 10 27 13 4 26 4 40 42 4 23 4 31 4 52 4 18 14 4 24 4 50 4 111 27 4 16 4 49 4 71 39 4 9 4 15 4 48 4 13 18 4 18 4 44 4 36 4 
iteration 136 best: 0.88714 time: 52422
67 36 8 84 42 8 68 36 8 63 9 4 44 4 29 38 4 28 4 62 7 8 98 48 4 15 4 73 9 12 30 5 8 22 46 8 63 34 8 63 14 12 76 19 4 10 4 34 21 4 28 4 45 4 44 4 0 29 4 5 4 42 4 3 34 8 79 54 8 51 53 4 13 4 0 53 16 5 16 60 10 4 37 4 47 4 35 4 56 32 4 28 4 24 4 89 57 8 13 8 10 6 4 15 4 12 4 7 4 102 19 8 52 29 4 54 4 40 4 5 4 35 31 8 103 14 4 103 40 8 62 7 8 90 5 8 16 55 4 14 4 34 4 97 48 4 35 4 85 18 4 39 4 10 4 94 9 4 17 4 115 41 4 46 4 20 4 91 43 4 22 4 102 50 4 43 4 42 18 16 18 16 27 46 28 36 4 48 4 48 32 4 15 4 10 4 105 50 4 33 4 72 17 16 50 16 9 23 22 51 4 50 4 83 34 16 41 16 17 43 4 13 4 7 4 69 42 4 38 4 99 6 4 31 4 20 4 27 34 4 43 4 45 14 21 4 21 46 19 17 4 30 45 20 4 109 28 16 29 16 44 13 4 30 4 9 4 102 31 32 18 4 38 51 49 4 12 34 4 5 4 38 4 0 25 16 26 16 9 57 4 51 4 55 19 4 30 4 49 4 41 17 4 44 10 5 4 15 28 4 30 4 23 4 47 4 82 50 4 50 4 24 4 10 4 80 26 4 11 4 46 39 37 4 34 16 4 10 4 48 4 43 23 4 11 30 33 4 53 15 4 30 5 10 4 13 22 4 43 4 49 34 13 52 4 12 13 8 4 56 12 4 5 4 69 42 4 15 4 11 4 9 4 89 6 4 28 4 44 4 19 4 38 23 4 49 4 52 10 27 13 4 26 4 40 42 4 23 4 31 4 52 4 18 14 4 24 4 50 4 111 27 4 16 4 49 4 71 39 4 9 4 15 4 48 4 13 18 4 18 4 44 4 36 4 
iteration 156 best: 0.88714 time: 59875
67 36 8 84 42 8 68 36 8 63 9 4 44 4 29 38 4 28 4 62 7 8 98 48 4 15 4 73 9 12 30 5 8 22 46 8 63 34 8 63 14 12 76 19 4 10 4 34 21 4 28 4 45 4 44 4 0 29 4 5 4 42 4 3 34 8 79 54 8 51 53 4 13 4 0 53 16 5 16 60 10 4 37 4 47 4 35 4 56 32 4 28 4 24 4 89 57 8 13 8 10 6 4 15 4 12 4 7 4 102 19 8 52 29 4 54 4 40 4 5 4 35 31 8 103 14 4 103 40 8 62 7 8 90 5 8 16 55 4 14 4 34 4 97 48 4 35 4 85 18 4 39 4 10 4 94 9 4 17 4 115 41 4 46 4 20 4 91 43 4 22 4 102 50 4 43 4 42 18 16 18 16 27 46 28 36 4 48 4 48 32 4 15 4 10 4 105 50 4 33 4 72 17 16 50 16 9 23 22 51 4 50 4 83 34 16 41 16 17 43 4 13 4 7 4 69 42 4 38 4 99 6 4 31 4 20 4 27 34 4 43 4 45 14 21 4 21 46 19 17 4 30 45 20 4 109 28 16 29 16 44 13 4 30 4 9 4 102 31 32 18 4 38 51 49 4 12 34 4 5 4 38 4 0 25 16 26 16 9 57 4 51 4 55 19 4 30 4 49 4 41 17 4 44 10 5 4 15 28 4 30 4 23 4 47 4 82 50 4 50 4 24 4 10 4 80 26 4 11 4 46 39 37 4 34 16 4 10 4 48 4 43 23 4 11 30 33 4 53 15 4 30 5 10 4 13 22 4 43 4 49 34 13 52 4 12 13 8 4 56 12 4 5 4 69 42 4 15 4 11 4 9 4 89 6 4 28 4 44 4 19 4 38 23 4 49 4 52 10 27 13 4 26 4 40 42 4 23 4 31 4 52 4 18 14 4 24 4 50 4 111 27 4 16 4 49 4 71 39 4 9 4 15 4 48 4 13 18 4 18 4 44 4 36 4 
iteration 176 best: 0.88714 time: 67346
67 36 8 84 42 8 68 36 8 63 9 4 44 4 29 38 4 28 4 62 7 8 98 48 4 15 4 73 9 12 30 5 8 22 46 8 63 34 8 63 14 12 76 19 4 10 4 34 21 4 28 4 45 4 44 4 0 29 4 5 4 42 4 3 34 8 79 54 8 51 53 4 13 4 0 53 16 5 16 60 10 4 37 4 47 4 35 4 56 32 4 28 4 24 4 89 57 8 13 8 10 6 4 15 4 12 4 7 4 102 19 8 52 29 4 54 4 40 4 5 4 35 31 8 103 14 4 103 40 8 62 7 8 90 5 8 16 55 4 14 4 34 4 97 48 4 35 4 85 18 4 39 4 10 4 94 9 4 17 4 115 41 4 46 4 20 4 91 43 4 22 4 102 50 4 43 4 42 18 16 18 16 27 46 28 36 4 48 4 48 32 4 15 4 10 4 105 50 4 33 4 72 17 16 50 16 9 23 22 51 4 50 4 83 34 16 41 16 17 43 4 13 4 7 4 69 42 4 38 4 99 6 4 31 4 20 4 27 34 4 43 4 45 14 21 4 21 46 19 17 4 30 45 20 4 109 28 16 29 16 44 13 4 30 4 9 4 102 31 32 18 4 38 51 49 4 12 34 4 5 4 38 4 0 25 16 26 16 9 57 4 51 4 55 19 4 30 4 49 4 41 17 4 44 10 5 4 15 28 4 30 4 23 4 47 4 82 50 4 50 4 24 4 10 4 80 26 4 11 4 46 39 37 4 34 16 4 10 4 48 4 43 23 4 11 30 33 4 53 15 4 30 5 10 4 13 22 4 43 4 49 34 13 52 4 12 13 8 4 56 12 4 5 4 69 42 4 15 4 11 4 9 4 89 6 4 28 4 44 4 19 4 38 23 4 49 4 52 10 27 13 4 26 4 40 42 4 23 4 31 4 52 4 18 14 4 24 4 50 4 111 27 4 16 4 49 4 71 39 4 9 4 15 4 48 4 13 18 4 18 4 44 4 36 4 
iteration 196 best: 0.88714 time: 74802
67 36 8 84 42 8 68 36 8 63 9 4 44 4 29 38 4 28 4 62 7 8 98 48 4 15 4 73 9 12 30 5 8 22 46 8 63 34 8 63 14 12 76 19 4 10 4 34 21 4 28 4 45 4 44 4 0 29 4 5 4 42 4 3 34 8 79 54 8 51 53 4 13 4 0 53 16 5 16 60 10 4 37 4 47 4 35 4 56 32 4 28 4 24 4 89 57 8 13 8 10 6 4 15 4 12 4 7 4 102 19 8 52 29 4 54 4 40 4 5 4 35 31 8 103 14 4 103 40 8 62 7 8 90 5 8 16 55 4 14 4 34 4 97 48 4 35 4 85 18 4 39 4 10 4 94 9 4 17 4 115 41 4 46 4 20 4 91 43 4 22 4 102 50 4 43 4 42 18 16 18 16 27 46 28 36 4 48 4 48 32 4 15 4 10 4 105 50 4 33 4 72 17 16 50 16 9 23 22 51 4 50 4 83 34 16 41 16 17 43 4 13 4 7 4 69 42 4 38 4 99 6 4 31 4 20 4 27 34 4 43 4 45 14 21 4 21 46 19 17 4 30 45 20 4 109 28 16 29 16 44 13 4 30 4 9 4 102 31 32 18 4 38 51 49 4 12 34 4 5 4 38 4 0 25 16 26 16 9 57 4 51 4 55 19 4 30 4 49 4 41 17 4 44 10 5 4 15 28 4 30 4 23 4 47 4 82 50 4 50 4 24 4 10 4 80 26 4 11 4 46 39 37 4 34 16 4 10 4 48 4 43 23 4 11 30 33 4 53 15 4 30 5 10 4 13 22 4 43 4 49 34 13 52 4 12 13 8 4 56 12 4 5 4 69 42 4 15 4 11 4 9 4 89 6 4 28 4 44 4 19 4 38 23 4 49 4 52 10 27 13 4 26 4 40 42 4 23 4 31 4 52 4 18 14 4 24 4 50 4 111 27 4 16 4 49 4 71 39 4 9 4 15 4 48 4 13 18 4 18 4 44 4 36 4 
iteration 216 best: 0.88714 time: 82280
67 36 8 84 42 8 68 36 8 63 9 4 44 4 29 38 4 28 4 62 7 8 98 48 4 15 4 73 9 12 30 5 8 22 46 8 63 34 8 63 14 12 76 19 4 10 4 34 21 4 28 4 45 4 44 4 0 29 4 5 4 42 4 3 34 8 79 54 8 51 53 4 13 4 0 53 16 5 16 60 10 4 37 4 47 4 35 4 56 32 4 28 4 24 4 89 57 8 13 8 10 6 4 15 4 12 4 7 4 102 19 8 52 29 4 54 4 40 4 5 4 35 31 8 103 14 4 103 40 8 62 7 8 90 5 8 16 55 4 14 4 34 4 97 48 4 35 4 85 18 4 39 4 10 4 94 9 4 17 4 115 41 4 46 4 20 4 91 43 4 22 4 102 50 4 43 4 42 18 16 18 16 27 46 28 36 4 48 4 48 32 4 15 4 10 4 105 50 4 33 4 72 17 16 50 16 9 23 22 51 4 50 4 83 34 16 41 16 17 43 4 13 4 7 4 69 42 4 38 4 99 6 4 31 4 20 4 27 34 4 43 4 45 14 21 4 21 46 19 17 4 30 45 20 4 109 28 16 29 16 44 13 4 30 4 9 4 102 31 32 18 4 38 51 49 4 12 34 4 5 4 38 4 0 25 16 26 16 9 57 4 51 4 55 19 4 30 4 49 4 41 17 4 44 10 5 4 15 28 4 30 4 23 4 47 4 82 50 4 50 4 24 4 10 4 80 26 4 11 4 46 39 37 4 34 16 4 10 4 48 4 43 23 4 11 30 33 4 53 15 4 30 5 10 4 13 22 4 43 4 49 34 13 52 4 12 13 8 4 56 12 4 5 4 69 42 4 15 4 11 4 9 4 89 6 4 28 4 44 4 19 4 38 23 4 49 4 52 10 27 13 4 26 4 40 42 4 23 4 31 4 52 4 18 14 4 24 4 50 4 111 27 4 16 4 49 4 71 39 4 9 4 15 4 48 4 13 18 4 18 4 44 4 36 4 
iteration 236 best: 0.88714 time: 89741
67 36 8 84 42 8 68 36 8 63 9 4 44 4 29 38 4 28 4 62 7 8 98 48 4 15 4 73 9 12 30 5 8 22 46 8 63 34 8 63 14 12 76 19 4 10 4 34 21 4 28 4 45 4 44 4 0 29 4 5 4 42 4 3 34 8 79 54 8 51 53 4 13 4 0 53 16 5 16 60 10 4 37 4 47 4 35 4 56 32 4 28 4 24 4 89 57 8 13 8 10 6 4 15 4 12 4 7 4 102 19 8 52 29 4 54 4 40 4 5 4 35 31 8 103 14 4 103 40 8 62 7 8 90 5 8 16 55 4 14 4 34 4 97 48 4 35 4 85 18 4 39 4 10 4 94 9 4 17 4 115 41 4 46 4 20 4 91 43 4 22 4 102 50 4 43 4 42 18 16 18 16 27 46 28 36 4 48 4 48 32 4 15 4 10 4 105 50 4 33 4 72 17 16 50 16 9 23 22 51 4 50 4 83 34 16 41 16 17 43 4 13 4 7 4 69 42 4 38 4 99 6 4 31 4 20 4 27 34 4 43 4 45 14 21 4 21 46 19 17 4 30 45 20 4 109 28 16 29 16 44 13 4 30 4 9 4 102 31 32 18 4 38 51 49 4 12 34 4 5 4 38 4 0 25 16 26 16 9 57 4 51 4 55 19 4 30 4 49 4 41 17 4 44 10 5 4 15 28 4 30 4 23 4 47 4 82 50 4 50 4 24 4 10 4 80 26 4 11 4 46 39 37 4 34 16 4 10 4 48 4 43 23 4 11 30 33 4 53 15 4 30 5 10 4 13 22 4 43 4 49 34 13 52 4 12 13 8 4 56 12 4 5 4 69 42 4 15 4 11 4 9 4 89 6 4 28 4 44 4 19 4 38 23 4 49 4 52 10 27 13 4 26 4 40 42 4 23 4 31 4 52 4 18 14 4 24 4 50 4 111 27 4 16 4 49 4 71 39 4 9 4 15 4 48 4 13 18 4 18 4 44 4 36 4 
iteration 256 best: 0.88714 time: 97217
67 36 8 84 42 8 68 36 8 63 9 4 44 4 29 38 4 28 4 62 7 8 98 48 4 15 4 73 9 12 30 5 8 22 46 8 63 34 8 63 14 12 76 19 4 10 4 34 21 4 28 4 45 4 44 4 0 29 4 5 4 42 4 3 34 8 79 54 8 51 53 4 13 4 0 53 16 5 16 60 10 4 37 4 47 4 35 4 56 32 4 28 4 24 4 89 57 8 13 8 10 6 4 15 4 12 4 7 4 102 19 8 52 29 4 54 4 40 4 5 4 35 31 8 103 14 4 103 40 8 62 7 8 90 5 8 16 55 4 14 4 34 4 97 48 4 35 4 85 18 4 39 4 10 4 94 9 4 17 4 115 41 4 46 4 20 4 91 43 4 22 4 102 50 4 43 4 42 18 16 18 16 27 46 28 36 4 48 4 48 32 4 15 4 10 4 105 50 4 33 4 72 17 16 50 16 9 23 22 51 4 50 4 83 34 16 41 16 17 43 4 13 4 7 4 69 42 4 38 4 99 6 4 31 4 20 4 27 34 4 43 4 45 14 21 4 21 46 19 17 4 30 45 20 4 109 28 16 29 16 44 13 4 30 4 9 4 102 31 32 18 4 38 51 49 4 12 34 4 5 4 38 4 0 25 16 26 16 9 57 4 51 4 55 19 4 30 4 49 4 41 17 4 44 10 5 4 15 28 4 30 4 23 4 47 4 82 50 4 50 4 24 4 10 4 80 26 4 11 4 46 39 37 4 34 16 4 10 4 48 4 43 23 4 11 30 33 4 53 15 4 30 5 10 4 13 22 4 43 4 49 34 13 52 4 12 13 8 4 56 12 4 5 4 69 42 4 15 4 11 4 9 4 89 6 4 28 4 44 4 19 4 38 23 4 49 4 52 10 27 13 4 26 4 40 42 4 23 4 31 4 52 4 18 14 4 24 4 50 4 111 27 4 16 4 49 4 71 39 4 9 4 15 4 48 4 13 18 4 18 4 44 4 36 4 
iteration 276 best: 0.88714 time: 104654
67 36 8 84 42 8 68 36 8 63 9 4 44 4 29 38 4 28 4 62 7 8 98 48 4 15 4 73 9 12 30 5 8 22 46 8 63 34 8 63 14 12 76 19 4 10 4 34 21 4 28 4 45 4 44 4 0 29 4 5 4 42 4 3 34 8 79 54 8 51 53 4 13 4 0 53 16 5 16 60 10 4 37 4 47 4 35 4 56 32 4 28 4 24 4 89 57 8 13 8 10 6 4 15 4 12 4 7 4 102 19 8 52 29 4 54 4 40 4 5 4 35 31 8 103 14 4 103 40 8 62 7 8 90 5 8 16 55 4 14 4 34 4 97 48 4 35 4 85 18 4 39 4 10 4 94 9 4 17 4 115 41 4 46 4 20 4 91 43 4 22 4 102 50 4 43 4 42 18 16 18 16 27 46 28 36 4 48 4 48 32 4 15 4 10 4 105 50 4 33 4 72 17 16 50 16 9 23 22 51 4 50 4 83 34 16 41 16 17 43 4 13 4 7 4 69 42 4 38 4 99 6 4 31 4 20 4 27 34 4 43 4 45 14 21 4 21 46 19 17 4 30 45 20 4 109 28 16 29 16 44 13 4 30 4 9 4 102 31 32 18 4 38 51 49 4 12 34 4 5 4 38 4 0 25 16 26 16 9 57 4 51 4 55 19 4 30 4 49 4 41 17 4 44 10 5 4 15 28 4 30 4 23 4 47 4 82 50 4 50 4 24 4 10 4 80 26 4 11 4 46 39 37 4 34 16 4 10 4 48 4 43 23 4 11 30 33 4 53 15 4 30 5 10 4 13 22 4 43 4 49 34 13 52 4 12 13 8 4 56 12 4 5 4 69 42 4 15 4 11 4 9 4 89 6 4 28 4 44 4 19 4 38 23 4 49 4 52 10 27 13 4 26 4 40 42 4 23 4 31 4 52 4 18 14 4 24 4 50 4 111 27 4 16 4 49 4 71 39 4 9 4 15 4 48 4 13 18 4 18 4 44 4 36 4 
iteration 296 best: 0.88714 time: 112119
67 36 8 84 42 8 68 36 8 63 9 4 44 4 29 38 4 28 4 62 7 8 98 48 4 15 4 73 9 12 30 5 8 22 46 8 63 34 8 63 14 12 76 19 4 10 4 34 21 4 28 4 45 4 44 4 0 29 4 5 4 42 4 3 34 8 79 54 8 51 53 4 13 4 0 53 16 5 16 60 10 4 37 4 47 4 35 4 56 32 4 28 4 24 4 89 57 8 13 8 10 6 4 15 4 12 4 7 4 102 19 8 52 29 4 54 4 40 4 5 4 35 31 8 103 14 4 103 40 8 62 7 8 90 5 8 16 55 4 14 4 34 4 97 48 4 35 4 85 18 4 39 4 10 4 94 9 4 17 4 115 41 4 46 4 20 4 91 43 4 22 4 102 50 4 43 4 42 18 16 18 16 27 46 28 36 4 48 4 48 32 4 15 4 10 4 105 50 4 33 4 72 17 16 50 16 9 23 22 51 4 50 4 83 34 16 41 16 17 43 4 13 4 7 4 69 42 4 38 4 99 6 4 31 4 20 4 27 34 4 43 4 45 14 21 4 21 46 19 17 4 30 45 20 4 109 28 16 29 16 44 13 4 30 4 9 4 102 31 32 18 4 38 51 49 4 12 34 4 5 4 38 4 0 25 16 26 16 9 57 4 51 4 55 19 4 30 4 49 4 41 17 4 44 10 5 4 15 28 4 30 4 23 4 47 4 82 50 4 50 4 24 4 10 4 80 26 4 11 4 46 39 37 4 34 16 4 10 4 48 4 43 23 4 11 30 33 4 53 15 4 30 5 10 4 13 22 4 43 4 49 34 13 52 4 12 13 8 4 56 12 4 5 4 69 42 4 15 4 11 4 9 4 89 6 4 28 4 44 4 19 4 38 23 4 49 4 52 10 27 13 4 26 4 40 42 4 23 4 31 4 52 4 18 14 4 24 4 50 4 111 27 4 16 4 49 4 71 39 4 9 4 15 4 48 4 13 18 4 18 4 44 4 36 4 
iteration 316 best: 0.88714 time: 119573
67 36 8 84 42 8 68 36 8 63 9 4 44 4 29 38 4 28 4 62 7 8 98 48 4 15 4 73 9 12 30 5 8 22 46 8 63 34 8 63 14 12 76 19 4 10 4 34 21 4 28 4 45 4 44 4 0 29 4 5 4 42 4 3 34 8 79 54 8 51 53 4 13 4 0 53 16 5 16 60 10 4 37 4 47 4 35 4 56 32 4 28 4 24 4 89 57 8 13 8 10 6 4 15 4 12 4 7 4 102 19 8 52 29 4 54 4 40 4 5 4 35 31 8 103 14 4 103 40 8 62 7 8 90 5 8 16 55 4 14 4 34 4 97 48 4 35 4 85 18 4 39 4 10 4 94 9 4 17 4 115 41 4 46 4 20 4 91 43 4 22 4 102 50 4 43 4 42 18 16 18 16 27 46 28 36 4 48 4 48 32 4 15 4 10 4 105 50 4 33 4 72 17 16 50 16 9 23 22 51 4 50 4 83 34 16 41 16 17 43 4 13 4 7 4 69 42 4 38 4 99 6 4 31 4 20 4 27 34 4 43 4 45 14 21 4 21 46 19 17 4 30 45 20 4 109 28 16 29 16 44 13 4 30 4 9 4 102 31 32 18 4 38 51 49 4 12 34 4 5 4 38 4 0 25 16 26 16 9 57 4 51 4 55 19 4 30 4 49 4 41 17 4 44 10 5 4 15 28 4 30 4 23 4 47 4 82 50 4 50 4 24 4 10 4 80 26 4 11 4 46 39 37 4 34 16 4 10 4 48 4 43 23 4 11 30 33 4 53 15 4 30 5 10 4 13 22 4 43 4 49 34 13 52 4 12 13 8 4 56 12 4 5 4 69 42 4 15 4 11 4 9 4 89 6 4 28 4 44 4 19 4 38 23 4 49 4 52 10 27 13 4 26 4 40 42 4 23 4 31 4 52 4 18 14 4 24 4 50 4 111 27 4 16 4 49 4 71 39 4 9 4 15 4 48 4 13 18 4 18 4 44 4 36 4 
iteration 336 best: 0.88714 time: 127046
67 36 8 84 42 8 68 36 8 63 9 4 44 4 29 38 4 28 4 62 7 8 98 48 4 15 4 73 9 12 30 5 8 22 46 8 63 34 8 63 14 12 76 19 4 10 4 34 21 4 28 4 45 4 44 4 0 29 4 5 4 42 4 3 34 8 79 54 8 51 53 4 13 4 0 53 16 5 16 60 10 4 37 4 47 4 35 4 56 32 4 28 4 24 4 89 57 8 13 8 10 6 4 15 4 12 4 7 4 102 19 8 52 29 4 54 4 40 4 5 4 35 31 8 103 14 4 103 40 8 62 7 8 90 5 8 16 55 4 14 4 34 4 97 48 4 35 4 85 18 4 39 4 10 4 94 9 4 17 4 115 41 4 46 4 20 4 91 43 4 22 4 102 50 4 43 4 42 18 16 18 16 27 46 28 36 4 48 4 48 32 4 15 4 10 4 105 50 4 33 4 72 17 16 50 16 9 23 22 51 4 50 4 83 34 16 41 16 17 43 4 13 4 7 4 69 42 4 38 4 99 6 4 31 4 20 4 27 34 4 43 4 45 14 21 4 21 46 19 17 4 30 45 20 4 109 28 16 29 16 44 13 4 30 4 9 4 102 31 32 18 4 38 51 49 4 12 34 4 5 4 38 4 0 25 16 26 16 9 57 4 51 4 55 19 4 30 4 49 4 41 17 4 44 10 5 4 15 28 4 30 4 23 4 47 4 82 50 4 50 4 24 4 10 4 80 26 4 11 4 46 39 37 4 34 16 4 10 4 48 4 43 23 4 11 30 33 4 53 15 4 30 5 10 4 13 22 4 43 4 49 34 13 52 4 12 13 8 4 56 12 4 5 4 69 42 4 15 4 11 4 9 4 89 6 4 28 4 44 4 19 4 38 23 4 49 4 52 10 27 13 4 26 4 40 42 4 23 4 31 4 52 4 18 14 4 24 4 50 4 111 27 4 16 4 49 4 71 39 4 9 4 15 4 48 4 13 18 4 18 4 44 4 36 4 
iteration 356 best: 0.88714 time: 134507
67 36 8 84 42 8 68 36 8 63 9 4 44 4 29 38 4 28 4 62 7 8 98 48 4 15 4 73 9 12 30 5 8 22 46 8 63 34 8 63 14 12 76 19 4 10 4 34 21 4 28 4 45 4 44 4 0 29 4 5 4 42 4 3 34 8 79 54 8 51 53 4 13 4 0 53 16 5 16 60 10 4 37 4 47 4 35 4 56 32 4 28 4 24 4 89 57 8 13 8 10 6 4 15 4 12 4 7 4 102 19 8 52 29 4 54 4 40 4 5 4 35 31 8 103 14 4 103 40 8 62 7 8 90 5 8 16 55 4 14 4 34 4 97 48 4 35 4 85 18 4 39 4 10 4 94 9 4 17 4 115 41 4 46 4 20 4 91 43 4 22 4 102 50 4 43 4 42 18 16 18 16 27 46 28 36 4 48 4 48 32 4 15 4 10 4 105 50 4 33 4 72 17 16 50 16 9 23 22 51 4 50 4 83 34 16 41 16 17 43 4 13 4 7 4 69 42 4 38 4 99 6 4 31 4 20 4 27 34 4 43 4 45 14 21 4 21 46 19 17 4 30 45 20 4 109 28 16 29 16 44 13 4 30 4 9 4 102 31 32 18 4 38 51 49 4 12 34 4 5 4 38 4 0 25 16 26 16 9 57 4 51 4 55 19 4 30 4 49 4 41 17 4 44 10 5 4 15 28 4 30 4 23 4 47 4 82 50 4 50 4 24 4 10 4 80 26 4 11 4 46 39 37 4 34 16 4 10 4 48 4 43 23 4 11 30 33 4 53 15 4 30 5 10 4 13 22 4 43 4 49 34 13 52 4 12 13 8 4 56 12 4 5 4 69 42 4 15 4 11 4 9 4 89 6 4 28 4 44 4 19 4 38 23 4 49 4 52 10 27 13 4 26 4 40 42 4 23 4 31 4 52 4 18 14 4 24 4 50 4 111 27 4 16 4 49 4 71 39 4 9 4 15 4 48 4 13 18 4 18 4 44 4 36 4 
iteration 376 best: 0.88714 time: 141953
67 36 8 84 42 8 68 36 8 63 9 4 44 4 29 38 4 28 4 62 7 8 98 48 4 15 4 73 9 12 30 5 8 22 46 8 63 34 8 63 14 12 76 19 4 10 4 34 21 4 28 4 45 4 44 4 0 29 4 5 4 42 4 3 34 8 79 54 8 51 53 4 13 4 0 53 16 5 16 60 10 4 37 4 47 4 35 4 56 32 4 28 4 24 4 89 57 8 13 8 10 6 4 15 4 12 4 7 4 102 19 8 52 29 4 54 4 40 4 5 4 35 31 8 103 14 4 103 40 8 62 7 8 90 5 8 16 55 4 14 4 34 4 97 48 4 35 4 85 18 4 39 4 10 4 94 9 4 17 4 115 41 4 46 4 20 4 91 43 4 22 4 102 50 4 43 4 42 18 16 18 16 27 46 28 36 4 48 4 48 32 4 15 4 10 4 105 50 4 33 4 72 17 16 50 16 9 23 22 51 4 50 4 83 34 16 41 16 17 43 4 13 4 7 4 69 42 4 38 4 99 6 4 31 4 20 4 27 34 4 43 4 45 14 21 4 21 46 19 17 4 30 45 20 4 109 28 16 29 16 44 13 4 30 4 9 4 102 31 32 18 4 38 51 49 4 12 34 4 5 4 38 4 0 25 16 26 16 9 57 4 51 4 55 19 4 30 4 49 4 41 17 4 44 10 5 4 15 28 4 30 4 23 4 47 4 82 50 4 50 4 24 4 10 4 80 26 4 11 4 46 39 37 4 34 16 4 10 4 48 4 43 23 4 11 30 33 4 53 15 4 30 5 10 4 13 22 4 43 4 49 34 13 52 4 12 13 8 4 56 12 4 5 4 69 42 4 15 4 11 4 9 4 89 6 4 28 4 44 4 19 4 38 23 4 49 4 52 10 27 13 4 26 4 40 42 4 23 4 31 4 52 4 18 14 4 24 4 50 4 111 27 4 16 4 49 4 71 39 4 9 4 15 4 48 4 13 18 4 18 4 44 4 36 4 
iteration 396 best: 0.88714 time: 149372
67 36 8 84 42 8 68 36 8 63 9 4 44 4 29 38 4 28 4 62 7 8 98 48 4 15 4 73 9 12 30 5 8 22 46 8 63 34 8 63 14 12 76 19 4 10 4 34 21 4 28 4 45 4 44 4 0 29 4 5 4 42 4 3 34 8 79 54 8 51 53 4 13 4 0 53 16 5 16 60 10 4 37 4 47 4 35 4 56 32 4 28 4 24 4 89 57 8 13 8 10 6 4 15 4 12 4 7 4 102 19 8 52 29 4 54 4 40 4 5 4 35 31 8 103 14 4 103 40 8 62 7 8 90 5 8 16 55 4 14 4 34 4 97 48 4 35 4 85 18 4 39 4 10 4 94 9 4 17 4 115 41 4 46 4 20 4 91 43 4 22 4 102 50 4 43 4 42 18 16 18 16 27 46 28 36 4 48 4 48 32 4 15 4 10 4 105 50 4 33 4 72 17 16 50 16 9 23 22 51 4 50 4 83 34 16 41 16 17 43 4 13 4 7 4 69 42 4 38 4 99 6 4 31 4 20 4 27 34 4 43 4 45 14 21 4 21 46 19 17 4 30 45 20 4 109 28 16 29 16 44 13 4 30 4 9 4 102 31 32 18 4 38 51 49 4 12 34 4 5 4 38 4 0 25 16 26 16 9 57 4 51 4 55 19 4 30 4 49 4 41 17 4 44 10 5 4 15 28 4 30 4 23 4 47 4 82 50 4 50 4 24 4 10 4 80 26 4 11 4 46 39 37 4 34 16 4 10 4 48 4 43 23 4 11 30 33 4 53 15 4 30 5 10 4 13 22 4 43 4 49 34 13 52 4 12 13 8 4 56 12 4 5 4 69 42 4 15 4 11 4 9 4 89 6 4 28 4 44 4 19 4 38 23 4 49 4 52 10 27 13 4 26 4 40 42 4 23 4 31 4 52 4 18 14 4 24 4 50 4 111 27 4 16 4 49 4 71 39 4 9 4 15 4 48 4 13 18 4 18 4 44 4 36 4 
iteration 416 best: 0.88714 time: 156799
67 36 8 84 42 8 68 36 8 63 9 4 44 4 29 38 4 28 4 62 7 8 98 48 4 15 4 73 9 12 30 5 8 22 46 8 63 34 8 63 14 12 76 19 4 10 4 34 21 4 28 4 45 4 44 4 0 29 4 5 4 42 4 3 34 8 79 54 8 51 53 4 13 4 0 53 16 5 16 60 10 4 37 4 47 4 35 4 56 32 4 28 4 24 4 89 57 8 13 8 10 6 4 15 4 12 4 7 4 102 19 8 52 29 4 54 4 40 4 5 4 35 31 8 103 14 4 103 40 8 62 7 8 90 5 8 16 55 4 14 4 34 4 97 48 4 35 4 85 18 4 39 4 10 4 94 9 4 17 4 115 41 4 46 4 20 4 91 43 4 22 4 102 50 4 43 4 42 18 16 18 16 27 46 28 36 4 48 4 48 32 4 15 4 10 4 105 50 4 33 4 72 17 16 50 16 9 23 22 51 4 50 4 83 34 16 41 16 17 43 4 13 4 7 4 69 42 4 38 4 99 6 4 31 4 20 4 27 34 4 43 4 45 14 21 4 21 46 19 17 4 30 45 20 4 109 28 16 29 16 44 13 4 30 4 9 4 102 31 32 18 4 38 51 49 4 12 34 4 5 4 38 4 0 25 16 26 16 9 57 4 51 4 55 19 4 30 4 49 4 41 17 4 44 10 5 4 15 28 4 30 4 23 4 47 4 82 50 4 50 4 24 4 10 4 80 26 4 11 4 46 39 37 4 34 16 4 10 4 48 4 43 23 4 11 30 33 4 53 15 4 30 5 10 4 13 22 4 43 4 49 34 13 52 4 12 13 8 4 56 12 4 5 4 69 42 4 15 4 11 4 9 4 89 6 4 28 4 44 4 19 4 38 23 4 49 4 52 10 27 13 4 26 4 40 42 4 23 4 31 4 52 4 18 14 4 24 4 50 4 111 27 4 16 4 49 4 71 39 4 9 4 15 4 48 4 13 18 4 18 4 44 4 36 4 
iteration 436 best: 0.88714 time: 164250
67 36 8 84 42 8 68 36 8 63 9 4 44 4 29 38 4 28 4 62 7 8 98 48 4 15 4 73 9 12 30 5 8 22 46 8 63 34 8 63 14 12 76 19 4 10 4 34 21 4 28 4 45 4 44 4 0 29 4 5 4 42 4 3 34 8 79 54 8 51 53 4 13 4 0 53 16 5 16 60 10 4 37 4 47 4 35 4 56 32 4 28 4 24 4 89 57 8 13 8 10 6 4 15 4 12 4 7 4 102 19 8 52 29 4 54 4 40 4 5 4 35 31 8 103 14 4 103 40 8 62 7 8 90 5 8 16 55 4 14 4 34 4 97 48 4 35 4 85 18 4 39 4 10 4 94 9 4 17 4 115 41 4 46 4 20 4 91 43 4 22 4 102 50 4 43 4 42 18 16 18 16 27 46 28 36 4 48 4 48 32 4 15 4 10 4 105 50 4 33 4 72 17 16 50 16 9 23 22 51 4 50 4 83 34 16 41 16 17 43 4 13 4 7 4 69 42 4 38 4 99 6 4 31 4 20 4 27 34 4 43 4 45 14 21 4 21 46 19 17 4 30 45 20 4 109 28 16 29 16 44 13 4 30 4 9 4 102 31 32 18 4 38 51 49 4 12 34 4 5 4 38 4 0 25 16 26 16 9 57 4 51 4 55 19 4 30 4 49 4 41 17 4 44 10 5 4 15 28 4 30 4 23 4 47 4 82 50 4 50 4 24 4 10 4 80 26 4 11 4 46 39 37 4 34 16 4 10 4 48 4 43 23 4 11 30 33 4 53 15 4 30 5 10 4 13 22 4 43 4 49 34 13 52 4 12 13 8 4 56 12 4 5 4 69 42 4 15 4 11 4 9 4 89 6 4 28 4 44 4 19 4 38 23 4 49 4 52 10 27 13 4 26 4 40 42 4 23 4 31 4 52 4 18 14 4 24 4 50 4 111 27 4 16 4 49 4 71 39 4 9 4 15 4 48 4 13 18 4 18 4 44 4 36 4 
iteration 456 best: 0.88714 time: 171693
67 36 8 84 42 8 68 36 8 63 9 4 44 4 29 38 4 28 4 62 7 8 98 48 4 15 4 73 9 12 30 5 8 22 46 8 63 34 8 63 14 12 76 19 4 10 4 34 21 4 28 4 45 4 44 4 0 29 4 5 4 42 4 3 34 8 79 54 8 51 53 4 13 4 0 53 16 5 16 60 10 4 37 4 47 4 35 4 56 32 4 28 4 24 4 89 57 8 13 8 10 6 4 15 4 12 4 7 4 102 19 8 52 29 4 54 4 40 4 5 4 35 31 8 103 14 4 103 40 8 62 7 8 90 5 8 16 55 4 14 4 34 4 97 48 4 35 4 85 18 4 39 4 10 4 94 9 4 17 4 115 41 4 46 4 20 4 91 43 4 22 4 102 50 4 43 4 42 18 16 18 16 27 46 28 36 4 48 4 48 32 4 15 4 10 4 105 50 4 33 4 72 17 16 50 16 9 23 22 51 4 50 4 83 34 16 41 16 17 43 4 13 4 7 4 69 42 4 38 4 99 6 4 31 4 20 4 27 34 4 43 4 45 14 21 4 21 46 19 17 4 30 45 20 4 109 28 16 29 16 44 13 4 30 4 9 4 102 31 32 18 4 38 51 49 4 12 34 4 5 4 38 4 0 25 16 26 16 9 57 4 51 4 55 19 4 30 4 49 4 41 17 4 44 10 5 4 15 28 4 30 4 23 4 47 4 82 50 4 50 4 24 4 10 4 80 26 4 11 4 46 39 37 4 34 16 4 10 4 48 4 43 23 4 11 30 33 4 53 15 4 30 5 10 4 13 22 4 43 4 49 34 13 52 4 12 13 8 4 56 12 4 5 4 69 42 4 15 4 11 4 9 4 89 6 4 28 4 44 4 19 4 38 23 4 49 4 52 10 27 13 4 26 4 40 42 4 23 4 31 4 52 4 18 14 4 24 4 50 4 111 27 4 16 4 49 4 71 39 4 9 4 15 4 48 4 13 18 4 18 4 44 4 36 4 
iteration 476 best: 0.88714 time: 179150
67 36 8 84 42 8 68 36 8 63 9 4 44 4 29 38 4 28 4 62 7 8 98 48 4 15 4 73 9 12 30 5 8 22 46 8 63 34 8 63 14 12 76 19 4 10 4 34 21 4 28 4 45 4 44 4 0 29 4 5 4 42 4 3 34 8 79 54 8 51 53 4 13 4 0 53 16 5 16 60 10 4 37 4 47 4 35 4 56 32 4 28 4 24 4 89 57 8 13 8 10 6 4 15 4 12 4 7 4 102 19 8 52 29 4 54 4 40 4 5 4 35 31 8 103 14 4 103 40 8 62 7 8 90 5 8 16 55 4 14 4 34 4 97 48 4 35 4 85 18 4 39 4 10 4 94 9 4 17 4 115 41 4 46 4 20 4 91 43 4 22 4 102 50 4 43 4 42 18 16 18 16 27 46 28 36 4 48 4 48 32 4 15 4 10 4 105 50 4 33 4 72 17 16 50 16 9 23 22 51 4 50 4 83 34 16 41 16 17 43 4 13 4 7 4 69 42 4 38 4 99 6 4 31 4 20 4 27 34 4 43 4 45 14 21 4 21 46 19 17 4 30 45 20 4 109 28 16 29 16 44 13 4 30 4 9 4 102 31 32 18 4 38 51 49 4 12 34 4 5 4 38 4 0 25 16 26 16 9 57 4 51 4 55 19 4 30 4 49 4 41 17 4 44 10 5 4 15 28 4 30 4 23 4 47 4 82 50 4 50 4 24 4 10 4 80 26 4 11 4 46 39 37 4 34 16 4 10 4 48 4 43 23 4 11 30 33 4 53 15 4 30 5 10 4 13 22 4 43 4 49 34 13 52 4 12 13 8 4 56 12 4 5 4 69 42 4 15 4 11 4 9 4 89 6 4 28 4 44 4 19 4 38 23 4 49 4 52 10 27 13 4 26 4 40 42 4 23 4 31 4 52 4 18 14 4 24 4 50 4 111 27 4 16 4 49 4 71 39 4 9 4 15 4 48 4 13 18 4 18 4 44 4 36 4 
iteration 496 best: 0.88714 time: 186606
67 36 8 84 42 8 68 36 8 63 9 4 44 4 29 38 4 28 4 62 7 8 98 48 4 15 4 73 9 12 30 5 8 22 46 8 63 34 8 63 14 12 76 19 4 10 4 34 21 4 28 4 45 4 44 4 0 29 4 5 4 42 4 3 34 8 79 54 8 51 53 4 13 4 0 53 16 5 16 60 10 4 37 4 47 4 35 4 56 32 4 28 4 24 4 89 57 8 13 8 10 6 4 15 4 12 4 7 4 102 19 8 52 29 4 54 4 40 4 5 4 35 31 8 103 14 4 103 40 8 62 7 8 90 5 8 16 55 4 14 4 34 4 97 48 4 35 4 85 18 4 39 4 10 4 94 9 4 17 4 115 41 4 46 4 20 4 91 43 4 22 4 102 50 4 43 4 42 18 16 18 16 27 46 28 36 4 48 4 48 32 4 15 4 10 4 105 50 4 33 4 72 17 16 50 16 9 23 22 51 4 50 4 83 34 16 41 16 17 43 4 13 4 7 4 69 42 4 38 4 99 6 4 31 4 20 4 27 34 4 43 4 45 14 21 4 21 46 19 17 4 30 45 20 4 109 28 16 29 16 44 13 4 30 4 9 4 102 31 32 18 4 38 51 49 4 12 34 4 5 4 38 4 0 25 16 26 16 9 57 4 51 4 55 19 4 30 4 49 4 41 17 4 44 10 5 4 15 28 4 30 4 23 4 47 4 82 50 4 50 4 24 4 10 4 80 26 4 11 4 46 39 37 4 34 16 4 10 4 48 4 43 23 4 11 30 33 4 53 15 4 30 5 10 4 13 22 4 43 4 49 34 13 52 4 12 13 8 4 56 12 4 5 4 69 42 4 15 4 11 4 9 4 89 6 4 28 4 44 4 19 4 38 23 4 49 4 52 10 27 13 4 26 4 40 42 4 23 4 31 4 52 4 18 14 4 24 4 50 4 111 27 4 16 4 49 4 71 39 4 9 4 15 4 48 4 13 18 4 18 4 44 4 36 4 
iteration 516 best: 0.88714 time: 194057
67 36 8 84 42 8 68 36 8 63 9 4 44 4 29 38 4 28 4 62 7 8 98 48 4 15 4 73 9 12 30 5 8 22 46 8 63 34 8 63 14 12 76 19 4 10 4 34 21 4 28 4 45 4 44 4 0 29 4 5 4 42 4 3 34 8 79 54 8 51 53 4 13 4 0 53 16 5 16 60 10 4 37 4 47 4 35 4 56 32 4 28 4 24 4 89 57 8 13 8 10 6 4 15 4 12 4 7 4 102 19 8 52 29 4 54 4 40 4 5 4 35 31 8 103 14 4 103 40 8 62 7 8 90 5 8 16 55 4 14 4 34 4 97 48 4 35 4 85 18 4 39 4 10 4 94 9 4 17 4 115 41 4 46 4 20 4 91 43 4 22 4 102 50 4 43 4 42 18 16 18 16 27 46 28 36 4 48 4 48 32 4 15 4 10 4 105 50 4 33 4 72 17 16 50 16 9 23 22 51 4 50 4 83 34 16 41 16 17 43 4 13 4 7 4 69 42 4 38 4 99 6 4 31 4 20 4 27 34 4 43 4 45 14 21 4 21 46 19 17 4 30 45 20 4 109 28 16 29 16 44 13 4 30 4 9 4 102 31 32 18 4 38 51 49 4 12 34 4 5 4 38 4 0 25 16 26 16 9 57 4 51 4 55 19 4 30 4 49 4 41 17 4 44 10 5 4 15 28 4 30 4 23 4 47 4 82 50 4 50 4 24 4 10 4 80 26 4 11 4 46 39 37 4 34 16 4 10 4 48 4 43 23 4 11 30 33 4 53 15 4 30 5 10 4 13 22 4 43 4 49 34 13 52 4 12 13 8 4 56 12 4 5 4 69 42 4 15 4 11 4 9 4 89 6 4 28 4 44 4 19 4 38 23 4 49 4 52 10 27 13 4 26 4 40 42 4 23 4 31 4 52 4 18 14 4 24 4 50 4 111 27 4 16 4 49 4 71 39 4 9 4 15 4 48 4 13 18 4 18 4 44 4 36 4 
iteration 536 best: 0.88714 time: 201509
67 36 8 84 42 8 68 36 8 63 9 4 44 4 29 38 4 28 4 62 7 8 98 48 4 15 4 73 9 12 30 5 8 22 46 8 63 34 8 63 14 12 76 19 4 10 4 34 21 4 28 4 45 4 44 4 0 29 4 5 4 42 4 3 34 8 79 54 8 51 53 4 13 4 0 53 16 5 16 60 10 4 37 4 47 4 35 4 56 32 4 28 4 24 4 89 57 8 13 8 10 6 4 15 4 12 4 7 4 102 19 8 52 29 4 54 4 40 4 5 4 35 31 8 103 14 4 103 40 8 62 7 8 90 5 8 16 55 4 14 4 34 4 97 48 4 35 4 85 18 4 39 4 10 4 94 9 4 17 4 115 41 4 46 4 20 4 91 43 4 22 4 102 50 4 43 4 42 18 16 18 16 27 46 28 36 4 48 4 48 32 4 15 4 10 4 105 50 4 33 4 72 17 16 50 16 9 23 22 51 4 50 4 83 34 16 41 16 17 43 4 13 4 7 4 69 42 4 38 4 99 6 4 31 4 20 4 27 34 4 43 4 45 14 21 4 21 46 19 17 4 30 45 20 4 109 28 16 29 16 44 13 4 30 4 9 4 102 31 32 18 4 38 51 49 4 12 34 4 5 4 38 4 0 25 16 26 16 9 57 4 51 4 55 19 4 30 4 49 4 41 17 4 44 10 5 4 15 28 4 30 4 23 4 47 4 82 50 4 50 4 24 4 10 4 80 26 4 11 4 46 39 37 4 34 16 4 10 4 48 4 43 23 4 11 30 33 4 53 15 4 30 5 10 4 13 22 4 43 4 49 34 13 52 4 12 13 8 4 56 12 4 5 4 69 42 4 15 4 11 4 9 4 89 6 4 28 4 44 4 19 4 38 23 4 49 4 52 10 27 13 4 26 4 40 42 4 23 4 31 4 52 4 18 14 4 24 4 50 4 111 27 4 16 4 49 4 71 39 4 9 4 15 4 48 4 13 18 4 18 4 44 4 36 4 
iteration 556 best: 0.88714 time: 208945
67 36 8 84 42 8 68 36 8 63 9 4 44 4 29 38 4 28 4 62 7 8 98 48 4 15 4 73 9 12 30 5 8 22 46 8 63 34 8 63 14 12 76 19 4 10 4 34 21 4 28 4 45 4 44 4 0 29 4 5 4 42 4 3 34 8 79 54 8 51 53 4 13 4 0 53 16 5 16 60 10 4 37 4 47 4 35 4 56 32 4 28 4 24 4 89 57 8 13 8 10 6 4 15 4 12 4 7 4 102 19 8 52 29 4 54 4 40 4 5 4 35 31 8 103 14 4 103 40 8 62 7 8 90 5 8 16 55 4 14 4 34 4 97 48 4 35 4 85 18 4 39 4 10 4 94 9 4 17 4 115 41 4 46 4 20 4 91 43 4 22 4 102 50 4 43 4 42 18 16 18 16 27 46 28 36 4 48 4 48 32 4 15 4 10 4 105 50 4 33 4 72 17 16 50 16 9 23 22 51 4 50 4 83 34 16 41 16 17 43 4 13 4 7 4 69 42 4 38 4 99 6 4 31 4 20 4 27 34 4 43 4 45 14 21 4 21 46 19 17 4 30 45 20 4 109 28 16 29 16 44 13 4 30 4 9 4 102 31 32 18 4 38 51 49 4 12 34 4 5 4 38 4 0 25 16 26 16 9 57 4 51 4 55 19 4 30 4 49 4 41 17 4 44 10 5 4 15 28 4 30 4 23 4 47 4 82 50 4 50 4 24 4 10 4 80 26 4 11 4 46 39 37 4 34 16 4 10 4 48 4 43 23 4 11 30 33 4 53 15 4 30 5 10 4 13 22 4 43 4 49 34 13 52 4 12 13 8 4 56 12 4 5 4 69 42 4 15 4 11 4 9 4 89 6 4 28 4 44 4 19 4 38 23 4 49 4 52 10 27 13 4 26 4 40 42 4 23 4 31 4 52 4 18 14 4 24 4 50 4 111 27 4 16 4 49 4 71 39 4 9 4 15 4 48 4 13 18 4 18 4 44 4 36 4 
iteration 576 best: 0.88714 time: 216386
67 36 8 84 42 8 68 36 8 63 9 4 44 4 29 38 4 28 4 62 7 8 98 48 4 15 4 73 9 12 30 5 8 22 46 8 63 34 8 63 14 12 76 19 4 10 4 34 21 4 28 4 45 4 44 4 0 29 4 5 4 42 4 3 34 8 79 54 8 51 53 4 13 4 0 53 16 5 16 60 10 4 37 4 47 4 35 4 56 32 4 28 4 24 4 89 57 8 13 8 10 6 4 15 4 12 4 7 4 102 19 8 52 29 4 54 4 40 4 5 4 35 31 8 103 14 4 103 40 8 62 7 8 90 5 8 16 55 4 14 4 34 4 97 48 4 35 4 85 18 4 39 4 10 4 94 9 4 17 4 115 41 4 46 4 20 4 91 43 4 22 4 102 50 4 43 4 42 18 16 18 16 27 46 28 36 4 48 4 48 32 4 15 4 10 4 105 50 4 33 4 72 17 16 50 16 9 23 22 51 4 50 4 83 34 16 41 16 17 43 4 13 4 7 4 69 42 4 38 4 99 6 4 31 4 20 4 27 34 4 43 4 45 14 21 4 21 46 19 17 4 30 45 20 4 109 28 16 29 16 44 13 4 30 4 9 4 102 31 32 18 4 38 51 49 4 12 34 4 5 4 38 4 0 25 16 26 16 9 57 4 51 4 55 19 4 30 4 49 4 41 17 4 44 10 5 4 15 28 4 30 4 23 4 47 4 82 50 4 50 4 24 4 10 4 80 26 4 11 4 46 39 37 4 34 16 4 10 4 48 4 43 23 4 11 30 33 4 53 15 4 30 5 10 4 13 22 4 43 4 49 34 13 52 4 12 13 8 4 56 12 4 5 4 69 42 4 15 4 11 4 9 4 89 6 4 28 4 44 4 19 4 38 23 4 49 4 52 10 27 13 4 26 4 40 42 4 23 4 31 4 52 4 18 14 4 24 4 50 4 111 27 4 16 4 49 4 71 39 4 9 4 15 4 48 4 13 18 4 18 4 44 4 36 4 
iteration 596 best: 0.88714 time: 223901
67 36 8 84 42 8 68 36 8 63 9 4 44 4 29 38 4 28 4 62 7 8 98 48 4 15 4 73 9 12 30 5 8 22 46 8 63 34 8 63 14 12 76 19 4 10 4 34 21 4 28 4 45 4 44 4 0 29 4 5 4 42 4 3 34 8 79 54 8 51 53 4 13 4 0 53 16 5 16 60 10 4 37 4 47 4 35 4 56 32 4 28 4 24 4 89 57 8 13 8 10 6 4 15 4 12 4 7 4 102 19 8 52 29 4 54 4 40 4 5 4 35 31 8 103 14 4 103 40 8 62 7 8 90 5 8 16 55 4 14 4 34 4 97 48 4 35 4 85 18 4 39 4 10 4 94 9 4 17 4 115 41 4 46 4 20 4 91 43 4 22 4 102 50 4 43 4 42 18 16 18 16 27 46 28 36 4 48 4 48 32 4 15 4 10 4 105 50 4 33 4 72 17 16 50 16 9 23 22 51 4 50 4 83 34 16 41 16 17 43 4 13 4 7 4 69 42 4 38 4 99 6 4 31 4 20 4 27 34 4 43 4 45 14 21 4 21 46 19 17 4 30 45 20 4 109 28 16 29 16 44 13 4 30 4 9 4 102 31 32 18 4 38 51 49 4 12 34 4 5 4 38 4 0 25 16 26 16 9 57 4 51 4 55 19 4 30 4 49 4 41 17 4 44 10 5 4 15 28 4 30 4 23 4 47 4 82 50 4 50 4 24 4 10 4 80 26 4 11 4 46 39 37 4 34 16 4 10 4 48 4 43 23 4 11 30 33 4 53 15 4 30 5 10 4 13 22 4 43 4 49 34 13 52 4 12 13 8 4 56 12 4 5 4 69 42 4 15 4 11 4 9 4 89 6 4 28 4 44 4 19 4 38 23 4 49 4 52 10 27 13 4 26 4 40 42 4 23 4 31 4 52 4 18 14 4 24 4 50 4 111 27 4 16 4 49 4 71 39 4 9 4 15 4 48 4 13 18 4 18 4 44 4 36 4 
iteration 616 best: 0.88714 time: 231409
67 36 8 84 42 8 68 36 8 63 9 4 44 4 29 38 4 28 4 62 7 8 98 48 4 15 4 73 9 12 30 5 8 22 46 8 63 34 8 63 14 12 76 19 4 10 4 34 21 4 28 4 45 4 44 4 0 29 4 5 4 42 4 3 34 8 79 54 8 51 53 4 13 4 0 53 16 5 16 60 10 4 37 4 47 4 35 4 56 32 4 28 4 24 4 89 57 8 13 8 10 6 4 15 4 12 4 7 4 102 19 8 52 29 4 54 4 40 4 5 4 35 31 8 103 14 4 103 40 8 62 7 8 90 5 8 16 55 4 14 4 34 4 97 48 4 35 4 85 18 4 39 4 10 4 94 9 4 17 4 115 41 4 46 4 20 4 91 43 4 22 4 102 50 4 43 4 42 18 16 18 16 27 46 28 36 4 48 4 48 32 4 15 4 10 4 105 50 4 33 4 72 17 16 50 16 9 23 22 51 4 50 4 83 34 16 41 16 17 43 4 13 4 7 4 69 42 4 38 4 99 6 4 31 4 20 4 27 34 4 43 4 45 14 21 4 21 46 19 17 4 30 45 20 4 109 28 16 29 16 44 13 4 30 4 9 4 102 31 32 18 4 38 51 49 4 12 34 4 5 4 38 4 0 25 16 26 16 9 57 4 51 4 55 19 4 30 4 49 4 41 17 4 44 10 5 4 15 28 4 30 4 23 4 47 4 82 50 4 50 4 24 4 10 4 80 26 4 11 4 46 39 37 4 34 16 4 10 4 48 4 43 23 4 11 30 33 4 53 15 4 30 5 10 4 13 22 4 43 4 49 34 13 52 4 12 13 8 4 56 12 4 5 4 69 42 4 15 4 11 4 9 4 89 6 4 28 4 44 4 19 4 38 23 4 49 4 52 10 27 13 4 26 4 40 42 4 23 4 31 4 52 4 18 14 4 24 4 50 4 111 27 4 16 4 49 4 71 39 4 9 4 15 4 48 4 13 18 4 18 4 44 4 36 4 
iteration 636 best: 0.88714 time: 238884
67 36 8 84 42 8 68 36 8 63 9 4 44 4 29 38 4 28 4 62 7 8 98 48 4 15 4 73 9 12 30 5 8 22 46 8 63 34 8 63 14 12 76 19 4 10 4 34 21 4 28 4 45 4 44 4 0 29 4 5 4 42 4 3 34 8 79 54 8 51 53 4 13 4 0 53 16 5 16 60 10 4 37 4 47 4 35 4 56 32 4 28 4 24 4 89 57 8 13 8 10 6 4 15 4 12 4 7 4 102 19 8 52 29 4 54 4 40 4 5 4 35 31 8 103 14 4 103 40 8 62 7 8 90 5 8 16 55 4 14 4 34 4 97 48 4 35 4 85 18 4 39 4 10 4 94 9 4 17 4 115 41 4 46 4 20 4 91 43 4 22 4 102 50 4 43 4 42 18 16 18 16 27 46 28 36 4 48 4 48 32 4 15 4 10 4 105 50 4 33 4 72 17 16 50 16 9 23 22 51 4 50 4 83 34 16 41 16 17 43 4 13 4 7 4 69 42 4 38 4 99 6 4 31 4 20 4 27 34 4 43 4 45 14 21 4 21 46 19 17 4 30 45 20 4 109 28 16 29 16 44 13 4 30 4 9 4 102 31 32 18 4 38 51 49 4 12 34 4 5 4 38 4 0 25 16 26 16 9 57 4 51 4 55 19 4 30 4 49 4 41 17 4 44 10 5 4 15 28 4 30 4 23 4 47 4 82 50 4 50 4 24 4 10 4 80 26 4 11 4 46 39 37 4 34 16 4 10 4 48 4 43 23 4 11 30 33 4 53 15 4 30 5 10 4 13 22 4 43 4 49 34 13 52 4 12 13 8 4 56 12 4 5 4 69 42 4 15 4 11 4 9 4 89 6 4 28 4 44 4 19 4 38 23 4 49 4 52 10 27 13 4 26 4 40 42 4 23 4 31 4 52 4 18 14 4 24 4 50 4 111 27 4 16 4 49 4 71 39 4 9 4 15 4 48 4 13 18 4 18 4 44 4 36 4 
iteration 656 best: 0.88714 time: 246350
67 36 8 84 42 8 68 36 8 63 9 4 44 4 29 38 4 28 4 62 7 8 98 48 4 15 4 73 9 12 30 5 8 22 46 8 63 34 8 63 14 12 76 19 4 10 4 34 21 4 28 4 45 4 44 4 0 29 4 5 4 42 4 3 34 8 79 54 8 51 53 4 13 4 0 53 16 5 16 60 10 4 37 4 47 4 35 4 56 32 4 28 4 24 4 89 57 8 13 8 10 6 4 15 4 12 4 7 4 102 19 8 52 29 4 54 4 40 4 5 4 35 31 8 103 14 4 103 40 8 62 7 8 90 5 8 16 55 4 14 4 34 4 97 48 4 35 4 85 18 4 39 4 10 4 94 9 4 17 4 115 41 4 46 4 20 4 91 43 4 22 4 102 50 4 43 4 42 18 16 18 16 27 46 28 36 4 48 4 48 32 4 15 4 10 4 105 50 4 33 4 72 17 16 50 16 9 23 22 51 4 50 4 83 34 16 41 16 17 43 4 13 4 7 4 69 42 4 38 4 99 6 4 31 4 20 4 27 34 4 43 4 45 14 21 4 21 46 19 17 4 30 45 20 4 109 28 16 29 16 44 13 4 30 4 9 4 102 31 32 18 4 38 51 49 4 12 34 4 5 4 38 4 0 25 16 26 16 9 57 4 51 4 55 19 4 30 4 49 4 41 17 4 44 10 5 4 15 28 4 30 4 23 4 47 4 82 50 4 50 4 24 4 10 4 80 26 4 11 4 46 39 37 4 34 16 4 10 4 48 4 43 23 4 11 30 33 4 53 15 4 30 5 10 4 13 22 4 43 4 49 34 13 52 4 12 13 8 4 56 12 4 5 4 69 42 4 15 4 11 4 9 4 89 6 4 28 4 44 4 19 4 38 23 4 49 4 52 10 27 13 4 26 4 40 42 4 23 4 31 4 52 4 18 14 4 24 4 50 4 111 27 4 16 4 49 4 71 39 4 9 4 15 4 48 4 13 18 4 18 4 44 4 36 4 
iteration 676 best: 0.88714 time: 253818
67 36 8 84 42 8 68 36 8 63 9 4 44 4 29 38 4 28 4 62 7 8 98 48 4 15 4 73 9 12 30 5 8 22 46 8 63 34 8 63 14 12 76 19 4 10 4 34 21 4 28 4 45 4 44 4 0 29 4 5 4 42 4 3 34 8 79 54 8 51 53 4 13 4 0 53 16 5 16 60 10 4 37 4 47 4 35 4 56 32 4 28 4 24 4 89 57 8 13 8 10 6 4 15 4 12 4 7 4 102 19 8 52 29 4 54 4 40 4 5 4 35 31 8 103 14 4 103 40 8 62 7 8 90 5 8 16 55 4 14 4 34 4 97 48 4 35 4 85 18 4 39 4 10 4 94 9 4 17 4 115 41 4 46 4 20 4 91 43 4 22 4 102 50 4 43 4 42 18 16 18 16 27 46 28 36 4 48 4 48 32 4 15 4 10 4 105 50 4 33 4 72 17 16 50 16 9 23 22 51 4 50 4 83 34 16 41 16 17 43 4 13 4 7 4 69 42 4 38 4 99 6 4 31 4 20 4 27 34 4 43 4 45 14 21 4 21 46 19 17 4 30 45 20 4 109 28 16 29 16 44 13 4 30 4 9 4 102 31 32 18 4 38 51 49 4 12 34 4 5 4 38 4 0 25 16 26 16 9 57 4 51 4 55 19 4 30 4 49 4 41 17 4 44 10 5 4 15 28 4 30 4 23 4 47 4 82 50 4 50 4 24 4 10 4 80 26 4 11 4 46 39 37 4 34 16 4 10 4 48 4 43 23 4 11 30 33 4 53 15 4 30 5 10 4 13 22 4 43 4 49 34 13 52 4 12 13 8 4 56 12 4 5 4 69 42 4 15 4 11 4 9 4 89 6 4 28 4 44 4 19 4 38 23 4 49 4 52 10 27 13 4 26 4 40 42 4 23 4 31 4 52 4 18 14 4 24 4 50 4 111 27 4 16 4 49 4 71 39 4 9 4 15 4 48 4 13 18 4 18 4 44 4 36 4 
iteration 696 best: 0.88714 time: 261277
67 36 8 84 42 8 68 36 8 63 9 4 44 4 29 38 4 28 4 62 7 8 98 48 4 15 4 73 9 12 30 5 8 22 46 8 63 34 8 63 14 12 76 19 4 10 4 34 21 4 28 4 45 4 44 4 0 29 4 5 4 42 4 3 34 8 79 54 8 51 53 4 13 4 0 53 16 5 16 60 10 4 37 4 47 4 35 4 56 32 4 28 4 24 4 89 57 8 13 8 10 6 4 15 4 12 4 7 4 102 19 8 52 29 4 54 4 40 4 5 4 35 31 8 103 14 4 103 40 8 62 7 8 90 5 8 16 55 4 14 4 34 4 97 48 4 35 4 85 18 4 39 4 10 4 94 9 4 17 4 115 41 4 46 4 20 4 91 43 4 22 4 102 50 4 43 4 42 18 16 18 16 27 46 28 36 4 48 4 48 32 4 15 4 10 4 105 50 4 33 4 72 17 16 50 16 9 23 22 51 4 50 4 83 34 16 41 16 17 43 4 13 4 7 4 69 42 4 38 4 99 6 4 31 4 20 4 27 34 4 43 4 45 14 21 4 21 46 19 17 4 30 45 20 4 109 28 16 29 16 44 13 4 30 4 9 4 102 31 32 18 4 38 51 49 4 12 34 4 5 4 38 4 0 25 16 26 16 9 57 4 51 4 55 19 4 30 4 49 4 41 17 4 44 10 5 4 15 28 4 30 4 23 4 47 4 82 50 4 50 4 24 4 10 4 80 26 4 11 4 46 39 37 4 34 16 4 10 4 48 4 43 23 4 11 30 33 4 53 15 4 30 5 10 4 13 22 4 43 4 49 34 13 52 4 12 13 8 4 56 12 4 5 4 69 42 4 15 4 11 4 9 4 89 6 4 28 4 44 4 19 4 38 23 4 49 4 52 10 27 13 4 26 4 40 42 4 23 4 31 4 52 4 18 14 4 24 4 50 4 111 27 4 16 4 49 4 71 39 4 9 4 15 4 48 4 13 18 4 18 4 44 4 36 4 
iteration 716 best: 0.88714 time: 268746
67 36 8 84 42 8 68 36 8 63 9 4 44 4 29 38 4 28 4 62 7 8 98 48 4 15 4 73 9 12 30 5 8 22 46 8 63 34 8 63 14 12 76 19 4 10 4 34 21 4 28 4 45 4 44 4 0 29 4 5 4 42 4 3 34 8 79 54 8 51 53 4 13 4 0 53 16 5 16 60 10 4 37 4 47 4 35 4 56 32 4 28 4 24 4 89 57 8 13 8 10 6 4 15 4 12 4 7 4 102 19 8 52 29 4 54 4 40 4 5 4 35 31 8 103 14 4 103 40 8 62 7 8 90 5 8 16 55 4 14 4 34 4 97 48 4 35 4 85 18 4 39 4 10 4 94 9 4 17 4 115 41 4 46 4 20 4 91 43 4 22 4 102 50 4 43 4 42 18 16 18 16 27 46 28 36 4 48 4 48 32 4 15 4 10 4 105 50 4 33 4 72 17 16 50 16 9 23 22 51 4 50 4 83 34 16 41 16 17 43 4 13 4 7 4 69 42 4 38 4 99 6 4 31 4 20 4 27 34 4 43 4 45 14 21 4 21 46 19 17 4 30 45 20 4 109 28 16 29 16 44 13 4 30 4 9 4 102 31 32 18 4 38 51 49 4 12 34 4 5 4 38 4 0 25 16 26 16 9 57 4 51 4 55 19 4 30 4 49 4 41 17 4 44 10 5 4 15 28 4 30 4 23 4 47 4 82 50 4 50 4 24 4 10 4 80 26 4 11 4 46 39 37 4 34 16 4 10 4 48 4 43 23 4 11 30 33 4 53 15 4 30 5 10 4 13 22 4 43 4 49 34 13 52 4 12 13 8 4 56 12 4 5 4 69 42 4 15 4 11 4 9 4 89 6 4 28 4 44 4 19 4 38 23 4 49 4 52 10 27 13 4 26 4 40 42 4 23 4 31 4 52 4 18 14 4 24 4 50 4 111 27 4 16 4 49 4 71 39 4 9 4 15 4 48 4 13 18 4 18 4 44 4 36 4 
iteration 736 best: 0.88714 time: 276200
67 36 8 84 42 8 68 36 8 63 9 4 44 4 29 38 4 28 4 62 7 8 98 48 4 15 4 73 9 12 30 5 8 22 46 8 63 34 8 63 14 12 76 19 4 10 4 34 21 4 28 4 45 4 44 4 0 29 4 5 4 42 4 3 34 8 79 54 8 51 53 4 13 4 0 53 16 5 16 60 10 4 37 4 47 4 35 4 56 32 4 28 4 24 4 89 57 8 13 8 10 6 4 15 4 12 4 7 4 102 19 8 52 29 4 54 4 40 4 5 4 35 31 8 103 14 4 103 40 8 62 7 8 90 5 8 16 55 4 14 4 34 4 97 48 4 35 4 85 18 4 39 4 10 4 94 9 4 17 4 115 41 4 46 4 20 4 91 43 4 22 4 102 50 4 43 4 42 18 16 18 16 27 46 28 36 4 48 4 48 32 4 15 4 10 4 105 50 4 33 4 72 17 16 50 16 9 23 22 51 4 50 4 83 34 16 41 16 17 43 4 13 4 7 4 69 42 4 38 4 99 6 4 31 4 20 4 27 34 4 43 4 45 14 21 4 21 46 19 17 4 30 45 20 4 109 28 16 29 16 44 13 4 30 4 9 4 102 31 32 18 4 38 51 49 4 12 34 4 5 4 38 4 0 25 16 26 16 9 57 4 51 4 55 19 4 30 4 49 4 41 17 4 44 10 5 4 15 28 4 30 4 23 4 47 4 82 50 4 50 4 24 4 10 4 80 26 4 11 4 46 39 37 4 34 16 4 10 4 48 4 43 23 4 11 30 33 4 53 15 4 30 5 10 4 13 22 4 43 4 49 34 13 52 4 12 13 8 4 56 12 4 5 4 69 42 4 15 4 11 4 9 4 89 6 4 28 4 44 4 19 4 38 23 4 49 4 52 10 27 13 4 26 4 40 42 4 23 4 31 4 52 4 18 14 4 24 4 50 4 111 27 4 16 4 49 4 71 39 4 9 4 15 4 48 4 13 18 4 18 4 44 4 36 4 
iteration 756 best: 0.88714 time: 283635
67 36 8 84 42 8 68 36 8 63 9 4 44 4 29 38 4 28 4 62 7 8 98 48 4 15 4 73 9 12 30 5 8 22 46 8 63 34 8 63 14 12 76 19 4 10 4 34 21 4 28 4 45 4 44 4 0 29 4 5 4 42 4 3 34 8 79 54 8 51 53 4 13 4 0 53 16 5 16 60 10 4 37 4 47 4 35 4 56 32 4 28 4 24 4 89 57 8 13 8 10 6 4 15 4 12 4 7 4 102 19 8 52 29 4 54 4 40 4 5 4 35 31 8 103 14 4 103 40 8 62 7 8 90 5 8 16 55 4 14 4 34 4 97 48 4 35 4 85 18 4 39 4 10 4 94 9 4 17 4 115 41 4 46 4 20 4 91 43 4 22 4 102 50 4 43 4 42 18 16 18 16 27 46 28 36 4 48 4 48 32 4 15 4 10 4 105 50 4 33 4 72 17 16 50 16 9 23 22 51 4 50 4 83 34 16 41 16 17 43 4 13 4 7 4 69 42 4 38 4 99 6 4 31 4 20 4 27 34 4 43 4 45 14 21 4 21 46 19 17 4 30 45 20 4 109 28 16 29 16 44 13 4 30 4 9 4 102 31 32 18 4 38 51 49 4 12 34 4 5 4 38 4 0 25 16 26 16 9 57 4 51 4 55 19 4 30 4 49 4 41 17 4 44 10 5 4 15 28 4 30 4 23 4 47 4 82 50 4 50 4 24 4 10 4 80 26 4 11 4 46 39 37 4 34 16 4 10 4 48 4 43 23 4 11 30 33 4 53 15 4 30 5 10 4 13 22 4 43 4 49 34 13 52 4 12 13 8 4 56 12 4 5 4 69 42 4 15 4 11 4 9 4 89 6 4 28 4 44 4 19 4 38 23 4 49 4 52 10 27 13 4 26 4 40 42 4 23 4 31 4 52 4 18 14 4 24 4 50 4 111 27 4 16 4 49 4 71 39 4 9 4 15 4 48 4 13 18 4 18 4 44 4 36 4 
iteration 776 best: 0.88714 time: 291080
67 36 8 84 42 8 68 36 8 63 9 4 44 4 29 38 4 28 4 62 7 8 98 48 4 15 4 73 9 12 30 5 8 22 46 8 63 34 8 63 14 12 76 19 4 10 4 34 21 4 28 4 45 4 44 4 0 29 4 5 4 42 4 3 34 8 79 54 8 51 53 4 13 4 0 53 16 5 16 60 10 4 37 4 47 4 35 4 56 32 4 28 4 24 4 89 57 8 13 8 10 6 4 15 4 12 4 7 4 102 19 8 52 29 4 54 4 40 4 5 4 35 31 8 103 14 4 103 40 8 62 7 8 90 5 8 16 55 4 14 4 34 4 97 48 4 35 4 85 18 4 39 4 10 4 94 9 4 17 4 115 41 4 46 4 20 4 91 43 4 22 4 102 50 4 43 4 42 18 16 18 16 27 46 28 36 4 48 4 48 32 4 15 4 10 4 105 50 4 33 4 72 17 16 50 16 9 23 22 51 4 50 4 83 34 16 41 16 17 43 4 13 4 7 4 69 42 4 38 4 99 6 4 31 4 20 4 27 34 4 43 4 45 14 21 4 21 46 19 17 4 30 45 20 4 109 28 16 29 16 44 13 4 30 4 9 4 102 31 32 18 4 38 51 49 4 12 34 4 5 4 38 4 0 25 16 26 16 9 57 4 51 4 55 19 4 30 4 49 4 41 17 4 44 10 5 4 15 28 4 30 4 23 4 47 4 82 50 4 50 4 24 4 10 4 80 26 4 11 4 46 39 37 4 34 16 4 10 4 48 4 43 23 4 11 30 33 4 53 15 4 30 5 10 4 13 22 4 43 4 49 34 13 52 4 12 13 8 4 56 12 4 5 4 69 42 4 15 4 11 4 9 4 89 6 4 28 4 44 4 19 4 38 23 4 49 4 52 10 27 13 4 26 4 40 42 4 23 4 31 4 52 4 18 14 4 24 4 50 4 111 27 4 16 4 49 4 71 39 4 9 4 15 4 48 4 13 18 4 18 4 44 4 36 4 
iteration 796 best: 0.88714 time: 298521
67 36 8 84 42 8 68 36 8 63 9 4 44 4 29 38 4 28 4 62 7 8 98 48 4 15 4 73 9 12 30 5 8 22 46 8 63 34 8 63 14 12 76 19 4 10 4 34 21 4 28 4 45 4 44 4 0 29 4 5 4 42 4 3 34 8 79 54 8 51 53 4 13 4 0 53 16 5 16 60 10 4 37 4 47 4 35 4 56 32 4 28 4 24 4 89 57 8 13 8 10 6 4 15 4 12 4 7 4 102 19 8 52 29 4 54 4 40 4 5 4 35 31 8 103 14 4 103 40 8 62 7 8 90 5 8 16 55 4 14 4 34 4 97 48 4 35 4 85 18 4 39 4 10 4 94 9 4 17 4 115 41 4 46 4 20 4 91 43 4 22 4 102 50 4 43 4 42 18 16 18 16 27 46 28 36 4 48 4 48 32 4 15 4 10 4 105 50 4 33 4 72 17 16 50 16 9 23 22 51 4 50 4 83 34 16 41 16 17 43 4 13 4 7 4 69 42 4 38 4 99 6 4 31 4 20 4 27 34 4 43 4 45 14 21 4 21 46 19 17 4 30 45 20 4 109 28 16 29 16 44 13 4 30 4 9 4 102 31 32 18 4 38 51 49 4 12 34 4 5 4 38 4 0 25 16 26 16 9 57 4 51 4 55 19 4 30 4 49 4 41 17 4 44 10 5 4 15 28 4 30 4 23 4 47 4 82 50 4 50 4 24 4 10 4 80 26 4 11 4 46 39 37 4 34 16 4 10 4 48 4 43 23 4 11 30 33 4 53 15 4 30 5 10 4 13 22 4 43 4 49 34 13 52 4 12 13 8 4 56 12 4 5 4 69 42 4 15 4 11 4 9 4 89 6 4 28 4 44 4 19 4 38 23 4 49 4 52 10 27 13 4 26 4 40 42 4 23 4 31 4 52 4 18 14 4 24 4 50 4 111 27 4 16 4 49 4 71 39 4 9 4 15 4 48 4 13 18 4 18 4 44 4 36 4 
iteration 816 best: 0.88714 time: 305971
67 36 8 84 42 8 68 36 8 63 9 4 44 4 29 38 4 28 4 62 7 8 98 48 4 15 4 73 9 12 30 5 8 22 46 8 63 34 8 63 14 12 76 19 4 10 4 34 21 4 28 4 45 4 44 4 0 29 4 5 4 42 4 3 34 8 79 54 8 51 53 4 13 4 0 53 16 5 16 60 10 4 37 4 47 4 35 4 56 32 4 28 4 24 4 89 57 8 13 8 10 6 4 15 4 12 4 7 4 102 19 8 52 29 4 54 4 40 4 5 4 35 31 8 103 14 4 103 40 8 62 7 8 90 5 8 16 55 4 14 4 34 4 97 48 4 35 4 85 18 4 39 4 10 4 94 9 4 17 4 115 41 4 46 4 20 4 91 43 4 22 4 102 50 4 43 4 42 18 16 18 16 27 46 28 36 4 48 4 48 32 4 15 4 10 4 105 50 4 33 4 72 17 16 50 16 9 23 22 51 4 50 4 83 34 16 41 16 17 43 4 13 4 7 4 69 42 4 38 4 99 6 4 31 4 20 4 27 34 4 43 4 45 14 21 4 21 46 19 17 4 30 45 20 4 109 28 16 29 16 44 13 4 30 4 9 4 102 31 32 18 4 38 51 49 4 12 34 4 5 4 38 4 0 25 16 26 16 9 57 4 51 4 55 19 4 30 4 49 4 41 17 4 44 10 5 4 15 28 4 30 4 23 4 47 4 82 50 4 50 4 24 4 10 4 80 26 4 11 4 46 39 37 4 34 16 4 10 4 48 4 43 23 4 11 30 33 4 53 15 4 30 5 10 4 13 22 4 43 4 49 34 13 52 4 12 13 8 4 56 12 4 5 4 69 42 4 15 4 11 4 9 4 89 6 4 28 4 44 4 19 4 38 23 4 49 4 52 10 27 13 4 26 4 40 42 4 23 4 31 4 52 4 18 14 4 24 4 50 4 111 27 4 16 4 49 4 71 39 4 9 4 15 4 48 4 13 18 4 18 4 44 4 36 4 
iteration 836 best: 0.88714 time: 313484
67 36 8 84 42 8 68 36 8 63 9 4 44 4 29 38 4 28 4 62 7 8 98 48 4 15 4 73 9 12 30 5 8 22 46 8 63 34 8 63 14 12 76 19 4 10 4 34 21 4 28 4 45 4 44 4 0 29 4 5 4 42 4 3 34 8 79 54 8 51 53 4 13 4 0 53 16 5 16 60 10 4 37 4 47 4 35 4 56 32 4 28 4 24 4 89 57 8 13 8 10 6 4 15 4 12 4 7 4 102 19 8 52 29 4 54 4 40 4 5 4 35 31 8 103 14 4 103 40 8 62 7 8 90 5 8 16 55 4 14 4 34 4 97 48 4 35 4 85 18 4 39 4 10 4 94 9 4 17 4 115 41 4 46 4 20 4 91 43 4 22 4 102 50 4 43 4 42 18 16 18 16 27 46 28 36 4 48 4 48 32 4 15 4 10 4 105 50 4 33 4 72 17 16 50 16 9 23 22 51 4 50 4 83 34 16 41 16 17 43 4 13 4 7 4 69 42 4 38 4 99 6 4 31 4 20 4 27 34 4 43 4 45 14 21 4 21 46 19 17 4 30 45 20 4 109 28 16 29 16 44 13 4 30 4 9 4 102 31 32 18 4 38 51 49 4 12 34 4 5 4 38 4 0 25 16 26 16 9 57 4 51 4 55 19 4 30 4 49 4 41 17 4 44 10 5 4 15 28 4 30 4 23 4 47 4 82 50 4 50 4 24 4 10 4 80 26 4 11 4 46 39 37 4 34 16 4 10 4 48 4 43 23 4 11 30 33 4 53 15 4 30 5 10 4 13 22 4 43 4 49 34 13 52 4 12 13 8 4 56 12 4 5 4 69 42 4 15 4 11 4 9 4 89 6 4 28 4 44 4 19 4 38 23 4 49 4 52 10 27 13 4 26 4 40 42 4 23 4 31 4 52 4 18 14 4 24 4 50 4 111 27 4 16 4 49 4 71 39 4 9 4 15 4 48 4 13 18 4 18 4 44 4 36 4 
iteration 856 best: 0.88714 time: 320943
67 36 8 84 42 8 68 36 8 63 9 4 44 4 29 38 4 28 4 62 7 8 98 48 4 15 4 73 9 12 30 5 8 22 46 8 63 34 8 63 14 12 76 19 4 10 4 34 21 4 28 4 45 4 44 4 0 29 4 5 4 42 4 3 34 8 79 54 8 51 53 4 13 4 0 53 16 5 16 60 10 4 37 4 47 4 35 4 56 32 4 28 4 24 4 89 57 8 13 8 10 6 4 15 4 12 4 7 4 102 19 8 52 29 4 54 4 40 4 5 4 35 31 8 103 14 4 103 40 8 62 7 8 90 5 8 16 55 4 14 4 34 4 97 48 4 35 4 85 18 4 39 4 10 4 94 9 4 17 4 115 41 4 46 4 20 4 91 43 4 22 4 102 50 4 43 4 42 18 16 18 16 27 46 28 36 4 48 4 48 32 4 15 4 10 4 105 50 4 33 4 72 17 16 50 16 9 23 22 51 4 50 4 83 34 16 41 16 17 43 4 13 4 7 4 69 42 4 38 4 99 6 4 31 4 20 4 27 34 4 43 4 45 14 21 4 21 46 19 17 4 30 45 20 4 109 28 16 29 16 44 13 4 30 4 9 4 102 31 32 18 4 38 51 49 4 12 34 4 5 4 38 4 0 25 16 26 16 9 57 4 51 4 55 19 4 30 4 49 4 41 17 4 44 10 5 4 15 28 4 30 4 23 4 47 4 82 50 4 50 4 24 4 10 4 80 26 4 11 4 46 39 37 4 34 16 4 10 4 48 4 43 23 4 11 30 33 4 53 15 4 30 5 10 4 13 22 4 43 4 49 34 13 52 4 12 13 8 4 56 12 4 5 4 69 42 4 15 4 11 4 9 4 89 6 4 28 4 44 4 19 4 38 23 4 49 4 52 10 27 13 4 26 4 40 42 4 23 4 31 4 52 4 18 14 4 24 4 50 4 111 27 4 16 4 49 4 71 39 4 9 4 15 4 48 4 13 18 4 18 4 44 4 36 4 
iteration 876 best: 0.88714 time: 328392
67 36 8 84 42 8 68 36 8 63 9 4 44 4 29 38 4 28 4 62 7 8 98 48 4 15 4 73 9 12 30 5 8 22 46 8 63 34 8 63 14 12 76 19 4 10 4 34 21 4 28 4 45 4 44 4 0 29 4 5 4 42 4 3 34 8 79 54 8 51 53 4 13 4 0 53 16 5 16 60 10 4 37 4 47 4 35 4 56 32 4 28 4 24 4 89 57 8 13 8 10 6 4 15 4 12 4 7 4 102 19 8 52 29 4 54 4 40 4 5 4 35 31 8 103 14 4 103 40 8 62 7 8 90 5 8 16 55 4 14 4 34 4 97 48 4 35 4 85 18 4 39 4 10 4 94 9 4 17 4 115 41 4 46 4 20 4 91 43 4 22 4 102 50 4 43 4 42 18 16 18 16 27 46 28 36 4 48 4 48 32 4 15 4 10 4 105 50 4 33 4 72 17 16 50 16 9 23 22 51 4 50 4 83 34 16 41 16 17 43 4 13 4 7 4 69 42 4 38 4 99 6 4 31 4 20 4 27 34 4 43 4 45 14 21 4 21 46 19 17 4 30 45 20 4 109 28 16 29 16 44 13 4 30 4 9 4 102 31 32 18 4 38 51 49 4 12 34 4 5 4 38 4 0 25 16 26 16 9 57 4 51 4 55 19 4 30 4 49 4 41 17 4 44 10 5 4 15 28 4 30 4 23 4 47 4 82 50 4 50 4 24 4 10 4 80 26 4 11 4 46 39 37 4 34 16 4 10 4 48 4 43 23 4 11 30 33 4 53 15 4 30 5 10 4 13 22 4 43 4 49 34 13 52 4 12 13 8 4 56 12 4 5 4 69 42 4 15 4 11 4 9 4 89 6 4 28 4 44 4 19 4 38 23 4 49 4 52 10 27 13 4 26 4 40 42 4 23 4 31 4 52 4 18 14 4 24 4 50 4 111 27 4 16 4 49 4 71 39 4 9 4 15 4 48 4 13 18 4 18 4 44 4 36 4 
iteration 896 best: 0.88714 time: 335834
67 36 8 84 42 8 68 36 8 63 9 4 44 4 29 38 4 28 4 62 7 8 98 48 4 15 4 73 9 12 30 5 8 22 46 8 63 34 8 63 14 12 76 19 4 10 4 34 21 4 28 4 45 4 44 4 0 29 4 5 4 42 4 3 34 8 79 54 8 51 53 4 13 4 0 53 16 5 16 60 10 4 37 4 47 4 35 4 56 32 4 28 4 24 4 89 57 8 13 8 10 6 4 15 4 12 4 7 4 102 19 8 52 29 4 54 4 40 4 5 4 35 31 8 103 14 4 103 40 8 62 7 8 90 5 8 16 55 4 14 4 34 4 97 48 4 35 4 85 18 4 39 4 10 4 94 9 4 17 4 115 41 4 46 4 20 4 91 43 4 22 4 102 50 4 43 4 42 18 16 18 16 27 46 28 36 4 48 4 48 32 4 15 4 10 4 105 50 4 33 4 72 17 16 50 16 9 23 22 51 4 50 4 83 34 16 41 16 17 43 4 13 4 7 4 69 42 4 38 4 99 6 4 31 4 20 4 27 34 4 43 4 45 14 21 4 21 46 19 17 4 30 45 20 4 109 28 16 29 16 44 13 4 30 4 9 4 102 31 32 18 4 38 51 49 4 12 34 4 5 4 38 4 0 25 16 26 16 9 57 4 51 4 55 19 4 30 4 49 4 41 17 4 44 10 5 4 15 28 4 30 4 23 4 47 4 82 50 4 50 4 24 4 10 4 80 26 4 11 4 46 39 37 4 34 16 4 10 4 48 4 43 23 4 11 30 33 4 53 15 4 30 5 10 4 13 22 4 43 4 49 34 13 52 4 12 13 8 4 56 12 4 5 4 69 42 4 15 4 11 4 9 4 89 6 4 28 4 44 4 19 4 38 23 4 49 4 52 10 27 13 4 26 4 40 42 4 23 4 31 4 52 4 18 14 4 24 4 50 4 111 27 4 16 4 49 4 71 39 4 9 4 15 4 48 4 13 18 4 18 4 44 4 36 4 
iteration 916 best: 0.88714 time: 343295
67 36 8 84 42 8 68 36 8 63 9 4 44 4 29 38 4 28 4 62 7 8 98 48 4 15 4 73 9 12 30 5 8 22 46 8 63 34 8 63 14 12 76 19 4 10 4 34 21 4 28 4 45 4 44 4 0 29 4 5 4 42 4 3 34 8 79 54 8 51 53 4 13 4 0 53 16 5 16 60 10 4 37 4 47 4 35 4 56 32 4 28 4 24 4 89 57 8 13 8 10 6 4 15 4 12 4 7 4 102 19 8 52 29 4 54 4 40 4 5 4 35 31 8 103 14 4 103 40 8 62 7 8 90 5 8 16 55 4 14 4 34 4 97 48 4 35 4 85 18 4 39 4 10 4 94 9 4 17 4 115 41 4 46 4 20 4 91 43 4 22 4 102 50 4 43 4 42 18 16 18 16 27 46 28 36 4 48 4 48 32 4 15 4 10 4 105 50 4 33 4 72 17 16 50 16 9 23 22 51 4 50 4 83 34 16 41 16 17 43 4 13 4 7 4 69 42 4 38 4 99 6 4 31 4 20 4 27 34 4 43 4 45 14 21 4 21 46 19 17 4 30 45 20 4 109 28 16 29 16 44 13 4 30 4 9 4 102 31 32 18 4 38 51 49 4 12 34 4 5 4 38 4 0 25 16 26 16 9 57 4 51 4 55 19 4 30 4 49 4 41 17 4 44 10 5 4 15 28 4 30 4 23 4 47 4 82 50 4 50 4 24 4 10 4 80 26 4 11 4 46 39 37 4 34 16 4 10 4 48 4 43 23 4 11 30 33 4 53 15 4 30 5 10 4 13 22 4 43 4 49 34 13 52 4 12 13 8 4 56 12 4 5 4 69 42 4 15 4 11 4 9 4 89 6 4 28 4 44 4 19 4 38 23 4 49 4 52 10 27 13 4 26 4 40 42 4 23 4 31 4 52 4 18 14 4 24 4 50 4 111 27 4 16 4 49 4 71 39 4 9 4 15 4 48 4 13 18 4 18 4 44 4 36 4 
iteration 936 best: 0.88714 time: 350760
67 36 8 84 42 8 68 36 8 63 9 4 44 4 29 38 4 28 4 62 7 8 98 48 4 15 4 73 9 12 30 5 8 22 46 8 63 34 8 63 14 12 76 19 4 10 4 34 21 4 28 4 45 4 44 4 0 29 4 5 4 42 4 3 34 8 79 54 8 51 53 4 13 4 0 53 16 5 16 60 10 4 37 4 47 4 35 4 56 32 4 28 4 24 4 89 57 8 13 8 10 6 4 15 4 12 4 7 4 102 19 8 52 29 4 54 4 40 4 5 4 35 31 8 103 14 4 103 40 8 62 7 8 90 5 8 16 55 4 14 4 34 4 97 48 4 35 4 85 18 4 39 4 10 4 94 9 4 17 4 115 41 4 46 4 20 4 91 43 4 22 4 102 50 4 43 4 42 18 16 18 16 27 46 28 36 4 48 4 48 32 4 15 4 10 4 105 50 4 33 4 72 17 16 50 16 9 23 22 51 4 50 4 83 34 16 41 16 17 43 4 13 4 7 4 69 42 4 38 4 99 6 4 31 4 20 4 27 34 4 43 4 45 14 21 4 21 46 19 17 4 30 45 20 4 109 28 16 29 16 44 13 4 30 4 9 4 102 31 32 18 4 38 51 49 4 12 34 4 5 4 38 4 0 25 16 26 16 9 57 4 51 4 55 19 4 30 4 49 4 41 17 4 44 10 5 4 15 28 4 30 4 23 4 47 4 82 50 4 50 4 24 4 10 4 80 26 4 11 4 46 39 37 4 34 16 4 10 4 48 4 43 23 4 11 30 33 4 53 15 4 30 5 10 4 13 22 4 43 4 49 34 13 52 4 12 13 8 4 56 12 4 5 4 69 42 4 15 4 11 4 9 4 89 6 4 28 4 44 4 19 4 38 23 4 49 4 52 10 27 13 4 26 4 40 42 4 23 4 31 4 52 4 18 14 4 24 4 50 4 111 27 4 16 4 49 4 71 39 4 9 4 15 4 48 4 13 18 4 18 4 44 4 36 4 
iteration 956 best: 0.88714 time: 358228
67 36 8 84 42 8 68 36 8 63 9 4 44 4 29 38 4 28 4 62 7 8 98 48 4 15 4 73 9 12 30 5 8 22 46 8 63 34 8 63 14 12 76 19 4 10 4 34 21 4 28 4 45 4 44 4 0 29 4 5 4 42 4 3 34 8 79 54 8 51 53 4 13 4 0 53 16 5 16 60 10 4 37 4 47 4 35 4 56 32 4 28 4 24 4 89 57 8 13 8 10 6 4 15 4 12 4 7 4 102 19 8 52 29 4 54 4 40 4 5 4 35 31 8 103 14 4 103 40 8 62 7 8 90 5 8 16 55 4 14 4 34 4 97 48 4 35 4 85 18 4 39 4 10 4 94 9 4 17 4 115 41 4 46 4 20 4 91 43 4 22 4 102 50 4 43 4 42 18 16 18 16 27 46 28 36 4 48 4 48 32 4 15 4 10 4 105 50 4 33 4 72 17 16 50 16 9 23 22 51 4 50 4 83 34 16 41 16 17 43 4 13 4 7 4 69 42 4 38 4 99 6 4 31 4 20 4 27 34 4 43 4 45 14 21 4 21 46 19 17 4 30 45 20 4 109 28 16 29 16 44 13 4 30 4 9 4 102 31 32 18 4 38 51 49 4 12 34 4 5 4 38 4 0 25 16 26 16 9 57 4 51 4 55 19 4 30 4 49 4 41 17 4 44 10 5 4 15 28 4 30 4 23 4 47 4 82 50 4 50 4 24 4 10 4 80 26 4 11 4 46 39 37 4 34 16 4 10 4 48 4 43 23 4 11 30 33 4 53 15 4 30 5 10 4 13 22 4 43 4 49 34 13 52 4 12 13 8 4 56 12 4 5 4 69 42 4 15 4 11 4 9 4 89 6 4 28 4 44 4 19 4 38 23 4 49 4 52 10 27 13 4 26 4 40 42 4 23 4 31 4 52 4 18 14 4 24 4 50 4 111 27 4 16 4 49 4 71 39 4 9 4 15 4 48 4 13 18 4 18 4 44 4 36 4 
iteration 976 best: 0.88714 time: 365698
67 36 8 84 42 8 68 36 8 63 9 4 44 4 29 38 4 28 4 62 7 8 98 48 4 15 4 73 9 12 30 5 8 22 46 8 63 34 8 63 14 12 76 19 4 10 4 34 21 4 28 4 45 4 44 4 0 29 4 5 4 42 4 3 34 8 79 54 8 51 53 4 13 4 0 53 16 5 16 60 10 4 37 4 47 4 35 4 56 32 4 28 4 24 4 89 57 8 13 8 10 6 4 15 4 12 4 7 4 102 19 8 52 29 4 54 4 40 4 5 4 35 31 8 103 14 4 103 40 8 62 7 8 90 5 8 16 55 4 14 4 34 4 97 48 4 35 4 85 18 4 39 4 10 4 94 9 4 17 4 115 41 4 46 4 20 4 91 43 4 22 4 102 50 4 43 4 42 18 16 18 16 27 46 28 36 4 48 4 48 32 4 15 4 10 4 105 50 4 33 4 72 17 16 50 16 9 23 22 51 4 50 4 83 34 16 41 16 17 43 4 13 4 7 4 69 42 4 38 4 99 6 4 31 4 20 4 27 34 4 43 4 45 14 21 4 21 46 19 17 4 30 45 20 4 109 28 16 29 16 44 13 4 30 4 9 4 102 31 32 18 4 38 51 49 4 12 34 4 5 4 38 4 0 25 16 26 16 9 57 4 51 4 55 19 4 30 4 49 4 41 17 4 44 10 5 4 15 28 4 30 4 23 4 47 4 82 50 4 50 4 24 4 10 4 80 26 4 11 4 46 39 37 4 34 16 4 10 4 48 4 43 23 4 11 30 33 4 53 15 4 30 5 10 4 13 22 4 43 4 49 34 13 52 4 12 13 8 4 56 12 4 5 4 69 42 4 15 4 11 4 9 4 89 6 4 28 4 44 4 19 4 38 23 4 49 4 52 10 27 13 4 26 4 40 42 4 23 4 31 4 52 4 18 14 4 24 4 50 4 111 27 4 16 4 49 4 71 39 4 9 4 15 4 48 4 13 18 4 18 4 44 4 36 4 
iteration 996 best: 0.88714 time: 373152
67 36 8 84 42 8 68 36 8 63 9 4 44 4 29 38 4 28 4 62 7 8 98 48 4 15 4 73 9 12 30 5 8 22 46 8 63 34 8 63 14 12 76 19 4 10 4 34 21 4 28 4 45 4 44 4 0 29 4 5 4 42 4 3 34 8 79 54 8 51 53 4 13 4 0 53 16 5 16 60 10 4 37 4 47 4 35 4 56 32 4 28 4 24 4 89 57 8 13 8 10 6 4 15 4 12 4 7 4 102 19 8 52 29 4 54 4 40 4 5 4 35 31 8 103 14 4 103 40 8 62 7 8 90 5 8 16 55 4 14 4 34 4 97 48 4 35 4 85 18 4 39 4 10 4 94 9 4 17 4 115 41 4 46 4 20 4 91 43 4 22 4 102 50 4 43 4 42 18 16 18 16 27 46 28 36 4 48 4 48 32 4 15 4 10 4 105 50 4 33 4 72 17 16 50 16 9 23 22 51 4 50 4 83 34 16 41 16 17 43 4 13 4 7 4 69 42 4 38 4 99 6 4 31 4 20 4 27 34 4 43 4 45 14 21 4 21 46 19 17 4 30 45 20 4 109 28 16 29 16 44 13 4 30 4 9 4 102 31 32 18 4 38 51 49 4 12 34 4 5 4 38 4 0 25 16 26 16 9 57 4 51 4 55 19 4 30 4 49 4 41 17 4 44 10 5 4 15 28 4 30 4 23 4 47 4 82 50 4 50 4 24 4 10 4 80 26 4 11 4 46 39 37 4 34 16 4 10 4 48 4 43 23 4 11 30 33 4 53 15 4 30 5 10 4 13 22 4 43 4 49 34 13 52 4 12 13 8 4 56 12 4 5 4 69 42 4 15 4 11 4 9 4 89 6 4 28 4 44 4 19 4 38 23 4 49 4 52 10 27 13 4 26 4 40 42 4 23 4 31 4 52 4 18 14 4 24 4 50 4 111 27 4 16 4 49 4 71 39 4 9 4 15 4 48 4 13 18 4 18 4 44 4 36 4 
iteration 1016 best: 0.88714 time: 380607
67 36 8 84 42 8 68 36 8 63 9 4 44 4 29 38 4 28 4 62 7 8 98 48 4 15 4 73 9 12 30 5 8 22 46 8 63 34 8 63 14 12 76 19 4 10 4 34 21 4 28 4 45 4 44 4 0 29 4 5 4 42 4 3 34 8 79 54 8 51 53 4 13 4 0 53 16 5 16 60 10 4 37 4 47 4 35 4 56 32 4 28 4 24 4 89 57 8 13 8 10 6 4 15 4 12 4 7 4 102 19 8 52 29 4 54 4 40 4 5 4 35 31 8 103 14 4 103 40 8 62 7 8 90 5 8 16 55 4 14 4 34 4 97 48 4 35 4 85 18 4 39 4 10 4 94 9 4 17 4 115 41 4 46 4 20 4 91 43 4 22 4 102 50 4 43 4 42 18 16 18 16 27 46 28 36 4 48 4 48 32 4 15 4 10 4 105 50 4 33 4 72 17 16 50 16 9 23 22 51 4 50 4 83 34 16 41 16 17 43 4 13 4 7 4 69 42 4 38 4 99 6 4 31 4 20 4 27 34 4 43 4 45 14 21 4 21 46 19 17 4 30 45 20 4 109 28 16 29 16 44 13 4 30 4 9 4 102 31 32 18 4 38 51 49 4 12 34 4 5 4 38 4 0 25 16 26 16 9 57 4 51 4 55 19 4 30 4 49 4 41 17 4 44 10 5 4 15 28 4 30 4 23 4 47 4 82 50 4 50 4 24 4 10 4 80 26 4 11 4 46 39 37 4 34 16 4 10 4 48 4 43 23 4 11 30 33 4 53 15 4 30 5 10 4 13 22 4 43 4 49 34 13 52 4 12 13 8 4 56 12 4 5 4 69 42 4 15 4 11 4 9 4 89 6 4 28 4 44 4 19 4 38 23 4 49 4 52 10 27 13 4 26 4 40 42 4 23 4 31 4 52 4 18 14 4 24 4 50 4 111 27 4 16 4 49 4 71 39 4 9 4 15 4 48 4 13 18 4 18 4 44 4 36 4 
iteration 1036 best: 0.88714 time: 388085
67 36 8 84 42 8 68 36 8 63 9 4 44 4 29 38 4 28 4 62 7 8 98 48 4 15 4 73 9 12 30 5 8 22 46 8 63 34 8 63 14 12 76 19 4 10 4 34 21 4 28 4 45 4 44 4 0 29 4 5 4 42 4 3 34 8 79 54 8 51 53 4 13 4 0 53 16 5 16 60 10 4 37 4 47 4 35 4 56 32 4 28 4 24 4 89 57 8 13 8 10 6 4 15 4 12 4 7 4 102 19 8 52 29 4 54 4 40 4 5 4 35 31 8 103 14 4 103 40 8 62 7 8 90 5 8 16 55 4 14 4 34 4 97 48 4 35 4 85 18 4 39 4 10 4 94 9 4 17 4 115 41 4 46 4 20 4 91 43 4 22 4 102 50 4 43 4 42 18 16 18 16 27 46 28 36 4 48 4 48 32 4 15 4 10 4 105 50 4 33 4 72 17 16 50 16 9 23 22 51 4 50 4 83 34 16 41 16 17 43 4 13 4 7 4 69 42 4 38 4 99 6 4 31 4 20 4 27 34 4 43 4 45 14 21 4 21 46 19 17 4 30 45 20 4 109 28 16 29 16 44 13 4 30 4 9 4 102 31 32 18 4 38 51 49 4 12 34 4 5 4 38 4 0 25 16 26 16 9 57 4 51 4 55 19 4 30 4 49 4 41 17 4 44 10 5 4 15 28 4 30 4 23 4 47 4 82 50 4 50 4 24 4 10 4 80 26 4 11 4 46 39 37 4 34 16 4 10 4 48 4 43 23 4 11 30 33 4 53 15 4 30 5 10 4 13 22 4 43 4 49 34 13 52 4 12 13 8 4 56 12 4 5 4 69 42 4 15 4 11 4 9 4 89 6 4 28 4 44 4 19 4 38 23 4 49 4 52 10 27 13 4 26 4 40 42 4 23 4 31 4 52 4 18 14 4 24 4 50 4 111 27 4 16 4 49 4 71 39 4 9 4 15 4 48 4 13 18 4 18 4 44 4 36 4 
iteration 1056 best: 0.88714 time: 395544
67 36 8 84 42 8 68 36 8 63 9 4 44 4 29 38 4 28 4 62 7 8 98 48 4 15 4 73 9 12 30 5 8 22 46 8 63 34 8 63 14 12 76 19 4 10 4 34 21 4 28 4 45 4 44 4 0 29 4 5 4 42 4 3 34 8 79 54 8 51 53 4 13 4 0 53 16 5 16 60 10 4 37 4 47 4 35 4 56 32 4 28 4 24 4 89 57 8 13 8 10 6 4 15 4 12 4 7 4 102 19 8 52 29 4 54 4 40 4 5 4 35 31 8 103 14 4 103 40 8 62 7 8 90 5 8 16 55 4 14 4 34 4 97 48 4 35 4 85 18 4 39 4 10 4 94 9 4 17 4 115 41 4 46 4 20 4 91 43 4 22 4 102 50 4 43 4 42 18 16 18 16 27 46 28 36 4 48 4 48 32 4 15 4 10 4 105 50 4 33 4 72 17 16 50 16 9 23 22 51 4 50 4 83 34 16 41 16 17 43 4 13 4 7 4 69 42 4 38 4 99 6 4 31 4 20 4 27 34 4 43 4 45 14 21 4 21 46 19 17 4 30 45 20 4 109 28 16 29 16 44 13 4 30 4 9 4 102 31 32 18 4 38 51 49 4 12 34 4 5 4 38 4 0 25 16 26 16 9 57 4 51 4 55 19 4 30 4 49 4 41 17 4 44 10 5 4 15 28 4 30 4 23 4 47 4 82 50 4 50 4 24 4 10 4 80 26 4 11 4 46 39 37 4 34 16 4 10 4 48 4 43 23 4 11 30 33 4 53 15 4 30 5 10 4 13 22 4 43 4 49 34 13 52 4 12 13 8 4 56 12 4 5 4 69 42 4 15 4 11 4 9 4 89 6 4 28 4 44 4 19 4 38 23 4 49 4 52 10 27 13 4 26 4 40 42 4 23 4 31 4 52 4 18 14 4 24 4 50 4 111 27 4 16 4 49 4 71 39 4 9 4 15 4 48 4 13 18 4 18 4 44 4 36 4 
iteration 1076 best: 0.88714 time: 402987
67 36 8 84 42 8 68 36 8 63 9 4 44 4 29 38 4 28 4 62 7 8 98 48 4 15 4 73 9 12 30 5 8 22 46 8 63 34 8 63 14 12 76 19 4 10 4 34 21 4 28 4 45 4 44 4 0 29 4 5 4 42 4 3 34 8 79 54 8 51 53 4 13 4 0 53 16 5 16 60 10 4 37 4 47 4 35 4 56 32 4 28 4 24 4 89 57 8 13 8 10 6 4 15 4 12 4 7 4 102 19 8 52 29 4 54 4 40 4 5 4 35 31 8 103 14 4 103 40 8 62 7 8 90 5 8 16 55 4 14 4 34 4 97 48 4 35 4 85 18 4 39 4 10 4 94 9 4 17 4 115 41 4 46 4 20 4 91 43 4 22 4 102 50 4 43 4 42 18 16 18 16 27 46 28 36 4 48 4 48 32 4 15 4 10 4 105 50 4 33 4 72 17 16 50 16 9 23 22 51 4 50 4 83 34 16 41 16 17 43 4 13 4 7 4 69 42 4 38 4 99 6 4 31 4 20 4 27 34 4 43 4 45 14 21 4 21 46 19 17 4 30 45 20 4 109 28 16 29 16 44 13 4 30 4 9 4 102 31 32 18 4 38 51 49 4 12 34 4 5 4 38 4 0 25 16 26 16 9 57 4 51 4 55 19 4 30 4 49 4 41 17 4 44 10 5 4 15 28 4 30 4 23 4 47 4 82 50 4 50 4 24 4 10 4 80 26 4 11 4 46 39 37 4 34 16 4 10 4 48 4 43 23 4 11 30 33 4 53 15 4 30 5 10 4 13 22 4 43 4 49 34 13 52 4 12 13 8 4 56 12 4 5 4 69 42 4 15 4 11 4 9 4 89 6 4 28 4 44 4 19 4 38 23 4 49 4 52 10 27 13 4 26 4 40 42 4 23 4 31 4 52 4 18 14 4 24 4 50 4 111 27 4 16 4 49 4 71 39 4 9 4 15 4 48 4 13 18 4 18 4 44 4 36 4 
iteration 1096 best: 0.88714 time: 410465
67 36 8 84 42 8 68 36 8 63 9 4 44 4 29 38 4 28 4 62 7 8 98 48 4 15 4 73 9 12 30 5 8 22 46 8 63 34 8 63 14 12 76 19 4 10 4 34 21 4 28 4 45 4 44 4 0 29 4 5 4 42 4 3 34 8 79 54 8 51 53 4 13 4 0 53 16 5 16 60 10 4 37 4 47 4 35 4 56 32 4 28 4 24 4 89 57 8 13 8 10 6 4 15 4 12 4 7 4 102 19 8 52 29 4 54 4 40 4 5 4 35 31 8 103 14 4 103 40 8 62 7 8 90 5 8 16 55 4 14 4 34 4 97 48 4 35 4 85 18 4 39 4 10 4 94 9 4 17 4 115 41 4 46 4 20 4 91 43 4 22 4 102 50 4 43 4 42 18 16 18 16 27 46 28 36 4 48 4 48 32 4 15 4 10 4 105 50 4 33 4 72 17 16 50 16 9 23 22 51 4 50 4 83 34 16 41 16 17 43 4 13 4 7 4 69 42 4 38 4 99 6 4 31 4 20 4 27 34 4 43 4 45 14 21 4 21 46 19 17 4 30 45 20 4 109 28 16 29 16 44 13 4 30 4 9 4 102 31 32 18 4 38 51 49 4 12 34 4 5 4 38 4 0 25 16 26 16 9 57 4 51 4 55 19 4 30 4 49 4 41 17 4 44 10 5 4 15 28 4 30 4 23 4 47 4 82 50 4 50 4 24 4 10 4 80 26 4 11 4 46 39 37 4 34 16 4 10 4 48 4 43 23 4 11 30 33 4 53 15 4 30 5 10 4 13 22 4 43 4 49 34 13 52 4 12 13 8 4 56 12 4 5 4 69 42 4 15 4 11 4 9 4 89 6 4 28 4 44 4 19 4 38 23 4 49 4 52 10 27 13 4 26 4 40 42 4 23 4 31 4 52 4 18 14 4 24 4 50 4 111 27 4 16 4 49 4 71 39 4 9 4 15 4 48 4 13 18 4 18 4 44 4 36 4 
iteration 1116 best: 0.88714 time: 417892
67 36 8 84 42 8 68 36 8 63 9 4 44 4 29 38 4 28 4 62 7 8 98 48 4 15 4 73 9 12 30 5 8 22 46 8 63 34 8 63 14 12 76 19 4 10 4 34 21 4 28 4 45 4 44 4 0 29 4 5 4 42 4 3 34 8 79 54 8 51 53 4 13 4 0 53 16 5 16 60 10 4 37 4 47 4 35 4 56 32 4 28 4 24 4 89 57 8 13 8 10 6 4 15 4 12 4 7 4 102 19 8 52 29 4 54 4 40 4 5 4 35 31 8 103 14 4 103 40 8 62 7 8 90 5 8 16 55 4 14 4 34 4 97 48 4 35 4 85 18 4 39 4 10 4 94 9 4 17 4 115 41 4 46 4 20 4 91 43 4 22 4 102 50 4 43 4 42 18 16 18 16 27 46 28 36 4 48 4 48 32 4 15 4 10 4 105 50 4 33 4 72 17 16 50 16 9 23 22 51 4 50 4 83 34 16 41 16 17 43 4 13 4 7 4 69 42 4 38 4 99 6 4 31 4 20 4 27 34 4 43 4 45 14 21 4 21 46 19 17 4 30 45 20 4 109 28 16 29 16 44 13 4 30 4 9 4 102 31 32 18 4 38 51 49 4 12 34 4 5 4 38 4 0 25 16 26 16 9 57 4 51 4 55 19 4 30 4 49 4 41 17 4 44 10 5 4 15 28 4 30 4 23 4 47 4 82 50 4 50 4 24 4 10 4 80 26 4 11 4 46 39 37 4 34 16 4 10 4 48 4 43 23 4 11 30 33 4 53 15 4 30 5 10 4 13 22 4 43 4 49 34 13 52 4 12 13 8 4 56 12 4 5 4 69 42 4 15 4 11 4 9 4 89 6 4 28 4 44 4 19 4 38 23 4 49 4 52 10 27 13 4 26 4 40 42 4 23 4 31 4 52 4 18 14 4 24 4 50 4 111 27 4 16 4 49 4 71 39 4 9 4 15 4 48 4 13 18 4 18 4 44 4 36 4 
iteration 1136 best: 0.88714 time: 425337
67 36 8 84 42 8 68 36 8 63 9 4 44 4 29 38 4 28 4 62 7 8 98 48 4 15 4 73 9 12 30 5 8 22 46 8 63 34 8 63 14 12 76 19 4 10 4 34 21 4 28 4 45 4 44 4 0 29 4 5 4 42 4 3 34 8 79 54 8 51 53 4 13 4 0 53 16 5 16 60 10 4 37 4 47 4 35 4 56 32 4 28 4 24 4 89 57 8 13 8 10 6 4 15 4 12 4 7 4 102 19 8 52 29 4 54 4 40 4 5 4 35 31 8 103 14 4 103 40 8 62 7 8 90 5 8 16 55 4 14 4 34 4 97 48 4 35 4 85 18 4 39 4 10 4 94 9 4 17 4 115 41 4 46 4 20 4 91 43 4 22 4 102 50 4 43 4 42 18 16 18 16 27 46 28 36 4 48 4 48 32 4 15 4 10 4 105 50 4 33 4 72 17 16 50 16 9 23 22 51 4 50 4 83 34 16 41 16 17 43 4 13 4 7 4 69 42 4 38 4 99 6 4 31 4 20 4 27 34 4 43 4 45 14 21 4 21 46 19 17 4 30 45 20 4 109 28 16 29 16 44 13 4 30 4 9 4 102 31 32 18 4 38 51 49 4 12 34 4 5 4 38 4 0 25 16 26 16 9 57 4 51 4 55 19 4 30 4 49 4 41 17 4 44 10 5 4 15 28 4 30 4 23 4 47 4 82 50 4 50 4 24 4 10 4 80 26 4 11 4 46 39 37 4 34 16 4 10 4 48 4 43 23 4 11 30 33 4 53 15 4 30 5 10 4 13 22 4 43 4 49 34 13 52 4 12 13 8 4 56 12 4 5 4 69 42 4 15 4 11 4 9 4 89 6 4 28 4 44 4 19 4 38 23 4 49 4 52 10 27 13 4 26 4 40 42 4 23 4 31 4 52 4 18 14 4 24 4 50 4 111 27 4 16 4 49 4 71 39 4 9 4 15 4 48 4 13 18 4 18 4 44 4 36 4 
iteration 1156 best: 0.88714 time: 432772
67 36 8 84 42 8 68 36 8 63 9 4 44 4 29 38 4 28 4 62 7 8 98 48 4 15 4 73 9 12 30 5 8 22 46 8 63 34 8 63 14 12 76 19 4 10 4 34 21 4 28 4 45 4 44 4 0 29 4 5 4 42 4 3 34 8 79 54 8 51 53 4 13 4 0 53 16 5 16 60 10 4 37 4 47 4 35 4 56 32 4 28 4 24 4 89 57 8 13 8 10 6 4 15 4 12 4 7 4 102 19 8 52 29 4 54 4 40 4 5 4 35 31 8 103 14 4 103 40 8 62 7 8 90 5 8 16 55 4 14 4 34 4 97 48 4 35 4 85 18 4 39 4 10 4 94 9 4 17 4 115 41 4 46 4 20 4 91 43 4 22 4 102 50 4 43 4 42 18 16 18 16 27 46 28 36 4 48 4 48 32 4 15 4 10 4 105 50 4 33 4 72 17 16 50 16 9 23 22 51 4 50 4 83 34 16 41 16 17 43 4 13 4 7 4 69 42 4 38 4 99 6 4 31 4 20 4 27 34 4 43 4 45 14 21 4 21 46 19 17 4 30 45 20 4 109 28 16 29 16 44 13 4 30 4 9 4 102 31 32 18 4 38 51 49 4 12 34 4 5 4 38 4 0 25 16 26 16 9 57 4 51 4 55 19 4 30 4 49 4 41 17 4 44 10 5 4 15 28 4 30 4 23 4 47 4 82 50 4 50 4 24 4 10 4 80 26 4 11 4 46 39 37 4 34 16 4 10 4 48 4 43 23 4 11 30 33 4 53 15 4 30 5 10 4 13 22 4 43 4 49 34 13 52 4 12 13 8 4 56 12 4 5 4 69 42 4 15 4 11 4 9 4 89 6 4 28 4 44 4 19 4 38 23 4 49 4 52 10 27 13 4 26 4 40 42 4 23 4 31 4 52 4 18 14 4 24 4 50 4 111 27 4 16 4 49 4 71 39 4 9 4 15 4 48 4 13 18 4 18 4 44 4 36 4 
iteration 1176 best: 0.88714 time: 440213
67 36 8 84 42 8 68 36 8 63 9 4 44 4 29 38 4 28 4 62 7 8 98 48 4 15 4 73 9 12 30 5 8 22 46 8 63 34 8 63 14 12 76 19 4 10 4 34 21 4 28 4 45 4 44 4 0 29 4 5 4 42 4 3 34 8 79 54 8 51 53 4 13 4 0 53 16 5 16 60 10 4 37 4 47 4 35 4 56 32 4 28 4 24 4 89 57 8 13 8 10 6 4 15 4 12 4 7 4 102 19 8 52 29 4 54 4 40 4 5 4 35 31 8 103 14 4 103 40 8 62 7 8 90 5 8 16 55 4 14 4 34 4 97 48 4 35 4 85 18 4 39 4 10 4 94 9 4 17 4 115 41 4 46 4 20 4 91 43 4 22 4 102 50 4 43 4 42 18 16 18 16 27 46 28 36 4 48 4 48 32 4 15 4 10 4 105 50 4 33 4 72 17 16 50 16 9 23 22 51 4 50 4 83 34 16 41 16 17 43 4 13 4 7 4 69 42 4 38 4 99 6 4 31 4 20 4 27 34 4 43 4 45 14 21 4 21 46 19 17 4 30 45 20 4 109 28 16 29 16 44 13 4 30 4 9 4 102 31 32 18 4 38 51 49 4 12 34 4 5 4 38 4 0 25 16 26 16 9 57 4 51 4 55 19 4 30 4 49 4 41 17 4 44 10 5 4 15 28 4 30 4 23 4 47 4 82 50 4 50 4 24 4 10 4 80 26 4 11 4 46 39 37 4 34 16 4 10 4 48 4 43 23 4 11 30 33 4 53 15 4 30 5 10 4 13 22 4 43 4 49 34 13 52 4 12 13 8 4 56 12 4 5 4 69 42 4 15 4 11 4 9 4 89 6 4 28 4 44 4 19 4 38 23 4 49 4 52 10 27 13 4 26 4 40 42 4 23 4 31 4 52 4 18 14 4 24 4 50 4 111 27 4 16 4 49 4 71 39 4 9 4 15 4 48 4 13 18 4 18 4 44 4 36 4 
iteration 1196 best: 0.88714 time: 447679
67 36 8 84 42 8 68 36 8 63 9 4 44 4 29 38 4 28 4 62 7 8 98 48 4 15 4 73 9 12 30 5 8 22 46 8 63 34 8 63 14 12 76 19 4 10 4 34 21 4 28 4 45 4 44 4 0 29 4 5 4 42 4 3 34 8 79 54 8 51 53 4 13 4 0 53 16 5 16 60 10 4 37 4 47 4 35 4 56 32 4 28 4 24 4 89 57 8 13 8 10 6 4 15 4 12 4 7 4 102 19 8 52 29 4 54 4 40 4 5 4 35 31 8 103 14 4 103 40 8 62 7 8 90 5 8 16 55 4 14 4 34 4 97 48 4 35 4 85 18 4 39 4 10 4 94 9 4 17 4 115 41 4 46 4 20 4 91 43 4 22 4 102 50 4 43 4 42 18 16 18 16 27 46 28 36 4 48 4 48 32 4 15 4 10 4 105 50 4 33 4 72 17 16 50 16 9 23 22 51 4 50 4 83 34 16 41 16 17 43 4 13 4 7 4 69 42 4 38 4 99 6 4 31 4 20 4 27 34 4 43 4 45 14 21 4 21 46 19 17 4 30 45 20 4 109 28 16 29 16 44 13 4 30 4 9 4 102 31 32 18 4 38 51 49 4 12 34 4 5 4 38 4 0 25 16 26 16 9 57 4 51 4 55 19 4 30 4 49 4 41 17 4 44 10 5 4 15 28 4 30 4 23 4 47 4 82 50 4 50 4 24 4 10 4 80 26 4 11 4 46 39 37 4 34 16 4 10 4 48 4 43 23 4 11 30 33 4 53 15 4 30 5 10 4 13 22 4 43 4 49 34 13 52 4 12 13 8 4 56 12 4 5 4 69 42 4 15 4 11 4 9 4 89 6 4 28 4 44 4 19 4 38 23 4 49 4 52 10 27 13 4 26 4 40 42 4 23 4 31 4 52 4 18 14 4 24 4 50 4 111 27 4 16 4 49 4 71 39 4 9 4 15 4 48 4 13 18 4 18 4 44 4 36 4 
iteration 1216 best: 0.88714 time: 455133
67 36 8 84 42 8 68 36 8 63 9 4 44 4 29 38 4 28 4 62 7 8 98 48 4 15 4 73 9 12 30 5 8 22 46 8 63 34 8 63 14 12 76 19 4 10 4 34 21 4 28 4 45 4 44 4 0 29 4 5 4 42 4 3 34 8 79 54 8 51 53 4 13 4 0 53 16 5 16 60 10 4 37 4 47 4 35 4 56 32 4 28 4 24 4 89 57 8 13 8 10 6 4 15 4 12 4 7 4 102 19 8 52 29 4 54 4 40 4 5 4 35 31 8 103 14 4 103 40 8 62 7 8 90 5 8 16 55 4 14 4 34 4 97 48 4 35 4 85 18 4 39 4 10 4 94 9 4 17 4 115 41 4 46 4 20 4 91 43 4 22 4 102 50 4 43 4 42 18 16 18 16 27 46 28 36 4 48 4 48 32 4 15 4 10 4 105 50 4 33 4 72 17 16 50 16 9 23 22 51 4 50 4 83 34 16 41 16 17 43 4 13 4 7 4 69 42 4 38 4 99 6 4 31 4 20 4 27 34 4 43 4 45 14 21 4 21 46 19 17 4 30 45 20 4 109 28 16 29 16 44 13 4 30 4 9 4 102 31 32 18 4 38 51 49 4 12 34 4 5 4 38 4 0 25 16 26 16 9 57 4 51 4 55 19 4 30 4 49 4 41 17 4 44 10 5 4 15 28 4 30 4 23 4 47 4 82 50 4 50 4 24 4 10 4 80 26 4 11 4 46 39 37 4 34 16 4 10 4 48 4 43 23 4 11 30 33 4 53 15 4 30 5 10 4 13 22 4 43 4 49 34 13 52 4 12 13 8 4 56 12 4 5 4 69 42 4 15 4 11 4 9 4 89 6 4 28 4 44 4 19 4 38 23 4 49 4 52 10 27 13 4 26 4 40 42 4 23 4 31 4 52 4 18 14 4 24 4 50 4 111 27 4 16 4 49 4 71 39 4 9 4 15 4 48 4 13 18 4 18 4 44 4 36 4 
iteration 1236 best: 0.88714 time: 462588
67 36 8 84 42 8 68 36 8 63 9 4 44 4 29 38 4 28 4 62 7 8 98 48 4 15 4 73 9 12 30 5 8 22 46 8 63 34 8 63 14 12 76 19 4 10 4 34 21 4 28 4 45 4 44 4 0 29 4 5 4 42 4 3 34 8 79 54 8 51 53 4 13 4 0 53 16 5 16 60 10 4 37 4 47 4 35 4 56 32 4 28 4 24 4 89 57 8 13 8 10 6 4 15 4 12 4 7 4 102 19 8 52 29 4 54 4 40 4 5 4 35 31 8 103 14 4 103 40 8 62 7 8 90 5 8 16 55 4 14 4 34 4 97 48 4 35 4 85 18 4 39 4 10 4 94 9 4 17 4 115 41 4 46 4 20 4 91 43 4 22 4 102 50 4 43 4 42 18 16 18 16 27 46 28 36 4 48 4 48 32 4 15 4 10 4 105 50 4 33 4 72 17 16 50 16 9 23 22 51 4 50 4 83 34 16 41 16 17 43 4 13 4 7 4 69 42 4 38 4 99 6 4 31 4 20 4 27 34 4 43 4 45 14 21 4 21 46 19 17 4 30 45 20 4 109 28 16 29 16 44 13 4 30 4 9 4 102 31 32 18 4 38 51 49 4 12 34 4 5 4 38 4 0 25 16 26 16 9 57 4 51 4 55 19 4 30 4 49 4 41 17 4 44 10 5 4 15 28 4 30 4 23 4 47 4 82 50 4 50 4 24 4 10 4 80 26 4 11 4 46 39 37 4 34 16 4 10 4 48 4 43 23 4 11 30 33 4 53 15 4 30 5 10 4 13 22 4 43 4 49 34 13 52 4 12 13 8 4 56 12 4 5 4 69 42 4 15 4 11 4 9 4 89 6 4 28 4 44 4 19 4 38 23 4 49 4 52 10 27 13 4 26 4 40 42 4 23 4 31 4 52 4 18 14 4 24 4 50 4 111 27 4 16 4 49 4 71 39 4 9 4 15 4 48 4 13 18 4 18 4 44 4 36 4 
iteration 1256 best: 0.88714 time: 470040
67 36 8 84 42 8 68 36 8 63 9 4 44 4 29 38 4 28 4 62 7 8 98 48 4 15 4 73 9 12 30 5 8 22 46 8 63 34 8 63 14 12 76 19 4 10 4 34 21 4 28 4 45 4 44 4 0 29 4 5 4 42 4 3 34 8 79 54 8 51 53 4 13 4 0 53 16 5 16 60 10 4 37 4 47 4 35 4 56 32 4 28 4 24 4 89 57 8 13 8 10 6 4 15 4 12 4 7 4 102 19 8 52 29 4 54 4 40 4 5 4 35 31 8 103 14 4 103 40 8 62 7 8 90 5 8 16 55 4 14 4 34 4 97 48 4 35 4 85 18 4 39 4 10 4 94 9 4 17 4 115 41 4 46 4 20 4 91 43 4 22 4 102 50 4 43 4 42 18 16 18 16 27 46 28 36 4 48 4 48 32 4 15 4 10 4 105 50 4 33 4 72 17 16 50 16 9 23 22 51 4 50 4 83 34 16 41 16 17 43 4 13 4 7 4 69 42 4 38 4 99 6 4 31 4 20 4 27 34 4 43 4 45 14 21 4 21 46 19 17 4 30 45 20 4 109 28 16 29 16 44 13 4 30 4 9 4 102 31 32 18 4 38 51 49 4 12 34 4 5 4 38 4 0 25 16 26 16 9 57 4 51 4 55 19 4 30 4 49 4 41 17 4 44 10 5 4 15 28 4 30 4 23 4 47 4 82 50 4 50 4 24 4 10 4 80 26 4 11 4 46 39 37 4 34 16 4 10 4 48 4 43 23 4 11 30 33 4 53 15 4 30 5 10 4 13 22 4 43 4 49 34 13 52 4 12 13 8 4 56 12 4 5 4 69 42 4 15 4 11 4 9 4 89 6 4 28 4 44 4 19 4 38 23 4 49 4 52 10 27 13 4 26 4 40 42 4 23 4 31 4 52 4 18 14 4 24 4 50 4 111 27 4 16 4 49 4 71 39 4 9 4 15 4 48 4 13 18 4 18 4 44 4 36 4 
iteration 1276 best: 0.88714 time: 477485
67 36 8 84 42 8 68 36 8 63 9 4 44 4 29 38 4 28 4 62 7 8 98 48 4 15 4 73 9 12 30 5 8 22 46 8 63 34 8 63 14 12 76 19 4 10 4 34 21 4 28 4 45 4 44 4 0 29 4 5 4 42 4 3 34 8 79 54 8 51 53 4 13 4 0 53 16 5 16 60 10 4 37 4 47 4 35 4 56 32 4 28 4 24 4 89 57 8 13 8 10 6 4 15 4 12 4 7 4 102 19 8 52 29 4 54 4 40 4 5 4 35 31 8 103 14 4 103 40 8 62 7 8 90 5 8 16 55 4 14 4 34 4 97 48 4 35 4 85 18 4 39 4 10 4 94 9 4 17 4 115 41 4 46 4 20 4 91 43 4 22 4 102 50 4 43 4 42 18 16 18 16 27 46 28 36 4 48 4 48 32 4 15 4 10 4 105 50 4 33 4 72 17 16 50 16 9 23 22 51 4 50 4 83 34 16 41 16 17 43 4 13 4 7 4 69 42 4 38 4 99 6 4 31 4 20 4 27 34 4 43 4 45 14 21 4 21 46 19 17 4 30 45 20 4 109 28 16 29 16 44 13 4 30 4 9 4 102 31 32 18 4 38 51 49 4 12 34 4 5 4 38 4 0 25 16 26 16 9 57 4 51 4 55 19 4 30 4 49 4 41 17 4 44 10 5 4 15 28 4 30 4 23 4 47 4 82 50 4 50 4 24 4 10 4 80 26 4 11 4 46 39 37 4 34 16 4 10 4 48 4 43 23 4 11 30 33 4 53 15 4 30 5 10 4 13 22 4 43 4 49 34 13 52 4 12 13 8 4 56 12 4 5 4 69 42 4 15 4 11 4 9 4 89 6 4 28 4 44 4 19 4 38 23 4 49 4 52 10 27 13 4 26 4 40 42 4 23 4 31 4 52 4 18 14 4 24 4 50 4 111 27 4 16 4 49 4 71 39 4 9 4 15 4 48 4 13 18 4 18 4 44 4 36 4 
iteration 1296 best: 0.88714 time: 484918
67 36 8 84 42 8 68 36 8 63 9 4 44 4 29 38 4 28 4 62 7 8 98 48 4 15 4 73 9 12 30 5 8 22 46 8 63 34 8 63 14 12 76 19 4 10 4 34 21 4 28 4 45 4 44 4 0 29 4 5 4 42 4 3 34 8 79 54 8 51 53 4 13 4 0 53 16 5 16 60 10 4 37 4 47 4 35 4 56 32 4 28 4 24 4 89 57 8 13 8 10 6 4 15 4 12 4 7 4 102 19 8 52 29 4 54 4 40 4 5 4 35 31 8 103 14 4 103 40 8 62 7 8 90 5 8 16 55 4 14 4 34 4 97 48 4 35 4 85 18 4 39 4 10 4 94 9 4 17 4 115 41 4 46 4 20 4 91 43 4 22 4 102 50 4 43 4 42 18 16 18 16 27 46 28 36 4 48 4 48 32 4 15 4 10 4 105 50 4 33 4 72 17 16 50 16 9 23 22 51 4 50 4 83 34 16 41 16 17 43 4 13 4 7 4 69 42 4 38 4 99 6 4 31 4 20 4 27 34 4 43 4 45 14 21 4 21 46 19 17 4 30 45 20 4 109 28 16 29 16 44 13 4 30 4 9 4 102 31 32 18 4 38 51 49 4 12 34 4 5 4 38 4 0 25 16 26 16 9 57 4 51 4 55 19 4 30 4 49 4 41 17 4 44 10 5 4 15 28 4 30 4 23 4 47 4 82 50 4 50 4 24 4 10 4 80 26 4 11 4 46 39 37 4 34 16 4 10 4 48 4 43 23 4 11 30 33 4 53 15 4 30 5 10 4 13 22 4 43 4 49 34 13 52 4 12 13 8 4 56 12 4 5 4 69 42 4 15 4 11 4 9 4 89 6 4 28 4 44 4 19 4 38 23 4 49 4 52 10 27 13 4 26 4 40 42 4 23 4 31 4 52 4 18 14 4 24 4 50 4 111 27 4 16 4 49 4 71 39 4 9 4 15 4 48 4 13 18 4 18 4 44 4 36 4 
iteration 1316 best: 0.88714 time: 492364
67 36 8 84 42 8 68 36 8 63 9 4 44 4 29 38 4 28 4 62 7 8 98 48 4 15 4 73 9 12 30 5 8 22 46 8 63 34 8 63 14 12 76 19 4 10 4 34 21 4 28 4 45 4 44 4 0 29 4 5 4 42 4 3 34 8 79 54 8 51 53 4 13 4 0 53 16 5 16 60 10 4 37 4 47 4 35 4 56 32 4 28 4 24 4 89 57 8 13 8 10 6 4 15 4 12 4 7 4 102 19 8 52 29 4 54 4 40 4 5 4 35 31 8 103 14 4 103 40 8 62 7 8 90 5 8 16 55 4 14 4 34 4 97 48 4 35 4 85 18 4 39 4 10 4 94 9 4 17 4 115 41 4 46 4 20 4 91 43 4 22 4 102 50 4 43 4 42 18 16 18 16 27 46 28 36 4 48 4 48 32 4 15 4 10 4 105 50 4 33 4 72 17 16 50 16 9 23 22 51 4 50 4 83 34 16 41 16 17 43 4 13 4 7 4 69 42 4 38 4 99 6 4 31 4 20 4 27 34 4 43 4 45 14 21 4 21 46 19 17 4 30 45 20 4 109 28 16 29 16 44 13 4 30 4 9 4 102 31 32 18 4 38 51 49 4 12 34 4 5 4 38 4 0 25 16 26 16 9 57 4 51 4 55 19 4 30 4 49 4 41 17 4 44 10 5 4 15 28 4 30 4 23 4 47 4 82 50 4 50 4 24 4 10 4 80 26 4 11 4 46 39 37 4 34 16 4 10 4 48 4 43 23 4 11 30 33 4 53 15 4 30 5 10 4 13 22 4 43 4 49 34 13 52 4 12 13 8 4 56 12 4 5 4 69 42 4 15 4 11 4 9 4 89 6 4 28 4 44 4 19 4 38 23 4 49 4 52 10 27 13 4 26 4 40 42 4 23 4 31 4 52 4 18 14 4 24 4 50 4 111 27 4 16 4 49 4 71 39 4 9 4 15 4 48 4 13 18 4 18 4 44 4 36 4 
iteration 1336 best: 0.88714 time: 499831
67 36 8 84 42 8 68 36 8 63 9 4 44 4 29 38 4 28 4 62 7 8 98 48 4 15 4 73 9 12 30 5 8 22 46 8 63 34 8 63 14 12 76 19 4 10 4 34 21 4 28 4 45 4 44 4 0 29 4 5 4 42 4 3 34 8 79 54 8 51 53 4 13 4 0 53 16 5 16 60 10 4 37 4 47 4 35 4 56 32 4 28 4 24 4 89 57 8 13 8 10 6 4 15 4 12 4 7 4 102 19 8 52 29 4 54 4 40 4 5 4 35 31 8 103 14 4 103 40 8 62 7 8 90 5 8 16 55 4 14 4 34 4 97 48 4 35 4 85 18 4 39 4 10 4 94 9 4 17 4 115 41 4 46 4 20 4 91 43 4 22 4 102 50 4 43 4 42 18 16 18 16 27 46 28 36 4 48 4 48 32 4 15 4 10 4 105 50 4 33 4 72 17 16 50 16 9 23 22 51 4 50 4 83 34 16 41 16 17 43 4 13 4 7 4 69 42 4 38 4 99 6 4 31 4 20 4 27 34 4 43 4 45 14 21 4 21 46 19 17 4 30 45 20 4 109 28 16 29 16 44 13 4 30 4 9 4 102 31 32 18 4 38 51 49 4 12 34 4 5 4 38 4 0 25 16 26 16 9 57 4 51 4 55 19 4 30 4 49 4 41 17 4 44 10 5 4 15 28 4 30 4 23 4 47 4 82 50 4 50 4 24 4 10 4 80 26 4 11 4 46 39 37 4 34 16 4 10 4 48 4 43 23 4 11 30 33 4 53 15 4 30 5 10 4 13 22 4 43 4 49 34 13 52 4 12 13 8 4 56 12 4 5 4 69 42 4 15 4 11 4 9 4 89 6 4 28 4 44 4 19 4 38 23 4 49 4 52 10 27 13 4 26 4 40 42 4 23 4 31 4 52 4 18 14 4 24 4 50 4 111 27 4 16 4 49 4 71 39 4 9 4 15 4 48 4 13 18 4 18 4 44 4 36 4 
iteration 1356 best: 0.88714 time: 507311
67 36 8 84 42 8 68 36 8 63 9 4 44 4 29 38 4 28 4 62 7 8 98 48 4 15 4 73 9 12 30 5 8 22 46 8 63 34 8 63 14 12 76 19 4 10 4 34 21 4 28 4 45 4 44 4 0 29 4 5 4 42 4 3 34 8 79 54 8 51 53 4 13 4 0 53 16 5 16 60 10 4 37 4 47 4 35 4 56 32 4 28 4 24 4 89 57 8 13 8 10 6 4 15 4 12 4 7 4 102 19 8 52 29 4 54 4 40 4 5 4 35 31 8 103 14 4 103 40 8 62 7 8 90 5 8 16 55 4 14 4 34 4 97 48 4 35 4 85 18 4 39 4 10 4 94 9 4 17 4 115 41 4 46 4 20 4 91 43 4 22 4 102 50 4 43 4 42 18 16 18 16 27 46 28 36 4 48 4 48 32 4 15 4 10 4 105 50 4 33 4 72 17 16 50 16 9 23 22 51 4 50 4 83 34 16 41 16 17 43 4 13 4 7 4 69 42 4 38 4 99 6 4 31 4 20 4 27 34 4 43 4 45 14 21 4 21 46 19 17 4 30 45 20 4 109 28 16 29 16 44 13 4 30 4 9 4 102 31 32 18 4 38 51 49 4 12 34 4 5 4 38 4 0 25 16 26 16 9 57 4 51 4 55 19 4 30 4 49 4 41 17 4 44 10 5 4 15 28 4 30 4 23 4 47 4 82 50 4 50 4 24 4 10 4 80 26 4 11 4 46 39 37 4 34 16 4 10 4 48 4 43 23 4 11 30 33 4 53 15 4 30 5 10 4 13 22 4 43 4 49 34 13 52 4 12 13 8 4 56 12 4 5 4 69 42 4 15 4 11 4 9 4 89 6 4 28 4 44 4 19 4 38 23 4 49 4 52 10 27 13 4 26 4 40 42 4 23 4 31 4 52 4 18 14 4 24 4 50 4 111 27 4 16 4 49 4 71 39 4 9 4 15 4 48 4 13 18 4 18 4 44 4 36 4 
iteration 1376 best: 0.88714 time: 514797
67 36 8 84 42 8 68 36 8 63 9 4 44 4 29 38 4 28 4 62 7 8 98 48 4 15 4 73 9 12 30 5 8 22 46 8 63 34 8 63 14 12 76 19 4 10 4 34 21 4 28 4 45 4 44 4 0 29 4 5 4 42 4 3 34 8 79 54 8 51 53 4 13 4 0 53 16 5 16 60 10 4 37 4 47 4 35 4 56 32 4 28 4 24 4 89 57 8 13 8 10 6 4 15 4 12 4 7 4 102 19 8 52 29 4 54 4 40 4 5 4 35 31 8 103 14 4 103 40 8 62 7 8 90 5 8 16 55 4 14 4 34 4 97 48 4 35 4 85 18 4 39 4 10 4 94 9 4 17 4 115 41 4 46 4 20 4 91 43 4 22 4 102 50 4 43 4 42 18 16 18 16 27 46 28 36 4 48 4 48 32 4 15 4 10 4 105 50 4 33 4 72 17 16 50 16 9 23 22 51 4 50 4 83 34 16 41 16 17 43 4 13 4 7 4 69 42 4 38 4 99 6 4 31 4 20 4 27 34 4 43 4 45 14 21 4 21 46 19 17 4 30 45 20 4 109 28 16 29 16 44 13 4 30 4 9 4 102 31 32 18 4 38 51 49 4 12 34 4 5 4 38 4 0 25 16 26 16 9 57 4 51 4 55 19 4 30 4 49 4 41 17 4 44 10 5 4 15 28 4 30 4 23 4 47 4 82 50 4 50 4 24 4 10 4 80 26 4 11 4 46 39 37 4 34 16 4 10 4 48 4 43 23 4 11 30 33 4 53 15 4 30 5 10 4 13 22 4 43 4 49 34 13 52 4 12 13 8 4 56 12 4 5 4 69 42 4 15 4 11 4 9 4 89 6 4 28 4 44 4 19 4 38 23 4 49 4 52 10 27 13 4 26 4 40 42 4 23 4 31 4 52 4 18 14 4 24 4 50 4 111 27 4 16 4 49 4 71 39 4 9 4 15 4 48 4 13 18 4 18 4 44 4 36 4 
iteration 1396 best: 0.88714 time: 522257
67 36 8 84 42 8 68 36 8 63 9 4 44 4 29 38 4 28 4 62 7 8 98 48 4 15 4 73 9 12 30 5 8 22 46 8 63 34 8 63 14 12 76 19 4 10 4 34 21 4 28 4 45 4 44 4 0 29 4 5 4 42 4 3 34 8 79 54 8 51 53 4 13 4 0 53 16 5 16 60 10 4 37 4 47 4 35 4 56 32 4 28 4 24 4 89 57 8 13 8 10 6 4 15 4 12 4 7 4 102 19 8 52 29 4 54 4 40 4 5 4 35 31 8 103 14 4 103 40 8 62 7 8 90 5 8 16 55 4 14 4 34 4 97 48 4 35 4 85 18 4 39 4 10 4 94 9 4 17 4 115 41 4 46 4 20 4 91 43 4 22 4 102 50 4 43 4 42 18 16 18 16 27 46 28 36 4 48 4 48 32 4 15 4 10 4 105 50 4 33 4 72 17 16 50 16 9 23 22 51 4 50 4 83 34 16 41 16 17 43 4 13 4 7 4 69 42 4 38 4 99 6 4 31 4 20 4 27 34 4 43 4 45 14 21 4 21 46 19 17 4 30 45 20 4 109 28 16 29 16 44 13 4 30 4 9 4 102 31 32 18 4 38 51 49 4 12 34 4 5 4 38 4 0 25 16 26 16 9 57 4 51 4 55 19 4 30 4 49 4 41 17 4 44 10 5 4 15 28 4 30 4 23 4 47 4 82 50 4 50 4 24 4 10 4 80 26 4 11 4 46 39 37 4 34 16 4 10 4 48 4 43 23 4 11 30 33 4 53 15 4 30 5 10 4 13 22 4 43 4 49 34 13 52 4 12 13 8 4 56 12 4 5 4 69 42 4 15 4 11 4 9 4 89 6 4 28 4 44 4 19 4 38 23 4 49 4 52 10 27 13 4 26 4 40 42 4 23 4 31 4 52 4 18 14 4 24 4 50 4 111 27 4 16 4 49 4 71 39 4 9 4 15 4 48 4 13 18 4 18 4 44 4 36 4 
iteration 1416 best: 0.88714 time: 529717
67 36 8 84 42 8 68 36 8 63 9 4 44 4 29 38 4 28 4 62 7 8 98 48 4 15 4 73 9 12 30 5 8 22 46 8 63 34 8 63 14 12 76 19 4 10 4 34 21 4 28 4 45 4 44 4 0 29 4 5 4 42 4 3 34 8 79 54 8 51 53 4 13 4 0 53 16 5 16 60 10 4 37 4 47 4 35 4 56 32 4 28 4 24 4 89 57 8 13 8 10 6 4 15 4 12 4 7 4 102 19 8 52 29 4 54 4 40 4 5 4 35 31 8 103 14 4 103 40 8 62 7 8 90 5 8 16 55 4 14 4 34 4 97 48 4 35 4 85 18 4 39 4 10 4 94 9 4 17 4 115 41 4 46 4 20 4 91 43 4 22 4 102 50 4 43 4 42 18 16 18 16 27 46 28 36 4 48 4 48 32 4 15 4 10 4 105 50 4 33 4 72 17 16 50 16 9 23 22 51 4 50 4 83 34 16 41 16 17 43 4 13 4 7 4 69 42 4 38 4 99 6 4 31 4 20 4 27 34 4 43 4 45 14 21 4 21 46 19 17 4 30 45 20 4 109 28 16 29 16 44 13 4 30 4 9 4 102 31 32 18 4 38 51 49 4 12 34 4 5 4 38 4 0 25 16 26 16 9 57 4 51 4 55 19 4 30 4 49 4 41 17 4 44 10 5 4 15 28 4 30 4 23 4 47 4 82 50 4 50 4 24 4 10 4 80 26 4 11 4 46 39 37 4 34 16 4 10 4 48 4 43 23 4 11 30 33 4 53 15 4 30 5 10 4 13 22 4 43 4 49 34 13 52 4 12 13 8 4 56 12 4 5 4 69 42 4 15 4 11 4 9 4 89 6 4 28 4 44 4 19 4 38 23 4 49 4 52 10 27 13 4 26 4 40 42 4 23 4 31 4 52 4 18 14 4 24 4 50 4 111 27 4 16 4 49 4 71 39 4 9 4 15 4 48 4 13 18 4 18 4 44 4 36 4 
iteration 1436 best: 0.88714 time: 537172
67 36 8 84 42 8 68 36 8 63 9 4 44 4 29 38 4 28 4 62 7 8 98 48 4 15 4 73 9 12 30 5 8 22 46 8 63 34 8 63 14 12 76 19 4 10 4 34 21 4 28 4 45 4 44 4 0 29 4 5 4 42 4 3 34 8 79 54 8 51 53 4 13 4 0 53 16 5 16 60 10 4 37 4 47 4 35 4 56 32 4 28 4 24 4 89 57 8 13 8 10 6 4 15 4 12 4 7 4 102 19 8 52 29 4 54 4 40 4 5 4 35 31 8 103 14 4 103 40 8 62 7 8 90 5 8 16 55 4 14 4 34 4 97 48 4 35 4 85 18 4 39 4 10 4 94 9 4 17 4 115 41 4 46 4 20 4 91 43 4 22 4 102 50 4 43 4 42 18 16 18 16 27 46 28 36 4 48 4 48 32 4 15 4 10 4 105 50 4 33 4 72 17 16 50 16 9 23 22 51 4 50 4 83 34 16 41 16 17 43 4 13 4 7 4 69 42 4 38 4 99 6 4 31 4 20 4 27 34 4 43 4 45 14 21 4 21 46 19 17 4 30 45 20 4 109 28 16 29 16 44 13 4 30 4 9 4 102 31 32 18 4 38 51 49 4 12 34 4 5 4 38 4 0 25 16 26 16 9 57 4 51 4 55 19 4 30 4 49 4 41 17 4 44 10 5 4 15 28 4 30 4 23 4 47 4 82 50 4 50 4 24 4 10 4 80 26 4 11 4 46 39 37 4 34 16 4 10 4 48 4 43 23 4 11 30 33 4 53 15 4 30 5 10 4 13 22 4 43 4 49 34 13 52 4 12 13 8 4 56 12 4 5 4 69 42 4 15 4 11 4 9 4 89 6 4 28 4 44 4 19 4 38 23 4 49 4 52 10 27 13 4 26 4 40 42 4 23 4 31 4 52 4 18 14 4 24 4 50 4 111 27 4 16 4 49 4 71 39 4 9 4 15 4 48 4 13 18 4 18 4 44 4 36 4 
iteration 1456 best: 0.88714 time: 544617
67 36 8 84 42 8 68 36 8 63 9 4 44 4 29 38 4 28 4 62 7 8 98 48 4 15 4 73 9 12 30 5 8 22 46 8 63 34 8 63 14 12 76 19 4 10 4 34 21 4 28 4 45 4 44 4 0 29 4 5 4 42 4 3 34 8 79 54 8 51 53 4 13 4 0 53 16 5 16 60 10 4 37 4 47 4 35 4 56 32 4 28 4 24 4 89 57 8 13 8 10 6 4 15 4 12 4 7 4 102 19 8 52 29 4 54 4 40 4 5 4 35 31 8 103 14 4 103 40 8 62 7 8 90 5 8 16 55 4 14 4 34 4 97 48 4 35 4 85 18 4 39 4 10 4 94 9 4 17 4 115 41 4 46 4 20 4 91 43 4 22 4 102 50 4 43 4 42 18 16 18 16 27 46 28 36 4 48 4 48 32 4 15 4 10 4 105 50 4 33 4 72 17 16 50 16 9 23 22 51 4 50 4 83 34 16 41 16 17 43 4 13 4 7 4 69 42 4 38 4 99 6 4 31 4 20 4 27 34 4 43 4 45 14 21 4 21 46 19 17 4 30 45 20 4 109 28 16 29 16 44 13 4 30 4 9 4 102 31 32 18 4 38 51 49 4 12 34 4 5 4 38 4 0 25 16 26 16 9 57 4 51 4 55 19 4 30 4 49 4 41 17 4 44 10 5 4 15 28 4 30 4 23 4 47 4 82 50 4 50 4 24 4 10 4 80 26 4 11 4 46 39 37 4 34 16 4 10 4 48 4 43 23 4 11 30 33 4 53 15 4 30 5 10 4 13 22 4 43 4 49 34 13 52 4 12 13 8 4 56 12 4 5 4 69 42 4 15 4 11 4 9 4 89 6 4 28 4 44 4 19 4 38 23 4 49 4 52 10 27 13 4 26 4 40 42 4 23 4 31 4 52 4 18 14 4 24 4 50 4 111 27 4 16 4 49 4 71 39 4 9 4 15 4 48 4 13 18 4 18 4 44 4 36 4 
iteration 1476 best: 0.88714 time: 552072
67 36 8 84 42 8 68 36 8 63 9 4 44 4 29 38 4 28 4 62 7 8 98 48 4 15 4 73 9 12 30 5 8 22 46 8 63 34 8 63 14 12 76 19 4 10 4 34 21 4 28 4 45 4 44 4 0 29 4 5 4 42 4 3 34 8 79 54 8 51 53 4 13 4 0 53 16 5 16 60 10 4 37 4 47 4 35 4 56 32 4 28 4 24 4 89 57 8 13 8 10 6 4 15 4 12 4 7 4 102 19 8 52 29 4 54 4 40 4 5 4 35 31 8 103 14 4 103 40 8 62 7 8 90 5 8 16 55 4 14 4 34 4 97 48 4 35 4 85 18 4 39 4 10 4 94 9 4 17 4 115 41 4 46 4 20 4 91 43 4 22 4 102 50 4 43 4 42 18 16 18 16 27 46 28 36 4 48 4 48 32 4 15 4 10 4 105 50 4 33 4 72 17 16 50 16 9 23 22 51 4 50 4 83 34 16 41 16 17 43 4 13 4 7 4 69 42 4 38 4 99 6 4 31 4 20 4 27 34 4 43 4 45 14 21 4 21 46 19 17 4 30 45 20 4 109 28 16 29 16 44 13 4 30 4 9 4 102 31 32 18 4 38 51 49 4 12 34 4 5 4 38 4 0 25 16 26 16 9 57 4 51 4 55 19 4 30 4 49 4 41 17 4 44 10 5 4 15 28 4 30 4 23 4 47 4 82 50 4 50 4 24 4 10 4 80 26 4 11 4 46 39 37 4 34 16 4 10 4 48 4 43 23 4 11 30 33 4 53 15 4 30 5 10 4 13 22 4 43 4 49 34 13 52 4 12 13 8 4 56 12 4 5 4 69 42 4 15 4 11 4 9 4 89 6 4 28 4 44 4 19 4 38 23 4 49 4 52 10 27 13 4 26 4 40 42 4 23 4 31 4 52 4 18 14 4 24 4 50 4 111 27 4 16 4 49 4 71 39 4 9 4 15 4 48 4 13 18 4 18 4 44 4 36 4 
iteration 1496 best: 0.88714 time: 559520
67 36 8 84 42 8 68 36 8 63 9 4 44 4 29 38 4 28 4 62 7 8 98 48 4 15 4 73 9 12 30 5 8 22 46 8 63 34 8 63 14 12 76 19 4 10 4 34 21 4 28 4 45 4 44 4 0 29 4 5 4 42 4 3 34 8 79 54 8 51 53 4 13 4 0 53 16 5 16 60 10 4 37 4 47 4 35 4 56 32 4 28 4 24 4 89 57 8 13 8 10 6 4 15 4 12 4 7 4 102 19 8 52 29 4 54 4 40 4 5 4 35 31 8 103 14 4 103 40 8 62 7 8 90 5 8 16 55 4 14 4 34 4 97 48 4 35 4 85 18 4 39 4 10 4 94 9 4 17 4 115 41 4 46 4 20 4 91 43 4 22 4 102 50 4 43 4 42 18 16 18 16 27 46 28 36 4 48 4 48 32 4 15 4 10 4 105 50 4 33 4 72 17 16 50 16 9 23 22 51 4 50 4 83 34 16 41 16 17 43 4 13 4 7 4 69 42 4 38 4 99 6 4 31 4 20 4 27 34 4 43 4 45 14 21 4 21 46 19 17 4 30 45 20 4 109 28 16 29 16 44 13 4 30 4 9 4 102 31 32 18 4 38 51 49 4 12 34 4 5 4 38 4 0 25 16 26 16 9 57 4 51 4 55 19 4 30 4 49 4 41 17 4 44 10 5 4 15 28 4 30 4 23 4 47 4 82 50 4 50 4 24 4 10 4 80 26 4 11 4 46 39 37 4 34 16 4 10 4 48 4 43 23 4 11 30 33 4 53 15 4 30 5 10 4 13 22 4 43 4 49 34 13 52 4 12 13 8 4 56 12 4 5 4 69 42 4 15 4 11 4 9 4 89 6 4 28 4 44 4 19 4 38 23 4 49 4 52 10 27 13 4 26 4 40 42 4 23 4 31 4 52 4 18 14 4 24 4 50 4 111 27 4 16 4 49 4 71 39 4 9 4 15 4 48 4 13 18 4 18 4 44 4 36 4 
iteration 1516 best: 0.88714 time: 566981
67 36 8 84 42 8 68 36 8 63 9 4 44 4 29 38 4 28 4 62 7 8 98 48 4 15 4 73 9 12 30 5 8 22 46 8 63 34 8 63 14 12 76 19 4 10 4 34 21 4 28 4 45 4 44 4 0 29 4 5 4 42 4 3 34 8 79 54 8 51 53 4 13 4 0 53 16 5 16 60 10 4 37 4 47 4 35 4 56 32 4 28 4 24 4 89 57 8 13 8 10 6 4 15 4 12 4 7 4 102 19 8 52 29 4 54 4 40 4 5 4 35 31 8 103 14 4 103 40 8 62 7 8 90 5 8 16 55 4 14 4 34 4 97 48 4 35 4 85 18 4 39 4 10 4 94 9 4 17 4 115 41 4 46 4 20 4 91 43 4 22 4 102 50 4 43 4 42 18 16 18 16 27 46 28 36 4 48 4 48 32 4 15 4 10 4 105 50 4 33 4 72 17 16 50 16 9 23 22 51 4 50 4 83 34 16 41 16 17 43 4 13 4 7 4 69 42 4 38 4 99 6 4 31 4 20 4 27 34 4 43 4 45 14 21 4 21 46 19 17 4 30 45 20 4 109 28 16 29 16 44 13 4 30 4 9 4 102 31 32 18 4 38 51 49 4 12 34 4 5 4 38 4 0 25 16 26 16 9 57 4 51 4 55 19 4 30 4 49 4 41 17 4 44 10 5 4 15 28 4 30 4 23 4 47 4 82 50 4 50 4 24 4 10 4 80 26 4 11 4 46 39 37 4 34 16 4 10 4 48 4 43 23 4 11 30 33 4 53 15 4 30 5 10 4 13 22 4 43 4 49 34 13 52 4 12 13 8 4 56 12 4 5 4 69 42 4 15 4 11 4 9 4 89 6 4 28 4 44 4 19 4 38 23 4 49 4 52 10 27 13 4 26 4 40 42 4 23 4 31 4 52 4 18 14 4 24 4 50 4 111 27 4 16 4 49 4 71 39 4 9 4 15 4 48 4 13 18 4 18 4 44 4 36 4 
iteration 1536 best: 0.88714 time: 574437
67 36 8 84 42 8 68 36 8 63 9 4 44 4 29 38 4 28 4 62 7 8 98 48 4 15 4 73 9 12 30 5 8 22 46 8 63 34 8 63 14 12 76 19 4 10 4 34 21 4 28 4 45 4 44 4 0 29 4 5 4 42 4 3 34 8 79 54 8 51 53 4 13 4 0 53 16 5 16 60 10 4 37 4 47 4 35 4 56 32 4 28 4 24 4 89 57 8 13 8 10 6 4 15 4 12 4 7 4 102 19 8 52 29 4 54 4 40 4 5 4 35 31 8 103 14 4 103 40 8 62 7 8 90 5 8 16 55 4 14 4 34 4 97 48 4 35 4 85 18 4 39 4 10 4 94 9 4 17 4 115 41 4 46 4 20 4 91 43 4 22 4 102 50 4 43 4 42 18 16 18 16 27 46 28 36 4 48 4 48 32 4 15 4 10 4 105 50 4 33 4 72 17 16 50 16 9 23 22 51 4 50 4 83 34 16 41 16 17 43 4 13 4 7 4 69 42 4 38 4 99 6 4 31 4 20 4 27 34 4 43 4 45 14 21 4 21 46 19 17 4 30 45 20 4 109 28 16 29 16 44 13 4 30 4 9 4 102 31 32 18 4 38 51 49 4 12 34 4 5 4 38 4 0 25 16 26 16 9 57 4 51 4 55 19 4 30 4 49 4 41 17 4 44 10 5 4 15 28 4 30 4 23 4 47 4 82 50 4 50 4 24 4 10 4 80 26 4 11 4 46 39 37 4 34 16 4 10 4 48 4 43 23 4 11 30 33 4 53 15 4 30 5 10 4 13 22 4 43 4 49 34 13 52 4 12 13 8 4 56 12 4 5 4 69 42 4 15 4 11 4 9 4 89 6 4 28 4 44 4 19 4 38 23 4 49 4 52 10 27 13 4 26 4 40 42 4 23 4 31 4 52 4 18 14 4 24 4 50 4 111 27 4 16 4 49 4 71 39 4 9 4 15 4 48 4 13 18 4 18 4 44 4 36 4 
iteration 1556 best: 0.88714 time: 581887
67 36 8 84 42 8 68 36 8 63 9 4 44 4 29 38 4 28 4 62 7 8 98 48 4 15 4 73 9 12 30 5 8 22 46 8 63 34 8 63 14 12 76 19 4 10 4 34 21 4 28 4 45 4 44 4 0 29 4 5 4 42 4 3 34 8 79 54 8 51 53 4 13 4 0 53 16 5 16 60 10 4 37 4 47 4 35 4 56 32 4 28 4 24 4 89 57 8 13 8 10 6 4 15 4 12 4 7 4 102 19 8 52 29 4 54 4 40 4 5 4 35 31 8 103 14 4 103 40 8 62 7 8 90 5 8 16 55 4 14 4 34 4 97 48 4 35 4 85 18 4 39 4 10 4 94 9 4 17 4 115 41 4 46 4 20 4 91 43 4 22 4 102 50 4 43 4 42 18 16 18 16 27 46 28 36 4 48 4 48 32 4 15 4 10 4 105 50 4 33 4 72 17 16 50 16 9 23 22 51 4 50 4 83 34 16 41 16 17 43 4 13 4 7 4 69 42 4 38 4 99 6 4 31 4 20 4 27 34 4 43 4 45 14 21 4 21 46 19 17 4 30 45 20 4 109 28 16 29 16 44 13 4 30 4 9 4 102 31 32 18 4 38 51 49 4 12 34 4 5 4 38 4 0 25 16 26 16 9 57 4 51 4 55 19 4 30 4 49 4 41 17 4 44 10 5 4 15 28 4 30 4 23 4 47 4 82 50 4 50 4 24 4 10 4 80 26 4 11 4 46 39 37 4 34 16 4 10 4 48 4 43 23 4 11 30 33 4 53 15 4 30 5 10 4 13 22 4 43 4 49 34 13 52 4 12 13 8 4 56 12 4 5 4 69 42 4 15 4 11 4 9 4 89 6 4 28 4 44 4 19 4 38 23 4 49 4 52 10 27 13 4 26 4 40 42 4 23 4 31 4 52 4 18 14 4 24 4 50 4 111 27 4 16 4 49 4 71 39 4 9 4 15 4 48 4 13 18 4 18 4 44 4 36 4 
iteration 1576 best: 0.88714 time: 589319
67 36 8 84 42 8 68 36 8 63 9 4 44 4 29 38 4 28 4 62 7 8 98 48 4 15 4 73 9 12 30 5 8 22 46 8 63 34 8 63 14 12 76 19 4 10 4 34 21 4 28 4 45 4 44 4 0 29 4 5 4 42 4 3 34 8 79 54 8 51 53 4 13 4 0 53 16 5 16 60 10 4 37 4 47 4 35 4 56 32 4 28 4 24 4 89 57 8 13 8 10 6 4 15 4 12 4 7 4 102 19 8 52 29 4 54 4 40 4 5 4 35 31 8 103 14 4 103 40 8 62 7 8 90 5 8 16 55 4 14 4 34 4 97 48 4 35 4 85 18 4 39 4 10 4 94 9 4 17 4 115 41 4 46 4 20 4 91 43 4 22 4 102 50 4 43 4 42 18 16 18 16 27 46 28 36 4 48 4 48 32 4 15 4 10 4 105 50 4 33 4 72 17 16 50 16 9 23 22 51 4 50 4 83 34 16 41 16 17 43 4 13 4 7 4 69 42 4 38 4 99 6 4 31 4 20 4 27 34 4 43 4 45 14 21 4 21 46 19 17 4 30 45 20 4 109 28 16 29 16 44 13 4 30 4 9 4 102 31 32 18 4 38 51 49 4 12 34 4 5 4 38 4 0 25 16 26 16 9 57 4 51 4 55 19 4 30 4 49 4 41 17 4 44 10 5 4 15 28 4 30 4 23 4 47 4 82 50 4 50 4 24 4 10 4 80 26 4 11 4 46 39 37 4 34 16 4 10 4 48 4 43 23 4 11 30 33 4 53 15 4 30 5 10 4 13 22 4 43 4 49 34 13 52 4 12 13 8 4 56 12 4 5 4 69 42 4 15 4 11 4 9 4 89 6 4 28 4 44 4 19 4 38 23 4 49 4 52 10 27 13 4 26 4 40 42 4 23 4 31 4 52 4 18 14 4 24 4 50 4 111 27 4 16 4 49 4 71 39 4 9 4 15 4 48 4 13 18 4 18 4 44 4 36 4 
iteration 1596 best: 0.88714 time: 596775
67 36 8 84 42 8 68 36 8 63 9 4 44 4 29 38 4 28 4 62 7 8 98 48 4 15 4 73 9 12 30 5 8 22 46 8 63 34 8 63 14 12 76 19 4 10 4 34 21 4 28 4 45 4 44 4 0 29 4 5 4 42 4 3 34 8 79 54 8 51 53 4 13 4 0 53 16 5 16 60 10 4 37 4 47 4 35 4 56 32 4 28 4 24 4 89 57 8 13 8 10 6 4 15 4 12 4 7 4 102 19 8 52 29 4 54 4 40 4 5 4 35 31 8 103 14 4 103 40 8 62 7 8 90 5 8 16 55 4 14 4 34 4 97 48 4 35 4 85 18 4 39 4 10 4 94 9 4 17 4 115 41 4 46 4 20 4 91 43 4 22 4 102 50 4 43 4 42 18 16 18 16 27 46 28 36 4 48 4 48 32 4 15 4 10 4 105 50 4 33 4 72 17 16 50 16 9 23 22 51 4 50 4 83 34 16 41 16 17 43 4 13 4 7 4 69 42 4 38 4 99 6 4 31 4 20 4 27 34 4 43 4 45 14 21 4 21 46 19 17 4 30 45 20 4 109 28 16 29 16 44 13 4 30 4 9 4 102 31 32 18 4 38 51 49 4 12 34 4 5 4 38 4 0 25 16 26 16 9 57 4 51 4 55 19 4 30 4 49 4 41 17 4 44 10 5 4 15 28 4 30 4 23 4 47 4 82 50 4 50 4 24 4 10 4 80 26 4 11 4 46 39 37 4 34 16 4 10 4 48 4 43 23 4 11 30 33 4 53 15 4 30 5 10 4 13 22 4 43 4 49 34 13 52 4 12 13 8 4 56 12 4 5 4 69 42 4 15 4 11 4 9 4 89 6 4 28 4 44 4 19 4 38 23 4 49 4 52 10 27 13 4 26 4 40 42 4 23 4 31 4 52 4 18 14 4 24 4 50 4 111 27 4 16 4 49 4 71 39 4 9 4 15 4 48 4 13 18 4 18 4 44 4 36 4 
iteration 1616 best: 0.88714 time: 604221
67 36 8 84 42 8 68 36 8 63 9 4 44 4 29 38 4 28 4 62 7 8 98 48 4 15 4 73 9 12 30 5 8 22 46 8 63 34 8 63 14 12 76 19 4 10 4 34 21 4 28 4 45 4 44 4 0 29 4 5 4 42 4 3 34 8 79 54 8 51 53 4 13 4 0 53 16 5 16 60 10 4 37 4 47 4 35 4 56 32 4 28 4 24 4 89 57 8 13 8 10 6 4 15 4 12 4 7 4 102 19 8 52 29 4 54 4 40 4 5 4 35 31 8 103 14 4 103 40 8 62 7 8 90 5 8 16 55 4 14 4 34 4 97 48 4 35 4 85 18 4 39 4 10 4 94 9 4 17 4 115 41 4 46 4 20 4 91 43 4 22 4 102 50 4 43 4 42 18 16 18 16 27 46 28 36 4 48 4 48 32 4 15 4 10 4 105 50 4 33 4 72 17 16 50 16 9 23 22 51 4 50 4 83 34 16 41 16 17 43 4 13 4 7 4 69 42 4 38 4 99 6 4 31 4 20 4 27 34 4 43 4 45 14 21 4 21 46 19 17 4 30 45 20 4 109 28 16 29 16 44 13 4 30 4 9 4 102 31 32 18 4 38 51 49 4 12 34 4 5 4 38 4 0 25 16 26 16 9 57 4 51 4 55 19 4 30 4 49 4 41 17 4 44 10 5 4 15 28 4 30 4 23 4 47 4 82 50 4 50 4 24 4 10 4 80 26 4 11 4 46 39 37 4 34 16 4 10 4 48 4 43 23 4 11 30 33 4 53 15 4 30 5 10 4 13 22 4 43 4 49 34 13 52 4 12 13 8 4 56 12 4 5 4 69 42 4 15 4 11 4 9 4 89 6 4 28 4 44 4 19 4 38 23 4 49 4 52 10 27 13 4 26 4 40 42 4 23 4 31 4 52 4 18 14 4 24 4 50 4 111 27 4 16 4 49 4 71 39 4 9 4 15 4 48 4 13 18 4 18 4 44 4 36 4 
Best solution: 
67 36 8 84 42 8 68 36 8 63 9 4 44 4 29 38 4 28 4 62 7 8 98 48 4 15 4 73 9 12 30 5 8 22 46 8 63 34 8 63 14 12 76 19 4 10 4 34 21 4 28 4 45 4 44 4 0 29 4 5 4 42 4 3 34 8 79 54 8 51 53 4 13 4 0 53 16 5 16 60 10 4 37 4 47 4 35 4 56 32 4 28 4 24 4 89 57 8 13 8 10 6 4 15 4 12 4 7 4 102 19 8 52 29 4 54 4 40 4 5 4 35 31 8 103 14 4 103 40 8 62 7 8 90 5 8 16 55 4 14 4 34 4 97 48 4 35 4 85 18 4 39 4 10 4 94 9 4 17 4 115 41 4 46 4 20 4 91 43 4 22 4 102 50 4 43 4 42 18 16 18 16 27 46 28 36 4 48 4 48 32 4 15 4 10 4 105 50 4 33 4 72 17 16 50 16 9 23 22 51 4 50 4 83 34 16 41 16 17 43 4 13 4 7 4 69 42 4 38 4 99 6 4 31 4 20 4 27 34 4 43 4 45 14 21 4 21 46 19 17 4 30 45 20 4 109 28 16 29 16 44 13 4 30 4 9 4 102 31 32 18 4 38 51 49 4 12 34 4 5 4 38 4 0 25 16 26 16 9 57 4 51 4 55 19 4 30 4 49 4 41 17 4 44 10 5 4 15 28 4 30 4 23 4 47 4 82 50 4 50 4 24 4 10 4 80 26 4 11 4 46 39 37 4 34 16 4 10 4 48 4 43 23 4 11 30 33 4 53 15 4 30 5 10 4 13 22 4 43 4 49 34 13 52 4 12 13 8 4 56 12 4 5 4 69 42 4 15 4 11 4 9 4 89 6 4 28 4 44 4 19 4 38 23 4 49 4 52 10 27 13 4 26 4 40 42 4 23 4 31 4 52 4 18 14 4 24 4 50 4 111 27 4 16 4 49 4 71 39 4 9 4 15 4 48 4 13 18 4 18 4 44 4 36 4 
Fitness: 0.88714
