iteration 22 best: 1.00289 time: 7327
25 19 4 33 4 15 4 108 24 4 41 4 19 23 4 44 4 34 4 31 26 4 35 4 19 4 24 27 4 38 4 43 4 48 30 4 41 4 44 4 44 4 38 44 4 28 4 39 4 80 34 4 29 4 21 41 4 16 4 67 21 4 27 4 46 4 38 4 47 31 4 23 4 64 33 4 27 4 71 39 4 44 4 19 4 36 4 18 4 69 31 4 22 4 25 4 29 4 40 34 4 16 4 83 49 4 23 4 18 4 37 4 34 31 4 30 4 41 4 62 9 4 18 4 41 36 4 42 4 81 49 20 87 32 4 9 4 33 4 66 27 20 59 27 4 39 4 38 4 29 16 4 42 4 20 4 12 4 45 12 4 31 4 50 23 4 36 4 52 4 25 17 4 50 4 45 30 4 27 4 32 4 23 49 4 52 4 22 4 31 27 4 45 4 76 36 4 17 4 51 44 4 43 41 4 45 4 47 4 79 18 4 16 4 45 27 4 44 4 60 15 4 29 4 62 37 4 33 4 37 25 4 20 4 38 41 4 15 4 36 42 4 32 4 74 53 4 5 4 35 24 4 39 4 23 4 78 35 4 37 4 21 30 4 44 4 22 4 59 27 4 8 4 44 4 60 29 4 37 4 29 4 22 4 92 39 4 28 4 30 4 27 4 96 36 4 27 4 37 4 42 31 4 34 4 72 16 4 29 4 19 4 55 17 4 9 4 25 4 85 36 4 40 4 40 4 64 24 4 19 4 39 4 58 41 16 13 16 49 29 4 96 23 16 15 16 82 18 4 47 4 21 40 4 26 4 39 4 58 49 4 38 4 44 4 12 4 39 42 4 22 4 12 38 4 17 4 28 4 34 4 67 42 4 41 4 27 4 73 27 4 30 4 20 4 74 44 4 26 4 42 4 42 40 4 39 4 41 4 68 19 4 34 4 26 4 23 4 31 20 4 40 4 25 4 32 4 62 25 4 22 4 34 4 44 30 4 31 4 32 4 67 11 4 15 4 33 4 
iteration 47 best: 1.00289 time: 14692
25 19 4 33 4 15 4 108 24 4 41 4 19 23 4 44 4 34 4 31 26 4 35 4 19 4 24 27 4 38 4 43 4 48 30 4 41 4 44 4 44 4 38 44 4 28 4 39 4 80 34 4 29 4 21 41 4 16 4 67 21 4 27 4 46 4 38 4 47 31 4 23 4 64 33 4 27 4 71 39 4 44 4 19 4 36 4 18 4 69 31 4 22 4 25 4 29 4 40 34 4 16 4 83 49 4 23 4 18 4 37 4 34 31 4 30 4 41 4 62 9 4 18 4 41 36 4 42 4 81 49 20 87 32 4 9 4 33 4 66 27 20 59 27 4 39 4 38 4 29 16 4 42 4 20 4 12 4 45 12 4 31 4 50 23 4 36 4 52 4 25 17 4 50 4 45 30 4 27 4 32 4 23 49 4 52 4 22 4 31 27 4 45 4 76 36 4 17 4 51 44 4 43 41 4 45 4 47 4 79 18 4 16 4 45 27 4 44 4 60 15 4 29 4 62 37 4 33 4 37 25 4 20 4 38 41 4 15 4 36 42 4 32 4 74 53 4 5 4 35 24 4 39 4 23 4 78 35 4 37 4 21 30 4 44 4 22 4 59 27 4 8 4 44 4 60 29 4 37 4 29 4 22 4 92 39 4 28 4 30 4 27 4 96 36 4 27 4 37 4 42 31 4 34 4 72 16 4 29 4 19 4 55 17 4 9 4 25 4 85 36 4 40 4 40 4 64 24 4 19 4 39 4 58 41 16 13 16 49 29 4 96 23 16 15 16 82 18 4 47 4 21 40 4 26 4 39 4 58 49 4 38 4 44 4 12 4 39 42 4 22 4 12 38 4 17 4 28 4 34 4 67 42 4 41 4 27 4 73 27 4 30 4 20 4 74 44 4 26 4 42 4 42 40 4 39 4 41 4 68 19 4 34 4 26 4 23 4 31 20 4 40 4 25 4 32 4 62 25 4 22 4 34 4 44 30 4 31 4 32 4 67 11 4 15 4 33 4 
iteration 72 best: 1.00289 time: 22085
25 19 4 33 4 15 4 108 24 4 41 4 19 23 4 44 4 34 4 31 26 4 35 4 19 4 24 27 4 38 4 43 4 48 30 4 41 4 44 4 44 4 38 44 4 28 4 39 4 80 34 4 29 4 21 41 4 16 4 67 21 4 27 4 46 4 38 4 47 31 4 23 4 64 33 4 27 4 71 39 4 44 4 19 4 36 4 18 4 69 31 4 22 4 25 4 29 4 40 34 4 16 4 83 49 4 23 4 18 4 37 4 34 31 4 30 4 41 4 62 9 4 18 4 41 36 4 42 4 81 49 20 87 32 4 9 4 33 4 66 27 20 59 27 4 39 4 38 4 29 16 4 42 4 20 4 12 4 45 12 4 31 4 50 23 4 36 4 52 4 25 17 4 50 4 45 30 4 27 4 32 4 23 49 4 52 4 22 4 31 27 4 45 4 76 36 4 17 4 51 44 4 43 41 4 45 4 47 4 79 18 4 16 4 45 27 4 44 4 60 15 4 29 4 62 37 4 33 4 37 25 4 20 4 38 41 4 15 4 36 42 4 32 4 74 53 4 5 4 35 24 4 39 4 23 4 78 35 4 37 4 21 30 4 44 4 22 4 59 27 4 8 4 44 4 60 29 4 37 4 29 4 22 4 92 39 4 28 4 30 4 27 4 96 36 4 27 4 37 4 42 31 4 34 4 72 16 4 29 4 19 4 55 17 4 9 4 25 4 85 36 4 40 4 40 4 64 24 4 19 4 39 4 58 41 16 13 16 49 29 4 96 23 16 15 16 82 18 4 47 4 21 40 4 26 4 39 4 58 49 4 38 4 44 4 12 4 39 42 4 22 4 12 38 4 17 4 28 4 34 4 67 42 4 41 4 27 4 73 27 4 30 4 20 4 74 44 4 26 4 42 4 42 40 4 39 4 41 4 68 19 4 34 4 26 4 23 4 31 20 4 40 4 25 4 32 4 62 25 4 22 4 34 4 44 30 4 31 4 32 4 67 11 4 15 4 33 4 
iteration 97 best: 1.00289 time: 29513
25 19 4 33 4 15 4 108 24 4 41 4 19 23 4 44 4 34 4 31 26 4 35 4 19 4 24 27 4 38 4 43 4 48 30 4 41 4 44 4 44 4 38 44 4 28 4 39 4 80 34 4 29 4 21 41 4 16 4 67 21 4 27 4 46 4 38 4 47 31 4 23 4 64 33 4 27 4 71 39 4 44 4 19 4 36 4 18 4 69 31 4 22 4 25 4 29 4 40 34 4 16 4 83 49 4 23 4 18 4 37 4 34 31 4 30 4 41 4 62 9 4 18 4 41 36 4 42 4 81 49 20 87 32 4 9 4 33 4 66 27 20 59 27 4 39 4 38 4 29 16 4 42 4 20 4 12 4 45 12 4 31 4 50 23 4 36 4 52 4 25 17 4 50 4 45 30 4 27 4 32 4 23 49 4 52 4 22 4 31 27 4 45 4 76 36 4 17 4 51 44 4 43 41 4 45 4 47 4 79 18 4 16 4 45 27 4 44 4 60 15 4 29 4 62 37 4 33 4 37 25 4 20 4 38 41 4 15 4 36 42 4 32 4 74 53 4 5 4 35 24 4 39 4 23 4 78 35 4 37 4 21 30 4 44 4 22 4 59 27 4 8 4 44 4 60 29 4 37 4 29 4 22 4 92 39 4 28 4 30 4 27 4 96 36 4 27 4 37 4 42 31 4 34 4 72 16 4 29 4 19 4 55 17 4 9 4 25 4 85 36 4 40 4 40 4 64 24 4 19 4 39 4 58 41 16 13 16 49 29 4 96 23 16 15 16 82 18 4 47 4 21 40 4 26 4 39 4 58 49 4 38 4 44 4 12 4 39 42 4 22 4 12 38 4 17 4 28 4 34 4 67 42 4 41 4 27 4 73 27 4 30 4 20 4 74 44 4 26 4 42 4 42 40 4 39 4 41 4 68 19 4 34 4 26 4 23 4 31 20 4 40 4 25 4 32 4 62 25 4 22 4 34 4 44 30 4 31 4 32 4 67 11 4 15 4 33 4 
iteration 122 best: 1.00289 time: 36894
25 19 4 33 4 15 4 108 24 4 41 4 19 23 4 44 4 34 4 31 26 4 35 4 19 4 24 27 4 38 4 43 4 48 30 4 41 4 44 4 44 4 38 44 4 28 4 39 4 80 34 4 29 4 21 41 4 16 4 67 21 4 27 4 46 4 38 4 47 31 4 23 4 64 33 4 27 4 71 39 4 44 4 19 4 36 4 18 4 69 31 4 22 4 25 4 29 4 40 34 4 16 4 83 49 4 23 4 18 4 37 4 34 31 4 30 4 41 4 62 9 4 18 4 41 36 4 42 4 81 49 20 87 32 4 9 4 33 4 66 27 20 59 27 4 39 4 38 4 29 16 4 42 4 20 4 12 4 45 12 4 31 4 50 23 4 36 4 52 4 25 17 4 50 4 45 30 4 27 4 32 4 23 49 4 52 4 22 4 31 27 4 45 4 76 36 4 17 4 51 44 4 43 41 4 45 4 47 4 79 18 4 16 4 45 27 4 44 4 60 15 4 29 4 62 37 4 33 4 37 25 4 20 4 38 41 4 15 4 36 42 4 32 4 74 53 4 5 4 35 24 4 39 4 23 4 78 35 4 37 4 21 30 4 44 4 22 4 59 27 4 8 4 44 4 60 29 4 37 4 29 4 22 4 92 39 4 28 4 30 4 27 4 96 36 4 27 4 37 4 42 31 4 34 4 72 16 4 29 4 19 4 55 17 4 9 4 25 4 85 36 4 40 4 40 4 64 24 4 19 4 39 4 58 41 16 13 16 49 29 4 96 23 16 15 16 82 18 4 47 4 21 40 4 26 4 39 4 58 49 4 38 4 44 4 12 4 39 42 4 22 4 12 38 4 17 4 28 4 34 4 67 42 4 41 4 27 4 73 27 4 30 4 20 4 74 44 4 26 4 42 4 42 40 4 39 4 41 4 68 19 4 34 4 26 4 23 4 31 20 4 40 4 25 4 32 4 62 25 4 22 4 34 4 44 30 4 31 4 32 4 67 11 4 15 4 33 4 
iteration 147 best: 1.00289 time: 44306
25 19 4 33 4 15 4 108 24 4 41 4 19 23 4 44 4 34 4 31 26 4 35 4 19 4 24 27 4 38 4 43 4 48 30 4 41 4 44 4 44 4 38 44 4 28 4 39 4 80 34 4 29 4 21 41 4 16 4 67 21 4 27 4 46 4 38 4 47 31 4 23 4 64 33 4 27 4 71 39 4 44 4 19 4 36 4 18 4 69 31 4 22 4 25 4 29 4 40 34 4 16 4 83 49 4 23 4 18 4 37 4 34 31 4 30 4 41 4 62 9 4 18 4 41 36 4 42 4 81 49 20 87 32 4 9 4 33 4 66 27 20 59 27 4 39 4 38 4 29 16 4 42 4 20 4 12 4 45 12 4 31 4 50 23 4 36 4 52 4 25 17 4 50 4 45 30 4 27 4 32 4 23 49 4 52 4 22 4 31 27 4 45 4 76 36 4 17 4 51 44 4 43 41 4 45 4 47 4 79 18 4 16 4 45 27 4 44 4 60 15 4 29 4 62 37 4 33 4 37 25 4 20 4 38 41 4 15 4 36 42 4 32 4 74 53 4 5 4 35 24 4 39 4 23 4 78 35 4 37 4 21 30 4 44 4 22 4 59 27 4 8 4 44 4 60 29 4 37 4 29 4 22 4 92 39 4 28 4 30 4 27 4 96 36 4 27 4 37 4 42 31 4 34 4 72 16 4 29 4 19 4 55 17 4 9 4 25 4 85 36 4 40 4 40 4 64 24 4 19 4 39 4 58 41 16 13 16 49 29 4 96 23 16 15 16 82 18 4 47 4 21 40 4 26 4 39 4 58 49 4 38 4 44 4 12 4 39 42 4 22 4 12 38 4 17 4 28 4 34 4 67 42 4 41 4 27 4 73 27 4 30 4 20 4 74 44 4 26 4 42 4 42 40 4 39 4 41 4 68 19 4 34 4 26 4 23 4 31 20 4 40 4 25 4 32 4 62 25 4 22 4 34 4 44 30 4 31 4 32 4 67 11 4 15 4 33 4 
iteration 172 best: 1.00289 time: 51694
25 19 4 33 4 15 4 108 24 4 41 4 19 23 4 44 4 34 4 31 26 4 35 4 19 4 24 27 4 38 4 43 4 48 30 4 41 4 44 4 44 4 38 44 4 28 4 39 4 80 34 4 29 4 21 41 4 16 4 67 21 4 27 4 46 4 38 4 47 31 4 23 4 64 33 4 27 4 71 39 4 44 4 19 4 36 4 18 4 69 31 4 22 4 25 4 29 4 40 34 4 16 4 83 49 4 23 4 18 4 37 4 34 31 4 30 4 41 4 62 9 4 18 4 41 36 4 42 4 81 49 20 87 32 4 9 4 33 4 66 27 20 59 27 4 39 4 38 4 29 16 4 42 4 20 4 12 4 45 12 4 31 4 50 23 4 36 4 52 4 25 17 4 50 4 45 30 4 27 4 32 4 23 49 4 52 4 22 4 31 27 4 45 4 76 36 4 17 4 51 44 4 43 41 4 45 4 47 4 79 18 4 16 4 45 27 4 44 4 60 15 4 29 4 62 37 4 33 4 37 25 4 20 4 38 41 4 15 4 36 42 4 32 4 74 53 4 5 4 35 24 4 39 4 23 4 78 35 4 37 4 21 30 4 44 4 22 4 59 27 4 8 4 44 4 60 29 4 37 4 29 4 22 4 92 39 4 28 4 30 4 27 4 96 36 4 27 4 37 4 42 31 4 34 4 72 16 4 29 4 19 4 55 17 4 9 4 25 4 85 36 4 40 4 40 4 64 24 4 19 4 39 4 58 41 16 13 16 49 29 4 96 23 16 15 16 82 18 4 47 4 21 40 4 26 4 39 4 58 49 4 38 4 44 4 12 4 39 42 4 22 4 12 38 4 17 4 28 4 34 4 67 42 4 41 4 27 4 73 27 4 30 4 20 4 74 44 4 26 4 42 4 42 40 4 39 4 41 4 68 19 4 34 4 26 4 23 4 31 20 4 40 4 25 4 32 4 62 25 4 22 4 34 4 44 30 4 31 4 32 4 67 11 4 15 4 33 4 
iteration 197 best: 1.00289 time: 59067
25 19 4 33 4 15 4 108 24 4 41 4 19 23 4 44 4 34 4 31 26 4 35 4 19 4 24 27 4 38 4 43 4 48 30 4 41 4 44 4 44 4 38 44 4 28 4 39 4 80 34 4 29 4 21 41 4 16 4 67 21 4 27 4 46 4 38 4 47 31 4 23 4 64 33 4 27 4 71 39 4 44 4 19 4 36 4 18 4 69 31 4 22 4 25 4 29 4 40 34 4 16 4 83 49 4 23 4 18 4 37 4 34 31 4 30 4 41 4 62 9 4 18 4 41 36 4 42 4 81 49 20 87 32 4 9 4 33 4 66 27 20 59 27 4 39 4 38 4 29 16 4 42 4 20 4 12 4 45 12 4 31 4 50 23 4 36 4 52 4 25 17 4 50 4 45 30 4 27 4 32 4 23 49 4 52 4 22 4 31 27 4 45 4 76 36 4 17 4 51 44 4 43 41 4 45 4 47 4 79 18 4 16 4 45 27 4 44 4 60 15 4 29 4 62 37 4 33 4 37 25 4 20 4 38 41 4 15 4 36 42 4 32 4 74 53 4 5 4 35 24 4 39 4 23 4 78 35 4 37 4 21 30 4 44 4 22 4 59 27 4 8 4 44 4 60 29 4 37 4 29 4 22 4 92 39 4 28 4 30 4 27 4 96 36 4 27 4 37 4 42 31 4 34 4 72 16 4 29 4 19 4 55 17 4 9 4 25 4 85 36 4 40 4 40 4 64 24 4 19 4 39 4 58 41 16 13 16 49 29 4 96 23 16 15 16 82 18 4 47 4 21 40 4 26 4 39 4 58 49 4 38 4 44 4 12 4 39 42 4 22 4 12 38 4 17 4 28 4 34 4 67 42 4 41 4 27 4 73 27 4 30 4 20 4 74 44 4 26 4 42 4 42 40 4 39 4 41 4 68 19 4 34 4 26 4 23 4 31 20 4 40 4 25 4 32 4 62 25 4 22 4 34 4 44 30 4 31 4 32 4 67 11 4 15 4 33 4 
iteration 222 best: 1.00289 time: 66451
25 19 4 33 4 15 4 108 24 4 41 4 19 23 4 44 4 34 4 31 26 4 35 4 19 4 24 27 4 38 4 43 4 48 30 4 41 4 44 4 44 4 38 44 4 28 4 39 4 80 34 4 29 4 21 41 4 16 4 67 21 4 27 4 46 4 38 4 47 31 4 23 4 64 33 4 27 4 71 39 4 44 4 19 4 36 4 18 4 69 31 4 22 4 25 4 29 4 40 34 4 16 4 83 49 4 23 4 18 4 37 4 34 31 4 30 4 41 4 62 9 4 18 4 41 36 4 42 4 81 49 20 87 32 4 9 4 33 4 66 27 20 59 27 4 39 4 38 4 29 16 4 42 4 20 4 12 4 45 12 4 31 4 50 23 4 36 4 52 4 25 17 4 50 4 45 30 4 27 4 32 4 23 49 4 52 4 22 4 31 27 4 45 4 76 36 4 17 4 51 44 4 43 41 4 45 4 47 4 79 18 4 16 4 45 27 4 44 4 60 15 4 29 4 62 37 4 33 4 37 25 4 20 4 38 41 4 15 4 36 42 4 32 4 74 53 4 5 4 35 24 4 39 4 23 4 78 35 4 37 4 21 30 4 44 4 22 4 59 27 4 8 4 44 4 60 29 4 37 4 29 4 22 4 92 39 4 28 4 30 4 27 4 96 36 4 27 4 37 4 42 31 4 34 4 72 16 4 29 4 19 4 55 17 4 9 4 25 4 85 36 4 40 4 40 4 64 24 4 19 4 39 4 58 41 16 13 16 49 29 4 96 23 16 15 16 82 18 4 47 4 21 40 4 26 4 39 4 58 49 4 38 4 44 4 12 4 39 42 4 22 4 12 38 4 17 4 28 4 34 4 67 42 4 41 4 27 4 73 27 4 30 4 20 4 74 44 4 26 4 42 4 42 40 4 39 4 41 4 68 19 4 34 4 26 4 23 4 31 20 4 40 4 25 4 32 4 62 25 4 22 4 34 4 44 30 4 31 4 32 4 67 11 4 15 4 33 4 
iteration 247 best: 1.00289 time: 73824
25 19 4 33 4 15 4 108 24 4 41 4 19 23 4 44 4 34 4 31 26 4 35 4 19 4 24 27 4 38 4 43 4 48 30 4 41 4 44 4 44 4 38 44 4 28 4 39 4 80 34 4 29 4 21 41 4 16 4 67 21 4 27 4 46 4 38 4 47 31 4 23 4 64 33 4 27 4 71 39 4 44 4 19 4 36 4 18 4 69 31 4 22 4 25 4 29 4 40 34 4 16 4 83 49 4 23 4 18 4 37 4 34 31 4 30 4 41 4 62 9 4 18 4 41 36 4 42 4 81 49 20 87 32 4 9 4 33 4 66 27 20 59 27 4 39 4 38 4 29 16 4 42 4 20 4 12 4 45 12 4 31 4 50 23 4 36 4 52 4 25 17 4 50 4 45 30 4 27 4 32 4 23 49 4 52 4 22 4 31 27 4 45 4 76 36 4 17 4 51 44 4 43 41 4 45 4 47 4 79 18 4 16 4 45 27 4 44 4 60 15 4 29 4 62 37 4 33 4 37 25 4 20 4 38 41 4 15 4 36 42 4 32 4 74 53 4 5 4 35 24 4 39 4 23 4 78 35 4 37 4 21 30 4 44 4 22 4 59 27 4 8 4 44 4 60 29 4 37 4 29 4 22 4 92 39 4 28 4 30 4 27 4 96 36 4 27 4 37 4 42 31 4 34 4 72 16 4 29 4 19 4 55 17 4 9 4 25 4 85 36 4 40 4 40 4 64 24 4 19 4 39 4 58 41 16 13 16 49 29 4 96 23 16 15 16 82 18 4 47 4 21 40 4 26 4 39 4 58 49 4 38 4 44 4 12 4 39 42 4 22 4 12 38 4 17 4 28 4 34 4 67 42 4 41 4 27 4 73 27 4 30 4 20 4 74 44 4 26 4 42 4 42 40 4 39 4 41 4 68 19 4 34 4 26 4 23 4 31 20 4 40 4 25 4 32 4 62 25 4 22 4 34 4 44 30 4 31 4 32 4 67 11 4 15 4 33 4 
iteration 272 best: 1.00289 time: 81219
25 19 4 33 4 15 4 108 24 4 41 4 19 23 4 44 4 34 4 31 26 4 35 4 19 4 24 27 4 38 4 43 4 48 30 4 41 4 44 4 44 4 38 44 4 28 4 39 4 80 34 4 29 4 21 41 4 16 4 67 21 4 27 4 46 4 38 4 47 31 4 23 4 64 33 4 27 4 71 39 4 44 4 19 4 36 4 18 4 69 31 4 22 4 25 4 29 4 40 34 4 16 4 83 49 4 23 4 18 4 37 4 34 31 4 30 4 41 4 62 9 4 18 4 41 36 4 42 4 81 49 20 87 32 4 9 4 33 4 66 27 20 59 27 4 39 4 38 4 29 16 4 42 4 20 4 12 4 45 12 4 31 4 50 23 4 36 4 52 4 25 17 4 50 4 45 30 4 27 4 32 4 23 49 4 52 4 22 4 31 27 4 45 4 76 36 4 17 4 51 44 4 43 41 4 45 4 47 4 79 18 4 16 4 45 27 4 44 4 60 15 4 29 4 62 37 4 33 4 37 25 4 20 4 38 41 4 15 4 36 42 4 32 4 74 53 4 5 4 35 24 4 39 4 23 4 78 35 4 37 4 21 30 4 44 4 22 4 59 27 4 8 4 44 4 60 29 4 37 4 29 4 22 4 92 39 4 28 4 30 4 27 4 96 36 4 27 4 37 4 42 31 4 34 4 72 16 4 29 4 19 4 55 17 4 9 4 25 4 85 36 4 40 4 40 4 64 24 4 19 4 39 4 58 41 16 13 16 49 29 4 96 23 16 15 16 82 18 4 47 4 21 40 4 26 4 39 4 58 49 4 38 4 44 4 12 4 39 42 4 22 4 12 38 4 17 4 28 4 34 4 67 42 4 41 4 27 4 73 27 4 30 4 20 4 74 44 4 26 4 42 4 42 40 4 39 4 41 4 68 19 4 34 4 26 4 23 4 31 20 4 40 4 25 4 32 4 62 25 4 22 4 34 4 44 30 4 31 4 32 4 67 11 4 15 4 33 4 
iteration 297 best: 1.00289 time: 88603
25 19 4 33 4 15 4 108 24 4 41 4 19 23 4 44 4 34 4 31 26 4 35 4 19 4 24 27 4 38 4 43 4 48 30 4 41 4 44 4 44 4 38 44 4 28 4 39 4 80 34 4 29 4 21 41 4 16 4 67 21 4 27 4 46 4 38 4 47 31 4 23 4 64 33 4 27 4 71 39 4 44 4 19 4 36 4 18 4 69 31 4 22 4 25 4 29 4 40 34 4 16 4 83 49 4 23 4 18 4 37 4 34 31 4 30 4 41 4 62 9 4 18 4 41 36 4 42 4 81 49 20 87 32 4 9 4 33 4 66 27 20 59 27 4 39 4 38 4 29 16 4 42 4 20 4 12 4 45 12 4 31 4 50 23 4 36 4 52 4 25 17 4 50 4 45 30 4 27 4 32 4 23 49 4 52 4 22 4 31 27 4 45 4 76 36 4 17 4 51 44 4 43 41 4 45 4 47 4 79 18 4 16 4 45 27 4 44 4 60 15 4 29 4 62 37 4 33 4 37 25 4 20 4 38 41 4 15 4 36 42 4 32 4 74 53 4 5 4 35 24 4 39 4 23 4 78 35 4 37 4 21 30 4 44 4 22 4 59 27 4 8 4 44 4 60 29 4 37 4 29 4 22 4 92 39 4 28 4 30 4 27 4 96 36 4 27 4 37 4 42 31 4 34 4 72 16 4 29 4 19 4 55 17 4 9 4 25 4 85 36 4 40 4 40 4 64 24 4 19 4 39 4 58 41 16 13 16 49 29 4 96 23 16 15 16 82 18 4 47 4 21 40 4 26 4 39 4 58 49 4 38 4 44 4 12 4 39 42 4 22 4 12 38 4 17 4 28 4 34 4 67 42 4 41 4 27 4 73 27 4 30 4 20 4 74 44 4 26 4 42 4 42 40 4 39 4 41 4 68 19 4 34 4 26 4 23 4 31 20 4 40 4 25 4 32 4 62 25 4 22 4 34 4 44 30 4 31 4 32 4 67 11 4 15 4 33 4 
iteration 322 best: 1.00289 time: 96003
25 19 4 33 4 15 4 108 24 4 41 4 19 23 4 44 4 34 4 31 26 4 35 4 19 4 24 27 4 38 4 43 4 48 30 4 41 4 44 4 44 4 38 44 4 28 4 39 4 80 34 4 29 4 21 41 4 16 4 67 21 4 27 4 46 4 38 4 47 31 4 23 4 64 33 4 27 4 71 39 4 44 4 19 4 36 4 18 4 69 31 4 22 4 25 4 29 4 40 34 4 16 4 83 49 4 23 4 18 4 37 4 34 31 4 30 4 41 4 62 9 4 18 4 41 36 4 42 4 81 49 20 87 32 4 9 4 33 4 66 27 20 59 27 4 39 4 38 4 29 16 4 42 4 20 4 12 4 45 12 4 31 4 50 23 4 36 4 52 4 25 17 4 50 4 45 30 4 27 4 32 4 23 49 4 52 4 22 4 31 27 4 45 4 76 36 4 17 4 51 44 4 43 41 4 45 4 47 4 79 18 4 16 4 45 27 4 44 4 60 15 4 29 4 62 37 4 33 4 37 25 4 20 4 38 41 4 15 4 36 42 4 32 4 74 53 4 5 4 35 24 4 39 4 23 4 78 35 4 37 4 21 30 4 44 4 22 4 59 27 4 8 4 44 4 60 29 4 37 4 29 4 22 4 92 39 4 28 4 30 4 27 4 96 36 4 27 4 37 4 42 31 4 34 4 72 16 4 29 4 19 4 55 17 4 9 4 25 4 85 36 4 40 4 40 4 64 24 4 19 4 39 4 58 41 16 13 16 49 29 4 96 23 16 15 16 82 18 4 47 4 21 40 4 26 4 39 4 58 49 4 38 4 44 4 12 4 39 42 4 22 4 12 38 4 17 4 28 4 34 4 67 42 4 41 4 27 4 73 27 4 30 4 20 4 74 44 4 26 4 42 4 42 40 4 39 4 41 4 68 19 4 34 4 26 4 23 4 31 20 4 40 4 25 4 32 4 62 25 4 22 4 34 4 44 30 4 31 4 32 4 67 11 4 15 4 33 4 
iteration 347 best: 1.00289 time: 103389
25 19 4 33 4 15 4 108 24 4 41 4 19 23 4 44 4 34 4 31 26 4 35 4 19 4 24 27 4 38 4 43 4 48 30 4 41 4 44 4 44 4 38 44 4 28 4 39 4 80 34 4 29 4 21 41 4 16 4 67 21 4 27 4 46 4 38 4 47 31 4 23 4 64 33 4 27 4 71 39 4 44 4 19 4 36 4 18 4 69 31 4 22 4 25 4 29 4 40 34 4 16 4 83 49 4 23 4 18 4 37 4 34 31 4 30 4 41 4 62 9 4 18 4 41 36 4 42 4 81 49 20 87 32 4 9 4 33 4 66 27 20 59 27 4 39 4 38 4 29 16 4 42 4 20 4 12 4 45 12 4 31 4 50 23 4 36 4 52 4 25 17 4 50 4 45 30 4 27 4 32 4 23 49 4 52 4 22 4 31 27 4 45 4 76 36 4 17 4 51 44 4 43 41 4 45 4 47 4 79 18 4 16 4 45 27 4 44 4 60 15 4 29 4 62 37 4 33 4 37 25 4 20 4 38 41 4 15 4 36 42 4 32 4 74 53 4 5 4 35 24 4 39 4 23 4 78 35 4 37 4 21 30 4 44 4 22 4 59 27 4 8 4 44 4 60 29 4 37 4 29 4 22 4 92 39 4 28 4 30 4 27 4 96 36 4 27 4 37 4 42 31 4 34 4 72 16 4 29 4 19 4 55 17 4 9 4 25 4 85 36 4 40 4 40 4 64 24 4 19 4 39 4 58 41 16 13 16 49 29 4 96 23 16 15 16 82 18 4 47 4 21 40 4 26 4 39 4 58 49 4 38 4 44 4 12 4 39 42 4 22 4 12 38 4 17 4 28 4 34 4 67 42 4 41 4 27 4 73 27 4 30 4 20 4 74 44 4 26 4 42 4 42 40 4 39 4 41 4 68 19 4 34 4 26 4 23 4 31 20 4 40 4 25 4 32 4 62 25 4 22 4 34 4 44 30 4 31 4 32 4 67 11 4 15 4 33 4 
iteration 372 best: 1.00289 time: 110792
25 19 4 33 4 15 4 108 24 4 41 4 19 23 4 44 4 34 4 31 26 4 35 4 19 4 24 27 4 38 4 43 4 48 30 4 41 4 44 4 44 4 38 44 4 28 4 39 4 80 34 4 29 4 21 41 4 16 4 67 21 4 27 4 46 4 38 4 47 31 4 23 4 64 33 4 27 4 71 39 4 44 4 19 4 36 4 18 4 69 31 4 22 4 25 4 29 4 40 34 4 16 4 83 49 4 23 4 18 4 37 4 34 31 4 30 4 41 4 62 9 4 18 4 41 36 4 42 4 81 49 20 87 32 4 9 4 33 4 66 27 20 59 27 4 39 4 38 4 29 16 4 42 4 20 4 12 4 45 12 4 31 4 50 23 4 36 4 52 4 25 17 4 50 4 45 30 4 27 4 32 4 23 49 4 52 4 22 4 31 27 4 45 4 76 36 4 17 4 51 44 4 43 41 4 45 4 47 4 79 18 4 16 4 45 27 4 44 4 60 15 4 29 4 62 37 4 33 4 37 25 4 20 4 38 41 4 15 4 36 42 4 32 4 74 53 4 5 4 35 24 4 39 4 23 4 78 35 4 37 4 21 30 4 44 4 22 4 59 27 4 8 4 44 4 60 29 4 37 4 29 4 22 4 92 39 4 28 4 30 4 27 4 96 36 4 27 4 37 4 42 31 4 34 4 72 16 4 29 4 19 4 55 17 4 9 4 25 4 85 36 4 40 4 40 4 64 24 4 19 4 39 4 58 41 16 13 16 49 29 4 96 23 16 15 16 82 18 4 47 4 21 40 4 26 4 39 4 58 49 4 38 4 44 4 12 4 39 42 4 22 4 12 38 4 17 4 28 4 34 4 67 42 4 41 4 27 4 73 27 4 30 4 20 4 74 44 4 26 4 42 4 42 40 4 39 4 41 4 68 19 4 34 4 26 4 23 4 31 20 4 40 4 25 4 32 4 62 25 4 22 4 34 4 44 30 4 31 4 32 4 67 11 4 15 4 33 4 
iteration 397 best: 1.00289 time: 118172
25 19 4 33 4 15 4 108 24 4 41 4 19 23 4 44 4 34 4 31 26 4 35 4 19 4 24 27 4 38 4 43 4 48 30 4 41 4 44 4 44 4 38 44 4 28 4 39 4 80 34 4 29 4 21 41 4 16 4 67 21 4 27 4 46 4 38 4 47 31 4 23 4 64 33 4 27 4 71 39 4 44 4 19 4 36 4 18 4 69 31 4 22 4 25 4 29 4 40 34 4 16 4 83 49 4 23 4 18 4 37 4 34 31 4 30 4 41 4 62 9 4 18 4 41 36 4 42 4 81 49 20 87 32 4 9 4 33 4 66 27 20 59 27 4 39 4 38 4 29 16 4 42 4 20 4 12 4 45 12 4 31 4 50 23 4 36 4 52 4 25 17 4 50 4 45 30 4 27 4 32 4 23 49 4 52 4 22 4 31 27 4 45 4 76 36 4 17 4 51 44 4 43 41 4 45 4 47 4 79 18 4 16 4 45 27 4 44 4 60 15 4 29 4 62 37 4 33 4 37 25 4 20 4 38 41 4 15 4 36 42 4 32 4 74 53 4 5 4 35 24 4 39 4 23 4 78 35 4 37 4 21 30 4 44 4 22 4 59 27 4 8 4 44 4 60 29 4 37 4 29 4 22 4 92 39 4 28 4 30 4 27 4 96 36 4 27 4 37 4 42 31 4 34 4 72 16 4 29 4 19 4 55 17 4 9 4 25 4 85 36 4 40 4 40 4 64 24 4 19 4 39 4 58 41 16 13 16 49 29 4 96 23 16 15 16 82 18 4 47 4 21 40 4 26 4 39 4 58 49 4 38 4 44 4 12 4 39 42 4 22 4 12 38 4 17 4 28 4 34 4 67 42 4 41 4 27 4 73 27 4 30 4 20 4 74 44 4 26 4 42 4 42 40 4 39 4 41 4 68 19 4 34 4 26 4 23 4 31 20 4 40 4 25 4 32 4 62 25 4 22 4 34 4 44 30 4 31 4 32 4 67 11 4 15 4 33 4 
iteration 422 best: 1.00289 time: 125563
25 19 4 33 4 15 4 108 24 4 41 4 19 23 4 44 4 34 4 31 26 4 35 4 19 4 24 27 4 38 4 43 4 48 30 4 41 4 44 4 44 4 38 44 4 28 4 39 4 80 34 4 29 4 21 41 4 16 4 67 21 4 27 4 46 4 38 4 47 31 4 23 4 64 33 4 27 4 71 39 4 44 4 19 4 36 4 18 4 69 31 4 22 4 25 4 29 4 40 34 4 16 4 83 49 4 23 4 18 4 37 4 34 31 4 30 4 41 4 62 9 4 18 4 41 36 4 42 4 81 49 20 87 32 4 9 4 33 4 66 27 20 59 27 4 39 4 38 4 29 16 4 42 4 20 4 12 4 45 12 4 31 4 50 23 4 36 4 52 4 25 17 4 50 4 45 30 4 27 4 32 4 23 49 4 52 4 22 4 31 27 4 45 4 76 36 4 17 4 51 44 4 43 41 4 45 4 47 4 79 18 4 16 4 45 27 4 44 4 60 15 4 29 4 62 37 4 33 4 37 25 4 20 4 38 41 4 15 4 36 42 4 32 4 74 53 4 5 4 35 24 4 39 4 23 4 78 35 4 37 4 21 30 4 44 4 22 4 59 27 4 8 4 44 4 60 29 4 37 4 29 4 22 4 92 39 4 28 4 30 4 27 4 96 36 4 27 4 37 4 42 31 4 34 4 72 16 4 29 4 19 4 55 17 4 9 4 25 4 85 36 4 40 4 40 4 64 24 4 19 4 39 4 58 41 16 13 16 49 29 4 96 23 16 15 16 82 18 4 47 4 21 40 4 26 4 39 4 58 49 4 38 4 44 4 12 4 39 42 4 22 4 12 38 4 17 4 28 4 34 4 67 42 4 41 4 27 4 73 27 4 30 4 20 4 74 44 4 26 4 42 4 42 40 4 39 4 41 4 68 19 4 34 4 26 4 23 4 31 20 4 40 4 25 4 32 4 62 25 4 22 4 34 4 44 30 4 31 4 32 4 67 11 4 15 4 33 4 
iteration 447 best: 1.00289 time: 132968
25 19 4 33 4 15 4 108 24 4 41 4 19 23 4 44 4 34 4 31 26 4 35 4 19 4 24 27 4 38 4 43 4 48 30 4 41 4 44 4 44 4 38 44 4 28 4 39 4 80 34 4 29 4 21 41 4 16 4 67 21 4 27 4 46 4 38 4 47 31 4 23 4 64 33 4 27 4 71 39 4 44 4 19 4 36 4 18 4 69 31 4 22 4 25 4 29 4 40 34 4 16 4 83 49 4 23 4 18 4 37 4 34 31 4 30 4 41 4 62 9 4 18 4 41 36 4 42 4 81 49 20 87 32 4 9 4 33 4 66 27 20 59 27 4 39 4 38 4 29 16 4 42 4 20 4 12 4 45 12 4 31 4 50 23 4 36 4 52 4 25 17 4 50 4 45 30 4 27 4 32 4 23 49 4 52 4 22 4 31 27 4 45 4 76 36 4 17 4 51 44 4 43 41 4 45 4 47 4 79 18 4 16 4 45 27 4 44 4 60 15 4 29 4 62 37 4 33 4 37 25 4 20 4 38 41 4 15 4 36 42 4 32 4 74 53 4 5 4 35 24 4 39 4 23 4 78 35 4 37 4 21 30 4 44 4 22 4 59 27 4 8 4 44 4 60 29 4 37 4 29 4 22 4 92 39 4 28 4 30 4 27 4 96 36 4 27 4 37 4 42 31 4 34 4 72 16 4 29 4 19 4 55 17 4 9 4 25 4 85 36 4 40 4 40 4 64 24 4 19 4 39 4 58 41 16 13 16 49 29 4 96 23 16 15 16 82 18 4 47 4 21 40 4 26 4 39 4 58 49 4 38 4 44 4 12 4 39 42 4 22 4 12 38 4 17 4 28 4 34 4 67 42 4 41 4 27 4 73 27 4 30 4 20 4 74 44 4 26 4 42 4 42 40 4 39 4 41 4 68 19 4 34 4 26 4 23 4 31 20 4 40 4 25 4 32 4 62 25 4 22 4 34 4 44 30 4 31 4 32 4 67 11 4 15 4 33 4 
iteration 472 best: 1.00289 time: 140371
25 19 4 33 4 15 4 108 24 4 41 4 19 23 4 44 4 34 4 31 26 4 35 4 19 4 24 27 4 38 4 43 4 48 30 4 41 4 44 4 44 4 38 44 4 28 4 39 4 80 34 4 29 4 21 41 4 16 4 67 21 4 27 4 46 4 38 4 47 31 4 23 4 64 33 4 27 4 71 39 4 44 4 19 4 36 4 18 4 69 31 4 22 4 25 4 29 4 40 34 4 16 4 83 49 4 23 4 18 4 37 4 34 31 4 30 4 41 4 62 9 4 18 4 41 36 4 42 4 81 49 20 87 32 4 9 4 33 4 66 27 20 59 27 4 39 4 38 4 29 16 4 42 4 20 4 12 4 45 12 4 31 4 50 23 4 36 4 52 4 25 17 4 50 4 45 30 4 27 4 32 4 23 49 4 52 4 22 4 31 27 4 45 4 76 36 4 17 4 51 44 4 43 41 4 45 4 47 4 79 18 4 16 4 45 27 4 44 4 60 15 4 29 4 62 37 4 33 4 37 25 4 20 4 38 41 4 15 4 36 42 4 32 4 74 53 4 5 4 35 24 4 39 4 23 4 78 35 4 37 4 21 30 4 44 4 22 4 59 27 4 8 4 44 4 60 29 4 37 4 29 4 22 4 92 39 4 28 4 30 4 27 4 96 36 4 27 4 37 4 42 31 4 34 4 72 16 4 29 4 19 4 55 17 4 9 4 25 4 85 36 4 40 4 40 4 64 24 4 19 4 39 4 58 41 16 13 16 49 29 4 96 23 16 15 16 82 18 4 47 4 21 40 4 26 4 39 4 58 49 4 38 4 44 4 12 4 39 42 4 22 4 12 38 4 17 4 28 4 34 4 67 42 4 41 4 27 4 73 27 4 30 4 20 4 74 44 4 26 4 42 4 42 40 4 39 4 41 4 68 19 4 34 4 26 4 23 4 31 20 4 40 4 25 4 32 4 62 25 4 22 4 34 4 44 30 4 31 4 32 4 67 11 4 15 4 33 4 
iteration 497 best: 1.00289 time: 147792
25 19 4 33 4 15 4 108 24 4 41 4 19 23 4 44 4 34 4 31 26 4 35 4 19 4 24 27 4 38 4 43 4 48 30 4 41 4 44 4 44 4 38 44 4 28 4 39 4 80 34 4 29 4 21 41 4 16 4 67 21 4 27 4 46 4 38 4 47 31 4 23 4 64 33 4 27 4 71 39 4 44 4 19 4 36 4 18 4 69 31 4 22 4 25 4 29 4 40 34 4 16 4 83 49 4 23 4 18 4 37 4 34 31 4 30 4 41 4 62 9 4 18 4 41 36 4 42 4 81 49 20 87 32 4 9 4 33 4 66 27 20 59 27 4 39 4 38 4 29 16 4 42 4 20 4 12 4 45 12 4 31 4 50 23 4 36 4 52 4 25 17 4 50 4 45 30 4 27 4 32 4 23 49 4 52 4 22 4 31 27 4 45 4 76 36 4 17 4 51 44 4 43 41 4 45 4 47 4 79 18 4 16 4 45 27 4 44 4 60 15 4 29 4 62 37 4 33 4 37 25 4 20 4 38 41 4 15 4 36 42 4 32 4 74 53 4 5 4 35 24 4 39 4 23 4 78 35 4 37 4 21 30 4 44 4 22 4 59 27 4 8 4 44 4 60 29 4 37 4 29 4 22 4 92 39 4 28 4 30 4 27 4 96 36 4 27 4 37 4 42 31 4 34 4 72 16 4 29 4 19 4 55 17 4 9 4 25 4 85 36 4 40 4 40 4 64 24 4 19 4 39 4 58 41 16 13 16 49 29 4 96 23 16 15 16 82 18 4 47 4 21 40 4 26 4 39 4 58 49 4 38 4 44 4 12 4 39 42 4 22 4 12 38 4 17 4 28 4 34 4 67 42 4 41 4 27 4 73 27 4 30 4 20 4 74 44 4 26 4 42 4 42 40 4 39 4 41 4 68 19 4 34 4 26 4 23 4 31 20 4 40 4 25 4 32 4 62 25 4 22 4 34 4 44 30 4 31 4 32 4 67 11 4 15 4 33 4 
iteration 522 best: 1.00289 time: 155184
25 19 4 33 4 15 4 108 24 4 41 4 19 23 4 44 4 34 4 31 26 4 35 4 19 4 24 27 4 38 4 43 4 48 30 4 41 4 44 4 44 4 38 44 4 28 4 39 4 80 34 4 29 4 21 41 4 16 4 67 21 4 27 4 46 4 38 4 47 31 4 23 4 64 33 4 27 4 71 39 4 44 4 19 4 36 4 18 4 69 31 4 22 4 25 4 29 4 40 34 4 16 4 83 49 4 23 4 18 4 37 4 34 31 4 30 4 41 4 62 9 4 18 4 41 36 4 42 4 81 49 20 87 32 4 9 4 33 4 66 27 20 59 27 4 39 4 38 4 29 16 4 42 4 20 4 12 4 45 12 4 31 4 50 23 4 36 4 52 4 25 17 4 50 4 45 30 4 27 4 32 4 23 49 4 52 4 22 4 31 27 4 45 4 76 36 4 17 4 51 44 4 43 41 4 45 4 47 4 79 18 4 16 4 45 27 4 44 4 60 15 4 29 4 62 37 4 33 4 37 25 4 20 4 38 41 4 15 4 36 42 4 32 4 74 53 4 5 4 35 24 4 39 4 23 4 78 35 4 37 4 21 30 4 44 4 22 4 59 27 4 8 4 44 4 60 29 4 37 4 29 4 22 4 92 39 4 28 4 30 4 27 4 96 36 4 27 4 37 4 42 31 4 34 4 72 16 4 29 4 19 4 55 17 4 9 4 25 4 85 36 4 40 4 40 4 64 24 4 19 4 39 4 58 41 16 13 16 49 29 4 96 23 16 15 16 82 18 4 47 4 21 40 4 26 4 39 4 58 49 4 38 4 44 4 12 4 39 42 4 22 4 12 38 4 17 4 28 4 34 4 67 42 4 41 4 27 4 73 27 4 30 4 20 4 74 44 4 26 4 42 4 42 40 4 39 4 41 4 68 19 4 34 4 26 4 23 4 31 20 4 40 4 25 4 32 4 62 25 4 22 4 34 4 44 30 4 31 4 32 4 67 11 4 15 4 33 4 
iteration 547 best: 1.00289 time: 162599
25 19 4 33 4 15 4 108 24 4 41 4 19 23 4 44 4 34 4 31 26 4 35 4 19 4 24 27 4 38 4 43 4 48 30 4 41 4 44 4 44 4 38 44 4 28 4 39 4 80 34 4 29 4 21 41 4 16 4 67 21 4 27 4 46 4 38 4 47 31 4 23 4 64 33 4 27 4 71 39 4 44 4 19 4 36 4 18 4 69 31 4 22 4 25 4 29 4 40 34 4 16 4 83 49 4 23 4 18 4 37 4 34 31 4 30 4 41 4 62 9 4 18 4 41 36 4 42 4 81 49 20 87 32 4 9 4 33 4 66 27 20 59 27 4 39 4 38 4 29 16 4 42 4 20 4 12 4 45 12 4 31 4 50 23 4 36 4 52 4 25 17 4 50 4 45 30 4 27 4 32 4 23 49 4 52 4 22 4 31 27 4 45 4 76 36 4 17 4 51 44 4 43 41 4 45 4 47 4 79 18 4 16 4 45 27 4 44 4 60 15 4 29 4 62 37 4 33 4 37 25 4 20 4 38 41 4 15 4 36 42 4 32 4 74 53 4 5 4 35 24 4 39 4 23 4 78 35 4 37 4 21 30 4 44 4 22 4 59 27 4 8 4 44 4 60 29 4 37 4 29 4 22 4 92 39 4 28 4 30 4 27 4 96 36 4 27 4 37 4 42 31 4 34 4 72 16 4 29 4 19 4 55 17 4 9 4 25 4 85 36 4 40 4 40 4 64 24 4 19 4 39 4 58 41 16 13 16 49 29 4 96 23 16 15 16 82 18 4 47 4 21 40 4 26 4 39 4 58 49 4 38 4 44 4 12 4 39 42 4 22 4 12 38 4 17 4 28 4 34 4 67 42 4 41 4 27 4 73 27 4 30 4 20 4 74 44 4 26 4 42 4 42 40 4 39 4 41 4 68 19 4 34 4 26 4 23 4 31 20 4 40 4 25 4 32 4 62 25 4 22 4 34 4 44 30 4 31 4 32 4 67 11 4 15 4 33 4 
iteration 572 best: 1.00289 time: 169995
25 19 4 33 4 15 4 108 24 4 41 4 19 23 4 44 4 34 4 31 26 4 35 4 19 4 24 27 4 38 4 43 4 48 30 4 41 4 44 4 44 4 38 44 4 28 4 39 4 80 34 4 29 4 21 41 4 16 4 67 21 4 27 4 46 4 38 4 47 31 4 23 4 64 33 4 27 4 71 39 4 44 4 19 4 36 4 18 4 69 31 4 22 4 25 4 29 4 40 34 4 16 4 83 49 4 23 4 18 4 37 4 34 31 4 30 4 41 4 62 9 4 18 4 41 36 4 42 4 81 49 20 87 32 4 9 4 33 4 66 27 20 59 27 4 39 4 38 4 29 16 4 42 4 20 4 12 4 45 12 4 31 4 50 23 4 36 4 52 4 25 17 4 50 4 45 30 4 27 4 32 4 23 49 4 52 4 22 4 31 27 4 45 4 76 36 4 17 4 51 44 4 43 41 4 45 4 47 4 79 18 4 16 4 45 27 4 44 4 60 15 4 29 4 62 37 4 33 4 37 25 4 20 4 38 41 4 15 4 36 42 4 32 4 74 53 4 5 4 35 24 4 39 4 23 4 78 35 4 37 4 21 30 4 44 4 22 4 59 27 4 8 4 44 4 60 29 4 37 4 29 4 22 4 92 39 4 28 4 30 4 27 4 96 36 4 27 4 37 4 42 31 4 34 4 72 16 4 29 4 19 4 55 17 4 9 4 25 4 85 36 4 40 4 40 4 64 24 4 19 4 39 4 58 41 16 13 16 49 29 4 96 23 16 15 16 82 18 4 47 4 21 40 4 26 4 39 4 58 49 4 38 4 44 4 12 4 39 42 4 22 4 12 38 4 17 4 28 4 34 4 67 42 4 41 4 27 4 73 27 4 30 4 20 4 74 44 4 26 4 42 4 42 40 4 39 4 41 4 68 19 4 34 4 26 4 23 4 31 20 4 40 4 25 4 32 4 62 25 4 22 4 34 4 44 30 4 31 4 32 4 67 11 4 15 4 33 4 
iteration 597 best: 1.00289 time: 177376
25 19 4 33 4 15 4 108 24 4 41 4 19 23 4 44 4 34 4 31 26 4 35 4 19 4 24 27 4 38 4 43 4 48 30 4 41 4 44 4 44 4 38 44 4 28 4 39 4 80 34 4 29 4 21 41 4 16 4 67 21 4 27 4 46 4 38 4 47 31 4 23 4 64 33 4 27 4 71 39 4 44 4 19 4 36 4 18 4 69 31 4 22 4 25 4 29 4 40 34 4 16 4 83 49 4 23 4 18 4 37 4 34 31 4 30 4 41 4 62 9 4 18 4 41 36 4 42 4 81 49 20 87 32 4 9 4 33 4 66 27 20 59 27 4 39 4 38 4 29 16 4 42 4 20 4 12 4 45 12 4 31 4 50 23 4 36 4 52 4 25 17 4 50 4 45 30 4 27 4 32 4 23 49 4 52 4 22 4 31 27 4 45 4 76 36 4 17 4 51 44 4 43 41 4 45 4 47 4 79 18 4 16 4 45 27 4 44 4 60 15 4 29 4 62 37 4 33 4 37 25 4 20 4 38 41 4 15 4 36 42 4 32 4 74 53 4 5 4 35 24 4 39 4 23 4 78 35 4 37 4 21 30 4 44 4 22 4 59 27 4 8 4 44 4 60 29 4 37 4 29 4 22 4 92 39 4 28 4 30 4 27 4 96 36 4 27 4 37 4 42 31 4 34 4 72 16 4 29 4 19 4 55 17 4 9 4 25 4 85 36 4 40 4 40 4 64 24 4 19 4 39 4 58 41 16 13 16 49 29 4 96 23 16 15 16 82 18 4 47 4 21 40 4 26 4 39 4 58 49 4 38 4 44 4 12 4 39 42 4 22 4 12 38 4 17 4 28 4 34 4 67 42 4 41 4 27 4 73 27 4 30 4 20 4 74 44 4 26 4 42 4 42 40 4 39 4 41 4 68 19 4 34 4 26 4 23 4 31 20 4 40 4 25 4 32 4 62 25 4 22 4 34 4 44 30 4 31 4 32 4 67 11 4 15 4 33 4 
iteration 622 best: 1.00289 time: 184755
25 19 4 33 4 15 4 108 24 4 41 4 19 23 4 44 4 34 4 31 26 4 35 4 19 4 24 27 4 38 4 43 4 48 30 4 41 4 44 4 44 4 38 44 4 28 4 39 4 80 34 4 29 4 21 41 4 16 4 67 21 4 27 4 46 4 38 4 47 31 4 23 4 64 33 4 27 4 71 39 4 44 4 19 4 36 4 18 4 69 31 4 22 4 25 4 29 4 40 34 4 16 4 83 49 4 23 4 18 4 37 4 34 31 4 30 4 41 4 62 9 4 18 4 41 36 4 42 4 81 49 20 87 32 4 9 4 33 4 66 27 20 59 27 4 39 4 38 4 29 16 4 42 4 20 4 12 4 45 12 4 31 4 50 23 4 36 4 52 4 25 17 4 50 4 45 30 4 27 4 32 4 23 49 4 52 4 22 4 31 27 4 45 4 76 36 4 17 4 51 44 4 43 41 4 45 4 47 4 79 18 4 16 4 45 27 4 44 4 60 15 4 29 4 62 37 4 33 4 37 25 4 20 4 38 41 4 15 4 36 42 4 32 4 74 53 4 5 4 35 24 4 39 4 23 4 78 35 4 37 4 21 30 4 44 4 22 4 59 27 4 8 4 44 4 60 29 4 37 4 29 4 22 4 92 39 4 28 4 30 4 27 4 96 36 4 27 4 37 4 42 31 4 34 4 72 16 4 29 4 19 4 55 17 4 9 4 25 4 85 36 4 40 4 40 4 64 24 4 19 4 39 4 58 41 16 13 16 49 29 4 96 23 16 15 16 82 18 4 47 4 21 40 4 26 4 39 4 58 49 4 38 4 44 4 12 4 39 42 4 22 4 12 38 4 17 4 28 4 34 4 67 42 4 41 4 27 4 73 27 4 30 4 20 4 74 44 4 26 4 42 4 42 40 4 39 4 41 4 68 19 4 34 4 26 4 23 4 31 20 4 40 4 25 4 32 4 62 25 4 22 4 34 4 44 30 4 31 4 32 4 67 11 4 15 4 33 4 
iteration 647 best: 1.00289 time: 192141
25 19 4 33 4 15 4 108 24 4 41 4 19 23 4 44 4 34 4 31 26 4 35 4 19 4 24 27 4 38 4 43 4 48 30 4 41 4 44 4 44 4 38 44 4 28 4 39 4 80 34 4 29 4 21 41 4 16 4 67 21 4 27 4 46 4 38 4 47 31 4 23 4 64 33 4 27 4 71 39 4 44 4 19 4 36 4 18 4 69 31 4 22 4 25 4 29 4 40 34 4 16 4 83 49 4 23 4 18 4 37 4 34 31 4 30 4 41 4 62 9 4 18 4 41 36 4 42 4 81 49 20 87 32 4 9 4 33 4 66 27 20 59 27 4 39 4 38 4 29 16 4 42 4 20 4 12 4 45 12 4 31 4 50 23 4 36 4 52 4 25 17 4 50 4 45 30 4 27 4 32 4 23 49 4 52 4 22 4 31 27 4 45 4 76 36 4 17 4 51 44 4 43 41 4 45 4 47 4 79 18 4 16 4 45 27 4 44 4 60 15 4 29 4 62 37 4 33 4 37 25 4 20 4 38 41 4 15 4 36 42 4 32 4 74 53 4 5 4 35 24 4 39 4 23 4 78 35 4 37 4 21 30 4 44 4 22 4 59 27 4 8 4 44 4 60 29 4 37 4 29 4 22 4 92 39 4 28 4 30 4 27 4 96 36 4 27 4 37 4 42 31 4 34 4 72 16 4 29 4 19 4 55 17 4 9 4 25 4 85 36 4 40 4 40 4 64 24 4 19 4 39 4 58 41 16 13 16 49 29 4 96 23 16 15 16 82 18 4 47 4 21 40 4 26 4 39 4 58 49 4 38 4 44 4 12 4 39 42 4 22 4 12 38 4 17 4 28 4 34 4 67 42 4 41 4 27 4 73 27 4 30 4 20 4 74 44 4 26 4 42 4 42 40 4 39 4 41 4 68 19 4 34 4 26 4 23 4 31 20 4 40 4 25 4 32 4 62 25 4 22 4 34 4 44 30 4 31 4 32 4 67 11 4 15 4 33 4 
iteration 672 best: 1.00289 time: 199511
25 19 4 33 4 15 4 108 24 4 41 4 19 23 4 44 4 34 4 31 26 4 35 4 19 4 24 27 4 38 4 43 4 48 30 4 41 4 44 4 44 4 38 44 4 28 4 39 4 80 34 4 29 4 21 41 4 16 4 67 21 4 27 4 46 4 38 4 47 31 4 23 4 64 33 4 27 4 71 39 4 44 4 19 4 36 4 18 4 69 31 4 22 4 25 4 29 4 40 34 4 16 4 83 49 4 23 4 18 4 37 4 34 31 4 30 4 41 4 62 9 4 18 4 41 36 4 42 4 81 49 20 87 32 4 9 4 33 4 66 27 20 59 27 4 39 4 38 4 29 16 4 42 4 20 4 12 4 45 12 4 31 4 50 23 4 36 4 52 4 25 17 4 50 4 45 30 4 27 4 32 4 23 49 4 52 4 22 4 31 27 4 45 4 76 36 4 17 4 51 44 4 43 41 4 45 4 47 4 79 18 4 16 4 45 27 4 44 4 60 15 4 29 4 62 37 4 33 4 37 25 4 20 4 38 41 4 15 4 36 42 4 32 4 74 53 4 5 4 35 24 4 39 4 23 4 78 35 4 37 4 21 30 4 44 4 22 4 59 27 4 8 4 44 4 60 29 4 37 4 29 4 22 4 92 39 4 28 4 30 4 27 4 96 36 4 27 4 37 4 42 31 4 34 4 72 16 4 29 4 19 4 55 17 4 9 4 25 4 85 36 4 40 4 40 4 64 24 4 19 4 39 4 58 41 16 13 16 49 29 4 96 23 16 15 16 82 18 4 47 4 21 40 4 26 4 39 4 58 49 4 38 4 44 4 12 4 39 42 4 22 4 12 38 4 17 4 28 4 34 4 67 42 4 41 4 27 4 73 27 4 30 4 20 4 74 44 4 26 4 42 4 42 40 4 39 4 41 4 68 19 4 34 4 26 4 23 4 31 20 4 40 4 25 4 32 4 62 25 4 22 4 34 4 44 30 4 31 4 32 4 67 11 4 15 4 33 4 
iteration 697 best: 1.00289 time: 206878
25 19 4 33 4 15 4 108 24 4 41 4 19 23 4 44 4 34 4 31 26 4 35 4 19 4 24 27 4 38 4 43 4 48 30 4 41 4 44 4 44 4 38 44 4 28 4 39 4 80 34 4 29 4 21 41 4 16 4 67 21 4 27 4 46 4 38 4 47 31 4 23 4 64 33 4 27 4 71 39 4 44 4 19 4 36 4 18 4 69 31 4 22 4 25 4 29 4 40 34 4 16 4 83 49 4 23 4 18 4 37 4 34 31 4 30 4 41 4 62 9 4 18 4 41 36 4 42 4 81 49 20 87 32 4 9 4 33 4 66 27 20 59 27 4 39 4 38 4 29 16 4 42 4 20 4 12 4 45 12 4 31 4 50 23 4 36 4 52 4 25 17 4 50 4 45 30 4 27 4 32 4 23 49 4 52 4 22 4 31 27 4 45 4 76 36 4 17 4 51 44 4 43 41 4 45 4 47 4 79 18 4 16 4 45 27 4 44 4 60 15 4 29 4 62 37 4 33 4 37 25 4 20 4 38 41 4 15 4 36 42 4 32 4 74 53 4 5 4 35 24 4 39 4 23 4 78 35 4 37 4 21 30 4 44 4 22 4 59 27 4 8 4 44 4 60 29 4 37 4 29 4 22 4 92 39 4 28 4 30 4 27 4 96 36 4 27 4 37 4 42 31 4 34 4 72 16 4 29 4 19 4 55 17 4 9 4 25 4 85 36 4 40 4 40 4 64 24 4 19 4 39 4 58 41 16 13 16 49 29 4 96 23 16 15 16 82 18 4 47 4 21 40 4 26 4 39 4 58 49 4 38 4 44 4 12 4 39 42 4 22 4 12 38 4 17 4 28 4 34 4 67 42 4 41 4 27 4 73 27 4 30 4 20 4 74 44 4 26 4 42 4 42 40 4 39 4 41 4 68 19 4 34 4 26 4 23 4 31 20 4 40 4 25 4 32 4 62 25 4 22 4 34 4 44 30 4 31 4 32 4 67 11 4 15 4 33 4 
iteration 722 best: 1.00289 time: 214251
25 19 4 33 4 15 4 108 24 4 41 4 19 23 4 44 4 34 4 31 26 4 35 4 19 4 24 27 4 38 4 43 4 48 30 4 41 4 44 4 44 4 38 44 4 28 4 39 4 80 34 4 29 4 21 41 4 16 4 67 21 4 27 4 46 4 38 4 47 31 4 23 4 64 33 4 27 4 71 39 4 44 4 19 4 36 4 18 4 69 31 4 22 4 25 4 29 4 40 34 4 16 4 83 49 4 23 4 18 4 37 4 34 31 4 30 4 41 4 62 9 4 18 4 41 36 4 42 4 81 49 20 87 32 4 9 4 33 4 66 27 20 59 27 4 39 4 38 4 29 16 4 42 4 20 4 12 4 45 12 4 31 4 50 23 4 36 4 52 4 25 17 4 50 4 45 30 4 27 4 32 4 23 49 4 52 4 22 4 31 27 4 45 4 76 36 4 17 4 51 44 4 43 41 4 45 4 47 4 79 18 4 16 4 45 27 4 44 4 60 15 4 29 4 62 37 4 33 4 37 25 4 20 4 38 41 4 15 4 36 42 4 32 4 74 53 4 5 4 35 24 4 39 4 23 4 78 35 4 37 4 21 30 4 44 4 22 4 59 27 4 8 4 44 4 60 29 4 37 4 29 4 22 4 92 39 4 28 4 30 4 27 4 96 36 4 27 4 37 4 42 31 4 34 4 72 16 4 29 4 19 4 55 17 4 9 4 25 4 85 36 4 40 4 40 4 64 24 4 19 4 39 4 58 41 16 13 16 49 29 4 96 23 16 15 16 82 18 4 47 4 21 40 4 26 4 39 4 58 49 4 38 4 44 4 12 4 39 42 4 22 4 12 38 4 17 4 28 4 34 4 67 42 4 41 4 27 4 73 27 4 30 4 20 4 74 44 4 26 4 42 4 42 40 4 39 4 41 4 68 19 4 34 4 26 4 23 4 31 20 4 40 4 25 4 32 4 62 25 4 22 4 34 4 44 30 4 31 4 32 4 67 11 4 15 4 33 4 
iteration 747 best: 1.00289 time: 221678
25 19 4 33 4 15 4 108 24 4 41 4 19 23 4 44 4 34 4 31 26 4 35 4 19 4 24 27 4 38 4 43 4 48 30 4 41 4 44 4 44 4 38 44 4 28 4 39 4 80 34 4 29 4 21 41 4 16 4 67 21 4 27 4 46 4 38 4 47 31 4 23 4 64 33 4 27 4 71 39 4 44 4 19 4 36 4 18 4 69 31 4 22 4 25 4 29 4 40 34 4 16 4 83 49 4 23 4 18 4 37 4 34 31 4 30 4 41 4 62 9 4 18 4 41 36 4 42 4 81 49 20 87 32 4 9 4 33 4 66 27 20 59 27 4 39 4 38 4 29 16 4 42 4 20 4 12 4 45 12 4 31 4 50 23 4 36 4 52 4 25 17 4 50 4 45 30 4 27 4 32 4 23 49 4 52 4 22 4 31 27 4 45 4 76 36 4 17 4 51 44 4 43 41 4 45 4 47 4 79 18 4 16 4 45 27 4 44 4 60 15 4 29 4 62 37 4 33 4 37 25 4 20 4 38 41 4 15 4 36 42 4 32 4 74 53 4 5 4 35 24 4 39 4 23 4 78 35 4 37 4 21 30 4 44 4 22 4 59 27 4 8 4 44 4 60 29 4 37 4 29 4 22 4 92 39 4 28 4 30 4 27 4 96 36 4 27 4 37 4 42 31 4 34 4 72 16 4 29 4 19 4 55 17 4 9 4 25 4 85 36 4 40 4 40 4 64 24 4 19 4 39 4 58 41 16 13 16 49 29 4 96 23 16 15 16 82 18 4 47 4 21 40 4 26 4 39 4 58 49 4 38 4 44 4 12 4 39 42 4 22 4 12 38 4 17 4 28 4 34 4 67 42 4 41 4 27 4 73 27 4 30 4 20 4 74 44 4 26 4 42 4 42 40 4 39 4 41 4 68 19 4 34 4 26 4 23 4 31 20 4 40 4 25 4 32 4 62 25 4 22 4 34 4 44 30 4 31 4 32 4 67 11 4 15 4 33 4 
iteration 772 best: 1.00289 time: 229088
25 19 4 33 4 15 4 108 24 4 41 4 19 23 4 44 4 34 4 31 26 4 35 4 19 4 24 27 4 38 4 43 4 48 30 4 41 4 44 4 44 4 38 44 4 28 4 39 4 80 34 4 29 4 21 41 4 16 4 67 21 4 27 4 46 4 38 4 47 31 4 23 4 64 33 4 27 4 71 39 4 44 4 19 4 36 4 18 4 69 31 4 22 4 25 4 29 4 40 34 4 16 4 83 49 4 23 4 18 4 37 4 34 31 4 30 4 41 4 62 9 4 18 4 41 36 4 42 4 81 49 20 87 32 4 9 4 33 4 66 27 20 59 27 4 39 4 38 4 29 16 4 42 4 20 4 12 4 45 12 4 31 4 50 23 4 36 4 52 4 25 17 4 50 4 45 30 4 27 4 32 4 23 49 4 52 4 22 4 31 27 4 45 4 76 36 4 17 4 51 44 4 43 41 4 45 4 47 4 79 18 4 16 4 45 27 4 44 4 60 15 4 29 4 62 37 4 33 4 37 25 4 20 4 38 41 4 15 4 36 42 4 32 4 74 53 4 5 4 35 24 4 39 4 23 4 78 35 4 37 4 21 30 4 44 4 22 4 59 27 4 8 4 44 4 60 29 4 37 4 29 4 22 4 92 39 4 28 4 30 4 27 4 96 36 4 27 4 37 4 42 31 4 34 4 72 16 4 29 4 19 4 55 17 4 9 4 25 4 85 36 4 40 4 40 4 64 24 4 19 4 39 4 58 41 16 13 16 49 29 4 96 23 16 15 16 82 18 4 47 4 21 40 4 26 4 39 4 58 49 4 38 4 44 4 12 4 39 42 4 22 4 12 38 4 17 4 28 4 34 4 67 42 4 41 4 27 4 73 27 4 30 4 20 4 74 44 4 26 4 42 4 42 40 4 39 4 41 4 68 19 4 34 4 26 4 23 4 31 20 4 40 4 25 4 32 4 62 25 4 22 4 34 4 44 30 4 31 4 32 4 67 11 4 15 4 33 4 
iteration 797 best: 1.00289 time: 236506
25 19 4 33 4 15 4 108 24 4 41 4 19 23 4 44 4 34 4 31 26 4 35 4 19 4 24 27 4 38 4 43 4 48 30 4 41 4 44 4 44 4 38 44 4 28 4 39 4 80 34 4 29 4 21 41 4 16 4 67 21 4 27 4 46 4 38 4 47 31 4 23 4 64 33 4 27 4 71 39 4 44 4 19 4 36 4 18 4 69 31 4 22 4 25 4 29 4 40 34 4 16 4 83 49 4 23 4 18 4 37 4 34 31 4 30 4 41 4 62 9 4 18 4 41 36 4 42 4 81 49 20 87 32 4 9 4 33 4 66 27 20 59 27 4 39 4 38 4 29 16 4 42 4 20 4 12 4 45 12 4 31 4 50 23 4 36 4 52 4 25 17 4 50 4 45 30 4 27 4 32 4 23 49 4 52 4 22 4 31 27 4 45 4 76 36 4 17 4 51 44 4 43 41 4 45 4 47 4 79 18 4 16 4 45 27 4 44 4 60 15 4 29 4 62 37 4 33 4 37 25 4 20 4 38 41 4 15 4 36 42 4 32 4 74 53 4 5 4 35 24 4 39 4 23 4 78 35 4 37 4 21 30 4 44 4 22 4 59 27 4 8 4 44 4 60 29 4 37 4 29 4 22 4 92 39 4 28 4 30 4 27 4 96 36 4 27 4 37 4 42 31 4 34 4 72 16 4 29 4 19 4 55 17 4 9 4 25 4 85 36 4 40 4 40 4 64 24 4 19 4 39 4 58 41 16 13 16 49 29 4 96 23 16 15 16 82 18 4 47 4 21 40 4 26 4 39 4 58 49 4 38 4 44 4 12 4 39 42 4 22 4 12 38 4 17 4 28 4 34 4 67 42 4 41 4 27 4 73 27 4 30 4 20 4 74 44 4 26 4 42 4 42 40 4 39 4 41 4 68 19 4 34 4 26 4 23 4 31 20 4 40 4 25 4 32 4 62 25 4 22 4 34 4 44 30 4 31 4 32 4 67 11 4 15 4 33 4 
iteration 822 best: 1.00289 time: 243870
25 19 4 33 4 15 4 108 24 4 41 4 19 23 4 44 4 34 4 31 26 4 35 4 19 4 24 27 4 38 4 43 4 48 30 4 41 4 44 4 44 4 38 44 4 28 4 39 4 80 34 4 29 4 21 41 4 16 4 67 21 4 27 4 46 4 38 4 47 31 4 23 4 64 33 4 27 4 71 39 4 44 4 19 4 36 4 18 4 69 31 4 22 4 25 4 29 4 40 34 4 16 4 83 49 4 23 4 18 4 37 4 34 31 4 30 4 41 4 62 9 4 18 4 41 36 4 42 4 81 49 20 87 32 4 9 4 33 4 66 27 20 59 27 4 39 4 38 4 29 16 4 42 4 20 4 12 4 45 12 4 31 4 50 23 4 36 4 52 4 25 17 4 50 4 45 30 4 27 4 32 4 23 49 4 52 4 22 4 31 27 4 45 4 76 36 4 17 4 51 44 4 43 41 4 45 4 47 4 79 18 4 16 4 45 27 4 44 4 60 15 4 29 4 62 37 4 33 4 37 25 4 20 4 38 41 4 15 4 36 42 4 32 4 74 53 4 5 4 35 24 4 39 4 23 4 78 35 4 37 4 21 30 4 44 4 22 4 59 27 4 8 4 44 4 60 29 4 37 4 29 4 22 4 92 39 4 28 4 30 4 27 4 96 36 4 27 4 37 4 42 31 4 34 4 72 16 4 29 4 19 4 55 17 4 9 4 25 4 85 36 4 40 4 40 4 64 24 4 19 4 39 4 58 41 16 13 16 49 29 4 96 23 16 15 16 82 18 4 47 4 21 40 4 26 4 39 4 58 49 4 38 4 44 4 12 4 39 42 4 22 4 12 38 4 17 4 28 4 34 4 67 42 4 41 4 27 4 73 27 4 30 4 20 4 74 44 4 26 4 42 4 42 40 4 39 4 41 4 68 19 4 34 4 26 4 23 4 31 20 4 40 4 25 4 32 4 62 25 4 22 4 34 4 44 30 4 31 4 32 4 67 11 4 15 4 33 4 
iteration 847 best: 1.00289 time: 251241
25 19 4 33 4 15 4 108 24 4 41 4 19 23 4 44 4 34 4 31 26 4 35 4 19 4 24 27 4 38 4 43 4 48 30 4 41 4 44 4 44 4 38 44 4 28 4 39 4 80 34 4 29 4 21 41 4 16 4 67 21 4 27 4 46 4 38 4 47 31 4 23 4 64 33 4 27 4 71 39 4 44 4 19 4 36 4 18 4 69 31 4 22 4 25 4 29 4 40 34 4 16 4 83 49 4 23 4 18 4 37 4 34 31 4 30 4 41 4 62 9 4 18 4 41 36 4 42 4 81 49 20 87 32 4 9 4 33 4 66 27 20 59 27 4 39 4 38 4 29 16 4 42 4 20 4 12 4 45 12 4 31 4 50 23 4 36 4 52 4 25 17 4 50 4 45 30 4 27 4 32 4 23 49 4 52 4 22 4 31 27 4 45 4 76 36 4 17 4 51 44 4 43 41 4 45 4 47 4 79 18 4 16 4 45 27 4 44 4 60 15 4 29 4 62 37 4 33 4 37 25 4 20 4 38 41 4 15 4 36 42 4 32 4 74 53 4 5 4 35 24 4 39 4 23 4 78 35 4 37 4 21 30 4 44 4 22 4 59 27 4 8 4 44 4 60 29 4 37 4 29 4 22 4 92 39 4 28 4 30 4 27 4 96 36 4 27 4 37 4 42 31 4 34 4 72 16 4 29 4 19 4 55 17 4 9 4 25 4 85 36 4 40 4 40 4 64 24 4 19 4 39 4 58 41 16 13 16 49 29 4 96 23 16 15 16 82 18 4 47 4 21 40 4 26 4 39 4 58 49 4 38 4 44 4 12 4 39 42 4 22 4 12 38 4 17 4 28 4 34 4 67 42 4 41 4 27 4 73 27 4 30 4 20 4 74 44 4 26 4 42 4 42 40 4 39 4 41 4 68 19 4 34 4 26 4 23 4 31 20 4 40 4 25 4 32 4 62 25 4 22 4 34 4 44 30 4 31 4 32 4 67 11 4 15 4 33 4 
iteration 872 best: 1.00289 time: 258626
25 19 4 33 4 15 4 108 24 4 41 4 19 23 4 44 4 34 4 31 26 4 35 4 19 4 24 27 4 38 4 43 4 48 30 4 41 4 44 4 44 4 38 44 4 28 4 39 4 80 34 4 29 4 21 41 4 16 4 67 21 4 27 4 46 4 38 4 47 31 4 23 4 64 33 4 27 4 71 39 4 44 4 19 4 36 4 18 4 69 31 4 22 4 25 4 29 4 40 34 4 16 4 83 49 4 23 4 18 4 37 4 34 31 4 30 4 41 4 62 9 4 18 4 41 36 4 42 4 81 49 20 87 32 4 9 4 33 4 66 27 20 59 27 4 39 4 38 4 29 16 4 42 4 20 4 12 4 45 12 4 31 4 50 23 4 36 4 52 4 25 17 4 50 4 45 30 4 27 4 32 4 23 49 4 52 4 22 4 31 27 4 45 4 76 36 4 17 4 51 44 4 43 41 4 45 4 47 4 79 18 4 16 4 45 27 4 44 4 60 15 4 29 4 62 37 4 33 4 37 25 4 20 4 38 41 4 15 4 36 42 4 32 4 74 53 4 5 4 35 24 4 39 4 23 4 78 35 4 37 4 21 30 4 44 4 22 4 59 27 4 8 4 44 4 60 29 4 37 4 29 4 22 4 92 39 4 28 4 30 4 27 4 96 36 4 27 4 37 4 42 31 4 34 4 72 16 4 29 4 19 4 55 17 4 9 4 25 4 85 36 4 40 4 40 4 64 24 4 19 4 39 4 58 41 16 13 16 49 29 4 96 23 16 15 16 82 18 4 47 4 21 40 4 26 4 39 4 58 49 4 38 4 44 4 12 4 39 42 4 22 4 12 38 4 17 4 28 4 34 4 67 42 4 41 4 27 4 73 27 4 30 4 20 4 74 44 4 26 4 42 4 42 40 4 39 4 41 4 68 19 4 34 4 26 4 23 4 31 20 4 40 4 25 4 32 4 62 25 4 22 4 34 4 44 30 4 31 4 32 4 67 11 4 15 4 33 4 
iteration 897 best: 1.00289 time: 265995
25 19 4 33 4 15 4 108 24 4 41 4 19 23 4 44 4 34 4 31 26 4 35 4 19 4 24 27 4 38 4 43 4 48 30 4 41 4 44 4 44 4 38 44 4 28 4 39 4 80 34 4 29 4 21 41 4 16 4 67 21 4 27 4 46 4 38 4 47 31 4 23 4 64 33 4 27 4 71 39 4 44 4 19 4 36 4 18 4 69 31 4 22 4 25 4 29 4 40 34 4 16 4 83 49 4 23 4 18 4 37 4 34 31 4 30 4 41 4 62 9 4 18 4 41 36 4 42 4 81 49 20 87 32 4 9 4 33 4 66 27 20 59 27 4 39 4 38 4 29 16 4 42 4 20 4 12 4 45 12 4 31 4 50 23 4 36 4 52 4 25 17 4 50 4 45 30 4 27 4 32 4 23 49 4 52 4 22 4 31 27 4 45 4 76 36 4 17 4 51 44 4 43 41 4 45 4 47 4 79 18 4 16 4 45 27 4 44 4 60 15 4 29 4 62 37 4 33 4 37 25 4 20 4 38 41 4 15 4 36 42 4 32 4 74 53 4 5 4 35 24 4 39 4 23 4 78 35 4 37 4 21 30 4 44 4 22 4 59 27 4 8 4 44 4 60 29 4 37 4 29 4 22 4 92 39 4 28 4 30 4 27 4 96 36 4 27 4 37 4 42 31 4 34 4 72 16 4 29 4 19 4 55 17 4 9 4 25 4 85 36 4 40 4 40 4 64 24 4 19 4 39 4 58 41 16 13 16 49 29 4 96 23 16 15 16 82 18 4 47 4 21 40 4 26 4 39 4 58 49 4 38 4 44 4 12 4 39 42 4 22 4 12 38 4 17 4 28 4 34 4 67 42 4 41 4 27 4 73 27 4 30 4 20 4 74 44 4 26 4 42 4 42 40 4 39 4 41 4 68 19 4 34 4 26 4 23 4 31 20 4 40 4 25 4 32 4 62 25 4 22 4 34 4 44 30 4 31 4 32 4 67 11 4 15 4 33 4 
iteration 922 best: 1.00289 time: 273354
25 19 4 33 4 15 4 108 24 4 41 4 19 23 4 44 4 34 4 31 26 4 35 4 19 4 24 27 4 38 4 43 4 48 30 4 41 4 44 4 44 4 38 44 4 28 4 39 4 80 34 4 29 4 21 41 4 16 4 67 21 4 27 4 46 4 38 4 47 31 4 23 4 64 33 4 27 4 71 39 4 44 4 19 4 36 4 18 4 69 31 4 22 4 25 4 29 4 40 34 4 16 4 83 49 4 23 4 18 4 37 4 34 31 4 30 4 41 4 62 9 4 18 4 41 36 4 42 4 81 49 20 87 32 4 9 4 33 4 66 27 20 59 27 4 39 4 38 4 29 16 4 42 4 20 4 12 4 45 12 4 31 4 50 23 4 36 4 52 4 25 17 4 50 4 45 30 4 27 4 32 4 23 49 4 52 4 22 4 31 27 4 45 4 76 36 4 17 4 51 44 4 43 41 4 45 4 47 4 79 18 4 16 4 45 27 4 44 4 60 15 4 29 4 62 37 4 33 4 37 25 4 20 4 38 41 4 15 4 36 42 4 32 4 74 53 4 5 4 35 24 4 39 4 23 4 78 35 4 37 4 21 30 4 44 4 22 4 59 27 4 8 4 44 4 60 29 4 37 4 29 4 22 4 92 39 4 28 4 30 4 27 4 96 36 4 27 4 37 4 42 31 4 34 4 72 16 4 29 4 19 4 55 17 4 9 4 25 4 85 36 4 40 4 40 4 64 24 4 19 4 39 4 58 41 16 13 16 49 29 4 96 23 16 15 16 82 18 4 47 4 21 40 4 26 4 39 4 58 49 4 38 4 44 4 12 4 39 42 4 22 4 12 38 4 17 4 28 4 34 4 67 42 4 41 4 27 4 73 27 4 30 4 20 4 74 44 4 26 4 42 4 42 40 4 39 4 41 4 68 19 4 34 4 26 4 23 4 31 20 4 40 4 25 4 32 4 62 25 4 22 4 34 4 44 30 4 31 4 32 4 67 11 4 15 4 33 4 
iteration 947 best: 1.00289 time: 280726
25 19 4 33 4 15 4 108 24 4 41 4 19 23 4 44 4 34 4 31 26 4 35 4 19 4 24 27 4 38 4 43 4 48 30 4 41 4 44 4 44 4 38 44 4 28 4 39 4 80 34 4 29 4 21 41 4 16 4 67 21 4 27 4 46 4 38 4 47 31 4 23 4 64 33 4 27 4 71 39 4 44 4 19 4 36 4 18 4 69 31 4 22 4 25 4 29 4 40 34 4 16 4 83 49 4 23 4 18 4 37 4 34 31 4 30 4 41 4 62 9 4 18 4 41 36 4 42 4 81 49 20 87 32 4 9 4 33 4 66 27 20 59 27 4 39 4 38 4 29 16 4 42 4 20 4 12 4 45 12 4 31 4 50 23 4 36 4 52 4 25 17 4 50 4 45 30 4 27 4 32 4 23 49 4 52 4 22 4 31 27 4 45 4 76 36 4 17 4 51 44 4 43 41 4 45 4 47 4 79 18 4 16 4 45 27 4 44 4 60 15 4 29 4 62 37 4 33 4 37 25 4 20 4 38 41 4 15 4 36 42 4 32 4 74 53 4 5 4 35 24 4 39 4 23 4 78 35 4 37 4 21 30 4 44 4 22 4 59 27 4 8 4 44 4 60 29 4 37 4 29 4 22 4 92 39 4 28 4 30 4 27 4 96 36 4 27 4 37 4 42 31 4 34 4 72 16 4 29 4 19 4 55 17 4 9 4 25 4 85 36 4 40 4 40 4 64 24 4 19 4 39 4 58 41 16 13 16 49 29 4 96 23 16 15 16 82 18 4 47 4 21 40 4 26 4 39 4 58 49 4 38 4 44 4 12 4 39 42 4 22 4 12 38 4 17 4 28 4 34 4 67 42 4 41 4 27 4 73 27 4 30 4 20 4 74 44 4 26 4 42 4 42 40 4 39 4 41 4 68 19 4 34 4 26 4 23 4 31 20 4 40 4 25 4 32 4 62 25 4 22 4 34 4 44 30 4 31 4 32 4 67 11 4 15 4 33 4 
iteration 972 best: 1.00289 time: 288113
25 19 4 33 4 15 4 108 24 4 41 4 19 23 4 44 4 34 4 31 26 4 35 4 19 4 24 27 4 38 4 43 4 48 30 4 41 4 44 4 44 4 38 44 4 28 4 39 4 80 34 4 29 4 21 41 4 16 4 67 21 4 27 4 46 4 38 4 47 31 4 23 4 64 33 4 27 4 71 39 4 44 4 19 4 36 4 18 4 69 31 4 22 4 25 4 29 4 40 34 4 16 4 83 49 4 23 4 18 4 37 4 34 31 4 30 4 41 4 62 9 4 18 4 41 36 4 42 4 81 49 20 87 32 4 9 4 33 4 66 27 20 59 27 4 39 4 38 4 29 16 4 42 4 20 4 12 4 45 12 4 31 4 50 23 4 36 4 52 4 25 17 4 50 4 45 30 4 27 4 32 4 23 49 4 52 4 22 4 31 27 4 45 4 76 36 4 17 4 51 44 4 43 41 4 45 4 47 4 79 18 4 16 4 45 27 4 44 4 60 15 4 29 4 62 37 4 33 4 37 25 4 20 4 38 41 4 15 4 36 42 4 32 4 74 53 4 5 4 35 24 4 39 4 23 4 78 35 4 37 4 21 30 4 44 4 22 4 59 27 4 8 4 44 4 60 29 4 37 4 29 4 22 4 92 39 4 28 4 30 4 27 4 96 36 4 27 4 37 4 42 31 4 34 4 72 16 4 29 4 19 4 55 17 4 9 4 25 4 85 36 4 40 4 40 4 64 24 4 19 4 39 4 58 41 16 13 16 49 29 4 96 23 16 15 16 82 18 4 47 4 21 40 4 26 4 39 4 58 49 4 38 4 44 4 12 4 39 42 4 22 4 12 38 4 17 4 28 4 34 4 67 42 4 41 4 27 4 73 27 4 30 4 20 4 74 44 4 26 4 42 4 42 40 4 39 4 41 4 68 19 4 34 4 26 4 23 4 31 20 4 40 4 25 4 32 4 62 25 4 22 4 34 4 44 30 4 31 4 32 4 67 11 4 15 4 33 4 
iteration 997 best: 1.00289 time: 295479
25 19 4 33 4 15 4 108 24 4 41 4 19 23 4 44 4 34 4 31 26 4 35 4 19 4 24 27 4 38 4 43 4 48 30 4 41 4 44 4 44 4 38 44 4 28 4 39 4 80 34 4 29 4 21 41 4 16 4 67 21 4 27 4 46 4 38 4 47 31 4 23 4 64 33 4 27 4 71 39 4 44 4 19 4 36 4 18 4 69 31 4 22 4 25 4 29 4 40 34 4 16 4 83 49 4 23 4 18 4 37 4 34 31 4 30 4 41 4 62 9 4 18 4 41 36 4 42 4 81 49 20 87 32 4 9 4 33 4 66 27 20 59 27 4 39 4 38 4 29 16 4 42 4 20 4 12 4 45 12 4 31 4 50 23 4 36 4 52 4 25 17 4 50 4 45 30 4 27 4 32 4 23 49 4 52 4 22 4 31 27 4 45 4 76 36 4 17 4 51 44 4 43 41 4 45 4 47 4 79 18 4 16 4 45 27 4 44 4 60 15 4 29 4 62 37 4 33 4 37 25 4 20 4 38 41 4 15 4 36 42 4 32 4 74 53 4 5 4 35 24 4 39 4 23 4 78 35 4 37 4 21 30 4 44 4 22 4 59 27 4 8 4 44 4 60 29 4 37 4 29 4 22 4 92 39 4 28 4 30 4 27 4 96 36 4 27 4 37 4 42 31 4 34 4 72 16 4 29 4 19 4 55 17 4 9 4 25 4 85 36 4 40 4 40 4 64 24 4 19 4 39 4 58 41 16 13 16 49 29 4 96 23 16 15 16 82 18 4 47 4 21 40 4 26 4 39 4 58 49 4 38 4 44 4 12 4 39 42 4 22 4 12 38 4 17 4 28 4 34 4 67 42 4 41 4 27 4 73 27 4 30 4 20 4 74 44 4 26 4 42 4 42 40 4 39 4 41 4 68 19 4 34 4 26 4 23 4 31 20 4 40 4 25 4 32 4 62 25 4 22 4 34 4 44 30 4 31 4 32 4 67 11 4 15 4 33 4 
iteration 1022 best: 1.00289 time: 302862
25 19 4 33 4 15 4 108 24 4 41 4 19 23 4 44 4 34 4 31 26 4 35 4 19 4 24 27 4 38 4 43 4 48 30 4 41 4 44 4 44 4 38 44 4 28 4 39 4 80 34 4 29 4 21 41 4 16 4 67 21 4 27 4 46 4 38 4 47 31 4 23 4 64 33 4 27 4 71 39 4 44 4 19 4 36 4 18 4 69 31 4 22 4 25 4 29 4 40 34 4 16 4 83 49 4 23 4 18 4 37 4 34 31 4 30 4 41 4 62 9 4 18 4 41 36 4 42 4 81 49 20 87 32 4 9 4 33 4 66 27 20 59 27 4 39 4 38 4 29 16 4 42 4 20 4 12 4 45 12 4 31 4 50 23 4 36 4 52 4 25 17 4 50 4 45 30 4 27 4 32 4 23 49 4 52 4 22 4 31 27 4 45 4 76 36 4 17 4 51 44 4 43 41 4 45 4 47 4 79 18 4 16 4 45 27 4 44 4 60 15 4 29 4 62 37 4 33 4 37 25 4 20 4 38 41 4 15 4 36 42 4 32 4 74 53 4 5 4 35 24 4 39 4 23 4 78 35 4 37 4 21 30 4 44 4 22 4 59 27 4 8 4 44 4 60 29 4 37 4 29 4 22 4 92 39 4 28 4 30 4 27 4 96 36 4 27 4 37 4 42 31 4 34 4 72 16 4 29 4 19 4 55 17 4 9 4 25 4 85 36 4 40 4 40 4 64 24 4 19 4 39 4 58 41 16 13 16 49 29 4 96 23 16 15 16 82 18 4 47 4 21 40 4 26 4 39 4 58 49 4 38 4 44 4 12 4 39 42 4 22 4 12 38 4 17 4 28 4 34 4 67 42 4 41 4 27 4 73 27 4 30 4 20 4 74 44 4 26 4 42 4 42 40 4 39 4 41 4 68 19 4 34 4 26 4 23 4 31 20 4 40 4 25 4 32 4 62 25 4 22 4 34 4 44 30 4 31 4 32 4 67 11 4 15 4 33 4 
iteration 1047 best: 1.00289 time: 310301
25 19 4 33 4 15 4 108 24 4 41 4 19 23 4 44 4 34 4 31 26 4 35 4 19 4 24 27 4 38 4 43 4 48 30 4 41 4 44 4 44 4 38 44 4 28 4 39 4 80 34 4 29 4 21 41 4 16 4 67 21 4 27 4 46 4 38 4 47 31 4 23 4 64 33 4 27 4 71 39 4 44 4 19 4 36 4 18 4 69 31 4 22 4 25 4 29 4 40 34 4 16 4 83 49 4 23 4 18 4 37 4 34 31 4 30 4 41 4 62 9 4 18 4 41 36 4 42 4 81 49 20 87 32 4 9 4 33 4 66 27 20 59 27 4 39 4 38 4 29 16 4 42 4 20 4 12 4 45 12 4 31 4 50 23 4 36 4 52 4 25 17 4 50 4 45 30 4 27 4 32 4 23 49 4 52 4 22 4 31 27 4 45 4 76 36 4 17 4 51 44 4 43 41 4 45 4 47 4 79 18 4 16 4 45 27 4 44 4 60 15 4 29 4 62 37 4 33 4 37 25 4 20 4 38 41 4 15 4 36 42 4 32 4 74 53 4 5 4 35 24 4 39 4 23 4 78 35 4 37 4 21 30 4 44 4 22 4 59 27 4 8 4 44 4 60 29 4 37 4 29 4 22 4 92 39 4 28 4 30 4 27 4 96 36 4 27 4 37 4 42 31 4 34 4 72 16 4 29 4 19 4 55 17 4 9 4 25 4 85 36 4 40 4 40 4 64 24 4 19 4 39 4 58 41 16 13 16 49 29 4 96 23 16 15 16 82 18 4 47 4 21 40 4 26 4 39 4 58 49 4 38 4 44 4 12 4 39 42 4 22 4 12 38 4 17 4 28 4 34 4 67 42 4 41 4 27 4 73 27 4 30 4 20 4 74 44 4 26 4 42 4 42 40 4 39 4 41 4 68 19 4 34 4 26 4 23 4 31 20 4 40 4 25 4 32 4 62 25 4 22 4 34 4 44 30 4 31 4 32 4 67 11 4 15 4 33 4 
iteration 1072 best: 1.00289 time: 317711
25 19 4 33 4 15 4 108 24 4 41 4 19 23 4 44 4 34 4 31 26 4 35 4 19 4 24 27 4 38 4 43 4 48 30 4 41 4 44 4 44 4 38 44 4 28 4 39 4 80 34 4 29 4 21 41 4 16 4 67 21 4 27 4 46 4 38 4 47 31 4 23 4 64 33 4 27 4 71 39 4 44 4 19 4 36 4 18 4 69 31 4 22 4 25 4 29 4 40 34 4 16 4 83 49 4 23 4 18 4 37 4 34 31 4 30 4 41 4 62 9 4 18 4 41 36 4 42 4 81 49 20 87 32 4 9 4 33 4 66 27 20 59 27 4 39 4 38 4 29 16 4 42 4 20 4 12 4 45 12 4 31 4 50 23 4 36 4 52 4 25 17 4 50 4 45 30 4 27 4 32 4 23 49 4 52 4 22 4 31 27 4 45 4 76 36 4 17 4 51 44 4 43 41 4 45 4 47 4 79 18 4 16 4 45 27 4 44 4 60 15 4 29 4 62 37 4 33 4 37 25 4 20 4 38 41 4 15 4 36 42 4 32 4 74 53 4 5 4 35 24 4 39 4 23 4 78 35 4 37 4 21 30 4 44 4 22 4 59 27 4 8 4 44 4 60 29 4 37 4 29 4 22 4 92 39 4 28 4 30 4 27 4 96 36 4 27 4 37 4 42 31 4 34 4 72 16 4 29 4 19 4 55 17 4 9 4 25 4 85 36 4 40 4 40 4 64 24 4 19 4 39 4 58 41 16 13 16 49 29 4 96 23 16 15 16 82 18 4 47 4 21 40 4 26 4 39 4 58 49 4 38 4 44 4 12 4 39 42 4 22 4 12 38 4 17 4 28 4 34 4 67 42 4 41 4 27 4 73 27 4 30 4 20 4 74 44 4 26 4 42 4 42 40 4 39 4 41 4 68 19 4 34 4 26 4 23 4 31 20 4 40 4 25 4 32 4 62 25 4 22 4 34 4 44 30 4 31 4 32 4 67 11 4 15 4 33 4 
iteration 1097 best: 1.00289 time: 325091
25 19 4 33 4 15 4 108 24 4 41 4 19 23 4 44 4 34 4 31 26 4 35 4 19 4 24 27 4 38 4 43 4 48 30 4 41 4 44 4 44 4 38 44 4 28 4 39 4 80 34 4 29 4 21 41 4 16 4 67 21 4 27 4 46 4 38 4 47 31 4 23 4 64 33 4 27 4 71 39 4 44 4 19 4 36 4 18 4 69 31 4 22 4 25 4 29 4 40 34 4 16 4 83 49 4 23 4 18 4 37 4 34 31 4 30 4 41 4 62 9 4 18 4 41 36 4 42 4 81 49 20 87 32 4 9 4 33 4 66 27 20 59 27 4 39 4 38 4 29 16 4 42 4 20 4 12 4 45 12 4 31 4 50 23 4 36 4 52 4 25 17 4 50 4 45 30 4 27 4 32 4 23 49 4 52 4 22 4 31 27 4 45 4 76 36 4 17 4 51 44 4 43 41 4 45 4 47 4 79 18 4 16 4 45 27 4 44 4 60 15 4 29 4 62 37 4 33 4 37 25 4 20 4 38 41 4 15 4 36 42 4 32 4 74 53 4 5 4 35 24 4 39 4 23 4 78 35 4 37 4 21 30 4 44 4 22 4 59 27 4 8 4 44 4 60 29 4 37 4 29 4 22 4 92 39 4 28 4 30 4 27 4 96 36 4 27 4 37 4 42 31 4 34 4 72 16 4 29 4 19 4 55 17 4 9 4 25 4 85 36 4 40 4 40 4 64 24 4 19 4 39 4 58 41 16 13 16 49 29 4 96 23 16 15 16 82 18 4 47 4 21 40 4 26 4 39 4 58 49 4 38 4 44 4 12 4 39 42 4 22 4 12 38 4 17 4 28 4 34 4 67 42 4 41 4 27 4 73 27 4 30 4 20 4 74 44 4 26 4 42 4 42 40 4 39 4 41 4 68 19 4 34 4 26 4 23 4 31 20 4 40 4 25 4 32 4 62 25 4 22 4 34 4 44 30 4 31 4 32 4 67 11 4 15 4 33 4 
iteration 1122 best: 1.00289 time: 332489
25 19 4 33 4 15 4 108 24 4 41 4 19 23 4 44 4 34 4 31 26 4 35 4 19 4 24 27 4 38 4 43 4 48 30 4 41 4 44 4 44 4 38 44 4 28 4 39 4 80 34 4 29 4 21 41 4 16 4 67 21 4 27 4 46 4 38 4 47 31 4 23 4 64 33 4 27 4 71 39 4 44 4 19 4 36 4 18 4 69 31 4 22 4 25 4 29 4 40 34 4 16 4 83 49 4 23 4 18 4 37 4 34 31 4 30 4 41 4 62 9 4 18 4 41 36 4 42 4 81 49 20 87 32 4 9 4 33 4 66 27 20 59 27 4 39 4 38 4 29 16 4 42 4 20 4 12 4 45 12 4 31 4 50 23 4 36 4 52 4 25 17 4 50 4 45 30 4 27 4 32 4 23 49 4 52 4 22 4 31 27 4 45 4 76 36 4 17 4 51 44 4 43 41 4 45 4 47 4 79 18 4 16 4 45 27 4 44 4 60 15 4 29 4 62 37 4 33 4 37 25 4 20 4 38 41 4 15 4 36 42 4 32 4 74 53 4 5 4 35 24 4 39 4 23 4 78 35 4 37 4 21 30 4 44 4 22 4 59 27 4 8 4 44 4 60 29 4 37 4 29 4 22 4 92 39 4 28 4 30 4 27 4 96 36 4 27 4 37 4 42 31 4 34 4 72 16 4 29 4 19 4 55 17 4 9 4 25 4 85 36 4 40 4 40 4 64 24 4 19 4 39 4 58 41 16 13 16 49 29 4 96 23 16 15 16 82 18 4 47 4 21 40 4 26 4 39 4 58 49 4 38 4 44 4 12 4 39 42 4 22 4 12 38 4 17 4 28 4 34 4 67 42 4 41 4 27 4 73 27 4 30 4 20 4 74 44 4 26 4 42 4 42 40 4 39 4 41 4 68 19 4 34 4 26 4 23 4 31 20 4 40 4 25 4 32 4 62 25 4 22 4 34 4 44 30 4 31 4 32 4 67 11 4 15 4 33 4 
iteration 1147 best: 1.00289 time: 339885
25 19 4 33 4 15 4 108 24 4 41 4 19 23 4 44 4 34 4 31 26 4 35 4 19 4 24 27 4 38 4 43 4 48 30 4 41 4 44 4 44 4 38 44 4 28 4 39 4 80 34 4 29 4 21 41 4 16 4 67 21 4 27 4 46 4 38 4 47 31 4 23 4 64 33 4 27 4 71 39 4 44 4 19 4 36 4 18 4 69 31 4 22 4 25 4 29 4 40 34 4 16 4 83 49 4 23 4 18 4 37 4 34 31 4 30 4 41 4 62 9 4 18 4 41 36 4 42 4 81 49 20 87 32 4 9 4 33 4 66 27 20 59 27 4 39 4 38 4 29 16 4 42 4 20 4 12 4 45 12 4 31 4 50 23 4 36 4 52 4 25 17 4 50 4 45 30 4 27 4 32 4 23 49 4 52 4 22 4 31 27 4 45 4 76 36 4 17 4 51 44 4 43 41 4 45 4 47 4 79 18 4 16 4 45 27 4 44 4 60 15 4 29 4 62 37 4 33 4 37 25 4 20 4 38 41 4 15 4 36 42 4 32 4 74 53 4 5 4 35 24 4 39 4 23 4 78 35 4 37 4 21 30 4 44 4 22 4 59 27 4 8 4 44 4 60 29 4 37 4 29 4 22 4 92 39 4 28 4 30 4 27 4 96 36 4 27 4 37 4 42 31 4 34 4 72 16 4 29 4 19 4 55 17 4 9 4 25 4 85 36 4 40 4 40 4 64 24 4 19 4 39 4 58 41 16 13 16 49 29 4 96 23 16 15 16 82 18 4 47 4 21 40 4 26 4 39 4 58 49 4 38 4 44 4 12 4 39 42 4 22 4 12 38 4 17 4 28 4 34 4 67 42 4 41 4 27 4 73 27 4 30 4 20 4 74 44 4 26 4 42 4 42 40 4 39 4 41 4 68 19 4 34 4 26 4 23 4 31 20 4 40 4 25 4 32 4 62 25 4 22 4 34 4 44 30 4 31 4 32 4 67 11 4 15 4 33 4 
iteration 1172 best: 1.00289 time: 347301
25 19 4 33 4 15 4 108 24 4 41 4 19 23 4 44 4 34 4 31 26 4 35 4 19 4 24 27 4 38 4 43 4 48 30 4 41 4 44 4 44 4 38 44 4 28 4 39 4 80 34 4 29 4 21 41 4 16 4 67 21 4 27 4 46 4 38 4 47 31 4 23 4 64 33 4 27 4 71 39 4 44 4 19 4 36 4 18 4 69 31 4 22 4 25 4 29 4 40 34 4 16 4 83 49 4 23 4 18 4 37 4 34 31 4 30 4 41 4 62 9 4 18 4 41 36 4 42 4 81 49 20 87 32 4 9 4 33 4 66 27 20 59 27 4 39 4 38 4 29 16 4 42 4 20 4 12 4 45 12 4 31 4 50 23 4 36 4 52 4 25 17 4 50 4 45 30 4 27 4 32 4 23 49 4 52 4 22 4 31 27 4 45 4 76 36 4 17 4 51 44 4 43 41 4 45 4 47 4 79 18 4 16 4 45 27 4 44 4 60 15 4 29 4 62 37 4 33 4 37 25 4 20 4 38 41 4 15 4 36 42 4 32 4 74 53 4 5 4 35 24 4 39 4 23 4 78 35 4 37 4 21 30 4 44 4 22 4 59 27 4 8 4 44 4 60 29 4 37 4 29 4 22 4 92 39 4 28 4 30 4 27 4 96 36 4 27 4 37 4 42 31 4 34 4 72 16 4 29 4 19 4 55 17 4 9 4 25 4 85 36 4 40 4 40 4 64 24 4 19 4 39 4 58 41 16 13 16 49 29 4 96 23 16 15 16 82 18 4 47 4 21 40 4 26 4 39 4 58 49 4 38 4 44 4 12 4 39 42 4 22 4 12 38 4 17 4 28 4 34 4 67 42 4 41 4 27 4 73 27 4 30 4 20 4 74 44 4 26 4 42 4 42 40 4 39 4 41 4 68 19 4 34 4 26 4 23 4 31 20 4 40 4 25 4 32 4 62 25 4 22 4 34 4 44 30 4 31 4 32 4 67 11 4 15 4 33 4 
iteration 1197 best: 1.00289 time: 354704
25 19 4 33 4 15 4 108 24 4 41 4 19 23 4 44 4 34 4 31 26 4 35 4 19 4 24 27 4 38 4 43 4 48 30 4 41 4 44 4 44 4 38 44 4 28 4 39 4 80 34 4 29 4 21 41 4 16 4 67 21 4 27 4 46 4 38 4 47 31 4 23 4 64 33 4 27 4 71 39 4 44 4 19 4 36 4 18 4 69 31 4 22 4 25 4 29 4 40 34 4 16 4 83 49 4 23 4 18 4 37 4 34 31 4 30 4 41 4 62 9 4 18 4 41 36 4 42 4 81 49 20 87 32 4 9 4 33 4 66 27 20 59 27 4 39 4 38 4 29 16 4 42 4 20 4 12 4 45 12 4 31 4 50 23 4 36 4 52 4 25 17 4 50 4 45 30 4 27 4 32 4 23 49 4 52 4 22 4 31 27 4 45 4 76 36 4 17 4 51 44 4 43 41 4 45 4 47 4 79 18 4 16 4 45 27 4 44 4 60 15 4 29 4 62 37 4 33 4 37 25 4 20 4 38 41 4 15 4 36 42 4 32 4 74 53 4 5 4 35 24 4 39 4 23 4 78 35 4 37 4 21 30 4 44 4 22 4 59 27 4 8 4 44 4 60 29 4 37 4 29 4 22 4 92 39 4 28 4 30 4 27 4 96 36 4 27 4 37 4 42 31 4 34 4 72 16 4 29 4 19 4 55 17 4 9 4 25 4 85 36 4 40 4 40 4 64 24 4 19 4 39 4 58 41 16 13 16 49 29 4 96 23 16 15 16 82 18 4 47 4 21 40 4 26 4 39 4 58 49 4 38 4 44 4 12 4 39 42 4 22 4 12 38 4 17 4 28 4 34 4 67 42 4 41 4 27 4 73 27 4 30 4 20 4 74 44 4 26 4 42 4 42 40 4 39 4 41 4 68 19 4 34 4 26 4 23 4 31 20 4 40 4 25 4 32 4 62 25 4 22 4 34 4 44 30 4 31 4 32 4 67 11 4 15 4 33 4 
iteration 1222 best: 1.00289 time: 362093
25 19 4 33 4 15 4 108 24 4 41 4 19 23 4 44 4 34 4 31 26 4 35 4 19 4 24 27 4 38 4 43 4 48 30 4 41 4 44 4 44 4 38 44 4 28 4 39 4 80 34 4 29 4 21 41 4 16 4 67 21 4 27 4 46 4 38 4 47 31 4 23 4 64 33 4 27 4 71 39 4 44 4 19 4 36 4 18 4 69 31 4 22 4 25 4 29 4 40 34 4 16 4 83 49 4 23 4 18 4 37 4 34 31 4 30 4 41 4 62 9 4 18 4 41 36 4 42 4 81 49 20 87 32 4 9 4 33 4 66 27 20 59 27 4 39 4 38 4 29 16 4 42 4 20 4 12 4 45 12 4 31 4 50 23 4 36 4 52 4 25 17 4 50 4 45 30 4 27 4 32 4 23 49 4 52 4 22 4 31 27 4 45 4 76 36 4 17 4 51 44 4 43 41 4 45 4 47 4 79 18 4 16 4 45 27 4 44 4 60 15 4 29 4 62 37 4 33 4 37 25 4 20 4 38 41 4 15 4 36 42 4 32 4 74 53 4 5 4 35 24 4 39 4 23 4 78 35 4 37 4 21 30 4 44 4 22 4 59 27 4 8 4 44 4 60 29 4 37 4 29 4 22 4 92 39 4 28 4 30 4 27 4 96 36 4 27 4 37 4 42 31 4 34 4 72 16 4 29 4 19 4 55 17 4 9 4 25 4 85 36 4 40 4 40 4 64 24 4 19 4 39 4 58 41 16 13 16 49 29 4 96 23 16 15 16 82 18 4 47 4 21 40 4 26 4 39 4 58 49 4 38 4 44 4 12 4 39 42 4 22 4 12 38 4 17 4 28 4 34 4 67 42 4 41 4 27 4 73 27 4 30 4 20 4 74 44 4 26 4 42 4 42 40 4 39 4 41 4 68 19 4 34 4 26 4 23 4 31 20 4 40 4 25 4 32 4 62 25 4 22 4 34 4 44 30 4 31 4 32 4 67 11 4 15 4 33 4 
iteration 1247 best: 1.00289 time: 369477
25 19 4 33 4 15 4 108 24 4 41 4 19 23 4 44 4 34 4 31 26 4 35 4 19 4 24 27 4 38 4 43 4 48 30 4 41 4 44 4 44 4 38 44 4 28 4 39 4 80 34 4 29 4 21 41 4 16 4 67 21 4 27 4 46 4 38 4 47 31 4 23 4 64 33 4 27 4 71 39 4 44 4 19 4 36 4 18 4 69 31 4 22 4 25 4 29 4 40 34 4 16 4 83 49 4 23 4 18 4 37 4 34 31 4 30 4 41 4 62 9 4 18 4 41 36 4 42 4 81 49 20 87 32 4 9 4 33 4 66 27 20 59 27 4 39 4 38 4 29 16 4 42 4 20 4 12 4 45 12 4 31 4 50 23 4 36 4 52 4 25 17 4 50 4 45 30 4 27 4 32 4 23 49 4 52 4 22 4 31 27 4 45 4 76 36 4 17 4 51 44 4 43 41 4 45 4 47 4 79 18 4 16 4 45 27 4 44 4 60 15 4 29 4 62 37 4 33 4 37 25 4 20 4 38 41 4 15 4 36 42 4 32 4 74 53 4 5 4 35 24 4 39 4 23 4 78 35 4 37 4 21 30 4 44 4 22 4 59 27 4 8 4 44 4 60 29 4 37 4 29 4 22 4 92 39 4 28 4 30 4 27 4 96 36 4 27 4 37 4 42 31 4 34 4 72 16 4 29 4 19 4 55 17 4 9 4 25 4 85 36 4 40 4 40 4 64 24 4 19 4 39 4 58 41 16 13 16 49 29 4 96 23 16 15 16 82 18 4 47 4 21 40 4 26 4 39 4 58 49 4 38 4 44 4 12 4 39 42 4 22 4 12 38 4 17 4 28 4 34 4 67 42 4 41 4 27 4 73 27 4 30 4 20 4 74 44 4 26 4 42 4 42 40 4 39 4 41 4 68 19 4 34 4 26 4 23 4 31 20 4 40 4 25 4 32 4 62 25 4 22 4 34 4 44 30 4 31 4 32 4 67 11 4 15 4 33 4 
iteration 1272 best: 1.00289 time: 376864
25 19 4 33 4 15 4 108 24 4 41 4 19 23 4 44 4 34 4 31 26 4 35 4 19 4 24 27 4 38 4 43 4 48 30 4 41 4 44 4 44 4 38 44 4 28 4 39 4 80 34 4 29 4 21 41 4 16 4 67 21 4 27 4 46 4 38 4 47 31 4 23 4 64 33 4 27 4 71 39 4 44 4 19 4 36 4 18 4 69 31 4 22 4 25 4 29 4 40 34 4 16 4 83 49 4 23 4 18 4 37 4 34 31 4 30 4 41 4 62 9 4 18 4 41 36 4 42 4 81 49 20 87 32 4 9 4 33 4 66 27 20 59 27 4 39 4 38 4 29 16 4 42 4 20 4 12 4 45 12 4 31 4 50 23 4 36 4 52 4 25 17 4 50 4 45 30 4 27 4 32 4 23 49 4 52 4 22 4 31 27 4 45 4 76 36 4 17 4 51 44 4 43 41 4 45 4 47 4 79 18 4 16 4 45 27 4 44 4 60 15 4 29 4 62 37 4 33 4 37 25 4 20 4 38 41 4 15 4 36 42 4 32 4 74 53 4 5 4 35 24 4 39 4 23 4 78 35 4 37 4 21 30 4 44 4 22 4 59 27 4 8 4 44 4 60 29 4 37 4 29 4 22 4 92 39 4 28 4 30 4 27 4 96 36 4 27 4 37 4 42 31 4 34 4 72 16 4 29 4 19 4 55 17 4 9 4 25 4 85 36 4 40 4 40 4 64 24 4 19 4 39 4 58 41 16 13 16 49 29 4 96 23 16 15 16 82 18 4 47 4 21 40 4 26 4 39 4 58 49 4 38 4 44 4 12 4 39 42 4 22 4 12 38 4 17 4 28 4 34 4 67 42 4 41 4 27 4 73 27 4 30 4 20 4 74 44 4 26 4 42 4 42 40 4 39 4 41 4 68 19 4 34 4 26 4 23 4 31 20 4 40 4 25 4 32 4 62 25 4 22 4 34 4 44 30 4 31 4 32 4 67 11 4 15 4 33 4 
iteration 1297 best: 1.00289 time: 384295
25 19 4 33 4 15 4 108 24 4 41 4 19 23 4 44 4 34 4 31 26 4 35 4 19 4 24 27 4 38 4 43 4 48 30 4 41 4 44 4 44 4 38 44 4 28 4 39 4 80 34 4 29 4 21 41 4 16 4 67 21 4 27 4 46 4 38 4 47 31 4 23 4 64 33 4 27 4 71 39 4 44 4 19 4 36 4 18 4 69 31 4 22 4 25 4 29 4 40 34 4 16 4 83 49 4 23 4 18 4 37 4 34 31 4 30 4 41 4 62 9 4 18 4 41 36 4 42 4 81 49 20 87 32 4 9 4 33 4 66 27 20 59 27 4 39 4 38 4 29 16 4 42 4 20 4 12 4 45 12 4 31 4 50 23 4 36 4 52 4 25 17 4 50 4 45 30 4 27 4 32 4 23 49 4 52 4 22 4 31 27 4 45 4 76 36 4 17 4 51 44 4 43 41 4 45 4 47 4 79 18 4 16 4 45 27 4 44 4 60 15 4 29 4 62 37 4 33 4 37 25 4 20 4 38 41 4 15 4 36 42 4 32 4 74 53 4 5 4 35 24 4 39 4 23 4 78 35 4 37 4 21 30 4 44 4 22 4 59 27 4 8 4 44 4 60 29 4 37 4 29 4 22 4 92 39 4 28 4 30 4 27 4 96 36 4 27 4 37 4 42 31 4 34 4 72 16 4 29 4 19 4 55 17 4 9 4 25 4 85 36 4 40 4 40 4 64 24 4 19 4 39 4 58 41 16 13 16 49 29 4 96 23 16 15 16 82 18 4 47 4 21 40 4 26 4 39 4 58 49 4 38 4 44 4 12 4 39 42 4 22 4 12 38 4 17 4 28 4 34 4 67 42 4 41 4 27 4 73 27 4 30 4 20 4 74 44 4 26 4 42 4 42 40 4 39 4 41 4 68 19 4 34 4 26 4 23 4 31 20 4 40 4 25 4 32 4 62 25 4 22 4 34 4 44 30 4 31 4 32 4 67 11 4 15 4 33 4 
iteration 1322 best: 1.00289 time: 391696
25 19 4 33 4 15 4 108 24 4 41 4 19 23 4 44 4 34 4 31 26 4 35 4 19 4 24 27 4 38 4 43 4 48 30 4 41 4 44 4 44 4 38 44 4 28 4 39 4 80 34 4 29 4 21 41 4 16 4 67 21 4 27 4 46 4 38 4 47 31 4 23 4 64 33 4 27 4 71 39 4 44 4 19 4 36 4 18 4 69 31 4 22 4 25 4 29 4 40 34 4 16 4 83 49 4 23 4 18 4 37 4 34 31 4 30 4 41 4 62 9 4 18 4 41 36 4 42 4 81 49 20 87 32 4 9 4 33 4 66 27 20 59 27 4 39 4 38 4 29 16 4 42 4 20 4 12 4 45 12 4 31 4 50 23 4 36 4 52 4 25 17 4 50 4 45 30 4 27 4 32 4 23 49 4 52 4 22 4 31 27 4 45 4 76 36 4 17 4 51 44 4 43 41 4 45 4 47 4 79 18 4 16 4 45 27 4 44 4 60 15 4 29 4 62 37 4 33 4 37 25 4 20 4 38 41 4 15 4 36 42 4 32 4 74 53 4 5 4 35 24 4 39 4 23 4 78 35 4 37 4 21 30 4 44 4 22 4 59 27 4 8 4 44 4 60 29 4 37 4 29 4 22 4 92 39 4 28 4 30 4 27 4 96 36 4 27 4 37 4 42 31 4 34 4 72 16 4 29 4 19 4 55 17 4 9 4 25 4 85 36 4 40 4 40 4 64 24 4 19 4 39 4 58 41 16 13 16 49 29 4 96 23 16 15 16 82 18 4 47 4 21 40 4 26 4 39 4 58 49 4 38 4 44 4 12 4 39 42 4 22 4 12 38 4 17 4 28 4 34 4 67 42 4 41 4 27 4 73 27 4 30 4 20 4 74 44 4 26 4 42 4 42 40 4 39 4 41 4 68 19 4 34 4 26 4 23 4 31 20 4 40 4 25 4 32 4 62 25 4 22 4 34 4 44 30 4 31 4 32 4 67 11 4 15 4 33 4 
iteration 1347 best: 1.00289 time: 399063
25 19 4 33 4 15 4 108 24 4 41 4 19 23 4 44 4 34 4 31 26 4 35 4 19 4 24 27 4 38 4 43 4 48 30 4 41 4 44 4 44 4 38 44 4 28 4 39 4 80 34 4 29 4 21 41 4 16 4 67 21 4 27 4 46 4 38 4 47 31 4 23 4 64 33 4 27 4 71 39 4 44 4 19 4 36 4 18 4 69 31 4 22 4 25 4 29 4 40 34 4 16 4 83 49 4 23 4 18 4 37 4 34 31 4 30 4 41 4 62 9 4 18 4 41 36 4 42 4 81 49 20 87 32 4 9 4 33 4 66 27 20 59 27 4 39 4 38 4 29 16 4 42 4 20 4 12 4 45 12 4 31 4 50 23 4 36 4 52 4 25 17 4 50 4 45 30 4 27 4 32 4 23 49 4 52 4 22 4 31 27 4 45 4 76 36 4 17 4 51 44 4 43 41 4 45 4 47 4 79 18 4 16 4 45 27 4 44 4 60 15 4 29 4 62 37 4 33 4 37 25 4 20 4 38 41 4 15 4 36 42 4 32 4 74 53 4 5 4 35 24 4 39 4 23 4 78 35 4 37 4 21 30 4 44 4 22 4 59 27 4 8 4 44 4 60 29 4 37 4 29 4 22 4 92 39 4 28 4 30 4 27 4 96 36 4 27 4 37 4 42 31 4 34 4 72 16 4 29 4 19 4 55 17 4 9 4 25 4 85 36 4 40 4 40 4 64 24 4 19 4 39 4 58 41 16 13 16 49 29 4 96 23 16 15 16 82 18 4 47 4 21 40 4 26 4 39 4 58 49 4 38 4 44 4 12 4 39 42 4 22 4 12 38 4 17 4 28 4 34 4 67 42 4 41 4 27 4 73 27 4 30 4 20 4 74 44 4 26 4 42 4 42 40 4 39 4 41 4 68 19 4 34 4 26 4 23 4 31 20 4 40 4 25 4 32 4 62 25 4 22 4 34 4 44 30 4 31 4 32 4 67 11 4 15 4 33 4 
iteration 1372 best: 1.00289 time: 406435
25 19 4 33 4 15 4 108 24 4 41 4 19 23 4 44 4 34 4 31 26 4 35 4 19 4 24 27 4 38 4 43 4 48 30 4 41 4 44 4 44 4 38 44 4 28 4 39 4 80 34 4 29 4 21 41 4 16 4 67 21 4 27 4 46 4 38 4 47 31 4 23 4 64 33 4 27 4 71 39 4 44 4 19 4 36 4 18 4 69 31 4 22 4 25 4 29 4 40 34 4 16 4 83 49 4 23 4 18 4 37 4 34 31 4 30 4 41 4 62 9 4 18 4 41 36 4 42 4 81 49 20 87 32 4 9 4 33 4 66 27 20 59 27 4 39 4 38 4 29 16 4 42 4 20 4 12 4 45 12 4 31 4 50 23 4 36 4 52 4 25 17 4 50 4 45 30 4 27 4 32 4 23 49 4 52 4 22 4 31 27 4 45 4 76 36 4 17 4 51 44 4 43 41 4 45 4 47 4 79 18 4 16 4 45 27 4 44 4 60 15 4 29 4 62 37 4 33 4 37 25 4 20 4 38 41 4 15 4 36 42 4 32 4 74 53 4 5 4 35 24 4 39 4 23 4 78 35 4 37 4 21 30 4 44 4 22 4 59 27 4 8 4 44 4 60 29 4 37 4 29 4 22 4 92 39 4 28 4 30 4 27 4 96 36 4 27 4 37 4 42 31 4 34 4 72 16 4 29 4 19 4 55 17 4 9 4 25 4 85 36 4 40 4 40 4 64 24 4 19 4 39 4 58 41 16 13 16 49 29 4 96 23 16 15 16 82 18 4 47 4 21 40 4 26 4 39 4 58 49 4 38 4 44 4 12 4 39 42 4 22 4 12 38 4 17 4 28 4 34 4 67 42 4 41 4 27 4 73 27 4 30 4 20 4 74 44 4 26 4 42 4 42 40 4 39 4 41 4 68 19 4 34 4 26 4 23 4 31 20 4 40 4 25 4 32 4 62 25 4 22 4 34 4 44 30 4 31 4 32 4 67 11 4 15 4 33 4 
iteration 1397 best: 1.00289 time: 413776
25 19 4 33 4 15 4 108 24 4 41 4 19 23 4 44 4 34 4 31 26 4 35 4 19 4 24 27 4 38 4 43 4 48 30 4 41 4 44 4 44 4 38 44 4 28 4 39 4 80 34 4 29 4 21 41 4 16 4 67 21 4 27 4 46 4 38 4 47 31 4 23 4 64 33 4 27 4 71 39 4 44 4 19 4 36 4 18 4 69 31 4 22 4 25 4 29 4 40 34 4 16 4 83 49 4 23 4 18 4 37 4 34 31 4 30 4 41 4 62 9 4 18 4 41 36 4 42 4 81 49 20 87 32 4 9 4 33 4 66 27 20 59 27 4 39 4 38 4 29 16 4 42 4 20 4 12 4 45 12 4 31 4 50 23 4 36 4 52 4 25 17 4 50 4 45 30 4 27 4 32 4 23 49 4 52 4 22 4 31 27 4 45 4 76 36 4 17 4 51 44 4 43 41 4 45 4 47 4 79 18 4 16 4 45 27 4 44 4 60 15 4 29 4 62 37 4 33 4 37 25 4 20 4 38 41 4 15 4 36 42 4 32 4 74 53 4 5 4 35 24 4 39 4 23 4 78 35 4 37 4 21 30 4 44 4 22 4 59 27 4 8 4 44 4 60 29 4 37 4 29 4 22 4 92 39 4 28 4 30 4 27 4 96 36 4 27 4 37 4 42 31 4 34 4 72 16 4 29 4 19 4 55 17 4 9 4 25 4 85 36 4 40 4 40 4 64 24 4 19 4 39 4 58 41 16 13 16 49 29 4 96 23 16 15 16 82 18 4 47 4 21 40 4 26 4 39 4 58 49 4 38 4 44 4 12 4 39 42 4 22 4 12 38 4 17 4 28 4 34 4 67 42 4 41 4 27 4 73 27 4 30 4 20 4 74 44 4 26 4 42 4 42 40 4 39 4 41 4 68 19 4 34 4 26 4 23 4 31 20 4 40 4 25 4 32 4 62 25 4 22 4 34 4 44 30 4 31 4 32 4 67 11 4 15 4 33 4 
iteration 1422 best: 1.00289 time: 421138
25 19 4 33 4 15 4 108 24 4 41 4 19 23 4 44 4 34 4 31 26 4 35 4 19 4 24 27 4 38 4 43 4 48 30 4 41 4 44 4 44 4 38 44 4 28 4 39 4 80 34 4 29 4 21 41 4 16 4 67 21 4 27 4 46 4 38 4 47 31 4 23 4 64 33 4 27 4 71 39 4 44 4 19 4 36 4 18 4 69 31 4 22 4 25 4 29 4 40 34 4 16 4 83 49 4 23 4 18 4 37 4 34 31 4 30 4 41 4 62 9 4 18 4 41 36 4 42 4 81 49 20 87 32 4 9 4 33 4 66 27 20 59 27 4 39 4 38 4 29 16 4 42 4 20 4 12 4 45 12 4 31 4 50 23 4 36 4 52 4 25 17 4 50 4 45 30 4 27 4 32 4 23 49 4 52 4 22 4 31 27 4 45 4 76 36 4 17 4 51 44 4 43 41 4 45 4 47 4 79 18 4 16 4 45 27 4 44 4 60 15 4 29 4 62 37 4 33 4 37 25 4 20 4 38 41 4 15 4 36 42 4 32 4 74 53 4 5 4 35 24 4 39 4 23 4 78 35 4 37 4 21 30 4 44 4 22 4 59 27 4 8 4 44 4 60 29 4 37 4 29 4 22 4 92 39 4 28 4 30 4 27 4 96 36 4 27 4 37 4 42 31 4 34 4 72 16 4 29 4 19 4 55 17 4 9 4 25 4 85 36 4 40 4 40 4 64 24 4 19 4 39 4 58 41 16 13 16 49 29 4 96 23 16 15 16 82 18 4 47 4 21 40 4 26 4 39 4 58 49 4 38 4 44 4 12 4 39 42 4 22 4 12 38 4 17 4 28 4 34 4 67 42 4 41 4 27 4 73 27 4 30 4 20 4 74 44 4 26 4 42 4 42 40 4 39 4 41 4 68 19 4 34 4 26 4 23 4 31 20 4 40 4 25 4 32 4 62 25 4 22 4 34 4 44 30 4 31 4 32 4 67 11 4 15 4 33 4 
iteration 1447 best: 1.00289 time: 428495
25 19 4 33 4 15 4 108 24 4 41 4 19 23 4 44 4 34 4 31 26 4 35 4 19 4 24 27 4 38 4 43 4 48 30 4 41 4 44 4 44 4 38 44 4 28 4 39 4 80 34 4 29 4 21 41 4 16 4 67 21 4 27 4 46 4 38 4 47 31 4 23 4 64 33 4 27 4 71 39 4 44 4 19 4 36 4 18 4 69 31 4 22 4 25 4 29 4 40 34 4 16 4 83 49 4 23 4 18 4 37 4 34 31 4 30 4 41 4 62 9 4 18 4 41 36 4 42 4 81 49 20 87 32 4 9 4 33 4 66 27 20 59 27 4 39 4 38 4 29 16 4 42 4 20 4 12 4 45 12 4 31 4 50 23 4 36 4 52 4 25 17 4 50 4 45 30 4 27 4 32 4 23 49 4 52 4 22 4 31 27 4 45 4 76 36 4 17 4 51 44 4 43 41 4 45 4 47 4 79 18 4 16 4 45 27 4 44 4 60 15 4 29 4 62 37 4 33 4 37 25 4 20 4 38 41 4 15 4 36 42 4 32 4 74 53 4 5 4 35 24 4 39 4 23 4 78 35 4 37 4 21 30 4 44 4 22 4 59 27 4 8 4 44 4 60 29 4 37 4 29 4 22 4 92 39 4 28 4 30 4 27 4 96 36 4 27 4 37 4 42 31 4 34 4 72 16 4 29 4 19 4 55 17 4 9 4 25 4 85 36 4 40 4 40 4 64 24 4 19 4 39 4 58 41 16 13 16 49 29 4 96 23 16 15 16 82 18 4 47 4 21 40 4 26 4 39 4 58 49 4 38 4 44 4 12 4 39 42 4 22 4 12 38 4 17 4 28 4 34 4 67 42 4 41 4 27 4 73 27 4 30 4 20 4 74 44 4 26 4 42 4 42 40 4 39 4 41 4 68 19 4 34 4 26 4 23 4 31 20 4 40 4 25 4 32 4 62 25 4 22 4 34 4 44 30 4 31 4 32 4 67 11 4 15 4 33 4 
iteration 1472 best: 1.00289 time: 435867
25 19 4 33 4 15 4 108 24 4 41 4 19 23 4 44 4 34 4 31 26 4 35 4 19 4 24 27 4 38 4 43 4 48 30 4 41 4 44 4 44 4 38 44 4 28 4 39 4 80 34 4 29 4 21 41 4 16 4 67 21 4 27 4 46 4 38 4 47 31 4 23 4 64 33 4 27 4 71 39 4 44 4 19 4 36 4 18 4 69 31 4 22 4 25 4 29 4 40 34 4 16 4 83 49 4 23 4 18 4 37 4 34 31 4 30 4 41 4 62 9 4 18 4 41 36 4 42 4 81 49 20 87 32 4 9 4 33 4 66 27 20 59 27 4 39 4 38 4 29 16 4 42 4 20 4 12 4 45 12 4 31 4 50 23 4 36 4 52 4 25 17 4 50 4 45 30 4 27 4 32 4 23 49 4 52 4 22 4 31 27 4 45 4 76 36 4 17 4 51 44 4 43 41 4 45 4 47 4 79 18 4 16 4 45 27 4 44 4 60 15 4 29 4 62 37 4 33 4 37 25 4 20 4 38 41 4 15 4 36 42 4 32 4 74 53 4 5 4 35 24 4 39 4 23 4 78 35 4 37 4 21 30 4 44 4 22 4 59 27 4 8 4 44 4 60 29 4 37 4 29 4 22 4 92 39 4 28 4 30 4 27 4 96 36 4 27 4 37 4 42 31 4 34 4 72 16 4 29 4 19 4 55 17 4 9 4 25 4 85 36 4 40 4 40 4 64 24 4 19 4 39 4 58 41 16 13 16 49 29 4 96 23 16 15 16 82 18 4 47 4 21 40 4 26 4 39 4 58 49 4 38 4 44 4 12 4 39 42 4 22 4 12 38 4 17 4 28 4 34 4 67 42 4 41 4 27 4 73 27 4 30 4 20 4 74 44 4 26 4 42 4 42 40 4 39 4 41 4 68 19 4 34 4 26 4 23 4 31 20 4 40 4 25 4 32 4 62 25 4 22 4 34 4 44 30 4 31 4 32 4 67 11 4 15 4 33 4 
iteration 1497 best: 1.00289 time: 443243
25 19 4 33 4 15 4 108 24 4 41 4 19 23 4 44 4 34 4 31 26 4 35 4 19 4 24 27 4 38 4 43 4 48 30 4 41 4 44 4 44 4 38 44 4 28 4 39 4 80 34 4 29 4 21 41 4 16 4 67 21 4 27 4 46 4 38 4 47 31 4 23 4 64 33 4 27 4 71 39 4 44 4 19 4 36 4 18 4 69 31 4 22 4 25 4 29 4 40 34 4 16 4 83 49 4 23 4 18 4 37 4 34 31 4 30 4 41 4 62 9 4 18 4 41 36 4 42 4 81 49 20 87 32 4 9 4 33 4 66 27 20 59 27 4 39 4 38 4 29 16 4 42 4 20 4 12 4 45 12 4 31 4 50 23 4 36 4 52 4 25 17 4 50 4 45 30 4 27 4 32 4 23 49 4 52 4 22 4 31 27 4 45 4 76 36 4 17 4 51 44 4 43 41 4 45 4 47 4 79 18 4 16 4 45 27 4 44 4 60 15 4 29 4 62 37 4 33 4 37 25 4 20 4 38 41 4 15 4 36 42 4 32 4 74 53 4 5 4 35 24 4 39 4 23 4 78 35 4 37 4 21 30 4 44 4 22 4 59 27 4 8 4 44 4 60 29 4 37 4 29 4 22 4 92 39 4 28 4 30 4 27 4 96 36 4 27 4 37 4 42 31 4 34 4 72 16 4 29 4 19 4 55 17 4 9 4 25 4 85 36 4 40 4 40 4 64 24 4 19 4 39 4 58 41 16 13 16 49 29 4 96 23 16 15 16 82 18 4 47 4 21 40 4 26 4 39 4 58 49 4 38 4 44 4 12 4 39 42 4 22 4 12 38 4 17 4 28 4 34 4 67 42 4 41 4 27 4 73 27 4 30 4 20 4 74 44 4 26 4 42 4 42 40 4 39 4 41 4 68 19 4 34 4 26 4 23 4 31 20 4 40 4 25 4 32 4 62 25 4 22 4 34 4 44 30 4 31 4 32 4 67 11 4 15 4 33 4 
iteration 1522 best: 1.00289 time: 450624
25 19 4 33 4 15 4 108 24 4 41 4 19 23 4 44 4 34 4 31 26 4 35 4 19 4 24 27 4 38 4 43 4 48 30 4 41 4 44 4 44 4 38 44 4 28 4 39 4 80 34 4 29 4 21 41 4 16 4 67 21 4 27 4 46 4 38 4 47 31 4 23 4 64 33 4 27 4 71 39 4 44 4 19 4 36 4 18 4 69 31 4 22 4 25 4 29 4 40 34 4 16 4 83 49 4 23 4 18 4 37 4 34 31 4 30 4 41 4 62 9 4 18 4 41 36 4 42 4 81 49 20 87 32 4 9 4 33 4 66 27 20 59 27 4 39 4 38 4 29 16 4 42 4 20 4 12 4 45 12 4 31 4 50 23 4 36 4 52 4 25 17 4 50 4 45 30 4 27 4 32 4 23 49 4 52 4 22 4 31 27 4 45 4 76 36 4 17 4 51 44 4 43 41 4 45 4 47 4 79 18 4 16 4 45 27 4 44 4 60 15 4 29 4 62 37 4 33 4 37 25 4 20 4 38 41 4 15 4 36 42 4 32 4 74 53 4 5 4 35 24 4 39 4 23 4 78 35 4 37 4 21 30 4 44 4 22 4 59 27 4 8 4 44 4 60 29 4 37 4 29 4 22 4 92 39 4 28 4 30 4 27 4 96 36 4 27 4 37 4 42 31 4 34 4 72 16 4 29 4 19 4 55 17 4 9 4 25 4 85 36 4 40 4 40 4 64 24 4 19 4 39 4 58 41 16 13 16 49 29 4 96 23 16 15 16 82 18 4 47 4 21 40 4 26 4 39 4 58 49 4 38 4 44 4 12 4 39 42 4 22 4 12 38 4 17 4 28 4 34 4 67 42 4 41 4 27 4 73 27 4 30 4 20 4 74 44 4 26 4 42 4 42 40 4 39 4 41 4 68 19 4 34 4 26 4 23 4 31 20 4 40 4 25 4 32 4 62 25 4 22 4 34 4 44 30 4 31 4 32 4 67 11 4 15 4 33 4 
iteration 1547 best: 1.00289 time: 458019
25 19 4 33 4 15 4 108 24 4 41 4 19 23 4 44 4 34 4 31 26 4 35 4 19 4 24 27 4 38 4 43 4 48 30 4 41 4 44 4 44 4 38 44 4 28 4 39 4 80 34 4 29 4 21 41 4 16 4 67 21 4 27 4 46 4 38 4 47 31 4 23 4 64 33 4 27 4 71 39 4 44 4 19 4 36 4 18 4 69 31 4 22 4 25 4 29 4 40 34 4 16 4 83 49 4 23 4 18 4 37 4 34 31 4 30 4 41 4 62 9 4 18 4 41 36 4 42 4 81 49 20 87 32 4 9 4 33 4 66 27 20 59 27 4 39 4 38 4 29 16 4 42 4 20 4 12 4 45 12 4 31 4 50 23 4 36 4 52 4 25 17 4 50 4 45 30 4 27 4 32 4 23 49 4 52 4 22 4 31 27 4 45 4 76 36 4 17 4 51 44 4 43 41 4 45 4 47 4 79 18 4 16 4 45 27 4 44 4 60 15 4 29 4 62 37 4 33 4 37 25 4 20 4 38 41 4 15 4 36 42 4 32 4 74 53 4 5 4 35 24 4 39 4 23 4 78 35 4 37 4 21 30 4 44 4 22 4 59 27 4 8 4 44 4 60 29 4 37 4 29 4 22 4 92 39 4 28 4 30 4 27 4 96 36 4 27 4 37 4 42 31 4 34 4 72 16 4 29 4 19 4 55 17 4 9 4 25 4 85 36 4 40 4 40 4 64 24 4 19 4 39 4 58 41 16 13 16 49 29 4 96 23 16 15 16 82 18 4 47 4 21 40 4 26 4 39 4 58 49 4 38 4 44 4 12 4 39 42 4 22 4 12 38 4 17 4 28 4 34 4 67 42 4 41 4 27 4 73 27 4 30 4 20 4 74 44 4 26 4 42 4 42 40 4 39 4 41 4 68 19 4 34 4 26 4 23 4 31 20 4 40 4 25 4 32 4 62 25 4 22 4 34 4 44 30 4 31 4 32 4 67 11 4 15 4 33 4 
iteration 1572 best: 1.00289 time: 465395
25 19 4 33 4 15 4 108 24 4 41 4 19 23 4 44 4 34 4 31 26 4 35 4 19 4 24 27 4 38 4 43 4 48 30 4 41 4 44 4 44 4 38 44 4 28 4 39 4 80 34 4 29 4 21 41 4 16 4 67 21 4 27 4 46 4 38 4 47 31 4 23 4 64 33 4 27 4 71 39 4 44 4 19 4 36 4 18 4 69 31 4 22 4 25 4 29 4 40 34 4 16 4 83 49 4 23 4 18 4 37 4 34 31 4 30 4 41 4 62 9 4 18 4 41 36 4 42 4 81 49 20 87 32 4 9 4 33 4 66 27 20 59 27 4 39 4 38 4 29 16 4 42 4 20 4 12 4 45 12 4 31 4 50 23 4 36 4 52 4 25 17 4 50 4 45 30 4 27 4 32 4 23 49 4 52 4 22 4 31 27 4 45 4 76 36 4 17 4 51 44 4 43 41 4 45 4 47 4 79 18 4 16 4 45 27 4 44 4 60 15 4 29 4 62 37 4 33 4 37 25 4 20 4 38 41 4 15 4 36 42 4 32 4 74 53 4 5 4 35 24 4 39 4 23 4 78 35 4 37 4 21 30 4 44 4 22 4 59 27 4 8 4 44 4 60 29 4 37 4 29 4 22 4 92 39 4 28 4 30 4 27 4 96 36 4 27 4 37 4 42 31 4 34 4 72 16 4 29 4 19 4 55 17 4 9 4 25 4 85 36 4 40 4 40 4 64 24 4 19 4 39 4 58 41 16 13 16 49 29 4 96 23 16 15 16 82 18 4 47 4 21 40 4 26 4 39 4 58 49 4 38 4 44 4 12 4 39 42 4 22 4 12 38 4 17 4 28 4 34 4 67 42 4 41 4 27 4 73 27 4 30 4 20 4 74 44 4 26 4 42 4 42 40 4 39 4 41 4 68 19 4 34 4 26 4 23 4 31 20 4 40 4 25 4 32 4 62 25 4 22 4 34 4 44 30 4 31 4 32 4 67 11 4 15 4 33 4 
iteration 1597 best: 1.00289 time: 472764
25 19 4 33 4 15 4 108 24 4 41 4 19 23 4 44 4 34 4 31 26 4 35 4 19 4 24 27 4 38 4 43 4 48 30 4 41 4 44 4 44 4 38 44 4 28 4 39 4 80 34 4 29 4 21 41 4 16 4 67 21 4 27 4 46 4 38 4 47 31 4 23 4 64 33 4 27 4 71 39 4 44 4 19 4 36 4 18 4 69 31 4 22 4 25 4 29 4 40 34 4 16 4 83 49 4 23 4 18 4 37 4 34 31 4 30 4 41 4 62 9 4 18 4 41 36 4 42 4 81 49 20 87 32 4 9 4 33 4 66 27 20 59 27 4 39 4 38 4 29 16 4 42 4 20 4 12 4 45 12 4 31 4 50 23 4 36 4 52 4 25 17 4 50 4 45 30 4 27 4 32 4 23 49 4 52 4 22 4 31 27 4 45 4 76 36 4 17 4 51 44 4 43 41 4 45 4 47 4 79 18 4 16 4 45 27 4 44 4 60 15 4 29 4 62 37 4 33 4 37 25 4 20 4 38 41 4 15 4 36 42 4 32 4 74 53 4 5 4 35 24 4 39 4 23 4 78 35 4 37 4 21 30 4 44 4 22 4 59 27 4 8 4 44 4 60 29 4 37 4 29 4 22 4 92 39 4 28 4 30 4 27 4 96 36 4 27 4 37 4 42 31 4 34 4 72 16 4 29 4 19 4 55 17 4 9 4 25 4 85 36 4 40 4 40 4 64 24 4 19 4 39 4 58 41 16 13 16 49 29 4 96 23 16 15 16 82 18 4 47 4 21 40 4 26 4 39 4 58 49 4 38 4 44 4 12 4 39 42 4 22 4 12 38 4 17 4 28 4 34 4 67 42 4 41 4 27 4 73 27 4 30 4 20 4 74 44 4 26 4 42 4 42 40 4 39 4 41 4 68 19 4 34 4 26 4 23 4 31 20 4 40 4 25 4 32 4 62 25 4 22 4 34 4 44 30 4 31 4 32 4 67 11 4 15 4 33 4 
iteration 1622 best: 1.00289 time: 480157
25 19 4 33 4 15 4 108 24 4 41 4 19 23 4 44 4 34 4 31 26 4 35 4 19 4 24 27 4 38 4 43 4 48 30 4 41 4 44 4 44 4 38 44 4 28 4 39 4 80 34 4 29 4 21 41 4 16 4 67 21 4 27 4 46 4 38 4 47 31 4 23 4 64 33 4 27 4 71 39 4 44 4 19 4 36 4 18 4 69 31 4 22 4 25 4 29 4 40 34 4 16 4 83 49 4 23 4 18 4 37 4 34 31 4 30 4 41 4 62 9 4 18 4 41 36 4 42 4 81 49 20 87 32 4 9 4 33 4 66 27 20 59 27 4 39 4 38 4 29 16 4 42 4 20 4 12 4 45 12 4 31 4 50 23 4 36 4 52 4 25 17 4 50 4 45 30 4 27 4 32 4 23 49 4 52 4 22 4 31 27 4 45 4 76 36 4 17 4 51 44 4 43 41 4 45 4 47 4 79 18 4 16 4 45 27 4 44 4 60 15 4 29 4 62 37 4 33 4 37 25 4 20 4 38 41 4 15 4 36 42 4 32 4 74 53 4 5 4 35 24 4 39 4 23 4 78 35 4 37 4 21 30 4 44 4 22 4 59 27 4 8 4 44 4 60 29 4 37 4 29 4 22 4 92 39 4 28 4 30 4 27 4 96 36 4 27 4 37 4 42 31 4 34 4 72 16 4 29 4 19 4 55 17 4 9 4 25 4 85 36 4 40 4 40 4 64 24 4 19 4 39 4 58 41 16 13 16 49 29 4 96 23 16 15 16 82 18 4 47 4 21 40 4 26 4 39 4 58 49 4 38 4 44 4 12 4 39 42 4 22 4 12 38 4 17 4 28 4 34 4 67 42 4 41 4 27 4 73 27 4 30 4 20 4 74 44 4 26 4 42 4 42 40 4 39 4 41 4 68 19 4 34 4 26 4 23 4 31 20 4 40 4 25 4 32 4 62 25 4 22 4 34 4 44 30 4 31 4 32 4 67 11 4 15 4 33 4 
iteration 1647 best: 1.00289 time: 487515
25 19 4 33 4 15 4 108 24 4 41 4 19 23 4 44 4 34 4 31 26 4 35 4 19 4 24 27 4 38 4 43 4 48 30 4 41 4 44 4 44 4 38 44 4 28 4 39 4 80 34 4 29 4 21 41 4 16 4 67 21 4 27 4 46 4 38 4 47 31 4 23 4 64 33 4 27 4 71 39 4 44 4 19 4 36 4 18 4 69 31 4 22 4 25 4 29 4 40 34 4 16 4 83 49 4 23 4 18 4 37 4 34 31 4 30 4 41 4 62 9 4 18 4 41 36 4 42 4 81 49 20 87 32 4 9 4 33 4 66 27 20 59 27 4 39 4 38 4 29 16 4 42 4 20 4 12 4 45 12 4 31 4 50 23 4 36 4 52 4 25 17 4 50 4 45 30 4 27 4 32 4 23 49 4 52 4 22 4 31 27 4 45 4 76 36 4 17 4 51 44 4 43 41 4 45 4 47 4 79 18 4 16 4 45 27 4 44 4 60 15 4 29 4 62 37 4 33 4 37 25 4 20 4 38 41 4 15 4 36 42 4 32 4 74 53 4 5 4 35 24 4 39 4 23 4 78 35 4 37 4 21 30 4 44 4 22 4 59 27 4 8 4 44 4 60 29 4 37 4 29 4 22 4 92 39 4 28 4 30 4 27 4 96 36 4 27 4 37 4 42 31 4 34 4 72 16 4 29 4 19 4 55 17 4 9 4 25 4 85 36 4 40 4 40 4 64 24 4 19 4 39 4 58 41 16 13 16 49 29 4 96 23 16 15 16 82 18 4 47 4 21 40 4 26 4 39 4 58 49 4 38 4 44 4 12 4 39 42 4 22 4 12 38 4 17 4 28 4 34 4 67 42 4 41 4 27 4 73 27 4 30 4 20 4 74 44 4 26 4 42 4 42 40 4 39 4 41 4 68 19 4 34 4 26 4 23 4 31 20 4 40 4 25 4 32 4 62 25 4 22 4 34 4 44 30 4 31 4 32 4 67 11 4 15 4 33 4 
iteration 1672 best: 1.00289 time: 494910
25 19 4 33 4 15 4 108 24 4 41 4 19 23 4 44 4 34 4 31 26 4 35 4 19 4 24 27 4 38 4 43 4 48 30 4 41 4 44 4 44 4 38 44 4 28 4 39 4 80 34 4 29 4 21 41 4 16 4 67 21 4 27 4 46 4 38 4 47 31 4 23 4 64 33 4 27 4 71 39 4 44 4 19 4 36 4 18 4 69 31 4 22 4 25 4 29 4 40 34 4 16 4 83 49 4 23 4 18 4 37 4 34 31 4 30 4 41 4 62 9 4 18 4 41 36 4 42 4 81 49 20 87 32 4 9 4 33 4 66 27 20 59 27 4 39 4 38 4 29 16 4 42 4 20 4 12 4 45 12 4 31 4 50 23 4 36 4 52 4 25 17 4 50 4 45 30 4 27 4 32 4 23 49 4 52 4 22 4 31 27 4 45 4 76 36 4 17 4 51 44 4 43 41 4 45 4 47 4 79 18 4 16 4 45 27 4 44 4 60 15 4 29 4 62 37 4 33 4 37 25 4 20 4 38 41 4 15 4 36 42 4 32 4 74 53 4 5 4 35 24 4 39 4 23 4 78 35 4 37 4 21 30 4 44 4 22 4 59 27 4 8 4 44 4 60 29 4 37 4 29 4 22 4 92 39 4 28 4 30 4 27 4 96 36 4 27 4 37 4 42 31 4 34 4 72 16 4 29 4 19 4 55 17 4 9 4 25 4 85 36 4 40 4 40 4 64 24 4 19 4 39 4 58 41 16 13 16 49 29 4 96 23 16 15 16 82 18 4 47 4 21 40 4 26 4 39 4 58 49 4 38 4 44 4 12 4 39 42 4 22 4 12 38 4 17 4 28 4 34 4 67 42 4 41 4 27 4 73 27 4 30 4 20 4 74 44 4 26 4 42 4 42 40 4 39 4 41 4 68 19 4 34 4 26 4 23 4 31 20 4 40 4 25 4 32 4 62 25 4 22 4 34 4 44 30 4 31 4 32 4 67 11 4 15 4 33 4 
iteration 1697 best: 1.00289 time: 502295
25 19 4 33 4 15 4 108 24 4 41 4 19 23 4 44 4 34 4 31 26 4 35 4 19 4 24 27 4 38 4 43 4 48 30 4 41 4 44 4 44 4 38 44 4 28 4 39 4 80 34 4 29 4 21 41 4 16 4 67 21 4 27 4 46 4 38 4 47 31 4 23 4 64 33 4 27 4 71 39 4 44 4 19 4 36 4 18 4 69 31 4 22 4 25 4 29 4 40 34 4 16 4 83 49 4 23 4 18 4 37 4 34 31 4 30 4 41 4 62 9 4 18 4 41 36 4 42 4 81 49 20 87 32 4 9 4 33 4 66 27 20 59 27 4 39 4 38 4 29 16 4 42 4 20 4 12 4 45 12 4 31 4 50 23 4 36 4 52 4 25 17 4 50 4 45 30 4 27 4 32 4 23 49 4 52 4 22 4 31 27 4 45 4 76 36 4 17 4 51 44 4 43 41 4 45 4 47 4 79 18 4 16 4 45 27 4 44 4 60 15 4 29 4 62 37 4 33 4 37 25 4 20 4 38 41 4 15 4 36 42 4 32 4 74 53 4 5 4 35 24 4 39 4 23 4 78 35 4 37 4 21 30 4 44 4 22 4 59 27 4 8 4 44 4 60 29 4 37 4 29 4 22 4 92 39 4 28 4 30 4 27 4 96 36 4 27 4 37 4 42 31 4 34 4 72 16 4 29 4 19 4 55 17 4 9 4 25 4 85 36 4 40 4 40 4 64 24 4 19 4 39 4 58 41 16 13 16 49 29 4 96 23 16 15 16 82 18 4 47 4 21 40 4 26 4 39 4 58 49 4 38 4 44 4 12 4 39 42 4 22 4 12 38 4 17 4 28 4 34 4 67 42 4 41 4 27 4 73 27 4 30 4 20 4 74 44 4 26 4 42 4 42 40 4 39 4 41 4 68 19 4 34 4 26 4 23 4 31 20 4 40 4 25 4 32 4 62 25 4 22 4 34 4 44 30 4 31 4 32 4 67 11 4 15 4 33 4 
iteration 1722 best: 1.00289 time: 509687
25 19 4 33 4 15 4 108 24 4 41 4 19 23 4 44 4 34 4 31 26 4 35 4 19 4 24 27 4 38 4 43 4 48 30 4 41 4 44 4 44 4 38 44 4 28 4 39 4 80 34 4 29 4 21 41 4 16 4 67 21 4 27 4 46 4 38 4 47 31 4 23 4 64 33 4 27 4 71 39 4 44 4 19 4 36 4 18 4 69 31 4 22 4 25 4 29 4 40 34 4 16 4 83 49 4 23 4 18 4 37 4 34 31 4 30 4 41 4 62 9 4 18 4 41 36 4 42 4 81 49 20 87 32 4 9 4 33 4 66 27 20 59 27 4 39 4 38 4 29 16 4 42 4 20 4 12 4 45 12 4 31 4 50 23 4 36 4 52 4 25 17 4 50 4 45 30 4 27 4 32 4 23 49 4 52 4 22 4 31 27 4 45 4 76 36 4 17 4 51 44 4 43 41 4 45 4 47 4 79 18 4 16 4 45 27 4 44 4 60 15 4 29 4 62 37 4 33 4 37 25 4 20 4 38 41 4 15 4 36 42 4 32 4 74 53 4 5 4 35 24 4 39 4 23 4 78 35 4 37 4 21 30 4 44 4 22 4 59 27 4 8 4 44 4 60 29 4 37 4 29 4 22 4 92 39 4 28 4 30 4 27 4 96 36 4 27 4 37 4 42 31 4 34 4 72 16 4 29 4 19 4 55 17 4 9 4 25 4 85 36 4 40 4 40 4 64 24 4 19 4 39 4 58 41 16 13 16 49 29 4 96 23 16 15 16 82 18 4 47 4 21 40 4 26 4 39 4 58 49 4 38 4 44 4 12 4 39 42 4 22 4 12 38 4 17 4 28 4 34 4 67 42 4 41 4 27 4 73 27 4 30 4 20 4 74 44 4 26 4 42 4 42 40 4 39 4 41 4 68 19 4 34 4 26 4 23 4 31 20 4 40 4 25 4 32 4 62 25 4 22 4 34 4 44 30 4 31 4 32 4 67 11 4 15 4 33 4 
iteration 1747 best: 1.00289 time: 517064
25 19 4 33 4 15 4 108 24 4 41 4 19 23 4 44 4 34 4 31 26 4 35 4 19 4 24 27 4 38 4 43 4 48 30 4 41 4 44 4 44 4 38 44 4 28 4 39 4 80 34 4 29 4 21 41 4 16 4 67 21 4 27 4 46 4 38 4 47 31 4 23 4 64 33 4 27 4 71 39 4 44 4 19 4 36 4 18 4 69 31 4 22 4 25 4 29 4 40 34 4 16 4 83 49 4 23 4 18 4 37 4 34 31 4 30 4 41 4 62 9 4 18 4 41 36 4 42 4 81 49 20 87 32 4 9 4 33 4 66 27 20 59 27 4 39 4 38 4 29 16 4 42 4 20 4 12 4 45 12 4 31 4 50 23 4 36 4 52 4 25 17 4 50 4 45 30 4 27 4 32 4 23 49 4 52 4 22 4 31 27 4 45 4 76 36 4 17 4 51 44 4 43 41 4 45 4 47 4 79 18 4 16 4 45 27 4 44 4 60 15 4 29 4 62 37 4 33 4 37 25 4 20 4 38 41 4 15 4 36 42 4 32 4 74 53 4 5 4 35 24 4 39 4 23 4 78 35 4 37 4 21 30 4 44 4 22 4 59 27 4 8 4 44 4 60 29 4 37 4 29 4 22 4 92 39 4 28 4 30 4 27 4 96 36 4 27 4 37 4 42 31 4 34 4 72 16 4 29 4 19 4 55 17 4 9 4 25 4 85 36 4 40 4 40 4 64 24 4 19 4 39 4 58 41 16 13 16 49 29 4 96 23 16 15 16 82 18 4 47 4 21 40 4 26 4 39 4 58 49 4 38 4 44 4 12 4 39 42 4 22 4 12 38 4 17 4 28 4 34 4 67 42 4 41 4 27 4 73 27 4 30 4 20 4 74 44 4 26 4 42 4 42 40 4 39 4 41 4 68 19 4 34 4 26 4 23 4 31 20 4 40 4 25 4 32 4 62 25 4 22 4 34 4 44 30 4 31 4 32 4 67 11 4 15 4 33 4 
iteration 1772 best: 1.00289 time: 524446
25 19 4 33 4 15 4 108 24 4 41 4 19 23 4 44 4 34 4 31 26 4 35 4 19 4 24 27 4 38 4 43 4 48 30 4 41 4 44 4 44 4 38 44 4 28 4 39 4 80 34 4 29 4 21 41 4 16 4 67 21 4 27 4 46 4 38 4 47 31 4 23 4 64 33 4 27 4 71 39 4 44 4 19 4 36 4 18 4 69 31 4 22 4 25 4 29 4 40 34 4 16 4 83 49 4 23 4 18 4 37 4 34 31 4 30 4 41 4 62 9 4 18 4 41 36 4 42 4 81 49 20 87 32 4 9 4 33 4 66 27 20 59 27 4 39 4 38 4 29 16 4 42 4 20 4 12 4 45 12 4 31 4 50 23 4 36 4 52 4 25 17 4 50 4 45 30 4 27 4 32 4 23 49 4 52 4 22 4 31 27 4 45 4 76 36 4 17 4 51 44 4 43 41 4 45 4 47 4 79 18 4 16 4 45 27 4 44 4 60 15 4 29 4 62 37 4 33 4 37 25 4 20 4 38 41 4 15 4 36 42 4 32 4 74 53 4 5 4 35 24 4 39 4 23 4 78 35 4 37 4 21 30 4 44 4 22 4 59 27 4 8 4 44 4 60 29 4 37 4 29 4 22 4 92 39 4 28 4 30 4 27 4 96 36 4 27 4 37 4 42 31 4 34 4 72 16 4 29 4 19 4 55 17 4 9 4 25 4 85 36 4 40 4 40 4 64 24 4 19 4 39 4 58 41 16 13 16 49 29 4 96 23 16 15 16 82 18 4 47 4 21 40 4 26 4 39 4 58 49 4 38 4 44 4 12 4 39 42 4 22 4 12 38 4 17 4 28 4 34 4 67 42 4 41 4 27 4 73 27 4 30 4 20 4 74 44 4 26 4 42 4 42 40 4 39 4 41 4 68 19 4 34 4 26 4 23 4 31 20 4 40 4 25 4 32 4 62 25 4 22 4 34 4 44 30 4 31 4 32 4 67 11 4 15 4 33 4 
iteration 1797 best: 1.00289 time: 531863
25 19 4 33 4 15 4 108 24 4 41 4 19 23 4 44 4 34 4 31 26 4 35 4 19 4 24 27 4 38 4 43 4 48 30 4 41 4 44 4 44 4 38 44 4 28 4 39 4 80 34 4 29 4 21 41 4 16 4 67 21 4 27 4 46 4 38 4 47 31 4 23 4 64 33 4 27 4 71 39 4 44 4 19 4 36 4 18 4 69 31 4 22 4 25 4 29 4 40 34 4 16 4 83 49 4 23 4 18 4 37 4 34 31 4 30 4 41 4 62 9 4 18 4 41 36 4 42 4 81 49 20 87 32 4 9 4 33 4 66 27 20 59 27 4 39 4 38 4 29 16 4 42 4 20 4 12 4 45 12 4 31 4 50 23 4 36 4 52 4 25 17 4 50 4 45 30 4 27 4 32 4 23 49 4 52 4 22 4 31 27 4 45 4 76 36 4 17 4 51 44 4 43 41 4 45 4 47 4 79 18 4 16 4 45 27 4 44 4 60 15 4 29 4 62 37 4 33 4 37 25 4 20 4 38 41 4 15 4 36 42 4 32 4 74 53 4 5 4 35 24 4 39 4 23 4 78 35 4 37 4 21 30 4 44 4 22 4 59 27 4 8 4 44 4 60 29 4 37 4 29 4 22 4 92 39 4 28 4 30 4 27 4 96 36 4 27 4 37 4 42 31 4 34 4 72 16 4 29 4 19 4 55 17 4 9 4 25 4 85 36 4 40 4 40 4 64 24 4 19 4 39 4 58 41 16 13 16 49 29 4 96 23 16 15 16 82 18 4 47 4 21 40 4 26 4 39 4 58 49 4 38 4 44 4 12 4 39 42 4 22 4 12 38 4 17 4 28 4 34 4 67 42 4 41 4 27 4 73 27 4 30 4 20 4 74 44 4 26 4 42 4 42 40 4 39 4 41 4 68 19 4 34 4 26 4 23 4 31 20 4 40 4 25 4 32 4 62 25 4 22 4 34 4 44 30 4 31 4 32 4 67 11 4 15 4 33 4 
iteration 1822 best: 1.00289 time: 539274
25 19 4 33 4 15 4 108 24 4 41 4 19 23 4 44 4 34 4 31 26 4 35 4 19 4 24 27 4 38 4 43 4 48 30 4 41 4 44 4 44 4 38 44 4 28 4 39 4 80 34 4 29 4 21 41 4 16 4 67 21 4 27 4 46 4 38 4 47 31 4 23 4 64 33 4 27 4 71 39 4 44 4 19 4 36 4 18 4 69 31 4 22 4 25 4 29 4 40 34 4 16 4 83 49 4 23 4 18 4 37 4 34 31 4 30 4 41 4 62 9 4 18 4 41 36 4 42 4 81 49 20 87 32 4 9 4 33 4 66 27 20 59 27 4 39 4 38 4 29 16 4 42 4 20 4 12 4 45 12 4 31 4 50 23 4 36 4 52 4 25 17 4 50 4 45 30 4 27 4 32 4 23 49 4 52 4 22 4 31 27 4 45 4 76 36 4 17 4 51 44 4 43 41 4 45 4 47 4 79 18 4 16 4 45 27 4 44 4 60 15 4 29 4 62 37 4 33 4 37 25 4 20 4 38 41 4 15 4 36 42 4 32 4 74 53 4 5 4 35 24 4 39 4 23 4 78 35 4 37 4 21 30 4 44 4 22 4 59 27 4 8 4 44 4 60 29 4 37 4 29 4 22 4 92 39 4 28 4 30 4 27 4 96 36 4 27 4 37 4 42 31 4 34 4 72 16 4 29 4 19 4 55 17 4 9 4 25 4 85 36 4 40 4 40 4 64 24 4 19 4 39 4 58 41 16 13 16 49 29 4 96 23 16 15 16 82 18 4 47 4 21 40 4 26 4 39 4 58 49 4 38 4 44 4 12 4 39 42 4 22 4 12 38 4 17 4 28 4 34 4 67 42 4 41 4 27 4 73 27 4 30 4 20 4 74 44 4 26 4 42 4 42 40 4 39 4 41 4 68 19 4 34 4 26 4 23 4 31 20 4 40 4 25 4 32 4 62 25 4 22 4 34 4 44 30 4 31 4 32 4 67 11 4 15 4 33 4 
iteration 1847 best: 1.00289 time: 546670
25 19 4 33 4 15 4 108 24 4 41 4 19 23 4 44 4 34 4 31 26 4 35 4 19 4 24 27 4 38 4 43 4 48 30 4 41 4 44 4 44 4 38 44 4 28 4 39 4 80 34 4 29 4 21 41 4 16 4 67 21 4 27 4 46 4 38 4 47 31 4 23 4 64 33 4 27 4 71 39 4 44 4 19 4 36 4 18 4 69 31 4 22 4 25 4 29 4 40 34 4 16 4 83 49 4 23 4 18 4 37 4 34 31 4 30 4 41 4 62 9 4 18 4 41 36 4 42 4 81 49 20 87 32 4 9 4 33 4 66 27 20 59 27 4 39 4 38 4 29 16 4 42 4 20 4 12 4 45 12 4 31 4 50 23 4 36 4 52 4 25 17 4 50 4 45 30 4 27 4 32 4 23 49 4 52 4 22 4 31 27 4 45 4 76 36 4 17 4 51 44 4 43 41 4 45 4 47 4 79 18 4 16 4 45 27 4 44 4 60 15 4 29 4 62 37 4 33 4 37 25 4 20 4 38 41 4 15 4 36 42 4 32 4 74 53 4 5 4 35 24 4 39 4 23 4 78 35 4 37 4 21 30 4 44 4 22 4 59 27 4 8 4 44 4 60 29 4 37 4 29 4 22 4 92 39 4 28 4 30 4 27 4 96 36 4 27 4 37 4 42 31 4 34 4 72 16 4 29 4 19 4 55 17 4 9 4 25 4 85 36 4 40 4 40 4 64 24 4 19 4 39 4 58 41 16 13 16 49 29 4 96 23 16 15 16 82 18 4 47 4 21 40 4 26 4 39 4 58 49 4 38 4 44 4 12 4 39 42 4 22 4 12 38 4 17 4 28 4 34 4 67 42 4 41 4 27 4 73 27 4 30 4 20 4 74 44 4 26 4 42 4 42 40 4 39 4 41 4 68 19 4 34 4 26 4 23 4 31 20 4 40 4 25 4 32 4 62 25 4 22 4 34 4 44 30 4 31 4 32 4 67 11 4 15 4 33 4 
iteration 1872 best: 1.00289 time: 554081
25 19 4 33 4 15 4 108 24 4 41 4 19 23 4 44 4 34 4 31 26 4 35 4 19 4 24 27 4 38 4 43 4 48 30 4 41 4 44 4 44 4 38 44 4 28 4 39 4 80 34 4 29 4 21 41 4 16 4 67 21 4 27 4 46 4 38 4 47 31 4 23 4 64 33 4 27 4 71 39 4 44 4 19 4 36 4 18 4 69 31 4 22 4 25 4 29 4 40 34 4 16 4 83 49 4 23 4 18 4 37 4 34 31 4 30 4 41 4 62 9 4 18 4 41 36 4 42 4 81 49 20 87 32 4 9 4 33 4 66 27 20 59 27 4 39 4 38 4 29 16 4 42 4 20 4 12 4 45 12 4 31 4 50 23 4 36 4 52 4 25 17 4 50 4 45 30 4 27 4 32 4 23 49 4 52 4 22 4 31 27 4 45 4 76 36 4 17 4 51 44 4 43 41 4 45 4 47 4 79 18 4 16 4 45 27 4 44 4 60 15 4 29 4 62 37 4 33 4 37 25 4 20 4 38 41 4 15 4 36 42 4 32 4 74 53 4 5 4 35 24 4 39 4 23 4 78 35 4 37 4 21 30 4 44 4 22 4 59 27 4 8 4 44 4 60 29 4 37 4 29 4 22 4 92 39 4 28 4 30 4 27 4 96 36 4 27 4 37 4 42 31 4 34 4 72 16 4 29 4 19 4 55 17 4 9 4 25 4 85 36 4 40 4 40 4 64 24 4 19 4 39 4 58 41 16 13 16 49 29 4 96 23 16 15 16 82 18 4 47 4 21 40 4 26 4 39 4 58 49 4 38 4 44 4 12 4 39 42 4 22 4 12 38 4 17 4 28 4 34 4 67 42 4 41 4 27 4 73 27 4 30 4 20 4 74 44 4 26 4 42 4 42 40 4 39 4 41 4 68 19 4 34 4 26 4 23 4 31 20 4 40 4 25 4 32 4 62 25 4 22 4 34 4 44 30 4 31 4 32 4 67 11 4 15 4 33 4 
iteration 1897 best: 1.00289 time: 561495
25 19 4 33 4 15 4 108 24 4 41 4 19 23 4 44 4 34 4 31 26 4 35 4 19 4 24 27 4 38 4 43 4 48 30 4 41 4 44 4 44 4 38 44 4 28 4 39 4 80 34 4 29 4 21 41 4 16 4 67 21 4 27 4 46 4 38 4 47 31 4 23 4 64 33 4 27 4 71 39 4 44 4 19 4 36 4 18 4 69 31 4 22 4 25 4 29 4 40 34 4 16 4 83 49 4 23 4 18 4 37 4 34 31 4 30 4 41 4 62 9 4 18 4 41 36 4 42 4 81 49 20 87 32 4 9 4 33 4 66 27 20 59 27 4 39 4 38 4 29 16 4 42 4 20 4 12 4 45 12 4 31 4 50 23 4 36 4 52 4 25 17 4 50 4 45 30 4 27 4 32 4 23 49 4 52 4 22 4 31 27 4 45 4 76 36 4 17 4 51 44 4 43 41 4 45 4 47 4 79 18 4 16 4 45 27 4 44 4 60 15 4 29 4 62 37 4 33 4 37 25 4 20 4 38 41 4 15 4 36 42 4 32 4 74 53 4 5 4 35 24 4 39 4 23 4 78 35 4 37 4 21 30 4 44 4 22 4 59 27 4 8 4 44 4 60 29 4 37 4 29 4 22 4 92 39 4 28 4 30 4 27 4 96 36 4 27 4 37 4 42 31 4 34 4 72 16 4 29 4 19 4 55 17 4 9 4 25 4 85 36 4 40 4 40 4 64 24 4 19 4 39 4 58 41 16 13 16 49 29 4 96 23 16 15 16 82 18 4 47 4 21 40 4 26 4 39 4 58 49 4 38 4 44 4 12 4 39 42 4 22 4 12 38 4 17 4 28 4 34 4 67 42 4 41 4 27 4 73 27 4 30 4 20 4 74 44 4 26 4 42 4 42 40 4 39 4 41 4 68 19 4 34 4 26 4 23 4 31 20 4 40 4 25 4 32 4 62 25 4 22 4 34 4 44 30 4 31 4 32 4 67 11 4 15 4 33 4 
iteration 1922 best: 1.00289 time: 568898
25 19 4 33 4 15 4 108 24 4 41 4 19 23 4 44 4 34 4 31 26 4 35 4 19 4 24 27 4 38 4 43 4 48 30 4 41 4 44 4 44 4 38 44 4 28 4 39 4 80 34 4 29 4 21 41 4 16 4 67 21 4 27 4 46 4 38 4 47 31 4 23 4 64 33 4 27 4 71 39 4 44 4 19 4 36 4 18 4 69 31 4 22 4 25 4 29 4 40 34 4 16 4 83 49 4 23 4 18 4 37 4 34 31 4 30 4 41 4 62 9 4 18 4 41 36 4 42 4 81 49 20 87 32 4 9 4 33 4 66 27 20 59 27 4 39 4 38 4 29 16 4 42 4 20 4 12 4 45 12 4 31 4 50 23 4 36 4 52 4 25 17 4 50 4 45 30 4 27 4 32 4 23 49 4 52 4 22 4 31 27 4 45 4 76 36 4 17 4 51 44 4 43 41 4 45 4 47 4 79 18 4 16 4 45 27 4 44 4 60 15 4 29 4 62 37 4 33 4 37 25 4 20 4 38 41 4 15 4 36 42 4 32 4 74 53 4 5 4 35 24 4 39 4 23 4 78 35 4 37 4 21 30 4 44 4 22 4 59 27 4 8 4 44 4 60 29 4 37 4 29 4 22 4 92 39 4 28 4 30 4 27 4 96 36 4 27 4 37 4 42 31 4 34 4 72 16 4 29 4 19 4 55 17 4 9 4 25 4 85 36 4 40 4 40 4 64 24 4 19 4 39 4 58 41 16 13 16 49 29 4 96 23 16 15 16 82 18 4 47 4 21 40 4 26 4 39 4 58 49 4 38 4 44 4 12 4 39 42 4 22 4 12 38 4 17 4 28 4 34 4 67 42 4 41 4 27 4 73 27 4 30 4 20 4 74 44 4 26 4 42 4 42 40 4 39 4 41 4 68 19 4 34 4 26 4 23 4 31 20 4 40 4 25 4 32 4 62 25 4 22 4 34 4 44 30 4 31 4 32 4 67 11 4 15 4 33 4 
iteration 1947 best: 1.00289 time: 576290
25 19 4 33 4 15 4 108 24 4 41 4 19 23 4 44 4 34 4 31 26 4 35 4 19 4 24 27 4 38 4 43 4 48 30 4 41 4 44 4 44 4 38 44 4 28 4 39 4 80 34 4 29 4 21 41 4 16 4 67 21 4 27 4 46 4 38 4 47 31 4 23 4 64 33 4 27 4 71 39 4 44 4 19 4 36 4 18 4 69 31 4 22 4 25 4 29 4 40 34 4 16 4 83 49 4 23 4 18 4 37 4 34 31 4 30 4 41 4 62 9 4 18 4 41 36 4 42 4 81 49 20 87 32 4 9 4 33 4 66 27 20 59 27 4 39 4 38 4 29 16 4 42 4 20 4 12 4 45 12 4 31 4 50 23 4 36 4 52 4 25 17 4 50 4 45 30 4 27 4 32 4 23 49 4 52 4 22 4 31 27 4 45 4 76 36 4 17 4 51 44 4 43 41 4 45 4 47 4 79 18 4 16 4 45 27 4 44 4 60 15 4 29 4 62 37 4 33 4 37 25 4 20 4 38 41 4 15 4 36 42 4 32 4 74 53 4 5 4 35 24 4 39 4 23 4 78 35 4 37 4 21 30 4 44 4 22 4 59 27 4 8 4 44 4 60 29 4 37 4 29 4 22 4 92 39 4 28 4 30 4 27 4 96 36 4 27 4 37 4 42 31 4 34 4 72 16 4 29 4 19 4 55 17 4 9 4 25 4 85 36 4 40 4 40 4 64 24 4 19 4 39 4 58 41 16 13 16 49 29 4 96 23 16 15 16 82 18 4 47 4 21 40 4 26 4 39 4 58 49 4 38 4 44 4 12 4 39 42 4 22 4 12 38 4 17 4 28 4 34 4 67 42 4 41 4 27 4 73 27 4 30 4 20 4 74 44 4 26 4 42 4 42 40 4 39 4 41 4 68 19 4 34 4 26 4 23 4 31 20 4 40 4 25 4 32 4 62 25 4 22 4 34 4 44 30 4 31 4 32 4 67 11 4 15 4 33 4 
iteration 1972 best: 1.00289 time: 583643
25 19 4 33 4 15 4 108 24 4 41 4 19 23 4 44 4 34 4 31 26 4 35 4 19 4 24 27 4 38 4 43 4 48 30 4 41 4 44 4 44 4 38 44 4 28 4 39 4 80 34 4 29 4 21 41 4 16 4 67 21 4 27 4 46 4 38 4 47 31 4 23 4 64 33 4 27 4 71 39 4 44 4 19 4 36 4 18 4 69 31 4 22 4 25 4 29 4 40 34 4 16 4 83 49 4 23 4 18 4 37 4 34 31 4 30 4 41 4 62 9 4 18 4 41 36 4 42 4 81 49 20 87 32 4 9 4 33 4 66 27 20 59 27 4 39 4 38 4 29 16 4 42 4 20 4 12 4 45 12 4 31 4 50 23 4 36 4 52 4 25 17 4 50 4 45 30 4 27 4 32 4 23 49 4 52 4 22 4 31 27 4 45 4 76 36 4 17 4 51 44 4 43 41 4 45 4 47 4 79 18 4 16 4 45 27 4 44 4 60 15 4 29 4 62 37 4 33 4 37 25 4 20 4 38 41 4 15 4 36 42 4 32 4 74 53 4 5 4 35 24 4 39 4 23 4 78 35 4 37 4 21 30 4 44 4 22 4 59 27 4 8 4 44 4 60 29 4 37 4 29 4 22 4 92 39 4 28 4 30 4 27 4 96 36 4 27 4 37 4 42 31 4 34 4 72 16 4 29 4 19 4 55 17 4 9 4 25 4 85 36 4 40 4 40 4 64 24 4 19 4 39 4 58 41 16 13 16 49 29 4 96 23 16 15 16 82 18 4 47 4 21 40 4 26 4 39 4 58 49 4 38 4 44 4 12 4 39 42 4 22 4 12 38 4 17 4 28 4 34 4 67 42 4 41 4 27 4 73 27 4 30 4 20 4 74 44 4 26 4 42 4 42 40 4 39 4 41 4 68 19 4 34 4 26 4 23 4 31 20 4 40 4 25 4 32 4 62 25 4 22 4 34 4 44 30 4 31 4 32 4 67 11 4 15 4 33 4 
iteration 1997 best: 1.00289 time: 590997
25 19 4 33 4 15 4 108 24 4 41 4 19 23 4 44 4 34 4 31 26 4 35 4 19 4 24 27 4 38 4 43 4 48 30 4 41 4 44 4 44 4 38 44 4 28 4 39 4 80 34 4 29 4 21 41 4 16 4 67 21 4 27 4 46 4 38 4 47 31 4 23 4 64 33 4 27 4 71 39 4 44 4 19 4 36 4 18 4 69 31 4 22 4 25 4 29 4 40 34 4 16 4 83 49 4 23 4 18 4 37 4 34 31 4 30 4 41 4 62 9 4 18 4 41 36 4 42 4 81 49 20 87 32 4 9 4 33 4 66 27 20 59 27 4 39 4 38 4 29 16 4 42 4 20 4 12 4 45 12 4 31 4 50 23 4 36 4 52 4 25 17 4 50 4 45 30 4 27 4 32 4 23 49 4 52 4 22 4 31 27 4 45 4 76 36 4 17 4 51 44 4 43 41 4 45 4 47 4 79 18 4 16 4 45 27 4 44 4 60 15 4 29 4 62 37 4 33 4 37 25 4 20 4 38 41 4 15 4 36 42 4 32 4 74 53 4 5 4 35 24 4 39 4 23 4 78 35 4 37 4 21 30 4 44 4 22 4 59 27 4 8 4 44 4 60 29 4 37 4 29 4 22 4 92 39 4 28 4 30 4 27 4 96 36 4 27 4 37 4 42 31 4 34 4 72 16 4 29 4 19 4 55 17 4 9 4 25 4 85 36 4 40 4 40 4 64 24 4 19 4 39 4 58 41 16 13 16 49 29 4 96 23 16 15 16 82 18 4 47 4 21 40 4 26 4 39 4 58 49 4 38 4 44 4 12 4 39 42 4 22 4 12 38 4 17 4 28 4 34 4 67 42 4 41 4 27 4 73 27 4 30 4 20 4 74 44 4 26 4 42 4 42 40 4 39 4 41 4 68 19 4 34 4 26 4 23 4 31 20 4 40 4 25 4 32 4 62 25 4 22 4 34 4 44 30 4 31 4 32 4 67 11 4 15 4 33 4 
iteration 2022 best: 1.00289 time: 598363
25 19 4 33 4 15 4 108 24 4 41 4 19 23 4 44 4 34 4 31 26 4 35 4 19 4 24 27 4 38 4 43 4 48 30 4 41 4 44 4 44 4 38 44 4 28 4 39 4 80 34 4 29 4 21 41 4 16 4 67 21 4 27 4 46 4 38 4 47 31 4 23 4 64 33 4 27 4 71 39 4 44 4 19 4 36 4 18 4 69 31 4 22 4 25 4 29 4 40 34 4 16 4 83 49 4 23 4 18 4 37 4 34 31 4 30 4 41 4 62 9 4 18 4 41 36 4 42 4 81 49 20 87 32 4 9 4 33 4 66 27 20 59 27 4 39 4 38 4 29 16 4 42 4 20 4 12 4 45 12 4 31 4 50 23 4 36 4 52 4 25 17 4 50 4 45 30 4 27 4 32 4 23 49 4 52 4 22 4 31 27 4 45 4 76 36 4 17 4 51 44 4 43 41 4 45 4 47 4 79 18 4 16 4 45 27 4 44 4 60 15 4 29 4 62 37 4 33 4 37 25 4 20 4 38 41 4 15 4 36 42 4 32 4 74 53 4 5 4 35 24 4 39 4 23 4 78 35 4 37 4 21 30 4 44 4 22 4 59 27 4 8 4 44 4 60 29 4 37 4 29 4 22 4 92 39 4 28 4 30 4 27 4 96 36 4 27 4 37 4 42 31 4 34 4 72 16 4 29 4 19 4 55 17 4 9 4 25 4 85 36 4 40 4 40 4 64 24 4 19 4 39 4 58 41 16 13 16 49 29 4 96 23 16 15 16 82 18 4 47 4 21 40 4 26 4 39 4 58 49 4 38 4 44 4 12 4 39 42 4 22 4 12 38 4 17 4 28 4 34 4 67 42 4 41 4 27 4 73 27 4 30 4 20 4 74 44 4 26 4 42 4 42 40 4 39 4 41 4 68 19 4 34 4 26 4 23 4 31 20 4 40 4 25 4 32 4 62 25 4 22 4 34 4 44 30 4 31 4 32 4 67 11 4 15 4 33 4 
Best solution: 
25 19 4 33 4 15 4 108 24 4 41 4 19 23 4 44 4 34 4 31 26 4 35 4 19 4 24 27 4 38 4 43 4 48 30 4 41 4 44 4 44 4 38 44 4 28 4 39 4 80 34 4 29 4 21 41 4 16 4 67 21 4 27 4 46 4 38 4 47 31 4 23 4 64 33 4 27 4 71 39 4 44 4 19 4 36 4 18 4 69 31 4 22 4 25 4 29 4 40 34 4 16 4 83 49 4 23 4 18 4 37 4 34 31 4 30 4 41 4 62 9 4 18 4 41 36 4 42 4 81 49 20 87 32 4 9 4 33 4 66 27 20 59 27 4 39 4 38 4 29 16 4 42 4 20 4 12 4 45 12 4 31 4 50 23 4 36 4 52 4 25 17 4 50 4 45 30 4 27 4 32 4 23 49 4 52 4 22 4 31 27 4 45 4 76 36 4 17 4 51 44 4 43 41 4 45 4 47 4 79 18 4 16 4 45 27 4 44 4 60 15 4 29 4 62 37 4 33 4 37 25 4 20 4 38 41 4 15 4 36 42 4 32 4 74 53 4 5 4 35 24 4 39 4 23 4 78 35 4 37 4 21 30 4 44 4 22 4 59 27 4 8 4 44 4 60 29 4 37 4 29 4 22 4 92 39 4 28 4 30 4 27 4 96 36 4 27 4 37 4 42 31 4 34 4 72 16 4 29 4 19 4 55 17 4 9 4 25 4 85 36 4 40 4 40 4 64 24 4 19 4 39 4 58 41 16 13 16 49 29 4 96 23 16 15 16 82 18 4 47 4 21 40 4 26 4 39 4 58 49 4 38 4 44 4 12 4 39 42 4 22 4 12 38 4 17 4 28 4 34 4 67 42 4 41 4 27 4 73 27 4 30 4 20 4 74 44 4 26 4 42 4 42 40 4 39 4 41 4 68 19 4 34 4 26 4 23 4 31 20 4 40 4 25 4 32 4 62 25 4 22 4 34 4 44 30 4 31 4 32 4 67 11 4 15 4 33 4 
Fitness: 1.00289
