iteration 21 best: 1.00214 time: 7290
18 40 4 32 4 23 4 63 14 4 36 4 59 43 4 15 4 46 4 40 30 4 39 4 52 4 14 44 4 7 4 52 4 51 35 4 28 4 26 4 25 4 60 19 4 15 4 46 4 78 33 4 36 4 89 35 4 35 4 27 43 4 41 4 26 4 23 4 92 25 4 19 4 64 21 4 39 4 69 21 4 41 4 29 4 23 4 25 4 33 19 4 11 4 31 4 20 4 71 43 4 19 4 87 20 4 37 4 18 4 16 4 72 52 4 30 4 40 4 71 30 4 30 4 48 21 4 33 4 53 27 20 64 25 4 43 4 32 4 95 40 20 37 31 4 32 4 20 4 56 21 4 18 4 43 4 22 4 68 33 4 38 4 21 44 4 10 4 18 4 89 15 4 41 4 22 28 4 40 4 21 4 72 39 4 16 4 10 4 29 18 4 19 4 73 47 4 32 4 87 34 4 62 19 4 25 4 25 4 70 10 4 44 4 41 17 4 49 4 70 11 4 24 4 36 52 4 13 4 32 17 4 39 4 80 23 4 7 4 42 38 4 29 4 89 38 4 12 4 75 26 4 14 4 13 4 68 41 4 32 4 48 23 4 51 4 31 4 74 21 4 34 4 25 4 18 23 4 41 4 29 4 24 4 41 29 4 36 4 47 4 48 4 54 48 4 35 4 45 4 72 41 4 25 4 64 27 4 25 4 17 4 83 19 4 33 4 47 4 10 36 4 24 4 32 4 55 52 4 26 4 29 4 81 41 16 25 16 53 45 4 6 16 16 37 16 25 25 4 52 4 19 24 4 33 4 41 4 67 45 4 26 4 33 4 23 4 4 28 4 36 4 78 34 4 22 4 32 4 37 4 95 27 4 14 4 29 4 31 17 4 32 4 48 4 56 11 4 23 4 25 4 51 37 4 7 4 31 4 53 32 4 21 4 12 4 19 4 42 22 4 36 4 36 4 40 4 37 52 4 15 4 22 4 79 49 4 14 4 36 4 51 36 4 37 4 33 4 
iteration 46 best: 1.00214 time: 14716
18 40 4 32 4 23 4 63 14 4 36 4 59 43 4 15 4 46 4 40 30 4 39 4 52 4 14 44 4 7 4 52 4 51 35 4 28 4 26 4 25 4 60 19 4 15 4 46 4 78 33 4 36 4 89 35 4 35 4 27 43 4 41 4 26 4 23 4 92 25 4 19 4 64 21 4 39 4 69 21 4 41 4 29 4 23 4 25 4 33 19 4 11 4 31 4 20 4 71 43 4 19 4 87 20 4 37 4 18 4 16 4 72 52 4 30 4 40 4 71 30 4 30 4 48 21 4 33 4 53 27 20 64 25 4 43 4 32 4 95 40 20 37 31 4 32 4 20 4 56 21 4 18 4 43 4 22 4 68 33 4 38 4 21 44 4 10 4 18 4 89 15 4 41 4 22 28 4 40 4 21 4 72 39 4 16 4 10 4 29 18 4 19 4 73 47 4 32 4 87 34 4 62 19 4 25 4 25 4 70 10 4 44 4 41 17 4 49 4 70 11 4 24 4 36 52 4 13 4 32 17 4 39 4 80 23 4 7 4 42 38 4 29 4 89 38 4 12 4 75 26 4 14 4 13 4 68 41 4 32 4 48 23 4 51 4 31 4 74 21 4 34 4 25 4 18 23 4 41 4 29 4 24 4 41 29 4 36 4 47 4 48 4 54 48 4 35 4 45 4 72 41 4 25 4 64 27 4 25 4 17 4 83 19 4 33 4 47 4 10 36 4 24 4 32 4 55 52 4 26 4 29 4 81 41 16 25 16 53 45 4 6 16 16 37 16 25 25 4 52 4 19 24 4 33 4 41 4 67 45 4 26 4 33 4 23 4 4 28 4 36 4 78 34 4 22 4 32 4 37 4 95 27 4 14 4 29 4 31 17 4 32 4 48 4 56 11 4 23 4 25 4 51 37 4 7 4 31 4 53 32 4 21 4 12 4 19 4 42 22 4 36 4 36 4 40 4 37 52 4 15 4 22 4 79 49 4 14 4 36 4 51 36 4 37 4 33 4 
iteration 71 best: 1.00214 time: 22167
18 40 4 32 4 23 4 63 14 4 36 4 59 43 4 15 4 46 4 40 30 4 39 4 52 4 14 44 4 7 4 52 4 51 35 4 28 4 26 4 25 4 60 19 4 15 4 46 4 78 33 4 36 4 89 35 4 35 4 27 43 4 41 4 26 4 23 4 92 25 4 19 4 64 21 4 39 4 69 21 4 41 4 29 4 23 4 25 4 33 19 4 11 4 31 4 20 4 71 43 4 19 4 87 20 4 37 4 18 4 16 4 72 52 4 30 4 40 4 71 30 4 30 4 48 21 4 33 4 53 27 20 64 25 4 43 4 32 4 95 40 20 37 31 4 32 4 20 4 56 21 4 18 4 43 4 22 4 68 33 4 38 4 21 44 4 10 4 18 4 89 15 4 41 4 22 28 4 40 4 21 4 72 39 4 16 4 10 4 29 18 4 19 4 73 47 4 32 4 87 34 4 62 19 4 25 4 25 4 70 10 4 44 4 41 17 4 49 4 70 11 4 24 4 36 52 4 13 4 32 17 4 39 4 80 23 4 7 4 42 38 4 29 4 89 38 4 12 4 75 26 4 14 4 13 4 68 41 4 32 4 48 23 4 51 4 31 4 74 21 4 34 4 25 4 18 23 4 41 4 29 4 24 4 41 29 4 36 4 47 4 48 4 54 48 4 35 4 45 4 72 41 4 25 4 64 27 4 25 4 17 4 83 19 4 33 4 47 4 10 36 4 24 4 32 4 55 52 4 26 4 29 4 81 41 16 25 16 53 45 4 6 16 16 37 16 25 25 4 52 4 19 24 4 33 4 41 4 67 45 4 26 4 33 4 23 4 4 28 4 36 4 78 34 4 22 4 32 4 37 4 95 27 4 14 4 29 4 31 17 4 32 4 48 4 56 11 4 23 4 25 4 51 37 4 7 4 31 4 53 32 4 21 4 12 4 19 4 42 22 4 36 4 36 4 40 4 37 52 4 15 4 22 4 79 49 4 14 4 36 4 51 36 4 37 4 33 4 
iteration 96 best: 1.00214 time: 29622
18 40 4 32 4 23 4 63 14 4 36 4 59 43 4 15 4 46 4 40 30 4 39 4 52 4 14 44 4 7 4 52 4 51 35 4 28 4 26 4 25 4 60 19 4 15 4 46 4 78 33 4 36 4 89 35 4 35 4 27 43 4 41 4 26 4 23 4 92 25 4 19 4 64 21 4 39 4 69 21 4 41 4 29 4 23 4 25 4 33 19 4 11 4 31 4 20 4 71 43 4 19 4 87 20 4 37 4 18 4 16 4 72 52 4 30 4 40 4 71 30 4 30 4 48 21 4 33 4 53 27 20 64 25 4 43 4 32 4 95 40 20 37 31 4 32 4 20 4 56 21 4 18 4 43 4 22 4 68 33 4 38 4 21 44 4 10 4 18 4 89 15 4 41 4 22 28 4 40 4 21 4 72 39 4 16 4 10 4 29 18 4 19 4 73 47 4 32 4 87 34 4 62 19 4 25 4 25 4 70 10 4 44 4 41 17 4 49 4 70 11 4 24 4 36 52 4 13 4 32 17 4 39 4 80 23 4 7 4 42 38 4 29 4 89 38 4 12 4 75 26 4 14 4 13 4 68 41 4 32 4 48 23 4 51 4 31 4 74 21 4 34 4 25 4 18 23 4 41 4 29 4 24 4 41 29 4 36 4 47 4 48 4 54 48 4 35 4 45 4 72 41 4 25 4 64 27 4 25 4 17 4 83 19 4 33 4 47 4 10 36 4 24 4 32 4 55 52 4 26 4 29 4 81 41 16 25 16 53 45 4 6 16 16 37 16 25 25 4 52 4 19 24 4 33 4 41 4 67 45 4 26 4 33 4 23 4 4 28 4 36 4 78 34 4 22 4 32 4 37 4 95 27 4 14 4 29 4 31 17 4 32 4 48 4 56 11 4 23 4 25 4 51 37 4 7 4 31 4 53 32 4 21 4 12 4 19 4 42 22 4 36 4 36 4 40 4 37 52 4 15 4 22 4 79 49 4 14 4 36 4 51 36 4 37 4 33 4 
iteration 121 best: 1.00214 time: 37076
18 40 4 32 4 23 4 63 14 4 36 4 59 43 4 15 4 46 4 40 30 4 39 4 52 4 14 44 4 7 4 52 4 51 35 4 28 4 26 4 25 4 60 19 4 15 4 46 4 78 33 4 36 4 89 35 4 35 4 27 43 4 41 4 26 4 23 4 92 25 4 19 4 64 21 4 39 4 69 21 4 41 4 29 4 23 4 25 4 33 19 4 11 4 31 4 20 4 71 43 4 19 4 87 20 4 37 4 18 4 16 4 72 52 4 30 4 40 4 71 30 4 30 4 48 21 4 33 4 53 27 20 64 25 4 43 4 32 4 95 40 20 37 31 4 32 4 20 4 56 21 4 18 4 43 4 22 4 68 33 4 38 4 21 44 4 10 4 18 4 89 15 4 41 4 22 28 4 40 4 21 4 72 39 4 16 4 10 4 29 18 4 19 4 73 47 4 32 4 87 34 4 62 19 4 25 4 25 4 70 10 4 44 4 41 17 4 49 4 70 11 4 24 4 36 52 4 13 4 32 17 4 39 4 80 23 4 7 4 42 38 4 29 4 89 38 4 12 4 75 26 4 14 4 13 4 68 41 4 32 4 48 23 4 51 4 31 4 74 21 4 34 4 25 4 18 23 4 41 4 29 4 24 4 41 29 4 36 4 47 4 48 4 54 48 4 35 4 45 4 72 41 4 25 4 64 27 4 25 4 17 4 83 19 4 33 4 47 4 10 36 4 24 4 32 4 55 52 4 26 4 29 4 81 41 16 25 16 53 45 4 6 16 16 37 16 25 25 4 52 4 19 24 4 33 4 41 4 67 45 4 26 4 33 4 23 4 4 28 4 36 4 78 34 4 22 4 32 4 37 4 95 27 4 14 4 29 4 31 17 4 32 4 48 4 56 11 4 23 4 25 4 51 37 4 7 4 31 4 53 32 4 21 4 12 4 19 4 42 22 4 36 4 36 4 40 4 37 52 4 15 4 22 4 79 49 4 14 4 36 4 51 36 4 37 4 33 4 
iteration 146 best: 1.00214 time: 44560
18 40 4 32 4 23 4 63 14 4 36 4 59 43 4 15 4 46 4 40 30 4 39 4 52 4 14 44 4 7 4 52 4 51 35 4 28 4 26 4 25 4 60 19 4 15 4 46 4 78 33 4 36 4 89 35 4 35 4 27 43 4 41 4 26 4 23 4 92 25 4 19 4 64 21 4 39 4 69 21 4 41 4 29 4 23 4 25 4 33 19 4 11 4 31 4 20 4 71 43 4 19 4 87 20 4 37 4 18 4 16 4 72 52 4 30 4 40 4 71 30 4 30 4 48 21 4 33 4 53 27 20 64 25 4 43 4 32 4 95 40 20 37 31 4 32 4 20 4 56 21 4 18 4 43 4 22 4 68 33 4 38 4 21 44 4 10 4 18 4 89 15 4 41 4 22 28 4 40 4 21 4 72 39 4 16 4 10 4 29 18 4 19 4 73 47 4 32 4 87 34 4 62 19 4 25 4 25 4 70 10 4 44 4 41 17 4 49 4 70 11 4 24 4 36 52 4 13 4 32 17 4 39 4 80 23 4 7 4 42 38 4 29 4 89 38 4 12 4 75 26 4 14 4 13 4 68 41 4 32 4 48 23 4 51 4 31 4 74 21 4 34 4 25 4 18 23 4 41 4 29 4 24 4 41 29 4 36 4 47 4 48 4 54 48 4 35 4 45 4 72 41 4 25 4 64 27 4 25 4 17 4 83 19 4 33 4 47 4 10 36 4 24 4 32 4 55 52 4 26 4 29 4 81 41 16 25 16 53 45 4 6 16 16 37 16 25 25 4 52 4 19 24 4 33 4 41 4 67 45 4 26 4 33 4 23 4 4 28 4 36 4 78 34 4 22 4 32 4 37 4 95 27 4 14 4 29 4 31 17 4 32 4 48 4 56 11 4 23 4 25 4 51 37 4 7 4 31 4 53 32 4 21 4 12 4 19 4 42 22 4 36 4 36 4 40 4 37 52 4 15 4 22 4 79 49 4 14 4 36 4 51 36 4 37 4 33 4 
iteration 171 best: 1.00214 time: 51988
18 40 4 32 4 23 4 63 14 4 36 4 59 43 4 15 4 46 4 40 30 4 39 4 52 4 14 44 4 7 4 52 4 51 35 4 28 4 26 4 25 4 60 19 4 15 4 46 4 78 33 4 36 4 89 35 4 35 4 27 43 4 41 4 26 4 23 4 92 25 4 19 4 64 21 4 39 4 69 21 4 41 4 29 4 23 4 25 4 33 19 4 11 4 31 4 20 4 71 43 4 19 4 87 20 4 37 4 18 4 16 4 72 52 4 30 4 40 4 71 30 4 30 4 48 21 4 33 4 53 27 20 64 25 4 43 4 32 4 95 40 20 37 31 4 32 4 20 4 56 21 4 18 4 43 4 22 4 68 33 4 38 4 21 44 4 10 4 18 4 89 15 4 41 4 22 28 4 40 4 21 4 72 39 4 16 4 10 4 29 18 4 19 4 73 47 4 32 4 87 34 4 62 19 4 25 4 25 4 70 10 4 44 4 41 17 4 49 4 70 11 4 24 4 36 52 4 13 4 32 17 4 39 4 80 23 4 7 4 42 38 4 29 4 89 38 4 12 4 75 26 4 14 4 13 4 68 41 4 32 4 48 23 4 51 4 31 4 74 21 4 34 4 25 4 18 23 4 41 4 29 4 24 4 41 29 4 36 4 47 4 48 4 54 48 4 35 4 45 4 72 41 4 25 4 64 27 4 25 4 17 4 83 19 4 33 4 47 4 10 36 4 24 4 32 4 55 52 4 26 4 29 4 81 41 16 25 16 53 45 4 6 16 16 37 16 25 25 4 52 4 19 24 4 33 4 41 4 67 45 4 26 4 33 4 23 4 4 28 4 36 4 78 34 4 22 4 32 4 37 4 95 27 4 14 4 29 4 31 17 4 32 4 48 4 56 11 4 23 4 25 4 51 37 4 7 4 31 4 53 32 4 21 4 12 4 19 4 42 22 4 36 4 36 4 40 4 37 52 4 15 4 22 4 79 49 4 14 4 36 4 51 36 4 37 4 33 4 
iteration 196 best: 1.00214 time: 59424
18 40 4 32 4 23 4 63 14 4 36 4 59 43 4 15 4 46 4 40 30 4 39 4 52 4 14 44 4 7 4 52 4 51 35 4 28 4 26 4 25 4 60 19 4 15 4 46 4 78 33 4 36 4 89 35 4 35 4 27 43 4 41 4 26 4 23 4 92 25 4 19 4 64 21 4 39 4 69 21 4 41 4 29 4 23 4 25 4 33 19 4 11 4 31 4 20 4 71 43 4 19 4 87 20 4 37 4 18 4 16 4 72 52 4 30 4 40 4 71 30 4 30 4 48 21 4 33 4 53 27 20 64 25 4 43 4 32 4 95 40 20 37 31 4 32 4 20 4 56 21 4 18 4 43 4 22 4 68 33 4 38 4 21 44 4 10 4 18 4 89 15 4 41 4 22 28 4 40 4 21 4 72 39 4 16 4 10 4 29 18 4 19 4 73 47 4 32 4 87 34 4 62 19 4 25 4 25 4 70 10 4 44 4 41 17 4 49 4 70 11 4 24 4 36 52 4 13 4 32 17 4 39 4 80 23 4 7 4 42 38 4 29 4 89 38 4 12 4 75 26 4 14 4 13 4 68 41 4 32 4 48 23 4 51 4 31 4 74 21 4 34 4 25 4 18 23 4 41 4 29 4 24 4 41 29 4 36 4 47 4 48 4 54 48 4 35 4 45 4 72 41 4 25 4 64 27 4 25 4 17 4 83 19 4 33 4 47 4 10 36 4 24 4 32 4 55 52 4 26 4 29 4 81 41 16 25 16 53 45 4 6 16 16 37 16 25 25 4 52 4 19 24 4 33 4 41 4 67 45 4 26 4 33 4 23 4 4 28 4 36 4 78 34 4 22 4 32 4 37 4 95 27 4 14 4 29 4 31 17 4 32 4 48 4 56 11 4 23 4 25 4 51 37 4 7 4 31 4 53 32 4 21 4 12 4 19 4 42 22 4 36 4 36 4 40 4 37 52 4 15 4 22 4 79 49 4 14 4 36 4 51 36 4 37 4 33 4 
iteration 221 best: 1.00214 time: 66879
18 40 4 32 4 23 4 63 14 4 36 4 59 43 4 15 4 46 4 40 30 4 39 4 52 4 14 44 4 7 4 52 4 51 35 4 28 4 26 4 25 4 60 19 4 15 4 46 4 78 33 4 36 4 89 35 4 35 4 27 43 4 41 4 26 4 23 4 92 25 4 19 4 64 21 4 39 4 69 21 4 41 4 29 4 23 4 25 4 33 19 4 11 4 31 4 20 4 71 43 4 19 4 87 20 4 37 4 18 4 16 4 72 52 4 30 4 40 4 71 30 4 30 4 48 21 4 33 4 53 27 20 64 25 4 43 4 32 4 95 40 20 37 31 4 32 4 20 4 56 21 4 18 4 43 4 22 4 68 33 4 38 4 21 44 4 10 4 18 4 89 15 4 41 4 22 28 4 40 4 21 4 72 39 4 16 4 10 4 29 18 4 19 4 73 47 4 32 4 87 34 4 62 19 4 25 4 25 4 70 10 4 44 4 41 17 4 49 4 70 11 4 24 4 36 52 4 13 4 32 17 4 39 4 80 23 4 7 4 42 38 4 29 4 89 38 4 12 4 75 26 4 14 4 13 4 68 41 4 32 4 48 23 4 51 4 31 4 74 21 4 34 4 25 4 18 23 4 41 4 29 4 24 4 41 29 4 36 4 47 4 48 4 54 48 4 35 4 45 4 72 41 4 25 4 64 27 4 25 4 17 4 83 19 4 33 4 47 4 10 36 4 24 4 32 4 55 52 4 26 4 29 4 81 41 16 25 16 53 45 4 6 16 16 37 16 25 25 4 52 4 19 24 4 33 4 41 4 67 45 4 26 4 33 4 23 4 4 28 4 36 4 78 34 4 22 4 32 4 37 4 95 27 4 14 4 29 4 31 17 4 32 4 48 4 56 11 4 23 4 25 4 51 37 4 7 4 31 4 53 32 4 21 4 12 4 19 4 42 22 4 36 4 36 4 40 4 37 52 4 15 4 22 4 79 49 4 14 4 36 4 51 36 4 37 4 33 4 
iteration 246 best: 1.00214 time: 74338
18 40 4 32 4 23 4 63 14 4 36 4 59 43 4 15 4 46 4 40 30 4 39 4 52 4 14 44 4 7 4 52 4 51 35 4 28 4 26 4 25 4 60 19 4 15 4 46 4 78 33 4 36 4 89 35 4 35 4 27 43 4 41 4 26 4 23 4 92 25 4 19 4 64 21 4 39 4 69 21 4 41 4 29 4 23 4 25 4 33 19 4 11 4 31 4 20 4 71 43 4 19 4 87 20 4 37 4 18 4 16 4 72 52 4 30 4 40 4 71 30 4 30 4 48 21 4 33 4 53 27 20 64 25 4 43 4 32 4 95 40 20 37 31 4 32 4 20 4 56 21 4 18 4 43 4 22 4 68 33 4 38 4 21 44 4 10 4 18 4 89 15 4 41 4 22 28 4 40 4 21 4 72 39 4 16 4 10 4 29 18 4 19 4 73 47 4 32 4 87 34 4 62 19 4 25 4 25 4 70 10 4 44 4 41 17 4 49 4 70 11 4 24 4 36 52 4 13 4 32 17 4 39 4 80 23 4 7 4 42 38 4 29 4 89 38 4 12 4 75 26 4 14 4 13 4 68 41 4 32 4 48 23 4 51 4 31 4 74 21 4 34 4 25 4 18 23 4 41 4 29 4 24 4 41 29 4 36 4 47 4 48 4 54 48 4 35 4 45 4 72 41 4 25 4 64 27 4 25 4 17 4 83 19 4 33 4 47 4 10 36 4 24 4 32 4 55 52 4 26 4 29 4 81 41 16 25 16 53 45 4 6 16 16 37 16 25 25 4 52 4 19 24 4 33 4 41 4 67 45 4 26 4 33 4 23 4 4 28 4 36 4 78 34 4 22 4 32 4 37 4 95 27 4 14 4 29 4 31 17 4 32 4 48 4 56 11 4 23 4 25 4 51 37 4 7 4 31 4 53 32 4 21 4 12 4 19 4 42 22 4 36 4 36 4 40 4 37 52 4 15 4 22 4 79 49 4 14 4 36 4 51 36 4 37 4 33 4 
iteration 271 best: 1.00214 time: 81785
18 40 4 32 4 23 4 63 14 4 36 4 59 43 4 15 4 46 4 40 30 4 39 4 52 4 14 44 4 7 4 52 4 51 35 4 28 4 26 4 25 4 60 19 4 15 4 46 4 78 33 4 36 4 89 35 4 35 4 27 43 4 41 4 26 4 23 4 92 25 4 19 4 64 21 4 39 4 69 21 4 41 4 29 4 23 4 25 4 33 19 4 11 4 31 4 20 4 71 43 4 19 4 87 20 4 37 4 18 4 16 4 72 52 4 30 4 40 4 71 30 4 30 4 48 21 4 33 4 53 27 20 64 25 4 43 4 32 4 95 40 20 37 31 4 32 4 20 4 56 21 4 18 4 43 4 22 4 68 33 4 38 4 21 44 4 10 4 18 4 89 15 4 41 4 22 28 4 40 4 21 4 72 39 4 16 4 10 4 29 18 4 19 4 73 47 4 32 4 87 34 4 62 19 4 25 4 25 4 70 10 4 44 4 41 17 4 49 4 70 11 4 24 4 36 52 4 13 4 32 17 4 39 4 80 23 4 7 4 42 38 4 29 4 89 38 4 12 4 75 26 4 14 4 13 4 68 41 4 32 4 48 23 4 51 4 31 4 74 21 4 34 4 25 4 18 23 4 41 4 29 4 24 4 41 29 4 36 4 47 4 48 4 54 48 4 35 4 45 4 72 41 4 25 4 64 27 4 25 4 17 4 83 19 4 33 4 47 4 10 36 4 24 4 32 4 55 52 4 26 4 29 4 81 41 16 25 16 53 45 4 6 16 16 37 16 25 25 4 52 4 19 24 4 33 4 41 4 67 45 4 26 4 33 4 23 4 4 28 4 36 4 78 34 4 22 4 32 4 37 4 95 27 4 14 4 29 4 31 17 4 32 4 48 4 56 11 4 23 4 25 4 51 37 4 7 4 31 4 53 32 4 21 4 12 4 19 4 42 22 4 36 4 36 4 40 4 37 52 4 15 4 22 4 79 49 4 14 4 36 4 51 36 4 37 4 33 4 
iteration 296 best: 1.00214 time: 89233
18 40 4 32 4 23 4 63 14 4 36 4 59 43 4 15 4 46 4 40 30 4 39 4 52 4 14 44 4 7 4 52 4 51 35 4 28 4 26 4 25 4 60 19 4 15 4 46 4 78 33 4 36 4 89 35 4 35 4 27 43 4 41 4 26 4 23 4 92 25 4 19 4 64 21 4 39 4 69 21 4 41 4 29 4 23 4 25 4 33 19 4 11 4 31 4 20 4 71 43 4 19 4 87 20 4 37 4 18 4 16 4 72 52 4 30 4 40 4 71 30 4 30 4 48 21 4 33 4 53 27 20 64 25 4 43 4 32 4 95 40 20 37 31 4 32 4 20 4 56 21 4 18 4 43 4 22 4 68 33 4 38 4 21 44 4 10 4 18 4 89 15 4 41 4 22 28 4 40 4 21 4 72 39 4 16 4 10 4 29 18 4 19 4 73 47 4 32 4 87 34 4 62 19 4 25 4 25 4 70 10 4 44 4 41 17 4 49 4 70 11 4 24 4 36 52 4 13 4 32 17 4 39 4 80 23 4 7 4 42 38 4 29 4 89 38 4 12 4 75 26 4 14 4 13 4 68 41 4 32 4 48 23 4 51 4 31 4 74 21 4 34 4 25 4 18 23 4 41 4 29 4 24 4 41 29 4 36 4 47 4 48 4 54 48 4 35 4 45 4 72 41 4 25 4 64 27 4 25 4 17 4 83 19 4 33 4 47 4 10 36 4 24 4 32 4 55 52 4 26 4 29 4 81 41 16 25 16 53 45 4 6 16 16 37 16 25 25 4 52 4 19 24 4 33 4 41 4 67 45 4 26 4 33 4 23 4 4 28 4 36 4 78 34 4 22 4 32 4 37 4 95 27 4 14 4 29 4 31 17 4 32 4 48 4 56 11 4 23 4 25 4 51 37 4 7 4 31 4 53 32 4 21 4 12 4 19 4 42 22 4 36 4 36 4 40 4 37 52 4 15 4 22 4 79 49 4 14 4 36 4 51 36 4 37 4 33 4 
iteration 321 best: 1.00214 time: 96693
18 40 4 32 4 23 4 63 14 4 36 4 59 43 4 15 4 46 4 40 30 4 39 4 52 4 14 44 4 7 4 52 4 51 35 4 28 4 26 4 25 4 60 19 4 15 4 46 4 78 33 4 36 4 89 35 4 35 4 27 43 4 41 4 26 4 23 4 92 25 4 19 4 64 21 4 39 4 69 21 4 41 4 29 4 23 4 25 4 33 19 4 11 4 31 4 20 4 71 43 4 19 4 87 20 4 37 4 18 4 16 4 72 52 4 30 4 40 4 71 30 4 30 4 48 21 4 33 4 53 27 20 64 25 4 43 4 32 4 95 40 20 37 31 4 32 4 20 4 56 21 4 18 4 43 4 22 4 68 33 4 38 4 21 44 4 10 4 18 4 89 15 4 41 4 22 28 4 40 4 21 4 72 39 4 16 4 10 4 29 18 4 19 4 73 47 4 32 4 87 34 4 62 19 4 25 4 25 4 70 10 4 44 4 41 17 4 49 4 70 11 4 24 4 36 52 4 13 4 32 17 4 39 4 80 23 4 7 4 42 38 4 29 4 89 38 4 12 4 75 26 4 14 4 13 4 68 41 4 32 4 48 23 4 51 4 31 4 74 21 4 34 4 25 4 18 23 4 41 4 29 4 24 4 41 29 4 36 4 47 4 48 4 54 48 4 35 4 45 4 72 41 4 25 4 64 27 4 25 4 17 4 83 19 4 33 4 47 4 10 36 4 24 4 32 4 55 52 4 26 4 29 4 81 41 16 25 16 53 45 4 6 16 16 37 16 25 25 4 52 4 19 24 4 33 4 41 4 67 45 4 26 4 33 4 23 4 4 28 4 36 4 78 34 4 22 4 32 4 37 4 95 27 4 14 4 29 4 31 17 4 32 4 48 4 56 11 4 23 4 25 4 51 37 4 7 4 31 4 53 32 4 21 4 12 4 19 4 42 22 4 36 4 36 4 40 4 37 52 4 15 4 22 4 79 49 4 14 4 36 4 51 36 4 37 4 33 4 
iteration 346 best: 1.00214 time: 104128
18 40 4 32 4 23 4 63 14 4 36 4 59 43 4 15 4 46 4 40 30 4 39 4 52 4 14 44 4 7 4 52 4 51 35 4 28 4 26 4 25 4 60 19 4 15 4 46 4 78 33 4 36 4 89 35 4 35 4 27 43 4 41 4 26 4 23 4 92 25 4 19 4 64 21 4 39 4 69 21 4 41 4 29 4 23 4 25 4 33 19 4 11 4 31 4 20 4 71 43 4 19 4 87 20 4 37 4 18 4 16 4 72 52 4 30 4 40 4 71 30 4 30 4 48 21 4 33 4 53 27 20 64 25 4 43 4 32 4 95 40 20 37 31 4 32 4 20 4 56 21 4 18 4 43 4 22 4 68 33 4 38 4 21 44 4 10 4 18 4 89 15 4 41 4 22 28 4 40 4 21 4 72 39 4 16 4 10 4 29 18 4 19 4 73 47 4 32 4 87 34 4 62 19 4 25 4 25 4 70 10 4 44 4 41 17 4 49 4 70 11 4 24 4 36 52 4 13 4 32 17 4 39 4 80 23 4 7 4 42 38 4 29 4 89 38 4 12 4 75 26 4 14 4 13 4 68 41 4 32 4 48 23 4 51 4 31 4 74 21 4 34 4 25 4 18 23 4 41 4 29 4 24 4 41 29 4 36 4 47 4 48 4 54 48 4 35 4 45 4 72 41 4 25 4 64 27 4 25 4 17 4 83 19 4 33 4 47 4 10 36 4 24 4 32 4 55 52 4 26 4 29 4 81 41 16 25 16 53 45 4 6 16 16 37 16 25 25 4 52 4 19 24 4 33 4 41 4 67 45 4 26 4 33 4 23 4 4 28 4 36 4 78 34 4 22 4 32 4 37 4 95 27 4 14 4 29 4 31 17 4 32 4 48 4 56 11 4 23 4 25 4 51 37 4 7 4 31 4 53 32 4 21 4 12 4 19 4 42 22 4 36 4 36 4 40 4 37 52 4 15 4 22 4 79 49 4 14 4 36 4 51 36 4 37 4 33 4 
iteration 371 best: 1.00214 time: 111574
18 40 4 32 4 23 4 63 14 4 36 4 59 43 4 15 4 46 4 40 30 4 39 4 52 4 14 44 4 7 4 52 4 51 35 4 28 4 26 4 25 4 60 19 4 15 4 46 4 78 33 4 36 4 89 35 4 35 4 27 43 4 41 4 26 4 23 4 92 25 4 19 4 64 21 4 39 4 69 21 4 41 4 29 4 23 4 25 4 33 19 4 11 4 31 4 20 4 71 43 4 19 4 87 20 4 37 4 18 4 16 4 72 52 4 30 4 40 4 71 30 4 30 4 48 21 4 33 4 53 27 20 64 25 4 43 4 32 4 95 40 20 37 31 4 32 4 20 4 56 21 4 18 4 43 4 22 4 68 33 4 38 4 21 44 4 10 4 18 4 89 15 4 41 4 22 28 4 40 4 21 4 72 39 4 16 4 10 4 29 18 4 19 4 73 47 4 32 4 87 34 4 62 19 4 25 4 25 4 70 10 4 44 4 41 17 4 49 4 70 11 4 24 4 36 52 4 13 4 32 17 4 39 4 80 23 4 7 4 42 38 4 29 4 89 38 4 12 4 75 26 4 14 4 13 4 68 41 4 32 4 48 23 4 51 4 31 4 74 21 4 34 4 25 4 18 23 4 41 4 29 4 24 4 41 29 4 36 4 47 4 48 4 54 48 4 35 4 45 4 72 41 4 25 4 64 27 4 25 4 17 4 83 19 4 33 4 47 4 10 36 4 24 4 32 4 55 52 4 26 4 29 4 81 41 16 25 16 53 45 4 6 16 16 37 16 25 25 4 52 4 19 24 4 33 4 41 4 67 45 4 26 4 33 4 23 4 4 28 4 36 4 78 34 4 22 4 32 4 37 4 95 27 4 14 4 29 4 31 17 4 32 4 48 4 56 11 4 23 4 25 4 51 37 4 7 4 31 4 53 32 4 21 4 12 4 19 4 42 22 4 36 4 36 4 40 4 37 52 4 15 4 22 4 79 49 4 14 4 36 4 51 36 4 37 4 33 4 
iteration 396 best: 1.00214 time: 119029
18 40 4 32 4 23 4 63 14 4 36 4 59 43 4 15 4 46 4 40 30 4 39 4 52 4 14 44 4 7 4 52 4 51 35 4 28 4 26 4 25 4 60 19 4 15 4 46 4 78 33 4 36 4 89 35 4 35 4 27 43 4 41 4 26 4 23 4 92 25 4 19 4 64 21 4 39 4 69 21 4 41 4 29 4 23 4 25 4 33 19 4 11 4 31 4 20 4 71 43 4 19 4 87 20 4 37 4 18 4 16 4 72 52 4 30 4 40 4 71 30 4 30 4 48 21 4 33 4 53 27 20 64 25 4 43 4 32 4 95 40 20 37 31 4 32 4 20 4 56 21 4 18 4 43 4 22 4 68 33 4 38 4 21 44 4 10 4 18 4 89 15 4 41 4 22 28 4 40 4 21 4 72 39 4 16 4 10 4 29 18 4 19 4 73 47 4 32 4 87 34 4 62 19 4 25 4 25 4 70 10 4 44 4 41 17 4 49 4 70 11 4 24 4 36 52 4 13 4 32 17 4 39 4 80 23 4 7 4 42 38 4 29 4 89 38 4 12 4 75 26 4 14 4 13 4 68 41 4 32 4 48 23 4 51 4 31 4 74 21 4 34 4 25 4 18 23 4 41 4 29 4 24 4 41 29 4 36 4 47 4 48 4 54 48 4 35 4 45 4 72 41 4 25 4 64 27 4 25 4 17 4 83 19 4 33 4 47 4 10 36 4 24 4 32 4 55 52 4 26 4 29 4 81 41 16 25 16 53 45 4 6 16 16 37 16 25 25 4 52 4 19 24 4 33 4 41 4 67 45 4 26 4 33 4 23 4 4 28 4 36 4 78 34 4 22 4 32 4 37 4 95 27 4 14 4 29 4 31 17 4 32 4 48 4 56 11 4 23 4 25 4 51 37 4 7 4 31 4 53 32 4 21 4 12 4 19 4 42 22 4 36 4 36 4 40 4 37 52 4 15 4 22 4 79 49 4 14 4 36 4 51 36 4 37 4 33 4 
iteration 421 best: 1.00214 time: 126479
18 40 4 32 4 23 4 63 14 4 36 4 59 43 4 15 4 46 4 40 30 4 39 4 52 4 14 44 4 7 4 52 4 51 35 4 28 4 26 4 25 4 60 19 4 15 4 46 4 78 33 4 36 4 89 35 4 35 4 27 43 4 41 4 26 4 23 4 92 25 4 19 4 64 21 4 39 4 69 21 4 41 4 29 4 23 4 25 4 33 19 4 11 4 31 4 20 4 71 43 4 19 4 87 20 4 37 4 18 4 16 4 72 52 4 30 4 40 4 71 30 4 30 4 48 21 4 33 4 53 27 20 64 25 4 43 4 32 4 95 40 20 37 31 4 32 4 20 4 56 21 4 18 4 43 4 22 4 68 33 4 38 4 21 44 4 10 4 18 4 89 15 4 41 4 22 28 4 40 4 21 4 72 39 4 16 4 10 4 29 18 4 19 4 73 47 4 32 4 87 34 4 62 19 4 25 4 25 4 70 10 4 44 4 41 17 4 49 4 70 11 4 24 4 36 52 4 13 4 32 17 4 39 4 80 23 4 7 4 42 38 4 29 4 89 38 4 12 4 75 26 4 14 4 13 4 68 41 4 32 4 48 23 4 51 4 31 4 74 21 4 34 4 25 4 18 23 4 41 4 29 4 24 4 41 29 4 36 4 47 4 48 4 54 48 4 35 4 45 4 72 41 4 25 4 64 27 4 25 4 17 4 83 19 4 33 4 47 4 10 36 4 24 4 32 4 55 52 4 26 4 29 4 81 41 16 25 16 53 45 4 6 16 16 37 16 25 25 4 52 4 19 24 4 33 4 41 4 67 45 4 26 4 33 4 23 4 4 28 4 36 4 78 34 4 22 4 32 4 37 4 95 27 4 14 4 29 4 31 17 4 32 4 48 4 56 11 4 23 4 25 4 51 37 4 7 4 31 4 53 32 4 21 4 12 4 19 4 42 22 4 36 4 36 4 40 4 37 52 4 15 4 22 4 79 49 4 14 4 36 4 51 36 4 37 4 33 4 
iteration 446 best: 1.00214 time: 133949
18 40 4 32 4 23 4 63 14 4 36 4 59 43 4 15 4 46 4 40 30 4 39 4 52 4 14 44 4 7 4 52 4 51 35 4 28 4 26 4 25 4 60 19 4 15 4 46 4 78 33 4 36 4 89 35 4 35 4 27 43 4 41 4 26 4 23 4 92 25 4 19 4 64 21 4 39 4 69 21 4 41 4 29 4 23 4 25 4 33 19 4 11 4 31 4 20 4 71 43 4 19 4 87 20 4 37 4 18 4 16 4 72 52 4 30 4 40 4 71 30 4 30 4 48 21 4 33 4 53 27 20 64 25 4 43 4 32 4 95 40 20 37 31 4 32 4 20 4 56 21 4 18 4 43 4 22 4 68 33 4 38 4 21 44 4 10 4 18 4 89 15 4 41 4 22 28 4 40 4 21 4 72 39 4 16 4 10 4 29 18 4 19 4 73 47 4 32 4 87 34 4 62 19 4 25 4 25 4 70 10 4 44 4 41 17 4 49 4 70 11 4 24 4 36 52 4 13 4 32 17 4 39 4 80 23 4 7 4 42 38 4 29 4 89 38 4 12 4 75 26 4 14 4 13 4 68 41 4 32 4 48 23 4 51 4 31 4 74 21 4 34 4 25 4 18 23 4 41 4 29 4 24 4 41 29 4 36 4 47 4 48 4 54 48 4 35 4 45 4 72 41 4 25 4 64 27 4 25 4 17 4 83 19 4 33 4 47 4 10 36 4 24 4 32 4 55 52 4 26 4 29 4 81 41 16 25 16 53 45 4 6 16 16 37 16 25 25 4 52 4 19 24 4 33 4 41 4 67 45 4 26 4 33 4 23 4 4 28 4 36 4 78 34 4 22 4 32 4 37 4 95 27 4 14 4 29 4 31 17 4 32 4 48 4 56 11 4 23 4 25 4 51 37 4 7 4 31 4 53 32 4 21 4 12 4 19 4 42 22 4 36 4 36 4 40 4 37 52 4 15 4 22 4 79 49 4 14 4 36 4 51 36 4 37 4 33 4 
iteration 471 best: 1.00214 time: 141425
18 40 4 32 4 23 4 63 14 4 36 4 59 43 4 15 4 46 4 40 30 4 39 4 52 4 14 44 4 7 4 52 4 51 35 4 28 4 26 4 25 4 60 19 4 15 4 46 4 78 33 4 36 4 89 35 4 35 4 27 43 4 41 4 26 4 23 4 92 25 4 19 4 64 21 4 39 4 69 21 4 41 4 29 4 23 4 25 4 33 19 4 11 4 31 4 20 4 71 43 4 19 4 87 20 4 37 4 18 4 16 4 72 52 4 30 4 40 4 71 30 4 30 4 48 21 4 33 4 53 27 20 64 25 4 43 4 32 4 95 40 20 37 31 4 32 4 20 4 56 21 4 18 4 43 4 22 4 68 33 4 38 4 21 44 4 10 4 18 4 89 15 4 41 4 22 28 4 40 4 21 4 72 39 4 16 4 10 4 29 18 4 19 4 73 47 4 32 4 87 34 4 62 19 4 25 4 25 4 70 10 4 44 4 41 17 4 49 4 70 11 4 24 4 36 52 4 13 4 32 17 4 39 4 80 23 4 7 4 42 38 4 29 4 89 38 4 12 4 75 26 4 14 4 13 4 68 41 4 32 4 48 23 4 51 4 31 4 74 21 4 34 4 25 4 18 23 4 41 4 29 4 24 4 41 29 4 36 4 47 4 48 4 54 48 4 35 4 45 4 72 41 4 25 4 64 27 4 25 4 17 4 83 19 4 33 4 47 4 10 36 4 24 4 32 4 55 52 4 26 4 29 4 81 41 16 25 16 53 45 4 6 16 16 37 16 25 25 4 52 4 19 24 4 33 4 41 4 67 45 4 26 4 33 4 23 4 4 28 4 36 4 78 34 4 22 4 32 4 37 4 95 27 4 14 4 29 4 31 17 4 32 4 48 4 56 11 4 23 4 25 4 51 37 4 7 4 31 4 53 32 4 21 4 12 4 19 4 42 22 4 36 4 36 4 40 4 37 52 4 15 4 22 4 79 49 4 14 4 36 4 51 36 4 37 4 33 4 
iteration 496 best: 1.00214 time: 148905
18 40 4 32 4 23 4 63 14 4 36 4 59 43 4 15 4 46 4 40 30 4 39 4 52 4 14 44 4 7 4 52 4 51 35 4 28 4 26 4 25 4 60 19 4 15 4 46 4 78 33 4 36 4 89 35 4 35 4 27 43 4 41 4 26 4 23 4 92 25 4 19 4 64 21 4 39 4 69 21 4 41 4 29 4 23 4 25 4 33 19 4 11 4 31 4 20 4 71 43 4 19 4 87 20 4 37 4 18 4 16 4 72 52 4 30 4 40 4 71 30 4 30 4 48 21 4 33 4 53 27 20 64 25 4 43 4 32 4 95 40 20 37 31 4 32 4 20 4 56 21 4 18 4 43 4 22 4 68 33 4 38 4 21 44 4 10 4 18 4 89 15 4 41 4 22 28 4 40 4 21 4 72 39 4 16 4 10 4 29 18 4 19 4 73 47 4 32 4 87 34 4 62 19 4 25 4 25 4 70 10 4 44 4 41 17 4 49 4 70 11 4 24 4 36 52 4 13 4 32 17 4 39 4 80 23 4 7 4 42 38 4 29 4 89 38 4 12 4 75 26 4 14 4 13 4 68 41 4 32 4 48 23 4 51 4 31 4 74 21 4 34 4 25 4 18 23 4 41 4 29 4 24 4 41 29 4 36 4 47 4 48 4 54 48 4 35 4 45 4 72 41 4 25 4 64 27 4 25 4 17 4 83 19 4 33 4 47 4 10 36 4 24 4 32 4 55 52 4 26 4 29 4 81 41 16 25 16 53 45 4 6 16 16 37 16 25 25 4 52 4 19 24 4 33 4 41 4 67 45 4 26 4 33 4 23 4 4 28 4 36 4 78 34 4 22 4 32 4 37 4 95 27 4 14 4 29 4 31 17 4 32 4 48 4 56 11 4 23 4 25 4 51 37 4 7 4 31 4 53 32 4 21 4 12 4 19 4 42 22 4 36 4 36 4 40 4 37 52 4 15 4 22 4 79 49 4 14 4 36 4 51 36 4 37 4 33 4 
iteration 521 best: 1.00214 time: 156344
18 40 4 32 4 23 4 63 14 4 36 4 59 43 4 15 4 46 4 40 30 4 39 4 52 4 14 44 4 7 4 52 4 51 35 4 28 4 26 4 25 4 60 19 4 15 4 46 4 78 33 4 36 4 89 35 4 35 4 27 43 4 41 4 26 4 23 4 92 25 4 19 4 64 21 4 39 4 69 21 4 41 4 29 4 23 4 25 4 33 19 4 11 4 31 4 20 4 71 43 4 19 4 87 20 4 37 4 18 4 16 4 72 52 4 30 4 40 4 71 30 4 30 4 48 21 4 33 4 53 27 20 64 25 4 43 4 32 4 95 40 20 37 31 4 32 4 20 4 56 21 4 18 4 43 4 22 4 68 33 4 38 4 21 44 4 10 4 18 4 89 15 4 41 4 22 28 4 40 4 21 4 72 39 4 16 4 10 4 29 18 4 19 4 73 47 4 32 4 87 34 4 62 19 4 25 4 25 4 70 10 4 44 4 41 17 4 49 4 70 11 4 24 4 36 52 4 13 4 32 17 4 39 4 80 23 4 7 4 42 38 4 29 4 89 38 4 12 4 75 26 4 14 4 13 4 68 41 4 32 4 48 23 4 51 4 31 4 74 21 4 34 4 25 4 18 23 4 41 4 29 4 24 4 41 29 4 36 4 47 4 48 4 54 48 4 35 4 45 4 72 41 4 25 4 64 27 4 25 4 17 4 83 19 4 33 4 47 4 10 36 4 24 4 32 4 55 52 4 26 4 29 4 81 41 16 25 16 53 45 4 6 16 16 37 16 25 25 4 52 4 19 24 4 33 4 41 4 67 45 4 26 4 33 4 23 4 4 28 4 36 4 78 34 4 22 4 32 4 37 4 95 27 4 14 4 29 4 31 17 4 32 4 48 4 56 11 4 23 4 25 4 51 37 4 7 4 31 4 53 32 4 21 4 12 4 19 4 42 22 4 36 4 36 4 40 4 37 52 4 15 4 22 4 79 49 4 14 4 36 4 51 36 4 37 4 33 4 
iteration 546 best: 1.00214 time: 163806
18 40 4 32 4 23 4 63 14 4 36 4 59 43 4 15 4 46 4 40 30 4 39 4 52 4 14 44 4 7 4 52 4 51 35 4 28 4 26 4 25 4 60 19 4 15 4 46 4 78 33 4 36 4 89 35 4 35 4 27 43 4 41 4 26 4 23 4 92 25 4 19 4 64 21 4 39 4 69 21 4 41 4 29 4 23 4 25 4 33 19 4 11 4 31 4 20 4 71 43 4 19 4 87 20 4 37 4 18 4 16 4 72 52 4 30 4 40 4 71 30 4 30 4 48 21 4 33 4 53 27 20 64 25 4 43 4 32 4 95 40 20 37 31 4 32 4 20 4 56 21 4 18 4 43 4 22 4 68 33 4 38 4 21 44 4 10 4 18 4 89 15 4 41 4 22 28 4 40 4 21 4 72 39 4 16 4 10 4 29 18 4 19 4 73 47 4 32 4 87 34 4 62 19 4 25 4 25 4 70 10 4 44 4 41 17 4 49 4 70 11 4 24 4 36 52 4 13 4 32 17 4 39 4 80 23 4 7 4 42 38 4 29 4 89 38 4 12 4 75 26 4 14 4 13 4 68 41 4 32 4 48 23 4 51 4 31 4 74 21 4 34 4 25 4 18 23 4 41 4 29 4 24 4 41 29 4 36 4 47 4 48 4 54 48 4 35 4 45 4 72 41 4 25 4 64 27 4 25 4 17 4 83 19 4 33 4 47 4 10 36 4 24 4 32 4 55 52 4 26 4 29 4 81 41 16 25 16 53 45 4 6 16 16 37 16 25 25 4 52 4 19 24 4 33 4 41 4 67 45 4 26 4 33 4 23 4 4 28 4 36 4 78 34 4 22 4 32 4 37 4 95 27 4 14 4 29 4 31 17 4 32 4 48 4 56 11 4 23 4 25 4 51 37 4 7 4 31 4 53 32 4 21 4 12 4 19 4 42 22 4 36 4 36 4 40 4 37 52 4 15 4 22 4 79 49 4 14 4 36 4 51 36 4 37 4 33 4 
iteration 571 best: 1.00214 time: 171266
18 40 4 32 4 23 4 63 14 4 36 4 59 43 4 15 4 46 4 40 30 4 39 4 52 4 14 44 4 7 4 52 4 51 35 4 28 4 26 4 25 4 60 19 4 15 4 46 4 78 33 4 36 4 89 35 4 35 4 27 43 4 41 4 26 4 23 4 92 25 4 19 4 64 21 4 39 4 69 21 4 41 4 29 4 23 4 25 4 33 19 4 11 4 31 4 20 4 71 43 4 19 4 87 20 4 37 4 18 4 16 4 72 52 4 30 4 40 4 71 30 4 30 4 48 21 4 33 4 53 27 20 64 25 4 43 4 32 4 95 40 20 37 31 4 32 4 20 4 56 21 4 18 4 43 4 22 4 68 33 4 38 4 21 44 4 10 4 18 4 89 15 4 41 4 22 28 4 40 4 21 4 72 39 4 16 4 10 4 29 18 4 19 4 73 47 4 32 4 87 34 4 62 19 4 25 4 25 4 70 10 4 44 4 41 17 4 49 4 70 11 4 24 4 36 52 4 13 4 32 17 4 39 4 80 23 4 7 4 42 38 4 29 4 89 38 4 12 4 75 26 4 14 4 13 4 68 41 4 32 4 48 23 4 51 4 31 4 74 21 4 34 4 25 4 18 23 4 41 4 29 4 24 4 41 29 4 36 4 47 4 48 4 54 48 4 35 4 45 4 72 41 4 25 4 64 27 4 25 4 17 4 83 19 4 33 4 47 4 10 36 4 24 4 32 4 55 52 4 26 4 29 4 81 41 16 25 16 53 45 4 6 16 16 37 16 25 25 4 52 4 19 24 4 33 4 41 4 67 45 4 26 4 33 4 23 4 4 28 4 36 4 78 34 4 22 4 32 4 37 4 95 27 4 14 4 29 4 31 17 4 32 4 48 4 56 11 4 23 4 25 4 51 37 4 7 4 31 4 53 32 4 21 4 12 4 19 4 42 22 4 36 4 36 4 40 4 37 52 4 15 4 22 4 79 49 4 14 4 36 4 51 36 4 37 4 33 4 
iteration 596 best: 1.00214 time: 178723
18 40 4 32 4 23 4 63 14 4 36 4 59 43 4 15 4 46 4 40 30 4 39 4 52 4 14 44 4 7 4 52 4 51 35 4 28 4 26 4 25 4 60 19 4 15 4 46 4 78 33 4 36 4 89 35 4 35 4 27 43 4 41 4 26 4 23 4 92 25 4 19 4 64 21 4 39 4 69 21 4 41 4 29 4 23 4 25 4 33 19 4 11 4 31 4 20 4 71 43 4 19 4 87 20 4 37 4 18 4 16 4 72 52 4 30 4 40 4 71 30 4 30 4 48 21 4 33 4 53 27 20 64 25 4 43 4 32 4 95 40 20 37 31 4 32 4 20 4 56 21 4 18 4 43 4 22 4 68 33 4 38 4 21 44 4 10 4 18 4 89 15 4 41 4 22 28 4 40 4 21 4 72 39 4 16 4 10 4 29 18 4 19 4 73 47 4 32 4 87 34 4 62 19 4 25 4 25 4 70 10 4 44 4 41 17 4 49 4 70 11 4 24 4 36 52 4 13 4 32 17 4 39 4 80 23 4 7 4 42 38 4 29 4 89 38 4 12 4 75 26 4 14 4 13 4 68 41 4 32 4 48 23 4 51 4 31 4 74 21 4 34 4 25 4 18 23 4 41 4 29 4 24 4 41 29 4 36 4 47 4 48 4 54 48 4 35 4 45 4 72 41 4 25 4 64 27 4 25 4 17 4 83 19 4 33 4 47 4 10 36 4 24 4 32 4 55 52 4 26 4 29 4 81 41 16 25 16 53 45 4 6 16 16 37 16 25 25 4 52 4 19 24 4 33 4 41 4 67 45 4 26 4 33 4 23 4 4 28 4 36 4 78 34 4 22 4 32 4 37 4 95 27 4 14 4 29 4 31 17 4 32 4 48 4 56 11 4 23 4 25 4 51 37 4 7 4 31 4 53 32 4 21 4 12 4 19 4 42 22 4 36 4 36 4 40 4 37 52 4 15 4 22 4 79 49 4 14 4 36 4 51 36 4 37 4 33 4 
iteration 621 best: 1.00214 time: 186174
18 40 4 32 4 23 4 63 14 4 36 4 59 43 4 15 4 46 4 40 30 4 39 4 52 4 14 44 4 7 4 52 4 51 35 4 28 4 26 4 25 4 60 19 4 15 4 46 4 78 33 4 36 4 89 35 4 35 4 27 43 4 41 4 26 4 23 4 92 25 4 19 4 64 21 4 39 4 69 21 4 41 4 29 4 23 4 25 4 33 19 4 11 4 31 4 20 4 71 43 4 19 4 87 20 4 37 4 18 4 16 4 72 52 4 30 4 40 4 71 30 4 30 4 48 21 4 33 4 53 27 20 64 25 4 43 4 32 4 95 40 20 37 31 4 32 4 20 4 56 21 4 18 4 43 4 22 4 68 33 4 38 4 21 44 4 10 4 18 4 89 15 4 41 4 22 28 4 40 4 21 4 72 39 4 16 4 10 4 29 18 4 19 4 73 47 4 32 4 87 34 4 62 19 4 25 4 25 4 70 10 4 44 4 41 17 4 49 4 70 11 4 24 4 36 52 4 13 4 32 17 4 39 4 80 23 4 7 4 42 38 4 29 4 89 38 4 12 4 75 26 4 14 4 13 4 68 41 4 32 4 48 23 4 51 4 31 4 74 21 4 34 4 25 4 18 23 4 41 4 29 4 24 4 41 29 4 36 4 47 4 48 4 54 48 4 35 4 45 4 72 41 4 25 4 64 27 4 25 4 17 4 83 19 4 33 4 47 4 10 36 4 24 4 32 4 55 52 4 26 4 29 4 81 41 16 25 16 53 45 4 6 16 16 37 16 25 25 4 52 4 19 24 4 33 4 41 4 67 45 4 26 4 33 4 23 4 4 28 4 36 4 78 34 4 22 4 32 4 37 4 95 27 4 14 4 29 4 31 17 4 32 4 48 4 56 11 4 23 4 25 4 51 37 4 7 4 31 4 53 32 4 21 4 12 4 19 4 42 22 4 36 4 36 4 40 4 37 52 4 15 4 22 4 79 49 4 14 4 36 4 51 36 4 37 4 33 4 
iteration 646 best: 1.00214 time: 193609
18 40 4 32 4 23 4 63 14 4 36 4 59 43 4 15 4 46 4 40 30 4 39 4 52 4 14 44 4 7 4 52 4 51 35 4 28 4 26 4 25 4 60 19 4 15 4 46 4 78 33 4 36 4 89 35 4 35 4 27 43 4 41 4 26 4 23 4 92 25 4 19 4 64 21 4 39 4 69 21 4 41 4 29 4 23 4 25 4 33 19 4 11 4 31 4 20 4 71 43 4 19 4 87 20 4 37 4 18 4 16 4 72 52 4 30 4 40 4 71 30 4 30 4 48 21 4 33 4 53 27 20 64 25 4 43 4 32 4 95 40 20 37 31 4 32 4 20 4 56 21 4 18 4 43 4 22 4 68 33 4 38 4 21 44 4 10 4 18 4 89 15 4 41 4 22 28 4 40 4 21 4 72 39 4 16 4 10 4 29 18 4 19 4 73 47 4 32 4 87 34 4 62 19 4 25 4 25 4 70 10 4 44 4 41 17 4 49 4 70 11 4 24 4 36 52 4 13 4 32 17 4 39 4 80 23 4 7 4 42 38 4 29 4 89 38 4 12 4 75 26 4 14 4 13 4 68 41 4 32 4 48 23 4 51 4 31 4 74 21 4 34 4 25 4 18 23 4 41 4 29 4 24 4 41 29 4 36 4 47 4 48 4 54 48 4 35 4 45 4 72 41 4 25 4 64 27 4 25 4 17 4 83 19 4 33 4 47 4 10 36 4 24 4 32 4 55 52 4 26 4 29 4 81 41 16 25 16 53 45 4 6 16 16 37 16 25 25 4 52 4 19 24 4 33 4 41 4 67 45 4 26 4 33 4 23 4 4 28 4 36 4 78 34 4 22 4 32 4 37 4 95 27 4 14 4 29 4 31 17 4 32 4 48 4 56 11 4 23 4 25 4 51 37 4 7 4 31 4 53 32 4 21 4 12 4 19 4 42 22 4 36 4 36 4 40 4 37 52 4 15 4 22 4 79 49 4 14 4 36 4 51 36 4 37 4 33 4 
iteration 671 best: 1.00214 time: 201046
18 40 4 32 4 23 4 63 14 4 36 4 59 43 4 15 4 46 4 40 30 4 39 4 52 4 14 44 4 7 4 52 4 51 35 4 28 4 26 4 25 4 60 19 4 15 4 46 4 78 33 4 36 4 89 35 4 35 4 27 43 4 41 4 26 4 23 4 92 25 4 19 4 64 21 4 39 4 69 21 4 41 4 29 4 23 4 25 4 33 19 4 11 4 31 4 20 4 71 43 4 19 4 87 20 4 37 4 18 4 16 4 72 52 4 30 4 40 4 71 30 4 30 4 48 21 4 33 4 53 27 20 64 25 4 43 4 32 4 95 40 20 37 31 4 32 4 20 4 56 21 4 18 4 43 4 22 4 68 33 4 38 4 21 44 4 10 4 18 4 89 15 4 41 4 22 28 4 40 4 21 4 72 39 4 16 4 10 4 29 18 4 19 4 73 47 4 32 4 87 34 4 62 19 4 25 4 25 4 70 10 4 44 4 41 17 4 49 4 70 11 4 24 4 36 52 4 13 4 32 17 4 39 4 80 23 4 7 4 42 38 4 29 4 89 38 4 12 4 75 26 4 14 4 13 4 68 41 4 32 4 48 23 4 51 4 31 4 74 21 4 34 4 25 4 18 23 4 41 4 29 4 24 4 41 29 4 36 4 47 4 48 4 54 48 4 35 4 45 4 72 41 4 25 4 64 27 4 25 4 17 4 83 19 4 33 4 47 4 10 36 4 24 4 32 4 55 52 4 26 4 29 4 81 41 16 25 16 53 45 4 6 16 16 37 16 25 25 4 52 4 19 24 4 33 4 41 4 67 45 4 26 4 33 4 23 4 4 28 4 36 4 78 34 4 22 4 32 4 37 4 95 27 4 14 4 29 4 31 17 4 32 4 48 4 56 11 4 23 4 25 4 51 37 4 7 4 31 4 53 32 4 21 4 12 4 19 4 42 22 4 36 4 36 4 40 4 37 52 4 15 4 22 4 79 49 4 14 4 36 4 51 36 4 37 4 33 4 
iteration 696 best: 1.00214 time: 208488
18 40 4 32 4 23 4 63 14 4 36 4 59 43 4 15 4 46 4 40 30 4 39 4 52 4 14 44 4 7 4 52 4 51 35 4 28 4 26 4 25 4 60 19 4 15 4 46 4 78 33 4 36 4 89 35 4 35 4 27 43 4 41 4 26 4 23 4 92 25 4 19 4 64 21 4 39 4 69 21 4 41 4 29 4 23 4 25 4 33 19 4 11 4 31 4 20 4 71 43 4 19 4 87 20 4 37 4 18 4 16 4 72 52 4 30 4 40 4 71 30 4 30 4 48 21 4 33 4 53 27 20 64 25 4 43 4 32 4 95 40 20 37 31 4 32 4 20 4 56 21 4 18 4 43 4 22 4 68 33 4 38 4 21 44 4 10 4 18 4 89 15 4 41 4 22 28 4 40 4 21 4 72 39 4 16 4 10 4 29 18 4 19 4 73 47 4 32 4 87 34 4 62 19 4 25 4 25 4 70 10 4 44 4 41 17 4 49 4 70 11 4 24 4 36 52 4 13 4 32 17 4 39 4 80 23 4 7 4 42 38 4 29 4 89 38 4 12 4 75 26 4 14 4 13 4 68 41 4 32 4 48 23 4 51 4 31 4 74 21 4 34 4 25 4 18 23 4 41 4 29 4 24 4 41 29 4 36 4 47 4 48 4 54 48 4 35 4 45 4 72 41 4 25 4 64 27 4 25 4 17 4 83 19 4 33 4 47 4 10 36 4 24 4 32 4 55 52 4 26 4 29 4 81 41 16 25 16 53 45 4 6 16 16 37 16 25 25 4 52 4 19 24 4 33 4 41 4 67 45 4 26 4 33 4 23 4 4 28 4 36 4 78 34 4 22 4 32 4 37 4 95 27 4 14 4 29 4 31 17 4 32 4 48 4 56 11 4 23 4 25 4 51 37 4 7 4 31 4 53 32 4 21 4 12 4 19 4 42 22 4 36 4 36 4 40 4 37 52 4 15 4 22 4 79 49 4 14 4 36 4 51 36 4 37 4 33 4 
iteration 721 best: 1.00214 time: 215934
18 40 4 32 4 23 4 63 14 4 36 4 59 43 4 15 4 46 4 40 30 4 39 4 52 4 14 44 4 7 4 52 4 51 35 4 28 4 26 4 25 4 60 19 4 15 4 46 4 78 33 4 36 4 89 35 4 35 4 27 43 4 41 4 26 4 23 4 92 25 4 19 4 64 21 4 39 4 69 21 4 41 4 29 4 23 4 25 4 33 19 4 11 4 31 4 20 4 71 43 4 19 4 87 20 4 37 4 18 4 16 4 72 52 4 30 4 40 4 71 30 4 30 4 48 21 4 33 4 53 27 20 64 25 4 43 4 32 4 95 40 20 37 31 4 32 4 20 4 56 21 4 18 4 43 4 22 4 68 33 4 38 4 21 44 4 10 4 18 4 89 15 4 41 4 22 28 4 40 4 21 4 72 39 4 16 4 10 4 29 18 4 19 4 73 47 4 32 4 87 34 4 62 19 4 25 4 25 4 70 10 4 44 4 41 17 4 49 4 70 11 4 24 4 36 52 4 13 4 32 17 4 39 4 80 23 4 7 4 42 38 4 29 4 89 38 4 12 4 75 26 4 14 4 13 4 68 41 4 32 4 48 23 4 51 4 31 4 74 21 4 34 4 25 4 18 23 4 41 4 29 4 24 4 41 29 4 36 4 47 4 48 4 54 48 4 35 4 45 4 72 41 4 25 4 64 27 4 25 4 17 4 83 19 4 33 4 47 4 10 36 4 24 4 32 4 55 52 4 26 4 29 4 81 41 16 25 16 53 45 4 6 16 16 37 16 25 25 4 52 4 19 24 4 33 4 41 4 67 45 4 26 4 33 4 23 4 4 28 4 36 4 78 34 4 22 4 32 4 37 4 95 27 4 14 4 29 4 31 17 4 32 4 48 4 56 11 4 23 4 25 4 51 37 4 7 4 31 4 53 32 4 21 4 12 4 19 4 42 22 4 36 4 36 4 40 4 37 52 4 15 4 22 4 79 49 4 14 4 36 4 51 36 4 37 4 33 4 
iteration 746 best: 1.00214 time: 223398
18 40 4 32 4 23 4 63 14 4 36 4 59 43 4 15 4 46 4 40 30 4 39 4 52 4 14 44 4 7 4 52 4 51 35 4 28 4 26 4 25 4 60 19 4 15 4 46 4 78 33 4 36 4 89 35 4 35 4 27 43 4 41 4 26 4 23 4 92 25 4 19 4 64 21 4 39 4 69 21 4 41 4 29 4 23 4 25 4 33 19 4 11 4 31 4 20 4 71 43 4 19 4 87 20 4 37 4 18 4 16 4 72 52 4 30 4 40 4 71 30 4 30 4 48 21 4 33 4 53 27 20 64 25 4 43 4 32 4 95 40 20 37 31 4 32 4 20 4 56 21 4 18 4 43 4 22 4 68 33 4 38 4 21 44 4 10 4 18 4 89 15 4 41 4 22 28 4 40 4 21 4 72 39 4 16 4 10 4 29 18 4 19 4 73 47 4 32 4 87 34 4 62 19 4 25 4 25 4 70 10 4 44 4 41 17 4 49 4 70 11 4 24 4 36 52 4 13 4 32 17 4 39 4 80 23 4 7 4 42 38 4 29 4 89 38 4 12 4 75 26 4 14 4 13 4 68 41 4 32 4 48 23 4 51 4 31 4 74 21 4 34 4 25 4 18 23 4 41 4 29 4 24 4 41 29 4 36 4 47 4 48 4 54 48 4 35 4 45 4 72 41 4 25 4 64 27 4 25 4 17 4 83 19 4 33 4 47 4 10 36 4 24 4 32 4 55 52 4 26 4 29 4 81 41 16 25 16 53 45 4 6 16 16 37 16 25 25 4 52 4 19 24 4 33 4 41 4 67 45 4 26 4 33 4 23 4 4 28 4 36 4 78 34 4 22 4 32 4 37 4 95 27 4 14 4 29 4 31 17 4 32 4 48 4 56 11 4 23 4 25 4 51 37 4 7 4 31 4 53 32 4 21 4 12 4 19 4 42 22 4 36 4 36 4 40 4 37 52 4 15 4 22 4 79 49 4 14 4 36 4 51 36 4 37 4 33 4 
iteration 771 best: 1.00214 time: 230861
18 40 4 32 4 23 4 63 14 4 36 4 59 43 4 15 4 46 4 40 30 4 39 4 52 4 14 44 4 7 4 52 4 51 35 4 28 4 26 4 25 4 60 19 4 15 4 46 4 78 33 4 36 4 89 35 4 35 4 27 43 4 41 4 26 4 23 4 92 25 4 19 4 64 21 4 39 4 69 21 4 41 4 29 4 23 4 25 4 33 19 4 11 4 31 4 20 4 71 43 4 19 4 87 20 4 37 4 18 4 16 4 72 52 4 30 4 40 4 71 30 4 30 4 48 21 4 33 4 53 27 20 64 25 4 43 4 32 4 95 40 20 37 31 4 32 4 20 4 56 21 4 18 4 43 4 22 4 68 33 4 38 4 21 44 4 10 4 18 4 89 15 4 41 4 22 28 4 40 4 21 4 72 39 4 16 4 10 4 29 18 4 19 4 73 47 4 32 4 87 34 4 62 19 4 25 4 25 4 70 10 4 44 4 41 17 4 49 4 70 11 4 24 4 36 52 4 13 4 32 17 4 39 4 80 23 4 7 4 42 38 4 29 4 89 38 4 12 4 75 26 4 14 4 13 4 68 41 4 32 4 48 23 4 51 4 31 4 74 21 4 34 4 25 4 18 23 4 41 4 29 4 24 4 41 29 4 36 4 47 4 48 4 54 48 4 35 4 45 4 72 41 4 25 4 64 27 4 25 4 17 4 83 19 4 33 4 47 4 10 36 4 24 4 32 4 55 52 4 26 4 29 4 81 41 16 25 16 53 45 4 6 16 16 37 16 25 25 4 52 4 19 24 4 33 4 41 4 67 45 4 26 4 33 4 23 4 4 28 4 36 4 78 34 4 22 4 32 4 37 4 95 27 4 14 4 29 4 31 17 4 32 4 48 4 56 11 4 23 4 25 4 51 37 4 7 4 31 4 53 32 4 21 4 12 4 19 4 42 22 4 36 4 36 4 40 4 37 52 4 15 4 22 4 79 49 4 14 4 36 4 51 36 4 37 4 33 4 
iteration 796 best: 1.00214 time: 238343
18 40 4 32 4 23 4 63 14 4 36 4 59 43 4 15 4 46 4 40 30 4 39 4 52 4 14 44 4 7 4 52 4 51 35 4 28 4 26 4 25 4 60 19 4 15 4 46 4 78 33 4 36 4 89 35 4 35 4 27 43 4 41 4 26 4 23 4 92 25 4 19 4 64 21 4 39 4 69 21 4 41 4 29 4 23 4 25 4 33 19 4 11 4 31 4 20 4 71 43 4 19 4 87 20 4 37 4 18 4 16 4 72 52 4 30 4 40 4 71 30 4 30 4 48 21 4 33 4 53 27 20 64 25 4 43 4 32 4 95 40 20 37 31 4 32 4 20 4 56 21 4 18 4 43 4 22 4 68 33 4 38 4 21 44 4 10 4 18 4 89 15 4 41 4 22 28 4 40 4 21 4 72 39 4 16 4 10 4 29 18 4 19 4 73 47 4 32 4 87 34 4 62 19 4 25 4 25 4 70 10 4 44 4 41 17 4 49 4 70 11 4 24 4 36 52 4 13 4 32 17 4 39 4 80 23 4 7 4 42 38 4 29 4 89 38 4 12 4 75 26 4 14 4 13 4 68 41 4 32 4 48 23 4 51 4 31 4 74 21 4 34 4 25 4 18 23 4 41 4 29 4 24 4 41 29 4 36 4 47 4 48 4 54 48 4 35 4 45 4 72 41 4 25 4 64 27 4 25 4 17 4 83 19 4 33 4 47 4 10 36 4 24 4 32 4 55 52 4 26 4 29 4 81 41 16 25 16 53 45 4 6 16 16 37 16 25 25 4 52 4 19 24 4 33 4 41 4 67 45 4 26 4 33 4 23 4 4 28 4 36 4 78 34 4 22 4 32 4 37 4 95 27 4 14 4 29 4 31 17 4 32 4 48 4 56 11 4 23 4 25 4 51 37 4 7 4 31 4 53 32 4 21 4 12 4 19 4 42 22 4 36 4 36 4 40 4 37 52 4 15 4 22 4 79 49 4 14 4 36 4 51 36 4 37 4 33 4 
iteration 821 best: 1.00214 time: 245790
18 40 4 32 4 23 4 63 14 4 36 4 59 43 4 15 4 46 4 40 30 4 39 4 52 4 14 44 4 7 4 52 4 51 35 4 28 4 26 4 25 4 60 19 4 15 4 46 4 78 33 4 36 4 89 35 4 35 4 27 43 4 41 4 26 4 23 4 92 25 4 19 4 64 21 4 39 4 69 21 4 41 4 29 4 23 4 25 4 33 19 4 11 4 31 4 20 4 71 43 4 19 4 87 20 4 37 4 18 4 16 4 72 52 4 30 4 40 4 71 30 4 30 4 48 21 4 33 4 53 27 20 64 25 4 43 4 32 4 95 40 20 37 31 4 32 4 20 4 56 21 4 18 4 43 4 22 4 68 33 4 38 4 21 44 4 10 4 18 4 89 15 4 41 4 22 28 4 40 4 21 4 72 39 4 16 4 10 4 29 18 4 19 4 73 47 4 32 4 87 34 4 62 19 4 25 4 25 4 70 10 4 44 4 41 17 4 49 4 70 11 4 24 4 36 52 4 13 4 32 17 4 39 4 80 23 4 7 4 42 38 4 29 4 89 38 4 12 4 75 26 4 14 4 13 4 68 41 4 32 4 48 23 4 51 4 31 4 74 21 4 34 4 25 4 18 23 4 41 4 29 4 24 4 41 29 4 36 4 47 4 48 4 54 48 4 35 4 45 4 72 41 4 25 4 64 27 4 25 4 17 4 83 19 4 33 4 47 4 10 36 4 24 4 32 4 55 52 4 26 4 29 4 81 41 16 25 16 53 45 4 6 16 16 37 16 25 25 4 52 4 19 24 4 33 4 41 4 67 45 4 26 4 33 4 23 4 4 28 4 36 4 78 34 4 22 4 32 4 37 4 95 27 4 14 4 29 4 31 17 4 32 4 48 4 56 11 4 23 4 25 4 51 37 4 7 4 31 4 53 32 4 21 4 12 4 19 4 42 22 4 36 4 36 4 40 4 37 52 4 15 4 22 4 79 49 4 14 4 36 4 51 36 4 37 4 33 4 
iteration 846 best: 1.00214 time: 253247
18 40 4 32 4 23 4 63 14 4 36 4 59 43 4 15 4 46 4 40 30 4 39 4 52 4 14 44 4 7 4 52 4 51 35 4 28 4 26 4 25 4 60 19 4 15 4 46 4 78 33 4 36 4 89 35 4 35 4 27 43 4 41 4 26 4 23 4 92 25 4 19 4 64 21 4 39 4 69 21 4 41 4 29 4 23 4 25 4 33 19 4 11 4 31 4 20 4 71 43 4 19 4 87 20 4 37 4 18 4 16 4 72 52 4 30 4 40 4 71 30 4 30 4 48 21 4 33 4 53 27 20 64 25 4 43 4 32 4 95 40 20 37 31 4 32 4 20 4 56 21 4 18 4 43 4 22 4 68 33 4 38 4 21 44 4 10 4 18 4 89 15 4 41 4 22 28 4 40 4 21 4 72 39 4 16 4 10 4 29 18 4 19 4 73 47 4 32 4 87 34 4 62 19 4 25 4 25 4 70 10 4 44 4 41 17 4 49 4 70 11 4 24 4 36 52 4 13 4 32 17 4 39 4 80 23 4 7 4 42 38 4 29 4 89 38 4 12 4 75 26 4 14 4 13 4 68 41 4 32 4 48 23 4 51 4 31 4 74 21 4 34 4 25 4 18 23 4 41 4 29 4 24 4 41 29 4 36 4 47 4 48 4 54 48 4 35 4 45 4 72 41 4 25 4 64 27 4 25 4 17 4 83 19 4 33 4 47 4 10 36 4 24 4 32 4 55 52 4 26 4 29 4 81 41 16 25 16 53 45 4 6 16 16 37 16 25 25 4 52 4 19 24 4 33 4 41 4 67 45 4 26 4 33 4 23 4 4 28 4 36 4 78 34 4 22 4 32 4 37 4 95 27 4 14 4 29 4 31 17 4 32 4 48 4 56 11 4 23 4 25 4 51 37 4 7 4 31 4 53 32 4 21 4 12 4 19 4 42 22 4 36 4 36 4 40 4 37 52 4 15 4 22 4 79 49 4 14 4 36 4 51 36 4 37 4 33 4 
iteration 871 best: 1.00214 time: 260676
18 40 4 32 4 23 4 63 14 4 36 4 59 43 4 15 4 46 4 40 30 4 39 4 52 4 14 44 4 7 4 52 4 51 35 4 28 4 26 4 25 4 60 19 4 15 4 46 4 78 33 4 36 4 89 35 4 35 4 27 43 4 41 4 26 4 23 4 92 25 4 19 4 64 21 4 39 4 69 21 4 41 4 29 4 23 4 25 4 33 19 4 11 4 31 4 20 4 71 43 4 19 4 87 20 4 37 4 18 4 16 4 72 52 4 30 4 40 4 71 30 4 30 4 48 21 4 33 4 53 27 20 64 25 4 43 4 32 4 95 40 20 37 31 4 32 4 20 4 56 21 4 18 4 43 4 22 4 68 33 4 38 4 21 44 4 10 4 18 4 89 15 4 41 4 22 28 4 40 4 21 4 72 39 4 16 4 10 4 29 18 4 19 4 73 47 4 32 4 87 34 4 62 19 4 25 4 25 4 70 10 4 44 4 41 17 4 49 4 70 11 4 24 4 36 52 4 13 4 32 17 4 39 4 80 23 4 7 4 42 38 4 29 4 89 38 4 12 4 75 26 4 14 4 13 4 68 41 4 32 4 48 23 4 51 4 31 4 74 21 4 34 4 25 4 18 23 4 41 4 29 4 24 4 41 29 4 36 4 47 4 48 4 54 48 4 35 4 45 4 72 41 4 25 4 64 27 4 25 4 17 4 83 19 4 33 4 47 4 10 36 4 24 4 32 4 55 52 4 26 4 29 4 81 41 16 25 16 53 45 4 6 16 16 37 16 25 25 4 52 4 19 24 4 33 4 41 4 67 45 4 26 4 33 4 23 4 4 28 4 36 4 78 34 4 22 4 32 4 37 4 95 27 4 14 4 29 4 31 17 4 32 4 48 4 56 11 4 23 4 25 4 51 37 4 7 4 31 4 53 32 4 21 4 12 4 19 4 42 22 4 36 4 36 4 40 4 37 52 4 15 4 22 4 79 49 4 14 4 36 4 51 36 4 37 4 33 4 
iteration 896 best: 1.00214 time: 268125
18 40 4 32 4 23 4 63 14 4 36 4 59 43 4 15 4 46 4 40 30 4 39 4 52 4 14 44 4 7 4 52 4 51 35 4 28 4 26 4 25 4 60 19 4 15 4 46 4 78 33 4 36 4 89 35 4 35 4 27 43 4 41 4 26 4 23 4 92 25 4 19 4 64 21 4 39 4 69 21 4 41 4 29 4 23 4 25 4 33 19 4 11 4 31 4 20 4 71 43 4 19 4 87 20 4 37 4 18 4 16 4 72 52 4 30 4 40 4 71 30 4 30 4 48 21 4 33 4 53 27 20 64 25 4 43 4 32 4 95 40 20 37 31 4 32 4 20 4 56 21 4 18 4 43 4 22 4 68 33 4 38 4 21 44 4 10 4 18 4 89 15 4 41 4 22 28 4 40 4 21 4 72 39 4 16 4 10 4 29 18 4 19 4 73 47 4 32 4 87 34 4 62 19 4 25 4 25 4 70 10 4 44 4 41 17 4 49 4 70 11 4 24 4 36 52 4 13 4 32 17 4 39 4 80 23 4 7 4 42 38 4 29 4 89 38 4 12 4 75 26 4 14 4 13 4 68 41 4 32 4 48 23 4 51 4 31 4 74 21 4 34 4 25 4 18 23 4 41 4 29 4 24 4 41 29 4 36 4 47 4 48 4 54 48 4 35 4 45 4 72 41 4 25 4 64 27 4 25 4 17 4 83 19 4 33 4 47 4 10 36 4 24 4 32 4 55 52 4 26 4 29 4 81 41 16 25 16 53 45 4 6 16 16 37 16 25 25 4 52 4 19 24 4 33 4 41 4 67 45 4 26 4 33 4 23 4 4 28 4 36 4 78 34 4 22 4 32 4 37 4 95 27 4 14 4 29 4 31 17 4 32 4 48 4 56 11 4 23 4 25 4 51 37 4 7 4 31 4 53 32 4 21 4 12 4 19 4 42 22 4 36 4 36 4 40 4 37 52 4 15 4 22 4 79 49 4 14 4 36 4 51 36 4 37 4 33 4 
iteration 921 best: 1.00214 time: 275607
18 40 4 32 4 23 4 63 14 4 36 4 59 43 4 15 4 46 4 40 30 4 39 4 52 4 14 44 4 7 4 52 4 51 35 4 28 4 26 4 25 4 60 19 4 15 4 46 4 78 33 4 36 4 89 35 4 35 4 27 43 4 41 4 26 4 23 4 92 25 4 19 4 64 21 4 39 4 69 21 4 41 4 29 4 23 4 25 4 33 19 4 11 4 31 4 20 4 71 43 4 19 4 87 20 4 37 4 18 4 16 4 72 52 4 30 4 40 4 71 30 4 30 4 48 21 4 33 4 53 27 20 64 25 4 43 4 32 4 95 40 20 37 31 4 32 4 20 4 56 21 4 18 4 43 4 22 4 68 33 4 38 4 21 44 4 10 4 18 4 89 15 4 41 4 22 28 4 40 4 21 4 72 39 4 16 4 10 4 29 18 4 19 4 73 47 4 32 4 87 34 4 62 19 4 25 4 25 4 70 10 4 44 4 41 17 4 49 4 70 11 4 24 4 36 52 4 13 4 32 17 4 39 4 80 23 4 7 4 42 38 4 29 4 89 38 4 12 4 75 26 4 14 4 13 4 68 41 4 32 4 48 23 4 51 4 31 4 74 21 4 34 4 25 4 18 23 4 41 4 29 4 24 4 41 29 4 36 4 47 4 48 4 54 48 4 35 4 45 4 72 41 4 25 4 64 27 4 25 4 17 4 83 19 4 33 4 47 4 10 36 4 24 4 32 4 55 52 4 26 4 29 4 81 41 16 25 16 53 45 4 6 16 16 37 16 25 25 4 52 4 19 24 4 33 4 41 4 67 45 4 26 4 33 4 23 4 4 28 4 36 4 78 34 4 22 4 32 4 37 4 95 27 4 14 4 29 4 31 17 4 32 4 48 4 56 11 4 23 4 25 4 51 37 4 7 4 31 4 53 32 4 21 4 12 4 19 4 42 22 4 36 4 36 4 40 4 37 52 4 15 4 22 4 79 49 4 14 4 36 4 51 36 4 37 4 33 4 
iteration 946 best: 1.00214 time: 283037
18 40 4 32 4 23 4 63 14 4 36 4 59 43 4 15 4 46 4 40 30 4 39 4 52 4 14 44 4 7 4 52 4 51 35 4 28 4 26 4 25 4 60 19 4 15 4 46 4 78 33 4 36 4 89 35 4 35 4 27 43 4 41 4 26 4 23 4 92 25 4 19 4 64 21 4 39 4 69 21 4 41 4 29 4 23 4 25 4 33 19 4 11 4 31 4 20 4 71 43 4 19 4 87 20 4 37 4 18 4 16 4 72 52 4 30 4 40 4 71 30 4 30 4 48 21 4 33 4 53 27 20 64 25 4 43 4 32 4 95 40 20 37 31 4 32 4 20 4 56 21 4 18 4 43 4 22 4 68 33 4 38 4 21 44 4 10 4 18 4 89 15 4 41 4 22 28 4 40 4 21 4 72 39 4 16 4 10 4 29 18 4 19 4 73 47 4 32 4 87 34 4 62 19 4 25 4 25 4 70 10 4 44 4 41 17 4 49 4 70 11 4 24 4 36 52 4 13 4 32 17 4 39 4 80 23 4 7 4 42 38 4 29 4 89 38 4 12 4 75 26 4 14 4 13 4 68 41 4 32 4 48 23 4 51 4 31 4 74 21 4 34 4 25 4 18 23 4 41 4 29 4 24 4 41 29 4 36 4 47 4 48 4 54 48 4 35 4 45 4 72 41 4 25 4 64 27 4 25 4 17 4 83 19 4 33 4 47 4 10 36 4 24 4 32 4 55 52 4 26 4 29 4 81 41 16 25 16 53 45 4 6 16 16 37 16 25 25 4 52 4 19 24 4 33 4 41 4 67 45 4 26 4 33 4 23 4 4 28 4 36 4 78 34 4 22 4 32 4 37 4 95 27 4 14 4 29 4 31 17 4 32 4 48 4 56 11 4 23 4 25 4 51 37 4 7 4 31 4 53 32 4 21 4 12 4 19 4 42 22 4 36 4 36 4 40 4 37 52 4 15 4 22 4 79 49 4 14 4 36 4 51 36 4 37 4 33 4 
iteration 971 best: 1.00214 time: 290482
18 40 4 32 4 23 4 63 14 4 36 4 59 43 4 15 4 46 4 40 30 4 39 4 52 4 14 44 4 7 4 52 4 51 35 4 28 4 26 4 25 4 60 19 4 15 4 46 4 78 33 4 36 4 89 35 4 35 4 27 43 4 41 4 26 4 23 4 92 25 4 19 4 64 21 4 39 4 69 21 4 41 4 29 4 23 4 25 4 33 19 4 11 4 31 4 20 4 71 43 4 19 4 87 20 4 37 4 18 4 16 4 72 52 4 30 4 40 4 71 30 4 30 4 48 21 4 33 4 53 27 20 64 25 4 43 4 32 4 95 40 20 37 31 4 32 4 20 4 56 21 4 18 4 43 4 22 4 68 33 4 38 4 21 44 4 10 4 18 4 89 15 4 41 4 22 28 4 40 4 21 4 72 39 4 16 4 10 4 29 18 4 19 4 73 47 4 32 4 87 34 4 62 19 4 25 4 25 4 70 10 4 44 4 41 17 4 49 4 70 11 4 24 4 36 52 4 13 4 32 17 4 39 4 80 23 4 7 4 42 38 4 29 4 89 38 4 12 4 75 26 4 14 4 13 4 68 41 4 32 4 48 23 4 51 4 31 4 74 21 4 34 4 25 4 18 23 4 41 4 29 4 24 4 41 29 4 36 4 47 4 48 4 54 48 4 35 4 45 4 72 41 4 25 4 64 27 4 25 4 17 4 83 19 4 33 4 47 4 10 36 4 24 4 32 4 55 52 4 26 4 29 4 81 41 16 25 16 53 45 4 6 16 16 37 16 25 25 4 52 4 19 24 4 33 4 41 4 67 45 4 26 4 33 4 23 4 4 28 4 36 4 78 34 4 22 4 32 4 37 4 95 27 4 14 4 29 4 31 17 4 32 4 48 4 56 11 4 23 4 25 4 51 37 4 7 4 31 4 53 32 4 21 4 12 4 19 4 42 22 4 36 4 36 4 40 4 37 52 4 15 4 22 4 79 49 4 14 4 36 4 51 36 4 37 4 33 4 
iteration 996 best: 1.00214 time: 297923
18 40 4 32 4 23 4 63 14 4 36 4 59 43 4 15 4 46 4 40 30 4 39 4 52 4 14 44 4 7 4 52 4 51 35 4 28 4 26 4 25 4 60 19 4 15 4 46 4 78 33 4 36 4 89 35 4 35 4 27 43 4 41 4 26 4 23 4 92 25 4 19 4 64 21 4 39 4 69 21 4 41 4 29 4 23 4 25 4 33 19 4 11 4 31 4 20 4 71 43 4 19 4 87 20 4 37 4 18 4 16 4 72 52 4 30 4 40 4 71 30 4 30 4 48 21 4 33 4 53 27 20 64 25 4 43 4 32 4 95 40 20 37 31 4 32 4 20 4 56 21 4 18 4 43 4 22 4 68 33 4 38 4 21 44 4 10 4 18 4 89 15 4 41 4 22 28 4 40 4 21 4 72 39 4 16 4 10 4 29 18 4 19 4 73 47 4 32 4 87 34 4 62 19 4 25 4 25 4 70 10 4 44 4 41 17 4 49 4 70 11 4 24 4 36 52 4 13 4 32 17 4 39 4 80 23 4 7 4 42 38 4 29 4 89 38 4 12 4 75 26 4 14 4 13 4 68 41 4 32 4 48 23 4 51 4 31 4 74 21 4 34 4 25 4 18 23 4 41 4 29 4 24 4 41 29 4 36 4 47 4 48 4 54 48 4 35 4 45 4 72 41 4 25 4 64 27 4 25 4 17 4 83 19 4 33 4 47 4 10 36 4 24 4 32 4 55 52 4 26 4 29 4 81 41 16 25 16 53 45 4 6 16 16 37 16 25 25 4 52 4 19 24 4 33 4 41 4 67 45 4 26 4 33 4 23 4 4 28 4 36 4 78 34 4 22 4 32 4 37 4 95 27 4 14 4 29 4 31 17 4 32 4 48 4 56 11 4 23 4 25 4 51 37 4 7 4 31 4 53 32 4 21 4 12 4 19 4 42 22 4 36 4 36 4 40 4 37 52 4 15 4 22 4 79 49 4 14 4 36 4 51 36 4 37 4 33 4 
iteration 1021 best: 1.00214 time: 305397
18 40 4 32 4 23 4 63 14 4 36 4 59 43 4 15 4 46 4 40 30 4 39 4 52 4 14 44 4 7 4 52 4 51 35 4 28 4 26 4 25 4 60 19 4 15 4 46 4 78 33 4 36 4 89 35 4 35 4 27 43 4 41 4 26 4 23 4 92 25 4 19 4 64 21 4 39 4 69 21 4 41 4 29 4 23 4 25 4 33 19 4 11 4 31 4 20 4 71 43 4 19 4 87 20 4 37 4 18 4 16 4 72 52 4 30 4 40 4 71 30 4 30 4 48 21 4 33 4 53 27 20 64 25 4 43 4 32 4 95 40 20 37 31 4 32 4 20 4 56 21 4 18 4 43 4 22 4 68 33 4 38 4 21 44 4 10 4 18 4 89 15 4 41 4 22 28 4 40 4 21 4 72 39 4 16 4 10 4 29 18 4 19 4 73 47 4 32 4 87 34 4 62 19 4 25 4 25 4 70 10 4 44 4 41 17 4 49 4 70 11 4 24 4 36 52 4 13 4 32 17 4 39 4 80 23 4 7 4 42 38 4 29 4 89 38 4 12 4 75 26 4 14 4 13 4 68 41 4 32 4 48 23 4 51 4 31 4 74 21 4 34 4 25 4 18 23 4 41 4 29 4 24 4 41 29 4 36 4 47 4 48 4 54 48 4 35 4 45 4 72 41 4 25 4 64 27 4 25 4 17 4 83 19 4 33 4 47 4 10 36 4 24 4 32 4 55 52 4 26 4 29 4 81 41 16 25 16 53 45 4 6 16 16 37 16 25 25 4 52 4 19 24 4 33 4 41 4 67 45 4 26 4 33 4 23 4 4 28 4 36 4 78 34 4 22 4 32 4 37 4 95 27 4 14 4 29 4 31 17 4 32 4 48 4 56 11 4 23 4 25 4 51 37 4 7 4 31 4 53 32 4 21 4 12 4 19 4 42 22 4 36 4 36 4 40 4 37 52 4 15 4 22 4 79 49 4 14 4 36 4 51 36 4 37 4 33 4 
iteration 1045 best: 1.00214 time: 312621
18 40 4 32 4 23 4 63 14 4 36 4 59 43 4 15 4 46 4 40 30 4 39 4 52 4 14 44 4 7 4 52 4 51 35 4 28 4 26 4 25 4 60 19 4 15 4 46 4 78 33 4 36 4 89 35 4 35 4 27 43 4 41 4 26 4 23 4 92 25 4 19 4 64 21 4 39 4 69 21 4 41 4 29 4 23 4 25 4 33 19 4 11 4 31 4 20 4 71 43 4 19 4 87 20 4 37 4 18 4 16 4 72 52 4 30 4 40 4 71 30 4 30 4 48 21 4 33 4 53 27 20 64 25 4 43 4 32 4 95 40 20 37 31 4 32 4 20 4 56 21 4 18 4 43 4 22 4 68 33 4 38 4 21 44 4 10 4 18 4 89 15 4 41 4 22 28 4 40 4 21 4 72 39 4 16 4 10 4 29 18 4 19 4 73 47 4 32 4 87 34 4 62 19 4 25 4 25 4 70 10 4 44 4 41 17 4 49 4 70 11 4 24 4 36 52 4 13 4 32 17 4 39 4 80 23 4 7 4 42 38 4 29 4 89 38 4 12 4 75 26 4 14 4 13 4 68 41 4 32 4 48 23 4 51 4 31 4 74 21 4 34 4 25 4 18 23 4 41 4 29 4 24 4 41 29 4 36 4 47 4 48 4 54 48 4 35 4 45 4 72 41 4 25 4 64 27 4 25 4 17 4 83 19 4 33 4 47 4 10 36 4 24 4 32 4 55 52 4 26 4 29 4 81 41 16 25 16 53 45 4 6 16 16 37 16 25 25 4 52 4 19 24 4 33 4 41 4 67 45 4 26 4 33 4 23 4 4 28 4 36 4 78 34 4 22 4 32 4 37 4 95 27 4 14 4 29 4 31 17 4 32 4 48 4 56 11 4 23 4 25 4 51 37 4 7 4 31 4 53 32 4 21 4 12 4 19 4 42 22 4 36 4 36 4 40 4 37 52 4 15 4 22 4 79 49 4 14 4 36 4 51 36 4 37 4 33 4 
iteration 1070 best: 1.00214 time: 320097
18 40 4 32 4 23 4 63 14 4 36 4 59 43 4 15 4 46 4 40 30 4 39 4 52 4 14 44 4 7 4 52 4 51 35 4 28 4 26 4 25 4 60 19 4 15 4 46 4 78 33 4 36 4 89 35 4 35 4 27 43 4 41 4 26 4 23 4 92 25 4 19 4 64 21 4 39 4 69 21 4 41 4 29 4 23 4 25 4 33 19 4 11 4 31 4 20 4 71 43 4 19 4 87 20 4 37 4 18 4 16 4 72 52 4 30 4 40 4 71 30 4 30 4 48 21 4 33 4 53 27 20 64 25 4 43 4 32 4 95 40 20 37 31 4 32 4 20 4 56 21 4 18 4 43 4 22 4 68 33 4 38 4 21 44 4 10 4 18 4 89 15 4 41 4 22 28 4 40 4 21 4 72 39 4 16 4 10 4 29 18 4 19 4 73 47 4 32 4 87 34 4 62 19 4 25 4 25 4 70 10 4 44 4 41 17 4 49 4 70 11 4 24 4 36 52 4 13 4 32 17 4 39 4 80 23 4 7 4 42 38 4 29 4 89 38 4 12 4 75 26 4 14 4 13 4 68 41 4 32 4 48 23 4 51 4 31 4 74 21 4 34 4 25 4 18 23 4 41 4 29 4 24 4 41 29 4 36 4 47 4 48 4 54 48 4 35 4 45 4 72 41 4 25 4 64 27 4 25 4 17 4 83 19 4 33 4 47 4 10 36 4 24 4 32 4 55 52 4 26 4 29 4 81 41 16 25 16 53 45 4 6 16 16 37 16 25 25 4 52 4 19 24 4 33 4 41 4 67 45 4 26 4 33 4 23 4 4 28 4 36 4 78 34 4 22 4 32 4 37 4 95 27 4 14 4 29 4 31 17 4 32 4 48 4 56 11 4 23 4 25 4 51 37 4 7 4 31 4 53 32 4 21 4 12 4 19 4 42 22 4 36 4 36 4 40 4 37 52 4 15 4 22 4 79 49 4 14 4 36 4 51 36 4 37 4 33 4 
iteration 1095 best: 1.00214 time: 327566
18 40 4 32 4 23 4 63 14 4 36 4 59 43 4 15 4 46 4 40 30 4 39 4 52 4 14 44 4 7 4 52 4 51 35 4 28 4 26 4 25 4 60 19 4 15 4 46 4 78 33 4 36 4 89 35 4 35 4 27 43 4 41 4 26 4 23 4 92 25 4 19 4 64 21 4 39 4 69 21 4 41 4 29 4 23 4 25 4 33 19 4 11 4 31 4 20 4 71 43 4 19 4 87 20 4 37 4 18 4 16 4 72 52 4 30 4 40 4 71 30 4 30 4 48 21 4 33 4 53 27 20 64 25 4 43 4 32 4 95 40 20 37 31 4 32 4 20 4 56 21 4 18 4 43 4 22 4 68 33 4 38 4 21 44 4 10 4 18 4 89 15 4 41 4 22 28 4 40 4 21 4 72 39 4 16 4 10 4 29 18 4 19 4 73 47 4 32 4 87 34 4 62 19 4 25 4 25 4 70 10 4 44 4 41 17 4 49 4 70 11 4 24 4 36 52 4 13 4 32 17 4 39 4 80 23 4 7 4 42 38 4 29 4 89 38 4 12 4 75 26 4 14 4 13 4 68 41 4 32 4 48 23 4 51 4 31 4 74 21 4 34 4 25 4 18 23 4 41 4 29 4 24 4 41 29 4 36 4 47 4 48 4 54 48 4 35 4 45 4 72 41 4 25 4 64 27 4 25 4 17 4 83 19 4 33 4 47 4 10 36 4 24 4 32 4 55 52 4 26 4 29 4 81 41 16 25 16 53 45 4 6 16 16 37 16 25 25 4 52 4 19 24 4 33 4 41 4 67 45 4 26 4 33 4 23 4 4 28 4 36 4 78 34 4 22 4 32 4 37 4 95 27 4 14 4 29 4 31 17 4 32 4 48 4 56 11 4 23 4 25 4 51 37 4 7 4 31 4 53 32 4 21 4 12 4 19 4 42 22 4 36 4 36 4 40 4 37 52 4 15 4 22 4 79 49 4 14 4 36 4 51 36 4 37 4 33 4 
iteration 1120 best: 1.00214 time: 335027
18 40 4 32 4 23 4 63 14 4 36 4 59 43 4 15 4 46 4 40 30 4 39 4 52 4 14 44 4 7 4 52 4 51 35 4 28 4 26 4 25 4 60 19 4 15 4 46 4 78 33 4 36 4 89 35 4 35 4 27 43 4 41 4 26 4 23 4 92 25 4 19 4 64 21 4 39 4 69 21 4 41 4 29 4 23 4 25 4 33 19 4 11 4 31 4 20 4 71 43 4 19 4 87 20 4 37 4 18 4 16 4 72 52 4 30 4 40 4 71 30 4 30 4 48 21 4 33 4 53 27 20 64 25 4 43 4 32 4 95 40 20 37 31 4 32 4 20 4 56 21 4 18 4 43 4 22 4 68 33 4 38 4 21 44 4 10 4 18 4 89 15 4 41 4 22 28 4 40 4 21 4 72 39 4 16 4 10 4 29 18 4 19 4 73 47 4 32 4 87 34 4 62 19 4 25 4 25 4 70 10 4 44 4 41 17 4 49 4 70 11 4 24 4 36 52 4 13 4 32 17 4 39 4 80 23 4 7 4 42 38 4 29 4 89 38 4 12 4 75 26 4 14 4 13 4 68 41 4 32 4 48 23 4 51 4 31 4 74 21 4 34 4 25 4 18 23 4 41 4 29 4 24 4 41 29 4 36 4 47 4 48 4 54 48 4 35 4 45 4 72 41 4 25 4 64 27 4 25 4 17 4 83 19 4 33 4 47 4 10 36 4 24 4 32 4 55 52 4 26 4 29 4 81 41 16 25 16 53 45 4 6 16 16 37 16 25 25 4 52 4 19 24 4 33 4 41 4 67 45 4 26 4 33 4 23 4 4 28 4 36 4 78 34 4 22 4 32 4 37 4 95 27 4 14 4 29 4 31 17 4 32 4 48 4 56 11 4 23 4 25 4 51 37 4 7 4 31 4 53 32 4 21 4 12 4 19 4 42 22 4 36 4 36 4 40 4 37 52 4 15 4 22 4 79 49 4 14 4 36 4 51 36 4 37 4 33 4 
iteration 1145 best: 1.00214 time: 342505
18 40 4 32 4 23 4 63 14 4 36 4 59 43 4 15 4 46 4 40 30 4 39 4 52 4 14 44 4 7 4 52 4 51 35 4 28 4 26 4 25 4 60 19 4 15 4 46 4 78 33 4 36 4 89 35 4 35 4 27 43 4 41 4 26 4 23 4 92 25 4 19 4 64 21 4 39 4 69 21 4 41 4 29 4 23 4 25 4 33 19 4 11 4 31 4 20 4 71 43 4 19 4 87 20 4 37 4 18 4 16 4 72 52 4 30 4 40 4 71 30 4 30 4 48 21 4 33 4 53 27 20 64 25 4 43 4 32 4 95 40 20 37 31 4 32 4 20 4 56 21 4 18 4 43 4 22 4 68 33 4 38 4 21 44 4 10 4 18 4 89 15 4 41 4 22 28 4 40 4 21 4 72 39 4 16 4 10 4 29 18 4 19 4 73 47 4 32 4 87 34 4 62 19 4 25 4 25 4 70 10 4 44 4 41 17 4 49 4 70 11 4 24 4 36 52 4 13 4 32 17 4 39 4 80 23 4 7 4 42 38 4 29 4 89 38 4 12 4 75 26 4 14 4 13 4 68 41 4 32 4 48 23 4 51 4 31 4 74 21 4 34 4 25 4 18 23 4 41 4 29 4 24 4 41 29 4 36 4 47 4 48 4 54 48 4 35 4 45 4 72 41 4 25 4 64 27 4 25 4 17 4 83 19 4 33 4 47 4 10 36 4 24 4 32 4 55 52 4 26 4 29 4 81 41 16 25 16 53 45 4 6 16 16 37 16 25 25 4 52 4 19 24 4 33 4 41 4 67 45 4 26 4 33 4 23 4 4 28 4 36 4 78 34 4 22 4 32 4 37 4 95 27 4 14 4 29 4 31 17 4 32 4 48 4 56 11 4 23 4 25 4 51 37 4 7 4 31 4 53 32 4 21 4 12 4 19 4 42 22 4 36 4 36 4 40 4 37 52 4 15 4 22 4 79 49 4 14 4 36 4 51 36 4 37 4 33 4 
iteration 1170 best: 1.00214 time: 349971
18 40 4 32 4 23 4 63 14 4 36 4 59 43 4 15 4 46 4 40 30 4 39 4 52 4 14 44 4 7 4 52 4 51 35 4 28 4 26 4 25 4 60 19 4 15 4 46 4 78 33 4 36 4 89 35 4 35 4 27 43 4 41 4 26 4 23 4 92 25 4 19 4 64 21 4 39 4 69 21 4 41 4 29 4 23 4 25 4 33 19 4 11 4 31 4 20 4 71 43 4 19 4 87 20 4 37 4 18 4 16 4 72 52 4 30 4 40 4 71 30 4 30 4 48 21 4 33 4 53 27 20 64 25 4 43 4 32 4 95 40 20 37 31 4 32 4 20 4 56 21 4 18 4 43 4 22 4 68 33 4 38 4 21 44 4 10 4 18 4 89 15 4 41 4 22 28 4 40 4 21 4 72 39 4 16 4 10 4 29 18 4 19 4 73 47 4 32 4 87 34 4 62 19 4 25 4 25 4 70 10 4 44 4 41 17 4 49 4 70 11 4 24 4 36 52 4 13 4 32 17 4 39 4 80 23 4 7 4 42 38 4 29 4 89 38 4 12 4 75 26 4 14 4 13 4 68 41 4 32 4 48 23 4 51 4 31 4 74 21 4 34 4 25 4 18 23 4 41 4 29 4 24 4 41 29 4 36 4 47 4 48 4 54 48 4 35 4 45 4 72 41 4 25 4 64 27 4 25 4 17 4 83 19 4 33 4 47 4 10 36 4 24 4 32 4 55 52 4 26 4 29 4 81 41 16 25 16 53 45 4 6 16 16 37 16 25 25 4 52 4 19 24 4 33 4 41 4 67 45 4 26 4 33 4 23 4 4 28 4 36 4 78 34 4 22 4 32 4 37 4 95 27 4 14 4 29 4 31 17 4 32 4 48 4 56 11 4 23 4 25 4 51 37 4 7 4 31 4 53 32 4 21 4 12 4 19 4 42 22 4 36 4 36 4 40 4 37 52 4 15 4 22 4 79 49 4 14 4 36 4 51 36 4 37 4 33 4 
iteration 1195 best: 1.00214 time: 357454
18 40 4 32 4 23 4 63 14 4 36 4 59 43 4 15 4 46 4 40 30 4 39 4 52 4 14 44 4 7 4 52 4 51 35 4 28 4 26 4 25 4 60 19 4 15 4 46 4 78 33 4 36 4 89 35 4 35 4 27 43 4 41 4 26 4 23 4 92 25 4 19 4 64 21 4 39 4 69 21 4 41 4 29 4 23 4 25 4 33 19 4 11 4 31 4 20 4 71 43 4 19 4 87 20 4 37 4 18 4 16 4 72 52 4 30 4 40 4 71 30 4 30 4 48 21 4 33 4 53 27 20 64 25 4 43 4 32 4 95 40 20 37 31 4 32 4 20 4 56 21 4 18 4 43 4 22 4 68 33 4 38 4 21 44 4 10 4 18 4 89 15 4 41 4 22 28 4 40 4 21 4 72 39 4 16 4 10 4 29 18 4 19 4 73 47 4 32 4 87 34 4 62 19 4 25 4 25 4 70 10 4 44 4 41 17 4 49 4 70 11 4 24 4 36 52 4 13 4 32 17 4 39 4 80 23 4 7 4 42 38 4 29 4 89 38 4 12 4 75 26 4 14 4 13 4 68 41 4 32 4 48 23 4 51 4 31 4 74 21 4 34 4 25 4 18 23 4 41 4 29 4 24 4 41 29 4 36 4 47 4 48 4 54 48 4 35 4 45 4 72 41 4 25 4 64 27 4 25 4 17 4 83 19 4 33 4 47 4 10 36 4 24 4 32 4 55 52 4 26 4 29 4 81 41 16 25 16 53 45 4 6 16 16 37 16 25 25 4 52 4 19 24 4 33 4 41 4 67 45 4 26 4 33 4 23 4 4 28 4 36 4 78 34 4 22 4 32 4 37 4 95 27 4 14 4 29 4 31 17 4 32 4 48 4 56 11 4 23 4 25 4 51 37 4 7 4 31 4 53 32 4 21 4 12 4 19 4 42 22 4 36 4 36 4 40 4 37 52 4 15 4 22 4 79 49 4 14 4 36 4 51 36 4 37 4 33 4 
iteration 1220 best: 1.00214 time: 364910
18 40 4 32 4 23 4 63 14 4 36 4 59 43 4 15 4 46 4 40 30 4 39 4 52 4 14 44 4 7 4 52 4 51 35 4 28 4 26 4 25 4 60 19 4 15 4 46 4 78 33 4 36 4 89 35 4 35 4 27 43 4 41 4 26 4 23 4 92 25 4 19 4 64 21 4 39 4 69 21 4 41 4 29 4 23 4 25 4 33 19 4 11 4 31 4 20 4 71 43 4 19 4 87 20 4 37 4 18 4 16 4 72 52 4 30 4 40 4 71 30 4 30 4 48 21 4 33 4 53 27 20 64 25 4 43 4 32 4 95 40 20 37 31 4 32 4 20 4 56 21 4 18 4 43 4 22 4 68 33 4 38 4 21 44 4 10 4 18 4 89 15 4 41 4 22 28 4 40 4 21 4 72 39 4 16 4 10 4 29 18 4 19 4 73 47 4 32 4 87 34 4 62 19 4 25 4 25 4 70 10 4 44 4 41 17 4 49 4 70 11 4 24 4 36 52 4 13 4 32 17 4 39 4 80 23 4 7 4 42 38 4 29 4 89 38 4 12 4 75 26 4 14 4 13 4 68 41 4 32 4 48 23 4 51 4 31 4 74 21 4 34 4 25 4 18 23 4 41 4 29 4 24 4 41 29 4 36 4 47 4 48 4 54 48 4 35 4 45 4 72 41 4 25 4 64 27 4 25 4 17 4 83 19 4 33 4 47 4 10 36 4 24 4 32 4 55 52 4 26 4 29 4 81 41 16 25 16 53 45 4 6 16 16 37 16 25 25 4 52 4 19 24 4 33 4 41 4 67 45 4 26 4 33 4 23 4 4 28 4 36 4 78 34 4 22 4 32 4 37 4 95 27 4 14 4 29 4 31 17 4 32 4 48 4 56 11 4 23 4 25 4 51 37 4 7 4 31 4 53 32 4 21 4 12 4 19 4 42 22 4 36 4 36 4 40 4 37 52 4 15 4 22 4 79 49 4 14 4 36 4 51 36 4 37 4 33 4 
iteration 1245 best: 1.00214 time: 372352
18 40 4 32 4 23 4 63 14 4 36 4 59 43 4 15 4 46 4 40 30 4 39 4 52 4 14 44 4 7 4 52 4 51 35 4 28 4 26 4 25 4 60 19 4 15 4 46 4 78 33 4 36 4 89 35 4 35 4 27 43 4 41 4 26 4 23 4 92 25 4 19 4 64 21 4 39 4 69 21 4 41 4 29 4 23 4 25 4 33 19 4 11 4 31 4 20 4 71 43 4 19 4 87 20 4 37 4 18 4 16 4 72 52 4 30 4 40 4 71 30 4 30 4 48 21 4 33 4 53 27 20 64 25 4 43 4 32 4 95 40 20 37 31 4 32 4 20 4 56 21 4 18 4 43 4 22 4 68 33 4 38 4 21 44 4 10 4 18 4 89 15 4 41 4 22 28 4 40 4 21 4 72 39 4 16 4 10 4 29 18 4 19 4 73 47 4 32 4 87 34 4 62 19 4 25 4 25 4 70 10 4 44 4 41 17 4 49 4 70 11 4 24 4 36 52 4 13 4 32 17 4 39 4 80 23 4 7 4 42 38 4 29 4 89 38 4 12 4 75 26 4 14 4 13 4 68 41 4 32 4 48 23 4 51 4 31 4 74 21 4 34 4 25 4 18 23 4 41 4 29 4 24 4 41 29 4 36 4 47 4 48 4 54 48 4 35 4 45 4 72 41 4 25 4 64 27 4 25 4 17 4 83 19 4 33 4 47 4 10 36 4 24 4 32 4 55 52 4 26 4 29 4 81 41 16 25 16 53 45 4 6 16 16 37 16 25 25 4 52 4 19 24 4 33 4 41 4 67 45 4 26 4 33 4 23 4 4 28 4 36 4 78 34 4 22 4 32 4 37 4 95 27 4 14 4 29 4 31 17 4 32 4 48 4 56 11 4 23 4 25 4 51 37 4 7 4 31 4 53 32 4 21 4 12 4 19 4 42 22 4 36 4 36 4 40 4 37 52 4 15 4 22 4 79 49 4 14 4 36 4 51 36 4 37 4 33 4 
iteration 1270 best: 1.00214 time: 379797
18 40 4 32 4 23 4 63 14 4 36 4 59 43 4 15 4 46 4 40 30 4 39 4 52 4 14 44 4 7 4 52 4 51 35 4 28 4 26 4 25 4 60 19 4 15 4 46 4 78 33 4 36 4 89 35 4 35 4 27 43 4 41 4 26 4 23 4 92 25 4 19 4 64 21 4 39 4 69 21 4 41 4 29 4 23 4 25 4 33 19 4 11 4 31 4 20 4 71 43 4 19 4 87 20 4 37 4 18 4 16 4 72 52 4 30 4 40 4 71 30 4 30 4 48 21 4 33 4 53 27 20 64 25 4 43 4 32 4 95 40 20 37 31 4 32 4 20 4 56 21 4 18 4 43 4 22 4 68 33 4 38 4 21 44 4 10 4 18 4 89 15 4 41 4 22 28 4 40 4 21 4 72 39 4 16 4 10 4 29 18 4 19 4 73 47 4 32 4 87 34 4 62 19 4 25 4 25 4 70 10 4 44 4 41 17 4 49 4 70 11 4 24 4 36 52 4 13 4 32 17 4 39 4 80 23 4 7 4 42 38 4 29 4 89 38 4 12 4 75 26 4 14 4 13 4 68 41 4 32 4 48 23 4 51 4 31 4 74 21 4 34 4 25 4 18 23 4 41 4 29 4 24 4 41 29 4 36 4 47 4 48 4 54 48 4 35 4 45 4 72 41 4 25 4 64 27 4 25 4 17 4 83 19 4 33 4 47 4 10 36 4 24 4 32 4 55 52 4 26 4 29 4 81 41 16 25 16 53 45 4 6 16 16 37 16 25 25 4 52 4 19 24 4 33 4 41 4 67 45 4 26 4 33 4 23 4 4 28 4 36 4 78 34 4 22 4 32 4 37 4 95 27 4 14 4 29 4 31 17 4 32 4 48 4 56 11 4 23 4 25 4 51 37 4 7 4 31 4 53 32 4 21 4 12 4 19 4 42 22 4 36 4 36 4 40 4 37 52 4 15 4 22 4 79 49 4 14 4 36 4 51 36 4 37 4 33 4 
iteration 1294 best: 1.00214 time: 387010
18 40 4 32 4 23 4 63 14 4 36 4 59 43 4 15 4 46 4 40 30 4 39 4 52 4 14 44 4 7 4 52 4 51 35 4 28 4 26 4 25 4 60 19 4 15 4 46 4 78 33 4 36 4 89 35 4 35 4 27 43 4 41 4 26 4 23 4 92 25 4 19 4 64 21 4 39 4 69 21 4 41 4 29 4 23 4 25 4 33 19 4 11 4 31 4 20 4 71 43 4 19 4 87 20 4 37 4 18 4 16 4 72 52 4 30 4 40 4 71 30 4 30 4 48 21 4 33 4 53 27 20 64 25 4 43 4 32 4 95 40 20 37 31 4 32 4 20 4 56 21 4 18 4 43 4 22 4 68 33 4 38 4 21 44 4 10 4 18 4 89 15 4 41 4 22 28 4 40 4 21 4 72 39 4 16 4 10 4 29 18 4 19 4 73 47 4 32 4 87 34 4 62 19 4 25 4 25 4 70 10 4 44 4 41 17 4 49 4 70 11 4 24 4 36 52 4 13 4 32 17 4 39 4 80 23 4 7 4 42 38 4 29 4 89 38 4 12 4 75 26 4 14 4 13 4 68 41 4 32 4 48 23 4 51 4 31 4 74 21 4 34 4 25 4 18 23 4 41 4 29 4 24 4 41 29 4 36 4 47 4 48 4 54 48 4 35 4 45 4 72 41 4 25 4 64 27 4 25 4 17 4 83 19 4 33 4 47 4 10 36 4 24 4 32 4 55 52 4 26 4 29 4 81 41 16 25 16 53 45 4 6 16 16 37 16 25 25 4 52 4 19 24 4 33 4 41 4 67 45 4 26 4 33 4 23 4 4 28 4 36 4 78 34 4 22 4 32 4 37 4 95 27 4 14 4 29 4 31 17 4 32 4 48 4 56 11 4 23 4 25 4 51 37 4 7 4 31 4 53 32 4 21 4 12 4 19 4 42 22 4 36 4 36 4 40 4 37 52 4 15 4 22 4 79 49 4 14 4 36 4 51 36 4 37 4 33 4 
iteration 1319 best: 1.00214 time: 394458
18 40 4 32 4 23 4 63 14 4 36 4 59 43 4 15 4 46 4 40 30 4 39 4 52 4 14 44 4 7 4 52 4 51 35 4 28 4 26 4 25 4 60 19 4 15 4 46 4 78 33 4 36 4 89 35 4 35 4 27 43 4 41 4 26 4 23 4 92 25 4 19 4 64 21 4 39 4 69 21 4 41 4 29 4 23 4 25 4 33 19 4 11 4 31 4 20 4 71 43 4 19 4 87 20 4 37 4 18 4 16 4 72 52 4 30 4 40 4 71 30 4 30 4 48 21 4 33 4 53 27 20 64 25 4 43 4 32 4 95 40 20 37 31 4 32 4 20 4 56 21 4 18 4 43 4 22 4 68 33 4 38 4 21 44 4 10 4 18 4 89 15 4 41 4 22 28 4 40 4 21 4 72 39 4 16 4 10 4 29 18 4 19 4 73 47 4 32 4 87 34 4 62 19 4 25 4 25 4 70 10 4 44 4 41 17 4 49 4 70 11 4 24 4 36 52 4 13 4 32 17 4 39 4 80 23 4 7 4 42 38 4 29 4 89 38 4 12 4 75 26 4 14 4 13 4 68 41 4 32 4 48 23 4 51 4 31 4 74 21 4 34 4 25 4 18 23 4 41 4 29 4 24 4 41 29 4 36 4 47 4 48 4 54 48 4 35 4 45 4 72 41 4 25 4 64 27 4 25 4 17 4 83 19 4 33 4 47 4 10 36 4 24 4 32 4 55 52 4 26 4 29 4 81 41 16 25 16 53 45 4 6 16 16 37 16 25 25 4 52 4 19 24 4 33 4 41 4 67 45 4 26 4 33 4 23 4 4 28 4 36 4 78 34 4 22 4 32 4 37 4 95 27 4 14 4 29 4 31 17 4 32 4 48 4 56 11 4 23 4 25 4 51 37 4 7 4 31 4 53 32 4 21 4 12 4 19 4 42 22 4 36 4 36 4 40 4 37 52 4 15 4 22 4 79 49 4 14 4 36 4 51 36 4 37 4 33 4 
iteration 1344 best: 1.00214 time: 401902
18 40 4 32 4 23 4 63 14 4 36 4 59 43 4 15 4 46 4 40 30 4 39 4 52 4 14 44 4 7 4 52 4 51 35 4 28 4 26 4 25 4 60 19 4 15 4 46 4 78 33 4 36 4 89 35 4 35 4 27 43 4 41 4 26 4 23 4 92 25 4 19 4 64 21 4 39 4 69 21 4 41 4 29 4 23 4 25 4 33 19 4 11 4 31 4 20 4 71 43 4 19 4 87 20 4 37 4 18 4 16 4 72 52 4 30 4 40 4 71 30 4 30 4 48 21 4 33 4 53 27 20 64 25 4 43 4 32 4 95 40 20 37 31 4 32 4 20 4 56 21 4 18 4 43 4 22 4 68 33 4 38 4 21 44 4 10 4 18 4 89 15 4 41 4 22 28 4 40 4 21 4 72 39 4 16 4 10 4 29 18 4 19 4 73 47 4 32 4 87 34 4 62 19 4 25 4 25 4 70 10 4 44 4 41 17 4 49 4 70 11 4 24 4 36 52 4 13 4 32 17 4 39 4 80 23 4 7 4 42 38 4 29 4 89 38 4 12 4 75 26 4 14 4 13 4 68 41 4 32 4 48 23 4 51 4 31 4 74 21 4 34 4 25 4 18 23 4 41 4 29 4 24 4 41 29 4 36 4 47 4 48 4 54 48 4 35 4 45 4 72 41 4 25 4 64 27 4 25 4 17 4 83 19 4 33 4 47 4 10 36 4 24 4 32 4 55 52 4 26 4 29 4 81 41 16 25 16 53 45 4 6 16 16 37 16 25 25 4 52 4 19 24 4 33 4 41 4 67 45 4 26 4 33 4 23 4 4 28 4 36 4 78 34 4 22 4 32 4 37 4 95 27 4 14 4 29 4 31 17 4 32 4 48 4 56 11 4 23 4 25 4 51 37 4 7 4 31 4 53 32 4 21 4 12 4 19 4 42 22 4 36 4 36 4 40 4 37 52 4 15 4 22 4 79 49 4 14 4 36 4 51 36 4 37 4 33 4 
iteration 1369 best: 1.00214 time: 409347
18 40 4 32 4 23 4 63 14 4 36 4 59 43 4 15 4 46 4 40 30 4 39 4 52 4 14 44 4 7 4 52 4 51 35 4 28 4 26 4 25 4 60 19 4 15 4 46 4 78 33 4 36 4 89 35 4 35 4 27 43 4 41 4 26 4 23 4 92 25 4 19 4 64 21 4 39 4 69 21 4 41 4 29 4 23 4 25 4 33 19 4 11 4 31 4 20 4 71 43 4 19 4 87 20 4 37 4 18 4 16 4 72 52 4 30 4 40 4 71 30 4 30 4 48 21 4 33 4 53 27 20 64 25 4 43 4 32 4 95 40 20 37 31 4 32 4 20 4 56 21 4 18 4 43 4 22 4 68 33 4 38 4 21 44 4 10 4 18 4 89 15 4 41 4 22 28 4 40 4 21 4 72 39 4 16 4 10 4 29 18 4 19 4 73 47 4 32 4 87 34 4 62 19 4 25 4 25 4 70 10 4 44 4 41 17 4 49 4 70 11 4 24 4 36 52 4 13 4 32 17 4 39 4 80 23 4 7 4 42 38 4 29 4 89 38 4 12 4 75 26 4 14 4 13 4 68 41 4 32 4 48 23 4 51 4 31 4 74 21 4 34 4 25 4 18 23 4 41 4 29 4 24 4 41 29 4 36 4 47 4 48 4 54 48 4 35 4 45 4 72 41 4 25 4 64 27 4 25 4 17 4 83 19 4 33 4 47 4 10 36 4 24 4 32 4 55 52 4 26 4 29 4 81 41 16 25 16 53 45 4 6 16 16 37 16 25 25 4 52 4 19 24 4 33 4 41 4 67 45 4 26 4 33 4 23 4 4 28 4 36 4 78 34 4 22 4 32 4 37 4 95 27 4 14 4 29 4 31 17 4 32 4 48 4 56 11 4 23 4 25 4 51 37 4 7 4 31 4 53 32 4 21 4 12 4 19 4 42 22 4 36 4 36 4 40 4 37 52 4 15 4 22 4 79 49 4 14 4 36 4 51 36 4 37 4 33 4 
iteration 1394 best: 1.00214 time: 416785
18 40 4 32 4 23 4 63 14 4 36 4 59 43 4 15 4 46 4 40 30 4 39 4 52 4 14 44 4 7 4 52 4 51 35 4 28 4 26 4 25 4 60 19 4 15 4 46 4 78 33 4 36 4 89 35 4 35 4 27 43 4 41 4 26 4 23 4 92 25 4 19 4 64 21 4 39 4 69 21 4 41 4 29 4 23 4 25 4 33 19 4 11 4 31 4 20 4 71 43 4 19 4 87 20 4 37 4 18 4 16 4 72 52 4 30 4 40 4 71 30 4 30 4 48 21 4 33 4 53 27 20 64 25 4 43 4 32 4 95 40 20 37 31 4 32 4 20 4 56 21 4 18 4 43 4 22 4 68 33 4 38 4 21 44 4 10 4 18 4 89 15 4 41 4 22 28 4 40 4 21 4 72 39 4 16 4 10 4 29 18 4 19 4 73 47 4 32 4 87 34 4 62 19 4 25 4 25 4 70 10 4 44 4 41 17 4 49 4 70 11 4 24 4 36 52 4 13 4 32 17 4 39 4 80 23 4 7 4 42 38 4 29 4 89 38 4 12 4 75 26 4 14 4 13 4 68 41 4 32 4 48 23 4 51 4 31 4 74 21 4 34 4 25 4 18 23 4 41 4 29 4 24 4 41 29 4 36 4 47 4 48 4 54 48 4 35 4 45 4 72 41 4 25 4 64 27 4 25 4 17 4 83 19 4 33 4 47 4 10 36 4 24 4 32 4 55 52 4 26 4 29 4 81 41 16 25 16 53 45 4 6 16 16 37 16 25 25 4 52 4 19 24 4 33 4 41 4 67 45 4 26 4 33 4 23 4 4 28 4 36 4 78 34 4 22 4 32 4 37 4 95 27 4 14 4 29 4 31 17 4 32 4 48 4 56 11 4 23 4 25 4 51 37 4 7 4 31 4 53 32 4 21 4 12 4 19 4 42 22 4 36 4 36 4 40 4 37 52 4 15 4 22 4 79 49 4 14 4 36 4 51 36 4 37 4 33 4 
iteration 1419 best: 1.00214 time: 424212
18 40 4 32 4 23 4 63 14 4 36 4 59 43 4 15 4 46 4 40 30 4 39 4 52 4 14 44 4 7 4 52 4 51 35 4 28 4 26 4 25 4 60 19 4 15 4 46 4 78 33 4 36 4 89 35 4 35 4 27 43 4 41 4 26 4 23 4 92 25 4 19 4 64 21 4 39 4 69 21 4 41 4 29 4 23 4 25 4 33 19 4 11 4 31 4 20 4 71 43 4 19 4 87 20 4 37 4 18 4 16 4 72 52 4 30 4 40 4 71 30 4 30 4 48 21 4 33 4 53 27 20 64 25 4 43 4 32 4 95 40 20 37 31 4 32 4 20 4 56 21 4 18 4 43 4 22 4 68 33 4 38 4 21 44 4 10 4 18 4 89 15 4 41 4 22 28 4 40 4 21 4 72 39 4 16 4 10 4 29 18 4 19 4 73 47 4 32 4 87 34 4 62 19 4 25 4 25 4 70 10 4 44 4 41 17 4 49 4 70 11 4 24 4 36 52 4 13 4 32 17 4 39 4 80 23 4 7 4 42 38 4 29 4 89 38 4 12 4 75 26 4 14 4 13 4 68 41 4 32 4 48 23 4 51 4 31 4 74 21 4 34 4 25 4 18 23 4 41 4 29 4 24 4 41 29 4 36 4 47 4 48 4 54 48 4 35 4 45 4 72 41 4 25 4 64 27 4 25 4 17 4 83 19 4 33 4 47 4 10 36 4 24 4 32 4 55 52 4 26 4 29 4 81 41 16 25 16 53 45 4 6 16 16 37 16 25 25 4 52 4 19 24 4 33 4 41 4 67 45 4 26 4 33 4 23 4 4 28 4 36 4 78 34 4 22 4 32 4 37 4 95 27 4 14 4 29 4 31 17 4 32 4 48 4 56 11 4 23 4 25 4 51 37 4 7 4 31 4 53 32 4 21 4 12 4 19 4 42 22 4 36 4 36 4 40 4 37 52 4 15 4 22 4 79 49 4 14 4 36 4 51 36 4 37 4 33 4 
iteration 1444 best: 1.00214 time: 431650
18 40 4 32 4 23 4 63 14 4 36 4 59 43 4 15 4 46 4 40 30 4 39 4 52 4 14 44 4 7 4 52 4 51 35 4 28 4 26 4 25 4 60 19 4 15 4 46 4 78 33 4 36 4 89 35 4 35 4 27 43 4 41 4 26 4 23 4 92 25 4 19 4 64 21 4 39 4 69 21 4 41 4 29 4 23 4 25 4 33 19 4 11 4 31 4 20 4 71 43 4 19 4 87 20 4 37 4 18 4 16 4 72 52 4 30 4 40 4 71 30 4 30 4 48 21 4 33 4 53 27 20 64 25 4 43 4 32 4 95 40 20 37 31 4 32 4 20 4 56 21 4 18 4 43 4 22 4 68 33 4 38 4 21 44 4 10 4 18 4 89 15 4 41 4 22 28 4 40 4 21 4 72 39 4 16 4 10 4 29 18 4 19 4 73 47 4 32 4 87 34 4 62 19 4 25 4 25 4 70 10 4 44 4 41 17 4 49 4 70 11 4 24 4 36 52 4 13 4 32 17 4 39 4 80 23 4 7 4 42 38 4 29 4 89 38 4 12 4 75 26 4 14 4 13 4 68 41 4 32 4 48 23 4 51 4 31 4 74 21 4 34 4 25 4 18 23 4 41 4 29 4 24 4 41 29 4 36 4 47 4 48 4 54 48 4 35 4 45 4 72 41 4 25 4 64 27 4 25 4 17 4 83 19 4 33 4 47 4 10 36 4 24 4 32 4 55 52 4 26 4 29 4 81 41 16 25 16 53 45 4 6 16 16 37 16 25 25 4 52 4 19 24 4 33 4 41 4 67 45 4 26 4 33 4 23 4 4 28 4 36 4 78 34 4 22 4 32 4 37 4 95 27 4 14 4 29 4 31 17 4 32 4 48 4 56 11 4 23 4 25 4 51 37 4 7 4 31 4 53 32 4 21 4 12 4 19 4 42 22 4 36 4 36 4 40 4 37 52 4 15 4 22 4 79 49 4 14 4 36 4 51 36 4 37 4 33 4 
iteration 1469 best: 1.00214 time: 439067
18 40 4 32 4 23 4 63 14 4 36 4 59 43 4 15 4 46 4 40 30 4 39 4 52 4 14 44 4 7 4 52 4 51 35 4 28 4 26 4 25 4 60 19 4 15 4 46 4 78 33 4 36 4 89 35 4 35 4 27 43 4 41 4 26 4 23 4 92 25 4 19 4 64 21 4 39 4 69 21 4 41 4 29 4 23 4 25 4 33 19 4 11 4 31 4 20 4 71 43 4 19 4 87 20 4 37 4 18 4 16 4 72 52 4 30 4 40 4 71 30 4 30 4 48 21 4 33 4 53 27 20 64 25 4 43 4 32 4 95 40 20 37 31 4 32 4 20 4 56 21 4 18 4 43 4 22 4 68 33 4 38 4 21 44 4 10 4 18 4 89 15 4 41 4 22 28 4 40 4 21 4 72 39 4 16 4 10 4 29 18 4 19 4 73 47 4 32 4 87 34 4 62 19 4 25 4 25 4 70 10 4 44 4 41 17 4 49 4 70 11 4 24 4 36 52 4 13 4 32 17 4 39 4 80 23 4 7 4 42 38 4 29 4 89 38 4 12 4 75 26 4 14 4 13 4 68 41 4 32 4 48 23 4 51 4 31 4 74 21 4 34 4 25 4 18 23 4 41 4 29 4 24 4 41 29 4 36 4 47 4 48 4 54 48 4 35 4 45 4 72 41 4 25 4 64 27 4 25 4 17 4 83 19 4 33 4 47 4 10 36 4 24 4 32 4 55 52 4 26 4 29 4 81 41 16 25 16 53 45 4 6 16 16 37 16 25 25 4 52 4 19 24 4 33 4 41 4 67 45 4 26 4 33 4 23 4 4 28 4 36 4 78 34 4 22 4 32 4 37 4 95 27 4 14 4 29 4 31 17 4 32 4 48 4 56 11 4 23 4 25 4 51 37 4 7 4 31 4 53 32 4 21 4 12 4 19 4 42 22 4 36 4 36 4 40 4 37 52 4 15 4 22 4 79 49 4 14 4 36 4 51 36 4 37 4 33 4 
iteration 1494 best: 1.00214 time: 446505
18 40 4 32 4 23 4 63 14 4 36 4 59 43 4 15 4 46 4 40 30 4 39 4 52 4 14 44 4 7 4 52 4 51 35 4 28 4 26 4 25 4 60 19 4 15 4 46 4 78 33 4 36 4 89 35 4 35 4 27 43 4 41 4 26 4 23 4 92 25 4 19 4 64 21 4 39 4 69 21 4 41 4 29 4 23 4 25 4 33 19 4 11 4 31 4 20 4 71 43 4 19 4 87 20 4 37 4 18 4 16 4 72 52 4 30 4 40 4 71 30 4 30 4 48 21 4 33 4 53 27 20 64 25 4 43 4 32 4 95 40 20 37 31 4 32 4 20 4 56 21 4 18 4 43 4 22 4 68 33 4 38 4 21 44 4 10 4 18 4 89 15 4 41 4 22 28 4 40 4 21 4 72 39 4 16 4 10 4 29 18 4 19 4 73 47 4 32 4 87 34 4 62 19 4 25 4 25 4 70 10 4 44 4 41 17 4 49 4 70 11 4 24 4 36 52 4 13 4 32 17 4 39 4 80 23 4 7 4 42 38 4 29 4 89 38 4 12 4 75 26 4 14 4 13 4 68 41 4 32 4 48 23 4 51 4 31 4 74 21 4 34 4 25 4 18 23 4 41 4 29 4 24 4 41 29 4 36 4 47 4 48 4 54 48 4 35 4 45 4 72 41 4 25 4 64 27 4 25 4 17 4 83 19 4 33 4 47 4 10 36 4 24 4 32 4 55 52 4 26 4 29 4 81 41 16 25 16 53 45 4 6 16 16 37 16 25 25 4 52 4 19 24 4 33 4 41 4 67 45 4 26 4 33 4 23 4 4 28 4 36 4 78 34 4 22 4 32 4 37 4 95 27 4 14 4 29 4 31 17 4 32 4 48 4 56 11 4 23 4 25 4 51 37 4 7 4 31 4 53 32 4 21 4 12 4 19 4 42 22 4 36 4 36 4 40 4 37 52 4 15 4 22 4 79 49 4 14 4 36 4 51 36 4 37 4 33 4 
iteration 1519 best: 1.00214 time: 453944
18 40 4 32 4 23 4 63 14 4 36 4 59 43 4 15 4 46 4 40 30 4 39 4 52 4 14 44 4 7 4 52 4 51 35 4 28 4 26 4 25 4 60 19 4 15 4 46 4 78 33 4 36 4 89 35 4 35 4 27 43 4 41 4 26 4 23 4 92 25 4 19 4 64 21 4 39 4 69 21 4 41 4 29 4 23 4 25 4 33 19 4 11 4 31 4 20 4 71 43 4 19 4 87 20 4 37 4 18 4 16 4 72 52 4 30 4 40 4 71 30 4 30 4 48 21 4 33 4 53 27 20 64 25 4 43 4 32 4 95 40 20 37 31 4 32 4 20 4 56 21 4 18 4 43 4 22 4 68 33 4 38 4 21 44 4 10 4 18 4 89 15 4 41 4 22 28 4 40 4 21 4 72 39 4 16 4 10 4 29 18 4 19 4 73 47 4 32 4 87 34 4 62 19 4 25 4 25 4 70 10 4 44 4 41 17 4 49 4 70 11 4 24 4 36 52 4 13 4 32 17 4 39 4 80 23 4 7 4 42 38 4 29 4 89 38 4 12 4 75 26 4 14 4 13 4 68 41 4 32 4 48 23 4 51 4 31 4 74 21 4 34 4 25 4 18 23 4 41 4 29 4 24 4 41 29 4 36 4 47 4 48 4 54 48 4 35 4 45 4 72 41 4 25 4 64 27 4 25 4 17 4 83 19 4 33 4 47 4 10 36 4 24 4 32 4 55 52 4 26 4 29 4 81 41 16 25 16 53 45 4 6 16 16 37 16 25 25 4 52 4 19 24 4 33 4 41 4 67 45 4 26 4 33 4 23 4 4 28 4 36 4 78 34 4 22 4 32 4 37 4 95 27 4 14 4 29 4 31 17 4 32 4 48 4 56 11 4 23 4 25 4 51 37 4 7 4 31 4 53 32 4 21 4 12 4 19 4 42 22 4 36 4 36 4 40 4 37 52 4 15 4 22 4 79 49 4 14 4 36 4 51 36 4 37 4 33 4 
iteration 1544 best: 1.00214 time: 461410
18 40 4 32 4 23 4 63 14 4 36 4 59 43 4 15 4 46 4 40 30 4 39 4 52 4 14 44 4 7 4 52 4 51 35 4 28 4 26 4 25 4 60 19 4 15 4 46 4 78 33 4 36 4 89 35 4 35 4 27 43 4 41 4 26 4 23 4 92 25 4 19 4 64 21 4 39 4 69 21 4 41 4 29 4 23 4 25 4 33 19 4 11 4 31 4 20 4 71 43 4 19 4 87 20 4 37 4 18 4 16 4 72 52 4 30 4 40 4 71 30 4 30 4 48 21 4 33 4 53 27 20 64 25 4 43 4 32 4 95 40 20 37 31 4 32 4 20 4 56 21 4 18 4 43 4 22 4 68 33 4 38 4 21 44 4 10 4 18 4 89 15 4 41 4 22 28 4 40 4 21 4 72 39 4 16 4 10 4 29 18 4 19 4 73 47 4 32 4 87 34 4 62 19 4 25 4 25 4 70 10 4 44 4 41 17 4 49 4 70 11 4 24 4 36 52 4 13 4 32 17 4 39 4 80 23 4 7 4 42 38 4 29 4 89 38 4 12 4 75 26 4 14 4 13 4 68 41 4 32 4 48 23 4 51 4 31 4 74 21 4 34 4 25 4 18 23 4 41 4 29 4 24 4 41 29 4 36 4 47 4 48 4 54 48 4 35 4 45 4 72 41 4 25 4 64 27 4 25 4 17 4 83 19 4 33 4 47 4 10 36 4 24 4 32 4 55 52 4 26 4 29 4 81 41 16 25 16 53 45 4 6 16 16 37 16 25 25 4 52 4 19 24 4 33 4 41 4 67 45 4 26 4 33 4 23 4 4 28 4 36 4 78 34 4 22 4 32 4 37 4 95 27 4 14 4 29 4 31 17 4 32 4 48 4 56 11 4 23 4 25 4 51 37 4 7 4 31 4 53 32 4 21 4 12 4 19 4 42 22 4 36 4 36 4 40 4 37 52 4 15 4 22 4 79 49 4 14 4 36 4 51 36 4 37 4 33 4 
iteration 1569 best: 1.00214 time: 468847
18 40 4 32 4 23 4 63 14 4 36 4 59 43 4 15 4 46 4 40 30 4 39 4 52 4 14 44 4 7 4 52 4 51 35 4 28 4 26 4 25 4 60 19 4 15 4 46 4 78 33 4 36 4 89 35 4 35 4 27 43 4 41 4 26 4 23 4 92 25 4 19 4 64 21 4 39 4 69 21 4 41 4 29 4 23 4 25 4 33 19 4 11 4 31 4 20 4 71 43 4 19 4 87 20 4 37 4 18 4 16 4 72 52 4 30 4 40 4 71 30 4 30 4 48 21 4 33 4 53 27 20 64 25 4 43 4 32 4 95 40 20 37 31 4 32 4 20 4 56 21 4 18 4 43 4 22 4 68 33 4 38 4 21 44 4 10 4 18 4 89 15 4 41 4 22 28 4 40 4 21 4 72 39 4 16 4 10 4 29 18 4 19 4 73 47 4 32 4 87 34 4 62 19 4 25 4 25 4 70 10 4 44 4 41 17 4 49 4 70 11 4 24 4 36 52 4 13 4 32 17 4 39 4 80 23 4 7 4 42 38 4 29 4 89 38 4 12 4 75 26 4 14 4 13 4 68 41 4 32 4 48 23 4 51 4 31 4 74 21 4 34 4 25 4 18 23 4 41 4 29 4 24 4 41 29 4 36 4 47 4 48 4 54 48 4 35 4 45 4 72 41 4 25 4 64 27 4 25 4 17 4 83 19 4 33 4 47 4 10 36 4 24 4 32 4 55 52 4 26 4 29 4 81 41 16 25 16 53 45 4 6 16 16 37 16 25 25 4 52 4 19 24 4 33 4 41 4 67 45 4 26 4 33 4 23 4 4 28 4 36 4 78 34 4 22 4 32 4 37 4 95 27 4 14 4 29 4 31 17 4 32 4 48 4 56 11 4 23 4 25 4 51 37 4 7 4 31 4 53 32 4 21 4 12 4 19 4 42 22 4 36 4 36 4 40 4 37 52 4 15 4 22 4 79 49 4 14 4 36 4 51 36 4 37 4 33 4 
iteration 1594 best: 1.00214 time: 476288
18 40 4 32 4 23 4 63 14 4 36 4 59 43 4 15 4 46 4 40 30 4 39 4 52 4 14 44 4 7 4 52 4 51 35 4 28 4 26 4 25 4 60 19 4 15 4 46 4 78 33 4 36 4 89 35 4 35 4 27 43 4 41 4 26 4 23 4 92 25 4 19 4 64 21 4 39 4 69 21 4 41 4 29 4 23 4 25 4 33 19 4 11 4 31 4 20 4 71 43 4 19 4 87 20 4 37 4 18 4 16 4 72 52 4 30 4 40 4 71 30 4 30 4 48 21 4 33 4 53 27 20 64 25 4 43 4 32 4 95 40 20 37 31 4 32 4 20 4 56 21 4 18 4 43 4 22 4 68 33 4 38 4 21 44 4 10 4 18 4 89 15 4 41 4 22 28 4 40 4 21 4 72 39 4 16 4 10 4 29 18 4 19 4 73 47 4 32 4 87 34 4 62 19 4 25 4 25 4 70 10 4 44 4 41 17 4 49 4 70 11 4 24 4 36 52 4 13 4 32 17 4 39 4 80 23 4 7 4 42 38 4 29 4 89 38 4 12 4 75 26 4 14 4 13 4 68 41 4 32 4 48 23 4 51 4 31 4 74 21 4 34 4 25 4 18 23 4 41 4 29 4 24 4 41 29 4 36 4 47 4 48 4 54 48 4 35 4 45 4 72 41 4 25 4 64 27 4 25 4 17 4 83 19 4 33 4 47 4 10 36 4 24 4 32 4 55 52 4 26 4 29 4 81 41 16 25 16 53 45 4 6 16 16 37 16 25 25 4 52 4 19 24 4 33 4 41 4 67 45 4 26 4 33 4 23 4 4 28 4 36 4 78 34 4 22 4 32 4 37 4 95 27 4 14 4 29 4 31 17 4 32 4 48 4 56 11 4 23 4 25 4 51 37 4 7 4 31 4 53 32 4 21 4 12 4 19 4 42 22 4 36 4 36 4 40 4 37 52 4 15 4 22 4 79 49 4 14 4 36 4 51 36 4 37 4 33 4 
iteration 1619 best: 1.00214 time: 483721
18 40 4 32 4 23 4 63 14 4 36 4 59 43 4 15 4 46 4 40 30 4 39 4 52 4 14 44 4 7 4 52 4 51 35 4 28 4 26 4 25 4 60 19 4 15 4 46 4 78 33 4 36 4 89 35 4 35 4 27 43 4 41 4 26 4 23 4 92 25 4 19 4 64 21 4 39 4 69 21 4 41 4 29 4 23 4 25 4 33 19 4 11 4 31 4 20 4 71 43 4 19 4 87 20 4 37 4 18 4 16 4 72 52 4 30 4 40 4 71 30 4 30 4 48 21 4 33 4 53 27 20 64 25 4 43 4 32 4 95 40 20 37 31 4 32 4 20 4 56 21 4 18 4 43 4 22 4 68 33 4 38 4 21 44 4 10 4 18 4 89 15 4 41 4 22 28 4 40 4 21 4 72 39 4 16 4 10 4 29 18 4 19 4 73 47 4 32 4 87 34 4 62 19 4 25 4 25 4 70 10 4 44 4 41 17 4 49 4 70 11 4 24 4 36 52 4 13 4 32 17 4 39 4 80 23 4 7 4 42 38 4 29 4 89 38 4 12 4 75 26 4 14 4 13 4 68 41 4 32 4 48 23 4 51 4 31 4 74 21 4 34 4 25 4 18 23 4 41 4 29 4 24 4 41 29 4 36 4 47 4 48 4 54 48 4 35 4 45 4 72 41 4 25 4 64 27 4 25 4 17 4 83 19 4 33 4 47 4 10 36 4 24 4 32 4 55 52 4 26 4 29 4 81 41 16 25 16 53 45 4 6 16 16 37 16 25 25 4 52 4 19 24 4 33 4 41 4 67 45 4 26 4 33 4 23 4 4 28 4 36 4 78 34 4 22 4 32 4 37 4 95 27 4 14 4 29 4 31 17 4 32 4 48 4 56 11 4 23 4 25 4 51 37 4 7 4 31 4 53 32 4 21 4 12 4 19 4 42 22 4 36 4 36 4 40 4 37 52 4 15 4 22 4 79 49 4 14 4 36 4 51 36 4 37 4 33 4 
iteration 1644 best: 1.00214 time: 491165
18 40 4 32 4 23 4 63 14 4 36 4 59 43 4 15 4 46 4 40 30 4 39 4 52 4 14 44 4 7 4 52 4 51 35 4 28 4 26 4 25 4 60 19 4 15 4 46 4 78 33 4 36 4 89 35 4 35 4 27 43 4 41 4 26 4 23 4 92 25 4 19 4 64 21 4 39 4 69 21 4 41 4 29 4 23 4 25 4 33 19 4 11 4 31 4 20 4 71 43 4 19 4 87 20 4 37 4 18 4 16 4 72 52 4 30 4 40 4 71 30 4 30 4 48 21 4 33 4 53 27 20 64 25 4 43 4 32 4 95 40 20 37 31 4 32 4 20 4 56 21 4 18 4 43 4 22 4 68 33 4 38 4 21 44 4 10 4 18 4 89 15 4 41 4 22 28 4 40 4 21 4 72 39 4 16 4 10 4 29 18 4 19 4 73 47 4 32 4 87 34 4 62 19 4 25 4 25 4 70 10 4 44 4 41 17 4 49 4 70 11 4 24 4 36 52 4 13 4 32 17 4 39 4 80 23 4 7 4 42 38 4 29 4 89 38 4 12 4 75 26 4 14 4 13 4 68 41 4 32 4 48 23 4 51 4 31 4 74 21 4 34 4 25 4 18 23 4 41 4 29 4 24 4 41 29 4 36 4 47 4 48 4 54 48 4 35 4 45 4 72 41 4 25 4 64 27 4 25 4 17 4 83 19 4 33 4 47 4 10 36 4 24 4 32 4 55 52 4 26 4 29 4 81 41 16 25 16 53 45 4 6 16 16 37 16 25 25 4 52 4 19 24 4 33 4 41 4 67 45 4 26 4 33 4 23 4 4 28 4 36 4 78 34 4 22 4 32 4 37 4 95 27 4 14 4 29 4 31 17 4 32 4 48 4 56 11 4 23 4 25 4 51 37 4 7 4 31 4 53 32 4 21 4 12 4 19 4 42 22 4 36 4 36 4 40 4 37 52 4 15 4 22 4 79 49 4 14 4 36 4 51 36 4 37 4 33 4 
iteration 1669 best: 1.00214 time: 498607
18 40 4 32 4 23 4 63 14 4 36 4 59 43 4 15 4 46 4 40 30 4 39 4 52 4 14 44 4 7 4 52 4 51 35 4 28 4 26 4 25 4 60 19 4 15 4 46 4 78 33 4 36 4 89 35 4 35 4 27 43 4 41 4 26 4 23 4 92 25 4 19 4 64 21 4 39 4 69 21 4 41 4 29 4 23 4 25 4 33 19 4 11 4 31 4 20 4 71 43 4 19 4 87 20 4 37 4 18 4 16 4 72 52 4 30 4 40 4 71 30 4 30 4 48 21 4 33 4 53 27 20 64 25 4 43 4 32 4 95 40 20 37 31 4 32 4 20 4 56 21 4 18 4 43 4 22 4 68 33 4 38 4 21 44 4 10 4 18 4 89 15 4 41 4 22 28 4 40 4 21 4 72 39 4 16 4 10 4 29 18 4 19 4 73 47 4 32 4 87 34 4 62 19 4 25 4 25 4 70 10 4 44 4 41 17 4 49 4 70 11 4 24 4 36 52 4 13 4 32 17 4 39 4 80 23 4 7 4 42 38 4 29 4 89 38 4 12 4 75 26 4 14 4 13 4 68 41 4 32 4 48 23 4 51 4 31 4 74 21 4 34 4 25 4 18 23 4 41 4 29 4 24 4 41 29 4 36 4 47 4 48 4 54 48 4 35 4 45 4 72 41 4 25 4 64 27 4 25 4 17 4 83 19 4 33 4 47 4 10 36 4 24 4 32 4 55 52 4 26 4 29 4 81 41 16 25 16 53 45 4 6 16 16 37 16 25 25 4 52 4 19 24 4 33 4 41 4 67 45 4 26 4 33 4 23 4 4 28 4 36 4 78 34 4 22 4 32 4 37 4 95 27 4 14 4 29 4 31 17 4 32 4 48 4 56 11 4 23 4 25 4 51 37 4 7 4 31 4 53 32 4 21 4 12 4 19 4 42 22 4 36 4 36 4 40 4 37 52 4 15 4 22 4 79 49 4 14 4 36 4 51 36 4 37 4 33 4 
iteration 1694 best: 1.00214 time: 506056
18 40 4 32 4 23 4 63 14 4 36 4 59 43 4 15 4 46 4 40 30 4 39 4 52 4 14 44 4 7 4 52 4 51 35 4 28 4 26 4 25 4 60 19 4 15 4 46 4 78 33 4 36 4 89 35 4 35 4 27 43 4 41 4 26 4 23 4 92 25 4 19 4 64 21 4 39 4 69 21 4 41 4 29 4 23 4 25 4 33 19 4 11 4 31 4 20 4 71 43 4 19 4 87 20 4 37 4 18 4 16 4 72 52 4 30 4 40 4 71 30 4 30 4 48 21 4 33 4 53 27 20 64 25 4 43 4 32 4 95 40 20 37 31 4 32 4 20 4 56 21 4 18 4 43 4 22 4 68 33 4 38 4 21 44 4 10 4 18 4 89 15 4 41 4 22 28 4 40 4 21 4 72 39 4 16 4 10 4 29 18 4 19 4 73 47 4 32 4 87 34 4 62 19 4 25 4 25 4 70 10 4 44 4 41 17 4 49 4 70 11 4 24 4 36 52 4 13 4 32 17 4 39 4 80 23 4 7 4 42 38 4 29 4 89 38 4 12 4 75 26 4 14 4 13 4 68 41 4 32 4 48 23 4 51 4 31 4 74 21 4 34 4 25 4 18 23 4 41 4 29 4 24 4 41 29 4 36 4 47 4 48 4 54 48 4 35 4 45 4 72 41 4 25 4 64 27 4 25 4 17 4 83 19 4 33 4 47 4 10 36 4 24 4 32 4 55 52 4 26 4 29 4 81 41 16 25 16 53 45 4 6 16 16 37 16 25 25 4 52 4 19 24 4 33 4 41 4 67 45 4 26 4 33 4 23 4 4 28 4 36 4 78 34 4 22 4 32 4 37 4 95 27 4 14 4 29 4 31 17 4 32 4 48 4 56 11 4 23 4 25 4 51 37 4 7 4 31 4 53 32 4 21 4 12 4 19 4 42 22 4 36 4 36 4 40 4 37 52 4 15 4 22 4 79 49 4 14 4 36 4 51 36 4 37 4 33 4 
iteration 1719 best: 1.00214 time: 513520
18 40 4 32 4 23 4 63 14 4 36 4 59 43 4 15 4 46 4 40 30 4 39 4 52 4 14 44 4 7 4 52 4 51 35 4 28 4 26 4 25 4 60 19 4 15 4 46 4 78 33 4 36 4 89 35 4 35 4 27 43 4 41 4 26 4 23 4 92 25 4 19 4 64 21 4 39 4 69 21 4 41 4 29 4 23 4 25 4 33 19 4 11 4 31 4 20 4 71 43 4 19 4 87 20 4 37 4 18 4 16 4 72 52 4 30 4 40 4 71 30 4 30 4 48 21 4 33 4 53 27 20 64 25 4 43 4 32 4 95 40 20 37 31 4 32 4 20 4 56 21 4 18 4 43 4 22 4 68 33 4 38 4 21 44 4 10 4 18 4 89 15 4 41 4 22 28 4 40 4 21 4 72 39 4 16 4 10 4 29 18 4 19 4 73 47 4 32 4 87 34 4 62 19 4 25 4 25 4 70 10 4 44 4 41 17 4 49 4 70 11 4 24 4 36 52 4 13 4 32 17 4 39 4 80 23 4 7 4 42 38 4 29 4 89 38 4 12 4 75 26 4 14 4 13 4 68 41 4 32 4 48 23 4 51 4 31 4 74 21 4 34 4 25 4 18 23 4 41 4 29 4 24 4 41 29 4 36 4 47 4 48 4 54 48 4 35 4 45 4 72 41 4 25 4 64 27 4 25 4 17 4 83 19 4 33 4 47 4 10 36 4 24 4 32 4 55 52 4 26 4 29 4 81 41 16 25 16 53 45 4 6 16 16 37 16 25 25 4 52 4 19 24 4 33 4 41 4 67 45 4 26 4 33 4 23 4 4 28 4 36 4 78 34 4 22 4 32 4 37 4 95 27 4 14 4 29 4 31 17 4 32 4 48 4 56 11 4 23 4 25 4 51 37 4 7 4 31 4 53 32 4 21 4 12 4 19 4 42 22 4 36 4 36 4 40 4 37 52 4 15 4 22 4 79 49 4 14 4 36 4 51 36 4 37 4 33 4 
iteration 1744 best: 1.00214 time: 520972
18 40 4 32 4 23 4 63 14 4 36 4 59 43 4 15 4 46 4 40 30 4 39 4 52 4 14 44 4 7 4 52 4 51 35 4 28 4 26 4 25 4 60 19 4 15 4 46 4 78 33 4 36 4 89 35 4 35 4 27 43 4 41 4 26 4 23 4 92 25 4 19 4 64 21 4 39 4 69 21 4 41 4 29 4 23 4 25 4 33 19 4 11 4 31 4 20 4 71 43 4 19 4 87 20 4 37 4 18 4 16 4 72 52 4 30 4 40 4 71 30 4 30 4 48 21 4 33 4 53 27 20 64 25 4 43 4 32 4 95 40 20 37 31 4 32 4 20 4 56 21 4 18 4 43 4 22 4 68 33 4 38 4 21 44 4 10 4 18 4 89 15 4 41 4 22 28 4 40 4 21 4 72 39 4 16 4 10 4 29 18 4 19 4 73 47 4 32 4 87 34 4 62 19 4 25 4 25 4 70 10 4 44 4 41 17 4 49 4 70 11 4 24 4 36 52 4 13 4 32 17 4 39 4 80 23 4 7 4 42 38 4 29 4 89 38 4 12 4 75 26 4 14 4 13 4 68 41 4 32 4 48 23 4 51 4 31 4 74 21 4 34 4 25 4 18 23 4 41 4 29 4 24 4 41 29 4 36 4 47 4 48 4 54 48 4 35 4 45 4 72 41 4 25 4 64 27 4 25 4 17 4 83 19 4 33 4 47 4 10 36 4 24 4 32 4 55 52 4 26 4 29 4 81 41 16 25 16 53 45 4 6 16 16 37 16 25 25 4 52 4 19 24 4 33 4 41 4 67 45 4 26 4 33 4 23 4 4 28 4 36 4 78 34 4 22 4 32 4 37 4 95 27 4 14 4 29 4 31 17 4 32 4 48 4 56 11 4 23 4 25 4 51 37 4 7 4 31 4 53 32 4 21 4 12 4 19 4 42 22 4 36 4 36 4 40 4 37 52 4 15 4 22 4 79 49 4 14 4 36 4 51 36 4 37 4 33 4 
iteration 1769 best: 1.00214 time: 528451
18 40 4 32 4 23 4 63 14 4 36 4 59 43 4 15 4 46 4 40 30 4 39 4 52 4 14 44 4 7 4 52 4 51 35 4 28 4 26 4 25 4 60 19 4 15 4 46 4 78 33 4 36 4 89 35 4 35 4 27 43 4 41 4 26 4 23 4 92 25 4 19 4 64 21 4 39 4 69 21 4 41 4 29 4 23 4 25 4 33 19 4 11 4 31 4 20 4 71 43 4 19 4 87 20 4 37 4 18 4 16 4 72 52 4 30 4 40 4 71 30 4 30 4 48 21 4 33 4 53 27 20 64 25 4 43 4 32 4 95 40 20 37 31 4 32 4 20 4 56 21 4 18 4 43 4 22 4 68 33 4 38 4 21 44 4 10 4 18 4 89 15 4 41 4 22 28 4 40 4 21 4 72 39 4 16 4 10 4 29 18 4 19 4 73 47 4 32 4 87 34 4 62 19 4 25 4 25 4 70 10 4 44 4 41 17 4 49 4 70 11 4 24 4 36 52 4 13 4 32 17 4 39 4 80 23 4 7 4 42 38 4 29 4 89 38 4 12 4 75 26 4 14 4 13 4 68 41 4 32 4 48 23 4 51 4 31 4 74 21 4 34 4 25 4 18 23 4 41 4 29 4 24 4 41 29 4 36 4 47 4 48 4 54 48 4 35 4 45 4 72 41 4 25 4 64 27 4 25 4 17 4 83 19 4 33 4 47 4 10 36 4 24 4 32 4 55 52 4 26 4 29 4 81 41 16 25 16 53 45 4 6 16 16 37 16 25 25 4 52 4 19 24 4 33 4 41 4 67 45 4 26 4 33 4 23 4 4 28 4 36 4 78 34 4 22 4 32 4 37 4 95 27 4 14 4 29 4 31 17 4 32 4 48 4 56 11 4 23 4 25 4 51 37 4 7 4 31 4 53 32 4 21 4 12 4 19 4 42 22 4 36 4 36 4 40 4 37 52 4 15 4 22 4 79 49 4 14 4 36 4 51 36 4 37 4 33 4 
iteration 1794 best: 1.00214 time: 535945
18 40 4 32 4 23 4 63 14 4 36 4 59 43 4 15 4 46 4 40 30 4 39 4 52 4 14 44 4 7 4 52 4 51 35 4 28 4 26 4 25 4 60 19 4 15 4 46 4 78 33 4 36 4 89 35 4 35 4 27 43 4 41 4 26 4 23 4 92 25 4 19 4 64 21 4 39 4 69 21 4 41 4 29 4 23 4 25 4 33 19 4 11 4 31 4 20 4 71 43 4 19 4 87 20 4 37 4 18 4 16 4 72 52 4 30 4 40 4 71 30 4 30 4 48 21 4 33 4 53 27 20 64 25 4 43 4 32 4 95 40 20 37 31 4 32 4 20 4 56 21 4 18 4 43 4 22 4 68 33 4 38 4 21 44 4 10 4 18 4 89 15 4 41 4 22 28 4 40 4 21 4 72 39 4 16 4 10 4 29 18 4 19 4 73 47 4 32 4 87 34 4 62 19 4 25 4 25 4 70 10 4 44 4 41 17 4 49 4 70 11 4 24 4 36 52 4 13 4 32 17 4 39 4 80 23 4 7 4 42 38 4 29 4 89 38 4 12 4 75 26 4 14 4 13 4 68 41 4 32 4 48 23 4 51 4 31 4 74 21 4 34 4 25 4 18 23 4 41 4 29 4 24 4 41 29 4 36 4 47 4 48 4 54 48 4 35 4 45 4 72 41 4 25 4 64 27 4 25 4 17 4 83 19 4 33 4 47 4 10 36 4 24 4 32 4 55 52 4 26 4 29 4 81 41 16 25 16 53 45 4 6 16 16 37 16 25 25 4 52 4 19 24 4 33 4 41 4 67 45 4 26 4 33 4 23 4 4 28 4 36 4 78 34 4 22 4 32 4 37 4 95 27 4 14 4 29 4 31 17 4 32 4 48 4 56 11 4 23 4 25 4 51 37 4 7 4 31 4 53 32 4 21 4 12 4 19 4 42 22 4 36 4 36 4 40 4 37 52 4 15 4 22 4 79 49 4 14 4 36 4 51 36 4 37 4 33 4 
iteration 1819 best: 1.00214 time: 543396
18 40 4 32 4 23 4 63 14 4 36 4 59 43 4 15 4 46 4 40 30 4 39 4 52 4 14 44 4 7 4 52 4 51 35 4 28 4 26 4 25 4 60 19 4 15 4 46 4 78 33 4 36 4 89 35 4 35 4 27 43 4 41 4 26 4 23 4 92 25 4 19 4 64 21 4 39 4 69 21 4 41 4 29 4 23 4 25 4 33 19 4 11 4 31 4 20 4 71 43 4 19 4 87 20 4 37 4 18 4 16 4 72 52 4 30 4 40 4 71 30 4 30 4 48 21 4 33 4 53 27 20 64 25 4 43 4 32 4 95 40 20 37 31 4 32 4 20 4 56 21 4 18 4 43 4 22 4 68 33 4 38 4 21 44 4 10 4 18 4 89 15 4 41 4 22 28 4 40 4 21 4 72 39 4 16 4 10 4 29 18 4 19 4 73 47 4 32 4 87 34 4 62 19 4 25 4 25 4 70 10 4 44 4 41 17 4 49 4 70 11 4 24 4 36 52 4 13 4 32 17 4 39 4 80 23 4 7 4 42 38 4 29 4 89 38 4 12 4 75 26 4 14 4 13 4 68 41 4 32 4 48 23 4 51 4 31 4 74 21 4 34 4 25 4 18 23 4 41 4 29 4 24 4 41 29 4 36 4 47 4 48 4 54 48 4 35 4 45 4 72 41 4 25 4 64 27 4 25 4 17 4 83 19 4 33 4 47 4 10 36 4 24 4 32 4 55 52 4 26 4 29 4 81 41 16 25 16 53 45 4 6 16 16 37 16 25 25 4 52 4 19 24 4 33 4 41 4 67 45 4 26 4 33 4 23 4 4 28 4 36 4 78 34 4 22 4 32 4 37 4 95 27 4 14 4 29 4 31 17 4 32 4 48 4 56 11 4 23 4 25 4 51 37 4 7 4 31 4 53 32 4 21 4 12 4 19 4 42 22 4 36 4 36 4 40 4 37 52 4 15 4 22 4 79 49 4 14 4 36 4 51 36 4 37 4 33 4 
iteration 1844 best: 1.00214 time: 550856
18 40 4 32 4 23 4 63 14 4 36 4 59 43 4 15 4 46 4 40 30 4 39 4 52 4 14 44 4 7 4 52 4 51 35 4 28 4 26 4 25 4 60 19 4 15 4 46 4 78 33 4 36 4 89 35 4 35 4 27 43 4 41 4 26 4 23 4 92 25 4 19 4 64 21 4 39 4 69 21 4 41 4 29 4 23 4 25 4 33 19 4 11 4 31 4 20 4 71 43 4 19 4 87 20 4 37 4 18 4 16 4 72 52 4 30 4 40 4 71 30 4 30 4 48 21 4 33 4 53 27 20 64 25 4 43 4 32 4 95 40 20 37 31 4 32 4 20 4 56 21 4 18 4 43 4 22 4 68 33 4 38 4 21 44 4 10 4 18 4 89 15 4 41 4 22 28 4 40 4 21 4 72 39 4 16 4 10 4 29 18 4 19 4 73 47 4 32 4 87 34 4 62 19 4 25 4 25 4 70 10 4 44 4 41 17 4 49 4 70 11 4 24 4 36 52 4 13 4 32 17 4 39 4 80 23 4 7 4 42 38 4 29 4 89 38 4 12 4 75 26 4 14 4 13 4 68 41 4 32 4 48 23 4 51 4 31 4 74 21 4 34 4 25 4 18 23 4 41 4 29 4 24 4 41 29 4 36 4 47 4 48 4 54 48 4 35 4 45 4 72 41 4 25 4 64 27 4 25 4 17 4 83 19 4 33 4 47 4 10 36 4 24 4 32 4 55 52 4 26 4 29 4 81 41 16 25 16 53 45 4 6 16 16 37 16 25 25 4 52 4 19 24 4 33 4 41 4 67 45 4 26 4 33 4 23 4 4 28 4 36 4 78 34 4 22 4 32 4 37 4 95 27 4 14 4 29 4 31 17 4 32 4 48 4 56 11 4 23 4 25 4 51 37 4 7 4 31 4 53 32 4 21 4 12 4 19 4 42 22 4 36 4 36 4 40 4 37 52 4 15 4 22 4 79 49 4 14 4 36 4 51 36 4 37 4 33 4 
iteration 1869 best: 1.00214 time: 558314
18 40 4 32 4 23 4 63 14 4 36 4 59 43 4 15 4 46 4 40 30 4 39 4 52 4 14 44 4 7 4 52 4 51 35 4 28 4 26 4 25 4 60 19 4 15 4 46 4 78 33 4 36 4 89 35 4 35 4 27 43 4 41 4 26 4 23 4 92 25 4 19 4 64 21 4 39 4 69 21 4 41 4 29 4 23 4 25 4 33 19 4 11 4 31 4 20 4 71 43 4 19 4 87 20 4 37 4 18 4 16 4 72 52 4 30 4 40 4 71 30 4 30 4 48 21 4 33 4 53 27 20 64 25 4 43 4 32 4 95 40 20 37 31 4 32 4 20 4 56 21 4 18 4 43 4 22 4 68 33 4 38 4 21 44 4 10 4 18 4 89 15 4 41 4 22 28 4 40 4 21 4 72 39 4 16 4 10 4 29 18 4 19 4 73 47 4 32 4 87 34 4 62 19 4 25 4 25 4 70 10 4 44 4 41 17 4 49 4 70 11 4 24 4 36 52 4 13 4 32 17 4 39 4 80 23 4 7 4 42 38 4 29 4 89 38 4 12 4 75 26 4 14 4 13 4 68 41 4 32 4 48 23 4 51 4 31 4 74 21 4 34 4 25 4 18 23 4 41 4 29 4 24 4 41 29 4 36 4 47 4 48 4 54 48 4 35 4 45 4 72 41 4 25 4 64 27 4 25 4 17 4 83 19 4 33 4 47 4 10 36 4 24 4 32 4 55 52 4 26 4 29 4 81 41 16 25 16 53 45 4 6 16 16 37 16 25 25 4 52 4 19 24 4 33 4 41 4 67 45 4 26 4 33 4 23 4 4 28 4 36 4 78 34 4 22 4 32 4 37 4 95 27 4 14 4 29 4 31 17 4 32 4 48 4 56 11 4 23 4 25 4 51 37 4 7 4 31 4 53 32 4 21 4 12 4 19 4 42 22 4 36 4 36 4 40 4 37 52 4 15 4 22 4 79 49 4 14 4 36 4 51 36 4 37 4 33 4 
iteration 1894 best: 1.00214 time: 565795
18 40 4 32 4 23 4 63 14 4 36 4 59 43 4 15 4 46 4 40 30 4 39 4 52 4 14 44 4 7 4 52 4 51 35 4 28 4 26 4 25 4 60 19 4 15 4 46 4 78 33 4 36 4 89 35 4 35 4 27 43 4 41 4 26 4 23 4 92 25 4 19 4 64 21 4 39 4 69 21 4 41 4 29 4 23 4 25 4 33 19 4 11 4 31 4 20 4 71 43 4 19 4 87 20 4 37 4 18 4 16 4 72 52 4 30 4 40 4 71 30 4 30 4 48 21 4 33 4 53 27 20 64 25 4 43 4 32 4 95 40 20 37 31 4 32 4 20 4 56 21 4 18 4 43 4 22 4 68 33 4 38 4 21 44 4 10 4 18 4 89 15 4 41 4 22 28 4 40 4 21 4 72 39 4 16 4 10 4 29 18 4 19 4 73 47 4 32 4 87 34 4 62 19 4 25 4 25 4 70 10 4 44 4 41 17 4 49 4 70 11 4 24 4 36 52 4 13 4 32 17 4 39 4 80 23 4 7 4 42 38 4 29 4 89 38 4 12 4 75 26 4 14 4 13 4 68 41 4 32 4 48 23 4 51 4 31 4 74 21 4 34 4 25 4 18 23 4 41 4 29 4 24 4 41 29 4 36 4 47 4 48 4 54 48 4 35 4 45 4 72 41 4 25 4 64 27 4 25 4 17 4 83 19 4 33 4 47 4 10 36 4 24 4 32 4 55 52 4 26 4 29 4 81 41 16 25 16 53 45 4 6 16 16 37 16 25 25 4 52 4 19 24 4 33 4 41 4 67 45 4 26 4 33 4 23 4 4 28 4 36 4 78 34 4 22 4 32 4 37 4 95 27 4 14 4 29 4 31 17 4 32 4 48 4 56 11 4 23 4 25 4 51 37 4 7 4 31 4 53 32 4 21 4 12 4 19 4 42 22 4 36 4 36 4 40 4 37 52 4 15 4 22 4 79 49 4 14 4 36 4 51 36 4 37 4 33 4 
iteration 1919 best: 1.00214 time: 573246
18 40 4 32 4 23 4 63 14 4 36 4 59 43 4 15 4 46 4 40 30 4 39 4 52 4 14 44 4 7 4 52 4 51 35 4 28 4 26 4 25 4 60 19 4 15 4 46 4 78 33 4 36 4 89 35 4 35 4 27 43 4 41 4 26 4 23 4 92 25 4 19 4 64 21 4 39 4 69 21 4 41 4 29 4 23 4 25 4 33 19 4 11 4 31 4 20 4 71 43 4 19 4 87 20 4 37 4 18 4 16 4 72 52 4 30 4 40 4 71 30 4 30 4 48 21 4 33 4 53 27 20 64 25 4 43 4 32 4 95 40 20 37 31 4 32 4 20 4 56 21 4 18 4 43 4 22 4 68 33 4 38 4 21 44 4 10 4 18 4 89 15 4 41 4 22 28 4 40 4 21 4 72 39 4 16 4 10 4 29 18 4 19 4 73 47 4 32 4 87 34 4 62 19 4 25 4 25 4 70 10 4 44 4 41 17 4 49 4 70 11 4 24 4 36 52 4 13 4 32 17 4 39 4 80 23 4 7 4 42 38 4 29 4 89 38 4 12 4 75 26 4 14 4 13 4 68 41 4 32 4 48 23 4 51 4 31 4 74 21 4 34 4 25 4 18 23 4 41 4 29 4 24 4 41 29 4 36 4 47 4 48 4 54 48 4 35 4 45 4 72 41 4 25 4 64 27 4 25 4 17 4 83 19 4 33 4 47 4 10 36 4 24 4 32 4 55 52 4 26 4 29 4 81 41 16 25 16 53 45 4 6 16 16 37 16 25 25 4 52 4 19 24 4 33 4 41 4 67 45 4 26 4 33 4 23 4 4 28 4 36 4 78 34 4 22 4 32 4 37 4 95 27 4 14 4 29 4 31 17 4 32 4 48 4 56 11 4 23 4 25 4 51 37 4 7 4 31 4 53 32 4 21 4 12 4 19 4 42 22 4 36 4 36 4 40 4 37 52 4 15 4 22 4 79 49 4 14 4 36 4 51 36 4 37 4 33 4 
iteration 1944 best: 1.00214 time: 580660
18 40 4 32 4 23 4 63 14 4 36 4 59 43 4 15 4 46 4 40 30 4 39 4 52 4 14 44 4 7 4 52 4 51 35 4 28 4 26 4 25 4 60 19 4 15 4 46 4 78 33 4 36 4 89 35 4 35 4 27 43 4 41 4 26 4 23 4 92 25 4 19 4 64 21 4 39 4 69 21 4 41 4 29 4 23 4 25 4 33 19 4 11 4 31 4 20 4 71 43 4 19 4 87 20 4 37 4 18 4 16 4 72 52 4 30 4 40 4 71 30 4 30 4 48 21 4 33 4 53 27 20 64 25 4 43 4 32 4 95 40 20 37 31 4 32 4 20 4 56 21 4 18 4 43 4 22 4 68 33 4 38 4 21 44 4 10 4 18 4 89 15 4 41 4 22 28 4 40 4 21 4 72 39 4 16 4 10 4 29 18 4 19 4 73 47 4 32 4 87 34 4 62 19 4 25 4 25 4 70 10 4 44 4 41 17 4 49 4 70 11 4 24 4 36 52 4 13 4 32 17 4 39 4 80 23 4 7 4 42 38 4 29 4 89 38 4 12 4 75 26 4 14 4 13 4 68 41 4 32 4 48 23 4 51 4 31 4 74 21 4 34 4 25 4 18 23 4 41 4 29 4 24 4 41 29 4 36 4 47 4 48 4 54 48 4 35 4 45 4 72 41 4 25 4 64 27 4 25 4 17 4 83 19 4 33 4 47 4 10 36 4 24 4 32 4 55 52 4 26 4 29 4 81 41 16 25 16 53 45 4 6 16 16 37 16 25 25 4 52 4 19 24 4 33 4 41 4 67 45 4 26 4 33 4 23 4 4 28 4 36 4 78 34 4 22 4 32 4 37 4 95 27 4 14 4 29 4 31 17 4 32 4 48 4 56 11 4 23 4 25 4 51 37 4 7 4 31 4 53 32 4 21 4 12 4 19 4 42 22 4 36 4 36 4 40 4 37 52 4 15 4 22 4 79 49 4 14 4 36 4 51 36 4 37 4 33 4 
iteration 1969 best: 1.00214 time: 588108
18 40 4 32 4 23 4 63 14 4 36 4 59 43 4 15 4 46 4 40 30 4 39 4 52 4 14 44 4 7 4 52 4 51 35 4 28 4 26 4 25 4 60 19 4 15 4 46 4 78 33 4 36 4 89 35 4 35 4 27 43 4 41 4 26 4 23 4 92 25 4 19 4 64 21 4 39 4 69 21 4 41 4 29 4 23 4 25 4 33 19 4 11 4 31 4 20 4 71 43 4 19 4 87 20 4 37 4 18 4 16 4 72 52 4 30 4 40 4 71 30 4 30 4 48 21 4 33 4 53 27 20 64 25 4 43 4 32 4 95 40 20 37 31 4 32 4 20 4 56 21 4 18 4 43 4 22 4 68 33 4 38 4 21 44 4 10 4 18 4 89 15 4 41 4 22 28 4 40 4 21 4 72 39 4 16 4 10 4 29 18 4 19 4 73 47 4 32 4 87 34 4 62 19 4 25 4 25 4 70 10 4 44 4 41 17 4 49 4 70 11 4 24 4 36 52 4 13 4 32 17 4 39 4 80 23 4 7 4 42 38 4 29 4 89 38 4 12 4 75 26 4 14 4 13 4 68 41 4 32 4 48 23 4 51 4 31 4 74 21 4 34 4 25 4 18 23 4 41 4 29 4 24 4 41 29 4 36 4 47 4 48 4 54 48 4 35 4 45 4 72 41 4 25 4 64 27 4 25 4 17 4 83 19 4 33 4 47 4 10 36 4 24 4 32 4 55 52 4 26 4 29 4 81 41 16 25 16 53 45 4 6 16 16 37 16 25 25 4 52 4 19 24 4 33 4 41 4 67 45 4 26 4 33 4 23 4 4 28 4 36 4 78 34 4 22 4 32 4 37 4 95 27 4 14 4 29 4 31 17 4 32 4 48 4 56 11 4 23 4 25 4 51 37 4 7 4 31 4 53 32 4 21 4 12 4 19 4 42 22 4 36 4 36 4 40 4 37 52 4 15 4 22 4 79 49 4 14 4 36 4 51 36 4 37 4 33 4 
iteration 1994 best: 1.00214 time: 595527
18 40 4 32 4 23 4 63 14 4 36 4 59 43 4 15 4 46 4 40 30 4 39 4 52 4 14 44 4 7 4 52 4 51 35 4 28 4 26 4 25 4 60 19 4 15 4 46 4 78 33 4 36 4 89 35 4 35 4 27 43 4 41 4 26 4 23 4 92 25 4 19 4 64 21 4 39 4 69 21 4 41 4 29 4 23 4 25 4 33 19 4 11 4 31 4 20 4 71 43 4 19 4 87 20 4 37 4 18 4 16 4 72 52 4 30 4 40 4 71 30 4 30 4 48 21 4 33 4 53 27 20 64 25 4 43 4 32 4 95 40 20 37 31 4 32 4 20 4 56 21 4 18 4 43 4 22 4 68 33 4 38 4 21 44 4 10 4 18 4 89 15 4 41 4 22 28 4 40 4 21 4 72 39 4 16 4 10 4 29 18 4 19 4 73 47 4 32 4 87 34 4 62 19 4 25 4 25 4 70 10 4 44 4 41 17 4 49 4 70 11 4 24 4 36 52 4 13 4 32 17 4 39 4 80 23 4 7 4 42 38 4 29 4 89 38 4 12 4 75 26 4 14 4 13 4 68 41 4 32 4 48 23 4 51 4 31 4 74 21 4 34 4 25 4 18 23 4 41 4 29 4 24 4 41 29 4 36 4 47 4 48 4 54 48 4 35 4 45 4 72 41 4 25 4 64 27 4 25 4 17 4 83 19 4 33 4 47 4 10 36 4 24 4 32 4 55 52 4 26 4 29 4 81 41 16 25 16 53 45 4 6 16 16 37 16 25 25 4 52 4 19 24 4 33 4 41 4 67 45 4 26 4 33 4 23 4 4 28 4 36 4 78 34 4 22 4 32 4 37 4 95 27 4 14 4 29 4 31 17 4 32 4 48 4 56 11 4 23 4 25 4 51 37 4 7 4 31 4 53 32 4 21 4 12 4 19 4 42 22 4 36 4 36 4 40 4 37 52 4 15 4 22 4 79 49 4 14 4 36 4 51 36 4 37 4 33 4 
iteration 2019 best: 1.00214 time: 602995
18 40 4 32 4 23 4 63 14 4 36 4 59 43 4 15 4 46 4 40 30 4 39 4 52 4 14 44 4 7 4 52 4 51 35 4 28 4 26 4 25 4 60 19 4 15 4 46 4 78 33 4 36 4 89 35 4 35 4 27 43 4 41 4 26 4 23 4 92 25 4 19 4 64 21 4 39 4 69 21 4 41 4 29 4 23 4 25 4 33 19 4 11 4 31 4 20 4 71 43 4 19 4 87 20 4 37 4 18 4 16 4 72 52 4 30 4 40 4 71 30 4 30 4 48 21 4 33 4 53 27 20 64 25 4 43 4 32 4 95 40 20 37 31 4 32 4 20 4 56 21 4 18 4 43 4 22 4 68 33 4 38 4 21 44 4 10 4 18 4 89 15 4 41 4 22 28 4 40 4 21 4 72 39 4 16 4 10 4 29 18 4 19 4 73 47 4 32 4 87 34 4 62 19 4 25 4 25 4 70 10 4 44 4 41 17 4 49 4 70 11 4 24 4 36 52 4 13 4 32 17 4 39 4 80 23 4 7 4 42 38 4 29 4 89 38 4 12 4 75 26 4 14 4 13 4 68 41 4 32 4 48 23 4 51 4 31 4 74 21 4 34 4 25 4 18 23 4 41 4 29 4 24 4 41 29 4 36 4 47 4 48 4 54 48 4 35 4 45 4 72 41 4 25 4 64 27 4 25 4 17 4 83 19 4 33 4 47 4 10 36 4 24 4 32 4 55 52 4 26 4 29 4 81 41 16 25 16 53 45 4 6 16 16 37 16 25 25 4 52 4 19 24 4 33 4 41 4 67 45 4 26 4 33 4 23 4 4 28 4 36 4 78 34 4 22 4 32 4 37 4 95 27 4 14 4 29 4 31 17 4 32 4 48 4 56 11 4 23 4 25 4 51 37 4 7 4 31 4 53 32 4 21 4 12 4 19 4 42 22 4 36 4 36 4 40 4 37 52 4 15 4 22 4 79 49 4 14 4 36 4 51 36 4 37 4 33 4 
Best solution: 
18 40 4 32 4 23 4 63 14 4 36 4 59 43 4 15 4 46 4 40 30 4 39 4 52 4 14 44 4 7 4 52 4 51 35 4 28 4 26 4 25 4 60 19 4 15 4 46 4 78 33 4 36 4 89 35 4 35 4 27 43 4 41 4 26 4 23 4 92 25 4 19 4 64 21 4 39 4 69 21 4 41 4 29 4 23 4 25 4 33 19 4 11 4 31 4 20 4 71 43 4 19 4 87 20 4 37 4 18 4 16 4 72 52 4 30 4 40 4 71 30 4 30 4 48 21 4 33 4 53 27 20 64 25 4 43 4 32 4 95 40 20 37 31 4 32 4 20 4 56 21 4 18 4 43 4 22 4 68 33 4 38 4 21 44 4 10 4 18 4 89 15 4 41 4 22 28 4 40 4 21 4 72 39 4 16 4 10 4 29 18 4 19 4 73 47 4 32 4 87 34 4 62 19 4 25 4 25 4 70 10 4 44 4 41 17 4 49 4 70 11 4 24 4 36 52 4 13 4 32 17 4 39 4 80 23 4 7 4 42 38 4 29 4 89 38 4 12 4 75 26 4 14 4 13 4 68 41 4 32 4 48 23 4 51 4 31 4 74 21 4 34 4 25 4 18 23 4 41 4 29 4 24 4 41 29 4 36 4 47 4 48 4 54 48 4 35 4 45 4 72 41 4 25 4 64 27 4 25 4 17 4 83 19 4 33 4 47 4 10 36 4 24 4 32 4 55 52 4 26 4 29 4 81 41 16 25 16 53 45 4 6 16 16 37 16 25 25 4 52 4 19 24 4 33 4 41 4 67 45 4 26 4 33 4 23 4 4 28 4 36 4 78 34 4 22 4 32 4 37 4 95 27 4 14 4 29 4 31 17 4 32 4 48 4 56 11 4 23 4 25 4 51 37 4 7 4 31 4 53 32 4 21 4 12 4 19 4 42 22 4 36 4 36 4 40 4 37 52 4 15 4 22 4 79 49 4 14 4 36 4 51 36 4 37 4 33 4 
Fitness: 1.00214
