iteration 22 best: 1.07521 time: 7482
54 33 4 28 4 21 4 81 22 4 17 4 63 34 4 32 4 17 4 91 32 4 21 4 54 4 119 26 4 34 4 42 4 52 31 4 37 4 24 4 14 4 44 31 4 40 4 19 4 49 14 4 29 4 58 48 4 39 4 84 18 4 23 4 18 4 46 4 28 21 4 38 4 56 16 4 12 4 59 31 4 36 4 36 4 22 4 41 4 40 32 4 56 4 30 4 43 4 66 37 4 26 4 57 31 4 21 4 28 4 45 4 88 30 4 24 4 24 4 76 25 4 35 4 64 21 4 25 4 53 21 20 9 25 4 42 4 24 4 15 27 20 80 19 4 40 4 40 4 33 15 4 53 4 38 4 34 4 90 30 4 40 4 57 42 4 42 4 20 4 78 35 4 6 4 69 21 4 12 4 15 4 51 35 4 25 4 39 4 19 41 4 42 4 80 46 4 48 4 46 39 4 57 25 4 39 4 42 4 54 8 4 35 4 53 19 4 45 4 28 46 4 48 4 43 52 4 33 4 60 27 4 28 4 87 16 4 33 4 71 39 4 16 4 23 32 4 22 4 27 17 4 43 4 32 4 75 32 4 29 4 57 20 4 25 4 39 4 38 35 4 23 4 39 4 32 28 4 38 4 37 4 31 4 11 37 4 32 4 32 4 9 4 36 36 4 32 4 41 4 82 45 4 40 4 23 21 4 9 4 35 4 40 36 4 8 4 31 4 42 45 4 8 4 15 4 48 9 4 34 4 16 4 23 25 16 10 16 107 37 4 80 22 16 20 16 47 30 4 19 4 22 22 4 26 4 44 4 65 46 4 32 4 38 4 47 4 59 39 4 9 4 86 11 4 24 4 41 4 41 4 86 17 4 37 4 29 4 59 43 4 44 4 31 4 71 22 4 27 4 34 4 49 26 4 39 4 19 4 50 37 4 34 4 26 4 39 4 39 24 4 25 4 12 4 47 4 63 25 4 39 4 51 4 54 21 4 39 4 26 4 119 47 4 30 4 38 4 
iteration 46 best: 1.07521 time: 14823
54 33 4 28 4 21 4 81 22 4 17 4 63 34 4 32 4 17 4 91 32 4 21 4 54 4 119 26 4 34 4 42 4 52 31 4 37 4 24 4 14 4 44 31 4 40 4 19 4 49 14 4 29 4 58 48 4 39 4 84 18 4 23 4 18 4 46 4 28 21 4 38 4 56 16 4 12 4 59 31 4 36 4 36 4 22 4 41 4 40 32 4 56 4 30 4 43 4 66 37 4 26 4 57 31 4 21 4 28 4 45 4 88 30 4 24 4 24 4 76 25 4 35 4 64 21 4 25 4 53 21 20 9 25 4 42 4 24 4 15 27 20 80 19 4 40 4 40 4 33 15 4 53 4 38 4 34 4 90 30 4 40 4 57 42 4 42 4 20 4 78 35 4 6 4 69 21 4 12 4 15 4 51 35 4 25 4 39 4 19 41 4 42 4 80 46 4 48 4 46 39 4 57 25 4 39 4 42 4 54 8 4 35 4 53 19 4 45 4 28 46 4 48 4 43 52 4 33 4 60 27 4 28 4 87 16 4 33 4 71 39 4 16 4 23 32 4 22 4 27 17 4 43 4 32 4 75 32 4 29 4 57 20 4 25 4 39 4 38 35 4 23 4 39 4 32 28 4 38 4 37 4 31 4 11 37 4 32 4 32 4 9 4 36 36 4 32 4 41 4 82 45 4 40 4 23 21 4 9 4 35 4 40 36 4 8 4 31 4 42 45 4 8 4 15 4 48 9 4 34 4 16 4 23 25 16 10 16 107 37 4 80 22 16 20 16 47 30 4 19 4 22 22 4 26 4 44 4 65 46 4 32 4 38 4 47 4 59 39 4 9 4 86 11 4 24 4 41 4 41 4 86 17 4 37 4 29 4 59 43 4 44 4 31 4 71 22 4 27 4 34 4 49 26 4 39 4 19 4 50 37 4 34 4 26 4 39 4 39 24 4 25 4 12 4 47 4 63 25 4 39 4 51 4 54 21 4 39 4 26 4 119 47 4 30 4 38 4 
iteration 70 best: 1.07521 time: 22186
54 33 4 28 4 21 4 81 22 4 17 4 63 34 4 32 4 17 4 91 32 4 21 4 54 4 119 26 4 34 4 42 4 52 31 4 37 4 24 4 14 4 44 31 4 40 4 19 4 49 14 4 29 4 58 48 4 39 4 84 18 4 23 4 18 4 46 4 28 21 4 38 4 56 16 4 12 4 59 31 4 36 4 36 4 22 4 41 4 40 32 4 56 4 30 4 43 4 66 37 4 26 4 57 31 4 21 4 28 4 45 4 88 30 4 24 4 24 4 76 25 4 35 4 64 21 4 25 4 53 21 20 9 25 4 42 4 24 4 15 27 20 80 19 4 40 4 40 4 33 15 4 53 4 38 4 34 4 90 30 4 40 4 57 42 4 42 4 20 4 78 35 4 6 4 69 21 4 12 4 15 4 51 35 4 25 4 39 4 19 41 4 42 4 80 46 4 48 4 46 39 4 57 25 4 39 4 42 4 54 8 4 35 4 53 19 4 45 4 28 46 4 48 4 43 52 4 33 4 60 27 4 28 4 87 16 4 33 4 71 39 4 16 4 23 32 4 22 4 27 17 4 43 4 32 4 75 32 4 29 4 57 20 4 25 4 39 4 38 35 4 23 4 39 4 32 28 4 38 4 37 4 31 4 11 37 4 32 4 32 4 9 4 36 36 4 32 4 41 4 82 45 4 40 4 23 21 4 9 4 35 4 40 36 4 8 4 31 4 42 45 4 8 4 15 4 48 9 4 34 4 16 4 23 25 16 10 16 107 37 4 80 22 16 20 16 47 30 4 19 4 22 22 4 26 4 44 4 65 46 4 32 4 38 4 47 4 59 39 4 9 4 86 11 4 24 4 41 4 41 4 86 17 4 37 4 29 4 59 43 4 44 4 31 4 71 22 4 27 4 34 4 49 26 4 39 4 19 4 50 37 4 34 4 26 4 39 4 39 24 4 25 4 12 4 47 4 63 25 4 39 4 51 4 54 21 4 39 4 26 4 119 47 4 30 4 38 4 
iteration 94 best: 1.07521 time: 29564
54 33 4 28 4 21 4 81 22 4 17 4 63 34 4 32 4 17 4 91 32 4 21 4 54 4 119 26 4 34 4 42 4 52 31 4 37 4 24 4 14 4 44 31 4 40 4 19 4 49 14 4 29 4 58 48 4 39 4 84 18 4 23 4 18 4 46 4 28 21 4 38 4 56 16 4 12 4 59 31 4 36 4 36 4 22 4 41 4 40 32 4 56 4 30 4 43 4 66 37 4 26 4 57 31 4 21 4 28 4 45 4 88 30 4 24 4 24 4 76 25 4 35 4 64 21 4 25 4 53 21 20 9 25 4 42 4 24 4 15 27 20 80 19 4 40 4 40 4 33 15 4 53 4 38 4 34 4 90 30 4 40 4 57 42 4 42 4 20 4 78 35 4 6 4 69 21 4 12 4 15 4 51 35 4 25 4 39 4 19 41 4 42 4 80 46 4 48 4 46 39 4 57 25 4 39 4 42 4 54 8 4 35 4 53 19 4 45 4 28 46 4 48 4 43 52 4 33 4 60 27 4 28 4 87 16 4 33 4 71 39 4 16 4 23 32 4 22 4 27 17 4 43 4 32 4 75 32 4 29 4 57 20 4 25 4 39 4 38 35 4 23 4 39 4 32 28 4 38 4 37 4 31 4 11 37 4 32 4 32 4 9 4 36 36 4 32 4 41 4 82 45 4 40 4 23 21 4 9 4 35 4 40 36 4 8 4 31 4 42 45 4 8 4 15 4 48 9 4 34 4 16 4 23 25 16 10 16 107 37 4 80 22 16 20 16 47 30 4 19 4 22 22 4 26 4 44 4 65 46 4 32 4 38 4 47 4 59 39 4 9 4 86 11 4 24 4 41 4 41 4 86 17 4 37 4 29 4 59 43 4 44 4 31 4 71 22 4 27 4 34 4 49 26 4 39 4 19 4 50 37 4 34 4 26 4 39 4 39 24 4 25 4 12 4 47 4 63 25 4 39 4 51 4 54 21 4 39 4 26 4 119 47 4 30 4 38 4 
iteration 118 best: 1.07521 time: 36923
54 33 4 28 4 21 4 81 22 4 17 4 63 34 4 32 4 17 4 91 32 4 21 4 54 4 119 26 4 34 4 42 4 52 31 4 37 4 24 4 14 4 44 31 4 40 4 19 4 49 14 4 29 4 58 48 4 39 4 84 18 4 23 4 18 4 46 4 28 21 4 38 4 56 16 4 12 4 59 31 4 36 4 36 4 22 4 41 4 40 32 4 56 4 30 4 43 4 66 37 4 26 4 57 31 4 21 4 28 4 45 4 88 30 4 24 4 24 4 76 25 4 35 4 64 21 4 25 4 53 21 20 9 25 4 42 4 24 4 15 27 20 80 19 4 40 4 40 4 33 15 4 53 4 38 4 34 4 90 30 4 40 4 57 42 4 42 4 20 4 78 35 4 6 4 69 21 4 12 4 15 4 51 35 4 25 4 39 4 19 41 4 42 4 80 46 4 48 4 46 39 4 57 25 4 39 4 42 4 54 8 4 35 4 53 19 4 45 4 28 46 4 48 4 43 52 4 33 4 60 27 4 28 4 87 16 4 33 4 71 39 4 16 4 23 32 4 22 4 27 17 4 43 4 32 4 75 32 4 29 4 57 20 4 25 4 39 4 38 35 4 23 4 39 4 32 28 4 38 4 37 4 31 4 11 37 4 32 4 32 4 9 4 36 36 4 32 4 41 4 82 45 4 40 4 23 21 4 9 4 35 4 40 36 4 8 4 31 4 42 45 4 8 4 15 4 48 9 4 34 4 16 4 23 25 16 10 16 107 37 4 80 22 16 20 16 47 30 4 19 4 22 22 4 26 4 44 4 65 46 4 32 4 38 4 47 4 59 39 4 9 4 86 11 4 24 4 41 4 41 4 86 17 4 37 4 29 4 59 43 4 44 4 31 4 71 22 4 27 4 34 4 49 26 4 39 4 19 4 50 37 4 34 4 26 4 39 4 39 24 4 25 4 12 4 47 4 63 25 4 39 4 51 4 54 21 4 39 4 26 4 119 47 4 30 4 38 4 
iteration 142 best: 1.07521 time: 44286
54 33 4 28 4 21 4 81 22 4 17 4 63 34 4 32 4 17 4 91 32 4 21 4 54 4 119 26 4 34 4 42 4 52 31 4 37 4 24 4 14 4 44 31 4 40 4 19 4 49 14 4 29 4 58 48 4 39 4 84 18 4 23 4 18 4 46 4 28 21 4 38 4 56 16 4 12 4 59 31 4 36 4 36 4 22 4 41 4 40 32 4 56 4 30 4 43 4 66 37 4 26 4 57 31 4 21 4 28 4 45 4 88 30 4 24 4 24 4 76 25 4 35 4 64 21 4 25 4 53 21 20 9 25 4 42 4 24 4 15 27 20 80 19 4 40 4 40 4 33 15 4 53 4 38 4 34 4 90 30 4 40 4 57 42 4 42 4 20 4 78 35 4 6 4 69 21 4 12 4 15 4 51 35 4 25 4 39 4 19 41 4 42 4 80 46 4 48 4 46 39 4 57 25 4 39 4 42 4 54 8 4 35 4 53 19 4 45 4 28 46 4 48 4 43 52 4 33 4 60 27 4 28 4 87 16 4 33 4 71 39 4 16 4 23 32 4 22 4 27 17 4 43 4 32 4 75 32 4 29 4 57 20 4 25 4 39 4 38 35 4 23 4 39 4 32 28 4 38 4 37 4 31 4 11 37 4 32 4 32 4 9 4 36 36 4 32 4 41 4 82 45 4 40 4 23 21 4 9 4 35 4 40 36 4 8 4 31 4 42 45 4 8 4 15 4 48 9 4 34 4 16 4 23 25 16 10 16 107 37 4 80 22 16 20 16 47 30 4 19 4 22 22 4 26 4 44 4 65 46 4 32 4 38 4 47 4 59 39 4 9 4 86 11 4 24 4 41 4 41 4 86 17 4 37 4 29 4 59 43 4 44 4 31 4 71 22 4 27 4 34 4 49 26 4 39 4 19 4 50 37 4 34 4 26 4 39 4 39 24 4 25 4 12 4 47 4 63 25 4 39 4 51 4 54 21 4 39 4 26 4 119 47 4 30 4 38 4 
iteration 166 best: 1.07521 time: 51614
54 33 4 28 4 21 4 81 22 4 17 4 63 34 4 32 4 17 4 91 32 4 21 4 54 4 119 26 4 34 4 42 4 52 31 4 37 4 24 4 14 4 44 31 4 40 4 19 4 49 14 4 29 4 58 48 4 39 4 84 18 4 23 4 18 4 46 4 28 21 4 38 4 56 16 4 12 4 59 31 4 36 4 36 4 22 4 41 4 40 32 4 56 4 30 4 43 4 66 37 4 26 4 57 31 4 21 4 28 4 45 4 88 30 4 24 4 24 4 76 25 4 35 4 64 21 4 25 4 53 21 20 9 25 4 42 4 24 4 15 27 20 80 19 4 40 4 40 4 33 15 4 53 4 38 4 34 4 90 30 4 40 4 57 42 4 42 4 20 4 78 35 4 6 4 69 21 4 12 4 15 4 51 35 4 25 4 39 4 19 41 4 42 4 80 46 4 48 4 46 39 4 57 25 4 39 4 42 4 54 8 4 35 4 53 19 4 45 4 28 46 4 48 4 43 52 4 33 4 60 27 4 28 4 87 16 4 33 4 71 39 4 16 4 23 32 4 22 4 27 17 4 43 4 32 4 75 32 4 29 4 57 20 4 25 4 39 4 38 35 4 23 4 39 4 32 28 4 38 4 37 4 31 4 11 37 4 32 4 32 4 9 4 36 36 4 32 4 41 4 82 45 4 40 4 23 21 4 9 4 35 4 40 36 4 8 4 31 4 42 45 4 8 4 15 4 48 9 4 34 4 16 4 23 25 16 10 16 107 37 4 80 22 16 20 16 47 30 4 19 4 22 22 4 26 4 44 4 65 46 4 32 4 38 4 47 4 59 39 4 9 4 86 11 4 24 4 41 4 41 4 86 17 4 37 4 29 4 59 43 4 44 4 31 4 71 22 4 27 4 34 4 49 26 4 39 4 19 4 50 37 4 34 4 26 4 39 4 39 24 4 25 4 12 4 47 4 63 25 4 39 4 51 4 54 21 4 39 4 26 4 119 47 4 30 4 38 4 
iteration 190 best: 1.07521 time: 58949
54 33 4 28 4 21 4 81 22 4 17 4 63 34 4 32 4 17 4 91 32 4 21 4 54 4 119 26 4 34 4 42 4 52 31 4 37 4 24 4 14 4 44 31 4 40 4 19 4 49 14 4 29 4 58 48 4 39 4 84 18 4 23 4 18 4 46 4 28 21 4 38 4 56 16 4 12 4 59 31 4 36 4 36 4 22 4 41 4 40 32 4 56 4 30 4 43 4 66 37 4 26 4 57 31 4 21 4 28 4 45 4 88 30 4 24 4 24 4 76 25 4 35 4 64 21 4 25 4 53 21 20 9 25 4 42 4 24 4 15 27 20 80 19 4 40 4 40 4 33 15 4 53 4 38 4 34 4 90 30 4 40 4 57 42 4 42 4 20 4 78 35 4 6 4 69 21 4 12 4 15 4 51 35 4 25 4 39 4 19 41 4 42 4 80 46 4 48 4 46 39 4 57 25 4 39 4 42 4 54 8 4 35 4 53 19 4 45 4 28 46 4 48 4 43 52 4 33 4 60 27 4 28 4 87 16 4 33 4 71 39 4 16 4 23 32 4 22 4 27 17 4 43 4 32 4 75 32 4 29 4 57 20 4 25 4 39 4 38 35 4 23 4 39 4 32 28 4 38 4 37 4 31 4 11 37 4 32 4 32 4 9 4 36 36 4 32 4 41 4 82 45 4 40 4 23 21 4 9 4 35 4 40 36 4 8 4 31 4 42 45 4 8 4 15 4 48 9 4 34 4 16 4 23 25 16 10 16 107 37 4 80 22 16 20 16 47 30 4 19 4 22 22 4 26 4 44 4 65 46 4 32 4 38 4 47 4 59 39 4 9 4 86 11 4 24 4 41 4 41 4 86 17 4 37 4 29 4 59 43 4 44 4 31 4 71 22 4 27 4 34 4 49 26 4 39 4 19 4 50 37 4 34 4 26 4 39 4 39 24 4 25 4 12 4 47 4 63 25 4 39 4 51 4 54 21 4 39 4 26 4 119 47 4 30 4 38 4 
iteration 214 best: 1.07521 time: 66288
54 33 4 28 4 21 4 81 22 4 17 4 63 34 4 32 4 17 4 91 32 4 21 4 54 4 119 26 4 34 4 42 4 52 31 4 37 4 24 4 14 4 44 31 4 40 4 19 4 49 14 4 29 4 58 48 4 39 4 84 18 4 23 4 18 4 46 4 28 21 4 38 4 56 16 4 12 4 59 31 4 36 4 36 4 22 4 41 4 40 32 4 56 4 30 4 43 4 66 37 4 26 4 57 31 4 21 4 28 4 45 4 88 30 4 24 4 24 4 76 25 4 35 4 64 21 4 25 4 53 21 20 9 25 4 42 4 24 4 15 27 20 80 19 4 40 4 40 4 33 15 4 53 4 38 4 34 4 90 30 4 40 4 57 42 4 42 4 20 4 78 35 4 6 4 69 21 4 12 4 15 4 51 35 4 25 4 39 4 19 41 4 42 4 80 46 4 48 4 46 39 4 57 25 4 39 4 42 4 54 8 4 35 4 53 19 4 45 4 28 46 4 48 4 43 52 4 33 4 60 27 4 28 4 87 16 4 33 4 71 39 4 16 4 23 32 4 22 4 27 17 4 43 4 32 4 75 32 4 29 4 57 20 4 25 4 39 4 38 35 4 23 4 39 4 32 28 4 38 4 37 4 31 4 11 37 4 32 4 32 4 9 4 36 36 4 32 4 41 4 82 45 4 40 4 23 21 4 9 4 35 4 40 36 4 8 4 31 4 42 45 4 8 4 15 4 48 9 4 34 4 16 4 23 25 16 10 16 107 37 4 80 22 16 20 16 47 30 4 19 4 22 22 4 26 4 44 4 65 46 4 32 4 38 4 47 4 59 39 4 9 4 86 11 4 24 4 41 4 41 4 86 17 4 37 4 29 4 59 43 4 44 4 31 4 71 22 4 27 4 34 4 49 26 4 39 4 19 4 50 37 4 34 4 26 4 39 4 39 24 4 25 4 12 4 47 4 63 25 4 39 4 51 4 54 21 4 39 4 26 4 119 47 4 30 4 38 4 
iteration 238 best: 1.07521 time: 73628
54 33 4 28 4 21 4 81 22 4 17 4 63 34 4 32 4 17 4 91 32 4 21 4 54 4 119 26 4 34 4 42 4 52 31 4 37 4 24 4 14 4 44 31 4 40 4 19 4 49 14 4 29 4 58 48 4 39 4 84 18 4 23 4 18 4 46 4 28 21 4 38 4 56 16 4 12 4 59 31 4 36 4 36 4 22 4 41 4 40 32 4 56 4 30 4 43 4 66 37 4 26 4 57 31 4 21 4 28 4 45 4 88 30 4 24 4 24 4 76 25 4 35 4 64 21 4 25 4 53 21 20 9 25 4 42 4 24 4 15 27 20 80 19 4 40 4 40 4 33 15 4 53 4 38 4 34 4 90 30 4 40 4 57 42 4 42 4 20 4 78 35 4 6 4 69 21 4 12 4 15 4 51 35 4 25 4 39 4 19 41 4 42 4 80 46 4 48 4 46 39 4 57 25 4 39 4 42 4 54 8 4 35 4 53 19 4 45 4 28 46 4 48 4 43 52 4 33 4 60 27 4 28 4 87 16 4 33 4 71 39 4 16 4 23 32 4 22 4 27 17 4 43 4 32 4 75 32 4 29 4 57 20 4 25 4 39 4 38 35 4 23 4 39 4 32 28 4 38 4 37 4 31 4 11 37 4 32 4 32 4 9 4 36 36 4 32 4 41 4 82 45 4 40 4 23 21 4 9 4 35 4 40 36 4 8 4 31 4 42 45 4 8 4 15 4 48 9 4 34 4 16 4 23 25 16 10 16 107 37 4 80 22 16 20 16 47 30 4 19 4 22 22 4 26 4 44 4 65 46 4 32 4 38 4 47 4 59 39 4 9 4 86 11 4 24 4 41 4 41 4 86 17 4 37 4 29 4 59 43 4 44 4 31 4 71 22 4 27 4 34 4 49 26 4 39 4 19 4 50 37 4 34 4 26 4 39 4 39 24 4 25 4 12 4 47 4 63 25 4 39 4 51 4 54 21 4 39 4 26 4 119 47 4 30 4 38 4 
iteration 262 best: 1.07521 time: 80986
54 33 4 28 4 21 4 81 22 4 17 4 63 34 4 32 4 17 4 91 32 4 21 4 54 4 119 26 4 34 4 42 4 52 31 4 37 4 24 4 14 4 44 31 4 40 4 19 4 49 14 4 29 4 58 48 4 39 4 84 18 4 23 4 18 4 46 4 28 21 4 38 4 56 16 4 12 4 59 31 4 36 4 36 4 22 4 41 4 40 32 4 56 4 30 4 43 4 66 37 4 26 4 57 31 4 21 4 28 4 45 4 88 30 4 24 4 24 4 76 25 4 35 4 64 21 4 25 4 53 21 20 9 25 4 42 4 24 4 15 27 20 80 19 4 40 4 40 4 33 15 4 53 4 38 4 34 4 90 30 4 40 4 57 42 4 42 4 20 4 78 35 4 6 4 69 21 4 12 4 15 4 51 35 4 25 4 39 4 19 41 4 42 4 80 46 4 48 4 46 39 4 57 25 4 39 4 42 4 54 8 4 35 4 53 19 4 45 4 28 46 4 48 4 43 52 4 33 4 60 27 4 28 4 87 16 4 33 4 71 39 4 16 4 23 32 4 22 4 27 17 4 43 4 32 4 75 32 4 29 4 57 20 4 25 4 39 4 38 35 4 23 4 39 4 32 28 4 38 4 37 4 31 4 11 37 4 32 4 32 4 9 4 36 36 4 32 4 41 4 82 45 4 40 4 23 21 4 9 4 35 4 40 36 4 8 4 31 4 42 45 4 8 4 15 4 48 9 4 34 4 16 4 23 25 16 10 16 107 37 4 80 22 16 20 16 47 30 4 19 4 22 22 4 26 4 44 4 65 46 4 32 4 38 4 47 4 59 39 4 9 4 86 11 4 24 4 41 4 41 4 86 17 4 37 4 29 4 59 43 4 44 4 31 4 71 22 4 27 4 34 4 49 26 4 39 4 19 4 50 37 4 34 4 26 4 39 4 39 24 4 25 4 12 4 47 4 63 25 4 39 4 51 4 54 21 4 39 4 26 4 119 47 4 30 4 38 4 
iteration 286 best: 1.07521 time: 88317
54 33 4 28 4 21 4 81 22 4 17 4 63 34 4 32 4 17 4 91 32 4 21 4 54 4 119 26 4 34 4 42 4 52 31 4 37 4 24 4 14 4 44 31 4 40 4 19 4 49 14 4 29 4 58 48 4 39 4 84 18 4 23 4 18 4 46 4 28 21 4 38 4 56 16 4 12 4 59 31 4 36 4 36 4 22 4 41 4 40 32 4 56 4 30 4 43 4 66 37 4 26 4 57 31 4 21 4 28 4 45 4 88 30 4 24 4 24 4 76 25 4 35 4 64 21 4 25 4 53 21 20 9 25 4 42 4 24 4 15 27 20 80 19 4 40 4 40 4 33 15 4 53 4 38 4 34 4 90 30 4 40 4 57 42 4 42 4 20 4 78 35 4 6 4 69 21 4 12 4 15 4 51 35 4 25 4 39 4 19 41 4 42 4 80 46 4 48 4 46 39 4 57 25 4 39 4 42 4 54 8 4 35 4 53 19 4 45 4 28 46 4 48 4 43 52 4 33 4 60 27 4 28 4 87 16 4 33 4 71 39 4 16 4 23 32 4 22 4 27 17 4 43 4 32 4 75 32 4 29 4 57 20 4 25 4 39 4 38 35 4 23 4 39 4 32 28 4 38 4 37 4 31 4 11 37 4 32 4 32 4 9 4 36 36 4 32 4 41 4 82 45 4 40 4 23 21 4 9 4 35 4 40 36 4 8 4 31 4 42 45 4 8 4 15 4 48 9 4 34 4 16 4 23 25 16 10 16 107 37 4 80 22 16 20 16 47 30 4 19 4 22 22 4 26 4 44 4 65 46 4 32 4 38 4 47 4 59 39 4 9 4 86 11 4 24 4 41 4 41 4 86 17 4 37 4 29 4 59 43 4 44 4 31 4 71 22 4 27 4 34 4 49 26 4 39 4 19 4 50 37 4 34 4 26 4 39 4 39 24 4 25 4 12 4 47 4 63 25 4 39 4 51 4 54 21 4 39 4 26 4 119 47 4 30 4 38 4 
iteration 310 best: 1.07521 time: 95647
54 33 4 28 4 21 4 81 22 4 17 4 63 34 4 32 4 17 4 91 32 4 21 4 54 4 119 26 4 34 4 42 4 52 31 4 37 4 24 4 14 4 44 31 4 40 4 19 4 49 14 4 29 4 58 48 4 39 4 84 18 4 23 4 18 4 46 4 28 21 4 38 4 56 16 4 12 4 59 31 4 36 4 36 4 22 4 41 4 40 32 4 56 4 30 4 43 4 66 37 4 26 4 57 31 4 21 4 28 4 45 4 88 30 4 24 4 24 4 76 25 4 35 4 64 21 4 25 4 53 21 20 9 25 4 42 4 24 4 15 27 20 80 19 4 40 4 40 4 33 15 4 53 4 38 4 34 4 90 30 4 40 4 57 42 4 42 4 20 4 78 35 4 6 4 69 21 4 12 4 15 4 51 35 4 25 4 39 4 19 41 4 42 4 80 46 4 48 4 46 39 4 57 25 4 39 4 42 4 54 8 4 35 4 53 19 4 45 4 28 46 4 48 4 43 52 4 33 4 60 27 4 28 4 87 16 4 33 4 71 39 4 16 4 23 32 4 22 4 27 17 4 43 4 32 4 75 32 4 29 4 57 20 4 25 4 39 4 38 35 4 23 4 39 4 32 28 4 38 4 37 4 31 4 11 37 4 32 4 32 4 9 4 36 36 4 32 4 41 4 82 45 4 40 4 23 21 4 9 4 35 4 40 36 4 8 4 31 4 42 45 4 8 4 15 4 48 9 4 34 4 16 4 23 25 16 10 16 107 37 4 80 22 16 20 16 47 30 4 19 4 22 22 4 26 4 44 4 65 46 4 32 4 38 4 47 4 59 39 4 9 4 86 11 4 24 4 41 4 41 4 86 17 4 37 4 29 4 59 43 4 44 4 31 4 71 22 4 27 4 34 4 49 26 4 39 4 19 4 50 37 4 34 4 26 4 39 4 39 24 4 25 4 12 4 47 4 63 25 4 39 4 51 4 54 21 4 39 4 26 4 119 47 4 30 4 38 4 
iteration 334 best: 1.07521 time: 103011
54 33 4 28 4 21 4 81 22 4 17 4 63 34 4 32 4 17 4 91 32 4 21 4 54 4 119 26 4 34 4 42 4 52 31 4 37 4 24 4 14 4 44 31 4 40 4 19 4 49 14 4 29 4 58 48 4 39 4 84 18 4 23 4 18 4 46 4 28 21 4 38 4 56 16 4 12 4 59 31 4 36 4 36 4 22 4 41 4 40 32 4 56 4 30 4 43 4 66 37 4 26 4 57 31 4 21 4 28 4 45 4 88 30 4 24 4 24 4 76 25 4 35 4 64 21 4 25 4 53 21 20 9 25 4 42 4 24 4 15 27 20 80 19 4 40 4 40 4 33 15 4 53 4 38 4 34 4 90 30 4 40 4 57 42 4 42 4 20 4 78 35 4 6 4 69 21 4 12 4 15 4 51 35 4 25 4 39 4 19 41 4 42 4 80 46 4 48 4 46 39 4 57 25 4 39 4 42 4 54 8 4 35 4 53 19 4 45 4 28 46 4 48 4 43 52 4 33 4 60 27 4 28 4 87 16 4 33 4 71 39 4 16 4 23 32 4 22 4 27 17 4 43 4 32 4 75 32 4 29 4 57 20 4 25 4 39 4 38 35 4 23 4 39 4 32 28 4 38 4 37 4 31 4 11 37 4 32 4 32 4 9 4 36 36 4 32 4 41 4 82 45 4 40 4 23 21 4 9 4 35 4 40 36 4 8 4 31 4 42 45 4 8 4 15 4 48 9 4 34 4 16 4 23 25 16 10 16 107 37 4 80 22 16 20 16 47 30 4 19 4 22 22 4 26 4 44 4 65 46 4 32 4 38 4 47 4 59 39 4 9 4 86 11 4 24 4 41 4 41 4 86 17 4 37 4 29 4 59 43 4 44 4 31 4 71 22 4 27 4 34 4 49 26 4 39 4 19 4 50 37 4 34 4 26 4 39 4 39 24 4 25 4 12 4 47 4 63 25 4 39 4 51 4 54 21 4 39 4 26 4 119 47 4 30 4 38 4 
iteration 358 best: 1.07521 time: 110353
54 33 4 28 4 21 4 81 22 4 17 4 63 34 4 32 4 17 4 91 32 4 21 4 54 4 119 26 4 34 4 42 4 52 31 4 37 4 24 4 14 4 44 31 4 40 4 19 4 49 14 4 29 4 58 48 4 39 4 84 18 4 23 4 18 4 46 4 28 21 4 38 4 56 16 4 12 4 59 31 4 36 4 36 4 22 4 41 4 40 32 4 56 4 30 4 43 4 66 37 4 26 4 57 31 4 21 4 28 4 45 4 88 30 4 24 4 24 4 76 25 4 35 4 64 21 4 25 4 53 21 20 9 25 4 42 4 24 4 15 27 20 80 19 4 40 4 40 4 33 15 4 53 4 38 4 34 4 90 30 4 40 4 57 42 4 42 4 20 4 78 35 4 6 4 69 21 4 12 4 15 4 51 35 4 25 4 39 4 19 41 4 42 4 80 46 4 48 4 46 39 4 57 25 4 39 4 42 4 54 8 4 35 4 53 19 4 45 4 28 46 4 48 4 43 52 4 33 4 60 27 4 28 4 87 16 4 33 4 71 39 4 16 4 23 32 4 22 4 27 17 4 43 4 32 4 75 32 4 29 4 57 20 4 25 4 39 4 38 35 4 23 4 39 4 32 28 4 38 4 37 4 31 4 11 37 4 32 4 32 4 9 4 36 36 4 32 4 41 4 82 45 4 40 4 23 21 4 9 4 35 4 40 36 4 8 4 31 4 42 45 4 8 4 15 4 48 9 4 34 4 16 4 23 25 16 10 16 107 37 4 80 22 16 20 16 47 30 4 19 4 22 22 4 26 4 44 4 65 46 4 32 4 38 4 47 4 59 39 4 9 4 86 11 4 24 4 41 4 41 4 86 17 4 37 4 29 4 59 43 4 44 4 31 4 71 22 4 27 4 34 4 49 26 4 39 4 19 4 50 37 4 34 4 26 4 39 4 39 24 4 25 4 12 4 47 4 63 25 4 39 4 51 4 54 21 4 39 4 26 4 119 47 4 30 4 38 4 
iteration 382 best: 1.07521 time: 117700
54 33 4 28 4 21 4 81 22 4 17 4 63 34 4 32 4 17 4 91 32 4 21 4 54 4 119 26 4 34 4 42 4 52 31 4 37 4 24 4 14 4 44 31 4 40 4 19 4 49 14 4 29 4 58 48 4 39 4 84 18 4 23 4 18 4 46 4 28 21 4 38 4 56 16 4 12 4 59 31 4 36 4 36 4 22 4 41 4 40 32 4 56 4 30 4 43 4 66 37 4 26 4 57 31 4 21 4 28 4 45 4 88 30 4 24 4 24 4 76 25 4 35 4 64 21 4 25 4 53 21 20 9 25 4 42 4 24 4 15 27 20 80 19 4 40 4 40 4 33 15 4 53 4 38 4 34 4 90 30 4 40 4 57 42 4 42 4 20 4 78 35 4 6 4 69 21 4 12 4 15 4 51 35 4 25 4 39 4 19 41 4 42 4 80 46 4 48 4 46 39 4 57 25 4 39 4 42 4 54 8 4 35 4 53 19 4 45 4 28 46 4 48 4 43 52 4 33 4 60 27 4 28 4 87 16 4 33 4 71 39 4 16 4 23 32 4 22 4 27 17 4 43 4 32 4 75 32 4 29 4 57 20 4 25 4 39 4 38 35 4 23 4 39 4 32 28 4 38 4 37 4 31 4 11 37 4 32 4 32 4 9 4 36 36 4 32 4 41 4 82 45 4 40 4 23 21 4 9 4 35 4 40 36 4 8 4 31 4 42 45 4 8 4 15 4 48 9 4 34 4 16 4 23 25 16 10 16 107 37 4 80 22 16 20 16 47 30 4 19 4 22 22 4 26 4 44 4 65 46 4 32 4 38 4 47 4 59 39 4 9 4 86 11 4 24 4 41 4 41 4 86 17 4 37 4 29 4 59 43 4 44 4 31 4 71 22 4 27 4 34 4 49 26 4 39 4 19 4 50 37 4 34 4 26 4 39 4 39 24 4 25 4 12 4 47 4 63 25 4 39 4 51 4 54 21 4 39 4 26 4 119 47 4 30 4 38 4 
iteration 406 best: 1.07521 time: 125043
54 33 4 28 4 21 4 81 22 4 17 4 63 34 4 32 4 17 4 91 32 4 21 4 54 4 119 26 4 34 4 42 4 52 31 4 37 4 24 4 14 4 44 31 4 40 4 19 4 49 14 4 29 4 58 48 4 39 4 84 18 4 23 4 18 4 46 4 28 21 4 38 4 56 16 4 12 4 59 31 4 36 4 36 4 22 4 41 4 40 32 4 56 4 30 4 43 4 66 37 4 26 4 57 31 4 21 4 28 4 45 4 88 30 4 24 4 24 4 76 25 4 35 4 64 21 4 25 4 53 21 20 9 25 4 42 4 24 4 15 27 20 80 19 4 40 4 40 4 33 15 4 53 4 38 4 34 4 90 30 4 40 4 57 42 4 42 4 20 4 78 35 4 6 4 69 21 4 12 4 15 4 51 35 4 25 4 39 4 19 41 4 42 4 80 46 4 48 4 46 39 4 57 25 4 39 4 42 4 54 8 4 35 4 53 19 4 45 4 28 46 4 48 4 43 52 4 33 4 60 27 4 28 4 87 16 4 33 4 71 39 4 16 4 23 32 4 22 4 27 17 4 43 4 32 4 75 32 4 29 4 57 20 4 25 4 39 4 38 35 4 23 4 39 4 32 28 4 38 4 37 4 31 4 11 37 4 32 4 32 4 9 4 36 36 4 32 4 41 4 82 45 4 40 4 23 21 4 9 4 35 4 40 36 4 8 4 31 4 42 45 4 8 4 15 4 48 9 4 34 4 16 4 23 25 16 10 16 107 37 4 80 22 16 20 16 47 30 4 19 4 22 22 4 26 4 44 4 65 46 4 32 4 38 4 47 4 59 39 4 9 4 86 11 4 24 4 41 4 41 4 86 17 4 37 4 29 4 59 43 4 44 4 31 4 71 22 4 27 4 34 4 49 26 4 39 4 19 4 50 37 4 34 4 26 4 39 4 39 24 4 25 4 12 4 47 4 63 25 4 39 4 51 4 54 21 4 39 4 26 4 119 47 4 30 4 38 4 
iteration 430 best: 1.07521 time: 132390
54 33 4 28 4 21 4 81 22 4 17 4 63 34 4 32 4 17 4 91 32 4 21 4 54 4 119 26 4 34 4 42 4 52 31 4 37 4 24 4 14 4 44 31 4 40 4 19 4 49 14 4 29 4 58 48 4 39 4 84 18 4 23 4 18 4 46 4 28 21 4 38 4 56 16 4 12 4 59 31 4 36 4 36 4 22 4 41 4 40 32 4 56 4 30 4 43 4 66 37 4 26 4 57 31 4 21 4 28 4 45 4 88 30 4 24 4 24 4 76 25 4 35 4 64 21 4 25 4 53 21 20 9 25 4 42 4 24 4 15 27 20 80 19 4 40 4 40 4 33 15 4 53 4 38 4 34 4 90 30 4 40 4 57 42 4 42 4 20 4 78 35 4 6 4 69 21 4 12 4 15 4 51 35 4 25 4 39 4 19 41 4 42 4 80 46 4 48 4 46 39 4 57 25 4 39 4 42 4 54 8 4 35 4 53 19 4 45 4 28 46 4 48 4 43 52 4 33 4 60 27 4 28 4 87 16 4 33 4 71 39 4 16 4 23 32 4 22 4 27 17 4 43 4 32 4 75 32 4 29 4 57 20 4 25 4 39 4 38 35 4 23 4 39 4 32 28 4 38 4 37 4 31 4 11 37 4 32 4 32 4 9 4 36 36 4 32 4 41 4 82 45 4 40 4 23 21 4 9 4 35 4 40 36 4 8 4 31 4 42 45 4 8 4 15 4 48 9 4 34 4 16 4 23 25 16 10 16 107 37 4 80 22 16 20 16 47 30 4 19 4 22 22 4 26 4 44 4 65 46 4 32 4 38 4 47 4 59 39 4 9 4 86 11 4 24 4 41 4 41 4 86 17 4 37 4 29 4 59 43 4 44 4 31 4 71 22 4 27 4 34 4 49 26 4 39 4 19 4 50 37 4 34 4 26 4 39 4 39 24 4 25 4 12 4 47 4 63 25 4 39 4 51 4 54 21 4 39 4 26 4 119 47 4 30 4 38 4 
iteration 454 best: 1.07521 time: 139747
54 33 4 28 4 21 4 81 22 4 17 4 63 34 4 32 4 17 4 91 32 4 21 4 54 4 119 26 4 34 4 42 4 52 31 4 37 4 24 4 14 4 44 31 4 40 4 19 4 49 14 4 29 4 58 48 4 39 4 84 18 4 23 4 18 4 46 4 28 21 4 38 4 56 16 4 12 4 59 31 4 36 4 36 4 22 4 41 4 40 32 4 56 4 30 4 43 4 66 37 4 26 4 57 31 4 21 4 28 4 45 4 88 30 4 24 4 24 4 76 25 4 35 4 64 21 4 25 4 53 21 20 9 25 4 42 4 24 4 15 27 20 80 19 4 40 4 40 4 33 15 4 53 4 38 4 34 4 90 30 4 40 4 57 42 4 42 4 20 4 78 35 4 6 4 69 21 4 12 4 15 4 51 35 4 25 4 39 4 19 41 4 42 4 80 46 4 48 4 46 39 4 57 25 4 39 4 42 4 54 8 4 35 4 53 19 4 45 4 28 46 4 48 4 43 52 4 33 4 60 27 4 28 4 87 16 4 33 4 71 39 4 16 4 23 32 4 22 4 27 17 4 43 4 32 4 75 32 4 29 4 57 20 4 25 4 39 4 38 35 4 23 4 39 4 32 28 4 38 4 37 4 31 4 11 37 4 32 4 32 4 9 4 36 36 4 32 4 41 4 82 45 4 40 4 23 21 4 9 4 35 4 40 36 4 8 4 31 4 42 45 4 8 4 15 4 48 9 4 34 4 16 4 23 25 16 10 16 107 37 4 80 22 16 20 16 47 30 4 19 4 22 22 4 26 4 44 4 65 46 4 32 4 38 4 47 4 59 39 4 9 4 86 11 4 24 4 41 4 41 4 86 17 4 37 4 29 4 59 43 4 44 4 31 4 71 22 4 27 4 34 4 49 26 4 39 4 19 4 50 37 4 34 4 26 4 39 4 39 24 4 25 4 12 4 47 4 63 25 4 39 4 51 4 54 21 4 39 4 26 4 119 47 4 30 4 38 4 
iteration 478 best: 1.07521 time: 147108
54 33 4 28 4 21 4 81 22 4 17 4 63 34 4 32 4 17 4 91 32 4 21 4 54 4 119 26 4 34 4 42 4 52 31 4 37 4 24 4 14 4 44 31 4 40 4 19 4 49 14 4 29 4 58 48 4 39 4 84 18 4 23 4 18 4 46 4 28 21 4 38 4 56 16 4 12 4 59 31 4 36 4 36 4 22 4 41 4 40 32 4 56 4 30 4 43 4 66 37 4 26 4 57 31 4 21 4 28 4 45 4 88 30 4 24 4 24 4 76 25 4 35 4 64 21 4 25 4 53 21 20 9 25 4 42 4 24 4 15 27 20 80 19 4 40 4 40 4 33 15 4 53 4 38 4 34 4 90 30 4 40 4 57 42 4 42 4 20 4 78 35 4 6 4 69 21 4 12 4 15 4 51 35 4 25 4 39 4 19 41 4 42 4 80 46 4 48 4 46 39 4 57 25 4 39 4 42 4 54 8 4 35 4 53 19 4 45 4 28 46 4 48 4 43 52 4 33 4 60 27 4 28 4 87 16 4 33 4 71 39 4 16 4 23 32 4 22 4 27 17 4 43 4 32 4 75 32 4 29 4 57 20 4 25 4 39 4 38 35 4 23 4 39 4 32 28 4 38 4 37 4 31 4 11 37 4 32 4 32 4 9 4 36 36 4 32 4 41 4 82 45 4 40 4 23 21 4 9 4 35 4 40 36 4 8 4 31 4 42 45 4 8 4 15 4 48 9 4 34 4 16 4 23 25 16 10 16 107 37 4 80 22 16 20 16 47 30 4 19 4 22 22 4 26 4 44 4 65 46 4 32 4 38 4 47 4 59 39 4 9 4 86 11 4 24 4 41 4 41 4 86 17 4 37 4 29 4 59 43 4 44 4 31 4 71 22 4 27 4 34 4 49 26 4 39 4 19 4 50 37 4 34 4 26 4 39 4 39 24 4 25 4 12 4 47 4 63 25 4 39 4 51 4 54 21 4 39 4 26 4 119 47 4 30 4 38 4 
iteration 502 best: 1.07521 time: 154477
54 33 4 28 4 21 4 81 22 4 17 4 63 34 4 32 4 17 4 91 32 4 21 4 54 4 119 26 4 34 4 42 4 52 31 4 37 4 24 4 14 4 44 31 4 40 4 19 4 49 14 4 29 4 58 48 4 39 4 84 18 4 23 4 18 4 46 4 28 21 4 38 4 56 16 4 12 4 59 31 4 36 4 36 4 22 4 41 4 40 32 4 56 4 30 4 43 4 66 37 4 26 4 57 31 4 21 4 28 4 45 4 88 30 4 24 4 24 4 76 25 4 35 4 64 21 4 25 4 53 21 20 9 25 4 42 4 24 4 15 27 20 80 19 4 40 4 40 4 33 15 4 53 4 38 4 34 4 90 30 4 40 4 57 42 4 42 4 20 4 78 35 4 6 4 69 21 4 12 4 15 4 51 35 4 25 4 39 4 19 41 4 42 4 80 46 4 48 4 46 39 4 57 25 4 39 4 42 4 54 8 4 35 4 53 19 4 45 4 28 46 4 48 4 43 52 4 33 4 60 27 4 28 4 87 16 4 33 4 71 39 4 16 4 23 32 4 22 4 27 17 4 43 4 32 4 75 32 4 29 4 57 20 4 25 4 39 4 38 35 4 23 4 39 4 32 28 4 38 4 37 4 31 4 11 37 4 32 4 32 4 9 4 36 36 4 32 4 41 4 82 45 4 40 4 23 21 4 9 4 35 4 40 36 4 8 4 31 4 42 45 4 8 4 15 4 48 9 4 34 4 16 4 23 25 16 10 16 107 37 4 80 22 16 20 16 47 30 4 19 4 22 22 4 26 4 44 4 65 46 4 32 4 38 4 47 4 59 39 4 9 4 86 11 4 24 4 41 4 41 4 86 17 4 37 4 29 4 59 43 4 44 4 31 4 71 22 4 27 4 34 4 49 26 4 39 4 19 4 50 37 4 34 4 26 4 39 4 39 24 4 25 4 12 4 47 4 63 25 4 39 4 51 4 54 21 4 39 4 26 4 119 47 4 30 4 38 4 
iteration 526 best: 1.07521 time: 161843
54 33 4 28 4 21 4 81 22 4 17 4 63 34 4 32 4 17 4 91 32 4 21 4 54 4 119 26 4 34 4 42 4 52 31 4 37 4 24 4 14 4 44 31 4 40 4 19 4 49 14 4 29 4 58 48 4 39 4 84 18 4 23 4 18 4 46 4 28 21 4 38 4 56 16 4 12 4 59 31 4 36 4 36 4 22 4 41 4 40 32 4 56 4 30 4 43 4 66 37 4 26 4 57 31 4 21 4 28 4 45 4 88 30 4 24 4 24 4 76 25 4 35 4 64 21 4 25 4 53 21 20 9 25 4 42 4 24 4 15 27 20 80 19 4 40 4 40 4 33 15 4 53 4 38 4 34 4 90 30 4 40 4 57 42 4 42 4 20 4 78 35 4 6 4 69 21 4 12 4 15 4 51 35 4 25 4 39 4 19 41 4 42 4 80 46 4 48 4 46 39 4 57 25 4 39 4 42 4 54 8 4 35 4 53 19 4 45 4 28 46 4 48 4 43 52 4 33 4 60 27 4 28 4 87 16 4 33 4 71 39 4 16 4 23 32 4 22 4 27 17 4 43 4 32 4 75 32 4 29 4 57 20 4 25 4 39 4 38 35 4 23 4 39 4 32 28 4 38 4 37 4 31 4 11 37 4 32 4 32 4 9 4 36 36 4 32 4 41 4 82 45 4 40 4 23 21 4 9 4 35 4 40 36 4 8 4 31 4 42 45 4 8 4 15 4 48 9 4 34 4 16 4 23 25 16 10 16 107 37 4 80 22 16 20 16 47 30 4 19 4 22 22 4 26 4 44 4 65 46 4 32 4 38 4 47 4 59 39 4 9 4 86 11 4 24 4 41 4 41 4 86 17 4 37 4 29 4 59 43 4 44 4 31 4 71 22 4 27 4 34 4 49 26 4 39 4 19 4 50 37 4 34 4 26 4 39 4 39 24 4 25 4 12 4 47 4 63 25 4 39 4 51 4 54 21 4 39 4 26 4 119 47 4 30 4 38 4 
iteration 550 best: 1.07521 time: 169183
54 33 4 28 4 21 4 81 22 4 17 4 63 34 4 32 4 17 4 91 32 4 21 4 54 4 119 26 4 34 4 42 4 52 31 4 37 4 24 4 14 4 44 31 4 40 4 19 4 49 14 4 29 4 58 48 4 39 4 84 18 4 23 4 18 4 46 4 28 21 4 38 4 56 16 4 12 4 59 31 4 36 4 36 4 22 4 41 4 40 32 4 56 4 30 4 43 4 66 37 4 26 4 57 31 4 21 4 28 4 45 4 88 30 4 24 4 24 4 76 25 4 35 4 64 21 4 25 4 53 21 20 9 25 4 42 4 24 4 15 27 20 80 19 4 40 4 40 4 33 15 4 53 4 38 4 34 4 90 30 4 40 4 57 42 4 42 4 20 4 78 35 4 6 4 69 21 4 12 4 15 4 51 35 4 25 4 39 4 19 41 4 42 4 80 46 4 48 4 46 39 4 57 25 4 39 4 42 4 54 8 4 35 4 53 19 4 45 4 28 46 4 48 4 43 52 4 33 4 60 27 4 28 4 87 16 4 33 4 71 39 4 16 4 23 32 4 22 4 27 17 4 43 4 32 4 75 32 4 29 4 57 20 4 25 4 39 4 38 35 4 23 4 39 4 32 28 4 38 4 37 4 31 4 11 37 4 32 4 32 4 9 4 36 36 4 32 4 41 4 82 45 4 40 4 23 21 4 9 4 35 4 40 36 4 8 4 31 4 42 45 4 8 4 15 4 48 9 4 34 4 16 4 23 25 16 10 16 107 37 4 80 22 16 20 16 47 30 4 19 4 22 22 4 26 4 44 4 65 46 4 32 4 38 4 47 4 59 39 4 9 4 86 11 4 24 4 41 4 41 4 86 17 4 37 4 29 4 59 43 4 44 4 31 4 71 22 4 27 4 34 4 49 26 4 39 4 19 4 50 37 4 34 4 26 4 39 4 39 24 4 25 4 12 4 47 4 63 25 4 39 4 51 4 54 21 4 39 4 26 4 119 47 4 30 4 38 4 
iteration 574 best: 1.07521 time: 176517
54 33 4 28 4 21 4 81 22 4 17 4 63 34 4 32 4 17 4 91 32 4 21 4 54 4 119 26 4 34 4 42 4 52 31 4 37 4 24 4 14 4 44 31 4 40 4 19 4 49 14 4 29 4 58 48 4 39 4 84 18 4 23 4 18 4 46 4 28 21 4 38 4 56 16 4 12 4 59 31 4 36 4 36 4 22 4 41 4 40 32 4 56 4 30 4 43 4 66 37 4 26 4 57 31 4 21 4 28 4 45 4 88 30 4 24 4 24 4 76 25 4 35 4 64 21 4 25 4 53 21 20 9 25 4 42 4 24 4 15 27 20 80 19 4 40 4 40 4 33 15 4 53 4 38 4 34 4 90 30 4 40 4 57 42 4 42 4 20 4 78 35 4 6 4 69 21 4 12 4 15 4 51 35 4 25 4 39 4 19 41 4 42 4 80 46 4 48 4 46 39 4 57 25 4 39 4 42 4 54 8 4 35 4 53 19 4 45 4 28 46 4 48 4 43 52 4 33 4 60 27 4 28 4 87 16 4 33 4 71 39 4 16 4 23 32 4 22 4 27 17 4 43 4 32 4 75 32 4 29 4 57 20 4 25 4 39 4 38 35 4 23 4 39 4 32 28 4 38 4 37 4 31 4 11 37 4 32 4 32 4 9 4 36 36 4 32 4 41 4 82 45 4 40 4 23 21 4 9 4 35 4 40 36 4 8 4 31 4 42 45 4 8 4 15 4 48 9 4 34 4 16 4 23 25 16 10 16 107 37 4 80 22 16 20 16 47 30 4 19 4 22 22 4 26 4 44 4 65 46 4 32 4 38 4 47 4 59 39 4 9 4 86 11 4 24 4 41 4 41 4 86 17 4 37 4 29 4 59 43 4 44 4 31 4 71 22 4 27 4 34 4 49 26 4 39 4 19 4 50 37 4 34 4 26 4 39 4 39 24 4 25 4 12 4 47 4 63 25 4 39 4 51 4 54 21 4 39 4 26 4 119 47 4 30 4 38 4 
iteration 598 best: 1.07521 time: 183853
54 33 4 28 4 21 4 81 22 4 17 4 63 34 4 32 4 17 4 91 32 4 21 4 54 4 119 26 4 34 4 42 4 52 31 4 37 4 24 4 14 4 44 31 4 40 4 19 4 49 14 4 29 4 58 48 4 39 4 84 18 4 23 4 18 4 46 4 28 21 4 38 4 56 16 4 12 4 59 31 4 36 4 36 4 22 4 41 4 40 32 4 56 4 30 4 43 4 66 37 4 26 4 57 31 4 21 4 28 4 45 4 88 30 4 24 4 24 4 76 25 4 35 4 64 21 4 25 4 53 21 20 9 25 4 42 4 24 4 15 27 20 80 19 4 40 4 40 4 33 15 4 53 4 38 4 34 4 90 30 4 40 4 57 42 4 42 4 20 4 78 35 4 6 4 69 21 4 12 4 15 4 51 35 4 25 4 39 4 19 41 4 42 4 80 46 4 48 4 46 39 4 57 25 4 39 4 42 4 54 8 4 35 4 53 19 4 45 4 28 46 4 48 4 43 52 4 33 4 60 27 4 28 4 87 16 4 33 4 71 39 4 16 4 23 32 4 22 4 27 17 4 43 4 32 4 75 32 4 29 4 57 20 4 25 4 39 4 38 35 4 23 4 39 4 32 28 4 38 4 37 4 31 4 11 37 4 32 4 32 4 9 4 36 36 4 32 4 41 4 82 45 4 40 4 23 21 4 9 4 35 4 40 36 4 8 4 31 4 42 45 4 8 4 15 4 48 9 4 34 4 16 4 23 25 16 10 16 107 37 4 80 22 16 20 16 47 30 4 19 4 22 22 4 26 4 44 4 65 46 4 32 4 38 4 47 4 59 39 4 9 4 86 11 4 24 4 41 4 41 4 86 17 4 37 4 29 4 59 43 4 44 4 31 4 71 22 4 27 4 34 4 49 26 4 39 4 19 4 50 37 4 34 4 26 4 39 4 39 24 4 25 4 12 4 47 4 63 25 4 39 4 51 4 54 21 4 39 4 26 4 119 47 4 30 4 38 4 
iteration 622 best: 1.07521 time: 191183
54 33 4 28 4 21 4 81 22 4 17 4 63 34 4 32 4 17 4 91 32 4 21 4 54 4 119 26 4 34 4 42 4 52 31 4 37 4 24 4 14 4 44 31 4 40 4 19 4 49 14 4 29 4 58 48 4 39 4 84 18 4 23 4 18 4 46 4 28 21 4 38 4 56 16 4 12 4 59 31 4 36 4 36 4 22 4 41 4 40 32 4 56 4 30 4 43 4 66 37 4 26 4 57 31 4 21 4 28 4 45 4 88 30 4 24 4 24 4 76 25 4 35 4 64 21 4 25 4 53 21 20 9 25 4 42 4 24 4 15 27 20 80 19 4 40 4 40 4 33 15 4 53 4 38 4 34 4 90 30 4 40 4 57 42 4 42 4 20 4 78 35 4 6 4 69 21 4 12 4 15 4 51 35 4 25 4 39 4 19 41 4 42 4 80 46 4 48 4 46 39 4 57 25 4 39 4 42 4 54 8 4 35 4 53 19 4 45 4 28 46 4 48 4 43 52 4 33 4 60 27 4 28 4 87 16 4 33 4 71 39 4 16 4 23 32 4 22 4 27 17 4 43 4 32 4 75 32 4 29 4 57 20 4 25 4 39 4 38 35 4 23 4 39 4 32 28 4 38 4 37 4 31 4 11 37 4 32 4 32 4 9 4 36 36 4 32 4 41 4 82 45 4 40 4 23 21 4 9 4 35 4 40 36 4 8 4 31 4 42 45 4 8 4 15 4 48 9 4 34 4 16 4 23 25 16 10 16 107 37 4 80 22 16 20 16 47 30 4 19 4 22 22 4 26 4 44 4 65 46 4 32 4 38 4 47 4 59 39 4 9 4 86 11 4 24 4 41 4 41 4 86 17 4 37 4 29 4 59 43 4 44 4 31 4 71 22 4 27 4 34 4 49 26 4 39 4 19 4 50 37 4 34 4 26 4 39 4 39 24 4 25 4 12 4 47 4 63 25 4 39 4 51 4 54 21 4 39 4 26 4 119 47 4 30 4 38 4 
iteration 646 best: 1.07521 time: 198519
54 33 4 28 4 21 4 81 22 4 17 4 63 34 4 32 4 17 4 91 32 4 21 4 54 4 119 26 4 34 4 42 4 52 31 4 37 4 24 4 14 4 44 31 4 40 4 19 4 49 14 4 29 4 58 48 4 39 4 84 18 4 23 4 18 4 46 4 28 21 4 38 4 56 16 4 12 4 59 31 4 36 4 36 4 22 4 41 4 40 32 4 56 4 30 4 43 4 66 37 4 26 4 57 31 4 21 4 28 4 45 4 88 30 4 24 4 24 4 76 25 4 35 4 64 21 4 25 4 53 21 20 9 25 4 42 4 24 4 15 27 20 80 19 4 40 4 40 4 33 15 4 53 4 38 4 34 4 90 30 4 40 4 57 42 4 42 4 20 4 78 35 4 6 4 69 21 4 12 4 15 4 51 35 4 25 4 39 4 19 41 4 42 4 80 46 4 48 4 46 39 4 57 25 4 39 4 42 4 54 8 4 35 4 53 19 4 45 4 28 46 4 48 4 43 52 4 33 4 60 27 4 28 4 87 16 4 33 4 71 39 4 16 4 23 32 4 22 4 27 17 4 43 4 32 4 75 32 4 29 4 57 20 4 25 4 39 4 38 35 4 23 4 39 4 32 28 4 38 4 37 4 31 4 11 37 4 32 4 32 4 9 4 36 36 4 32 4 41 4 82 45 4 40 4 23 21 4 9 4 35 4 40 36 4 8 4 31 4 42 45 4 8 4 15 4 48 9 4 34 4 16 4 23 25 16 10 16 107 37 4 80 22 16 20 16 47 30 4 19 4 22 22 4 26 4 44 4 65 46 4 32 4 38 4 47 4 59 39 4 9 4 86 11 4 24 4 41 4 41 4 86 17 4 37 4 29 4 59 43 4 44 4 31 4 71 22 4 27 4 34 4 49 26 4 39 4 19 4 50 37 4 34 4 26 4 39 4 39 24 4 25 4 12 4 47 4 63 25 4 39 4 51 4 54 21 4 39 4 26 4 119 47 4 30 4 38 4 
iteration 670 best: 1.07521 time: 205863
54 33 4 28 4 21 4 81 22 4 17 4 63 34 4 32 4 17 4 91 32 4 21 4 54 4 119 26 4 34 4 42 4 52 31 4 37 4 24 4 14 4 44 31 4 40 4 19 4 49 14 4 29 4 58 48 4 39 4 84 18 4 23 4 18 4 46 4 28 21 4 38 4 56 16 4 12 4 59 31 4 36 4 36 4 22 4 41 4 40 32 4 56 4 30 4 43 4 66 37 4 26 4 57 31 4 21 4 28 4 45 4 88 30 4 24 4 24 4 76 25 4 35 4 64 21 4 25 4 53 21 20 9 25 4 42 4 24 4 15 27 20 80 19 4 40 4 40 4 33 15 4 53 4 38 4 34 4 90 30 4 40 4 57 42 4 42 4 20 4 78 35 4 6 4 69 21 4 12 4 15 4 51 35 4 25 4 39 4 19 41 4 42 4 80 46 4 48 4 46 39 4 57 25 4 39 4 42 4 54 8 4 35 4 53 19 4 45 4 28 46 4 48 4 43 52 4 33 4 60 27 4 28 4 87 16 4 33 4 71 39 4 16 4 23 32 4 22 4 27 17 4 43 4 32 4 75 32 4 29 4 57 20 4 25 4 39 4 38 35 4 23 4 39 4 32 28 4 38 4 37 4 31 4 11 37 4 32 4 32 4 9 4 36 36 4 32 4 41 4 82 45 4 40 4 23 21 4 9 4 35 4 40 36 4 8 4 31 4 42 45 4 8 4 15 4 48 9 4 34 4 16 4 23 25 16 10 16 107 37 4 80 22 16 20 16 47 30 4 19 4 22 22 4 26 4 44 4 65 46 4 32 4 38 4 47 4 59 39 4 9 4 86 11 4 24 4 41 4 41 4 86 17 4 37 4 29 4 59 43 4 44 4 31 4 71 22 4 27 4 34 4 49 26 4 39 4 19 4 50 37 4 34 4 26 4 39 4 39 24 4 25 4 12 4 47 4 63 25 4 39 4 51 4 54 21 4 39 4 26 4 119 47 4 30 4 38 4 
iteration 694 best: 1.07521 time: 213195
54 33 4 28 4 21 4 81 22 4 17 4 63 34 4 32 4 17 4 91 32 4 21 4 54 4 119 26 4 34 4 42 4 52 31 4 37 4 24 4 14 4 44 31 4 40 4 19 4 49 14 4 29 4 58 48 4 39 4 84 18 4 23 4 18 4 46 4 28 21 4 38 4 56 16 4 12 4 59 31 4 36 4 36 4 22 4 41 4 40 32 4 56 4 30 4 43 4 66 37 4 26 4 57 31 4 21 4 28 4 45 4 88 30 4 24 4 24 4 76 25 4 35 4 64 21 4 25 4 53 21 20 9 25 4 42 4 24 4 15 27 20 80 19 4 40 4 40 4 33 15 4 53 4 38 4 34 4 90 30 4 40 4 57 42 4 42 4 20 4 78 35 4 6 4 69 21 4 12 4 15 4 51 35 4 25 4 39 4 19 41 4 42 4 80 46 4 48 4 46 39 4 57 25 4 39 4 42 4 54 8 4 35 4 53 19 4 45 4 28 46 4 48 4 43 52 4 33 4 60 27 4 28 4 87 16 4 33 4 71 39 4 16 4 23 32 4 22 4 27 17 4 43 4 32 4 75 32 4 29 4 57 20 4 25 4 39 4 38 35 4 23 4 39 4 32 28 4 38 4 37 4 31 4 11 37 4 32 4 32 4 9 4 36 36 4 32 4 41 4 82 45 4 40 4 23 21 4 9 4 35 4 40 36 4 8 4 31 4 42 45 4 8 4 15 4 48 9 4 34 4 16 4 23 25 16 10 16 107 37 4 80 22 16 20 16 47 30 4 19 4 22 22 4 26 4 44 4 65 46 4 32 4 38 4 47 4 59 39 4 9 4 86 11 4 24 4 41 4 41 4 86 17 4 37 4 29 4 59 43 4 44 4 31 4 71 22 4 27 4 34 4 49 26 4 39 4 19 4 50 37 4 34 4 26 4 39 4 39 24 4 25 4 12 4 47 4 63 25 4 39 4 51 4 54 21 4 39 4 26 4 119 47 4 30 4 38 4 
iteration 718 best: 1.07521 time: 220556
54 33 4 28 4 21 4 81 22 4 17 4 63 34 4 32 4 17 4 91 32 4 21 4 54 4 119 26 4 34 4 42 4 52 31 4 37 4 24 4 14 4 44 31 4 40 4 19 4 49 14 4 29 4 58 48 4 39 4 84 18 4 23 4 18 4 46 4 28 21 4 38 4 56 16 4 12 4 59 31 4 36 4 36 4 22 4 41 4 40 32 4 56 4 30 4 43 4 66 37 4 26 4 57 31 4 21 4 28 4 45 4 88 30 4 24 4 24 4 76 25 4 35 4 64 21 4 25 4 53 21 20 9 25 4 42 4 24 4 15 27 20 80 19 4 40 4 40 4 33 15 4 53 4 38 4 34 4 90 30 4 40 4 57 42 4 42 4 20 4 78 35 4 6 4 69 21 4 12 4 15 4 51 35 4 25 4 39 4 19 41 4 42 4 80 46 4 48 4 46 39 4 57 25 4 39 4 42 4 54 8 4 35 4 53 19 4 45 4 28 46 4 48 4 43 52 4 33 4 60 27 4 28 4 87 16 4 33 4 71 39 4 16 4 23 32 4 22 4 27 17 4 43 4 32 4 75 32 4 29 4 57 20 4 25 4 39 4 38 35 4 23 4 39 4 32 28 4 38 4 37 4 31 4 11 37 4 32 4 32 4 9 4 36 36 4 32 4 41 4 82 45 4 40 4 23 21 4 9 4 35 4 40 36 4 8 4 31 4 42 45 4 8 4 15 4 48 9 4 34 4 16 4 23 25 16 10 16 107 37 4 80 22 16 20 16 47 30 4 19 4 22 22 4 26 4 44 4 65 46 4 32 4 38 4 47 4 59 39 4 9 4 86 11 4 24 4 41 4 41 4 86 17 4 37 4 29 4 59 43 4 44 4 31 4 71 22 4 27 4 34 4 49 26 4 39 4 19 4 50 37 4 34 4 26 4 39 4 39 24 4 25 4 12 4 47 4 63 25 4 39 4 51 4 54 21 4 39 4 26 4 119 47 4 30 4 38 4 
iteration 742 best: 1.07521 time: 227936
54 33 4 28 4 21 4 81 22 4 17 4 63 34 4 32 4 17 4 91 32 4 21 4 54 4 119 26 4 34 4 42 4 52 31 4 37 4 24 4 14 4 44 31 4 40 4 19 4 49 14 4 29 4 58 48 4 39 4 84 18 4 23 4 18 4 46 4 28 21 4 38 4 56 16 4 12 4 59 31 4 36 4 36 4 22 4 41 4 40 32 4 56 4 30 4 43 4 66 37 4 26 4 57 31 4 21 4 28 4 45 4 88 30 4 24 4 24 4 76 25 4 35 4 64 21 4 25 4 53 21 20 9 25 4 42 4 24 4 15 27 20 80 19 4 40 4 40 4 33 15 4 53 4 38 4 34 4 90 30 4 40 4 57 42 4 42 4 20 4 78 35 4 6 4 69 21 4 12 4 15 4 51 35 4 25 4 39 4 19 41 4 42 4 80 46 4 48 4 46 39 4 57 25 4 39 4 42 4 54 8 4 35 4 53 19 4 45 4 28 46 4 48 4 43 52 4 33 4 60 27 4 28 4 87 16 4 33 4 71 39 4 16 4 23 32 4 22 4 27 17 4 43 4 32 4 75 32 4 29 4 57 20 4 25 4 39 4 38 35 4 23 4 39 4 32 28 4 38 4 37 4 31 4 11 37 4 32 4 32 4 9 4 36 36 4 32 4 41 4 82 45 4 40 4 23 21 4 9 4 35 4 40 36 4 8 4 31 4 42 45 4 8 4 15 4 48 9 4 34 4 16 4 23 25 16 10 16 107 37 4 80 22 16 20 16 47 30 4 19 4 22 22 4 26 4 44 4 65 46 4 32 4 38 4 47 4 59 39 4 9 4 86 11 4 24 4 41 4 41 4 86 17 4 37 4 29 4 59 43 4 44 4 31 4 71 22 4 27 4 34 4 49 26 4 39 4 19 4 50 37 4 34 4 26 4 39 4 39 24 4 25 4 12 4 47 4 63 25 4 39 4 51 4 54 21 4 39 4 26 4 119 47 4 30 4 38 4 
iteration 766 best: 1.07521 time: 235292
54 33 4 28 4 21 4 81 22 4 17 4 63 34 4 32 4 17 4 91 32 4 21 4 54 4 119 26 4 34 4 42 4 52 31 4 37 4 24 4 14 4 44 31 4 40 4 19 4 49 14 4 29 4 58 48 4 39 4 84 18 4 23 4 18 4 46 4 28 21 4 38 4 56 16 4 12 4 59 31 4 36 4 36 4 22 4 41 4 40 32 4 56 4 30 4 43 4 66 37 4 26 4 57 31 4 21 4 28 4 45 4 88 30 4 24 4 24 4 76 25 4 35 4 64 21 4 25 4 53 21 20 9 25 4 42 4 24 4 15 27 20 80 19 4 40 4 40 4 33 15 4 53 4 38 4 34 4 90 30 4 40 4 57 42 4 42 4 20 4 78 35 4 6 4 69 21 4 12 4 15 4 51 35 4 25 4 39 4 19 41 4 42 4 80 46 4 48 4 46 39 4 57 25 4 39 4 42 4 54 8 4 35 4 53 19 4 45 4 28 46 4 48 4 43 52 4 33 4 60 27 4 28 4 87 16 4 33 4 71 39 4 16 4 23 32 4 22 4 27 17 4 43 4 32 4 75 32 4 29 4 57 20 4 25 4 39 4 38 35 4 23 4 39 4 32 28 4 38 4 37 4 31 4 11 37 4 32 4 32 4 9 4 36 36 4 32 4 41 4 82 45 4 40 4 23 21 4 9 4 35 4 40 36 4 8 4 31 4 42 45 4 8 4 15 4 48 9 4 34 4 16 4 23 25 16 10 16 107 37 4 80 22 16 20 16 47 30 4 19 4 22 22 4 26 4 44 4 65 46 4 32 4 38 4 47 4 59 39 4 9 4 86 11 4 24 4 41 4 41 4 86 17 4 37 4 29 4 59 43 4 44 4 31 4 71 22 4 27 4 34 4 49 26 4 39 4 19 4 50 37 4 34 4 26 4 39 4 39 24 4 25 4 12 4 47 4 63 25 4 39 4 51 4 54 21 4 39 4 26 4 119 47 4 30 4 38 4 
iteration 790 best: 1.07521 time: 242645
54 33 4 28 4 21 4 81 22 4 17 4 63 34 4 32 4 17 4 91 32 4 21 4 54 4 119 26 4 34 4 42 4 52 31 4 37 4 24 4 14 4 44 31 4 40 4 19 4 49 14 4 29 4 58 48 4 39 4 84 18 4 23 4 18 4 46 4 28 21 4 38 4 56 16 4 12 4 59 31 4 36 4 36 4 22 4 41 4 40 32 4 56 4 30 4 43 4 66 37 4 26 4 57 31 4 21 4 28 4 45 4 88 30 4 24 4 24 4 76 25 4 35 4 64 21 4 25 4 53 21 20 9 25 4 42 4 24 4 15 27 20 80 19 4 40 4 40 4 33 15 4 53 4 38 4 34 4 90 30 4 40 4 57 42 4 42 4 20 4 78 35 4 6 4 69 21 4 12 4 15 4 51 35 4 25 4 39 4 19 41 4 42 4 80 46 4 48 4 46 39 4 57 25 4 39 4 42 4 54 8 4 35 4 53 19 4 45 4 28 46 4 48 4 43 52 4 33 4 60 27 4 28 4 87 16 4 33 4 71 39 4 16 4 23 32 4 22 4 27 17 4 43 4 32 4 75 32 4 29 4 57 20 4 25 4 39 4 38 35 4 23 4 39 4 32 28 4 38 4 37 4 31 4 11 37 4 32 4 32 4 9 4 36 36 4 32 4 41 4 82 45 4 40 4 23 21 4 9 4 35 4 40 36 4 8 4 31 4 42 45 4 8 4 15 4 48 9 4 34 4 16 4 23 25 16 10 16 107 37 4 80 22 16 20 16 47 30 4 19 4 22 22 4 26 4 44 4 65 46 4 32 4 38 4 47 4 59 39 4 9 4 86 11 4 24 4 41 4 41 4 86 17 4 37 4 29 4 59 43 4 44 4 31 4 71 22 4 27 4 34 4 49 26 4 39 4 19 4 50 37 4 34 4 26 4 39 4 39 24 4 25 4 12 4 47 4 63 25 4 39 4 51 4 54 21 4 39 4 26 4 119 47 4 30 4 38 4 
iteration 814 best: 1.07521 time: 249965
54 33 4 28 4 21 4 81 22 4 17 4 63 34 4 32 4 17 4 91 32 4 21 4 54 4 119 26 4 34 4 42 4 52 31 4 37 4 24 4 14 4 44 31 4 40 4 19 4 49 14 4 29 4 58 48 4 39 4 84 18 4 23 4 18 4 46 4 28 21 4 38 4 56 16 4 12 4 59 31 4 36 4 36 4 22 4 41 4 40 32 4 56 4 30 4 43 4 66 37 4 26 4 57 31 4 21 4 28 4 45 4 88 30 4 24 4 24 4 76 25 4 35 4 64 21 4 25 4 53 21 20 9 25 4 42 4 24 4 15 27 20 80 19 4 40 4 40 4 33 15 4 53 4 38 4 34 4 90 30 4 40 4 57 42 4 42 4 20 4 78 35 4 6 4 69 21 4 12 4 15 4 51 35 4 25 4 39 4 19 41 4 42 4 80 46 4 48 4 46 39 4 57 25 4 39 4 42 4 54 8 4 35 4 53 19 4 45 4 28 46 4 48 4 43 52 4 33 4 60 27 4 28 4 87 16 4 33 4 71 39 4 16 4 23 32 4 22 4 27 17 4 43 4 32 4 75 32 4 29 4 57 20 4 25 4 39 4 38 35 4 23 4 39 4 32 28 4 38 4 37 4 31 4 11 37 4 32 4 32 4 9 4 36 36 4 32 4 41 4 82 45 4 40 4 23 21 4 9 4 35 4 40 36 4 8 4 31 4 42 45 4 8 4 15 4 48 9 4 34 4 16 4 23 25 16 10 16 107 37 4 80 22 16 20 16 47 30 4 19 4 22 22 4 26 4 44 4 65 46 4 32 4 38 4 47 4 59 39 4 9 4 86 11 4 24 4 41 4 41 4 86 17 4 37 4 29 4 59 43 4 44 4 31 4 71 22 4 27 4 34 4 49 26 4 39 4 19 4 50 37 4 34 4 26 4 39 4 39 24 4 25 4 12 4 47 4 63 25 4 39 4 51 4 54 21 4 39 4 26 4 119 47 4 30 4 38 4 
iteration 838 best: 1.07521 time: 257302
54 33 4 28 4 21 4 81 22 4 17 4 63 34 4 32 4 17 4 91 32 4 21 4 54 4 119 26 4 34 4 42 4 52 31 4 37 4 24 4 14 4 44 31 4 40 4 19 4 49 14 4 29 4 58 48 4 39 4 84 18 4 23 4 18 4 46 4 28 21 4 38 4 56 16 4 12 4 59 31 4 36 4 36 4 22 4 41 4 40 32 4 56 4 30 4 43 4 66 37 4 26 4 57 31 4 21 4 28 4 45 4 88 30 4 24 4 24 4 76 25 4 35 4 64 21 4 25 4 53 21 20 9 25 4 42 4 24 4 15 27 20 80 19 4 40 4 40 4 33 15 4 53 4 38 4 34 4 90 30 4 40 4 57 42 4 42 4 20 4 78 35 4 6 4 69 21 4 12 4 15 4 51 35 4 25 4 39 4 19 41 4 42 4 80 46 4 48 4 46 39 4 57 25 4 39 4 42 4 54 8 4 35 4 53 19 4 45 4 28 46 4 48 4 43 52 4 33 4 60 27 4 28 4 87 16 4 33 4 71 39 4 16 4 23 32 4 22 4 27 17 4 43 4 32 4 75 32 4 29 4 57 20 4 25 4 39 4 38 35 4 23 4 39 4 32 28 4 38 4 37 4 31 4 11 37 4 32 4 32 4 9 4 36 36 4 32 4 41 4 82 45 4 40 4 23 21 4 9 4 35 4 40 36 4 8 4 31 4 42 45 4 8 4 15 4 48 9 4 34 4 16 4 23 25 16 10 16 107 37 4 80 22 16 20 16 47 30 4 19 4 22 22 4 26 4 44 4 65 46 4 32 4 38 4 47 4 59 39 4 9 4 86 11 4 24 4 41 4 41 4 86 17 4 37 4 29 4 59 43 4 44 4 31 4 71 22 4 27 4 34 4 49 26 4 39 4 19 4 50 37 4 34 4 26 4 39 4 39 24 4 25 4 12 4 47 4 63 25 4 39 4 51 4 54 21 4 39 4 26 4 119 47 4 30 4 38 4 
iteration 862 best: 1.07521 time: 264620
54 33 4 28 4 21 4 81 22 4 17 4 63 34 4 32 4 17 4 91 32 4 21 4 54 4 119 26 4 34 4 42 4 52 31 4 37 4 24 4 14 4 44 31 4 40 4 19 4 49 14 4 29 4 58 48 4 39 4 84 18 4 23 4 18 4 46 4 28 21 4 38 4 56 16 4 12 4 59 31 4 36 4 36 4 22 4 41 4 40 32 4 56 4 30 4 43 4 66 37 4 26 4 57 31 4 21 4 28 4 45 4 88 30 4 24 4 24 4 76 25 4 35 4 64 21 4 25 4 53 21 20 9 25 4 42 4 24 4 15 27 20 80 19 4 40 4 40 4 33 15 4 53 4 38 4 34 4 90 30 4 40 4 57 42 4 42 4 20 4 78 35 4 6 4 69 21 4 12 4 15 4 51 35 4 25 4 39 4 19 41 4 42 4 80 46 4 48 4 46 39 4 57 25 4 39 4 42 4 54 8 4 35 4 53 19 4 45 4 28 46 4 48 4 43 52 4 33 4 60 27 4 28 4 87 16 4 33 4 71 39 4 16 4 23 32 4 22 4 27 17 4 43 4 32 4 75 32 4 29 4 57 20 4 25 4 39 4 38 35 4 23 4 39 4 32 28 4 38 4 37 4 31 4 11 37 4 32 4 32 4 9 4 36 36 4 32 4 41 4 82 45 4 40 4 23 21 4 9 4 35 4 40 36 4 8 4 31 4 42 45 4 8 4 15 4 48 9 4 34 4 16 4 23 25 16 10 16 107 37 4 80 22 16 20 16 47 30 4 19 4 22 22 4 26 4 44 4 65 46 4 32 4 38 4 47 4 59 39 4 9 4 86 11 4 24 4 41 4 41 4 86 17 4 37 4 29 4 59 43 4 44 4 31 4 71 22 4 27 4 34 4 49 26 4 39 4 19 4 50 37 4 34 4 26 4 39 4 39 24 4 25 4 12 4 47 4 63 25 4 39 4 51 4 54 21 4 39 4 26 4 119 47 4 30 4 38 4 
iteration 886 best: 1.07521 time: 271963
54 33 4 28 4 21 4 81 22 4 17 4 63 34 4 32 4 17 4 91 32 4 21 4 54 4 119 26 4 34 4 42 4 52 31 4 37 4 24 4 14 4 44 31 4 40 4 19 4 49 14 4 29 4 58 48 4 39 4 84 18 4 23 4 18 4 46 4 28 21 4 38 4 56 16 4 12 4 59 31 4 36 4 36 4 22 4 41 4 40 32 4 56 4 30 4 43 4 66 37 4 26 4 57 31 4 21 4 28 4 45 4 88 30 4 24 4 24 4 76 25 4 35 4 64 21 4 25 4 53 21 20 9 25 4 42 4 24 4 15 27 20 80 19 4 40 4 40 4 33 15 4 53 4 38 4 34 4 90 30 4 40 4 57 42 4 42 4 20 4 78 35 4 6 4 69 21 4 12 4 15 4 51 35 4 25 4 39 4 19 41 4 42 4 80 46 4 48 4 46 39 4 57 25 4 39 4 42 4 54 8 4 35 4 53 19 4 45 4 28 46 4 48 4 43 52 4 33 4 60 27 4 28 4 87 16 4 33 4 71 39 4 16 4 23 32 4 22 4 27 17 4 43 4 32 4 75 32 4 29 4 57 20 4 25 4 39 4 38 35 4 23 4 39 4 32 28 4 38 4 37 4 31 4 11 37 4 32 4 32 4 9 4 36 36 4 32 4 41 4 82 45 4 40 4 23 21 4 9 4 35 4 40 36 4 8 4 31 4 42 45 4 8 4 15 4 48 9 4 34 4 16 4 23 25 16 10 16 107 37 4 80 22 16 20 16 47 30 4 19 4 22 22 4 26 4 44 4 65 46 4 32 4 38 4 47 4 59 39 4 9 4 86 11 4 24 4 41 4 41 4 86 17 4 37 4 29 4 59 43 4 44 4 31 4 71 22 4 27 4 34 4 49 26 4 39 4 19 4 50 37 4 34 4 26 4 39 4 39 24 4 25 4 12 4 47 4 63 25 4 39 4 51 4 54 21 4 39 4 26 4 119 47 4 30 4 38 4 
iteration 910 best: 1.07521 time: 279296
54 33 4 28 4 21 4 81 22 4 17 4 63 34 4 32 4 17 4 91 32 4 21 4 54 4 119 26 4 34 4 42 4 52 31 4 37 4 24 4 14 4 44 31 4 40 4 19 4 49 14 4 29 4 58 48 4 39 4 84 18 4 23 4 18 4 46 4 28 21 4 38 4 56 16 4 12 4 59 31 4 36 4 36 4 22 4 41 4 40 32 4 56 4 30 4 43 4 66 37 4 26 4 57 31 4 21 4 28 4 45 4 88 30 4 24 4 24 4 76 25 4 35 4 64 21 4 25 4 53 21 20 9 25 4 42 4 24 4 15 27 20 80 19 4 40 4 40 4 33 15 4 53 4 38 4 34 4 90 30 4 40 4 57 42 4 42 4 20 4 78 35 4 6 4 69 21 4 12 4 15 4 51 35 4 25 4 39 4 19 41 4 42 4 80 46 4 48 4 46 39 4 57 25 4 39 4 42 4 54 8 4 35 4 53 19 4 45 4 28 46 4 48 4 43 52 4 33 4 60 27 4 28 4 87 16 4 33 4 71 39 4 16 4 23 32 4 22 4 27 17 4 43 4 32 4 75 32 4 29 4 57 20 4 25 4 39 4 38 35 4 23 4 39 4 32 28 4 38 4 37 4 31 4 11 37 4 32 4 32 4 9 4 36 36 4 32 4 41 4 82 45 4 40 4 23 21 4 9 4 35 4 40 36 4 8 4 31 4 42 45 4 8 4 15 4 48 9 4 34 4 16 4 23 25 16 10 16 107 37 4 80 22 16 20 16 47 30 4 19 4 22 22 4 26 4 44 4 65 46 4 32 4 38 4 47 4 59 39 4 9 4 86 11 4 24 4 41 4 41 4 86 17 4 37 4 29 4 59 43 4 44 4 31 4 71 22 4 27 4 34 4 49 26 4 39 4 19 4 50 37 4 34 4 26 4 39 4 39 24 4 25 4 12 4 47 4 63 25 4 39 4 51 4 54 21 4 39 4 26 4 119 47 4 30 4 38 4 
iteration 934 best: 1.07521 time: 286629
54 33 4 28 4 21 4 81 22 4 17 4 63 34 4 32 4 17 4 91 32 4 21 4 54 4 119 26 4 34 4 42 4 52 31 4 37 4 24 4 14 4 44 31 4 40 4 19 4 49 14 4 29 4 58 48 4 39 4 84 18 4 23 4 18 4 46 4 28 21 4 38 4 56 16 4 12 4 59 31 4 36 4 36 4 22 4 41 4 40 32 4 56 4 30 4 43 4 66 37 4 26 4 57 31 4 21 4 28 4 45 4 88 30 4 24 4 24 4 76 25 4 35 4 64 21 4 25 4 53 21 20 9 25 4 42 4 24 4 15 27 20 80 19 4 40 4 40 4 33 15 4 53 4 38 4 34 4 90 30 4 40 4 57 42 4 42 4 20 4 78 35 4 6 4 69 21 4 12 4 15 4 51 35 4 25 4 39 4 19 41 4 42 4 80 46 4 48 4 46 39 4 57 25 4 39 4 42 4 54 8 4 35 4 53 19 4 45 4 28 46 4 48 4 43 52 4 33 4 60 27 4 28 4 87 16 4 33 4 71 39 4 16 4 23 32 4 22 4 27 17 4 43 4 32 4 75 32 4 29 4 57 20 4 25 4 39 4 38 35 4 23 4 39 4 32 28 4 38 4 37 4 31 4 11 37 4 32 4 32 4 9 4 36 36 4 32 4 41 4 82 45 4 40 4 23 21 4 9 4 35 4 40 36 4 8 4 31 4 42 45 4 8 4 15 4 48 9 4 34 4 16 4 23 25 16 10 16 107 37 4 80 22 16 20 16 47 30 4 19 4 22 22 4 26 4 44 4 65 46 4 32 4 38 4 47 4 59 39 4 9 4 86 11 4 24 4 41 4 41 4 86 17 4 37 4 29 4 59 43 4 44 4 31 4 71 22 4 27 4 34 4 49 26 4 39 4 19 4 50 37 4 34 4 26 4 39 4 39 24 4 25 4 12 4 47 4 63 25 4 39 4 51 4 54 21 4 39 4 26 4 119 47 4 30 4 38 4 
iteration 958 best: 1.07521 time: 293931
54 33 4 28 4 21 4 81 22 4 17 4 63 34 4 32 4 17 4 91 32 4 21 4 54 4 119 26 4 34 4 42 4 52 31 4 37 4 24 4 14 4 44 31 4 40 4 19 4 49 14 4 29 4 58 48 4 39 4 84 18 4 23 4 18 4 46 4 28 21 4 38 4 56 16 4 12 4 59 31 4 36 4 36 4 22 4 41 4 40 32 4 56 4 30 4 43 4 66 37 4 26 4 57 31 4 21 4 28 4 45 4 88 30 4 24 4 24 4 76 25 4 35 4 64 21 4 25 4 53 21 20 9 25 4 42 4 24 4 15 27 20 80 19 4 40 4 40 4 33 15 4 53 4 38 4 34 4 90 30 4 40 4 57 42 4 42 4 20 4 78 35 4 6 4 69 21 4 12 4 15 4 51 35 4 25 4 39 4 19 41 4 42 4 80 46 4 48 4 46 39 4 57 25 4 39 4 42 4 54 8 4 35 4 53 19 4 45 4 28 46 4 48 4 43 52 4 33 4 60 27 4 28 4 87 16 4 33 4 71 39 4 16 4 23 32 4 22 4 27 17 4 43 4 32 4 75 32 4 29 4 57 20 4 25 4 39 4 38 35 4 23 4 39 4 32 28 4 38 4 37 4 31 4 11 37 4 32 4 32 4 9 4 36 36 4 32 4 41 4 82 45 4 40 4 23 21 4 9 4 35 4 40 36 4 8 4 31 4 42 45 4 8 4 15 4 48 9 4 34 4 16 4 23 25 16 10 16 107 37 4 80 22 16 20 16 47 30 4 19 4 22 22 4 26 4 44 4 65 46 4 32 4 38 4 47 4 59 39 4 9 4 86 11 4 24 4 41 4 41 4 86 17 4 37 4 29 4 59 43 4 44 4 31 4 71 22 4 27 4 34 4 49 26 4 39 4 19 4 50 37 4 34 4 26 4 39 4 39 24 4 25 4 12 4 47 4 63 25 4 39 4 51 4 54 21 4 39 4 26 4 119 47 4 30 4 38 4 
iteration 982 best: 1.07521 time: 301258
54 33 4 28 4 21 4 81 22 4 17 4 63 34 4 32 4 17 4 91 32 4 21 4 54 4 119 26 4 34 4 42 4 52 31 4 37 4 24 4 14 4 44 31 4 40 4 19 4 49 14 4 29 4 58 48 4 39 4 84 18 4 23 4 18 4 46 4 28 21 4 38 4 56 16 4 12 4 59 31 4 36 4 36 4 22 4 41 4 40 32 4 56 4 30 4 43 4 66 37 4 26 4 57 31 4 21 4 28 4 45 4 88 30 4 24 4 24 4 76 25 4 35 4 64 21 4 25 4 53 21 20 9 25 4 42 4 24 4 15 27 20 80 19 4 40 4 40 4 33 15 4 53 4 38 4 34 4 90 30 4 40 4 57 42 4 42 4 20 4 78 35 4 6 4 69 21 4 12 4 15 4 51 35 4 25 4 39 4 19 41 4 42 4 80 46 4 48 4 46 39 4 57 25 4 39 4 42 4 54 8 4 35 4 53 19 4 45 4 28 46 4 48 4 43 52 4 33 4 60 27 4 28 4 87 16 4 33 4 71 39 4 16 4 23 32 4 22 4 27 17 4 43 4 32 4 75 32 4 29 4 57 20 4 25 4 39 4 38 35 4 23 4 39 4 32 28 4 38 4 37 4 31 4 11 37 4 32 4 32 4 9 4 36 36 4 32 4 41 4 82 45 4 40 4 23 21 4 9 4 35 4 40 36 4 8 4 31 4 42 45 4 8 4 15 4 48 9 4 34 4 16 4 23 25 16 10 16 107 37 4 80 22 16 20 16 47 30 4 19 4 22 22 4 26 4 44 4 65 46 4 32 4 38 4 47 4 59 39 4 9 4 86 11 4 24 4 41 4 41 4 86 17 4 37 4 29 4 59 43 4 44 4 31 4 71 22 4 27 4 34 4 49 26 4 39 4 19 4 50 37 4 34 4 26 4 39 4 39 24 4 25 4 12 4 47 4 63 25 4 39 4 51 4 54 21 4 39 4 26 4 119 47 4 30 4 38 4 
iteration 1006 best: 1.07521 time: 308615
54 33 4 28 4 21 4 81 22 4 17 4 63 34 4 32 4 17 4 91 32 4 21 4 54 4 119 26 4 34 4 42 4 52 31 4 37 4 24 4 14 4 44 31 4 40 4 19 4 49 14 4 29 4 58 48 4 39 4 84 18 4 23 4 18 4 46 4 28 21 4 38 4 56 16 4 12 4 59 31 4 36 4 36 4 22 4 41 4 40 32 4 56 4 30 4 43 4 66 37 4 26 4 57 31 4 21 4 28 4 45 4 88 30 4 24 4 24 4 76 25 4 35 4 64 21 4 25 4 53 21 20 9 25 4 42 4 24 4 15 27 20 80 19 4 40 4 40 4 33 15 4 53 4 38 4 34 4 90 30 4 40 4 57 42 4 42 4 20 4 78 35 4 6 4 69 21 4 12 4 15 4 51 35 4 25 4 39 4 19 41 4 42 4 80 46 4 48 4 46 39 4 57 25 4 39 4 42 4 54 8 4 35 4 53 19 4 45 4 28 46 4 48 4 43 52 4 33 4 60 27 4 28 4 87 16 4 33 4 71 39 4 16 4 23 32 4 22 4 27 17 4 43 4 32 4 75 32 4 29 4 57 20 4 25 4 39 4 38 35 4 23 4 39 4 32 28 4 38 4 37 4 31 4 11 37 4 32 4 32 4 9 4 36 36 4 32 4 41 4 82 45 4 40 4 23 21 4 9 4 35 4 40 36 4 8 4 31 4 42 45 4 8 4 15 4 48 9 4 34 4 16 4 23 25 16 10 16 107 37 4 80 22 16 20 16 47 30 4 19 4 22 22 4 26 4 44 4 65 46 4 32 4 38 4 47 4 59 39 4 9 4 86 11 4 24 4 41 4 41 4 86 17 4 37 4 29 4 59 43 4 44 4 31 4 71 22 4 27 4 34 4 49 26 4 39 4 19 4 50 37 4 34 4 26 4 39 4 39 24 4 25 4 12 4 47 4 63 25 4 39 4 51 4 54 21 4 39 4 26 4 119 47 4 30 4 38 4 
iteration 1030 best: 1.07521 time: 316005
54 33 4 28 4 21 4 81 22 4 17 4 63 34 4 32 4 17 4 91 32 4 21 4 54 4 119 26 4 34 4 42 4 52 31 4 37 4 24 4 14 4 44 31 4 40 4 19 4 49 14 4 29 4 58 48 4 39 4 84 18 4 23 4 18 4 46 4 28 21 4 38 4 56 16 4 12 4 59 31 4 36 4 36 4 22 4 41 4 40 32 4 56 4 30 4 43 4 66 37 4 26 4 57 31 4 21 4 28 4 45 4 88 30 4 24 4 24 4 76 25 4 35 4 64 21 4 25 4 53 21 20 9 25 4 42 4 24 4 15 27 20 80 19 4 40 4 40 4 33 15 4 53 4 38 4 34 4 90 30 4 40 4 57 42 4 42 4 20 4 78 35 4 6 4 69 21 4 12 4 15 4 51 35 4 25 4 39 4 19 41 4 42 4 80 46 4 48 4 46 39 4 57 25 4 39 4 42 4 54 8 4 35 4 53 19 4 45 4 28 46 4 48 4 43 52 4 33 4 60 27 4 28 4 87 16 4 33 4 71 39 4 16 4 23 32 4 22 4 27 17 4 43 4 32 4 75 32 4 29 4 57 20 4 25 4 39 4 38 35 4 23 4 39 4 32 28 4 38 4 37 4 31 4 11 37 4 32 4 32 4 9 4 36 36 4 32 4 41 4 82 45 4 40 4 23 21 4 9 4 35 4 40 36 4 8 4 31 4 42 45 4 8 4 15 4 48 9 4 34 4 16 4 23 25 16 10 16 107 37 4 80 22 16 20 16 47 30 4 19 4 22 22 4 26 4 44 4 65 46 4 32 4 38 4 47 4 59 39 4 9 4 86 11 4 24 4 41 4 41 4 86 17 4 37 4 29 4 59 43 4 44 4 31 4 71 22 4 27 4 34 4 49 26 4 39 4 19 4 50 37 4 34 4 26 4 39 4 39 24 4 25 4 12 4 47 4 63 25 4 39 4 51 4 54 21 4 39 4 26 4 119 47 4 30 4 38 4 
iteration 1054 best: 1.07521 time: 323355
54 33 4 28 4 21 4 81 22 4 17 4 63 34 4 32 4 17 4 91 32 4 21 4 54 4 119 26 4 34 4 42 4 52 31 4 37 4 24 4 14 4 44 31 4 40 4 19 4 49 14 4 29 4 58 48 4 39 4 84 18 4 23 4 18 4 46 4 28 21 4 38 4 56 16 4 12 4 59 31 4 36 4 36 4 22 4 41 4 40 32 4 56 4 30 4 43 4 66 37 4 26 4 57 31 4 21 4 28 4 45 4 88 30 4 24 4 24 4 76 25 4 35 4 64 21 4 25 4 53 21 20 9 25 4 42 4 24 4 15 27 20 80 19 4 40 4 40 4 33 15 4 53 4 38 4 34 4 90 30 4 40 4 57 42 4 42 4 20 4 78 35 4 6 4 69 21 4 12 4 15 4 51 35 4 25 4 39 4 19 41 4 42 4 80 46 4 48 4 46 39 4 57 25 4 39 4 42 4 54 8 4 35 4 53 19 4 45 4 28 46 4 48 4 43 52 4 33 4 60 27 4 28 4 87 16 4 33 4 71 39 4 16 4 23 32 4 22 4 27 17 4 43 4 32 4 75 32 4 29 4 57 20 4 25 4 39 4 38 35 4 23 4 39 4 32 28 4 38 4 37 4 31 4 11 37 4 32 4 32 4 9 4 36 36 4 32 4 41 4 82 45 4 40 4 23 21 4 9 4 35 4 40 36 4 8 4 31 4 42 45 4 8 4 15 4 48 9 4 34 4 16 4 23 25 16 10 16 107 37 4 80 22 16 20 16 47 30 4 19 4 22 22 4 26 4 44 4 65 46 4 32 4 38 4 47 4 59 39 4 9 4 86 11 4 24 4 41 4 41 4 86 17 4 37 4 29 4 59 43 4 44 4 31 4 71 22 4 27 4 34 4 49 26 4 39 4 19 4 50 37 4 34 4 26 4 39 4 39 24 4 25 4 12 4 47 4 63 25 4 39 4 51 4 54 21 4 39 4 26 4 119 47 4 30 4 38 4 
iteration 1078 best: 1.07521 time: 330692
54 33 4 28 4 21 4 81 22 4 17 4 63 34 4 32 4 17 4 91 32 4 21 4 54 4 119 26 4 34 4 42 4 52 31 4 37 4 24 4 14 4 44 31 4 40 4 19 4 49 14 4 29 4 58 48 4 39 4 84 18 4 23 4 18 4 46 4 28 21 4 38 4 56 16 4 12 4 59 31 4 36 4 36 4 22 4 41 4 40 32 4 56 4 30 4 43 4 66 37 4 26 4 57 31 4 21 4 28 4 45 4 88 30 4 24 4 24 4 76 25 4 35 4 64 21 4 25 4 53 21 20 9 25 4 42 4 24 4 15 27 20 80 19 4 40 4 40 4 33 15 4 53 4 38 4 34 4 90 30 4 40 4 57 42 4 42 4 20 4 78 35 4 6 4 69 21 4 12 4 15 4 51 35 4 25 4 39 4 19 41 4 42 4 80 46 4 48 4 46 39 4 57 25 4 39 4 42 4 54 8 4 35 4 53 19 4 45 4 28 46 4 48 4 43 52 4 33 4 60 27 4 28 4 87 16 4 33 4 71 39 4 16 4 23 32 4 22 4 27 17 4 43 4 32 4 75 32 4 29 4 57 20 4 25 4 39 4 38 35 4 23 4 39 4 32 28 4 38 4 37 4 31 4 11 37 4 32 4 32 4 9 4 36 36 4 32 4 41 4 82 45 4 40 4 23 21 4 9 4 35 4 40 36 4 8 4 31 4 42 45 4 8 4 15 4 48 9 4 34 4 16 4 23 25 16 10 16 107 37 4 80 22 16 20 16 47 30 4 19 4 22 22 4 26 4 44 4 65 46 4 32 4 38 4 47 4 59 39 4 9 4 86 11 4 24 4 41 4 41 4 86 17 4 37 4 29 4 59 43 4 44 4 31 4 71 22 4 27 4 34 4 49 26 4 39 4 19 4 50 37 4 34 4 26 4 39 4 39 24 4 25 4 12 4 47 4 63 25 4 39 4 51 4 54 21 4 39 4 26 4 119 47 4 30 4 38 4 
iteration 1102 best: 1.07521 time: 338031
54 33 4 28 4 21 4 81 22 4 17 4 63 34 4 32 4 17 4 91 32 4 21 4 54 4 119 26 4 34 4 42 4 52 31 4 37 4 24 4 14 4 44 31 4 40 4 19 4 49 14 4 29 4 58 48 4 39 4 84 18 4 23 4 18 4 46 4 28 21 4 38 4 56 16 4 12 4 59 31 4 36 4 36 4 22 4 41 4 40 32 4 56 4 30 4 43 4 66 37 4 26 4 57 31 4 21 4 28 4 45 4 88 30 4 24 4 24 4 76 25 4 35 4 64 21 4 25 4 53 21 20 9 25 4 42 4 24 4 15 27 20 80 19 4 40 4 40 4 33 15 4 53 4 38 4 34 4 90 30 4 40 4 57 42 4 42 4 20 4 78 35 4 6 4 69 21 4 12 4 15 4 51 35 4 25 4 39 4 19 41 4 42 4 80 46 4 48 4 46 39 4 57 25 4 39 4 42 4 54 8 4 35 4 53 19 4 45 4 28 46 4 48 4 43 52 4 33 4 60 27 4 28 4 87 16 4 33 4 71 39 4 16 4 23 32 4 22 4 27 17 4 43 4 32 4 75 32 4 29 4 57 20 4 25 4 39 4 38 35 4 23 4 39 4 32 28 4 38 4 37 4 31 4 11 37 4 32 4 32 4 9 4 36 36 4 32 4 41 4 82 45 4 40 4 23 21 4 9 4 35 4 40 36 4 8 4 31 4 42 45 4 8 4 15 4 48 9 4 34 4 16 4 23 25 16 10 16 107 37 4 80 22 16 20 16 47 30 4 19 4 22 22 4 26 4 44 4 65 46 4 32 4 38 4 47 4 59 39 4 9 4 86 11 4 24 4 41 4 41 4 86 17 4 37 4 29 4 59 43 4 44 4 31 4 71 22 4 27 4 34 4 49 26 4 39 4 19 4 50 37 4 34 4 26 4 39 4 39 24 4 25 4 12 4 47 4 63 25 4 39 4 51 4 54 21 4 39 4 26 4 119 47 4 30 4 38 4 
iteration 1126 best: 1.07521 time: 345406
54 33 4 28 4 21 4 81 22 4 17 4 63 34 4 32 4 17 4 91 32 4 21 4 54 4 119 26 4 34 4 42 4 52 31 4 37 4 24 4 14 4 44 31 4 40 4 19 4 49 14 4 29 4 58 48 4 39 4 84 18 4 23 4 18 4 46 4 28 21 4 38 4 56 16 4 12 4 59 31 4 36 4 36 4 22 4 41 4 40 32 4 56 4 30 4 43 4 66 37 4 26 4 57 31 4 21 4 28 4 45 4 88 30 4 24 4 24 4 76 25 4 35 4 64 21 4 25 4 53 21 20 9 25 4 42 4 24 4 15 27 20 80 19 4 40 4 40 4 33 15 4 53 4 38 4 34 4 90 30 4 40 4 57 42 4 42 4 20 4 78 35 4 6 4 69 21 4 12 4 15 4 51 35 4 25 4 39 4 19 41 4 42 4 80 46 4 48 4 46 39 4 57 25 4 39 4 42 4 54 8 4 35 4 53 19 4 45 4 28 46 4 48 4 43 52 4 33 4 60 27 4 28 4 87 16 4 33 4 71 39 4 16 4 23 32 4 22 4 27 17 4 43 4 32 4 75 32 4 29 4 57 20 4 25 4 39 4 38 35 4 23 4 39 4 32 28 4 38 4 37 4 31 4 11 37 4 32 4 32 4 9 4 36 36 4 32 4 41 4 82 45 4 40 4 23 21 4 9 4 35 4 40 36 4 8 4 31 4 42 45 4 8 4 15 4 48 9 4 34 4 16 4 23 25 16 10 16 107 37 4 80 22 16 20 16 47 30 4 19 4 22 22 4 26 4 44 4 65 46 4 32 4 38 4 47 4 59 39 4 9 4 86 11 4 24 4 41 4 41 4 86 17 4 37 4 29 4 59 43 4 44 4 31 4 71 22 4 27 4 34 4 49 26 4 39 4 19 4 50 37 4 34 4 26 4 39 4 39 24 4 25 4 12 4 47 4 63 25 4 39 4 51 4 54 21 4 39 4 26 4 119 47 4 30 4 38 4 
iteration 1150 best: 1.07521 time: 352763
54 33 4 28 4 21 4 81 22 4 17 4 63 34 4 32 4 17 4 91 32 4 21 4 54 4 119 26 4 34 4 42 4 52 31 4 37 4 24 4 14 4 44 31 4 40 4 19 4 49 14 4 29 4 58 48 4 39 4 84 18 4 23 4 18 4 46 4 28 21 4 38 4 56 16 4 12 4 59 31 4 36 4 36 4 22 4 41 4 40 32 4 56 4 30 4 43 4 66 37 4 26 4 57 31 4 21 4 28 4 45 4 88 30 4 24 4 24 4 76 25 4 35 4 64 21 4 25 4 53 21 20 9 25 4 42 4 24 4 15 27 20 80 19 4 40 4 40 4 33 15 4 53 4 38 4 34 4 90 30 4 40 4 57 42 4 42 4 20 4 78 35 4 6 4 69 21 4 12 4 15 4 51 35 4 25 4 39 4 19 41 4 42 4 80 46 4 48 4 46 39 4 57 25 4 39 4 42 4 54 8 4 35 4 53 19 4 45 4 28 46 4 48 4 43 52 4 33 4 60 27 4 28 4 87 16 4 33 4 71 39 4 16 4 23 32 4 22 4 27 17 4 43 4 32 4 75 32 4 29 4 57 20 4 25 4 39 4 38 35 4 23 4 39 4 32 28 4 38 4 37 4 31 4 11 37 4 32 4 32 4 9 4 36 36 4 32 4 41 4 82 45 4 40 4 23 21 4 9 4 35 4 40 36 4 8 4 31 4 42 45 4 8 4 15 4 48 9 4 34 4 16 4 23 25 16 10 16 107 37 4 80 22 16 20 16 47 30 4 19 4 22 22 4 26 4 44 4 65 46 4 32 4 38 4 47 4 59 39 4 9 4 86 11 4 24 4 41 4 41 4 86 17 4 37 4 29 4 59 43 4 44 4 31 4 71 22 4 27 4 34 4 49 26 4 39 4 19 4 50 37 4 34 4 26 4 39 4 39 24 4 25 4 12 4 47 4 63 25 4 39 4 51 4 54 21 4 39 4 26 4 119 47 4 30 4 38 4 
iteration 1174 best: 1.07521 time: 360109
54 33 4 28 4 21 4 81 22 4 17 4 63 34 4 32 4 17 4 91 32 4 21 4 54 4 119 26 4 34 4 42 4 52 31 4 37 4 24 4 14 4 44 31 4 40 4 19 4 49 14 4 29 4 58 48 4 39 4 84 18 4 23 4 18 4 46 4 28 21 4 38 4 56 16 4 12 4 59 31 4 36 4 36 4 22 4 41 4 40 32 4 56 4 30 4 43 4 66 37 4 26 4 57 31 4 21 4 28 4 45 4 88 30 4 24 4 24 4 76 25 4 35 4 64 21 4 25 4 53 21 20 9 25 4 42 4 24 4 15 27 20 80 19 4 40 4 40 4 33 15 4 53 4 38 4 34 4 90 30 4 40 4 57 42 4 42 4 20 4 78 35 4 6 4 69 21 4 12 4 15 4 51 35 4 25 4 39 4 19 41 4 42 4 80 46 4 48 4 46 39 4 57 25 4 39 4 42 4 54 8 4 35 4 53 19 4 45 4 28 46 4 48 4 43 52 4 33 4 60 27 4 28 4 87 16 4 33 4 71 39 4 16 4 23 32 4 22 4 27 17 4 43 4 32 4 75 32 4 29 4 57 20 4 25 4 39 4 38 35 4 23 4 39 4 32 28 4 38 4 37 4 31 4 11 37 4 32 4 32 4 9 4 36 36 4 32 4 41 4 82 45 4 40 4 23 21 4 9 4 35 4 40 36 4 8 4 31 4 42 45 4 8 4 15 4 48 9 4 34 4 16 4 23 25 16 10 16 107 37 4 80 22 16 20 16 47 30 4 19 4 22 22 4 26 4 44 4 65 46 4 32 4 38 4 47 4 59 39 4 9 4 86 11 4 24 4 41 4 41 4 86 17 4 37 4 29 4 59 43 4 44 4 31 4 71 22 4 27 4 34 4 49 26 4 39 4 19 4 50 37 4 34 4 26 4 39 4 39 24 4 25 4 12 4 47 4 63 25 4 39 4 51 4 54 21 4 39 4 26 4 119 47 4 30 4 38 4 
iteration 1198 best: 1.07521 time: 367466
54 33 4 28 4 21 4 81 22 4 17 4 63 34 4 32 4 17 4 91 32 4 21 4 54 4 119 26 4 34 4 42 4 52 31 4 37 4 24 4 14 4 44 31 4 40 4 19 4 49 14 4 29 4 58 48 4 39 4 84 18 4 23 4 18 4 46 4 28 21 4 38 4 56 16 4 12 4 59 31 4 36 4 36 4 22 4 41 4 40 32 4 56 4 30 4 43 4 66 37 4 26 4 57 31 4 21 4 28 4 45 4 88 30 4 24 4 24 4 76 25 4 35 4 64 21 4 25 4 53 21 20 9 25 4 42 4 24 4 15 27 20 80 19 4 40 4 40 4 33 15 4 53 4 38 4 34 4 90 30 4 40 4 57 42 4 42 4 20 4 78 35 4 6 4 69 21 4 12 4 15 4 51 35 4 25 4 39 4 19 41 4 42 4 80 46 4 48 4 46 39 4 57 25 4 39 4 42 4 54 8 4 35 4 53 19 4 45 4 28 46 4 48 4 43 52 4 33 4 60 27 4 28 4 87 16 4 33 4 71 39 4 16 4 23 32 4 22 4 27 17 4 43 4 32 4 75 32 4 29 4 57 20 4 25 4 39 4 38 35 4 23 4 39 4 32 28 4 38 4 37 4 31 4 11 37 4 32 4 32 4 9 4 36 36 4 32 4 41 4 82 45 4 40 4 23 21 4 9 4 35 4 40 36 4 8 4 31 4 42 45 4 8 4 15 4 48 9 4 34 4 16 4 23 25 16 10 16 107 37 4 80 22 16 20 16 47 30 4 19 4 22 22 4 26 4 44 4 65 46 4 32 4 38 4 47 4 59 39 4 9 4 86 11 4 24 4 41 4 41 4 86 17 4 37 4 29 4 59 43 4 44 4 31 4 71 22 4 27 4 34 4 49 26 4 39 4 19 4 50 37 4 34 4 26 4 39 4 39 24 4 25 4 12 4 47 4 63 25 4 39 4 51 4 54 21 4 39 4 26 4 119 47 4 30 4 38 4 
iteration 1222 best: 1.07521 time: 374812
54 33 4 28 4 21 4 81 22 4 17 4 63 34 4 32 4 17 4 91 32 4 21 4 54 4 119 26 4 34 4 42 4 52 31 4 37 4 24 4 14 4 44 31 4 40 4 19 4 49 14 4 29 4 58 48 4 39 4 84 18 4 23 4 18 4 46 4 28 21 4 38 4 56 16 4 12 4 59 31 4 36 4 36 4 22 4 41 4 40 32 4 56 4 30 4 43 4 66 37 4 26 4 57 31 4 21 4 28 4 45 4 88 30 4 24 4 24 4 76 25 4 35 4 64 21 4 25 4 53 21 20 9 25 4 42 4 24 4 15 27 20 80 19 4 40 4 40 4 33 15 4 53 4 38 4 34 4 90 30 4 40 4 57 42 4 42 4 20 4 78 35 4 6 4 69 21 4 12 4 15 4 51 35 4 25 4 39 4 19 41 4 42 4 80 46 4 48 4 46 39 4 57 25 4 39 4 42 4 54 8 4 35 4 53 19 4 45 4 28 46 4 48 4 43 52 4 33 4 60 27 4 28 4 87 16 4 33 4 71 39 4 16 4 23 32 4 22 4 27 17 4 43 4 32 4 75 32 4 29 4 57 20 4 25 4 39 4 38 35 4 23 4 39 4 32 28 4 38 4 37 4 31 4 11 37 4 32 4 32 4 9 4 36 36 4 32 4 41 4 82 45 4 40 4 23 21 4 9 4 35 4 40 36 4 8 4 31 4 42 45 4 8 4 15 4 48 9 4 34 4 16 4 23 25 16 10 16 107 37 4 80 22 16 20 16 47 30 4 19 4 22 22 4 26 4 44 4 65 46 4 32 4 38 4 47 4 59 39 4 9 4 86 11 4 24 4 41 4 41 4 86 17 4 37 4 29 4 59 43 4 44 4 31 4 71 22 4 27 4 34 4 49 26 4 39 4 19 4 50 37 4 34 4 26 4 39 4 39 24 4 25 4 12 4 47 4 63 25 4 39 4 51 4 54 21 4 39 4 26 4 119 47 4 30 4 38 4 
iteration 1246 best: 1.07521 time: 382164
54 33 4 28 4 21 4 81 22 4 17 4 63 34 4 32 4 17 4 91 32 4 21 4 54 4 119 26 4 34 4 42 4 52 31 4 37 4 24 4 14 4 44 31 4 40 4 19 4 49 14 4 29 4 58 48 4 39 4 84 18 4 23 4 18 4 46 4 28 21 4 38 4 56 16 4 12 4 59 31 4 36 4 36 4 22 4 41 4 40 32 4 56 4 30 4 43 4 66 37 4 26 4 57 31 4 21 4 28 4 45 4 88 30 4 24 4 24 4 76 25 4 35 4 64 21 4 25 4 53 21 20 9 25 4 42 4 24 4 15 27 20 80 19 4 40 4 40 4 33 15 4 53 4 38 4 34 4 90 30 4 40 4 57 42 4 42 4 20 4 78 35 4 6 4 69 21 4 12 4 15 4 51 35 4 25 4 39 4 19 41 4 42 4 80 46 4 48 4 46 39 4 57 25 4 39 4 42 4 54 8 4 35 4 53 19 4 45 4 28 46 4 48 4 43 52 4 33 4 60 27 4 28 4 87 16 4 33 4 71 39 4 16 4 23 32 4 22 4 27 17 4 43 4 32 4 75 32 4 29 4 57 20 4 25 4 39 4 38 35 4 23 4 39 4 32 28 4 38 4 37 4 31 4 11 37 4 32 4 32 4 9 4 36 36 4 32 4 41 4 82 45 4 40 4 23 21 4 9 4 35 4 40 36 4 8 4 31 4 42 45 4 8 4 15 4 48 9 4 34 4 16 4 23 25 16 10 16 107 37 4 80 22 16 20 16 47 30 4 19 4 22 22 4 26 4 44 4 65 46 4 32 4 38 4 47 4 59 39 4 9 4 86 11 4 24 4 41 4 41 4 86 17 4 37 4 29 4 59 43 4 44 4 31 4 71 22 4 27 4 34 4 49 26 4 39 4 19 4 50 37 4 34 4 26 4 39 4 39 24 4 25 4 12 4 47 4 63 25 4 39 4 51 4 54 21 4 39 4 26 4 119 47 4 30 4 38 4 
iteration 1270 best: 1.07521 time: 389517
54 33 4 28 4 21 4 81 22 4 17 4 63 34 4 32 4 17 4 91 32 4 21 4 54 4 119 26 4 34 4 42 4 52 31 4 37 4 24 4 14 4 44 31 4 40 4 19 4 49 14 4 29 4 58 48 4 39 4 84 18 4 23 4 18 4 46 4 28 21 4 38 4 56 16 4 12 4 59 31 4 36 4 36 4 22 4 41 4 40 32 4 56 4 30 4 43 4 66 37 4 26 4 57 31 4 21 4 28 4 45 4 88 30 4 24 4 24 4 76 25 4 35 4 64 21 4 25 4 53 21 20 9 25 4 42 4 24 4 15 27 20 80 19 4 40 4 40 4 33 15 4 53 4 38 4 34 4 90 30 4 40 4 57 42 4 42 4 20 4 78 35 4 6 4 69 21 4 12 4 15 4 51 35 4 25 4 39 4 19 41 4 42 4 80 46 4 48 4 46 39 4 57 25 4 39 4 42 4 54 8 4 35 4 53 19 4 45 4 28 46 4 48 4 43 52 4 33 4 60 27 4 28 4 87 16 4 33 4 71 39 4 16 4 23 32 4 22 4 27 17 4 43 4 32 4 75 32 4 29 4 57 20 4 25 4 39 4 38 35 4 23 4 39 4 32 28 4 38 4 37 4 31 4 11 37 4 32 4 32 4 9 4 36 36 4 32 4 41 4 82 45 4 40 4 23 21 4 9 4 35 4 40 36 4 8 4 31 4 42 45 4 8 4 15 4 48 9 4 34 4 16 4 23 25 16 10 16 107 37 4 80 22 16 20 16 47 30 4 19 4 22 22 4 26 4 44 4 65 46 4 32 4 38 4 47 4 59 39 4 9 4 86 11 4 24 4 41 4 41 4 86 17 4 37 4 29 4 59 43 4 44 4 31 4 71 22 4 27 4 34 4 49 26 4 39 4 19 4 50 37 4 34 4 26 4 39 4 39 24 4 25 4 12 4 47 4 63 25 4 39 4 51 4 54 21 4 39 4 26 4 119 47 4 30 4 38 4 
iteration 1294 best: 1.07521 time: 396847
54 33 4 28 4 21 4 81 22 4 17 4 63 34 4 32 4 17 4 91 32 4 21 4 54 4 119 26 4 34 4 42 4 52 31 4 37 4 24 4 14 4 44 31 4 40 4 19 4 49 14 4 29 4 58 48 4 39 4 84 18 4 23 4 18 4 46 4 28 21 4 38 4 56 16 4 12 4 59 31 4 36 4 36 4 22 4 41 4 40 32 4 56 4 30 4 43 4 66 37 4 26 4 57 31 4 21 4 28 4 45 4 88 30 4 24 4 24 4 76 25 4 35 4 64 21 4 25 4 53 21 20 9 25 4 42 4 24 4 15 27 20 80 19 4 40 4 40 4 33 15 4 53 4 38 4 34 4 90 30 4 40 4 57 42 4 42 4 20 4 78 35 4 6 4 69 21 4 12 4 15 4 51 35 4 25 4 39 4 19 41 4 42 4 80 46 4 48 4 46 39 4 57 25 4 39 4 42 4 54 8 4 35 4 53 19 4 45 4 28 46 4 48 4 43 52 4 33 4 60 27 4 28 4 87 16 4 33 4 71 39 4 16 4 23 32 4 22 4 27 17 4 43 4 32 4 75 32 4 29 4 57 20 4 25 4 39 4 38 35 4 23 4 39 4 32 28 4 38 4 37 4 31 4 11 37 4 32 4 32 4 9 4 36 36 4 32 4 41 4 82 45 4 40 4 23 21 4 9 4 35 4 40 36 4 8 4 31 4 42 45 4 8 4 15 4 48 9 4 34 4 16 4 23 25 16 10 16 107 37 4 80 22 16 20 16 47 30 4 19 4 22 22 4 26 4 44 4 65 46 4 32 4 38 4 47 4 59 39 4 9 4 86 11 4 24 4 41 4 41 4 86 17 4 37 4 29 4 59 43 4 44 4 31 4 71 22 4 27 4 34 4 49 26 4 39 4 19 4 50 37 4 34 4 26 4 39 4 39 24 4 25 4 12 4 47 4 63 25 4 39 4 51 4 54 21 4 39 4 26 4 119 47 4 30 4 38 4 
iteration 1318 best: 1.07521 time: 404169
54 33 4 28 4 21 4 81 22 4 17 4 63 34 4 32 4 17 4 91 32 4 21 4 54 4 119 26 4 34 4 42 4 52 31 4 37 4 24 4 14 4 44 31 4 40 4 19 4 49 14 4 29 4 58 48 4 39 4 84 18 4 23 4 18 4 46 4 28 21 4 38 4 56 16 4 12 4 59 31 4 36 4 36 4 22 4 41 4 40 32 4 56 4 30 4 43 4 66 37 4 26 4 57 31 4 21 4 28 4 45 4 88 30 4 24 4 24 4 76 25 4 35 4 64 21 4 25 4 53 21 20 9 25 4 42 4 24 4 15 27 20 80 19 4 40 4 40 4 33 15 4 53 4 38 4 34 4 90 30 4 40 4 57 42 4 42 4 20 4 78 35 4 6 4 69 21 4 12 4 15 4 51 35 4 25 4 39 4 19 41 4 42 4 80 46 4 48 4 46 39 4 57 25 4 39 4 42 4 54 8 4 35 4 53 19 4 45 4 28 46 4 48 4 43 52 4 33 4 60 27 4 28 4 87 16 4 33 4 71 39 4 16 4 23 32 4 22 4 27 17 4 43 4 32 4 75 32 4 29 4 57 20 4 25 4 39 4 38 35 4 23 4 39 4 32 28 4 38 4 37 4 31 4 11 37 4 32 4 32 4 9 4 36 36 4 32 4 41 4 82 45 4 40 4 23 21 4 9 4 35 4 40 36 4 8 4 31 4 42 45 4 8 4 15 4 48 9 4 34 4 16 4 23 25 16 10 16 107 37 4 80 22 16 20 16 47 30 4 19 4 22 22 4 26 4 44 4 65 46 4 32 4 38 4 47 4 59 39 4 9 4 86 11 4 24 4 41 4 41 4 86 17 4 37 4 29 4 59 43 4 44 4 31 4 71 22 4 27 4 34 4 49 26 4 39 4 19 4 50 37 4 34 4 26 4 39 4 39 24 4 25 4 12 4 47 4 63 25 4 39 4 51 4 54 21 4 39 4 26 4 119 47 4 30 4 38 4 
iteration 1342 best: 1.07521 time: 411499
54 33 4 28 4 21 4 81 22 4 17 4 63 34 4 32 4 17 4 91 32 4 21 4 54 4 119 26 4 34 4 42 4 52 31 4 37 4 24 4 14 4 44 31 4 40 4 19 4 49 14 4 29 4 58 48 4 39 4 84 18 4 23 4 18 4 46 4 28 21 4 38 4 56 16 4 12 4 59 31 4 36 4 36 4 22 4 41 4 40 32 4 56 4 30 4 43 4 66 37 4 26 4 57 31 4 21 4 28 4 45 4 88 30 4 24 4 24 4 76 25 4 35 4 64 21 4 25 4 53 21 20 9 25 4 42 4 24 4 15 27 20 80 19 4 40 4 40 4 33 15 4 53 4 38 4 34 4 90 30 4 40 4 57 42 4 42 4 20 4 78 35 4 6 4 69 21 4 12 4 15 4 51 35 4 25 4 39 4 19 41 4 42 4 80 46 4 48 4 46 39 4 57 25 4 39 4 42 4 54 8 4 35 4 53 19 4 45 4 28 46 4 48 4 43 52 4 33 4 60 27 4 28 4 87 16 4 33 4 71 39 4 16 4 23 32 4 22 4 27 17 4 43 4 32 4 75 32 4 29 4 57 20 4 25 4 39 4 38 35 4 23 4 39 4 32 28 4 38 4 37 4 31 4 11 37 4 32 4 32 4 9 4 36 36 4 32 4 41 4 82 45 4 40 4 23 21 4 9 4 35 4 40 36 4 8 4 31 4 42 45 4 8 4 15 4 48 9 4 34 4 16 4 23 25 16 10 16 107 37 4 80 22 16 20 16 47 30 4 19 4 22 22 4 26 4 44 4 65 46 4 32 4 38 4 47 4 59 39 4 9 4 86 11 4 24 4 41 4 41 4 86 17 4 37 4 29 4 59 43 4 44 4 31 4 71 22 4 27 4 34 4 49 26 4 39 4 19 4 50 37 4 34 4 26 4 39 4 39 24 4 25 4 12 4 47 4 63 25 4 39 4 51 4 54 21 4 39 4 26 4 119 47 4 30 4 38 4 
iteration 1366 best: 1.07521 time: 418830
54 33 4 28 4 21 4 81 22 4 17 4 63 34 4 32 4 17 4 91 32 4 21 4 54 4 119 26 4 34 4 42 4 52 31 4 37 4 24 4 14 4 44 31 4 40 4 19 4 49 14 4 29 4 58 48 4 39 4 84 18 4 23 4 18 4 46 4 28 21 4 38 4 56 16 4 12 4 59 31 4 36 4 36 4 22 4 41 4 40 32 4 56 4 30 4 43 4 66 37 4 26 4 57 31 4 21 4 28 4 45 4 88 30 4 24 4 24 4 76 25 4 35 4 64 21 4 25 4 53 21 20 9 25 4 42 4 24 4 15 27 20 80 19 4 40 4 40 4 33 15 4 53 4 38 4 34 4 90 30 4 40 4 57 42 4 42 4 20 4 78 35 4 6 4 69 21 4 12 4 15 4 51 35 4 25 4 39 4 19 41 4 42 4 80 46 4 48 4 46 39 4 57 25 4 39 4 42 4 54 8 4 35 4 53 19 4 45 4 28 46 4 48 4 43 52 4 33 4 60 27 4 28 4 87 16 4 33 4 71 39 4 16 4 23 32 4 22 4 27 17 4 43 4 32 4 75 32 4 29 4 57 20 4 25 4 39 4 38 35 4 23 4 39 4 32 28 4 38 4 37 4 31 4 11 37 4 32 4 32 4 9 4 36 36 4 32 4 41 4 82 45 4 40 4 23 21 4 9 4 35 4 40 36 4 8 4 31 4 42 45 4 8 4 15 4 48 9 4 34 4 16 4 23 25 16 10 16 107 37 4 80 22 16 20 16 47 30 4 19 4 22 22 4 26 4 44 4 65 46 4 32 4 38 4 47 4 59 39 4 9 4 86 11 4 24 4 41 4 41 4 86 17 4 37 4 29 4 59 43 4 44 4 31 4 71 22 4 27 4 34 4 49 26 4 39 4 19 4 50 37 4 34 4 26 4 39 4 39 24 4 25 4 12 4 47 4 63 25 4 39 4 51 4 54 21 4 39 4 26 4 119 47 4 30 4 38 4 
iteration 1390 best: 1.07521 time: 426169
54 33 4 28 4 21 4 81 22 4 17 4 63 34 4 32 4 17 4 91 32 4 21 4 54 4 119 26 4 34 4 42 4 52 31 4 37 4 24 4 14 4 44 31 4 40 4 19 4 49 14 4 29 4 58 48 4 39 4 84 18 4 23 4 18 4 46 4 28 21 4 38 4 56 16 4 12 4 59 31 4 36 4 36 4 22 4 41 4 40 32 4 56 4 30 4 43 4 66 37 4 26 4 57 31 4 21 4 28 4 45 4 88 30 4 24 4 24 4 76 25 4 35 4 64 21 4 25 4 53 21 20 9 25 4 42 4 24 4 15 27 20 80 19 4 40 4 40 4 33 15 4 53 4 38 4 34 4 90 30 4 40 4 57 42 4 42 4 20 4 78 35 4 6 4 69 21 4 12 4 15 4 51 35 4 25 4 39 4 19 41 4 42 4 80 46 4 48 4 46 39 4 57 25 4 39 4 42 4 54 8 4 35 4 53 19 4 45 4 28 46 4 48 4 43 52 4 33 4 60 27 4 28 4 87 16 4 33 4 71 39 4 16 4 23 32 4 22 4 27 17 4 43 4 32 4 75 32 4 29 4 57 20 4 25 4 39 4 38 35 4 23 4 39 4 32 28 4 38 4 37 4 31 4 11 37 4 32 4 32 4 9 4 36 36 4 32 4 41 4 82 45 4 40 4 23 21 4 9 4 35 4 40 36 4 8 4 31 4 42 45 4 8 4 15 4 48 9 4 34 4 16 4 23 25 16 10 16 107 37 4 80 22 16 20 16 47 30 4 19 4 22 22 4 26 4 44 4 65 46 4 32 4 38 4 47 4 59 39 4 9 4 86 11 4 24 4 41 4 41 4 86 17 4 37 4 29 4 59 43 4 44 4 31 4 71 22 4 27 4 34 4 49 26 4 39 4 19 4 50 37 4 34 4 26 4 39 4 39 24 4 25 4 12 4 47 4 63 25 4 39 4 51 4 54 21 4 39 4 26 4 119 47 4 30 4 38 4 
iteration 1414 best: 1.07521 time: 433522
54 33 4 28 4 21 4 81 22 4 17 4 63 34 4 32 4 17 4 91 32 4 21 4 54 4 119 26 4 34 4 42 4 52 31 4 37 4 24 4 14 4 44 31 4 40 4 19 4 49 14 4 29 4 58 48 4 39 4 84 18 4 23 4 18 4 46 4 28 21 4 38 4 56 16 4 12 4 59 31 4 36 4 36 4 22 4 41 4 40 32 4 56 4 30 4 43 4 66 37 4 26 4 57 31 4 21 4 28 4 45 4 88 30 4 24 4 24 4 76 25 4 35 4 64 21 4 25 4 53 21 20 9 25 4 42 4 24 4 15 27 20 80 19 4 40 4 40 4 33 15 4 53 4 38 4 34 4 90 30 4 40 4 57 42 4 42 4 20 4 78 35 4 6 4 69 21 4 12 4 15 4 51 35 4 25 4 39 4 19 41 4 42 4 80 46 4 48 4 46 39 4 57 25 4 39 4 42 4 54 8 4 35 4 53 19 4 45 4 28 46 4 48 4 43 52 4 33 4 60 27 4 28 4 87 16 4 33 4 71 39 4 16 4 23 32 4 22 4 27 17 4 43 4 32 4 75 32 4 29 4 57 20 4 25 4 39 4 38 35 4 23 4 39 4 32 28 4 38 4 37 4 31 4 11 37 4 32 4 32 4 9 4 36 36 4 32 4 41 4 82 45 4 40 4 23 21 4 9 4 35 4 40 36 4 8 4 31 4 42 45 4 8 4 15 4 48 9 4 34 4 16 4 23 25 16 10 16 107 37 4 80 22 16 20 16 47 30 4 19 4 22 22 4 26 4 44 4 65 46 4 32 4 38 4 47 4 59 39 4 9 4 86 11 4 24 4 41 4 41 4 86 17 4 37 4 29 4 59 43 4 44 4 31 4 71 22 4 27 4 34 4 49 26 4 39 4 19 4 50 37 4 34 4 26 4 39 4 39 24 4 25 4 12 4 47 4 63 25 4 39 4 51 4 54 21 4 39 4 26 4 119 47 4 30 4 38 4 
iteration 1438 best: 1.07521 time: 440869
54 33 4 28 4 21 4 81 22 4 17 4 63 34 4 32 4 17 4 91 32 4 21 4 54 4 119 26 4 34 4 42 4 52 31 4 37 4 24 4 14 4 44 31 4 40 4 19 4 49 14 4 29 4 58 48 4 39 4 84 18 4 23 4 18 4 46 4 28 21 4 38 4 56 16 4 12 4 59 31 4 36 4 36 4 22 4 41 4 40 32 4 56 4 30 4 43 4 66 37 4 26 4 57 31 4 21 4 28 4 45 4 88 30 4 24 4 24 4 76 25 4 35 4 64 21 4 25 4 53 21 20 9 25 4 42 4 24 4 15 27 20 80 19 4 40 4 40 4 33 15 4 53 4 38 4 34 4 90 30 4 40 4 57 42 4 42 4 20 4 78 35 4 6 4 69 21 4 12 4 15 4 51 35 4 25 4 39 4 19 41 4 42 4 80 46 4 48 4 46 39 4 57 25 4 39 4 42 4 54 8 4 35 4 53 19 4 45 4 28 46 4 48 4 43 52 4 33 4 60 27 4 28 4 87 16 4 33 4 71 39 4 16 4 23 32 4 22 4 27 17 4 43 4 32 4 75 32 4 29 4 57 20 4 25 4 39 4 38 35 4 23 4 39 4 32 28 4 38 4 37 4 31 4 11 37 4 32 4 32 4 9 4 36 36 4 32 4 41 4 82 45 4 40 4 23 21 4 9 4 35 4 40 36 4 8 4 31 4 42 45 4 8 4 15 4 48 9 4 34 4 16 4 23 25 16 10 16 107 37 4 80 22 16 20 16 47 30 4 19 4 22 22 4 26 4 44 4 65 46 4 32 4 38 4 47 4 59 39 4 9 4 86 11 4 24 4 41 4 41 4 86 17 4 37 4 29 4 59 43 4 44 4 31 4 71 22 4 27 4 34 4 49 26 4 39 4 19 4 50 37 4 34 4 26 4 39 4 39 24 4 25 4 12 4 47 4 63 25 4 39 4 51 4 54 21 4 39 4 26 4 119 47 4 30 4 38 4 
iteration 1462 best: 1.07521 time: 448186
54 33 4 28 4 21 4 81 22 4 17 4 63 34 4 32 4 17 4 91 32 4 21 4 54 4 119 26 4 34 4 42 4 52 31 4 37 4 24 4 14 4 44 31 4 40 4 19 4 49 14 4 29 4 58 48 4 39 4 84 18 4 23 4 18 4 46 4 28 21 4 38 4 56 16 4 12 4 59 31 4 36 4 36 4 22 4 41 4 40 32 4 56 4 30 4 43 4 66 37 4 26 4 57 31 4 21 4 28 4 45 4 88 30 4 24 4 24 4 76 25 4 35 4 64 21 4 25 4 53 21 20 9 25 4 42 4 24 4 15 27 20 80 19 4 40 4 40 4 33 15 4 53 4 38 4 34 4 90 30 4 40 4 57 42 4 42 4 20 4 78 35 4 6 4 69 21 4 12 4 15 4 51 35 4 25 4 39 4 19 41 4 42 4 80 46 4 48 4 46 39 4 57 25 4 39 4 42 4 54 8 4 35 4 53 19 4 45 4 28 46 4 48 4 43 52 4 33 4 60 27 4 28 4 87 16 4 33 4 71 39 4 16 4 23 32 4 22 4 27 17 4 43 4 32 4 75 32 4 29 4 57 20 4 25 4 39 4 38 35 4 23 4 39 4 32 28 4 38 4 37 4 31 4 11 37 4 32 4 32 4 9 4 36 36 4 32 4 41 4 82 45 4 40 4 23 21 4 9 4 35 4 40 36 4 8 4 31 4 42 45 4 8 4 15 4 48 9 4 34 4 16 4 23 25 16 10 16 107 37 4 80 22 16 20 16 47 30 4 19 4 22 22 4 26 4 44 4 65 46 4 32 4 38 4 47 4 59 39 4 9 4 86 11 4 24 4 41 4 41 4 86 17 4 37 4 29 4 59 43 4 44 4 31 4 71 22 4 27 4 34 4 49 26 4 39 4 19 4 50 37 4 34 4 26 4 39 4 39 24 4 25 4 12 4 47 4 63 25 4 39 4 51 4 54 21 4 39 4 26 4 119 47 4 30 4 38 4 
iteration 1486 best: 1.07521 time: 455496
54 33 4 28 4 21 4 81 22 4 17 4 63 34 4 32 4 17 4 91 32 4 21 4 54 4 119 26 4 34 4 42 4 52 31 4 37 4 24 4 14 4 44 31 4 40 4 19 4 49 14 4 29 4 58 48 4 39 4 84 18 4 23 4 18 4 46 4 28 21 4 38 4 56 16 4 12 4 59 31 4 36 4 36 4 22 4 41 4 40 32 4 56 4 30 4 43 4 66 37 4 26 4 57 31 4 21 4 28 4 45 4 88 30 4 24 4 24 4 76 25 4 35 4 64 21 4 25 4 53 21 20 9 25 4 42 4 24 4 15 27 20 80 19 4 40 4 40 4 33 15 4 53 4 38 4 34 4 90 30 4 40 4 57 42 4 42 4 20 4 78 35 4 6 4 69 21 4 12 4 15 4 51 35 4 25 4 39 4 19 41 4 42 4 80 46 4 48 4 46 39 4 57 25 4 39 4 42 4 54 8 4 35 4 53 19 4 45 4 28 46 4 48 4 43 52 4 33 4 60 27 4 28 4 87 16 4 33 4 71 39 4 16 4 23 32 4 22 4 27 17 4 43 4 32 4 75 32 4 29 4 57 20 4 25 4 39 4 38 35 4 23 4 39 4 32 28 4 38 4 37 4 31 4 11 37 4 32 4 32 4 9 4 36 36 4 32 4 41 4 82 45 4 40 4 23 21 4 9 4 35 4 40 36 4 8 4 31 4 42 45 4 8 4 15 4 48 9 4 34 4 16 4 23 25 16 10 16 107 37 4 80 22 16 20 16 47 30 4 19 4 22 22 4 26 4 44 4 65 46 4 32 4 38 4 47 4 59 39 4 9 4 86 11 4 24 4 41 4 41 4 86 17 4 37 4 29 4 59 43 4 44 4 31 4 71 22 4 27 4 34 4 49 26 4 39 4 19 4 50 37 4 34 4 26 4 39 4 39 24 4 25 4 12 4 47 4 63 25 4 39 4 51 4 54 21 4 39 4 26 4 119 47 4 30 4 38 4 
iteration 1510 best: 1.07521 time: 462838
54 33 4 28 4 21 4 81 22 4 17 4 63 34 4 32 4 17 4 91 32 4 21 4 54 4 119 26 4 34 4 42 4 52 31 4 37 4 24 4 14 4 44 31 4 40 4 19 4 49 14 4 29 4 58 48 4 39 4 84 18 4 23 4 18 4 46 4 28 21 4 38 4 56 16 4 12 4 59 31 4 36 4 36 4 22 4 41 4 40 32 4 56 4 30 4 43 4 66 37 4 26 4 57 31 4 21 4 28 4 45 4 88 30 4 24 4 24 4 76 25 4 35 4 64 21 4 25 4 53 21 20 9 25 4 42 4 24 4 15 27 20 80 19 4 40 4 40 4 33 15 4 53 4 38 4 34 4 90 30 4 40 4 57 42 4 42 4 20 4 78 35 4 6 4 69 21 4 12 4 15 4 51 35 4 25 4 39 4 19 41 4 42 4 80 46 4 48 4 46 39 4 57 25 4 39 4 42 4 54 8 4 35 4 53 19 4 45 4 28 46 4 48 4 43 52 4 33 4 60 27 4 28 4 87 16 4 33 4 71 39 4 16 4 23 32 4 22 4 27 17 4 43 4 32 4 75 32 4 29 4 57 20 4 25 4 39 4 38 35 4 23 4 39 4 32 28 4 38 4 37 4 31 4 11 37 4 32 4 32 4 9 4 36 36 4 32 4 41 4 82 45 4 40 4 23 21 4 9 4 35 4 40 36 4 8 4 31 4 42 45 4 8 4 15 4 48 9 4 34 4 16 4 23 25 16 10 16 107 37 4 80 22 16 20 16 47 30 4 19 4 22 22 4 26 4 44 4 65 46 4 32 4 38 4 47 4 59 39 4 9 4 86 11 4 24 4 41 4 41 4 86 17 4 37 4 29 4 59 43 4 44 4 31 4 71 22 4 27 4 34 4 49 26 4 39 4 19 4 50 37 4 34 4 26 4 39 4 39 24 4 25 4 12 4 47 4 63 25 4 39 4 51 4 54 21 4 39 4 26 4 119 47 4 30 4 38 4 
iteration 1534 best: 1.07521 time: 470178
54 33 4 28 4 21 4 81 22 4 17 4 63 34 4 32 4 17 4 91 32 4 21 4 54 4 119 26 4 34 4 42 4 52 31 4 37 4 24 4 14 4 44 31 4 40 4 19 4 49 14 4 29 4 58 48 4 39 4 84 18 4 23 4 18 4 46 4 28 21 4 38 4 56 16 4 12 4 59 31 4 36 4 36 4 22 4 41 4 40 32 4 56 4 30 4 43 4 66 37 4 26 4 57 31 4 21 4 28 4 45 4 88 30 4 24 4 24 4 76 25 4 35 4 64 21 4 25 4 53 21 20 9 25 4 42 4 24 4 15 27 20 80 19 4 40 4 40 4 33 15 4 53 4 38 4 34 4 90 30 4 40 4 57 42 4 42 4 20 4 78 35 4 6 4 69 21 4 12 4 15 4 51 35 4 25 4 39 4 19 41 4 42 4 80 46 4 48 4 46 39 4 57 25 4 39 4 42 4 54 8 4 35 4 53 19 4 45 4 28 46 4 48 4 43 52 4 33 4 60 27 4 28 4 87 16 4 33 4 71 39 4 16 4 23 32 4 22 4 27 17 4 43 4 32 4 75 32 4 29 4 57 20 4 25 4 39 4 38 35 4 23 4 39 4 32 28 4 38 4 37 4 31 4 11 37 4 32 4 32 4 9 4 36 36 4 32 4 41 4 82 45 4 40 4 23 21 4 9 4 35 4 40 36 4 8 4 31 4 42 45 4 8 4 15 4 48 9 4 34 4 16 4 23 25 16 10 16 107 37 4 80 22 16 20 16 47 30 4 19 4 22 22 4 26 4 44 4 65 46 4 32 4 38 4 47 4 59 39 4 9 4 86 11 4 24 4 41 4 41 4 86 17 4 37 4 29 4 59 43 4 44 4 31 4 71 22 4 27 4 34 4 49 26 4 39 4 19 4 50 37 4 34 4 26 4 39 4 39 24 4 25 4 12 4 47 4 63 25 4 39 4 51 4 54 21 4 39 4 26 4 119 47 4 30 4 38 4 
iteration 1558 best: 1.07521 time: 477511
54 33 4 28 4 21 4 81 22 4 17 4 63 34 4 32 4 17 4 91 32 4 21 4 54 4 119 26 4 34 4 42 4 52 31 4 37 4 24 4 14 4 44 31 4 40 4 19 4 49 14 4 29 4 58 48 4 39 4 84 18 4 23 4 18 4 46 4 28 21 4 38 4 56 16 4 12 4 59 31 4 36 4 36 4 22 4 41 4 40 32 4 56 4 30 4 43 4 66 37 4 26 4 57 31 4 21 4 28 4 45 4 88 30 4 24 4 24 4 76 25 4 35 4 64 21 4 25 4 53 21 20 9 25 4 42 4 24 4 15 27 20 80 19 4 40 4 40 4 33 15 4 53 4 38 4 34 4 90 30 4 40 4 57 42 4 42 4 20 4 78 35 4 6 4 69 21 4 12 4 15 4 51 35 4 25 4 39 4 19 41 4 42 4 80 46 4 48 4 46 39 4 57 25 4 39 4 42 4 54 8 4 35 4 53 19 4 45 4 28 46 4 48 4 43 52 4 33 4 60 27 4 28 4 87 16 4 33 4 71 39 4 16 4 23 32 4 22 4 27 17 4 43 4 32 4 75 32 4 29 4 57 20 4 25 4 39 4 38 35 4 23 4 39 4 32 28 4 38 4 37 4 31 4 11 37 4 32 4 32 4 9 4 36 36 4 32 4 41 4 82 45 4 40 4 23 21 4 9 4 35 4 40 36 4 8 4 31 4 42 45 4 8 4 15 4 48 9 4 34 4 16 4 23 25 16 10 16 107 37 4 80 22 16 20 16 47 30 4 19 4 22 22 4 26 4 44 4 65 46 4 32 4 38 4 47 4 59 39 4 9 4 86 11 4 24 4 41 4 41 4 86 17 4 37 4 29 4 59 43 4 44 4 31 4 71 22 4 27 4 34 4 49 26 4 39 4 19 4 50 37 4 34 4 26 4 39 4 39 24 4 25 4 12 4 47 4 63 25 4 39 4 51 4 54 21 4 39 4 26 4 119 47 4 30 4 38 4 
iteration 1582 best: 1.07521 time: 484822
54 33 4 28 4 21 4 81 22 4 17 4 63 34 4 32 4 17 4 91 32 4 21 4 54 4 119 26 4 34 4 42 4 52 31 4 37 4 24 4 14 4 44 31 4 40 4 19 4 49 14 4 29 4 58 48 4 39 4 84 18 4 23 4 18 4 46 4 28 21 4 38 4 56 16 4 12 4 59 31 4 36 4 36 4 22 4 41 4 40 32 4 56 4 30 4 43 4 66 37 4 26 4 57 31 4 21 4 28 4 45 4 88 30 4 24 4 24 4 76 25 4 35 4 64 21 4 25 4 53 21 20 9 25 4 42 4 24 4 15 27 20 80 19 4 40 4 40 4 33 15 4 53 4 38 4 34 4 90 30 4 40 4 57 42 4 42 4 20 4 78 35 4 6 4 69 21 4 12 4 15 4 51 35 4 25 4 39 4 19 41 4 42 4 80 46 4 48 4 46 39 4 57 25 4 39 4 42 4 54 8 4 35 4 53 19 4 45 4 28 46 4 48 4 43 52 4 33 4 60 27 4 28 4 87 16 4 33 4 71 39 4 16 4 23 32 4 22 4 27 17 4 43 4 32 4 75 32 4 29 4 57 20 4 25 4 39 4 38 35 4 23 4 39 4 32 28 4 38 4 37 4 31 4 11 37 4 32 4 32 4 9 4 36 36 4 32 4 41 4 82 45 4 40 4 23 21 4 9 4 35 4 40 36 4 8 4 31 4 42 45 4 8 4 15 4 48 9 4 34 4 16 4 23 25 16 10 16 107 37 4 80 22 16 20 16 47 30 4 19 4 22 22 4 26 4 44 4 65 46 4 32 4 38 4 47 4 59 39 4 9 4 86 11 4 24 4 41 4 41 4 86 17 4 37 4 29 4 59 43 4 44 4 31 4 71 22 4 27 4 34 4 49 26 4 39 4 19 4 50 37 4 34 4 26 4 39 4 39 24 4 25 4 12 4 47 4 63 25 4 39 4 51 4 54 21 4 39 4 26 4 119 47 4 30 4 38 4 
iteration 1606 best: 1.07521 time: 492152
54 33 4 28 4 21 4 81 22 4 17 4 63 34 4 32 4 17 4 91 32 4 21 4 54 4 119 26 4 34 4 42 4 52 31 4 37 4 24 4 14 4 44 31 4 40 4 19 4 49 14 4 29 4 58 48 4 39 4 84 18 4 23 4 18 4 46 4 28 21 4 38 4 56 16 4 12 4 59 31 4 36 4 36 4 22 4 41 4 40 32 4 56 4 30 4 43 4 66 37 4 26 4 57 31 4 21 4 28 4 45 4 88 30 4 24 4 24 4 76 25 4 35 4 64 21 4 25 4 53 21 20 9 25 4 42 4 24 4 15 27 20 80 19 4 40 4 40 4 33 15 4 53 4 38 4 34 4 90 30 4 40 4 57 42 4 42 4 20 4 78 35 4 6 4 69 21 4 12 4 15 4 51 35 4 25 4 39 4 19 41 4 42 4 80 46 4 48 4 46 39 4 57 25 4 39 4 42 4 54 8 4 35 4 53 19 4 45 4 28 46 4 48 4 43 52 4 33 4 60 27 4 28 4 87 16 4 33 4 71 39 4 16 4 23 32 4 22 4 27 17 4 43 4 32 4 75 32 4 29 4 57 20 4 25 4 39 4 38 35 4 23 4 39 4 32 28 4 38 4 37 4 31 4 11 37 4 32 4 32 4 9 4 36 36 4 32 4 41 4 82 45 4 40 4 23 21 4 9 4 35 4 40 36 4 8 4 31 4 42 45 4 8 4 15 4 48 9 4 34 4 16 4 23 25 16 10 16 107 37 4 80 22 16 20 16 47 30 4 19 4 22 22 4 26 4 44 4 65 46 4 32 4 38 4 47 4 59 39 4 9 4 86 11 4 24 4 41 4 41 4 86 17 4 37 4 29 4 59 43 4 44 4 31 4 71 22 4 27 4 34 4 49 26 4 39 4 19 4 50 37 4 34 4 26 4 39 4 39 24 4 25 4 12 4 47 4 63 25 4 39 4 51 4 54 21 4 39 4 26 4 119 47 4 30 4 38 4 
iteration 1630 best: 1.07521 time: 499468
54 33 4 28 4 21 4 81 22 4 17 4 63 34 4 32 4 17 4 91 32 4 21 4 54 4 119 26 4 34 4 42 4 52 31 4 37 4 24 4 14 4 44 31 4 40 4 19 4 49 14 4 29 4 58 48 4 39 4 84 18 4 23 4 18 4 46 4 28 21 4 38 4 56 16 4 12 4 59 31 4 36 4 36 4 22 4 41 4 40 32 4 56 4 30 4 43 4 66 37 4 26 4 57 31 4 21 4 28 4 45 4 88 30 4 24 4 24 4 76 25 4 35 4 64 21 4 25 4 53 21 20 9 25 4 42 4 24 4 15 27 20 80 19 4 40 4 40 4 33 15 4 53 4 38 4 34 4 90 30 4 40 4 57 42 4 42 4 20 4 78 35 4 6 4 69 21 4 12 4 15 4 51 35 4 25 4 39 4 19 41 4 42 4 80 46 4 48 4 46 39 4 57 25 4 39 4 42 4 54 8 4 35 4 53 19 4 45 4 28 46 4 48 4 43 52 4 33 4 60 27 4 28 4 87 16 4 33 4 71 39 4 16 4 23 32 4 22 4 27 17 4 43 4 32 4 75 32 4 29 4 57 20 4 25 4 39 4 38 35 4 23 4 39 4 32 28 4 38 4 37 4 31 4 11 37 4 32 4 32 4 9 4 36 36 4 32 4 41 4 82 45 4 40 4 23 21 4 9 4 35 4 40 36 4 8 4 31 4 42 45 4 8 4 15 4 48 9 4 34 4 16 4 23 25 16 10 16 107 37 4 80 22 16 20 16 47 30 4 19 4 22 22 4 26 4 44 4 65 46 4 32 4 38 4 47 4 59 39 4 9 4 86 11 4 24 4 41 4 41 4 86 17 4 37 4 29 4 59 43 4 44 4 31 4 71 22 4 27 4 34 4 49 26 4 39 4 19 4 50 37 4 34 4 26 4 39 4 39 24 4 25 4 12 4 47 4 63 25 4 39 4 51 4 54 21 4 39 4 26 4 119 47 4 30 4 38 4 
iteration 1654 best: 1.07521 time: 506791
54 33 4 28 4 21 4 81 22 4 17 4 63 34 4 32 4 17 4 91 32 4 21 4 54 4 119 26 4 34 4 42 4 52 31 4 37 4 24 4 14 4 44 31 4 40 4 19 4 49 14 4 29 4 58 48 4 39 4 84 18 4 23 4 18 4 46 4 28 21 4 38 4 56 16 4 12 4 59 31 4 36 4 36 4 22 4 41 4 40 32 4 56 4 30 4 43 4 66 37 4 26 4 57 31 4 21 4 28 4 45 4 88 30 4 24 4 24 4 76 25 4 35 4 64 21 4 25 4 53 21 20 9 25 4 42 4 24 4 15 27 20 80 19 4 40 4 40 4 33 15 4 53 4 38 4 34 4 90 30 4 40 4 57 42 4 42 4 20 4 78 35 4 6 4 69 21 4 12 4 15 4 51 35 4 25 4 39 4 19 41 4 42 4 80 46 4 48 4 46 39 4 57 25 4 39 4 42 4 54 8 4 35 4 53 19 4 45 4 28 46 4 48 4 43 52 4 33 4 60 27 4 28 4 87 16 4 33 4 71 39 4 16 4 23 32 4 22 4 27 17 4 43 4 32 4 75 32 4 29 4 57 20 4 25 4 39 4 38 35 4 23 4 39 4 32 28 4 38 4 37 4 31 4 11 37 4 32 4 32 4 9 4 36 36 4 32 4 41 4 82 45 4 40 4 23 21 4 9 4 35 4 40 36 4 8 4 31 4 42 45 4 8 4 15 4 48 9 4 34 4 16 4 23 25 16 10 16 107 37 4 80 22 16 20 16 47 30 4 19 4 22 22 4 26 4 44 4 65 46 4 32 4 38 4 47 4 59 39 4 9 4 86 11 4 24 4 41 4 41 4 86 17 4 37 4 29 4 59 43 4 44 4 31 4 71 22 4 27 4 34 4 49 26 4 39 4 19 4 50 37 4 34 4 26 4 39 4 39 24 4 25 4 12 4 47 4 63 25 4 39 4 51 4 54 21 4 39 4 26 4 119 47 4 30 4 38 4 
iteration 1678 best: 1.07521 time: 514160
54 33 4 28 4 21 4 81 22 4 17 4 63 34 4 32 4 17 4 91 32 4 21 4 54 4 119 26 4 34 4 42 4 52 31 4 37 4 24 4 14 4 44 31 4 40 4 19 4 49 14 4 29 4 58 48 4 39 4 84 18 4 23 4 18 4 46 4 28 21 4 38 4 56 16 4 12 4 59 31 4 36 4 36 4 22 4 41 4 40 32 4 56 4 30 4 43 4 66 37 4 26 4 57 31 4 21 4 28 4 45 4 88 30 4 24 4 24 4 76 25 4 35 4 64 21 4 25 4 53 21 20 9 25 4 42 4 24 4 15 27 20 80 19 4 40 4 40 4 33 15 4 53 4 38 4 34 4 90 30 4 40 4 57 42 4 42 4 20 4 78 35 4 6 4 69 21 4 12 4 15 4 51 35 4 25 4 39 4 19 41 4 42 4 80 46 4 48 4 46 39 4 57 25 4 39 4 42 4 54 8 4 35 4 53 19 4 45 4 28 46 4 48 4 43 52 4 33 4 60 27 4 28 4 87 16 4 33 4 71 39 4 16 4 23 32 4 22 4 27 17 4 43 4 32 4 75 32 4 29 4 57 20 4 25 4 39 4 38 35 4 23 4 39 4 32 28 4 38 4 37 4 31 4 11 37 4 32 4 32 4 9 4 36 36 4 32 4 41 4 82 45 4 40 4 23 21 4 9 4 35 4 40 36 4 8 4 31 4 42 45 4 8 4 15 4 48 9 4 34 4 16 4 23 25 16 10 16 107 37 4 80 22 16 20 16 47 30 4 19 4 22 22 4 26 4 44 4 65 46 4 32 4 38 4 47 4 59 39 4 9 4 86 11 4 24 4 41 4 41 4 86 17 4 37 4 29 4 59 43 4 44 4 31 4 71 22 4 27 4 34 4 49 26 4 39 4 19 4 50 37 4 34 4 26 4 39 4 39 24 4 25 4 12 4 47 4 63 25 4 39 4 51 4 54 21 4 39 4 26 4 119 47 4 30 4 38 4 
iteration 1702 best: 1.07521 time: 521508
54 33 4 28 4 21 4 81 22 4 17 4 63 34 4 32 4 17 4 91 32 4 21 4 54 4 119 26 4 34 4 42 4 52 31 4 37 4 24 4 14 4 44 31 4 40 4 19 4 49 14 4 29 4 58 48 4 39 4 84 18 4 23 4 18 4 46 4 28 21 4 38 4 56 16 4 12 4 59 31 4 36 4 36 4 22 4 41 4 40 32 4 56 4 30 4 43 4 66 37 4 26 4 57 31 4 21 4 28 4 45 4 88 30 4 24 4 24 4 76 25 4 35 4 64 21 4 25 4 53 21 20 9 25 4 42 4 24 4 15 27 20 80 19 4 40 4 40 4 33 15 4 53 4 38 4 34 4 90 30 4 40 4 57 42 4 42 4 20 4 78 35 4 6 4 69 21 4 12 4 15 4 51 35 4 25 4 39 4 19 41 4 42 4 80 46 4 48 4 46 39 4 57 25 4 39 4 42 4 54 8 4 35 4 53 19 4 45 4 28 46 4 48 4 43 52 4 33 4 60 27 4 28 4 87 16 4 33 4 71 39 4 16 4 23 32 4 22 4 27 17 4 43 4 32 4 75 32 4 29 4 57 20 4 25 4 39 4 38 35 4 23 4 39 4 32 28 4 38 4 37 4 31 4 11 37 4 32 4 32 4 9 4 36 36 4 32 4 41 4 82 45 4 40 4 23 21 4 9 4 35 4 40 36 4 8 4 31 4 42 45 4 8 4 15 4 48 9 4 34 4 16 4 23 25 16 10 16 107 37 4 80 22 16 20 16 47 30 4 19 4 22 22 4 26 4 44 4 65 46 4 32 4 38 4 47 4 59 39 4 9 4 86 11 4 24 4 41 4 41 4 86 17 4 37 4 29 4 59 43 4 44 4 31 4 71 22 4 27 4 34 4 49 26 4 39 4 19 4 50 37 4 34 4 26 4 39 4 39 24 4 25 4 12 4 47 4 63 25 4 39 4 51 4 54 21 4 39 4 26 4 119 47 4 30 4 38 4 
iteration 1726 best: 1.07521 time: 528860
54 33 4 28 4 21 4 81 22 4 17 4 63 34 4 32 4 17 4 91 32 4 21 4 54 4 119 26 4 34 4 42 4 52 31 4 37 4 24 4 14 4 44 31 4 40 4 19 4 49 14 4 29 4 58 48 4 39 4 84 18 4 23 4 18 4 46 4 28 21 4 38 4 56 16 4 12 4 59 31 4 36 4 36 4 22 4 41 4 40 32 4 56 4 30 4 43 4 66 37 4 26 4 57 31 4 21 4 28 4 45 4 88 30 4 24 4 24 4 76 25 4 35 4 64 21 4 25 4 53 21 20 9 25 4 42 4 24 4 15 27 20 80 19 4 40 4 40 4 33 15 4 53 4 38 4 34 4 90 30 4 40 4 57 42 4 42 4 20 4 78 35 4 6 4 69 21 4 12 4 15 4 51 35 4 25 4 39 4 19 41 4 42 4 80 46 4 48 4 46 39 4 57 25 4 39 4 42 4 54 8 4 35 4 53 19 4 45 4 28 46 4 48 4 43 52 4 33 4 60 27 4 28 4 87 16 4 33 4 71 39 4 16 4 23 32 4 22 4 27 17 4 43 4 32 4 75 32 4 29 4 57 20 4 25 4 39 4 38 35 4 23 4 39 4 32 28 4 38 4 37 4 31 4 11 37 4 32 4 32 4 9 4 36 36 4 32 4 41 4 82 45 4 40 4 23 21 4 9 4 35 4 40 36 4 8 4 31 4 42 45 4 8 4 15 4 48 9 4 34 4 16 4 23 25 16 10 16 107 37 4 80 22 16 20 16 47 30 4 19 4 22 22 4 26 4 44 4 65 46 4 32 4 38 4 47 4 59 39 4 9 4 86 11 4 24 4 41 4 41 4 86 17 4 37 4 29 4 59 43 4 44 4 31 4 71 22 4 27 4 34 4 49 26 4 39 4 19 4 50 37 4 34 4 26 4 39 4 39 24 4 25 4 12 4 47 4 63 25 4 39 4 51 4 54 21 4 39 4 26 4 119 47 4 30 4 38 4 
iteration 1750 best: 1.07521 time: 536223
54 33 4 28 4 21 4 81 22 4 17 4 63 34 4 32 4 17 4 91 32 4 21 4 54 4 119 26 4 34 4 42 4 52 31 4 37 4 24 4 14 4 44 31 4 40 4 19 4 49 14 4 29 4 58 48 4 39 4 84 18 4 23 4 18 4 46 4 28 21 4 38 4 56 16 4 12 4 59 31 4 36 4 36 4 22 4 41 4 40 32 4 56 4 30 4 43 4 66 37 4 26 4 57 31 4 21 4 28 4 45 4 88 30 4 24 4 24 4 76 25 4 35 4 64 21 4 25 4 53 21 20 9 25 4 42 4 24 4 15 27 20 80 19 4 40 4 40 4 33 15 4 53 4 38 4 34 4 90 30 4 40 4 57 42 4 42 4 20 4 78 35 4 6 4 69 21 4 12 4 15 4 51 35 4 25 4 39 4 19 41 4 42 4 80 46 4 48 4 46 39 4 57 25 4 39 4 42 4 54 8 4 35 4 53 19 4 45 4 28 46 4 48 4 43 52 4 33 4 60 27 4 28 4 87 16 4 33 4 71 39 4 16 4 23 32 4 22 4 27 17 4 43 4 32 4 75 32 4 29 4 57 20 4 25 4 39 4 38 35 4 23 4 39 4 32 28 4 38 4 37 4 31 4 11 37 4 32 4 32 4 9 4 36 36 4 32 4 41 4 82 45 4 40 4 23 21 4 9 4 35 4 40 36 4 8 4 31 4 42 45 4 8 4 15 4 48 9 4 34 4 16 4 23 25 16 10 16 107 37 4 80 22 16 20 16 47 30 4 19 4 22 22 4 26 4 44 4 65 46 4 32 4 38 4 47 4 59 39 4 9 4 86 11 4 24 4 41 4 41 4 86 17 4 37 4 29 4 59 43 4 44 4 31 4 71 22 4 27 4 34 4 49 26 4 39 4 19 4 50 37 4 34 4 26 4 39 4 39 24 4 25 4 12 4 47 4 63 25 4 39 4 51 4 54 21 4 39 4 26 4 119 47 4 30 4 38 4 
iteration 1774 best: 1.07521 time: 543566
54 33 4 28 4 21 4 81 22 4 17 4 63 34 4 32 4 17 4 91 32 4 21 4 54 4 119 26 4 34 4 42 4 52 31 4 37 4 24 4 14 4 44 31 4 40 4 19 4 49 14 4 29 4 58 48 4 39 4 84 18 4 23 4 18 4 46 4 28 21 4 38 4 56 16 4 12 4 59 31 4 36 4 36 4 22 4 41 4 40 32 4 56 4 30 4 43 4 66 37 4 26 4 57 31 4 21 4 28 4 45 4 88 30 4 24 4 24 4 76 25 4 35 4 64 21 4 25 4 53 21 20 9 25 4 42 4 24 4 15 27 20 80 19 4 40 4 40 4 33 15 4 53 4 38 4 34 4 90 30 4 40 4 57 42 4 42 4 20 4 78 35 4 6 4 69 21 4 12 4 15 4 51 35 4 25 4 39 4 19 41 4 42 4 80 46 4 48 4 46 39 4 57 25 4 39 4 42 4 54 8 4 35 4 53 19 4 45 4 28 46 4 48 4 43 52 4 33 4 60 27 4 28 4 87 16 4 33 4 71 39 4 16 4 23 32 4 22 4 27 17 4 43 4 32 4 75 32 4 29 4 57 20 4 25 4 39 4 38 35 4 23 4 39 4 32 28 4 38 4 37 4 31 4 11 37 4 32 4 32 4 9 4 36 36 4 32 4 41 4 82 45 4 40 4 23 21 4 9 4 35 4 40 36 4 8 4 31 4 42 45 4 8 4 15 4 48 9 4 34 4 16 4 23 25 16 10 16 107 37 4 80 22 16 20 16 47 30 4 19 4 22 22 4 26 4 44 4 65 46 4 32 4 38 4 47 4 59 39 4 9 4 86 11 4 24 4 41 4 41 4 86 17 4 37 4 29 4 59 43 4 44 4 31 4 71 22 4 27 4 34 4 49 26 4 39 4 19 4 50 37 4 34 4 26 4 39 4 39 24 4 25 4 12 4 47 4 63 25 4 39 4 51 4 54 21 4 39 4 26 4 119 47 4 30 4 38 4 
iteration 1798 best: 1.07521 time: 550890
54 33 4 28 4 21 4 81 22 4 17 4 63 34 4 32 4 17 4 91 32 4 21 4 54 4 119 26 4 34 4 42 4 52 31 4 37 4 24 4 14 4 44 31 4 40 4 19 4 49 14 4 29 4 58 48 4 39 4 84 18 4 23 4 18 4 46 4 28 21 4 38 4 56 16 4 12 4 59 31 4 36 4 36 4 22 4 41 4 40 32 4 56 4 30 4 43 4 66 37 4 26 4 57 31 4 21 4 28 4 45 4 88 30 4 24 4 24 4 76 25 4 35 4 64 21 4 25 4 53 21 20 9 25 4 42 4 24 4 15 27 20 80 19 4 40 4 40 4 33 15 4 53 4 38 4 34 4 90 30 4 40 4 57 42 4 42 4 20 4 78 35 4 6 4 69 21 4 12 4 15 4 51 35 4 25 4 39 4 19 41 4 42 4 80 46 4 48 4 46 39 4 57 25 4 39 4 42 4 54 8 4 35 4 53 19 4 45 4 28 46 4 48 4 43 52 4 33 4 60 27 4 28 4 87 16 4 33 4 71 39 4 16 4 23 32 4 22 4 27 17 4 43 4 32 4 75 32 4 29 4 57 20 4 25 4 39 4 38 35 4 23 4 39 4 32 28 4 38 4 37 4 31 4 11 37 4 32 4 32 4 9 4 36 36 4 32 4 41 4 82 45 4 40 4 23 21 4 9 4 35 4 40 36 4 8 4 31 4 42 45 4 8 4 15 4 48 9 4 34 4 16 4 23 25 16 10 16 107 37 4 80 22 16 20 16 47 30 4 19 4 22 22 4 26 4 44 4 65 46 4 32 4 38 4 47 4 59 39 4 9 4 86 11 4 24 4 41 4 41 4 86 17 4 37 4 29 4 59 43 4 44 4 31 4 71 22 4 27 4 34 4 49 26 4 39 4 19 4 50 37 4 34 4 26 4 39 4 39 24 4 25 4 12 4 47 4 63 25 4 39 4 51 4 54 21 4 39 4 26 4 119 47 4 30 4 38 4 
iteration 1822 best: 1.07521 time: 558229
54 33 4 28 4 21 4 81 22 4 17 4 63 34 4 32 4 17 4 91 32 4 21 4 54 4 119 26 4 34 4 42 4 52 31 4 37 4 24 4 14 4 44 31 4 40 4 19 4 49 14 4 29 4 58 48 4 39 4 84 18 4 23 4 18 4 46 4 28 21 4 38 4 56 16 4 12 4 59 31 4 36 4 36 4 22 4 41 4 40 32 4 56 4 30 4 43 4 66 37 4 26 4 57 31 4 21 4 28 4 45 4 88 30 4 24 4 24 4 76 25 4 35 4 64 21 4 25 4 53 21 20 9 25 4 42 4 24 4 15 27 20 80 19 4 40 4 40 4 33 15 4 53 4 38 4 34 4 90 30 4 40 4 57 42 4 42 4 20 4 78 35 4 6 4 69 21 4 12 4 15 4 51 35 4 25 4 39 4 19 41 4 42 4 80 46 4 48 4 46 39 4 57 25 4 39 4 42 4 54 8 4 35 4 53 19 4 45 4 28 46 4 48 4 43 52 4 33 4 60 27 4 28 4 87 16 4 33 4 71 39 4 16 4 23 32 4 22 4 27 17 4 43 4 32 4 75 32 4 29 4 57 20 4 25 4 39 4 38 35 4 23 4 39 4 32 28 4 38 4 37 4 31 4 11 37 4 32 4 32 4 9 4 36 36 4 32 4 41 4 82 45 4 40 4 23 21 4 9 4 35 4 40 36 4 8 4 31 4 42 45 4 8 4 15 4 48 9 4 34 4 16 4 23 25 16 10 16 107 37 4 80 22 16 20 16 47 30 4 19 4 22 22 4 26 4 44 4 65 46 4 32 4 38 4 47 4 59 39 4 9 4 86 11 4 24 4 41 4 41 4 86 17 4 37 4 29 4 59 43 4 44 4 31 4 71 22 4 27 4 34 4 49 26 4 39 4 19 4 50 37 4 34 4 26 4 39 4 39 24 4 25 4 12 4 47 4 63 25 4 39 4 51 4 54 21 4 39 4 26 4 119 47 4 30 4 38 4 
iteration 1846 best: 1.07521 time: 565596
54 33 4 28 4 21 4 81 22 4 17 4 63 34 4 32 4 17 4 91 32 4 21 4 54 4 119 26 4 34 4 42 4 52 31 4 37 4 24 4 14 4 44 31 4 40 4 19 4 49 14 4 29 4 58 48 4 39 4 84 18 4 23 4 18 4 46 4 28 21 4 38 4 56 16 4 12 4 59 31 4 36 4 36 4 22 4 41 4 40 32 4 56 4 30 4 43 4 66 37 4 26 4 57 31 4 21 4 28 4 45 4 88 30 4 24 4 24 4 76 25 4 35 4 64 21 4 25 4 53 21 20 9 25 4 42 4 24 4 15 27 20 80 19 4 40 4 40 4 33 15 4 53 4 38 4 34 4 90 30 4 40 4 57 42 4 42 4 20 4 78 35 4 6 4 69 21 4 12 4 15 4 51 35 4 25 4 39 4 19 41 4 42 4 80 46 4 48 4 46 39 4 57 25 4 39 4 42 4 54 8 4 35 4 53 19 4 45 4 28 46 4 48 4 43 52 4 33 4 60 27 4 28 4 87 16 4 33 4 71 39 4 16 4 23 32 4 22 4 27 17 4 43 4 32 4 75 32 4 29 4 57 20 4 25 4 39 4 38 35 4 23 4 39 4 32 28 4 38 4 37 4 31 4 11 37 4 32 4 32 4 9 4 36 36 4 32 4 41 4 82 45 4 40 4 23 21 4 9 4 35 4 40 36 4 8 4 31 4 42 45 4 8 4 15 4 48 9 4 34 4 16 4 23 25 16 10 16 107 37 4 80 22 16 20 16 47 30 4 19 4 22 22 4 26 4 44 4 65 46 4 32 4 38 4 47 4 59 39 4 9 4 86 11 4 24 4 41 4 41 4 86 17 4 37 4 29 4 59 43 4 44 4 31 4 71 22 4 27 4 34 4 49 26 4 39 4 19 4 50 37 4 34 4 26 4 39 4 39 24 4 25 4 12 4 47 4 63 25 4 39 4 51 4 54 21 4 39 4 26 4 119 47 4 30 4 38 4 
iteration 1870 best: 1.07521 time: 572940
54 33 4 28 4 21 4 81 22 4 17 4 63 34 4 32 4 17 4 91 32 4 21 4 54 4 119 26 4 34 4 42 4 52 31 4 37 4 24 4 14 4 44 31 4 40 4 19 4 49 14 4 29 4 58 48 4 39 4 84 18 4 23 4 18 4 46 4 28 21 4 38 4 56 16 4 12 4 59 31 4 36 4 36 4 22 4 41 4 40 32 4 56 4 30 4 43 4 66 37 4 26 4 57 31 4 21 4 28 4 45 4 88 30 4 24 4 24 4 76 25 4 35 4 64 21 4 25 4 53 21 20 9 25 4 42 4 24 4 15 27 20 80 19 4 40 4 40 4 33 15 4 53 4 38 4 34 4 90 30 4 40 4 57 42 4 42 4 20 4 78 35 4 6 4 69 21 4 12 4 15 4 51 35 4 25 4 39 4 19 41 4 42 4 80 46 4 48 4 46 39 4 57 25 4 39 4 42 4 54 8 4 35 4 53 19 4 45 4 28 46 4 48 4 43 52 4 33 4 60 27 4 28 4 87 16 4 33 4 71 39 4 16 4 23 32 4 22 4 27 17 4 43 4 32 4 75 32 4 29 4 57 20 4 25 4 39 4 38 35 4 23 4 39 4 32 28 4 38 4 37 4 31 4 11 37 4 32 4 32 4 9 4 36 36 4 32 4 41 4 82 45 4 40 4 23 21 4 9 4 35 4 40 36 4 8 4 31 4 42 45 4 8 4 15 4 48 9 4 34 4 16 4 23 25 16 10 16 107 37 4 80 22 16 20 16 47 30 4 19 4 22 22 4 26 4 44 4 65 46 4 32 4 38 4 47 4 59 39 4 9 4 86 11 4 24 4 41 4 41 4 86 17 4 37 4 29 4 59 43 4 44 4 31 4 71 22 4 27 4 34 4 49 26 4 39 4 19 4 50 37 4 34 4 26 4 39 4 39 24 4 25 4 12 4 47 4 63 25 4 39 4 51 4 54 21 4 39 4 26 4 119 47 4 30 4 38 4 
iteration 1894 best: 1.07521 time: 580268
54 33 4 28 4 21 4 81 22 4 17 4 63 34 4 32 4 17 4 91 32 4 21 4 54 4 119 26 4 34 4 42 4 52 31 4 37 4 24 4 14 4 44 31 4 40 4 19 4 49 14 4 29 4 58 48 4 39 4 84 18 4 23 4 18 4 46 4 28 21 4 38 4 56 16 4 12 4 59 31 4 36 4 36 4 22 4 41 4 40 32 4 56 4 30 4 43 4 66 37 4 26 4 57 31 4 21 4 28 4 45 4 88 30 4 24 4 24 4 76 25 4 35 4 64 21 4 25 4 53 21 20 9 25 4 42 4 24 4 15 27 20 80 19 4 40 4 40 4 33 15 4 53 4 38 4 34 4 90 30 4 40 4 57 42 4 42 4 20 4 78 35 4 6 4 69 21 4 12 4 15 4 51 35 4 25 4 39 4 19 41 4 42 4 80 46 4 48 4 46 39 4 57 25 4 39 4 42 4 54 8 4 35 4 53 19 4 45 4 28 46 4 48 4 43 52 4 33 4 60 27 4 28 4 87 16 4 33 4 71 39 4 16 4 23 32 4 22 4 27 17 4 43 4 32 4 75 32 4 29 4 57 20 4 25 4 39 4 38 35 4 23 4 39 4 32 28 4 38 4 37 4 31 4 11 37 4 32 4 32 4 9 4 36 36 4 32 4 41 4 82 45 4 40 4 23 21 4 9 4 35 4 40 36 4 8 4 31 4 42 45 4 8 4 15 4 48 9 4 34 4 16 4 23 25 16 10 16 107 37 4 80 22 16 20 16 47 30 4 19 4 22 22 4 26 4 44 4 65 46 4 32 4 38 4 47 4 59 39 4 9 4 86 11 4 24 4 41 4 41 4 86 17 4 37 4 29 4 59 43 4 44 4 31 4 71 22 4 27 4 34 4 49 26 4 39 4 19 4 50 37 4 34 4 26 4 39 4 39 24 4 25 4 12 4 47 4 63 25 4 39 4 51 4 54 21 4 39 4 26 4 119 47 4 30 4 38 4 
iteration 1918 best: 1.07521 time: 587596
54 33 4 28 4 21 4 81 22 4 17 4 63 34 4 32 4 17 4 91 32 4 21 4 54 4 119 26 4 34 4 42 4 52 31 4 37 4 24 4 14 4 44 31 4 40 4 19 4 49 14 4 29 4 58 48 4 39 4 84 18 4 23 4 18 4 46 4 28 21 4 38 4 56 16 4 12 4 59 31 4 36 4 36 4 22 4 41 4 40 32 4 56 4 30 4 43 4 66 37 4 26 4 57 31 4 21 4 28 4 45 4 88 30 4 24 4 24 4 76 25 4 35 4 64 21 4 25 4 53 21 20 9 25 4 42 4 24 4 15 27 20 80 19 4 40 4 40 4 33 15 4 53 4 38 4 34 4 90 30 4 40 4 57 42 4 42 4 20 4 78 35 4 6 4 69 21 4 12 4 15 4 51 35 4 25 4 39 4 19 41 4 42 4 80 46 4 48 4 46 39 4 57 25 4 39 4 42 4 54 8 4 35 4 53 19 4 45 4 28 46 4 48 4 43 52 4 33 4 60 27 4 28 4 87 16 4 33 4 71 39 4 16 4 23 32 4 22 4 27 17 4 43 4 32 4 75 32 4 29 4 57 20 4 25 4 39 4 38 35 4 23 4 39 4 32 28 4 38 4 37 4 31 4 11 37 4 32 4 32 4 9 4 36 36 4 32 4 41 4 82 45 4 40 4 23 21 4 9 4 35 4 40 36 4 8 4 31 4 42 45 4 8 4 15 4 48 9 4 34 4 16 4 23 25 16 10 16 107 37 4 80 22 16 20 16 47 30 4 19 4 22 22 4 26 4 44 4 65 46 4 32 4 38 4 47 4 59 39 4 9 4 86 11 4 24 4 41 4 41 4 86 17 4 37 4 29 4 59 43 4 44 4 31 4 71 22 4 27 4 34 4 49 26 4 39 4 19 4 50 37 4 34 4 26 4 39 4 39 24 4 25 4 12 4 47 4 63 25 4 39 4 51 4 54 21 4 39 4 26 4 119 47 4 30 4 38 4 
iteration 1942 best: 1.07521 time: 594912
54 33 4 28 4 21 4 81 22 4 17 4 63 34 4 32 4 17 4 91 32 4 21 4 54 4 119 26 4 34 4 42 4 52 31 4 37 4 24 4 14 4 44 31 4 40 4 19 4 49 14 4 29 4 58 48 4 39 4 84 18 4 23 4 18 4 46 4 28 21 4 38 4 56 16 4 12 4 59 31 4 36 4 36 4 22 4 41 4 40 32 4 56 4 30 4 43 4 66 37 4 26 4 57 31 4 21 4 28 4 45 4 88 30 4 24 4 24 4 76 25 4 35 4 64 21 4 25 4 53 21 20 9 25 4 42 4 24 4 15 27 20 80 19 4 40 4 40 4 33 15 4 53 4 38 4 34 4 90 30 4 40 4 57 42 4 42 4 20 4 78 35 4 6 4 69 21 4 12 4 15 4 51 35 4 25 4 39 4 19 41 4 42 4 80 46 4 48 4 46 39 4 57 25 4 39 4 42 4 54 8 4 35 4 53 19 4 45 4 28 46 4 48 4 43 52 4 33 4 60 27 4 28 4 87 16 4 33 4 71 39 4 16 4 23 32 4 22 4 27 17 4 43 4 32 4 75 32 4 29 4 57 20 4 25 4 39 4 38 35 4 23 4 39 4 32 28 4 38 4 37 4 31 4 11 37 4 32 4 32 4 9 4 36 36 4 32 4 41 4 82 45 4 40 4 23 21 4 9 4 35 4 40 36 4 8 4 31 4 42 45 4 8 4 15 4 48 9 4 34 4 16 4 23 25 16 10 16 107 37 4 80 22 16 20 16 47 30 4 19 4 22 22 4 26 4 44 4 65 46 4 32 4 38 4 47 4 59 39 4 9 4 86 11 4 24 4 41 4 41 4 86 17 4 37 4 29 4 59 43 4 44 4 31 4 71 22 4 27 4 34 4 49 26 4 39 4 19 4 50 37 4 34 4 26 4 39 4 39 24 4 25 4 12 4 47 4 63 25 4 39 4 51 4 54 21 4 39 4 26 4 119 47 4 30 4 38 4 
iteration 1966 best: 1.07521 time: 602237
54 33 4 28 4 21 4 81 22 4 17 4 63 34 4 32 4 17 4 91 32 4 21 4 54 4 119 26 4 34 4 42 4 52 31 4 37 4 24 4 14 4 44 31 4 40 4 19 4 49 14 4 29 4 58 48 4 39 4 84 18 4 23 4 18 4 46 4 28 21 4 38 4 56 16 4 12 4 59 31 4 36 4 36 4 22 4 41 4 40 32 4 56 4 30 4 43 4 66 37 4 26 4 57 31 4 21 4 28 4 45 4 88 30 4 24 4 24 4 76 25 4 35 4 64 21 4 25 4 53 21 20 9 25 4 42 4 24 4 15 27 20 80 19 4 40 4 40 4 33 15 4 53 4 38 4 34 4 90 30 4 40 4 57 42 4 42 4 20 4 78 35 4 6 4 69 21 4 12 4 15 4 51 35 4 25 4 39 4 19 41 4 42 4 80 46 4 48 4 46 39 4 57 25 4 39 4 42 4 54 8 4 35 4 53 19 4 45 4 28 46 4 48 4 43 52 4 33 4 60 27 4 28 4 87 16 4 33 4 71 39 4 16 4 23 32 4 22 4 27 17 4 43 4 32 4 75 32 4 29 4 57 20 4 25 4 39 4 38 35 4 23 4 39 4 32 28 4 38 4 37 4 31 4 11 37 4 32 4 32 4 9 4 36 36 4 32 4 41 4 82 45 4 40 4 23 21 4 9 4 35 4 40 36 4 8 4 31 4 42 45 4 8 4 15 4 48 9 4 34 4 16 4 23 25 16 10 16 107 37 4 80 22 16 20 16 47 30 4 19 4 22 22 4 26 4 44 4 65 46 4 32 4 38 4 47 4 59 39 4 9 4 86 11 4 24 4 41 4 41 4 86 17 4 37 4 29 4 59 43 4 44 4 31 4 71 22 4 27 4 34 4 49 26 4 39 4 19 4 50 37 4 34 4 26 4 39 4 39 24 4 25 4 12 4 47 4 63 25 4 39 4 51 4 54 21 4 39 4 26 4 119 47 4 30 4 38 4 
Best solution: 
54 33 4 28 4 21 4 81 22 4 17 4 63 34 4 32 4 17 4 91 32 4 21 4 54 4 119 26 4 34 4 42 4 52 31 4 37 4 24 4 14 4 44 31 4 40 4 19 4 49 14 4 29 4 58 48 4 39 4 84 18 4 23 4 18 4 46 4 28 21 4 38 4 56 16 4 12 4 59 31 4 36 4 36 4 22 4 41 4 40 32 4 56 4 30 4 43 4 66 37 4 26 4 57 31 4 21 4 28 4 45 4 88 30 4 24 4 24 4 76 25 4 35 4 64 21 4 25 4 53 21 20 9 25 4 42 4 24 4 15 27 20 80 19 4 40 4 40 4 33 15 4 53 4 38 4 34 4 90 30 4 40 4 57 42 4 42 4 20 4 78 35 4 6 4 69 21 4 12 4 15 4 51 35 4 25 4 39 4 19 41 4 42 4 80 46 4 48 4 46 39 4 57 25 4 39 4 42 4 54 8 4 35 4 53 19 4 45 4 28 46 4 48 4 43 52 4 33 4 60 27 4 28 4 87 16 4 33 4 71 39 4 16 4 23 32 4 22 4 27 17 4 43 4 32 4 75 32 4 29 4 57 20 4 25 4 39 4 38 35 4 23 4 39 4 32 28 4 38 4 37 4 31 4 11 37 4 32 4 32 4 9 4 36 36 4 32 4 41 4 82 45 4 40 4 23 21 4 9 4 35 4 40 36 4 8 4 31 4 42 45 4 8 4 15 4 48 9 4 34 4 16 4 23 25 16 10 16 107 37 4 80 22 16 20 16 47 30 4 19 4 22 22 4 26 4 44 4 65 46 4 32 4 38 4 47 4 59 39 4 9 4 86 11 4 24 4 41 4 41 4 86 17 4 37 4 29 4 59 43 4 44 4 31 4 71 22 4 27 4 34 4 49 26 4 39 4 19 4 50 37 4 34 4 26 4 39 4 39 24 4 25 4 12 4 47 4 63 25 4 39 4 51 4 54 21 4 39 4 26 4 119 47 4 30 4 38 4 
Fitness: 1.07521
