iteration 23 best: 0.970855 time: 7323
86 5 4 6 4 8 4 78 48 4 27 4 92 16 4 33 4 28 4 66 46 4 25 4 24 4 3 49 4 35 4 54 4 36 42 4 6 4 43 4 51 4 112 37 4 9 4 47 4 97 6 4 42 4 39 12 4 13 4 69 16 4 27 4 33 4 57 4 58 14 4 37 4 94 12 4 18 4 27 25 4 28 4 46 4 27 4 31 4 73 36 4 31 4 21 4 35 4 66 28 4 29 4 66 35 4 38 4 43 4 26 4 51 23 4 24 4 23 4 80 9 4 11 4 101 22 4 8 4 50 9 20 57 24 4 19 4 30 4 50 22 20 49 14 4 49 4 41 4 89 45 4 37 4 23 4 19 4 16 9 4 23 4 56 15 4 31 4 37 4 89 49 4 32 4 98 41 4 37 4 30 4 60 18 4 51 4 32 4 56 8 4 10 4 10 29 4 11 4 45 37 4 102 11 4 43 4 50 4 102 21 4 43 4 83 37 4 40 4 68 38 4 44 4 20 25 4 44 4 82 9 4 36 4 11 28 4 6 4 109 21 4 15 4 71 31 4 16 4 2 29 4 53 4 30 4 78 34 4 9 4 51 23 4 11 4 20 4 3 42 4 39 4 42 4 10 15 4 29 4 33 4 35 4 50 27 4 32 4 14 4 34 4 48 25 4 54 4 23 4 53 43 4 51 4 86 35 4 38 4 38 4 92 58 4 10 4 30 4 85 23 4 28 4 44 4 90 49 4 31 4 41 4 8 50 16 34 16 107 12 4 8 40 16 34 16 64 58 4 46 4 56 17 4 36 4 53 4 83 53 4 5 4 21 4 5 4 40 21 4 29 4 5 29 4 16 4 26 4 49 4 87 20 4 25 4 10 4 58 32 4 52 4 52 4 80 52 4 7 4 60 4 78 36 4 12 4 44 4 51 49 4 41 4 43 4 42 4 91 47 4 9 4 35 4 25 4 115 8 4 14 4 40 4 28 12 4 31 4 30 4 65 28 4 9 4 40 4 
iteration 48 best: 0.970855 time: 14610
86 5 4 6 4 8 4 78 48 4 27 4 92 16 4 33 4 28 4 66 46 4 25 4 24 4 3 49 4 35 4 54 4 36 42 4 6 4 43 4 51 4 112 37 4 9 4 47 4 97 6 4 42 4 39 12 4 13 4 69 16 4 27 4 33 4 57 4 58 14 4 37 4 94 12 4 18 4 27 25 4 28 4 46 4 27 4 31 4 73 36 4 31 4 21 4 35 4 66 28 4 29 4 66 35 4 38 4 43 4 26 4 51 23 4 24 4 23 4 80 9 4 11 4 101 22 4 8 4 50 9 20 57 24 4 19 4 30 4 50 22 20 49 14 4 49 4 41 4 89 45 4 37 4 23 4 19 4 16 9 4 23 4 56 15 4 31 4 37 4 89 49 4 32 4 98 41 4 37 4 30 4 60 18 4 51 4 32 4 56 8 4 10 4 10 29 4 11 4 45 37 4 102 11 4 43 4 50 4 102 21 4 43 4 83 37 4 40 4 68 38 4 44 4 20 25 4 44 4 82 9 4 36 4 11 28 4 6 4 109 21 4 15 4 71 31 4 16 4 2 29 4 53 4 30 4 78 34 4 9 4 51 23 4 11 4 20 4 3 42 4 39 4 42 4 10 15 4 29 4 33 4 35 4 50 27 4 32 4 14 4 34 4 48 25 4 54 4 23 4 53 43 4 51 4 86 35 4 38 4 38 4 92 58 4 10 4 30 4 85 23 4 28 4 44 4 90 49 4 31 4 41 4 8 50 16 34 16 107 12 4 8 40 16 34 16 64 58 4 46 4 56 17 4 36 4 53 4 83 53 4 5 4 21 4 5 4 40 21 4 29 4 5 29 4 16 4 26 4 49 4 87 20 4 25 4 10 4 58 32 4 52 4 52 4 80 52 4 7 4 60 4 78 36 4 12 4 44 4 51 49 4 41 4 43 4 42 4 91 47 4 9 4 35 4 25 4 115 8 4 14 4 40 4 28 12 4 31 4 30 4 65 28 4 9 4 40 4 
iteration 73 best: 0.970855 time: 21893
86 5 4 6 4 8 4 78 48 4 27 4 92 16 4 33 4 28 4 66 46 4 25 4 24 4 3 49 4 35 4 54 4 36 42 4 6 4 43 4 51 4 112 37 4 9 4 47 4 97 6 4 42 4 39 12 4 13 4 69 16 4 27 4 33 4 57 4 58 14 4 37 4 94 12 4 18 4 27 25 4 28 4 46 4 27 4 31 4 73 36 4 31 4 21 4 35 4 66 28 4 29 4 66 35 4 38 4 43 4 26 4 51 23 4 24 4 23 4 80 9 4 11 4 101 22 4 8 4 50 9 20 57 24 4 19 4 30 4 50 22 20 49 14 4 49 4 41 4 89 45 4 37 4 23 4 19 4 16 9 4 23 4 56 15 4 31 4 37 4 89 49 4 32 4 98 41 4 37 4 30 4 60 18 4 51 4 32 4 56 8 4 10 4 10 29 4 11 4 45 37 4 102 11 4 43 4 50 4 102 21 4 43 4 83 37 4 40 4 68 38 4 44 4 20 25 4 44 4 82 9 4 36 4 11 28 4 6 4 109 21 4 15 4 71 31 4 16 4 2 29 4 53 4 30 4 78 34 4 9 4 51 23 4 11 4 20 4 3 42 4 39 4 42 4 10 15 4 29 4 33 4 35 4 50 27 4 32 4 14 4 34 4 48 25 4 54 4 23 4 53 43 4 51 4 86 35 4 38 4 38 4 92 58 4 10 4 30 4 85 23 4 28 4 44 4 90 49 4 31 4 41 4 8 50 16 34 16 107 12 4 8 40 16 34 16 64 58 4 46 4 56 17 4 36 4 53 4 83 53 4 5 4 21 4 5 4 40 21 4 29 4 5 29 4 16 4 26 4 49 4 87 20 4 25 4 10 4 58 32 4 52 4 52 4 80 52 4 7 4 60 4 78 36 4 12 4 44 4 51 49 4 41 4 43 4 42 4 91 47 4 9 4 35 4 25 4 115 8 4 14 4 40 4 28 12 4 31 4 30 4 65 28 4 9 4 40 4 
iteration 98 best: 0.970855 time: 29232
86 5 4 6 4 8 4 78 48 4 27 4 92 16 4 33 4 28 4 66 46 4 25 4 24 4 3 49 4 35 4 54 4 36 42 4 6 4 43 4 51 4 112 37 4 9 4 47 4 97 6 4 42 4 39 12 4 13 4 69 16 4 27 4 33 4 57 4 58 14 4 37 4 94 12 4 18 4 27 25 4 28 4 46 4 27 4 31 4 73 36 4 31 4 21 4 35 4 66 28 4 29 4 66 35 4 38 4 43 4 26 4 51 23 4 24 4 23 4 80 9 4 11 4 101 22 4 8 4 50 9 20 57 24 4 19 4 30 4 50 22 20 49 14 4 49 4 41 4 89 45 4 37 4 23 4 19 4 16 9 4 23 4 56 15 4 31 4 37 4 89 49 4 32 4 98 41 4 37 4 30 4 60 18 4 51 4 32 4 56 8 4 10 4 10 29 4 11 4 45 37 4 102 11 4 43 4 50 4 102 21 4 43 4 83 37 4 40 4 68 38 4 44 4 20 25 4 44 4 82 9 4 36 4 11 28 4 6 4 109 21 4 15 4 71 31 4 16 4 2 29 4 53 4 30 4 78 34 4 9 4 51 23 4 11 4 20 4 3 42 4 39 4 42 4 10 15 4 29 4 33 4 35 4 50 27 4 32 4 14 4 34 4 48 25 4 54 4 23 4 53 43 4 51 4 86 35 4 38 4 38 4 92 58 4 10 4 30 4 85 23 4 28 4 44 4 90 49 4 31 4 41 4 8 50 16 34 16 107 12 4 8 40 16 34 16 64 58 4 46 4 56 17 4 36 4 53 4 83 53 4 5 4 21 4 5 4 40 21 4 29 4 5 29 4 16 4 26 4 49 4 87 20 4 25 4 10 4 58 32 4 52 4 52 4 80 52 4 7 4 60 4 78 36 4 12 4 44 4 51 49 4 41 4 43 4 42 4 91 47 4 9 4 35 4 25 4 115 8 4 14 4 40 4 28 12 4 31 4 30 4 65 28 4 9 4 40 4 
iteration 123 best: 0.970855 time: 36523
86 5 4 6 4 8 4 78 48 4 27 4 92 16 4 33 4 28 4 66 46 4 25 4 24 4 3 49 4 35 4 54 4 36 42 4 6 4 43 4 51 4 112 37 4 9 4 47 4 97 6 4 42 4 39 12 4 13 4 69 16 4 27 4 33 4 57 4 58 14 4 37 4 94 12 4 18 4 27 25 4 28 4 46 4 27 4 31 4 73 36 4 31 4 21 4 35 4 66 28 4 29 4 66 35 4 38 4 43 4 26 4 51 23 4 24 4 23 4 80 9 4 11 4 101 22 4 8 4 50 9 20 57 24 4 19 4 30 4 50 22 20 49 14 4 49 4 41 4 89 45 4 37 4 23 4 19 4 16 9 4 23 4 56 15 4 31 4 37 4 89 49 4 32 4 98 41 4 37 4 30 4 60 18 4 51 4 32 4 56 8 4 10 4 10 29 4 11 4 45 37 4 102 11 4 43 4 50 4 102 21 4 43 4 83 37 4 40 4 68 38 4 44 4 20 25 4 44 4 82 9 4 36 4 11 28 4 6 4 109 21 4 15 4 71 31 4 16 4 2 29 4 53 4 30 4 78 34 4 9 4 51 23 4 11 4 20 4 3 42 4 39 4 42 4 10 15 4 29 4 33 4 35 4 50 27 4 32 4 14 4 34 4 48 25 4 54 4 23 4 53 43 4 51 4 86 35 4 38 4 38 4 92 58 4 10 4 30 4 85 23 4 28 4 44 4 90 49 4 31 4 41 4 8 50 16 34 16 107 12 4 8 40 16 34 16 64 58 4 46 4 56 17 4 36 4 53 4 83 53 4 5 4 21 4 5 4 40 21 4 29 4 5 29 4 16 4 26 4 49 4 87 20 4 25 4 10 4 58 32 4 52 4 52 4 80 52 4 7 4 60 4 78 36 4 12 4 44 4 51 49 4 41 4 43 4 42 4 91 47 4 9 4 35 4 25 4 115 8 4 14 4 40 4 28 12 4 31 4 30 4 65 28 4 9 4 40 4 
iteration 148 best: 0.970855 time: 43837
86 5 4 6 4 8 4 78 48 4 27 4 92 16 4 33 4 28 4 66 46 4 25 4 24 4 3 49 4 35 4 54 4 36 42 4 6 4 43 4 51 4 112 37 4 9 4 47 4 97 6 4 42 4 39 12 4 13 4 69 16 4 27 4 33 4 57 4 58 14 4 37 4 94 12 4 18 4 27 25 4 28 4 46 4 27 4 31 4 73 36 4 31 4 21 4 35 4 66 28 4 29 4 66 35 4 38 4 43 4 26 4 51 23 4 24 4 23 4 80 9 4 11 4 101 22 4 8 4 50 9 20 57 24 4 19 4 30 4 50 22 20 49 14 4 49 4 41 4 89 45 4 37 4 23 4 19 4 16 9 4 23 4 56 15 4 31 4 37 4 89 49 4 32 4 98 41 4 37 4 30 4 60 18 4 51 4 32 4 56 8 4 10 4 10 29 4 11 4 45 37 4 102 11 4 43 4 50 4 102 21 4 43 4 83 37 4 40 4 68 38 4 44 4 20 25 4 44 4 82 9 4 36 4 11 28 4 6 4 109 21 4 15 4 71 31 4 16 4 2 29 4 53 4 30 4 78 34 4 9 4 51 23 4 11 4 20 4 3 42 4 39 4 42 4 10 15 4 29 4 33 4 35 4 50 27 4 32 4 14 4 34 4 48 25 4 54 4 23 4 53 43 4 51 4 86 35 4 38 4 38 4 92 58 4 10 4 30 4 85 23 4 28 4 44 4 90 49 4 31 4 41 4 8 50 16 34 16 107 12 4 8 40 16 34 16 64 58 4 46 4 56 17 4 36 4 53 4 83 53 4 5 4 21 4 5 4 40 21 4 29 4 5 29 4 16 4 26 4 49 4 87 20 4 25 4 10 4 58 32 4 52 4 52 4 80 52 4 7 4 60 4 78 36 4 12 4 44 4 51 49 4 41 4 43 4 42 4 91 47 4 9 4 35 4 25 4 115 8 4 14 4 40 4 28 12 4 31 4 30 4 65 28 4 9 4 40 4 
iteration 173 best: 0.970855 time: 51157
86 5 4 6 4 8 4 78 48 4 27 4 92 16 4 33 4 28 4 66 46 4 25 4 24 4 3 49 4 35 4 54 4 36 42 4 6 4 43 4 51 4 112 37 4 9 4 47 4 97 6 4 42 4 39 12 4 13 4 69 16 4 27 4 33 4 57 4 58 14 4 37 4 94 12 4 18 4 27 25 4 28 4 46 4 27 4 31 4 73 36 4 31 4 21 4 35 4 66 28 4 29 4 66 35 4 38 4 43 4 26 4 51 23 4 24 4 23 4 80 9 4 11 4 101 22 4 8 4 50 9 20 57 24 4 19 4 30 4 50 22 20 49 14 4 49 4 41 4 89 45 4 37 4 23 4 19 4 16 9 4 23 4 56 15 4 31 4 37 4 89 49 4 32 4 98 41 4 37 4 30 4 60 18 4 51 4 32 4 56 8 4 10 4 10 29 4 11 4 45 37 4 102 11 4 43 4 50 4 102 21 4 43 4 83 37 4 40 4 68 38 4 44 4 20 25 4 44 4 82 9 4 36 4 11 28 4 6 4 109 21 4 15 4 71 31 4 16 4 2 29 4 53 4 30 4 78 34 4 9 4 51 23 4 11 4 20 4 3 42 4 39 4 42 4 10 15 4 29 4 33 4 35 4 50 27 4 32 4 14 4 34 4 48 25 4 54 4 23 4 53 43 4 51 4 86 35 4 38 4 38 4 92 58 4 10 4 30 4 85 23 4 28 4 44 4 90 49 4 31 4 41 4 8 50 16 34 16 107 12 4 8 40 16 34 16 64 58 4 46 4 56 17 4 36 4 53 4 83 53 4 5 4 21 4 5 4 40 21 4 29 4 5 29 4 16 4 26 4 49 4 87 20 4 25 4 10 4 58 32 4 52 4 52 4 80 52 4 7 4 60 4 78 36 4 12 4 44 4 51 49 4 41 4 43 4 42 4 91 47 4 9 4 35 4 25 4 115 8 4 14 4 40 4 28 12 4 31 4 30 4 65 28 4 9 4 40 4 
iteration 198 best: 0.970855 time: 58448
86 5 4 6 4 8 4 78 48 4 27 4 92 16 4 33 4 28 4 66 46 4 25 4 24 4 3 49 4 35 4 54 4 36 42 4 6 4 43 4 51 4 112 37 4 9 4 47 4 97 6 4 42 4 39 12 4 13 4 69 16 4 27 4 33 4 57 4 58 14 4 37 4 94 12 4 18 4 27 25 4 28 4 46 4 27 4 31 4 73 36 4 31 4 21 4 35 4 66 28 4 29 4 66 35 4 38 4 43 4 26 4 51 23 4 24 4 23 4 80 9 4 11 4 101 22 4 8 4 50 9 20 57 24 4 19 4 30 4 50 22 20 49 14 4 49 4 41 4 89 45 4 37 4 23 4 19 4 16 9 4 23 4 56 15 4 31 4 37 4 89 49 4 32 4 98 41 4 37 4 30 4 60 18 4 51 4 32 4 56 8 4 10 4 10 29 4 11 4 45 37 4 102 11 4 43 4 50 4 102 21 4 43 4 83 37 4 40 4 68 38 4 44 4 20 25 4 44 4 82 9 4 36 4 11 28 4 6 4 109 21 4 15 4 71 31 4 16 4 2 29 4 53 4 30 4 78 34 4 9 4 51 23 4 11 4 20 4 3 42 4 39 4 42 4 10 15 4 29 4 33 4 35 4 50 27 4 32 4 14 4 34 4 48 25 4 54 4 23 4 53 43 4 51 4 86 35 4 38 4 38 4 92 58 4 10 4 30 4 85 23 4 28 4 44 4 90 49 4 31 4 41 4 8 50 16 34 16 107 12 4 8 40 16 34 16 64 58 4 46 4 56 17 4 36 4 53 4 83 53 4 5 4 21 4 5 4 40 21 4 29 4 5 29 4 16 4 26 4 49 4 87 20 4 25 4 10 4 58 32 4 52 4 52 4 80 52 4 7 4 60 4 78 36 4 12 4 44 4 51 49 4 41 4 43 4 42 4 91 47 4 9 4 35 4 25 4 115 8 4 14 4 40 4 28 12 4 31 4 30 4 65 28 4 9 4 40 4 
iteration 223 best: 0.970855 time: 65742
86 5 4 6 4 8 4 78 48 4 27 4 92 16 4 33 4 28 4 66 46 4 25 4 24 4 3 49 4 35 4 54 4 36 42 4 6 4 43 4 51 4 112 37 4 9 4 47 4 97 6 4 42 4 39 12 4 13 4 69 16 4 27 4 33 4 57 4 58 14 4 37 4 94 12 4 18 4 27 25 4 28 4 46 4 27 4 31 4 73 36 4 31 4 21 4 35 4 66 28 4 29 4 66 35 4 38 4 43 4 26 4 51 23 4 24 4 23 4 80 9 4 11 4 101 22 4 8 4 50 9 20 57 24 4 19 4 30 4 50 22 20 49 14 4 49 4 41 4 89 45 4 37 4 23 4 19 4 16 9 4 23 4 56 15 4 31 4 37 4 89 49 4 32 4 98 41 4 37 4 30 4 60 18 4 51 4 32 4 56 8 4 10 4 10 29 4 11 4 45 37 4 102 11 4 43 4 50 4 102 21 4 43 4 83 37 4 40 4 68 38 4 44 4 20 25 4 44 4 82 9 4 36 4 11 28 4 6 4 109 21 4 15 4 71 31 4 16 4 2 29 4 53 4 30 4 78 34 4 9 4 51 23 4 11 4 20 4 3 42 4 39 4 42 4 10 15 4 29 4 33 4 35 4 50 27 4 32 4 14 4 34 4 48 25 4 54 4 23 4 53 43 4 51 4 86 35 4 38 4 38 4 92 58 4 10 4 30 4 85 23 4 28 4 44 4 90 49 4 31 4 41 4 8 50 16 34 16 107 12 4 8 40 16 34 16 64 58 4 46 4 56 17 4 36 4 53 4 83 53 4 5 4 21 4 5 4 40 21 4 29 4 5 29 4 16 4 26 4 49 4 87 20 4 25 4 10 4 58 32 4 52 4 52 4 80 52 4 7 4 60 4 78 36 4 12 4 44 4 51 49 4 41 4 43 4 42 4 91 47 4 9 4 35 4 25 4 115 8 4 14 4 40 4 28 12 4 31 4 30 4 65 28 4 9 4 40 4 
iteration 248 best: 0.970855 time: 73036
86 5 4 6 4 8 4 78 48 4 27 4 92 16 4 33 4 28 4 66 46 4 25 4 24 4 3 49 4 35 4 54 4 36 42 4 6 4 43 4 51 4 112 37 4 9 4 47 4 97 6 4 42 4 39 12 4 13 4 69 16 4 27 4 33 4 57 4 58 14 4 37 4 94 12 4 18 4 27 25 4 28 4 46 4 27 4 31 4 73 36 4 31 4 21 4 35 4 66 28 4 29 4 66 35 4 38 4 43 4 26 4 51 23 4 24 4 23 4 80 9 4 11 4 101 22 4 8 4 50 9 20 57 24 4 19 4 30 4 50 22 20 49 14 4 49 4 41 4 89 45 4 37 4 23 4 19 4 16 9 4 23 4 56 15 4 31 4 37 4 89 49 4 32 4 98 41 4 37 4 30 4 60 18 4 51 4 32 4 56 8 4 10 4 10 29 4 11 4 45 37 4 102 11 4 43 4 50 4 102 21 4 43 4 83 37 4 40 4 68 38 4 44 4 20 25 4 44 4 82 9 4 36 4 11 28 4 6 4 109 21 4 15 4 71 31 4 16 4 2 29 4 53 4 30 4 78 34 4 9 4 51 23 4 11 4 20 4 3 42 4 39 4 42 4 10 15 4 29 4 33 4 35 4 50 27 4 32 4 14 4 34 4 48 25 4 54 4 23 4 53 43 4 51 4 86 35 4 38 4 38 4 92 58 4 10 4 30 4 85 23 4 28 4 44 4 90 49 4 31 4 41 4 8 50 16 34 16 107 12 4 8 40 16 34 16 64 58 4 46 4 56 17 4 36 4 53 4 83 53 4 5 4 21 4 5 4 40 21 4 29 4 5 29 4 16 4 26 4 49 4 87 20 4 25 4 10 4 58 32 4 52 4 52 4 80 52 4 7 4 60 4 78 36 4 12 4 44 4 51 49 4 41 4 43 4 42 4 91 47 4 9 4 35 4 25 4 115 8 4 14 4 40 4 28 12 4 31 4 30 4 65 28 4 9 4 40 4 
iteration 273 best: 0.970855 time: 80348
86 5 4 6 4 8 4 78 48 4 27 4 92 16 4 33 4 28 4 66 46 4 25 4 24 4 3 49 4 35 4 54 4 36 42 4 6 4 43 4 51 4 112 37 4 9 4 47 4 97 6 4 42 4 39 12 4 13 4 69 16 4 27 4 33 4 57 4 58 14 4 37 4 94 12 4 18 4 27 25 4 28 4 46 4 27 4 31 4 73 36 4 31 4 21 4 35 4 66 28 4 29 4 66 35 4 38 4 43 4 26 4 51 23 4 24 4 23 4 80 9 4 11 4 101 22 4 8 4 50 9 20 57 24 4 19 4 30 4 50 22 20 49 14 4 49 4 41 4 89 45 4 37 4 23 4 19 4 16 9 4 23 4 56 15 4 31 4 37 4 89 49 4 32 4 98 41 4 37 4 30 4 60 18 4 51 4 32 4 56 8 4 10 4 10 29 4 11 4 45 37 4 102 11 4 43 4 50 4 102 21 4 43 4 83 37 4 40 4 68 38 4 44 4 20 25 4 44 4 82 9 4 36 4 11 28 4 6 4 109 21 4 15 4 71 31 4 16 4 2 29 4 53 4 30 4 78 34 4 9 4 51 23 4 11 4 20 4 3 42 4 39 4 42 4 10 15 4 29 4 33 4 35 4 50 27 4 32 4 14 4 34 4 48 25 4 54 4 23 4 53 43 4 51 4 86 35 4 38 4 38 4 92 58 4 10 4 30 4 85 23 4 28 4 44 4 90 49 4 31 4 41 4 8 50 16 34 16 107 12 4 8 40 16 34 16 64 58 4 46 4 56 17 4 36 4 53 4 83 53 4 5 4 21 4 5 4 40 21 4 29 4 5 29 4 16 4 26 4 49 4 87 20 4 25 4 10 4 58 32 4 52 4 52 4 80 52 4 7 4 60 4 78 36 4 12 4 44 4 51 49 4 41 4 43 4 42 4 91 47 4 9 4 35 4 25 4 115 8 4 14 4 40 4 28 12 4 31 4 30 4 65 28 4 9 4 40 4 
iteration 298 best: 0.970855 time: 87659
86 5 4 6 4 8 4 78 48 4 27 4 92 16 4 33 4 28 4 66 46 4 25 4 24 4 3 49 4 35 4 54 4 36 42 4 6 4 43 4 51 4 112 37 4 9 4 47 4 97 6 4 42 4 39 12 4 13 4 69 16 4 27 4 33 4 57 4 58 14 4 37 4 94 12 4 18 4 27 25 4 28 4 46 4 27 4 31 4 73 36 4 31 4 21 4 35 4 66 28 4 29 4 66 35 4 38 4 43 4 26 4 51 23 4 24 4 23 4 80 9 4 11 4 101 22 4 8 4 50 9 20 57 24 4 19 4 30 4 50 22 20 49 14 4 49 4 41 4 89 45 4 37 4 23 4 19 4 16 9 4 23 4 56 15 4 31 4 37 4 89 49 4 32 4 98 41 4 37 4 30 4 60 18 4 51 4 32 4 56 8 4 10 4 10 29 4 11 4 45 37 4 102 11 4 43 4 50 4 102 21 4 43 4 83 37 4 40 4 68 38 4 44 4 20 25 4 44 4 82 9 4 36 4 11 28 4 6 4 109 21 4 15 4 71 31 4 16 4 2 29 4 53 4 30 4 78 34 4 9 4 51 23 4 11 4 20 4 3 42 4 39 4 42 4 10 15 4 29 4 33 4 35 4 50 27 4 32 4 14 4 34 4 48 25 4 54 4 23 4 53 43 4 51 4 86 35 4 38 4 38 4 92 58 4 10 4 30 4 85 23 4 28 4 44 4 90 49 4 31 4 41 4 8 50 16 34 16 107 12 4 8 40 16 34 16 64 58 4 46 4 56 17 4 36 4 53 4 83 53 4 5 4 21 4 5 4 40 21 4 29 4 5 29 4 16 4 26 4 49 4 87 20 4 25 4 10 4 58 32 4 52 4 52 4 80 52 4 7 4 60 4 78 36 4 12 4 44 4 51 49 4 41 4 43 4 42 4 91 47 4 9 4 35 4 25 4 115 8 4 14 4 40 4 28 12 4 31 4 30 4 65 28 4 9 4 40 4 
iteration 323 best: 0.970855 time: 94964
86 5 4 6 4 8 4 78 48 4 27 4 92 16 4 33 4 28 4 66 46 4 25 4 24 4 3 49 4 35 4 54 4 36 42 4 6 4 43 4 51 4 112 37 4 9 4 47 4 97 6 4 42 4 39 12 4 13 4 69 16 4 27 4 33 4 57 4 58 14 4 37 4 94 12 4 18 4 27 25 4 28 4 46 4 27 4 31 4 73 36 4 31 4 21 4 35 4 66 28 4 29 4 66 35 4 38 4 43 4 26 4 51 23 4 24 4 23 4 80 9 4 11 4 101 22 4 8 4 50 9 20 57 24 4 19 4 30 4 50 22 20 49 14 4 49 4 41 4 89 45 4 37 4 23 4 19 4 16 9 4 23 4 56 15 4 31 4 37 4 89 49 4 32 4 98 41 4 37 4 30 4 60 18 4 51 4 32 4 56 8 4 10 4 10 29 4 11 4 45 37 4 102 11 4 43 4 50 4 102 21 4 43 4 83 37 4 40 4 68 38 4 44 4 20 25 4 44 4 82 9 4 36 4 11 28 4 6 4 109 21 4 15 4 71 31 4 16 4 2 29 4 53 4 30 4 78 34 4 9 4 51 23 4 11 4 20 4 3 42 4 39 4 42 4 10 15 4 29 4 33 4 35 4 50 27 4 32 4 14 4 34 4 48 25 4 54 4 23 4 53 43 4 51 4 86 35 4 38 4 38 4 92 58 4 10 4 30 4 85 23 4 28 4 44 4 90 49 4 31 4 41 4 8 50 16 34 16 107 12 4 8 40 16 34 16 64 58 4 46 4 56 17 4 36 4 53 4 83 53 4 5 4 21 4 5 4 40 21 4 29 4 5 29 4 16 4 26 4 49 4 87 20 4 25 4 10 4 58 32 4 52 4 52 4 80 52 4 7 4 60 4 78 36 4 12 4 44 4 51 49 4 41 4 43 4 42 4 91 47 4 9 4 35 4 25 4 115 8 4 14 4 40 4 28 12 4 31 4 30 4 65 28 4 9 4 40 4 
iteration 348 best: 0.970855 time: 102241
86 5 4 6 4 8 4 78 48 4 27 4 92 16 4 33 4 28 4 66 46 4 25 4 24 4 3 49 4 35 4 54 4 36 42 4 6 4 43 4 51 4 112 37 4 9 4 47 4 97 6 4 42 4 39 12 4 13 4 69 16 4 27 4 33 4 57 4 58 14 4 37 4 94 12 4 18 4 27 25 4 28 4 46 4 27 4 31 4 73 36 4 31 4 21 4 35 4 66 28 4 29 4 66 35 4 38 4 43 4 26 4 51 23 4 24 4 23 4 80 9 4 11 4 101 22 4 8 4 50 9 20 57 24 4 19 4 30 4 50 22 20 49 14 4 49 4 41 4 89 45 4 37 4 23 4 19 4 16 9 4 23 4 56 15 4 31 4 37 4 89 49 4 32 4 98 41 4 37 4 30 4 60 18 4 51 4 32 4 56 8 4 10 4 10 29 4 11 4 45 37 4 102 11 4 43 4 50 4 102 21 4 43 4 83 37 4 40 4 68 38 4 44 4 20 25 4 44 4 82 9 4 36 4 11 28 4 6 4 109 21 4 15 4 71 31 4 16 4 2 29 4 53 4 30 4 78 34 4 9 4 51 23 4 11 4 20 4 3 42 4 39 4 42 4 10 15 4 29 4 33 4 35 4 50 27 4 32 4 14 4 34 4 48 25 4 54 4 23 4 53 43 4 51 4 86 35 4 38 4 38 4 92 58 4 10 4 30 4 85 23 4 28 4 44 4 90 49 4 31 4 41 4 8 50 16 34 16 107 12 4 8 40 16 34 16 64 58 4 46 4 56 17 4 36 4 53 4 83 53 4 5 4 21 4 5 4 40 21 4 29 4 5 29 4 16 4 26 4 49 4 87 20 4 25 4 10 4 58 32 4 52 4 52 4 80 52 4 7 4 60 4 78 36 4 12 4 44 4 51 49 4 41 4 43 4 42 4 91 47 4 9 4 35 4 25 4 115 8 4 14 4 40 4 28 12 4 31 4 30 4 65 28 4 9 4 40 4 
iteration 373 best: 0.970855 time: 109525
86 5 4 6 4 8 4 78 48 4 27 4 92 16 4 33 4 28 4 66 46 4 25 4 24 4 3 49 4 35 4 54 4 36 42 4 6 4 43 4 51 4 112 37 4 9 4 47 4 97 6 4 42 4 39 12 4 13 4 69 16 4 27 4 33 4 57 4 58 14 4 37 4 94 12 4 18 4 27 25 4 28 4 46 4 27 4 31 4 73 36 4 31 4 21 4 35 4 66 28 4 29 4 66 35 4 38 4 43 4 26 4 51 23 4 24 4 23 4 80 9 4 11 4 101 22 4 8 4 50 9 20 57 24 4 19 4 30 4 50 22 20 49 14 4 49 4 41 4 89 45 4 37 4 23 4 19 4 16 9 4 23 4 56 15 4 31 4 37 4 89 49 4 32 4 98 41 4 37 4 30 4 60 18 4 51 4 32 4 56 8 4 10 4 10 29 4 11 4 45 37 4 102 11 4 43 4 50 4 102 21 4 43 4 83 37 4 40 4 68 38 4 44 4 20 25 4 44 4 82 9 4 36 4 11 28 4 6 4 109 21 4 15 4 71 31 4 16 4 2 29 4 53 4 30 4 78 34 4 9 4 51 23 4 11 4 20 4 3 42 4 39 4 42 4 10 15 4 29 4 33 4 35 4 50 27 4 32 4 14 4 34 4 48 25 4 54 4 23 4 53 43 4 51 4 86 35 4 38 4 38 4 92 58 4 10 4 30 4 85 23 4 28 4 44 4 90 49 4 31 4 41 4 8 50 16 34 16 107 12 4 8 40 16 34 16 64 58 4 46 4 56 17 4 36 4 53 4 83 53 4 5 4 21 4 5 4 40 21 4 29 4 5 29 4 16 4 26 4 49 4 87 20 4 25 4 10 4 58 32 4 52 4 52 4 80 52 4 7 4 60 4 78 36 4 12 4 44 4 51 49 4 41 4 43 4 42 4 91 47 4 9 4 35 4 25 4 115 8 4 14 4 40 4 28 12 4 31 4 30 4 65 28 4 9 4 40 4 
iteration 398 best: 0.970855 time: 116835
86 5 4 6 4 8 4 78 48 4 27 4 92 16 4 33 4 28 4 66 46 4 25 4 24 4 3 49 4 35 4 54 4 36 42 4 6 4 43 4 51 4 112 37 4 9 4 47 4 97 6 4 42 4 39 12 4 13 4 69 16 4 27 4 33 4 57 4 58 14 4 37 4 94 12 4 18 4 27 25 4 28 4 46 4 27 4 31 4 73 36 4 31 4 21 4 35 4 66 28 4 29 4 66 35 4 38 4 43 4 26 4 51 23 4 24 4 23 4 80 9 4 11 4 101 22 4 8 4 50 9 20 57 24 4 19 4 30 4 50 22 20 49 14 4 49 4 41 4 89 45 4 37 4 23 4 19 4 16 9 4 23 4 56 15 4 31 4 37 4 89 49 4 32 4 98 41 4 37 4 30 4 60 18 4 51 4 32 4 56 8 4 10 4 10 29 4 11 4 45 37 4 102 11 4 43 4 50 4 102 21 4 43 4 83 37 4 40 4 68 38 4 44 4 20 25 4 44 4 82 9 4 36 4 11 28 4 6 4 109 21 4 15 4 71 31 4 16 4 2 29 4 53 4 30 4 78 34 4 9 4 51 23 4 11 4 20 4 3 42 4 39 4 42 4 10 15 4 29 4 33 4 35 4 50 27 4 32 4 14 4 34 4 48 25 4 54 4 23 4 53 43 4 51 4 86 35 4 38 4 38 4 92 58 4 10 4 30 4 85 23 4 28 4 44 4 90 49 4 31 4 41 4 8 50 16 34 16 107 12 4 8 40 16 34 16 64 58 4 46 4 56 17 4 36 4 53 4 83 53 4 5 4 21 4 5 4 40 21 4 29 4 5 29 4 16 4 26 4 49 4 87 20 4 25 4 10 4 58 32 4 52 4 52 4 80 52 4 7 4 60 4 78 36 4 12 4 44 4 51 49 4 41 4 43 4 42 4 91 47 4 9 4 35 4 25 4 115 8 4 14 4 40 4 28 12 4 31 4 30 4 65 28 4 9 4 40 4 
iteration 423 best: 0.970855 time: 124119
86 5 4 6 4 8 4 78 48 4 27 4 92 16 4 33 4 28 4 66 46 4 25 4 24 4 3 49 4 35 4 54 4 36 42 4 6 4 43 4 51 4 112 37 4 9 4 47 4 97 6 4 42 4 39 12 4 13 4 69 16 4 27 4 33 4 57 4 58 14 4 37 4 94 12 4 18 4 27 25 4 28 4 46 4 27 4 31 4 73 36 4 31 4 21 4 35 4 66 28 4 29 4 66 35 4 38 4 43 4 26 4 51 23 4 24 4 23 4 80 9 4 11 4 101 22 4 8 4 50 9 20 57 24 4 19 4 30 4 50 22 20 49 14 4 49 4 41 4 89 45 4 37 4 23 4 19 4 16 9 4 23 4 56 15 4 31 4 37 4 89 49 4 32 4 98 41 4 37 4 30 4 60 18 4 51 4 32 4 56 8 4 10 4 10 29 4 11 4 45 37 4 102 11 4 43 4 50 4 102 21 4 43 4 83 37 4 40 4 68 38 4 44 4 20 25 4 44 4 82 9 4 36 4 11 28 4 6 4 109 21 4 15 4 71 31 4 16 4 2 29 4 53 4 30 4 78 34 4 9 4 51 23 4 11 4 20 4 3 42 4 39 4 42 4 10 15 4 29 4 33 4 35 4 50 27 4 32 4 14 4 34 4 48 25 4 54 4 23 4 53 43 4 51 4 86 35 4 38 4 38 4 92 58 4 10 4 30 4 85 23 4 28 4 44 4 90 49 4 31 4 41 4 8 50 16 34 16 107 12 4 8 40 16 34 16 64 58 4 46 4 56 17 4 36 4 53 4 83 53 4 5 4 21 4 5 4 40 21 4 29 4 5 29 4 16 4 26 4 49 4 87 20 4 25 4 10 4 58 32 4 52 4 52 4 80 52 4 7 4 60 4 78 36 4 12 4 44 4 51 49 4 41 4 43 4 42 4 91 47 4 9 4 35 4 25 4 115 8 4 14 4 40 4 28 12 4 31 4 30 4 65 28 4 9 4 40 4 
iteration 448 best: 0.970855 time: 131412
86 5 4 6 4 8 4 78 48 4 27 4 92 16 4 33 4 28 4 66 46 4 25 4 24 4 3 49 4 35 4 54 4 36 42 4 6 4 43 4 51 4 112 37 4 9 4 47 4 97 6 4 42 4 39 12 4 13 4 69 16 4 27 4 33 4 57 4 58 14 4 37 4 94 12 4 18 4 27 25 4 28 4 46 4 27 4 31 4 73 36 4 31 4 21 4 35 4 66 28 4 29 4 66 35 4 38 4 43 4 26 4 51 23 4 24 4 23 4 80 9 4 11 4 101 22 4 8 4 50 9 20 57 24 4 19 4 30 4 50 22 20 49 14 4 49 4 41 4 89 45 4 37 4 23 4 19 4 16 9 4 23 4 56 15 4 31 4 37 4 89 49 4 32 4 98 41 4 37 4 30 4 60 18 4 51 4 32 4 56 8 4 10 4 10 29 4 11 4 45 37 4 102 11 4 43 4 50 4 102 21 4 43 4 83 37 4 40 4 68 38 4 44 4 20 25 4 44 4 82 9 4 36 4 11 28 4 6 4 109 21 4 15 4 71 31 4 16 4 2 29 4 53 4 30 4 78 34 4 9 4 51 23 4 11 4 20 4 3 42 4 39 4 42 4 10 15 4 29 4 33 4 35 4 50 27 4 32 4 14 4 34 4 48 25 4 54 4 23 4 53 43 4 51 4 86 35 4 38 4 38 4 92 58 4 10 4 30 4 85 23 4 28 4 44 4 90 49 4 31 4 41 4 8 50 16 34 16 107 12 4 8 40 16 34 16 64 58 4 46 4 56 17 4 36 4 53 4 83 53 4 5 4 21 4 5 4 40 21 4 29 4 5 29 4 16 4 26 4 49 4 87 20 4 25 4 10 4 58 32 4 52 4 52 4 80 52 4 7 4 60 4 78 36 4 12 4 44 4 51 49 4 41 4 43 4 42 4 91 47 4 9 4 35 4 25 4 115 8 4 14 4 40 4 28 12 4 31 4 30 4 65 28 4 9 4 40 4 
iteration 473 best: 0.970855 time: 138713
86 5 4 6 4 8 4 78 48 4 27 4 92 16 4 33 4 28 4 66 46 4 25 4 24 4 3 49 4 35 4 54 4 36 42 4 6 4 43 4 51 4 112 37 4 9 4 47 4 97 6 4 42 4 39 12 4 13 4 69 16 4 27 4 33 4 57 4 58 14 4 37 4 94 12 4 18 4 27 25 4 28 4 46 4 27 4 31 4 73 36 4 31 4 21 4 35 4 66 28 4 29 4 66 35 4 38 4 43 4 26 4 51 23 4 24 4 23 4 80 9 4 11 4 101 22 4 8 4 50 9 20 57 24 4 19 4 30 4 50 22 20 49 14 4 49 4 41 4 89 45 4 37 4 23 4 19 4 16 9 4 23 4 56 15 4 31 4 37 4 89 49 4 32 4 98 41 4 37 4 30 4 60 18 4 51 4 32 4 56 8 4 10 4 10 29 4 11 4 45 37 4 102 11 4 43 4 50 4 102 21 4 43 4 83 37 4 40 4 68 38 4 44 4 20 25 4 44 4 82 9 4 36 4 11 28 4 6 4 109 21 4 15 4 71 31 4 16 4 2 29 4 53 4 30 4 78 34 4 9 4 51 23 4 11 4 20 4 3 42 4 39 4 42 4 10 15 4 29 4 33 4 35 4 50 27 4 32 4 14 4 34 4 48 25 4 54 4 23 4 53 43 4 51 4 86 35 4 38 4 38 4 92 58 4 10 4 30 4 85 23 4 28 4 44 4 90 49 4 31 4 41 4 8 50 16 34 16 107 12 4 8 40 16 34 16 64 58 4 46 4 56 17 4 36 4 53 4 83 53 4 5 4 21 4 5 4 40 21 4 29 4 5 29 4 16 4 26 4 49 4 87 20 4 25 4 10 4 58 32 4 52 4 52 4 80 52 4 7 4 60 4 78 36 4 12 4 44 4 51 49 4 41 4 43 4 42 4 91 47 4 9 4 35 4 25 4 115 8 4 14 4 40 4 28 12 4 31 4 30 4 65 28 4 9 4 40 4 
iteration 498 best: 0.970855 time: 146032
86 5 4 6 4 8 4 78 48 4 27 4 92 16 4 33 4 28 4 66 46 4 25 4 24 4 3 49 4 35 4 54 4 36 42 4 6 4 43 4 51 4 112 37 4 9 4 47 4 97 6 4 42 4 39 12 4 13 4 69 16 4 27 4 33 4 57 4 58 14 4 37 4 94 12 4 18 4 27 25 4 28 4 46 4 27 4 31 4 73 36 4 31 4 21 4 35 4 66 28 4 29 4 66 35 4 38 4 43 4 26 4 51 23 4 24 4 23 4 80 9 4 11 4 101 22 4 8 4 50 9 20 57 24 4 19 4 30 4 50 22 20 49 14 4 49 4 41 4 89 45 4 37 4 23 4 19 4 16 9 4 23 4 56 15 4 31 4 37 4 89 49 4 32 4 98 41 4 37 4 30 4 60 18 4 51 4 32 4 56 8 4 10 4 10 29 4 11 4 45 37 4 102 11 4 43 4 50 4 102 21 4 43 4 83 37 4 40 4 68 38 4 44 4 20 25 4 44 4 82 9 4 36 4 11 28 4 6 4 109 21 4 15 4 71 31 4 16 4 2 29 4 53 4 30 4 78 34 4 9 4 51 23 4 11 4 20 4 3 42 4 39 4 42 4 10 15 4 29 4 33 4 35 4 50 27 4 32 4 14 4 34 4 48 25 4 54 4 23 4 53 43 4 51 4 86 35 4 38 4 38 4 92 58 4 10 4 30 4 85 23 4 28 4 44 4 90 49 4 31 4 41 4 8 50 16 34 16 107 12 4 8 40 16 34 16 64 58 4 46 4 56 17 4 36 4 53 4 83 53 4 5 4 21 4 5 4 40 21 4 29 4 5 29 4 16 4 26 4 49 4 87 20 4 25 4 10 4 58 32 4 52 4 52 4 80 52 4 7 4 60 4 78 36 4 12 4 44 4 51 49 4 41 4 43 4 42 4 91 47 4 9 4 35 4 25 4 115 8 4 14 4 40 4 28 12 4 31 4 30 4 65 28 4 9 4 40 4 
iteration 523 best: 0.970855 time: 153353
86 5 4 6 4 8 4 78 48 4 27 4 92 16 4 33 4 28 4 66 46 4 25 4 24 4 3 49 4 35 4 54 4 36 42 4 6 4 43 4 51 4 112 37 4 9 4 47 4 97 6 4 42 4 39 12 4 13 4 69 16 4 27 4 33 4 57 4 58 14 4 37 4 94 12 4 18 4 27 25 4 28 4 46 4 27 4 31 4 73 36 4 31 4 21 4 35 4 66 28 4 29 4 66 35 4 38 4 43 4 26 4 51 23 4 24 4 23 4 80 9 4 11 4 101 22 4 8 4 50 9 20 57 24 4 19 4 30 4 50 22 20 49 14 4 49 4 41 4 89 45 4 37 4 23 4 19 4 16 9 4 23 4 56 15 4 31 4 37 4 89 49 4 32 4 98 41 4 37 4 30 4 60 18 4 51 4 32 4 56 8 4 10 4 10 29 4 11 4 45 37 4 102 11 4 43 4 50 4 102 21 4 43 4 83 37 4 40 4 68 38 4 44 4 20 25 4 44 4 82 9 4 36 4 11 28 4 6 4 109 21 4 15 4 71 31 4 16 4 2 29 4 53 4 30 4 78 34 4 9 4 51 23 4 11 4 20 4 3 42 4 39 4 42 4 10 15 4 29 4 33 4 35 4 50 27 4 32 4 14 4 34 4 48 25 4 54 4 23 4 53 43 4 51 4 86 35 4 38 4 38 4 92 58 4 10 4 30 4 85 23 4 28 4 44 4 90 49 4 31 4 41 4 8 50 16 34 16 107 12 4 8 40 16 34 16 64 58 4 46 4 56 17 4 36 4 53 4 83 53 4 5 4 21 4 5 4 40 21 4 29 4 5 29 4 16 4 26 4 49 4 87 20 4 25 4 10 4 58 32 4 52 4 52 4 80 52 4 7 4 60 4 78 36 4 12 4 44 4 51 49 4 41 4 43 4 42 4 91 47 4 9 4 35 4 25 4 115 8 4 14 4 40 4 28 12 4 31 4 30 4 65 28 4 9 4 40 4 
iteration 548 best: 0.970855 time: 160680
86 5 4 6 4 8 4 78 48 4 27 4 92 16 4 33 4 28 4 66 46 4 25 4 24 4 3 49 4 35 4 54 4 36 42 4 6 4 43 4 51 4 112 37 4 9 4 47 4 97 6 4 42 4 39 12 4 13 4 69 16 4 27 4 33 4 57 4 58 14 4 37 4 94 12 4 18 4 27 25 4 28 4 46 4 27 4 31 4 73 36 4 31 4 21 4 35 4 66 28 4 29 4 66 35 4 38 4 43 4 26 4 51 23 4 24 4 23 4 80 9 4 11 4 101 22 4 8 4 50 9 20 57 24 4 19 4 30 4 50 22 20 49 14 4 49 4 41 4 89 45 4 37 4 23 4 19 4 16 9 4 23 4 56 15 4 31 4 37 4 89 49 4 32 4 98 41 4 37 4 30 4 60 18 4 51 4 32 4 56 8 4 10 4 10 29 4 11 4 45 37 4 102 11 4 43 4 50 4 102 21 4 43 4 83 37 4 40 4 68 38 4 44 4 20 25 4 44 4 82 9 4 36 4 11 28 4 6 4 109 21 4 15 4 71 31 4 16 4 2 29 4 53 4 30 4 78 34 4 9 4 51 23 4 11 4 20 4 3 42 4 39 4 42 4 10 15 4 29 4 33 4 35 4 50 27 4 32 4 14 4 34 4 48 25 4 54 4 23 4 53 43 4 51 4 86 35 4 38 4 38 4 92 58 4 10 4 30 4 85 23 4 28 4 44 4 90 49 4 31 4 41 4 8 50 16 34 16 107 12 4 8 40 16 34 16 64 58 4 46 4 56 17 4 36 4 53 4 83 53 4 5 4 21 4 5 4 40 21 4 29 4 5 29 4 16 4 26 4 49 4 87 20 4 25 4 10 4 58 32 4 52 4 52 4 80 52 4 7 4 60 4 78 36 4 12 4 44 4 51 49 4 41 4 43 4 42 4 91 47 4 9 4 35 4 25 4 115 8 4 14 4 40 4 28 12 4 31 4 30 4 65 28 4 9 4 40 4 
iteration 573 best: 0.970855 time: 167997
86 5 4 6 4 8 4 78 48 4 27 4 92 16 4 33 4 28 4 66 46 4 25 4 24 4 3 49 4 35 4 54 4 36 42 4 6 4 43 4 51 4 112 37 4 9 4 47 4 97 6 4 42 4 39 12 4 13 4 69 16 4 27 4 33 4 57 4 58 14 4 37 4 94 12 4 18 4 27 25 4 28 4 46 4 27 4 31 4 73 36 4 31 4 21 4 35 4 66 28 4 29 4 66 35 4 38 4 43 4 26 4 51 23 4 24 4 23 4 80 9 4 11 4 101 22 4 8 4 50 9 20 57 24 4 19 4 30 4 50 22 20 49 14 4 49 4 41 4 89 45 4 37 4 23 4 19 4 16 9 4 23 4 56 15 4 31 4 37 4 89 49 4 32 4 98 41 4 37 4 30 4 60 18 4 51 4 32 4 56 8 4 10 4 10 29 4 11 4 45 37 4 102 11 4 43 4 50 4 102 21 4 43 4 83 37 4 40 4 68 38 4 44 4 20 25 4 44 4 82 9 4 36 4 11 28 4 6 4 109 21 4 15 4 71 31 4 16 4 2 29 4 53 4 30 4 78 34 4 9 4 51 23 4 11 4 20 4 3 42 4 39 4 42 4 10 15 4 29 4 33 4 35 4 50 27 4 32 4 14 4 34 4 48 25 4 54 4 23 4 53 43 4 51 4 86 35 4 38 4 38 4 92 58 4 10 4 30 4 85 23 4 28 4 44 4 90 49 4 31 4 41 4 8 50 16 34 16 107 12 4 8 40 16 34 16 64 58 4 46 4 56 17 4 36 4 53 4 83 53 4 5 4 21 4 5 4 40 21 4 29 4 5 29 4 16 4 26 4 49 4 87 20 4 25 4 10 4 58 32 4 52 4 52 4 80 52 4 7 4 60 4 78 36 4 12 4 44 4 51 49 4 41 4 43 4 42 4 91 47 4 9 4 35 4 25 4 115 8 4 14 4 40 4 28 12 4 31 4 30 4 65 28 4 9 4 40 4 
iteration 598 best: 0.970855 time: 175289
86 5 4 6 4 8 4 78 48 4 27 4 92 16 4 33 4 28 4 66 46 4 25 4 24 4 3 49 4 35 4 54 4 36 42 4 6 4 43 4 51 4 112 37 4 9 4 47 4 97 6 4 42 4 39 12 4 13 4 69 16 4 27 4 33 4 57 4 58 14 4 37 4 94 12 4 18 4 27 25 4 28 4 46 4 27 4 31 4 73 36 4 31 4 21 4 35 4 66 28 4 29 4 66 35 4 38 4 43 4 26 4 51 23 4 24 4 23 4 80 9 4 11 4 101 22 4 8 4 50 9 20 57 24 4 19 4 30 4 50 22 20 49 14 4 49 4 41 4 89 45 4 37 4 23 4 19 4 16 9 4 23 4 56 15 4 31 4 37 4 89 49 4 32 4 98 41 4 37 4 30 4 60 18 4 51 4 32 4 56 8 4 10 4 10 29 4 11 4 45 37 4 102 11 4 43 4 50 4 102 21 4 43 4 83 37 4 40 4 68 38 4 44 4 20 25 4 44 4 82 9 4 36 4 11 28 4 6 4 109 21 4 15 4 71 31 4 16 4 2 29 4 53 4 30 4 78 34 4 9 4 51 23 4 11 4 20 4 3 42 4 39 4 42 4 10 15 4 29 4 33 4 35 4 50 27 4 32 4 14 4 34 4 48 25 4 54 4 23 4 53 43 4 51 4 86 35 4 38 4 38 4 92 58 4 10 4 30 4 85 23 4 28 4 44 4 90 49 4 31 4 41 4 8 50 16 34 16 107 12 4 8 40 16 34 16 64 58 4 46 4 56 17 4 36 4 53 4 83 53 4 5 4 21 4 5 4 40 21 4 29 4 5 29 4 16 4 26 4 49 4 87 20 4 25 4 10 4 58 32 4 52 4 52 4 80 52 4 7 4 60 4 78 36 4 12 4 44 4 51 49 4 41 4 43 4 42 4 91 47 4 9 4 35 4 25 4 115 8 4 14 4 40 4 28 12 4 31 4 30 4 65 28 4 9 4 40 4 
iteration 623 best: 0.970855 time: 182591
86 5 4 6 4 8 4 78 48 4 27 4 92 16 4 33 4 28 4 66 46 4 25 4 24 4 3 49 4 35 4 54 4 36 42 4 6 4 43 4 51 4 112 37 4 9 4 47 4 97 6 4 42 4 39 12 4 13 4 69 16 4 27 4 33 4 57 4 58 14 4 37 4 94 12 4 18 4 27 25 4 28 4 46 4 27 4 31 4 73 36 4 31 4 21 4 35 4 66 28 4 29 4 66 35 4 38 4 43 4 26 4 51 23 4 24 4 23 4 80 9 4 11 4 101 22 4 8 4 50 9 20 57 24 4 19 4 30 4 50 22 20 49 14 4 49 4 41 4 89 45 4 37 4 23 4 19 4 16 9 4 23 4 56 15 4 31 4 37 4 89 49 4 32 4 98 41 4 37 4 30 4 60 18 4 51 4 32 4 56 8 4 10 4 10 29 4 11 4 45 37 4 102 11 4 43 4 50 4 102 21 4 43 4 83 37 4 40 4 68 38 4 44 4 20 25 4 44 4 82 9 4 36 4 11 28 4 6 4 109 21 4 15 4 71 31 4 16 4 2 29 4 53 4 30 4 78 34 4 9 4 51 23 4 11 4 20 4 3 42 4 39 4 42 4 10 15 4 29 4 33 4 35 4 50 27 4 32 4 14 4 34 4 48 25 4 54 4 23 4 53 43 4 51 4 86 35 4 38 4 38 4 92 58 4 10 4 30 4 85 23 4 28 4 44 4 90 49 4 31 4 41 4 8 50 16 34 16 107 12 4 8 40 16 34 16 64 58 4 46 4 56 17 4 36 4 53 4 83 53 4 5 4 21 4 5 4 40 21 4 29 4 5 29 4 16 4 26 4 49 4 87 20 4 25 4 10 4 58 32 4 52 4 52 4 80 52 4 7 4 60 4 78 36 4 12 4 44 4 51 49 4 41 4 43 4 42 4 91 47 4 9 4 35 4 25 4 115 8 4 14 4 40 4 28 12 4 31 4 30 4 65 28 4 9 4 40 4 
iteration 648 best: 0.970855 time: 189869
86 5 4 6 4 8 4 78 48 4 27 4 92 16 4 33 4 28 4 66 46 4 25 4 24 4 3 49 4 35 4 54 4 36 42 4 6 4 43 4 51 4 112 37 4 9 4 47 4 97 6 4 42 4 39 12 4 13 4 69 16 4 27 4 33 4 57 4 58 14 4 37 4 94 12 4 18 4 27 25 4 28 4 46 4 27 4 31 4 73 36 4 31 4 21 4 35 4 66 28 4 29 4 66 35 4 38 4 43 4 26 4 51 23 4 24 4 23 4 80 9 4 11 4 101 22 4 8 4 50 9 20 57 24 4 19 4 30 4 50 22 20 49 14 4 49 4 41 4 89 45 4 37 4 23 4 19 4 16 9 4 23 4 56 15 4 31 4 37 4 89 49 4 32 4 98 41 4 37 4 30 4 60 18 4 51 4 32 4 56 8 4 10 4 10 29 4 11 4 45 37 4 102 11 4 43 4 50 4 102 21 4 43 4 83 37 4 40 4 68 38 4 44 4 20 25 4 44 4 82 9 4 36 4 11 28 4 6 4 109 21 4 15 4 71 31 4 16 4 2 29 4 53 4 30 4 78 34 4 9 4 51 23 4 11 4 20 4 3 42 4 39 4 42 4 10 15 4 29 4 33 4 35 4 50 27 4 32 4 14 4 34 4 48 25 4 54 4 23 4 53 43 4 51 4 86 35 4 38 4 38 4 92 58 4 10 4 30 4 85 23 4 28 4 44 4 90 49 4 31 4 41 4 8 50 16 34 16 107 12 4 8 40 16 34 16 64 58 4 46 4 56 17 4 36 4 53 4 83 53 4 5 4 21 4 5 4 40 21 4 29 4 5 29 4 16 4 26 4 49 4 87 20 4 25 4 10 4 58 32 4 52 4 52 4 80 52 4 7 4 60 4 78 36 4 12 4 44 4 51 49 4 41 4 43 4 42 4 91 47 4 9 4 35 4 25 4 115 8 4 14 4 40 4 28 12 4 31 4 30 4 65 28 4 9 4 40 4 
iteration 673 best: 0.970855 time: 197138
86 5 4 6 4 8 4 78 48 4 27 4 92 16 4 33 4 28 4 66 46 4 25 4 24 4 3 49 4 35 4 54 4 36 42 4 6 4 43 4 51 4 112 37 4 9 4 47 4 97 6 4 42 4 39 12 4 13 4 69 16 4 27 4 33 4 57 4 58 14 4 37 4 94 12 4 18 4 27 25 4 28 4 46 4 27 4 31 4 73 36 4 31 4 21 4 35 4 66 28 4 29 4 66 35 4 38 4 43 4 26 4 51 23 4 24 4 23 4 80 9 4 11 4 101 22 4 8 4 50 9 20 57 24 4 19 4 30 4 50 22 20 49 14 4 49 4 41 4 89 45 4 37 4 23 4 19 4 16 9 4 23 4 56 15 4 31 4 37 4 89 49 4 32 4 98 41 4 37 4 30 4 60 18 4 51 4 32 4 56 8 4 10 4 10 29 4 11 4 45 37 4 102 11 4 43 4 50 4 102 21 4 43 4 83 37 4 40 4 68 38 4 44 4 20 25 4 44 4 82 9 4 36 4 11 28 4 6 4 109 21 4 15 4 71 31 4 16 4 2 29 4 53 4 30 4 78 34 4 9 4 51 23 4 11 4 20 4 3 42 4 39 4 42 4 10 15 4 29 4 33 4 35 4 50 27 4 32 4 14 4 34 4 48 25 4 54 4 23 4 53 43 4 51 4 86 35 4 38 4 38 4 92 58 4 10 4 30 4 85 23 4 28 4 44 4 90 49 4 31 4 41 4 8 50 16 34 16 107 12 4 8 40 16 34 16 64 58 4 46 4 56 17 4 36 4 53 4 83 53 4 5 4 21 4 5 4 40 21 4 29 4 5 29 4 16 4 26 4 49 4 87 20 4 25 4 10 4 58 32 4 52 4 52 4 80 52 4 7 4 60 4 78 36 4 12 4 44 4 51 49 4 41 4 43 4 42 4 91 47 4 9 4 35 4 25 4 115 8 4 14 4 40 4 28 12 4 31 4 30 4 65 28 4 9 4 40 4 
iteration 698 best: 0.970855 time: 204435
86 5 4 6 4 8 4 78 48 4 27 4 92 16 4 33 4 28 4 66 46 4 25 4 24 4 3 49 4 35 4 54 4 36 42 4 6 4 43 4 51 4 112 37 4 9 4 47 4 97 6 4 42 4 39 12 4 13 4 69 16 4 27 4 33 4 57 4 58 14 4 37 4 94 12 4 18 4 27 25 4 28 4 46 4 27 4 31 4 73 36 4 31 4 21 4 35 4 66 28 4 29 4 66 35 4 38 4 43 4 26 4 51 23 4 24 4 23 4 80 9 4 11 4 101 22 4 8 4 50 9 20 57 24 4 19 4 30 4 50 22 20 49 14 4 49 4 41 4 89 45 4 37 4 23 4 19 4 16 9 4 23 4 56 15 4 31 4 37 4 89 49 4 32 4 98 41 4 37 4 30 4 60 18 4 51 4 32 4 56 8 4 10 4 10 29 4 11 4 45 37 4 102 11 4 43 4 50 4 102 21 4 43 4 83 37 4 40 4 68 38 4 44 4 20 25 4 44 4 82 9 4 36 4 11 28 4 6 4 109 21 4 15 4 71 31 4 16 4 2 29 4 53 4 30 4 78 34 4 9 4 51 23 4 11 4 20 4 3 42 4 39 4 42 4 10 15 4 29 4 33 4 35 4 50 27 4 32 4 14 4 34 4 48 25 4 54 4 23 4 53 43 4 51 4 86 35 4 38 4 38 4 92 58 4 10 4 30 4 85 23 4 28 4 44 4 90 49 4 31 4 41 4 8 50 16 34 16 107 12 4 8 40 16 34 16 64 58 4 46 4 56 17 4 36 4 53 4 83 53 4 5 4 21 4 5 4 40 21 4 29 4 5 29 4 16 4 26 4 49 4 87 20 4 25 4 10 4 58 32 4 52 4 52 4 80 52 4 7 4 60 4 78 36 4 12 4 44 4 51 49 4 41 4 43 4 42 4 91 47 4 9 4 35 4 25 4 115 8 4 14 4 40 4 28 12 4 31 4 30 4 65 28 4 9 4 40 4 
iteration 723 best: 0.970855 time: 211706
86 5 4 6 4 8 4 78 48 4 27 4 92 16 4 33 4 28 4 66 46 4 25 4 24 4 3 49 4 35 4 54 4 36 42 4 6 4 43 4 51 4 112 37 4 9 4 47 4 97 6 4 42 4 39 12 4 13 4 69 16 4 27 4 33 4 57 4 58 14 4 37 4 94 12 4 18 4 27 25 4 28 4 46 4 27 4 31 4 73 36 4 31 4 21 4 35 4 66 28 4 29 4 66 35 4 38 4 43 4 26 4 51 23 4 24 4 23 4 80 9 4 11 4 101 22 4 8 4 50 9 20 57 24 4 19 4 30 4 50 22 20 49 14 4 49 4 41 4 89 45 4 37 4 23 4 19 4 16 9 4 23 4 56 15 4 31 4 37 4 89 49 4 32 4 98 41 4 37 4 30 4 60 18 4 51 4 32 4 56 8 4 10 4 10 29 4 11 4 45 37 4 102 11 4 43 4 50 4 102 21 4 43 4 83 37 4 40 4 68 38 4 44 4 20 25 4 44 4 82 9 4 36 4 11 28 4 6 4 109 21 4 15 4 71 31 4 16 4 2 29 4 53 4 30 4 78 34 4 9 4 51 23 4 11 4 20 4 3 42 4 39 4 42 4 10 15 4 29 4 33 4 35 4 50 27 4 32 4 14 4 34 4 48 25 4 54 4 23 4 53 43 4 51 4 86 35 4 38 4 38 4 92 58 4 10 4 30 4 85 23 4 28 4 44 4 90 49 4 31 4 41 4 8 50 16 34 16 107 12 4 8 40 16 34 16 64 58 4 46 4 56 17 4 36 4 53 4 83 53 4 5 4 21 4 5 4 40 21 4 29 4 5 29 4 16 4 26 4 49 4 87 20 4 25 4 10 4 58 32 4 52 4 52 4 80 52 4 7 4 60 4 78 36 4 12 4 44 4 51 49 4 41 4 43 4 42 4 91 47 4 9 4 35 4 25 4 115 8 4 14 4 40 4 28 12 4 31 4 30 4 65 28 4 9 4 40 4 
iteration 748 best: 0.970855 time: 219026
86 5 4 6 4 8 4 78 48 4 27 4 92 16 4 33 4 28 4 66 46 4 25 4 24 4 3 49 4 35 4 54 4 36 42 4 6 4 43 4 51 4 112 37 4 9 4 47 4 97 6 4 42 4 39 12 4 13 4 69 16 4 27 4 33 4 57 4 58 14 4 37 4 94 12 4 18 4 27 25 4 28 4 46 4 27 4 31 4 73 36 4 31 4 21 4 35 4 66 28 4 29 4 66 35 4 38 4 43 4 26 4 51 23 4 24 4 23 4 80 9 4 11 4 101 22 4 8 4 50 9 20 57 24 4 19 4 30 4 50 22 20 49 14 4 49 4 41 4 89 45 4 37 4 23 4 19 4 16 9 4 23 4 56 15 4 31 4 37 4 89 49 4 32 4 98 41 4 37 4 30 4 60 18 4 51 4 32 4 56 8 4 10 4 10 29 4 11 4 45 37 4 102 11 4 43 4 50 4 102 21 4 43 4 83 37 4 40 4 68 38 4 44 4 20 25 4 44 4 82 9 4 36 4 11 28 4 6 4 109 21 4 15 4 71 31 4 16 4 2 29 4 53 4 30 4 78 34 4 9 4 51 23 4 11 4 20 4 3 42 4 39 4 42 4 10 15 4 29 4 33 4 35 4 50 27 4 32 4 14 4 34 4 48 25 4 54 4 23 4 53 43 4 51 4 86 35 4 38 4 38 4 92 58 4 10 4 30 4 85 23 4 28 4 44 4 90 49 4 31 4 41 4 8 50 16 34 16 107 12 4 8 40 16 34 16 64 58 4 46 4 56 17 4 36 4 53 4 83 53 4 5 4 21 4 5 4 40 21 4 29 4 5 29 4 16 4 26 4 49 4 87 20 4 25 4 10 4 58 32 4 52 4 52 4 80 52 4 7 4 60 4 78 36 4 12 4 44 4 51 49 4 41 4 43 4 42 4 91 47 4 9 4 35 4 25 4 115 8 4 14 4 40 4 28 12 4 31 4 30 4 65 28 4 9 4 40 4 
iteration 773 best: 0.970855 time: 226362
86 5 4 6 4 8 4 78 48 4 27 4 92 16 4 33 4 28 4 66 46 4 25 4 24 4 3 49 4 35 4 54 4 36 42 4 6 4 43 4 51 4 112 37 4 9 4 47 4 97 6 4 42 4 39 12 4 13 4 69 16 4 27 4 33 4 57 4 58 14 4 37 4 94 12 4 18 4 27 25 4 28 4 46 4 27 4 31 4 73 36 4 31 4 21 4 35 4 66 28 4 29 4 66 35 4 38 4 43 4 26 4 51 23 4 24 4 23 4 80 9 4 11 4 101 22 4 8 4 50 9 20 57 24 4 19 4 30 4 50 22 20 49 14 4 49 4 41 4 89 45 4 37 4 23 4 19 4 16 9 4 23 4 56 15 4 31 4 37 4 89 49 4 32 4 98 41 4 37 4 30 4 60 18 4 51 4 32 4 56 8 4 10 4 10 29 4 11 4 45 37 4 102 11 4 43 4 50 4 102 21 4 43 4 83 37 4 40 4 68 38 4 44 4 20 25 4 44 4 82 9 4 36 4 11 28 4 6 4 109 21 4 15 4 71 31 4 16 4 2 29 4 53 4 30 4 78 34 4 9 4 51 23 4 11 4 20 4 3 42 4 39 4 42 4 10 15 4 29 4 33 4 35 4 50 27 4 32 4 14 4 34 4 48 25 4 54 4 23 4 53 43 4 51 4 86 35 4 38 4 38 4 92 58 4 10 4 30 4 85 23 4 28 4 44 4 90 49 4 31 4 41 4 8 50 16 34 16 107 12 4 8 40 16 34 16 64 58 4 46 4 56 17 4 36 4 53 4 83 53 4 5 4 21 4 5 4 40 21 4 29 4 5 29 4 16 4 26 4 49 4 87 20 4 25 4 10 4 58 32 4 52 4 52 4 80 52 4 7 4 60 4 78 36 4 12 4 44 4 51 49 4 41 4 43 4 42 4 91 47 4 9 4 35 4 25 4 115 8 4 14 4 40 4 28 12 4 31 4 30 4 65 28 4 9 4 40 4 
iteration 798 best: 0.970855 time: 233684
86 5 4 6 4 8 4 78 48 4 27 4 92 16 4 33 4 28 4 66 46 4 25 4 24 4 3 49 4 35 4 54 4 36 42 4 6 4 43 4 51 4 112 37 4 9 4 47 4 97 6 4 42 4 39 12 4 13 4 69 16 4 27 4 33 4 57 4 58 14 4 37 4 94 12 4 18 4 27 25 4 28 4 46 4 27 4 31 4 73 36 4 31 4 21 4 35 4 66 28 4 29 4 66 35 4 38 4 43 4 26 4 51 23 4 24 4 23 4 80 9 4 11 4 101 22 4 8 4 50 9 20 57 24 4 19 4 30 4 50 22 20 49 14 4 49 4 41 4 89 45 4 37 4 23 4 19 4 16 9 4 23 4 56 15 4 31 4 37 4 89 49 4 32 4 98 41 4 37 4 30 4 60 18 4 51 4 32 4 56 8 4 10 4 10 29 4 11 4 45 37 4 102 11 4 43 4 50 4 102 21 4 43 4 83 37 4 40 4 68 38 4 44 4 20 25 4 44 4 82 9 4 36 4 11 28 4 6 4 109 21 4 15 4 71 31 4 16 4 2 29 4 53 4 30 4 78 34 4 9 4 51 23 4 11 4 20 4 3 42 4 39 4 42 4 10 15 4 29 4 33 4 35 4 50 27 4 32 4 14 4 34 4 48 25 4 54 4 23 4 53 43 4 51 4 86 35 4 38 4 38 4 92 58 4 10 4 30 4 85 23 4 28 4 44 4 90 49 4 31 4 41 4 8 50 16 34 16 107 12 4 8 40 16 34 16 64 58 4 46 4 56 17 4 36 4 53 4 83 53 4 5 4 21 4 5 4 40 21 4 29 4 5 29 4 16 4 26 4 49 4 87 20 4 25 4 10 4 58 32 4 52 4 52 4 80 52 4 7 4 60 4 78 36 4 12 4 44 4 51 49 4 41 4 43 4 42 4 91 47 4 9 4 35 4 25 4 115 8 4 14 4 40 4 28 12 4 31 4 30 4 65 28 4 9 4 40 4 
iteration 823 best: 0.970855 time: 240986
86 5 4 6 4 8 4 78 48 4 27 4 92 16 4 33 4 28 4 66 46 4 25 4 24 4 3 49 4 35 4 54 4 36 42 4 6 4 43 4 51 4 112 37 4 9 4 47 4 97 6 4 42 4 39 12 4 13 4 69 16 4 27 4 33 4 57 4 58 14 4 37 4 94 12 4 18 4 27 25 4 28 4 46 4 27 4 31 4 73 36 4 31 4 21 4 35 4 66 28 4 29 4 66 35 4 38 4 43 4 26 4 51 23 4 24 4 23 4 80 9 4 11 4 101 22 4 8 4 50 9 20 57 24 4 19 4 30 4 50 22 20 49 14 4 49 4 41 4 89 45 4 37 4 23 4 19 4 16 9 4 23 4 56 15 4 31 4 37 4 89 49 4 32 4 98 41 4 37 4 30 4 60 18 4 51 4 32 4 56 8 4 10 4 10 29 4 11 4 45 37 4 102 11 4 43 4 50 4 102 21 4 43 4 83 37 4 40 4 68 38 4 44 4 20 25 4 44 4 82 9 4 36 4 11 28 4 6 4 109 21 4 15 4 71 31 4 16 4 2 29 4 53 4 30 4 78 34 4 9 4 51 23 4 11 4 20 4 3 42 4 39 4 42 4 10 15 4 29 4 33 4 35 4 50 27 4 32 4 14 4 34 4 48 25 4 54 4 23 4 53 43 4 51 4 86 35 4 38 4 38 4 92 58 4 10 4 30 4 85 23 4 28 4 44 4 90 49 4 31 4 41 4 8 50 16 34 16 107 12 4 8 40 16 34 16 64 58 4 46 4 56 17 4 36 4 53 4 83 53 4 5 4 21 4 5 4 40 21 4 29 4 5 29 4 16 4 26 4 49 4 87 20 4 25 4 10 4 58 32 4 52 4 52 4 80 52 4 7 4 60 4 78 36 4 12 4 44 4 51 49 4 41 4 43 4 42 4 91 47 4 9 4 35 4 25 4 115 8 4 14 4 40 4 28 12 4 31 4 30 4 65 28 4 9 4 40 4 
iteration 848 best: 0.970855 time: 248291
86 5 4 6 4 8 4 78 48 4 27 4 92 16 4 33 4 28 4 66 46 4 25 4 24 4 3 49 4 35 4 54 4 36 42 4 6 4 43 4 51 4 112 37 4 9 4 47 4 97 6 4 42 4 39 12 4 13 4 69 16 4 27 4 33 4 57 4 58 14 4 37 4 94 12 4 18 4 27 25 4 28 4 46 4 27 4 31 4 73 36 4 31 4 21 4 35 4 66 28 4 29 4 66 35 4 38 4 43 4 26 4 51 23 4 24 4 23 4 80 9 4 11 4 101 22 4 8 4 50 9 20 57 24 4 19 4 30 4 50 22 20 49 14 4 49 4 41 4 89 45 4 37 4 23 4 19 4 16 9 4 23 4 56 15 4 31 4 37 4 89 49 4 32 4 98 41 4 37 4 30 4 60 18 4 51 4 32 4 56 8 4 10 4 10 29 4 11 4 45 37 4 102 11 4 43 4 50 4 102 21 4 43 4 83 37 4 40 4 68 38 4 44 4 20 25 4 44 4 82 9 4 36 4 11 28 4 6 4 109 21 4 15 4 71 31 4 16 4 2 29 4 53 4 30 4 78 34 4 9 4 51 23 4 11 4 20 4 3 42 4 39 4 42 4 10 15 4 29 4 33 4 35 4 50 27 4 32 4 14 4 34 4 48 25 4 54 4 23 4 53 43 4 51 4 86 35 4 38 4 38 4 92 58 4 10 4 30 4 85 23 4 28 4 44 4 90 49 4 31 4 41 4 8 50 16 34 16 107 12 4 8 40 16 34 16 64 58 4 46 4 56 17 4 36 4 53 4 83 53 4 5 4 21 4 5 4 40 21 4 29 4 5 29 4 16 4 26 4 49 4 87 20 4 25 4 10 4 58 32 4 52 4 52 4 80 52 4 7 4 60 4 78 36 4 12 4 44 4 51 49 4 41 4 43 4 42 4 91 47 4 9 4 35 4 25 4 115 8 4 14 4 40 4 28 12 4 31 4 30 4 65 28 4 9 4 40 4 
iteration 873 best: 0.970855 time: 255587
86 5 4 6 4 8 4 78 48 4 27 4 92 16 4 33 4 28 4 66 46 4 25 4 24 4 3 49 4 35 4 54 4 36 42 4 6 4 43 4 51 4 112 37 4 9 4 47 4 97 6 4 42 4 39 12 4 13 4 69 16 4 27 4 33 4 57 4 58 14 4 37 4 94 12 4 18 4 27 25 4 28 4 46 4 27 4 31 4 73 36 4 31 4 21 4 35 4 66 28 4 29 4 66 35 4 38 4 43 4 26 4 51 23 4 24 4 23 4 80 9 4 11 4 101 22 4 8 4 50 9 20 57 24 4 19 4 30 4 50 22 20 49 14 4 49 4 41 4 89 45 4 37 4 23 4 19 4 16 9 4 23 4 56 15 4 31 4 37 4 89 49 4 32 4 98 41 4 37 4 30 4 60 18 4 51 4 32 4 56 8 4 10 4 10 29 4 11 4 45 37 4 102 11 4 43 4 50 4 102 21 4 43 4 83 37 4 40 4 68 38 4 44 4 20 25 4 44 4 82 9 4 36 4 11 28 4 6 4 109 21 4 15 4 71 31 4 16 4 2 29 4 53 4 30 4 78 34 4 9 4 51 23 4 11 4 20 4 3 42 4 39 4 42 4 10 15 4 29 4 33 4 35 4 50 27 4 32 4 14 4 34 4 48 25 4 54 4 23 4 53 43 4 51 4 86 35 4 38 4 38 4 92 58 4 10 4 30 4 85 23 4 28 4 44 4 90 49 4 31 4 41 4 8 50 16 34 16 107 12 4 8 40 16 34 16 64 58 4 46 4 56 17 4 36 4 53 4 83 53 4 5 4 21 4 5 4 40 21 4 29 4 5 29 4 16 4 26 4 49 4 87 20 4 25 4 10 4 58 32 4 52 4 52 4 80 52 4 7 4 60 4 78 36 4 12 4 44 4 51 49 4 41 4 43 4 42 4 91 47 4 9 4 35 4 25 4 115 8 4 14 4 40 4 28 12 4 31 4 30 4 65 28 4 9 4 40 4 
iteration 898 best: 0.970855 time: 262868
86 5 4 6 4 8 4 78 48 4 27 4 92 16 4 33 4 28 4 66 46 4 25 4 24 4 3 49 4 35 4 54 4 36 42 4 6 4 43 4 51 4 112 37 4 9 4 47 4 97 6 4 42 4 39 12 4 13 4 69 16 4 27 4 33 4 57 4 58 14 4 37 4 94 12 4 18 4 27 25 4 28 4 46 4 27 4 31 4 73 36 4 31 4 21 4 35 4 66 28 4 29 4 66 35 4 38 4 43 4 26 4 51 23 4 24 4 23 4 80 9 4 11 4 101 22 4 8 4 50 9 20 57 24 4 19 4 30 4 50 22 20 49 14 4 49 4 41 4 89 45 4 37 4 23 4 19 4 16 9 4 23 4 56 15 4 31 4 37 4 89 49 4 32 4 98 41 4 37 4 30 4 60 18 4 51 4 32 4 56 8 4 10 4 10 29 4 11 4 45 37 4 102 11 4 43 4 50 4 102 21 4 43 4 83 37 4 40 4 68 38 4 44 4 20 25 4 44 4 82 9 4 36 4 11 28 4 6 4 109 21 4 15 4 71 31 4 16 4 2 29 4 53 4 30 4 78 34 4 9 4 51 23 4 11 4 20 4 3 42 4 39 4 42 4 10 15 4 29 4 33 4 35 4 50 27 4 32 4 14 4 34 4 48 25 4 54 4 23 4 53 43 4 51 4 86 35 4 38 4 38 4 92 58 4 10 4 30 4 85 23 4 28 4 44 4 90 49 4 31 4 41 4 8 50 16 34 16 107 12 4 8 40 16 34 16 64 58 4 46 4 56 17 4 36 4 53 4 83 53 4 5 4 21 4 5 4 40 21 4 29 4 5 29 4 16 4 26 4 49 4 87 20 4 25 4 10 4 58 32 4 52 4 52 4 80 52 4 7 4 60 4 78 36 4 12 4 44 4 51 49 4 41 4 43 4 42 4 91 47 4 9 4 35 4 25 4 115 8 4 14 4 40 4 28 12 4 31 4 30 4 65 28 4 9 4 40 4 
iteration 923 best: 0.970855 time: 270159
86 5 4 6 4 8 4 78 48 4 27 4 92 16 4 33 4 28 4 66 46 4 25 4 24 4 3 49 4 35 4 54 4 36 42 4 6 4 43 4 51 4 112 37 4 9 4 47 4 97 6 4 42 4 39 12 4 13 4 69 16 4 27 4 33 4 57 4 58 14 4 37 4 94 12 4 18 4 27 25 4 28 4 46 4 27 4 31 4 73 36 4 31 4 21 4 35 4 66 28 4 29 4 66 35 4 38 4 43 4 26 4 51 23 4 24 4 23 4 80 9 4 11 4 101 22 4 8 4 50 9 20 57 24 4 19 4 30 4 50 22 20 49 14 4 49 4 41 4 89 45 4 37 4 23 4 19 4 16 9 4 23 4 56 15 4 31 4 37 4 89 49 4 32 4 98 41 4 37 4 30 4 60 18 4 51 4 32 4 56 8 4 10 4 10 29 4 11 4 45 37 4 102 11 4 43 4 50 4 102 21 4 43 4 83 37 4 40 4 68 38 4 44 4 20 25 4 44 4 82 9 4 36 4 11 28 4 6 4 109 21 4 15 4 71 31 4 16 4 2 29 4 53 4 30 4 78 34 4 9 4 51 23 4 11 4 20 4 3 42 4 39 4 42 4 10 15 4 29 4 33 4 35 4 50 27 4 32 4 14 4 34 4 48 25 4 54 4 23 4 53 43 4 51 4 86 35 4 38 4 38 4 92 58 4 10 4 30 4 85 23 4 28 4 44 4 90 49 4 31 4 41 4 8 50 16 34 16 107 12 4 8 40 16 34 16 64 58 4 46 4 56 17 4 36 4 53 4 83 53 4 5 4 21 4 5 4 40 21 4 29 4 5 29 4 16 4 26 4 49 4 87 20 4 25 4 10 4 58 32 4 52 4 52 4 80 52 4 7 4 60 4 78 36 4 12 4 44 4 51 49 4 41 4 43 4 42 4 91 47 4 9 4 35 4 25 4 115 8 4 14 4 40 4 28 12 4 31 4 30 4 65 28 4 9 4 40 4 
iteration 948 best: 0.970855 time: 277436
86 5 4 6 4 8 4 78 48 4 27 4 92 16 4 33 4 28 4 66 46 4 25 4 24 4 3 49 4 35 4 54 4 36 42 4 6 4 43 4 51 4 112 37 4 9 4 47 4 97 6 4 42 4 39 12 4 13 4 69 16 4 27 4 33 4 57 4 58 14 4 37 4 94 12 4 18 4 27 25 4 28 4 46 4 27 4 31 4 73 36 4 31 4 21 4 35 4 66 28 4 29 4 66 35 4 38 4 43 4 26 4 51 23 4 24 4 23 4 80 9 4 11 4 101 22 4 8 4 50 9 20 57 24 4 19 4 30 4 50 22 20 49 14 4 49 4 41 4 89 45 4 37 4 23 4 19 4 16 9 4 23 4 56 15 4 31 4 37 4 89 49 4 32 4 98 41 4 37 4 30 4 60 18 4 51 4 32 4 56 8 4 10 4 10 29 4 11 4 45 37 4 102 11 4 43 4 50 4 102 21 4 43 4 83 37 4 40 4 68 38 4 44 4 20 25 4 44 4 82 9 4 36 4 11 28 4 6 4 109 21 4 15 4 71 31 4 16 4 2 29 4 53 4 30 4 78 34 4 9 4 51 23 4 11 4 20 4 3 42 4 39 4 42 4 10 15 4 29 4 33 4 35 4 50 27 4 32 4 14 4 34 4 48 25 4 54 4 23 4 53 43 4 51 4 86 35 4 38 4 38 4 92 58 4 10 4 30 4 85 23 4 28 4 44 4 90 49 4 31 4 41 4 8 50 16 34 16 107 12 4 8 40 16 34 16 64 58 4 46 4 56 17 4 36 4 53 4 83 53 4 5 4 21 4 5 4 40 21 4 29 4 5 29 4 16 4 26 4 49 4 87 20 4 25 4 10 4 58 32 4 52 4 52 4 80 52 4 7 4 60 4 78 36 4 12 4 44 4 51 49 4 41 4 43 4 42 4 91 47 4 9 4 35 4 25 4 115 8 4 14 4 40 4 28 12 4 31 4 30 4 65 28 4 9 4 40 4 
iteration 973 best: 0.970855 time: 284719
86 5 4 6 4 8 4 78 48 4 27 4 92 16 4 33 4 28 4 66 46 4 25 4 24 4 3 49 4 35 4 54 4 36 42 4 6 4 43 4 51 4 112 37 4 9 4 47 4 97 6 4 42 4 39 12 4 13 4 69 16 4 27 4 33 4 57 4 58 14 4 37 4 94 12 4 18 4 27 25 4 28 4 46 4 27 4 31 4 73 36 4 31 4 21 4 35 4 66 28 4 29 4 66 35 4 38 4 43 4 26 4 51 23 4 24 4 23 4 80 9 4 11 4 101 22 4 8 4 50 9 20 57 24 4 19 4 30 4 50 22 20 49 14 4 49 4 41 4 89 45 4 37 4 23 4 19 4 16 9 4 23 4 56 15 4 31 4 37 4 89 49 4 32 4 98 41 4 37 4 30 4 60 18 4 51 4 32 4 56 8 4 10 4 10 29 4 11 4 45 37 4 102 11 4 43 4 50 4 102 21 4 43 4 83 37 4 40 4 68 38 4 44 4 20 25 4 44 4 82 9 4 36 4 11 28 4 6 4 109 21 4 15 4 71 31 4 16 4 2 29 4 53 4 30 4 78 34 4 9 4 51 23 4 11 4 20 4 3 42 4 39 4 42 4 10 15 4 29 4 33 4 35 4 50 27 4 32 4 14 4 34 4 48 25 4 54 4 23 4 53 43 4 51 4 86 35 4 38 4 38 4 92 58 4 10 4 30 4 85 23 4 28 4 44 4 90 49 4 31 4 41 4 8 50 16 34 16 107 12 4 8 40 16 34 16 64 58 4 46 4 56 17 4 36 4 53 4 83 53 4 5 4 21 4 5 4 40 21 4 29 4 5 29 4 16 4 26 4 49 4 87 20 4 25 4 10 4 58 32 4 52 4 52 4 80 52 4 7 4 60 4 78 36 4 12 4 44 4 51 49 4 41 4 43 4 42 4 91 47 4 9 4 35 4 25 4 115 8 4 14 4 40 4 28 12 4 31 4 30 4 65 28 4 9 4 40 4 
iteration 998 best: 0.970855 time: 291998
86 5 4 6 4 8 4 78 48 4 27 4 92 16 4 33 4 28 4 66 46 4 25 4 24 4 3 49 4 35 4 54 4 36 42 4 6 4 43 4 51 4 112 37 4 9 4 47 4 97 6 4 42 4 39 12 4 13 4 69 16 4 27 4 33 4 57 4 58 14 4 37 4 94 12 4 18 4 27 25 4 28 4 46 4 27 4 31 4 73 36 4 31 4 21 4 35 4 66 28 4 29 4 66 35 4 38 4 43 4 26 4 51 23 4 24 4 23 4 80 9 4 11 4 101 22 4 8 4 50 9 20 57 24 4 19 4 30 4 50 22 20 49 14 4 49 4 41 4 89 45 4 37 4 23 4 19 4 16 9 4 23 4 56 15 4 31 4 37 4 89 49 4 32 4 98 41 4 37 4 30 4 60 18 4 51 4 32 4 56 8 4 10 4 10 29 4 11 4 45 37 4 102 11 4 43 4 50 4 102 21 4 43 4 83 37 4 40 4 68 38 4 44 4 20 25 4 44 4 82 9 4 36 4 11 28 4 6 4 109 21 4 15 4 71 31 4 16 4 2 29 4 53 4 30 4 78 34 4 9 4 51 23 4 11 4 20 4 3 42 4 39 4 42 4 10 15 4 29 4 33 4 35 4 50 27 4 32 4 14 4 34 4 48 25 4 54 4 23 4 53 43 4 51 4 86 35 4 38 4 38 4 92 58 4 10 4 30 4 85 23 4 28 4 44 4 90 49 4 31 4 41 4 8 50 16 34 16 107 12 4 8 40 16 34 16 64 58 4 46 4 56 17 4 36 4 53 4 83 53 4 5 4 21 4 5 4 40 21 4 29 4 5 29 4 16 4 26 4 49 4 87 20 4 25 4 10 4 58 32 4 52 4 52 4 80 52 4 7 4 60 4 78 36 4 12 4 44 4 51 49 4 41 4 43 4 42 4 91 47 4 9 4 35 4 25 4 115 8 4 14 4 40 4 28 12 4 31 4 30 4 65 28 4 9 4 40 4 
iteration 1023 best: 0.970855 time: 299273
86 5 4 6 4 8 4 78 48 4 27 4 92 16 4 33 4 28 4 66 46 4 25 4 24 4 3 49 4 35 4 54 4 36 42 4 6 4 43 4 51 4 112 37 4 9 4 47 4 97 6 4 42 4 39 12 4 13 4 69 16 4 27 4 33 4 57 4 58 14 4 37 4 94 12 4 18 4 27 25 4 28 4 46 4 27 4 31 4 73 36 4 31 4 21 4 35 4 66 28 4 29 4 66 35 4 38 4 43 4 26 4 51 23 4 24 4 23 4 80 9 4 11 4 101 22 4 8 4 50 9 20 57 24 4 19 4 30 4 50 22 20 49 14 4 49 4 41 4 89 45 4 37 4 23 4 19 4 16 9 4 23 4 56 15 4 31 4 37 4 89 49 4 32 4 98 41 4 37 4 30 4 60 18 4 51 4 32 4 56 8 4 10 4 10 29 4 11 4 45 37 4 102 11 4 43 4 50 4 102 21 4 43 4 83 37 4 40 4 68 38 4 44 4 20 25 4 44 4 82 9 4 36 4 11 28 4 6 4 109 21 4 15 4 71 31 4 16 4 2 29 4 53 4 30 4 78 34 4 9 4 51 23 4 11 4 20 4 3 42 4 39 4 42 4 10 15 4 29 4 33 4 35 4 50 27 4 32 4 14 4 34 4 48 25 4 54 4 23 4 53 43 4 51 4 86 35 4 38 4 38 4 92 58 4 10 4 30 4 85 23 4 28 4 44 4 90 49 4 31 4 41 4 8 50 16 34 16 107 12 4 8 40 16 34 16 64 58 4 46 4 56 17 4 36 4 53 4 83 53 4 5 4 21 4 5 4 40 21 4 29 4 5 29 4 16 4 26 4 49 4 87 20 4 25 4 10 4 58 32 4 52 4 52 4 80 52 4 7 4 60 4 78 36 4 12 4 44 4 51 49 4 41 4 43 4 42 4 91 47 4 9 4 35 4 25 4 115 8 4 14 4 40 4 28 12 4 31 4 30 4 65 28 4 9 4 40 4 
iteration 1048 best: 0.970855 time: 306596
86 5 4 6 4 8 4 78 48 4 27 4 92 16 4 33 4 28 4 66 46 4 25 4 24 4 3 49 4 35 4 54 4 36 42 4 6 4 43 4 51 4 112 37 4 9 4 47 4 97 6 4 42 4 39 12 4 13 4 69 16 4 27 4 33 4 57 4 58 14 4 37 4 94 12 4 18 4 27 25 4 28 4 46 4 27 4 31 4 73 36 4 31 4 21 4 35 4 66 28 4 29 4 66 35 4 38 4 43 4 26 4 51 23 4 24 4 23 4 80 9 4 11 4 101 22 4 8 4 50 9 20 57 24 4 19 4 30 4 50 22 20 49 14 4 49 4 41 4 89 45 4 37 4 23 4 19 4 16 9 4 23 4 56 15 4 31 4 37 4 89 49 4 32 4 98 41 4 37 4 30 4 60 18 4 51 4 32 4 56 8 4 10 4 10 29 4 11 4 45 37 4 102 11 4 43 4 50 4 102 21 4 43 4 83 37 4 40 4 68 38 4 44 4 20 25 4 44 4 82 9 4 36 4 11 28 4 6 4 109 21 4 15 4 71 31 4 16 4 2 29 4 53 4 30 4 78 34 4 9 4 51 23 4 11 4 20 4 3 42 4 39 4 42 4 10 15 4 29 4 33 4 35 4 50 27 4 32 4 14 4 34 4 48 25 4 54 4 23 4 53 43 4 51 4 86 35 4 38 4 38 4 92 58 4 10 4 30 4 85 23 4 28 4 44 4 90 49 4 31 4 41 4 8 50 16 34 16 107 12 4 8 40 16 34 16 64 58 4 46 4 56 17 4 36 4 53 4 83 53 4 5 4 21 4 5 4 40 21 4 29 4 5 29 4 16 4 26 4 49 4 87 20 4 25 4 10 4 58 32 4 52 4 52 4 80 52 4 7 4 60 4 78 36 4 12 4 44 4 51 49 4 41 4 43 4 42 4 91 47 4 9 4 35 4 25 4 115 8 4 14 4 40 4 28 12 4 31 4 30 4 65 28 4 9 4 40 4 
iteration 1073 best: 0.970855 time: 313935
86 5 4 6 4 8 4 78 48 4 27 4 92 16 4 33 4 28 4 66 46 4 25 4 24 4 3 49 4 35 4 54 4 36 42 4 6 4 43 4 51 4 112 37 4 9 4 47 4 97 6 4 42 4 39 12 4 13 4 69 16 4 27 4 33 4 57 4 58 14 4 37 4 94 12 4 18 4 27 25 4 28 4 46 4 27 4 31 4 73 36 4 31 4 21 4 35 4 66 28 4 29 4 66 35 4 38 4 43 4 26 4 51 23 4 24 4 23 4 80 9 4 11 4 101 22 4 8 4 50 9 20 57 24 4 19 4 30 4 50 22 20 49 14 4 49 4 41 4 89 45 4 37 4 23 4 19 4 16 9 4 23 4 56 15 4 31 4 37 4 89 49 4 32 4 98 41 4 37 4 30 4 60 18 4 51 4 32 4 56 8 4 10 4 10 29 4 11 4 45 37 4 102 11 4 43 4 50 4 102 21 4 43 4 83 37 4 40 4 68 38 4 44 4 20 25 4 44 4 82 9 4 36 4 11 28 4 6 4 109 21 4 15 4 71 31 4 16 4 2 29 4 53 4 30 4 78 34 4 9 4 51 23 4 11 4 20 4 3 42 4 39 4 42 4 10 15 4 29 4 33 4 35 4 50 27 4 32 4 14 4 34 4 48 25 4 54 4 23 4 53 43 4 51 4 86 35 4 38 4 38 4 92 58 4 10 4 30 4 85 23 4 28 4 44 4 90 49 4 31 4 41 4 8 50 16 34 16 107 12 4 8 40 16 34 16 64 58 4 46 4 56 17 4 36 4 53 4 83 53 4 5 4 21 4 5 4 40 21 4 29 4 5 29 4 16 4 26 4 49 4 87 20 4 25 4 10 4 58 32 4 52 4 52 4 80 52 4 7 4 60 4 78 36 4 12 4 44 4 51 49 4 41 4 43 4 42 4 91 47 4 9 4 35 4 25 4 115 8 4 14 4 40 4 28 12 4 31 4 30 4 65 28 4 9 4 40 4 
iteration 1098 best: 0.970855 time: 321263
86 5 4 6 4 8 4 78 48 4 27 4 92 16 4 33 4 28 4 66 46 4 25 4 24 4 3 49 4 35 4 54 4 36 42 4 6 4 43 4 51 4 112 37 4 9 4 47 4 97 6 4 42 4 39 12 4 13 4 69 16 4 27 4 33 4 57 4 58 14 4 37 4 94 12 4 18 4 27 25 4 28 4 46 4 27 4 31 4 73 36 4 31 4 21 4 35 4 66 28 4 29 4 66 35 4 38 4 43 4 26 4 51 23 4 24 4 23 4 80 9 4 11 4 101 22 4 8 4 50 9 20 57 24 4 19 4 30 4 50 22 20 49 14 4 49 4 41 4 89 45 4 37 4 23 4 19 4 16 9 4 23 4 56 15 4 31 4 37 4 89 49 4 32 4 98 41 4 37 4 30 4 60 18 4 51 4 32 4 56 8 4 10 4 10 29 4 11 4 45 37 4 102 11 4 43 4 50 4 102 21 4 43 4 83 37 4 40 4 68 38 4 44 4 20 25 4 44 4 82 9 4 36 4 11 28 4 6 4 109 21 4 15 4 71 31 4 16 4 2 29 4 53 4 30 4 78 34 4 9 4 51 23 4 11 4 20 4 3 42 4 39 4 42 4 10 15 4 29 4 33 4 35 4 50 27 4 32 4 14 4 34 4 48 25 4 54 4 23 4 53 43 4 51 4 86 35 4 38 4 38 4 92 58 4 10 4 30 4 85 23 4 28 4 44 4 90 49 4 31 4 41 4 8 50 16 34 16 107 12 4 8 40 16 34 16 64 58 4 46 4 56 17 4 36 4 53 4 83 53 4 5 4 21 4 5 4 40 21 4 29 4 5 29 4 16 4 26 4 49 4 87 20 4 25 4 10 4 58 32 4 52 4 52 4 80 52 4 7 4 60 4 78 36 4 12 4 44 4 51 49 4 41 4 43 4 42 4 91 47 4 9 4 35 4 25 4 115 8 4 14 4 40 4 28 12 4 31 4 30 4 65 28 4 9 4 40 4 
iteration 1123 best: 0.970855 time: 328548
86 5 4 6 4 8 4 78 48 4 27 4 92 16 4 33 4 28 4 66 46 4 25 4 24 4 3 49 4 35 4 54 4 36 42 4 6 4 43 4 51 4 112 37 4 9 4 47 4 97 6 4 42 4 39 12 4 13 4 69 16 4 27 4 33 4 57 4 58 14 4 37 4 94 12 4 18 4 27 25 4 28 4 46 4 27 4 31 4 73 36 4 31 4 21 4 35 4 66 28 4 29 4 66 35 4 38 4 43 4 26 4 51 23 4 24 4 23 4 80 9 4 11 4 101 22 4 8 4 50 9 20 57 24 4 19 4 30 4 50 22 20 49 14 4 49 4 41 4 89 45 4 37 4 23 4 19 4 16 9 4 23 4 56 15 4 31 4 37 4 89 49 4 32 4 98 41 4 37 4 30 4 60 18 4 51 4 32 4 56 8 4 10 4 10 29 4 11 4 45 37 4 102 11 4 43 4 50 4 102 21 4 43 4 83 37 4 40 4 68 38 4 44 4 20 25 4 44 4 82 9 4 36 4 11 28 4 6 4 109 21 4 15 4 71 31 4 16 4 2 29 4 53 4 30 4 78 34 4 9 4 51 23 4 11 4 20 4 3 42 4 39 4 42 4 10 15 4 29 4 33 4 35 4 50 27 4 32 4 14 4 34 4 48 25 4 54 4 23 4 53 43 4 51 4 86 35 4 38 4 38 4 92 58 4 10 4 30 4 85 23 4 28 4 44 4 90 49 4 31 4 41 4 8 50 16 34 16 107 12 4 8 40 16 34 16 64 58 4 46 4 56 17 4 36 4 53 4 83 53 4 5 4 21 4 5 4 40 21 4 29 4 5 29 4 16 4 26 4 49 4 87 20 4 25 4 10 4 58 32 4 52 4 52 4 80 52 4 7 4 60 4 78 36 4 12 4 44 4 51 49 4 41 4 43 4 42 4 91 47 4 9 4 35 4 25 4 115 8 4 14 4 40 4 28 12 4 31 4 30 4 65 28 4 9 4 40 4 
iteration 1148 best: 0.970855 time: 335841
86 5 4 6 4 8 4 78 48 4 27 4 92 16 4 33 4 28 4 66 46 4 25 4 24 4 3 49 4 35 4 54 4 36 42 4 6 4 43 4 51 4 112 37 4 9 4 47 4 97 6 4 42 4 39 12 4 13 4 69 16 4 27 4 33 4 57 4 58 14 4 37 4 94 12 4 18 4 27 25 4 28 4 46 4 27 4 31 4 73 36 4 31 4 21 4 35 4 66 28 4 29 4 66 35 4 38 4 43 4 26 4 51 23 4 24 4 23 4 80 9 4 11 4 101 22 4 8 4 50 9 20 57 24 4 19 4 30 4 50 22 20 49 14 4 49 4 41 4 89 45 4 37 4 23 4 19 4 16 9 4 23 4 56 15 4 31 4 37 4 89 49 4 32 4 98 41 4 37 4 30 4 60 18 4 51 4 32 4 56 8 4 10 4 10 29 4 11 4 45 37 4 102 11 4 43 4 50 4 102 21 4 43 4 83 37 4 40 4 68 38 4 44 4 20 25 4 44 4 82 9 4 36 4 11 28 4 6 4 109 21 4 15 4 71 31 4 16 4 2 29 4 53 4 30 4 78 34 4 9 4 51 23 4 11 4 20 4 3 42 4 39 4 42 4 10 15 4 29 4 33 4 35 4 50 27 4 32 4 14 4 34 4 48 25 4 54 4 23 4 53 43 4 51 4 86 35 4 38 4 38 4 92 58 4 10 4 30 4 85 23 4 28 4 44 4 90 49 4 31 4 41 4 8 50 16 34 16 107 12 4 8 40 16 34 16 64 58 4 46 4 56 17 4 36 4 53 4 83 53 4 5 4 21 4 5 4 40 21 4 29 4 5 29 4 16 4 26 4 49 4 87 20 4 25 4 10 4 58 32 4 52 4 52 4 80 52 4 7 4 60 4 78 36 4 12 4 44 4 51 49 4 41 4 43 4 42 4 91 47 4 9 4 35 4 25 4 115 8 4 14 4 40 4 28 12 4 31 4 30 4 65 28 4 9 4 40 4 
iteration 1173 best: 0.970855 time: 343145
86 5 4 6 4 8 4 78 48 4 27 4 92 16 4 33 4 28 4 66 46 4 25 4 24 4 3 49 4 35 4 54 4 36 42 4 6 4 43 4 51 4 112 37 4 9 4 47 4 97 6 4 42 4 39 12 4 13 4 69 16 4 27 4 33 4 57 4 58 14 4 37 4 94 12 4 18 4 27 25 4 28 4 46 4 27 4 31 4 73 36 4 31 4 21 4 35 4 66 28 4 29 4 66 35 4 38 4 43 4 26 4 51 23 4 24 4 23 4 80 9 4 11 4 101 22 4 8 4 50 9 20 57 24 4 19 4 30 4 50 22 20 49 14 4 49 4 41 4 89 45 4 37 4 23 4 19 4 16 9 4 23 4 56 15 4 31 4 37 4 89 49 4 32 4 98 41 4 37 4 30 4 60 18 4 51 4 32 4 56 8 4 10 4 10 29 4 11 4 45 37 4 102 11 4 43 4 50 4 102 21 4 43 4 83 37 4 40 4 68 38 4 44 4 20 25 4 44 4 82 9 4 36 4 11 28 4 6 4 109 21 4 15 4 71 31 4 16 4 2 29 4 53 4 30 4 78 34 4 9 4 51 23 4 11 4 20 4 3 42 4 39 4 42 4 10 15 4 29 4 33 4 35 4 50 27 4 32 4 14 4 34 4 48 25 4 54 4 23 4 53 43 4 51 4 86 35 4 38 4 38 4 92 58 4 10 4 30 4 85 23 4 28 4 44 4 90 49 4 31 4 41 4 8 50 16 34 16 107 12 4 8 40 16 34 16 64 58 4 46 4 56 17 4 36 4 53 4 83 53 4 5 4 21 4 5 4 40 21 4 29 4 5 29 4 16 4 26 4 49 4 87 20 4 25 4 10 4 58 32 4 52 4 52 4 80 52 4 7 4 60 4 78 36 4 12 4 44 4 51 49 4 41 4 43 4 42 4 91 47 4 9 4 35 4 25 4 115 8 4 14 4 40 4 28 12 4 31 4 30 4 65 28 4 9 4 40 4 
iteration 1198 best: 0.970855 time: 350480
86 5 4 6 4 8 4 78 48 4 27 4 92 16 4 33 4 28 4 66 46 4 25 4 24 4 3 49 4 35 4 54 4 36 42 4 6 4 43 4 51 4 112 37 4 9 4 47 4 97 6 4 42 4 39 12 4 13 4 69 16 4 27 4 33 4 57 4 58 14 4 37 4 94 12 4 18 4 27 25 4 28 4 46 4 27 4 31 4 73 36 4 31 4 21 4 35 4 66 28 4 29 4 66 35 4 38 4 43 4 26 4 51 23 4 24 4 23 4 80 9 4 11 4 101 22 4 8 4 50 9 20 57 24 4 19 4 30 4 50 22 20 49 14 4 49 4 41 4 89 45 4 37 4 23 4 19 4 16 9 4 23 4 56 15 4 31 4 37 4 89 49 4 32 4 98 41 4 37 4 30 4 60 18 4 51 4 32 4 56 8 4 10 4 10 29 4 11 4 45 37 4 102 11 4 43 4 50 4 102 21 4 43 4 83 37 4 40 4 68 38 4 44 4 20 25 4 44 4 82 9 4 36 4 11 28 4 6 4 109 21 4 15 4 71 31 4 16 4 2 29 4 53 4 30 4 78 34 4 9 4 51 23 4 11 4 20 4 3 42 4 39 4 42 4 10 15 4 29 4 33 4 35 4 50 27 4 32 4 14 4 34 4 48 25 4 54 4 23 4 53 43 4 51 4 86 35 4 38 4 38 4 92 58 4 10 4 30 4 85 23 4 28 4 44 4 90 49 4 31 4 41 4 8 50 16 34 16 107 12 4 8 40 16 34 16 64 58 4 46 4 56 17 4 36 4 53 4 83 53 4 5 4 21 4 5 4 40 21 4 29 4 5 29 4 16 4 26 4 49 4 87 20 4 25 4 10 4 58 32 4 52 4 52 4 80 52 4 7 4 60 4 78 36 4 12 4 44 4 51 49 4 41 4 43 4 42 4 91 47 4 9 4 35 4 25 4 115 8 4 14 4 40 4 28 12 4 31 4 30 4 65 28 4 9 4 40 4 
iteration 1223 best: 0.970855 time: 357806
86 5 4 6 4 8 4 78 48 4 27 4 92 16 4 33 4 28 4 66 46 4 25 4 24 4 3 49 4 35 4 54 4 36 42 4 6 4 43 4 51 4 112 37 4 9 4 47 4 97 6 4 42 4 39 12 4 13 4 69 16 4 27 4 33 4 57 4 58 14 4 37 4 94 12 4 18 4 27 25 4 28 4 46 4 27 4 31 4 73 36 4 31 4 21 4 35 4 66 28 4 29 4 66 35 4 38 4 43 4 26 4 51 23 4 24 4 23 4 80 9 4 11 4 101 22 4 8 4 50 9 20 57 24 4 19 4 30 4 50 22 20 49 14 4 49 4 41 4 89 45 4 37 4 23 4 19 4 16 9 4 23 4 56 15 4 31 4 37 4 89 49 4 32 4 98 41 4 37 4 30 4 60 18 4 51 4 32 4 56 8 4 10 4 10 29 4 11 4 45 37 4 102 11 4 43 4 50 4 102 21 4 43 4 83 37 4 40 4 68 38 4 44 4 20 25 4 44 4 82 9 4 36 4 11 28 4 6 4 109 21 4 15 4 71 31 4 16 4 2 29 4 53 4 30 4 78 34 4 9 4 51 23 4 11 4 20 4 3 42 4 39 4 42 4 10 15 4 29 4 33 4 35 4 50 27 4 32 4 14 4 34 4 48 25 4 54 4 23 4 53 43 4 51 4 86 35 4 38 4 38 4 92 58 4 10 4 30 4 85 23 4 28 4 44 4 90 49 4 31 4 41 4 8 50 16 34 16 107 12 4 8 40 16 34 16 64 58 4 46 4 56 17 4 36 4 53 4 83 53 4 5 4 21 4 5 4 40 21 4 29 4 5 29 4 16 4 26 4 49 4 87 20 4 25 4 10 4 58 32 4 52 4 52 4 80 52 4 7 4 60 4 78 36 4 12 4 44 4 51 49 4 41 4 43 4 42 4 91 47 4 9 4 35 4 25 4 115 8 4 14 4 40 4 28 12 4 31 4 30 4 65 28 4 9 4 40 4 
iteration 1248 best: 0.970855 time: 365102
86 5 4 6 4 8 4 78 48 4 27 4 92 16 4 33 4 28 4 66 46 4 25 4 24 4 3 49 4 35 4 54 4 36 42 4 6 4 43 4 51 4 112 37 4 9 4 47 4 97 6 4 42 4 39 12 4 13 4 69 16 4 27 4 33 4 57 4 58 14 4 37 4 94 12 4 18 4 27 25 4 28 4 46 4 27 4 31 4 73 36 4 31 4 21 4 35 4 66 28 4 29 4 66 35 4 38 4 43 4 26 4 51 23 4 24 4 23 4 80 9 4 11 4 101 22 4 8 4 50 9 20 57 24 4 19 4 30 4 50 22 20 49 14 4 49 4 41 4 89 45 4 37 4 23 4 19 4 16 9 4 23 4 56 15 4 31 4 37 4 89 49 4 32 4 98 41 4 37 4 30 4 60 18 4 51 4 32 4 56 8 4 10 4 10 29 4 11 4 45 37 4 102 11 4 43 4 50 4 102 21 4 43 4 83 37 4 40 4 68 38 4 44 4 20 25 4 44 4 82 9 4 36 4 11 28 4 6 4 109 21 4 15 4 71 31 4 16 4 2 29 4 53 4 30 4 78 34 4 9 4 51 23 4 11 4 20 4 3 42 4 39 4 42 4 10 15 4 29 4 33 4 35 4 50 27 4 32 4 14 4 34 4 48 25 4 54 4 23 4 53 43 4 51 4 86 35 4 38 4 38 4 92 58 4 10 4 30 4 85 23 4 28 4 44 4 90 49 4 31 4 41 4 8 50 16 34 16 107 12 4 8 40 16 34 16 64 58 4 46 4 56 17 4 36 4 53 4 83 53 4 5 4 21 4 5 4 40 21 4 29 4 5 29 4 16 4 26 4 49 4 87 20 4 25 4 10 4 58 32 4 52 4 52 4 80 52 4 7 4 60 4 78 36 4 12 4 44 4 51 49 4 41 4 43 4 42 4 91 47 4 9 4 35 4 25 4 115 8 4 14 4 40 4 28 12 4 31 4 30 4 65 28 4 9 4 40 4 
iteration 1273 best: 0.970855 time: 372395
86 5 4 6 4 8 4 78 48 4 27 4 92 16 4 33 4 28 4 66 46 4 25 4 24 4 3 49 4 35 4 54 4 36 42 4 6 4 43 4 51 4 112 37 4 9 4 47 4 97 6 4 42 4 39 12 4 13 4 69 16 4 27 4 33 4 57 4 58 14 4 37 4 94 12 4 18 4 27 25 4 28 4 46 4 27 4 31 4 73 36 4 31 4 21 4 35 4 66 28 4 29 4 66 35 4 38 4 43 4 26 4 51 23 4 24 4 23 4 80 9 4 11 4 101 22 4 8 4 50 9 20 57 24 4 19 4 30 4 50 22 20 49 14 4 49 4 41 4 89 45 4 37 4 23 4 19 4 16 9 4 23 4 56 15 4 31 4 37 4 89 49 4 32 4 98 41 4 37 4 30 4 60 18 4 51 4 32 4 56 8 4 10 4 10 29 4 11 4 45 37 4 102 11 4 43 4 50 4 102 21 4 43 4 83 37 4 40 4 68 38 4 44 4 20 25 4 44 4 82 9 4 36 4 11 28 4 6 4 109 21 4 15 4 71 31 4 16 4 2 29 4 53 4 30 4 78 34 4 9 4 51 23 4 11 4 20 4 3 42 4 39 4 42 4 10 15 4 29 4 33 4 35 4 50 27 4 32 4 14 4 34 4 48 25 4 54 4 23 4 53 43 4 51 4 86 35 4 38 4 38 4 92 58 4 10 4 30 4 85 23 4 28 4 44 4 90 49 4 31 4 41 4 8 50 16 34 16 107 12 4 8 40 16 34 16 64 58 4 46 4 56 17 4 36 4 53 4 83 53 4 5 4 21 4 5 4 40 21 4 29 4 5 29 4 16 4 26 4 49 4 87 20 4 25 4 10 4 58 32 4 52 4 52 4 80 52 4 7 4 60 4 78 36 4 12 4 44 4 51 49 4 41 4 43 4 42 4 91 47 4 9 4 35 4 25 4 115 8 4 14 4 40 4 28 12 4 31 4 30 4 65 28 4 9 4 40 4 
iteration 1298 best: 0.970855 time: 379696
86 5 4 6 4 8 4 78 48 4 27 4 92 16 4 33 4 28 4 66 46 4 25 4 24 4 3 49 4 35 4 54 4 36 42 4 6 4 43 4 51 4 112 37 4 9 4 47 4 97 6 4 42 4 39 12 4 13 4 69 16 4 27 4 33 4 57 4 58 14 4 37 4 94 12 4 18 4 27 25 4 28 4 46 4 27 4 31 4 73 36 4 31 4 21 4 35 4 66 28 4 29 4 66 35 4 38 4 43 4 26 4 51 23 4 24 4 23 4 80 9 4 11 4 101 22 4 8 4 50 9 20 57 24 4 19 4 30 4 50 22 20 49 14 4 49 4 41 4 89 45 4 37 4 23 4 19 4 16 9 4 23 4 56 15 4 31 4 37 4 89 49 4 32 4 98 41 4 37 4 30 4 60 18 4 51 4 32 4 56 8 4 10 4 10 29 4 11 4 45 37 4 102 11 4 43 4 50 4 102 21 4 43 4 83 37 4 40 4 68 38 4 44 4 20 25 4 44 4 82 9 4 36 4 11 28 4 6 4 109 21 4 15 4 71 31 4 16 4 2 29 4 53 4 30 4 78 34 4 9 4 51 23 4 11 4 20 4 3 42 4 39 4 42 4 10 15 4 29 4 33 4 35 4 50 27 4 32 4 14 4 34 4 48 25 4 54 4 23 4 53 43 4 51 4 86 35 4 38 4 38 4 92 58 4 10 4 30 4 85 23 4 28 4 44 4 90 49 4 31 4 41 4 8 50 16 34 16 107 12 4 8 40 16 34 16 64 58 4 46 4 56 17 4 36 4 53 4 83 53 4 5 4 21 4 5 4 40 21 4 29 4 5 29 4 16 4 26 4 49 4 87 20 4 25 4 10 4 58 32 4 52 4 52 4 80 52 4 7 4 60 4 78 36 4 12 4 44 4 51 49 4 41 4 43 4 42 4 91 47 4 9 4 35 4 25 4 115 8 4 14 4 40 4 28 12 4 31 4 30 4 65 28 4 9 4 40 4 
iteration 1323 best: 0.970855 time: 387030
86 5 4 6 4 8 4 78 48 4 27 4 92 16 4 33 4 28 4 66 46 4 25 4 24 4 3 49 4 35 4 54 4 36 42 4 6 4 43 4 51 4 112 37 4 9 4 47 4 97 6 4 42 4 39 12 4 13 4 69 16 4 27 4 33 4 57 4 58 14 4 37 4 94 12 4 18 4 27 25 4 28 4 46 4 27 4 31 4 73 36 4 31 4 21 4 35 4 66 28 4 29 4 66 35 4 38 4 43 4 26 4 51 23 4 24 4 23 4 80 9 4 11 4 101 22 4 8 4 50 9 20 57 24 4 19 4 30 4 50 22 20 49 14 4 49 4 41 4 89 45 4 37 4 23 4 19 4 16 9 4 23 4 56 15 4 31 4 37 4 89 49 4 32 4 98 41 4 37 4 30 4 60 18 4 51 4 32 4 56 8 4 10 4 10 29 4 11 4 45 37 4 102 11 4 43 4 50 4 102 21 4 43 4 83 37 4 40 4 68 38 4 44 4 20 25 4 44 4 82 9 4 36 4 11 28 4 6 4 109 21 4 15 4 71 31 4 16 4 2 29 4 53 4 30 4 78 34 4 9 4 51 23 4 11 4 20 4 3 42 4 39 4 42 4 10 15 4 29 4 33 4 35 4 50 27 4 32 4 14 4 34 4 48 25 4 54 4 23 4 53 43 4 51 4 86 35 4 38 4 38 4 92 58 4 10 4 30 4 85 23 4 28 4 44 4 90 49 4 31 4 41 4 8 50 16 34 16 107 12 4 8 40 16 34 16 64 58 4 46 4 56 17 4 36 4 53 4 83 53 4 5 4 21 4 5 4 40 21 4 29 4 5 29 4 16 4 26 4 49 4 87 20 4 25 4 10 4 58 32 4 52 4 52 4 80 52 4 7 4 60 4 78 36 4 12 4 44 4 51 49 4 41 4 43 4 42 4 91 47 4 9 4 35 4 25 4 115 8 4 14 4 40 4 28 12 4 31 4 30 4 65 28 4 9 4 40 4 
iteration 1348 best: 0.970855 time: 394309
86 5 4 6 4 8 4 78 48 4 27 4 92 16 4 33 4 28 4 66 46 4 25 4 24 4 3 49 4 35 4 54 4 36 42 4 6 4 43 4 51 4 112 37 4 9 4 47 4 97 6 4 42 4 39 12 4 13 4 69 16 4 27 4 33 4 57 4 58 14 4 37 4 94 12 4 18 4 27 25 4 28 4 46 4 27 4 31 4 73 36 4 31 4 21 4 35 4 66 28 4 29 4 66 35 4 38 4 43 4 26 4 51 23 4 24 4 23 4 80 9 4 11 4 101 22 4 8 4 50 9 20 57 24 4 19 4 30 4 50 22 20 49 14 4 49 4 41 4 89 45 4 37 4 23 4 19 4 16 9 4 23 4 56 15 4 31 4 37 4 89 49 4 32 4 98 41 4 37 4 30 4 60 18 4 51 4 32 4 56 8 4 10 4 10 29 4 11 4 45 37 4 102 11 4 43 4 50 4 102 21 4 43 4 83 37 4 40 4 68 38 4 44 4 20 25 4 44 4 82 9 4 36 4 11 28 4 6 4 109 21 4 15 4 71 31 4 16 4 2 29 4 53 4 30 4 78 34 4 9 4 51 23 4 11 4 20 4 3 42 4 39 4 42 4 10 15 4 29 4 33 4 35 4 50 27 4 32 4 14 4 34 4 48 25 4 54 4 23 4 53 43 4 51 4 86 35 4 38 4 38 4 92 58 4 10 4 30 4 85 23 4 28 4 44 4 90 49 4 31 4 41 4 8 50 16 34 16 107 12 4 8 40 16 34 16 64 58 4 46 4 56 17 4 36 4 53 4 83 53 4 5 4 21 4 5 4 40 21 4 29 4 5 29 4 16 4 26 4 49 4 87 20 4 25 4 10 4 58 32 4 52 4 52 4 80 52 4 7 4 60 4 78 36 4 12 4 44 4 51 49 4 41 4 43 4 42 4 91 47 4 9 4 35 4 25 4 115 8 4 14 4 40 4 28 12 4 31 4 30 4 65 28 4 9 4 40 4 
iteration 1373 best: 0.970855 time: 401581
86 5 4 6 4 8 4 78 48 4 27 4 92 16 4 33 4 28 4 66 46 4 25 4 24 4 3 49 4 35 4 54 4 36 42 4 6 4 43 4 51 4 112 37 4 9 4 47 4 97 6 4 42 4 39 12 4 13 4 69 16 4 27 4 33 4 57 4 58 14 4 37 4 94 12 4 18 4 27 25 4 28 4 46 4 27 4 31 4 73 36 4 31 4 21 4 35 4 66 28 4 29 4 66 35 4 38 4 43 4 26 4 51 23 4 24 4 23 4 80 9 4 11 4 101 22 4 8 4 50 9 20 57 24 4 19 4 30 4 50 22 20 49 14 4 49 4 41 4 89 45 4 37 4 23 4 19 4 16 9 4 23 4 56 15 4 31 4 37 4 89 49 4 32 4 98 41 4 37 4 30 4 60 18 4 51 4 32 4 56 8 4 10 4 10 29 4 11 4 45 37 4 102 11 4 43 4 50 4 102 21 4 43 4 83 37 4 40 4 68 38 4 44 4 20 25 4 44 4 82 9 4 36 4 11 28 4 6 4 109 21 4 15 4 71 31 4 16 4 2 29 4 53 4 30 4 78 34 4 9 4 51 23 4 11 4 20 4 3 42 4 39 4 42 4 10 15 4 29 4 33 4 35 4 50 27 4 32 4 14 4 34 4 48 25 4 54 4 23 4 53 43 4 51 4 86 35 4 38 4 38 4 92 58 4 10 4 30 4 85 23 4 28 4 44 4 90 49 4 31 4 41 4 8 50 16 34 16 107 12 4 8 40 16 34 16 64 58 4 46 4 56 17 4 36 4 53 4 83 53 4 5 4 21 4 5 4 40 21 4 29 4 5 29 4 16 4 26 4 49 4 87 20 4 25 4 10 4 58 32 4 52 4 52 4 80 52 4 7 4 60 4 78 36 4 12 4 44 4 51 49 4 41 4 43 4 42 4 91 47 4 9 4 35 4 25 4 115 8 4 14 4 40 4 28 12 4 31 4 30 4 65 28 4 9 4 40 4 
iteration 1398 best: 0.970855 time: 408846
86 5 4 6 4 8 4 78 48 4 27 4 92 16 4 33 4 28 4 66 46 4 25 4 24 4 3 49 4 35 4 54 4 36 42 4 6 4 43 4 51 4 112 37 4 9 4 47 4 97 6 4 42 4 39 12 4 13 4 69 16 4 27 4 33 4 57 4 58 14 4 37 4 94 12 4 18 4 27 25 4 28 4 46 4 27 4 31 4 73 36 4 31 4 21 4 35 4 66 28 4 29 4 66 35 4 38 4 43 4 26 4 51 23 4 24 4 23 4 80 9 4 11 4 101 22 4 8 4 50 9 20 57 24 4 19 4 30 4 50 22 20 49 14 4 49 4 41 4 89 45 4 37 4 23 4 19 4 16 9 4 23 4 56 15 4 31 4 37 4 89 49 4 32 4 98 41 4 37 4 30 4 60 18 4 51 4 32 4 56 8 4 10 4 10 29 4 11 4 45 37 4 102 11 4 43 4 50 4 102 21 4 43 4 83 37 4 40 4 68 38 4 44 4 20 25 4 44 4 82 9 4 36 4 11 28 4 6 4 109 21 4 15 4 71 31 4 16 4 2 29 4 53 4 30 4 78 34 4 9 4 51 23 4 11 4 20 4 3 42 4 39 4 42 4 10 15 4 29 4 33 4 35 4 50 27 4 32 4 14 4 34 4 48 25 4 54 4 23 4 53 43 4 51 4 86 35 4 38 4 38 4 92 58 4 10 4 30 4 85 23 4 28 4 44 4 90 49 4 31 4 41 4 8 50 16 34 16 107 12 4 8 40 16 34 16 64 58 4 46 4 56 17 4 36 4 53 4 83 53 4 5 4 21 4 5 4 40 21 4 29 4 5 29 4 16 4 26 4 49 4 87 20 4 25 4 10 4 58 32 4 52 4 52 4 80 52 4 7 4 60 4 78 36 4 12 4 44 4 51 49 4 41 4 43 4 42 4 91 47 4 9 4 35 4 25 4 115 8 4 14 4 40 4 28 12 4 31 4 30 4 65 28 4 9 4 40 4 
iteration 1423 best: 0.970855 time: 416118
86 5 4 6 4 8 4 78 48 4 27 4 92 16 4 33 4 28 4 66 46 4 25 4 24 4 3 49 4 35 4 54 4 36 42 4 6 4 43 4 51 4 112 37 4 9 4 47 4 97 6 4 42 4 39 12 4 13 4 69 16 4 27 4 33 4 57 4 58 14 4 37 4 94 12 4 18 4 27 25 4 28 4 46 4 27 4 31 4 73 36 4 31 4 21 4 35 4 66 28 4 29 4 66 35 4 38 4 43 4 26 4 51 23 4 24 4 23 4 80 9 4 11 4 101 22 4 8 4 50 9 20 57 24 4 19 4 30 4 50 22 20 49 14 4 49 4 41 4 89 45 4 37 4 23 4 19 4 16 9 4 23 4 56 15 4 31 4 37 4 89 49 4 32 4 98 41 4 37 4 30 4 60 18 4 51 4 32 4 56 8 4 10 4 10 29 4 11 4 45 37 4 102 11 4 43 4 50 4 102 21 4 43 4 83 37 4 40 4 68 38 4 44 4 20 25 4 44 4 82 9 4 36 4 11 28 4 6 4 109 21 4 15 4 71 31 4 16 4 2 29 4 53 4 30 4 78 34 4 9 4 51 23 4 11 4 20 4 3 42 4 39 4 42 4 10 15 4 29 4 33 4 35 4 50 27 4 32 4 14 4 34 4 48 25 4 54 4 23 4 53 43 4 51 4 86 35 4 38 4 38 4 92 58 4 10 4 30 4 85 23 4 28 4 44 4 90 49 4 31 4 41 4 8 50 16 34 16 107 12 4 8 40 16 34 16 64 58 4 46 4 56 17 4 36 4 53 4 83 53 4 5 4 21 4 5 4 40 21 4 29 4 5 29 4 16 4 26 4 49 4 87 20 4 25 4 10 4 58 32 4 52 4 52 4 80 52 4 7 4 60 4 78 36 4 12 4 44 4 51 49 4 41 4 43 4 42 4 91 47 4 9 4 35 4 25 4 115 8 4 14 4 40 4 28 12 4 31 4 30 4 65 28 4 9 4 40 4 
iteration 1448 best: 0.970855 time: 423399
86 5 4 6 4 8 4 78 48 4 27 4 92 16 4 33 4 28 4 66 46 4 25 4 24 4 3 49 4 35 4 54 4 36 42 4 6 4 43 4 51 4 112 37 4 9 4 47 4 97 6 4 42 4 39 12 4 13 4 69 16 4 27 4 33 4 57 4 58 14 4 37 4 94 12 4 18 4 27 25 4 28 4 46 4 27 4 31 4 73 36 4 31 4 21 4 35 4 66 28 4 29 4 66 35 4 38 4 43 4 26 4 51 23 4 24 4 23 4 80 9 4 11 4 101 22 4 8 4 50 9 20 57 24 4 19 4 30 4 50 22 20 49 14 4 49 4 41 4 89 45 4 37 4 23 4 19 4 16 9 4 23 4 56 15 4 31 4 37 4 89 49 4 32 4 98 41 4 37 4 30 4 60 18 4 51 4 32 4 56 8 4 10 4 10 29 4 11 4 45 37 4 102 11 4 43 4 50 4 102 21 4 43 4 83 37 4 40 4 68 38 4 44 4 20 25 4 44 4 82 9 4 36 4 11 28 4 6 4 109 21 4 15 4 71 31 4 16 4 2 29 4 53 4 30 4 78 34 4 9 4 51 23 4 11 4 20 4 3 42 4 39 4 42 4 10 15 4 29 4 33 4 35 4 50 27 4 32 4 14 4 34 4 48 25 4 54 4 23 4 53 43 4 51 4 86 35 4 38 4 38 4 92 58 4 10 4 30 4 85 23 4 28 4 44 4 90 49 4 31 4 41 4 8 50 16 34 16 107 12 4 8 40 16 34 16 64 58 4 46 4 56 17 4 36 4 53 4 83 53 4 5 4 21 4 5 4 40 21 4 29 4 5 29 4 16 4 26 4 49 4 87 20 4 25 4 10 4 58 32 4 52 4 52 4 80 52 4 7 4 60 4 78 36 4 12 4 44 4 51 49 4 41 4 43 4 42 4 91 47 4 9 4 35 4 25 4 115 8 4 14 4 40 4 28 12 4 31 4 30 4 65 28 4 9 4 40 4 
iteration 1473 best: 0.970855 time: 430674
86 5 4 6 4 8 4 78 48 4 27 4 92 16 4 33 4 28 4 66 46 4 25 4 24 4 3 49 4 35 4 54 4 36 42 4 6 4 43 4 51 4 112 37 4 9 4 47 4 97 6 4 42 4 39 12 4 13 4 69 16 4 27 4 33 4 57 4 58 14 4 37 4 94 12 4 18 4 27 25 4 28 4 46 4 27 4 31 4 73 36 4 31 4 21 4 35 4 66 28 4 29 4 66 35 4 38 4 43 4 26 4 51 23 4 24 4 23 4 80 9 4 11 4 101 22 4 8 4 50 9 20 57 24 4 19 4 30 4 50 22 20 49 14 4 49 4 41 4 89 45 4 37 4 23 4 19 4 16 9 4 23 4 56 15 4 31 4 37 4 89 49 4 32 4 98 41 4 37 4 30 4 60 18 4 51 4 32 4 56 8 4 10 4 10 29 4 11 4 45 37 4 102 11 4 43 4 50 4 102 21 4 43 4 83 37 4 40 4 68 38 4 44 4 20 25 4 44 4 82 9 4 36 4 11 28 4 6 4 109 21 4 15 4 71 31 4 16 4 2 29 4 53 4 30 4 78 34 4 9 4 51 23 4 11 4 20 4 3 42 4 39 4 42 4 10 15 4 29 4 33 4 35 4 50 27 4 32 4 14 4 34 4 48 25 4 54 4 23 4 53 43 4 51 4 86 35 4 38 4 38 4 92 58 4 10 4 30 4 85 23 4 28 4 44 4 90 49 4 31 4 41 4 8 50 16 34 16 107 12 4 8 40 16 34 16 64 58 4 46 4 56 17 4 36 4 53 4 83 53 4 5 4 21 4 5 4 40 21 4 29 4 5 29 4 16 4 26 4 49 4 87 20 4 25 4 10 4 58 32 4 52 4 52 4 80 52 4 7 4 60 4 78 36 4 12 4 44 4 51 49 4 41 4 43 4 42 4 91 47 4 9 4 35 4 25 4 115 8 4 14 4 40 4 28 12 4 31 4 30 4 65 28 4 9 4 40 4 
iteration 1498 best: 0.970855 time: 437961
86 5 4 6 4 8 4 78 48 4 27 4 92 16 4 33 4 28 4 66 46 4 25 4 24 4 3 49 4 35 4 54 4 36 42 4 6 4 43 4 51 4 112 37 4 9 4 47 4 97 6 4 42 4 39 12 4 13 4 69 16 4 27 4 33 4 57 4 58 14 4 37 4 94 12 4 18 4 27 25 4 28 4 46 4 27 4 31 4 73 36 4 31 4 21 4 35 4 66 28 4 29 4 66 35 4 38 4 43 4 26 4 51 23 4 24 4 23 4 80 9 4 11 4 101 22 4 8 4 50 9 20 57 24 4 19 4 30 4 50 22 20 49 14 4 49 4 41 4 89 45 4 37 4 23 4 19 4 16 9 4 23 4 56 15 4 31 4 37 4 89 49 4 32 4 98 41 4 37 4 30 4 60 18 4 51 4 32 4 56 8 4 10 4 10 29 4 11 4 45 37 4 102 11 4 43 4 50 4 102 21 4 43 4 83 37 4 40 4 68 38 4 44 4 20 25 4 44 4 82 9 4 36 4 11 28 4 6 4 109 21 4 15 4 71 31 4 16 4 2 29 4 53 4 30 4 78 34 4 9 4 51 23 4 11 4 20 4 3 42 4 39 4 42 4 10 15 4 29 4 33 4 35 4 50 27 4 32 4 14 4 34 4 48 25 4 54 4 23 4 53 43 4 51 4 86 35 4 38 4 38 4 92 58 4 10 4 30 4 85 23 4 28 4 44 4 90 49 4 31 4 41 4 8 50 16 34 16 107 12 4 8 40 16 34 16 64 58 4 46 4 56 17 4 36 4 53 4 83 53 4 5 4 21 4 5 4 40 21 4 29 4 5 29 4 16 4 26 4 49 4 87 20 4 25 4 10 4 58 32 4 52 4 52 4 80 52 4 7 4 60 4 78 36 4 12 4 44 4 51 49 4 41 4 43 4 42 4 91 47 4 9 4 35 4 25 4 115 8 4 14 4 40 4 28 12 4 31 4 30 4 65 28 4 9 4 40 4 
iteration 1523 best: 0.970855 time: 445235
86 5 4 6 4 8 4 78 48 4 27 4 92 16 4 33 4 28 4 66 46 4 25 4 24 4 3 49 4 35 4 54 4 36 42 4 6 4 43 4 51 4 112 37 4 9 4 47 4 97 6 4 42 4 39 12 4 13 4 69 16 4 27 4 33 4 57 4 58 14 4 37 4 94 12 4 18 4 27 25 4 28 4 46 4 27 4 31 4 73 36 4 31 4 21 4 35 4 66 28 4 29 4 66 35 4 38 4 43 4 26 4 51 23 4 24 4 23 4 80 9 4 11 4 101 22 4 8 4 50 9 20 57 24 4 19 4 30 4 50 22 20 49 14 4 49 4 41 4 89 45 4 37 4 23 4 19 4 16 9 4 23 4 56 15 4 31 4 37 4 89 49 4 32 4 98 41 4 37 4 30 4 60 18 4 51 4 32 4 56 8 4 10 4 10 29 4 11 4 45 37 4 102 11 4 43 4 50 4 102 21 4 43 4 83 37 4 40 4 68 38 4 44 4 20 25 4 44 4 82 9 4 36 4 11 28 4 6 4 109 21 4 15 4 71 31 4 16 4 2 29 4 53 4 30 4 78 34 4 9 4 51 23 4 11 4 20 4 3 42 4 39 4 42 4 10 15 4 29 4 33 4 35 4 50 27 4 32 4 14 4 34 4 48 25 4 54 4 23 4 53 43 4 51 4 86 35 4 38 4 38 4 92 58 4 10 4 30 4 85 23 4 28 4 44 4 90 49 4 31 4 41 4 8 50 16 34 16 107 12 4 8 40 16 34 16 64 58 4 46 4 56 17 4 36 4 53 4 83 53 4 5 4 21 4 5 4 40 21 4 29 4 5 29 4 16 4 26 4 49 4 87 20 4 25 4 10 4 58 32 4 52 4 52 4 80 52 4 7 4 60 4 78 36 4 12 4 44 4 51 49 4 41 4 43 4 42 4 91 47 4 9 4 35 4 25 4 115 8 4 14 4 40 4 28 12 4 31 4 30 4 65 28 4 9 4 40 4 
iteration 1548 best: 0.970855 time: 452512
86 5 4 6 4 8 4 78 48 4 27 4 92 16 4 33 4 28 4 66 46 4 25 4 24 4 3 49 4 35 4 54 4 36 42 4 6 4 43 4 51 4 112 37 4 9 4 47 4 97 6 4 42 4 39 12 4 13 4 69 16 4 27 4 33 4 57 4 58 14 4 37 4 94 12 4 18 4 27 25 4 28 4 46 4 27 4 31 4 73 36 4 31 4 21 4 35 4 66 28 4 29 4 66 35 4 38 4 43 4 26 4 51 23 4 24 4 23 4 80 9 4 11 4 101 22 4 8 4 50 9 20 57 24 4 19 4 30 4 50 22 20 49 14 4 49 4 41 4 89 45 4 37 4 23 4 19 4 16 9 4 23 4 56 15 4 31 4 37 4 89 49 4 32 4 98 41 4 37 4 30 4 60 18 4 51 4 32 4 56 8 4 10 4 10 29 4 11 4 45 37 4 102 11 4 43 4 50 4 102 21 4 43 4 83 37 4 40 4 68 38 4 44 4 20 25 4 44 4 82 9 4 36 4 11 28 4 6 4 109 21 4 15 4 71 31 4 16 4 2 29 4 53 4 30 4 78 34 4 9 4 51 23 4 11 4 20 4 3 42 4 39 4 42 4 10 15 4 29 4 33 4 35 4 50 27 4 32 4 14 4 34 4 48 25 4 54 4 23 4 53 43 4 51 4 86 35 4 38 4 38 4 92 58 4 10 4 30 4 85 23 4 28 4 44 4 90 49 4 31 4 41 4 8 50 16 34 16 107 12 4 8 40 16 34 16 64 58 4 46 4 56 17 4 36 4 53 4 83 53 4 5 4 21 4 5 4 40 21 4 29 4 5 29 4 16 4 26 4 49 4 87 20 4 25 4 10 4 58 32 4 52 4 52 4 80 52 4 7 4 60 4 78 36 4 12 4 44 4 51 49 4 41 4 43 4 42 4 91 47 4 9 4 35 4 25 4 115 8 4 14 4 40 4 28 12 4 31 4 30 4 65 28 4 9 4 40 4 
iteration 1573 best: 0.970855 time: 459785
86 5 4 6 4 8 4 78 48 4 27 4 92 16 4 33 4 28 4 66 46 4 25 4 24 4 3 49 4 35 4 54 4 36 42 4 6 4 43 4 51 4 112 37 4 9 4 47 4 97 6 4 42 4 39 12 4 13 4 69 16 4 27 4 33 4 57 4 58 14 4 37 4 94 12 4 18 4 27 25 4 28 4 46 4 27 4 31 4 73 36 4 31 4 21 4 35 4 66 28 4 29 4 66 35 4 38 4 43 4 26 4 51 23 4 24 4 23 4 80 9 4 11 4 101 22 4 8 4 50 9 20 57 24 4 19 4 30 4 50 22 20 49 14 4 49 4 41 4 89 45 4 37 4 23 4 19 4 16 9 4 23 4 56 15 4 31 4 37 4 89 49 4 32 4 98 41 4 37 4 30 4 60 18 4 51 4 32 4 56 8 4 10 4 10 29 4 11 4 45 37 4 102 11 4 43 4 50 4 102 21 4 43 4 83 37 4 40 4 68 38 4 44 4 20 25 4 44 4 82 9 4 36 4 11 28 4 6 4 109 21 4 15 4 71 31 4 16 4 2 29 4 53 4 30 4 78 34 4 9 4 51 23 4 11 4 20 4 3 42 4 39 4 42 4 10 15 4 29 4 33 4 35 4 50 27 4 32 4 14 4 34 4 48 25 4 54 4 23 4 53 43 4 51 4 86 35 4 38 4 38 4 92 58 4 10 4 30 4 85 23 4 28 4 44 4 90 49 4 31 4 41 4 8 50 16 34 16 107 12 4 8 40 16 34 16 64 58 4 46 4 56 17 4 36 4 53 4 83 53 4 5 4 21 4 5 4 40 21 4 29 4 5 29 4 16 4 26 4 49 4 87 20 4 25 4 10 4 58 32 4 52 4 52 4 80 52 4 7 4 60 4 78 36 4 12 4 44 4 51 49 4 41 4 43 4 42 4 91 47 4 9 4 35 4 25 4 115 8 4 14 4 40 4 28 12 4 31 4 30 4 65 28 4 9 4 40 4 
iteration 1598 best: 0.970855 time: 467068
86 5 4 6 4 8 4 78 48 4 27 4 92 16 4 33 4 28 4 66 46 4 25 4 24 4 3 49 4 35 4 54 4 36 42 4 6 4 43 4 51 4 112 37 4 9 4 47 4 97 6 4 42 4 39 12 4 13 4 69 16 4 27 4 33 4 57 4 58 14 4 37 4 94 12 4 18 4 27 25 4 28 4 46 4 27 4 31 4 73 36 4 31 4 21 4 35 4 66 28 4 29 4 66 35 4 38 4 43 4 26 4 51 23 4 24 4 23 4 80 9 4 11 4 101 22 4 8 4 50 9 20 57 24 4 19 4 30 4 50 22 20 49 14 4 49 4 41 4 89 45 4 37 4 23 4 19 4 16 9 4 23 4 56 15 4 31 4 37 4 89 49 4 32 4 98 41 4 37 4 30 4 60 18 4 51 4 32 4 56 8 4 10 4 10 29 4 11 4 45 37 4 102 11 4 43 4 50 4 102 21 4 43 4 83 37 4 40 4 68 38 4 44 4 20 25 4 44 4 82 9 4 36 4 11 28 4 6 4 109 21 4 15 4 71 31 4 16 4 2 29 4 53 4 30 4 78 34 4 9 4 51 23 4 11 4 20 4 3 42 4 39 4 42 4 10 15 4 29 4 33 4 35 4 50 27 4 32 4 14 4 34 4 48 25 4 54 4 23 4 53 43 4 51 4 86 35 4 38 4 38 4 92 58 4 10 4 30 4 85 23 4 28 4 44 4 90 49 4 31 4 41 4 8 50 16 34 16 107 12 4 8 40 16 34 16 64 58 4 46 4 56 17 4 36 4 53 4 83 53 4 5 4 21 4 5 4 40 21 4 29 4 5 29 4 16 4 26 4 49 4 87 20 4 25 4 10 4 58 32 4 52 4 52 4 80 52 4 7 4 60 4 78 36 4 12 4 44 4 51 49 4 41 4 43 4 42 4 91 47 4 9 4 35 4 25 4 115 8 4 14 4 40 4 28 12 4 31 4 30 4 65 28 4 9 4 40 4 
iteration 1623 best: 0.970855 time: 474372
86 5 4 6 4 8 4 78 48 4 27 4 92 16 4 33 4 28 4 66 46 4 25 4 24 4 3 49 4 35 4 54 4 36 42 4 6 4 43 4 51 4 112 37 4 9 4 47 4 97 6 4 42 4 39 12 4 13 4 69 16 4 27 4 33 4 57 4 58 14 4 37 4 94 12 4 18 4 27 25 4 28 4 46 4 27 4 31 4 73 36 4 31 4 21 4 35 4 66 28 4 29 4 66 35 4 38 4 43 4 26 4 51 23 4 24 4 23 4 80 9 4 11 4 101 22 4 8 4 50 9 20 57 24 4 19 4 30 4 50 22 20 49 14 4 49 4 41 4 89 45 4 37 4 23 4 19 4 16 9 4 23 4 56 15 4 31 4 37 4 89 49 4 32 4 98 41 4 37 4 30 4 60 18 4 51 4 32 4 56 8 4 10 4 10 29 4 11 4 45 37 4 102 11 4 43 4 50 4 102 21 4 43 4 83 37 4 40 4 68 38 4 44 4 20 25 4 44 4 82 9 4 36 4 11 28 4 6 4 109 21 4 15 4 71 31 4 16 4 2 29 4 53 4 30 4 78 34 4 9 4 51 23 4 11 4 20 4 3 42 4 39 4 42 4 10 15 4 29 4 33 4 35 4 50 27 4 32 4 14 4 34 4 48 25 4 54 4 23 4 53 43 4 51 4 86 35 4 38 4 38 4 92 58 4 10 4 30 4 85 23 4 28 4 44 4 90 49 4 31 4 41 4 8 50 16 34 16 107 12 4 8 40 16 34 16 64 58 4 46 4 56 17 4 36 4 53 4 83 53 4 5 4 21 4 5 4 40 21 4 29 4 5 29 4 16 4 26 4 49 4 87 20 4 25 4 10 4 58 32 4 52 4 52 4 80 52 4 7 4 60 4 78 36 4 12 4 44 4 51 49 4 41 4 43 4 42 4 91 47 4 9 4 35 4 25 4 115 8 4 14 4 40 4 28 12 4 31 4 30 4 65 28 4 9 4 40 4 
iteration 1648 best: 0.970855 time: 481632
86 5 4 6 4 8 4 78 48 4 27 4 92 16 4 33 4 28 4 66 46 4 25 4 24 4 3 49 4 35 4 54 4 36 42 4 6 4 43 4 51 4 112 37 4 9 4 47 4 97 6 4 42 4 39 12 4 13 4 69 16 4 27 4 33 4 57 4 58 14 4 37 4 94 12 4 18 4 27 25 4 28 4 46 4 27 4 31 4 73 36 4 31 4 21 4 35 4 66 28 4 29 4 66 35 4 38 4 43 4 26 4 51 23 4 24 4 23 4 80 9 4 11 4 101 22 4 8 4 50 9 20 57 24 4 19 4 30 4 50 22 20 49 14 4 49 4 41 4 89 45 4 37 4 23 4 19 4 16 9 4 23 4 56 15 4 31 4 37 4 89 49 4 32 4 98 41 4 37 4 30 4 60 18 4 51 4 32 4 56 8 4 10 4 10 29 4 11 4 45 37 4 102 11 4 43 4 50 4 102 21 4 43 4 83 37 4 40 4 68 38 4 44 4 20 25 4 44 4 82 9 4 36 4 11 28 4 6 4 109 21 4 15 4 71 31 4 16 4 2 29 4 53 4 30 4 78 34 4 9 4 51 23 4 11 4 20 4 3 42 4 39 4 42 4 10 15 4 29 4 33 4 35 4 50 27 4 32 4 14 4 34 4 48 25 4 54 4 23 4 53 43 4 51 4 86 35 4 38 4 38 4 92 58 4 10 4 30 4 85 23 4 28 4 44 4 90 49 4 31 4 41 4 8 50 16 34 16 107 12 4 8 40 16 34 16 64 58 4 46 4 56 17 4 36 4 53 4 83 53 4 5 4 21 4 5 4 40 21 4 29 4 5 29 4 16 4 26 4 49 4 87 20 4 25 4 10 4 58 32 4 52 4 52 4 80 52 4 7 4 60 4 78 36 4 12 4 44 4 51 49 4 41 4 43 4 42 4 91 47 4 9 4 35 4 25 4 115 8 4 14 4 40 4 28 12 4 31 4 30 4 65 28 4 9 4 40 4 
iteration 1673 best: 0.970855 time: 488925
86 5 4 6 4 8 4 78 48 4 27 4 92 16 4 33 4 28 4 66 46 4 25 4 24 4 3 49 4 35 4 54 4 36 42 4 6 4 43 4 51 4 112 37 4 9 4 47 4 97 6 4 42 4 39 12 4 13 4 69 16 4 27 4 33 4 57 4 58 14 4 37 4 94 12 4 18 4 27 25 4 28 4 46 4 27 4 31 4 73 36 4 31 4 21 4 35 4 66 28 4 29 4 66 35 4 38 4 43 4 26 4 51 23 4 24 4 23 4 80 9 4 11 4 101 22 4 8 4 50 9 20 57 24 4 19 4 30 4 50 22 20 49 14 4 49 4 41 4 89 45 4 37 4 23 4 19 4 16 9 4 23 4 56 15 4 31 4 37 4 89 49 4 32 4 98 41 4 37 4 30 4 60 18 4 51 4 32 4 56 8 4 10 4 10 29 4 11 4 45 37 4 102 11 4 43 4 50 4 102 21 4 43 4 83 37 4 40 4 68 38 4 44 4 20 25 4 44 4 82 9 4 36 4 11 28 4 6 4 109 21 4 15 4 71 31 4 16 4 2 29 4 53 4 30 4 78 34 4 9 4 51 23 4 11 4 20 4 3 42 4 39 4 42 4 10 15 4 29 4 33 4 35 4 50 27 4 32 4 14 4 34 4 48 25 4 54 4 23 4 53 43 4 51 4 86 35 4 38 4 38 4 92 58 4 10 4 30 4 85 23 4 28 4 44 4 90 49 4 31 4 41 4 8 50 16 34 16 107 12 4 8 40 16 34 16 64 58 4 46 4 56 17 4 36 4 53 4 83 53 4 5 4 21 4 5 4 40 21 4 29 4 5 29 4 16 4 26 4 49 4 87 20 4 25 4 10 4 58 32 4 52 4 52 4 80 52 4 7 4 60 4 78 36 4 12 4 44 4 51 49 4 41 4 43 4 42 4 91 47 4 9 4 35 4 25 4 115 8 4 14 4 40 4 28 12 4 31 4 30 4 65 28 4 9 4 40 4 
iteration 1698 best: 0.970855 time: 496216
86 5 4 6 4 8 4 78 48 4 27 4 92 16 4 33 4 28 4 66 46 4 25 4 24 4 3 49 4 35 4 54 4 36 42 4 6 4 43 4 51 4 112 37 4 9 4 47 4 97 6 4 42 4 39 12 4 13 4 69 16 4 27 4 33 4 57 4 58 14 4 37 4 94 12 4 18 4 27 25 4 28 4 46 4 27 4 31 4 73 36 4 31 4 21 4 35 4 66 28 4 29 4 66 35 4 38 4 43 4 26 4 51 23 4 24 4 23 4 80 9 4 11 4 101 22 4 8 4 50 9 20 57 24 4 19 4 30 4 50 22 20 49 14 4 49 4 41 4 89 45 4 37 4 23 4 19 4 16 9 4 23 4 56 15 4 31 4 37 4 89 49 4 32 4 98 41 4 37 4 30 4 60 18 4 51 4 32 4 56 8 4 10 4 10 29 4 11 4 45 37 4 102 11 4 43 4 50 4 102 21 4 43 4 83 37 4 40 4 68 38 4 44 4 20 25 4 44 4 82 9 4 36 4 11 28 4 6 4 109 21 4 15 4 71 31 4 16 4 2 29 4 53 4 30 4 78 34 4 9 4 51 23 4 11 4 20 4 3 42 4 39 4 42 4 10 15 4 29 4 33 4 35 4 50 27 4 32 4 14 4 34 4 48 25 4 54 4 23 4 53 43 4 51 4 86 35 4 38 4 38 4 92 58 4 10 4 30 4 85 23 4 28 4 44 4 90 49 4 31 4 41 4 8 50 16 34 16 107 12 4 8 40 16 34 16 64 58 4 46 4 56 17 4 36 4 53 4 83 53 4 5 4 21 4 5 4 40 21 4 29 4 5 29 4 16 4 26 4 49 4 87 20 4 25 4 10 4 58 32 4 52 4 52 4 80 52 4 7 4 60 4 78 36 4 12 4 44 4 51 49 4 41 4 43 4 42 4 91 47 4 9 4 35 4 25 4 115 8 4 14 4 40 4 28 12 4 31 4 30 4 65 28 4 9 4 40 4 
iteration 1723 best: 0.970855 time: 503508
86 5 4 6 4 8 4 78 48 4 27 4 92 16 4 33 4 28 4 66 46 4 25 4 24 4 3 49 4 35 4 54 4 36 42 4 6 4 43 4 51 4 112 37 4 9 4 47 4 97 6 4 42 4 39 12 4 13 4 69 16 4 27 4 33 4 57 4 58 14 4 37 4 94 12 4 18 4 27 25 4 28 4 46 4 27 4 31 4 73 36 4 31 4 21 4 35 4 66 28 4 29 4 66 35 4 38 4 43 4 26 4 51 23 4 24 4 23 4 80 9 4 11 4 101 22 4 8 4 50 9 20 57 24 4 19 4 30 4 50 22 20 49 14 4 49 4 41 4 89 45 4 37 4 23 4 19 4 16 9 4 23 4 56 15 4 31 4 37 4 89 49 4 32 4 98 41 4 37 4 30 4 60 18 4 51 4 32 4 56 8 4 10 4 10 29 4 11 4 45 37 4 102 11 4 43 4 50 4 102 21 4 43 4 83 37 4 40 4 68 38 4 44 4 20 25 4 44 4 82 9 4 36 4 11 28 4 6 4 109 21 4 15 4 71 31 4 16 4 2 29 4 53 4 30 4 78 34 4 9 4 51 23 4 11 4 20 4 3 42 4 39 4 42 4 10 15 4 29 4 33 4 35 4 50 27 4 32 4 14 4 34 4 48 25 4 54 4 23 4 53 43 4 51 4 86 35 4 38 4 38 4 92 58 4 10 4 30 4 85 23 4 28 4 44 4 90 49 4 31 4 41 4 8 50 16 34 16 107 12 4 8 40 16 34 16 64 58 4 46 4 56 17 4 36 4 53 4 83 53 4 5 4 21 4 5 4 40 21 4 29 4 5 29 4 16 4 26 4 49 4 87 20 4 25 4 10 4 58 32 4 52 4 52 4 80 52 4 7 4 60 4 78 36 4 12 4 44 4 51 49 4 41 4 43 4 42 4 91 47 4 9 4 35 4 25 4 115 8 4 14 4 40 4 28 12 4 31 4 30 4 65 28 4 9 4 40 4 
iteration 1748 best: 0.970855 time: 510795
86 5 4 6 4 8 4 78 48 4 27 4 92 16 4 33 4 28 4 66 46 4 25 4 24 4 3 49 4 35 4 54 4 36 42 4 6 4 43 4 51 4 112 37 4 9 4 47 4 97 6 4 42 4 39 12 4 13 4 69 16 4 27 4 33 4 57 4 58 14 4 37 4 94 12 4 18 4 27 25 4 28 4 46 4 27 4 31 4 73 36 4 31 4 21 4 35 4 66 28 4 29 4 66 35 4 38 4 43 4 26 4 51 23 4 24 4 23 4 80 9 4 11 4 101 22 4 8 4 50 9 20 57 24 4 19 4 30 4 50 22 20 49 14 4 49 4 41 4 89 45 4 37 4 23 4 19 4 16 9 4 23 4 56 15 4 31 4 37 4 89 49 4 32 4 98 41 4 37 4 30 4 60 18 4 51 4 32 4 56 8 4 10 4 10 29 4 11 4 45 37 4 102 11 4 43 4 50 4 102 21 4 43 4 83 37 4 40 4 68 38 4 44 4 20 25 4 44 4 82 9 4 36 4 11 28 4 6 4 109 21 4 15 4 71 31 4 16 4 2 29 4 53 4 30 4 78 34 4 9 4 51 23 4 11 4 20 4 3 42 4 39 4 42 4 10 15 4 29 4 33 4 35 4 50 27 4 32 4 14 4 34 4 48 25 4 54 4 23 4 53 43 4 51 4 86 35 4 38 4 38 4 92 58 4 10 4 30 4 85 23 4 28 4 44 4 90 49 4 31 4 41 4 8 50 16 34 16 107 12 4 8 40 16 34 16 64 58 4 46 4 56 17 4 36 4 53 4 83 53 4 5 4 21 4 5 4 40 21 4 29 4 5 29 4 16 4 26 4 49 4 87 20 4 25 4 10 4 58 32 4 52 4 52 4 80 52 4 7 4 60 4 78 36 4 12 4 44 4 51 49 4 41 4 43 4 42 4 91 47 4 9 4 35 4 25 4 115 8 4 14 4 40 4 28 12 4 31 4 30 4 65 28 4 9 4 40 4 
iteration 1773 best: 0.970855 time: 518099
86 5 4 6 4 8 4 78 48 4 27 4 92 16 4 33 4 28 4 66 46 4 25 4 24 4 3 49 4 35 4 54 4 36 42 4 6 4 43 4 51 4 112 37 4 9 4 47 4 97 6 4 42 4 39 12 4 13 4 69 16 4 27 4 33 4 57 4 58 14 4 37 4 94 12 4 18 4 27 25 4 28 4 46 4 27 4 31 4 73 36 4 31 4 21 4 35 4 66 28 4 29 4 66 35 4 38 4 43 4 26 4 51 23 4 24 4 23 4 80 9 4 11 4 101 22 4 8 4 50 9 20 57 24 4 19 4 30 4 50 22 20 49 14 4 49 4 41 4 89 45 4 37 4 23 4 19 4 16 9 4 23 4 56 15 4 31 4 37 4 89 49 4 32 4 98 41 4 37 4 30 4 60 18 4 51 4 32 4 56 8 4 10 4 10 29 4 11 4 45 37 4 102 11 4 43 4 50 4 102 21 4 43 4 83 37 4 40 4 68 38 4 44 4 20 25 4 44 4 82 9 4 36 4 11 28 4 6 4 109 21 4 15 4 71 31 4 16 4 2 29 4 53 4 30 4 78 34 4 9 4 51 23 4 11 4 20 4 3 42 4 39 4 42 4 10 15 4 29 4 33 4 35 4 50 27 4 32 4 14 4 34 4 48 25 4 54 4 23 4 53 43 4 51 4 86 35 4 38 4 38 4 92 58 4 10 4 30 4 85 23 4 28 4 44 4 90 49 4 31 4 41 4 8 50 16 34 16 107 12 4 8 40 16 34 16 64 58 4 46 4 56 17 4 36 4 53 4 83 53 4 5 4 21 4 5 4 40 21 4 29 4 5 29 4 16 4 26 4 49 4 87 20 4 25 4 10 4 58 32 4 52 4 52 4 80 52 4 7 4 60 4 78 36 4 12 4 44 4 51 49 4 41 4 43 4 42 4 91 47 4 9 4 35 4 25 4 115 8 4 14 4 40 4 28 12 4 31 4 30 4 65 28 4 9 4 40 4 
iteration 1798 best: 0.970855 time: 525400
86 5 4 6 4 8 4 78 48 4 27 4 92 16 4 33 4 28 4 66 46 4 25 4 24 4 3 49 4 35 4 54 4 36 42 4 6 4 43 4 51 4 112 37 4 9 4 47 4 97 6 4 42 4 39 12 4 13 4 69 16 4 27 4 33 4 57 4 58 14 4 37 4 94 12 4 18 4 27 25 4 28 4 46 4 27 4 31 4 73 36 4 31 4 21 4 35 4 66 28 4 29 4 66 35 4 38 4 43 4 26 4 51 23 4 24 4 23 4 80 9 4 11 4 101 22 4 8 4 50 9 20 57 24 4 19 4 30 4 50 22 20 49 14 4 49 4 41 4 89 45 4 37 4 23 4 19 4 16 9 4 23 4 56 15 4 31 4 37 4 89 49 4 32 4 98 41 4 37 4 30 4 60 18 4 51 4 32 4 56 8 4 10 4 10 29 4 11 4 45 37 4 102 11 4 43 4 50 4 102 21 4 43 4 83 37 4 40 4 68 38 4 44 4 20 25 4 44 4 82 9 4 36 4 11 28 4 6 4 109 21 4 15 4 71 31 4 16 4 2 29 4 53 4 30 4 78 34 4 9 4 51 23 4 11 4 20 4 3 42 4 39 4 42 4 10 15 4 29 4 33 4 35 4 50 27 4 32 4 14 4 34 4 48 25 4 54 4 23 4 53 43 4 51 4 86 35 4 38 4 38 4 92 58 4 10 4 30 4 85 23 4 28 4 44 4 90 49 4 31 4 41 4 8 50 16 34 16 107 12 4 8 40 16 34 16 64 58 4 46 4 56 17 4 36 4 53 4 83 53 4 5 4 21 4 5 4 40 21 4 29 4 5 29 4 16 4 26 4 49 4 87 20 4 25 4 10 4 58 32 4 52 4 52 4 80 52 4 7 4 60 4 78 36 4 12 4 44 4 51 49 4 41 4 43 4 42 4 91 47 4 9 4 35 4 25 4 115 8 4 14 4 40 4 28 12 4 31 4 30 4 65 28 4 9 4 40 4 
iteration 1823 best: 0.970855 time: 532715
86 5 4 6 4 8 4 78 48 4 27 4 92 16 4 33 4 28 4 66 46 4 25 4 24 4 3 49 4 35 4 54 4 36 42 4 6 4 43 4 51 4 112 37 4 9 4 47 4 97 6 4 42 4 39 12 4 13 4 69 16 4 27 4 33 4 57 4 58 14 4 37 4 94 12 4 18 4 27 25 4 28 4 46 4 27 4 31 4 73 36 4 31 4 21 4 35 4 66 28 4 29 4 66 35 4 38 4 43 4 26 4 51 23 4 24 4 23 4 80 9 4 11 4 101 22 4 8 4 50 9 20 57 24 4 19 4 30 4 50 22 20 49 14 4 49 4 41 4 89 45 4 37 4 23 4 19 4 16 9 4 23 4 56 15 4 31 4 37 4 89 49 4 32 4 98 41 4 37 4 30 4 60 18 4 51 4 32 4 56 8 4 10 4 10 29 4 11 4 45 37 4 102 11 4 43 4 50 4 102 21 4 43 4 83 37 4 40 4 68 38 4 44 4 20 25 4 44 4 82 9 4 36 4 11 28 4 6 4 109 21 4 15 4 71 31 4 16 4 2 29 4 53 4 30 4 78 34 4 9 4 51 23 4 11 4 20 4 3 42 4 39 4 42 4 10 15 4 29 4 33 4 35 4 50 27 4 32 4 14 4 34 4 48 25 4 54 4 23 4 53 43 4 51 4 86 35 4 38 4 38 4 92 58 4 10 4 30 4 85 23 4 28 4 44 4 90 49 4 31 4 41 4 8 50 16 34 16 107 12 4 8 40 16 34 16 64 58 4 46 4 56 17 4 36 4 53 4 83 53 4 5 4 21 4 5 4 40 21 4 29 4 5 29 4 16 4 26 4 49 4 87 20 4 25 4 10 4 58 32 4 52 4 52 4 80 52 4 7 4 60 4 78 36 4 12 4 44 4 51 49 4 41 4 43 4 42 4 91 47 4 9 4 35 4 25 4 115 8 4 14 4 40 4 28 12 4 31 4 30 4 65 28 4 9 4 40 4 
iteration 1848 best: 0.970855 time: 540035
86 5 4 6 4 8 4 78 48 4 27 4 92 16 4 33 4 28 4 66 46 4 25 4 24 4 3 49 4 35 4 54 4 36 42 4 6 4 43 4 51 4 112 37 4 9 4 47 4 97 6 4 42 4 39 12 4 13 4 69 16 4 27 4 33 4 57 4 58 14 4 37 4 94 12 4 18 4 27 25 4 28 4 46 4 27 4 31 4 73 36 4 31 4 21 4 35 4 66 28 4 29 4 66 35 4 38 4 43 4 26 4 51 23 4 24 4 23 4 80 9 4 11 4 101 22 4 8 4 50 9 20 57 24 4 19 4 30 4 50 22 20 49 14 4 49 4 41 4 89 45 4 37 4 23 4 19 4 16 9 4 23 4 56 15 4 31 4 37 4 89 49 4 32 4 98 41 4 37 4 30 4 60 18 4 51 4 32 4 56 8 4 10 4 10 29 4 11 4 45 37 4 102 11 4 43 4 50 4 102 21 4 43 4 83 37 4 40 4 68 38 4 44 4 20 25 4 44 4 82 9 4 36 4 11 28 4 6 4 109 21 4 15 4 71 31 4 16 4 2 29 4 53 4 30 4 78 34 4 9 4 51 23 4 11 4 20 4 3 42 4 39 4 42 4 10 15 4 29 4 33 4 35 4 50 27 4 32 4 14 4 34 4 48 25 4 54 4 23 4 53 43 4 51 4 86 35 4 38 4 38 4 92 58 4 10 4 30 4 85 23 4 28 4 44 4 90 49 4 31 4 41 4 8 50 16 34 16 107 12 4 8 40 16 34 16 64 58 4 46 4 56 17 4 36 4 53 4 83 53 4 5 4 21 4 5 4 40 21 4 29 4 5 29 4 16 4 26 4 49 4 87 20 4 25 4 10 4 58 32 4 52 4 52 4 80 52 4 7 4 60 4 78 36 4 12 4 44 4 51 49 4 41 4 43 4 42 4 91 47 4 9 4 35 4 25 4 115 8 4 14 4 40 4 28 12 4 31 4 30 4 65 28 4 9 4 40 4 
iteration 1873 best: 0.970855 time: 547316
86 5 4 6 4 8 4 78 48 4 27 4 92 16 4 33 4 28 4 66 46 4 25 4 24 4 3 49 4 35 4 54 4 36 42 4 6 4 43 4 51 4 112 37 4 9 4 47 4 97 6 4 42 4 39 12 4 13 4 69 16 4 27 4 33 4 57 4 58 14 4 37 4 94 12 4 18 4 27 25 4 28 4 46 4 27 4 31 4 73 36 4 31 4 21 4 35 4 66 28 4 29 4 66 35 4 38 4 43 4 26 4 51 23 4 24 4 23 4 80 9 4 11 4 101 22 4 8 4 50 9 20 57 24 4 19 4 30 4 50 22 20 49 14 4 49 4 41 4 89 45 4 37 4 23 4 19 4 16 9 4 23 4 56 15 4 31 4 37 4 89 49 4 32 4 98 41 4 37 4 30 4 60 18 4 51 4 32 4 56 8 4 10 4 10 29 4 11 4 45 37 4 102 11 4 43 4 50 4 102 21 4 43 4 83 37 4 40 4 68 38 4 44 4 20 25 4 44 4 82 9 4 36 4 11 28 4 6 4 109 21 4 15 4 71 31 4 16 4 2 29 4 53 4 30 4 78 34 4 9 4 51 23 4 11 4 20 4 3 42 4 39 4 42 4 10 15 4 29 4 33 4 35 4 50 27 4 32 4 14 4 34 4 48 25 4 54 4 23 4 53 43 4 51 4 86 35 4 38 4 38 4 92 58 4 10 4 30 4 85 23 4 28 4 44 4 90 49 4 31 4 41 4 8 50 16 34 16 107 12 4 8 40 16 34 16 64 58 4 46 4 56 17 4 36 4 53 4 83 53 4 5 4 21 4 5 4 40 21 4 29 4 5 29 4 16 4 26 4 49 4 87 20 4 25 4 10 4 58 32 4 52 4 52 4 80 52 4 7 4 60 4 78 36 4 12 4 44 4 51 49 4 41 4 43 4 42 4 91 47 4 9 4 35 4 25 4 115 8 4 14 4 40 4 28 12 4 31 4 30 4 65 28 4 9 4 40 4 
iteration 1898 best: 0.970855 time: 554621
86 5 4 6 4 8 4 78 48 4 27 4 92 16 4 33 4 28 4 66 46 4 25 4 24 4 3 49 4 35 4 54 4 36 42 4 6 4 43 4 51 4 112 37 4 9 4 47 4 97 6 4 42 4 39 12 4 13 4 69 16 4 27 4 33 4 57 4 58 14 4 37 4 94 12 4 18 4 27 25 4 28 4 46 4 27 4 31 4 73 36 4 31 4 21 4 35 4 66 28 4 29 4 66 35 4 38 4 43 4 26 4 51 23 4 24 4 23 4 80 9 4 11 4 101 22 4 8 4 50 9 20 57 24 4 19 4 30 4 50 22 20 49 14 4 49 4 41 4 89 45 4 37 4 23 4 19 4 16 9 4 23 4 56 15 4 31 4 37 4 89 49 4 32 4 98 41 4 37 4 30 4 60 18 4 51 4 32 4 56 8 4 10 4 10 29 4 11 4 45 37 4 102 11 4 43 4 50 4 102 21 4 43 4 83 37 4 40 4 68 38 4 44 4 20 25 4 44 4 82 9 4 36 4 11 28 4 6 4 109 21 4 15 4 71 31 4 16 4 2 29 4 53 4 30 4 78 34 4 9 4 51 23 4 11 4 20 4 3 42 4 39 4 42 4 10 15 4 29 4 33 4 35 4 50 27 4 32 4 14 4 34 4 48 25 4 54 4 23 4 53 43 4 51 4 86 35 4 38 4 38 4 92 58 4 10 4 30 4 85 23 4 28 4 44 4 90 49 4 31 4 41 4 8 50 16 34 16 107 12 4 8 40 16 34 16 64 58 4 46 4 56 17 4 36 4 53 4 83 53 4 5 4 21 4 5 4 40 21 4 29 4 5 29 4 16 4 26 4 49 4 87 20 4 25 4 10 4 58 32 4 52 4 52 4 80 52 4 7 4 60 4 78 36 4 12 4 44 4 51 49 4 41 4 43 4 42 4 91 47 4 9 4 35 4 25 4 115 8 4 14 4 40 4 28 12 4 31 4 30 4 65 28 4 9 4 40 4 
iteration 1923 best: 0.970855 time: 561941
86 5 4 6 4 8 4 78 48 4 27 4 92 16 4 33 4 28 4 66 46 4 25 4 24 4 3 49 4 35 4 54 4 36 42 4 6 4 43 4 51 4 112 37 4 9 4 47 4 97 6 4 42 4 39 12 4 13 4 69 16 4 27 4 33 4 57 4 58 14 4 37 4 94 12 4 18 4 27 25 4 28 4 46 4 27 4 31 4 73 36 4 31 4 21 4 35 4 66 28 4 29 4 66 35 4 38 4 43 4 26 4 51 23 4 24 4 23 4 80 9 4 11 4 101 22 4 8 4 50 9 20 57 24 4 19 4 30 4 50 22 20 49 14 4 49 4 41 4 89 45 4 37 4 23 4 19 4 16 9 4 23 4 56 15 4 31 4 37 4 89 49 4 32 4 98 41 4 37 4 30 4 60 18 4 51 4 32 4 56 8 4 10 4 10 29 4 11 4 45 37 4 102 11 4 43 4 50 4 102 21 4 43 4 83 37 4 40 4 68 38 4 44 4 20 25 4 44 4 82 9 4 36 4 11 28 4 6 4 109 21 4 15 4 71 31 4 16 4 2 29 4 53 4 30 4 78 34 4 9 4 51 23 4 11 4 20 4 3 42 4 39 4 42 4 10 15 4 29 4 33 4 35 4 50 27 4 32 4 14 4 34 4 48 25 4 54 4 23 4 53 43 4 51 4 86 35 4 38 4 38 4 92 58 4 10 4 30 4 85 23 4 28 4 44 4 90 49 4 31 4 41 4 8 50 16 34 16 107 12 4 8 40 16 34 16 64 58 4 46 4 56 17 4 36 4 53 4 83 53 4 5 4 21 4 5 4 40 21 4 29 4 5 29 4 16 4 26 4 49 4 87 20 4 25 4 10 4 58 32 4 52 4 52 4 80 52 4 7 4 60 4 78 36 4 12 4 44 4 51 49 4 41 4 43 4 42 4 91 47 4 9 4 35 4 25 4 115 8 4 14 4 40 4 28 12 4 31 4 30 4 65 28 4 9 4 40 4 
iteration 1948 best: 0.970855 time: 569244
86 5 4 6 4 8 4 78 48 4 27 4 92 16 4 33 4 28 4 66 46 4 25 4 24 4 3 49 4 35 4 54 4 36 42 4 6 4 43 4 51 4 112 37 4 9 4 47 4 97 6 4 42 4 39 12 4 13 4 69 16 4 27 4 33 4 57 4 58 14 4 37 4 94 12 4 18 4 27 25 4 28 4 46 4 27 4 31 4 73 36 4 31 4 21 4 35 4 66 28 4 29 4 66 35 4 38 4 43 4 26 4 51 23 4 24 4 23 4 80 9 4 11 4 101 22 4 8 4 50 9 20 57 24 4 19 4 30 4 50 22 20 49 14 4 49 4 41 4 89 45 4 37 4 23 4 19 4 16 9 4 23 4 56 15 4 31 4 37 4 89 49 4 32 4 98 41 4 37 4 30 4 60 18 4 51 4 32 4 56 8 4 10 4 10 29 4 11 4 45 37 4 102 11 4 43 4 50 4 102 21 4 43 4 83 37 4 40 4 68 38 4 44 4 20 25 4 44 4 82 9 4 36 4 11 28 4 6 4 109 21 4 15 4 71 31 4 16 4 2 29 4 53 4 30 4 78 34 4 9 4 51 23 4 11 4 20 4 3 42 4 39 4 42 4 10 15 4 29 4 33 4 35 4 50 27 4 32 4 14 4 34 4 48 25 4 54 4 23 4 53 43 4 51 4 86 35 4 38 4 38 4 92 58 4 10 4 30 4 85 23 4 28 4 44 4 90 49 4 31 4 41 4 8 50 16 34 16 107 12 4 8 40 16 34 16 64 58 4 46 4 56 17 4 36 4 53 4 83 53 4 5 4 21 4 5 4 40 21 4 29 4 5 29 4 16 4 26 4 49 4 87 20 4 25 4 10 4 58 32 4 52 4 52 4 80 52 4 7 4 60 4 78 36 4 12 4 44 4 51 49 4 41 4 43 4 42 4 91 47 4 9 4 35 4 25 4 115 8 4 14 4 40 4 28 12 4 31 4 30 4 65 28 4 9 4 40 4 
iteration 1973 best: 0.970855 time: 576525
86 5 4 6 4 8 4 78 48 4 27 4 92 16 4 33 4 28 4 66 46 4 25 4 24 4 3 49 4 35 4 54 4 36 42 4 6 4 43 4 51 4 112 37 4 9 4 47 4 97 6 4 42 4 39 12 4 13 4 69 16 4 27 4 33 4 57 4 58 14 4 37 4 94 12 4 18 4 27 25 4 28 4 46 4 27 4 31 4 73 36 4 31 4 21 4 35 4 66 28 4 29 4 66 35 4 38 4 43 4 26 4 51 23 4 24 4 23 4 80 9 4 11 4 101 22 4 8 4 50 9 20 57 24 4 19 4 30 4 50 22 20 49 14 4 49 4 41 4 89 45 4 37 4 23 4 19 4 16 9 4 23 4 56 15 4 31 4 37 4 89 49 4 32 4 98 41 4 37 4 30 4 60 18 4 51 4 32 4 56 8 4 10 4 10 29 4 11 4 45 37 4 102 11 4 43 4 50 4 102 21 4 43 4 83 37 4 40 4 68 38 4 44 4 20 25 4 44 4 82 9 4 36 4 11 28 4 6 4 109 21 4 15 4 71 31 4 16 4 2 29 4 53 4 30 4 78 34 4 9 4 51 23 4 11 4 20 4 3 42 4 39 4 42 4 10 15 4 29 4 33 4 35 4 50 27 4 32 4 14 4 34 4 48 25 4 54 4 23 4 53 43 4 51 4 86 35 4 38 4 38 4 92 58 4 10 4 30 4 85 23 4 28 4 44 4 90 49 4 31 4 41 4 8 50 16 34 16 107 12 4 8 40 16 34 16 64 58 4 46 4 56 17 4 36 4 53 4 83 53 4 5 4 21 4 5 4 40 21 4 29 4 5 29 4 16 4 26 4 49 4 87 20 4 25 4 10 4 58 32 4 52 4 52 4 80 52 4 7 4 60 4 78 36 4 12 4 44 4 51 49 4 41 4 43 4 42 4 91 47 4 9 4 35 4 25 4 115 8 4 14 4 40 4 28 12 4 31 4 30 4 65 28 4 9 4 40 4 
iteration 1998 best: 0.970855 time: 583774
86 5 4 6 4 8 4 78 48 4 27 4 92 16 4 33 4 28 4 66 46 4 25 4 24 4 3 49 4 35 4 54 4 36 42 4 6 4 43 4 51 4 112 37 4 9 4 47 4 97 6 4 42 4 39 12 4 13 4 69 16 4 27 4 33 4 57 4 58 14 4 37 4 94 12 4 18 4 27 25 4 28 4 46 4 27 4 31 4 73 36 4 31 4 21 4 35 4 66 28 4 29 4 66 35 4 38 4 43 4 26 4 51 23 4 24 4 23 4 80 9 4 11 4 101 22 4 8 4 50 9 20 57 24 4 19 4 30 4 50 22 20 49 14 4 49 4 41 4 89 45 4 37 4 23 4 19 4 16 9 4 23 4 56 15 4 31 4 37 4 89 49 4 32 4 98 41 4 37 4 30 4 60 18 4 51 4 32 4 56 8 4 10 4 10 29 4 11 4 45 37 4 102 11 4 43 4 50 4 102 21 4 43 4 83 37 4 40 4 68 38 4 44 4 20 25 4 44 4 82 9 4 36 4 11 28 4 6 4 109 21 4 15 4 71 31 4 16 4 2 29 4 53 4 30 4 78 34 4 9 4 51 23 4 11 4 20 4 3 42 4 39 4 42 4 10 15 4 29 4 33 4 35 4 50 27 4 32 4 14 4 34 4 48 25 4 54 4 23 4 53 43 4 51 4 86 35 4 38 4 38 4 92 58 4 10 4 30 4 85 23 4 28 4 44 4 90 49 4 31 4 41 4 8 50 16 34 16 107 12 4 8 40 16 34 16 64 58 4 46 4 56 17 4 36 4 53 4 83 53 4 5 4 21 4 5 4 40 21 4 29 4 5 29 4 16 4 26 4 49 4 87 20 4 25 4 10 4 58 32 4 52 4 52 4 80 52 4 7 4 60 4 78 36 4 12 4 44 4 51 49 4 41 4 43 4 42 4 91 47 4 9 4 35 4 25 4 115 8 4 14 4 40 4 28 12 4 31 4 30 4 65 28 4 9 4 40 4 
iteration 2023 best: 0.970855 time: 591074
86 5 4 6 4 8 4 78 48 4 27 4 92 16 4 33 4 28 4 66 46 4 25 4 24 4 3 49 4 35 4 54 4 36 42 4 6 4 43 4 51 4 112 37 4 9 4 47 4 97 6 4 42 4 39 12 4 13 4 69 16 4 27 4 33 4 57 4 58 14 4 37 4 94 12 4 18 4 27 25 4 28 4 46 4 27 4 31 4 73 36 4 31 4 21 4 35 4 66 28 4 29 4 66 35 4 38 4 43 4 26 4 51 23 4 24 4 23 4 80 9 4 11 4 101 22 4 8 4 50 9 20 57 24 4 19 4 30 4 50 22 20 49 14 4 49 4 41 4 89 45 4 37 4 23 4 19 4 16 9 4 23 4 56 15 4 31 4 37 4 89 49 4 32 4 98 41 4 37 4 30 4 60 18 4 51 4 32 4 56 8 4 10 4 10 29 4 11 4 45 37 4 102 11 4 43 4 50 4 102 21 4 43 4 83 37 4 40 4 68 38 4 44 4 20 25 4 44 4 82 9 4 36 4 11 28 4 6 4 109 21 4 15 4 71 31 4 16 4 2 29 4 53 4 30 4 78 34 4 9 4 51 23 4 11 4 20 4 3 42 4 39 4 42 4 10 15 4 29 4 33 4 35 4 50 27 4 32 4 14 4 34 4 48 25 4 54 4 23 4 53 43 4 51 4 86 35 4 38 4 38 4 92 58 4 10 4 30 4 85 23 4 28 4 44 4 90 49 4 31 4 41 4 8 50 16 34 16 107 12 4 8 40 16 34 16 64 58 4 46 4 56 17 4 36 4 53 4 83 53 4 5 4 21 4 5 4 40 21 4 29 4 5 29 4 16 4 26 4 49 4 87 20 4 25 4 10 4 58 32 4 52 4 52 4 80 52 4 7 4 60 4 78 36 4 12 4 44 4 51 49 4 41 4 43 4 42 4 91 47 4 9 4 35 4 25 4 115 8 4 14 4 40 4 28 12 4 31 4 30 4 65 28 4 9 4 40 4 
iteration 2048 best: 0.970855 time: 598364
86 5 4 6 4 8 4 78 48 4 27 4 92 16 4 33 4 28 4 66 46 4 25 4 24 4 3 49 4 35 4 54 4 36 42 4 6 4 43 4 51 4 112 37 4 9 4 47 4 97 6 4 42 4 39 12 4 13 4 69 16 4 27 4 33 4 57 4 58 14 4 37 4 94 12 4 18 4 27 25 4 28 4 46 4 27 4 31 4 73 36 4 31 4 21 4 35 4 66 28 4 29 4 66 35 4 38 4 43 4 26 4 51 23 4 24 4 23 4 80 9 4 11 4 101 22 4 8 4 50 9 20 57 24 4 19 4 30 4 50 22 20 49 14 4 49 4 41 4 89 45 4 37 4 23 4 19 4 16 9 4 23 4 56 15 4 31 4 37 4 89 49 4 32 4 98 41 4 37 4 30 4 60 18 4 51 4 32 4 56 8 4 10 4 10 29 4 11 4 45 37 4 102 11 4 43 4 50 4 102 21 4 43 4 83 37 4 40 4 68 38 4 44 4 20 25 4 44 4 82 9 4 36 4 11 28 4 6 4 109 21 4 15 4 71 31 4 16 4 2 29 4 53 4 30 4 78 34 4 9 4 51 23 4 11 4 20 4 3 42 4 39 4 42 4 10 15 4 29 4 33 4 35 4 50 27 4 32 4 14 4 34 4 48 25 4 54 4 23 4 53 43 4 51 4 86 35 4 38 4 38 4 92 58 4 10 4 30 4 85 23 4 28 4 44 4 90 49 4 31 4 41 4 8 50 16 34 16 107 12 4 8 40 16 34 16 64 58 4 46 4 56 17 4 36 4 53 4 83 53 4 5 4 21 4 5 4 40 21 4 29 4 5 29 4 16 4 26 4 49 4 87 20 4 25 4 10 4 58 32 4 52 4 52 4 80 52 4 7 4 60 4 78 36 4 12 4 44 4 51 49 4 41 4 43 4 42 4 91 47 4 9 4 35 4 25 4 115 8 4 14 4 40 4 28 12 4 31 4 30 4 65 28 4 9 4 40 4 
Best solution: 
86 5 4 6 4 8 4 78 48 4 27 4 92 16 4 33 4 28 4 66 46 4 25 4 24 4 3 49 4 35 4 54 4 36 42 4 6 4 43 4 51 4 112 37 4 9 4 47 4 97 6 4 42 4 39 12 4 13 4 69 16 4 27 4 33 4 57 4 58 14 4 37 4 94 12 4 18 4 27 25 4 28 4 46 4 27 4 31 4 73 36 4 31 4 21 4 35 4 66 28 4 29 4 66 35 4 38 4 43 4 26 4 51 23 4 24 4 23 4 80 9 4 11 4 101 22 4 8 4 50 9 20 57 24 4 19 4 30 4 50 22 20 49 14 4 49 4 41 4 89 45 4 37 4 23 4 19 4 16 9 4 23 4 56 15 4 31 4 37 4 89 49 4 32 4 98 41 4 37 4 30 4 60 18 4 51 4 32 4 56 8 4 10 4 10 29 4 11 4 45 37 4 102 11 4 43 4 50 4 102 21 4 43 4 83 37 4 40 4 68 38 4 44 4 20 25 4 44 4 82 9 4 36 4 11 28 4 6 4 109 21 4 15 4 71 31 4 16 4 2 29 4 53 4 30 4 78 34 4 9 4 51 23 4 11 4 20 4 3 42 4 39 4 42 4 10 15 4 29 4 33 4 35 4 50 27 4 32 4 14 4 34 4 48 25 4 54 4 23 4 53 43 4 51 4 86 35 4 38 4 38 4 92 58 4 10 4 30 4 85 23 4 28 4 44 4 90 49 4 31 4 41 4 8 50 16 34 16 107 12 4 8 40 16 34 16 64 58 4 46 4 56 17 4 36 4 53 4 83 53 4 5 4 21 4 5 4 40 21 4 29 4 5 29 4 16 4 26 4 49 4 87 20 4 25 4 10 4 58 32 4 52 4 52 4 80 52 4 7 4 60 4 78 36 4 12 4 44 4 51 49 4 41 4 43 4 42 4 91 47 4 9 4 35 4 25 4 115 8 4 14 4 40 4 28 12 4 31 4 30 4 65 28 4 9 4 40 4 
Fitness: 0.970855
