iteration 22 best: 1.07666 time: 7306
55 13 4 13 4 16 4 20 47 4 23 4 27 27 4 51 4 18 4 94 44 4 53 4 20 4 68 58 4 50 4 24 4 100 9 4 12 4 39 4 5 4 0 41 4 14 4 38 4 2 36 4 41 4 76 42 4 49 4 99 25 4 58 4 49 4 36 4 119 48 4 28 4 59 52 4 35 4 18 39 4 53 4 40 4 49 4 40 4 78 37 4 33 4 33 4 38 4 69 34 4 8 4 8 43 4 38 4 16 4 28 4 98 51 4 5 4 43 4 91 47 4 39 4 6 19 4 29 4 79 9 20 106 47 4 13 4 52 4 107 35 20 45 29 4 58 4 26 4 19 27 4 31 4 48 4 7 4 88 15 4 23 4 35 12 4 36 4 43 4 55 58 4 23 4 3 13 4 20 4 56 4 109 17 4 51 4 5 4 85 44 4 46 4 20 31 4 50 4 96 13 4 72 5 4 5 4 38 4 13 30 4 30 4 62 18 4 34 4 29 44 4 10 4 118 56 4 60 4 0 13 4 9 4 17 20 4 20 4 77 49 4 13 4 30 59 4 21 4 30 12 4 32 4 14 4 24 46 4 52 4 4 33 4 5 4 5 4 53 18 4 35 4 54 4 79 35 4 8 4 53 4 31 4 95 11 4 38 4 8 4 13 4 28 16 4 11 4 26 4 62 47 4 22 4 69 16 4 9 4 12 4 1 56 4 44 4 19 4 25 22 4 50 4 39 4 77 9 4 60 4 28 4 7 31 16 29 16 31 5 4 26 51 16 47 16 105 46 4 43 4 47 54 4 37 4 33 4 29 52 4 18 4 18 4 45 4 65 18 4 60 4 1 43 4 43 4 19 4 49 4 61 51 4 15 4 14 4 18 14 4 35 4 14 4 10 28 4 38 4 15 4 69 36 4 40 4 13 4 83 16 4 57 4 57 4 34 4 27 21 4 38 4 34 4 15 4 37 31 4 52 4 19 4 3 11 4 46 4 13 4 31 30 4 32 4 15 4 
iteration 46 best: 1.07666 time: 14578
55 13 4 13 4 16 4 20 47 4 23 4 27 27 4 51 4 18 4 94 44 4 53 4 20 4 68 58 4 50 4 24 4 100 9 4 12 4 39 4 5 4 0 41 4 14 4 38 4 2 36 4 41 4 76 42 4 49 4 99 25 4 58 4 49 4 36 4 119 48 4 28 4 59 52 4 35 4 18 39 4 53 4 40 4 49 4 40 4 78 37 4 33 4 33 4 38 4 69 34 4 8 4 8 43 4 38 4 16 4 28 4 98 51 4 5 4 43 4 91 47 4 39 4 6 19 4 29 4 79 9 20 106 47 4 13 4 52 4 107 35 20 45 29 4 58 4 26 4 19 27 4 31 4 48 4 7 4 88 15 4 23 4 35 12 4 36 4 43 4 55 58 4 23 4 3 13 4 20 4 56 4 109 17 4 51 4 5 4 85 44 4 46 4 20 31 4 50 4 96 13 4 72 5 4 5 4 38 4 13 30 4 30 4 62 18 4 34 4 29 44 4 10 4 118 56 4 60 4 0 13 4 9 4 17 20 4 20 4 77 49 4 13 4 30 59 4 21 4 30 12 4 32 4 14 4 24 46 4 52 4 4 33 4 5 4 5 4 53 18 4 35 4 54 4 79 35 4 8 4 53 4 31 4 95 11 4 38 4 8 4 13 4 28 16 4 11 4 26 4 62 47 4 22 4 69 16 4 9 4 12 4 1 56 4 44 4 19 4 25 22 4 50 4 39 4 77 9 4 60 4 28 4 7 31 16 29 16 31 5 4 26 51 16 47 16 105 46 4 43 4 47 54 4 37 4 33 4 29 52 4 18 4 18 4 45 4 65 18 4 60 4 1 43 4 43 4 19 4 49 4 61 51 4 15 4 14 4 18 14 4 35 4 14 4 10 28 4 38 4 15 4 69 36 4 40 4 13 4 83 16 4 57 4 57 4 34 4 27 21 4 38 4 34 4 15 4 37 31 4 52 4 19 4 3 11 4 46 4 13 4 31 30 4 32 4 15 4 
iteration 70 best: 1.07666 time: 21868
55 13 4 13 4 16 4 20 47 4 23 4 27 27 4 51 4 18 4 94 44 4 53 4 20 4 68 58 4 50 4 24 4 100 9 4 12 4 39 4 5 4 0 41 4 14 4 38 4 2 36 4 41 4 76 42 4 49 4 99 25 4 58 4 49 4 36 4 119 48 4 28 4 59 52 4 35 4 18 39 4 53 4 40 4 49 4 40 4 78 37 4 33 4 33 4 38 4 69 34 4 8 4 8 43 4 38 4 16 4 28 4 98 51 4 5 4 43 4 91 47 4 39 4 6 19 4 29 4 79 9 20 106 47 4 13 4 52 4 107 35 20 45 29 4 58 4 26 4 19 27 4 31 4 48 4 7 4 88 15 4 23 4 35 12 4 36 4 43 4 55 58 4 23 4 3 13 4 20 4 56 4 109 17 4 51 4 5 4 85 44 4 46 4 20 31 4 50 4 96 13 4 72 5 4 5 4 38 4 13 30 4 30 4 62 18 4 34 4 29 44 4 10 4 118 56 4 60 4 0 13 4 9 4 17 20 4 20 4 77 49 4 13 4 30 59 4 21 4 30 12 4 32 4 14 4 24 46 4 52 4 4 33 4 5 4 5 4 53 18 4 35 4 54 4 79 35 4 8 4 53 4 31 4 95 11 4 38 4 8 4 13 4 28 16 4 11 4 26 4 62 47 4 22 4 69 16 4 9 4 12 4 1 56 4 44 4 19 4 25 22 4 50 4 39 4 77 9 4 60 4 28 4 7 31 16 29 16 31 5 4 26 51 16 47 16 105 46 4 43 4 47 54 4 37 4 33 4 29 52 4 18 4 18 4 45 4 65 18 4 60 4 1 43 4 43 4 19 4 49 4 61 51 4 15 4 14 4 18 14 4 35 4 14 4 10 28 4 38 4 15 4 69 36 4 40 4 13 4 83 16 4 57 4 57 4 34 4 27 21 4 38 4 34 4 15 4 37 31 4 52 4 19 4 3 11 4 46 4 13 4 31 30 4 32 4 15 4 
iteration 94 best: 1.07666 time: 29162
55 13 4 13 4 16 4 20 47 4 23 4 27 27 4 51 4 18 4 94 44 4 53 4 20 4 68 58 4 50 4 24 4 100 9 4 12 4 39 4 5 4 0 41 4 14 4 38 4 2 36 4 41 4 76 42 4 49 4 99 25 4 58 4 49 4 36 4 119 48 4 28 4 59 52 4 35 4 18 39 4 53 4 40 4 49 4 40 4 78 37 4 33 4 33 4 38 4 69 34 4 8 4 8 43 4 38 4 16 4 28 4 98 51 4 5 4 43 4 91 47 4 39 4 6 19 4 29 4 79 9 20 106 47 4 13 4 52 4 107 35 20 45 29 4 58 4 26 4 19 27 4 31 4 48 4 7 4 88 15 4 23 4 35 12 4 36 4 43 4 55 58 4 23 4 3 13 4 20 4 56 4 109 17 4 51 4 5 4 85 44 4 46 4 20 31 4 50 4 96 13 4 72 5 4 5 4 38 4 13 30 4 30 4 62 18 4 34 4 29 44 4 10 4 118 56 4 60 4 0 13 4 9 4 17 20 4 20 4 77 49 4 13 4 30 59 4 21 4 30 12 4 32 4 14 4 24 46 4 52 4 4 33 4 5 4 5 4 53 18 4 35 4 54 4 79 35 4 8 4 53 4 31 4 95 11 4 38 4 8 4 13 4 28 16 4 11 4 26 4 62 47 4 22 4 69 16 4 9 4 12 4 1 56 4 44 4 19 4 25 22 4 50 4 39 4 77 9 4 60 4 28 4 7 31 16 29 16 31 5 4 26 51 16 47 16 105 46 4 43 4 47 54 4 37 4 33 4 29 52 4 18 4 18 4 45 4 65 18 4 60 4 1 43 4 43 4 19 4 49 4 61 51 4 15 4 14 4 18 14 4 35 4 14 4 10 28 4 38 4 15 4 69 36 4 40 4 13 4 83 16 4 57 4 57 4 34 4 27 21 4 38 4 34 4 15 4 37 31 4 52 4 19 4 3 11 4 46 4 13 4 31 30 4 32 4 15 4 
iteration 118 best: 1.07666 time: 36448
55 13 4 13 4 16 4 20 47 4 23 4 27 27 4 51 4 18 4 94 44 4 53 4 20 4 68 58 4 50 4 24 4 100 9 4 12 4 39 4 5 4 0 41 4 14 4 38 4 2 36 4 41 4 76 42 4 49 4 99 25 4 58 4 49 4 36 4 119 48 4 28 4 59 52 4 35 4 18 39 4 53 4 40 4 49 4 40 4 78 37 4 33 4 33 4 38 4 69 34 4 8 4 8 43 4 38 4 16 4 28 4 98 51 4 5 4 43 4 91 47 4 39 4 6 19 4 29 4 79 9 20 106 47 4 13 4 52 4 107 35 20 45 29 4 58 4 26 4 19 27 4 31 4 48 4 7 4 88 15 4 23 4 35 12 4 36 4 43 4 55 58 4 23 4 3 13 4 20 4 56 4 109 17 4 51 4 5 4 85 44 4 46 4 20 31 4 50 4 96 13 4 72 5 4 5 4 38 4 13 30 4 30 4 62 18 4 34 4 29 44 4 10 4 118 56 4 60 4 0 13 4 9 4 17 20 4 20 4 77 49 4 13 4 30 59 4 21 4 30 12 4 32 4 14 4 24 46 4 52 4 4 33 4 5 4 5 4 53 18 4 35 4 54 4 79 35 4 8 4 53 4 31 4 95 11 4 38 4 8 4 13 4 28 16 4 11 4 26 4 62 47 4 22 4 69 16 4 9 4 12 4 1 56 4 44 4 19 4 25 22 4 50 4 39 4 77 9 4 60 4 28 4 7 31 16 29 16 31 5 4 26 51 16 47 16 105 46 4 43 4 47 54 4 37 4 33 4 29 52 4 18 4 18 4 45 4 65 18 4 60 4 1 43 4 43 4 19 4 49 4 61 51 4 15 4 14 4 18 14 4 35 4 14 4 10 28 4 38 4 15 4 69 36 4 40 4 13 4 83 16 4 57 4 57 4 34 4 27 21 4 38 4 34 4 15 4 37 31 4 52 4 19 4 3 11 4 46 4 13 4 31 30 4 32 4 15 4 
iteration 142 best: 1.07666 time: 43728
55 13 4 13 4 16 4 20 47 4 23 4 27 27 4 51 4 18 4 94 44 4 53 4 20 4 68 58 4 50 4 24 4 100 9 4 12 4 39 4 5 4 0 41 4 14 4 38 4 2 36 4 41 4 76 42 4 49 4 99 25 4 58 4 49 4 36 4 119 48 4 28 4 59 52 4 35 4 18 39 4 53 4 40 4 49 4 40 4 78 37 4 33 4 33 4 38 4 69 34 4 8 4 8 43 4 38 4 16 4 28 4 98 51 4 5 4 43 4 91 47 4 39 4 6 19 4 29 4 79 9 20 106 47 4 13 4 52 4 107 35 20 45 29 4 58 4 26 4 19 27 4 31 4 48 4 7 4 88 15 4 23 4 35 12 4 36 4 43 4 55 58 4 23 4 3 13 4 20 4 56 4 109 17 4 51 4 5 4 85 44 4 46 4 20 31 4 50 4 96 13 4 72 5 4 5 4 38 4 13 30 4 30 4 62 18 4 34 4 29 44 4 10 4 118 56 4 60 4 0 13 4 9 4 17 20 4 20 4 77 49 4 13 4 30 59 4 21 4 30 12 4 32 4 14 4 24 46 4 52 4 4 33 4 5 4 5 4 53 18 4 35 4 54 4 79 35 4 8 4 53 4 31 4 95 11 4 38 4 8 4 13 4 28 16 4 11 4 26 4 62 47 4 22 4 69 16 4 9 4 12 4 1 56 4 44 4 19 4 25 22 4 50 4 39 4 77 9 4 60 4 28 4 7 31 16 29 16 31 5 4 26 51 16 47 16 105 46 4 43 4 47 54 4 37 4 33 4 29 52 4 18 4 18 4 45 4 65 18 4 60 4 1 43 4 43 4 19 4 49 4 61 51 4 15 4 14 4 18 14 4 35 4 14 4 10 28 4 38 4 15 4 69 36 4 40 4 13 4 83 16 4 57 4 57 4 34 4 27 21 4 38 4 34 4 15 4 37 31 4 52 4 19 4 3 11 4 46 4 13 4 31 30 4 32 4 15 4 
iteration 166 best: 1.07666 time: 50982
55 13 4 13 4 16 4 20 47 4 23 4 27 27 4 51 4 18 4 94 44 4 53 4 20 4 68 58 4 50 4 24 4 100 9 4 12 4 39 4 5 4 0 41 4 14 4 38 4 2 36 4 41 4 76 42 4 49 4 99 25 4 58 4 49 4 36 4 119 48 4 28 4 59 52 4 35 4 18 39 4 53 4 40 4 49 4 40 4 78 37 4 33 4 33 4 38 4 69 34 4 8 4 8 43 4 38 4 16 4 28 4 98 51 4 5 4 43 4 91 47 4 39 4 6 19 4 29 4 79 9 20 106 47 4 13 4 52 4 107 35 20 45 29 4 58 4 26 4 19 27 4 31 4 48 4 7 4 88 15 4 23 4 35 12 4 36 4 43 4 55 58 4 23 4 3 13 4 20 4 56 4 109 17 4 51 4 5 4 85 44 4 46 4 20 31 4 50 4 96 13 4 72 5 4 5 4 38 4 13 30 4 30 4 62 18 4 34 4 29 44 4 10 4 118 56 4 60 4 0 13 4 9 4 17 20 4 20 4 77 49 4 13 4 30 59 4 21 4 30 12 4 32 4 14 4 24 46 4 52 4 4 33 4 5 4 5 4 53 18 4 35 4 54 4 79 35 4 8 4 53 4 31 4 95 11 4 38 4 8 4 13 4 28 16 4 11 4 26 4 62 47 4 22 4 69 16 4 9 4 12 4 1 56 4 44 4 19 4 25 22 4 50 4 39 4 77 9 4 60 4 28 4 7 31 16 29 16 31 5 4 26 51 16 47 16 105 46 4 43 4 47 54 4 37 4 33 4 29 52 4 18 4 18 4 45 4 65 18 4 60 4 1 43 4 43 4 19 4 49 4 61 51 4 15 4 14 4 18 14 4 35 4 14 4 10 28 4 38 4 15 4 69 36 4 40 4 13 4 83 16 4 57 4 57 4 34 4 27 21 4 38 4 34 4 15 4 37 31 4 52 4 19 4 3 11 4 46 4 13 4 31 30 4 32 4 15 4 
iteration 190 best: 1.07666 time: 58214
55 13 4 13 4 16 4 20 47 4 23 4 27 27 4 51 4 18 4 94 44 4 53 4 20 4 68 58 4 50 4 24 4 100 9 4 12 4 39 4 5 4 0 41 4 14 4 38 4 2 36 4 41 4 76 42 4 49 4 99 25 4 58 4 49 4 36 4 119 48 4 28 4 59 52 4 35 4 18 39 4 53 4 40 4 49 4 40 4 78 37 4 33 4 33 4 38 4 69 34 4 8 4 8 43 4 38 4 16 4 28 4 98 51 4 5 4 43 4 91 47 4 39 4 6 19 4 29 4 79 9 20 106 47 4 13 4 52 4 107 35 20 45 29 4 58 4 26 4 19 27 4 31 4 48 4 7 4 88 15 4 23 4 35 12 4 36 4 43 4 55 58 4 23 4 3 13 4 20 4 56 4 109 17 4 51 4 5 4 85 44 4 46 4 20 31 4 50 4 96 13 4 72 5 4 5 4 38 4 13 30 4 30 4 62 18 4 34 4 29 44 4 10 4 118 56 4 60 4 0 13 4 9 4 17 20 4 20 4 77 49 4 13 4 30 59 4 21 4 30 12 4 32 4 14 4 24 46 4 52 4 4 33 4 5 4 5 4 53 18 4 35 4 54 4 79 35 4 8 4 53 4 31 4 95 11 4 38 4 8 4 13 4 28 16 4 11 4 26 4 62 47 4 22 4 69 16 4 9 4 12 4 1 56 4 44 4 19 4 25 22 4 50 4 39 4 77 9 4 60 4 28 4 7 31 16 29 16 31 5 4 26 51 16 47 16 105 46 4 43 4 47 54 4 37 4 33 4 29 52 4 18 4 18 4 45 4 65 18 4 60 4 1 43 4 43 4 19 4 49 4 61 51 4 15 4 14 4 18 14 4 35 4 14 4 10 28 4 38 4 15 4 69 36 4 40 4 13 4 83 16 4 57 4 57 4 34 4 27 21 4 38 4 34 4 15 4 37 31 4 52 4 19 4 3 11 4 46 4 13 4 31 30 4 32 4 15 4 
iteration 214 best: 1.07666 time: 65458
55 13 4 13 4 16 4 20 47 4 23 4 27 27 4 51 4 18 4 94 44 4 53 4 20 4 68 58 4 50 4 24 4 100 9 4 12 4 39 4 5 4 0 41 4 14 4 38 4 2 36 4 41 4 76 42 4 49 4 99 25 4 58 4 49 4 36 4 119 48 4 28 4 59 52 4 35 4 18 39 4 53 4 40 4 49 4 40 4 78 37 4 33 4 33 4 38 4 69 34 4 8 4 8 43 4 38 4 16 4 28 4 98 51 4 5 4 43 4 91 47 4 39 4 6 19 4 29 4 79 9 20 106 47 4 13 4 52 4 107 35 20 45 29 4 58 4 26 4 19 27 4 31 4 48 4 7 4 88 15 4 23 4 35 12 4 36 4 43 4 55 58 4 23 4 3 13 4 20 4 56 4 109 17 4 51 4 5 4 85 44 4 46 4 20 31 4 50 4 96 13 4 72 5 4 5 4 38 4 13 30 4 30 4 62 18 4 34 4 29 44 4 10 4 118 56 4 60 4 0 13 4 9 4 17 20 4 20 4 77 49 4 13 4 30 59 4 21 4 30 12 4 32 4 14 4 24 46 4 52 4 4 33 4 5 4 5 4 53 18 4 35 4 54 4 79 35 4 8 4 53 4 31 4 95 11 4 38 4 8 4 13 4 28 16 4 11 4 26 4 62 47 4 22 4 69 16 4 9 4 12 4 1 56 4 44 4 19 4 25 22 4 50 4 39 4 77 9 4 60 4 28 4 7 31 16 29 16 31 5 4 26 51 16 47 16 105 46 4 43 4 47 54 4 37 4 33 4 29 52 4 18 4 18 4 45 4 65 18 4 60 4 1 43 4 43 4 19 4 49 4 61 51 4 15 4 14 4 18 14 4 35 4 14 4 10 28 4 38 4 15 4 69 36 4 40 4 13 4 83 16 4 57 4 57 4 34 4 27 21 4 38 4 34 4 15 4 37 31 4 52 4 19 4 3 11 4 46 4 13 4 31 30 4 32 4 15 4 
iteration 238 best: 1.07666 time: 72706
55 13 4 13 4 16 4 20 47 4 23 4 27 27 4 51 4 18 4 94 44 4 53 4 20 4 68 58 4 50 4 24 4 100 9 4 12 4 39 4 5 4 0 41 4 14 4 38 4 2 36 4 41 4 76 42 4 49 4 99 25 4 58 4 49 4 36 4 119 48 4 28 4 59 52 4 35 4 18 39 4 53 4 40 4 49 4 40 4 78 37 4 33 4 33 4 38 4 69 34 4 8 4 8 43 4 38 4 16 4 28 4 98 51 4 5 4 43 4 91 47 4 39 4 6 19 4 29 4 79 9 20 106 47 4 13 4 52 4 107 35 20 45 29 4 58 4 26 4 19 27 4 31 4 48 4 7 4 88 15 4 23 4 35 12 4 36 4 43 4 55 58 4 23 4 3 13 4 20 4 56 4 109 17 4 51 4 5 4 85 44 4 46 4 20 31 4 50 4 96 13 4 72 5 4 5 4 38 4 13 30 4 30 4 62 18 4 34 4 29 44 4 10 4 118 56 4 60 4 0 13 4 9 4 17 20 4 20 4 77 49 4 13 4 30 59 4 21 4 30 12 4 32 4 14 4 24 46 4 52 4 4 33 4 5 4 5 4 53 18 4 35 4 54 4 79 35 4 8 4 53 4 31 4 95 11 4 38 4 8 4 13 4 28 16 4 11 4 26 4 62 47 4 22 4 69 16 4 9 4 12 4 1 56 4 44 4 19 4 25 22 4 50 4 39 4 77 9 4 60 4 28 4 7 31 16 29 16 31 5 4 26 51 16 47 16 105 46 4 43 4 47 54 4 37 4 33 4 29 52 4 18 4 18 4 45 4 65 18 4 60 4 1 43 4 43 4 19 4 49 4 61 51 4 15 4 14 4 18 14 4 35 4 14 4 10 28 4 38 4 15 4 69 36 4 40 4 13 4 83 16 4 57 4 57 4 34 4 27 21 4 38 4 34 4 15 4 37 31 4 52 4 19 4 3 11 4 46 4 13 4 31 30 4 32 4 15 4 
iteration 262 best: 1.07666 time: 79954
55 13 4 13 4 16 4 20 47 4 23 4 27 27 4 51 4 18 4 94 44 4 53 4 20 4 68 58 4 50 4 24 4 100 9 4 12 4 39 4 5 4 0 41 4 14 4 38 4 2 36 4 41 4 76 42 4 49 4 99 25 4 58 4 49 4 36 4 119 48 4 28 4 59 52 4 35 4 18 39 4 53 4 40 4 49 4 40 4 78 37 4 33 4 33 4 38 4 69 34 4 8 4 8 43 4 38 4 16 4 28 4 98 51 4 5 4 43 4 91 47 4 39 4 6 19 4 29 4 79 9 20 106 47 4 13 4 52 4 107 35 20 45 29 4 58 4 26 4 19 27 4 31 4 48 4 7 4 88 15 4 23 4 35 12 4 36 4 43 4 55 58 4 23 4 3 13 4 20 4 56 4 109 17 4 51 4 5 4 85 44 4 46 4 20 31 4 50 4 96 13 4 72 5 4 5 4 38 4 13 30 4 30 4 62 18 4 34 4 29 44 4 10 4 118 56 4 60 4 0 13 4 9 4 17 20 4 20 4 77 49 4 13 4 30 59 4 21 4 30 12 4 32 4 14 4 24 46 4 52 4 4 33 4 5 4 5 4 53 18 4 35 4 54 4 79 35 4 8 4 53 4 31 4 95 11 4 38 4 8 4 13 4 28 16 4 11 4 26 4 62 47 4 22 4 69 16 4 9 4 12 4 1 56 4 44 4 19 4 25 22 4 50 4 39 4 77 9 4 60 4 28 4 7 31 16 29 16 31 5 4 26 51 16 47 16 105 46 4 43 4 47 54 4 37 4 33 4 29 52 4 18 4 18 4 45 4 65 18 4 60 4 1 43 4 43 4 19 4 49 4 61 51 4 15 4 14 4 18 14 4 35 4 14 4 10 28 4 38 4 15 4 69 36 4 40 4 13 4 83 16 4 57 4 57 4 34 4 27 21 4 38 4 34 4 15 4 37 31 4 52 4 19 4 3 11 4 46 4 13 4 31 30 4 32 4 15 4 
iteration 286 best: 1.07666 time: 87204
55 13 4 13 4 16 4 20 47 4 23 4 27 27 4 51 4 18 4 94 44 4 53 4 20 4 68 58 4 50 4 24 4 100 9 4 12 4 39 4 5 4 0 41 4 14 4 38 4 2 36 4 41 4 76 42 4 49 4 99 25 4 58 4 49 4 36 4 119 48 4 28 4 59 52 4 35 4 18 39 4 53 4 40 4 49 4 40 4 78 37 4 33 4 33 4 38 4 69 34 4 8 4 8 43 4 38 4 16 4 28 4 98 51 4 5 4 43 4 91 47 4 39 4 6 19 4 29 4 79 9 20 106 47 4 13 4 52 4 107 35 20 45 29 4 58 4 26 4 19 27 4 31 4 48 4 7 4 88 15 4 23 4 35 12 4 36 4 43 4 55 58 4 23 4 3 13 4 20 4 56 4 109 17 4 51 4 5 4 85 44 4 46 4 20 31 4 50 4 96 13 4 72 5 4 5 4 38 4 13 30 4 30 4 62 18 4 34 4 29 44 4 10 4 118 56 4 60 4 0 13 4 9 4 17 20 4 20 4 77 49 4 13 4 30 59 4 21 4 30 12 4 32 4 14 4 24 46 4 52 4 4 33 4 5 4 5 4 53 18 4 35 4 54 4 79 35 4 8 4 53 4 31 4 95 11 4 38 4 8 4 13 4 28 16 4 11 4 26 4 62 47 4 22 4 69 16 4 9 4 12 4 1 56 4 44 4 19 4 25 22 4 50 4 39 4 77 9 4 60 4 28 4 7 31 16 29 16 31 5 4 26 51 16 47 16 105 46 4 43 4 47 54 4 37 4 33 4 29 52 4 18 4 18 4 45 4 65 18 4 60 4 1 43 4 43 4 19 4 49 4 61 51 4 15 4 14 4 18 14 4 35 4 14 4 10 28 4 38 4 15 4 69 36 4 40 4 13 4 83 16 4 57 4 57 4 34 4 27 21 4 38 4 34 4 15 4 37 31 4 52 4 19 4 3 11 4 46 4 13 4 31 30 4 32 4 15 4 
iteration 310 best: 1.07666 time: 94455
55 13 4 13 4 16 4 20 47 4 23 4 27 27 4 51 4 18 4 94 44 4 53 4 20 4 68 58 4 50 4 24 4 100 9 4 12 4 39 4 5 4 0 41 4 14 4 38 4 2 36 4 41 4 76 42 4 49 4 99 25 4 58 4 49 4 36 4 119 48 4 28 4 59 52 4 35 4 18 39 4 53 4 40 4 49 4 40 4 78 37 4 33 4 33 4 38 4 69 34 4 8 4 8 43 4 38 4 16 4 28 4 98 51 4 5 4 43 4 91 47 4 39 4 6 19 4 29 4 79 9 20 106 47 4 13 4 52 4 107 35 20 45 29 4 58 4 26 4 19 27 4 31 4 48 4 7 4 88 15 4 23 4 35 12 4 36 4 43 4 55 58 4 23 4 3 13 4 20 4 56 4 109 17 4 51 4 5 4 85 44 4 46 4 20 31 4 50 4 96 13 4 72 5 4 5 4 38 4 13 30 4 30 4 62 18 4 34 4 29 44 4 10 4 118 56 4 60 4 0 13 4 9 4 17 20 4 20 4 77 49 4 13 4 30 59 4 21 4 30 12 4 32 4 14 4 24 46 4 52 4 4 33 4 5 4 5 4 53 18 4 35 4 54 4 79 35 4 8 4 53 4 31 4 95 11 4 38 4 8 4 13 4 28 16 4 11 4 26 4 62 47 4 22 4 69 16 4 9 4 12 4 1 56 4 44 4 19 4 25 22 4 50 4 39 4 77 9 4 60 4 28 4 7 31 16 29 16 31 5 4 26 51 16 47 16 105 46 4 43 4 47 54 4 37 4 33 4 29 52 4 18 4 18 4 45 4 65 18 4 60 4 1 43 4 43 4 19 4 49 4 61 51 4 15 4 14 4 18 14 4 35 4 14 4 10 28 4 38 4 15 4 69 36 4 40 4 13 4 83 16 4 57 4 57 4 34 4 27 21 4 38 4 34 4 15 4 37 31 4 52 4 19 4 3 11 4 46 4 13 4 31 30 4 32 4 15 4 
iteration 334 best: 1.07666 time: 101752
55 13 4 13 4 16 4 20 47 4 23 4 27 27 4 51 4 18 4 94 44 4 53 4 20 4 68 58 4 50 4 24 4 100 9 4 12 4 39 4 5 4 0 41 4 14 4 38 4 2 36 4 41 4 76 42 4 49 4 99 25 4 58 4 49 4 36 4 119 48 4 28 4 59 52 4 35 4 18 39 4 53 4 40 4 49 4 40 4 78 37 4 33 4 33 4 38 4 69 34 4 8 4 8 43 4 38 4 16 4 28 4 98 51 4 5 4 43 4 91 47 4 39 4 6 19 4 29 4 79 9 20 106 47 4 13 4 52 4 107 35 20 45 29 4 58 4 26 4 19 27 4 31 4 48 4 7 4 88 15 4 23 4 35 12 4 36 4 43 4 55 58 4 23 4 3 13 4 20 4 56 4 109 17 4 51 4 5 4 85 44 4 46 4 20 31 4 50 4 96 13 4 72 5 4 5 4 38 4 13 30 4 30 4 62 18 4 34 4 29 44 4 10 4 118 56 4 60 4 0 13 4 9 4 17 20 4 20 4 77 49 4 13 4 30 59 4 21 4 30 12 4 32 4 14 4 24 46 4 52 4 4 33 4 5 4 5 4 53 18 4 35 4 54 4 79 35 4 8 4 53 4 31 4 95 11 4 38 4 8 4 13 4 28 16 4 11 4 26 4 62 47 4 22 4 69 16 4 9 4 12 4 1 56 4 44 4 19 4 25 22 4 50 4 39 4 77 9 4 60 4 28 4 7 31 16 29 16 31 5 4 26 51 16 47 16 105 46 4 43 4 47 54 4 37 4 33 4 29 52 4 18 4 18 4 45 4 65 18 4 60 4 1 43 4 43 4 19 4 49 4 61 51 4 15 4 14 4 18 14 4 35 4 14 4 10 28 4 38 4 15 4 69 36 4 40 4 13 4 83 16 4 57 4 57 4 34 4 27 21 4 38 4 34 4 15 4 37 31 4 52 4 19 4 3 11 4 46 4 13 4 31 30 4 32 4 15 4 
iteration 358 best: 1.07666 time: 108985
55 13 4 13 4 16 4 20 47 4 23 4 27 27 4 51 4 18 4 94 44 4 53 4 20 4 68 58 4 50 4 24 4 100 9 4 12 4 39 4 5 4 0 41 4 14 4 38 4 2 36 4 41 4 76 42 4 49 4 99 25 4 58 4 49 4 36 4 119 48 4 28 4 59 52 4 35 4 18 39 4 53 4 40 4 49 4 40 4 78 37 4 33 4 33 4 38 4 69 34 4 8 4 8 43 4 38 4 16 4 28 4 98 51 4 5 4 43 4 91 47 4 39 4 6 19 4 29 4 79 9 20 106 47 4 13 4 52 4 107 35 20 45 29 4 58 4 26 4 19 27 4 31 4 48 4 7 4 88 15 4 23 4 35 12 4 36 4 43 4 55 58 4 23 4 3 13 4 20 4 56 4 109 17 4 51 4 5 4 85 44 4 46 4 20 31 4 50 4 96 13 4 72 5 4 5 4 38 4 13 30 4 30 4 62 18 4 34 4 29 44 4 10 4 118 56 4 60 4 0 13 4 9 4 17 20 4 20 4 77 49 4 13 4 30 59 4 21 4 30 12 4 32 4 14 4 24 46 4 52 4 4 33 4 5 4 5 4 53 18 4 35 4 54 4 79 35 4 8 4 53 4 31 4 95 11 4 38 4 8 4 13 4 28 16 4 11 4 26 4 62 47 4 22 4 69 16 4 9 4 12 4 1 56 4 44 4 19 4 25 22 4 50 4 39 4 77 9 4 60 4 28 4 7 31 16 29 16 31 5 4 26 51 16 47 16 105 46 4 43 4 47 54 4 37 4 33 4 29 52 4 18 4 18 4 45 4 65 18 4 60 4 1 43 4 43 4 19 4 49 4 61 51 4 15 4 14 4 18 14 4 35 4 14 4 10 28 4 38 4 15 4 69 36 4 40 4 13 4 83 16 4 57 4 57 4 34 4 27 21 4 38 4 34 4 15 4 37 31 4 52 4 19 4 3 11 4 46 4 13 4 31 30 4 32 4 15 4 
iteration 382 best: 1.07666 time: 116209
55 13 4 13 4 16 4 20 47 4 23 4 27 27 4 51 4 18 4 94 44 4 53 4 20 4 68 58 4 50 4 24 4 100 9 4 12 4 39 4 5 4 0 41 4 14 4 38 4 2 36 4 41 4 76 42 4 49 4 99 25 4 58 4 49 4 36 4 119 48 4 28 4 59 52 4 35 4 18 39 4 53 4 40 4 49 4 40 4 78 37 4 33 4 33 4 38 4 69 34 4 8 4 8 43 4 38 4 16 4 28 4 98 51 4 5 4 43 4 91 47 4 39 4 6 19 4 29 4 79 9 20 106 47 4 13 4 52 4 107 35 20 45 29 4 58 4 26 4 19 27 4 31 4 48 4 7 4 88 15 4 23 4 35 12 4 36 4 43 4 55 58 4 23 4 3 13 4 20 4 56 4 109 17 4 51 4 5 4 85 44 4 46 4 20 31 4 50 4 96 13 4 72 5 4 5 4 38 4 13 30 4 30 4 62 18 4 34 4 29 44 4 10 4 118 56 4 60 4 0 13 4 9 4 17 20 4 20 4 77 49 4 13 4 30 59 4 21 4 30 12 4 32 4 14 4 24 46 4 52 4 4 33 4 5 4 5 4 53 18 4 35 4 54 4 79 35 4 8 4 53 4 31 4 95 11 4 38 4 8 4 13 4 28 16 4 11 4 26 4 62 47 4 22 4 69 16 4 9 4 12 4 1 56 4 44 4 19 4 25 22 4 50 4 39 4 77 9 4 60 4 28 4 7 31 16 29 16 31 5 4 26 51 16 47 16 105 46 4 43 4 47 54 4 37 4 33 4 29 52 4 18 4 18 4 45 4 65 18 4 60 4 1 43 4 43 4 19 4 49 4 61 51 4 15 4 14 4 18 14 4 35 4 14 4 10 28 4 38 4 15 4 69 36 4 40 4 13 4 83 16 4 57 4 57 4 34 4 27 21 4 38 4 34 4 15 4 37 31 4 52 4 19 4 3 11 4 46 4 13 4 31 30 4 32 4 15 4 
iteration 406 best: 1.07666 time: 123454
55 13 4 13 4 16 4 20 47 4 23 4 27 27 4 51 4 18 4 94 44 4 53 4 20 4 68 58 4 50 4 24 4 100 9 4 12 4 39 4 5 4 0 41 4 14 4 38 4 2 36 4 41 4 76 42 4 49 4 99 25 4 58 4 49 4 36 4 119 48 4 28 4 59 52 4 35 4 18 39 4 53 4 40 4 49 4 40 4 78 37 4 33 4 33 4 38 4 69 34 4 8 4 8 43 4 38 4 16 4 28 4 98 51 4 5 4 43 4 91 47 4 39 4 6 19 4 29 4 79 9 20 106 47 4 13 4 52 4 107 35 20 45 29 4 58 4 26 4 19 27 4 31 4 48 4 7 4 88 15 4 23 4 35 12 4 36 4 43 4 55 58 4 23 4 3 13 4 20 4 56 4 109 17 4 51 4 5 4 85 44 4 46 4 20 31 4 50 4 96 13 4 72 5 4 5 4 38 4 13 30 4 30 4 62 18 4 34 4 29 44 4 10 4 118 56 4 60 4 0 13 4 9 4 17 20 4 20 4 77 49 4 13 4 30 59 4 21 4 30 12 4 32 4 14 4 24 46 4 52 4 4 33 4 5 4 5 4 53 18 4 35 4 54 4 79 35 4 8 4 53 4 31 4 95 11 4 38 4 8 4 13 4 28 16 4 11 4 26 4 62 47 4 22 4 69 16 4 9 4 12 4 1 56 4 44 4 19 4 25 22 4 50 4 39 4 77 9 4 60 4 28 4 7 31 16 29 16 31 5 4 26 51 16 47 16 105 46 4 43 4 47 54 4 37 4 33 4 29 52 4 18 4 18 4 45 4 65 18 4 60 4 1 43 4 43 4 19 4 49 4 61 51 4 15 4 14 4 18 14 4 35 4 14 4 10 28 4 38 4 15 4 69 36 4 40 4 13 4 83 16 4 57 4 57 4 34 4 27 21 4 38 4 34 4 15 4 37 31 4 52 4 19 4 3 11 4 46 4 13 4 31 30 4 32 4 15 4 
iteration 430 best: 1.07666 time: 130692
55 13 4 13 4 16 4 20 47 4 23 4 27 27 4 51 4 18 4 94 44 4 53 4 20 4 68 58 4 50 4 24 4 100 9 4 12 4 39 4 5 4 0 41 4 14 4 38 4 2 36 4 41 4 76 42 4 49 4 99 25 4 58 4 49 4 36 4 119 48 4 28 4 59 52 4 35 4 18 39 4 53 4 40 4 49 4 40 4 78 37 4 33 4 33 4 38 4 69 34 4 8 4 8 43 4 38 4 16 4 28 4 98 51 4 5 4 43 4 91 47 4 39 4 6 19 4 29 4 79 9 20 106 47 4 13 4 52 4 107 35 20 45 29 4 58 4 26 4 19 27 4 31 4 48 4 7 4 88 15 4 23 4 35 12 4 36 4 43 4 55 58 4 23 4 3 13 4 20 4 56 4 109 17 4 51 4 5 4 85 44 4 46 4 20 31 4 50 4 96 13 4 72 5 4 5 4 38 4 13 30 4 30 4 62 18 4 34 4 29 44 4 10 4 118 56 4 60 4 0 13 4 9 4 17 20 4 20 4 77 49 4 13 4 30 59 4 21 4 30 12 4 32 4 14 4 24 46 4 52 4 4 33 4 5 4 5 4 53 18 4 35 4 54 4 79 35 4 8 4 53 4 31 4 95 11 4 38 4 8 4 13 4 28 16 4 11 4 26 4 62 47 4 22 4 69 16 4 9 4 12 4 1 56 4 44 4 19 4 25 22 4 50 4 39 4 77 9 4 60 4 28 4 7 31 16 29 16 31 5 4 26 51 16 47 16 105 46 4 43 4 47 54 4 37 4 33 4 29 52 4 18 4 18 4 45 4 65 18 4 60 4 1 43 4 43 4 19 4 49 4 61 51 4 15 4 14 4 18 14 4 35 4 14 4 10 28 4 38 4 15 4 69 36 4 40 4 13 4 83 16 4 57 4 57 4 34 4 27 21 4 38 4 34 4 15 4 37 31 4 52 4 19 4 3 11 4 46 4 13 4 31 30 4 32 4 15 4 
iteration 454 best: 1.07666 time: 137961
55 13 4 13 4 16 4 20 47 4 23 4 27 27 4 51 4 18 4 94 44 4 53 4 20 4 68 58 4 50 4 24 4 100 9 4 12 4 39 4 5 4 0 41 4 14 4 38 4 2 36 4 41 4 76 42 4 49 4 99 25 4 58 4 49 4 36 4 119 48 4 28 4 59 52 4 35 4 18 39 4 53 4 40 4 49 4 40 4 78 37 4 33 4 33 4 38 4 69 34 4 8 4 8 43 4 38 4 16 4 28 4 98 51 4 5 4 43 4 91 47 4 39 4 6 19 4 29 4 79 9 20 106 47 4 13 4 52 4 107 35 20 45 29 4 58 4 26 4 19 27 4 31 4 48 4 7 4 88 15 4 23 4 35 12 4 36 4 43 4 55 58 4 23 4 3 13 4 20 4 56 4 109 17 4 51 4 5 4 85 44 4 46 4 20 31 4 50 4 96 13 4 72 5 4 5 4 38 4 13 30 4 30 4 62 18 4 34 4 29 44 4 10 4 118 56 4 60 4 0 13 4 9 4 17 20 4 20 4 77 49 4 13 4 30 59 4 21 4 30 12 4 32 4 14 4 24 46 4 52 4 4 33 4 5 4 5 4 53 18 4 35 4 54 4 79 35 4 8 4 53 4 31 4 95 11 4 38 4 8 4 13 4 28 16 4 11 4 26 4 62 47 4 22 4 69 16 4 9 4 12 4 1 56 4 44 4 19 4 25 22 4 50 4 39 4 77 9 4 60 4 28 4 7 31 16 29 16 31 5 4 26 51 16 47 16 105 46 4 43 4 47 54 4 37 4 33 4 29 52 4 18 4 18 4 45 4 65 18 4 60 4 1 43 4 43 4 19 4 49 4 61 51 4 15 4 14 4 18 14 4 35 4 14 4 10 28 4 38 4 15 4 69 36 4 40 4 13 4 83 16 4 57 4 57 4 34 4 27 21 4 38 4 34 4 15 4 37 31 4 52 4 19 4 3 11 4 46 4 13 4 31 30 4 32 4 15 4 
iteration 478 best: 1.07666 time: 145235
55 13 4 13 4 16 4 20 47 4 23 4 27 27 4 51 4 18 4 94 44 4 53 4 20 4 68 58 4 50 4 24 4 100 9 4 12 4 39 4 5 4 0 41 4 14 4 38 4 2 36 4 41 4 76 42 4 49 4 99 25 4 58 4 49 4 36 4 119 48 4 28 4 59 52 4 35 4 18 39 4 53 4 40 4 49 4 40 4 78 37 4 33 4 33 4 38 4 69 34 4 8 4 8 43 4 38 4 16 4 28 4 98 51 4 5 4 43 4 91 47 4 39 4 6 19 4 29 4 79 9 20 106 47 4 13 4 52 4 107 35 20 45 29 4 58 4 26 4 19 27 4 31 4 48 4 7 4 88 15 4 23 4 35 12 4 36 4 43 4 55 58 4 23 4 3 13 4 20 4 56 4 109 17 4 51 4 5 4 85 44 4 46 4 20 31 4 50 4 96 13 4 72 5 4 5 4 38 4 13 30 4 30 4 62 18 4 34 4 29 44 4 10 4 118 56 4 60 4 0 13 4 9 4 17 20 4 20 4 77 49 4 13 4 30 59 4 21 4 30 12 4 32 4 14 4 24 46 4 52 4 4 33 4 5 4 5 4 53 18 4 35 4 54 4 79 35 4 8 4 53 4 31 4 95 11 4 38 4 8 4 13 4 28 16 4 11 4 26 4 62 47 4 22 4 69 16 4 9 4 12 4 1 56 4 44 4 19 4 25 22 4 50 4 39 4 77 9 4 60 4 28 4 7 31 16 29 16 31 5 4 26 51 16 47 16 105 46 4 43 4 47 54 4 37 4 33 4 29 52 4 18 4 18 4 45 4 65 18 4 60 4 1 43 4 43 4 19 4 49 4 61 51 4 15 4 14 4 18 14 4 35 4 14 4 10 28 4 38 4 15 4 69 36 4 40 4 13 4 83 16 4 57 4 57 4 34 4 27 21 4 38 4 34 4 15 4 37 31 4 52 4 19 4 3 11 4 46 4 13 4 31 30 4 32 4 15 4 
iteration 502 best: 1.07666 time: 152494
55 13 4 13 4 16 4 20 47 4 23 4 27 27 4 51 4 18 4 94 44 4 53 4 20 4 68 58 4 50 4 24 4 100 9 4 12 4 39 4 5 4 0 41 4 14 4 38 4 2 36 4 41 4 76 42 4 49 4 99 25 4 58 4 49 4 36 4 119 48 4 28 4 59 52 4 35 4 18 39 4 53 4 40 4 49 4 40 4 78 37 4 33 4 33 4 38 4 69 34 4 8 4 8 43 4 38 4 16 4 28 4 98 51 4 5 4 43 4 91 47 4 39 4 6 19 4 29 4 79 9 20 106 47 4 13 4 52 4 107 35 20 45 29 4 58 4 26 4 19 27 4 31 4 48 4 7 4 88 15 4 23 4 35 12 4 36 4 43 4 55 58 4 23 4 3 13 4 20 4 56 4 109 17 4 51 4 5 4 85 44 4 46 4 20 31 4 50 4 96 13 4 72 5 4 5 4 38 4 13 30 4 30 4 62 18 4 34 4 29 44 4 10 4 118 56 4 60 4 0 13 4 9 4 17 20 4 20 4 77 49 4 13 4 30 59 4 21 4 30 12 4 32 4 14 4 24 46 4 52 4 4 33 4 5 4 5 4 53 18 4 35 4 54 4 79 35 4 8 4 53 4 31 4 95 11 4 38 4 8 4 13 4 28 16 4 11 4 26 4 62 47 4 22 4 69 16 4 9 4 12 4 1 56 4 44 4 19 4 25 22 4 50 4 39 4 77 9 4 60 4 28 4 7 31 16 29 16 31 5 4 26 51 16 47 16 105 46 4 43 4 47 54 4 37 4 33 4 29 52 4 18 4 18 4 45 4 65 18 4 60 4 1 43 4 43 4 19 4 49 4 61 51 4 15 4 14 4 18 14 4 35 4 14 4 10 28 4 38 4 15 4 69 36 4 40 4 13 4 83 16 4 57 4 57 4 34 4 27 21 4 38 4 34 4 15 4 37 31 4 52 4 19 4 3 11 4 46 4 13 4 31 30 4 32 4 15 4 
iteration 526 best: 1.07666 time: 159770
55 13 4 13 4 16 4 20 47 4 23 4 27 27 4 51 4 18 4 94 44 4 53 4 20 4 68 58 4 50 4 24 4 100 9 4 12 4 39 4 5 4 0 41 4 14 4 38 4 2 36 4 41 4 76 42 4 49 4 99 25 4 58 4 49 4 36 4 119 48 4 28 4 59 52 4 35 4 18 39 4 53 4 40 4 49 4 40 4 78 37 4 33 4 33 4 38 4 69 34 4 8 4 8 43 4 38 4 16 4 28 4 98 51 4 5 4 43 4 91 47 4 39 4 6 19 4 29 4 79 9 20 106 47 4 13 4 52 4 107 35 20 45 29 4 58 4 26 4 19 27 4 31 4 48 4 7 4 88 15 4 23 4 35 12 4 36 4 43 4 55 58 4 23 4 3 13 4 20 4 56 4 109 17 4 51 4 5 4 85 44 4 46 4 20 31 4 50 4 96 13 4 72 5 4 5 4 38 4 13 30 4 30 4 62 18 4 34 4 29 44 4 10 4 118 56 4 60 4 0 13 4 9 4 17 20 4 20 4 77 49 4 13 4 30 59 4 21 4 30 12 4 32 4 14 4 24 46 4 52 4 4 33 4 5 4 5 4 53 18 4 35 4 54 4 79 35 4 8 4 53 4 31 4 95 11 4 38 4 8 4 13 4 28 16 4 11 4 26 4 62 47 4 22 4 69 16 4 9 4 12 4 1 56 4 44 4 19 4 25 22 4 50 4 39 4 77 9 4 60 4 28 4 7 31 16 29 16 31 5 4 26 51 16 47 16 105 46 4 43 4 47 54 4 37 4 33 4 29 52 4 18 4 18 4 45 4 65 18 4 60 4 1 43 4 43 4 19 4 49 4 61 51 4 15 4 14 4 18 14 4 35 4 14 4 10 28 4 38 4 15 4 69 36 4 40 4 13 4 83 16 4 57 4 57 4 34 4 27 21 4 38 4 34 4 15 4 37 31 4 52 4 19 4 3 11 4 46 4 13 4 31 30 4 32 4 15 4 
iteration 550 best: 1.07666 time: 167023
55 13 4 13 4 16 4 20 47 4 23 4 27 27 4 51 4 18 4 94 44 4 53 4 20 4 68 58 4 50 4 24 4 100 9 4 12 4 39 4 5 4 0 41 4 14 4 38 4 2 36 4 41 4 76 42 4 49 4 99 25 4 58 4 49 4 36 4 119 48 4 28 4 59 52 4 35 4 18 39 4 53 4 40 4 49 4 40 4 78 37 4 33 4 33 4 38 4 69 34 4 8 4 8 43 4 38 4 16 4 28 4 98 51 4 5 4 43 4 91 47 4 39 4 6 19 4 29 4 79 9 20 106 47 4 13 4 52 4 107 35 20 45 29 4 58 4 26 4 19 27 4 31 4 48 4 7 4 88 15 4 23 4 35 12 4 36 4 43 4 55 58 4 23 4 3 13 4 20 4 56 4 109 17 4 51 4 5 4 85 44 4 46 4 20 31 4 50 4 96 13 4 72 5 4 5 4 38 4 13 30 4 30 4 62 18 4 34 4 29 44 4 10 4 118 56 4 60 4 0 13 4 9 4 17 20 4 20 4 77 49 4 13 4 30 59 4 21 4 30 12 4 32 4 14 4 24 46 4 52 4 4 33 4 5 4 5 4 53 18 4 35 4 54 4 79 35 4 8 4 53 4 31 4 95 11 4 38 4 8 4 13 4 28 16 4 11 4 26 4 62 47 4 22 4 69 16 4 9 4 12 4 1 56 4 44 4 19 4 25 22 4 50 4 39 4 77 9 4 60 4 28 4 7 31 16 29 16 31 5 4 26 51 16 47 16 105 46 4 43 4 47 54 4 37 4 33 4 29 52 4 18 4 18 4 45 4 65 18 4 60 4 1 43 4 43 4 19 4 49 4 61 51 4 15 4 14 4 18 14 4 35 4 14 4 10 28 4 38 4 15 4 69 36 4 40 4 13 4 83 16 4 57 4 57 4 34 4 27 21 4 38 4 34 4 15 4 37 31 4 52 4 19 4 3 11 4 46 4 13 4 31 30 4 32 4 15 4 
iteration 574 best: 1.07666 time: 174278
55 13 4 13 4 16 4 20 47 4 23 4 27 27 4 51 4 18 4 94 44 4 53 4 20 4 68 58 4 50 4 24 4 100 9 4 12 4 39 4 5 4 0 41 4 14 4 38 4 2 36 4 41 4 76 42 4 49 4 99 25 4 58 4 49 4 36 4 119 48 4 28 4 59 52 4 35 4 18 39 4 53 4 40 4 49 4 40 4 78 37 4 33 4 33 4 38 4 69 34 4 8 4 8 43 4 38 4 16 4 28 4 98 51 4 5 4 43 4 91 47 4 39 4 6 19 4 29 4 79 9 20 106 47 4 13 4 52 4 107 35 20 45 29 4 58 4 26 4 19 27 4 31 4 48 4 7 4 88 15 4 23 4 35 12 4 36 4 43 4 55 58 4 23 4 3 13 4 20 4 56 4 109 17 4 51 4 5 4 85 44 4 46 4 20 31 4 50 4 96 13 4 72 5 4 5 4 38 4 13 30 4 30 4 62 18 4 34 4 29 44 4 10 4 118 56 4 60 4 0 13 4 9 4 17 20 4 20 4 77 49 4 13 4 30 59 4 21 4 30 12 4 32 4 14 4 24 46 4 52 4 4 33 4 5 4 5 4 53 18 4 35 4 54 4 79 35 4 8 4 53 4 31 4 95 11 4 38 4 8 4 13 4 28 16 4 11 4 26 4 62 47 4 22 4 69 16 4 9 4 12 4 1 56 4 44 4 19 4 25 22 4 50 4 39 4 77 9 4 60 4 28 4 7 31 16 29 16 31 5 4 26 51 16 47 16 105 46 4 43 4 47 54 4 37 4 33 4 29 52 4 18 4 18 4 45 4 65 18 4 60 4 1 43 4 43 4 19 4 49 4 61 51 4 15 4 14 4 18 14 4 35 4 14 4 10 28 4 38 4 15 4 69 36 4 40 4 13 4 83 16 4 57 4 57 4 34 4 27 21 4 38 4 34 4 15 4 37 31 4 52 4 19 4 3 11 4 46 4 13 4 31 30 4 32 4 15 4 
iteration 598 best: 1.07666 time: 181512
55 13 4 13 4 16 4 20 47 4 23 4 27 27 4 51 4 18 4 94 44 4 53 4 20 4 68 58 4 50 4 24 4 100 9 4 12 4 39 4 5 4 0 41 4 14 4 38 4 2 36 4 41 4 76 42 4 49 4 99 25 4 58 4 49 4 36 4 119 48 4 28 4 59 52 4 35 4 18 39 4 53 4 40 4 49 4 40 4 78 37 4 33 4 33 4 38 4 69 34 4 8 4 8 43 4 38 4 16 4 28 4 98 51 4 5 4 43 4 91 47 4 39 4 6 19 4 29 4 79 9 20 106 47 4 13 4 52 4 107 35 20 45 29 4 58 4 26 4 19 27 4 31 4 48 4 7 4 88 15 4 23 4 35 12 4 36 4 43 4 55 58 4 23 4 3 13 4 20 4 56 4 109 17 4 51 4 5 4 85 44 4 46 4 20 31 4 50 4 96 13 4 72 5 4 5 4 38 4 13 30 4 30 4 62 18 4 34 4 29 44 4 10 4 118 56 4 60 4 0 13 4 9 4 17 20 4 20 4 77 49 4 13 4 30 59 4 21 4 30 12 4 32 4 14 4 24 46 4 52 4 4 33 4 5 4 5 4 53 18 4 35 4 54 4 79 35 4 8 4 53 4 31 4 95 11 4 38 4 8 4 13 4 28 16 4 11 4 26 4 62 47 4 22 4 69 16 4 9 4 12 4 1 56 4 44 4 19 4 25 22 4 50 4 39 4 77 9 4 60 4 28 4 7 31 16 29 16 31 5 4 26 51 16 47 16 105 46 4 43 4 47 54 4 37 4 33 4 29 52 4 18 4 18 4 45 4 65 18 4 60 4 1 43 4 43 4 19 4 49 4 61 51 4 15 4 14 4 18 14 4 35 4 14 4 10 28 4 38 4 15 4 69 36 4 40 4 13 4 83 16 4 57 4 57 4 34 4 27 21 4 38 4 34 4 15 4 37 31 4 52 4 19 4 3 11 4 46 4 13 4 31 30 4 32 4 15 4 
iteration 622 best: 1.07666 time: 188749
55 13 4 13 4 16 4 20 47 4 23 4 27 27 4 51 4 18 4 94 44 4 53 4 20 4 68 58 4 50 4 24 4 100 9 4 12 4 39 4 5 4 0 41 4 14 4 38 4 2 36 4 41 4 76 42 4 49 4 99 25 4 58 4 49 4 36 4 119 48 4 28 4 59 52 4 35 4 18 39 4 53 4 40 4 49 4 40 4 78 37 4 33 4 33 4 38 4 69 34 4 8 4 8 43 4 38 4 16 4 28 4 98 51 4 5 4 43 4 91 47 4 39 4 6 19 4 29 4 79 9 20 106 47 4 13 4 52 4 107 35 20 45 29 4 58 4 26 4 19 27 4 31 4 48 4 7 4 88 15 4 23 4 35 12 4 36 4 43 4 55 58 4 23 4 3 13 4 20 4 56 4 109 17 4 51 4 5 4 85 44 4 46 4 20 31 4 50 4 96 13 4 72 5 4 5 4 38 4 13 30 4 30 4 62 18 4 34 4 29 44 4 10 4 118 56 4 60 4 0 13 4 9 4 17 20 4 20 4 77 49 4 13 4 30 59 4 21 4 30 12 4 32 4 14 4 24 46 4 52 4 4 33 4 5 4 5 4 53 18 4 35 4 54 4 79 35 4 8 4 53 4 31 4 95 11 4 38 4 8 4 13 4 28 16 4 11 4 26 4 62 47 4 22 4 69 16 4 9 4 12 4 1 56 4 44 4 19 4 25 22 4 50 4 39 4 77 9 4 60 4 28 4 7 31 16 29 16 31 5 4 26 51 16 47 16 105 46 4 43 4 47 54 4 37 4 33 4 29 52 4 18 4 18 4 45 4 65 18 4 60 4 1 43 4 43 4 19 4 49 4 61 51 4 15 4 14 4 18 14 4 35 4 14 4 10 28 4 38 4 15 4 69 36 4 40 4 13 4 83 16 4 57 4 57 4 34 4 27 21 4 38 4 34 4 15 4 37 31 4 52 4 19 4 3 11 4 46 4 13 4 31 30 4 32 4 15 4 
iteration 646 best: 1.07666 time: 195980
55 13 4 13 4 16 4 20 47 4 23 4 27 27 4 51 4 18 4 94 44 4 53 4 20 4 68 58 4 50 4 24 4 100 9 4 12 4 39 4 5 4 0 41 4 14 4 38 4 2 36 4 41 4 76 42 4 49 4 99 25 4 58 4 49 4 36 4 119 48 4 28 4 59 52 4 35 4 18 39 4 53 4 40 4 49 4 40 4 78 37 4 33 4 33 4 38 4 69 34 4 8 4 8 43 4 38 4 16 4 28 4 98 51 4 5 4 43 4 91 47 4 39 4 6 19 4 29 4 79 9 20 106 47 4 13 4 52 4 107 35 20 45 29 4 58 4 26 4 19 27 4 31 4 48 4 7 4 88 15 4 23 4 35 12 4 36 4 43 4 55 58 4 23 4 3 13 4 20 4 56 4 109 17 4 51 4 5 4 85 44 4 46 4 20 31 4 50 4 96 13 4 72 5 4 5 4 38 4 13 30 4 30 4 62 18 4 34 4 29 44 4 10 4 118 56 4 60 4 0 13 4 9 4 17 20 4 20 4 77 49 4 13 4 30 59 4 21 4 30 12 4 32 4 14 4 24 46 4 52 4 4 33 4 5 4 5 4 53 18 4 35 4 54 4 79 35 4 8 4 53 4 31 4 95 11 4 38 4 8 4 13 4 28 16 4 11 4 26 4 62 47 4 22 4 69 16 4 9 4 12 4 1 56 4 44 4 19 4 25 22 4 50 4 39 4 77 9 4 60 4 28 4 7 31 16 29 16 31 5 4 26 51 16 47 16 105 46 4 43 4 47 54 4 37 4 33 4 29 52 4 18 4 18 4 45 4 65 18 4 60 4 1 43 4 43 4 19 4 49 4 61 51 4 15 4 14 4 18 14 4 35 4 14 4 10 28 4 38 4 15 4 69 36 4 40 4 13 4 83 16 4 57 4 57 4 34 4 27 21 4 38 4 34 4 15 4 37 31 4 52 4 19 4 3 11 4 46 4 13 4 31 30 4 32 4 15 4 
iteration 670 best: 1.07666 time: 203216
55 13 4 13 4 16 4 20 47 4 23 4 27 27 4 51 4 18 4 94 44 4 53 4 20 4 68 58 4 50 4 24 4 100 9 4 12 4 39 4 5 4 0 41 4 14 4 38 4 2 36 4 41 4 76 42 4 49 4 99 25 4 58 4 49 4 36 4 119 48 4 28 4 59 52 4 35 4 18 39 4 53 4 40 4 49 4 40 4 78 37 4 33 4 33 4 38 4 69 34 4 8 4 8 43 4 38 4 16 4 28 4 98 51 4 5 4 43 4 91 47 4 39 4 6 19 4 29 4 79 9 20 106 47 4 13 4 52 4 107 35 20 45 29 4 58 4 26 4 19 27 4 31 4 48 4 7 4 88 15 4 23 4 35 12 4 36 4 43 4 55 58 4 23 4 3 13 4 20 4 56 4 109 17 4 51 4 5 4 85 44 4 46 4 20 31 4 50 4 96 13 4 72 5 4 5 4 38 4 13 30 4 30 4 62 18 4 34 4 29 44 4 10 4 118 56 4 60 4 0 13 4 9 4 17 20 4 20 4 77 49 4 13 4 30 59 4 21 4 30 12 4 32 4 14 4 24 46 4 52 4 4 33 4 5 4 5 4 53 18 4 35 4 54 4 79 35 4 8 4 53 4 31 4 95 11 4 38 4 8 4 13 4 28 16 4 11 4 26 4 62 47 4 22 4 69 16 4 9 4 12 4 1 56 4 44 4 19 4 25 22 4 50 4 39 4 77 9 4 60 4 28 4 7 31 16 29 16 31 5 4 26 51 16 47 16 105 46 4 43 4 47 54 4 37 4 33 4 29 52 4 18 4 18 4 45 4 65 18 4 60 4 1 43 4 43 4 19 4 49 4 61 51 4 15 4 14 4 18 14 4 35 4 14 4 10 28 4 38 4 15 4 69 36 4 40 4 13 4 83 16 4 57 4 57 4 34 4 27 21 4 38 4 34 4 15 4 37 31 4 52 4 19 4 3 11 4 46 4 13 4 31 30 4 32 4 15 4 
iteration 694 best: 1.07666 time: 210479
55 13 4 13 4 16 4 20 47 4 23 4 27 27 4 51 4 18 4 94 44 4 53 4 20 4 68 58 4 50 4 24 4 100 9 4 12 4 39 4 5 4 0 41 4 14 4 38 4 2 36 4 41 4 76 42 4 49 4 99 25 4 58 4 49 4 36 4 119 48 4 28 4 59 52 4 35 4 18 39 4 53 4 40 4 49 4 40 4 78 37 4 33 4 33 4 38 4 69 34 4 8 4 8 43 4 38 4 16 4 28 4 98 51 4 5 4 43 4 91 47 4 39 4 6 19 4 29 4 79 9 20 106 47 4 13 4 52 4 107 35 20 45 29 4 58 4 26 4 19 27 4 31 4 48 4 7 4 88 15 4 23 4 35 12 4 36 4 43 4 55 58 4 23 4 3 13 4 20 4 56 4 109 17 4 51 4 5 4 85 44 4 46 4 20 31 4 50 4 96 13 4 72 5 4 5 4 38 4 13 30 4 30 4 62 18 4 34 4 29 44 4 10 4 118 56 4 60 4 0 13 4 9 4 17 20 4 20 4 77 49 4 13 4 30 59 4 21 4 30 12 4 32 4 14 4 24 46 4 52 4 4 33 4 5 4 5 4 53 18 4 35 4 54 4 79 35 4 8 4 53 4 31 4 95 11 4 38 4 8 4 13 4 28 16 4 11 4 26 4 62 47 4 22 4 69 16 4 9 4 12 4 1 56 4 44 4 19 4 25 22 4 50 4 39 4 77 9 4 60 4 28 4 7 31 16 29 16 31 5 4 26 51 16 47 16 105 46 4 43 4 47 54 4 37 4 33 4 29 52 4 18 4 18 4 45 4 65 18 4 60 4 1 43 4 43 4 19 4 49 4 61 51 4 15 4 14 4 18 14 4 35 4 14 4 10 28 4 38 4 15 4 69 36 4 40 4 13 4 83 16 4 57 4 57 4 34 4 27 21 4 38 4 34 4 15 4 37 31 4 52 4 19 4 3 11 4 46 4 13 4 31 30 4 32 4 15 4 
iteration 718 best: 1.07666 time: 217729
55 13 4 13 4 16 4 20 47 4 23 4 27 27 4 51 4 18 4 94 44 4 53 4 20 4 68 58 4 50 4 24 4 100 9 4 12 4 39 4 5 4 0 41 4 14 4 38 4 2 36 4 41 4 76 42 4 49 4 99 25 4 58 4 49 4 36 4 119 48 4 28 4 59 52 4 35 4 18 39 4 53 4 40 4 49 4 40 4 78 37 4 33 4 33 4 38 4 69 34 4 8 4 8 43 4 38 4 16 4 28 4 98 51 4 5 4 43 4 91 47 4 39 4 6 19 4 29 4 79 9 20 106 47 4 13 4 52 4 107 35 20 45 29 4 58 4 26 4 19 27 4 31 4 48 4 7 4 88 15 4 23 4 35 12 4 36 4 43 4 55 58 4 23 4 3 13 4 20 4 56 4 109 17 4 51 4 5 4 85 44 4 46 4 20 31 4 50 4 96 13 4 72 5 4 5 4 38 4 13 30 4 30 4 62 18 4 34 4 29 44 4 10 4 118 56 4 60 4 0 13 4 9 4 17 20 4 20 4 77 49 4 13 4 30 59 4 21 4 30 12 4 32 4 14 4 24 46 4 52 4 4 33 4 5 4 5 4 53 18 4 35 4 54 4 79 35 4 8 4 53 4 31 4 95 11 4 38 4 8 4 13 4 28 16 4 11 4 26 4 62 47 4 22 4 69 16 4 9 4 12 4 1 56 4 44 4 19 4 25 22 4 50 4 39 4 77 9 4 60 4 28 4 7 31 16 29 16 31 5 4 26 51 16 47 16 105 46 4 43 4 47 54 4 37 4 33 4 29 52 4 18 4 18 4 45 4 65 18 4 60 4 1 43 4 43 4 19 4 49 4 61 51 4 15 4 14 4 18 14 4 35 4 14 4 10 28 4 38 4 15 4 69 36 4 40 4 13 4 83 16 4 57 4 57 4 34 4 27 21 4 38 4 34 4 15 4 37 31 4 52 4 19 4 3 11 4 46 4 13 4 31 30 4 32 4 15 4 
iteration 742 best: 1.07666 time: 225037
55 13 4 13 4 16 4 20 47 4 23 4 27 27 4 51 4 18 4 94 44 4 53 4 20 4 68 58 4 50 4 24 4 100 9 4 12 4 39 4 5 4 0 41 4 14 4 38 4 2 36 4 41 4 76 42 4 49 4 99 25 4 58 4 49 4 36 4 119 48 4 28 4 59 52 4 35 4 18 39 4 53 4 40 4 49 4 40 4 78 37 4 33 4 33 4 38 4 69 34 4 8 4 8 43 4 38 4 16 4 28 4 98 51 4 5 4 43 4 91 47 4 39 4 6 19 4 29 4 79 9 20 106 47 4 13 4 52 4 107 35 20 45 29 4 58 4 26 4 19 27 4 31 4 48 4 7 4 88 15 4 23 4 35 12 4 36 4 43 4 55 58 4 23 4 3 13 4 20 4 56 4 109 17 4 51 4 5 4 85 44 4 46 4 20 31 4 50 4 96 13 4 72 5 4 5 4 38 4 13 30 4 30 4 62 18 4 34 4 29 44 4 10 4 118 56 4 60 4 0 13 4 9 4 17 20 4 20 4 77 49 4 13 4 30 59 4 21 4 30 12 4 32 4 14 4 24 46 4 52 4 4 33 4 5 4 5 4 53 18 4 35 4 54 4 79 35 4 8 4 53 4 31 4 95 11 4 38 4 8 4 13 4 28 16 4 11 4 26 4 62 47 4 22 4 69 16 4 9 4 12 4 1 56 4 44 4 19 4 25 22 4 50 4 39 4 77 9 4 60 4 28 4 7 31 16 29 16 31 5 4 26 51 16 47 16 105 46 4 43 4 47 54 4 37 4 33 4 29 52 4 18 4 18 4 45 4 65 18 4 60 4 1 43 4 43 4 19 4 49 4 61 51 4 15 4 14 4 18 14 4 35 4 14 4 10 28 4 38 4 15 4 69 36 4 40 4 13 4 83 16 4 57 4 57 4 34 4 27 21 4 38 4 34 4 15 4 37 31 4 52 4 19 4 3 11 4 46 4 13 4 31 30 4 32 4 15 4 
iteration 766 best: 1.07666 time: 232353
55 13 4 13 4 16 4 20 47 4 23 4 27 27 4 51 4 18 4 94 44 4 53 4 20 4 68 58 4 50 4 24 4 100 9 4 12 4 39 4 5 4 0 41 4 14 4 38 4 2 36 4 41 4 76 42 4 49 4 99 25 4 58 4 49 4 36 4 119 48 4 28 4 59 52 4 35 4 18 39 4 53 4 40 4 49 4 40 4 78 37 4 33 4 33 4 38 4 69 34 4 8 4 8 43 4 38 4 16 4 28 4 98 51 4 5 4 43 4 91 47 4 39 4 6 19 4 29 4 79 9 20 106 47 4 13 4 52 4 107 35 20 45 29 4 58 4 26 4 19 27 4 31 4 48 4 7 4 88 15 4 23 4 35 12 4 36 4 43 4 55 58 4 23 4 3 13 4 20 4 56 4 109 17 4 51 4 5 4 85 44 4 46 4 20 31 4 50 4 96 13 4 72 5 4 5 4 38 4 13 30 4 30 4 62 18 4 34 4 29 44 4 10 4 118 56 4 60 4 0 13 4 9 4 17 20 4 20 4 77 49 4 13 4 30 59 4 21 4 30 12 4 32 4 14 4 24 46 4 52 4 4 33 4 5 4 5 4 53 18 4 35 4 54 4 79 35 4 8 4 53 4 31 4 95 11 4 38 4 8 4 13 4 28 16 4 11 4 26 4 62 47 4 22 4 69 16 4 9 4 12 4 1 56 4 44 4 19 4 25 22 4 50 4 39 4 77 9 4 60 4 28 4 7 31 16 29 16 31 5 4 26 51 16 47 16 105 46 4 43 4 47 54 4 37 4 33 4 29 52 4 18 4 18 4 45 4 65 18 4 60 4 1 43 4 43 4 19 4 49 4 61 51 4 15 4 14 4 18 14 4 35 4 14 4 10 28 4 38 4 15 4 69 36 4 40 4 13 4 83 16 4 57 4 57 4 34 4 27 21 4 38 4 34 4 15 4 37 31 4 52 4 19 4 3 11 4 46 4 13 4 31 30 4 32 4 15 4 
iteration 790 best: 1.07666 time: 239624
55 13 4 13 4 16 4 20 47 4 23 4 27 27 4 51 4 18 4 94 44 4 53 4 20 4 68 58 4 50 4 24 4 100 9 4 12 4 39 4 5 4 0 41 4 14 4 38 4 2 36 4 41 4 76 42 4 49 4 99 25 4 58 4 49 4 36 4 119 48 4 28 4 59 52 4 35 4 18 39 4 53 4 40 4 49 4 40 4 78 37 4 33 4 33 4 38 4 69 34 4 8 4 8 43 4 38 4 16 4 28 4 98 51 4 5 4 43 4 91 47 4 39 4 6 19 4 29 4 79 9 20 106 47 4 13 4 52 4 107 35 20 45 29 4 58 4 26 4 19 27 4 31 4 48 4 7 4 88 15 4 23 4 35 12 4 36 4 43 4 55 58 4 23 4 3 13 4 20 4 56 4 109 17 4 51 4 5 4 85 44 4 46 4 20 31 4 50 4 96 13 4 72 5 4 5 4 38 4 13 30 4 30 4 62 18 4 34 4 29 44 4 10 4 118 56 4 60 4 0 13 4 9 4 17 20 4 20 4 77 49 4 13 4 30 59 4 21 4 30 12 4 32 4 14 4 24 46 4 52 4 4 33 4 5 4 5 4 53 18 4 35 4 54 4 79 35 4 8 4 53 4 31 4 95 11 4 38 4 8 4 13 4 28 16 4 11 4 26 4 62 47 4 22 4 69 16 4 9 4 12 4 1 56 4 44 4 19 4 25 22 4 50 4 39 4 77 9 4 60 4 28 4 7 31 16 29 16 31 5 4 26 51 16 47 16 105 46 4 43 4 47 54 4 37 4 33 4 29 52 4 18 4 18 4 45 4 65 18 4 60 4 1 43 4 43 4 19 4 49 4 61 51 4 15 4 14 4 18 14 4 35 4 14 4 10 28 4 38 4 15 4 69 36 4 40 4 13 4 83 16 4 57 4 57 4 34 4 27 21 4 38 4 34 4 15 4 37 31 4 52 4 19 4 3 11 4 46 4 13 4 31 30 4 32 4 15 4 
iteration 814 best: 1.07666 time: 246880
55 13 4 13 4 16 4 20 47 4 23 4 27 27 4 51 4 18 4 94 44 4 53 4 20 4 68 58 4 50 4 24 4 100 9 4 12 4 39 4 5 4 0 41 4 14 4 38 4 2 36 4 41 4 76 42 4 49 4 99 25 4 58 4 49 4 36 4 119 48 4 28 4 59 52 4 35 4 18 39 4 53 4 40 4 49 4 40 4 78 37 4 33 4 33 4 38 4 69 34 4 8 4 8 43 4 38 4 16 4 28 4 98 51 4 5 4 43 4 91 47 4 39 4 6 19 4 29 4 79 9 20 106 47 4 13 4 52 4 107 35 20 45 29 4 58 4 26 4 19 27 4 31 4 48 4 7 4 88 15 4 23 4 35 12 4 36 4 43 4 55 58 4 23 4 3 13 4 20 4 56 4 109 17 4 51 4 5 4 85 44 4 46 4 20 31 4 50 4 96 13 4 72 5 4 5 4 38 4 13 30 4 30 4 62 18 4 34 4 29 44 4 10 4 118 56 4 60 4 0 13 4 9 4 17 20 4 20 4 77 49 4 13 4 30 59 4 21 4 30 12 4 32 4 14 4 24 46 4 52 4 4 33 4 5 4 5 4 53 18 4 35 4 54 4 79 35 4 8 4 53 4 31 4 95 11 4 38 4 8 4 13 4 28 16 4 11 4 26 4 62 47 4 22 4 69 16 4 9 4 12 4 1 56 4 44 4 19 4 25 22 4 50 4 39 4 77 9 4 60 4 28 4 7 31 16 29 16 31 5 4 26 51 16 47 16 105 46 4 43 4 47 54 4 37 4 33 4 29 52 4 18 4 18 4 45 4 65 18 4 60 4 1 43 4 43 4 19 4 49 4 61 51 4 15 4 14 4 18 14 4 35 4 14 4 10 28 4 38 4 15 4 69 36 4 40 4 13 4 83 16 4 57 4 57 4 34 4 27 21 4 38 4 34 4 15 4 37 31 4 52 4 19 4 3 11 4 46 4 13 4 31 30 4 32 4 15 4 
iteration 838 best: 1.07666 time: 254132
55 13 4 13 4 16 4 20 47 4 23 4 27 27 4 51 4 18 4 94 44 4 53 4 20 4 68 58 4 50 4 24 4 100 9 4 12 4 39 4 5 4 0 41 4 14 4 38 4 2 36 4 41 4 76 42 4 49 4 99 25 4 58 4 49 4 36 4 119 48 4 28 4 59 52 4 35 4 18 39 4 53 4 40 4 49 4 40 4 78 37 4 33 4 33 4 38 4 69 34 4 8 4 8 43 4 38 4 16 4 28 4 98 51 4 5 4 43 4 91 47 4 39 4 6 19 4 29 4 79 9 20 106 47 4 13 4 52 4 107 35 20 45 29 4 58 4 26 4 19 27 4 31 4 48 4 7 4 88 15 4 23 4 35 12 4 36 4 43 4 55 58 4 23 4 3 13 4 20 4 56 4 109 17 4 51 4 5 4 85 44 4 46 4 20 31 4 50 4 96 13 4 72 5 4 5 4 38 4 13 30 4 30 4 62 18 4 34 4 29 44 4 10 4 118 56 4 60 4 0 13 4 9 4 17 20 4 20 4 77 49 4 13 4 30 59 4 21 4 30 12 4 32 4 14 4 24 46 4 52 4 4 33 4 5 4 5 4 53 18 4 35 4 54 4 79 35 4 8 4 53 4 31 4 95 11 4 38 4 8 4 13 4 28 16 4 11 4 26 4 62 47 4 22 4 69 16 4 9 4 12 4 1 56 4 44 4 19 4 25 22 4 50 4 39 4 77 9 4 60 4 28 4 7 31 16 29 16 31 5 4 26 51 16 47 16 105 46 4 43 4 47 54 4 37 4 33 4 29 52 4 18 4 18 4 45 4 65 18 4 60 4 1 43 4 43 4 19 4 49 4 61 51 4 15 4 14 4 18 14 4 35 4 14 4 10 28 4 38 4 15 4 69 36 4 40 4 13 4 83 16 4 57 4 57 4 34 4 27 21 4 38 4 34 4 15 4 37 31 4 52 4 19 4 3 11 4 46 4 13 4 31 30 4 32 4 15 4 
iteration 862 best: 1.07666 time: 261378
55 13 4 13 4 16 4 20 47 4 23 4 27 27 4 51 4 18 4 94 44 4 53 4 20 4 68 58 4 50 4 24 4 100 9 4 12 4 39 4 5 4 0 41 4 14 4 38 4 2 36 4 41 4 76 42 4 49 4 99 25 4 58 4 49 4 36 4 119 48 4 28 4 59 52 4 35 4 18 39 4 53 4 40 4 49 4 40 4 78 37 4 33 4 33 4 38 4 69 34 4 8 4 8 43 4 38 4 16 4 28 4 98 51 4 5 4 43 4 91 47 4 39 4 6 19 4 29 4 79 9 20 106 47 4 13 4 52 4 107 35 20 45 29 4 58 4 26 4 19 27 4 31 4 48 4 7 4 88 15 4 23 4 35 12 4 36 4 43 4 55 58 4 23 4 3 13 4 20 4 56 4 109 17 4 51 4 5 4 85 44 4 46 4 20 31 4 50 4 96 13 4 72 5 4 5 4 38 4 13 30 4 30 4 62 18 4 34 4 29 44 4 10 4 118 56 4 60 4 0 13 4 9 4 17 20 4 20 4 77 49 4 13 4 30 59 4 21 4 30 12 4 32 4 14 4 24 46 4 52 4 4 33 4 5 4 5 4 53 18 4 35 4 54 4 79 35 4 8 4 53 4 31 4 95 11 4 38 4 8 4 13 4 28 16 4 11 4 26 4 62 47 4 22 4 69 16 4 9 4 12 4 1 56 4 44 4 19 4 25 22 4 50 4 39 4 77 9 4 60 4 28 4 7 31 16 29 16 31 5 4 26 51 16 47 16 105 46 4 43 4 47 54 4 37 4 33 4 29 52 4 18 4 18 4 45 4 65 18 4 60 4 1 43 4 43 4 19 4 49 4 61 51 4 15 4 14 4 18 14 4 35 4 14 4 10 28 4 38 4 15 4 69 36 4 40 4 13 4 83 16 4 57 4 57 4 34 4 27 21 4 38 4 34 4 15 4 37 31 4 52 4 19 4 3 11 4 46 4 13 4 31 30 4 32 4 15 4 
iteration 886 best: 1.07666 time: 268613
55 13 4 13 4 16 4 20 47 4 23 4 27 27 4 51 4 18 4 94 44 4 53 4 20 4 68 58 4 50 4 24 4 100 9 4 12 4 39 4 5 4 0 41 4 14 4 38 4 2 36 4 41 4 76 42 4 49 4 99 25 4 58 4 49 4 36 4 119 48 4 28 4 59 52 4 35 4 18 39 4 53 4 40 4 49 4 40 4 78 37 4 33 4 33 4 38 4 69 34 4 8 4 8 43 4 38 4 16 4 28 4 98 51 4 5 4 43 4 91 47 4 39 4 6 19 4 29 4 79 9 20 106 47 4 13 4 52 4 107 35 20 45 29 4 58 4 26 4 19 27 4 31 4 48 4 7 4 88 15 4 23 4 35 12 4 36 4 43 4 55 58 4 23 4 3 13 4 20 4 56 4 109 17 4 51 4 5 4 85 44 4 46 4 20 31 4 50 4 96 13 4 72 5 4 5 4 38 4 13 30 4 30 4 62 18 4 34 4 29 44 4 10 4 118 56 4 60 4 0 13 4 9 4 17 20 4 20 4 77 49 4 13 4 30 59 4 21 4 30 12 4 32 4 14 4 24 46 4 52 4 4 33 4 5 4 5 4 53 18 4 35 4 54 4 79 35 4 8 4 53 4 31 4 95 11 4 38 4 8 4 13 4 28 16 4 11 4 26 4 62 47 4 22 4 69 16 4 9 4 12 4 1 56 4 44 4 19 4 25 22 4 50 4 39 4 77 9 4 60 4 28 4 7 31 16 29 16 31 5 4 26 51 16 47 16 105 46 4 43 4 47 54 4 37 4 33 4 29 52 4 18 4 18 4 45 4 65 18 4 60 4 1 43 4 43 4 19 4 49 4 61 51 4 15 4 14 4 18 14 4 35 4 14 4 10 28 4 38 4 15 4 69 36 4 40 4 13 4 83 16 4 57 4 57 4 34 4 27 21 4 38 4 34 4 15 4 37 31 4 52 4 19 4 3 11 4 46 4 13 4 31 30 4 32 4 15 4 
iteration 910 best: 1.07666 time: 275845
55 13 4 13 4 16 4 20 47 4 23 4 27 27 4 51 4 18 4 94 44 4 53 4 20 4 68 58 4 50 4 24 4 100 9 4 12 4 39 4 5 4 0 41 4 14 4 38 4 2 36 4 41 4 76 42 4 49 4 99 25 4 58 4 49 4 36 4 119 48 4 28 4 59 52 4 35 4 18 39 4 53 4 40 4 49 4 40 4 78 37 4 33 4 33 4 38 4 69 34 4 8 4 8 43 4 38 4 16 4 28 4 98 51 4 5 4 43 4 91 47 4 39 4 6 19 4 29 4 79 9 20 106 47 4 13 4 52 4 107 35 20 45 29 4 58 4 26 4 19 27 4 31 4 48 4 7 4 88 15 4 23 4 35 12 4 36 4 43 4 55 58 4 23 4 3 13 4 20 4 56 4 109 17 4 51 4 5 4 85 44 4 46 4 20 31 4 50 4 96 13 4 72 5 4 5 4 38 4 13 30 4 30 4 62 18 4 34 4 29 44 4 10 4 118 56 4 60 4 0 13 4 9 4 17 20 4 20 4 77 49 4 13 4 30 59 4 21 4 30 12 4 32 4 14 4 24 46 4 52 4 4 33 4 5 4 5 4 53 18 4 35 4 54 4 79 35 4 8 4 53 4 31 4 95 11 4 38 4 8 4 13 4 28 16 4 11 4 26 4 62 47 4 22 4 69 16 4 9 4 12 4 1 56 4 44 4 19 4 25 22 4 50 4 39 4 77 9 4 60 4 28 4 7 31 16 29 16 31 5 4 26 51 16 47 16 105 46 4 43 4 47 54 4 37 4 33 4 29 52 4 18 4 18 4 45 4 65 18 4 60 4 1 43 4 43 4 19 4 49 4 61 51 4 15 4 14 4 18 14 4 35 4 14 4 10 28 4 38 4 15 4 69 36 4 40 4 13 4 83 16 4 57 4 57 4 34 4 27 21 4 38 4 34 4 15 4 37 31 4 52 4 19 4 3 11 4 46 4 13 4 31 30 4 32 4 15 4 
iteration 934 best: 1.07666 time: 283093
55 13 4 13 4 16 4 20 47 4 23 4 27 27 4 51 4 18 4 94 44 4 53 4 20 4 68 58 4 50 4 24 4 100 9 4 12 4 39 4 5 4 0 41 4 14 4 38 4 2 36 4 41 4 76 42 4 49 4 99 25 4 58 4 49 4 36 4 119 48 4 28 4 59 52 4 35 4 18 39 4 53 4 40 4 49 4 40 4 78 37 4 33 4 33 4 38 4 69 34 4 8 4 8 43 4 38 4 16 4 28 4 98 51 4 5 4 43 4 91 47 4 39 4 6 19 4 29 4 79 9 20 106 47 4 13 4 52 4 107 35 20 45 29 4 58 4 26 4 19 27 4 31 4 48 4 7 4 88 15 4 23 4 35 12 4 36 4 43 4 55 58 4 23 4 3 13 4 20 4 56 4 109 17 4 51 4 5 4 85 44 4 46 4 20 31 4 50 4 96 13 4 72 5 4 5 4 38 4 13 30 4 30 4 62 18 4 34 4 29 44 4 10 4 118 56 4 60 4 0 13 4 9 4 17 20 4 20 4 77 49 4 13 4 30 59 4 21 4 30 12 4 32 4 14 4 24 46 4 52 4 4 33 4 5 4 5 4 53 18 4 35 4 54 4 79 35 4 8 4 53 4 31 4 95 11 4 38 4 8 4 13 4 28 16 4 11 4 26 4 62 47 4 22 4 69 16 4 9 4 12 4 1 56 4 44 4 19 4 25 22 4 50 4 39 4 77 9 4 60 4 28 4 7 31 16 29 16 31 5 4 26 51 16 47 16 105 46 4 43 4 47 54 4 37 4 33 4 29 52 4 18 4 18 4 45 4 65 18 4 60 4 1 43 4 43 4 19 4 49 4 61 51 4 15 4 14 4 18 14 4 35 4 14 4 10 28 4 38 4 15 4 69 36 4 40 4 13 4 83 16 4 57 4 57 4 34 4 27 21 4 38 4 34 4 15 4 37 31 4 52 4 19 4 3 11 4 46 4 13 4 31 30 4 32 4 15 4 
iteration 958 best: 1.07666 time: 290326
55 13 4 13 4 16 4 20 47 4 23 4 27 27 4 51 4 18 4 94 44 4 53 4 20 4 68 58 4 50 4 24 4 100 9 4 12 4 39 4 5 4 0 41 4 14 4 38 4 2 36 4 41 4 76 42 4 49 4 99 25 4 58 4 49 4 36 4 119 48 4 28 4 59 52 4 35 4 18 39 4 53 4 40 4 49 4 40 4 78 37 4 33 4 33 4 38 4 69 34 4 8 4 8 43 4 38 4 16 4 28 4 98 51 4 5 4 43 4 91 47 4 39 4 6 19 4 29 4 79 9 20 106 47 4 13 4 52 4 107 35 20 45 29 4 58 4 26 4 19 27 4 31 4 48 4 7 4 88 15 4 23 4 35 12 4 36 4 43 4 55 58 4 23 4 3 13 4 20 4 56 4 109 17 4 51 4 5 4 85 44 4 46 4 20 31 4 50 4 96 13 4 72 5 4 5 4 38 4 13 30 4 30 4 62 18 4 34 4 29 44 4 10 4 118 56 4 60 4 0 13 4 9 4 17 20 4 20 4 77 49 4 13 4 30 59 4 21 4 30 12 4 32 4 14 4 24 46 4 52 4 4 33 4 5 4 5 4 53 18 4 35 4 54 4 79 35 4 8 4 53 4 31 4 95 11 4 38 4 8 4 13 4 28 16 4 11 4 26 4 62 47 4 22 4 69 16 4 9 4 12 4 1 56 4 44 4 19 4 25 22 4 50 4 39 4 77 9 4 60 4 28 4 7 31 16 29 16 31 5 4 26 51 16 47 16 105 46 4 43 4 47 54 4 37 4 33 4 29 52 4 18 4 18 4 45 4 65 18 4 60 4 1 43 4 43 4 19 4 49 4 61 51 4 15 4 14 4 18 14 4 35 4 14 4 10 28 4 38 4 15 4 69 36 4 40 4 13 4 83 16 4 57 4 57 4 34 4 27 21 4 38 4 34 4 15 4 37 31 4 52 4 19 4 3 11 4 46 4 13 4 31 30 4 32 4 15 4 
iteration 982 best: 1.07666 time: 297582
55 13 4 13 4 16 4 20 47 4 23 4 27 27 4 51 4 18 4 94 44 4 53 4 20 4 68 58 4 50 4 24 4 100 9 4 12 4 39 4 5 4 0 41 4 14 4 38 4 2 36 4 41 4 76 42 4 49 4 99 25 4 58 4 49 4 36 4 119 48 4 28 4 59 52 4 35 4 18 39 4 53 4 40 4 49 4 40 4 78 37 4 33 4 33 4 38 4 69 34 4 8 4 8 43 4 38 4 16 4 28 4 98 51 4 5 4 43 4 91 47 4 39 4 6 19 4 29 4 79 9 20 106 47 4 13 4 52 4 107 35 20 45 29 4 58 4 26 4 19 27 4 31 4 48 4 7 4 88 15 4 23 4 35 12 4 36 4 43 4 55 58 4 23 4 3 13 4 20 4 56 4 109 17 4 51 4 5 4 85 44 4 46 4 20 31 4 50 4 96 13 4 72 5 4 5 4 38 4 13 30 4 30 4 62 18 4 34 4 29 44 4 10 4 118 56 4 60 4 0 13 4 9 4 17 20 4 20 4 77 49 4 13 4 30 59 4 21 4 30 12 4 32 4 14 4 24 46 4 52 4 4 33 4 5 4 5 4 53 18 4 35 4 54 4 79 35 4 8 4 53 4 31 4 95 11 4 38 4 8 4 13 4 28 16 4 11 4 26 4 62 47 4 22 4 69 16 4 9 4 12 4 1 56 4 44 4 19 4 25 22 4 50 4 39 4 77 9 4 60 4 28 4 7 31 16 29 16 31 5 4 26 51 16 47 16 105 46 4 43 4 47 54 4 37 4 33 4 29 52 4 18 4 18 4 45 4 65 18 4 60 4 1 43 4 43 4 19 4 49 4 61 51 4 15 4 14 4 18 14 4 35 4 14 4 10 28 4 38 4 15 4 69 36 4 40 4 13 4 83 16 4 57 4 57 4 34 4 27 21 4 38 4 34 4 15 4 37 31 4 52 4 19 4 3 11 4 46 4 13 4 31 30 4 32 4 15 4 
iteration 1006 best: 1.07666 time: 304842
55 13 4 13 4 16 4 20 47 4 23 4 27 27 4 51 4 18 4 94 44 4 53 4 20 4 68 58 4 50 4 24 4 100 9 4 12 4 39 4 5 4 0 41 4 14 4 38 4 2 36 4 41 4 76 42 4 49 4 99 25 4 58 4 49 4 36 4 119 48 4 28 4 59 52 4 35 4 18 39 4 53 4 40 4 49 4 40 4 78 37 4 33 4 33 4 38 4 69 34 4 8 4 8 43 4 38 4 16 4 28 4 98 51 4 5 4 43 4 91 47 4 39 4 6 19 4 29 4 79 9 20 106 47 4 13 4 52 4 107 35 20 45 29 4 58 4 26 4 19 27 4 31 4 48 4 7 4 88 15 4 23 4 35 12 4 36 4 43 4 55 58 4 23 4 3 13 4 20 4 56 4 109 17 4 51 4 5 4 85 44 4 46 4 20 31 4 50 4 96 13 4 72 5 4 5 4 38 4 13 30 4 30 4 62 18 4 34 4 29 44 4 10 4 118 56 4 60 4 0 13 4 9 4 17 20 4 20 4 77 49 4 13 4 30 59 4 21 4 30 12 4 32 4 14 4 24 46 4 52 4 4 33 4 5 4 5 4 53 18 4 35 4 54 4 79 35 4 8 4 53 4 31 4 95 11 4 38 4 8 4 13 4 28 16 4 11 4 26 4 62 47 4 22 4 69 16 4 9 4 12 4 1 56 4 44 4 19 4 25 22 4 50 4 39 4 77 9 4 60 4 28 4 7 31 16 29 16 31 5 4 26 51 16 47 16 105 46 4 43 4 47 54 4 37 4 33 4 29 52 4 18 4 18 4 45 4 65 18 4 60 4 1 43 4 43 4 19 4 49 4 61 51 4 15 4 14 4 18 14 4 35 4 14 4 10 28 4 38 4 15 4 69 36 4 40 4 13 4 83 16 4 57 4 57 4 34 4 27 21 4 38 4 34 4 15 4 37 31 4 52 4 19 4 3 11 4 46 4 13 4 31 30 4 32 4 15 4 
iteration 1030 best: 1.07666 time: 312137
55 13 4 13 4 16 4 20 47 4 23 4 27 27 4 51 4 18 4 94 44 4 53 4 20 4 68 58 4 50 4 24 4 100 9 4 12 4 39 4 5 4 0 41 4 14 4 38 4 2 36 4 41 4 76 42 4 49 4 99 25 4 58 4 49 4 36 4 119 48 4 28 4 59 52 4 35 4 18 39 4 53 4 40 4 49 4 40 4 78 37 4 33 4 33 4 38 4 69 34 4 8 4 8 43 4 38 4 16 4 28 4 98 51 4 5 4 43 4 91 47 4 39 4 6 19 4 29 4 79 9 20 106 47 4 13 4 52 4 107 35 20 45 29 4 58 4 26 4 19 27 4 31 4 48 4 7 4 88 15 4 23 4 35 12 4 36 4 43 4 55 58 4 23 4 3 13 4 20 4 56 4 109 17 4 51 4 5 4 85 44 4 46 4 20 31 4 50 4 96 13 4 72 5 4 5 4 38 4 13 30 4 30 4 62 18 4 34 4 29 44 4 10 4 118 56 4 60 4 0 13 4 9 4 17 20 4 20 4 77 49 4 13 4 30 59 4 21 4 30 12 4 32 4 14 4 24 46 4 52 4 4 33 4 5 4 5 4 53 18 4 35 4 54 4 79 35 4 8 4 53 4 31 4 95 11 4 38 4 8 4 13 4 28 16 4 11 4 26 4 62 47 4 22 4 69 16 4 9 4 12 4 1 56 4 44 4 19 4 25 22 4 50 4 39 4 77 9 4 60 4 28 4 7 31 16 29 16 31 5 4 26 51 16 47 16 105 46 4 43 4 47 54 4 37 4 33 4 29 52 4 18 4 18 4 45 4 65 18 4 60 4 1 43 4 43 4 19 4 49 4 61 51 4 15 4 14 4 18 14 4 35 4 14 4 10 28 4 38 4 15 4 69 36 4 40 4 13 4 83 16 4 57 4 57 4 34 4 27 21 4 38 4 34 4 15 4 37 31 4 52 4 19 4 3 11 4 46 4 13 4 31 30 4 32 4 15 4 
iteration 1054 best: 1.07666 time: 319397
55 13 4 13 4 16 4 20 47 4 23 4 27 27 4 51 4 18 4 94 44 4 53 4 20 4 68 58 4 50 4 24 4 100 9 4 12 4 39 4 5 4 0 41 4 14 4 38 4 2 36 4 41 4 76 42 4 49 4 99 25 4 58 4 49 4 36 4 119 48 4 28 4 59 52 4 35 4 18 39 4 53 4 40 4 49 4 40 4 78 37 4 33 4 33 4 38 4 69 34 4 8 4 8 43 4 38 4 16 4 28 4 98 51 4 5 4 43 4 91 47 4 39 4 6 19 4 29 4 79 9 20 106 47 4 13 4 52 4 107 35 20 45 29 4 58 4 26 4 19 27 4 31 4 48 4 7 4 88 15 4 23 4 35 12 4 36 4 43 4 55 58 4 23 4 3 13 4 20 4 56 4 109 17 4 51 4 5 4 85 44 4 46 4 20 31 4 50 4 96 13 4 72 5 4 5 4 38 4 13 30 4 30 4 62 18 4 34 4 29 44 4 10 4 118 56 4 60 4 0 13 4 9 4 17 20 4 20 4 77 49 4 13 4 30 59 4 21 4 30 12 4 32 4 14 4 24 46 4 52 4 4 33 4 5 4 5 4 53 18 4 35 4 54 4 79 35 4 8 4 53 4 31 4 95 11 4 38 4 8 4 13 4 28 16 4 11 4 26 4 62 47 4 22 4 69 16 4 9 4 12 4 1 56 4 44 4 19 4 25 22 4 50 4 39 4 77 9 4 60 4 28 4 7 31 16 29 16 31 5 4 26 51 16 47 16 105 46 4 43 4 47 54 4 37 4 33 4 29 52 4 18 4 18 4 45 4 65 18 4 60 4 1 43 4 43 4 19 4 49 4 61 51 4 15 4 14 4 18 14 4 35 4 14 4 10 28 4 38 4 15 4 69 36 4 40 4 13 4 83 16 4 57 4 57 4 34 4 27 21 4 38 4 34 4 15 4 37 31 4 52 4 19 4 3 11 4 46 4 13 4 31 30 4 32 4 15 4 
iteration 1078 best: 1.07666 time: 326655
55 13 4 13 4 16 4 20 47 4 23 4 27 27 4 51 4 18 4 94 44 4 53 4 20 4 68 58 4 50 4 24 4 100 9 4 12 4 39 4 5 4 0 41 4 14 4 38 4 2 36 4 41 4 76 42 4 49 4 99 25 4 58 4 49 4 36 4 119 48 4 28 4 59 52 4 35 4 18 39 4 53 4 40 4 49 4 40 4 78 37 4 33 4 33 4 38 4 69 34 4 8 4 8 43 4 38 4 16 4 28 4 98 51 4 5 4 43 4 91 47 4 39 4 6 19 4 29 4 79 9 20 106 47 4 13 4 52 4 107 35 20 45 29 4 58 4 26 4 19 27 4 31 4 48 4 7 4 88 15 4 23 4 35 12 4 36 4 43 4 55 58 4 23 4 3 13 4 20 4 56 4 109 17 4 51 4 5 4 85 44 4 46 4 20 31 4 50 4 96 13 4 72 5 4 5 4 38 4 13 30 4 30 4 62 18 4 34 4 29 44 4 10 4 118 56 4 60 4 0 13 4 9 4 17 20 4 20 4 77 49 4 13 4 30 59 4 21 4 30 12 4 32 4 14 4 24 46 4 52 4 4 33 4 5 4 5 4 53 18 4 35 4 54 4 79 35 4 8 4 53 4 31 4 95 11 4 38 4 8 4 13 4 28 16 4 11 4 26 4 62 47 4 22 4 69 16 4 9 4 12 4 1 56 4 44 4 19 4 25 22 4 50 4 39 4 77 9 4 60 4 28 4 7 31 16 29 16 31 5 4 26 51 16 47 16 105 46 4 43 4 47 54 4 37 4 33 4 29 52 4 18 4 18 4 45 4 65 18 4 60 4 1 43 4 43 4 19 4 49 4 61 51 4 15 4 14 4 18 14 4 35 4 14 4 10 28 4 38 4 15 4 69 36 4 40 4 13 4 83 16 4 57 4 57 4 34 4 27 21 4 38 4 34 4 15 4 37 31 4 52 4 19 4 3 11 4 46 4 13 4 31 30 4 32 4 15 4 
iteration 1102 best: 1.07666 time: 333885
55 13 4 13 4 16 4 20 47 4 23 4 27 27 4 51 4 18 4 94 44 4 53 4 20 4 68 58 4 50 4 24 4 100 9 4 12 4 39 4 5 4 0 41 4 14 4 38 4 2 36 4 41 4 76 42 4 49 4 99 25 4 58 4 49 4 36 4 119 48 4 28 4 59 52 4 35 4 18 39 4 53 4 40 4 49 4 40 4 78 37 4 33 4 33 4 38 4 69 34 4 8 4 8 43 4 38 4 16 4 28 4 98 51 4 5 4 43 4 91 47 4 39 4 6 19 4 29 4 79 9 20 106 47 4 13 4 52 4 107 35 20 45 29 4 58 4 26 4 19 27 4 31 4 48 4 7 4 88 15 4 23 4 35 12 4 36 4 43 4 55 58 4 23 4 3 13 4 20 4 56 4 109 17 4 51 4 5 4 85 44 4 46 4 20 31 4 50 4 96 13 4 72 5 4 5 4 38 4 13 30 4 30 4 62 18 4 34 4 29 44 4 10 4 118 56 4 60 4 0 13 4 9 4 17 20 4 20 4 77 49 4 13 4 30 59 4 21 4 30 12 4 32 4 14 4 24 46 4 52 4 4 33 4 5 4 5 4 53 18 4 35 4 54 4 79 35 4 8 4 53 4 31 4 95 11 4 38 4 8 4 13 4 28 16 4 11 4 26 4 62 47 4 22 4 69 16 4 9 4 12 4 1 56 4 44 4 19 4 25 22 4 50 4 39 4 77 9 4 60 4 28 4 7 31 16 29 16 31 5 4 26 51 16 47 16 105 46 4 43 4 47 54 4 37 4 33 4 29 52 4 18 4 18 4 45 4 65 18 4 60 4 1 43 4 43 4 19 4 49 4 61 51 4 15 4 14 4 18 14 4 35 4 14 4 10 28 4 38 4 15 4 69 36 4 40 4 13 4 83 16 4 57 4 57 4 34 4 27 21 4 38 4 34 4 15 4 37 31 4 52 4 19 4 3 11 4 46 4 13 4 31 30 4 32 4 15 4 
iteration 1126 best: 1.07666 time: 341153
55 13 4 13 4 16 4 20 47 4 23 4 27 27 4 51 4 18 4 94 44 4 53 4 20 4 68 58 4 50 4 24 4 100 9 4 12 4 39 4 5 4 0 41 4 14 4 38 4 2 36 4 41 4 76 42 4 49 4 99 25 4 58 4 49 4 36 4 119 48 4 28 4 59 52 4 35 4 18 39 4 53 4 40 4 49 4 40 4 78 37 4 33 4 33 4 38 4 69 34 4 8 4 8 43 4 38 4 16 4 28 4 98 51 4 5 4 43 4 91 47 4 39 4 6 19 4 29 4 79 9 20 106 47 4 13 4 52 4 107 35 20 45 29 4 58 4 26 4 19 27 4 31 4 48 4 7 4 88 15 4 23 4 35 12 4 36 4 43 4 55 58 4 23 4 3 13 4 20 4 56 4 109 17 4 51 4 5 4 85 44 4 46 4 20 31 4 50 4 96 13 4 72 5 4 5 4 38 4 13 30 4 30 4 62 18 4 34 4 29 44 4 10 4 118 56 4 60 4 0 13 4 9 4 17 20 4 20 4 77 49 4 13 4 30 59 4 21 4 30 12 4 32 4 14 4 24 46 4 52 4 4 33 4 5 4 5 4 53 18 4 35 4 54 4 79 35 4 8 4 53 4 31 4 95 11 4 38 4 8 4 13 4 28 16 4 11 4 26 4 62 47 4 22 4 69 16 4 9 4 12 4 1 56 4 44 4 19 4 25 22 4 50 4 39 4 77 9 4 60 4 28 4 7 31 16 29 16 31 5 4 26 51 16 47 16 105 46 4 43 4 47 54 4 37 4 33 4 29 52 4 18 4 18 4 45 4 65 18 4 60 4 1 43 4 43 4 19 4 49 4 61 51 4 15 4 14 4 18 14 4 35 4 14 4 10 28 4 38 4 15 4 69 36 4 40 4 13 4 83 16 4 57 4 57 4 34 4 27 21 4 38 4 34 4 15 4 37 31 4 52 4 19 4 3 11 4 46 4 13 4 31 30 4 32 4 15 4 
iteration 1150 best: 1.07666 time: 348416
55 13 4 13 4 16 4 20 47 4 23 4 27 27 4 51 4 18 4 94 44 4 53 4 20 4 68 58 4 50 4 24 4 100 9 4 12 4 39 4 5 4 0 41 4 14 4 38 4 2 36 4 41 4 76 42 4 49 4 99 25 4 58 4 49 4 36 4 119 48 4 28 4 59 52 4 35 4 18 39 4 53 4 40 4 49 4 40 4 78 37 4 33 4 33 4 38 4 69 34 4 8 4 8 43 4 38 4 16 4 28 4 98 51 4 5 4 43 4 91 47 4 39 4 6 19 4 29 4 79 9 20 106 47 4 13 4 52 4 107 35 20 45 29 4 58 4 26 4 19 27 4 31 4 48 4 7 4 88 15 4 23 4 35 12 4 36 4 43 4 55 58 4 23 4 3 13 4 20 4 56 4 109 17 4 51 4 5 4 85 44 4 46 4 20 31 4 50 4 96 13 4 72 5 4 5 4 38 4 13 30 4 30 4 62 18 4 34 4 29 44 4 10 4 118 56 4 60 4 0 13 4 9 4 17 20 4 20 4 77 49 4 13 4 30 59 4 21 4 30 12 4 32 4 14 4 24 46 4 52 4 4 33 4 5 4 5 4 53 18 4 35 4 54 4 79 35 4 8 4 53 4 31 4 95 11 4 38 4 8 4 13 4 28 16 4 11 4 26 4 62 47 4 22 4 69 16 4 9 4 12 4 1 56 4 44 4 19 4 25 22 4 50 4 39 4 77 9 4 60 4 28 4 7 31 16 29 16 31 5 4 26 51 16 47 16 105 46 4 43 4 47 54 4 37 4 33 4 29 52 4 18 4 18 4 45 4 65 18 4 60 4 1 43 4 43 4 19 4 49 4 61 51 4 15 4 14 4 18 14 4 35 4 14 4 10 28 4 38 4 15 4 69 36 4 40 4 13 4 83 16 4 57 4 57 4 34 4 27 21 4 38 4 34 4 15 4 37 31 4 52 4 19 4 3 11 4 46 4 13 4 31 30 4 32 4 15 4 
iteration 1174 best: 1.07666 time: 355648
55 13 4 13 4 16 4 20 47 4 23 4 27 27 4 51 4 18 4 94 44 4 53 4 20 4 68 58 4 50 4 24 4 100 9 4 12 4 39 4 5 4 0 41 4 14 4 38 4 2 36 4 41 4 76 42 4 49 4 99 25 4 58 4 49 4 36 4 119 48 4 28 4 59 52 4 35 4 18 39 4 53 4 40 4 49 4 40 4 78 37 4 33 4 33 4 38 4 69 34 4 8 4 8 43 4 38 4 16 4 28 4 98 51 4 5 4 43 4 91 47 4 39 4 6 19 4 29 4 79 9 20 106 47 4 13 4 52 4 107 35 20 45 29 4 58 4 26 4 19 27 4 31 4 48 4 7 4 88 15 4 23 4 35 12 4 36 4 43 4 55 58 4 23 4 3 13 4 20 4 56 4 109 17 4 51 4 5 4 85 44 4 46 4 20 31 4 50 4 96 13 4 72 5 4 5 4 38 4 13 30 4 30 4 62 18 4 34 4 29 44 4 10 4 118 56 4 60 4 0 13 4 9 4 17 20 4 20 4 77 49 4 13 4 30 59 4 21 4 30 12 4 32 4 14 4 24 46 4 52 4 4 33 4 5 4 5 4 53 18 4 35 4 54 4 79 35 4 8 4 53 4 31 4 95 11 4 38 4 8 4 13 4 28 16 4 11 4 26 4 62 47 4 22 4 69 16 4 9 4 12 4 1 56 4 44 4 19 4 25 22 4 50 4 39 4 77 9 4 60 4 28 4 7 31 16 29 16 31 5 4 26 51 16 47 16 105 46 4 43 4 47 54 4 37 4 33 4 29 52 4 18 4 18 4 45 4 65 18 4 60 4 1 43 4 43 4 19 4 49 4 61 51 4 15 4 14 4 18 14 4 35 4 14 4 10 28 4 38 4 15 4 69 36 4 40 4 13 4 83 16 4 57 4 57 4 34 4 27 21 4 38 4 34 4 15 4 37 31 4 52 4 19 4 3 11 4 46 4 13 4 31 30 4 32 4 15 4 
iteration 1198 best: 1.07666 time: 362887
55 13 4 13 4 16 4 20 47 4 23 4 27 27 4 51 4 18 4 94 44 4 53 4 20 4 68 58 4 50 4 24 4 100 9 4 12 4 39 4 5 4 0 41 4 14 4 38 4 2 36 4 41 4 76 42 4 49 4 99 25 4 58 4 49 4 36 4 119 48 4 28 4 59 52 4 35 4 18 39 4 53 4 40 4 49 4 40 4 78 37 4 33 4 33 4 38 4 69 34 4 8 4 8 43 4 38 4 16 4 28 4 98 51 4 5 4 43 4 91 47 4 39 4 6 19 4 29 4 79 9 20 106 47 4 13 4 52 4 107 35 20 45 29 4 58 4 26 4 19 27 4 31 4 48 4 7 4 88 15 4 23 4 35 12 4 36 4 43 4 55 58 4 23 4 3 13 4 20 4 56 4 109 17 4 51 4 5 4 85 44 4 46 4 20 31 4 50 4 96 13 4 72 5 4 5 4 38 4 13 30 4 30 4 62 18 4 34 4 29 44 4 10 4 118 56 4 60 4 0 13 4 9 4 17 20 4 20 4 77 49 4 13 4 30 59 4 21 4 30 12 4 32 4 14 4 24 46 4 52 4 4 33 4 5 4 5 4 53 18 4 35 4 54 4 79 35 4 8 4 53 4 31 4 95 11 4 38 4 8 4 13 4 28 16 4 11 4 26 4 62 47 4 22 4 69 16 4 9 4 12 4 1 56 4 44 4 19 4 25 22 4 50 4 39 4 77 9 4 60 4 28 4 7 31 16 29 16 31 5 4 26 51 16 47 16 105 46 4 43 4 47 54 4 37 4 33 4 29 52 4 18 4 18 4 45 4 65 18 4 60 4 1 43 4 43 4 19 4 49 4 61 51 4 15 4 14 4 18 14 4 35 4 14 4 10 28 4 38 4 15 4 69 36 4 40 4 13 4 83 16 4 57 4 57 4 34 4 27 21 4 38 4 34 4 15 4 37 31 4 52 4 19 4 3 11 4 46 4 13 4 31 30 4 32 4 15 4 
iteration 1222 best: 1.07666 time: 370129
55 13 4 13 4 16 4 20 47 4 23 4 27 27 4 51 4 18 4 94 44 4 53 4 20 4 68 58 4 50 4 24 4 100 9 4 12 4 39 4 5 4 0 41 4 14 4 38 4 2 36 4 41 4 76 42 4 49 4 99 25 4 58 4 49 4 36 4 119 48 4 28 4 59 52 4 35 4 18 39 4 53 4 40 4 49 4 40 4 78 37 4 33 4 33 4 38 4 69 34 4 8 4 8 43 4 38 4 16 4 28 4 98 51 4 5 4 43 4 91 47 4 39 4 6 19 4 29 4 79 9 20 106 47 4 13 4 52 4 107 35 20 45 29 4 58 4 26 4 19 27 4 31 4 48 4 7 4 88 15 4 23 4 35 12 4 36 4 43 4 55 58 4 23 4 3 13 4 20 4 56 4 109 17 4 51 4 5 4 85 44 4 46 4 20 31 4 50 4 96 13 4 72 5 4 5 4 38 4 13 30 4 30 4 62 18 4 34 4 29 44 4 10 4 118 56 4 60 4 0 13 4 9 4 17 20 4 20 4 77 49 4 13 4 30 59 4 21 4 30 12 4 32 4 14 4 24 46 4 52 4 4 33 4 5 4 5 4 53 18 4 35 4 54 4 79 35 4 8 4 53 4 31 4 95 11 4 38 4 8 4 13 4 28 16 4 11 4 26 4 62 47 4 22 4 69 16 4 9 4 12 4 1 56 4 44 4 19 4 25 22 4 50 4 39 4 77 9 4 60 4 28 4 7 31 16 29 16 31 5 4 26 51 16 47 16 105 46 4 43 4 47 54 4 37 4 33 4 29 52 4 18 4 18 4 45 4 65 18 4 60 4 1 43 4 43 4 19 4 49 4 61 51 4 15 4 14 4 18 14 4 35 4 14 4 10 28 4 38 4 15 4 69 36 4 40 4 13 4 83 16 4 57 4 57 4 34 4 27 21 4 38 4 34 4 15 4 37 31 4 52 4 19 4 3 11 4 46 4 13 4 31 30 4 32 4 15 4 
iteration 1246 best: 1.07666 time: 377406
55 13 4 13 4 16 4 20 47 4 23 4 27 27 4 51 4 18 4 94 44 4 53 4 20 4 68 58 4 50 4 24 4 100 9 4 12 4 39 4 5 4 0 41 4 14 4 38 4 2 36 4 41 4 76 42 4 49 4 99 25 4 58 4 49 4 36 4 119 48 4 28 4 59 52 4 35 4 18 39 4 53 4 40 4 49 4 40 4 78 37 4 33 4 33 4 38 4 69 34 4 8 4 8 43 4 38 4 16 4 28 4 98 51 4 5 4 43 4 91 47 4 39 4 6 19 4 29 4 79 9 20 106 47 4 13 4 52 4 107 35 20 45 29 4 58 4 26 4 19 27 4 31 4 48 4 7 4 88 15 4 23 4 35 12 4 36 4 43 4 55 58 4 23 4 3 13 4 20 4 56 4 109 17 4 51 4 5 4 85 44 4 46 4 20 31 4 50 4 96 13 4 72 5 4 5 4 38 4 13 30 4 30 4 62 18 4 34 4 29 44 4 10 4 118 56 4 60 4 0 13 4 9 4 17 20 4 20 4 77 49 4 13 4 30 59 4 21 4 30 12 4 32 4 14 4 24 46 4 52 4 4 33 4 5 4 5 4 53 18 4 35 4 54 4 79 35 4 8 4 53 4 31 4 95 11 4 38 4 8 4 13 4 28 16 4 11 4 26 4 62 47 4 22 4 69 16 4 9 4 12 4 1 56 4 44 4 19 4 25 22 4 50 4 39 4 77 9 4 60 4 28 4 7 31 16 29 16 31 5 4 26 51 16 47 16 105 46 4 43 4 47 54 4 37 4 33 4 29 52 4 18 4 18 4 45 4 65 18 4 60 4 1 43 4 43 4 19 4 49 4 61 51 4 15 4 14 4 18 14 4 35 4 14 4 10 28 4 38 4 15 4 69 36 4 40 4 13 4 83 16 4 57 4 57 4 34 4 27 21 4 38 4 34 4 15 4 37 31 4 52 4 19 4 3 11 4 46 4 13 4 31 30 4 32 4 15 4 
iteration 1270 best: 1.07666 time: 384687
55 13 4 13 4 16 4 20 47 4 23 4 27 27 4 51 4 18 4 94 44 4 53 4 20 4 68 58 4 50 4 24 4 100 9 4 12 4 39 4 5 4 0 41 4 14 4 38 4 2 36 4 41 4 76 42 4 49 4 99 25 4 58 4 49 4 36 4 119 48 4 28 4 59 52 4 35 4 18 39 4 53 4 40 4 49 4 40 4 78 37 4 33 4 33 4 38 4 69 34 4 8 4 8 43 4 38 4 16 4 28 4 98 51 4 5 4 43 4 91 47 4 39 4 6 19 4 29 4 79 9 20 106 47 4 13 4 52 4 107 35 20 45 29 4 58 4 26 4 19 27 4 31 4 48 4 7 4 88 15 4 23 4 35 12 4 36 4 43 4 55 58 4 23 4 3 13 4 20 4 56 4 109 17 4 51 4 5 4 85 44 4 46 4 20 31 4 50 4 96 13 4 72 5 4 5 4 38 4 13 30 4 30 4 62 18 4 34 4 29 44 4 10 4 118 56 4 60 4 0 13 4 9 4 17 20 4 20 4 77 49 4 13 4 30 59 4 21 4 30 12 4 32 4 14 4 24 46 4 52 4 4 33 4 5 4 5 4 53 18 4 35 4 54 4 79 35 4 8 4 53 4 31 4 95 11 4 38 4 8 4 13 4 28 16 4 11 4 26 4 62 47 4 22 4 69 16 4 9 4 12 4 1 56 4 44 4 19 4 25 22 4 50 4 39 4 77 9 4 60 4 28 4 7 31 16 29 16 31 5 4 26 51 16 47 16 105 46 4 43 4 47 54 4 37 4 33 4 29 52 4 18 4 18 4 45 4 65 18 4 60 4 1 43 4 43 4 19 4 49 4 61 51 4 15 4 14 4 18 14 4 35 4 14 4 10 28 4 38 4 15 4 69 36 4 40 4 13 4 83 16 4 57 4 57 4 34 4 27 21 4 38 4 34 4 15 4 37 31 4 52 4 19 4 3 11 4 46 4 13 4 31 30 4 32 4 15 4 
iteration 1294 best: 1.07666 time: 391937
55 13 4 13 4 16 4 20 47 4 23 4 27 27 4 51 4 18 4 94 44 4 53 4 20 4 68 58 4 50 4 24 4 100 9 4 12 4 39 4 5 4 0 41 4 14 4 38 4 2 36 4 41 4 76 42 4 49 4 99 25 4 58 4 49 4 36 4 119 48 4 28 4 59 52 4 35 4 18 39 4 53 4 40 4 49 4 40 4 78 37 4 33 4 33 4 38 4 69 34 4 8 4 8 43 4 38 4 16 4 28 4 98 51 4 5 4 43 4 91 47 4 39 4 6 19 4 29 4 79 9 20 106 47 4 13 4 52 4 107 35 20 45 29 4 58 4 26 4 19 27 4 31 4 48 4 7 4 88 15 4 23 4 35 12 4 36 4 43 4 55 58 4 23 4 3 13 4 20 4 56 4 109 17 4 51 4 5 4 85 44 4 46 4 20 31 4 50 4 96 13 4 72 5 4 5 4 38 4 13 30 4 30 4 62 18 4 34 4 29 44 4 10 4 118 56 4 60 4 0 13 4 9 4 17 20 4 20 4 77 49 4 13 4 30 59 4 21 4 30 12 4 32 4 14 4 24 46 4 52 4 4 33 4 5 4 5 4 53 18 4 35 4 54 4 79 35 4 8 4 53 4 31 4 95 11 4 38 4 8 4 13 4 28 16 4 11 4 26 4 62 47 4 22 4 69 16 4 9 4 12 4 1 56 4 44 4 19 4 25 22 4 50 4 39 4 77 9 4 60 4 28 4 7 31 16 29 16 31 5 4 26 51 16 47 16 105 46 4 43 4 47 54 4 37 4 33 4 29 52 4 18 4 18 4 45 4 65 18 4 60 4 1 43 4 43 4 19 4 49 4 61 51 4 15 4 14 4 18 14 4 35 4 14 4 10 28 4 38 4 15 4 69 36 4 40 4 13 4 83 16 4 57 4 57 4 34 4 27 21 4 38 4 34 4 15 4 37 31 4 52 4 19 4 3 11 4 46 4 13 4 31 30 4 32 4 15 4 
iteration 1318 best: 1.07666 time: 399163
55 13 4 13 4 16 4 20 47 4 23 4 27 27 4 51 4 18 4 94 44 4 53 4 20 4 68 58 4 50 4 24 4 100 9 4 12 4 39 4 5 4 0 41 4 14 4 38 4 2 36 4 41 4 76 42 4 49 4 99 25 4 58 4 49 4 36 4 119 48 4 28 4 59 52 4 35 4 18 39 4 53 4 40 4 49 4 40 4 78 37 4 33 4 33 4 38 4 69 34 4 8 4 8 43 4 38 4 16 4 28 4 98 51 4 5 4 43 4 91 47 4 39 4 6 19 4 29 4 79 9 20 106 47 4 13 4 52 4 107 35 20 45 29 4 58 4 26 4 19 27 4 31 4 48 4 7 4 88 15 4 23 4 35 12 4 36 4 43 4 55 58 4 23 4 3 13 4 20 4 56 4 109 17 4 51 4 5 4 85 44 4 46 4 20 31 4 50 4 96 13 4 72 5 4 5 4 38 4 13 30 4 30 4 62 18 4 34 4 29 44 4 10 4 118 56 4 60 4 0 13 4 9 4 17 20 4 20 4 77 49 4 13 4 30 59 4 21 4 30 12 4 32 4 14 4 24 46 4 52 4 4 33 4 5 4 5 4 53 18 4 35 4 54 4 79 35 4 8 4 53 4 31 4 95 11 4 38 4 8 4 13 4 28 16 4 11 4 26 4 62 47 4 22 4 69 16 4 9 4 12 4 1 56 4 44 4 19 4 25 22 4 50 4 39 4 77 9 4 60 4 28 4 7 31 16 29 16 31 5 4 26 51 16 47 16 105 46 4 43 4 47 54 4 37 4 33 4 29 52 4 18 4 18 4 45 4 65 18 4 60 4 1 43 4 43 4 19 4 49 4 61 51 4 15 4 14 4 18 14 4 35 4 14 4 10 28 4 38 4 15 4 69 36 4 40 4 13 4 83 16 4 57 4 57 4 34 4 27 21 4 38 4 34 4 15 4 37 31 4 52 4 19 4 3 11 4 46 4 13 4 31 30 4 32 4 15 4 
iteration 1342 best: 1.07666 time: 406397
55 13 4 13 4 16 4 20 47 4 23 4 27 27 4 51 4 18 4 94 44 4 53 4 20 4 68 58 4 50 4 24 4 100 9 4 12 4 39 4 5 4 0 41 4 14 4 38 4 2 36 4 41 4 76 42 4 49 4 99 25 4 58 4 49 4 36 4 119 48 4 28 4 59 52 4 35 4 18 39 4 53 4 40 4 49 4 40 4 78 37 4 33 4 33 4 38 4 69 34 4 8 4 8 43 4 38 4 16 4 28 4 98 51 4 5 4 43 4 91 47 4 39 4 6 19 4 29 4 79 9 20 106 47 4 13 4 52 4 107 35 20 45 29 4 58 4 26 4 19 27 4 31 4 48 4 7 4 88 15 4 23 4 35 12 4 36 4 43 4 55 58 4 23 4 3 13 4 20 4 56 4 109 17 4 51 4 5 4 85 44 4 46 4 20 31 4 50 4 96 13 4 72 5 4 5 4 38 4 13 30 4 30 4 62 18 4 34 4 29 44 4 10 4 118 56 4 60 4 0 13 4 9 4 17 20 4 20 4 77 49 4 13 4 30 59 4 21 4 30 12 4 32 4 14 4 24 46 4 52 4 4 33 4 5 4 5 4 53 18 4 35 4 54 4 79 35 4 8 4 53 4 31 4 95 11 4 38 4 8 4 13 4 28 16 4 11 4 26 4 62 47 4 22 4 69 16 4 9 4 12 4 1 56 4 44 4 19 4 25 22 4 50 4 39 4 77 9 4 60 4 28 4 7 31 16 29 16 31 5 4 26 51 16 47 16 105 46 4 43 4 47 54 4 37 4 33 4 29 52 4 18 4 18 4 45 4 65 18 4 60 4 1 43 4 43 4 19 4 49 4 61 51 4 15 4 14 4 18 14 4 35 4 14 4 10 28 4 38 4 15 4 69 36 4 40 4 13 4 83 16 4 57 4 57 4 34 4 27 21 4 38 4 34 4 15 4 37 31 4 52 4 19 4 3 11 4 46 4 13 4 31 30 4 32 4 15 4 
iteration 1366 best: 1.07666 time: 413645
55 13 4 13 4 16 4 20 47 4 23 4 27 27 4 51 4 18 4 94 44 4 53 4 20 4 68 58 4 50 4 24 4 100 9 4 12 4 39 4 5 4 0 41 4 14 4 38 4 2 36 4 41 4 76 42 4 49 4 99 25 4 58 4 49 4 36 4 119 48 4 28 4 59 52 4 35 4 18 39 4 53 4 40 4 49 4 40 4 78 37 4 33 4 33 4 38 4 69 34 4 8 4 8 43 4 38 4 16 4 28 4 98 51 4 5 4 43 4 91 47 4 39 4 6 19 4 29 4 79 9 20 106 47 4 13 4 52 4 107 35 20 45 29 4 58 4 26 4 19 27 4 31 4 48 4 7 4 88 15 4 23 4 35 12 4 36 4 43 4 55 58 4 23 4 3 13 4 20 4 56 4 109 17 4 51 4 5 4 85 44 4 46 4 20 31 4 50 4 96 13 4 72 5 4 5 4 38 4 13 30 4 30 4 62 18 4 34 4 29 44 4 10 4 118 56 4 60 4 0 13 4 9 4 17 20 4 20 4 77 49 4 13 4 30 59 4 21 4 30 12 4 32 4 14 4 24 46 4 52 4 4 33 4 5 4 5 4 53 18 4 35 4 54 4 79 35 4 8 4 53 4 31 4 95 11 4 38 4 8 4 13 4 28 16 4 11 4 26 4 62 47 4 22 4 69 16 4 9 4 12 4 1 56 4 44 4 19 4 25 22 4 50 4 39 4 77 9 4 60 4 28 4 7 31 16 29 16 31 5 4 26 51 16 47 16 105 46 4 43 4 47 54 4 37 4 33 4 29 52 4 18 4 18 4 45 4 65 18 4 60 4 1 43 4 43 4 19 4 49 4 61 51 4 15 4 14 4 18 14 4 35 4 14 4 10 28 4 38 4 15 4 69 36 4 40 4 13 4 83 16 4 57 4 57 4 34 4 27 21 4 38 4 34 4 15 4 37 31 4 52 4 19 4 3 11 4 46 4 13 4 31 30 4 32 4 15 4 
iteration 1390 best: 1.07666 time: 420881
55 13 4 13 4 16 4 20 47 4 23 4 27 27 4 51 4 18 4 94 44 4 53 4 20 4 68 58 4 50 4 24 4 100 9 4 12 4 39 4 5 4 0 41 4 14 4 38 4 2 36 4 41 4 76 42 4 49 4 99 25 4 58 4 49 4 36 4 119 48 4 28 4 59 52 4 35 4 18 39 4 53 4 40 4 49 4 40 4 78 37 4 33 4 33 4 38 4 69 34 4 8 4 8 43 4 38 4 16 4 28 4 98 51 4 5 4 43 4 91 47 4 39 4 6 19 4 29 4 79 9 20 106 47 4 13 4 52 4 107 35 20 45 29 4 58 4 26 4 19 27 4 31 4 48 4 7 4 88 15 4 23 4 35 12 4 36 4 43 4 55 58 4 23 4 3 13 4 20 4 56 4 109 17 4 51 4 5 4 85 44 4 46 4 20 31 4 50 4 96 13 4 72 5 4 5 4 38 4 13 30 4 30 4 62 18 4 34 4 29 44 4 10 4 118 56 4 60 4 0 13 4 9 4 17 20 4 20 4 77 49 4 13 4 30 59 4 21 4 30 12 4 32 4 14 4 24 46 4 52 4 4 33 4 5 4 5 4 53 18 4 35 4 54 4 79 35 4 8 4 53 4 31 4 95 11 4 38 4 8 4 13 4 28 16 4 11 4 26 4 62 47 4 22 4 69 16 4 9 4 12 4 1 56 4 44 4 19 4 25 22 4 50 4 39 4 77 9 4 60 4 28 4 7 31 16 29 16 31 5 4 26 51 16 47 16 105 46 4 43 4 47 54 4 37 4 33 4 29 52 4 18 4 18 4 45 4 65 18 4 60 4 1 43 4 43 4 19 4 49 4 61 51 4 15 4 14 4 18 14 4 35 4 14 4 10 28 4 38 4 15 4 69 36 4 40 4 13 4 83 16 4 57 4 57 4 34 4 27 21 4 38 4 34 4 15 4 37 31 4 52 4 19 4 3 11 4 46 4 13 4 31 30 4 32 4 15 4 
iteration 1414 best: 1.07666 time: 428130
55 13 4 13 4 16 4 20 47 4 23 4 27 27 4 51 4 18 4 94 44 4 53 4 20 4 68 58 4 50 4 24 4 100 9 4 12 4 39 4 5 4 0 41 4 14 4 38 4 2 36 4 41 4 76 42 4 49 4 99 25 4 58 4 49 4 36 4 119 48 4 28 4 59 52 4 35 4 18 39 4 53 4 40 4 49 4 40 4 78 37 4 33 4 33 4 38 4 69 34 4 8 4 8 43 4 38 4 16 4 28 4 98 51 4 5 4 43 4 91 47 4 39 4 6 19 4 29 4 79 9 20 106 47 4 13 4 52 4 107 35 20 45 29 4 58 4 26 4 19 27 4 31 4 48 4 7 4 88 15 4 23 4 35 12 4 36 4 43 4 55 58 4 23 4 3 13 4 20 4 56 4 109 17 4 51 4 5 4 85 44 4 46 4 20 31 4 50 4 96 13 4 72 5 4 5 4 38 4 13 30 4 30 4 62 18 4 34 4 29 44 4 10 4 118 56 4 60 4 0 13 4 9 4 17 20 4 20 4 77 49 4 13 4 30 59 4 21 4 30 12 4 32 4 14 4 24 46 4 52 4 4 33 4 5 4 5 4 53 18 4 35 4 54 4 79 35 4 8 4 53 4 31 4 95 11 4 38 4 8 4 13 4 28 16 4 11 4 26 4 62 47 4 22 4 69 16 4 9 4 12 4 1 56 4 44 4 19 4 25 22 4 50 4 39 4 77 9 4 60 4 28 4 7 31 16 29 16 31 5 4 26 51 16 47 16 105 46 4 43 4 47 54 4 37 4 33 4 29 52 4 18 4 18 4 45 4 65 18 4 60 4 1 43 4 43 4 19 4 49 4 61 51 4 15 4 14 4 18 14 4 35 4 14 4 10 28 4 38 4 15 4 69 36 4 40 4 13 4 83 16 4 57 4 57 4 34 4 27 21 4 38 4 34 4 15 4 37 31 4 52 4 19 4 3 11 4 46 4 13 4 31 30 4 32 4 15 4 
iteration 1438 best: 1.07666 time: 435363
55 13 4 13 4 16 4 20 47 4 23 4 27 27 4 51 4 18 4 94 44 4 53 4 20 4 68 58 4 50 4 24 4 100 9 4 12 4 39 4 5 4 0 41 4 14 4 38 4 2 36 4 41 4 76 42 4 49 4 99 25 4 58 4 49 4 36 4 119 48 4 28 4 59 52 4 35 4 18 39 4 53 4 40 4 49 4 40 4 78 37 4 33 4 33 4 38 4 69 34 4 8 4 8 43 4 38 4 16 4 28 4 98 51 4 5 4 43 4 91 47 4 39 4 6 19 4 29 4 79 9 20 106 47 4 13 4 52 4 107 35 20 45 29 4 58 4 26 4 19 27 4 31 4 48 4 7 4 88 15 4 23 4 35 12 4 36 4 43 4 55 58 4 23 4 3 13 4 20 4 56 4 109 17 4 51 4 5 4 85 44 4 46 4 20 31 4 50 4 96 13 4 72 5 4 5 4 38 4 13 30 4 30 4 62 18 4 34 4 29 44 4 10 4 118 56 4 60 4 0 13 4 9 4 17 20 4 20 4 77 49 4 13 4 30 59 4 21 4 30 12 4 32 4 14 4 24 46 4 52 4 4 33 4 5 4 5 4 53 18 4 35 4 54 4 79 35 4 8 4 53 4 31 4 95 11 4 38 4 8 4 13 4 28 16 4 11 4 26 4 62 47 4 22 4 69 16 4 9 4 12 4 1 56 4 44 4 19 4 25 22 4 50 4 39 4 77 9 4 60 4 28 4 7 31 16 29 16 31 5 4 26 51 16 47 16 105 46 4 43 4 47 54 4 37 4 33 4 29 52 4 18 4 18 4 45 4 65 18 4 60 4 1 43 4 43 4 19 4 49 4 61 51 4 15 4 14 4 18 14 4 35 4 14 4 10 28 4 38 4 15 4 69 36 4 40 4 13 4 83 16 4 57 4 57 4 34 4 27 21 4 38 4 34 4 15 4 37 31 4 52 4 19 4 3 11 4 46 4 13 4 31 30 4 32 4 15 4 
iteration 1462 best: 1.07666 time: 442592
55 13 4 13 4 16 4 20 47 4 23 4 27 27 4 51 4 18 4 94 44 4 53 4 20 4 68 58 4 50 4 24 4 100 9 4 12 4 39 4 5 4 0 41 4 14 4 38 4 2 36 4 41 4 76 42 4 49 4 99 25 4 58 4 49 4 36 4 119 48 4 28 4 59 52 4 35 4 18 39 4 53 4 40 4 49 4 40 4 78 37 4 33 4 33 4 38 4 69 34 4 8 4 8 43 4 38 4 16 4 28 4 98 51 4 5 4 43 4 91 47 4 39 4 6 19 4 29 4 79 9 20 106 47 4 13 4 52 4 107 35 20 45 29 4 58 4 26 4 19 27 4 31 4 48 4 7 4 88 15 4 23 4 35 12 4 36 4 43 4 55 58 4 23 4 3 13 4 20 4 56 4 109 17 4 51 4 5 4 85 44 4 46 4 20 31 4 50 4 96 13 4 72 5 4 5 4 38 4 13 30 4 30 4 62 18 4 34 4 29 44 4 10 4 118 56 4 60 4 0 13 4 9 4 17 20 4 20 4 77 49 4 13 4 30 59 4 21 4 30 12 4 32 4 14 4 24 46 4 52 4 4 33 4 5 4 5 4 53 18 4 35 4 54 4 79 35 4 8 4 53 4 31 4 95 11 4 38 4 8 4 13 4 28 16 4 11 4 26 4 62 47 4 22 4 69 16 4 9 4 12 4 1 56 4 44 4 19 4 25 22 4 50 4 39 4 77 9 4 60 4 28 4 7 31 16 29 16 31 5 4 26 51 16 47 16 105 46 4 43 4 47 54 4 37 4 33 4 29 52 4 18 4 18 4 45 4 65 18 4 60 4 1 43 4 43 4 19 4 49 4 61 51 4 15 4 14 4 18 14 4 35 4 14 4 10 28 4 38 4 15 4 69 36 4 40 4 13 4 83 16 4 57 4 57 4 34 4 27 21 4 38 4 34 4 15 4 37 31 4 52 4 19 4 3 11 4 46 4 13 4 31 30 4 32 4 15 4 
iteration 1486 best: 1.07666 time: 449846
55 13 4 13 4 16 4 20 47 4 23 4 27 27 4 51 4 18 4 94 44 4 53 4 20 4 68 58 4 50 4 24 4 100 9 4 12 4 39 4 5 4 0 41 4 14 4 38 4 2 36 4 41 4 76 42 4 49 4 99 25 4 58 4 49 4 36 4 119 48 4 28 4 59 52 4 35 4 18 39 4 53 4 40 4 49 4 40 4 78 37 4 33 4 33 4 38 4 69 34 4 8 4 8 43 4 38 4 16 4 28 4 98 51 4 5 4 43 4 91 47 4 39 4 6 19 4 29 4 79 9 20 106 47 4 13 4 52 4 107 35 20 45 29 4 58 4 26 4 19 27 4 31 4 48 4 7 4 88 15 4 23 4 35 12 4 36 4 43 4 55 58 4 23 4 3 13 4 20 4 56 4 109 17 4 51 4 5 4 85 44 4 46 4 20 31 4 50 4 96 13 4 72 5 4 5 4 38 4 13 30 4 30 4 62 18 4 34 4 29 44 4 10 4 118 56 4 60 4 0 13 4 9 4 17 20 4 20 4 77 49 4 13 4 30 59 4 21 4 30 12 4 32 4 14 4 24 46 4 52 4 4 33 4 5 4 5 4 53 18 4 35 4 54 4 79 35 4 8 4 53 4 31 4 95 11 4 38 4 8 4 13 4 28 16 4 11 4 26 4 62 47 4 22 4 69 16 4 9 4 12 4 1 56 4 44 4 19 4 25 22 4 50 4 39 4 77 9 4 60 4 28 4 7 31 16 29 16 31 5 4 26 51 16 47 16 105 46 4 43 4 47 54 4 37 4 33 4 29 52 4 18 4 18 4 45 4 65 18 4 60 4 1 43 4 43 4 19 4 49 4 61 51 4 15 4 14 4 18 14 4 35 4 14 4 10 28 4 38 4 15 4 69 36 4 40 4 13 4 83 16 4 57 4 57 4 34 4 27 21 4 38 4 34 4 15 4 37 31 4 52 4 19 4 3 11 4 46 4 13 4 31 30 4 32 4 15 4 
iteration 1510 best: 1.07666 time: 457066
55 13 4 13 4 16 4 20 47 4 23 4 27 27 4 51 4 18 4 94 44 4 53 4 20 4 68 58 4 50 4 24 4 100 9 4 12 4 39 4 5 4 0 41 4 14 4 38 4 2 36 4 41 4 76 42 4 49 4 99 25 4 58 4 49 4 36 4 119 48 4 28 4 59 52 4 35 4 18 39 4 53 4 40 4 49 4 40 4 78 37 4 33 4 33 4 38 4 69 34 4 8 4 8 43 4 38 4 16 4 28 4 98 51 4 5 4 43 4 91 47 4 39 4 6 19 4 29 4 79 9 20 106 47 4 13 4 52 4 107 35 20 45 29 4 58 4 26 4 19 27 4 31 4 48 4 7 4 88 15 4 23 4 35 12 4 36 4 43 4 55 58 4 23 4 3 13 4 20 4 56 4 109 17 4 51 4 5 4 85 44 4 46 4 20 31 4 50 4 96 13 4 72 5 4 5 4 38 4 13 30 4 30 4 62 18 4 34 4 29 44 4 10 4 118 56 4 60 4 0 13 4 9 4 17 20 4 20 4 77 49 4 13 4 30 59 4 21 4 30 12 4 32 4 14 4 24 46 4 52 4 4 33 4 5 4 5 4 53 18 4 35 4 54 4 79 35 4 8 4 53 4 31 4 95 11 4 38 4 8 4 13 4 28 16 4 11 4 26 4 62 47 4 22 4 69 16 4 9 4 12 4 1 56 4 44 4 19 4 25 22 4 50 4 39 4 77 9 4 60 4 28 4 7 31 16 29 16 31 5 4 26 51 16 47 16 105 46 4 43 4 47 54 4 37 4 33 4 29 52 4 18 4 18 4 45 4 65 18 4 60 4 1 43 4 43 4 19 4 49 4 61 51 4 15 4 14 4 18 14 4 35 4 14 4 10 28 4 38 4 15 4 69 36 4 40 4 13 4 83 16 4 57 4 57 4 34 4 27 21 4 38 4 34 4 15 4 37 31 4 52 4 19 4 3 11 4 46 4 13 4 31 30 4 32 4 15 4 
iteration 1534 best: 1.07666 time: 464324
55 13 4 13 4 16 4 20 47 4 23 4 27 27 4 51 4 18 4 94 44 4 53 4 20 4 68 58 4 50 4 24 4 100 9 4 12 4 39 4 5 4 0 41 4 14 4 38 4 2 36 4 41 4 76 42 4 49 4 99 25 4 58 4 49 4 36 4 119 48 4 28 4 59 52 4 35 4 18 39 4 53 4 40 4 49 4 40 4 78 37 4 33 4 33 4 38 4 69 34 4 8 4 8 43 4 38 4 16 4 28 4 98 51 4 5 4 43 4 91 47 4 39 4 6 19 4 29 4 79 9 20 106 47 4 13 4 52 4 107 35 20 45 29 4 58 4 26 4 19 27 4 31 4 48 4 7 4 88 15 4 23 4 35 12 4 36 4 43 4 55 58 4 23 4 3 13 4 20 4 56 4 109 17 4 51 4 5 4 85 44 4 46 4 20 31 4 50 4 96 13 4 72 5 4 5 4 38 4 13 30 4 30 4 62 18 4 34 4 29 44 4 10 4 118 56 4 60 4 0 13 4 9 4 17 20 4 20 4 77 49 4 13 4 30 59 4 21 4 30 12 4 32 4 14 4 24 46 4 52 4 4 33 4 5 4 5 4 53 18 4 35 4 54 4 79 35 4 8 4 53 4 31 4 95 11 4 38 4 8 4 13 4 28 16 4 11 4 26 4 62 47 4 22 4 69 16 4 9 4 12 4 1 56 4 44 4 19 4 25 22 4 50 4 39 4 77 9 4 60 4 28 4 7 31 16 29 16 31 5 4 26 51 16 47 16 105 46 4 43 4 47 54 4 37 4 33 4 29 52 4 18 4 18 4 45 4 65 18 4 60 4 1 43 4 43 4 19 4 49 4 61 51 4 15 4 14 4 18 14 4 35 4 14 4 10 28 4 38 4 15 4 69 36 4 40 4 13 4 83 16 4 57 4 57 4 34 4 27 21 4 38 4 34 4 15 4 37 31 4 52 4 19 4 3 11 4 46 4 13 4 31 30 4 32 4 15 4 
iteration 1558 best: 1.07666 time: 471582
55 13 4 13 4 16 4 20 47 4 23 4 27 27 4 51 4 18 4 94 44 4 53 4 20 4 68 58 4 50 4 24 4 100 9 4 12 4 39 4 5 4 0 41 4 14 4 38 4 2 36 4 41 4 76 42 4 49 4 99 25 4 58 4 49 4 36 4 119 48 4 28 4 59 52 4 35 4 18 39 4 53 4 40 4 49 4 40 4 78 37 4 33 4 33 4 38 4 69 34 4 8 4 8 43 4 38 4 16 4 28 4 98 51 4 5 4 43 4 91 47 4 39 4 6 19 4 29 4 79 9 20 106 47 4 13 4 52 4 107 35 20 45 29 4 58 4 26 4 19 27 4 31 4 48 4 7 4 88 15 4 23 4 35 12 4 36 4 43 4 55 58 4 23 4 3 13 4 20 4 56 4 109 17 4 51 4 5 4 85 44 4 46 4 20 31 4 50 4 96 13 4 72 5 4 5 4 38 4 13 30 4 30 4 62 18 4 34 4 29 44 4 10 4 118 56 4 60 4 0 13 4 9 4 17 20 4 20 4 77 49 4 13 4 30 59 4 21 4 30 12 4 32 4 14 4 24 46 4 52 4 4 33 4 5 4 5 4 53 18 4 35 4 54 4 79 35 4 8 4 53 4 31 4 95 11 4 38 4 8 4 13 4 28 16 4 11 4 26 4 62 47 4 22 4 69 16 4 9 4 12 4 1 56 4 44 4 19 4 25 22 4 50 4 39 4 77 9 4 60 4 28 4 7 31 16 29 16 31 5 4 26 51 16 47 16 105 46 4 43 4 47 54 4 37 4 33 4 29 52 4 18 4 18 4 45 4 65 18 4 60 4 1 43 4 43 4 19 4 49 4 61 51 4 15 4 14 4 18 14 4 35 4 14 4 10 28 4 38 4 15 4 69 36 4 40 4 13 4 83 16 4 57 4 57 4 34 4 27 21 4 38 4 34 4 15 4 37 31 4 52 4 19 4 3 11 4 46 4 13 4 31 30 4 32 4 15 4 
iteration 1582 best: 1.07666 time: 478806
55 13 4 13 4 16 4 20 47 4 23 4 27 27 4 51 4 18 4 94 44 4 53 4 20 4 68 58 4 50 4 24 4 100 9 4 12 4 39 4 5 4 0 41 4 14 4 38 4 2 36 4 41 4 76 42 4 49 4 99 25 4 58 4 49 4 36 4 119 48 4 28 4 59 52 4 35 4 18 39 4 53 4 40 4 49 4 40 4 78 37 4 33 4 33 4 38 4 69 34 4 8 4 8 43 4 38 4 16 4 28 4 98 51 4 5 4 43 4 91 47 4 39 4 6 19 4 29 4 79 9 20 106 47 4 13 4 52 4 107 35 20 45 29 4 58 4 26 4 19 27 4 31 4 48 4 7 4 88 15 4 23 4 35 12 4 36 4 43 4 55 58 4 23 4 3 13 4 20 4 56 4 109 17 4 51 4 5 4 85 44 4 46 4 20 31 4 50 4 96 13 4 72 5 4 5 4 38 4 13 30 4 30 4 62 18 4 34 4 29 44 4 10 4 118 56 4 60 4 0 13 4 9 4 17 20 4 20 4 77 49 4 13 4 30 59 4 21 4 30 12 4 32 4 14 4 24 46 4 52 4 4 33 4 5 4 5 4 53 18 4 35 4 54 4 79 35 4 8 4 53 4 31 4 95 11 4 38 4 8 4 13 4 28 16 4 11 4 26 4 62 47 4 22 4 69 16 4 9 4 12 4 1 56 4 44 4 19 4 25 22 4 50 4 39 4 77 9 4 60 4 28 4 7 31 16 29 16 31 5 4 26 51 16 47 16 105 46 4 43 4 47 54 4 37 4 33 4 29 52 4 18 4 18 4 45 4 65 18 4 60 4 1 43 4 43 4 19 4 49 4 61 51 4 15 4 14 4 18 14 4 35 4 14 4 10 28 4 38 4 15 4 69 36 4 40 4 13 4 83 16 4 57 4 57 4 34 4 27 21 4 38 4 34 4 15 4 37 31 4 52 4 19 4 3 11 4 46 4 13 4 31 30 4 32 4 15 4 
iteration 1606 best: 1.07666 time: 486037
55 13 4 13 4 16 4 20 47 4 23 4 27 27 4 51 4 18 4 94 44 4 53 4 20 4 68 58 4 50 4 24 4 100 9 4 12 4 39 4 5 4 0 41 4 14 4 38 4 2 36 4 41 4 76 42 4 49 4 99 25 4 58 4 49 4 36 4 119 48 4 28 4 59 52 4 35 4 18 39 4 53 4 40 4 49 4 40 4 78 37 4 33 4 33 4 38 4 69 34 4 8 4 8 43 4 38 4 16 4 28 4 98 51 4 5 4 43 4 91 47 4 39 4 6 19 4 29 4 79 9 20 106 47 4 13 4 52 4 107 35 20 45 29 4 58 4 26 4 19 27 4 31 4 48 4 7 4 88 15 4 23 4 35 12 4 36 4 43 4 55 58 4 23 4 3 13 4 20 4 56 4 109 17 4 51 4 5 4 85 44 4 46 4 20 31 4 50 4 96 13 4 72 5 4 5 4 38 4 13 30 4 30 4 62 18 4 34 4 29 44 4 10 4 118 56 4 60 4 0 13 4 9 4 17 20 4 20 4 77 49 4 13 4 30 59 4 21 4 30 12 4 32 4 14 4 24 46 4 52 4 4 33 4 5 4 5 4 53 18 4 35 4 54 4 79 35 4 8 4 53 4 31 4 95 11 4 38 4 8 4 13 4 28 16 4 11 4 26 4 62 47 4 22 4 69 16 4 9 4 12 4 1 56 4 44 4 19 4 25 22 4 50 4 39 4 77 9 4 60 4 28 4 7 31 16 29 16 31 5 4 26 51 16 47 16 105 46 4 43 4 47 54 4 37 4 33 4 29 52 4 18 4 18 4 45 4 65 18 4 60 4 1 43 4 43 4 19 4 49 4 61 51 4 15 4 14 4 18 14 4 35 4 14 4 10 28 4 38 4 15 4 69 36 4 40 4 13 4 83 16 4 57 4 57 4 34 4 27 21 4 38 4 34 4 15 4 37 31 4 52 4 19 4 3 11 4 46 4 13 4 31 30 4 32 4 15 4 
iteration 1630 best: 1.07666 time: 493259
55 13 4 13 4 16 4 20 47 4 23 4 27 27 4 51 4 18 4 94 44 4 53 4 20 4 68 58 4 50 4 24 4 100 9 4 12 4 39 4 5 4 0 41 4 14 4 38 4 2 36 4 41 4 76 42 4 49 4 99 25 4 58 4 49 4 36 4 119 48 4 28 4 59 52 4 35 4 18 39 4 53 4 40 4 49 4 40 4 78 37 4 33 4 33 4 38 4 69 34 4 8 4 8 43 4 38 4 16 4 28 4 98 51 4 5 4 43 4 91 47 4 39 4 6 19 4 29 4 79 9 20 106 47 4 13 4 52 4 107 35 20 45 29 4 58 4 26 4 19 27 4 31 4 48 4 7 4 88 15 4 23 4 35 12 4 36 4 43 4 55 58 4 23 4 3 13 4 20 4 56 4 109 17 4 51 4 5 4 85 44 4 46 4 20 31 4 50 4 96 13 4 72 5 4 5 4 38 4 13 30 4 30 4 62 18 4 34 4 29 44 4 10 4 118 56 4 60 4 0 13 4 9 4 17 20 4 20 4 77 49 4 13 4 30 59 4 21 4 30 12 4 32 4 14 4 24 46 4 52 4 4 33 4 5 4 5 4 53 18 4 35 4 54 4 79 35 4 8 4 53 4 31 4 95 11 4 38 4 8 4 13 4 28 16 4 11 4 26 4 62 47 4 22 4 69 16 4 9 4 12 4 1 56 4 44 4 19 4 25 22 4 50 4 39 4 77 9 4 60 4 28 4 7 31 16 29 16 31 5 4 26 51 16 47 16 105 46 4 43 4 47 54 4 37 4 33 4 29 52 4 18 4 18 4 45 4 65 18 4 60 4 1 43 4 43 4 19 4 49 4 61 51 4 15 4 14 4 18 14 4 35 4 14 4 10 28 4 38 4 15 4 69 36 4 40 4 13 4 83 16 4 57 4 57 4 34 4 27 21 4 38 4 34 4 15 4 37 31 4 52 4 19 4 3 11 4 46 4 13 4 31 30 4 32 4 15 4 
iteration 1654 best: 1.07666 time: 500497
55 13 4 13 4 16 4 20 47 4 23 4 27 27 4 51 4 18 4 94 44 4 53 4 20 4 68 58 4 50 4 24 4 100 9 4 12 4 39 4 5 4 0 41 4 14 4 38 4 2 36 4 41 4 76 42 4 49 4 99 25 4 58 4 49 4 36 4 119 48 4 28 4 59 52 4 35 4 18 39 4 53 4 40 4 49 4 40 4 78 37 4 33 4 33 4 38 4 69 34 4 8 4 8 43 4 38 4 16 4 28 4 98 51 4 5 4 43 4 91 47 4 39 4 6 19 4 29 4 79 9 20 106 47 4 13 4 52 4 107 35 20 45 29 4 58 4 26 4 19 27 4 31 4 48 4 7 4 88 15 4 23 4 35 12 4 36 4 43 4 55 58 4 23 4 3 13 4 20 4 56 4 109 17 4 51 4 5 4 85 44 4 46 4 20 31 4 50 4 96 13 4 72 5 4 5 4 38 4 13 30 4 30 4 62 18 4 34 4 29 44 4 10 4 118 56 4 60 4 0 13 4 9 4 17 20 4 20 4 77 49 4 13 4 30 59 4 21 4 30 12 4 32 4 14 4 24 46 4 52 4 4 33 4 5 4 5 4 53 18 4 35 4 54 4 79 35 4 8 4 53 4 31 4 95 11 4 38 4 8 4 13 4 28 16 4 11 4 26 4 62 47 4 22 4 69 16 4 9 4 12 4 1 56 4 44 4 19 4 25 22 4 50 4 39 4 77 9 4 60 4 28 4 7 31 16 29 16 31 5 4 26 51 16 47 16 105 46 4 43 4 47 54 4 37 4 33 4 29 52 4 18 4 18 4 45 4 65 18 4 60 4 1 43 4 43 4 19 4 49 4 61 51 4 15 4 14 4 18 14 4 35 4 14 4 10 28 4 38 4 15 4 69 36 4 40 4 13 4 83 16 4 57 4 57 4 34 4 27 21 4 38 4 34 4 15 4 37 31 4 52 4 19 4 3 11 4 46 4 13 4 31 30 4 32 4 15 4 
iteration 1678 best: 1.07666 time: 507730
55 13 4 13 4 16 4 20 47 4 23 4 27 27 4 51 4 18 4 94 44 4 53 4 20 4 68 58 4 50 4 24 4 100 9 4 12 4 39 4 5 4 0 41 4 14 4 38 4 2 36 4 41 4 76 42 4 49 4 99 25 4 58 4 49 4 36 4 119 48 4 28 4 59 52 4 35 4 18 39 4 53 4 40 4 49 4 40 4 78 37 4 33 4 33 4 38 4 69 34 4 8 4 8 43 4 38 4 16 4 28 4 98 51 4 5 4 43 4 91 47 4 39 4 6 19 4 29 4 79 9 20 106 47 4 13 4 52 4 107 35 20 45 29 4 58 4 26 4 19 27 4 31 4 48 4 7 4 88 15 4 23 4 35 12 4 36 4 43 4 55 58 4 23 4 3 13 4 20 4 56 4 109 17 4 51 4 5 4 85 44 4 46 4 20 31 4 50 4 96 13 4 72 5 4 5 4 38 4 13 30 4 30 4 62 18 4 34 4 29 44 4 10 4 118 56 4 60 4 0 13 4 9 4 17 20 4 20 4 77 49 4 13 4 30 59 4 21 4 30 12 4 32 4 14 4 24 46 4 52 4 4 33 4 5 4 5 4 53 18 4 35 4 54 4 79 35 4 8 4 53 4 31 4 95 11 4 38 4 8 4 13 4 28 16 4 11 4 26 4 62 47 4 22 4 69 16 4 9 4 12 4 1 56 4 44 4 19 4 25 22 4 50 4 39 4 77 9 4 60 4 28 4 7 31 16 29 16 31 5 4 26 51 16 47 16 105 46 4 43 4 47 54 4 37 4 33 4 29 52 4 18 4 18 4 45 4 65 18 4 60 4 1 43 4 43 4 19 4 49 4 61 51 4 15 4 14 4 18 14 4 35 4 14 4 10 28 4 38 4 15 4 69 36 4 40 4 13 4 83 16 4 57 4 57 4 34 4 27 21 4 38 4 34 4 15 4 37 31 4 52 4 19 4 3 11 4 46 4 13 4 31 30 4 32 4 15 4 
iteration 1702 best: 1.07666 time: 515002
55 13 4 13 4 16 4 20 47 4 23 4 27 27 4 51 4 18 4 94 44 4 53 4 20 4 68 58 4 50 4 24 4 100 9 4 12 4 39 4 5 4 0 41 4 14 4 38 4 2 36 4 41 4 76 42 4 49 4 99 25 4 58 4 49 4 36 4 119 48 4 28 4 59 52 4 35 4 18 39 4 53 4 40 4 49 4 40 4 78 37 4 33 4 33 4 38 4 69 34 4 8 4 8 43 4 38 4 16 4 28 4 98 51 4 5 4 43 4 91 47 4 39 4 6 19 4 29 4 79 9 20 106 47 4 13 4 52 4 107 35 20 45 29 4 58 4 26 4 19 27 4 31 4 48 4 7 4 88 15 4 23 4 35 12 4 36 4 43 4 55 58 4 23 4 3 13 4 20 4 56 4 109 17 4 51 4 5 4 85 44 4 46 4 20 31 4 50 4 96 13 4 72 5 4 5 4 38 4 13 30 4 30 4 62 18 4 34 4 29 44 4 10 4 118 56 4 60 4 0 13 4 9 4 17 20 4 20 4 77 49 4 13 4 30 59 4 21 4 30 12 4 32 4 14 4 24 46 4 52 4 4 33 4 5 4 5 4 53 18 4 35 4 54 4 79 35 4 8 4 53 4 31 4 95 11 4 38 4 8 4 13 4 28 16 4 11 4 26 4 62 47 4 22 4 69 16 4 9 4 12 4 1 56 4 44 4 19 4 25 22 4 50 4 39 4 77 9 4 60 4 28 4 7 31 16 29 16 31 5 4 26 51 16 47 16 105 46 4 43 4 47 54 4 37 4 33 4 29 52 4 18 4 18 4 45 4 65 18 4 60 4 1 43 4 43 4 19 4 49 4 61 51 4 15 4 14 4 18 14 4 35 4 14 4 10 28 4 38 4 15 4 69 36 4 40 4 13 4 83 16 4 57 4 57 4 34 4 27 21 4 38 4 34 4 15 4 37 31 4 52 4 19 4 3 11 4 46 4 13 4 31 30 4 32 4 15 4 
iteration 1726 best: 1.07666 time: 522249
55 13 4 13 4 16 4 20 47 4 23 4 27 27 4 51 4 18 4 94 44 4 53 4 20 4 68 58 4 50 4 24 4 100 9 4 12 4 39 4 5 4 0 41 4 14 4 38 4 2 36 4 41 4 76 42 4 49 4 99 25 4 58 4 49 4 36 4 119 48 4 28 4 59 52 4 35 4 18 39 4 53 4 40 4 49 4 40 4 78 37 4 33 4 33 4 38 4 69 34 4 8 4 8 43 4 38 4 16 4 28 4 98 51 4 5 4 43 4 91 47 4 39 4 6 19 4 29 4 79 9 20 106 47 4 13 4 52 4 107 35 20 45 29 4 58 4 26 4 19 27 4 31 4 48 4 7 4 88 15 4 23 4 35 12 4 36 4 43 4 55 58 4 23 4 3 13 4 20 4 56 4 109 17 4 51 4 5 4 85 44 4 46 4 20 31 4 50 4 96 13 4 72 5 4 5 4 38 4 13 30 4 30 4 62 18 4 34 4 29 44 4 10 4 118 56 4 60 4 0 13 4 9 4 17 20 4 20 4 77 49 4 13 4 30 59 4 21 4 30 12 4 32 4 14 4 24 46 4 52 4 4 33 4 5 4 5 4 53 18 4 35 4 54 4 79 35 4 8 4 53 4 31 4 95 11 4 38 4 8 4 13 4 28 16 4 11 4 26 4 62 47 4 22 4 69 16 4 9 4 12 4 1 56 4 44 4 19 4 25 22 4 50 4 39 4 77 9 4 60 4 28 4 7 31 16 29 16 31 5 4 26 51 16 47 16 105 46 4 43 4 47 54 4 37 4 33 4 29 52 4 18 4 18 4 45 4 65 18 4 60 4 1 43 4 43 4 19 4 49 4 61 51 4 15 4 14 4 18 14 4 35 4 14 4 10 28 4 38 4 15 4 69 36 4 40 4 13 4 83 16 4 57 4 57 4 34 4 27 21 4 38 4 34 4 15 4 37 31 4 52 4 19 4 3 11 4 46 4 13 4 31 30 4 32 4 15 4 
iteration 1750 best: 1.07666 time: 529498
55 13 4 13 4 16 4 20 47 4 23 4 27 27 4 51 4 18 4 94 44 4 53 4 20 4 68 58 4 50 4 24 4 100 9 4 12 4 39 4 5 4 0 41 4 14 4 38 4 2 36 4 41 4 76 42 4 49 4 99 25 4 58 4 49 4 36 4 119 48 4 28 4 59 52 4 35 4 18 39 4 53 4 40 4 49 4 40 4 78 37 4 33 4 33 4 38 4 69 34 4 8 4 8 43 4 38 4 16 4 28 4 98 51 4 5 4 43 4 91 47 4 39 4 6 19 4 29 4 79 9 20 106 47 4 13 4 52 4 107 35 20 45 29 4 58 4 26 4 19 27 4 31 4 48 4 7 4 88 15 4 23 4 35 12 4 36 4 43 4 55 58 4 23 4 3 13 4 20 4 56 4 109 17 4 51 4 5 4 85 44 4 46 4 20 31 4 50 4 96 13 4 72 5 4 5 4 38 4 13 30 4 30 4 62 18 4 34 4 29 44 4 10 4 118 56 4 60 4 0 13 4 9 4 17 20 4 20 4 77 49 4 13 4 30 59 4 21 4 30 12 4 32 4 14 4 24 46 4 52 4 4 33 4 5 4 5 4 53 18 4 35 4 54 4 79 35 4 8 4 53 4 31 4 95 11 4 38 4 8 4 13 4 28 16 4 11 4 26 4 62 47 4 22 4 69 16 4 9 4 12 4 1 56 4 44 4 19 4 25 22 4 50 4 39 4 77 9 4 60 4 28 4 7 31 16 29 16 31 5 4 26 51 16 47 16 105 46 4 43 4 47 54 4 37 4 33 4 29 52 4 18 4 18 4 45 4 65 18 4 60 4 1 43 4 43 4 19 4 49 4 61 51 4 15 4 14 4 18 14 4 35 4 14 4 10 28 4 38 4 15 4 69 36 4 40 4 13 4 83 16 4 57 4 57 4 34 4 27 21 4 38 4 34 4 15 4 37 31 4 52 4 19 4 3 11 4 46 4 13 4 31 30 4 32 4 15 4 
iteration 1774 best: 1.07666 time: 536767
55 13 4 13 4 16 4 20 47 4 23 4 27 27 4 51 4 18 4 94 44 4 53 4 20 4 68 58 4 50 4 24 4 100 9 4 12 4 39 4 5 4 0 41 4 14 4 38 4 2 36 4 41 4 76 42 4 49 4 99 25 4 58 4 49 4 36 4 119 48 4 28 4 59 52 4 35 4 18 39 4 53 4 40 4 49 4 40 4 78 37 4 33 4 33 4 38 4 69 34 4 8 4 8 43 4 38 4 16 4 28 4 98 51 4 5 4 43 4 91 47 4 39 4 6 19 4 29 4 79 9 20 106 47 4 13 4 52 4 107 35 20 45 29 4 58 4 26 4 19 27 4 31 4 48 4 7 4 88 15 4 23 4 35 12 4 36 4 43 4 55 58 4 23 4 3 13 4 20 4 56 4 109 17 4 51 4 5 4 85 44 4 46 4 20 31 4 50 4 96 13 4 72 5 4 5 4 38 4 13 30 4 30 4 62 18 4 34 4 29 44 4 10 4 118 56 4 60 4 0 13 4 9 4 17 20 4 20 4 77 49 4 13 4 30 59 4 21 4 30 12 4 32 4 14 4 24 46 4 52 4 4 33 4 5 4 5 4 53 18 4 35 4 54 4 79 35 4 8 4 53 4 31 4 95 11 4 38 4 8 4 13 4 28 16 4 11 4 26 4 62 47 4 22 4 69 16 4 9 4 12 4 1 56 4 44 4 19 4 25 22 4 50 4 39 4 77 9 4 60 4 28 4 7 31 16 29 16 31 5 4 26 51 16 47 16 105 46 4 43 4 47 54 4 37 4 33 4 29 52 4 18 4 18 4 45 4 65 18 4 60 4 1 43 4 43 4 19 4 49 4 61 51 4 15 4 14 4 18 14 4 35 4 14 4 10 28 4 38 4 15 4 69 36 4 40 4 13 4 83 16 4 57 4 57 4 34 4 27 21 4 38 4 34 4 15 4 37 31 4 52 4 19 4 3 11 4 46 4 13 4 31 30 4 32 4 15 4 
iteration 1798 best: 1.07666 time: 544015
55 13 4 13 4 16 4 20 47 4 23 4 27 27 4 51 4 18 4 94 44 4 53 4 20 4 68 58 4 50 4 24 4 100 9 4 12 4 39 4 5 4 0 41 4 14 4 38 4 2 36 4 41 4 76 42 4 49 4 99 25 4 58 4 49 4 36 4 119 48 4 28 4 59 52 4 35 4 18 39 4 53 4 40 4 49 4 40 4 78 37 4 33 4 33 4 38 4 69 34 4 8 4 8 43 4 38 4 16 4 28 4 98 51 4 5 4 43 4 91 47 4 39 4 6 19 4 29 4 79 9 20 106 47 4 13 4 52 4 107 35 20 45 29 4 58 4 26 4 19 27 4 31 4 48 4 7 4 88 15 4 23 4 35 12 4 36 4 43 4 55 58 4 23 4 3 13 4 20 4 56 4 109 17 4 51 4 5 4 85 44 4 46 4 20 31 4 50 4 96 13 4 72 5 4 5 4 38 4 13 30 4 30 4 62 18 4 34 4 29 44 4 10 4 118 56 4 60 4 0 13 4 9 4 17 20 4 20 4 77 49 4 13 4 30 59 4 21 4 30 12 4 32 4 14 4 24 46 4 52 4 4 33 4 5 4 5 4 53 18 4 35 4 54 4 79 35 4 8 4 53 4 31 4 95 11 4 38 4 8 4 13 4 28 16 4 11 4 26 4 62 47 4 22 4 69 16 4 9 4 12 4 1 56 4 44 4 19 4 25 22 4 50 4 39 4 77 9 4 60 4 28 4 7 31 16 29 16 31 5 4 26 51 16 47 16 105 46 4 43 4 47 54 4 37 4 33 4 29 52 4 18 4 18 4 45 4 65 18 4 60 4 1 43 4 43 4 19 4 49 4 61 51 4 15 4 14 4 18 14 4 35 4 14 4 10 28 4 38 4 15 4 69 36 4 40 4 13 4 83 16 4 57 4 57 4 34 4 27 21 4 38 4 34 4 15 4 37 31 4 52 4 19 4 3 11 4 46 4 13 4 31 30 4 32 4 15 4 
iteration 1822 best: 1.07666 time: 551282
55 13 4 13 4 16 4 20 47 4 23 4 27 27 4 51 4 18 4 94 44 4 53 4 20 4 68 58 4 50 4 24 4 100 9 4 12 4 39 4 5 4 0 41 4 14 4 38 4 2 36 4 41 4 76 42 4 49 4 99 25 4 58 4 49 4 36 4 119 48 4 28 4 59 52 4 35 4 18 39 4 53 4 40 4 49 4 40 4 78 37 4 33 4 33 4 38 4 69 34 4 8 4 8 43 4 38 4 16 4 28 4 98 51 4 5 4 43 4 91 47 4 39 4 6 19 4 29 4 79 9 20 106 47 4 13 4 52 4 107 35 20 45 29 4 58 4 26 4 19 27 4 31 4 48 4 7 4 88 15 4 23 4 35 12 4 36 4 43 4 55 58 4 23 4 3 13 4 20 4 56 4 109 17 4 51 4 5 4 85 44 4 46 4 20 31 4 50 4 96 13 4 72 5 4 5 4 38 4 13 30 4 30 4 62 18 4 34 4 29 44 4 10 4 118 56 4 60 4 0 13 4 9 4 17 20 4 20 4 77 49 4 13 4 30 59 4 21 4 30 12 4 32 4 14 4 24 46 4 52 4 4 33 4 5 4 5 4 53 18 4 35 4 54 4 79 35 4 8 4 53 4 31 4 95 11 4 38 4 8 4 13 4 28 16 4 11 4 26 4 62 47 4 22 4 69 16 4 9 4 12 4 1 56 4 44 4 19 4 25 22 4 50 4 39 4 77 9 4 60 4 28 4 7 31 16 29 16 31 5 4 26 51 16 47 16 105 46 4 43 4 47 54 4 37 4 33 4 29 52 4 18 4 18 4 45 4 65 18 4 60 4 1 43 4 43 4 19 4 49 4 61 51 4 15 4 14 4 18 14 4 35 4 14 4 10 28 4 38 4 15 4 69 36 4 40 4 13 4 83 16 4 57 4 57 4 34 4 27 21 4 38 4 34 4 15 4 37 31 4 52 4 19 4 3 11 4 46 4 13 4 31 30 4 32 4 15 4 
iteration 1846 best: 1.07666 time: 558568
55 13 4 13 4 16 4 20 47 4 23 4 27 27 4 51 4 18 4 94 44 4 53 4 20 4 68 58 4 50 4 24 4 100 9 4 12 4 39 4 5 4 0 41 4 14 4 38 4 2 36 4 41 4 76 42 4 49 4 99 25 4 58 4 49 4 36 4 119 48 4 28 4 59 52 4 35 4 18 39 4 53 4 40 4 49 4 40 4 78 37 4 33 4 33 4 38 4 69 34 4 8 4 8 43 4 38 4 16 4 28 4 98 51 4 5 4 43 4 91 47 4 39 4 6 19 4 29 4 79 9 20 106 47 4 13 4 52 4 107 35 20 45 29 4 58 4 26 4 19 27 4 31 4 48 4 7 4 88 15 4 23 4 35 12 4 36 4 43 4 55 58 4 23 4 3 13 4 20 4 56 4 109 17 4 51 4 5 4 85 44 4 46 4 20 31 4 50 4 96 13 4 72 5 4 5 4 38 4 13 30 4 30 4 62 18 4 34 4 29 44 4 10 4 118 56 4 60 4 0 13 4 9 4 17 20 4 20 4 77 49 4 13 4 30 59 4 21 4 30 12 4 32 4 14 4 24 46 4 52 4 4 33 4 5 4 5 4 53 18 4 35 4 54 4 79 35 4 8 4 53 4 31 4 95 11 4 38 4 8 4 13 4 28 16 4 11 4 26 4 62 47 4 22 4 69 16 4 9 4 12 4 1 56 4 44 4 19 4 25 22 4 50 4 39 4 77 9 4 60 4 28 4 7 31 16 29 16 31 5 4 26 51 16 47 16 105 46 4 43 4 47 54 4 37 4 33 4 29 52 4 18 4 18 4 45 4 65 18 4 60 4 1 43 4 43 4 19 4 49 4 61 51 4 15 4 14 4 18 14 4 35 4 14 4 10 28 4 38 4 15 4 69 36 4 40 4 13 4 83 16 4 57 4 57 4 34 4 27 21 4 38 4 34 4 15 4 37 31 4 52 4 19 4 3 11 4 46 4 13 4 31 30 4 32 4 15 4 
iteration 1870 best: 1.07666 time: 565832
55 13 4 13 4 16 4 20 47 4 23 4 27 27 4 51 4 18 4 94 44 4 53 4 20 4 68 58 4 50 4 24 4 100 9 4 12 4 39 4 5 4 0 41 4 14 4 38 4 2 36 4 41 4 76 42 4 49 4 99 25 4 58 4 49 4 36 4 119 48 4 28 4 59 52 4 35 4 18 39 4 53 4 40 4 49 4 40 4 78 37 4 33 4 33 4 38 4 69 34 4 8 4 8 43 4 38 4 16 4 28 4 98 51 4 5 4 43 4 91 47 4 39 4 6 19 4 29 4 79 9 20 106 47 4 13 4 52 4 107 35 20 45 29 4 58 4 26 4 19 27 4 31 4 48 4 7 4 88 15 4 23 4 35 12 4 36 4 43 4 55 58 4 23 4 3 13 4 20 4 56 4 109 17 4 51 4 5 4 85 44 4 46 4 20 31 4 50 4 96 13 4 72 5 4 5 4 38 4 13 30 4 30 4 62 18 4 34 4 29 44 4 10 4 118 56 4 60 4 0 13 4 9 4 17 20 4 20 4 77 49 4 13 4 30 59 4 21 4 30 12 4 32 4 14 4 24 46 4 52 4 4 33 4 5 4 5 4 53 18 4 35 4 54 4 79 35 4 8 4 53 4 31 4 95 11 4 38 4 8 4 13 4 28 16 4 11 4 26 4 62 47 4 22 4 69 16 4 9 4 12 4 1 56 4 44 4 19 4 25 22 4 50 4 39 4 77 9 4 60 4 28 4 7 31 16 29 16 31 5 4 26 51 16 47 16 105 46 4 43 4 47 54 4 37 4 33 4 29 52 4 18 4 18 4 45 4 65 18 4 60 4 1 43 4 43 4 19 4 49 4 61 51 4 15 4 14 4 18 14 4 35 4 14 4 10 28 4 38 4 15 4 69 36 4 40 4 13 4 83 16 4 57 4 57 4 34 4 27 21 4 38 4 34 4 15 4 37 31 4 52 4 19 4 3 11 4 46 4 13 4 31 30 4 32 4 15 4 
iteration 1894 best: 1.07666 time: 573073
55 13 4 13 4 16 4 20 47 4 23 4 27 27 4 51 4 18 4 94 44 4 53 4 20 4 68 58 4 50 4 24 4 100 9 4 12 4 39 4 5 4 0 41 4 14 4 38 4 2 36 4 41 4 76 42 4 49 4 99 25 4 58 4 49 4 36 4 119 48 4 28 4 59 52 4 35 4 18 39 4 53 4 40 4 49 4 40 4 78 37 4 33 4 33 4 38 4 69 34 4 8 4 8 43 4 38 4 16 4 28 4 98 51 4 5 4 43 4 91 47 4 39 4 6 19 4 29 4 79 9 20 106 47 4 13 4 52 4 107 35 20 45 29 4 58 4 26 4 19 27 4 31 4 48 4 7 4 88 15 4 23 4 35 12 4 36 4 43 4 55 58 4 23 4 3 13 4 20 4 56 4 109 17 4 51 4 5 4 85 44 4 46 4 20 31 4 50 4 96 13 4 72 5 4 5 4 38 4 13 30 4 30 4 62 18 4 34 4 29 44 4 10 4 118 56 4 60 4 0 13 4 9 4 17 20 4 20 4 77 49 4 13 4 30 59 4 21 4 30 12 4 32 4 14 4 24 46 4 52 4 4 33 4 5 4 5 4 53 18 4 35 4 54 4 79 35 4 8 4 53 4 31 4 95 11 4 38 4 8 4 13 4 28 16 4 11 4 26 4 62 47 4 22 4 69 16 4 9 4 12 4 1 56 4 44 4 19 4 25 22 4 50 4 39 4 77 9 4 60 4 28 4 7 31 16 29 16 31 5 4 26 51 16 47 16 105 46 4 43 4 47 54 4 37 4 33 4 29 52 4 18 4 18 4 45 4 65 18 4 60 4 1 43 4 43 4 19 4 49 4 61 51 4 15 4 14 4 18 14 4 35 4 14 4 10 28 4 38 4 15 4 69 36 4 40 4 13 4 83 16 4 57 4 57 4 34 4 27 21 4 38 4 34 4 15 4 37 31 4 52 4 19 4 3 11 4 46 4 13 4 31 30 4 32 4 15 4 
iteration 1918 best: 1.07666 time: 580300
55 13 4 13 4 16 4 20 47 4 23 4 27 27 4 51 4 18 4 94 44 4 53 4 20 4 68 58 4 50 4 24 4 100 9 4 12 4 39 4 5 4 0 41 4 14 4 38 4 2 36 4 41 4 76 42 4 49 4 99 25 4 58 4 49 4 36 4 119 48 4 28 4 59 52 4 35 4 18 39 4 53 4 40 4 49 4 40 4 78 37 4 33 4 33 4 38 4 69 34 4 8 4 8 43 4 38 4 16 4 28 4 98 51 4 5 4 43 4 91 47 4 39 4 6 19 4 29 4 79 9 20 106 47 4 13 4 52 4 107 35 20 45 29 4 58 4 26 4 19 27 4 31 4 48 4 7 4 88 15 4 23 4 35 12 4 36 4 43 4 55 58 4 23 4 3 13 4 20 4 56 4 109 17 4 51 4 5 4 85 44 4 46 4 20 31 4 50 4 96 13 4 72 5 4 5 4 38 4 13 30 4 30 4 62 18 4 34 4 29 44 4 10 4 118 56 4 60 4 0 13 4 9 4 17 20 4 20 4 77 49 4 13 4 30 59 4 21 4 30 12 4 32 4 14 4 24 46 4 52 4 4 33 4 5 4 5 4 53 18 4 35 4 54 4 79 35 4 8 4 53 4 31 4 95 11 4 38 4 8 4 13 4 28 16 4 11 4 26 4 62 47 4 22 4 69 16 4 9 4 12 4 1 56 4 44 4 19 4 25 22 4 50 4 39 4 77 9 4 60 4 28 4 7 31 16 29 16 31 5 4 26 51 16 47 16 105 46 4 43 4 47 54 4 37 4 33 4 29 52 4 18 4 18 4 45 4 65 18 4 60 4 1 43 4 43 4 19 4 49 4 61 51 4 15 4 14 4 18 14 4 35 4 14 4 10 28 4 38 4 15 4 69 36 4 40 4 13 4 83 16 4 57 4 57 4 34 4 27 21 4 38 4 34 4 15 4 37 31 4 52 4 19 4 3 11 4 46 4 13 4 31 30 4 32 4 15 4 
iteration 1942 best: 1.07666 time: 587533
55 13 4 13 4 16 4 20 47 4 23 4 27 27 4 51 4 18 4 94 44 4 53 4 20 4 68 58 4 50 4 24 4 100 9 4 12 4 39 4 5 4 0 41 4 14 4 38 4 2 36 4 41 4 76 42 4 49 4 99 25 4 58 4 49 4 36 4 119 48 4 28 4 59 52 4 35 4 18 39 4 53 4 40 4 49 4 40 4 78 37 4 33 4 33 4 38 4 69 34 4 8 4 8 43 4 38 4 16 4 28 4 98 51 4 5 4 43 4 91 47 4 39 4 6 19 4 29 4 79 9 20 106 47 4 13 4 52 4 107 35 20 45 29 4 58 4 26 4 19 27 4 31 4 48 4 7 4 88 15 4 23 4 35 12 4 36 4 43 4 55 58 4 23 4 3 13 4 20 4 56 4 109 17 4 51 4 5 4 85 44 4 46 4 20 31 4 50 4 96 13 4 72 5 4 5 4 38 4 13 30 4 30 4 62 18 4 34 4 29 44 4 10 4 118 56 4 60 4 0 13 4 9 4 17 20 4 20 4 77 49 4 13 4 30 59 4 21 4 30 12 4 32 4 14 4 24 46 4 52 4 4 33 4 5 4 5 4 53 18 4 35 4 54 4 79 35 4 8 4 53 4 31 4 95 11 4 38 4 8 4 13 4 28 16 4 11 4 26 4 62 47 4 22 4 69 16 4 9 4 12 4 1 56 4 44 4 19 4 25 22 4 50 4 39 4 77 9 4 60 4 28 4 7 31 16 29 16 31 5 4 26 51 16 47 16 105 46 4 43 4 47 54 4 37 4 33 4 29 52 4 18 4 18 4 45 4 65 18 4 60 4 1 43 4 43 4 19 4 49 4 61 51 4 15 4 14 4 18 14 4 35 4 14 4 10 28 4 38 4 15 4 69 36 4 40 4 13 4 83 16 4 57 4 57 4 34 4 27 21 4 38 4 34 4 15 4 37 31 4 52 4 19 4 3 11 4 46 4 13 4 31 30 4 32 4 15 4 
iteration 1966 best: 1.07666 time: 594758
55 13 4 13 4 16 4 20 47 4 23 4 27 27 4 51 4 18 4 94 44 4 53 4 20 4 68 58 4 50 4 24 4 100 9 4 12 4 39 4 5 4 0 41 4 14 4 38 4 2 36 4 41 4 76 42 4 49 4 99 25 4 58 4 49 4 36 4 119 48 4 28 4 59 52 4 35 4 18 39 4 53 4 40 4 49 4 40 4 78 37 4 33 4 33 4 38 4 69 34 4 8 4 8 43 4 38 4 16 4 28 4 98 51 4 5 4 43 4 91 47 4 39 4 6 19 4 29 4 79 9 20 106 47 4 13 4 52 4 107 35 20 45 29 4 58 4 26 4 19 27 4 31 4 48 4 7 4 88 15 4 23 4 35 12 4 36 4 43 4 55 58 4 23 4 3 13 4 20 4 56 4 109 17 4 51 4 5 4 85 44 4 46 4 20 31 4 50 4 96 13 4 72 5 4 5 4 38 4 13 30 4 30 4 62 18 4 34 4 29 44 4 10 4 118 56 4 60 4 0 13 4 9 4 17 20 4 20 4 77 49 4 13 4 30 59 4 21 4 30 12 4 32 4 14 4 24 46 4 52 4 4 33 4 5 4 5 4 53 18 4 35 4 54 4 79 35 4 8 4 53 4 31 4 95 11 4 38 4 8 4 13 4 28 16 4 11 4 26 4 62 47 4 22 4 69 16 4 9 4 12 4 1 56 4 44 4 19 4 25 22 4 50 4 39 4 77 9 4 60 4 28 4 7 31 16 29 16 31 5 4 26 51 16 47 16 105 46 4 43 4 47 54 4 37 4 33 4 29 52 4 18 4 18 4 45 4 65 18 4 60 4 1 43 4 43 4 19 4 49 4 61 51 4 15 4 14 4 18 14 4 35 4 14 4 10 28 4 38 4 15 4 69 36 4 40 4 13 4 83 16 4 57 4 57 4 34 4 27 21 4 38 4 34 4 15 4 37 31 4 52 4 19 4 3 11 4 46 4 13 4 31 30 4 32 4 15 4 
iteration 1990 best: 1.07666 time: 602016
55 13 4 13 4 16 4 20 47 4 23 4 27 27 4 51 4 18 4 94 44 4 53 4 20 4 68 58 4 50 4 24 4 100 9 4 12 4 39 4 5 4 0 41 4 14 4 38 4 2 36 4 41 4 76 42 4 49 4 99 25 4 58 4 49 4 36 4 119 48 4 28 4 59 52 4 35 4 18 39 4 53 4 40 4 49 4 40 4 78 37 4 33 4 33 4 38 4 69 34 4 8 4 8 43 4 38 4 16 4 28 4 98 51 4 5 4 43 4 91 47 4 39 4 6 19 4 29 4 79 9 20 106 47 4 13 4 52 4 107 35 20 45 29 4 58 4 26 4 19 27 4 31 4 48 4 7 4 88 15 4 23 4 35 12 4 36 4 43 4 55 58 4 23 4 3 13 4 20 4 56 4 109 17 4 51 4 5 4 85 44 4 46 4 20 31 4 50 4 96 13 4 72 5 4 5 4 38 4 13 30 4 30 4 62 18 4 34 4 29 44 4 10 4 118 56 4 60 4 0 13 4 9 4 17 20 4 20 4 77 49 4 13 4 30 59 4 21 4 30 12 4 32 4 14 4 24 46 4 52 4 4 33 4 5 4 5 4 53 18 4 35 4 54 4 79 35 4 8 4 53 4 31 4 95 11 4 38 4 8 4 13 4 28 16 4 11 4 26 4 62 47 4 22 4 69 16 4 9 4 12 4 1 56 4 44 4 19 4 25 22 4 50 4 39 4 77 9 4 60 4 28 4 7 31 16 29 16 31 5 4 26 51 16 47 16 105 46 4 43 4 47 54 4 37 4 33 4 29 52 4 18 4 18 4 45 4 65 18 4 60 4 1 43 4 43 4 19 4 49 4 61 51 4 15 4 14 4 18 14 4 35 4 14 4 10 28 4 38 4 15 4 69 36 4 40 4 13 4 83 16 4 57 4 57 4 34 4 27 21 4 38 4 34 4 15 4 37 31 4 52 4 19 4 3 11 4 46 4 13 4 31 30 4 32 4 15 4 
Best solution: 
55 13 4 13 4 16 4 20 47 4 23 4 27 27 4 51 4 18 4 94 44 4 53 4 20 4 68 58 4 50 4 24 4 100 9 4 12 4 39 4 5 4 0 41 4 14 4 38 4 2 36 4 41 4 76 42 4 49 4 99 25 4 58 4 49 4 36 4 119 48 4 28 4 59 52 4 35 4 18 39 4 53 4 40 4 49 4 40 4 78 37 4 33 4 33 4 38 4 69 34 4 8 4 8 43 4 38 4 16 4 28 4 98 51 4 5 4 43 4 91 47 4 39 4 6 19 4 29 4 79 9 20 106 47 4 13 4 52 4 107 35 20 45 29 4 58 4 26 4 19 27 4 31 4 48 4 7 4 88 15 4 23 4 35 12 4 36 4 43 4 55 58 4 23 4 3 13 4 20 4 56 4 109 17 4 51 4 5 4 85 44 4 46 4 20 31 4 50 4 96 13 4 72 5 4 5 4 38 4 13 30 4 30 4 62 18 4 34 4 29 44 4 10 4 118 56 4 60 4 0 13 4 9 4 17 20 4 20 4 77 49 4 13 4 30 59 4 21 4 30 12 4 32 4 14 4 24 46 4 52 4 4 33 4 5 4 5 4 53 18 4 35 4 54 4 79 35 4 8 4 53 4 31 4 95 11 4 38 4 8 4 13 4 28 16 4 11 4 26 4 62 47 4 22 4 69 16 4 9 4 12 4 1 56 4 44 4 19 4 25 22 4 50 4 39 4 77 9 4 60 4 28 4 7 31 16 29 16 31 5 4 26 51 16 47 16 105 46 4 43 4 47 54 4 37 4 33 4 29 52 4 18 4 18 4 45 4 65 18 4 60 4 1 43 4 43 4 19 4 49 4 61 51 4 15 4 14 4 18 14 4 35 4 14 4 10 28 4 38 4 15 4 69 36 4 40 4 13 4 83 16 4 57 4 57 4 34 4 27 21 4 38 4 34 4 15 4 37 31 4 52 4 19 4 3 11 4 46 4 13 4 31 30 4 32 4 15 4 
Fitness: 1.07666
