iteration 16 best: 0.968598 time: 7458
66 45 8 110 59 8 96 14 8 13 49 4 40 4 77 52 4 20 4 68 31 8 78 32 4 38 4 4 44 12 85 22 8 101 16 8 32 42 8 27 21 12 69 14 4 5 4 58 32 4 57 4 22 4 47 4 63 33 4 55 4 13 4 105 50 8 84 11 8 84 11 4 34 4 91 45 16 17 16 76 29 4 53 4 54 4 5 4 73 6 4 18 4 57 4 8 7 8 33 8 110 41 4 28 4 50 4 6 4 23 5 8 40 34 4 40 4 41 4 32 4 34 37 8 45 9 4 90 50 8 112 11 8 92 18 8 9 15 4 16 4 5 4 27 5 4 33 4 57 36 4 40 4 28 4 0 49 4 5 4 18 22 4 48 4 43 4 15 59 4 21 4 91 19 4 33 4 116 54 16 25 16 21 43 12 45 4 25 4 59 52 4 49 4 39 4 96 32 4 5 4 18 23 16 57 16 2 5 51 13 4 49 4 0 56 16 42 16 48 57 4 35 4 10 4 63 53 4 48 4 31 55 4 30 4 39 4 111 31 4 43 4 30 5 13 4 97 15 5 53 4 44 46 5 4 32 20 16 58 16 55 57 4 41 4 56 4 21 38 60 12 4 22 5 13 4 60 34 4 30 4 23 4 119 5 16 22 16 6 14 4 51 4 4 26 4 17 4 47 4 65 21 4 12 5 19 4 23 46 4 5 4 28 4 13 4 52 23 4 40 4 7 4 32 4 46 51 4 8 4 28 17 30 4 42 29 4 7 4 43 4 102 48 4 15 12 22 4 96 58 4 37 18 53 4 25 29 4 53 4 20 17 20 53 4 11 42 31 4 36 17 4 5 4 62 52 4 17 4 27 4 42 4 0 52 4 41 4 19 4 29 4 0 11 4 11 4 0 52 39 18 4 46 4 117 45 4 34 4 21 4 60 4 42 5 4 18 4 53 4 39 58 4 5 4 16 4 91 10 4 20 4 60 4 5 4 75 59 4 42 4 34 4 56 4 
iteration 35 best: 0.968598 time: 14964
66 45 8 110 59 8 96 14 8 13 49 4 40 4 77 52 4 20 4 68 31 8 78 32 4 38 4 4 44 12 85 22 8 101 16 8 32 42 8 27 21 12 69 14 4 5 4 58 32 4 57 4 22 4 47 4 63 33 4 55 4 13 4 105 50 8 84 11 8 84 11 4 34 4 91 45 16 17 16 76 29 4 53 4 54 4 5 4 73 6 4 18 4 57 4 8 7 8 33 8 110 41 4 28 4 50 4 6 4 23 5 8 40 34 4 40 4 41 4 32 4 34 37 8 45 9 4 90 50 8 112 11 8 92 18 8 9 15 4 16 4 5 4 27 5 4 33 4 57 36 4 40 4 28 4 0 49 4 5 4 18 22 4 48 4 43 4 15 59 4 21 4 91 19 4 33 4 116 54 16 25 16 21 43 12 45 4 25 4 59 52 4 49 4 39 4 96 32 4 5 4 18 23 16 57 16 2 5 51 13 4 49 4 0 56 16 42 16 48 57 4 35 4 10 4 63 53 4 48 4 31 55 4 30 4 39 4 111 31 4 43 4 30 5 13 4 97 15 5 53 4 44 46 5 4 32 20 16 58 16 55 57 4 41 4 56 4 21 38 60 12 4 22 5 13 4 60 34 4 30 4 23 4 119 5 16 22 16 6 14 4 51 4 4 26 4 17 4 47 4 65 21 4 12 5 19 4 23 46 4 5 4 28 4 13 4 52 23 4 40 4 7 4 32 4 46 51 4 8 4 28 17 30 4 42 29 4 7 4 43 4 102 48 4 15 12 22 4 96 58 4 37 18 53 4 25 29 4 53 4 20 17 20 53 4 11 42 31 4 36 17 4 5 4 62 52 4 17 4 27 4 42 4 0 52 4 41 4 19 4 29 4 0 11 4 11 4 0 52 39 18 4 46 4 117 45 4 34 4 21 4 60 4 42 5 4 18 4 53 4 39 58 4 5 4 16 4 91 10 4 20 4 60 4 5 4 75 59 4 42 4 34 4 56 4 
iteration 54 best: 0.968598 time: 22499
66 45 8 110 59 8 96 14 8 13 49 4 40 4 77 52 4 20 4 68 31 8 78 32 4 38 4 4 44 12 85 22 8 101 16 8 32 42 8 27 21 12 69 14 4 5 4 58 32 4 57 4 22 4 47 4 63 33 4 55 4 13 4 105 50 8 84 11 8 84 11 4 34 4 91 45 16 17 16 76 29 4 53 4 54 4 5 4 73 6 4 18 4 57 4 8 7 8 33 8 110 41 4 28 4 50 4 6 4 23 5 8 40 34 4 40 4 41 4 32 4 34 37 8 45 9 4 90 50 8 112 11 8 92 18 8 9 15 4 16 4 5 4 27 5 4 33 4 57 36 4 40 4 28 4 0 49 4 5 4 18 22 4 48 4 43 4 15 59 4 21 4 91 19 4 33 4 116 54 16 25 16 21 43 12 45 4 25 4 59 52 4 49 4 39 4 96 32 4 5 4 18 23 16 57 16 2 5 51 13 4 49 4 0 56 16 42 16 48 57 4 35 4 10 4 63 53 4 48 4 31 55 4 30 4 39 4 111 31 4 43 4 30 5 13 4 97 15 5 53 4 44 46 5 4 32 20 16 58 16 55 57 4 41 4 56 4 21 38 60 12 4 22 5 13 4 60 34 4 30 4 23 4 119 5 16 22 16 6 14 4 51 4 4 26 4 17 4 47 4 65 21 4 12 5 19 4 23 46 4 5 4 28 4 13 4 52 23 4 40 4 7 4 32 4 46 51 4 8 4 28 17 30 4 42 29 4 7 4 43 4 102 48 4 15 12 22 4 96 58 4 37 18 53 4 25 29 4 53 4 20 17 20 53 4 11 42 31 4 36 17 4 5 4 62 52 4 17 4 27 4 42 4 0 52 4 41 4 19 4 29 4 0 11 4 11 4 0 52 39 18 4 46 4 117 45 4 34 4 21 4 60 4 42 5 4 18 4 53 4 39 58 4 5 4 16 4 91 10 4 20 4 60 4 5 4 75 59 4 42 4 34 4 56 4 
iteration 73 best: 0.968598 time: 30041
66 45 8 110 59 8 96 14 8 13 49 4 40 4 77 52 4 20 4 68 31 8 78 32 4 38 4 4 44 12 85 22 8 101 16 8 32 42 8 27 21 12 69 14 4 5 4 58 32 4 57 4 22 4 47 4 63 33 4 55 4 13 4 105 50 8 84 11 8 84 11 4 34 4 91 45 16 17 16 76 29 4 53 4 54 4 5 4 73 6 4 18 4 57 4 8 7 8 33 8 110 41 4 28 4 50 4 6 4 23 5 8 40 34 4 40 4 41 4 32 4 34 37 8 45 9 4 90 50 8 112 11 8 92 18 8 9 15 4 16 4 5 4 27 5 4 33 4 57 36 4 40 4 28 4 0 49 4 5 4 18 22 4 48 4 43 4 15 59 4 21 4 91 19 4 33 4 116 54 16 25 16 21 43 12 45 4 25 4 59 52 4 49 4 39 4 96 32 4 5 4 18 23 16 57 16 2 5 51 13 4 49 4 0 56 16 42 16 48 57 4 35 4 10 4 63 53 4 48 4 31 55 4 30 4 39 4 111 31 4 43 4 30 5 13 4 97 15 5 53 4 44 46 5 4 32 20 16 58 16 55 57 4 41 4 56 4 21 38 60 12 4 22 5 13 4 60 34 4 30 4 23 4 119 5 16 22 16 6 14 4 51 4 4 26 4 17 4 47 4 65 21 4 12 5 19 4 23 46 4 5 4 28 4 13 4 52 23 4 40 4 7 4 32 4 46 51 4 8 4 28 17 30 4 42 29 4 7 4 43 4 102 48 4 15 12 22 4 96 58 4 37 18 53 4 25 29 4 53 4 20 17 20 53 4 11 42 31 4 36 17 4 5 4 62 52 4 17 4 27 4 42 4 0 52 4 41 4 19 4 29 4 0 11 4 11 4 0 52 39 18 4 46 4 117 45 4 34 4 21 4 60 4 42 5 4 18 4 53 4 39 58 4 5 4 16 4 91 10 4 20 4 60 4 5 4 75 59 4 42 4 34 4 56 4 
iteration 92 best: 0.968598 time: 37577
66 45 8 110 59 8 96 14 8 13 49 4 40 4 77 52 4 20 4 68 31 8 78 32 4 38 4 4 44 12 85 22 8 101 16 8 32 42 8 27 21 12 69 14 4 5 4 58 32 4 57 4 22 4 47 4 63 33 4 55 4 13 4 105 50 8 84 11 8 84 11 4 34 4 91 45 16 17 16 76 29 4 53 4 54 4 5 4 73 6 4 18 4 57 4 8 7 8 33 8 110 41 4 28 4 50 4 6 4 23 5 8 40 34 4 40 4 41 4 32 4 34 37 8 45 9 4 90 50 8 112 11 8 92 18 8 9 15 4 16 4 5 4 27 5 4 33 4 57 36 4 40 4 28 4 0 49 4 5 4 18 22 4 48 4 43 4 15 59 4 21 4 91 19 4 33 4 116 54 16 25 16 21 43 12 45 4 25 4 59 52 4 49 4 39 4 96 32 4 5 4 18 23 16 57 16 2 5 51 13 4 49 4 0 56 16 42 16 48 57 4 35 4 10 4 63 53 4 48 4 31 55 4 30 4 39 4 111 31 4 43 4 30 5 13 4 97 15 5 53 4 44 46 5 4 32 20 16 58 16 55 57 4 41 4 56 4 21 38 60 12 4 22 5 13 4 60 34 4 30 4 23 4 119 5 16 22 16 6 14 4 51 4 4 26 4 17 4 47 4 65 21 4 12 5 19 4 23 46 4 5 4 28 4 13 4 52 23 4 40 4 7 4 32 4 46 51 4 8 4 28 17 30 4 42 29 4 7 4 43 4 102 48 4 15 12 22 4 96 58 4 37 18 53 4 25 29 4 53 4 20 17 20 53 4 11 42 31 4 36 17 4 5 4 62 52 4 17 4 27 4 42 4 0 52 4 41 4 19 4 29 4 0 11 4 11 4 0 52 39 18 4 46 4 117 45 4 34 4 21 4 60 4 42 5 4 18 4 53 4 39 58 4 5 4 16 4 91 10 4 20 4 60 4 5 4 75 59 4 42 4 34 4 56 4 
iteration 111 best: 0.968598 time: 45105
66 45 8 110 59 8 96 14 8 13 49 4 40 4 77 52 4 20 4 68 31 8 78 32 4 38 4 4 44 12 85 22 8 101 16 8 32 42 8 27 21 12 69 14 4 5 4 58 32 4 57 4 22 4 47 4 63 33 4 55 4 13 4 105 50 8 84 11 8 84 11 4 34 4 91 45 16 17 16 76 29 4 53 4 54 4 5 4 73 6 4 18 4 57 4 8 7 8 33 8 110 41 4 28 4 50 4 6 4 23 5 8 40 34 4 40 4 41 4 32 4 34 37 8 45 9 4 90 50 8 112 11 8 92 18 8 9 15 4 16 4 5 4 27 5 4 33 4 57 36 4 40 4 28 4 0 49 4 5 4 18 22 4 48 4 43 4 15 59 4 21 4 91 19 4 33 4 116 54 16 25 16 21 43 12 45 4 25 4 59 52 4 49 4 39 4 96 32 4 5 4 18 23 16 57 16 2 5 51 13 4 49 4 0 56 16 42 16 48 57 4 35 4 10 4 63 53 4 48 4 31 55 4 30 4 39 4 111 31 4 43 4 30 5 13 4 97 15 5 53 4 44 46 5 4 32 20 16 58 16 55 57 4 41 4 56 4 21 38 60 12 4 22 5 13 4 60 34 4 30 4 23 4 119 5 16 22 16 6 14 4 51 4 4 26 4 17 4 47 4 65 21 4 12 5 19 4 23 46 4 5 4 28 4 13 4 52 23 4 40 4 7 4 32 4 46 51 4 8 4 28 17 30 4 42 29 4 7 4 43 4 102 48 4 15 12 22 4 96 58 4 37 18 53 4 25 29 4 53 4 20 17 20 53 4 11 42 31 4 36 17 4 5 4 62 52 4 17 4 27 4 42 4 0 52 4 41 4 19 4 29 4 0 11 4 11 4 0 52 39 18 4 46 4 117 45 4 34 4 21 4 60 4 42 5 4 18 4 53 4 39 58 4 5 4 16 4 91 10 4 20 4 60 4 5 4 75 59 4 42 4 34 4 56 4 
iteration 130 best: 0.968598 time: 52581
66 45 8 110 59 8 96 14 8 13 49 4 40 4 77 52 4 20 4 68 31 8 78 32 4 38 4 4 44 12 85 22 8 101 16 8 32 42 8 27 21 12 69 14 4 5 4 58 32 4 57 4 22 4 47 4 63 33 4 55 4 13 4 105 50 8 84 11 8 84 11 4 34 4 91 45 16 17 16 76 29 4 53 4 54 4 5 4 73 6 4 18 4 57 4 8 7 8 33 8 110 41 4 28 4 50 4 6 4 23 5 8 40 34 4 40 4 41 4 32 4 34 37 8 45 9 4 90 50 8 112 11 8 92 18 8 9 15 4 16 4 5 4 27 5 4 33 4 57 36 4 40 4 28 4 0 49 4 5 4 18 22 4 48 4 43 4 15 59 4 21 4 91 19 4 33 4 116 54 16 25 16 21 43 12 45 4 25 4 59 52 4 49 4 39 4 96 32 4 5 4 18 23 16 57 16 2 5 51 13 4 49 4 0 56 16 42 16 48 57 4 35 4 10 4 63 53 4 48 4 31 55 4 30 4 39 4 111 31 4 43 4 30 5 13 4 97 15 5 53 4 44 46 5 4 32 20 16 58 16 55 57 4 41 4 56 4 21 38 60 12 4 22 5 13 4 60 34 4 30 4 23 4 119 5 16 22 16 6 14 4 51 4 4 26 4 17 4 47 4 65 21 4 12 5 19 4 23 46 4 5 4 28 4 13 4 52 23 4 40 4 7 4 32 4 46 51 4 8 4 28 17 30 4 42 29 4 7 4 43 4 102 48 4 15 12 22 4 96 58 4 37 18 53 4 25 29 4 53 4 20 17 20 53 4 11 42 31 4 36 17 4 5 4 62 52 4 17 4 27 4 42 4 0 52 4 41 4 19 4 29 4 0 11 4 11 4 0 52 39 18 4 46 4 117 45 4 34 4 21 4 60 4 42 5 4 18 4 53 4 39 58 4 5 4 16 4 91 10 4 20 4 60 4 5 4 75 59 4 42 4 34 4 56 4 
iteration 149 best: 0.968598 time: 60077
66 45 8 110 59 8 96 14 8 13 49 4 40 4 77 52 4 20 4 68 31 8 78 32 4 38 4 4 44 12 85 22 8 101 16 8 32 42 8 27 21 12 69 14 4 5 4 58 32 4 57 4 22 4 47 4 63 33 4 55 4 13 4 105 50 8 84 11 8 84 11 4 34 4 91 45 16 17 16 76 29 4 53 4 54 4 5 4 73 6 4 18 4 57 4 8 7 8 33 8 110 41 4 28 4 50 4 6 4 23 5 8 40 34 4 40 4 41 4 32 4 34 37 8 45 9 4 90 50 8 112 11 8 92 18 8 9 15 4 16 4 5 4 27 5 4 33 4 57 36 4 40 4 28 4 0 49 4 5 4 18 22 4 48 4 43 4 15 59 4 21 4 91 19 4 33 4 116 54 16 25 16 21 43 12 45 4 25 4 59 52 4 49 4 39 4 96 32 4 5 4 18 23 16 57 16 2 5 51 13 4 49 4 0 56 16 42 16 48 57 4 35 4 10 4 63 53 4 48 4 31 55 4 30 4 39 4 111 31 4 43 4 30 5 13 4 97 15 5 53 4 44 46 5 4 32 20 16 58 16 55 57 4 41 4 56 4 21 38 60 12 4 22 5 13 4 60 34 4 30 4 23 4 119 5 16 22 16 6 14 4 51 4 4 26 4 17 4 47 4 65 21 4 12 5 19 4 23 46 4 5 4 28 4 13 4 52 23 4 40 4 7 4 32 4 46 51 4 8 4 28 17 30 4 42 29 4 7 4 43 4 102 48 4 15 12 22 4 96 58 4 37 18 53 4 25 29 4 53 4 20 17 20 53 4 11 42 31 4 36 17 4 5 4 62 52 4 17 4 27 4 42 4 0 52 4 41 4 19 4 29 4 0 11 4 11 4 0 52 39 18 4 46 4 117 45 4 34 4 21 4 60 4 42 5 4 18 4 53 4 39 58 4 5 4 16 4 91 10 4 20 4 60 4 5 4 75 59 4 42 4 34 4 56 4 
iteration 168 best: 0.968598 time: 67576
66 45 8 110 59 8 96 14 8 13 49 4 40 4 77 52 4 20 4 68 31 8 78 32 4 38 4 4 44 12 85 22 8 101 16 8 32 42 8 27 21 12 69 14 4 5 4 58 32 4 57 4 22 4 47 4 63 33 4 55 4 13 4 105 50 8 84 11 8 84 11 4 34 4 91 45 16 17 16 76 29 4 53 4 54 4 5 4 73 6 4 18 4 57 4 8 7 8 33 8 110 41 4 28 4 50 4 6 4 23 5 8 40 34 4 40 4 41 4 32 4 34 37 8 45 9 4 90 50 8 112 11 8 92 18 8 9 15 4 16 4 5 4 27 5 4 33 4 57 36 4 40 4 28 4 0 49 4 5 4 18 22 4 48 4 43 4 15 59 4 21 4 91 19 4 33 4 116 54 16 25 16 21 43 12 45 4 25 4 59 52 4 49 4 39 4 96 32 4 5 4 18 23 16 57 16 2 5 51 13 4 49 4 0 56 16 42 16 48 57 4 35 4 10 4 63 53 4 48 4 31 55 4 30 4 39 4 111 31 4 43 4 30 5 13 4 97 15 5 53 4 44 46 5 4 32 20 16 58 16 55 57 4 41 4 56 4 21 38 60 12 4 22 5 13 4 60 34 4 30 4 23 4 119 5 16 22 16 6 14 4 51 4 4 26 4 17 4 47 4 65 21 4 12 5 19 4 23 46 4 5 4 28 4 13 4 52 23 4 40 4 7 4 32 4 46 51 4 8 4 28 17 30 4 42 29 4 7 4 43 4 102 48 4 15 12 22 4 96 58 4 37 18 53 4 25 29 4 53 4 20 17 20 53 4 11 42 31 4 36 17 4 5 4 62 52 4 17 4 27 4 42 4 0 52 4 41 4 19 4 29 4 0 11 4 11 4 0 52 39 18 4 46 4 117 45 4 34 4 21 4 60 4 42 5 4 18 4 53 4 39 58 4 5 4 16 4 91 10 4 20 4 60 4 5 4 75 59 4 42 4 34 4 56 4 
iteration 187 best: 0.968598 time: 75066
66 45 8 110 59 8 96 14 8 13 49 4 40 4 77 52 4 20 4 68 31 8 78 32 4 38 4 4 44 12 85 22 8 101 16 8 32 42 8 27 21 12 69 14 4 5 4 58 32 4 57 4 22 4 47 4 63 33 4 55 4 13 4 105 50 8 84 11 8 84 11 4 34 4 91 45 16 17 16 76 29 4 53 4 54 4 5 4 73 6 4 18 4 57 4 8 7 8 33 8 110 41 4 28 4 50 4 6 4 23 5 8 40 34 4 40 4 41 4 32 4 34 37 8 45 9 4 90 50 8 112 11 8 92 18 8 9 15 4 16 4 5 4 27 5 4 33 4 57 36 4 40 4 28 4 0 49 4 5 4 18 22 4 48 4 43 4 15 59 4 21 4 91 19 4 33 4 116 54 16 25 16 21 43 12 45 4 25 4 59 52 4 49 4 39 4 96 32 4 5 4 18 23 16 57 16 2 5 51 13 4 49 4 0 56 16 42 16 48 57 4 35 4 10 4 63 53 4 48 4 31 55 4 30 4 39 4 111 31 4 43 4 30 5 13 4 97 15 5 53 4 44 46 5 4 32 20 16 58 16 55 57 4 41 4 56 4 21 38 60 12 4 22 5 13 4 60 34 4 30 4 23 4 119 5 16 22 16 6 14 4 51 4 4 26 4 17 4 47 4 65 21 4 12 5 19 4 23 46 4 5 4 28 4 13 4 52 23 4 40 4 7 4 32 4 46 51 4 8 4 28 17 30 4 42 29 4 7 4 43 4 102 48 4 15 12 22 4 96 58 4 37 18 53 4 25 29 4 53 4 20 17 20 53 4 11 42 31 4 36 17 4 5 4 62 52 4 17 4 27 4 42 4 0 52 4 41 4 19 4 29 4 0 11 4 11 4 0 52 39 18 4 46 4 117 45 4 34 4 21 4 60 4 42 5 4 18 4 53 4 39 58 4 5 4 16 4 91 10 4 20 4 60 4 5 4 75 59 4 42 4 34 4 56 4 
iteration 206 best: 0.968598 time: 82556
66 45 8 110 59 8 96 14 8 13 49 4 40 4 77 52 4 20 4 68 31 8 78 32 4 38 4 4 44 12 85 22 8 101 16 8 32 42 8 27 21 12 69 14 4 5 4 58 32 4 57 4 22 4 47 4 63 33 4 55 4 13 4 105 50 8 84 11 8 84 11 4 34 4 91 45 16 17 16 76 29 4 53 4 54 4 5 4 73 6 4 18 4 57 4 8 7 8 33 8 110 41 4 28 4 50 4 6 4 23 5 8 40 34 4 40 4 41 4 32 4 34 37 8 45 9 4 90 50 8 112 11 8 92 18 8 9 15 4 16 4 5 4 27 5 4 33 4 57 36 4 40 4 28 4 0 49 4 5 4 18 22 4 48 4 43 4 15 59 4 21 4 91 19 4 33 4 116 54 16 25 16 21 43 12 45 4 25 4 59 52 4 49 4 39 4 96 32 4 5 4 18 23 16 57 16 2 5 51 13 4 49 4 0 56 16 42 16 48 57 4 35 4 10 4 63 53 4 48 4 31 55 4 30 4 39 4 111 31 4 43 4 30 5 13 4 97 15 5 53 4 44 46 5 4 32 20 16 58 16 55 57 4 41 4 56 4 21 38 60 12 4 22 5 13 4 60 34 4 30 4 23 4 119 5 16 22 16 6 14 4 51 4 4 26 4 17 4 47 4 65 21 4 12 5 19 4 23 46 4 5 4 28 4 13 4 52 23 4 40 4 7 4 32 4 46 51 4 8 4 28 17 30 4 42 29 4 7 4 43 4 102 48 4 15 12 22 4 96 58 4 37 18 53 4 25 29 4 53 4 20 17 20 53 4 11 42 31 4 36 17 4 5 4 62 52 4 17 4 27 4 42 4 0 52 4 41 4 19 4 29 4 0 11 4 11 4 0 52 39 18 4 46 4 117 45 4 34 4 21 4 60 4 42 5 4 18 4 53 4 39 58 4 5 4 16 4 91 10 4 20 4 60 4 5 4 75 59 4 42 4 34 4 56 4 
iteration 225 best: 0.968598 time: 90045
66 45 8 110 59 8 96 14 8 13 49 4 40 4 77 52 4 20 4 68 31 8 78 32 4 38 4 4 44 12 85 22 8 101 16 8 32 42 8 27 21 12 69 14 4 5 4 58 32 4 57 4 22 4 47 4 63 33 4 55 4 13 4 105 50 8 84 11 8 84 11 4 34 4 91 45 16 17 16 76 29 4 53 4 54 4 5 4 73 6 4 18 4 57 4 8 7 8 33 8 110 41 4 28 4 50 4 6 4 23 5 8 40 34 4 40 4 41 4 32 4 34 37 8 45 9 4 90 50 8 112 11 8 92 18 8 9 15 4 16 4 5 4 27 5 4 33 4 57 36 4 40 4 28 4 0 49 4 5 4 18 22 4 48 4 43 4 15 59 4 21 4 91 19 4 33 4 116 54 16 25 16 21 43 12 45 4 25 4 59 52 4 49 4 39 4 96 32 4 5 4 18 23 16 57 16 2 5 51 13 4 49 4 0 56 16 42 16 48 57 4 35 4 10 4 63 53 4 48 4 31 55 4 30 4 39 4 111 31 4 43 4 30 5 13 4 97 15 5 53 4 44 46 5 4 32 20 16 58 16 55 57 4 41 4 56 4 21 38 60 12 4 22 5 13 4 60 34 4 30 4 23 4 119 5 16 22 16 6 14 4 51 4 4 26 4 17 4 47 4 65 21 4 12 5 19 4 23 46 4 5 4 28 4 13 4 52 23 4 40 4 7 4 32 4 46 51 4 8 4 28 17 30 4 42 29 4 7 4 43 4 102 48 4 15 12 22 4 96 58 4 37 18 53 4 25 29 4 53 4 20 17 20 53 4 11 42 31 4 36 17 4 5 4 62 52 4 17 4 27 4 42 4 0 52 4 41 4 19 4 29 4 0 11 4 11 4 0 52 39 18 4 46 4 117 45 4 34 4 21 4 60 4 42 5 4 18 4 53 4 39 58 4 5 4 16 4 91 10 4 20 4 60 4 5 4 75 59 4 42 4 34 4 56 4 
iteration 244 best: 0.968598 time: 97551
66 45 8 110 59 8 96 14 8 13 49 4 40 4 77 52 4 20 4 68 31 8 78 32 4 38 4 4 44 12 85 22 8 101 16 8 32 42 8 27 21 12 69 14 4 5 4 58 32 4 57 4 22 4 47 4 63 33 4 55 4 13 4 105 50 8 84 11 8 84 11 4 34 4 91 45 16 17 16 76 29 4 53 4 54 4 5 4 73 6 4 18 4 57 4 8 7 8 33 8 110 41 4 28 4 50 4 6 4 23 5 8 40 34 4 40 4 41 4 32 4 34 37 8 45 9 4 90 50 8 112 11 8 92 18 8 9 15 4 16 4 5 4 27 5 4 33 4 57 36 4 40 4 28 4 0 49 4 5 4 18 22 4 48 4 43 4 15 59 4 21 4 91 19 4 33 4 116 54 16 25 16 21 43 12 45 4 25 4 59 52 4 49 4 39 4 96 32 4 5 4 18 23 16 57 16 2 5 51 13 4 49 4 0 56 16 42 16 48 57 4 35 4 10 4 63 53 4 48 4 31 55 4 30 4 39 4 111 31 4 43 4 30 5 13 4 97 15 5 53 4 44 46 5 4 32 20 16 58 16 55 57 4 41 4 56 4 21 38 60 12 4 22 5 13 4 60 34 4 30 4 23 4 119 5 16 22 16 6 14 4 51 4 4 26 4 17 4 47 4 65 21 4 12 5 19 4 23 46 4 5 4 28 4 13 4 52 23 4 40 4 7 4 32 4 46 51 4 8 4 28 17 30 4 42 29 4 7 4 43 4 102 48 4 15 12 22 4 96 58 4 37 18 53 4 25 29 4 53 4 20 17 20 53 4 11 42 31 4 36 17 4 5 4 62 52 4 17 4 27 4 42 4 0 52 4 41 4 19 4 29 4 0 11 4 11 4 0 52 39 18 4 46 4 117 45 4 34 4 21 4 60 4 42 5 4 18 4 53 4 39 58 4 5 4 16 4 91 10 4 20 4 60 4 5 4 75 59 4 42 4 34 4 56 4 
iteration 263 best: 0.968598 time: 105060
66 45 8 110 59 8 96 14 8 13 49 4 40 4 77 52 4 20 4 68 31 8 78 32 4 38 4 4 44 12 85 22 8 101 16 8 32 42 8 27 21 12 69 14 4 5 4 58 32 4 57 4 22 4 47 4 63 33 4 55 4 13 4 105 50 8 84 11 8 84 11 4 34 4 91 45 16 17 16 76 29 4 53 4 54 4 5 4 73 6 4 18 4 57 4 8 7 8 33 8 110 41 4 28 4 50 4 6 4 23 5 8 40 34 4 40 4 41 4 32 4 34 37 8 45 9 4 90 50 8 112 11 8 92 18 8 9 15 4 16 4 5 4 27 5 4 33 4 57 36 4 40 4 28 4 0 49 4 5 4 18 22 4 48 4 43 4 15 59 4 21 4 91 19 4 33 4 116 54 16 25 16 21 43 12 45 4 25 4 59 52 4 49 4 39 4 96 32 4 5 4 18 23 16 57 16 2 5 51 13 4 49 4 0 56 16 42 16 48 57 4 35 4 10 4 63 53 4 48 4 31 55 4 30 4 39 4 111 31 4 43 4 30 5 13 4 97 15 5 53 4 44 46 5 4 32 20 16 58 16 55 57 4 41 4 56 4 21 38 60 12 4 22 5 13 4 60 34 4 30 4 23 4 119 5 16 22 16 6 14 4 51 4 4 26 4 17 4 47 4 65 21 4 12 5 19 4 23 46 4 5 4 28 4 13 4 52 23 4 40 4 7 4 32 4 46 51 4 8 4 28 17 30 4 42 29 4 7 4 43 4 102 48 4 15 12 22 4 96 58 4 37 18 53 4 25 29 4 53 4 20 17 20 53 4 11 42 31 4 36 17 4 5 4 62 52 4 17 4 27 4 42 4 0 52 4 41 4 19 4 29 4 0 11 4 11 4 0 52 39 18 4 46 4 117 45 4 34 4 21 4 60 4 42 5 4 18 4 53 4 39 58 4 5 4 16 4 91 10 4 20 4 60 4 5 4 75 59 4 42 4 34 4 56 4 
iteration 282 best: 0.968598 time: 112547
66 45 8 110 59 8 96 14 8 13 49 4 40 4 77 52 4 20 4 68 31 8 78 32 4 38 4 4 44 12 85 22 8 101 16 8 32 42 8 27 21 12 69 14 4 5 4 58 32 4 57 4 22 4 47 4 63 33 4 55 4 13 4 105 50 8 84 11 8 84 11 4 34 4 91 45 16 17 16 76 29 4 53 4 54 4 5 4 73 6 4 18 4 57 4 8 7 8 33 8 110 41 4 28 4 50 4 6 4 23 5 8 40 34 4 40 4 41 4 32 4 34 37 8 45 9 4 90 50 8 112 11 8 92 18 8 9 15 4 16 4 5 4 27 5 4 33 4 57 36 4 40 4 28 4 0 49 4 5 4 18 22 4 48 4 43 4 15 59 4 21 4 91 19 4 33 4 116 54 16 25 16 21 43 12 45 4 25 4 59 52 4 49 4 39 4 96 32 4 5 4 18 23 16 57 16 2 5 51 13 4 49 4 0 56 16 42 16 48 57 4 35 4 10 4 63 53 4 48 4 31 55 4 30 4 39 4 111 31 4 43 4 30 5 13 4 97 15 5 53 4 44 46 5 4 32 20 16 58 16 55 57 4 41 4 56 4 21 38 60 12 4 22 5 13 4 60 34 4 30 4 23 4 119 5 16 22 16 6 14 4 51 4 4 26 4 17 4 47 4 65 21 4 12 5 19 4 23 46 4 5 4 28 4 13 4 52 23 4 40 4 7 4 32 4 46 51 4 8 4 28 17 30 4 42 29 4 7 4 43 4 102 48 4 15 12 22 4 96 58 4 37 18 53 4 25 29 4 53 4 20 17 20 53 4 11 42 31 4 36 17 4 5 4 62 52 4 17 4 27 4 42 4 0 52 4 41 4 19 4 29 4 0 11 4 11 4 0 52 39 18 4 46 4 117 45 4 34 4 21 4 60 4 42 5 4 18 4 53 4 39 58 4 5 4 16 4 91 10 4 20 4 60 4 5 4 75 59 4 42 4 34 4 56 4 
iteration 301 best: 0.968598 time: 120039
66 45 8 110 59 8 96 14 8 13 49 4 40 4 77 52 4 20 4 68 31 8 78 32 4 38 4 4 44 12 85 22 8 101 16 8 32 42 8 27 21 12 69 14 4 5 4 58 32 4 57 4 22 4 47 4 63 33 4 55 4 13 4 105 50 8 84 11 8 84 11 4 34 4 91 45 16 17 16 76 29 4 53 4 54 4 5 4 73 6 4 18 4 57 4 8 7 8 33 8 110 41 4 28 4 50 4 6 4 23 5 8 40 34 4 40 4 41 4 32 4 34 37 8 45 9 4 90 50 8 112 11 8 92 18 8 9 15 4 16 4 5 4 27 5 4 33 4 57 36 4 40 4 28 4 0 49 4 5 4 18 22 4 48 4 43 4 15 59 4 21 4 91 19 4 33 4 116 54 16 25 16 21 43 12 45 4 25 4 59 52 4 49 4 39 4 96 32 4 5 4 18 23 16 57 16 2 5 51 13 4 49 4 0 56 16 42 16 48 57 4 35 4 10 4 63 53 4 48 4 31 55 4 30 4 39 4 111 31 4 43 4 30 5 13 4 97 15 5 53 4 44 46 5 4 32 20 16 58 16 55 57 4 41 4 56 4 21 38 60 12 4 22 5 13 4 60 34 4 30 4 23 4 119 5 16 22 16 6 14 4 51 4 4 26 4 17 4 47 4 65 21 4 12 5 19 4 23 46 4 5 4 28 4 13 4 52 23 4 40 4 7 4 32 4 46 51 4 8 4 28 17 30 4 42 29 4 7 4 43 4 102 48 4 15 12 22 4 96 58 4 37 18 53 4 25 29 4 53 4 20 17 20 53 4 11 42 31 4 36 17 4 5 4 62 52 4 17 4 27 4 42 4 0 52 4 41 4 19 4 29 4 0 11 4 11 4 0 52 39 18 4 46 4 117 45 4 34 4 21 4 60 4 42 5 4 18 4 53 4 39 58 4 5 4 16 4 91 10 4 20 4 60 4 5 4 75 59 4 42 4 34 4 56 4 
iteration 320 best: 0.968598 time: 127531
66 45 8 110 59 8 96 14 8 13 49 4 40 4 77 52 4 20 4 68 31 8 78 32 4 38 4 4 44 12 85 22 8 101 16 8 32 42 8 27 21 12 69 14 4 5 4 58 32 4 57 4 22 4 47 4 63 33 4 55 4 13 4 105 50 8 84 11 8 84 11 4 34 4 91 45 16 17 16 76 29 4 53 4 54 4 5 4 73 6 4 18 4 57 4 8 7 8 33 8 110 41 4 28 4 50 4 6 4 23 5 8 40 34 4 40 4 41 4 32 4 34 37 8 45 9 4 90 50 8 112 11 8 92 18 8 9 15 4 16 4 5 4 27 5 4 33 4 57 36 4 40 4 28 4 0 49 4 5 4 18 22 4 48 4 43 4 15 59 4 21 4 91 19 4 33 4 116 54 16 25 16 21 43 12 45 4 25 4 59 52 4 49 4 39 4 96 32 4 5 4 18 23 16 57 16 2 5 51 13 4 49 4 0 56 16 42 16 48 57 4 35 4 10 4 63 53 4 48 4 31 55 4 30 4 39 4 111 31 4 43 4 30 5 13 4 97 15 5 53 4 44 46 5 4 32 20 16 58 16 55 57 4 41 4 56 4 21 38 60 12 4 22 5 13 4 60 34 4 30 4 23 4 119 5 16 22 16 6 14 4 51 4 4 26 4 17 4 47 4 65 21 4 12 5 19 4 23 46 4 5 4 28 4 13 4 52 23 4 40 4 7 4 32 4 46 51 4 8 4 28 17 30 4 42 29 4 7 4 43 4 102 48 4 15 12 22 4 96 58 4 37 18 53 4 25 29 4 53 4 20 17 20 53 4 11 42 31 4 36 17 4 5 4 62 52 4 17 4 27 4 42 4 0 52 4 41 4 19 4 29 4 0 11 4 11 4 0 52 39 18 4 46 4 117 45 4 34 4 21 4 60 4 42 5 4 18 4 53 4 39 58 4 5 4 16 4 91 10 4 20 4 60 4 5 4 75 59 4 42 4 34 4 56 4 
iteration 339 best: 0.968598 time: 135026
66 45 8 110 59 8 96 14 8 13 49 4 40 4 77 52 4 20 4 68 31 8 78 32 4 38 4 4 44 12 85 22 8 101 16 8 32 42 8 27 21 12 69 14 4 5 4 58 32 4 57 4 22 4 47 4 63 33 4 55 4 13 4 105 50 8 84 11 8 84 11 4 34 4 91 45 16 17 16 76 29 4 53 4 54 4 5 4 73 6 4 18 4 57 4 8 7 8 33 8 110 41 4 28 4 50 4 6 4 23 5 8 40 34 4 40 4 41 4 32 4 34 37 8 45 9 4 90 50 8 112 11 8 92 18 8 9 15 4 16 4 5 4 27 5 4 33 4 57 36 4 40 4 28 4 0 49 4 5 4 18 22 4 48 4 43 4 15 59 4 21 4 91 19 4 33 4 116 54 16 25 16 21 43 12 45 4 25 4 59 52 4 49 4 39 4 96 32 4 5 4 18 23 16 57 16 2 5 51 13 4 49 4 0 56 16 42 16 48 57 4 35 4 10 4 63 53 4 48 4 31 55 4 30 4 39 4 111 31 4 43 4 30 5 13 4 97 15 5 53 4 44 46 5 4 32 20 16 58 16 55 57 4 41 4 56 4 21 38 60 12 4 22 5 13 4 60 34 4 30 4 23 4 119 5 16 22 16 6 14 4 51 4 4 26 4 17 4 47 4 65 21 4 12 5 19 4 23 46 4 5 4 28 4 13 4 52 23 4 40 4 7 4 32 4 46 51 4 8 4 28 17 30 4 42 29 4 7 4 43 4 102 48 4 15 12 22 4 96 58 4 37 18 53 4 25 29 4 53 4 20 17 20 53 4 11 42 31 4 36 17 4 5 4 62 52 4 17 4 27 4 42 4 0 52 4 41 4 19 4 29 4 0 11 4 11 4 0 52 39 18 4 46 4 117 45 4 34 4 21 4 60 4 42 5 4 18 4 53 4 39 58 4 5 4 16 4 91 10 4 20 4 60 4 5 4 75 59 4 42 4 34 4 56 4 
iteration 358 best: 0.968598 time: 142534
66 45 8 110 59 8 96 14 8 13 49 4 40 4 77 52 4 20 4 68 31 8 78 32 4 38 4 4 44 12 85 22 8 101 16 8 32 42 8 27 21 12 69 14 4 5 4 58 32 4 57 4 22 4 47 4 63 33 4 55 4 13 4 105 50 8 84 11 8 84 11 4 34 4 91 45 16 17 16 76 29 4 53 4 54 4 5 4 73 6 4 18 4 57 4 8 7 8 33 8 110 41 4 28 4 50 4 6 4 23 5 8 40 34 4 40 4 41 4 32 4 34 37 8 45 9 4 90 50 8 112 11 8 92 18 8 9 15 4 16 4 5 4 27 5 4 33 4 57 36 4 40 4 28 4 0 49 4 5 4 18 22 4 48 4 43 4 15 59 4 21 4 91 19 4 33 4 116 54 16 25 16 21 43 12 45 4 25 4 59 52 4 49 4 39 4 96 32 4 5 4 18 23 16 57 16 2 5 51 13 4 49 4 0 56 16 42 16 48 57 4 35 4 10 4 63 53 4 48 4 31 55 4 30 4 39 4 111 31 4 43 4 30 5 13 4 97 15 5 53 4 44 46 5 4 32 20 16 58 16 55 57 4 41 4 56 4 21 38 60 12 4 22 5 13 4 60 34 4 30 4 23 4 119 5 16 22 16 6 14 4 51 4 4 26 4 17 4 47 4 65 21 4 12 5 19 4 23 46 4 5 4 28 4 13 4 52 23 4 40 4 7 4 32 4 46 51 4 8 4 28 17 30 4 42 29 4 7 4 43 4 102 48 4 15 12 22 4 96 58 4 37 18 53 4 25 29 4 53 4 20 17 20 53 4 11 42 31 4 36 17 4 5 4 62 52 4 17 4 27 4 42 4 0 52 4 41 4 19 4 29 4 0 11 4 11 4 0 52 39 18 4 46 4 117 45 4 34 4 21 4 60 4 42 5 4 18 4 53 4 39 58 4 5 4 16 4 91 10 4 20 4 60 4 5 4 75 59 4 42 4 34 4 56 4 
iteration 377 best: 0.968598 time: 150067
66 45 8 110 59 8 96 14 8 13 49 4 40 4 77 52 4 20 4 68 31 8 78 32 4 38 4 4 44 12 85 22 8 101 16 8 32 42 8 27 21 12 69 14 4 5 4 58 32 4 57 4 22 4 47 4 63 33 4 55 4 13 4 105 50 8 84 11 8 84 11 4 34 4 91 45 16 17 16 76 29 4 53 4 54 4 5 4 73 6 4 18 4 57 4 8 7 8 33 8 110 41 4 28 4 50 4 6 4 23 5 8 40 34 4 40 4 41 4 32 4 34 37 8 45 9 4 90 50 8 112 11 8 92 18 8 9 15 4 16 4 5 4 27 5 4 33 4 57 36 4 40 4 28 4 0 49 4 5 4 18 22 4 48 4 43 4 15 59 4 21 4 91 19 4 33 4 116 54 16 25 16 21 43 12 45 4 25 4 59 52 4 49 4 39 4 96 32 4 5 4 18 23 16 57 16 2 5 51 13 4 49 4 0 56 16 42 16 48 57 4 35 4 10 4 63 53 4 48 4 31 55 4 30 4 39 4 111 31 4 43 4 30 5 13 4 97 15 5 53 4 44 46 5 4 32 20 16 58 16 55 57 4 41 4 56 4 21 38 60 12 4 22 5 13 4 60 34 4 30 4 23 4 119 5 16 22 16 6 14 4 51 4 4 26 4 17 4 47 4 65 21 4 12 5 19 4 23 46 4 5 4 28 4 13 4 52 23 4 40 4 7 4 32 4 46 51 4 8 4 28 17 30 4 42 29 4 7 4 43 4 102 48 4 15 12 22 4 96 58 4 37 18 53 4 25 29 4 53 4 20 17 20 53 4 11 42 31 4 36 17 4 5 4 62 52 4 17 4 27 4 42 4 0 52 4 41 4 19 4 29 4 0 11 4 11 4 0 52 39 18 4 46 4 117 45 4 34 4 21 4 60 4 42 5 4 18 4 53 4 39 58 4 5 4 16 4 91 10 4 20 4 60 4 5 4 75 59 4 42 4 34 4 56 4 
iteration 396 best: 0.968598 time: 157573
66 45 8 110 59 8 96 14 8 13 49 4 40 4 77 52 4 20 4 68 31 8 78 32 4 38 4 4 44 12 85 22 8 101 16 8 32 42 8 27 21 12 69 14 4 5 4 58 32 4 57 4 22 4 47 4 63 33 4 55 4 13 4 105 50 8 84 11 8 84 11 4 34 4 91 45 16 17 16 76 29 4 53 4 54 4 5 4 73 6 4 18 4 57 4 8 7 8 33 8 110 41 4 28 4 50 4 6 4 23 5 8 40 34 4 40 4 41 4 32 4 34 37 8 45 9 4 90 50 8 112 11 8 92 18 8 9 15 4 16 4 5 4 27 5 4 33 4 57 36 4 40 4 28 4 0 49 4 5 4 18 22 4 48 4 43 4 15 59 4 21 4 91 19 4 33 4 116 54 16 25 16 21 43 12 45 4 25 4 59 52 4 49 4 39 4 96 32 4 5 4 18 23 16 57 16 2 5 51 13 4 49 4 0 56 16 42 16 48 57 4 35 4 10 4 63 53 4 48 4 31 55 4 30 4 39 4 111 31 4 43 4 30 5 13 4 97 15 5 53 4 44 46 5 4 32 20 16 58 16 55 57 4 41 4 56 4 21 38 60 12 4 22 5 13 4 60 34 4 30 4 23 4 119 5 16 22 16 6 14 4 51 4 4 26 4 17 4 47 4 65 21 4 12 5 19 4 23 46 4 5 4 28 4 13 4 52 23 4 40 4 7 4 32 4 46 51 4 8 4 28 17 30 4 42 29 4 7 4 43 4 102 48 4 15 12 22 4 96 58 4 37 18 53 4 25 29 4 53 4 20 17 20 53 4 11 42 31 4 36 17 4 5 4 62 52 4 17 4 27 4 42 4 0 52 4 41 4 19 4 29 4 0 11 4 11 4 0 52 39 18 4 46 4 117 45 4 34 4 21 4 60 4 42 5 4 18 4 53 4 39 58 4 5 4 16 4 91 10 4 20 4 60 4 5 4 75 59 4 42 4 34 4 56 4 
iteration 415 best: 0.968598 time: 165081
66 45 8 110 59 8 96 14 8 13 49 4 40 4 77 52 4 20 4 68 31 8 78 32 4 38 4 4 44 12 85 22 8 101 16 8 32 42 8 27 21 12 69 14 4 5 4 58 32 4 57 4 22 4 47 4 63 33 4 55 4 13 4 105 50 8 84 11 8 84 11 4 34 4 91 45 16 17 16 76 29 4 53 4 54 4 5 4 73 6 4 18 4 57 4 8 7 8 33 8 110 41 4 28 4 50 4 6 4 23 5 8 40 34 4 40 4 41 4 32 4 34 37 8 45 9 4 90 50 8 112 11 8 92 18 8 9 15 4 16 4 5 4 27 5 4 33 4 57 36 4 40 4 28 4 0 49 4 5 4 18 22 4 48 4 43 4 15 59 4 21 4 91 19 4 33 4 116 54 16 25 16 21 43 12 45 4 25 4 59 52 4 49 4 39 4 96 32 4 5 4 18 23 16 57 16 2 5 51 13 4 49 4 0 56 16 42 16 48 57 4 35 4 10 4 63 53 4 48 4 31 55 4 30 4 39 4 111 31 4 43 4 30 5 13 4 97 15 5 53 4 44 46 5 4 32 20 16 58 16 55 57 4 41 4 56 4 21 38 60 12 4 22 5 13 4 60 34 4 30 4 23 4 119 5 16 22 16 6 14 4 51 4 4 26 4 17 4 47 4 65 21 4 12 5 19 4 23 46 4 5 4 28 4 13 4 52 23 4 40 4 7 4 32 4 46 51 4 8 4 28 17 30 4 42 29 4 7 4 43 4 102 48 4 15 12 22 4 96 58 4 37 18 53 4 25 29 4 53 4 20 17 20 53 4 11 42 31 4 36 17 4 5 4 62 52 4 17 4 27 4 42 4 0 52 4 41 4 19 4 29 4 0 11 4 11 4 0 52 39 18 4 46 4 117 45 4 34 4 21 4 60 4 42 5 4 18 4 53 4 39 58 4 5 4 16 4 91 10 4 20 4 60 4 5 4 75 59 4 42 4 34 4 56 4 
iteration 434 best: 0.968598 time: 172588
66 45 8 110 59 8 96 14 8 13 49 4 40 4 77 52 4 20 4 68 31 8 78 32 4 38 4 4 44 12 85 22 8 101 16 8 32 42 8 27 21 12 69 14 4 5 4 58 32 4 57 4 22 4 47 4 63 33 4 55 4 13 4 105 50 8 84 11 8 84 11 4 34 4 91 45 16 17 16 76 29 4 53 4 54 4 5 4 73 6 4 18 4 57 4 8 7 8 33 8 110 41 4 28 4 50 4 6 4 23 5 8 40 34 4 40 4 41 4 32 4 34 37 8 45 9 4 90 50 8 112 11 8 92 18 8 9 15 4 16 4 5 4 27 5 4 33 4 57 36 4 40 4 28 4 0 49 4 5 4 18 22 4 48 4 43 4 15 59 4 21 4 91 19 4 33 4 116 54 16 25 16 21 43 12 45 4 25 4 59 52 4 49 4 39 4 96 32 4 5 4 18 23 16 57 16 2 5 51 13 4 49 4 0 56 16 42 16 48 57 4 35 4 10 4 63 53 4 48 4 31 55 4 30 4 39 4 111 31 4 43 4 30 5 13 4 97 15 5 53 4 44 46 5 4 32 20 16 58 16 55 57 4 41 4 56 4 21 38 60 12 4 22 5 13 4 60 34 4 30 4 23 4 119 5 16 22 16 6 14 4 51 4 4 26 4 17 4 47 4 65 21 4 12 5 19 4 23 46 4 5 4 28 4 13 4 52 23 4 40 4 7 4 32 4 46 51 4 8 4 28 17 30 4 42 29 4 7 4 43 4 102 48 4 15 12 22 4 96 58 4 37 18 53 4 25 29 4 53 4 20 17 20 53 4 11 42 31 4 36 17 4 5 4 62 52 4 17 4 27 4 42 4 0 52 4 41 4 19 4 29 4 0 11 4 11 4 0 52 39 18 4 46 4 117 45 4 34 4 21 4 60 4 42 5 4 18 4 53 4 39 58 4 5 4 16 4 91 10 4 20 4 60 4 5 4 75 59 4 42 4 34 4 56 4 
iteration 453 best: 0.968598 time: 180101
66 45 8 110 59 8 96 14 8 13 49 4 40 4 77 52 4 20 4 68 31 8 78 32 4 38 4 4 44 12 85 22 8 101 16 8 32 42 8 27 21 12 69 14 4 5 4 58 32 4 57 4 22 4 47 4 63 33 4 55 4 13 4 105 50 8 84 11 8 84 11 4 34 4 91 45 16 17 16 76 29 4 53 4 54 4 5 4 73 6 4 18 4 57 4 8 7 8 33 8 110 41 4 28 4 50 4 6 4 23 5 8 40 34 4 40 4 41 4 32 4 34 37 8 45 9 4 90 50 8 112 11 8 92 18 8 9 15 4 16 4 5 4 27 5 4 33 4 57 36 4 40 4 28 4 0 49 4 5 4 18 22 4 48 4 43 4 15 59 4 21 4 91 19 4 33 4 116 54 16 25 16 21 43 12 45 4 25 4 59 52 4 49 4 39 4 96 32 4 5 4 18 23 16 57 16 2 5 51 13 4 49 4 0 56 16 42 16 48 57 4 35 4 10 4 63 53 4 48 4 31 55 4 30 4 39 4 111 31 4 43 4 30 5 13 4 97 15 5 53 4 44 46 5 4 32 20 16 58 16 55 57 4 41 4 56 4 21 38 60 12 4 22 5 13 4 60 34 4 30 4 23 4 119 5 16 22 16 6 14 4 51 4 4 26 4 17 4 47 4 65 21 4 12 5 19 4 23 46 4 5 4 28 4 13 4 52 23 4 40 4 7 4 32 4 46 51 4 8 4 28 17 30 4 42 29 4 7 4 43 4 102 48 4 15 12 22 4 96 58 4 37 18 53 4 25 29 4 53 4 20 17 20 53 4 11 42 31 4 36 17 4 5 4 62 52 4 17 4 27 4 42 4 0 52 4 41 4 19 4 29 4 0 11 4 11 4 0 52 39 18 4 46 4 117 45 4 34 4 21 4 60 4 42 5 4 18 4 53 4 39 58 4 5 4 16 4 91 10 4 20 4 60 4 5 4 75 59 4 42 4 34 4 56 4 
iteration 472 best: 0.968598 time: 187577
66 45 8 110 59 8 96 14 8 13 49 4 40 4 77 52 4 20 4 68 31 8 78 32 4 38 4 4 44 12 85 22 8 101 16 8 32 42 8 27 21 12 69 14 4 5 4 58 32 4 57 4 22 4 47 4 63 33 4 55 4 13 4 105 50 8 84 11 8 84 11 4 34 4 91 45 16 17 16 76 29 4 53 4 54 4 5 4 73 6 4 18 4 57 4 8 7 8 33 8 110 41 4 28 4 50 4 6 4 23 5 8 40 34 4 40 4 41 4 32 4 34 37 8 45 9 4 90 50 8 112 11 8 92 18 8 9 15 4 16 4 5 4 27 5 4 33 4 57 36 4 40 4 28 4 0 49 4 5 4 18 22 4 48 4 43 4 15 59 4 21 4 91 19 4 33 4 116 54 16 25 16 21 43 12 45 4 25 4 59 52 4 49 4 39 4 96 32 4 5 4 18 23 16 57 16 2 5 51 13 4 49 4 0 56 16 42 16 48 57 4 35 4 10 4 63 53 4 48 4 31 55 4 30 4 39 4 111 31 4 43 4 30 5 13 4 97 15 5 53 4 44 46 5 4 32 20 16 58 16 55 57 4 41 4 56 4 21 38 60 12 4 22 5 13 4 60 34 4 30 4 23 4 119 5 16 22 16 6 14 4 51 4 4 26 4 17 4 47 4 65 21 4 12 5 19 4 23 46 4 5 4 28 4 13 4 52 23 4 40 4 7 4 32 4 46 51 4 8 4 28 17 30 4 42 29 4 7 4 43 4 102 48 4 15 12 22 4 96 58 4 37 18 53 4 25 29 4 53 4 20 17 20 53 4 11 42 31 4 36 17 4 5 4 62 52 4 17 4 27 4 42 4 0 52 4 41 4 19 4 29 4 0 11 4 11 4 0 52 39 18 4 46 4 117 45 4 34 4 21 4 60 4 42 5 4 18 4 53 4 39 58 4 5 4 16 4 91 10 4 20 4 60 4 5 4 75 59 4 42 4 34 4 56 4 
iteration 491 best: 0.968598 time: 195065
66 45 8 110 59 8 96 14 8 13 49 4 40 4 77 52 4 20 4 68 31 8 78 32 4 38 4 4 44 12 85 22 8 101 16 8 32 42 8 27 21 12 69 14 4 5 4 58 32 4 57 4 22 4 47 4 63 33 4 55 4 13 4 105 50 8 84 11 8 84 11 4 34 4 91 45 16 17 16 76 29 4 53 4 54 4 5 4 73 6 4 18 4 57 4 8 7 8 33 8 110 41 4 28 4 50 4 6 4 23 5 8 40 34 4 40 4 41 4 32 4 34 37 8 45 9 4 90 50 8 112 11 8 92 18 8 9 15 4 16 4 5 4 27 5 4 33 4 57 36 4 40 4 28 4 0 49 4 5 4 18 22 4 48 4 43 4 15 59 4 21 4 91 19 4 33 4 116 54 16 25 16 21 43 12 45 4 25 4 59 52 4 49 4 39 4 96 32 4 5 4 18 23 16 57 16 2 5 51 13 4 49 4 0 56 16 42 16 48 57 4 35 4 10 4 63 53 4 48 4 31 55 4 30 4 39 4 111 31 4 43 4 30 5 13 4 97 15 5 53 4 44 46 5 4 32 20 16 58 16 55 57 4 41 4 56 4 21 38 60 12 4 22 5 13 4 60 34 4 30 4 23 4 119 5 16 22 16 6 14 4 51 4 4 26 4 17 4 47 4 65 21 4 12 5 19 4 23 46 4 5 4 28 4 13 4 52 23 4 40 4 7 4 32 4 46 51 4 8 4 28 17 30 4 42 29 4 7 4 43 4 102 48 4 15 12 22 4 96 58 4 37 18 53 4 25 29 4 53 4 20 17 20 53 4 11 42 31 4 36 17 4 5 4 62 52 4 17 4 27 4 42 4 0 52 4 41 4 19 4 29 4 0 11 4 11 4 0 52 39 18 4 46 4 117 45 4 34 4 21 4 60 4 42 5 4 18 4 53 4 39 58 4 5 4 16 4 91 10 4 20 4 60 4 5 4 75 59 4 42 4 34 4 56 4 
iteration 510 best: 0.968598 time: 202548
66 45 8 110 59 8 96 14 8 13 49 4 40 4 77 52 4 20 4 68 31 8 78 32 4 38 4 4 44 12 85 22 8 101 16 8 32 42 8 27 21 12 69 14 4 5 4 58 32 4 57 4 22 4 47 4 63 33 4 55 4 13 4 105 50 8 84 11 8 84 11 4 34 4 91 45 16 17 16 76 29 4 53 4 54 4 5 4 73 6 4 18 4 57 4 8 7 8 33 8 110 41 4 28 4 50 4 6 4 23 5 8 40 34 4 40 4 41 4 32 4 34 37 8 45 9 4 90 50 8 112 11 8 92 18 8 9 15 4 16 4 5 4 27 5 4 33 4 57 36 4 40 4 28 4 0 49 4 5 4 18 22 4 48 4 43 4 15 59 4 21 4 91 19 4 33 4 116 54 16 25 16 21 43 12 45 4 25 4 59 52 4 49 4 39 4 96 32 4 5 4 18 23 16 57 16 2 5 51 13 4 49 4 0 56 16 42 16 48 57 4 35 4 10 4 63 53 4 48 4 31 55 4 30 4 39 4 111 31 4 43 4 30 5 13 4 97 15 5 53 4 44 46 5 4 32 20 16 58 16 55 57 4 41 4 56 4 21 38 60 12 4 22 5 13 4 60 34 4 30 4 23 4 119 5 16 22 16 6 14 4 51 4 4 26 4 17 4 47 4 65 21 4 12 5 19 4 23 46 4 5 4 28 4 13 4 52 23 4 40 4 7 4 32 4 46 51 4 8 4 28 17 30 4 42 29 4 7 4 43 4 102 48 4 15 12 22 4 96 58 4 37 18 53 4 25 29 4 53 4 20 17 20 53 4 11 42 31 4 36 17 4 5 4 62 52 4 17 4 27 4 42 4 0 52 4 41 4 19 4 29 4 0 11 4 11 4 0 52 39 18 4 46 4 117 45 4 34 4 21 4 60 4 42 5 4 18 4 53 4 39 58 4 5 4 16 4 91 10 4 20 4 60 4 5 4 75 59 4 42 4 34 4 56 4 
iteration 529 best: 0.968598 time: 210029
66 45 8 110 59 8 96 14 8 13 49 4 40 4 77 52 4 20 4 68 31 8 78 32 4 38 4 4 44 12 85 22 8 101 16 8 32 42 8 27 21 12 69 14 4 5 4 58 32 4 57 4 22 4 47 4 63 33 4 55 4 13 4 105 50 8 84 11 8 84 11 4 34 4 91 45 16 17 16 76 29 4 53 4 54 4 5 4 73 6 4 18 4 57 4 8 7 8 33 8 110 41 4 28 4 50 4 6 4 23 5 8 40 34 4 40 4 41 4 32 4 34 37 8 45 9 4 90 50 8 112 11 8 92 18 8 9 15 4 16 4 5 4 27 5 4 33 4 57 36 4 40 4 28 4 0 49 4 5 4 18 22 4 48 4 43 4 15 59 4 21 4 91 19 4 33 4 116 54 16 25 16 21 43 12 45 4 25 4 59 52 4 49 4 39 4 96 32 4 5 4 18 23 16 57 16 2 5 51 13 4 49 4 0 56 16 42 16 48 57 4 35 4 10 4 63 53 4 48 4 31 55 4 30 4 39 4 111 31 4 43 4 30 5 13 4 97 15 5 53 4 44 46 5 4 32 20 16 58 16 55 57 4 41 4 56 4 21 38 60 12 4 22 5 13 4 60 34 4 30 4 23 4 119 5 16 22 16 6 14 4 51 4 4 26 4 17 4 47 4 65 21 4 12 5 19 4 23 46 4 5 4 28 4 13 4 52 23 4 40 4 7 4 32 4 46 51 4 8 4 28 17 30 4 42 29 4 7 4 43 4 102 48 4 15 12 22 4 96 58 4 37 18 53 4 25 29 4 53 4 20 17 20 53 4 11 42 31 4 36 17 4 5 4 62 52 4 17 4 27 4 42 4 0 52 4 41 4 19 4 29 4 0 11 4 11 4 0 52 39 18 4 46 4 117 45 4 34 4 21 4 60 4 42 5 4 18 4 53 4 39 58 4 5 4 16 4 91 10 4 20 4 60 4 5 4 75 59 4 42 4 34 4 56 4 
iteration 548 best: 0.968598 time: 217522
66 45 8 110 59 8 96 14 8 13 49 4 40 4 77 52 4 20 4 68 31 8 78 32 4 38 4 4 44 12 85 22 8 101 16 8 32 42 8 27 21 12 69 14 4 5 4 58 32 4 57 4 22 4 47 4 63 33 4 55 4 13 4 105 50 8 84 11 8 84 11 4 34 4 91 45 16 17 16 76 29 4 53 4 54 4 5 4 73 6 4 18 4 57 4 8 7 8 33 8 110 41 4 28 4 50 4 6 4 23 5 8 40 34 4 40 4 41 4 32 4 34 37 8 45 9 4 90 50 8 112 11 8 92 18 8 9 15 4 16 4 5 4 27 5 4 33 4 57 36 4 40 4 28 4 0 49 4 5 4 18 22 4 48 4 43 4 15 59 4 21 4 91 19 4 33 4 116 54 16 25 16 21 43 12 45 4 25 4 59 52 4 49 4 39 4 96 32 4 5 4 18 23 16 57 16 2 5 51 13 4 49 4 0 56 16 42 16 48 57 4 35 4 10 4 63 53 4 48 4 31 55 4 30 4 39 4 111 31 4 43 4 30 5 13 4 97 15 5 53 4 44 46 5 4 32 20 16 58 16 55 57 4 41 4 56 4 21 38 60 12 4 22 5 13 4 60 34 4 30 4 23 4 119 5 16 22 16 6 14 4 51 4 4 26 4 17 4 47 4 65 21 4 12 5 19 4 23 46 4 5 4 28 4 13 4 52 23 4 40 4 7 4 32 4 46 51 4 8 4 28 17 30 4 42 29 4 7 4 43 4 102 48 4 15 12 22 4 96 58 4 37 18 53 4 25 29 4 53 4 20 17 20 53 4 11 42 31 4 36 17 4 5 4 62 52 4 17 4 27 4 42 4 0 52 4 41 4 19 4 29 4 0 11 4 11 4 0 52 39 18 4 46 4 117 45 4 34 4 21 4 60 4 42 5 4 18 4 53 4 39 58 4 5 4 16 4 91 10 4 20 4 60 4 5 4 75 59 4 42 4 34 4 56 4 
iteration 567 best: 0.968598 time: 225058
66 45 8 110 59 8 96 14 8 13 49 4 40 4 77 52 4 20 4 68 31 8 78 32 4 38 4 4 44 12 85 22 8 101 16 8 32 42 8 27 21 12 69 14 4 5 4 58 32 4 57 4 22 4 47 4 63 33 4 55 4 13 4 105 50 8 84 11 8 84 11 4 34 4 91 45 16 17 16 76 29 4 53 4 54 4 5 4 73 6 4 18 4 57 4 8 7 8 33 8 110 41 4 28 4 50 4 6 4 23 5 8 40 34 4 40 4 41 4 32 4 34 37 8 45 9 4 90 50 8 112 11 8 92 18 8 9 15 4 16 4 5 4 27 5 4 33 4 57 36 4 40 4 28 4 0 49 4 5 4 18 22 4 48 4 43 4 15 59 4 21 4 91 19 4 33 4 116 54 16 25 16 21 43 12 45 4 25 4 59 52 4 49 4 39 4 96 32 4 5 4 18 23 16 57 16 2 5 51 13 4 49 4 0 56 16 42 16 48 57 4 35 4 10 4 63 53 4 48 4 31 55 4 30 4 39 4 111 31 4 43 4 30 5 13 4 97 15 5 53 4 44 46 5 4 32 20 16 58 16 55 57 4 41 4 56 4 21 38 60 12 4 22 5 13 4 60 34 4 30 4 23 4 119 5 16 22 16 6 14 4 51 4 4 26 4 17 4 47 4 65 21 4 12 5 19 4 23 46 4 5 4 28 4 13 4 52 23 4 40 4 7 4 32 4 46 51 4 8 4 28 17 30 4 42 29 4 7 4 43 4 102 48 4 15 12 22 4 96 58 4 37 18 53 4 25 29 4 53 4 20 17 20 53 4 11 42 31 4 36 17 4 5 4 62 52 4 17 4 27 4 42 4 0 52 4 41 4 19 4 29 4 0 11 4 11 4 0 52 39 18 4 46 4 117 45 4 34 4 21 4 60 4 42 5 4 18 4 53 4 39 58 4 5 4 16 4 91 10 4 20 4 60 4 5 4 75 59 4 42 4 34 4 56 4 
iteration 586 best: 0.968598 time: 232571
66 45 8 110 59 8 96 14 8 13 49 4 40 4 77 52 4 20 4 68 31 8 78 32 4 38 4 4 44 12 85 22 8 101 16 8 32 42 8 27 21 12 69 14 4 5 4 58 32 4 57 4 22 4 47 4 63 33 4 55 4 13 4 105 50 8 84 11 8 84 11 4 34 4 91 45 16 17 16 76 29 4 53 4 54 4 5 4 73 6 4 18 4 57 4 8 7 8 33 8 110 41 4 28 4 50 4 6 4 23 5 8 40 34 4 40 4 41 4 32 4 34 37 8 45 9 4 90 50 8 112 11 8 92 18 8 9 15 4 16 4 5 4 27 5 4 33 4 57 36 4 40 4 28 4 0 49 4 5 4 18 22 4 48 4 43 4 15 59 4 21 4 91 19 4 33 4 116 54 16 25 16 21 43 12 45 4 25 4 59 52 4 49 4 39 4 96 32 4 5 4 18 23 16 57 16 2 5 51 13 4 49 4 0 56 16 42 16 48 57 4 35 4 10 4 63 53 4 48 4 31 55 4 30 4 39 4 111 31 4 43 4 30 5 13 4 97 15 5 53 4 44 46 5 4 32 20 16 58 16 55 57 4 41 4 56 4 21 38 60 12 4 22 5 13 4 60 34 4 30 4 23 4 119 5 16 22 16 6 14 4 51 4 4 26 4 17 4 47 4 65 21 4 12 5 19 4 23 46 4 5 4 28 4 13 4 52 23 4 40 4 7 4 32 4 46 51 4 8 4 28 17 30 4 42 29 4 7 4 43 4 102 48 4 15 12 22 4 96 58 4 37 18 53 4 25 29 4 53 4 20 17 20 53 4 11 42 31 4 36 17 4 5 4 62 52 4 17 4 27 4 42 4 0 52 4 41 4 19 4 29 4 0 11 4 11 4 0 52 39 18 4 46 4 117 45 4 34 4 21 4 60 4 42 5 4 18 4 53 4 39 58 4 5 4 16 4 91 10 4 20 4 60 4 5 4 75 59 4 42 4 34 4 56 4 
iteration 605 best: 0.968598 time: 240079
66 45 8 110 59 8 96 14 8 13 49 4 40 4 77 52 4 20 4 68 31 8 78 32 4 38 4 4 44 12 85 22 8 101 16 8 32 42 8 27 21 12 69 14 4 5 4 58 32 4 57 4 22 4 47 4 63 33 4 55 4 13 4 105 50 8 84 11 8 84 11 4 34 4 91 45 16 17 16 76 29 4 53 4 54 4 5 4 73 6 4 18 4 57 4 8 7 8 33 8 110 41 4 28 4 50 4 6 4 23 5 8 40 34 4 40 4 41 4 32 4 34 37 8 45 9 4 90 50 8 112 11 8 92 18 8 9 15 4 16 4 5 4 27 5 4 33 4 57 36 4 40 4 28 4 0 49 4 5 4 18 22 4 48 4 43 4 15 59 4 21 4 91 19 4 33 4 116 54 16 25 16 21 43 12 45 4 25 4 59 52 4 49 4 39 4 96 32 4 5 4 18 23 16 57 16 2 5 51 13 4 49 4 0 56 16 42 16 48 57 4 35 4 10 4 63 53 4 48 4 31 55 4 30 4 39 4 111 31 4 43 4 30 5 13 4 97 15 5 53 4 44 46 5 4 32 20 16 58 16 55 57 4 41 4 56 4 21 38 60 12 4 22 5 13 4 60 34 4 30 4 23 4 119 5 16 22 16 6 14 4 51 4 4 26 4 17 4 47 4 65 21 4 12 5 19 4 23 46 4 5 4 28 4 13 4 52 23 4 40 4 7 4 32 4 46 51 4 8 4 28 17 30 4 42 29 4 7 4 43 4 102 48 4 15 12 22 4 96 58 4 37 18 53 4 25 29 4 53 4 20 17 20 53 4 11 42 31 4 36 17 4 5 4 62 52 4 17 4 27 4 42 4 0 52 4 41 4 19 4 29 4 0 11 4 11 4 0 52 39 18 4 46 4 117 45 4 34 4 21 4 60 4 42 5 4 18 4 53 4 39 58 4 5 4 16 4 91 10 4 20 4 60 4 5 4 75 59 4 42 4 34 4 56 4 
iteration 624 best: 0.968598 time: 247587
66 45 8 110 59 8 96 14 8 13 49 4 40 4 77 52 4 20 4 68 31 8 78 32 4 38 4 4 44 12 85 22 8 101 16 8 32 42 8 27 21 12 69 14 4 5 4 58 32 4 57 4 22 4 47 4 63 33 4 55 4 13 4 105 50 8 84 11 8 84 11 4 34 4 91 45 16 17 16 76 29 4 53 4 54 4 5 4 73 6 4 18 4 57 4 8 7 8 33 8 110 41 4 28 4 50 4 6 4 23 5 8 40 34 4 40 4 41 4 32 4 34 37 8 45 9 4 90 50 8 112 11 8 92 18 8 9 15 4 16 4 5 4 27 5 4 33 4 57 36 4 40 4 28 4 0 49 4 5 4 18 22 4 48 4 43 4 15 59 4 21 4 91 19 4 33 4 116 54 16 25 16 21 43 12 45 4 25 4 59 52 4 49 4 39 4 96 32 4 5 4 18 23 16 57 16 2 5 51 13 4 49 4 0 56 16 42 16 48 57 4 35 4 10 4 63 53 4 48 4 31 55 4 30 4 39 4 111 31 4 43 4 30 5 13 4 97 15 5 53 4 44 46 5 4 32 20 16 58 16 55 57 4 41 4 56 4 21 38 60 12 4 22 5 13 4 60 34 4 30 4 23 4 119 5 16 22 16 6 14 4 51 4 4 26 4 17 4 47 4 65 21 4 12 5 19 4 23 46 4 5 4 28 4 13 4 52 23 4 40 4 7 4 32 4 46 51 4 8 4 28 17 30 4 42 29 4 7 4 43 4 102 48 4 15 12 22 4 96 58 4 37 18 53 4 25 29 4 53 4 20 17 20 53 4 11 42 31 4 36 17 4 5 4 62 52 4 17 4 27 4 42 4 0 52 4 41 4 19 4 29 4 0 11 4 11 4 0 52 39 18 4 46 4 117 45 4 34 4 21 4 60 4 42 5 4 18 4 53 4 39 58 4 5 4 16 4 91 10 4 20 4 60 4 5 4 75 59 4 42 4 34 4 56 4 
iteration 643 best: 0.968598 time: 255106
66 45 8 110 59 8 96 14 8 13 49 4 40 4 77 52 4 20 4 68 31 8 78 32 4 38 4 4 44 12 85 22 8 101 16 8 32 42 8 27 21 12 69 14 4 5 4 58 32 4 57 4 22 4 47 4 63 33 4 55 4 13 4 105 50 8 84 11 8 84 11 4 34 4 91 45 16 17 16 76 29 4 53 4 54 4 5 4 73 6 4 18 4 57 4 8 7 8 33 8 110 41 4 28 4 50 4 6 4 23 5 8 40 34 4 40 4 41 4 32 4 34 37 8 45 9 4 90 50 8 112 11 8 92 18 8 9 15 4 16 4 5 4 27 5 4 33 4 57 36 4 40 4 28 4 0 49 4 5 4 18 22 4 48 4 43 4 15 59 4 21 4 91 19 4 33 4 116 54 16 25 16 21 43 12 45 4 25 4 59 52 4 49 4 39 4 96 32 4 5 4 18 23 16 57 16 2 5 51 13 4 49 4 0 56 16 42 16 48 57 4 35 4 10 4 63 53 4 48 4 31 55 4 30 4 39 4 111 31 4 43 4 30 5 13 4 97 15 5 53 4 44 46 5 4 32 20 16 58 16 55 57 4 41 4 56 4 21 38 60 12 4 22 5 13 4 60 34 4 30 4 23 4 119 5 16 22 16 6 14 4 51 4 4 26 4 17 4 47 4 65 21 4 12 5 19 4 23 46 4 5 4 28 4 13 4 52 23 4 40 4 7 4 32 4 46 51 4 8 4 28 17 30 4 42 29 4 7 4 43 4 102 48 4 15 12 22 4 96 58 4 37 18 53 4 25 29 4 53 4 20 17 20 53 4 11 42 31 4 36 17 4 5 4 62 52 4 17 4 27 4 42 4 0 52 4 41 4 19 4 29 4 0 11 4 11 4 0 52 39 18 4 46 4 117 45 4 34 4 21 4 60 4 42 5 4 18 4 53 4 39 58 4 5 4 16 4 91 10 4 20 4 60 4 5 4 75 59 4 42 4 34 4 56 4 
iteration 662 best: 0.968598 time: 262603
66 45 8 110 59 8 96 14 8 13 49 4 40 4 77 52 4 20 4 68 31 8 78 32 4 38 4 4 44 12 85 22 8 101 16 8 32 42 8 27 21 12 69 14 4 5 4 58 32 4 57 4 22 4 47 4 63 33 4 55 4 13 4 105 50 8 84 11 8 84 11 4 34 4 91 45 16 17 16 76 29 4 53 4 54 4 5 4 73 6 4 18 4 57 4 8 7 8 33 8 110 41 4 28 4 50 4 6 4 23 5 8 40 34 4 40 4 41 4 32 4 34 37 8 45 9 4 90 50 8 112 11 8 92 18 8 9 15 4 16 4 5 4 27 5 4 33 4 57 36 4 40 4 28 4 0 49 4 5 4 18 22 4 48 4 43 4 15 59 4 21 4 91 19 4 33 4 116 54 16 25 16 21 43 12 45 4 25 4 59 52 4 49 4 39 4 96 32 4 5 4 18 23 16 57 16 2 5 51 13 4 49 4 0 56 16 42 16 48 57 4 35 4 10 4 63 53 4 48 4 31 55 4 30 4 39 4 111 31 4 43 4 30 5 13 4 97 15 5 53 4 44 46 5 4 32 20 16 58 16 55 57 4 41 4 56 4 21 38 60 12 4 22 5 13 4 60 34 4 30 4 23 4 119 5 16 22 16 6 14 4 51 4 4 26 4 17 4 47 4 65 21 4 12 5 19 4 23 46 4 5 4 28 4 13 4 52 23 4 40 4 7 4 32 4 46 51 4 8 4 28 17 30 4 42 29 4 7 4 43 4 102 48 4 15 12 22 4 96 58 4 37 18 53 4 25 29 4 53 4 20 17 20 53 4 11 42 31 4 36 17 4 5 4 62 52 4 17 4 27 4 42 4 0 52 4 41 4 19 4 29 4 0 11 4 11 4 0 52 39 18 4 46 4 117 45 4 34 4 21 4 60 4 42 5 4 18 4 53 4 39 58 4 5 4 16 4 91 10 4 20 4 60 4 5 4 75 59 4 42 4 34 4 56 4 
iteration 681 best: 0.968598 time: 270081
66 45 8 110 59 8 96 14 8 13 49 4 40 4 77 52 4 20 4 68 31 8 78 32 4 38 4 4 44 12 85 22 8 101 16 8 32 42 8 27 21 12 69 14 4 5 4 58 32 4 57 4 22 4 47 4 63 33 4 55 4 13 4 105 50 8 84 11 8 84 11 4 34 4 91 45 16 17 16 76 29 4 53 4 54 4 5 4 73 6 4 18 4 57 4 8 7 8 33 8 110 41 4 28 4 50 4 6 4 23 5 8 40 34 4 40 4 41 4 32 4 34 37 8 45 9 4 90 50 8 112 11 8 92 18 8 9 15 4 16 4 5 4 27 5 4 33 4 57 36 4 40 4 28 4 0 49 4 5 4 18 22 4 48 4 43 4 15 59 4 21 4 91 19 4 33 4 116 54 16 25 16 21 43 12 45 4 25 4 59 52 4 49 4 39 4 96 32 4 5 4 18 23 16 57 16 2 5 51 13 4 49 4 0 56 16 42 16 48 57 4 35 4 10 4 63 53 4 48 4 31 55 4 30 4 39 4 111 31 4 43 4 30 5 13 4 97 15 5 53 4 44 46 5 4 32 20 16 58 16 55 57 4 41 4 56 4 21 38 60 12 4 22 5 13 4 60 34 4 30 4 23 4 119 5 16 22 16 6 14 4 51 4 4 26 4 17 4 47 4 65 21 4 12 5 19 4 23 46 4 5 4 28 4 13 4 52 23 4 40 4 7 4 32 4 46 51 4 8 4 28 17 30 4 42 29 4 7 4 43 4 102 48 4 15 12 22 4 96 58 4 37 18 53 4 25 29 4 53 4 20 17 20 53 4 11 42 31 4 36 17 4 5 4 62 52 4 17 4 27 4 42 4 0 52 4 41 4 19 4 29 4 0 11 4 11 4 0 52 39 18 4 46 4 117 45 4 34 4 21 4 60 4 42 5 4 18 4 53 4 39 58 4 5 4 16 4 91 10 4 20 4 60 4 5 4 75 59 4 42 4 34 4 56 4 
iteration 700 best: 0.968598 time: 277569
66 45 8 110 59 8 96 14 8 13 49 4 40 4 77 52 4 20 4 68 31 8 78 32 4 38 4 4 44 12 85 22 8 101 16 8 32 42 8 27 21 12 69 14 4 5 4 58 32 4 57 4 22 4 47 4 63 33 4 55 4 13 4 105 50 8 84 11 8 84 11 4 34 4 91 45 16 17 16 76 29 4 53 4 54 4 5 4 73 6 4 18 4 57 4 8 7 8 33 8 110 41 4 28 4 50 4 6 4 23 5 8 40 34 4 40 4 41 4 32 4 34 37 8 45 9 4 90 50 8 112 11 8 92 18 8 9 15 4 16 4 5 4 27 5 4 33 4 57 36 4 40 4 28 4 0 49 4 5 4 18 22 4 48 4 43 4 15 59 4 21 4 91 19 4 33 4 116 54 16 25 16 21 43 12 45 4 25 4 59 52 4 49 4 39 4 96 32 4 5 4 18 23 16 57 16 2 5 51 13 4 49 4 0 56 16 42 16 48 57 4 35 4 10 4 63 53 4 48 4 31 55 4 30 4 39 4 111 31 4 43 4 30 5 13 4 97 15 5 53 4 44 46 5 4 32 20 16 58 16 55 57 4 41 4 56 4 21 38 60 12 4 22 5 13 4 60 34 4 30 4 23 4 119 5 16 22 16 6 14 4 51 4 4 26 4 17 4 47 4 65 21 4 12 5 19 4 23 46 4 5 4 28 4 13 4 52 23 4 40 4 7 4 32 4 46 51 4 8 4 28 17 30 4 42 29 4 7 4 43 4 102 48 4 15 12 22 4 96 58 4 37 18 53 4 25 29 4 53 4 20 17 20 53 4 11 42 31 4 36 17 4 5 4 62 52 4 17 4 27 4 42 4 0 52 4 41 4 19 4 29 4 0 11 4 11 4 0 52 39 18 4 46 4 117 45 4 34 4 21 4 60 4 42 5 4 18 4 53 4 39 58 4 5 4 16 4 91 10 4 20 4 60 4 5 4 75 59 4 42 4 34 4 56 4 
iteration 719 best: 0.968598 time: 285043
66 45 8 110 59 8 96 14 8 13 49 4 40 4 77 52 4 20 4 68 31 8 78 32 4 38 4 4 44 12 85 22 8 101 16 8 32 42 8 27 21 12 69 14 4 5 4 58 32 4 57 4 22 4 47 4 63 33 4 55 4 13 4 105 50 8 84 11 8 84 11 4 34 4 91 45 16 17 16 76 29 4 53 4 54 4 5 4 73 6 4 18 4 57 4 8 7 8 33 8 110 41 4 28 4 50 4 6 4 23 5 8 40 34 4 40 4 41 4 32 4 34 37 8 45 9 4 90 50 8 112 11 8 92 18 8 9 15 4 16 4 5 4 27 5 4 33 4 57 36 4 40 4 28 4 0 49 4 5 4 18 22 4 48 4 43 4 15 59 4 21 4 91 19 4 33 4 116 54 16 25 16 21 43 12 45 4 25 4 59 52 4 49 4 39 4 96 32 4 5 4 18 23 16 57 16 2 5 51 13 4 49 4 0 56 16 42 16 48 57 4 35 4 10 4 63 53 4 48 4 31 55 4 30 4 39 4 111 31 4 43 4 30 5 13 4 97 15 5 53 4 44 46 5 4 32 20 16 58 16 55 57 4 41 4 56 4 21 38 60 12 4 22 5 13 4 60 34 4 30 4 23 4 119 5 16 22 16 6 14 4 51 4 4 26 4 17 4 47 4 65 21 4 12 5 19 4 23 46 4 5 4 28 4 13 4 52 23 4 40 4 7 4 32 4 46 51 4 8 4 28 17 30 4 42 29 4 7 4 43 4 102 48 4 15 12 22 4 96 58 4 37 18 53 4 25 29 4 53 4 20 17 20 53 4 11 42 31 4 36 17 4 5 4 62 52 4 17 4 27 4 42 4 0 52 4 41 4 19 4 29 4 0 11 4 11 4 0 52 39 18 4 46 4 117 45 4 34 4 21 4 60 4 42 5 4 18 4 53 4 39 58 4 5 4 16 4 91 10 4 20 4 60 4 5 4 75 59 4 42 4 34 4 56 4 
iteration 738 best: 0.968598 time: 292527
66 45 8 110 59 8 96 14 8 13 49 4 40 4 77 52 4 20 4 68 31 8 78 32 4 38 4 4 44 12 85 22 8 101 16 8 32 42 8 27 21 12 69 14 4 5 4 58 32 4 57 4 22 4 47 4 63 33 4 55 4 13 4 105 50 8 84 11 8 84 11 4 34 4 91 45 16 17 16 76 29 4 53 4 54 4 5 4 73 6 4 18 4 57 4 8 7 8 33 8 110 41 4 28 4 50 4 6 4 23 5 8 40 34 4 40 4 41 4 32 4 34 37 8 45 9 4 90 50 8 112 11 8 92 18 8 9 15 4 16 4 5 4 27 5 4 33 4 57 36 4 40 4 28 4 0 49 4 5 4 18 22 4 48 4 43 4 15 59 4 21 4 91 19 4 33 4 116 54 16 25 16 21 43 12 45 4 25 4 59 52 4 49 4 39 4 96 32 4 5 4 18 23 16 57 16 2 5 51 13 4 49 4 0 56 16 42 16 48 57 4 35 4 10 4 63 53 4 48 4 31 55 4 30 4 39 4 111 31 4 43 4 30 5 13 4 97 15 5 53 4 44 46 5 4 32 20 16 58 16 55 57 4 41 4 56 4 21 38 60 12 4 22 5 13 4 60 34 4 30 4 23 4 119 5 16 22 16 6 14 4 51 4 4 26 4 17 4 47 4 65 21 4 12 5 19 4 23 46 4 5 4 28 4 13 4 52 23 4 40 4 7 4 32 4 46 51 4 8 4 28 17 30 4 42 29 4 7 4 43 4 102 48 4 15 12 22 4 96 58 4 37 18 53 4 25 29 4 53 4 20 17 20 53 4 11 42 31 4 36 17 4 5 4 62 52 4 17 4 27 4 42 4 0 52 4 41 4 19 4 29 4 0 11 4 11 4 0 52 39 18 4 46 4 117 45 4 34 4 21 4 60 4 42 5 4 18 4 53 4 39 58 4 5 4 16 4 91 10 4 20 4 60 4 5 4 75 59 4 42 4 34 4 56 4 
iteration 757 best: 0.968598 time: 300028
66 45 8 110 59 8 96 14 8 13 49 4 40 4 77 52 4 20 4 68 31 8 78 32 4 38 4 4 44 12 85 22 8 101 16 8 32 42 8 27 21 12 69 14 4 5 4 58 32 4 57 4 22 4 47 4 63 33 4 55 4 13 4 105 50 8 84 11 8 84 11 4 34 4 91 45 16 17 16 76 29 4 53 4 54 4 5 4 73 6 4 18 4 57 4 8 7 8 33 8 110 41 4 28 4 50 4 6 4 23 5 8 40 34 4 40 4 41 4 32 4 34 37 8 45 9 4 90 50 8 112 11 8 92 18 8 9 15 4 16 4 5 4 27 5 4 33 4 57 36 4 40 4 28 4 0 49 4 5 4 18 22 4 48 4 43 4 15 59 4 21 4 91 19 4 33 4 116 54 16 25 16 21 43 12 45 4 25 4 59 52 4 49 4 39 4 96 32 4 5 4 18 23 16 57 16 2 5 51 13 4 49 4 0 56 16 42 16 48 57 4 35 4 10 4 63 53 4 48 4 31 55 4 30 4 39 4 111 31 4 43 4 30 5 13 4 97 15 5 53 4 44 46 5 4 32 20 16 58 16 55 57 4 41 4 56 4 21 38 60 12 4 22 5 13 4 60 34 4 30 4 23 4 119 5 16 22 16 6 14 4 51 4 4 26 4 17 4 47 4 65 21 4 12 5 19 4 23 46 4 5 4 28 4 13 4 52 23 4 40 4 7 4 32 4 46 51 4 8 4 28 17 30 4 42 29 4 7 4 43 4 102 48 4 15 12 22 4 96 58 4 37 18 53 4 25 29 4 53 4 20 17 20 53 4 11 42 31 4 36 17 4 5 4 62 52 4 17 4 27 4 42 4 0 52 4 41 4 19 4 29 4 0 11 4 11 4 0 52 39 18 4 46 4 117 45 4 34 4 21 4 60 4 42 5 4 18 4 53 4 39 58 4 5 4 16 4 91 10 4 20 4 60 4 5 4 75 59 4 42 4 34 4 56 4 
iteration 776 best: 0.968598 time: 307547
66 45 8 110 59 8 96 14 8 13 49 4 40 4 77 52 4 20 4 68 31 8 78 32 4 38 4 4 44 12 85 22 8 101 16 8 32 42 8 27 21 12 69 14 4 5 4 58 32 4 57 4 22 4 47 4 63 33 4 55 4 13 4 105 50 8 84 11 8 84 11 4 34 4 91 45 16 17 16 76 29 4 53 4 54 4 5 4 73 6 4 18 4 57 4 8 7 8 33 8 110 41 4 28 4 50 4 6 4 23 5 8 40 34 4 40 4 41 4 32 4 34 37 8 45 9 4 90 50 8 112 11 8 92 18 8 9 15 4 16 4 5 4 27 5 4 33 4 57 36 4 40 4 28 4 0 49 4 5 4 18 22 4 48 4 43 4 15 59 4 21 4 91 19 4 33 4 116 54 16 25 16 21 43 12 45 4 25 4 59 52 4 49 4 39 4 96 32 4 5 4 18 23 16 57 16 2 5 51 13 4 49 4 0 56 16 42 16 48 57 4 35 4 10 4 63 53 4 48 4 31 55 4 30 4 39 4 111 31 4 43 4 30 5 13 4 97 15 5 53 4 44 46 5 4 32 20 16 58 16 55 57 4 41 4 56 4 21 38 60 12 4 22 5 13 4 60 34 4 30 4 23 4 119 5 16 22 16 6 14 4 51 4 4 26 4 17 4 47 4 65 21 4 12 5 19 4 23 46 4 5 4 28 4 13 4 52 23 4 40 4 7 4 32 4 46 51 4 8 4 28 17 30 4 42 29 4 7 4 43 4 102 48 4 15 12 22 4 96 58 4 37 18 53 4 25 29 4 53 4 20 17 20 53 4 11 42 31 4 36 17 4 5 4 62 52 4 17 4 27 4 42 4 0 52 4 41 4 19 4 29 4 0 11 4 11 4 0 52 39 18 4 46 4 117 45 4 34 4 21 4 60 4 42 5 4 18 4 53 4 39 58 4 5 4 16 4 91 10 4 20 4 60 4 5 4 75 59 4 42 4 34 4 56 4 
iteration 795 best: 0.968598 time: 315070
66 45 8 110 59 8 96 14 8 13 49 4 40 4 77 52 4 20 4 68 31 8 78 32 4 38 4 4 44 12 85 22 8 101 16 8 32 42 8 27 21 12 69 14 4 5 4 58 32 4 57 4 22 4 47 4 63 33 4 55 4 13 4 105 50 8 84 11 8 84 11 4 34 4 91 45 16 17 16 76 29 4 53 4 54 4 5 4 73 6 4 18 4 57 4 8 7 8 33 8 110 41 4 28 4 50 4 6 4 23 5 8 40 34 4 40 4 41 4 32 4 34 37 8 45 9 4 90 50 8 112 11 8 92 18 8 9 15 4 16 4 5 4 27 5 4 33 4 57 36 4 40 4 28 4 0 49 4 5 4 18 22 4 48 4 43 4 15 59 4 21 4 91 19 4 33 4 116 54 16 25 16 21 43 12 45 4 25 4 59 52 4 49 4 39 4 96 32 4 5 4 18 23 16 57 16 2 5 51 13 4 49 4 0 56 16 42 16 48 57 4 35 4 10 4 63 53 4 48 4 31 55 4 30 4 39 4 111 31 4 43 4 30 5 13 4 97 15 5 53 4 44 46 5 4 32 20 16 58 16 55 57 4 41 4 56 4 21 38 60 12 4 22 5 13 4 60 34 4 30 4 23 4 119 5 16 22 16 6 14 4 51 4 4 26 4 17 4 47 4 65 21 4 12 5 19 4 23 46 4 5 4 28 4 13 4 52 23 4 40 4 7 4 32 4 46 51 4 8 4 28 17 30 4 42 29 4 7 4 43 4 102 48 4 15 12 22 4 96 58 4 37 18 53 4 25 29 4 53 4 20 17 20 53 4 11 42 31 4 36 17 4 5 4 62 52 4 17 4 27 4 42 4 0 52 4 41 4 19 4 29 4 0 11 4 11 4 0 52 39 18 4 46 4 117 45 4 34 4 21 4 60 4 42 5 4 18 4 53 4 39 58 4 5 4 16 4 91 10 4 20 4 60 4 5 4 75 59 4 42 4 34 4 56 4 
iteration 814 best: 0.968598 time: 322559
66 45 8 110 59 8 96 14 8 13 49 4 40 4 77 52 4 20 4 68 31 8 78 32 4 38 4 4 44 12 85 22 8 101 16 8 32 42 8 27 21 12 69 14 4 5 4 58 32 4 57 4 22 4 47 4 63 33 4 55 4 13 4 105 50 8 84 11 8 84 11 4 34 4 91 45 16 17 16 76 29 4 53 4 54 4 5 4 73 6 4 18 4 57 4 8 7 8 33 8 110 41 4 28 4 50 4 6 4 23 5 8 40 34 4 40 4 41 4 32 4 34 37 8 45 9 4 90 50 8 112 11 8 92 18 8 9 15 4 16 4 5 4 27 5 4 33 4 57 36 4 40 4 28 4 0 49 4 5 4 18 22 4 48 4 43 4 15 59 4 21 4 91 19 4 33 4 116 54 16 25 16 21 43 12 45 4 25 4 59 52 4 49 4 39 4 96 32 4 5 4 18 23 16 57 16 2 5 51 13 4 49 4 0 56 16 42 16 48 57 4 35 4 10 4 63 53 4 48 4 31 55 4 30 4 39 4 111 31 4 43 4 30 5 13 4 97 15 5 53 4 44 46 5 4 32 20 16 58 16 55 57 4 41 4 56 4 21 38 60 12 4 22 5 13 4 60 34 4 30 4 23 4 119 5 16 22 16 6 14 4 51 4 4 26 4 17 4 47 4 65 21 4 12 5 19 4 23 46 4 5 4 28 4 13 4 52 23 4 40 4 7 4 32 4 46 51 4 8 4 28 17 30 4 42 29 4 7 4 43 4 102 48 4 15 12 22 4 96 58 4 37 18 53 4 25 29 4 53 4 20 17 20 53 4 11 42 31 4 36 17 4 5 4 62 52 4 17 4 27 4 42 4 0 52 4 41 4 19 4 29 4 0 11 4 11 4 0 52 39 18 4 46 4 117 45 4 34 4 21 4 60 4 42 5 4 18 4 53 4 39 58 4 5 4 16 4 91 10 4 20 4 60 4 5 4 75 59 4 42 4 34 4 56 4 
iteration 833 best: 0.968598 time: 330064
66 45 8 110 59 8 96 14 8 13 49 4 40 4 77 52 4 20 4 68 31 8 78 32 4 38 4 4 44 12 85 22 8 101 16 8 32 42 8 27 21 12 69 14 4 5 4 58 32 4 57 4 22 4 47 4 63 33 4 55 4 13 4 105 50 8 84 11 8 84 11 4 34 4 91 45 16 17 16 76 29 4 53 4 54 4 5 4 73 6 4 18 4 57 4 8 7 8 33 8 110 41 4 28 4 50 4 6 4 23 5 8 40 34 4 40 4 41 4 32 4 34 37 8 45 9 4 90 50 8 112 11 8 92 18 8 9 15 4 16 4 5 4 27 5 4 33 4 57 36 4 40 4 28 4 0 49 4 5 4 18 22 4 48 4 43 4 15 59 4 21 4 91 19 4 33 4 116 54 16 25 16 21 43 12 45 4 25 4 59 52 4 49 4 39 4 96 32 4 5 4 18 23 16 57 16 2 5 51 13 4 49 4 0 56 16 42 16 48 57 4 35 4 10 4 63 53 4 48 4 31 55 4 30 4 39 4 111 31 4 43 4 30 5 13 4 97 15 5 53 4 44 46 5 4 32 20 16 58 16 55 57 4 41 4 56 4 21 38 60 12 4 22 5 13 4 60 34 4 30 4 23 4 119 5 16 22 16 6 14 4 51 4 4 26 4 17 4 47 4 65 21 4 12 5 19 4 23 46 4 5 4 28 4 13 4 52 23 4 40 4 7 4 32 4 46 51 4 8 4 28 17 30 4 42 29 4 7 4 43 4 102 48 4 15 12 22 4 96 58 4 37 18 53 4 25 29 4 53 4 20 17 20 53 4 11 42 31 4 36 17 4 5 4 62 52 4 17 4 27 4 42 4 0 52 4 41 4 19 4 29 4 0 11 4 11 4 0 52 39 18 4 46 4 117 45 4 34 4 21 4 60 4 42 5 4 18 4 53 4 39 58 4 5 4 16 4 91 10 4 20 4 60 4 5 4 75 59 4 42 4 34 4 56 4 
iteration 852 best: 0.968598 time: 337570
66 45 8 110 59 8 96 14 8 13 49 4 40 4 77 52 4 20 4 68 31 8 78 32 4 38 4 4 44 12 85 22 8 101 16 8 32 42 8 27 21 12 69 14 4 5 4 58 32 4 57 4 22 4 47 4 63 33 4 55 4 13 4 105 50 8 84 11 8 84 11 4 34 4 91 45 16 17 16 76 29 4 53 4 54 4 5 4 73 6 4 18 4 57 4 8 7 8 33 8 110 41 4 28 4 50 4 6 4 23 5 8 40 34 4 40 4 41 4 32 4 34 37 8 45 9 4 90 50 8 112 11 8 92 18 8 9 15 4 16 4 5 4 27 5 4 33 4 57 36 4 40 4 28 4 0 49 4 5 4 18 22 4 48 4 43 4 15 59 4 21 4 91 19 4 33 4 116 54 16 25 16 21 43 12 45 4 25 4 59 52 4 49 4 39 4 96 32 4 5 4 18 23 16 57 16 2 5 51 13 4 49 4 0 56 16 42 16 48 57 4 35 4 10 4 63 53 4 48 4 31 55 4 30 4 39 4 111 31 4 43 4 30 5 13 4 97 15 5 53 4 44 46 5 4 32 20 16 58 16 55 57 4 41 4 56 4 21 38 60 12 4 22 5 13 4 60 34 4 30 4 23 4 119 5 16 22 16 6 14 4 51 4 4 26 4 17 4 47 4 65 21 4 12 5 19 4 23 46 4 5 4 28 4 13 4 52 23 4 40 4 7 4 32 4 46 51 4 8 4 28 17 30 4 42 29 4 7 4 43 4 102 48 4 15 12 22 4 96 58 4 37 18 53 4 25 29 4 53 4 20 17 20 53 4 11 42 31 4 36 17 4 5 4 62 52 4 17 4 27 4 42 4 0 52 4 41 4 19 4 29 4 0 11 4 11 4 0 52 39 18 4 46 4 117 45 4 34 4 21 4 60 4 42 5 4 18 4 53 4 39 58 4 5 4 16 4 91 10 4 20 4 60 4 5 4 75 59 4 42 4 34 4 56 4 
iteration 871 best: 0.968598 time: 345100
66 45 8 110 59 8 96 14 8 13 49 4 40 4 77 52 4 20 4 68 31 8 78 32 4 38 4 4 44 12 85 22 8 101 16 8 32 42 8 27 21 12 69 14 4 5 4 58 32 4 57 4 22 4 47 4 63 33 4 55 4 13 4 105 50 8 84 11 8 84 11 4 34 4 91 45 16 17 16 76 29 4 53 4 54 4 5 4 73 6 4 18 4 57 4 8 7 8 33 8 110 41 4 28 4 50 4 6 4 23 5 8 40 34 4 40 4 41 4 32 4 34 37 8 45 9 4 90 50 8 112 11 8 92 18 8 9 15 4 16 4 5 4 27 5 4 33 4 57 36 4 40 4 28 4 0 49 4 5 4 18 22 4 48 4 43 4 15 59 4 21 4 91 19 4 33 4 116 54 16 25 16 21 43 12 45 4 25 4 59 52 4 49 4 39 4 96 32 4 5 4 18 23 16 57 16 2 5 51 13 4 49 4 0 56 16 42 16 48 57 4 35 4 10 4 63 53 4 48 4 31 55 4 30 4 39 4 111 31 4 43 4 30 5 13 4 97 15 5 53 4 44 46 5 4 32 20 16 58 16 55 57 4 41 4 56 4 21 38 60 12 4 22 5 13 4 60 34 4 30 4 23 4 119 5 16 22 16 6 14 4 51 4 4 26 4 17 4 47 4 65 21 4 12 5 19 4 23 46 4 5 4 28 4 13 4 52 23 4 40 4 7 4 32 4 46 51 4 8 4 28 17 30 4 42 29 4 7 4 43 4 102 48 4 15 12 22 4 96 58 4 37 18 53 4 25 29 4 53 4 20 17 20 53 4 11 42 31 4 36 17 4 5 4 62 52 4 17 4 27 4 42 4 0 52 4 41 4 19 4 29 4 0 11 4 11 4 0 52 39 18 4 46 4 117 45 4 34 4 21 4 60 4 42 5 4 18 4 53 4 39 58 4 5 4 16 4 91 10 4 20 4 60 4 5 4 75 59 4 42 4 34 4 56 4 
iteration 890 best: 0.968598 time: 352608
66 45 8 110 59 8 96 14 8 13 49 4 40 4 77 52 4 20 4 68 31 8 78 32 4 38 4 4 44 12 85 22 8 101 16 8 32 42 8 27 21 12 69 14 4 5 4 58 32 4 57 4 22 4 47 4 63 33 4 55 4 13 4 105 50 8 84 11 8 84 11 4 34 4 91 45 16 17 16 76 29 4 53 4 54 4 5 4 73 6 4 18 4 57 4 8 7 8 33 8 110 41 4 28 4 50 4 6 4 23 5 8 40 34 4 40 4 41 4 32 4 34 37 8 45 9 4 90 50 8 112 11 8 92 18 8 9 15 4 16 4 5 4 27 5 4 33 4 57 36 4 40 4 28 4 0 49 4 5 4 18 22 4 48 4 43 4 15 59 4 21 4 91 19 4 33 4 116 54 16 25 16 21 43 12 45 4 25 4 59 52 4 49 4 39 4 96 32 4 5 4 18 23 16 57 16 2 5 51 13 4 49 4 0 56 16 42 16 48 57 4 35 4 10 4 63 53 4 48 4 31 55 4 30 4 39 4 111 31 4 43 4 30 5 13 4 97 15 5 53 4 44 46 5 4 32 20 16 58 16 55 57 4 41 4 56 4 21 38 60 12 4 22 5 13 4 60 34 4 30 4 23 4 119 5 16 22 16 6 14 4 51 4 4 26 4 17 4 47 4 65 21 4 12 5 19 4 23 46 4 5 4 28 4 13 4 52 23 4 40 4 7 4 32 4 46 51 4 8 4 28 17 30 4 42 29 4 7 4 43 4 102 48 4 15 12 22 4 96 58 4 37 18 53 4 25 29 4 53 4 20 17 20 53 4 11 42 31 4 36 17 4 5 4 62 52 4 17 4 27 4 42 4 0 52 4 41 4 19 4 29 4 0 11 4 11 4 0 52 39 18 4 46 4 117 45 4 34 4 21 4 60 4 42 5 4 18 4 53 4 39 58 4 5 4 16 4 91 10 4 20 4 60 4 5 4 75 59 4 42 4 34 4 56 4 
iteration 909 best: 0.968598 time: 360100
66 45 8 110 59 8 96 14 8 13 49 4 40 4 77 52 4 20 4 68 31 8 78 32 4 38 4 4 44 12 85 22 8 101 16 8 32 42 8 27 21 12 69 14 4 5 4 58 32 4 57 4 22 4 47 4 63 33 4 55 4 13 4 105 50 8 84 11 8 84 11 4 34 4 91 45 16 17 16 76 29 4 53 4 54 4 5 4 73 6 4 18 4 57 4 8 7 8 33 8 110 41 4 28 4 50 4 6 4 23 5 8 40 34 4 40 4 41 4 32 4 34 37 8 45 9 4 90 50 8 112 11 8 92 18 8 9 15 4 16 4 5 4 27 5 4 33 4 57 36 4 40 4 28 4 0 49 4 5 4 18 22 4 48 4 43 4 15 59 4 21 4 91 19 4 33 4 116 54 16 25 16 21 43 12 45 4 25 4 59 52 4 49 4 39 4 96 32 4 5 4 18 23 16 57 16 2 5 51 13 4 49 4 0 56 16 42 16 48 57 4 35 4 10 4 63 53 4 48 4 31 55 4 30 4 39 4 111 31 4 43 4 30 5 13 4 97 15 5 53 4 44 46 5 4 32 20 16 58 16 55 57 4 41 4 56 4 21 38 60 12 4 22 5 13 4 60 34 4 30 4 23 4 119 5 16 22 16 6 14 4 51 4 4 26 4 17 4 47 4 65 21 4 12 5 19 4 23 46 4 5 4 28 4 13 4 52 23 4 40 4 7 4 32 4 46 51 4 8 4 28 17 30 4 42 29 4 7 4 43 4 102 48 4 15 12 22 4 96 58 4 37 18 53 4 25 29 4 53 4 20 17 20 53 4 11 42 31 4 36 17 4 5 4 62 52 4 17 4 27 4 42 4 0 52 4 41 4 19 4 29 4 0 11 4 11 4 0 52 39 18 4 46 4 117 45 4 34 4 21 4 60 4 42 5 4 18 4 53 4 39 58 4 5 4 16 4 91 10 4 20 4 60 4 5 4 75 59 4 42 4 34 4 56 4 
iteration 928 best: 0.968598 time: 367591
66 45 8 110 59 8 96 14 8 13 49 4 40 4 77 52 4 20 4 68 31 8 78 32 4 38 4 4 44 12 85 22 8 101 16 8 32 42 8 27 21 12 69 14 4 5 4 58 32 4 57 4 22 4 47 4 63 33 4 55 4 13 4 105 50 8 84 11 8 84 11 4 34 4 91 45 16 17 16 76 29 4 53 4 54 4 5 4 73 6 4 18 4 57 4 8 7 8 33 8 110 41 4 28 4 50 4 6 4 23 5 8 40 34 4 40 4 41 4 32 4 34 37 8 45 9 4 90 50 8 112 11 8 92 18 8 9 15 4 16 4 5 4 27 5 4 33 4 57 36 4 40 4 28 4 0 49 4 5 4 18 22 4 48 4 43 4 15 59 4 21 4 91 19 4 33 4 116 54 16 25 16 21 43 12 45 4 25 4 59 52 4 49 4 39 4 96 32 4 5 4 18 23 16 57 16 2 5 51 13 4 49 4 0 56 16 42 16 48 57 4 35 4 10 4 63 53 4 48 4 31 55 4 30 4 39 4 111 31 4 43 4 30 5 13 4 97 15 5 53 4 44 46 5 4 32 20 16 58 16 55 57 4 41 4 56 4 21 38 60 12 4 22 5 13 4 60 34 4 30 4 23 4 119 5 16 22 16 6 14 4 51 4 4 26 4 17 4 47 4 65 21 4 12 5 19 4 23 46 4 5 4 28 4 13 4 52 23 4 40 4 7 4 32 4 46 51 4 8 4 28 17 30 4 42 29 4 7 4 43 4 102 48 4 15 12 22 4 96 58 4 37 18 53 4 25 29 4 53 4 20 17 20 53 4 11 42 31 4 36 17 4 5 4 62 52 4 17 4 27 4 42 4 0 52 4 41 4 19 4 29 4 0 11 4 11 4 0 52 39 18 4 46 4 117 45 4 34 4 21 4 60 4 42 5 4 18 4 53 4 39 58 4 5 4 16 4 91 10 4 20 4 60 4 5 4 75 59 4 42 4 34 4 56 4 
iteration 947 best: 0.968598 time: 375074
66 45 8 110 59 8 96 14 8 13 49 4 40 4 77 52 4 20 4 68 31 8 78 32 4 38 4 4 44 12 85 22 8 101 16 8 32 42 8 27 21 12 69 14 4 5 4 58 32 4 57 4 22 4 47 4 63 33 4 55 4 13 4 105 50 8 84 11 8 84 11 4 34 4 91 45 16 17 16 76 29 4 53 4 54 4 5 4 73 6 4 18 4 57 4 8 7 8 33 8 110 41 4 28 4 50 4 6 4 23 5 8 40 34 4 40 4 41 4 32 4 34 37 8 45 9 4 90 50 8 112 11 8 92 18 8 9 15 4 16 4 5 4 27 5 4 33 4 57 36 4 40 4 28 4 0 49 4 5 4 18 22 4 48 4 43 4 15 59 4 21 4 91 19 4 33 4 116 54 16 25 16 21 43 12 45 4 25 4 59 52 4 49 4 39 4 96 32 4 5 4 18 23 16 57 16 2 5 51 13 4 49 4 0 56 16 42 16 48 57 4 35 4 10 4 63 53 4 48 4 31 55 4 30 4 39 4 111 31 4 43 4 30 5 13 4 97 15 5 53 4 44 46 5 4 32 20 16 58 16 55 57 4 41 4 56 4 21 38 60 12 4 22 5 13 4 60 34 4 30 4 23 4 119 5 16 22 16 6 14 4 51 4 4 26 4 17 4 47 4 65 21 4 12 5 19 4 23 46 4 5 4 28 4 13 4 52 23 4 40 4 7 4 32 4 46 51 4 8 4 28 17 30 4 42 29 4 7 4 43 4 102 48 4 15 12 22 4 96 58 4 37 18 53 4 25 29 4 53 4 20 17 20 53 4 11 42 31 4 36 17 4 5 4 62 52 4 17 4 27 4 42 4 0 52 4 41 4 19 4 29 4 0 11 4 11 4 0 52 39 18 4 46 4 117 45 4 34 4 21 4 60 4 42 5 4 18 4 53 4 39 58 4 5 4 16 4 91 10 4 20 4 60 4 5 4 75 59 4 42 4 34 4 56 4 
iteration 966 best: 0.968598 time: 382591
66 45 8 110 59 8 96 14 8 13 49 4 40 4 77 52 4 20 4 68 31 8 78 32 4 38 4 4 44 12 85 22 8 101 16 8 32 42 8 27 21 12 69 14 4 5 4 58 32 4 57 4 22 4 47 4 63 33 4 55 4 13 4 105 50 8 84 11 8 84 11 4 34 4 91 45 16 17 16 76 29 4 53 4 54 4 5 4 73 6 4 18 4 57 4 8 7 8 33 8 110 41 4 28 4 50 4 6 4 23 5 8 40 34 4 40 4 41 4 32 4 34 37 8 45 9 4 90 50 8 112 11 8 92 18 8 9 15 4 16 4 5 4 27 5 4 33 4 57 36 4 40 4 28 4 0 49 4 5 4 18 22 4 48 4 43 4 15 59 4 21 4 91 19 4 33 4 116 54 16 25 16 21 43 12 45 4 25 4 59 52 4 49 4 39 4 96 32 4 5 4 18 23 16 57 16 2 5 51 13 4 49 4 0 56 16 42 16 48 57 4 35 4 10 4 63 53 4 48 4 31 55 4 30 4 39 4 111 31 4 43 4 30 5 13 4 97 15 5 53 4 44 46 5 4 32 20 16 58 16 55 57 4 41 4 56 4 21 38 60 12 4 22 5 13 4 60 34 4 30 4 23 4 119 5 16 22 16 6 14 4 51 4 4 26 4 17 4 47 4 65 21 4 12 5 19 4 23 46 4 5 4 28 4 13 4 52 23 4 40 4 7 4 32 4 46 51 4 8 4 28 17 30 4 42 29 4 7 4 43 4 102 48 4 15 12 22 4 96 58 4 37 18 53 4 25 29 4 53 4 20 17 20 53 4 11 42 31 4 36 17 4 5 4 62 52 4 17 4 27 4 42 4 0 52 4 41 4 19 4 29 4 0 11 4 11 4 0 52 39 18 4 46 4 117 45 4 34 4 21 4 60 4 42 5 4 18 4 53 4 39 58 4 5 4 16 4 91 10 4 20 4 60 4 5 4 75 59 4 42 4 34 4 56 4 
iteration 985 best: 0.968598 time: 390090
66 45 8 110 59 8 96 14 8 13 49 4 40 4 77 52 4 20 4 68 31 8 78 32 4 38 4 4 44 12 85 22 8 101 16 8 32 42 8 27 21 12 69 14 4 5 4 58 32 4 57 4 22 4 47 4 63 33 4 55 4 13 4 105 50 8 84 11 8 84 11 4 34 4 91 45 16 17 16 76 29 4 53 4 54 4 5 4 73 6 4 18 4 57 4 8 7 8 33 8 110 41 4 28 4 50 4 6 4 23 5 8 40 34 4 40 4 41 4 32 4 34 37 8 45 9 4 90 50 8 112 11 8 92 18 8 9 15 4 16 4 5 4 27 5 4 33 4 57 36 4 40 4 28 4 0 49 4 5 4 18 22 4 48 4 43 4 15 59 4 21 4 91 19 4 33 4 116 54 16 25 16 21 43 12 45 4 25 4 59 52 4 49 4 39 4 96 32 4 5 4 18 23 16 57 16 2 5 51 13 4 49 4 0 56 16 42 16 48 57 4 35 4 10 4 63 53 4 48 4 31 55 4 30 4 39 4 111 31 4 43 4 30 5 13 4 97 15 5 53 4 44 46 5 4 32 20 16 58 16 55 57 4 41 4 56 4 21 38 60 12 4 22 5 13 4 60 34 4 30 4 23 4 119 5 16 22 16 6 14 4 51 4 4 26 4 17 4 47 4 65 21 4 12 5 19 4 23 46 4 5 4 28 4 13 4 52 23 4 40 4 7 4 32 4 46 51 4 8 4 28 17 30 4 42 29 4 7 4 43 4 102 48 4 15 12 22 4 96 58 4 37 18 53 4 25 29 4 53 4 20 17 20 53 4 11 42 31 4 36 17 4 5 4 62 52 4 17 4 27 4 42 4 0 52 4 41 4 19 4 29 4 0 11 4 11 4 0 52 39 18 4 46 4 117 45 4 34 4 21 4 60 4 42 5 4 18 4 53 4 39 58 4 5 4 16 4 91 10 4 20 4 60 4 5 4 75 59 4 42 4 34 4 56 4 
iteration 1004 best: 0.968598 time: 397565
66 45 8 110 59 8 96 14 8 13 49 4 40 4 77 52 4 20 4 68 31 8 78 32 4 38 4 4 44 12 85 22 8 101 16 8 32 42 8 27 21 12 69 14 4 5 4 58 32 4 57 4 22 4 47 4 63 33 4 55 4 13 4 105 50 8 84 11 8 84 11 4 34 4 91 45 16 17 16 76 29 4 53 4 54 4 5 4 73 6 4 18 4 57 4 8 7 8 33 8 110 41 4 28 4 50 4 6 4 23 5 8 40 34 4 40 4 41 4 32 4 34 37 8 45 9 4 90 50 8 112 11 8 92 18 8 9 15 4 16 4 5 4 27 5 4 33 4 57 36 4 40 4 28 4 0 49 4 5 4 18 22 4 48 4 43 4 15 59 4 21 4 91 19 4 33 4 116 54 16 25 16 21 43 12 45 4 25 4 59 52 4 49 4 39 4 96 32 4 5 4 18 23 16 57 16 2 5 51 13 4 49 4 0 56 16 42 16 48 57 4 35 4 10 4 63 53 4 48 4 31 55 4 30 4 39 4 111 31 4 43 4 30 5 13 4 97 15 5 53 4 44 46 5 4 32 20 16 58 16 55 57 4 41 4 56 4 21 38 60 12 4 22 5 13 4 60 34 4 30 4 23 4 119 5 16 22 16 6 14 4 51 4 4 26 4 17 4 47 4 65 21 4 12 5 19 4 23 46 4 5 4 28 4 13 4 52 23 4 40 4 7 4 32 4 46 51 4 8 4 28 17 30 4 42 29 4 7 4 43 4 102 48 4 15 12 22 4 96 58 4 37 18 53 4 25 29 4 53 4 20 17 20 53 4 11 42 31 4 36 17 4 5 4 62 52 4 17 4 27 4 42 4 0 52 4 41 4 19 4 29 4 0 11 4 11 4 0 52 39 18 4 46 4 117 45 4 34 4 21 4 60 4 42 5 4 18 4 53 4 39 58 4 5 4 16 4 91 10 4 20 4 60 4 5 4 75 59 4 42 4 34 4 56 4 
iteration 1023 best: 0.968598 time: 405060
66 45 8 110 59 8 96 14 8 13 49 4 40 4 77 52 4 20 4 68 31 8 78 32 4 38 4 4 44 12 85 22 8 101 16 8 32 42 8 27 21 12 69 14 4 5 4 58 32 4 57 4 22 4 47 4 63 33 4 55 4 13 4 105 50 8 84 11 8 84 11 4 34 4 91 45 16 17 16 76 29 4 53 4 54 4 5 4 73 6 4 18 4 57 4 8 7 8 33 8 110 41 4 28 4 50 4 6 4 23 5 8 40 34 4 40 4 41 4 32 4 34 37 8 45 9 4 90 50 8 112 11 8 92 18 8 9 15 4 16 4 5 4 27 5 4 33 4 57 36 4 40 4 28 4 0 49 4 5 4 18 22 4 48 4 43 4 15 59 4 21 4 91 19 4 33 4 116 54 16 25 16 21 43 12 45 4 25 4 59 52 4 49 4 39 4 96 32 4 5 4 18 23 16 57 16 2 5 51 13 4 49 4 0 56 16 42 16 48 57 4 35 4 10 4 63 53 4 48 4 31 55 4 30 4 39 4 111 31 4 43 4 30 5 13 4 97 15 5 53 4 44 46 5 4 32 20 16 58 16 55 57 4 41 4 56 4 21 38 60 12 4 22 5 13 4 60 34 4 30 4 23 4 119 5 16 22 16 6 14 4 51 4 4 26 4 17 4 47 4 65 21 4 12 5 19 4 23 46 4 5 4 28 4 13 4 52 23 4 40 4 7 4 32 4 46 51 4 8 4 28 17 30 4 42 29 4 7 4 43 4 102 48 4 15 12 22 4 96 58 4 37 18 53 4 25 29 4 53 4 20 17 20 53 4 11 42 31 4 36 17 4 5 4 62 52 4 17 4 27 4 42 4 0 52 4 41 4 19 4 29 4 0 11 4 11 4 0 52 39 18 4 46 4 117 45 4 34 4 21 4 60 4 42 5 4 18 4 53 4 39 58 4 5 4 16 4 91 10 4 20 4 60 4 5 4 75 59 4 42 4 34 4 56 4 
iteration 1042 best: 0.968598 time: 412544
66 45 8 110 59 8 96 14 8 13 49 4 40 4 77 52 4 20 4 68 31 8 78 32 4 38 4 4 44 12 85 22 8 101 16 8 32 42 8 27 21 12 69 14 4 5 4 58 32 4 57 4 22 4 47 4 63 33 4 55 4 13 4 105 50 8 84 11 8 84 11 4 34 4 91 45 16 17 16 76 29 4 53 4 54 4 5 4 73 6 4 18 4 57 4 8 7 8 33 8 110 41 4 28 4 50 4 6 4 23 5 8 40 34 4 40 4 41 4 32 4 34 37 8 45 9 4 90 50 8 112 11 8 92 18 8 9 15 4 16 4 5 4 27 5 4 33 4 57 36 4 40 4 28 4 0 49 4 5 4 18 22 4 48 4 43 4 15 59 4 21 4 91 19 4 33 4 116 54 16 25 16 21 43 12 45 4 25 4 59 52 4 49 4 39 4 96 32 4 5 4 18 23 16 57 16 2 5 51 13 4 49 4 0 56 16 42 16 48 57 4 35 4 10 4 63 53 4 48 4 31 55 4 30 4 39 4 111 31 4 43 4 30 5 13 4 97 15 5 53 4 44 46 5 4 32 20 16 58 16 55 57 4 41 4 56 4 21 38 60 12 4 22 5 13 4 60 34 4 30 4 23 4 119 5 16 22 16 6 14 4 51 4 4 26 4 17 4 47 4 65 21 4 12 5 19 4 23 46 4 5 4 28 4 13 4 52 23 4 40 4 7 4 32 4 46 51 4 8 4 28 17 30 4 42 29 4 7 4 43 4 102 48 4 15 12 22 4 96 58 4 37 18 53 4 25 29 4 53 4 20 17 20 53 4 11 42 31 4 36 17 4 5 4 62 52 4 17 4 27 4 42 4 0 52 4 41 4 19 4 29 4 0 11 4 11 4 0 52 39 18 4 46 4 117 45 4 34 4 21 4 60 4 42 5 4 18 4 53 4 39 58 4 5 4 16 4 91 10 4 20 4 60 4 5 4 75 59 4 42 4 34 4 56 4 
iteration 1061 best: 0.968598 time: 420042
66 45 8 110 59 8 96 14 8 13 49 4 40 4 77 52 4 20 4 68 31 8 78 32 4 38 4 4 44 12 85 22 8 101 16 8 32 42 8 27 21 12 69 14 4 5 4 58 32 4 57 4 22 4 47 4 63 33 4 55 4 13 4 105 50 8 84 11 8 84 11 4 34 4 91 45 16 17 16 76 29 4 53 4 54 4 5 4 73 6 4 18 4 57 4 8 7 8 33 8 110 41 4 28 4 50 4 6 4 23 5 8 40 34 4 40 4 41 4 32 4 34 37 8 45 9 4 90 50 8 112 11 8 92 18 8 9 15 4 16 4 5 4 27 5 4 33 4 57 36 4 40 4 28 4 0 49 4 5 4 18 22 4 48 4 43 4 15 59 4 21 4 91 19 4 33 4 116 54 16 25 16 21 43 12 45 4 25 4 59 52 4 49 4 39 4 96 32 4 5 4 18 23 16 57 16 2 5 51 13 4 49 4 0 56 16 42 16 48 57 4 35 4 10 4 63 53 4 48 4 31 55 4 30 4 39 4 111 31 4 43 4 30 5 13 4 97 15 5 53 4 44 46 5 4 32 20 16 58 16 55 57 4 41 4 56 4 21 38 60 12 4 22 5 13 4 60 34 4 30 4 23 4 119 5 16 22 16 6 14 4 51 4 4 26 4 17 4 47 4 65 21 4 12 5 19 4 23 46 4 5 4 28 4 13 4 52 23 4 40 4 7 4 32 4 46 51 4 8 4 28 17 30 4 42 29 4 7 4 43 4 102 48 4 15 12 22 4 96 58 4 37 18 53 4 25 29 4 53 4 20 17 20 53 4 11 42 31 4 36 17 4 5 4 62 52 4 17 4 27 4 42 4 0 52 4 41 4 19 4 29 4 0 11 4 11 4 0 52 39 18 4 46 4 117 45 4 34 4 21 4 60 4 42 5 4 18 4 53 4 39 58 4 5 4 16 4 91 10 4 20 4 60 4 5 4 75 59 4 42 4 34 4 56 4 
iteration 1080 best: 0.968598 time: 427531
66 45 8 110 59 8 96 14 8 13 49 4 40 4 77 52 4 20 4 68 31 8 78 32 4 38 4 4 44 12 85 22 8 101 16 8 32 42 8 27 21 12 69 14 4 5 4 58 32 4 57 4 22 4 47 4 63 33 4 55 4 13 4 105 50 8 84 11 8 84 11 4 34 4 91 45 16 17 16 76 29 4 53 4 54 4 5 4 73 6 4 18 4 57 4 8 7 8 33 8 110 41 4 28 4 50 4 6 4 23 5 8 40 34 4 40 4 41 4 32 4 34 37 8 45 9 4 90 50 8 112 11 8 92 18 8 9 15 4 16 4 5 4 27 5 4 33 4 57 36 4 40 4 28 4 0 49 4 5 4 18 22 4 48 4 43 4 15 59 4 21 4 91 19 4 33 4 116 54 16 25 16 21 43 12 45 4 25 4 59 52 4 49 4 39 4 96 32 4 5 4 18 23 16 57 16 2 5 51 13 4 49 4 0 56 16 42 16 48 57 4 35 4 10 4 63 53 4 48 4 31 55 4 30 4 39 4 111 31 4 43 4 30 5 13 4 97 15 5 53 4 44 46 5 4 32 20 16 58 16 55 57 4 41 4 56 4 21 38 60 12 4 22 5 13 4 60 34 4 30 4 23 4 119 5 16 22 16 6 14 4 51 4 4 26 4 17 4 47 4 65 21 4 12 5 19 4 23 46 4 5 4 28 4 13 4 52 23 4 40 4 7 4 32 4 46 51 4 8 4 28 17 30 4 42 29 4 7 4 43 4 102 48 4 15 12 22 4 96 58 4 37 18 53 4 25 29 4 53 4 20 17 20 53 4 11 42 31 4 36 17 4 5 4 62 52 4 17 4 27 4 42 4 0 52 4 41 4 19 4 29 4 0 11 4 11 4 0 52 39 18 4 46 4 117 45 4 34 4 21 4 60 4 42 5 4 18 4 53 4 39 58 4 5 4 16 4 91 10 4 20 4 60 4 5 4 75 59 4 42 4 34 4 56 4 
iteration 1099 best: 0.968598 time: 435023
66 45 8 110 59 8 96 14 8 13 49 4 40 4 77 52 4 20 4 68 31 8 78 32 4 38 4 4 44 12 85 22 8 101 16 8 32 42 8 27 21 12 69 14 4 5 4 58 32 4 57 4 22 4 47 4 63 33 4 55 4 13 4 105 50 8 84 11 8 84 11 4 34 4 91 45 16 17 16 76 29 4 53 4 54 4 5 4 73 6 4 18 4 57 4 8 7 8 33 8 110 41 4 28 4 50 4 6 4 23 5 8 40 34 4 40 4 41 4 32 4 34 37 8 45 9 4 90 50 8 112 11 8 92 18 8 9 15 4 16 4 5 4 27 5 4 33 4 57 36 4 40 4 28 4 0 49 4 5 4 18 22 4 48 4 43 4 15 59 4 21 4 91 19 4 33 4 116 54 16 25 16 21 43 12 45 4 25 4 59 52 4 49 4 39 4 96 32 4 5 4 18 23 16 57 16 2 5 51 13 4 49 4 0 56 16 42 16 48 57 4 35 4 10 4 63 53 4 48 4 31 55 4 30 4 39 4 111 31 4 43 4 30 5 13 4 97 15 5 53 4 44 46 5 4 32 20 16 58 16 55 57 4 41 4 56 4 21 38 60 12 4 22 5 13 4 60 34 4 30 4 23 4 119 5 16 22 16 6 14 4 51 4 4 26 4 17 4 47 4 65 21 4 12 5 19 4 23 46 4 5 4 28 4 13 4 52 23 4 40 4 7 4 32 4 46 51 4 8 4 28 17 30 4 42 29 4 7 4 43 4 102 48 4 15 12 22 4 96 58 4 37 18 53 4 25 29 4 53 4 20 17 20 53 4 11 42 31 4 36 17 4 5 4 62 52 4 17 4 27 4 42 4 0 52 4 41 4 19 4 29 4 0 11 4 11 4 0 52 39 18 4 46 4 117 45 4 34 4 21 4 60 4 42 5 4 18 4 53 4 39 58 4 5 4 16 4 91 10 4 20 4 60 4 5 4 75 59 4 42 4 34 4 56 4 
iteration 1118 best: 0.968598 time: 442498
66 45 8 110 59 8 96 14 8 13 49 4 40 4 77 52 4 20 4 68 31 8 78 32 4 38 4 4 44 12 85 22 8 101 16 8 32 42 8 27 21 12 69 14 4 5 4 58 32 4 57 4 22 4 47 4 63 33 4 55 4 13 4 105 50 8 84 11 8 84 11 4 34 4 91 45 16 17 16 76 29 4 53 4 54 4 5 4 73 6 4 18 4 57 4 8 7 8 33 8 110 41 4 28 4 50 4 6 4 23 5 8 40 34 4 40 4 41 4 32 4 34 37 8 45 9 4 90 50 8 112 11 8 92 18 8 9 15 4 16 4 5 4 27 5 4 33 4 57 36 4 40 4 28 4 0 49 4 5 4 18 22 4 48 4 43 4 15 59 4 21 4 91 19 4 33 4 116 54 16 25 16 21 43 12 45 4 25 4 59 52 4 49 4 39 4 96 32 4 5 4 18 23 16 57 16 2 5 51 13 4 49 4 0 56 16 42 16 48 57 4 35 4 10 4 63 53 4 48 4 31 55 4 30 4 39 4 111 31 4 43 4 30 5 13 4 97 15 5 53 4 44 46 5 4 32 20 16 58 16 55 57 4 41 4 56 4 21 38 60 12 4 22 5 13 4 60 34 4 30 4 23 4 119 5 16 22 16 6 14 4 51 4 4 26 4 17 4 47 4 65 21 4 12 5 19 4 23 46 4 5 4 28 4 13 4 52 23 4 40 4 7 4 32 4 46 51 4 8 4 28 17 30 4 42 29 4 7 4 43 4 102 48 4 15 12 22 4 96 58 4 37 18 53 4 25 29 4 53 4 20 17 20 53 4 11 42 31 4 36 17 4 5 4 62 52 4 17 4 27 4 42 4 0 52 4 41 4 19 4 29 4 0 11 4 11 4 0 52 39 18 4 46 4 117 45 4 34 4 21 4 60 4 42 5 4 18 4 53 4 39 58 4 5 4 16 4 91 10 4 20 4 60 4 5 4 75 59 4 42 4 34 4 56 4 
iteration 1137 best: 0.968598 time: 449994
66 45 8 110 59 8 96 14 8 13 49 4 40 4 77 52 4 20 4 68 31 8 78 32 4 38 4 4 44 12 85 22 8 101 16 8 32 42 8 27 21 12 69 14 4 5 4 58 32 4 57 4 22 4 47 4 63 33 4 55 4 13 4 105 50 8 84 11 8 84 11 4 34 4 91 45 16 17 16 76 29 4 53 4 54 4 5 4 73 6 4 18 4 57 4 8 7 8 33 8 110 41 4 28 4 50 4 6 4 23 5 8 40 34 4 40 4 41 4 32 4 34 37 8 45 9 4 90 50 8 112 11 8 92 18 8 9 15 4 16 4 5 4 27 5 4 33 4 57 36 4 40 4 28 4 0 49 4 5 4 18 22 4 48 4 43 4 15 59 4 21 4 91 19 4 33 4 116 54 16 25 16 21 43 12 45 4 25 4 59 52 4 49 4 39 4 96 32 4 5 4 18 23 16 57 16 2 5 51 13 4 49 4 0 56 16 42 16 48 57 4 35 4 10 4 63 53 4 48 4 31 55 4 30 4 39 4 111 31 4 43 4 30 5 13 4 97 15 5 53 4 44 46 5 4 32 20 16 58 16 55 57 4 41 4 56 4 21 38 60 12 4 22 5 13 4 60 34 4 30 4 23 4 119 5 16 22 16 6 14 4 51 4 4 26 4 17 4 47 4 65 21 4 12 5 19 4 23 46 4 5 4 28 4 13 4 52 23 4 40 4 7 4 32 4 46 51 4 8 4 28 17 30 4 42 29 4 7 4 43 4 102 48 4 15 12 22 4 96 58 4 37 18 53 4 25 29 4 53 4 20 17 20 53 4 11 42 31 4 36 17 4 5 4 62 52 4 17 4 27 4 42 4 0 52 4 41 4 19 4 29 4 0 11 4 11 4 0 52 39 18 4 46 4 117 45 4 34 4 21 4 60 4 42 5 4 18 4 53 4 39 58 4 5 4 16 4 91 10 4 20 4 60 4 5 4 75 59 4 42 4 34 4 56 4 
iteration 1156 best: 0.968598 time: 457469
66 45 8 110 59 8 96 14 8 13 49 4 40 4 77 52 4 20 4 68 31 8 78 32 4 38 4 4 44 12 85 22 8 101 16 8 32 42 8 27 21 12 69 14 4 5 4 58 32 4 57 4 22 4 47 4 63 33 4 55 4 13 4 105 50 8 84 11 8 84 11 4 34 4 91 45 16 17 16 76 29 4 53 4 54 4 5 4 73 6 4 18 4 57 4 8 7 8 33 8 110 41 4 28 4 50 4 6 4 23 5 8 40 34 4 40 4 41 4 32 4 34 37 8 45 9 4 90 50 8 112 11 8 92 18 8 9 15 4 16 4 5 4 27 5 4 33 4 57 36 4 40 4 28 4 0 49 4 5 4 18 22 4 48 4 43 4 15 59 4 21 4 91 19 4 33 4 116 54 16 25 16 21 43 12 45 4 25 4 59 52 4 49 4 39 4 96 32 4 5 4 18 23 16 57 16 2 5 51 13 4 49 4 0 56 16 42 16 48 57 4 35 4 10 4 63 53 4 48 4 31 55 4 30 4 39 4 111 31 4 43 4 30 5 13 4 97 15 5 53 4 44 46 5 4 32 20 16 58 16 55 57 4 41 4 56 4 21 38 60 12 4 22 5 13 4 60 34 4 30 4 23 4 119 5 16 22 16 6 14 4 51 4 4 26 4 17 4 47 4 65 21 4 12 5 19 4 23 46 4 5 4 28 4 13 4 52 23 4 40 4 7 4 32 4 46 51 4 8 4 28 17 30 4 42 29 4 7 4 43 4 102 48 4 15 12 22 4 96 58 4 37 18 53 4 25 29 4 53 4 20 17 20 53 4 11 42 31 4 36 17 4 5 4 62 52 4 17 4 27 4 42 4 0 52 4 41 4 19 4 29 4 0 11 4 11 4 0 52 39 18 4 46 4 117 45 4 34 4 21 4 60 4 42 5 4 18 4 53 4 39 58 4 5 4 16 4 91 10 4 20 4 60 4 5 4 75 59 4 42 4 34 4 56 4 
iteration 1175 best: 0.968598 time: 464953
66 45 8 110 59 8 96 14 8 13 49 4 40 4 77 52 4 20 4 68 31 8 78 32 4 38 4 4 44 12 85 22 8 101 16 8 32 42 8 27 21 12 69 14 4 5 4 58 32 4 57 4 22 4 47 4 63 33 4 55 4 13 4 105 50 8 84 11 8 84 11 4 34 4 91 45 16 17 16 76 29 4 53 4 54 4 5 4 73 6 4 18 4 57 4 8 7 8 33 8 110 41 4 28 4 50 4 6 4 23 5 8 40 34 4 40 4 41 4 32 4 34 37 8 45 9 4 90 50 8 112 11 8 92 18 8 9 15 4 16 4 5 4 27 5 4 33 4 57 36 4 40 4 28 4 0 49 4 5 4 18 22 4 48 4 43 4 15 59 4 21 4 91 19 4 33 4 116 54 16 25 16 21 43 12 45 4 25 4 59 52 4 49 4 39 4 96 32 4 5 4 18 23 16 57 16 2 5 51 13 4 49 4 0 56 16 42 16 48 57 4 35 4 10 4 63 53 4 48 4 31 55 4 30 4 39 4 111 31 4 43 4 30 5 13 4 97 15 5 53 4 44 46 5 4 32 20 16 58 16 55 57 4 41 4 56 4 21 38 60 12 4 22 5 13 4 60 34 4 30 4 23 4 119 5 16 22 16 6 14 4 51 4 4 26 4 17 4 47 4 65 21 4 12 5 19 4 23 46 4 5 4 28 4 13 4 52 23 4 40 4 7 4 32 4 46 51 4 8 4 28 17 30 4 42 29 4 7 4 43 4 102 48 4 15 12 22 4 96 58 4 37 18 53 4 25 29 4 53 4 20 17 20 53 4 11 42 31 4 36 17 4 5 4 62 52 4 17 4 27 4 42 4 0 52 4 41 4 19 4 29 4 0 11 4 11 4 0 52 39 18 4 46 4 117 45 4 34 4 21 4 60 4 42 5 4 18 4 53 4 39 58 4 5 4 16 4 91 10 4 20 4 60 4 5 4 75 59 4 42 4 34 4 56 4 
iteration 1194 best: 0.968598 time: 472470
66 45 8 110 59 8 96 14 8 13 49 4 40 4 77 52 4 20 4 68 31 8 78 32 4 38 4 4 44 12 85 22 8 101 16 8 32 42 8 27 21 12 69 14 4 5 4 58 32 4 57 4 22 4 47 4 63 33 4 55 4 13 4 105 50 8 84 11 8 84 11 4 34 4 91 45 16 17 16 76 29 4 53 4 54 4 5 4 73 6 4 18 4 57 4 8 7 8 33 8 110 41 4 28 4 50 4 6 4 23 5 8 40 34 4 40 4 41 4 32 4 34 37 8 45 9 4 90 50 8 112 11 8 92 18 8 9 15 4 16 4 5 4 27 5 4 33 4 57 36 4 40 4 28 4 0 49 4 5 4 18 22 4 48 4 43 4 15 59 4 21 4 91 19 4 33 4 116 54 16 25 16 21 43 12 45 4 25 4 59 52 4 49 4 39 4 96 32 4 5 4 18 23 16 57 16 2 5 51 13 4 49 4 0 56 16 42 16 48 57 4 35 4 10 4 63 53 4 48 4 31 55 4 30 4 39 4 111 31 4 43 4 30 5 13 4 97 15 5 53 4 44 46 5 4 32 20 16 58 16 55 57 4 41 4 56 4 21 38 60 12 4 22 5 13 4 60 34 4 30 4 23 4 119 5 16 22 16 6 14 4 51 4 4 26 4 17 4 47 4 65 21 4 12 5 19 4 23 46 4 5 4 28 4 13 4 52 23 4 40 4 7 4 32 4 46 51 4 8 4 28 17 30 4 42 29 4 7 4 43 4 102 48 4 15 12 22 4 96 58 4 37 18 53 4 25 29 4 53 4 20 17 20 53 4 11 42 31 4 36 17 4 5 4 62 52 4 17 4 27 4 42 4 0 52 4 41 4 19 4 29 4 0 11 4 11 4 0 52 39 18 4 46 4 117 45 4 34 4 21 4 60 4 42 5 4 18 4 53 4 39 58 4 5 4 16 4 91 10 4 20 4 60 4 5 4 75 59 4 42 4 34 4 56 4 
iteration 1213 best: 0.968598 time: 479982
66 45 8 110 59 8 96 14 8 13 49 4 40 4 77 52 4 20 4 68 31 8 78 32 4 38 4 4 44 12 85 22 8 101 16 8 32 42 8 27 21 12 69 14 4 5 4 58 32 4 57 4 22 4 47 4 63 33 4 55 4 13 4 105 50 8 84 11 8 84 11 4 34 4 91 45 16 17 16 76 29 4 53 4 54 4 5 4 73 6 4 18 4 57 4 8 7 8 33 8 110 41 4 28 4 50 4 6 4 23 5 8 40 34 4 40 4 41 4 32 4 34 37 8 45 9 4 90 50 8 112 11 8 92 18 8 9 15 4 16 4 5 4 27 5 4 33 4 57 36 4 40 4 28 4 0 49 4 5 4 18 22 4 48 4 43 4 15 59 4 21 4 91 19 4 33 4 116 54 16 25 16 21 43 12 45 4 25 4 59 52 4 49 4 39 4 96 32 4 5 4 18 23 16 57 16 2 5 51 13 4 49 4 0 56 16 42 16 48 57 4 35 4 10 4 63 53 4 48 4 31 55 4 30 4 39 4 111 31 4 43 4 30 5 13 4 97 15 5 53 4 44 46 5 4 32 20 16 58 16 55 57 4 41 4 56 4 21 38 60 12 4 22 5 13 4 60 34 4 30 4 23 4 119 5 16 22 16 6 14 4 51 4 4 26 4 17 4 47 4 65 21 4 12 5 19 4 23 46 4 5 4 28 4 13 4 52 23 4 40 4 7 4 32 4 46 51 4 8 4 28 17 30 4 42 29 4 7 4 43 4 102 48 4 15 12 22 4 96 58 4 37 18 53 4 25 29 4 53 4 20 17 20 53 4 11 42 31 4 36 17 4 5 4 62 52 4 17 4 27 4 42 4 0 52 4 41 4 19 4 29 4 0 11 4 11 4 0 52 39 18 4 46 4 117 45 4 34 4 21 4 60 4 42 5 4 18 4 53 4 39 58 4 5 4 16 4 91 10 4 20 4 60 4 5 4 75 59 4 42 4 34 4 56 4 
iteration 1232 best: 0.968598 time: 487475
66 45 8 110 59 8 96 14 8 13 49 4 40 4 77 52 4 20 4 68 31 8 78 32 4 38 4 4 44 12 85 22 8 101 16 8 32 42 8 27 21 12 69 14 4 5 4 58 32 4 57 4 22 4 47 4 63 33 4 55 4 13 4 105 50 8 84 11 8 84 11 4 34 4 91 45 16 17 16 76 29 4 53 4 54 4 5 4 73 6 4 18 4 57 4 8 7 8 33 8 110 41 4 28 4 50 4 6 4 23 5 8 40 34 4 40 4 41 4 32 4 34 37 8 45 9 4 90 50 8 112 11 8 92 18 8 9 15 4 16 4 5 4 27 5 4 33 4 57 36 4 40 4 28 4 0 49 4 5 4 18 22 4 48 4 43 4 15 59 4 21 4 91 19 4 33 4 116 54 16 25 16 21 43 12 45 4 25 4 59 52 4 49 4 39 4 96 32 4 5 4 18 23 16 57 16 2 5 51 13 4 49 4 0 56 16 42 16 48 57 4 35 4 10 4 63 53 4 48 4 31 55 4 30 4 39 4 111 31 4 43 4 30 5 13 4 97 15 5 53 4 44 46 5 4 32 20 16 58 16 55 57 4 41 4 56 4 21 38 60 12 4 22 5 13 4 60 34 4 30 4 23 4 119 5 16 22 16 6 14 4 51 4 4 26 4 17 4 47 4 65 21 4 12 5 19 4 23 46 4 5 4 28 4 13 4 52 23 4 40 4 7 4 32 4 46 51 4 8 4 28 17 30 4 42 29 4 7 4 43 4 102 48 4 15 12 22 4 96 58 4 37 18 53 4 25 29 4 53 4 20 17 20 53 4 11 42 31 4 36 17 4 5 4 62 52 4 17 4 27 4 42 4 0 52 4 41 4 19 4 29 4 0 11 4 11 4 0 52 39 18 4 46 4 117 45 4 34 4 21 4 60 4 42 5 4 18 4 53 4 39 58 4 5 4 16 4 91 10 4 20 4 60 4 5 4 75 59 4 42 4 34 4 56 4 
iteration 1251 best: 0.968598 time: 494959
66 45 8 110 59 8 96 14 8 13 49 4 40 4 77 52 4 20 4 68 31 8 78 32 4 38 4 4 44 12 85 22 8 101 16 8 32 42 8 27 21 12 69 14 4 5 4 58 32 4 57 4 22 4 47 4 63 33 4 55 4 13 4 105 50 8 84 11 8 84 11 4 34 4 91 45 16 17 16 76 29 4 53 4 54 4 5 4 73 6 4 18 4 57 4 8 7 8 33 8 110 41 4 28 4 50 4 6 4 23 5 8 40 34 4 40 4 41 4 32 4 34 37 8 45 9 4 90 50 8 112 11 8 92 18 8 9 15 4 16 4 5 4 27 5 4 33 4 57 36 4 40 4 28 4 0 49 4 5 4 18 22 4 48 4 43 4 15 59 4 21 4 91 19 4 33 4 116 54 16 25 16 21 43 12 45 4 25 4 59 52 4 49 4 39 4 96 32 4 5 4 18 23 16 57 16 2 5 51 13 4 49 4 0 56 16 42 16 48 57 4 35 4 10 4 63 53 4 48 4 31 55 4 30 4 39 4 111 31 4 43 4 30 5 13 4 97 15 5 53 4 44 46 5 4 32 20 16 58 16 55 57 4 41 4 56 4 21 38 60 12 4 22 5 13 4 60 34 4 30 4 23 4 119 5 16 22 16 6 14 4 51 4 4 26 4 17 4 47 4 65 21 4 12 5 19 4 23 46 4 5 4 28 4 13 4 52 23 4 40 4 7 4 32 4 46 51 4 8 4 28 17 30 4 42 29 4 7 4 43 4 102 48 4 15 12 22 4 96 58 4 37 18 53 4 25 29 4 53 4 20 17 20 53 4 11 42 31 4 36 17 4 5 4 62 52 4 17 4 27 4 42 4 0 52 4 41 4 19 4 29 4 0 11 4 11 4 0 52 39 18 4 46 4 117 45 4 34 4 21 4 60 4 42 5 4 18 4 53 4 39 58 4 5 4 16 4 91 10 4 20 4 60 4 5 4 75 59 4 42 4 34 4 56 4 
iteration 1270 best: 0.968598 time: 502444
66 45 8 110 59 8 96 14 8 13 49 4 40 4 77 52 4 20 4 68 31 8 78 32 4 38 4 4 44 12 85 22 8 101 16 8 32 42 8 27 21 12 69 14 4 5 4 58 32 4 57 4 22 4 47 4 63 33 4 55 4 13 4 105 50 8 84 11 8 84 11 4 34 4 91 45 16 17 16 76 29 4 53 4 54 4 5 4 73 6 4 18 4 57 4 8 7 8 33 8 110 41 4 28 4 50 4 6 4 23 5 8 40 34 4 40 4 41 4 32 4 34 37 8 45 9 4 90 50 8 112 11 8 92 18 8 9 15 4 16 4 5 4 27 5 4 33 4 57 36 4 40 4 28 4 0 49 4 5 4 18 22 4 48 4 43 4 15 59 4 21 4 91 19 4 33 4 116 54 16 25 16 21 43 12 45 4 25 4 59 52 4 49 4 39 4 96 32 4 5 4 18 23 16 57 16 2 5 51 13 4 49 4 0 56 16 42 16 48 57 4 35 4 10 4 63 53 4 48 4 31 55 4 30 4 39 4 111 31 4 43 4 30 5 13 4 97 15 5 53 4 44 46 5 4 32 20 16 58 16 55 57 4 41 4 56 4 21 38 60 12 4 22 5 13 4 60 34 4 30 4 23 4 119 5 16 22 16 6 14 4 51 4 4 26 4 17 4 47 4 65 21 4 12 5 19 4 23 46 4 5 4 28 4 13 4 52 23 4 40 4 7 4 32 4 46 51 4 8 4 28 17 30 4 42 29 4 7 4 43 4 102 48 4 15 12 22 4 96 58 4 37 18 53 4 25 29 4 53 4 20 17 20 53 4 11 42 31 4 36 17 4 5 4 62 52 4 17 4 27 4 42 4 0 52 4 41 4 19 4 29 4 0 11 4 11 4 0 52 39 18 4 46 4 117 45 4 34 4 21 4 60 4 42 5 4 18 4 53 4 39 58 4 5 4 16 4 91 10 4 20 4 60 4 5 4 75 59 4 42 4 34 4 56 4 
iteration 1289 best: 0.968598 time: 509930
66 45 8 110 59 8 96 14 8 13 49 4 40 4 77 52 4 20 4 68 31 8 78 32 4 38 4 4 44 12 85 22 8 101 16 8 32 42 8 27 21 12 69 14 4 5 4 58 32 4 57 4 22 4 47 4 63 33 4 55 4 13 4 105 50 8 84 11 8 84 11 4 34 4 91 45 16 17 16 76 29 4 53 4 54 4 5 4 73 6 4 18 4 57 4 8 7 8 33 8 110 41 4 28 4 50 4 6 4 23 5 8 40 34 4 40 4 41 4 32 4 34 37 8 45 9 4 90 50 8 112 11 8 92 18 8 9 15 4 16 4 5 4 27 5 4 33 4 57 36 4 40 4 28 4 0 49 4 5 4 18 22 4 48 4 43 4 15 59 4 21 4 91 19 4 33 4 116 54 16 25 16 21 43 12 45 4 25 4 59 52 4 49 4 39 4 96 32 4 5 4 18 23 16 57 16 2 5 51 13 4 49 4 0 56 16 42 16 48 57 4 35 4 10 4 63 53 4 48 4 31 55 4 30 4 39 4 111 31 4 43 4 30 5 13 4 97 15 5 53 4 44 46 5 4 32 20 16 58 16 55 57 4 41 4 56 4 21 38 60 12 4 22 5 13 4 60 34 4 30 4 23 4 119 5 16 22 16 6 14 4 51 4 4 26 4 17 4 47 4 65 21 4 12 5 19 4 23 46 4 5 4 28 4 13 4 52 23 4 40 4 7 4 32 4 46 51 4 8 4 28 17 30 4 42 29 4 7 4 43 4 102 48 4 15 12 22 4 96 58 4 37 18 53 4 25 29 4 53 4 20 17 20 53 4 11 42 31 4 36 17 4 5 4 62 52 4 17 4 27 4 42 4 0 52 4 41 4 19 4 29 4 0 11 4 11 4 0 52 39 18 4 46 4 117 45 4 34 4 21 4 60 4 42 5 4 18 4 53 4 39 58 4 5 4 16 4 91 10 4 20 4 60 4 5 4 75 59 4 42 4 34 4 56 4 
iteration 1308 best: 0.968598 time: 517431
66 45 8 110 59 8 96 14 8 13 49 4 40 4 77 52 4 20 4 68 31 8 78 32 4 38 4 4 44 12 85 22 8 101 16 8 32 42 8 27 21 12 69 14 4 5 4 58 32 4 57 4 22 4 47 4 63 33 4 55 4 13 4 105 50 8 84 11 8 84 11 4 34 4 91 45 16 17 16 76 29 4 53 4 54 4 5 4 73 6 4 18 4 57 4 8 7 8 33 8 110 41 4 28 4 50 4 6 4 23 5 8 40 34 4 40 4 41 4 32 4 34 37 8 45 9 4 90 50 8 112 11 8 92 18 8 9 15 4 16 4 5 4 27 5 4 33 4 57 36 4 40 4 28 4 0 49 4 5 4 18 22 4 48 4 43 4 15 59 4 21 4 91 19 4 33 4 116 54 16 25 16 21 43 12 45 4 25 4 59 52 4 49 4 39 4 96 32 4 5 4 18 23 16 57 16 2 5 51 13 4 49 4 0 56 16 42 16 48 57 4 35 4 10 4 63 53 4 48 4 31 55 4 30 4 39 4 111 31 4 43 4 30 5 13 4 97 15 5 53 4 44 46 5 4 32 20 16 58 16 55 57 4 41 4 56 4 21 38 60 12 4 22 5 13 4 60 34 4 30 4 23 4 119 5 16 22 16 6 14 4 51 4 4 26 4 17 4 47 4 65 21 4 12 5 19 4 23 46 4 5 4 28 4 13 4 52 23 4 40 4 7 4 32 4 46 51 4 8 4 28 17 30 4 42 29 4 7 4 43 4 102 48 4 15 12 22 4 96 58 4 37 18 53 4 25 29 4 53 4 20 17 20 53 4 11 42 31 4 36 17 4 5 4 62 52 4 17 4 27 4 42 4 0 52 4 41 4 19 4 29 4 0 11 4 11 4 0 52 39 18 4 46 4 117 45 4 34 4 21 4 60 4 42 5 4 18 4 53 4 39 58 4 5 4 16 4 91 10 4 20 4 60 4 5 4 75 59 4 42 4 34 4 56 4 
iteration 1327 best: 0.968598 time: 524915
66 45 8 110 59 8 96 14 8 13 49 4 40 4 77 52 4 20 4 68 31 8 78 32 4 38 4 4 44 12 85 22 8 101 16 8 32 42 8 27 21 12 69 14 4 5 4 58 32 4 57 4 22 4 47 4 63 33 4 55 4 13 4 105 50 8 84 11 8 84 11 4 34 4 91 45 16 17 16 76 29 4 53 4 54 4 5 4 73 6 4 18 4 57 4 8 7 8 33 8 110 41 4 28 4 50 4 6 4 23 5 8 40 34 4 40 4 41 4 32 4 34 37 8 45 9 4 90 50 8 112 11 8 92 18 8 9 15 4 16 4 5 4 27 5 4 33 4 57 36 4 40 4 28 4 0 49 4 5 4 18 22 4 48 4 43 4 15 59 4 21 4 91 19 4 33 4 116 54 16 25 16 21 43 12 45 4 25 4 59 52 4 49 4 39 4 96 32 4 5 4 18 23 16 57 16 2 5 51 13 4 49 4 0 56 16 42 16 48 57 4 35 4 10 4 63 53 4 48 4 31 55 4 30 4 39 4 111 31 4 43 4 30 5 13 4 97 15 5 53 4 44 46 5 4 32 20 16 58 16 55 57 4 41 4 56 4 21 38 60 12 4 22 5 13 4 60 34 4 30 4 23 4 119 5 16 22 16 6 14 4 51 4 4 26 4 17 4 47 4 65 21 4 12 5 19 4 23 46 4 5 4 28 4 13 4 52 23 4 40 4 7 4 32 4 46 51 4 8 4 28 17 30 4 42 29 4 7 4 43 4 102 48 4 15 12 22 4 96 58 4 37 18 53 4 25 29 4 53 4 20 17 20 53 4 11 42 31 4 36 17 4 5 4 62 52 4 17 4 27 4 42 4 0 52 4 41 4 19 4 29 4 0 11 4 11 4 0 52 39 18 4 46 4 117 45 4 34 4 21 4 60 4 42 5 4 18 4 53 4 39 58 4 5 4 16 4 91 10 4 20 4 60 4 5 4 75 59 4 42 4 34 4 56 4 
iteration 1346 best: 0.968598 time: 532408
66 45 8 110 59 8 96 14 8 13 49 4 40 4 77 52 4 20 4 68 31 8 78 32 4 38 4 4 44 12 85 22 8 101 16 8 32 42 8 27 21 12 69 14 4 5 4 58 32 4 57 4 22 4 47 4 63 33 4 55 4 13 4 105 50 8 84 11 8 84 11 4 34 4 91 45 16 17 16 76 29 4 53 4 54 4 5 4 73 6 4 18 4 57 4 8 7 8 33 8 110 41 4 28 4 50 4 6 4 23 5 8 40 34 4 40 4 41 4 32 4 34 37 8 45 9 4 90 50 8 112 11 8 92 18 8 9 15 4 16 4 5 4 27 5 4 33 4 57 36 4 40 4 28 4 0 49 4 5 4 18 22 4 48 4 43 4 15 59 4 21 4 91 19 4 33 4 116 54 16 25 16 21 43 12 45 4 25 4 59 52 4 49 4 39 4 96 32 4 5 4 18 23 16 57 16 2 5 51 13 4 49 4 0 56 16 42 16 48 57 4 35 4 10 4 63 53 4 48 4 31 55 4 30 4 39 4 111 31 4 43 4 30 5 13 4 97 15 5 53 4 44 46 5 4 32 20 16 58 16 55 57 4 41 4 56 4 21 38 60 12 4 22 5 13 4 60 34 4 30 4 23 4 119 5 16 22 16 6 14 4 51 4 4 26 4 17 4 47 4 65 21 4 12 5 19 4 23 46 4 5 4 28 4 13 4 52 23 4 40 4 7 4 32 4 46 51 4 8 4 28 17 30 4 42 29 4 7 4 43 4 102 48 4 15 12 22 4 96 58 4 37 18 53 4 25 29 4 53 4 20 17 20 53 4 11 42 31 4 36 17 4 5 4 62 52 4 17 4 27 4 42 4 0 52 4 41 4 19 4 29 4 0 11 4 11 4 0 52 39 18 4 46 4 117 45 4 34 4 21 4 60 4 42 5 4 18 4 53 4 39 58 4 5 4 16 4 91 10 4 20 4 60 4 5 4 75 59 4 42 4 34 4 56 4 
iteration 1365 best: 0.968598 time: 539918
66 45 8 110 59 8 96 14 8 13 49 4 40 4 77 52 4 20 4 68 31 8 78 32 4 38 4 4 44 12 85 22 8 101 16 8 32 42 8 27 21 12 69 14 4 5 4 58 32 4 57 4 22 4 47 4 63 33 4 55 4 13 4 105 50 8 84 11 8 84 11 4 34 4 91 45 16 17 16 76 29 4 53 4 54 4 5 4 73 6 4 18 4 57 4 8 7 8 33 8 110 41 4 28 4 50 4 6 4 23 5 8 40 34 4 40 4 41 4 32 4 34 37 8 45 9 4 90 50 8 112 11 8 92 18 8 9 15 4 16 4 5 4 27 5 4 33 4 57 36 4 40 4 28 4 0 49 4 5 4 18 22 4 48 4 43 4 15 59 4 21 4 91 19 4 33 4 116 54 16 25 16 21 43 12 45 4 25 4 59 52 4 49 4 39 4 96 32 4 5 4 18 23 16 57 16 2 5 51 13 4 49 4 0 56 16 42 16 48 57 4 35 4 10 4 63 53 4 48 4 31 55 4 30 4 39 4 111 31 4 43 4 30 5 13 4 97 15 5 53 4 44 46 5 4 32 20 16 58 16 55 57 4 41 4 56 4 21 38 60 12 4 22 5 13 4 60 34 4 30 4 23 4 119 5 16 22 16 6 14 4 51 4 4 26 4 17 4 47 4 65 21 4 12 5 19 4 23 46 4 5 4 28 4 13 4 52 23 4 40 4 7 4 32 4 46 51 4 8 4 28 17 30 4 42 29 4 7 4 43 4 102 48 4 15 12 22 4 96 58 4 37 18 53 4 25 29 4 53 4 20 17 20 53 4 11 42 31 4 36 17 4 5 4 62 52 4 17 4 27 4 42 4 0 52 4 41 4 19 4 29 4 0 11 4 11 4 0 52 39 18 4 46 4 117 45 4 34 4 21 4 60 4 42 5 4 18 4 53 4 39 58 4 5 4 16 4 91 10 4 20 4 60 4 5 4 75 59 4 42 4 34 4 56 4 
iteration 1384 best: 0.968598 time: 547407
66 45 8 110 59 8 96 14 8 13 49 4 40 4 77 52 4 20 4 68 31 8 78 32 4 38 4 4 44 12 85 22 8 101 16 8 32 42 8 27 21 12 69 14 4 5 4 58 32 4 57 4 22 4 47 4 63 33 4 55 4 13 4 105 50 8 84 11 8 84 11 4 34 4 91 45 16 17 16 76 29 4 53 4 54 4 5 4 73 6 4 18 4 57 4 8 7 8 33 8 110 41 4 28 4 50 4 6 4 23 5 8 40 34 4 40 4 41 4 32 4 34 37 8 45 9 4 90 50 8 112 11 8 92 18 8 9 15 4 16 4 5 4 27 5 4 33 4 57 36 4 40 4 28 4 0 49 4 5 4 18 22 4 48 4 43 4 15 59 4 21 4 91 19 4 33 4 116 54 16 25 16 21 43 12 45 4 25 4 59 52 4 49 4 39 4 96 32 4 5 4 18 23 16 57 16 2 5 51 13 4 49 4 0 56 16 42 16 48 57 4 35 4 10 4 63 53 4 48 4 31 55 4 30 4 39 4 111 31 4 43 4 30 5 13 4 97 15 5 53 4 44 46 5 4 32 20 16 58 16 55 57 4 41 4 56 4 21 38 60 12 4 22 5 13 4 60 34 4 30 4 23 4 119 5 16 22 16 6 14 4 51 4 4 26 4 17 4 47 4 65 21 4 12 5 19 4 23 46 4 5 4 28 4 13 4 52 23 4 40 4 7 4 32 4 46 51 4 8 4 28 17 30 4 42 29 4 7 4 43 4 102 48 4 15 12 22 4 96 58 4 37 18 53 4 25 29 4 53 4 20 17 20 53 4 11 42 31 4 36 17 4 5 4 62 52 4 17 4 27 4 42 4 0 52 4 41 4 19 4 29 4 0 11 4 11 4 0 52 39 18 4 46 4 117 45 4 34 4 21 4 60 4 42 5 4 18 4 53 4 39 58 4 5 4 16 4 91 10 4 20 4 60 4 5 4 75 59 4 42 4 34 4 56 4 
iteration 1403 best: 0.968598 time: 554901
66 45 8 110 59 8 96 14 8 13 49 4 40 4 77 52 4 20 4 68 31 8 78 32 4 38 4 4 44 12 85 22 8 101 16 8 32 42 8 27 21 12 69 14 4 5 4 58 32 4 57 4 22 4 47 4 63 33 4 55 4 13 4 105 50 8 84 11 8 84 11 4 34 4 91 45 16 17 16 76 29 4 53 4 54 4 5 4 73 6 4 18 4 57 4 8 7 8 33 8 110 41 4 28 4 50 4 6 4 23 5 8 40 34 4 40 4 41 4 32 4 34 37 8 45 9 4 90 50 8 112 11 8 92 18 8 9 15 4 16 4 5 4 27 5 4 33 4 57 36 4 40 4 28 4 0 49 4 5 4 18 22 4 48 4 43 4 15 59 4 21 4 91 19 4 33 4 116 54 16 25 16 21 43 12 45 4 25 4 59 52 4 49 4 39 4 96 32 4 5 4 18 23 16 57 16 2 5 51 13 4 49 4 0 56 16 42 16 48 57 4 35 4 10 4 63 53 4 48 4 31 55 4 30 4 39 4 111 31 4 43 4 30 5 13 4 97 15 5 53 4 44 46 5 4 32 20 16 58 16 55 57 4 41 4 56 4 21 38 60 12 4 22 5 13 4 60 34 4 30 4 23 4 119 5 16 22 16 6 14 4 51 4 4 26 4 17 4 47 4 65 21 4 12 5 19 4 23 46 4 5 4 28 4 13 4 52 23 4 40 4 7 4 32 4 46 51 4 8 4 28 17 30 4 42 29 4 7 4 43 4 102 48 4 15 12 22 4 96 58 4 37 18 53 4 25 29 4 53 4 20 17 20 53 4 11 42 31 4 36 17 4 5 4 62 52 4 17 4 27 4 42 4 0 52 4 41 4 19 4 29 4 0 11 4 11 4 0 52 39 18 4 46 4 117 45 4 34 4 21 4 60 4 42 5 4 18 4 53 4 39 58 4 5 4 16 4 91 10 4 20 4 60 4 5 4 75 59 4 42 4 34 4 56 4 
iteration 1422 best: 0.968598 time: 562414
66 45 8 110 59 8 96 14 8 13 49 4 40 4 77 52 4 20 4 68 31 8 78 32 4 38 4 4 44 12 85 22 8 101 16 8 32 42 8 27 21 12 69 14 4 5 4 58 32 4 57 4 22 4 47 4 63 33 4 55 4 13 4 105 50 8 84 11 8 84 11 4 34 4 91 45 16 17 16 76 29 4 53 4 54 4 5 4 73 6 4 18 4 57 4 8 7 8 33 8 110 41 4 28 4 50 4 6 4 23 5 8 40 34 4 40 4 41 4 32 4 34 37 8 45 9 4 90 50 8 112 11 8 92 18 8 9 15 4 16 4 5 4 27 5 4 33 4 57 36 4 40 4 28 4 0 49 4 5 4 18 22 4 48 4 43 4 15 59 4 21 4 91 19 4 33 4 116 54 16 25 16 21 43 12 45 4 25 4 59 52 4 49 4 39 4 96 32 4 5 4 18 23 16 57 16 2 5 51 13 4 49 4 0 56 16 42 16 48 57 4 35 4 10 4 63 53 4 48 4 31 55 4 30 4 39 4 111 31 4 43 4 30 5 13 4 97 15 5 53 4 44 46 5 4 32 20 16 58 16 55 57 4 41 4 56 4 21 38 60 12 4 22 5 13 4 60 34 4 30 4 23 4 119 5 16 22 16 6 14 4 51 4 4 26 4 17 4 47 4 65 21 4 12 5 19 4 23 46 4 5 4 28 4 13 4 52 23 4 40 4 7 4 32 4 46 51 4 8 4 28 17 30 4 42 29 4 7 4 43 4 102 48 4 15 12 22 4 96 58 4 37 18 53 4 25 29 4 53 4 20 17 20 53 4 11 42 31 4 36 17 4 5 4 62 52 4 17 4 27 4 42 4 0 52 4 41 4 19 4 29 4 0 11 4 11 4 0 52 39 18 4 46 4 117 45 4 34 4 21 4 60 4 42 5 4 18 4 53 4 39 58 4 5 4 16 4 91 10 4 20 4 60 4 5 4 75 59 4 42 4 34 4 56 4 
iteration 1441 best: 0.968598 time: 569897
66 45 8 110 59 8 96 14 8 13 49 4 40 4 77 52 4 20 4 68 31 8 78 32 4 38 4 4 44 12 85 22 8 101 16 8 32 42 8 27 21 12 69 14 4 5 4 58 32 4 57 4 22 4 47 4 63 33 4 55 4 13 4 105 50 8 84 11 8 84 11 4 34 4 91 45 16 17 16 76 29 4 53 4 54 4 5 4 73 6 4 18 4 57 4 8 7 8 33 8 110 41 4 28 4 50 4 6 4 23 5 8 40 34 4 40 4 41 4 32 4 34 37 8 45 9 4 90 50 8 112 11 8 92 18 8 9 15 4 16 4 5 4 27 5 4 33 4 57 36 4 40 4 28 4 0 49 4 5 4 18 22 4 48 4 43 4 15 59 4 21 4 91 19 4 33 4 116 54 16 25 16 21 43 12 45 4 25 4 59 52 4 49 4 39 4 96 32 4 5 4 18 23 16 57 16 2 5 51 13 4 49 4 0 56 16 42 16 48 57 4 35 4 10 4 63 53 4 48 4 31 55 4 30 4 39 4 111 31 4 43 4 30 5 13 4 97 15 5 53 4 44 46 5 4 32 20 16 58 16 55 57 4 41 4 56 4 21 38 60 12 4 22 5 13 4 60 34 4 30 4 23 4 119 5 16 22 16 6 14 4 51 4 4 26 4 17 4 47 4 65 21 4 12 5 19 4 23 46 4 5 4 28 4 13 4 52 23 4 40 4 7 4 32 4 46 51 4 8 4 28 17 30 4 42 29 4 7 4 43 4 102 48 4 15 12 22 4 96 58 4 37 18 53 4 25 29 4 53 4 20 17 20 53 4 11 42 31 4 36 17 4 5 4 62 52 4 17 4 27 4 42 4 0 52 4 41 4 19 4 29 4 0 11 4 11 4 0 52 39 18 4 46 4 117 45 4 34 4 21 4 60 4 42 5 4 18 4 53 4 39 58 4 5 4 16 4 91 10 4 20 4 60 4 5 4 75 59 4 42 4 34 4 56 4 
iteration 1460 best: 0.968598 time: 577402
66 45 8 110 59 8 96 14 8 13 49 4 40 4 77 52 4 20 4 68 31 8 78 32 4 38 4 4 44 12 85 22 8 101 16 8 32 42 8 27 21 12 69 14 4 5 4 58 32 4 57 4 22 4 47 4 63 33 4 55 4 13 4 105 50 8 84 11 8 84 11 4 34 4 91 45 16 17 16 76 29 4 53 4 54 4 5 4 73 6 4 18 4 57 4 8 7 8 33 8 110 41 4 28 4 50 4 6 4 23 5 8 40 34 4 40 4 41 4 32 4 34 37 8 45 9 4 90 50 8 112 11 8 92 18 8 9 15 4 16 4 5 4 27 5 4 33 4 57 36 4 40 4 28 4 0 49 4 5 4 18 22 4 48 4 43 4 15 59 4 21 4 91 19 4 33 4 116 54 16 25 16 21 43 12 45 4 25 4 59 52 4 49 4 39 4 96 32 4 5 4 18 23 16 57 16 2 5 51 13 4 49 4 0 56 16 42 16 48 57 4 35 4 10 4 63 53 4 48 4 31 55 4 30 4 39 4 111 31 4 43 4 30 5 13 4 97 15 5 53 4 44 46 5 4 32 20 16 58 16 55 57 4 41 4 56 4 21 38 60 12 4 22 5 13 4 60 34 4 30 4 23 4 119 5 16 22 16 6 14 4 51 4 4 26 4 17 4 47 4 65 21 4 12 5 19 4 23 46 4 5 4 28 4 13 4 52 23 4 40 4 7 4 32 4 46 51 4 8 4 28 17 30 4 42 29 4 7 4 43 4 102 48 4 15 12 22 4 96 58 4 37 18 53 4 25 29 4 53 4 20 17 20 53 4 11 42 31 4 36 17 4 5 4 62 52 4 17 4 27 4 42 4 0 52 4 41 4 19 4 29 4 0 11 4 11 4 0 52 39 18 4 46 4 117 45 4 34 4 21 4 60 4 42 5 4 18 4 53 4 39 58 4 5 4 16 4 91 10 4 20 4 60 4 5 4 75 59 4 42 4 34 4 56 4 
iteration 1479 best: 0.968598 time: 584889
66 45 8 110 59 8 96 14 8 13 49 4 40 4 77 52 4 20 4 68 31 8 78 32 4 38 4 4 44 12 85 22 8 101 16 8 32 42 8 27 21 12 69 14 4 5 4 58 32 4 57 4 22 4 47 4 63 33 4 55 4 13 4 105 50 8 84 11 8 84 11 4 34 4 91 45 16 17 16 76 29 4 53 4 54 4 5 4 73 6 4 18 4 57 4 8 7 8 33 8 110 41 4 28 4 50 4 6 4 23 5 8 40 34 4 40 4 41 4 32 4 34 37 8 45 9 4 90 50 8 112 11 8 92 18 8 9 15 4 16 4 5 4 27 5 4 33 4 57 36 4 40 4 28 4 0 49 4 5 4 18 22 4 48 4 43 4 15 59 4 21 4 91 19 4 33 4 116 54 16 25 16 21 43 12 45 4 25 4 59 52 4 49 4 39 4 96 32 4 5 4 18 23 16 57 16 2 5 51 13 4 49 4 0 56 16 42 16 48 57 4 35 4 10 4 63 53 4 48 4 31 55 4 30 4 39 4 111 31 4 43 4 30 5 13 4 97 15 5 53 4 44 46 5 4 32 20 16 58 16 55 57 4 41 4 56 4 21 38 60 12 4 22 5 13 4 60 34 4 30 4 23 4 119 5 16 22 16 6 14 4 51 4 4 26 4 17 4 47 4 65 21 4 12 5 19 4 23 46 4 5 4 28 4 13 4 52 23 4 40 4 7 4 32 4 46 51 4 8 4 28 17 30 4 42 29 4 7 4 43 4 102 48 4 15 12 22 4 96 58 4 37 18 53 4 25 29 4 53 4 20 17 20 53 4 11 42 31 4 36 17 4 5 4 62 52 4 17 4 27 4 42 4 0 52 4 41 4 19 4 29 4 0 11 4 11 4 0 52 39 18 4 46 4 117 45 4 34 4 21 4 60 4 42 5 4 18 4 53 4 39 58 4 5 4 16 4 91 10 4 20 4 60 4 5 4 75 59 4 42 4 34 4 56 4 
iteration 1498 best: 0.968598 time: 592369
66 45 8 110 59 8 96 14 8 13 49 4 40 4 77 52 4 20 4 68 31 8 78 32 4 38 4 4 44 12 85 22 8 101 16 8 32 42 8 27 21 12 69 14 4 5 4 58 32 4 57 4 22 4 47 4 63 33 4 55 4 13 4 105 50 8 84 11 8 84 11 4 34 4 91 45 16 17 16 76 29 4 53 4 54 4 5 4 73 6 4 18 4 57 4 8 7 8 33 8 110 41 4 28 4 50 4 6 4 23 5 8 40 34 4 40 4 41 4 32 4 34 37 8 45 9 4 90 50 8 112 11 8 92 18 8 9 15 4 16 4 5 4 27 5 4 33 4 57 36 4 40 4 28 4 0 49 4 5 4 18 22 4 48 4 43 4 15 59 4 21 4 91 19 4 33 4 116 54 16 25 16 21 43 12 45 4 25 4 59 52 4 49 4 39 4 96 32 4 5 4 18 23 16 57 16 2 5 51 13 4 49 4 0 56 16 42 16 48 57 4 35 4 10 4 63 53 4 48 4 31 55 4 30 4 39 4 111 31 4 43 4 30 5 13 4 97 15 5 53 4 44 46 5 4 32 20 16 58 16 55 57 4 41 4 56 4 21 38 60 12 4 22 5 13 4 60 34 4 30 4 23 4 119 5 16 22 16 6 14 4 51 4 4 26 4 17 4 47 4 65 21 4 12 5 19 4 23 46 4 5 4 28 4 13 4 52 23 4 40 4 7 4 32 4 46 51 4 8 4 28 17 30 4 42 29 4 7 4 43 4 102 48 4 15 12 22 4 96 58 4 37 18 53 4 25 29 4 53 4 20 17 20 53 4 11 42 31 4 36 17 4 5 4 62 52 4 17 4 27 4 42 4 0 52 4 41 4 19 4 29 4 0 11 4 11 4 0 52 39 18 4 46 4 117 45 4 34 4 21 4 60 4 42 5 4 18 4 53 4 39 58 4 5 4 16 4 91 10 4 20 4 60 4 5 4 75 59 4 42 4 34 4 56 4 
iteration 1517 best: 0.968598 time: 599855
66 45 8 110 59 8 96 14 8 13 49 4 40 4 77 52 4 20 4 68 31 8 78 32 4 38 4 4 44 12 85 22 8 101 16 8 32 42 8 27 21 12 69 14 4 5 4 58 32 4 57 4 22 4 47 4 63 33 4 55 4 13 4 105 50 8 84 11 8 84 11 4 34 4 91 45 16 17 16 76 29 4 53 4 54 4 5 4 73 6 4 18 4 57 4 8 7 8 33 8 110 41 4 28 4 50 4 6 4 23 5 8 40 34 4 40 4 41 4 32 4 34 37 8 45 9 4 90 50 8 112 11 8 92 18 8 9 15 4 16 4 5 4 27 5 4 33 4 57 36 4 40 4 28 4 0 49 4 5 4 18 22 4 48 4 43 4 15 59 4 21 4 91 19 4 33 4 116 54 16 25 16 21 43 12 45 4 25 4 59 52 4 49 4 39 4 96 32 4 5 4 18 23 16 57 16 2 5 51 13 4 49 4 0 56 16 42 16 48 57 4 35 4 10 4 63 53 4 48 4 31 55 4 30 4 39 4 111 31 4 43 4 30 5 13 4 97 15 5 53 4 44 46 5 4 32 20 16 58 16 55 57 4 41 4 56 4 21 38 60 12 4 22 5 13 4 60 34 4 30 4 23 4 119 5 16 22 16 6 14 4 51 4 4 26 4 17 4 47 4 65 21 4 12 5 19 4 23 46 4 5 4 28 4 13 4 52 23 4 40 4 7 4 32 4 46 51 4 8 4 28 17 30 4 42 29 4 7 4 43 4 102 48 4 15 12 22 4 96 58 4 37 18 53 4 25 29 4 53 4 20 17 20 53 4 11 42 31 4 36 17 4 5 4 62 52 4 17 4 27 4 42 4 0 52 4 41 4 19 4 29 4 0 11 4 11 4 0 52 39 18 4 46 4 117 45 4 34 4 21 4 60 4 42 5 4 18 4 53 4 39 58 4 5 4 16 4 91 10 4 20 4 60 4 5 4 75 59 4 42 4 34 4 56 4 
Best solution: 
66 45 8 110 59 8 96 14 8 13 49 4 40 4 77 52 4 20 4 68 31 8 78 32 4 38 4 4 44 12 85 22 8 101 16 8 32 42 8 27 21 12 69 14 4 5 4 58 32 4 57 4 22 4 47 4 63 33 4 55 4 13 4 105 50 8 84 11 8 84 11 4 34 4 91 45 16 17 16 76 29 4 53 4 54 4 5 4 73 6 4 18 4 57 4 8 7 8 33 8 110 41 4 28 4 50 4 6 4 23 5 8 40 34 4 40 4 41 4 32 4 34 37 8 45 9 4 90 50 8 112 11 8 92 18 8 9 15 4 16 4 5 4 27 5 4 33 4 57 36 4 40 4 28 4 0 49 4 5 4 18 22 4 48 4 43 4 15 59 4 21 4 91 19 4 33 4 116 54 16 25 16 21 43 12 45 4 25 4 59 52 4 49 4 39 4 96 32 4 5 4 18 23 16 57 16 2 5 51 13 4 49 4 0 56 16 42 16 48 57 4 35 4 10 4 63 53 4 48 4 31 55 4 30 4 39 4 111 31 4 43 4 30 5 13 4 97 15 5 53 4 44 46 5 4 32 20 16 58 16 55 57 4 41 4 56 4 21 38 60 12 4 22 5 13 4 60 34 4 30 4 23 4 119 5 16 22 16 6 14 4 51 4 4 26 4 17 4 47 4 65 21 4 12 5 19 4 23 46 4 5 4 28 4 13 4 52 23 4 40 4 7 4 32 4 46 51 4 8 4 28 17 30 4 42 29 4 7 4 43 4 102 48 4 15 12 22 4 96 58 4 37 18 53 4 25 29 4 53 4 20 17 20 53 4 11 42 31 4 36 17 4 5 4 62 52 4 17 4 27 4 42 4 0 52 4 41 4 19 4 29 4 0 11 4 11 4 0 52 39 18 4 46 4 117 45 4 34 4 21 4 60 4 42 5 4 18 4 53 4 39 58 4 5 4 16 4 91 10 4 20 4 60 4 5 4 75 59 4 42 4 34 4 56 4 
Fitness: 0.968598
