iteration 22 best: 1.0028 time: 7378
26 30 4 37 4 16 4 81 25 4 45 4 90 13 4 13 4 30 4 61 36 4 24 4 50 4 66 18 4 36 4 16 4 32 22 4 36 4 37 4 17 4 24 31 4 40 4 21 4 80 45 4 27 4 76 12 4 8 4 76 42 4 20 4 33 4 45 4 58 15 4 35 4 22 25 4 23 4 38 12 4 5 4 10 4 11 4 12 4 65 40 4 28 4 48 4 19 4 23 25 4 12 4 25 33 4 17 4 46 4 18 4 20 32 4 11 4 44 4 23 9 4 33 4 61 14 4 13 4 53 27 20 78 20 4 16 4 19 4 66 26 20 34 13 4 27 4 5 4 44 17 4 19 4 14 4 20 4 38 39 4 45 4 55 32 4 30 4 39 4 69 25 4 16 4 41 11 4 5 4 28 4 38 21 4 19 4 32 4 58 32 4 15 4 12 32 4 24 4 60 26 4 59 46 4 47 4 19 4 4 20 4 48 4 80 27 4 29 4 44 11 4 5 4 71 29 4 45 4 86 15 4 34 4 59 13 4 24 4 23 28 4 10 4 7 24 4 15 4 6 34 4 5 4 23 4 50 43 4 28 4 78 42 4 5 4 32 4 78 6 4 44 4 19 4 59 37 4 14 4 14 4 29 4 71 43 4 29 4 12 4 36 4 75 15 4 44 4 15 4 20 34 4 43 4 35 19 4 5 4 26 4 60 9 4 29 4 21 4 91 18 4 13 4 45 4 72 24 4 10 4 10 4 65 26 16 29 16 58 17 4 55 12 16 7 16 49 44 4 34 4 10 17 4 14 4 28 4 47 35 4 12 4 27 4 33 4 46 20 4 26 4 35 18 4 23 4 34 4 33 4 56 11 4 12 4 13 4 23 46 4 19 4 22 4 79 25 4 14 4 16 4 56 15 4 17 4 14 4 33 25 4 33 4 20 4 31 4 40 14 4 10 4 16 4 41 4 82 15 4 33 4 40 4 33 37 4 6 4 22 4 29 8 4 17 4 8 4 
iteration 47 best: 1.0028 time: 14697
26 30 4 37 4 16 4 81 25 4 45 4 90 13 4 13 4 30 4 61 36 4 24 4 50 4 66 18 4 36 4 16 4 32 22 4 36 4 37 4 17 4 24 31 4 40 4 21 4 80 45 4 27 4 76 12 4 8 4 76 42 4 20 4 33 4 45 4 58 15 4 35 4 22 25 4 23 4 38 12 4 5 4 10 4 11 4 12 4 65 40 4 28 4 48 4 19 4 23 25 4 12 4 25 33 4 17 4 46 4 18 4 20 32 4 11 4 44 4 23 9 4 33 4 61 14 4 13 4 53 27 20 78 20 4 16 4 19 4 66 26 20 34 13 4 27 4 5 4 44 17 4 19 4 14 4 20 4 38 39 4 45 4 55 32 4 30 4 39 4 69 25 4 16 4 41 11 4 5 4 28 4 38 21 4 19 4 32 4 58 32 4 15 4 12 32 4 24 4 60 26 4 59 46 4 47 4 19 4 4 20 4 48 4 80 27 4 29 4 44 11 4 5 4 71 29 4 45 4 86 15 4 34 4 59 13 4 24 4 23 28 4 10 4 7 24 4 15 4 6 34 4 5 4 23 4 50 43 4 28 4 78 42 4 5 4 32 4 78 6 4 44 4 19 4 59 37 4 14 4 14 4 29 4 71 43 4 29 4 12 4 36 4 75 15 4 44 4 15 4 20 34 4 43 4 35 19 4 5 4 26 4 60 9 4 29 4 21 4 91 18 4 13 4 45 4 72 24 4 10 4 10 4 65 26 16 29 16 58 17 4 55 12 16 7 16 49 44 4 34 4 10 17 4 14 4 28 4 47 35 4 12 4 27 4 33 4 46 20 4 26 4 35 18 4 23 4 34 4 33 4 56 11 4 12 4 13 4 23 46 4 19 4 22 4 79 25 4 14 4 16 4 56 15 4 17 4 14 4 33 25 4 33 4 20 4 31 4 40 14 4 10 4 16 4 41 4 82 15 4 33 4 40 4 33 37 4 6 4 22 4 29 8 4 17 4 8 4 
iteration 72 best: 1.0028 time: 22052
26 30 4 37 4 16 4 81 25 4 45 4 90 13 4 13 4 30 4 61 36 4 24 4 50 4 66 18 4 36 4 16 4 32 22 4 36 4 37 4 17 4 24 31 4 40 4 21 4 80 45 4 27 4 76 12 4 8 4 76 42 4 20 4 33 4 45 4 58 15 4 35 4 22 25 4 23 4 38 12 4 5 4 10 4 11 4 12 4 65 40 4 28 4 48 4 19 4 23 25 4 12 4 25 33 4 17 4 46 4 18 4 20 32 4 11 4 44 4 23 9 4 33 4 61 14 4 13 4 53 27 20 78 20 4 16 4 19 4 66 26 20 34 13 4 27 4 5 4 44 17 4 19 4 14 4 20 4 38 39 4 45 4 55 32 4 30 4 39 4 69 25 4 16 4 41 11 4 5 4 28 4 38 21 4 19 4 32 4 58 32 4 15 4 12 32 4 24 4 60 26 4 59 46 4 47 4 19 4 4 20 4 48 4 80 27 4 29 4 44 11 4 5 4 71 29 4 45 4 86 15 4 34 4 59 13 4 24 4 23 28 4 10 4 7 24 4 15 4 6 34 4 5 4 23 4 50 43 4 28 4 78 42 4 5 4 32 4 78 6 4 44 4 19 4 59 37 4 14 4 14 4 29 4 71 43 4 29 4 12 4 36 4 75 15 4 44 4 15 4 20 34 4 43 4 35 19 4 5 4 26 4 60 9 4 29 4 21 4 91 18 4 13 4 45 4 72 24 4 10 4 10 4 65 26 16 29 16 58 17 4 55 12 16 7 16 49 44 4 34 4 10 17 4 14 4 28 4 47 35 4 12 4 27 4 33 4 46 20 4 26 4 35 18 4 23 4 34 4 33 4 56 11 4 12 4 13 4 23 46 4 19 4 22 4 79 25 4 14 4 16 4 56 15 4 17 4 14 4 33 25 4 33 4 20 4 31 4 40 14 4 10 4 16 4 41 4 82 15 4 33 4 40 4 33 37 4 6 4 22 4 29 8 4 17 4 8 4 
iteration 97 best: 1.0028 time: 29405
26 30 4 37 4 16 4 81 25 4 45 4 90 13 4 13 4 30 4 61 36 4 24 4 50 4 66 18 4 36 4 16 4 32 22 4 36 4 37 4 17 4 24 31 4 40 4 21 4 80 45 4 27 4 76 12 4 8 4 76 42 4 20 4 33 4 45 4 58 15 4 35 4 22 25 4 23 4 38 12 4 5 4 10 4 11 4 12 4 65 40 4 28 4 48 4 19 4 23 25 4 12 4 25 33 4 17 4 46 4 18 4 20 32 4 11 4 44 4 23 9 4 33 4 61 14 4 13 4 53 27 20 78 20 4 16 4 19 4 66 26 20 34 13 4 27 4 5 4 44 17 4 19 4 14 4 20 4 38 39 4 45 4 55 32 4 30 4 39 4 69 25 4 16 4 41 11 4 5 4 28 4 38 21 4 19 4 32 4 58 32 4 15 4 12 32 4 24 4 60 26 4 59 46 4 47 4 19 4 4 20 4 48 4 80 27 4 29 4 44 11 4 5 4 71 29 4 45 4 86 15 4 34 4 59 13 4 24 4 23 28 4 10 4 7 24 4 15 4 6 34 4 5 4 23 4 50 43 4 28 4 78 42 4 5 4 32 4 78 6 4 44 4 19 4 59 37 4 14 4 14 4 29 4 71 43 4 29 4 12 4 36 4 75 15 4 44 4 15 4 20 34 4 43 4 35 19 4 5 4 26 4 60 9 4 29 4 21 4 91 18 4 13 4 45 4 72 24 4 10 4 10 4 65 26 16 29 16 58 17 4 55 12 16 7 16 49 44 4 34 4 10 17 4 14 4 28 4 47 35 4 12 4 27 4 33 4 46 20 4 26 4 35 18 4 23 4 34 4 33 4 56 11 4 12 4 13 4 23 46 4 19 4 22 4 79 25 4 14 4 16 4 56 15 4 17 4 14 4 33 25 4 33 4 20 4 31 4 40 14 4 10 4 16 4 41 4 82 15 4 33 4 40 4 33 37 4 6 4 22 4 29 8 4 17 4 8 4 
iteration 122 best: 1.0028 time: 36761
26 30 4 37 4 16 4 81 25 4 45 4 90 13 4 13 4 30 4 61 36 4 24 4 50 4 66 18 4 36 4 16 4 32 22 4 36 4 37 4 17 4 24 31 4 40 4 21 4 80 45 4 27 4 76 12 4 8 4 76 42 4 20 4 33 4 45 4 58 15 4 35 4 22 25 4 23 4 38 12 4 5 4 10 4 11 4 12 4 65 40 4 28 4 48 4 19 4 23 25 4 12 4 25 33 4 17 4 46 4 18 4 20 32 4 11 4 44 4 23 9 4 33 4 61 14 4 13 4 53 27 20 78 20 4 16 4 19 4 66 26 20 34 13 4 27 4 5 4 44 17 4 19 4 14 4 20 4 38 39 4 45 4 55 32 4 30 4 39 4 69 25 4 16 4 41 11 4 5 4 28 4 38 21 4 19 4 32 4 58 32 4 15 4 12 32 4 24 4 60 26 4 59 46 4 47 4 19 4 4 20 4 48 4 80 27 4 29 4 44 11 4 5 4 71 29 4 45 4 86 15 4 34 4 59 13 4 24 4 23 28 4 10 4 7 24 4 15 4 6 34 4 5 4 23 4 50 43 4 28 4 78 42 4 5 4 32 4 78 6 4 44 4 19 4 59 37 4 14 4 14 4 29 4 71 43 4 29 4 12 4 36 4 75 15 4 44 4 15 4 20 34 4 43 4 35 19 4 5 4 26 4 60 9 4 29 4 21 4 91 18 4 13 4 45 4 72 24 4 10 4 10 4 65 26 16 29 16 58 17 4 55 12 16 7 16 49 44 4 34 4 10 17 4 14 4 28 4 47 35 4 12 4 27 4 33 4 46 20 4 26 4 35 18 4 23 4 34 4 33 4 56 11 4 12 4 13 4 23 46 4 19 4 22 4 79 25 4 14 4 16 4 56 15 4 17 4 14 4 33 25 4 33 4 20 4 31 4 40 14 4 10 4 16 4 41 4 82 15 4 33 4 40 4 33 37 4 6 4 22 4 29 8 4 17 4 8 4 
iteration 147 best: 1.0028 time: 44123
26 30 4 37 4 16 4 81 25 4 45 4 90 13 4 13 4 30 4 61 36 4 24 4 50 4 66 18 4 36 4 16 4 32 22 4 36 4 37 4 17 4 24 31 4 40 4 21 4 80 45 4 27 4 76 12 4 8 4 76 42 4 20 4 33 4 45 4 58 15 4 35 4 22 25 4 23 4 38 12 4 5 4 10 4 11 4 12 4 65 40 4 28 4 48 4 19 4 23 25 4 12 4 25 33 4 17 4 46 4 18 4 20 32 4 11 4 44 4 23 9 4 33 4 61 14 4 13 4 53 27 20 78 20 4 16 4 19 4 66 26 20 34 13 4 27 4 5 4 44 17 4 19 4 14 4 20 4 38 39 4 45 4 55 32 4 30 4 39 4 69 25 4 16 4 41 11 4 5 4 28 4 38 21 4 19 4 32 4 58 32 4 15 4 12 32 4 24 4 60 26 4 59 46 4 47 4 19 4 4 20 4 48 4 80 27 4 29 4 44 11 4 5 4 71 29 4 45 4 86 15 4 34 4 59 13 4 24 4 23 28 4 10 4 7 24 4 15 4 6 34 4 5 4 23 4 50 43 4 28 4 78 42 4 5 4 32 4 78 6 4 44 4 19 4 59 37 4 14 4 14 4 29 4 71 43 4 29 4 12 4 36 4 75 15 4 44 4 15 4 20 34 4 43 4 35 19 4 5 4 26 4 60 9 4 29 4 21 4 91 18 4 13 4 45 4 72 24 4 10 4 10 4 65 26 16 29 16 58 17 4 55 12 16 7 16 49 44 4 34 4 10 17 4 14 4 28 4 47 35 4 12 4 27 4 33 4 46 20 4 26 4 35 18 4 23 4 34 4 33 4 56 11 4 12 4 13 4 23 46 4 19 4 22 4 79 25 4 14 4 16 4 56 15 4 17 4 14 4 33 25 4 33 4 20 4 31 4 40 14 4 10 4 16 4 41 4 82 15 4 33 4 40 4 33 37 4 6 4 22 4 29 8 4 17 4 8 4 
iteration 172 best: 1.0028 time: 51469
26 30 4 37 4 16 4 81 25 4 45 4 90 13 4 13 4 30 4 61 36 4 24 4 50 4 66 18 4 36 4 16 4 32 22 4 36 4 37 4 17 4 24 31 4 40 4 21 4 80 45 4 27 4 76 12 4 8 4 76 42 4 20 4 33 4 45 4 58 15 4 35 4 22 25 4 23 4 38 12 4 5 4 10 4 11 4 12 4 65 40 4 28 4 48 4 19 4 23 25 4 12 4 25 33 4 17 4 46 4 18 4 20 32 4 11 4 44 4 23 9 4 33 4 61 14 4 13 4 53 27 20 78 20 4 16 4 19 4 66 26 20 34 13 4 27 4 5 4 44 17 4 19 4 14 4 20 4 38 39 4 45 4 55 32 4 30 4 39 4 69 25 4 16 4 41 11 4 5 4 28 4 38 21 4 19 4 32 4 58 32 4 15 4 12 32 4 24 4 60 26 4 59 46 4 47 4 19 4 4 20 4 48 4 80 27 4 29 4 44 11 4 5 4 71 29 4 45 4 86 15 4 34 4 59 13 4 24 4 23 28 4 10 4 7 24 4 15 4 6 34 4 5 4 23 4 50 43 4 28 4 78 42 4 5 4 32 4 78 6 4 44 4 19 4 59 37 4 14 4 14 4 29 4 71 43 4 29 4 12 4 36 4 75 15 4 44 4 15 4 20 34 4 43 4 35 19 4 5 4 26 4 60 9 4 29 4 21 4 91 18 4 13 4 45 4 72 24 4 10 4 10 4 65 26 16 29 16 58 17 4 55 12 16 7 16 49 44 4 34 4 10 17 4 14 4 28 4 47 35 4 12 4 27 4 33 4 46 20 4 26 4 35 18 4 23 4 34 4 33 4 56 11 4 12 4 13 4 23 46 4 19 4 22 4 79 25 4 14 4 16 4 56 15 4 17 4 14 4 33 25 4 33 4 20 4 31 4 40 14 4 10 4 16 4 41 4 82 15 4 33 4 40 4 33 37 4 6 4 22 4 29 8 4 17 4 8 4 
iteration 197 best: 1.0028 time: 58791
26 30 4 37 4 16 4 81 25 4 45 4 90 13 4 13 4 30 4 61 36 4 24 4 50 4 66 18 4 36 4 16 4 32 22 4 36 4 37 4 17 4 24 31 4 40 4 21 4 80 45 4 27 4 76 12 4 8 4 76 42 4 20 4 33 4 45 4 58 15 4 35 4 22 25 4 23 4 38 12 4 5 4 10 4 11 4 12 4 65 40 4 28 4 48 4 19 4 23 25 4 12 4 25 33 4 17 4 46 4 18 4 20 32 4 11 4 44 4 23 9 4 33 4 61 14 4 13 4 53 27 20 78 20 4 16 4 19 4 66 26 20 34 13 4 27 4 5 4 44 17 4 19 4 14 4 20 4 38 39 4 45 4 55 32 4 30 4 39 4 69 25 4 16 4 41 11 4 5 4 28 4 38 21 4 19 4 32 4 58 32 4 15 4 12 32 4 24 4 60 26 4 59 46 4 47 4 19 4 4 20 4 48 4 80 27 4 29 4 44 11 4 5 4 71 29 4 45 4 86 15 4 34 4 59 13 4 24 4 23 28 4 10 4 7 24 4 15 4 6 34 4 5 4 23 4 50 43 4 28 4 78 42 4 5 4 32 4 78 6 4 44 4 19 4 59 37 4 14 4 14 4 29 4 71 43 4 29 4 12 4 36 4 75 15 4 44 4 15 4 20 34 4 43 4 35 19 4 5 4 26 4 60 9 4 29 4 21 4 91 18 4 13 4 45 4 72 24 4 10 4 10 4 65 26 16 29 16 58 17 4 55 12 16 7 16 49 44 4 34 4 10 17 4 14 4 28 4 47 35 4 12 4 27 4 33 4 46 20 4 26 4 35 18 4 23 4 34 4 33 4 56 11 4 12 4 13 4 23 46 4 19 4 22 4 79 25 4 14 4 16 4 56 15 4 17 4 14 4 33 25 4 33 4 20 4 31 4 40 14 4 10 4 16 4 41 4 82 15 4 33 4 40 4 33 37 4 6 4 22 4 29 8 4 17 4 8 4 
iteration 222 best: 1.0028 time: 66127
26 30 4 37 4 16 4 81 25 4 45 4 90 13 4 13 4 30 4 61 36 4 24 4 50 4 66 18 4 36 4 16 4 32 22 4 36 4 37 4 17 4 24 31 4 40 4 21 4 80 45 4 27 4 76 12 4 8 4 76 42 4 20 4 33 4 45 4 58 15 4 35 4 22 25 4 23 4 38 12 4 5 4 10 4 11 4 12 4 65 40 4 28 4 48 4 19 4 23 25 4 12 4 25 33 4 17 4 46 4 18 4 20 32 4 11 4 44 4 23 9 4 33 4 61 14 4 13 4 53 27 20 78 20 4 16 4 19 4 66 26 20 34 13 4 27 4 5 4 44 17 4 19 4 14 4 20 4 38 39 4 45 4 55 32 4 30 4 39 4 69 25 4 16 4 41 11 4 5 4 28 4 38 21 4 19 4 32 4 58 32 4 15 4 12 32 4 24 4 60 26 4 59 46 4 47 4 19 4 4 20 4 48 4 80 27 4 29 4 44 11 4 5 4 71 29 4 45 4 86 15 4 34 4 59 13 4 24 4 23 28 4 10 4 7 24 4 15 4 6 34 4 5 4 23 4 50 43 4 28 4 78 42 4 5 4 32 4 78 6 4 44 4 19 4 59 37 4 14 4 14 4 29 4 71 43 4 29 4 12 4 36 4 75 15 4 44 4 15 4 20 34 4 43 4 35 19 4 5 4 26 4 60 9 4 29 4 21 4 91 18 4 13 4 45 4 72 24 4 10 4 10 4 65 26 16 29 16 58 17 4 55 12 16 7 16 49 44 4 34 4 10 17 4 14 4 28 4 47 35 4 12 4 27 4 33 4 46 20 4 26 4 35 18 4 23 4 34 4 33 4 56 11 4 12 4 13 4 23 46 4 19 4 22 4 79 25 4 14 4 16 4 56 15 4 17 4 14 4 33 25 4 33 4 20 4 31 4 40 14 4 10 4 16 4 41 4 82 15 4 33 4 40 4 33 37 4 6 4 22 4 29 8 4 17 4 8 4 
iteration 247 best: 1.0028 time: 73481
26 30 4 37 4 16 4 81 25 4 45 4 90 13 4 13 4 30 4 61 36 4 24 4 50 4 66 18 4 36 4 16 4 32 22 4 36 4 37 4 17 4 24 31 4 40 4 21 4 80 45 4 27 4 76 12 4 8 4 76 42 4 20 4 33 4 45 4 58 15 4 35 4 22 25 4 23 4 38 12 4 5 4 10 4 11 4 12 4 65 40 4 28 4 48 4 19 4 23 25 4 12 4 25 33 4 17 4 46 4 18 4 20 32 4 11 4 44 4 23 9 4 33 4 61 14 4 13 4 53 27 20 78 20 4 16 4 19 4 66 26 20 34 13 4 27 4 5 4 44 17 4 19 4 14 4 20 4 38 39 4 45 4 55 32 4 30 4 39 4 69 25 4 16 4 41 11 4 5 4 28 4 38 21 4 19 4 32 4 58 32 4 15 4 12 32 4 24 4 60 26 4 59 46 4 47 4 19 4 4 20 4 48 4 80 27 4 29 4 44 11 4 5 4 71 29 4 45 4 86 15 4 34 4 59 13 4 24 4 23 28 4 10 4 7 24 4 15 4 6 34 4 5 4 23 4 50 43 4 28 4 78 42 4 5 4 32 4 78 6 4 44 4 19 4 59 37 4 14 4 14 4 29 4 71 43 4 29 4 12 4 36 4 75 15 4 44 4 15 4 20 34 4 43 4 35 19 4 5 4 26 4 60 9 4 29 4 21 4 91 18 4 13 4 45 4 72 24 4 10 4 10 4 65 26 16 29 16 58 17 4 55 12 16 7 16 49 44 4 34 4 10 17 4 14 4 28 4 47 35 4 12 4 27 4 33 4 46 20 4 26 4 35 18 4 23 4 34 4 33 4 56 11 4 12 4 13 4 23 46 4 19 4 22 4 79 25 4 14 4 16 4 56 15 4 17 4 14 4 33 25 4 33 4 20 4 31 4 40 14 4 10 4 16 4 41 4 82 15 4 33 4 40 4 33 37 4 6 4 22 4 29 8 4 17 4 8 4 
iteration 272 best: 1.0028 time: 80861
26 30 4 37 4 16 4 81 25 4 45 4 90 13 4 13 4 30 4 61 36 4 24 4 50 4 66 18 4 36 4 16 4 32 22 4 36 4 37 4 17 4 24 31 4 40 4 21 4 80 45 4 27 4 76 12 4 8 4 76 42 4 20 4 33 4 45 4 58 15 4 35 4 22 25 4 23 4 38 12 4 5 4 10 4 11 4 12 4 65 40 4 28 4 48 4 19 4 23 25 4 12 4 25 33 4 17 4 46 4 18 4 20 32 4 11 4 44 4 23 9 4 33 4 61 14 4 13 4 53 27 20 78 20 4 16 4 19 4 66 26 20 34 13 4 27 4 5 4 44 17 4 19 4 14 4 20 4 38 39 4 45 4 55 32 4 30 4 39 4 69 25 4 16 4 41 11 4 5 4 28 4 38 21 4 19 4 32 4 58 32 4 15 4 12 32 4 24 4 60 26 4 59 46 4 47 4 19 4 4 20 4 48 4 80 27 4 29 4 44 11 4 5 4 71 29 4 45 4 86 15 4 34 4 59 13 4 24 4 23 28 4 10 4 7 24 4 15 4 6 34 4 5 4 23 4 50 43 4 28 4 78 42 4 5 4 32 4 78 6 4 44 4 19 4 59 37 4 14 4 14 4 29 4 71 43 4 29 4 12 4 36 4 75 15 4 44 4 15 4 20 34 4 43 4 35 19 4 5 4 26 4 60 9 4 29 4 21 4 91 18 4 13 4 45 4 72 24 4 10 4 10 4 65 26 16 29 16 58 17 4 55 12 16 7 16 49 44 4 34 4 10 17 4 14 4 28 4 47 35 4 12 4 27 4 33 4 46 20 4 26 4 35 18 4 23 4 34 4 33 4 56 11 4 12 4 13 4 23 46 4 19 4 22 4 79 25 4 14 4 16 4 56 15 4 17 4 14 4 33 25 4 33 4 20 4 31 4 40 14 4 10 4 16 4 41 4 82 15 4 33 4 40 4 33 37 4 6 4 22 4 29 8 4 17 4 8 4 
iteration 297 best: 1.0028 time: 88189
26 30 4 37 4 16 4 81 25 4 45 4 90 13 4 13 4 30 4 61 36 4 24 4 50 4 66 18 4 36 4 16 4 32 22 4 36 4 37 4 17 4 24 31 4 40 4 21 4 80 45 4 27 4 76 12 4 8 4 76 42 4 20 4 33 4 45 4 58 15 4 35 4 22 25 4 23 4 38 12 4 5 4 10 4 11 4 12 4 65 40 4 28 4 48 4 19 4 23 25 4 12 4 25 33 4 17 4 46 4 18 4 20 32 4 11 4 44 4 23 9 4 33 4 61 14 4 13 4 53 27 20 78 20 4 16 4 19 4 66 26 20 34 13 4 27 4 5 4 44 17 4 19 4 14 4 20 4 38 39 4 45 4 55 32 4 30 4 39 4 69 25 4 16 4 41 11 4 5 4 28 4 38 21 4 19 4 32 4 58 32 4 15 4 12 32 4 24 4 60 26 4 59 46 4 47 4 19 4 4 20 4 48 4 80 27 4 29 4 44 11 4 5 4 71 29 4 45 4 86 15 4 34 4 59 13 4 24 4 23 28 4 10 4 7 24 4 15 4 6 34 4 5 4 23 4 50 43 4 28 4 78 42 4 5 4 32 4 78 6 4 44 4 19 4 59 37 4 14 4 14 4 29 4 71 43 4 29 4 12 4 36 4 75 15 4 44 4 15 4 20 34 4 43 4 35 19 4 5 4 26 4 60 9 4 29 4 21 4 91 18 4 13 4 45 4 72 24 4 10 4 10 4 65 26 16 29 16 58 17 4 55 12 16 7 16 49 44 4 34 4 10 17 4 14 4 28 4 47 35 4 12 4 27 4 33 4 46 20 4 26 4 35 18 4 23 4 34 4 33 4 56 11 4 12 4 13 4 23 46 4 19 4 22 4 79 25 4 14 4 16 4 56 15 4 17 4 14 4 33 25 4 33 4 20 4 31 4 40 14 4 10 4 16 4 41 4 82 15 4 33 4 40 4 33 37 4 6 4 22 4 29 8 4 17 4 8 4 
iteration 322 best: 1.0028 time: 95535
26 30 4 37 4 16 4 81 25 4 45 4 90 13 4 13 4 30 4 61 36 4 24 4 50 4 66 18 4 36 4 16 4 32 22 4 36 4 37 4 17 4 24 31 4 40 4 21 4 80 45 4 27 4 76 12 4 8 4 76 42 4 20 4 33 4 45 4 58 15 4 35 4 22 25 4 23 4 38 12 4 5 4 10 4 11 4 12 4 65 40 4 28 4 48 4 19 4 23 25 4 12 4 25 33 4 17 4 46 4 18 4 20 32 4 11 4 44 4 23 9 4 33 4 61 14 4 13 4 53 27 20 78 20 4 16 4 19 4 66 26 20 34 13 4 27 4 5 4 44 17 4 19 4 14 4 20 4 38 39 4 45 4 55 32 4 30 4 39 4 69 25 4 16 4 41 11 4 5 4 28 4 38 21 4 19 4 32 4 58 32 4 15 4 12 32 4 24 4 60 26 4 59 46 4 47 4 19 4 4 20 4 48 4 80 27 4 29 4 44 11 4 5 4 71 29 4 45 4 86 15 4 34 4 59 13 4 24 4 23 28 4 10 4 7 24 4 15 4 6 34 4 5 4 23 4 50 43 4 28 4 78 42 4 5 4 32 4 78 6 4 44 4 19 4 59 37 4 14 4 14 4 29 4 71 43 4 29 4 12 4 36 4 75 15 4 44 4 15 4 20 34 4 43 4 35 19 4 5 4 26 4 60 9 4 29 4 21 4 91 18 4 13 4 45 4 72 24 4 10 4 10 4 65 26 16 29 16 58 17 4 55 12 16 7 16 49 44 4 34 4 10 17 4 14 4 28 4 47 35 4 12 4 27 4 33 4 46 20 4 26 4 35 18 4 23 4 34 4 33 4 56 11 4 12 4 13 4 23 46 4 19 4 22 4 79 25 4 14 4 16 4 56 15 4 17 4 14 4 33 25 4 33 4 20 4 31 4 40 14 4 10 4 16 4 41 4 82 15 4 33 4 40 4 33 37 4 6 4 22 4 29 8 4 17 4 8 4 
iteration 347 best: 1.0028 time: 102880
26 30 4 37 4 16 4 81 25 4 45 4 90 13 4 13 4 30 4 61 36 4 24 4 50 4 66 18 4 36 4 16 4 32 22 4 36 4 37 4 17 4 24 31 4 40 4 21 4 80 45 4 27 4 76 12 4 8 4 76 42 4 20 4 33 4 45 4 58 15 4 35 4 22 25 4 23 4 38 12 4 5 4 10 4 11 4 12 4 65 40 4 28 4 48 4 19 4 23 25 4 12 4 25 33 4 17 4 46 4 18 4 20 32 4 11 4 44 4 23 9 4 33 4 61 14 4 13 4 53 27 20 78 20 4 16 4 19 4 66 26 20 34 13 4 27 4 5 4 44 17 4 19 4 14 4 20 4 38 39 4 45 4 55 32 4 30 4 39 4 69 25 4 16 4 41 11 4 5 4 28 4 38 21 4 19 4 32 4 58 32 4 15 4 12 32 4 24 4 60 26 4 59 46 4 47 4 19 4 4 20 4 48 4 80 27 4 29 4 44 11 4 5 4 71 29 4 45 4 86 15 4 34 4 59 13 4 24 4 23 28 4 10 4 7 24 4 15 4 6 34 4 5 4 23 4 50 43 4 28 4 78 42 4 5 4 32 4 78 6 4 44 4 19 4 59 37 4 14 4 14 4 29 4 71 43 4 29 4 12 4 36 4 75 15 4 44 4 15 4 20 34 4 43 4 35 19 4 5 4 26 4 60 9 4 29 4 21 4 91 18 4 13 4 45 4 72 24 4 10 4 10 4 65 26 16 29 16 58 17 4 55 12 16 7 16 49 44 4 34 4 10 17 4 14 4 28 4 47 35 4 12 4 27 4 33 4 46 20 4 26 4 35 18 4 23 4 34 4 33 4 56 11 4 12 4 13 4 23 46 4 19 4 22 4 79 25 4 14 4 16 4 56 15 4 17 4 14 4 33 25 4 33 4 20 4 31 4 40 14 4 10 4 16 4 41 4 82 15 4 33 4 40 4 33 37 4 6 4 22 4 29 8 4 17 4 8 4 
iteration 372 best: 1.0028 time: 110210
26 30 4 37 4 16 4 81 25 4 45 4 90 13 4 13 4 30 4 61 36 4 24 4 50 4 66 18 4 36 4 16 4 32 22 4 36 4 37 4 17 4 24 31 4 40 4 21 4 80 45 4 27 4 76 12 4 8 4 76 42 4 20 4 33 4 45 4 58 15 4 35 4 22 25 4 23 4 38 12 4 5 4 10 4 11 4 12 4 65 40 4 28 4 48 4 19 4 23 25 4 12 4 25 33 4 17 4 46 4 18 4 20 32 4 11 4 44 4 23 9 4 33 4 61 14 4 13 4 53 27 20 78 20 4 16 4 19 4 66 26 20 34 13 4 27 4 5 4 44 17 4 19 4 14 4 20 4 38 39 4 45 4 55 32 4 30 4 39 4 69 25 4 16 4 41 11 4 5 4 28 4 38 21 4 19 4 32 4 58 32 4 15 4 12 32 4 24 4 60 26 4 59 46 4 47 4 19 4 4 20 4 48 4 80 27 4 29 4 44 11 4 5 4 71 29 4 45 4 86 15 4 34 4 59 13 4 24 4 23 28 4 10 4 7 24 4 15 4 6 34 4 5 4 23 4 50 43 4 28 4 78 42 4 5 4 32 4 78 6 4 44 4 19 4 59 37 4 14 4 14 4 29 4 71 43 4 29 4 12 4 36 4 75 15 4 44 4 15 4 20 34 4 43 4 35 19 4 5 4 26 4 60 9 4 29 4 21 4 91 18 4 13 4 45 4 72 24 4 10 4 10 4 65 26 16 29 16 58 17 4 55 12 16 7 16 49 44 4 34 4 10 17 4 14 4 28 4 47 35 4 12 4 27 4 33 4 46 20 4 26 4 35 18 4 23 4 34 4 33 4 56 11 4 12 4 13 4 23 46 4 19 4 22 4 79 25 4 14 4 16 4 56 15 4 17 4 14 4 33 25 4 33 4 20 4 31 4 40 14 4 10 4 16 4 41 4 82 15 4 33 4 40 4 33 37 4 6 4 22 4 29 8 4 17 4 8 4 
iteration 397 best: 1.0028 time: 117536
26 30 4 37 4 16 4 81 25 4 45 4 90 13 4 13 4 30 4 61 36 4 24 4 50 4 66 18 4 36 4 16 4 32 22 4 36 4 37 4 17 4 24 31 4 40 4 21 4 80 45 4 27 4 76 12 4 8 4 76 42 4 20 4 33 4 45 4 58 15 4 35 4 22 25 4 23 4 38 12 4 5 4 10 4 11 4 12 4 65 40 4 28 4 48 4 19 4 23 25 4 12 4 25 33 4 17 4 46 4 18 4 20 32 4 11 4 44 4 23 9 4 33 4 61 14 4 13 4 53 27 20 78 20 4 16 4 19 4 66 26 20 34 13 4 27 4 5 4 44 17 4 19 4 14 4 20 4 38 39 4 45 4 55 32 4 30 4 39 4 69 25 4 16 4 41 11 4 5 4 28 4 38 21 4 19 4 32 4 58 32 4 15 4 12 32 4 24 4 60 26 4 59 46 4 47 4 19 4 4 20 4 48 4 80 27 4 29 4 44 11 4 5 4 71 29 4 45 4 86 15 4 34 4 59 13 4 24 4 23 28 4 10 4 7 24 4 15 4 6 34 4 5 4 23 4 50 43 4 28 4 78 42 4 5 4 32 4 78 6 4 44 4 19 4 59 37 4 14 4 14 4 29 4 71 43 4 29 4 12 4 36 4 75 15 4 44 4 15 4 20 34 4 43 4 35 19 4 5 4 26 4 60 9 4 29 4 21 4 91 18 4 13 4 45 4 72 24 4 10 4 10 4 65 26 16 29 16 58 17 4 55 12 16 7 16 49 44 4 34 4 10 17 4 14 4 28 4 47 35 4 12 4 27 4 33 4 46 20 4 26 4 35 18 4 23 4 34 4 33 4 56 11 4 12 4 13 4 23 46 4 19 4 22 4 79 25 4 14 4 16 4 56 15 4 17 4 14 4 33 25 4 33 4 20 4 31 4 40 14 4 10 4 16 4 41 4 82 15 4 33 4 40 4 33 37 4 6 4 22 4 29 8 4 17 4 8 4 
iteration 422 best: 1.0028 time: 124912
26 30 4 37 4 16 4 81 25 4 45 4 90 13 4 13 4 30 4 61 36 4 24 4 50 4 66 18 4 36 4 16 4 32 22 4 36 4 37 4 17 4 24 31 4 40 4 21 4 80 45 4 27 4 76 12 4 8 4 76 42 4 20 4 33 4 45 4 58 15 4 35 4 22 25 4 23 4 38 12 4 5 4 10 4 11 4 12 4 65 40 4 28 4 48 4 19 4 23 25 4 12 4 25 33 4 17 4 46 4 18 4 20 32 4 11 4 44 4 23 9 4 33 4 61 14 4 13 4 53 27 20 78 20 4 16 4 19 4 66 26 20 34 13 4 27 4 5 4 44 17 4 19 4 14 4 20 4 38 39 4 45 4 55 32 4 30 4 39 4 69 25 4 16 4 41 11 4 5 4 28 4 38 21 4 19 4 32 4 58 32 4 15 4 12 32 4 24 4 60 26 4 59 46 4 47 4 19 4 4 20 4 48 4 80 27 4 29 4 44 11 4 5 4 71 29 4 45 4 86 15 4 34 4 59 13 4 24 4 23 28 4 10 4 7 24 4 15 4 6 34 4 5 4 23 4 50 43 4 28 4 78 42 4 5 4 32 4 78 6 4 44 4 19 4 59 37 4 14 4 14 4 29 4 71 43 4 29 4 12 4 36 4 75 15 4 44 4 15 4 20 34 4 43 4 35 19 4 5 4 26 4 60 9 4 29 4 21 4 91 18 4 13 4 45 4 72 24 4 10 4 10 4 65 26 16 29 16 58 17 4 55 12 16 7 16 49 44 4 34 4 10 17 4 14 4 28 4 47 35 4 12 4 27 4 33 4 46 20 4 26 4 35 18 4 23 4 34 4 33 4 56 11 4 12 4 13 4 23 46 4 19 4 22 4 79 25 4 14 4 16 4 56 15 4 17 4 14 4 33 25 4 33 4 20 4 31 4 40 14 4 10 4 16 4 41 4 82 15 4 33 4 40 4 33 37 4 6 4 22 4 29 8 4 17 4 8 4 
iteration 447 best: 1.0028 time: 132250
26 30 4 37 4 16 4 81 25 4 45 4 90 13 4 13 4 30 4 61 36 4 24 4 50 4 66 18 4 36 4 16 4 32 22 4 36 4 37 4 17 4 24 31 4 40 4 21 4 80 45 4 27 4 76 12 4 8 4 76 42 4 20 4 33 4 45 4 58 15 4 35 4 22 25 4 23 4 38 12 4 5 4 10 4 11 4 12 4 65 40 4 28 4 48 4 19 4 23 25 4 12 4 25 33 4 17 4 46 4 18 4 20 32 4 11 4 44 4 23 9 4 33 4 61 14 4 13 4 53 27 20 78 20 4 16 4 19 4 66 26 20 34 13 4 27 4 5 4 44 17 4 19 4 14 4 20 4 38 39 4 45 4 55 32 4 30 4 39 4 69 25 4 16 4 41 11 4 5 4 28 4 38 21 4 19 4 32 4 58 32 4 15 4 12 32 4 24 4 60 26 4 59 46 4 47 4 19 4 4 20 4 48 4 80 27 4 29 4 44 11 4 5 4 71 29 4 45 4 86 15 4 34 4 59 13 4 24 4 23 28 4 10 4 7 24 4 15 4 6 34 4 5 4 23 4 50 43 4 28 4 78 42 4 5 4 32 4 78 6 4 44 4 19 4 59 37 4 14 4 14 4 29 4 71 43 4 29 4 12 4 36 4 75 15 4 44 4 15 4 20 34 4 43 4 35 19 4 5 4 26 4 60 9 4 29 4 21 4 91 18 4 13 4 45 4 72 24 4 10 4 10 4 65 26 16 29 16 58 17 4 55 12 16 7 16 49 44 4 34 4 10 17 4 14 4 28 4 47 35 4 12 4 27 4 33 4 46 20 4 26 4 35 18 4 23 4 34 4 33 4 56 11 4 12 4 13 4 23 46 4 19 4 22 4 79 25 4 14 4 16 4 56 15 4 17 4 14 4 33 25 4 33 4 20 4 31 4 40 14 4 10 4 16 4 41 4 82 15 4 33 4 40 4 33 37 4 6 4 22 4 29 8 4 17 4 8 4 
iteration 472 best: 1.0028 time: 139599
26 30 4 37 4 16 4 81 25 4 45 4 90 13 4 13 4 30 4 61 36 4 24 4 50 4 66 18 4 36 4 16 4 32 22 4 36 4 37 4 17 4 24 31 4 40 4 21 4 80 45 4 27 4 76 12 4 8 4 76 42 4 20 4 33 4 45 4 58 15 4 35 4 22 25 4 23 4 38 12 4 5 4 10 4 11 4 12 4 65 40 4 28 4 48 4 19 4 23 25 4 12 4 25 33 4 17 4 46 4 18 4 20 32 4 11 4 44 4 23 9 4 33 4 61 14 4 13 4 53 27 20 78 20 4 16 4 19 4 66 26 20 34 13 4 27 4 5 4 44 17 4 19 4 14 4 20 4 38 39 4 45 4 55 32 4 30 4 39 4 69 25 4 16 4 41 11 4 5 4 28 4 38 21 4 19 4 32 4 58 32 4 15 4 12 32 4 24 4 60 26 4 59 46 4 47 4 19 4 4 20 4 48 4 80 27 4 29 4 44 11 4 5 4 71 29 4 45 4 86 15 4 34 4 59 13 4 24 4 23 28 4 10 4 7 24 4 15 4 6 34 4 5 4 23 4 50 43 4 28 4 78 42 4 5 4 32 4 78 6 4 44 4 19 4 59 37 4 14 4 14 4 29 4 71 43 4 29 4 12 4 36 4 75 15 4 44 4 15 4 20 34 4 43 4 35 19 4 5 4 26 4 60 9 4 29 4 21 4 91 18 4 13 4 45 4 72 24 4 10 4 10 4 65 26 16 29 16 58 17 4 55 12 16 7 16 49 44 4 34 4 10 17 4 14 4 28 4 47 35 4 12 4 27 4 33 4 46 20 4 26 4 35 18 4 23 4 34 4 33 4 56 11 4 12 4 13 4 23 46 4 19 4 22 4 79 25 4 14 4 16 4 56 15 4 17 4 14 4 33 25 4 33 4 20 4 31 4 40 14 4 10 4 16 4 41 4 82 15 4 33 4 40 4 33 37 4 6 4 22 4 29 8 4 17 4 8 4 
iteration 497 best: 1.0028 time: 146956
26 30 4 37 4 16 4 81 25 4 45 4 90 13 4 13 4 30 4 61 36 4 24 4 50 4 66 18 4 36 4 16 4 32 22 4 36 4 37 4 17 4 24 31 4 40 4 21 4 80 45 4 27 4 76 12 4 8 4 76 42 4 20 4 33 4 45 4 58 15 4 35 4 22 25 4 23 4 38 12 4 5 4 10 4 11 4 12 4 65 40 4 28 4 48 4 19 4 23 25 4 12 4 25 33 4 17 4 46 4 18 4 20 32 4 11 4 44 4 23 9 4 33 4 61 14 4 13 4 53 27 20 78 20 4 16 4 19 4 66 26 20 34 13 4 27 4 5 4 44 17 4 19 4 14 4 20 4 38 39 4 45 4 55 32 4 30 4 39 4 69 25 4 16 4 41 11 4 5 4 28 4 38 21 4 19 4 32 4 58 32 4 15 4 12 32 4 24 4 60 26 4 59 46 4 47 4 19 4 4 20 4 48 4 80 27 4 29 4 44 11 4 5 4 71 29 4 45 4 86 15 4 34 4 59 13 4 24 4 23 28 4 10 4 7 24 4 15 4 6 34 4 5 4 23 4 50 43 4 28 4 78 42 4 5 4 32 4 78 6 4 44 4 19 4 59 37 4 14 4 14 4 29 4 71 43 4 29 4 12 4 36 4 75 15 4 44 4 15 4 20 34 4 43 4 35 19 4 5 4 26 4 60 9 4 29 4 21 4 91 18 4 13 4 45 4 72 24 4 10 4 10 4 65 26 16 29 16 58 17 4 55 12 16 7 16 49 44 4 34 4 10 17 4 14 4 28 4 47 35 4 12 4 27 4 33 4 46 20 4 26 4 35 18 4 23 4 34 4 33 4 56 11 4 12 4 13 4 23 46 4 19 4 22 4 79 25 4 14 4 16 4 56 15 4 17 4 14 4 33 25 4 33 4 20 4 31 4 40 14 4 10 4 16 4 41 4 82 15 4 33 4 40 4 33 37 4 6 4 22 4 29 8 4 17 4 8 4 
iteration 522 best: 1.0028 time: 154329
26 30 4 37 4 16 4 81 25 4 45 4 90 13 4 13 4 30 4 61 36 4 24 4 50 4 66 18 4 36 4 16 4 32 22 4 36 4 37 4 17 4 24 31 4 40 4 21 4 80 45 4 27 4 76 12 4 8 4 76 42 4 20 4 33 4 45 4 58 15 4 35 4 22 25 4 23 4 38 12 4 5 4 10 4 11 4 12 4 65 40 4 28 4 48 4 19 4 23 25 4 12 4 25 33 4 17 4 46 4 18 4 20 32 4 11 4 44 4 23 9 4 33 4 61 14 4 13 4 53 27 20 78 20 4 16 4 19 4 66 26 20 34 13 4 27 4 5 4 44 17 4 19 4 14 4 20 4 38 39 4 45 4 55 32 4 30 4 39 4 69 25 4 16 4 41 11 4 5 4 28 4 38 21 4 19 4 32 4 58 32 4 15 4 12 32 4 24 4 60 26 4 59 46 4 47 4 19 4 4 20 4 48 4 80 27 4 29 4 44 11 4 5 4 71 29 4 45 4 86 15 4 34 4 59 13 4 24 4 23 28 4 10 4 7 24 4 15 4 6 34 4 5 4 23 4 50 43 4 28 4 78 42 4 5 4 32 4 78 6 4 44 4 19 4 59 37 4 14 4 14 4 29 4 71 43 4 29 4 12 4 36 4 75 15 4 44 4 15 4 20 34 4 43 4 35 19 4 5 4 26 4 60 9 4 29 4 21 4 91 18 4 13 4 45 4 72 24 4 10 4 10 4 65 26 16 29 16 58 17 4 55 12 16 7 16 49 44 4 34 4 10 17 4 14 4 28 4 47 35 4 12 4 27 4 33 4 46 20 4 26 4 35 18 4 23 4 34 4 33 4 56 11 4 12 4 13 4 23 46 4 19 4 22 4 79 25 4 14 4 16 4 56 15 4 17 4 14 4 33 25 4 33 4 20 4 31 4 40 14 4 10 4 16 4 41 4 82 15 4 33 4 40 4 33 37 4 6 4 22 4 29 8 4 17 4 8 4 
iteration 547 best: 1.0028 time: 161690
26 30 4 37 4 16 4 81 25 4 45 4 90 13 4 13 4 30 4 61 36 4 24 4 50 4 66 18 4 36 4 16 4 32 22 4 36 4 37 4 17 4 24 31 4 40 4 21 4 80 45 4 27 4 76 12 4 8 4 76 42 4 20 4 33 4 45 4 58 15 4 35 4 22 25 4 23 4 38 12 4 5 4 10 4 11 4 12 4 65 40 4 28 4 48 4 19 4 23 25 4 12 4 25 33 4 17 4 46 4 18 4 20 32 4 11 4 44 4 23 9 4 33 4 61 14 4 13 4 53 27 20 78 20 4 16 4 19 4 66 26 20 34 13 4 27 4 5 4 44 17 4 19 4 14 4 20 4 38 39 4 45 4 55 32 4 30 4 39 4 69 25 4 16 4 41 11 4 5 4 28 4 38 21 4 19 4 32 4 58 32 4 15 4 12 32 4 24 4 60 26 4 59 46 4 47 4 19 4 4 20 4 48 4 80 27 4 29 4 44 11 4 5 4 71 29 4 45 4 86 15 4 34 4 59 13 4 24 4 23 28 4 10 4 7 24 4 15 4 6 34 4 5 4 23 4 50 43 4 28 4 78 42 4 5 4 32 4 78 6 4 44 4 19 4 59 37 4 14 4 14 4 29 4 71 43 4 29 4 12 4 36 4 75 15 4 44 4 15 4 20 34 4 43 4 35 19 4 5 4 26 4 60 9 4 29 4 21 4 91 18 4 13 4 45 4 72 24 4 10 4 10 4 65 26 16 29 16 58 17 4 55 12 16 7 16 49 44 4 34 4 10 17 4 14 4 28 4 47 35 4 12 4 27 4 33 4 46 20 4 26 4 35 18 4 23 4 34 4 33 4 56 11 4 12 4 13 4 23 46 4 19 4 22 4 79 25 4 14 4 16 4 56 15 4 17 4 14 4 33 25 4 33 4 20 4 31 4 40 14 4 10 4 16 4 41 4 82 15 4 33 4 40 4 33 37 4 6 4 22 4 29 8 4 17 4 8 4 
iteration 572 best: 1.0028 time: 169062
26 30 4 37 4 16 4 81 25 4 45 4 90 13 4 13 4 30 4 61 36 4 24 4 50 4 66 18 4 36 4 16 4 32 22 4 36 4 37 4 17 4 24 31 4 40 4 21 4 80 45 4 27 4 76 12 4 8 4 76 42 4 20 4 33 4 45 4 58 15 4 35 4 22 25 4 23 4 38 12 4 5 4 10 4 11 4 12 4 65 40 4 28 4 48 4 19 4 23 25 4 12 4 25 33 4 17 4 46 4 18 4 20 32 4 11 4 44 4 23 9 4 33 4 61 14 4 13 4 53 27 20 78 20 4 16 4 19 4 66 26 20 34 13 4 27 4 5 4 44 17 4 19 4 14 4 20 4 38 39 4 45 4 55 32 4 30 4 39 4 69 25 4 16 4 41 11 4 5 4 28 4 38 21 4 19 4 32 4 58 32 4 15 4 12 32 4 24 4 60 26 4 59 46 4 47 4 19 4 4 20 4 48 4 80 27 4 29 4 44 11 4 5 4 71 29 4 45 4 86 15 4 34 4 59 13 4 24 4 23 28 4 10 4 7 24 4 15 4 6 34 4 5 4 23 4 50 43 4 28 4 78 42 4 5 4 32 4 78 6 4 44 4 19 4 59 37 4 14 4 14 4 29 4 71 43 4 29 4 12 4 36 4 75 15 4 44 4 15 4 20 34 4 43 4 35 19 4 5 4 26 4 60 9 4 29 4 21 4 91 18 4 13 4 45 4 72 24 4 10 4 10 4 65 26 16 29 16 58 17 4 55 12 16 7 16 49 44 4 34 4 10 17 4 14 4 28 4 47 35 4 12 4 27 4 33 4 46 20 4 26 4 35 18 4 23 4 34 4 33 4 56 11 4 12 4 13 4 23 46 4 19 4 22 4 79 25 4 14 4 16 4 56 15 4 17 4 14 4 33 25 4 33 4 20 4 31 4 40 14 4 10 4 16 4 41 4 82 15 4 33 4 40 4 33 37 4 6 4 22 4 29 8 4 17 4 8 4 
iteration 597 best: 1.0028 time: 176414
26 30 4 37 4 16 4 81 25 4 45 4 90 13 4 13 4 30 4 61 36 4 24 4 50 4 66 18 4 36 4 16 4 32 22 4 36 4 37 4 17 4 24 31 4 40 4 21 4 80 45 4 27 4 76 12 4 8 4 76 42 4 20 4 33 4 45 4 58 15 4 35 4 22 25 4 23 4 38 12 4 5 4 10 4 11 4 12 4 65 40 4 28 4 48 4 19 4 23 25 4 12 4 25 33 4 17 4 46 4 18 4 20 32 4 11 4 44 4 23 9 4 33 4 61 14 4 13 4 53 27 20 78 20 4 16 4 19 4 66 26 20 34 13 4 27 4 5 4 44 17 4 19 4 14 4 20 4 38 39 4 45 4 55 32 4 30 4 39 4 69 25 4 16 4 41 11 4 5 4 28 4 38 21 4 19 4 32 4 58 32 4 15 4 12 32 4 24 4 60 26 4 59 46 4 47 4 19 4 4 20 4 48 4 80 27 4 29 4 44 11 4 5 4 71 29 4 45 4 86 15 4 34 4 59 13 4 24 4 23 28 4 10 4 7 24 4 15 4 6 34 4 5 4 23 4 50 43 4 28 4 78 42 4 5 4 32 4 78 6 4 44 4 19 4 59 37 4 14 4 14 4 29 4 71 43 4 29 4 12 4 36 4 75 15 4 44 4 15 4 20 34 4 43 4 35 19 4 5 4 26 4 60 9 4 29 4 21 4 91 18 4 13 4 45 4 72 24 4 10 4 10 4 65 26 16 29 16 58 17 4 55 12 16 7 16 49 44 4 34 4 10 17 4 14 4 28 4 47 35 4 12 4 27 4 33 4 46 20 4 26 4 35 18 4 23 4 34 4 33 4 56 11 4 12 4 13 4 23 46 4 19 4 22 4 79 25 4 14 4 16 4 56 15 4 17 4 14 4 33 25 4 33 4 20 4 31 4 40 14 4 10 4 16 4 41 4 82 15 4 33 4 40 4 33 37 4 6 4 22 4 29 8 4 17 4 8 4 
iteration 622 best: 1.0028 time: 183765
26 30 4 37 4 16 4 81 25 4 45 4 90 13 4 13 4 30 4 61 36 4 24 4 50 4 66 18 4 36 4 16 4 32 22 4 36 4 37 4 17 4 24 31 4 40 4 21 4 80 45 4 27 4 76 12 4 8 4 76 42 4 20 4 33 4 45 4 58 15 4 35 4 22 25 4 23 4 38 12 4 5 4 10 4 11 4 12 4 65 40 4 28 4 48 4 19 4 23 25 4 12 4 25 33 4 17 4 46 4 18 4 20 32 4 11 4 44 4 23 9 4 33 4 61 14 4 13 4 53 27 20 78 20 4 16 4 19 4 66 26 20 34 13 4 27 4 5 4 44 17 4 19 4 14 4 20 4 38 39 4 45 4 55 32 4 30 4 39 4 69 25 4 16 4 41 11 4 5 4 28 4 38 21 4 19 4 32 4 58 32 4 15 4 12 32 4 24 4 60 26 4 59 46 4 47 4 19 4 4 20 4 48 4 80 27 4 29 4 44 11 4 5 4 71 29 4 45 4 86 15 4 34 4 59 13 4 24 4 23 28 4 10 4 7 24 4 15 4 6 34 4 5 4 23 4 50 43 4 28 4 78 42 4 5 4 32 4 78 6 4 44 4 19 4 59 37 4 14 4 14 4 29 4 71 43 4 29 4 12 4 36 4 75 15 4 44 4 15 4 20 34 4 43 4 35 19 4 5 4 26 4 60 9 4 29 4 21 4 91 18 4 13 4 45 4 72 24 4 10 4 10 4 65 26 16 29 16 58 17 4 55 12 16 7 16 49 44 4 34 4 10 17 4 14 4 28 4 47 35 4 12 4 27 4 33 4 46 20 4 26 4 35 18 4 23 4 34 4 33 4 56 11 4 12 4 13 4 23 46 4 19 4 22 4 79 25 4 14 4 16 4 56 15 4 17 4 14 4 33 25 4 33 4 20 4 31 4 40 14 4 10 4 16 4 41 4 82 15 4 33 4 40 4 33 37 4 6 4 22 4 29 8 4 17 4 8 4 
iteration 647 best: 1.0028 time: 191117
26 30 4 37 4 16 4 81 25 4 45 4 90 13 4 13 4 30 4 61 36 4 24 4 50 4 66 18 4 36 4 16 4 32 22 4 36 4 37 4 17 4 24 31 4 40 4 21 4 80 45 4 27 4 76 12 4 8 4 76 42 4 20 4 33 4 45 4 58 15 4 35 4 22 25 4 23 4 38 12 4 5 4 10 4 11 4 12 4 65 40 4 28 4 48 4 19 4 23 25 4 12 4 25 33 4 17 4 46 4 18 4 20 32 4 11 4 44 4 23 9 4 33 4 61 14 4 13 4 53 27 20 78 20 4 16 4 19 4 66 26 20 34 13 4 27 4 5 4 44 17 4 19 4 14 4 20 4 38 39 4 45 4 55 32 4 30 4 39 4 69 25 4 16 4 41 11 4 5 4 28 4 38 21 4 19 4 32 4 58 32 4 15 4 12 32 4 24 4 60 26 4 59 46 4 47 4 19 4 4 20 4 48 4 80 27 4 29 4 44 11 4 5 4 71 29 4 45 4 86 15 4 34 4 59 13 4 24 4 23 28 4 10 4 7 24 4 15 4 6 34 4 5 4 23 4 50 43 4 28 4 78 42 4 5 4 32 4 78 6 4 44 4 19 4 59 37 4 14 4 14 4 29 4 71 43 4 29 4 12 4 36 4 75 15 4 44 4 15 4 20 34 4 43 4 35 19 4 5 4 26 4 60 9 4 29 4 21 4 91 18 4 13 4 45 4 72 24 4 10 4 10 4 65 26 16 29 16 58 17 4 55 12 16 7 16 49 44 4 34 4 10 17 4 14 4 28 4 47 35 4 12 4 27 4 33 4 46 20 4 26 4 35 18 4 23 4 34 4 33 4 56 11 4 12 4 13 4 23 46 4 19 4 22 4 79 25 4 14 4 16 4 56 15 4 17 4 14 4 33 25 4 33 4 20 4 31 4 40 14 4 10 4 16 4 41 4 82 15 4 33 4 40 4 33 37 4 6 4 22 4 29 8 4 17 4 8 4 
iteration 672 best: 1.0028 time: 198440
26 30 4 37 4 16 4 81 25 4 45 4 90 13 4 13 4 30 4 61 36 4 24 4 50 4 66 18 4 36 4 16 4 32 22 4 36 4 37 4 17 4 24 31 4 40 4 21 4 80 45 4 27 4 76 12 4 8 4 76 42 4 20 4 33 4 45 4 58 15 4 35 4 22 25 4 23 4 38 12 4 5 4 10 4 11 4 12 4 65 40 4 28 4 48 4 19 4 23 25 4 12 4 25 33 4 17 4 46 4 18 4 20 32 4 11 4 44 4 23 9 4 33 4 61 14 4 13 4 53 27 20 78 20 4 16 4 19 4 66 26 20 34 13 4 27 4 5 4 44 17 4 19 4 14 4 20 4 38 39 4 45 4 55 32 4 30 4 39 4 69 25 4 16 4 41 11 4 5 4 28 4 38 21 4 19 4 32 4 58 32 4 15 4 12 32 4 24 4 60 26 4 59 46 4 47 4 19 4 4 20 4 48 4 80 27 4 29 4 44 11 4 5 4 71 29 4 45 4 86 15 4 34 4 59 13 4 24 4 23 28 4 10 4 7 24 4 15 4 6 34 4 5 4 23 4 50 43 4 28 4 78 42 4 5 4 32 4 78 6 4 44 4 19 4 59 37 4 14 4 14 4 29 4 71 43 4 29 4 12 4 36 4 75 15 4 44 4 15 4 20 34 4 43 4 35 19 4 5 4 26 4 60 9 4 29 4 21 4 91 18 4 13 4 45 4 72 24 4 10 4 10 4 65 26 16 29 16 58 17 4 55 12 16 7 16 49 44 4 34 4 10 17 4 14 4 28 4 47 35 4 12 4 27 4 33 4 46 20 4 26 4 35 18 4 23 4 34 4 33 4 56 11 4 12 4 13 4 23 46 4 19 4 22 4 79 25 4 14 4 16 4 56 15 4 17 4 14 4 33 25 4 33 4 20 4 31 4 40 14 4 10 4 16 4 41 4 82 15 4 33 4 40 4 33 37 4 6 4 22 4 29 8 4 17 4 8 4 
iteration 697 best: 1.0028 time: 205760
26 30 4 37 4 16 4 81 25 4 45 4 90 13 4 13 4 30 4 61 36 4 24 4 50 4 66 18 4 36 4 16 4 32 22 4 36 4 37 4 17 4 24 31 4 40 4 21 4 80 45 4 27 4 76 12 4 8 4 76 42 4 20 4 33 4 45 4 58 15 4 35 4 22 25 4 23 4 38 12 4 5 4 10 4 11 4 12 4 65 40 4 28 4 48 4 19 4 23 25 4 12 4 25 33 4 17 4 46 4 18 4 20 32 4 11 4 44 4 23 9 4 33 4 61 14 4 13 4 53 27 20 78 20 4 16 4 19 4 66 26 20 34 13 4 27 4 5 4 44 17 4 19 4 14 4 20 4 38 39 4 45 4 55 32 4 30 4 39 4 69 25 4 16 4 41 11 4 5 4 28 4 38 21 4 19 4 32 4 58 32 4 15 4 12 32 4 24 4 60 26 4 59 46 4 47 4 19 4 4 20 4 48 4 80 27 4 29 4 44 11 4 5 4 71 29 4 45 4 86 15 4 34 4 59 13 4 24 4 23 28 4 10 4 7 24 4 15 4 6 34 4 5 4 23 4 50 43 4 28 4 78 42 4 5 4 32 4 78 6 4 44 4 19 4 59 37 4 14 4 14 4 29 4 71 43 4 29 4 12 4 36 4 75 15 4 44 4 15 4 20 34 4 43 4 35 19 4 5 4 26 4 60 9 4 29 4 21 4 91 18 4 13 4 45 4 72 24 4 10 4 10 4 65 26 16 29 16 58 17 4 55 12 16 7 16 49 44 4 34 4 10 17 4 14 4 28 4 47 35 4 12 4 27 4 33 4 46 20 4 26 4 35 18 4 23 4 34 4 33 4 56 11 4 12 4 13 4 23 46 4 19 4 22 4 79 25 4 14 4 16 4 56 15 4 17 4 14 4 33 25 4 33 4 20 4 31 4 40 14 4 10 4 16 4 41 4 82 15 4 33 4 40 4 33 37 4 6 4 22 4 29 8 4 17 4 8 4 
iteration 722 best: 1.0028 time: 213093
26 30 4 37 4 16 4 81 25 4 45 4 90 13 4 13 4 30 4 61 36 4 24 4 50 4 66 18 4 36 4 16 4 32 22 4 36 4 37 4 17 4 24 31 4 40 4 21 4 80 45 4 27 4 76 12 4 8 4 76 42 4 20 4 33 4 45 4 58 15 4 35 4 22 25 4 23 4 38 12 4 5 4 10 4 11 4 12 4 65 40 4 28 4 48 4 19 4 23 25 4 12 4 25 33 4 17 4 46 4 18 4 20 32 4 11 4 44 4 23 9 4 33 4 61 14 4 13 4 53 27 20 78 20 4 16 4 19 4 66 26 20 34 13 4 27 4 5 4 44 17 4 19 4 14 4 20 4 38 39 4 45 4 55 32 4 30 4 39 4 69 25 4 16 4 41 11 4 5 4 28 4 38 21 4 19 4 32 4 58 32 4 15 4 12 32 4 24 4 60 26 4 59 46 4 47 4 19 4 4 20 4 48 4 80 27 4 29 4 44 11 4 5 4 71 29 4 45 4 86 15 4 34 4 59 13 4 24 4 23 28 4 10 4 7 24 4 15 4 6 34 4 5 4 23 4 50 43 4 28 4 78 42 4 5 4 32 4 78 6 4 44 4 19 4 59 37 4 14 4 14 4 29 4 71 43 4 29 4 12 4 36 4 75 15 4 44 4 15 4 20 34 4 43 4 35 19 4 5 4 26 4 60 9 4 29 4 21 4 91 18 4 13 4 45 4 72 24 4 10 4 10 4 65 26 16 29 16 58 17 4 55 12 16 7 16 49 44 4 34 4 10 17 4 14 4 28 4 47 35 4 12 4 27 4 33 4 46 20 4 26 4 35 18 4 23 4 34 4 33 4 56 11 4 12 4 13 4 23 46 4 19 4 22 4 79 25 4 14 4 16 4 56 15 4 17 4 14 4 33 25 4 33 4 20 4 31 4 40 14 4 10 4 16 4 41 4 82 15 4 33 4 40 4 33 37 4 6 4 22 4 29 8 4 17 4 8 4 
iteration 747 best: 1.0028 time: 220455
26 30 4 37 4 16 4 81 25 4 45 4 90 13 4 13 4 30 4 61 36 4 24 4 50 4 66 18 4 36 4 16 4 32 22 4 36 4 37 4 17 4 24 31 4 40 4 21 4 80 45 4 27 4 76 12 4 8 4 76 42 4 20 4 33 4 45 4 58 15 4 35 4 22 25 4 23 4 38 12 4 5 4 10 4 11 4 12 4 65 40 4 28 4 48 4 19 4 23 25 4 12 4 25 33 4 17 4 46 4 18 4 20 32 4 11 4 44 4 23 9 4 33 4 61 14 4 13 4 53 27 20 78 20 4 16 4 19 4 66 26 20 34 13 4 27 4 5 4 44 17 4 19 4 14 4 20 4 38 39 4 45 4 55 32 4 30 4 39 4 69 25 4 16 4 41 11 4 5 4 28 4 38 21 4 19 4 32 4 58 32 4 15 4 12 32 4 24 4 60 26 4 59 46 4 47 4 19 4 4 20 4 48 4 80 27 4 29 4 44 11 4 5 4 71 29 4 45 4 86 15 4 34 4 59 13 4 24 4 23 28 4 10 4 7 24 4 15 4 6 34 4 5 4 23 4 50 43 4 28 4 78 42 4 5 4 32 4 78 6 4 44 4 19 4 59 37 4 14 4 14 4 29 4 71 43 4 29 4 12 4 36 4 75 15 4 44 4 15 4 20 34 4 43 4 35 19 4 5 4 26 4 60 9 4 29 4 21 4 91 18 4 13 4 45 4 72 24 4 10 4 10 4 65 26 16 29 16 58 17 4 55 12 16 7 16 49 44 4 34 4 10 17 4 14 4 28 4 47 35 4 12 4 27 4 33 4 46 20 4 26 4 35 18 4 23 4 34 4 33 4 56 11 4 12 4 13 4 23 46 4 19 4 22 4 79 25 4 14 4 16 4 56 15 4 17 4 14 4 33 25 4 33 4 20 4 31 4 40 14 4 10 4 16 4 41 4 82 15 4 33 4 40 4 33 37 4 6 4 22 4 29 8 4 17 4 8 4 
iteration 772 best: 1.0028 time: 227830
26 30 4 37 4 16 4 81 25 4 45 4 90 13 4 13 4 30 4 61 36 4 24 4 50 4 66 18 4 36 4 16 4 32 22 4 36 4 37 4 17 4 24 31 4 40 4 21 4 80 45 4 27 4 76 12 4 8 4 76 42 4 20 4 33 4 45 4 58 15 4 35 4 22 25 4 23 4 38 12 4 5 4 10 4 11 4 12 4 65 40 4 28 4 48 4 19 4 23 25 4 12 4 25 33 4 17 4 46 4 18 4 20 32 4 11 4 44 4 23 9 4 33 4 61 14 4 13 4 53 27 20 78 20 4 16 4 19 4 66 26 20 34 13 4 27 4 5 4 44 17 4 19 4 14 4 20 4 38 39 4 45 4 55 32 4 30 4 39 4 69 25 4 16 4 41 11 4 5 4 28 4 38 21 4 19 4 32 4 58 32 4 15 4 12 32 4 24 4 60 26 4 59 46 4 47 4 19 4 4 20 4 48 4 80 27 4 29 4 44 11 4 5 4 71 29 4 45 4 86 15 4 34 4 59 13 4 24 4 23 28 4 10 4 7 24 4 15 4 6 34 4 5 4 23 4 50 43 4 28 4 78 42 4 5 4 32 4 78 6 4 44 4 19 4 59 37 4 14 4 14 4 29 4 71 43 4 29 4 12 4 36 4 75 15 4 44 4 15 4 20 34 4 43 4 35 19 4 5 4 26 4 60 9 4 29 4 21 4 91 18 4 13 4 45 4 72 24 4 10 4 10 4 65 26 16 29 16 58 17 4 55 12 16 7 16 49 44 4 34 4 10 17 4 14 4 28 4 47 35 4 12 4 27 4 33 4 46 20 4 26 4 35 18 4 23 4 34 4 33 4 56 11 4 12 4 13 4 23 46 4 19 4 22 4 79 25 4 14 4 16 4 56 15 4 17 4 14 4 33 25 4 33 4 20 4 31 4 40 14 4 10 4 16 4 41 4 82 15 4 33 4 40 4 33 37 4 6 4 22 4 29 8 4 17 4 8 4 
iteration 797 best: 1.0028 time: 235196
26 30 4 37 4 16 4 81 25 4 45 4 90 13 4 13 4 30 4 61 36 4 24 4 50 4 66 18 4 36 4 16 4 32 22 4 36 4 37 4 17 4 24 31 4 40 4 21 4 80 45 4 27 4 76 12 4 8 4 76 42 4 20 4 33 4 45 4 58 15 4 35 4 22 25 4 23 4 38 12 4 5 4 10 4 11 4 12 4 65 40 4 28 4 48 4 19 4 23 25 4 12 4 25 33 4 17 4 46 4 18 4 20 32 4 11 4 44 4 23 9 4 33 4 61 14 4 13 4 53 27 20 78 20 4 16 4 19 4 66 26 20 34 13 4 27 4 5 4 44 17 4 19 4 14 4 20 4 38 39 4 45 4 55 32 4 30 4 39 4 69 25 4 16 4 41 11 4 5 4 28 4 38 21 4 19 4 32 4 58 32 4 15 4 12 32 4 24 4 60 26 4 59 46 4 47 4 19 4 4 20 4 48 4 80 27 4 29 4 44 11 4 5 4 71 29 4 45 4 86 15 4 34 4 59 13 4 24 4 23 28 4 10 4 7 24 4 15 4 6 34 4 5 4 23 4 50 43 4 28 4 78 42 4 5 4 32 4 78 6 4 44 4 19 4 59 37 4 14 4 14 4 29 4 71 43 4 29 4 12 4 36 4 75 15 4 44 4 15 4 20 34 4 43 4 35 19 4 5 4 26 4 60 9 4 29 4 21 4 91 18 4 13 4 45 4 72 24 4 10 4 10 4 65 26 16 29 16 58 17 4 55 12 16 7 16 49 44 4 34 4 10 17 4 14 4 28 4 47 35 4 12 4 27 4 33 4 46 20 4 26 4 35 18 4 23 4 34 4 33 4 56 11 4 12 4 13 4 23 46 4 19 4 22 4 79 25 4 14 4 16 4 56 15 4 17 4 14 4 33 25 4 33 4 20 4 31 4 40 14 4 10 4 16 4 41 4 82 15 4 33 4 40 4 33 37 4 6 4 22 4 29 8 4 17 4 8 4 
iteration 822 best: 1.0028 time: 242554
26 30 4 37 4 16 4 81 25 4 45 4 90 13 4 13 4 30 4 61 36 4 24 4 50 4 66 18 4 36 4 16 4 32 22 4 36 4 37 4 17 4 24 31 4 40 4 21 4 80 45 4 27 4 76 12 4 8 4 76 42 4 20 4 33 4 45 4 58 15 4 35 4 22 25 4 23 4 38 12 4 5 4 10 4 11 4 12 4 65 40 4 28 4 48 4 19 4 23 25 4 12 4 25 33 4 17 4 46 4 18 4 20 32 4 11 4 44 4 23 9 4 33 4 61 14 4 13 4 53 27 20 78 20 4 16 4 19 4 66 26 20 34 13 4 27 4 5 4 44 17 4 19 4 14 4 20 4 38 39 4 45 4 55 32 4 30 4 39 4 69 25 4 16 4 41 11 4 5 4 28 4 38 21 4 19 4 32 4 58 32 4 15 4 12 32 4 24 4 60 26 4 59 46 4 47 4 19 4 4 20 4 48 4 80 27 4 29 4 44 11 4 5 4 71 29 4 45 4 86 15 4 34 4 59 13 4 24 4 23 28 4 10 4 7 24 4 15 4 6 34 4 5 4 23 4 50 43 4 28 4 78 42 4 5 4 32 4 78 6 4 44 4 19 4 59 37 4 14 4 14 4 29 4 71 43 4 29 4 12 4 36 4 75 15 4 44 4 15 4 20 34 4 43 4 35 19 4 5 4 26 4 60 9 4 29 4 21 4 91 18 4 13 4 45 4 72 24 4 10 4 10 4 65 26 16 29 16 58 17 4 55 12 16 7 16 49 44 4 34 4 10 17 4 14 4 28 4 47 35 4 12 4 27 4 33 4 46 20 4 26 4 35 18 4 23 4 34 4 33 4 56 11 4 12 4 13 4 23 46 4 19 4 22 4 79 25 4 14 4 16 4 56 15 4 17 4 14 4 33 25 4 33 4 20 4 31 4 40 14 4 10 4 16 4 41 4 82 15 4 33 4 40 4 33 37 4 6 4 22 4 29 8 4 17 4 8 4 
iteration 847 best: 1.0028 time: 249893
26 30 4 37 4 16 4 81 25 4 45 4 90 13 4 13 4 30 4 61 36 4 24 4 50 4 66 18 4 36 4 16 4 32 22 4 36 4 37 4 17 4 24 31 4 40 4 21 4 80 45 4 27 4 76 12 4 8 4 76 42 4 20 4 33 4 45 4 58 15 4 35 4 22 25 4 23 4 38 12 4 5 4 10 4 11 4 12 4 65 40 4 28 4 48 4 19 4 23 25 4 12 4 25 33 4 17 4 46 4 18 4 20 32 4 11 4 44 4 23 9 4 33 4 61 14 4 13 4 53 27 20 78 20 4 16 4 19 4 66 26 20 34 13 4 27 4 5 4 44 17 4 19 4 14 4 20 4 38 39 4 45 4 55 32 4 30 4 39 4 69 25 4 16 4 41 11 4 5 4 28 4 38 21 4 19 4 32 4 58 32 4 15 4 12 32 4 24 4 60 26 4 59 46 4 47 4 19 4 4 20 4 48 4 80 27 4 29 4 44 11 4 5 4 71 29 4 45 4 86 15 4 34 4 59 13 4 24 4 23 28 4 10 4 7 24 4 15 4 6 34 4 5 4 23 4 50 43 4 28 4 78 42 4 5 4 32 4 78 6 4 44 4 19 4 59 37 4 14 4 14 4 29 4 71 43 4 29 4 12 4 36 4 75 15 4 44 4 15 4 20 34 4 43 4 35 19 4 5 4 26 4 60 9 4 29 4 21 4 91 18 4 13 4 45 4 72 24 4 10 4 10 4 65 26 16 29 16 58 17 4 55 12 16 7 16 49 44 4 34 4 10 17 4 14 4 28 4 47 35 4 12 4 27 4 33 4 46 20 4 26 4 35 18 4 23 4 34 4 33 4 56 11 4 12 4 13 4 23 46 4 19 4 22 4 79 25 4 14 4 16 4 56 15 4 17 4 14 4 33 25 4 33 4 20 4 31 4 40 14 4 10 4 16 4 41 4 82 15 4 33 4 40 4 33 37 4 6 4 22 4 29 8 4 17 4 8 4 
iteration 872 best: 1.0028 time: 257227
26 30 4 37 4 16 4 81 25 4 45 4 90 13 4 13 4 30 4 61 36 4 24 4 50 4 66 18 4 36 4 16 4 32 22 4 36 4 37 4 17 4 24 31 4 40 4 21 4 80 45 4 27 4 76 12 4 8 4 76 42 4 20 4 33 4 45 4 58 15 4 35 4 22 25 4 23 4 38 12 4 5 4 10 4 11 4 12 4 65 40 4 28 4 48 4 19 4 23 25 4 12 4 25 33 4 17 4 46 4 18 4 20 32 4 11 4 44 4 23 9 4 33 4 61 14 4 13 4 53 27 20 78 20 4 16 4 19 4 66 26 20 34 13 4 27 4 5 4 44 17 4 19 4 14 4 20 4 38 39 4 45 4 55 32 4 30 4 39 4 69 25 4 16 4 41 11 4 5 4 28 4 38 21 4 19 4 32 4 58 32 4 15 4 12 32 4 24 4 60 26 4 59 46 4 47 4 19 4 4 20 4 48 4 80 27 4 29 4 44 11 4 5 4 71 29 4 45 4 86 15 4 34 4 59 13 4 24 4 23 28 4 10 4 7 24 4 15 4 6 34 4 5 4 23 4 50 43 4 28 4 78 42 4 5 4 32 4 78 6 4 44 4 19 4 59 37 4 14 4 14 4 29 4 71 43 4 29 4 12 4 36 4 75 15 4 44 4 15 4 20 34 4 43 4 35 19 4 5 4 26 4 60 9 4 29 4 21 4 91 18 4 13 4 45 4 72 24 4 10 4 10 4 65 26 16 29 16 58 17 4 55 12 16 7 16 49 44 4 34 4 10 17 4 14 4 28 4 47 35 4 12 4 27 4 33 4 46 20 4 26 4 35 18 4 23 4 34 4 33 4 56 11 4 12 4 13 4 23 46 4 19 4 22 4 79 25 4 14 4 16 4 56 15 4 17 4 14 4 33 25 4 33 4 20 4 31 4 40 14 4 10 4 16 4 41 4 82 15 4 33 4 40 4 33 37 4 6 4 22 4 29 8 4 17 4 8 4 
iteration 897 best: 1.0028 time: 264560
26 30 4 37 4 16 4 81 25 4 45 4 90 13 4 13 4 30 4 61 36 4 24 4 50 4 66 18 4 36 4 16 4 32 22 4 36 4 37 4 17 4 24 31 4 40 4 21 4 80 45 4 27 4 76 12 4 8 4 76 42 4 20 4 33 4 45 4 58 15 4 35 4 22 25 4 23 4 38 12 4 5 4 10 4 11 4 12 4 65 40 4 28 4 48 4 19 4 23 25 4 12 4 25 33 4 17 4 46 4 18 4 20 32 4 11 4 44 4 23 9 4 33 4 61 14 4 13 4 53 27 20 78 20 4 16 4 19 4 66 26 20 34 13 4 27 4 5 4 44 17 4 19 4 14 4 20 4 38 39 4 45 4 55 32 4 30 4 39 4 69 25 4 16 4 41 11 4 5 4 28 4 38 21 4 19 4 32 4 58 32 4 15 4 12 32 4 24 4 60 26 4 59 46 4 47 4 19 4 4 20 4 48 4 80 27 4 29 4 44 11 4 5 4 71 29 4 45 4 86 15 4 34 4 59 13 4 24 4 23 28 4 10 4 7 24 4 15 4 6 34 4 5 4 23 4 50 43 4 28 4 78 42 4 5 4 32 4 78 6 4 44 4 19 4 59 37 4 14 4 14 4 29 4 71 43 4 29 4 12 4 36 4 75 15 4 44 4 15 4 20 34 4 43 4 35 19 4 5 4 26 4 60 9 4 29 4 21 4 91 18 4 13 4 45 4 72 24 4 10 4 10 4 65 26 16 29 16 58 17 4 55 12 16 7 16 49 44 4 34 4 10 17 4 14 4 28 4 47 35 4 12 4 27 4 33 4 46 20 4 26 4 35 18 4 23 4 34 4 33 4 56 11 4 12 4 13 4 23 46 4 19 4 22 4 79 25 4 14 4 16 4 56 15 4 17 4 14 4 33 25 4 33 4 20 4 31 4 40 14 4 10 4 16 4 41 4 82 15 4 33 4 40 4 33 37 4 6 4 22 4 29 8 4 17 4 8 4 
iteration 922 best: 1.0028 time: 271884
26 30 4 37 4 16 4 81 25 4 45 4 90 13 4 13 4 30 4 61 36 4 24 4 50 4 66 18 4 36 4 16 4 32 22 4 36 4 37 4 17 4 24 31 4 40 4 21 4 80 45 4 27 4 76 12 4 8 4 76 42 4 20 4 33 4 45 4 58 15 4 35 4 22 25 4 23 4 38 12 4 5 4 10 4 11 4 12 4 65 40 4 28 4 48 4 19 4 23 25 4 12 4 25 33 4 17 4 46 4 18 4 20 32 4 11 4 44 4 23 9 4 33 4 61 14 4 13 4 53 27 20 78 20 4 16 4 19 4 66 26 20 34 13 4 27 4 5 4 44 17 4 19 4 14 4 20 4 38 39 4 45 4 55 32 4 30 4 39 4 69 25 4 16 4 41 11 4 5 4 28 4 38 21 4 19 4 32 4 58 32 4 15 4 12 32 4 24 4 60 26 4 59 46 4 47 4 19 4 4 20 4 48 4 80 27 4 29 4 44 11 4 5 4 71 29 4 45 4 86 15 4 34 4 59 13 4 24 4 23 28 4 10 4 7 24 4 15 4 6 34 4 5 4 23 4 50 43 4 28 4 78 42 4 5 4 32 4 78 6 4 44 4 19 4 59 37 4 14 4 14 4 29 4 71 43 4 29 4 12 4 36 4 75 15 4 44 4 15 4 20 34 4 43 4 35 19 4 5 4 26 4 60 9 4 29 4 21 4 91 18 4 13 4 45 4 72 24 4 10 4 10 4 65 26 16 29 16 58 17 4 55 12 16 7 16 49 44 4 34 4 10 17 4 14 4 28 4 47 35 4 12 4 27 4 33 4 46 20 4 26 4 35 18 4 23 4 34 4 33 4 56 11 4 12 4 13 4 23 46 4 19 4 22 4 79 25 4 14 4 16 4 56 15 4 17 4 14 4 33 25 4 33 4 20 4 31 4 40 14 4 10 4 16 4 41 4 82 15 4 33 4 40 4 33 37 4 6 4 22 4 29 8 4 17 4 8 4 
iteration 947 best: 1.0028 time: 279236
26 30 4 37 4 16 4 81 25 4 45 4 90 13 4 13 4 30 4 61 36 4 24 4 50 4 66 18 4 36 4 16 4 32 22 4 36 4 37 4 17 4 24 31 4 40 4 21 4 80 45 4 27 4 76 12 4 8 4 76 42 4 20 4 33 4 45 4 58 15 4 35 4 22 25 4 23 4 38 12 4 5 4 10 4 11 4 12 4 65 40 4 28 4 48 4 19 4 23 25 4 12 4 25 33 4 17 4 46 4 18 4 20 32 4 11 4 44 4 23 9 4 33 4 61 14 4 13 4 53 27 20 78 20 4 16 4 19 4 66 26 20 34 13 4 27 4 5 4 44 17 4 19 4 14 4 20 4 38 39 4 45 4 55 32 4 30 4 39 4 69 25 4 16 4 41 11 4 5 4 28 4 38 21 4 19 4 32 4 58 32 4 15 4 12 32 4 24 4 60 26 4 59 46 4 47 4 19 4 4 20 4 48 4 80 27 4 29 4 44 11 4 5 4 71 29 4 45 4 86 15 4 34 4 59 13 4 24 4 23 28 4 10 4 7 24 4 15 4 6 34 4 5 4 23 4 50 43 4 28 4 78 42 4 5 4 32 4 78 6 4 44 4 19 4 59 37 4 14 4 14 4 29 4 71 43 4 29 4 12 4 36 4 75 15 4 44 4 15 4 20 34 4 43 4 35 19 4 5 4 26 4 60 9 4 29 4 21 4 91 18 4 13 4 45 4 72 24 4 10 4 10 4 65 26 16 29 16 58 17 4 55 12 16 7 16 49 44 4 34 4 10 17 4 14 4 28 4 47 35 4 12 4 27 4 33 4 46 20 4 26 4 35 18 4 23 4 34 4 33 4 56 11 4 12 4 13 4 23 46 4 19 4 22 4 79 25 4 14 4 16 4 56 15 4 17 4 14 4 33 25 4 33 4 20 4 31 4 40 14 4 10 4 16 4 41 4 82 15 4 33 4 40 4 33 37 4 6 4 22 4 29 8 4 17 4 8 4 
iteration 972 best: 1.0028 time: 286579
26 30 4 37 4 16 4 81 25 4 45 4 90 13 4 13 4 30 4 61 36 4 24 4 50 4 66 18 4 36 4 16 4 32 22 4 36 4 37 4 17 4 24 31 4 40 4 21 4 80 45 4 27 4 76 12 4 8 4 76 42 4 20 4 33 4 45 4 58 15 4 35 4 22 25 4 23 4 38 12 4 5 4 10 4 11 4 12 4 65 40 4 28 4 48 4 19 4 23 25 4 12 4 25 33 4 17 4 46 4 18 4 20 32 4 11 4 44 4 23 9 4 33 4 61 14 4 13 4 53 27 20 78 20 4 16 4 19 4 66 26 20 34 13 4 27 4 5 4 44 17 4 19 4 14 4 20 4 38 39 4 45 4 55 32 4 30 4 39 4 69 25 4 16 4 41 11 4 5 4 28 4 38 21 4 19 4 32 4 58 32 4 15 4 12 32 4 24 4 60 26 4 59 46 4 47 4 19 4 4 20 4 48 4 80 27 4 29 4 44 11 4 5 4 71 29 4 45 4 86 15 4 34 4 59 13 4 24 4 23 28 4 10 4 7 24 4 15 4 6 34 4 5 4 23 4 50 43 4 28 4 78 42 4 5 4 32 4 78 6 4 44 4 19 4 59 37 4 14 4 14 4 29 4 71 43 4 29 4 12 4 36 4 75 15 4 44 4 15 4 20 34 4 43 4 35 19 4 5 4 26 4 60 9 4 29 4 21 4 91 18 4 13 4 45 4 72 24 4 10 4 10 4 65 26 16 29 16 58 17 4 55 12 16 7 16 49 44 4 34 4 10 17 4 14 4 28 4 47 35 4 12 4 27 4 33 4 46 20 4 26 4 35 18 4 23 4 34 4 33 4 56 11 4 12 4 13 4 23 46 4 19 4 22 4 79 25 4 14 4 16 4 56 15 4 17 4 14 4 33 25 4 33 4 20 4 31 4 40 14 4 10 4 16 4 41 4 82 15 4 33 4 40 4 33 37 4 6 4 22 4 29 8 4 17 4 8 4 
iteration 997 best: 1.0028 time: 293903
26 30 4 37 4 16 4 81 25 4 45 4 90 13 4 13 4 30 4 61 36 4 24 4 50 4 66 18 4 36 4 16 4 32 22 4 36 4 37 4 17 4 24 31 4 40 4 21 4 80 45 4 27 4 76 12 4 8 4 76 42 4 20 4 33 4 45 4 58 15 4 35 4 22 25 4 23 4 38 12 4 5 4 10 4 11 4 12 4 65 40 4 28 4 48 4 19 4 23 25 4 12 4 25 33 4 17 4 46 4 18 4 20 32 4 11 4 44 4 23 9 4 33 4 61 14 4 13 4 53 27 20 78 20 4 16 4 19 4 66 26 20 34 13 4 27 4 5 4 44 17 4 19 4 14 4 20 4 38 39 4 45 4 55 32 4 30 4 39 4 69 25 4 16 4 41 11 4 5 4 28 4 38 21 4 19 4 32 4 58 32 4 15 4 12 32 4 24 4 60 26 4 59 46 4 47 4 19 4 4 20 4 48 4 80 27 4 29 4 44 11 4 5 4 71 29 4 45 4 86 15 4 34 4 59 13 4 24 4 23 28 4 10 4 7 24 4 15 4 6 34 4 5 4 23 4 50 43 4 28 4 78 42 4 5 4 32 4 78 6 4 44 4 19 4 59 37 4 14 4 14 4 29 4 71 43 4 29 4 12 4 36 4 75 15 4 44 4 15 4 20 34 4 43 4 35 19 4 5 4 26 4 60 9 4 29 4 21 4 91 18 4 13 4 45 4 72 24 4 10 4 10 4 65 26 16 29 16 58 17 4 55 12 16 7 16 49 44 4 34 4 10 17 4 14 4 28 4 47 35 4 12 4 27 4 33 4 46 20 4 26 4 35 18 4 23 4 34 4 33 4 56 11 4 12 4 13 4 23 46 4 19 4 22 4 79 25 4 14 4 16 4 56 15 4 17 4 14 4 33 25 4 33 4 20 4 31 4 40 14 4 10 4 16 4 41 4 82 15 4 33 4 40 4 33 37 4 6 4 22 4 29 8 4 17 4 8 4 
iteration 1022 best: 1.0028 time: 301234
26 30 4 37 4 16 4 81 25 4 45 4 90 13 4 13 4 30 4 61 36 4 24 4 50 4 66 18 4 36 4 16 4 32 22 4 36 4 37 4 17 4 24 31 4 40 4 21 4 80 45 4 27 4 76 12 4 8 4 76 42 4 20 4 33 4 45 4 58 15 4 35 4 22 25 4 23 4 38 12 4 5 4 10 4 11 4 12 4 65 40 4 28 4 48 4 19 4 23 25 4 12 4 25 33 4 17 4 46 4 18 4 20 32 4 11 4 44 4 23 9 4 33 4 61 14 4 13 4 53 27 20 78 20 4 16 4 19 4 66 26 20 34 13 4 27 4 5 4 44 17 4 19 4 14 4 20 4 38 39 4 45 4 55 32 4 30 4 39 4 69 25 4 16 4 41 11 4 5 4 28 4 38 21 4 19 4 32 4 58 32 4 15 4 12 32 4 24 4 60 26 4 59 46 4 47 4 19 4 4 20 4 48 4 80 27 4 29 4 44 11 4 5 4 71 29 4 45 4 86 15 4 34 4 59 13 4 24 4 23 28 4 10 4 7 24 4 15 4 6 34 4 5 4 23 4 50 43 4 28 4 78 42 4 5 4 32 4 78 6 4 44 4 19 4 59 37 4 14 4 14 4 29 4 71 43 4 29 4 12 4 36 4 75 15 4 44 4 15 4 20 34 4 43 4 35 19 4 5 4 26 4 60 9 4 29 4 21 4 91 18 4 13 4 45 4 72 24 4 10 4 10 4 65 26 16 29 16 58 17 4 55 12 16 7 16 49 44 4 34 4 10 17 4 14 4 28 4 47 35 4 12 4 27 4 33 4 46 20 4 26 4 35 18 4 23 4 34 4 33 4 56 11 4 12 4 13 4 23 46 4 19 4 22 4 79 25 4 14 4 16 4 56 15 4 17 4 14 4 33 25 4 33 4 20 4 31 4 40 14 4 10 4 16 4 41 4 82 15 4 33 4 40 4 33 37 4 6 4 22 4 29 8 4 17 4 8 4 
iteration 1047 best: 1.0028 time: 308602
26 30 4 37 4 16 4 81 25 4 45 4 90 13 4 13 4 30 4 61 36 4 24 4 50 4 66 18 4 36 4 16 4 32 22 4 36 4 37 4 17 4 24 31 4 40 4 21 4 80 45 4 27 4 76 12 4 8 4 76 42 4 20 4 33 4 45 4 58 15 4 35 4 22 25 4 23 4 38 12 4 5 4 10 4 11 4 12 4 65 40 4 28 4 48 4 19 4 23 25 4 12 4 25 33 4 17 4 46 4 18 4 20 32 4 11 4 44 4 23 9 4 33 4 61 14 4 13 4 53 27 20 78 20 4 16 4 19 4 66 26 20 34 13 4 27 4 5 4 44 17 4 19 4 14 4 20 4 38 39 4 45 4 55 32 4 30 4 39 4 69 25 4 16 4 41 11 4 5 4 28 4 38 21 4 19 4 32 4 58 32 4 15 4 12 32 4 24 4 60 26 4 59 46 4 47 4 19 4 4 20 4 48 4 80 27 4 29 4 44 11 4 5 4 71 29 4 45 4 86 15 4 34 4 59 13 4 24 4 23 28 4 10 4 7 24 4 15 4 6 34 4 5 4 23 4 50 43 4 28 4 78 42 4 5 4 32 4 78 6 4 44 4 19 4 59 37 4 14 4 14 4 29 4 71 43 4 29 4 12 4 36 4 75 15 4 44 4 15 4 20 34 4 43 4 35 19 4 5 4 26 4 60 9 4 29 4 21 4 91 18 4 13 4 45 4 72 24 4 10 4 10 4 65 26 16 29 16 58 17 4 55 12 16 7 16 49 44 4 34 4 10 17 4 14 4 28 4 47 35 4 12 4 27 4 33 4 46 20 4 26 4 35 18 4 23 4 34 4 33 4 56 11 4 12 4 13 4 23 46 4 19 4 22 4 79 25 4 14 4 16 4 56 15 4 17 4 14 4 33 25 4 33 4 20 4 31 4 40 14 4 10 4 16 4 41 4 82 15 4 33 4 40 4 33 37 4 6 4 22 4 29 8 4 17 4 8 4 
iteration 1072 best: 1.0028 time: 315995
26 30 4 37 4 16 4 81 25 4 45 4 90 13 4 13 4 30 4 61 36 4 24 4 50 4 66 18 4 36 4 16 4 32 22 4 36 4 37 4 17 4 24 31 4 40 4 21 4 80 45 4 27 4 76 12 4 8 4 76 42 4 20 4 33 4 45 4 58 15 4 35 4 22 25 4 23 4 38 12 4 5 4 10 4 11 4 12 4 65 40 4 28 4 48 4 19 4 23 25 4 12 4 25 33 4 17 4 46 4 18 4 20 32 4 11 4 44 4 23 9 4 33 4 61 14 4 13 4 53 27 20 78 20 4 16 4 19 4 66 26 20 34 13 4 27 4 5 4 44 17 4 19 4 14 4 20 4 38 39 4 45 4 55 32 4 30 4 39 4 69 25 4 16 4 41 11 4 5 4 28 4 38 21 4 19 4 32 4 58 32 4 15 4 12 32 4 24 4 60 26 4 59 46 4 47 4 19 4 4 20 4 48 4 80 27 4 29 4 44 11 4 5 4 71 29 4 45 4 86 15 4 34 4 59 13 4 24 4 23 28 4 10 4 7 24 4 15 4 6 34 4 5 4 23 4 50 43 4 28 4 78 42 4 5 4 32 4 78 6 4 44 4 19 4 59 37 4 14 4 14 4 29 4 71 43 4 29 4 12 4 36 4 75 15 4 44 4 15 4 20 34 4 43 4 35 19 4 5 4 26 4 60 9 4 29 4 21 4 91 18 4 13 4 45 4 72 24 4 10 4 10 4 65 26 16 29 16 58 17 4 55 12 16 7 16 49 44 4 34 4 10 17 4 14 4 28 4 47 35 4 12 4 27 4 33 4 46 20 4 26 4 35 18 4 23 4 34 4 33 4 56 11 4 12 4 13 4 23 46 4 19 4 22 4 79 25 4 14 4 16 4 56 15 4 17 4 14 4 33 25 4 33 4 20 4 31 4 40 14 4 10 4 16 4 41 4 82 15 4 33 4 40 4 33 37 4 6 4 22 4 29 8 4 17 4 8 4 
iteration 1097 best: 1.0028 time: 323334
26 30 4 37 4 16 4 81 25 4 45 4 90 13 4 13 4 30 4 61 36 4 24 4 50 4 66 18 4 36 4 16 4 32 22 4 36 4 37 4 17 4 24 31 4 40 4 21 4 80 45 4 27 4 76 12 4 8 4 76 42 4 20 4 33 4 45 4 58 15 4 35 4 22 25 4 23 4 38 12 4 5 4 10 4 11 4 12 4 65 40 4 28 4 48 4 19 4 23 25 4 12 4 25 33 4 17 4 46 4 18 4 20 32 4 11 4 44 4 23 9 4 33 4 61 14 4 13 4 53 27 20 78 20 4 16 4 19 4 66 26 20 34 13 4 27 4 5 4 44 17 4 19 4 14 4 20 4 38 39 4 45 4 55 32 4 30 4 39 4 69 25 4 16 4 41 11 4 5 4 28 4 38 21 4 19 4 32 4 58 32 4 15 4 12 32 4 24 4 60 26 4 59 46 4 47 4 19 4 4 20 4 48 4 80 27 4 29 4 44 11 4 5 4 71 29 4 45 4 86 15 4 34 4 59 13 4 24 4 23 28 4 10 4 7 24 4 15 4 6 34 4 5 4 23 4 50 43 4 28 4 78 42 4 5 4 32 4 78 6 4 44 4 19 4 59 37 4 14 4 14 4 29 4 71 43 4 29 4 12 4 36 4 75 15 4 44 4 15 4 20 34 4 43 4 35 19 4 5 4 26 4 60 9 4 29 4 21 4 91 18 4 13 4 45 4 72 24 4 10 4 10 4 65 26 16 29 16 58 17 4 55 12 16 7 16 49 44 4 34 4 10 17 4 14 4 28 4 47 35 4 12 4 27 4 33 4 46 20 4 26 4 35 18 4 23 4 34 4 33 4 56 11 4 12 4 13 4 23 46 4 19 4 22 4 79 25 4 14 4 16 4 56 15 4 17 4 14 4 33 25 4 33 4 20 4 31 4 40 14 4 10 4 16 4 41 4 82 15 4 33 4 40 4 33 37 4 6 4 22 4 29 8 4 17 4 8 4 
iteration 1122 best: 1.0028 time: 330691
26 30 4 37 4 16 4 81 25 4 45 4 90 13 4 13 4 30 4 61 36 4 24 4 50 4 66 18 4 36 4 16 4 32 22 4 36 4 37 4 17 4 24 31 4 40 4 21 4 80 45 4 27 4 76 12 4 8 4 76 42 4 20 4 33 4 45 4 58 15 4 35 4 22 25 4 23 4 38 12 4 5 4 10 4 11 4 12 4 65 40 4 28 4 48 4 19 4 23 25 4 12 4 25 33 4 17 4 46 4 18 4 20 32 4 11 4 44 4 23 9 4 33 4 61 14 4 13 4 53 27 20 78 20 4 16 4 19 4 66 26 20 34 13 4 27 4 5 4 44 17 4 19 4 14 4 20 4 38 39 4 45 4 55 32 4 30 4 39 4 69 25 4 16 4 41 11 4 5 4 28 4 38 21 4 19 4 32 4 58 32 4 15 4 12 32 4 24 4 60 26 4 59 46 4 47 4 19 4 4 20 4 48 4 80 27 4 29 4 44 11 4 5 4 71 29 4 45 4 86 15 4 34 4 59 13 4 24 4 23 28 4 10 4 7 24 4 15 4 6 34 4 5 4 23 4 50 43 4 28 4 78 42 4 5 4 32 4 78 6 4 44 4 19 4 59 37 4 14 4 14 4 29 4 71 43 4 29 4 12 4 36 4 75 15 4 44 4 15 4 20 34 4 43 4 35 19 4 5 4 26 4 60 9 4 29 4 21 4 91 18 4 13 4 45 4 72 24 4 10 4 10 4 65 26 16 29 16 58 17 4 55 12 16 7 16 49 44 4 34 4 10 17 4 14 4 28 4 47 35 4 12 4 27 4 33 4 46 20 4 26 4 35 18 4 23 4 34 4 33 4 56 11 4 12 4 13 4 23 46 4 19 4 22 4 79 25 4 14 4 16 4 56 15 4 17 4 14 4 33 25 4 33 4 20 4 31 4 40 14 4 10 4 16 4 41 4 82 15 4 33 4 40 4 33 37 4 6 4 22 4 29 8 4 17 4 8 4 
iteration 1147 best: 1.0028 time: 338029
26 30 4 37 4 16 4 81 25 4 45 4 90 13 4 13 4 30 4 61 36 4 24 4 50 4 66 18 4 36 4 16 4 32 22 4 36 4 37 4 17 4 24 31 4 40 4 21 4 80 45 4 27 4 76 12 4 8 4 76 42 4 20 4 33 4 45 4 58 15 4 35 4 22 25 4 23 4 38 12 4 5 4 10 4 11 4 12 4 65 40 4 28 4 48 4 19 4 23 25 4 12 4 25 33 4 17 4 46 4 18 4 20 32 4 11 4 44 4 23 9 4 33 4 61 14 4 13 4 53 27 20 78 20 4 16 4 19 4 66 26 20 34 13 4 27 4 5 4 44 17 4 19 4 14 4 20 4 38 39 4 45 4 55 32 4 30 4 39 4 69 25 4 16 4 41 11 4 5 4 28 4 38 21 4 19 4 32 4 58 32 4 15 4 12 32 4 24 4 60 26 4 59 46 4 47 4 19 4 4 20 4 48 4 80 27 4 29 4 44 11 4 5 4 71 29 4 45 4 86 15 4 34 4 59 13 4 24 4 23 28 4 10 4 7 24 4 15 4 6 34 4 5 4 23 4 50 43 4 28 4 78 42 4 5 4 32 4 78 6 4 44 4 19 4 59 37 4 14 4 14 4 29 4 71 43 4 29 4 12 4 36 4 75 15 4 44 4 15 4 20 34 4 43 4 35 19 4 5 4 26 4 60 9 4 29 4 21 4 91 18 4 13 4 45 4 72 24 4 10 4 10 4 65 26 16 29 16 58 17 4 55 12 16 7 16 49 44 4 34 4 10 17 4 14 4 28 4 47 35 4 12 4 27 4 33 4 46 20 4 26 4 35 18 4 23 4 34 4 33 4 56 11 4 12 4 13 4 23 46 4 19 4 22 4 79 25 4 14 4 16 4 56 15 4 17 4 14 4 33 25 4 33 4 20 4 31 4 40 14 4 10 4 16 4 41 4 82 15 4 33 4 40 4 33 37 4 6 4 22 4 29 8 4 17 4 8 4 
iteration 1172 best: 1.0028 time: 345365
26 30 4 37 4 16 4 81 25 4 45 4 90 13 4 13 4 30 4 61 36 4 24 4 50 4 66 18 4 36 4 16 4 32 22 4 36 4 37 4 17 4 24 31 4 40 4 21 4 80 45 4 27 4 76 12 4 8 4 76 42 4 20 4 33 4 45 4 58 15 4 35 4 22 25 4 23 4 38 12 4 5 4 10 4 11 4 12 4 65 40 4 28 4 48 4 19 4 23 25 4 12 4 25 33 4 17 4 46 4 18 4 20 32 4 11 4 44 4 23 9 4 33 4 61 14 4 13 4 53 27 20 78 20 4 16 4 19 4 66 26 20 34 13 4 27 4 5 4 44 17 4 19 4 14 4 20 4 38 39 4 45 4 55 32 4 30 4 39 4 69 25 4 16 4 41 11 4 5 4 28 4 38 21 4 19 4 32 4 58 32 4 15 4 12 32 4 24 4 60 26 4 59 46 4 47 4 19 4 4 20 4 48 4 80 27 4 29 4 44 11 4 5 4 71 29 4 45 4 86 15 4 34 4 59 13 4 24 4 23 28 4 10 4 7 24 4 15 4 6 34 4 5 4 23 4 50 43 4 28 4 78 42 4 5 4 32 4 78 6 4 44 4 19 4 59 37 4 14 4 14 4 29 4 71 43 4 29 4 12 4 36 4 75 15 4 44 4 15 4 20 34 4 43 4 35 19 4 5 4 26 4 60 9 4 29 4 21 4 91 18 4 13 4 45 4 72 24 4 10 4 10 4 65 26 16 29 16 58 17 4 55 12 16 7 16 49 44 4 34 4 10 17 4 14 4 28 4 47 35 4 12 4 27 4 33 4 46 20 4 26 4 35 18 4 23 4 34 4 33 4 56 11 4 12 4 13 4 23 46 4 19 4 22 4 79 25 4 14 4 16 4 56 15 4 17 4 14 4 33 25 4 33 4 20 4 31 4 40 14 4 10 4 16 4 41 4 82 15 4 33 4 40 4 33 37 4 6 4 22 4 29 8 4 17 4 8 4 
iteration 1197 best: 1.0028 time: 352722
26 30 4 37 4 16 4 81 25 4 45 4 90 13 4 13 4 30 4 61 36 4 24 4 50 4 66 18 4 36 4 16 4 32 22 4 36 4 37 4 17 4 24 31 4 40 4 21 4 80 45 4 27 4 76 12 4 8 4 76 42 4 20 4 33 4 45 4 58 15 4 35 4 22 25 4 23 4 38 12 4 5 4 10 4 11 4 12 4 65 40 4 28 4 48 4 19 4 23 25 4 12 4 25 33 4 17 4 46 4 18 4 20 32 4 11 4 44 4 23 9 4 33 4 61 14 4 13 4 53 27 20 78 20 4 16 4 19 4 66 26 20 34 13 4 27 4 5 4 44 17 4 19 4 14 4 20 4 38 39 4 45 4 55 32 4 30 4 39 4 69 25 4 16 4 41 11 4 5 4 28 4 38 21 4 19 4 32 4 58 32 4 15 4 12 32 4 24 4 60 26 4 59 46 4 47 4 19 4 4 20 4 48 4 80 27 4 29 4 44 11 4 5 4 71 29 4 45 4 86 15 4 34 4 59 13 4 24 4 23 28 4 10 4 7 24 4 15 4 6 34 4 5 4 23 4 50 43 4 28 4 78 42 4 5 4 32 4 78 6 4 44 4 19 4 59 37 4 14 4 14 4 29 4 71 43 4 29 4 12 4 36 4 75 15 4 44 4 15 4 20 34 4 43 4 35 19 4 5 4 26 4 60 9 4 29 4 21 4 91 18 4 13 4 45 4 72 24 4 10 4 10 4 65 26 16 29 16 58 17 4 55 12 16 7 16 49 44 4 34 4 10 17 4 14 4 28 4 47 35 4 12 4 27 4 33 4 46 20 4 26 4 35 18 4 23 4 34 4 33 4 56 11 4 12 4 13 4 23 46 4 19 4 22 4 79 25 4 14 4 16 4 56 15 4 17 4 14 4 33 25 4 33 4 20 4 31 4 40 14 4 10 4 16 4 41 4 82 15 4 33 4 40 4 33 37 4 6 4 22 4 29 8 4 17 4 8 4 
iteration 1222 best: 1.0028 time: 360073
26 30 4 37 4 16 4 81 25 4 45 4 90 13 4 13 4 30 4 61 36 4 24 4 50 4 66 18 4 36 4 16 4 32 22 4 36 4 37 4 17 4 24 31 4 40 4 21 4 80 45 4 27 4 76 12 4 8 4 76 42 4 20 4 33 4 45 4 58 15 4 35 4 22 25 4 23 4 38 12 4 5 4 10 4 11 4 12 4 65 40 4 28 4 48 4 19 4 23 25 4 12 4 25 33 4 17 4 46 4 18 4 20 32 4 11 4 44 4 23 9 4 33 4 61 14 4 13 4 53 27 20 78 20 4 16 4 19 4 66 26 20 34 13 4 27 4 5 4 44 17 4 19 4 14 4 20 4 38 39 4 45 4 55 32 4 30 4 39 4 69 25 4 16 4 41 11 4 5 4 28 4 38 21 4 19 4 32 4 58 32 4 15 4 12 32 4 24 4 60 26 4 59 46 4 47 4 19 4 4 20 4 48 4 80 27 4 29 4 44 11 4 5 4 71 29 4 45 4 86 15 4 34 4 59 13 4 24 4 23 28 4 10 4 7 24 4 15 4 6 34 4 5 4 23 4 50 43 4 28 4 78 42 4 5 4 32 4 78 6 4 44 4 19 4 59 37 4 14 4 14 4 29 4 71 43 4 29 4 12 4 36 4 75 15 4 44 4 15 4 20 34 4 43 4 35 19 4 5 4 26 4 60 9 4 29 4 21 4 91 18 4 13 4 45 4 72 24 4 10 4 10 4 65 26 16 29 16 58 17 4 55 12 16 7 16 49 44 4 34 4 10 17 4 14 4 28 4 47 35 4 12 4 27 4 33 4 46 20 4 26 4 35 18 4 23 4 34 4 33 4 56 11 4 12 4 13 4 23 46 4 19 4 22 4 79 25 4 14 4 16 4 56 15 4 17 4 14 4 33 25 4 33 4 20 4 31 4 40 14 4 10 4 16 4 41 4 82 15 4 33 4 40 4 33 37 4 6 4 22 4 29 8 4 17 4 8 4 
iteration 1247 best: 1.0028 time: 367404
26 30 4 37 4 16 4 81 25 4 45 4 90 13 4 13 4 30 4 61 36 4 24 4 50 4 66 18 4 36 4 16 4 32 22 4 36 4 37 4 17 4 24 31 4 40 4 21 4 80 45 4 27 4 76 12 4 8 4 76 42 4 20 4 33 4 45 4 58 15 4 35 4 22 25 4 23 4 38 12 4 5 4 10 4 11 4 12 4 65 40 4 28 4 48 4 19 4 23 25 4 12 4 25 33 4 17 4 46 4 18 4 20 32 4 11 4 44 4 23 9 4 33 4 61 14 4 13 4 53 27 20 78 20 4 16 4 19 4 66 26 20 34 13 4 27 4 5 4 44 17 4 19 4 14 4 20 4 38 39 4 45 4 55 32 4 30 4 39 4 69 25 4 16 4 41 11 4 5 4 28 4 38 21 4 19 4 32 4 58 32 4 15 4 12 32 4 24 4 60 26 4 59 46 4 47 4 19 4 4 20 4 48 4 80 27 4 29 4 44 11 4 5 4 71 29 4 45 4 86 15 4 34 4 59 13 4 24 4 23 28 4 10 4 7 24 4 15 4 6 34 4 5 4 23 4 50 43 4 28 4 78 42 4 5 4 32 4 78 6 4 44 4 19 4 59 37 4 14 4 14 4 29 4 71 43 4 29 4 12 4 36 4 75 15 4 44 4 15 4 20 34 4 43 4 35 19 4 5 4 26 4 60 9 4 29 4 21 4 91 18 4 13 4 45 4 72 24 4 10 4 10 4 65 26 16 29 16 58 17 4 55 12 16 7 16 49 44 4 34 4 10 17 4 14 4 28 4 47 35 4 12 4 27 4 33 4 46 20 4 26 4 35 18 4 23 4 34 4 33 4 56 11 4 12 4 13 4 23 46 4 19 4 22 4 79 25 4 14 4 16 4 56 15 4 17 4 14 4 33 25 4 33 4 20 4 31 4 40 14 4 10 4 16 4 41 4 82 15 4 33 4 40 4 33 37 4 6 4 22 4 29 8 4 17 4 8 4 
iteration 1272 best: 1.0028 time: 374755
26 30 4 37 4 16 4 81 25 4 45 4 90 13 4 13 4 30 4 61 36 4 24 4 50 4 66 18 4 36 4 16 4 32 22 4 36 4 37 4 17 4 24 31 4 40 4 21 4 80 45 4 27 4 76 12 4 8 4 76 42 4 20 4 33 4 45 4 58 15 4 35 4 22 25 4 23 4 38 12 4 5 4 10 4 11 4 12 4 65 40 4 28 4 48 4 19 4 23 25 4 12 4 25 33 4 17 4 46 4 18 4 20 32 4 11 4 44 4 23 9 4 33 4 61 14 4 13 4 53 27 20 78 20 4 16 4 19 4 66 26 20 34 13 4 27 4 5 4 44 17 4 19 4 14 4 20 4 38 39 4 45 4 55 32 4 30 4 39 4 69 25 4 16 4 41 11 4 5 4 28 4 38 21 4 19 4 32 4 58 32 4 15 4 12 32 4 24 4 60 26 4 59 46 4 47 4 19 4 4 20 4 48 4 80 27 4 29 4 44 11 4 5 4 71 29 4 45 4 86 15 4 34 4 59 13 4 24 4 23 28 4 10 4 7 24 4 15 4 6 34 4 5 4 23 4 50 43 4 28 4 78 42 4 5 4 32 4 78 6 4 44 4 19 4 59 37 4 14 4 14 4 29 4 71 43 4 29 4 12 4 36 4 75 15 4 44 4 15 4 20 34 4 43 4 35 19 4 5 4 26 4 60 9 4 29 4 21 4 91 18 4 13 4 45 4 72 24 4 10 4 10 4 65 26 16 29 16 58 17 4 55 12 16 7 16 49 44 4 34 4 10 17 4 14 4 28 4 47 35 4 12 4 27 4 33 4 46 20 4 26 4 35 18 4 23 4 34 4 33 4 56 11 4 12 4 13 4 23 46 4 19 4 22 4 79 25 4 14 4 16 4 56 15 4 17 4 14 4 33 25 4 33 4 20 4 31 4 40 14 4 10 4 16 4 41 4 82 15 4 33 4 40 4 33 37 4 6 4 22 4 29 8 4 17 4 8 4 
iteration 1297 best: 1.0028 time: 382084
26 30 4 37 4 16 4 81 25 4 45 4 90 13 4 13 4 30 4 61 36 4 24 4 50 4 66 18 4 36 4 16 4 32 22 4 36 4 37 4 17 4 24 31 4 40 4 21 4 80 45 4 27 4 76 12 4 8 4 76 42 4 20 4 33 4 45 4 58 15 4 35 4 22 25 4 23 4 38 12 4 5 4 10 4 11 4 12 4 65 40 4 28 4 48 4 19 4 23 25 4 12 4 25 33 4 17 4 46 4 18 4 20 32 4 11 4 44 4 23 9 4 33 4 61 14 4 13 4 53 27 20 78 20 4 16 4 19 4 66 26 20 34 13 4 27 4 5 4 44 17 4 19 4 14 4 20 4 38 39 4 45 4 55 32 4 30 4 39 4 69 25 4 16 4 41 11 4 5 4 28 4 38 21 4 19 4 32 4 58 32 4 15 4 12 32 4 24 4 60 26 4 59 46 4 47 4 19 4 4 20 4 48 4 80 27 4 29 4 44 11 4 5 4 71 29 4 45 4 86 15 4 34 4 59 13 4 24 4 23 28 4 10 4 7 24 4 15 4 6 34 4 5 4 23 4 50 43 4 28 4 78 42 4 5 4 32 4 78 6 4 44 4 19 4 59 37 4 14 4 14 4 29 4 71 43 4 29 4 12 4 36 4 75 15 4 44 4 15 4 20 34 4 43 4 35 19 4 5 4 26 4 60 9 4 29 4 21 4 91 18 4 13 4 45 4 72 24 4 10 4 10 4 65 26 16 29 16 58 17 4 55 12 16 7 16 49 44 4 34 4 10 17 4 14 4 28 4 47 35 4 12 4 27 4 33 4 46 20 4 26 4 35 18 4 23 4 34 4 33 4 56 11 4 12 4 13 4 23 46 4 19 4 22 4 79 25 4 14 4 16 4 56 15 4 17 4 14 4 33 25 4 33 4 20 4 31 4 40 14 4 10 4 16 4 41 4 82 15 4 33 4 40 4 33 37 4 6 4 22 4 29 8 4 17 4 8 4 
iteration 1322 best: 1.0028 time: 389437
26 30 4 37 4 16 4 81 25 4 45 4 90 13 4 13 4 30 4 61 36 4 24 4 50 4 66 18 4 36 4 16 4 32 22 4 36 4 37 4 17 4 24 31 4 40 4 21 4 80 45 4 27 4 76 12 4 8 4 76 42 4 20 4 33 4 45 4 58 15 4 35 4 22 25 4 23 4 38 12 4 5 4 10 4 11 4 12 4 65 40 4 28 4 48 4 19 4 23 25 4 12 4 25 33 4 17 4 46 4 18 4 20 32 4 11 4 44 4 23 9 4 33 4 61 14 4 13 4 53 27 20 78 20 4 16 4 19 4 66 26 20 34 13 4 27 4 5 4 44 17 4 19 4 14 4 20 4 38 39 4 45 4 55 32 4 30 4 39 4 69 25 4 16 4 41 11 4 5 4 28 4 38 21 4 19 4 32 4 58 32 4 15 4 12 32 4 24 4 60 26 4 59 46 4 47 4 19 4 4 20 4 48 4 80 27 4 29 4 44 11 4 5 4 71 29 4 45 4 86 15 4 34 4 59 13 4 24 4 23 28 4 10 4 7 24 4 15 4 6 34 4 5 4 23 4 50 43 4 28 4 78 42 4 5 4 32 4 78 6 4 44 4 19 4 59 37 4 14 4 14 4 29 4 71 43 4 29 4 12 4 36 4 75 15 4 44 4 15 4 20 34 4 43 4 35 19 4 5 4 26 4 60 9 4 29 4 21 4 91 18 4 13 4 45 4 72 24 4 10 4 10 4 65 26 16 29 16 58 17 4 55 12 16 7 16 49 44 4 34 4 10 17 4 14 4 28 4 47 35 4 12 4 27 4 33 4 46 20 4 26 4 35 18 4 23 4 34 4 33 4 56 11 4 12 4 13 4 23 46 4 19 4 22 4 79 25 4 14 4 16 4 56 15 4 17 4 14 4 33 25 4 33 4 20 4 31 4 40 14 4 10 4 16 4 41 4 82 15 4 33 4 40 4 33 37 4 6 4 22 4 29 8 4 17 4 8 4 
iteration 1347 best: 1.0028 time: 396804
26 30 4 37 4 16 4 81 25 4 45 4 90 13 4 13 4 30 4 61 36 4 24 4 50 4 66 18 4 36 4 16 4 32 22 4 36 4 37 4 17 4 24 31 4 40 4 21 4 80 45 4 27 4 76 12 4 8 4 76 42 4 20 4 33 4 45 4 58 15 4 35 4 22 25 4 23 4 38 12 4 5 4 10 4 11 4 12 4 65 40 4 28 4 48 4 19 4 23 25 4 12 4 25 33 4 17 4 46 4 18 4 20 32 4 11 4 44 4 23 9 4 33 4 61 14 4 13 4 53 27 20 78 20 4 16 4 19 4 66 26 20 34 13 4 27 4 5 4 44 17 4 19 4 14 4 20 4 38 39 4 45 4 55 32 4 30 4 39 4 69 25 4 16 4 41 11 4 5 4 28 4 38 21 4 19 4 32 4 58 32 4 15 4 12 32 4 24 4 60 26 4 59 46 4 47 4 19 4 4 20 4 48 4 80 27 4 29 4 44 11 4 5 4 71 29 4 45 4 86 15 4 34 4 59 13 4 24 4 23 28 4 10 4 7 24 4 15 4 6 34 4 5 4 23 4 50 43 4 28 4 78 42 4 5 4 32 4 78 6 4 44 4 19 4 59 37 4 14 4 14 4 29 4 71 43 4 29 4 12 4 36 4 75 15 4 44 4 15 4 20 34 4 43 4 35 19 4 5 4 26 4 60 9 4 29 4 21 4 91 18 4 13 4 45 4 72 24 4 10 4 10 4 65 26 16 29 16 58 17 4 55 12 16 7 16 49 44 4 34 4 10 17 4 14 4 28 4 47 35 4 12 4 27 4 33 4 46 20 4 26 4 35 18 4 23 4 34 4 33 4 56 11 4 12 4 13 4 23 46 4 19 4 22 4 79 25 4 14 4 16 4 56 15 4 17 4 14 4 33 25 4 33 4 20 4 31 4 40 14 4 10 4 16 4 41 4 82 15 4 33 4 40 4 33 37 4 6 4 22 4 29 8 4 17 4 8 4 
iteration 1372 best: 1.0028 time: 404121
26 30 4 37 4 16 4 81 25 4 45 4 90 13 4 13 4 30 4 61 36 4 24 4 50 4 66 18 4 36 4 16 4 32 22 4 36 4 37 4 17 4 24 31 4 40 4 21 4 80 45 4 27 4 76 12 4 8 4 76 42 4 20 4 33 4 45 4 58 15 4 35 4 22 25 4 23 4 38 12 4 5 4 10 4 11 4 12 4 65 40 4 28 4 48 4 19 4 23 25 4 12 4 25 33 4 17 4 46 4 18 4 20 32 4 11 4 44 4 23 9 4 33 4 61 14 4 13 4 53 27 20 78 20 4 16 4 19 4 66 26 20 34 13 4 27 4 5 4 44 17 4 19 4 14 4 20 4 38 39 4 45 4 55 32 4 30 4 39 4 69 25 4 16 4 41 11 4 5 4 28 4 38 21 4 19 4 32 4 58 32 4 15 4 12 32 4 24 4 60 26 4 59 46 4 47 4 19 4 4 20 4 48 4 80 27 4 29 4 44 11 4 5 4 71 29 4 45 4 86 15 4 34 4 59 13 4 24 4 23 28 4 10 4 7 24 4 15 4 6 34 4 5 4 23 4 50 43 4 28 4 78 42 4 5 4 32 4 78 6 4 44 4 19 4 59 37 4 14 4 14 4 29 4 71 43 4 29 4 12 4 36 4 75 15 4 44 4 15 4 20 34 4 43 4 35 19 4 5 4 26 4 60 9 4 29 4 21 4 91 18 4 13 4 45 4 72 24 4 10 4 10 4 65 26 16 29 16 58 17 4 55 12 16 7 16 49 44 4 34 4 10 17 4 14 4 28 4 47 35 4 12 4 27 4 33 4 46 20 4 26 4 35 18 4 23 4 34 4 33 4 56 11 4 12 4 13 4 23 46 4 19 4 22 4 79 25 4 14 4 16 4 56 15 4 17 4 14 4 33 25 4 33 4 20 4 31 4 40 14 4 10 4 16 4 41 4 82 15 4 33 4 40 4 33 37 4 6 4 22 4 29 8 4 17 4 8 4 
iteration 1397 best: 1.0028 time: 411453
26 30 4 37 4 16 4 81 25 4 45 4 90 13 4 13 4 30 4 61 36 4 24 4 50 4 66 18 4 36 4 16 4 32 22 4 36 4 37 4 17 4 24 31 4 40 4 21 4 80 45 4 27 4 76 12 4 8 4 76 42 4 20 4 33 4 45 4 58 15 4 35 4 22 25 4 23 4 38 12 4 5 4 10 4 11 4 12 4 65 40 4 28 4 48 4 19 4 23 25 4 12 4 25 33 4 17 4 46 4 18 4 20 32 4 11 4 44 4 23 9 4 33 4 61 14 4 13 4 53 27 20 78 20 4 16 4 19 4 66 26 20 34 13 4 27 4 5 4 44 17 4 19 4 14 4 20 4 38 39 4 45 4 55 32 4 30 4 39 4 69 25 4 16 4 41 11 4 5 4 28 4 38 21 4 19 4 32 4 58 32 4 15 4 12 32 4 24 4 60 26 4 59 46 4 47 4 19 4 4 20 4 48 4 80 27 4 29 4 44 11 4 5 4 71 29 4 45 4 86 15 4 34 4 59 13 4 24 4 23 28 4 10 4 7 24 4 15 4 6 34 4 5 4 23 4 50 43 4 28 4 78 42 4 5 4 32 4 78 6 4 44 4 19 4 59 37 4 14 4 14 4 29 4 71 43 4 29 4 12 4 36 4 75 15 4 44 4 15 4 20 34 4 43 4 35 19 4 5 4 26 4 60 9 4 29 4 21 4 91 18 4 13 4 45 4 72 24 4 10 4 10 4 65 26 16 29 16 58 17 4 55 12 16 7 16 49 44 4 34 4 10 17 4 14 4 28 4 47 35 4 12 4 27 4 33 4 46 20 4 26 4 35 18 4 23 4 34 4 33 4 56 11 4 12 4 13 4 23 46 4 19 4 22 4 79 25 4 14 4 16 4 56 15 4 17 4 14 4 33 25 4 33 4 20 4 31 4 40 14 4 10 4 16 4 41 4 82 15 4 33 4 40 4 33 37 4 6 4 22 4 29 8 4 17 4 8 4 
iteration 1422 best: 1.0028 time: 418781
26 30 4 37 4 16 4 81 25 4 45 4 90 13 4 13 4 30 4 61 36 4 24 4 50 4 66 18 4 36 4 16 4 32 22 4 36 4 37 4 17 4 24 31 4 40 4 21 4 80 45 4 27 4 76 12 4 8 4 76 42 4 20 4 33 4 45 4 58 15 4 35 4 22 25 4 23 4 38 12 4 5 4 10 4 11 4 12 4 65 40 4 28 4 48 4 19 4 23 25 4 12 4 25 33 4 17 4 46 4 18 4 20 32 4 11 4 44 4 23 9 4 33 4 61 14 4 13 4 53 27 20 78 20 4 16 4 19 4 66 26 20 34 13 4 27 4 5 4 44 17 4 19 4 14 4 20 4 38 39 4 45 4 55 32 4 30 4 39 4 69 25 4 16 4 41 11 4 5 4 28 4 38 21 4 19 4 32 4 58 32 4 15 4 12 32 4 24 4 60 26 4 59 46 4 47 4 19 4 4 20 4 48 4 80 27 4 29 4 44 11 4 5 4 71 29 4 45 4 86 15 4 34 4 59 13 4 24 4 23 28 4 10 4 7 24 4 15 4 6 34 4 5 4 23 4 50 43 4 28 4 78 42 4 5 4 32 4 78 6 4 44 4 19 4 59 37 4 14 4 14 4 29 4 71 43 4 29 4 12 4 36 4 75 15 4 44 4 15 4 20 34 4 43 4 35 19 4 5 4 26 4 60 9 4 29 4 21 4 91 18 4 13 4 45 4 72 24 4 10 4 10 4 65 26 16 29 16 58 17 4 55 12 16 7 16 49 44 4 34 4 10 17 4 14 4 28 4 47 35 4 12 4 27 4 33 4 46 20 4 26 4 35 18 4 23 4 34 4 33 4 56 11 4 12 4 13 4 23 46 4 19 4 22 4 79 25 4 14 4 16 4 56 15 4 17 4 14 4 33 25 4 33 4 20 4 31 4 40 14 4 10 4 16 4 41 4 82 15 4 33 4 40 4 33 37 4 6 4 22 4 29 8 4 17 4 8 4 
iteration 1447 best: 1.0028 time: 426116
26 30 4 37 4 16 4 81 25 4 45 4 90 13 4 13 4 30 4 61 36 4 24 4 50 4 66 18 4 36 4 16 4 32 22 4 36 4 37 4 17 4 24 31 4 40 4 21 4 80 45 4 27 4 76 12 4 8 4 76 42 4 20 4 33 4 45 4 58 15 4 35 4 22 25 4 23 4 38 12 4 5 4 10 4 11 4 12 4 65 40 4 28 4 48 4 19 4 23 25 4 12 4 25 33 4 17 4 46 4 18 4 20 32 4 11 4 44 4 23 9 4 33 4 61 14 4 13 4 53 27 20 78 20 4 16 4 19 4 66 26 20 34 13 4 27 4 5 4 44 17 4 19 4 14 4 20 4 38 39 4 45 4 55 32 4 30 4 39 4 69 25 4 16 4 41 11 4 5 4 28 4 38 21 4 19 4 32 4 58 32 4 15 4 12 32 4 24 4 60 26 4 59 46 4 47 4 19 4 4 20 4 48 4 80 27 4 29 4 44 11 4 5 4 71 29 4 45 4 86 15 4 34 4 59 13 4 24 4 23 28 4 10 4 7 24 4 15 4 6 34 4 5 4 23 4 50 43 4 28 4 78 42 4 5 4 32 4 78 6 4 44 4 19 4 59 37 4 14 4 14 4 29 4 71 43 4 29 4 12 4 36 4 75 15 4 44 4 15 4 20 34 4 43 4 35 19 4 5 4 26 4 60 9 4 29 4 21 4 91 18 4 13 4 45 4 72 24 4 10 4 10 4 65 26 16 29 16 58 17 4 55 12 16 7 16 49 44 4 34 4 10 17 4 14 4 28 4 47 35 4 12 4 27 4 33 4 46 20 4 26 4 35 18 4 23 4 34 4 33 4 56 11 4 12 4 13 4 23 46 4 19 4 22 4 79 25 4 14 4 16 4 56 15 4 17 4 14 4 33 25 4 33 4 20 4 31 4 40 14 4 10 4 16 4 41 4 82 15 4 33 4 40 4 33 37 4 6 4 22 4 29 8 4 17 4 8 4 
iteration 1472 best: 1.0028 time: 433446
26 30 4 37 4 16 4 81 25 4 45 4 90 13 4 13 4 30 4 61 36 4 24 4 50 4 66 18 4 36 4 16 4 32 22 4 36 4 37 4 17 4 24 31 4 40 4 21 4 80 45 4 27 4 76 12 4 8 4 76 42 4 20 4 33 4 45 4 58 15 4 35 4 22 25 4 23 4 38 12 4 5 4 10 4 11 4 12 4 65 40 4 28 4 48 4 19 4 23 25 4 12 4 25 33 4 17 4 46 4 18 4 20 32 4 11 4 44 4 23 9 4 33 4 61 14 4 13 4 53 27 20 78 20 4 16 4 19 4 66 26 20 34 13 4 27 4 5 4 44 17 4 19 4 14 4 20 4 38 39 4 45 4 55 32 4 30 4 39 4 69 25 4 16 4 41 11 4 5 4 28 4 38 21 4 19 4 32 4 58 32 4 15 4 12 32 4 24 4 60 26 4 59 46 4 47 4 19 4 4 20 4 48 4 80 27 4 29 4 44 11 4 5 4 71 29 4 45 4 86 15 4 34 4 59 13 4 24 4 23 28 4 10 4 7 24 4 15 4 6 34 4 5 4 23 4 50 43 4 28 4 78 42 4 5 4 32 4 78 6 4 44 4 19 4 59 37 4 14 4 14 4 29 4 71 43 4 29 4 12 4 36 4 75 15 4 44 4 15 4 20 34 4 43 4 35 19 4 5 4 26 4 60 9 4 29 4 21 4 91 18 4 13 4 45 4 72 24 4 10 4 10 4 65 26 16 29 16 58 17 4 55 12 16 7 16 49 44 4 34 4 10 17 4 14 4 28 4 47 35 4 12 4 27 4 33 4 46 20 4 26 4 35 18 4 23 4 34 4 33 4 56 11 4 12 4 13 4 23 46 4 19 4 22 4 79 25 4 14 4 16 4 56 15 4 17 4 14 4 33 25 4 33 4 20 4 31 4 40 14 4 10 4 16 4 41 4 82 15 4 33 4 40 4 33 37 4 6 4 22 4 29 8 4 17 4 8 4 
iteration 1497 best: 1.0028 time: 440782
26 30 4 37 4 16 4 81 25 4 45 4 90 13 4 13 4 30 4 61 36 4 24 4 50 4 66 18 4 36 4 16 4 32 22 4 36 4 37 4 17 4 24 31 4 40 4 21 4 80 45 4 27 4 76 12 4 8 4 76 42 4 20 4 33 4 45 4 58 15 4 35 4 22 25 4 23 4 38 12 4 5 4 10 4 11 4 12 4 65 40 4 28 4 48 4 19 4 23 25 4 12 4 25 33 4 17 4 46 4 18 4 20 32 4 11 4 44 4 23 9 4 33 4 61 14 4 13 4 53 27 20 78 20 4 16 4 19 4 66 26 20 34 13 4 27 4 5 4 44 17 4 19 4 14 4 20 4 38 39 4 45 4 55 32 4 30 4 39 4 69 25 4 16 4 41 11 4 5 4 28 4 38 21 4 19 4 32 4 58 32 4 15 4 12 32 4 24 4 60 26 4 59 46 4 47 4 19 4 4 20 4 48 4 80 27 4 29 4 44 11 4 5 4 71 29 4 45 4 86 15 4 34 4 59 13 4 24 4 23 28 4 10 4 7 24 4 15 4 6 34 4 5 4 23 4 50 43 4 28 4 78 42 4 5 4 32 4 78 6 4 44 4 19 4 59 37 4 14 4 14 4 29 4 71 43 4 29 4 12 4 36 4 75 15 4 44 4 15 4 20 34 4 43 4 35 19 4 5 4 26 4 60 9 4 29 4 21 4 91 18 4 13 4 45 4 72 24 4 10 4 10 4 65 26 16 29 16 58 17 4 55 12 16 7 16 49 44 4 34 4 10 17 4 14 4 28 4 47 35 4 12 4 27 4 33 4 46 20 4 26 4 35 18 4 23 4 34 4 33 4 56 11 4 12 4 13 4 23 46 4 19 4 22 4 79 25 4 14 4 16 4 56 15 4 17 4 14 4 33 25 4 33 4 20 4 31 4 40 14 4 10 4 16 4 41 4 82 15 4 33 4 40 4 33 37 4 6 4 22 4 29 8 4 17 4 8 4 
iteration 1522 best: 1.0028 time: 448099
26 30 4 37 4 16 4 81 25 4 45 4 90 13 4 13 4 30 4 61 36 4 24 4 50 4 66 18 4 36 4 16 4 32 22 4 36 4 37 4 17 4 24 31 4 40 4 21 4 80 45 4 27 4 76 12 4 8 4 76 42 4 20 4 33 4 45 4 58 15 4 35 4 22 25 4 23 4 38 12 4 5 4 10 4 11 4 12 4 65 40 4 28 4 48 4 19 4 23 25 4 12 4 25 33 4 17 4 46 4 18 4 20 32 4 11 4 44 4 23 9 4 33 4 61 14 4 13 4 53 27 20 78 20 4 16 4 19 4 66 26 20 34 13 4 27 4 5 4 44 17 4 19 4 14 4 20 4 38 39 4 45 4 55 32 4 30 4 39 4 69 25 4 16 4 41 11 4 5 4 28 4 38 21 4 19 4 32 4 58 32 4 15 4 12 32 4 24 4 60 26 4 59 46 4 47 4 19 4 4 20 4 48 4 80 27 4 29 4 44 11 4 5 4 71 29 4 45 4 86 15 4 34 4 59 13 4 24 4 23 28 4 10 4 7 24 4 15 4 6 34 4 5 4 23 4 50 43 4 28 4 78 42 4 5 4 32 4 78 6 4 44 4 19 4 59 37 4 14 4 14 4 29 4 71 43 4 29 4 12 4 36 4 75 15 4 44 4 15 4 20 34 4 43 4 35 19 4 5 4 26 4 60 9 4 29 4 21 4 91 18 4 13 4 45 4 72 24 4 10 4 10 4 65 26 16 29 16 58 17 4 55 12 16 7 16 49 44 4 34 4 10 17 4 14 4 28 4 47 35 4 12 4 27 4 33 4 46 20 4 26 4 35 18 4 23 4 34 4 33 4 56 11 4 12 4 13 4 23 46 4 19 4 22 4 79 25 4 14 4 16 4 56 15 4 17 4 14 4 33 25 4 33 4 20 4 31 4 40 14 4 10 4 16 4 41 4 82 15 4 33 4 40 4 33 37 4 6 4 22 4 29 8 4 17 4 8 4 
iteration 1547 best: 1.0028 time: 455433
26 30 4 37 4 16 4 81 25 4 45 4 90 13 4 13 4 30 4 61 36 4 24 4 50 4 66 18 4 36 4 16 4 32 22 4 36 4 37 4 17 4 24 31 4 40 4 21 4 80 45 4 27 4 76 12 4 8 4 76 42 4 20 4 33 4 45 4 58 15 4 35 4 22 25 4 23 4 38 12 4 5 4 10 4 11 4 12 4 65 40 4 28 4 48 4 19 4 23 25 4 12 4 25 33 4 17 4 46 4 18 4 20 32 4 11 4 44 4 23 9 4 33 4 61 14 4 13 4 53 27 20 78 20 4 16 4 19 4 66 26 20 34 13 4 27 4 5 4 44 17 4 19 4 14 4 20 4 38 39 4 45 4 55 32 4 30 4 39 4 69 25 4 16 4 41 11 4 5 4 28 4 38 21 4 19 4 32 4 58 32 4 15 4 12 32 4 24 4 60 26 4 59 46 4 47 4 19 4 4 20 4 48 4 80 27 4 29 4 44 11 4 5 4 71 29 4 45 4 86 15 4 34 4 59 13 4 24 4 23 28 4 10 4 7 24 4 15 4 6 34 4 5 4 23 4 50 43 4 28 4 78 42 4 5 4 32 4 78 6 4 44 4 19 4 59 37 4 14 4 14 4 29 4 71 43 4 29 4 12 4 36 4 75 15 4 44 4 15 4 20 34 4 43 4 35 19 4 5 4 26 4 60 9 4 29 4 21 4 91 18 4 13 4 45 4 72 24 4 10 4 10 4 65 26 16 29 16 58 17 4 55 12 16 7 16 49 44 4 34 4 10 17 4 14 4 28 4 47 35 4 12 4 27 4 33 4 46 20 4 26 4 35 18 4 23 4 34 4 33 4 56 11 4 12 4 13 4 23 46 4 19 4 22 4 79 25 4 14 4 16 4 56 15 4 17 4 14 4 33 25 4 33 4 20 4 31 4 40 14 4 10 4 16 4 41 4 82 15 4 33 4 40 4 33 37 4 6 4 22 4 29 8 4 17 4 8 4 
iteration 1572 best: 1.0028 time: 462749
26 30 4 37 4 16 4 81 25 4 45 4 90 13 4 13 4 30 4 61 36 4 24 4 50 4 66 18 4 36 4 16 4 32 22 4 36 4 37 4 17 4 24 31 4 40 4 21 4 80 45 4 27 4 76 12 4 8 4 76 42 4 20 4 33 4 45 4 58 15 4 35 4 22 25 4 23 4 38 12 4 5 4 10 4 11 4 12 4 65 40 4 28 4 48 4 19 4 23 25 4 12 4 25 33 4 17 4 46 4 18 4 20 32 4 11 4 44 4 23 9 4 33 4 61 14 4 13 4 53 27 20 78 20 4 16 4 19 4 66 26 20 34 13 4 27 4 5 4 44 17 4 19 4 14 4 20 4 38 39 4 45 4 55 32 4 30 4 39 4 69 25 4 16 4 41 11 4 5 4 28 4 38 21 4 19 4 32 4 58 32 4 15 4 12 32 4 24 4 60 26 4 59 46 4 47 4 19 4 4 20 4 48 4 80 27 4 29 4 44 11 4 5 4 71 29 4 45 4 86 15 4 34 4 59 13 4 24 4 23 28 4 10 4 7 24 4 15 4 6 34 4 5 4 23 4 50 43 4 28 4 78 42 4 5 4 32 4 78 6 4 44 4 19 4 59 37 4 14 4 14 4 29 4 71 43 4 29 4 12 4 36 4 75 15 4 44 4 15 4 20 34 4 43 4 35 19 4 5 4 26 4 60 9 4 29 4 21 4 91 18 4 13 4 45 4 72 24 4 10 4 10 4 65 26 16 29 16 58 17 4 55 12 16 7 16 49 44 4 34 4 10 17 4 14 4 28 4 47 35 4 12 4 27 4 33 4 46 20 4 26 4 35 18 4 23 4 34 4 33 4 56 11 4 12 4 13 4 23 46 4 19 4 22 4 79 25 4 14 4 16 4 56 15 4 17 4 14 4 33 25 4 33 4 20 4 31 4 40 14 4 10 4 16 4 41 4 82 15 4 33 4 40 4 33 37 4 6 4 22 4 29 8 4 17 4 8 4 
iteration 1597 best: 1.0028 time: 470089
26 30 4 37 4 16 4 81 25 4 45 4 90 13 4 13 4 30 4 61 36 4 24 4 50 4 66 18 4 36 4 16 4 32 22 4 36 4 37 4 17 4 24 31 4 40 4 21 4 80 45 4 27 4 76 12 4 8 4 76 42 4 20 4 33 4 45 4 58 15 4 35 4 22 25 4 23 4 38 12 4 5 4 10 4 11 4 12 4 65 40 4 28 4 48 4 19 4 23 25 4 12 4 25 33 4 17 4 46 4 18 4 20 32 4 11 4 44 4 23 9 4 33 4 61 14 4 13 4 53 27 20 78 20 4 16 4 19 4 66 26 20 34 13 4 27 4 5 4 44 17 4 19 4 14 4 20 4 38 39 4 45 4 55 32 4 30 4 39 4 69 25 4 16 4 41 11 4 5 4 28 4 38 21 4 19 4 32 4 58 32 4 15 4 12 32 4 24 4 60 26 4 59 46 4 47 4 19 4 4 20 4 48 4 80 27 4 29 4 44 11 4 5 4 71 29 4 45 4 86 15 4 34 4 59 13 4 24 4 23 28 4 10 4 7 24 4 15 4 6 34 4 5 4 23 4 50 43 4 28 4 78 42 4 5 4 32 4 78 6 4 44 4 19 4 59 37 4 14 4 14 4 29 4 71 43 4 29 4 12 4 36 4 75 15 4 44 4 15 4 20 34 4 43 4 35 19 4 5 4 26 4 60 9 4 29 4 21 4 91 18 4 13 4 45 4 72 24 4 10 4 10 4 65 26 16 29 16 58 17 4 55 12 16 7 16 49 44 4 34 4 10 17 4 14 4 28 4 47 35 4 12 4 27 4 33 4 46 20 4 26 4 35 18 4 23 4 34 4 33 4 56 11 4 12 4 13 4 23 46 4 19 4 22 4 79 25 4 14 4 16 4 56 15 4 17 4 14 4 33 25 4 33 4 20 4 31 4 40 14 4 10 4 16 4 41 4 82 15 4 33 4 40 4 33 37 4 6 4 22 4 29 8 4 17 4 8 4 
iteration 1622 best: 1.0028 time: 477437
26 30 4 37 4 16 4 81 25 4 45 4 90 13 4 13 4 30 4 61 36 4 24 4 50 4 66 18 4 36 4 16 4 32 22 4 36 4 37 4 17 4 24 31 4 40 4 21 4 80 45 4 27 4 76 12 4 8 4 76 42 4 20 4 33 4 45 4 58 15 4 35 4 22 25 4 23 4 38 12 4 5 4 10 4 11 4 12 4 65 40 4 28 4 48 4 19 4 23 25 4 12 4 25 33 4 17 4 46 4 18 4 20 32 4 11 4 44 4 23 9 4 33 4 61 14 4 13 4 53 27 20 78 20 4 16 4 19 4 66 26 20 34 13 4 27 4 5 4 44 17 4 19 4 14 4 20 4 38 39 4 45 4 55 32 4 30 4 39 4 69 25 4 16 4 41 11 4 5 4 28 4 38 21 4 19 4 32 4 58 32 4 15 4 12 32 4 24 4 60 26 4 59 46 4 47 4 19 4 4 20 4 48 4 80 27 4 29 4 44 11 4 5 4 71 29 4 45 4 86 15 4 34 4 59 13 4 24 4 23 28 4 10 4 7 24 4 15 4 6 34 4 5 4 23 4 50 43 4 28 4 78 42 4 5 4 32 4 78 6 4 44 4 19 4 59 37 4 14 4 14 4 29 4 71 43 4 29 4 12 4 36 4 75 15 4 44 4 15 4 20 34 4 43 4 35 19 4 5 4 26 4 60 9 4 29 4 21 4 91 18 4 13 4 45 4 72 24 4 10 4 10 4 65 26 16 29 16 58 17 4 55 12 16 7 16 49 44 4 34 4 10 17 4 14 4 28 4 47 35 4 12 4 27 4 33 4 46 20 4 26 4 35 18 4 23 4 34 4 33 4 56 11 4 12 4 13 4 23 46 4 19 4 22 4 79 25 4 14 4 16 4 56 15 4 17 4 14 4 33 25 4 33 4 20 4 31 4 40 14 4 10 4 16 4 41 4 82 15 4 33 4 40 4 33 37 4 6 4 22 4 29 8 4 17 4 8 4 
iteration 1647 best: 1.0028 time: 484757
26 30 4 37 4 16 4 81 25 4 45 4 90 13 4 13 4 30 4 61 36 4 24 4 50 4 66 18 4 36 4 16 4 32 22 4 36 4 37 4 17 4 24 31 4 40 4 21 4 80 45 4 27 4 76 12 4 8 4 76 42 4 20 4 33 4 45 4 58 15 4 35 4 22 25 4 23 4 38 12 4 5 4 10 4 11 4 12 4 65 40 4 28 4 48 4 19 4 23 25 4 12 4 25 33 4 17 4 46 4 18 4 20 32 4 11 4 44 4 23 9 4 33 4 61 14 4 13 4 53 27 20 78 20 4 16 4 19 4 66 26 20 34 13 4 27 4 5 4 44 17 4 19 4 14 4 20 4 38 39 4 45 4 55 32 4 30 4 39 4 69 25 4 16 4 41 11 4 5 4 28 4 38 21 4 19 4 32 4 58 32 4 15 4 12 32 4 24 4 60 26 4 59 46 4 47 4 19 4 4 20 4 48 4 80 27 4 29 4 44 11 4 5 4 71 29 4 45 4 86 15 4 34 4 59 13 4 24 4 23 28 4 10 4 7 24 4 15 4 6 34 4 5 4 23 4 50 43 4 28 4 78 42 4 5 4 32 4 78 6 4 44 4 19 4 59 37 4 14 4 14 4 29 4 71 43 4 29 4 12 4 36 4 75 15 4 44 4 15 4 20 34 4 43 4 35 19 4 5 4 26 4 60 9 4 29 4 21 4 91 18 4 13 4 45 4 72 24 4 10 4 10 4 65 26 16 29 16 58 17 4 55 12 16 7 16 49 44 4 34 4 10 17 4 14 4 28 4 47 35 4 12 4 27 4 33 4 46 20 4 26 4 35 18 4 23 4 34 4 33 4 56 11 4 12 4 13 4 23 46 4 19 4 22 4 79 25 4 14 4 16 4 56 15 4 17 4 14 4 33 25 4 33 4 20 4 31 4 40 14 4 10 4 16 4 41 4 82 15 4 33 4 40 4 33 37 4 6 4 22 4 29 8 4 17 4 8 4 
iteration 1672 best: 1.0028 time: 492092
26 30 4 37 4 16 4 81 25 4 45 4 90 13 4 13 4 30 4 61 36 4 24 4 50 4 66 18 4 36 4 16 4 32 22 4 36 4 37 4 17 4 24 31 4 40 4 21 4 80 45 4 27 4 76 12 4 8 4 76 42 4 20 4 33 4 45 4 58 15 4 35 4 22 25 4 23 4 38 12 4 5 4 10 4 11 4 12 4 65 40 4 28 4 48 4 19 4 23 25 4 12 4 25 33 4 17 4 46 4 18 4 20 32 4 11 4 44 4 23 9 4 33 4 61 14 4 13 4 53 27 20 78 20 4 16 4 19 4 66 26 20 34 13 4 27 4 5 4 44 17 4 19 4 14 4 20 4 38 39 4 45 4 55 32 4 30 4 39 4 69 25 4 16 4 41 11 4 5 4 28 4 38 21 4 19 4 32 4 58 32 4 15 4 12 32 4 24 4 60 26 4 59 46 4 47 4 19 4 4 20 4 48 4 80 27 4 29 4 44 11 4 5 4 71 29 4 45 4 86 15 4 34 4 59 13 4 24 4 23 28 4 10 4 7 24 4 15 4 6 34 4 5 4 23 4 50 43 4 28 4 78 42 4 5 4 32 4 78 6 4 44 4 19 4 59 37 4 14 4 14 4 29 4 71 43 4 29 4 12 4 36 4 75 15 4 44 4 15 4 20 34 4 43 4 35 19 4 5 4 26 4 60 9 4 29 4 21 4 91 18 4 13 4 45 4 72 24 4 10 4 10 4 65 26 16 29 16 58 17 4 55 12 16 7 16 49 44 4 34 4 10 17 4 14 4 28 4 47 35 4 12 4 27 4 33 4 46 20 4 26 4 35 18 4 23 4 34 4 33 4 56 11 4 12 4 13 4 23 46 4 19 4 22 4 79 25 4 14 4 16 4 56 15 4 17 4 14 4 33 25 4 33 4 20 4 31 4 40 14 4 10 4 16 4 41 4 82 15 4 33 4 40 4 33 37 4 6 4 22 4 29 8 4 17 4 8 4 
iteration 1697 best: 1.0028 time: 499437
26 30 4 37 4 16 4 81 25 4 45 4 90 13 4 13 4 30 4 61 36 4 24 4 50 4 66 18 4 36 4 16 4 32 22 4 36 4 37 4 17 4 24 31 4 40 4 21 4 80 45 4 27 4 76 12 4 8 4 76 42 4 20 4 33 4 45 4 58 15 4 35 4 22 25 4 23 4 38 12 4 5 4 10 4 11 4 12 4 65 40 4 28 4 48 4 19 4 23 25 4 12 4 25 33 4 17 4 46 4 18 4 20 32 4 11 4 44 4 23 9 4 33 4 61 14 4 13 4 53 27 20 78 20 4 16 4 19 4 66 26 20 34 13 4 27 4 5 4 44 17 4 19 4 14 4 20 4 38 39 4 45 4 55 32 4 30 4 39 4 69 25 4 16 4 41 11 4 5 4 28 4 38 21 4 19 4 32 4 58 32 4 15 4 12 32 4 24 4 60 26 4 59 46 4 47 4 19 4 4 20 4 48 4 80 27 4 29 4 44 11 4 5 4 71 29 4 45 4 86 15 4 34 4 59 13 4 24 4 23 28 4 10 4 7 24 4 15 4 6 34 4 5 4 23 4 50 43 4 28 4 78 42 4 5 4 32 4 78 6 4 44 4 19 4 59 37 4 14 4 14 4 29 4 71 43 4 29 4 12 4 36 4 75 15 4 44 4 15 4 20 34 4 43 4 35 19 4 5 4 26 4 60 9 4 29 4 21 4 91 18 4 13 4 45 4 72 24 4 10 4 10 4 65 26 16 29 16 58 17 4 55 12 16 7 16 49 44 4 34 4 10 17 4 14 4 28 4 47 35 4 12 4 27 4 33 4 46 20 4 26 4 35 18 4 23 4 34 4 33 4 56 11 4 12 4 13 4 23 46 4 19 4 22 4 79 25 4 14 4 16 4 56 15 4 17 4 14 4 33 25 4 33 4 20 4 31 4 40 14 4 10 4 16 4 41 4 82 15 4 33 4 40 4 33 37 4 6 4 22 4 29 8 4 17 4 8 4 
iteration 1722 best: 1.0028 time: 506760
26 30 4 37 4 16 4 81 25 4 45 4 90 13 4 13 4 30 4 61 36 4 24 4 50 4 66 18 4 36 4 16 4 32 22 4 36 4 37 4 17 4 24 31 4 40 4 21 4 80 45 4 27 4 76 12 4 8 4 76 42 4 20 4 33 4 45 4 58 15 4 35 4 22 25 4 23 4 38 12 4 5 4 10 4 11 4 12 4 65 40 4 28 4 48 4 19 4 23 25 4 12 4 25 33 4 17 4 46 4 18 4 20 32 4 11 4 44 4 23 9 4 33 4 61 14 4 13 4 53 27 20 78 20 4 16 4 19 4 66 26 20 34 13 4 27 4 5 4 44 17 4 19 4 14 4 20 4 38 39 4 45 4 55 32 4 30 4 39 4 69 25 4 16 4 41 11 4 5 4 28 4 38 21 4 19 4 32 4 58 32 4 15 4 12 32 4 24 4 60 26 4 59 46 4 47 4 19 4 4 20 4 48 4 80 27 4 29 4 44 11 4 5 4 71 29 4 45 4 86 15 4 34 4 59 13 4 24 4 23 28 4 10 4 7 24 4 15 4 6 34 4 5 4 23 4 50 43 4 28 4 78 42 4 5 4 32 4 78 6 4 44 4 19 4 59 37 4 14 4 14 4 29 4 71 43 4 29 4 12 4 36 4 75 15 4 44 4 15 4 20 34 4 43 4 35 19 4 5 4 26 4 60 9 4 29 4 21 4 91 18 4 13 4 45 4 72 24 4 10 4 10 4 65 26 16 29 16 58 17 4 55 12 16 7 16 49 44 4 34 4 10 17 4 14 4 28 4 47 35 4 12 4 27 4 33 4 46 20 4 26 4 35 18 4 23 4 34 4 33 4 56 11 4 12 4 13 4 23 46 4 19 4 22 4 79 25 4 14 4 16 4 56 15 4 17 4 14 4 33 25 4 33 4 20 4 31 4 40 14 4 10 4 16 4 41 4 82 15 4 33 4 40 4 33 37 4 6 4 22 4 29 8 4 17 4 8 4 
iteration 1747 best: 1.0028 time: 514106
26 30 4 37 4 16 4 81 25 4 45 4 90 13 4 13 4 30 4 61 36 4 24 4 50 4 66 18 4 36 4 16 4 32 22 4 36 4 37 4 17 4 24 31 4 40 4 21 4 80 45 4 27 4 76 12 4 8 4 76 42 4 20 4 33 4 45 4 58 15 4 35 4 22 25 4 23 4 38 12 4 5 4 10 4 11 4 12 4 65 40 4 28 4 48 4 19 4 23 25 4 12 4 25 33 4 17 4 46 4 18 4 20 32 4 11 4 44 4 23 9 4 33 4 61 14 4 13 4 53 27 20 78 20 4 16 4 19 4 66 26 20 34 13 4 27 4 5 4 44 17 4 19 4 14 4 20 4 38 39 4 45 4 55 32 4 30 4 39 4 69 25 4 16 4 41 11 4 5 4 28 4 38 21 4 19 4 32 4 58 32 4 15 4 12 32 4 24 4 60 26 4 59 46 4 47 4 19 4 4 20 4 48 4 80 27 4 29 4 44 11 4 5 4 71 29 4 45 4 86 15 4 34 4 59 13 4 24 4 23 28 4 10 4 7 24 4 15 4 6 34 4 5 4 23 4 50 43 4 28 4 78 42 4 5 4 32 4 78 6 4 44 4 19 4 59 37 4 14 4 14 4 29 4 71 43 4 29 4 12 4 36 4 75 15 4 44 4 15 4 20 34 4 43 4 35 19 4 5 4 26 4 60 9 4 29 4 21 4 91 18 4 13 4 45 4 72 24 4 10 4 10 4 65 26 16 29 16 58 17 4 55 12 16 7 16 49 44 4 34 4 10 17 4 14 4 28 4 47 35 4 12 4 27 4 33 4 46 20 4 26 4 35 18 4 23 4 34 4 33 4 56 11 4 12 4 13 4 23 46 4 19 4 22 4 79 25 4 14 4 16 4 56 15 4 17 4 14 4 33 25 4 33 4 20 4 31 4 40 14 4 10 4 16 4 41 4 82 15 4 33 4 40 4 33 37 4 6 4 22 4 29 8 4 17 4 8 4 
iteration 1772 best: 1.0028 time: 521465
26 30 4 37 4 16 4 81 25 4 45 4 90 13 4 13 4 30 4 61 36 4 24 4 50 4 66 18 4 36 4 16 4 32 22 4 36 4 37 4 17 4 24 31 4 40 4 21 4 80 45 4 27 4 76 12 4 8 4 76 42 4 20 4 33 4 45 4 58 15 4 35 4 22 25 4 23 4 38 12 4 5 4 10 4 11 4 12 4 65 40 4 28 4 48 4 19 4 23 25 4 12 4 25 33 4 17 4 46 4 18 4 20 32 4 11 4 44 4 23 9 4 33 4 61 14 4 13 4 53 27 20 78 20 4 16 4 19 4 66 26 20 34 13 4 27 4 5 4 44 17 4 19 4 14 4 20 4 38 39 4 45 4 55 32 4 30 4 39 4 69 25 4 16 4 41 11 4 5 4 28 4 38 21 4 19 4 32 4 58 32 4 15 4 12 32 4 24 4 60 26 4 59 46 4 47 4 19 4 4 20 4 48 4 80 27 4 29 4 44 11 4 5 4 71 29 4 45 4 86 15 4 34 4 59 13 4 24 4 23 28 4 10 4 7 24 4 15 4 6 34 4 5 4 23 4 50 43 4 28 4 78 42 4 5 4 32 4 78 6 4 44 4 19 4 59 37 4 14 4 14 4 29 4 71 43 4 29 4 12 4 36 4 75 15 4 44 4 15 4 20 34 4 43 4 35 19 4 5 4 26 4 60 9 4 29 4 21 4 91 18 4 13 4 45 4 72 24 4 10 4 10 4 65 26 16 29 16 58 17 4 55 12 16 7 16 49 44 4 34 4 10 17 4 14 4 28 4 47 35 4 12 4 27 4 33 4 46 20 4 26 4 35 18 4 23 4 34 4 33 4 56 11 4 12 4 13 4 23 46 4 19 4 22 4 79 25 4 14 4 16 4 56 15 4 17 4 14 4 33 25 4 33 4 20 4 31 4 40 14 4 10 4 16 4 41 4 82 15 4 33 4 40 4 33 37 4 6 4 22 4 29 8 4 17 4 8 4 
iteration 1797 best: 1.0028 time: 528823
26 30 4 37 4 16 4 81 25 4 45 4 90 13 4 13 4 30 4 61 36 4 24 4 50 4 66 18 4 36 4 16 4 32 22 4 36 4 37 4 17 4 24 31 4 40 4 21 4 80 45 4 27 4 76 12 4 8 4 76 42 4 20 4 33 4 45 4 58 15 4 35 4 22 25 4 23 4 38 12 4 5 4 10 4 11 4 12 4 65 40 4 28 4 48 4 19 4 23 25 4 12 4 25 33 4 17 4 46 4 18 4 20 32 4 11 4 44 4 23 9 4 33 4 61 14 4 13 4 53 27 20 78 20 4 16 4 19 4 66 26 20 34 13 4 27 4 5 4 44 17 4 19 4 14 4 20 4 38 39 4 45 4 55 32 4 30 4 39 4 69 25 4 16 4 41 11 4 5 4 28 4 38 21 4 19 4 32 4 58 32 4 15 4 12 32 4 24 4 60 26 4 59 46 4 47 4 19 4 4 20 4 48 4 80 27 4 29 4 44 11 4 5 4 71 29 4 45 4 86 15 4 34 4 59 13 4 24 4 23 28 4 10 4 7 24 4 15 4 6 34 4 5 4 23 4 50 43 4 28 4 78 42 4 5 4 32 4 78 6 4 44 4 19 4 59 37 4 14 4 14 4 29 4 71 43 4 29 4 12 4 36 4 75 15 4 44 4 15 4 20 34 4 43 4 35 19 4 5 4 26 4 60 9 4 29 4 21 4 91 18 4 13 4 45 4 72 24 4 10 4 10 4 65 26 16 29 16 58 17 4 55 12 16 7 16 49 44 4 34 4 10 17 4 14 4 28 4 47 35 4 12 4 27 4 33 4 46 20 4 26 4 35 18 4 23 4 34 4 33 4 56 11 4 12 4 13 4 23 46 4 19 4 22 4 79 25 4 14 4 16 4 56 15 4 17 4 14 4 33 25 4 33 4 20 4 31 4 40 14 4 10 4 16 4 41 4 82 15 4 33 4 40 4 33 37 4 6 4 22 4 29 8 4 17 4 8 4 
iteration 1822 best: 1.0028 time: 536193
26 30 4 37 4 16 4 81 25 4 45 4 90 13 4 13 4 30 4 61 36 4 24 4 50 4 66 18 4 36 4 16 4 32 22 4 36 4 37 4 17 4 24 31 4 40 4 21 4 80 45 4 27 4 76 12 4 8 4 76 42 4 20 4 33 4 45 4 58 15 4 35 4 22 25 4 23 4 38 12 4 5 4 10 4 11 4 12 4 65 40 4 28 4 48 4 19 4 23 25 4 12 4 25 33 4 17 4 46 4 18 4 20 32 4 11 4 44 4 23 9 4 33 4 61 14 4 13 4 53 27 20 78 20 4 16 4 19 4 66 26 20 34 13 4 27 4 5 4 44 17 4 19 4 14 4 20 4 38 39 4 45 4 55 32 4 30 4 39 4 69 25 4 16 4 41 11 4 5 4 28 4 38 21 4 19 4 32 4 58 32 4 15 4 12 32 4 24 4 60 26 4 59 46 4 47 4 19 4 4 20 4 48 4 80 27 4 29 4 44 11 4 5 4 71 29 4 45 4 86 15 4 34 4 59 13 4 24 4 23 28 4 10 4 7 24 4 15 4 6 34 4 5 4 23 4 50 43 4 28 4 78 42 4 5 4 32 4 78 6 4 44 4 19 4 59 37 4 14 4 14 4 29 4 71 43 4 29 4 12 4 36 4 75 15 4 44 4 15 4 20 34 4 43 4 35 19 4 5 4 26 4 60 9 4 29 4 21 4 91 18 4 13 4 45 4 72 24 4 10 4 10 4 65 26 16 29 16 58 17 4 55 12 16 7 16 49 44 4 34 4 10 17 4 14 4 28 4 47 35 4 12 4 27 4 33 4 46 20 4 26 4 35 18 4 23 4 34 4 33 4 56 11 4 12 4 13 4 23 46 4 19 4 22 4 79 25 4 14 4 16 4 56 15 4 17 4 14 4 33 25 4 33 4 20 4 31 4 40 14 4 10 4 16 4 41 4 82 15 4 33 4 40 4 33 37 4 6 4 22 4 29 8 4 17 4 8 4 
iteration 1847 best: 1.0028 time: 543567
26 30 4 37 4 16 4 81 25 4 45 4 90 13 4 13 4 30 4 61 36 4 24 4 50 4 66 18 4 36 4 16 4 32 22 4 36 4 37 4 17 4 24 31 4 40 4 21 4 80 45 4 27 4 76 12 4 8 4 76 42 4 20 4 33 4 45 4 58 15 4 35 4 22 25 4 23 4 38 12 4 5 4 10 4 11 4 12 4 65 40 4 28 4 48 4 19 4 23 25 4 12 4 25 33 4 17 4 46 4 18 4 20 32 4 11 4 44 4 23 9 4 33 4 61 14 4 13 4 53 27 20 78 20 4 16 4 19 4 66 26 20 34 13 4 27 4 5 4 44 17 4 19 4 14 4 20 4 38 39 4 45 4 55 32 4 30 4 39 4 69 25 4 16 4 41 11 4 5 4 28 4 38 21 4 19 4 32 4 58 32 4 15 4 12 32 4 24 4 60 26 4 59 46 4 47 4 19 4 4 20 4 48 4 80 27 4 29 4 44 11 4 5 4 71 29 4 45 4 86 15 4 34 4 59 13 4 24 4 23 28 4 10 4 7 24 4 15 4 6 34 4 5 4 23 4 50 43 4 28 4 78 42 4 5 4 32 4 78 6 4 44 4 19 4 59 37 4 14 4 14 4 29 4 71 43 4 29 4 12 4 36 4 75 15 4 44 4 15 4 20 34 4 43 4 35 19 4 5 4 26 4 60 9 4 29 4 21 4 91 18 4 13 4 45 4 72 24 4 10 4 10 4 65 26 16 29 16 58 17 4 55 12 16 7 16 49 44 4 34 4 10 17 4 14 4 28 4 47 35 4 12 4 27 4 33 4 46 20 4 26 4 35 18 4 23 4 34 4 33 4 56 11 4 12 4 13 4 23 46 4 19 4 22 4 79 25 4 14 4 16 4 56 15 4 17 4 14 4 33 25 4 33 4 20 4 31 4 40 14 4 10 4 16 4 41 4 82 15 4 33 4 40 4 33 37 4 6 4 22 4 29 8 4 17 4 8 4 
iteration 1872 best: 1.0028 time: 550946
26 30 4 37 4 16 4 81 25 4 45 4 90 13 4 13 4 30 4 61 36 4 24 4 50 4 66 18 4 36 4 16 4 32 22 4 36 4 37 4 17 4 24 31 4 40 4 21 4 80 45 4 27 4 76 12 4 8 4 76 42 4 20 4 33 4 45 4 58 15 4 35 4 22 25 4 23 4 38 12 4 5 4 10 4 11 4 12 4 65 40 4 28 4 48 4 19 4 23 25 4 12 4 25 33 4 17 4 46 4 18 4 20 32 4 11 4 44 4 23 9 4 33 4 61 14 4 13 4 53 27 20 78 20 4 16 4 19 4 66 26 20 34 13 4 27 4 5 4 44 17 4 19 4 14 4 20 4 38 39 4 45 4 55 32 4 30 4 39 4 69 25 4 16 4 41 11 4 5 4 28 4 38 21 4 19 4 32 4 58 32 4 15 4 12 32 4 24 4 60 26 4 59 46 4 47 4 19 4 4 20 4 48 4 80 27 4 29 4 44 11 4 5 4 71 29 4 45 4 86 15 4 34 4 59 13 4 24 4 23 28 4 10 4 7 24 4 15 4 6 34 4 5 4 23 4 50 43 4 28 4 78 42 4 5 4 32 4 78 6 4 44 4 19 4 59 37 4 14 4 14 4 29 4 71 43 4 29 4 12 4 36 4 75 15 4 44 4 15 4 20 34 4 43 4 35 19 4 5 4 26 4 60 9 4 29 4 21 4 91 18 4 13 4 45 4 72 24 4 10 4 10 4 65 26 16 29 16 58 17 4 55 12 16 7 16 49 44 4 34 4 10 17 4 14 4 28 4 47 35 4 12 4 27 4 33 4 46 20 4 26 4 35 18 4 23 4 34 4 33 4 56 11 4 12 4 13 4 23 46 4 19 4 22 4 79 25 4 14 4 16 4 56 15 4 17 4 14 4 33 25 4 33 4 20 4 31 4 40 14 4 10 4 16 4 41 4 82 15 4 33 4 40 4 33 37 4 6 4 22 4 29 8 4 17 4 8 4 
iteration 1897 best: 1.0028 time: 558310
26 30 4 37 4 16 4 81 25 4 45 4 90 13 4 13 4 30 4 61 36 4 24 4 50 4 66 18 4 36 4 16 4 32 22 4 36 4 37 4 17 4 24 31 4 40 4 21 4 80 45 4 27 4 76 12 4 8 4 76 42 4 20 4 33 4 45 4 58 15 4 35 4 22 25 4 23 4 38 12 4 5 4 10 4 11 4 12 4 65 40 4 28 4 48 4 19 4 23 25 4 12 4 25 33 4 17 4 46 4 18 4 20 32 4 11 4 44 4 23 9 4 33 4 61 14 4 13 4 53 27 20 78 20 4 16 4 19 4 66 26 20 34 13 4 27 4 5 4 44 17 4 19 4 14 4 20 4 38 39 4 45 4 55 32 4 30 4 39 4 69 25 4 16 4 41 11 4 5 4 28 4 38 21 4 19 4 32 4 58 32 4 15 4 12 32 4 24 4 60 26 4 59 46 4 47 4 19 4 4 20 4 48 4 80 27 4 29 4 44 11 4 5 4 71 29 4 45 4 86 15 4 34 4 59 13 4 24 4 23 28 4 10 4 7 24 4 15 4 6 34 4 5 4 23 4 50 43 4 28 4 78 42 4 5 4 32 4 78 6 4 44 4 19 4 59 37 4 14 4 14 4 29 4 71 43 4 29 4 12 4 36 4 75 15 4 44 4 15 4 20 34 4 43 4 35 19 4 5 4 26 4 60 9 4 29 4 21 4 91 18 4 13 4 45 4 72 24 4 10 4 10 4 65 26 16 29 16 58 17 4 55 12 16 7 16 49 44 4 34 4 10 17 4 14 4 28 4 47 35 4 12 4 27 4 33 4 46 20 4 26 4 35 18 4 23 4 34 4 33 4 56 11 4 12 4 13 4 23 46 4 19 4 22 4 79 25 4 14 4 16 4 56 15 4 17 4 14 4 33 25 4 33 4 20 4 31 4 40 14 4 10 4 16 4 41 4 82 15 4 33 4 40 4 33 37 4 6 4 22 4 29 8 4 17 4 8 4 
iteration 1922 best: 1.0028 time: 565670
26 30 4 37 4 16 4 81 25 4 45 4 90 13 4 13 4 30 4 61 36 4 24 4 50 4 66 18 4 36 4 16 4 32 22 4 36 4 37 4 17 4 24 31 4 40 4 21 4 80 45 4 27 4 76 12 4 8 4 76 42 4 20 4 33 4 45 4 58 15 4 35 4 22 25 4 23 4 38 12 4 5 4 10 4 11 4 12 4 65 40 4 28 4 48 4 19 4 23 25 4 12 4 25 33 4 17 4 46 4 18 4 20 32 4 11 4 44 4 23 9 4 33 4 61 14 4 13 4 53 27 20 78 20 4 16 4 19 4 66 26 20 34 13 4 27 4 5 4 44 17 4 19 4 14 4 20 4 38 39 4 45 4 55 32 4 30 4 39 4 69 25 4 16 4 41 11 4 5 4 28 4 38 21 4 19 4 32 4 58 32 4 15 4 12 32 4 24 4 60 26 4 59 46 4 47 4 19 4 4 20 4 48 4 80 27 4 29 4 44 11 4 5 4 71 29 4 45 4 86 15 4 34 4 59 13 4 24 4 23 28 4 10 4 7 24 4 15 4 6 34 4 5 4 23 4 50 43 4 28 4 78 42 4 5 4 32 4 78 6 4 44 4 19 4 59 37 4 14 4 14 4 29 4 71 43 4 29 4 12 4 36 4 75 15 4 44 4 15 4 20 34 4 43 4 35 19 4 5 4 26 4 60 9 4 29 4 21 4 91 18 4 13 4 45 4 72 24 4 10 4 10 4 65 26 16 29 16 58 17 4 55 12 16 7 16 49 44 4 34 4 10 17 4 14 4 28 4 47 35 4 12 4 27 4 33 4 46 20 4 26 4 35 18 4 23 4 34 4 33 4 56 11 4 12 4 13 4 23 46 4 19 4 22 4 79 25 4 14 4 16 4 56 15 4 17 4 14 4 33 25 4 33 4 20 4 31 4 40 14 4 10 4 16 4 41 4 82 15 4 33 4 40 4 33 37 4 6 4 22 4 29 8 4 17 4 8 4 
iteration 1947 best: 1.0028 time: 572990
26 30 4 37 4 16 4 81 25 4 45 4 90 13 4 13 4 30 4 61 36 4 24 4 50 4 66 18 4 36 4 16 4 32 22 4 36 4 37 4 17 4 24 31 4 40 4 21 4 80 45 4 27 4 76 12 4 8 4 76 42 4 20 4 33 4 45 4 58 15 4 35 4 22 25 4 23 4 38 12 4 5 4 10 4 11 4 12 4 65 40 4 28 4 48 4 19 4 23 25 4 12 4 25 33 4 17 4 46 4 18 4 20 32 4 11 4 44 4 23 9 4 33 4 61 14 4 13 4 53 27 20 78 20 4 16 4 19 4 66 26 20 34 13 4 27 4 5 4 44 17 4 19 4 14 4 20 4 38 39 4 45 4 55 32 4 30 4 39 4 69 25 4 16 4 41 11 4 5 4 28 4 38 21 4 19 4 32 4 58 32 4 15 4 12 32 4 24 4 60 26 4 59 46 4 47 4 19 4 4 20 4 48 4 80 27 4 29 4 44 11 4 5 4 71 29 4 45 4 86 15 4 34 4 59 13 4 24 4 23 28 4 10 4 7 24 4 15 4 6 34 4 5 4 23 4 50 43 4 28 4 78 42 4 5 4 32 4 78 6 4 44 4 19 4 59 37 4 14 4 14 4 29 4 71 43 4 29 4 12 4 36 4 75 15 4 44 4 15 4 20 34 4 43 4 35 19 4 5 4 26 4 60 9 4 29 4 21 4 91 18 4 13 4 45 4 72 24 4 10 4 10 4 65 26 16 29 16 58 17 4 55 12 16 7 16 49 44 4 34 4 10 17 4 14 4 28 4 47 35 4 12 4 27 4 33 4 46 20 4 26 4 35 18 4 23 4 34 4 33 4 56 11 4 12 4 13 4 23 46 4 19 4 22 4 79 25 4 14 4 16 4 56 15 4 17 4 14 4 33 25 4 33 4 20 4 31 4 40 14 4 10 4 16 4 41 4 82 15 4 33 4 40 4 33 37 4 6 4 22 4 29 8 4 17 4 8 4 
iteration 1972 best: 1.0028 time: 580316
26 30 4 37 4 16 4 81 25 4 45 4 90 13 4 13 4 30 4 61 36 4 24 4 50 4 66 18 4 36 4 16 4 32 22 4 36 4 37 4 17 4 24 31 4 40 4 21 4 80 45 4 27 4 76 12 4 8 4 76 42 4 20 4 33 4 45 4 58 15 4 35 4 22 25 4 23 4 38 12 4 5 4 10 4 11 4 12 4 65 40 4 28 4 48 4 19 4 23 25 4 12 4 25 33 4 17 4 46 4 18 4 20 32 4 11 4 44 4 23 9 4 33 4 61 14 4 13 4 53 27 20 78 20 4 16 4 19 4 66 26 20 34 13 4 27 4 5 4 44 17 4 19 4 14 4 20 4 38 39 4 45 4 55 32 4 30 4 39 4 69 25 4 16 4 41 11 4 5 4 28 4 38 21 4 19 4 32 4 58 32 4 15 4 12 32 4 24 4 60 26 4 59 46 4 47 4 19 4 4 20 4 48 4 80 27 4 29 4 44 11 4 5 4 71 29 4 45 4 86 15 4 34 4 59 13 4 24 4 23 28 4 10 4 7 24 4 15 4 6 34 4 5 4 23 4 50 43 4 28 4 78 42 4 5 4 32 4 78 6 4 44 4 19 4 59 37 4 14 4 14 4 29 4 71 43 4 29 4 12 4 36 4 75 15 4 44 4 15 4 20 34 4 43 4 35 19 4 5 4 26 4 60 9 4 29 4 21 4 91 18 4 13 4 45 4 72 24 4 10 4 10 4 65 26 16 29 16 58 17 4 55 12 16 7 16 49 44 4 34 4 10 17 4 14 4 28 4 47 35 4 12 4 27 4 33 4 46 20 4 26 4 35 18 4 23 4 34 4 33 4 56 11 4 12 4 13 4 23 46 4 19 4 22 4 79 25 4 14 4 16 4 56 15 4 17 4 14 4 33 25 4 33 4 20 4 31 4 40 14 4 10 4 16 4 41 4 82 15 4 33 4 40 4 33 37 4 6 4 22 4 29 8 4 17 4 8 4 
iteration 1997 best: 1.0028 time: 587628
26 30 4 37 4 16 4 81 25 4 45 4 90 13 4 13 4 30 4 61 36 4 24 4 50 4 66 18 4 36 4 16 4 32 22 4 36 4 37 4 17 4 24 31 4 40 4 21 4 80 45 4 27 4 76 12 4 8 4 76 42 4 20 4 33 4 45 4 58 15 4 35 4 22 25 4 23 4 38 12 4 5 4 10 4 11 4 12 4 65 40 4 28 4 48 4 19 4 23 25 4 12 4 25 33 4 17 4 46 4 18 4 20 32 4 11 4 44 4 23 9 4 33 4 61 14 4 13 4 53 27 20 78 20 4 16 4 19 4 66 26 20 34 13 4 27 4 5 4 44 17 4 19 4 14 4 20 4 38 39 4 45 4 55 32 4 30 4 39 4 69 25 4 16 4 41 11 4 5 4 28 4 38 21 4 19 4 32 4 58 32 4 15 4 12 32 4 24 4 60 26 4 59 46 4 47 4 19 4 4 20 4 48 4 80 27 4 29 4 44 11 4 5 4 71 29 4 45 4 86 15 4 34 4 59 13 4 24 4 23 28 4 10 4 7 24 4 15 4 6 34 4 5 4 23 4 50 43 4 28 4 78 42 4 5 4 32 4 78 6 4 44 4 19 4 59 37 4 14 4 14 4 29 4 71 43 4 29 4 12 4 36 4 75 15 4 44 4 15 4 20 34 4 43 4 35 19 4 5 4 26 4 60 9 4 29 4 21 4 91 18 4 13 4 45 4 72 24 4 10 4 10 4 65 26 16 29 16 58 17 4 55 12 16 7 16 49 44 4 34 4 10 17 4 14 4 28 4 47 35 4 12 4 27 4 33 4 46 20 4 26 4 35 18 4 23 4 34 4 33 4 56 11 4 12 4 13 4 23 46 4 19 4 22 4 79 25 4 14 4 16 4 56 15 4 17 4 14 4 33 25 4 33 4 20 4 31 4 40 14 4 10 4 16 4 41 4 82 15 4 33 4 40 4 33 37 4 6 4 22 4 29 8 4 17 4 8 4 
iteration 2022 best: 1.0028 time: 594948
26 30 4 37 4 16 4 81 25 4 45 4 90 13 4 13 4 30 4 61 36 4 24 4 50 4 66 18 4 36 4 16 4 32 22 4 36 4 37 4 17 4 24 31 4 40 4 21 4 80 45 4 27 4 76 12 4 8 4 76 42 4 20 4 33 4 45 4 58 15 4 35 4 22 25 4 23 4 38 12 4 5 4 10 4 11 4 12 4 65 40 4 28 4 48 4 19 4 23 25 4 12 4 25 33 4 17 4 46 4 18 4 20 32 4 11 4 44 4 23 9 4 33 4 61 14 4 13 4 53 27 20 78 20 4 16 4 19 4 66 26 20 34 13 4 27 4 5 4 44 17 4 19 4 14 4 20 4 38 39 4 45 4 55 32 4 30 4 39 4 69 25 4 16 4 41 11 4 5 4 28 4 38 21 4 19 4 32 4 58 32 4 15 4 12 32 4 24 4 60 26 4 59 46 4 47 4 19 4 4 20 4 48 4 80 27 4 29 4 44 11 4 5 4 71 29 4 45 4 86 15 4 34 4 59 13 4 24 4 23 28 4 10 4 7 24 4 15 4 6 34 4 5 4 23 4 50 43 4 28 4 78 42 4 5 4 32 4 78 6 4 44 4 19 4 59 37 4 14 4 14 4 29 4 71 43 4 29 4 12 4 36 4 75 15 4 44 4 15 4 20 34 4 43 4 35 19 4 5 4 26 4 60 9 4 29 4 21 4 91 18 4 13 4 45 4 72 24 4 10 4 10 4 65 26 16 29 16 58 17 4 55 12 16 7 16 49 44 4 34 4 10 17 4 14 4 28 4 47 35 4 12 4 27 4 33 4 46 20 4 26 4 35 18 4 23 4 34 4 33 4 56 11 4 12 4 13 4 23 46 4 19 4 22 4 79 25 4 14 4 16 4 56 15 4 17 4 14 4 33 25 4 33 4 20 4 31 4 40 14 4 10 4 16 4 41 4 82 15 4 33 4 40 4 33 37 4 6 4 22 4 29 8 4 17 4 8 4 
iteration 2047 best: 1.0028 time: 602269
26 30 4 37 4 16 4 81 25 4 45 4 90 13 4 13 4 30 4 61 36 4 24 4 50 4 66 18 4 36 4 16 4 32 22 4 36 4 37 4 17 4 24 31 4 40 4 21 4 80 45 4 27 4 76 12 4 8 4 76 42 4 20 4 33 4 45 4 58 15 4 35 4 22 25 4 23 4 38 12 4 5 4 10 4 11 4 12 4 65 40 4 28 4 48 4 19 4 23 25 4 12 4 25 33 4 17 4 46 4 18 4 20 32 4 11 4 44 4 23 9 4 33 4 61 14 4 13 4 53 27 20 78 20 4 16 4 19 4 66 26 20 34 13 4 27 4 5 4 44 17 4 19 4 14 4 20 4 38 39 4 45 4 55 32 4 30 4 39 4 69 25 4 16 4 41 11 4 5 4 28 4 38 21 4 19 4 32 4 58 32 4 15 4 12 32 4 24 4 60 26 4 59 46 4 47 4 19 4 4 20 4 48 4 80 27 4 29 4 44 11 4 5 4 71 29 4 45 4 86 15 4 34 4 59 13 4 24 4 23 28 4 10 4 7 24 4 15 4 6 34 4 5 4 23 4 50 43 4 28 4 78 42 4 5 4 32 4 78 6 4 44 4 19 4 59 37 4 14 4 14 4 29 4 71 43 4 29 4 12 4 36 4 75 15 4 44 4 15 4 20 34 4 43 4 35 19 4 5 4 26 4 60 9 4 29 4 21 4 91 18 4 13 4 45 4 72 24 4 10 4 10 4 65 26 16 29 16 58 17 4 55 12 16 7 16 49 44 4 34 4 10 17 4 14 4 28 4 47 35 4 12 4 27 4 33 4 46 20 4 26 4 35 18 4 23 4 34 4 33 4 56 11 4 12 4 13 4 23 46 4 19 4 22 4 79 25 4 14 4 16 4 56 15 4 17 4 14 4 33 25 4 33 4 20 4 31 4 40 14 4 10 4 16 4 41 4 82 15 4 33 4 40 4 33 37 4 6 4 22 4 29 8 4 17 4 8 4 
Best solution: 
26 30 4 37 4 16 4 81 25 4 45 4 90 13 4 13 4 30 4 61 36 4 24 4 50 4 66 18 4 36 4 16 4 32 22 4 36 4 37 4 17 4 24 31 4 40 4 21 4 80 45 4 27 4 76 12 4 8 4 76 42 4 20 4 33 4 45 4 58 15 4 35 4 22 25 4 23 4 38 12 4 5 4 10 4 11 4 12 4 65 40 4 28 4 48 4 19 4 23 25 4 12 4 25 33 4 17 4 46 4 18 4 20 32 4 11 4 44 4 23 9 4 33 4 61 14 4 13 4 53 27 20 78 20 4 16 4 19 4 66 26 20 34 13 4 27 4 5 4 44 17 4 19 4 14 4 20 4 38 39 4 45 4 55 32 4 30 4 39 4 69 25 4 16 4 41 11 4 5 4 28 4 38 21 4 19 4 32 4 58 32 4 15 4 12 32 4 24 4 60 26 4 59 46 4 47 4 19 4 4 20 4 48 4 80 27 4 29 4 44 11 4 5 4 71 29 4 45 4 86 15 4 34 4 59 13 4 24 4 23 28 4 10 4 7 24 4 15 4 6 34 4 5 4 23 4 50 43 4 28 4 78 42 4 5 4 32 4 78 6 4 44 4 19 4 59 37 4 14 4 14 4 29 4 71 43 4 29 4 12 4 36 4 75 15 4 44 4 15 4 20 34 4 43 4 35 19 4 5 4 26 4 60 9 4 29 4 21 4 91 18 4 13 4 45 4 72 24 4 10 4 10 4 65 26 16 29 16 58 17 4 55 12 16 7 16 49 44 4 34 4 10 17 4 14 4 28 4 47 35 4 12 4 27 4 33 4 46 20 4 26 4 35 18 4 23 4 34 4 33 4 56 11 4 12 4 13 4 23 46 4 19 4 22 4 79 25 4 14 4 16 4 56 15 4 17 4 14 4 33 25 4 33 4 20 4 31 4 40 14 4 10 4 16 4 41 4 82 15 4 33 4 40 4 33 37 4 6 4 22 4 29 8 4 17 4 8 4 
Fitness: 1.0028
