iteration 22 best: 1.01397 time: 7261
55 29 4 23 4 24 4 74 39 4 36 4 85 27 4 9 4 33 4 107 11 4 6 4 16 4 79 12 4 36 4 24 4 79 26 4 29 4 18 4 19 4 40 29 4 30 4 28 4 75 38 4 38 4 10 17 4 6 4 73 51 4 50 4 56 4 16 4 70 30 4 21 4 25 36 4 6 4 46 45 4 49 4 40 4 36 4 34 4 85 34 4 33 4 22 4 48 4 86 22 4 33 4 90 28 4 5 4 20 4 24 4 65 26 4 48 4 37 4 22 23 4 48 4 75 35 4 8 4 62 14 20 41 42 4 22 4 41 4 47 56 20 13 30 4 43 4 41 4 69 24 4 36 4 39 4 51 4 57 42 4 37 4 71 8 4 21 4 39 4 93 28 4 32 4 31 49 4 10 4 10 4 67 34 4 29 4 37 4 44 52 4 34 4 29 9 4 7 4 41 11 4 96 26 4 8 4 36 4 41 25 4 43 4 61 18 4 27 4 12 19 4 36 4 20 36 4 52 4 74 9 4 27 4 70 26 4 38 4 84 44 4 7 4 61 12 4 5 4 64 22 4 23 4 26 4 81 25 4 55 4 51 16 4 31 4 44 4 37 55 4 29 4 33 4 57 48 4 29 4 52 4 29 4 34 12 4 34 4 9 4 14 4 34 34 4 17 4 36 4 35 9 4 16 4 29 25 4 47 4 30 4 97 53 4 41 4 55 4 43 46 4 5 4 50 4 1 25 4 46 4 10 4 15 21 16 49 16 92 17 4 1 50 16 44 16 70 25 4 38 4 27 18 4 14 4 9 4 110 46 4 37 4 39 4 23 4 41 22 4 48 4 0 37 4 15 4 53 4 19 4 21 48 4 25 4 50 4 46 13 4 10 4 39 4 33 26 4 43 4 34 4 102 38 4 19 4 40 4 91 41 4 57 4 43 4 26 4 18 17 4 43 4 54 4 46 4 75 24 4 36 4 55 4 45 48 4 25 4 28 4 7 16 4 5 4 18 4 
iteration 47 best: 1.01397 time: 14631
55 29 4 23 4 24 4 74 39 4 36 4 85 27 4 9 4 33 4 107 11 4 6 4 16 4 79 12 4 36 4 24 4 79 26 4 29 4 18 4 19 4 40 29 4 30 4 28 4 75 38 4 38 4 10 17 4 6 4 73 51 4 50 4 56 4 16 4 70 30 4 21 4 25 36 4 6 4 46 45 4 49 4 40 4 36 4 34 4 85 34 4 33 4 22 4 48 4 86 22 4 33 4 90 28 4 5 4 20 4 24 4 65 26 4 48 4 37 4 22 23 4 48 4 75 35 4 8 4 62 14 20 41 42 4 22 4 41 4 47 56 20 13 30 4 43 4 41 4 69 24 4 36 4 39 4 51 4 57 42 4 37 4 71 8 4 21 4 39 4 93 28 4 32 4 31 49 4 10 4 10 4 67 34 4 29 4 37 4 44 52 4 34 4 29 9 4 7 4 41 11 4 96 26 4 8 4 36 4 41 25 4 43 4 61 18 4 27 4 12 19 4 36 4 20 36 4 52 4 74 9 4 27 4 70 26 4 38 4 84 44 4 7 4 61 12 4 5 4 64 22 4 23 4 26 4 81 25 4 55 4 51 16 4 31 4 44 4 37 55 4 29 4 33 4 57 48 4 29 4 52 4 29 4 34 12 4 34 4 9 4 14 4 34 34 4 17 4 36 4 35 9 4 16 4 29 25 4 47 4 30 4 97 53 4 41 4 55 4 43 46 4 5 4 50 4 1 25 4 46 4 10 4 15 21 16 49 16 92 17 4 1 50 16 44 16 70 25 4 38 4 27 18 4 14 4 9 4 110 46 4 37 4 39 4 23 4 41 22 4 48 4 0 37 4 15 4 53 4 19 4 21 48 4 25 4 50 4 46 13 4 10 4 39 4 33 26 4 43 4 34 4 102 38 4 19 4 40 4 91 41 4 57 4 43 4 26 4 18 17 4 43 4 54 4 46 4 75 24 4 36 4 55 4 45 48 4 25 4 28 4 7 16 4 5 4 18 4 
iteration 72 best: 1.01397 time: 22024
55 29 4 23 4 24 4 74 39 4 36 4 85 27 4 9 4 33 4 107 11 4 6 4 16 4 79 12 4 36 4 24 4 79 26 4 29 4 18 4 19 4 40 29 4 30 4 28 4 75 38 4 38 4 10 17 4 6 4 73 51 4 50 4 56 4 16 4 70 30 4 21 4 25 36 4 6 4 46 45 4 49 4 40 4 36 4 34 4 85 34 4 33 4 22 4 48 4 86 22 4 33 4 90 28 4 5 4 20 4 24 4 65 26 4 48 4 37 4 22 23 4 48 4 75 35 4 8 4 62 14 20 41 42 4 22 4 41 4 47 56 20 13 30 4 43 4 41 4 69 24 4 36 4 39 4 51 4 57 42 4 37 4 71 8 4 21 4 39 4 93 28 4 32 4 31 49 4 10 4 10 4 67 34 4 29 4 37 4 44 52 4 34 4 29 9 4 7 4 41 11 4 96 26 4 8 4 36 4 41 25 4 43 4 61 18 4 27 4 12 19 4 36 4 20 36 4 52 4 74 9 4 27 4 70 26 4 38 4 84 44 4 7 4 61 12 4 5 4 64 22 4 23 4 26 4 81 25 4 55 4 51 16 4 31 4 44 4 37 55 4 29 4 33 4 57 48 4 29 4 52 4 29 4 34 12 4 34 4 9 4 14 4 34 34 4 17 4 36 4 35 9 4 16 4 29 25 4 47 4 30 4 97 53 4 41 4 55 4 43 46 4 5 4 50 4 1 25 4 46 4 10 4 15 21 16 49 16 92 17 4 1 50 16 44 16 70 25 4 38 4 27 18 4 14 4 9 4 110 46 4 37 4 39 4 23 4 41 22 4 48 4 0 37 4 15 4 53 4 19 4 21 48 4 25 4 50 4 46 13 4 10 4 39 4 33 26 4 43 4 34 4 102 38 4 19 4 40 4 91 41 4 57 4 43 4 26 4 18 17 4 43 4 54 4 46 4 75 24 4 36 4 55 4 45 48 4 25 4 28 4 7 16 4 5 4 18 4 
iteration 97 best: 1.01397 time: 29444
55 29 4 23 4 24 4 74 39 4 36 4 85 27 4 9 4 33 4 107 11 4 6 4 16 4 79 12 4 36 4 24 4 79 26 4 29 4 18 4 19 4 40 29 4 30 4 28 4 75 38 4 38 4 10 17 4 6 4 73 51 4 50 4 56 4 16 4 70 30 4 21 4 25 36 4 6 4 46 45 4 49 4 40 4 36 4 34 4 85 34 4 33 4 22 4 48 4 86 22 4 33 4 90 28 4 5 4 20 4 24 4 65 26 4 48 4 37 4 22 23 4 48 4 75 35 4 8 4 62 14 20 41 42 4 22 4 41 4 47 56 20 13 30 4 43 4 41 4 69 24 4 36 4 39 4 51 4 57 42 4 37 4 71 8 4 21 4 39 4 93 28 4 32 4 31 49 4 10 4 10 4 67 34 4 29 4 37 4 44 52 4 34 4 29 9 4 7 4 41 11 4 96 26 4 8 4 36 4 41 25 4 43 4 61 18 4 27 4 12 19 4 36 4 20 36 4 52 4 74 9 4 27 4 70 26 4 38 4 84 44 4 7 4 61 12 4 5 4 64 22 4 23 4 26 4 81 25 4 55 4 51 16 4 31 4 44 4 37 55 4 29 4 33 4 57 48 4 29 4 52 4 29 4 34 12 4 34 4 9 4 14 4 34 34 4 17 4 36 4 35 9 4 16 4 29 25 4 47 4 30 4 97 53 4 41 4 55 4 43 46 4 5 4 50 4 1 25 4 46 4 10 4 15 21 16 49 16 92 17 4 1 50 16 44 16 70 25 4 38 4 27 18 4 14 4 9 4 110 46 4 37 4 39 4 23 4 41 22 4 48 4 0 37 4 15 4 53 4 19 4 21 48 4 25 4 50 4 46 13 4 10 4 39 4 33 26 4 43 4 34 4 102 38 4 19 4 40 4 91 41 4 57 4 43 4 26 4 18 17 4 43 4 54 4 46 4 75 24 4 36 4 55 4 45 48 4 25 4 28 4 7 16 4 5 4 18 4 
iteration 122 best: 1.01397 time: 36832
55 29 4 23 4 24 4 74 39 4 36 4 85 27 4 9 4 33 4 107 11 4 6 4 16 4 79 12 4 36 4 24 4 79 26 4 29 4 18 4 19 4 40 29 4 30 4 28 4 75 38 4 38 4 10 17 4 6 4 73 51 4 50 4 56 4 16 4 70 30 4 21 4 25 36 4 6 4 46 45 4 49 4 40 4 36 4 34 4 85 34 4 33 4 22 4 48 4 86 22 4 33 4 90 28 4 5 4 20 4 24 4 65 26 4 48 4 37 4 22 23 4 48 4 75 35 4 8 4 62 14 20 41 42 4 22 4 41 4 47 56 20 13 30 4 43 4 41 4 69 24 4 36 4 39 4 51 4 57 42 4 37 4 71 8 4 21 4 39 4 93 28 4 32 4 31 49 4 10 4 10 4 67 34 4 29 4 37 4 44 52 4 34 4 29 9 4 7 4 41 11 4 96 26 4 8 4 36 4 41 25 4 43 4 61 18 4 27 4 12 19 4 36 4 20 36 4 52 4 74 9 4 27 4 70 26 4 38 4 84 44 4 7 4 61 12 4 5 4 64 22 4 23 4 26 4 81 25 4 55 4 51 16 4 31 4 44 4 37 55 4 29 4 33 4 57 48 4 29 4 52 4 29 4 34 12 4 34 4 9 4 14 4 34 34 4 17 4 36 4 35 9 4 16 4 29 25 4 47 4 30 4 97 53 4 41 4 55 4 43 46 4 5 4 50 4 1 25 4 46 4 10 4 15 21 16 49 16 92 17 4 1 50 16 44 16 70 25 4 38 4 27 18 4 14 4 9 4 110 46 4 37 4 39 4 23 4 41 22 4 48 4 0 37 4 15 4 53 4 19 4 21 48 4 25 4 50 4 46 13 4 10 4 39 4 33 26 4 43 4 34 4 102 38 4 19 4 40 4 91 41 4 57 4 43 4 26 4 18 17 4 43 4 54 4 46 4 75 24 4 36 4 55 4 45 48 4 25 4 28 4 7 16 4 5 4 18 4 
iteration 147 best: 1.01397 time: 44232
55 29 4 23 4 24 4 74 39 4 36 4 85 27 4 9 4 33 4 107 11 4 6 4 16 4 79 12 4 36 4 24 4 79 26 4 29 4 18 4 19 4 40 29 4 30 4 28 4 75 38 4 38 4 10 17 4 6 4 73 51 4 50 4 56 4 16 4 70 30 4 21 4 25 36 4 6 4 46 45 4 49 4 40 4 36 4 34 4 85 34 4 33 4 22 4 48 4 86 22 4 33 4 90 28 4 5 4 20 4 24 4 65 26 4 48 4 37 4 22 23 4 48 4 75 35 4 8 4 62 14 20 41 42 4 22 4 41 4 47 56 20 13 30 4 43 4 41 4 69 24 4 36 4 39 4 51 4 57 42 4 37 4 71 8 4 21 4 39 4 93 28 4 32 4 31 49 4 10 4 10 4 67 34 4 29 4 37 4 44 52 4 34 4 29 9 4 7 4 41 11 4 96 26 4 8 4 36 4 41 25 4 43 4 61 18 4 27 4 12 19 4 36 4 20 36 4 52 4 74 9 4 27 4 70 26 4 38 4 84 44 4 7 4 61 12 4 5 4 64 22 4 23 4 26 4 81 25 4 55 4 51 16 4 31 4 44 4 37 55 4 29 4 33 4 57 48 4 29 4 52 4 29 4 34 12 4 34 4 9 4 14 4 34 34 4 17 4 36 4 35 9 4 16 4 29 25 4 47 4 30 4 97 53 4 41 4 55 4 43 46 4 5 4 50 4 1 25 4 46 4 10 4 15 21 16 49 16 92 17 4 1 50 16 44 16 70 25 4 38 4 27 18 4 14 4 9 4 110 46 4 37 4 39 4 23 4 41 22 4 48 4 0 37 4 15 4 53 4 19 4 21 48 4 25 4 50 4 46 13 4 10 4 39 4 33 26 4 43 4 34 4 102 38 4 19 4 40 4 91 41 4 57 4 43 4 26 4 18 17 4 43 4 54 4 46 4 75 24 4 36 4 55 4 45 48 4 25 4 28 4 7 16 4 5 4 18 4 
iteration 172 best: 1.01397 time: 51615
55 29 4 23 4 24 4 74 39 4 36 4 85 27 4 9 4 33 4 107 11 4 6 4 16 4 79 12 4 36 4 24 4 79 26 4 29 4 18 4 19 4 40 29 4 30 4 28 4 75 38 4 38 4 10 17 4 6 4 73 51 4 50 4 56 4 16 4 70 30 4 21 4 25 36 4 6 4 46 45 4 49 4 40 4 36 4 34 4 85 34 4 33 4 22 4 48 4 86 22 4 33 4 90 28 4 5 4 20 4 24 4 65 26 4 48 4 37 4 22 23 4 48 4 75 35 4 8 4 62 14 20 41 42 4 22 4 41 4 47 56 20 13 30 4 43 4 41 4 69 24 4 36 4 39 4 51 4 57 42 4 37 4 71 8 4 21 4 39 4 93 28 4 32 4 31 49 4 10 4 10 4 67 34 4 29 4 37 4 44 52 4 34 4 29 9 4 7 4 41 11 4 96 26 4 8 4 36 4 41 25 4 43 4 61 18 4 27 4 12 19 4 36 4 20 36 4 52 4 74 9 4 27 4 70 26 4 38 4 84 44 4 7 4 61 12 4 5 4 64 22 4 23 4 26 4 81 25 4 55 4 51 16 4 31 4 44 4 37 55 4 29 4 33 4 57 48 4 29 4 52 4 29 4 34 12 4 34 4 9 4 14 4 34 34 4 17 4 36 4 35 9 4 16 4 29 25 4 47 4 30 4 97 53 4 41 4 55 4 43 46 4 5 4 50 4 1 25 4 46 4 10 4 15 21 16 49 16 92 17 4 1 50 16 44 16 70 25 4 38 4 27 18 4 14 4 9 4 110 46 4 37 4 39 4 23 4 41 22 4 48 4 0 37 4 15 4 53 4 19 4 21 48 4 25 4 50 4 46 13 4 10 4 39 4 33 26 4 43 4 34 4 102 38 4 19 4 40 4 91 41 4 57 4 43 4 26 4 18 17 4 43 4 54 4 46 4 75 24 4 36 4 55 4 45 48 4 25 4 28 4 7 16 4 5 4 18 4 
iteration 197 best: 1.01397 time: 58988
55 29 4 23 4 24 4 74 39 4 36 4 85 27 4 9 4 33 4 107 11 4 6 4 16 4 79 12 4 36 4 24 4 79 26 4 29 4 18 4 19 4 40 29 4 30 4 28 4 75 38 4 38 4 10 17 4 6 4 73 51 4 50 4 56 4 16 4 70 30 4 21 4 25 36 4 6 4 46 45 4 49 4 40 4 36 4 34 4 85 34 4 33 4 22 4 48 4 86 22 4 33 4 90 28 4 5 4 20 4 24 4 65 26 4 48 4 37 4 22 23 4 48 4 75 35 4 8 4 62 14 20 41 42 4 22 4 41 4 47 56 20 13 30 4 43 4 41 4 69 24 4 36 4 39 4 51 4 57 42 4 37 4 71 8 4 21 4 39 4 93 28 4 32 4 31 49 4 10 4 10 4 67 34 4 29 4 37 4 44 52 4 34 4 29 9 4 7 4 41 11 4 96 26 4 8 4 36 4 41 25 4 43 4 61 18 4 27 4 12 19 4 36 4 20 36 4 52 4 74 9 4 27 4 70 26 4 38 4 84 44 4 7 4 61 12 4 5 4 64 22 4 23 4 26 4 81 25 4 55 4 51 16 4 31 4 44 4 37 55 4 29 4 33 4 57 48 4 29 4 52 4 29 4 34 12 4 34 4 9 4 14 4 34 34 4 17 4 36 4 35 9 4 16 4 29 25 4 47 4 30 4 97 53 4 41 4 55 4 43 46 4 5 4 50 4 1 25 4 46 4 10 4 15 21 16 49 16 92 17 4 1 50 16 44 16 70 25 4 38 4 27 18 4 14 4 9 4 110 46 4 37 4 39 4 23 4 41 22 4 48 4 0 37 4 15 4 53 4 19 4 21 48 4 25 4 50 4 46 13 4 10 4 39 4 33 26 4 43 4 34 4 102 38 4 19 4 40 4 91 41 4 57 4 43 4 26 4 18 17 4 43 4 54 4 46 4 75 24 4 36 4 55 4 45 48 4 25 4 28 4 7 16 4 5 4 18 4 
iteration 222 best: 1.01397 time: 66351
55 29 4 23 4 24 4 74 39 4 36 4 85 27 4 9 4 33 4 107 11 4 6 4 16 4 79 12 4 36 4 24 4 79 26 4 29 4 18 4 19 4 40 29 4 30 4 28 4 75 38 4 38 4 10 17 4 6 4 73 51 4 50 4 56 4 16 4 70 30 4 21 4 25 36 4 6 4 46 45 4 49 4 40 4 36 4 34 4 85 34 4 33 4 22 4 48 4 86 22 4 33 4 90 28 4 5 4 20 4 24 4 65 26 4 48 4 37 4 22 23 4 48 4 75 35 4 8 4 62 14 20 41 42 4 22 4 41 4 47 56 20 13 30 4 43 4 41 4 69 24 4 36 4 39 4 51 4 57 42 4 37 4 71 8 4 21 4 39 4 93 28 4 32 4 31 49 4 10 4 10 4 67 34 4 29 4 37 4 44 52 4 34 4 29 9 4 7 4 41 11 4 96 26 4 8 4 36 4 41 25 4 43 4 61 18 4 27 4 12 19 4 36 4 20 36 4 52 4 74 9 4 27 4 70 26 4 38 4 84 44 4 7 4 61 12 4 5 4 64 22 4 23 4 26 4 81 25 4 55 4 51 16 4 31 4 44 4 37 55 4 29 4 33 4 57 48 4 29 4 52 4 29 4 34 12 4 34 4 9 4 14 4 34 34 4 17 4 36 4 35 9 4 16 4 29 25 4 47 4 30 4 97 53 4 41 4 55 4 43 46 4 5 4 50 4 1 25 4 46 4 10 4 15 21 16 49 16 92 17 4 1 50 16 44 16 70 25 4 38 4 27 18 4 14 4 9 4 110 46 4 37 4 39 4 23 4 41 22 4 48 4 0 37 4 15 4 53 4 19 4 21 48 4 25 4 50 4 46 13 4 10 4 39 4 33 26 4 43 4 34 4 102 38 4 19 4 40 4 91 41 4 57 4 43 4 26 4 18 17 4 43 4 54 4 46 4 75 24 4 36 4 55 4 45 48 4 25 4 28 4 7 16 4 5 4 18 4 
iteration 247 best: 1.01397 time: 73727
55 29 4 23 4 24 4 74 39 4 36 4 85 27 4 9 4 33 4 107 11 4 6 4 16 4 79 12 4 36 4 24 4 79 26 4 29 4 18 4 19 4 40 29 4 30 4 28 4 75 38 4 38 4 10 17 4 6 4 73 51 4 50 4 56 4 16 4 70 30 4 21 4 25 36 4 6 4 46 45 4 49 4 40 4 36 4 34 4 85 34 4 33 4 22 4 48 4 86 22 4 33 4 90 28 4 5 4 20 4 24 4 65 26 4 48 4 37 4 22 23 4 48 4 75 35 4 8 4 62 14 20 41 42 4 22 4 41 4 47 56 20 13 30 4 43 4 41 4 69 24 4 36 4 39 4 51 4 57 42 4 37 4 71 8 4 21 4 39 4 93 28 4 32 4 31 49 4 10 4 10 4 67 34 4 29 4 37 4 44 52 4 34 4 29 9 4 7 4 41 11 4 96 26 4 8 4 36 4 41 25 4 43 4 61 18 4 27 4 12 19 4 36 4 20 36 4 52 4 74 9 4 27 4 70 26 4 38 4 84 44 4 7 4 61 12 4 5 4 64 22 4 23 4 26 4 81 25 4 55 4 51 16 4 31 4 44 4 37 55 4 29 4 33 4 57 48 4 29 4 52 4 29 4 34 12 4 34 4 9 4 14 4 34 34 4 17 4 36 4 35 9 4 16 4 29 25 4 47 4 30 4 97 53 4 41 4 55 4 43 46 4 5 4 50 4 1 25 4 46 4 10 4 15 21 16 49 16 92 17 4 1 50 16 44 16 70 25 4 38 4 27 18 4 14 4 9 4 110 46 4 37 4 39 4 23 4 41 22 4 48 4 0 37 4 15 4 53 4 19 4 21 48 4 25 4 50 4 46 13 4 10 4 39 4 33 26 4 43 4 34 4 102 38 4 19 4 40 4 91 41 4 57 4 43 4 26 4 18 17 4 43 4 54 4 46 4 75 24 4 36 4 55 4 45 48 4 25 4 28 4 7 16 4 5 4 18 4 
iteration 272 best: 1.01397 time: 81085
55 29 4 23 4 24 4 74 39 4 36 4 85 27 4 9 4 33 4 107 11 4 6 4 16 4 79 12 4 36 4 24 4 79 26 4 29 4 18 4 19 4 40 29 4 30 4 28 4 75 38 4 38 4 10 17 4 6 4 73 51 4 50 4 56 4 16 4 70 30 4 21 4 25 36 4 6 4 46 45 4 49 4 40 4 36 4 34 4 85 34 4 33 4 22 4 48 4 86 22 4 33 4 90 28 4 5 4 20 4 24 4 65 26 4 48 4 37 4 22 23 4 48 4 75 35 4 8 4 62 14 20 41 42 4 22 4 41 4 47 56 20 13 30 4 43 4 41 4 69 24 4 36 4 39 4 51 4 57 42 4 37 4 71 8 4 21 4 39 4 93 28 4 32 4 31 49 4 10 4 10 4 67 34 4 29 4 37 4 44 52 4 34 4 29 9 4 7 4 41 11 4 96 26 4 8 4 36 4 41 25 4 43 4 61 18 4 27 4 12 19 4 36 4 20 36 4 52 4 74 9 4 27 4 70 26 4 38 4 84 44 4 7 4 61 12 4 5 4 64 22 4 23 4 26 4 81 25 4 55 4 51 16 4 31 4 44 4 37 55 4 29 4 33 4 57 48 4 29 4 52 4 29 4 34 12 4 34 4 9 4 14 4 34 34 4 17 4 36 4 35 9 4 16 4 29 25 4 47 4 30 4 97 53 4 41 4 55 4 43 46 4 5 4 50 4 1 25 4 46 4 10 4 15 21 16 49 16 92 17 4 1 50 16 44 16 70 25 4 38 4 27 18 4 14 4 9 4 110 46 4 37 4 39 4 23 4 41 22 4 48 4 0 37 4 15 4 53 4 19 4 21 48 4 25 4 50 4 46 13 4 10 4 39 4 33 26 4 43 4 34 4 102 38 4 19 4 40 4 91 41 4 57 4 43 4 26 4 18 17 4 43 4 54 4 46 4 75 24 4 36 4 55 4 45 48 4 25 4 28 4 7 16 4 5 4 18 4 
iteration 297 best: 1.01397 time: 88475
55 29 4 23 4 24 4 74 39 4 36 4 85 27 4 9 4 33 4 107 11 4 6 4 16 4 79 12 4 36 4 24 4 79 26 4 29 4 18 4 19 4 40 29 4 30 4 28 4 75 38 4 38 4 10 17 4 6 4 73 51 4 50 4 56 4 16 4 70 30 4 21 4 25 36 4 6 4 46 45 4 49 4 40 4 36 4 34 4 85 34 4 33 4 22 4 48 4 86 22 4 33 4 90 28 4 5 4 20 4 24 4 65 26 4 48 4 37 4 22 23 4 48 4 75 35 4 8 4 62 14 20 41 42 4 22 4 41 4 47 56 20 13 30 4 43 4 41 4 69 24 4 36 4 39 4 51 4 57 42 4 37 4 71 8 4 21 4 39 4 93 28 4 32 4 31 49 4 10 4 10 4 67 34 4 29 4 37 4 44 52 4 34 4 29 9 4 7 4 41 11 4 96 26 4 8 4 36 4 41 25 4 43 4 61 18 4 27 4 12 19 4 36 4 20 36 4 52 4 74 9 4 27 4 70 26 4 38 4 84 44 4 7 4 61 12 4 5 4 64 22 4 23 4 26 4 81 25 4 55 4 51 16 4 31 4 44 4 37 55 4 29 4 33 4 57 48 4 29 4 52 4 29 4 34 12 4 34 4 9 4 14 4 34 34 4 17 4 36 4 35 9 4 16 4 29 25 4 47 4 30 4 97 53 4 41 4 55 4 43 46 4 5 4 50 4 1 25 4 46 4 10 4 15 21 16 49 16 92 17 4 1 50 16 44 16 70 25 4 38 4 27 18 4 14 4 9 4 110 46 4 37 4 39 4 23 4 41 22 4 48 4 0 37 4 15 4 53 4 19 4 21 48 4 25 4 50 4 46 13 4 10 4 39 4 33 26 4 43 4 34 4 102 38 4 19 4 40 4 91 41 4 57 4 43 4 26 4 18 17 4 43 4 54 4 46 4 75 24 4 36 4 55 4 45 48 4 25 4 28 4 7 16 4 5 4 18 4 
iteration 322 best: 1.01397 time: 95837
55 29 4 23 4 24 4 74 39 4 36 4 85 27 4 9 4 33 4 107 11 4 6 4 16 4 79 12 4 36 4 24 4 79 26 4 29 4 18 4 19 4 40 29 4 30 4 28 4 75 38 4 38 4 10 17 4 6 4 73 51 4 50 4 56 4 16 4 70 30 4 21 4 25 36 4 6 4 46 45 4 49 4 40 4 36 4 34 4 85 34 4 33 4 22 4 48 4 86 22 4 33 4 90 28 4 5 4 20 4 24 4 65 26 4 48 4 37 4 22 23 4 48 4 75 35 4 8 4 62 14 20 41 42 4 22 4 41 4 47 56 20 13 30 4 43 4 41 4 69 24 4 36 4 39 4 51 4 57 42 4 37 4 71 8 4 21 4 39 4 93 28 4 32 4 31 49 4 10 4 10 4 67 34 4 29 4 37 4 44 52 4 34 4 29 9 4 7 4 41 11 4 96 26 4 8 4 36 4 41 25 4 43 4 61 18 4 27 4 12 19 4 36 4 20 36 4 52 4 74 9 4 27 4 70 26 4 38 4 84 44 4 7 4 61 12 4 5 4 64 22 4 23 4 26 4 81 25 4 55 4 51 16 4 31 4 44 4 37 55 4 29 4 33 4 57 48 4 29 4 52 4 29 4 34 12 4 34 4 9 4 14 4 34 34 4 17 4 36 4 35 9 4 16 4 29 25 4 47 4 30 4 97 53 4 41 4 55 4 43 46 4 5 4 50 4 1 25 4 46 4 10 4 15 21 16 49 16 92 17 4 1 50 16 44 16 70 25 4 38 4 27 18 4 14 4 9 4 110 46 4 37 4 39 4 23 4 41 22 4 48 4 0 37 4 15 4 53 4 19 4 21 48 4 25 4 50 4 46 13 4 10 4 39 4 33 26 4 43 4 34 4 102 38 4 19 4 40 4 91 41 4 57 4 43 4 26 4 18 17 4 43 4 54 4 46 4 75 24 4 36 4 55 4 45 48 4 25 4 28 4 7 16 4 5 4 18 4 
iteration 347 best: 1.01397 time: 103290
55 29 4 23 4 24 4 74 39 4 36 4 85 27 4 9 4 33 4 107 11 4 6 4 16 4 79 12 4 36 4 24 4 79 26 4 29 4 18 4 19 4 40 29 4 30 4 28 4 75 38 4 38 4 10 17 4 6 4 73 51 4 50 4 56 4 16 4 70 30 4 21 4 25 36 4 6 4 46 45 4 49 4 40 4 36 4 34 4 85 34 4 33 4 22 4 48 4 86 22 4 33 4 90 28 4 5 4 20 4 24 4 65 26 4 48 4 37 4 22 23 4 48 4 75 35 4 8 4 62 14 20 41 42 4 22 4 41 4 47 56 20 13 30 4 43 4 41 4 69 24 4 36 4 39 4 51 4 57 42 4 37 4 71 8 4 21 4 39 4 93 28 4 32 4 31 49 4 10 4 10 4 67 34 4 29 4 37 4 44 52 4 34 4 29 9 4 7 4 41 11 4 96 26 4 8 4 36 4 41 25 4 43 4 61 18 4 27 4 12 19 4 36 4 20 36 4 52 4 74 9 4 27 4 70 26 4 38 4 84 44 4 7 4 61 12 4 5 4 64 22 4 23 4 26 4 81 25 4 55 4 51 16 4 31 4 44 4 37 55 4 29 4 33 4 57 48 4 29 4 52 4 29 4 34 12 4 34 4 9 4 14 4 34 34 4 17 4 36 4 35 9 4 16 4 29 25 4 47 4 30 4 97 53 4 41 4 55 4 43 46 4 5 4 50 4 1 25 4 46 4 10 4 15 21 16 49 16 92 17 4 1 50 16 44 16 70 25 4 38 4 27 18 4 14 4 9 4 110 46 4 37 4 39 4 23 4 41 22 4 48 4 0 37 4 15 4 53 4 19 4 21 48 4 25 4 50 4 46 13 4 10 4 39 4 33 26 4 43 4 34 4 102 38 4 19 4 40 4 91 41 4 57 4 43 4 26 4 18 17 4 43 4 54 4 46 4 75 24 4 36 4 55 4 45 48 4 25 4 28 4 7 16 4 5 4 18 4 
iteration 372 best: 1.01397 time: 110665
55 29 4 23 4 24 4 74 39 4 36 4 85 27 4 9 4 33 4 107 11 4 6 4 16 4 79 12 4 36 4 24 4 79 26 4 29 4 18 4 19 4 40 29 4 30 4 28 4 75 38 4 38 4 10 17 4 6 4 73 51 4 50 4 56 4 16 4 70 30 4 21 4 25 36 4 6 4 46 45 4 49 4 40 4 36 4 34 4 85 34 4 33 4 22 4 48 4 86 22 4 33 4 90 28 4 5 4 20 4 24 4 65 26 4 48 4 37 4 22 23 4 48 4 75 35 4 8 4 62 14 20 41 42 4 22 4 41 4 47 56 20 13 30 4 43 4 41 4 69 24 4 36 4 39 4 51 4 57 42 4 37 4 71 8 4 21 4 39 4 93 28 4 32 4 31 49 4 10 4 10 4 67 34 4 29 4 37 4 44 52 4 34 4 29 9 4 7 4 41 11 4 96 26 4 8 4 36 4 41 25 4 43 4 61 18 4 27 4 12 19 4 36 4 20 36 4 52 4 74 9 4 27 4 70 26 4 38 4 84 44 4 7 4 61 12 4 5 4 64 22 4 23 4 26 4 81 25 4 55 4 51 16 4 31 4 44 4 37 55 4 29 4 33 4 57 48 4 29 4 52 4 29 4 34 12 4 34 4 9 4 14 4 34 34 4 17 4 36 4 35 9 4 16 4 29 25 4 47 4 30 4 97 53 4 41 4 55 4 43 46 4 5 4 50 4 1 25 4 46 4 10 4 15 21 16 49 16 92 17 4 1 50 16 44 16 70 25 4 38 4 27 18 4 14 4 9 4 110 46 4 37 4 39 4 23 4 41 22 4 48 4 0 37 4 15 4 53 4 19 4 21 48 4 25 4 50 4 46 13 4 10 4 39 4 33 26 4 43 4 34 4 102 38 4 19 4 40 4 91 41 4 57 4 43 4 26 4 18 17 4 43 4 54 4 46 4 75 24 4 36 4 55 4 45 48 4 25 4 28 4 7 16 4 5 4 18 4 
iteration 397 best: 1.01397 time: 118040
55 29 4 23 4 24 4 74 39 4 36 4 85 27 4 9 4 33 4 107 11 4 6 4 16 4 79 12 4 36 4 24 4 79 26 4 29 4 18 4 19 4 40 29 4 30 4 28 4 75 38 4 38 4 10 17 4 6 4 73 51 4 50 4 56 4 16 4 70 30 4 21 4 25 36 4 6 4 46 45 4 49 4 40 4 36 4 34 4 85 34 4 33 4 22 4 48 4 86 22 4 33 4 90 28 4 5 4 20 4 24 4 65 26 4 48 4 37 4 22 23 4 48 4 75 35 4 8 4 62 14 20 41 42 4 22 4 41 4 47 56 20 13 30 4 43 4 41 4 69 24 4 36 4 39 4 51 4 57 42 4 37 4 71 8 4 21 4 39 4 93 28 4 32 4 31 49 4 10 4 10 4 67 34 4 29 4 37 4 44 52 4 34 4 29 9 4 7 4 41 11 4 96 26 4 8 4 36 4 41 25 4 43 4 61 18 4 27 4 12 19 4 36 4 20 36 4 52 4 74 9 4 27 4 70 26 4 38 4 84 44 4 7 4 61 12 4 5 4 64 22 4 23 4 26 4 81 25 4 55 4 51 16 4 31 4 44 4 37 55 4 29 4 33 4 57 48 4 29 4 52 4 29 4 34 12 4 34 4 9 4 14 4 34 34 4 17 4 36 4 35 9 4 16 4 29 25 4 47 4 30 4 97 53 4 41 4 55 4 43 46 4 5 4 50 4 1 25 4 46 4 10 4 15 21 16 49 16 92 17 4 1 50 16 44 16 70 25 4 38 4 27 18 4 14 4 9 4 110 46 4 37 4 39 4 23 4 41 22 4 48 4 0 37 4 15 4 53 4 19 4 21 48 4 25 4 50 4 46 13 4 10 4 39 4 33 26 4 43 4 34 4 102 38 4 19 4 40 4 91 41 4 57 4 43 4 26 4 18 17 4 43 4 54 4 46 4 75 24 4 36 4 55 4 45 48 4 25 4 28 4 7 16 4 5 4 18 4 
iteration 422 best: 1.01397 time: 125448
55 29 4 23 4 24 4 74 39 4 36 4 85 27 4 9 4 33 4 107 11 4 6 4 16 4 79 12 4 36 4 24 4 79 26 4 29 4 18 4 19 4 40 29 4 30 4 28 4 75 38 4 38 4 10 17 4 6 4 73 51 4 50 4 56 4 16 4 70 30 4 21 4 25 36 4 6 4 46 45 4 49 4 40 4 36 4 34 4 85 34 4 33 4 22 4 48 4 86 22 4 33 4 90 28 4 5 4 20 4 24 4 65 26 4 48 4 37 4 22 23 4 48 4 75 35 4 8 4 62 14 20 41 42 4 22 4 41 4 47 56 20 13 30 4 43 4 41 4 69 24 4 36 4 39 4 51 4 57 42 4 37 4 71 8 4 21 4 39 4 93 28 4 32 4 31 49 4 10 4 10 4 67 34 4 29 4 37 4 44 52 4 34 4 29 9 4 7 4 41 11 4 96 26 4 8 4 36 4 41 25 4 43 4 61 18 4 27 4 12 19 4 36 4 20 36 4 52 4 74 9 4 27 4 70 26 4 38 4 84 44 4 7 4 61 12 4 5 4 64 22 4 23 4 26 4 81 25 4 55 4 51 16 4 31 4 44 4 37 55 4 29 4 33 4 57 48 4 29 4 52 4 29 4 34 12 4 34 4 9 4 14 4 34 34 4 17 4 36 4 35 9 4 16 4 29 25 4 47 4 30 4 97 53 4 41 4 55 4 43 46 4 5 4 50 4 1 25 4 46 4 10 4 15 21 16 49 16 92 17 4 1 50 16 44 16 70 25 4 38 4 27 18 4 14 4 9 4 110 46 4 37 4 39 4 23 4 41 22 4 48 4 0 37 4 15 4 53 4 19 4 21 48 4 25 4 50 4 46 13 4 10 4 39 4 33 26 4 43 4 34 4 102 38 4 19 4 40 4 91 41 4 57 4 43 4 26 4 18 17 4 43 4 54 4 46 4 75 24 4 36 4 55 4 45 48 4 25 4 28 4 7 16 4 5 4 18 4 
iteration 447 best: 1.01397 time: 132838
55 29 4 23 4 24 4 74 39 4 36 4 85 27 4 9 4 33 4 107 11 4 6 4 16 4 79 12 4 36 4 24 4 79 26 4 29 4 18 4 19 4 40 29 4 30 4 28 4 75 38 4 38 4 10 17 4 6 4 73 51 4 50 4 56 4 16 4 70 30 4 21 4 25 36 4 6 4 46 45 4 49 4 40 4 36 4 34 4 85 34 4 33 4 22 4 48 4 86 22 4 33 4 90 28 4 5 4 20 4 24 4 65 26 4 48 4 37 4 22 23 4 48 4 75 35 4 8 4 62 14 20 41 42 4 22 4 41 4 47 56 20 13 30 4 43 4 41 4 69 24 4 36 4 39 4 51 4 57 42 4 37 4 71 8 4 21 4 39 4 93 28 4 32 4 31 49 4 10 4 10 4 67 34 4 29 4 37 4 44 52 4 34 4 29 9 4 7 4 41 11 4 96 26 4 8 4 36 4 41 25 4 43 4 61 18 4 27 4 12 19 4 36 4 20 36 4 52 4 74 9 4 27 4 70 26 4 38 4 84 44 4 7 4 61 12 4 5 4 64 22 4 23 4 26 4 81 25 4 55 4 51 16 4 31 4 44 4 37 55 4 29 4 33 4 57 48 4 29 4 52 4 29 4 34 12 4 34 4 9 4 14 4 34 34 4 17 4 36 4 35 9 4 16 4 29 25 4 47 4 30 4 97 53 4 41 4 55 4 43 46 4 5 4 50 4 1 25 4 46 4 10 4 15 21 16 49 16 92 17 4 1 50 16 44 16 70 25 4 38 4 27 18 4 14 4 9 4 110 46 4 37 4 39 4 23 4 41 22 4 48 4 0 37 4 15 4 53 4 19 4 21 48 4 25 4 50 4 46 13 4 10 4 39 4 33 26 4 43 4 34 4 102 38 4 19 4 40 4 91 41 4 57 4 43 4 26 4 18 17 4 43 4 54 4 46 4 75 24 4 36 4 55 4 45 48 4 25 4 28 4 7 16 4 5 4 18 4 
iteration 472 best: 1.01397 time: 140223
55 29 4 23 4 24 4 74 39 4 36 4 85 27 4 9 4 33 4 107 11 4 6 4 16 4 79 12 4 36 4 24 4 79 26 4 29 4 18 4 19 4 40 29 4 30 4 28 4 75 38 4 38 4 10 17 4 6 4 73 51 4 50 4 56 4 16 4 70 30 4 21 4 25 36 4 6 4 46 45 4 49 4 40 4 36 4 34 4 85 34 4 33 4 22 4 48 4 86 22 4 33 4 90 28 4 5 4 20 4 24 4 65 26 4 48 4 37 4 22 23 4 48 4 75 35 4 8 4 62 14 20 41 42 4 22 4 41 4 47 56 20 13 30 4 43 4 41 4 69 24 4 36 4 39 4 51 4 57 42 4 37 4 71 8 4 21 4 39 4 93 28 4 32 4 31 49 4 10 4 10 4 67 34 4 29 4 37 4 44 52 4 34 4 29 9 4 7 4 41 11 4 96 26 4 8 4 36 4 41 25 4 43 4 61 18 4 27 4 12 19 4 36 4 20 36 4 52 4 74 9 4 27 4 70 26 4 38 4 84 44 4 7 4 61 12 4 5 4 64 22 4 23 4 26 4 81 25 4 55 4 51 16 4 31 4 44 4 37 55 4 29 4 33 4 57 48 4 29 4 52 4 29 4 34 12 4 34 4 9 4 14 4 34 34 4 17 4 36 4 35 9 4 16 4 29 25 4 47 4 30 4 97 53 4 41 4 55 4 43 46 4 5 4 50 4 1 25 4 46 4 10 4 15 21 16 49 16 92 17 4 1 50 16 44 16 70 25 4 38 4 27 18 4 14 4 9 4 110 46 4 37 4 39 4 23 4 41 22 4 48 4 0 37 4 15 4 53 4 19 4 21 48 4 25 4 50 4 46 13 4 10 4 39 4 33 26 4 43 4 34 4 102 38 4 19 4 40 4 91 41 4 57 4 43 4 26 4 18 17 4 43 4 54 4 46 4 75 24 4 36 4 55 4 45 48 4 25 4 28 4 7 16 4 5 4 18 4 
iteration 497 best: 1.01397 time: 147607
55 29 4 23 4 24 4 74 39 4 36 4 85 27 4 9 4 33 4 107 11 4 6 4 16 4 79 12 4 36 4 24 4 79 26 4 29 4 18 4 19 4 40 29 4 30 4 28 4 75 38 4 38 4 10 17 4 6 4 73 51 4 50 4 56 4 16 4 70 30 4 21 4 25 36 4 6 4 46 45 4 49 4 40 4 36 4 34 4 85 34 4 33 4 22 4 48 4 86 22 4 33 4 90 28 4 5 4 20 4 24 4 65 26 4 48 4 37 4 22 23 4 48 4 75 35 4 8 4 62 14 20 41 42 4 22 4 41 4 47 56 20 13 30 4 43 4 41 4 69 24 4 36 4 39 4 51 4 57 42 4 37 4 71 8 4 21 4 39 4 93 28 4 32 4 31 49 4 10 4 10 4 67 34 4 29 4 37 4 44 52 4 34 4 29 9 4 7 4 41 11 4 96 26 4 8 4 36 4 41 25 4 43 4 61 18 4 27 4 12 19 4 36 4 20 36 4 52 4 74 9 4 27 4 70 26 4 38 4 84 44 4 7 4 61 12 4 5 4 64 22 4 23 4 26 4 81 25 4 55 4 51 16 4 31 4 44 4 37 55 4 29 4 33 4 57 48 4 29 4 52 4 29 4 34 12 4 34 4 9 4 14 4 34 34 4 17 4 36 4 35 9 4 16 4 29 25 4 47 4 30 4 97 53 4 41 4 55 4 43 46 4 5 4 50 4 1 25 4 46 4 10 4 15 21 16 49 16 92 17 4 1 50 16 44 16 70 25 4 38 4 27 18 4 14 4 9 4 110 46 4 37 4 39 4 23 4 41 22 4 48 4 0 37 4 15 4 53 4 19 4 21 48 4 25 4 50 4 46 13 4 10 4 39 4 33 26 4 43 4 34 4 102 38 4 19 4 40 4 91 41 4 57 4 43 4 26 4 18 17 4 43 4 54 4 46 4 75 24 4 36 4 55 4 45 48 4 25 4 28 4 7 16 4 5 4 18 4 
iteration 522 best: 1.01397 time: 154971
55 29 4 23 4 24 4 74 39 4 36 4 85 27 4 9 4 33 4 107 11 4 6 4 16 4 79 12 4 36 4 24 4 79 26 4 29 4 18 4 19 4 40 29 4 30 4 28 4 75 38 4 38 4 10 17 4 6 4 73 51 4 50 4 56 4 16 4 70 30 4 21 4 25 36 4 6 4 46 45 4 49 4 40 4 36 4 34 4 85 34 4 33 4 22 4 48 4 86 22 4 33 4 90 28 4 5 4 20 4 24 4 65 26 4 48 4 37 4 22 23 4 48 4 75 35 4 8 4 62 14 20 41 42 4 22 4 41 4 47 56 20 13 30 4 43 4 41 4 69 24 4 36 4 39 4 51 4 57 42 4 37 4 71 8 4 21 4 39 4 93 28 4 32 4 31 49 4 10 4 10 4 67 34 4 29 4 37 4 44 52 4 34 4 29 9 4 7 4 41 11 4 96 26 4 8 4 36 4 41 25 4 43 4 61 18 4 27 4 12 19 4 36 4 20 36 4 52 4 74 9 4 27 4 70 26 4 38 4 84 44 4 7 4 61 12 4 5 4 64 22 4 23 4 26 4 81 25 4 55 4 51 16 4 31 4 44 4 37 55 4 29 4 33 4 57 48 4 29 4 52 4 29 4 34 12 4 34 4 9 4 14 4 34 34 4 17 4 36 4 35 9 4 16 4 29 25 4 47 4 30 4 97 53 4 41 4 55 4 43 46 4 5 4 50 4 1 25 4 46 4 10 4 15 21 16 49 16 92 17 4 1 50 16 44 16 70 25 4 38 4 27 18 4 14 4 9 4 110 46 4 37 4 39 4 23 4 41 22 4 48 4 0 37 4 15 4 53 4 19 4 21 48 4 25 4 50 4 46 13 4 10 4 39 4 33 26 4 43 4 34 4 102 38 4 19 4 40 4 91 41 4 57 4 43 4 26 4 18 17 4 43 4 54 4 46 4 75 24 4 36 4 55 4 45 48 4 25 4 28 4 7 16 4 5 4 18 4 
iteration 547 best: 1.01397 time: 162334
55 29 4 23 4 24 4 74 39 4 36 4 85 27 4 9 4 33 4 107 11 4 6 4 16 4 79 12 4 36 4 24 4 79 26 4 29 4 18 4 19 4 40 29 4 30 4 28 4 75 38 4 38 4 10 17 4 6 4 73 51 4 50 4 56 4 16 4 70 30 4 21 4 25 36 4 6 4 46 45 4 49 4 40 4 36 4 34 4 85 34 4 33 4 22 4 48 4 86 22 4 33 4 90 28 4 5 4 20 4 24 4 65 26 4 48 4 37 4 22 23 4 48 4 75 35 4 8 4 62 14 20 41 42 4 22 4 41 4 47 56 20 13 30 4 43 4 41 4 69 24 4 36 4 39 4 51 4 57 42 4 37 4 71 8 4 21 4 39 4 93 28 4 32 4 31 49 4 10 4 10 4 67 34 4 29 4 37 4 44 52 4 34 4 29 9 4 7 4 41 11 4 96 26 4 8 4 36 4 41 25 4 43 4 61 18 4 27 4 12 19 4 36 4 20 36 4 52 4 74 9 4 27 4 70 26 4 38 4 84 44 4 7 4 61 12 4 5 4 64 22 4 23 4 26 4 81 25 4 55 4 51 16 4 31 4 44 4 37 55 4 29 4 33 4 57 48 4 29 4 52 4 29 4 34 12 4 34 4 9 4 14 4 34 34 4 17 4 36 4 35 9 4 16 4 29 25 4 47 4 30 4 97 53 4 41 4 55 4 43 46 4 5 4 50 4 1 25 4 46 4 10 4 15 21 16 49 16 92 17 4 1 50 16 44 16 70 25 4 38 4 27 18 4 14 4 9 4 110 46 4 37 4 39 4 23 4 41 22 4 48 4 0 37 4 15 4 53 4 19 4 21 48 4 25 4 50 4 46 13 4 10 4 39 4 33 26 4 43 4 34 4 102 38 4 19 4 40 4 91 41 4 57 4 43 4 26 4 18 17 4 43 4 54 4 46 4 75 24 4 36 4 55 4 45 48 4 25 4 28 4 7 16 4 5 4 18 4 
iteration 572 best: 1.01397 time: 169712
55 29 4 23 4 24 4 74 39 4 36 4 85 27 4 9 4 33 4 107 11 4 6 4 16 4 79 12 4 36 4 24 4 79 26 4 29 4 18 4 19 4 40 29 4 30 4 28 4 75 38 4 38 4 10 17 4 6 4 73 51 4 50 4 56 4 16 4 70 30 4 21 4 25 36 4 6 4 46 45 4 49 4 40 4 36 4 34 4 85 34 4 33 4 22 4 48 4 86 22 4 33 4 90 28 4 5 4 20 4 24 4 65 26 4 48 4 37 4 22 23 4 48 4 75 35 4 8 4 62 14 20 41 42 4 22 4 41 4 47 56 20 13 30 4 43 4 41 4 69 24 4 36 4 39 4 51 4 57 42 4 37 4 71 8 4 21 4 39 4 93 28 4 32 4 31 49 4 10 4 10 4 67 34 4 29 4 37 4 44 52 4 34 4 29 9 4 7 4 41 11 4 96 26 4 8 4 36 4 41 25 4 43 4 61 18 4 27 4 12 19 4 36 4 20 36 4 52 4 74 9 4 27 4 70 26 4 38 4 84 44 4 7 4 61 12 4 5 4 64 22 4 23 4 26 4 81 25 4 55 4 51 16 4 31 4 44 4 37 55 4 29 4 33 4 57 48 4 29 4 52 4 29 4 34 12 4 34 4 9 4 14 4 34 34 4 17 4 36 4 35 9 4 16 4 29 25 4 47 4 30 4 97 53 4 41 4 55 4 43 46 4 5 4 50 4 1 25 4 46 4 10 4 15 21 16 49 16 92 17 4 1 50 16 44 16 70 25 4 38 4 27 18 4 14 4 9 4 110 46 4 37 4 39 4 23 4 41 22 4 48 4 0 37 4 15 4 53 4 19 4 21 48 4 25 4 50 4 46 13 4 10 4 39 4 33 26 4 43 4 34 4 102 38 4 19 4 40 4 91 41 4 57 4 43 4 26 4 18 17 4 43 4 54 4 46 4 75 24 4 36 4 55 4 45 48 4 25 4 28 4 7 16 4 5 4 18 4 
iteration 597 best: 1.01397 time: 177104
55 29 4 23 4 24 4 74 39 4 36 4 85 27 4 9 4 33 4 107 11 4 6 4 16 4 79 12 4 36 4 24 4 79 26 4 29 4 18 4 19 4 40 29 4 30 4 28 4 75 38 4 38 4 10 17 4 6 4 73 51 4 50 4 56 4 16 4 70 30 4 21 4 25 36 4 6 4 46 45 4 49 4 40 4 36 4 34 4 85 34 4 33 4 22 4 48 4 86 22 4 33 4 90 28 4 5 4 20 4 24 4 65 26 4 48 4 37 4 22 23 4 48 4 75 35 4 8 4 62 14 20 41 42 4 22 4 41 4 47 56 20 13 30 4 43 4 41 4 69 24 4 36 4 39 4 51 4 57 42 4 37 4 71 8 4 21 4 39 4 93 28 4 32 4 31 49 4 10 4 10 4 67 34 4 29 4 37 4 44 52 4 34 4 29 9 4 7 4 41 11 4 96 26 4 8 4 36 4 41 25 4 43 4 61 18 4 27 4 12 19 4 36 4 20 36 4 52 4 74 9 4 27 4 70 26 4 38 4 84 44 4 7 4 61 12 4 5 4 64 22 4 23 4 26 4 81 25 4 55 4 51 16 4 31 4 44 4 37 55 4 29 4 33 4 57 48 4 29 4 52 4 29 4 34 12 4 34 4 9 4 14 4 34 34 4 17 4 36 4 35 9 4 16 4 29 25 4 47 4 30 4 97 53 4 41 4 55 4 43 46 4 5 4 50 4 1 25 4 46 4 10 4 15 21 16 49 16 92 17 4 1 50 16 44 16 70 25 4 38 4 27 18 4 14 4 9 4 110 46 4 37 4 39 4 23 4 41 22 4 48 4 0 37 4 15 4 53 4 19 4 21 48 4 25 4 50 4 46 13 4 10 4 39 4 33 26 4 43 4 34 4 102 38 4 19 4 40 4 91 41 4 57 4 43 4 26 4 18 17 4 43 4 54 4 46 4 75 24 4 36 4 55 4 45 48 4 25 4 28 4 7 16 4 5 4 18 4 
iteration 622 best: 1.01397 time: 184460
55 29 4 23 4 24 4 74 39 4 36 4 85 27 4 9 4 33 4 107 11 4 6 4 16 4 79 12 4 36 4 24 4 79 26 4 29 4 18 4 19 4 40 29 4 30 4 28 4 75 38 4 38 4 10 17 4 6 4 73 51 4 50 4 56 4 16 4 70 30 4 21 4 25 36 4 6 4 46 45 4 49 4 40 4 36 4 34 4 85 34 4 33 4 22 4 48 4 86 22 4 33 4 90 28 4 5 4 20 4 24 4 65 26 4 48 4 37 4 22 23 4 48 4 75 35 4 8 4 62 14 20 41 42 4 22 4 41 4 47 56 20 13 30 4 43 4 41 4 69 24 4 36 4 39 4 51 4 57 42 4 37 4 71 8 4 21 4 39 4 93 28 4 32 4 31 49 4 10 4 10 4 67 34 4 29 4 37 4 44 52 4 34 4 29 9 4 7 4 41 11 4 96 26 4 8 4 36 4 41 25 4 43 4 61 18 4 27 4 12 19 4 36 4 20 36 4 52 4 74 9 4 27 4 70 26 4 38 4 84 44 4 7 4 61 12 4 5 4 64 22 4 23 4 26 4 81 25 4 55 4 51 16 4 31 4 44 4 37 55 4 29 4 33 4 57 48 4 29 4 52 4 29 4 34 12 4 34 4 9 4 14 4 34 34 4 17 4 36 4 35 9 4 16 4 29 25 4 47 4 30 4 97 53 4 41 4 55 4 43 46 4 5 4 50 4 1 25 4 46 4 10 4 15 21 16 49 16 92 17 4 1 50 16 44 16 70 25 4 38 4 27 18 4 14 4 9 4 110 46 4 37 4 39 4 23 4 41 22 4 48 4 0 37 4 15 4 53 4 19 4 21 48 4 25 4 50 4 46 13 4 10 4 39 4 33 26 4 43 4 34 4 102 38 4 19 4 40 4 91 41 4 57 4 43 4 26 4 18 17 4 43 4 54 4 46 4 75 24 4 36 4 55 4 45 48 4 25 4 28 4 7 16 4 5 4 18 4 
iteration 647 best: 1.01397 time: 191826
55 29 4 23 4 24 4 74 39 4 36 4 85 27 4 9 4 33 4 107 11 4 6 4 16 4 79 12 4 36 4 24 4 79 26 4 29 4 18 4 19 4 40 29 4 30 4 28 4 75 38 4 38 4 10 17 4 6 4 73 51 4 50 4 56 4 16 4 70 30 4 21 4 25 36 4 6 4 46 45 4 49 4 40 4 36 4 34 4 85 34 4 33 4 22 4 48 4 86 22 4 33 4 90 28 4 5 4 20 4 24 4 65 26 4 48 4 37 4 22 23 4 48 4 75 35 4 8 4 62 14 20 41 42 4 22 4 41 4 47 56 20 13 30 4 43 4 41 4 69 24 4 36 4 39 4 51 4 57 42 4 37 4 71 8 4 21 4 39 4 93 28 4 32 4 31 49 4 10 4 10 4 67 34 4 29 4 37 4 44 52 4 34 4 29 9 4 7 4 41 11 4 96 26 4 8 4 36 4 41 25 4 43 4 61 18 4 27 4 12 19 4 36 4 20 36 4 52 4 74 9 4 27 4 70 26 4 38 4 84 44 4 7 4 61 12 4 5 4 64 22 4 23 4 26 4 81 25 4 55 4 51 16 4 31 4 44 4 37 55 4 29 4 33 4 57 48 4 29 4 52 4 29 4 34 12 4 34 4 9 4 14 4 34 34 4 17 4 36 4 35 9 4 16 4 29 25 4 47 4 30 4 97 53 4 41 4 55 4 43 46 4 5 4 50 4 1 25 4 46 4 10 4 15 21 16 49 16 92 17 4 1 50 16 44 16 70 25 4 38 4 27 18 4 14 4 9 4 110 46 4 37 4 39 4 23 4 41 22 4 48 4 0 37 4 15 4 53 4 19 4 21 48 4 25 4 50 4 46 13 4 10 4 39 4 33 26 4 43 4 34 4 102 38 4 19 4 40 4 91 41 4 57 4 43 4 26 4 18 17 4 43 4 54 4 46 4 75 24 4 36 4 55 4 45 48 4 25 4 28 4 7 16 4 5 4 18 4 
iteration 672 best: 1.01397 time: 199219
55 29 4 23 4 24 4 74 39 4 36 4 85 27 4 9 4 33 4 107 11 4 6 4 16 4 79 12 4 36 4 24 4 79 26 4 29 4 18 4 19 4 40 29 4 30 4 28 4 75 38 4 38 4 10 17 4 6 4 73 51 4 50 4 56 4 16 4 70 30 4 21 4 25 36 4 6 4 46 45 4 49 4 40 4 36 4 34 4 85 34 4 33 4 22 4 48 4 86 22 4 33 4 90 28 4 5 4 20 4 24 4 65 26 4 48 4 37 4 22 23 4 48 4 75 35 4 8 4 62 14 20 41 42 4 22 4 41 4 47 56 20 13 30 4 43 4 41 4 69 24 4 36 4 39 4 51 4 57 42 4 37 4 71 8 4 21 4 39 4 93 28 4 32 4 31 49 4 10 4 10 4 67 34 4 29 4 37 4 44 52 4 34 4 29 9 4 7 4 41 11 4 96 26 4 8 4 36 4 41 25 4 43 4 61 18 4 27 4 12 19 4 36 4 20 36 4 52 4 74 9 4 27 4 70 26 4 38 4 84 44 4 7 4 61 12 4 5 4 64 22 4 23 4 26 4 81 25 4 55 4 51 16 4 31 4 44 4 37 55 4 29 4 33 4 57 48 4 29 4 52 4 29 4 34 12 4 34 4 9 4 14 4 34 34 4 17 4 36 4 35 9 4 16 4 29 25 4 47 4 30 4 97 53 4 41 4 55 4 43 46 4 5 4 50 4 1 25 4 46 4 10 4 15 21 16 49 16 92 17 4 1 50 16 44 16 70 25 4 38 4 27 18 4 14 4 9 4 110 46 4 37 4 39 4 23 4 41 22 4 48 4 0 37 4 15 4 53 4 19 4 21 48 4 25 4 50 4 46 13 4 10 4 39 4 33 26 4 43 4 34 4 102 38 4 19 4 40 4 91 41 4 57 4 43 4 26 4 18 17 4 43 4 54 4 46 4 75 24 4 36 4 55 4 45 48 4 25 4 28 4 7 16 4 5 4 18 4 
iteration 697 best: 1.01397 time: 206587
55 29 4 23 4 24 4 74 39 4 36 4 85 27 4 9 4 33 4 107 11 4 6 4 16 4 79 12 4 36 4 24 4 79 26 4 29 4 18 4 19 4 40 29 4 30 4 28 4 75 38 4 38 4 10 17 4 6 4 73 51 4 50 4 56 4 16 4 70 30 4 21 4 25 36 4 6 4 46 45 4 49 4 40 4 36 4 34 4 85 34 4 33 4 22 4 48 4 86 22 4 33 4 90 28 4 5 4 20 4 24 4 65 26 4 48 4 37 4 22 23 4 48 4 75 35 4 8 4 62 14 20 41 42 4 22 4 41 4 47 56 20 13 30 4 43 4 41 4 69 24 4 36 4 39 4 51 4 57 42 4 37 4 71 8 4 21 4 39 4 93 28 4 32 4 31 49 4 10 4 10 4 67 34 4 29 4 37 4 44 52 4 34 4 29 9 4 7 4 41 11 4 96 26 4 8 4 36 4 41 25 4 43 4 61 18 4 27 4 12 19 4 36 4 20 36 4 52 4 74 9 4 27 4 70 26 4 38 4 84 44 4 7 4 61 12 4 5 4 64 22 4 23 4 26 4 81 25 4 55 4 51 16 4 31 4 44 4 37 55 4 29 4 33 4 57 48 4 29 4 52 4 29 4 34 12 4 34 4 9 4 14 4 34 34 4 17 4 36 4 35 9 4 16 4 29 25 4 47 4 30 4 97 53 4 41 4 55 4 43 46 4 5 4 50 4 1 25 4 46 4 10 4 15 21 16 49 16 92 17 4 1 50 16 44 16 70 25 4 38 4 27 18 4 14 4 9 4 110 46 4 37 4 39 4 23 4 41 22 4 48 4 0 37 4 15 4 53 4 19 4 21 48 4 25 4 50 4 46 13 4 10 4 39 4 33 26 4 43 4 34 4 102 38 4 19 4 40 4 91 41 4 57 4 43 4 26 4 18 17 4 43 4 54 4 46 4 75 24 4 36 4 55 4 45 48 4 25 4 28 4 7 16 4 5 4 18 4 
iteration 722 best: 1.01397 time: 213955
55 29 4 23 4 24 4 74 39 4 36 4 85 27 4 9 4 33 4 107 11 4 6 4 16 4 79 12 4 36 4 24 4 79 26 4 29 4 18 4 19 4 40 29 4 30 4 28 4 75 38 4 38 4 10 17 4 6 4 73 51 4 50 4 56 4 16 4 70 30 4 21 4 25 36 4 6 4 46 45 4 49 4 40 4 36 4 34 4 85 34 4 33 4 22 4 48 4 86 22 4 33 4 90 28 4 5 4 20 4 24 4 65 26 4 48 4 37 4 22 23 4 48 4 75 35 4 8 4 62 14 20 41 42 4 22 4 41 4 47 56 20 13 30 4 43 4 41 4 69 24 4 36 4 39 4 51 4 57 42 4 37 4 71 8 4 21 4 39 4 93 28 4 32 4 31 49 4 10 4 10 4 67 34 4 29 4 37 4 44 52 4 34 4 29 9 4 7 4 41 11 4 96 26 4 8 4 36 4 41 25 4 43 4 61 18 4 27 4 12 19 4 36 4 20 36 4 52 4 74 9 4 27 4 70 26 4 38 4 84 44 4 7 4 61 12 4 5 4 64 22 4 23 4 26 4 81 25 4 55 4 51 16 4 31 4 44 4 37 55 4 29 4 33 4 57 48 4 29 4 52 4 29 4 34 12 4 34 4 9 4 14 4 34 34 4 17 4 36 4 35 9 4 16 4 29 25 4 47 4 30 4 97 53 4 41 4 55 4 43 46 4 5 4 50 4 1 25 4 46 4 10 4 15 21 16 49 16 92 17 4 1 50 16 44 16 70 25 4 38 4 27 18 4 14 4 9 4 110 46 4 37 4 39 4 23 4 41 22 4 48 4 0 37 4 15 4 53 4 19 4 21 48 4 25 4 50 4 46 13 4 10 4 39 4 33 26 4 43 4 34 4 102 38 4 19 4 40 4 91 41 4 57 4 43 4 26 4 18 17 4 43 4 54 4 46 4 75 24 4 36 4 55 4 45 48 4 25 4 28 4 7 16 4 5 4 18 4 
iteration 747 best: 1.01397 time: 221368
55 29 4 23 4 24 4 74 39 4 36 4 85 27 4 9 4 33 4 107 11 4 6 4 16 4 79 12 4 36 4 24 4 79 26 4 29 4 18 4 19 4 40 29 4 30 4 28 4 75 38 4 38 4 10 17 4 6 4 73 51 4 50 4 56 4 16 4 70 30 4 21 4 25 36 4 6 4 46 45 4 49 4 40 4 36 4 34 4 85 34 4 33 4 22 4 48 4 86 22 4 33 4 90 28 4 5 4 20 4 24 4 65 26 4 48 4 37 4 22 23 4 48 4 75 35 4 8 4 62 14 20 41 42 4 22 4 41 4 47 56 20 13 30 4 43 4 41 4 69 24 4 36 4 39 4 51 4 57 42 4 37 4 71 8 4 21 4 39 4 93 28 4 32 4 31 49 4 10 4 10 4 67 34 4 29 4 37 4 44 52 4 34 4 29 9 4 7 4 41 11 4 96 26 4 8 4 36 4 41 25 4 43 4 61 18 4 27 4 12 19 4 36 4 20 36 4 52 4 74 9 4 27 4 70 26 4 38 4 84 44 4 7 4 61 12 4 5 4 64 22 4 23 4 26 4 81 25 4 55 4 51 16 4 31 4 44 4 37 55 4 29 4 33 4 57 48 4 29 4 52 4 29 4 34 12 4 34 4 9 4 14 4 34 34 4 17 4 36 4 35 9 4 16 4 29 25 4 47 4 30 4 97 53 4 41 4 55 4 43 46 4 5 4 50 4 1 25 4 46 4 10 4 15 21 16 49 16 92 17 4 1 50 16 44 16 70 25 4 38 4 27 18 4 14 4 9 4 110 46 4 37 4 39 4 23 4 41 22 4 48 4 0 37 4 15 4 53 4 19 4 21 48 4 25 4 50 4 46 13 4 10 4 39 4 33 26 4 43 4 34 4 102 38 4 19 4 40 4 91 41 4 57 4 43 4 26 4 18 17 4 43 4 54 4 46 4 75 24 4 36 4 55 4 45 48 4 25 4 28 4 7 16 4 5 4 18 4 
iteration 772 best: 1.01397 time: 228785
55 29 4 23 4 24 4 74 39 4 36 4 85 27 4 9 4 33 4 107 11 4 6 4 16 4 79 12 4 36 4 24 4 79 26 4 29 4 18 4 19 4 40 29 4 30 4 28 4 75 38 4 38 4 10 17 4 6 4 73 51 4 50 4 56 4 16 4 70 30 4 21 4 25 36 4 6 4 46 45 4 49 4 40 4 36 4 34 4 85 34 4 33 4 22 4 48 4 86 22 4 33 4 90 28 4 5 4 20 4 24 4 65 26 4 48 4 37 4 22 23 4 48 4 75 35 4 8 4 62 14 20 41 42 4 22 4 41 4 47 56 20 13 30 4 43 4 41 4 69 24 4 36 4 39 4 51 4 57 42 4 37 4 71 8 4 21 4 39 4 93 28 4 32 4 31 49 4 10 4 10 4 67 34 4 29 4 37 4 44 52 4 34 4 29 9 4 7 4 41 11 4 96 26 4 8 4 36 4 41 25 4 43 4 61 18 4 27 4 12 19 4 36 4 20 36 4 52 4 74 9 4 27 4 70 26 4 38 4 84 44 4 7 4 61 12 4 5 4 64 22 4 23 4 26 4 81 25 4 55 4 51 16 4 31 4 44 4 37 55 4 29 4 33 4 57 48 4 29 4 52 4 29 4 34 12 4 34 4 9 4 14 4 34 34 4 17 4 36 4 35 9 4 16 4 29 25 4 47 4 30 4 97 53 4 41 4 55 4 43 46 4 5 4 50 4 1 25 4 46 4 10 4 15 21 16 49 16 92 17 4 1 50 16 44 16 70 25 4 38 4 27 18 4 14 4 9 4 110 46 4 37 4 39 4 23 4 41 22 4 48 4 0 37 4 15 4 53 4 19 4 21 48 4 25 4 50 4 46 13 4 10 4 39 4 33 26 4 43 4 34 4 102 38 4 19 4 40 4 91 41 4 57 4 43 4 26 4 18 17 4 43 4 54 4 46 4 75 24 4 36 4 55 4 45 48 4 25 4 28 4 7 16 4 5 4 18 4 
iteration 797 best: 1.01397 time: 236202
55 29 4 23 4 24 4 74 39 4 36 4 85 27 4 9 4 33 4 107 11 4 6 4 16 4 79 12 4 36 4 24 4 79 26 4 29 4 18 4 19 4 40 29 4 30 4 28 4 75 38 4 38 4 10 17 4 6 4 73 51 4 50 4 56 4 16 4 70 30 4 21 4 25 36 4 6 4 46 45 4 49 4 40 4 36 4 34 4 85 34 4 33 4 22 4 48 4 86 22 4 33 4 90 28 4 5 4 20 4 24 4 65 26 4 48 4 37 4 22 23 4 48 4 75 35 4 8 4 62 14 20 41 42 4 22 4 41 4 47 56 20 13 30 4 43 4 41 4 69 24 4 36 4 39 4 51 4 57 42 4 37 4 71 8 4 21 4 39 4 93 28 4 32 4 31 49 4 10 4 10 4 67 34 4 29 4 37 4 44 52 4 34 4 29 9 4 7 4 41 11 4 96 26 4 8 4 36 4 41 25 4 43 4 61 18 4 27 4 12 19 4 36 4 20 36 4 52 4 74 9 4 27 4 70 26 4 38 4 84 44 4 7 4 61 12 4 5 4 64 22 4 23 4 26 4 81 25 4 55 4 51 16 4 31 4 44 4 37 55 4 29 4 33 4 57 48 4 29 4 52 4 29 4 34 12 4 34 4 9 4 14 4 34 34 4 17 4 36 4 35 9 4 16 4 29 25 4 47 4 30 4 97 53 4 41 4 55 4 43 46 4 5 4 50 4 1 25 4 46 4 10 4 15 21 16 49 16 92 17 4 1 50 16 44 16 70 25 4 38 4 27 18 4 14 4 9 4 110 46 4 37 4 39 4 23 4 41 22 4 48 4 0 37 4 15 4 53 4 19 4 21 48 4 25 4 50 4 46 13 4 10 4 39 4 33 26 4 43 4 34 4 102 38 4 19 4 40 4 91 41 4 57 4 43 4 26 4 18 17 4 43 4 54 4 46 4 75 24 4 36 4 55 4 45 48 4 25 4 28 4 7 16 4 5 4 18 4 
iteration 822 best: 1.01397 time: 243610
55 29 4 23 4 24 4 74 39 4 36 4 85 27 4 9 4 33 4 107 11 4 6 4 16 4 79 12 4 36 4 24 4 79 26 4 29 4 18 4 19 4 40 29 4 30 4 28 4 75 38 4 38 4 10 17 4 6 4 73 51 4 50 4 56 4 16 4 70 30 4 21 4 25 36 4 6 4 46 45 4 49 4 40 4 36 4 34 4 85 34 4 33 4 22 4 48 4 86 22 4 33 4 90 28 4 5 4 20 4 24 4 65 26 4 48 4 37 4 22 23 4 48 4 75 35 4 8 4 62 14 20 41 42 4 22 4 41 4 47 56 20 13 30 4 43 4 41 4 69 24 4 36 4 39 4 51 4 57 42 4 37 4 71 8 4 21 4 39 4 93 28 4 32 4 31 49 4 10 4 10 4 67 34 4 29 4 37 4 44 52 4 34 4 29 9 4 7 4 41 11 4 96 26 4 8 4 36 4 41 25 4 43 4 61 18 4 27 4 12 19 4 36 4 20 36 4 52 4 74 9 4 27 4 70 26 4 38 4 84 44 4 7 4 61 12 4 5 4 64 22 4 23 4 26 4 81 25 4 55 4 51 16 4 31 4 44 4 37 55 4 29 4 33 4 57 48 4 29 4 52 4 29 4 34 12 4 34 4 9 4 14 4 34 34 4 17 4 36 4 35 9 4 16 4 29 25 4 47 4 30 4 97 53 4 41 4 55 4 43 46 4 5 4 50 4 1 25 4 46 4 10 4 15 21 16 49 16 92 17 4 1 50 16 44 16 70 25 4 38 4 27 18 4 14 4 9 4 110 46 4 37 4 39 4 23 4 41 22 4 48 4 0 37 4 15 4 53 4 19 4 21 48 4 25 4 50 4 46 13 4 10 4 39 4 33 26 4 43 4 34 4 102 38 4 19 4 40 4 91 41 4 57 4 43 4 26 4 18 17 4 43 4 54 4 46 4 75 24 4 36 4 55 4 45 48 4 25 4 28 4 7 16 4 5 4 18 4 
iteration 847 best: 1.01397 time: 250978
55 29 4 23 4 24 4 74 39 4 36 4 85 27 4 9 4 33 4 107 11 4 6 4 16 4 79 12 4 36 4 24 4 79 26 4 29 4 18 4 19 4 40 29 4 30 4 28 4 75 38 4 38 4 10 17 4 6 4 73 51 4 50 4 56 4 16 4 70 30 4 21 4 25 36 4 6 4 46 45 4 49 4 40 4 36 4 34 4 85 34 4 33 4 22 4 48 4 86 22 4 33 4 90 28 4 5 4 20 4 24 4 65 26 4 48 4 37 4 22 23 4 48 4 75 35 4 8 4 62 14 20 41 42 4 22 4 41 4 47 56 20 13 30 4 43 4 41 4 69 24 4 36 4 39 4 51 4 57 42 4 37 4 71 8 4 21 4 39 4 93 28 4 32 4 31 49 4 10 4 10 4 67 34 4 29 4 37 4 44 52 4 34 4 29 9 4 7 4 41 11 4 96 26 4 8 4 36 4 41 25 4 43 4 61 18 4 27 4 12 19 4 36 4 20 36 4 52 4 74 9 4 27 4 70 26 4 38 4 84 44 4 7 4 61 12 4 5 4 64 22 4 23 4 26 4 81 25 4 55 4 51 16 4 31 4 44 4 37 55 4 29 4 33 4 57 48 4 29 4 52 4 29 4 34 12 4 34 4 9 4 14 4 34 34 4 17 4 36 4 35 9 4 16 4 29 25 4 47 4 30 4 97 53 4 41 4 55 4 43 46 4 5 4 50 4 1 25 4 46 4 10 4 15 21 16 49 16 92 17 4 1 50 16 44 16 70 25 4 38 4 27 18 4 14 4 9 4 110 46 4 37 4 39 4 23 4 41 22 4 48 4 0 37 4 15 4 53 4 19 4 21 48 4 25 4 50 4 46 13 4 10 4 39 4 33 26 4 43 4 34 4 102 38 4 19 4 40 4 91 41 4 57 4 43 4 26 4 18 17 4 43 4 54 4 46 4 75 24 4 36 4 55 4 45 48 4 25 4 28 4 7 16 4 5 4 18 4 
iteration 872 best: 1.01397 time: 258352
55 29 4 23 4 24 4 74 39 4 36 4 85 27 4 9 4 33 4 107 11 4 6 4 16 4 79 12 4 36 4 24 4 79 26 4 29 4 18 4 19 4 40 29 4 30 4 28 4 75 38 4 38 4 10 17 4 6 4 73 51 4 50 4 56 4 16 4 70 30 4 21 4 25 36 4 6 4 46 45 4 49 4 40 4 36 4 34 4 85 34 4 33 4 22 4 48 4 86 22 4 33 4 90 28 4 5 4 20 4 24 4 65 26 4 48 4 37 4 22 23 4 48 4 75 35 4 8 4 62 14 20 41 42 4 22 4 41 4 47 56 20 13 30 4 43 4 41 4 69 24 4 36 4 39 4 51 4 57 42 4 37 4 71 8 4 21 4 39 4 93 28 4 32 4 31 49 4 10 4 10 4 67 34 4 29 4 37 4 44 52 4 34 4 29 9 4 7 4 41 11 4 96 26 4 8 4 36 4 41 25 4 43 4 61 18 4 27 4 12 19 4 36 4 20 36 4 52 4 74 9 4 27 4 70 26 4 38 4 84 44 4 7 4 61 12 4 5 4 64 22 4 23 4 26 4 81 25 4 55 4 51 16 4 31 4 44 4 37 55 4 29 4 33 4 57 48 4 29 4 52 4 29 4 34 12 4 34 4 9 4 14 4 34 34 4 17 4 36 4 35 9 4 16 4 29 25 4 47 4 30 4 97 53 4 41 4 55 4 43 46 4 5 4 50 4 1 25 4 46 4 10 4 15 21 16 49 16 92 17 4 1 50 16 44 16 70 25 4 38 4 27 18 4 14 4 9 4 110 46 4 37 4 39 4 23 4 41 22 4 48 4 0 37 4 15 4 53 4 19 4 21 48 4 25 4 50 4 46 13 4 10 4 39 4 33 26 4 43 4 34 4 102 38 4 19 4 40 4 91 41 4 57 4 43 4 26 4 18 17 4 43 4 54 4 46 4 75 24 4 36 4 55 4 45 48 4 25 4 28 4 7 16 4 5 4 18 4 
iteration 897 best: 1.01397 time: 265720
55 29 4 23 4 24 4 74 39 4 36 4 85 27 4 9 4 33 4 107 11 4 6 4 16 4 79 12 4 36 4 24 4 79 26 4 29 4 18 4 19 4 40 29 4 30 4 28 4 75 38 4 38 4 10 17 4 6 4 73 51 4 50 4 56 4 16 4 70 30 4 21 4 25 36 4 6 4 46 45 4 49 4 40 4 36 4 34 4 85 34 4 33 4 22 4 48 4 86 22 4 33 4 90 28 4 5 4 20 4 24 4 65 26 4 48 4 37 4 22 23 4 48 4 75 35 4 8 4 62 14 20 41 42 4 22 4 41 4 47 56 20 13 30 4 43 4 41 4 69 24 4 36 4 39 4 51 4 57 42 4 37 4 71 8 4 21 4 39 4 93 28 4 32 4 31 49 4 10 4 10 4 67 34 4 29 4 37 4 44 52 4 34 4 29 9 4 7 4 41 11 4 96 26 4 8 4 36 4 41 25 4 43 4 61 18 4 27 4 12 19 4 36 4 20 36 4 52 4 74 9 4 27 4 70 26 4 38 4 84 44 4 7 4 61 12 4 5 4 64 22 4 23 4 26 4 81 25 4 55 4 51 16 4 31 4 44 4 37 55 4 29 4 33 4 57 48 4 29 4 52 4 29 4 34 12 4 34 4 9 4 14 4 34 34 4 17 4 36 4 35 9 4 16 4 29 25 4 47 4 30 4 97 53 4 41 4 55 4 43 46 4 5 4 50 4 1 25 4 46 4 10 4 15 21 16 49 16 92 17 4 1 50 16 44 16 70 25 4 38 4 27 18 4 14 4 9 4 110 46 4 37 4 39 4 23 4 41 22 4 48 4 0 37 4 15 4 53 4 19 4 21 48 4 25 4 50 4 46 13 4 10 4 39 4 33 26 4 43 4 34 4 102 38 4 19 4 40 4 91 41 4 57 4 43 4 26 4 18 17 4 43 4 54 4 46 4 75 24 4 36 4 55 4 45 48 4 25 4 28 4 7 16 4 5 4 18 4 
iteration 922 best: 1.01397 time: 273081
55 29 4 23 4 24 4 74 39 4 36 4 85 27 4 9 4 33 4 107 11 4 6 4 16 4 79 12 4 36 4 24 4 79 26 4 29 4 18 4 19 4 40 29 4 30 4 28 4 75 38 4 38 4 10 17 4 6 4 73 51 4 50 4 56 4 16 4 70 30 4 21 4 25 36 4 6 4 46 45 4 49 4 40 4 36 4 34 4 85 34 4 33 4 22 4 48 4 86 22 4 33 4 90 28 4 5 4 20 4 24 4 65 26 4 48 4 37 4 22 23 4 48 4 75 35 4 8 4 62 14 20 41 42 4 22 4 41 4 47 56 20 13 30 4 43 4 41 4 69 24 4 36 4 39 4 51 4 57 42 4 37 4 71 8 4 21 4 39 4 93 28 4 32 4 31 49 4 10 4 10 4 67 34 4 29 4 37 4 44 52 4 34 4 29 9 4 7 4 41 11 4 96 26 4 8 4 36 4 41 25 4 43 4 61 18 4 27 4 12 19 4 36 4 20 36 4 52 4 74 9 4 27 4 70 26 4 38 4 84 44 4 7 4 61 12 4 5 4 64 22 4 23 4 26 4 81 25 4 55 4 51 16 4 31 4 44 4 37 55 4 29 4 33 4 57 48 4 29 4 52 4 29 4 34 12 4 34 4 9 4 14 4 34 34 4 17 4 36 4 35 9 4 16 4 29 25 4 47 4 30 4 97 53 4 41 4 55 4 43 46 4 5 4 50 4 1 25 4 46 4 10 4 15 21 16 49 16 92 17 4 1 50 16 44 16 70 25 4 38 4 27 18 4 14 4 9 4 110 46 4 37 4 39 4 23 4 41 22 4 48 4 0 37 4 15 4 53 4 19 4 21 48 4 25 4 50 4 46 13 4 10 4 39 4 33 26 4 43 4 34 4 102 38 4 19 4 40 4 91 41 4 57 4 43 4 26 4 18 17 4 43 4 54 4 46 4 75 24 4 36 4 55 4 45 48 4 25 4 28 4 7 16 4 5 4 18 4 
iteration 947 best: 1.01397 time: 280441
55 29 4 23 4 24 4 74 39 4 36 4 85 27 4 9 4 33 4 107 11 4 6 4 16 4 79 12 4 36 4 24 4 79 26 4 29 4 18 4 19 4 40 29 4 30 4 28 4 75 38 4 38 4 10 17 4 6 4 73 51 4 50 4 56 4 16 4 70 30 4 21 4 25 36 4 6 4 46 45 4 49 4 40 4 36 4 34 4 85 34 4 33 4 22 4 48 4 86 22 4 33 4 90 28 4 5 4 20 4 24 4 65 26 4 48 4 37 4 22 23 4 48 4 75 35 4 8 4 62 14 20 41 42 4 22 4 41 4 47 56 20 13 30 4 43 4 41 4 69 24 4 36 4 39 4 51 4 57 42 4 37 4 71 8 4 21 4 39 4 93 28 4 32 4 31 49 4 10 4 10 4 67 34 4 29 4 37 4 44 52 4 34 4 29 9 4 7 4 41 11 4 96 26 4 8 4 36 4 41 25 4 43 4 61 18 4 27 4 12 19 4 36 4 20 36 4 52 4 74 9 4 27 4 70 26 4 38 4 84 44 4 7 4 61 12 4 5 4 64 22 4 23 4 26 4 81 25 4 55 4 51 16 4 31 4 44 4 37 55 4 29 4 33 4 57 48 4 29 4 52 4 29 4 34 12 4 34 4 9 4 14 4 34 34 4 17 4 36 4 35 9 4 16 4 29 25 4 47 4 30 4 97 53 4 41 4 55 4 43 46 4 5 4 50 4 1 25 4 46 4 10 4 15 21 16 49 16 92 17 4 1 50 16 44 16 70 25 4 38 4 27 18 4 14 4 9 4 110 46 4 37 4 39 4 23 4 41 22 4 48 4 0 37 4 15 4 53 4 19 4 21 48 4 25 4 50 4 46 13 4 10 4 39 4 33 26 4 43 4 34 4 102 38 4 19 4 40 4 91 41 4 57 4 43 4 26 4 18 17 4 43 4 54 4 46 4 75 24 4 36 4 55 4 45 48 4 25 4 28 4 7 16 4 5 4 18 4 
iteration 972 best: 1.01397 time: 287804
55 29 4 23 4 24 4 74 39 4 36 4 85 27 4 9 4 33 4 107 11 4 6 4 16 4 79 12 4 36 4 24 4 79 26 4 29 4 18 4 19 4 40 29 4 30 4 28 4 75 38 4 38 4 10 17 4 6 4 73 51 4 50 4 56 4 16 4 70 30 4 21 4 25 36 4 6 4 46 45 4 49 4 40 4 36 4 34 4 85 34 4 33 4 22 4 48 4 86 22 4 33 4 90 28 4 5 4 20 4 24 4 65 26 4 48 4 37 4 22 23 4 48 4 75 35 4 8 4 62 14 20 41 42 4 22 4 41 4 47 56 20 13 30 4 43 4 41 4 69 24 4 36 4 39 4 51 4 57 42 4 37 4 71 8 4 21 4 39 4 93 28 4 32 4 31 49 4 10 4 10 4 67 34 4 29 4 37 4 44 52 4 34 4 29 9 4 7 4 41 11 4 96 26 4 8 4 36 4 41 25 4 43 4 61 18 4 27 4 12 19 4 36 4 20 36 4 52 4 74 9 4 27 4 70 26 4 38 4 84 44 4 7 4 61 12 4 5 4 64 22 4 23 4 26 4 81 25 4 55 4 51 16 4 31 4 44 4 37 55 4 29 4 33 4 57 48 4 29 4 52 4 29 4 34 12 4 34 4 9 4 14 4 34 34 4 17 4 36 4 35 9 4 16 4 29 25 4 47 4 30 4 97 53 4 41 4 55 4 43 46 4 5 4 50 4 1 25 4 46 4 10 4 15 21 16 49 16 92 17 4 1 50 16 44 16 70 25 4 38 4 27 18 4 14 4 9 4 110 46 4 37 4 39 4 23 4 41 22 4 48 4 0 37 4 15 4 53 4 19 4 21 48 4 25 4 50 4 46 13 4 10 4 39 4 33 26 4 43 4 34 4 102 38 4 19 4 40 4 91 41 4 57 4 43 4 26 4 18 17 4 43 4 54 4 46 4 75 24 4 36 4 55 4 45 48 4 25 4 28 4 7 16 4 5 4 18 4 
iteration 997 best: 1.01397 time: 295152
55 29 4 23 4 24 4 74 39 4 36 4 85 27 4 9 4 33 4 107 11 4 6 4 16 4 79 12 4 36 4 24 4 79 26 4 29 4 18 4 19 4 40 29 4 30 4 28 4 75 38 4 38 4 10 17 4 6 4 73 51 4 50 4 56 4 16 4 70 30 4 21 4 25 36 4 6 4 46 45 4 49 4 40 4 36 4 34 4 85 34 4 33 4 22 4 48 4 86 22 4 33 4 90 28 4 5 4 20 4 24 4 65 26 4 48 4 37 4 22 23 4 48 4 75 35 4 8 4 62 14 20 41 42 4 22 4 41 4 47 56 20 13 30 4 43 4 41 4 69 24 4 36 4 39 4 51 4 57 42 4 37 4 71 8 4 21 4 39 4 93 28 4 32 4 31 49 4 10 4 10 4 67 34 4 29 4 37 4 44 52 4 34 4 29 9 4 7 4 41 11 4 96 26 4 8 4 36 4 41 25 4 43 4 61 18 4 27 4 12 19 4 36 4 20 36 4 52 4 74 9 4 27 4 70 26 4 38 4 84 44 4 7 4 61 12 4 5 4 64 22 4 23 4 26 4 81 25 4 55 4 51 16 4 31 4 44 4 37 55 4 29 4 33 4 57 48 4 29 4 52 4 29 4 34 12 4 34 4 9 4 14 4 34 34 4 17 4 36 4 35 9 4 16 4 29 25 4 47 4 30 4 97 53 4 41 4 55 4 43 46 4 5 4 50 4 1 25 4 46 4 10 4 15 21 16 49 16 92 17 4 1 50 16 44 16 70 25 4 38 4 27 18 4 14 4 9 4 110 46 4 37 4 39 4 23 4 41 22 4 48 4 0 37 4 15 4 53 4 19 4 21 48 4 25 4 50 4 46 13 4 10 4 39 4 33 26 4 43 4 34 4 102 38 4 19 4 40 4 91 41 4 57 4 43 4 26 4 18 17 4 43 4 54 4 46 4 75 24 4 36 4 55 4 45 48 4 25 4 28 4 7 16 4 5 4 18 4 
iteration 1022 best: 1.01397 time: 302528
55 29 4 23 4 24 4 74 39 4 36 4 85 27 4 9 4 33 4 107 11 4 6 4 16 4 79 12 4 36 4 24 4 79 26 4 29 4 18 4 19 4 40 29 4 30 4 28 4 75 38 4 38 4 10 17 4 6 4 73 51 4 50 4 56 4 16 4 70 30 4 21 4 25 36 4 6 4 46 45 4 49 4 40 4 36 4 34 4 85 34 4 33 4 22 4 48 4 86 22 4 33 4 90 28 4 5 4 20 4 24 4 65 26 4 48 4 37 4 22 23 4 48 4 75 35 4 8 4 62 14 20 41 42 4 22 4 41 4 47 56 20 13 30 4 43 4 41 4 69 24 4 36 4 39 4 51 4 57 42 4 37 4 71 8 4 21 4 39 4 93 28 4 32 4 31 49 4 10 4 10 4 67 34 4 29 4 37 4 44 52 4 34 4 29 9 4 7 4 41 11 4 96 26 4 8 4 36 4 41 25 4 43 4 61 18 4 27 4 12 19 4 36 4 20 36 4 52 4 74 9 4 27 4 70 26 4 38 4 84 44 4 7 4 61 12 4 5 4 64 22 4 23 4 26 4 81 25 4 55 4 51 16 4 31 4 44 4 37 55 4 29 4 33 4 57 48 4 29 4 52 4 29 4 34 12 4 34 4 9 4 14 4 34 34 4 17 4 36 4 35 9 4 16 4 29 25 4 47 4 30 4 97 53 4 41 4 55 4 43 46 4 5 4 50 4 1 25 4 46 4 10 4 15 21 16 49 16 92 17 4 1 50 16 44 16 70 25 4 38 4 27 18 4 14 4 9 4 110 46 4 37 4 39 4 23 4 41 22 4 48 4 0 37 4 15 4 53 4 19 4 21 48 4 25 4 50 4 46 13 4 10 4 39 4 33 26 4 43 4 34 4 102 38 4 19 4 40 4 91 41 4 57 4 43 4 26 4 18 17 4 43 4 54 4 46 4 75 24 4 36 4 55 4 45 48 4 25 4 28 4 7 16 4 5 4 18 4 
iteration 1047 best: 1.01397 time: 309943
55 29 4 23 4 24 4 74 39 4 36 4 85 27 4 9 4 33 4 107 11 4 6 4 16 4 79 12 4 36 4 24 4 79 26 4 29 4 18 4 19 4 40 29 4 30 4 28 4 75 38 4 38 4 10 17 4 6 4 73 51 4 50 4 56 4 16 4 70 30 4 21 4 25 36 4 6 4 46 45 4 49 4 40 4 36 4 34 4 85 34 4 33 4 22 4 48 4 86 22 4 33 4 90 28 4 5 4 20 4 24 4 65 26 4 48 4 37 4 22 23 4 48 4 75 35 4 8 4 62 14 20 41 42 4 22 4 41 4 47 56 20 13 30 4 43 4 41 4 69 24 4 36 4 39 4 51 4 57 42 4 37 4 71 8 4 21 4 39 4 93 28 4 32 4 31 49 4 10 4 10 4 67 34 4 29 4 37 4 44 52 4 34 4 29 9 4 7 4 41 11 4 96 26 4 8 4 36 4 41 25 4 43 4 61 18 4 27 4 12 19 4 36 4 20 36 4 52 4 74 9 4 27 4 70 26 4 38 4 84 44 4 7 4 61 12 4 5 4 64 22 4 23 4 26 4 81 25 4 55 4 51 16 4 31 4 44 4 37 55 4 29 4 33 4 57 48 4 29 4 52 4 29 4 34 12 4 34 4 9 4 14 4 34 34 4 17 4 36 4 35 9 4 16 4 29 25 4 47 4 30 4 97 53 4 41 4 55 4 43 46 4 5 4 50 4 1 25 4 46 4 10 4 15 21 16 49 16 92 17 4 1 50 16 44 16 70 25 4 38 4 27 18 4 14 4 9 4 110 46 4 37 4 39 4 23 4 41 22 4 48 4 0 37 4 15 4 53 4 19 4 21 48 4 25 4 50 4 46 13 4 10 4 39 4 33 26 4 43 4 34 4 102 38 4 19 4 40 4 91 41 4 57 4 43 4 26 4 18 17 4 43 4 54 4 46 4 75 24 4 36 4 55 4 45 48 4 25 4 28 4 7 16 4 5 4 18 4 
iteration 1072 best: 1.01397 time: 317363
55 29 4 23 4 24 4 74 39 4 36 4 85 27 4 9 4 33 4 107 11 4 6 4 16 4 79 12 4 36 4 24 4 79 26 4 29 4 18 4 19 4 40 29 4 30 4 28 4 75 38 4 38 4 10 17 4 6 4 73 51 4 50 4 56 4 16 4 70 30 4 21 4 25 36 4 6 4 46 45 4 49 4 40 4 36 4 34 4 85 34 4 33 4 22 4 48 4 86 22 4 33 4 90 28 4 5 4 20 4 24 4 65 26 4 48 4 37 4 22 23 4 48 4 75 35 4 8 4 62 14 20 41 42 4 22 4 41 4 47 56 20 13 30 4 43 4 41 4 69 24 4 36 4 39 4 51 4 57 42 4 37 4 71 8 4 21 4 39 4 93 28 4 32 4 31 49 4 10 4 10 4 67 34 4 29 4 37 4 44 52 4 34 4 29 9 4 7 4 41 11 4 96 26 4 8 4 36 4 41 25 4 43 4 61 18 4 27 4 12 19 4 36 4 20 36 4 52 4 74 9 4 27 4 70 26 4 38 4 84 44 4 7 4 61 12 4 5 4 64 22 4 23 4 26 4 81 25 4 55 4 51 16 4 31 4 44 4 37 55 4 29 4 33 4 57 48 4 29 4 52 4 29 4 34 12 4 34 4 9 4 14 4 34 34 4 17 4 36 4 35 9 4 16 4 29 25 4 47 4 30 4 97 53 4 41 4 55 4 43 46 4 5 4 50 4 1 25 4 46 4 10 4 15 21 16 49 16 92 17 4 1 50 16 44 16 70 25 4 38 4 27 18 4 14 4 9 4 110 46 4 37 4 39 4 23 4 41 22 4 48 4 0 37 4 15 4 53 4 19 4 21 48 4 25 4 50 4 46 13 4 10 4 39 4 33 26 4 43 4 34 4 102 38 4 19 4 40 4 91 41 4 57 4 43 4 26 4 18 17 4 43 4 54 4 46 4 75 24 4 36 4 55 4 45 48 4 25 4 28 4 7 16 4 5 4 18 4 
iteration 1097 best: 1.01397 time: 324720
55 29 4 23 4 24 4 74 39 4 36 4 85 27 4 9 4 33 4 107 11 4 6 4 16 4 79 12 4 36 4 24 4 79 26 4 29 4 18 4 19 4 40 29 4 30 4 28 4 75 38 4 38 4 10 17 4 6 4 73 51 4 50 4 56 4 16 4 70 30 4 21 4 25 36 4 6 4 46 45 4 49 4 40 4 36 4 34 4 85 34 4 33 4 22 4 48 4 86 22 4 33 4 90 28 4 5 4 20 4 24 4 65 26 4 48 4 37 4 22 23 4 48 4 75 35 4 8 4 62 14 20 41 42 4 22 4 41 4 47 56 20 13 30 4 43 4 41 4 69 24 4 36 4 39 4 51 4 57 42 4 37 4 71 8 4 21 4 39 4 93 28 4 32 4 31 49 4 10 4 10 4 67 34 4 29 4 37 4 44 52 4 34 4 29 9 4 7 4 41 11 4 96 26 4 8 4 36 4 41 25 4 43 4 61 18 4 27 4 12 19 4 36 4 20 36 4 52 4 74 9 4 27 4 70 26 4 38 4 84 44 4 7 4 61 12 4 5 4 64 22 4 23 4 26 4 81 25 4 55 4 51 16 4 31 4 44 4 37 55 4 29 4 33 4 57 48 4 29 4 52 4 29 4 34 12 4 34 4 9 4 14 4 34 34 4 17 4 36 4 35 9 4 16 4 29 25 4 47 4 30 4 97 53 4 41 4 55 4 43 46 4 5 4 50 4 1 25 4 46 4 10 4 15 21 16 49 16 92 17 4 1 50 16 44 16 70 25 4 38 4 27 18 4 14 4 9 4 110 46 4 37 4 39 4 23 4 41 22 4 48 4 0 37 4 15 4 53 4 19 4 21 48 4 25 4 50 4 46 13 4 10 4 39 4 33 26 4 43 4 34 4 102 38 4 19 4 40 4 91 41 4 57 4 43 4 26 4 18 17 4 43 4 54 4 46 4 75 24 4 36 4 55 4 45 48 4 25 4 28 4 7 16 4 5 4 18 4 
iteration 1122 best: 1.01397 time: 332090
55 29 4 23 4 24 4 74 39 4 36 4 85 27 4 9 4 33 4 107 11 4 6 4 16 4 79 12 4 36 4 24 4 79 26 4 29 4 18 4 19 4 40 29 4 30 4 28 4 75 38 4 38 4 10 17 4 6 4 73 51 4 50 4 56 4 16 4 70 30 4 21 4 25 36 4 6 4 46 45 4 49 4 40 4 36 4 34 4 85 34 4 33 4 22 4 48 4 86 22 4 33 4 90 28 4 5 4 20 4 24 4 65 26 4 48 4 37 4 22 23 4 48 4 75 35 4 8 4 62 14 20 41 42 4 22 4 41 4 47 56 20 13 30 4 43 4 41 4 69 24 4 36 4 39 4 51 4 57 42 4 37 4 71 8 4 21 4 39 4 93 28 4 32 4 31 49 4 10 4 10 4 67 34 4 29 4 37 4 44 52 4 34 4 29 9 4 7 4 41 11 4 96 26 4 8 4 36 4 41 25 4 43 4 61 18 4 27 4 12 19 4 36 4 20 36 4 52 4 74 9 4 27 4 70 26 4 38 4 84 44 4 7 4 61 12 4 5 4 64 22 4 23 4 26 4 81 25 4 55 4 51 16 4 31 4 44 4 37 55 4 29 4 33 4 57 48 4 29 4 52 4 29 4 34 12 4 34 4 9 4 14 4 34 34 4 17 4 36 4 35 9 4 16 4 29 25 4 47 4 30 4 97 53 4 41 4 55 4 43 46 4 5 4 50 4 1 25 4 46 4 10 4 15 21 16 49 16 92 17 4 1 50 16 44 16 70 25 4 38 4 27 18 4 14 4 9 4 110 46 4 37 4 39 4 23 4 41 22 4 48 4 0 37 4 15 4 53 4 19 4 21 48 4 25 4 50 4 46 13 4 10 4 39 4 33 26 4 43 4 34 4 102 38 4 19 4 40 4 91 41 4 57 4 43 4 26 4 18 17 4 43 4 54 4 46 4 75 24 4 36 4 55 4 45 48 4 25 4 28 4 7 16 4 5 4 18 4 
iteration 1147 best: 1.01397 time: 339467
55 29 4 23 4 24 4 74 39 4 36 4 85 27 4 9 4 33 4 107 11 4 6 4 16 4 79 12 4 36 4 24 4 79 26 4 29 4 18 4 19 4 40 29 4 30 4 28 4 75 38 4 38 4 10 17 4 6 4 73 51 4 50 4 56 4 16 4 70 30 4 21 4 25 36 4 6 4 46 45 4 49 4 40 4 36 4 34 4 85 34 4 33 4 22 4 48 4 86 22 4 33 4 90 28 4 5 4 20 4 24 4 65 26 4 48 4 37 4 22 23 4 48 4 75 35 4 8 4 62 14 20 41 42 4 22 4 41 4 47 56 20 13 30 4 43 4 41 4 69 24 4 36 4 39 4 51 4 57 42 4 37 4 71 8 4 21 4 39 4 93 28 4 32 4 31 49 4 10 4 10 4 67 34 4 29 4 37 4 44 52 4 34 4 29 9 4 7 4 41 11 4 96 26 4 8 4 36 4 41 25 4 43 4 61 18 4 27 4 12 19 4 36 4 20 36 4 52 4 74 9 4 27 4 70 26 4 38 4 84 44 4 7 4 61 12 4 5 4 64 22 4 23 4 26 4 81 25 4 55 4 51 16 4 31 4 44 4 37 55 4 29 4 33 4 57 48 4 29 4 52 4 29 4 34 12 4 34 4 9 4 14 4 34 34 4 17 4 36 4 35 9 4 16 4 29 25 4 47 4 30 4 97 53 4 41 4 55 4 43 46 4 5 4 50 4 1 25 4 46 4 10 4 15 21 16 49 16 92 17 4 1 50 16 44 16 70 25 4 38 4 27 18 4 14 4 9 4 110 46 4 37 4 39 4 23 4 41 22 4 48 4 0 37 4 15 4 53 4 19 4 21 48 4 25 4 50 4 46 13 4 10 4 39 4 33 26 4 43 4 34 4 102 38 4 19 4 40 4 91 41 4 57 4 43 4 26 4 18 17 4 43 4 54 4 46 4 75 24 4 36 4 55 4 45 48 4 25 4 28 4 7 16 4 5 4 18 4 
iteration 1172 best: 1.01397 time: 346854
55 29 4 23 4 24 4 74 39 4 36 4 85 27 4 9 4 33 4 107 11 4 6 4 16 4 79 12 4 36 4 24 4 79 26 4 29 4 18 4 19 4 40 29 4 30 4 28 4 75 38 4 38 4 10 17 4 6 4 73 51 4 50 4 56 4 16 4 70 30 4 21 4 25 36 4 6 4 46 45 4 49 4 40 4 36 4 34 4 85 34 4 33 4 22 4 48 4 86 22 4 33 4 90 28 4 5 4 20 4 24 4 65 26 4 48 4 37 4 22 23 4 48 4 75 35 4 8 4 62 14 20 41 42 4 22 4 41 4 47 56 20 13 30 4 43 4 41 4 69 24 4 36 4 39 4 51 4 57 42 4 37 4 71 8 4 21 4 39 4 93 28 4 32 4 31 49 4 10 4 10 4 67 34 4 29 4 37 4 44 52 4 34 4 29 9 4 7 4 41 11 4 96 26 4 8 4 36 4 41 25 4 43 4 61 18 4 27 4 12 19 4 36 4 20 36 4 52 4 74 9 4 27 4 70 26 4 38 4 84 44 4 7 4 61 12 4 5 4 64 22 4 23 4 26 4 81 25 4 55 4 51 16 4 31 4 44 4 37 55 4 29 4 33 4 57 48 4 29 4 52 4 29 4 34 12 4 34 4 9 4 14 4 34 34 4 17 4 36 4 35 9 4 16 4 29 25 4 47 4 30 4 97 53 4 41 4 55 4 43 46 4 5 4 50 4 1 25 4 46 4 10 4 15 21 16 49 16 92 17 4 1 50 16 44 16 70 25 4 38 4 27 18 4 14 4 9 4 110 46 4 37 4 39 4 23 4 41 22 4 48 4 0 37 4 15 4 53 4 19 4 21 48 4 25 4 50 4 46 13 4 10 4 39 4 33 26 4 43 4 34 4 102 38 4 19 4 40 4 91 41 4 57 4 43 4 26 4 18 17 4 43 4 54 4 46 4 75 24 4 36 4 55 4 45 48 4 25 4 28 4 7 16 4 5 4 18 4 
iteration 1197 best: 1.01397 time: 354255
55 29 4 23 4 24 4 74 39 4 36 4 85 27 4 9 4 33 4 107 11 4 6 4 16 4 79 12 4 36 4 24 4 79 26 4 29 4 18 4 19 4 40 29 4 30 4 28 4 75 38 4 38 4 10 17 4 6 4 73 51 4 50 4 56 4 16 4 70 30 4 21 4 25 36 4 6 4 46 45 4 49 4 40 4 36 4 34 4 85 34 4 33 4 22 4 48 4 86 22 4 33 4 90 28 4 5 4 20 4 24 4 65 26 4 48 4 37 4 22 23 4 48 4 75 35 4 8 4 62 14 20 41 42 4 22 4 41 4 47 56 20 13 30 4 43 4 41 4 69 24 4 36 4 39 4 51 4 57 42 4 37 4 71 8 4 21 4 39 4 93 28 4 32 4 31 49 4 10 4 10 4 67 34 4 29 4 37 4 44 52 4 34 4 29 9 4 7 4 41 11 4 96 26 4 8 4 36 4 41 25 4 43 4 61 18 4 27 4 12 19 4 36 4 20 36 4 52 4 74 9 4 27 4 70 26 4 38 4 84 44 4 7 4 61 12 4 5 4 64 22 4 23 4 26 4 81 25 4 55 4 51 16 4 31 4 44 4 37 55 4 29 4 33 4 57 48 4 29 4 52 4 29 4 34 12 4 34 4 9 4 14 4 34 34 4 17 4 36 4 35 9 4 16 4 29 25 4 47 4 30 4 97 53 4 41 4 55 4 43 46 4 5 4 50 4 1 25 4 46 4 10 4 15 21 16 49 16 92 17 4 1 50 16 44 16 70 25 4 38 4 27 18 4 14 4 9 4 110 46 4 37 4 39 4 23 4 41 22 4 48 4 0 37 4 15 4 53 4 19 4 21 48 4 25 4 50 4 46 13 4 10 4 39 4 33 26 4 43 4 34 4 102 38 4 19 4 40 4 91 41 4 57 4 43 4 26 4 18 17 4 43 4 54 4 46 4 75 24 4 36 4 55 4 45 48 4 25 4 28 4 7 16 4 5 4 18 4 
iteration 1222 best: 1.01397 time: 361620
55 29 4 23 4 24 4 74 39 4 36 4 85 27 4 9 4 33 4 107 11 4 6 4 16 4 79 12 4 36 4 24 4 79 26 4 29 4 18 4 19 4 40 29 4 30 4 28 4 75 38 4 38 4 10 17 4 6 4 73 51 4 50 4 56 4 16 4 70 30 4 21 4 25 36 4 6 4 46 45 4 49 4 40 4 36 4 34 4 85 34 4 33 4 22 4 48 4 86 22 4 33 4 90 28 4 5 4 20 4 24 4 65 26 4 48 4 37 4 22 23 4 48 4 75 35 4 8 4 62 14 20 41 42 4 22 4 41 4 47 56 20 13 30 4 43 4 41 4 69 24 4 36 4 39 4 51 4 57 42 4 37 4 71 8 4 21 4 39 4 93 28 4 32 4 31 49 4 10 4 10 4 67 34 4 29 4 37 4 44 52 4 34 4 29 9 4 7 4 41 11 4 96 26 4 8 4 36 4 41 25 4 43 4 61 18 4 27 4 12 19 4 36 4 20 36 4 52 4 74 9 4 27 4 70 26 4 38 4 84 44 4 7 4 61 12 4 5 4 64 22 4 23 4 26 4 81 25 4 55 4 51 16 4 31 4 44 4 37 55 4 29 4 33 4 57 48 4 29 4 52 4 29 4 34 12 4 34 4 9 4 14 4 34 34 4 17 4 36 4 35 9 4 16 4 29 25 4 47 4 30 4 97 53 4 41 4 55 4 43 46 4 5 4 50 4 1 25 4 46 4 10 4 15 21 16 49 16 92 17 4 1 50 16 44 16 70 25 4 38 4 27 18 4 14 4 9 4 110 46 4 37 4 39 4 23 4 41 22 4 48 4 0 37 4 15 4 53 4 19 4 21 48 4 25 4 50 4 46 13 4 10 4 39 4 33 26 4 43 4 34 4 102 38 4 19 4 40 4 91 41 4 57 4 43 4 26 4 18 17 4 43 4 54 4 46 4 75 24 4 36 4 55 4 45 48 4 25 4 28 4 7 16 4 5 4 18 4 
iteration 1247 best: 1.01397 time: 368986
55 29 4 23 4 24 4 74 39 4 36 4 85 27 4 9 4 33 4 107 11 4 6 4 16 4 79 12 4 36 4 24 4 79 26 4 29 4 18 4 19 4 40 29 4 30 4 28 4 75 38 4 38 4 10 17 4 6 4 73 51 4 50 4 56 4 16 4 70 30 4 21 4 25 36 4 6 4 46 45 4 49 4 40 4 36 4 34 4 85 34 4 33 4 22 4 48 4 86 22 4 33 4 90 28 4 5 4 20 4 24 4 65 26 4 48 4 37 4 22 23 4 48 4 75 35 4 8 4 62 14 20 41 42 4 22 4 41 4 47 56 20 13 30 4 43 4 41 4 69 24 4 36 4 39 4 51 4 57 42 4 37 4 71 8 4 21 4 39 4 93 28 4 32 4 31 49 4 10 4 10 4 67 34 4 29 4 37 4 44 52 4 34 4 29 9 4 7 4 41 11 4 96 26 4 8 4 36 4 41 25 4 43 4 61 18 4 27 4 12 19 4 36 4 20 36 4 52 4 74 9 4 27 4 70 26 4 38 4 84 44 4 7 4 61 12 4 5 4 64 22 4 23 4 26 4 81 25 4 55 4 51 16 4 31 4 44 4 37 55 4 29 4 33 4 57 48 4 29 4 52 4 29 4 34 12 4 34 4 9 4 14 4 34 34 4 17 4 36 4 35 9 4 16 4 29 25 4 47 4 30 4 97 53 4 41 4 55 4 43 46 4 5 4 50 4 1 25 4 46 4 10 4 15 21 16 49 16 92 17 4 1 50 16 44 16 70 25 4 38 4 27 18 4 14 4 9 4 110 46 4 37 4 39 4 23 4 41 22 4 48 4 0 37 4 15 4 53 4 19 4 21 48 4 25 4 50 4 46 13 4 10 4 39 4 33 26 4 43 4 34 4 102 38 4 19 4 40 4 91 41 4 57 4 43 4 26 4 18 17 4 43 4 54 4 46 4 75 24 4 36 4 55 4 45 48 4 25 4 28 4 7 16 4 5 4 18 4 
iteration 1272 best: 1.01397 time: 376366
55 29 4 23 4 24 4 74 39 4 36 4 85 27 4 9 4 33 4 107 11 4 6 4 16 4 79 12 4 36 4 24 4 79 26 4 29 4 18 4 19 4 40 29 4 30 4 28 4 75 38 4 38 4 10 17 4 6 4 73 51 4 50 4 56 4 16 4 70 30 4 21 4 25 36 4 6 4 46 45 4 49 4 40 4 36 4 34 4 85 34 4 33 4 22 4 48 4 86 22 4 33 4 90 28 4 5 4 20 4 24 4 65 26 4 48 4 37 4 22 23 4 48 4 75 35 4 8 4 62 14 20 41 42 4 22 4 41 4 47 56 20 13 30 4 43 4 41 4 69 24 4 36 4 39 4 51 4 57 42 4 37 4 71 8 4 21 4 39 4 93 28 4 32 4 31 49 4 10 4 10 4 67 34 4 29 4 37 4 44 52 4 34 4 29 9 4 7 4 41 11 4 96 26 4 8 4 36 4 41 25 4 43 4 61 18 4 27 4 12 19 4 36 4 20 36 4 52 4 74 9 4 27 4 70 26 4 38 4 84 44 4 7 4 61 12 4 5 4 64 22 4 23 4 26 4 81 25 4 55 4 51 16 4 31 4 44 4 37 55 4 29 4 33 4 57 48 4 29 4 52 4 29 4 34 12 4 34 4 9 4 14 4 34 34 4 17 4 36 4 35 9 4 16 4 29 25 4 47 4 30 4 97 53 4 41 4 55 4 43 46 4 5 4 50 4 1 25 4 46 4 10 4 15 21 16 49 16 92 17 4 1 50 16 44 16 70 25 4 38 4 27 18 4 14 4 9 4 110 46 4 37 4 39 4 23 4 41 22 4 48 4 0 37 4 15 4 53 4 19 4 21 48 4 25 4 50 4 46 13 4 10 4 39 4 33 26 4 43 4 34 4 102 38 4 19 4 40 4 91 41 4 57 4 43 4 26 4 18 17 4 43 4 54 4 46 4 75 24 4 36 4 55 4 45 48 4 25 4 28 4 7 16 4 5 4 18 4 
iteration 1297 best: 1.01397 time: 383755
55 29 4 23 4 24 4 74 39 4 36 4 85 27 4 9 4 33 4 107 11 4 6 4 16 4 79 12 4 36 4 24 4 79 26 4 29 4 18 4 19 4 40 29 4 30 4 28 4 75 38 4 38 4 10 17 4 6 4 73 51 4 50 4 56 4 16 4 70 30 4 21 4 25 36 4 6 4 46 45 4 49 4 40 4 36 4 34 4 85 34 4 33 4 22 4 48 4 86 22 4 33 4 90 28 4 5 4 20 4 24 4 65 26 4 48 4 37 4 22 23 4 48 4 75 35 4 8 4 62 14 20 41 42 4 22 4 41 4 47 56 20 13 30 4 43 4 41 4 69 24 4 36 4 39 4 51 4 57 42 4 37 4 71 8 4 21 4 39 4 93 28 4 32 4 31 49 4 10 4 10 4 67 34 4 29 4 37 4 44 52 4 34 4 29 9 4 7 4 41 11 4 96 26 4 8 4 36 4 41 25 4 43 4 61 18 4 27 4 12 19 4 36 4 20 36 4 52 4 74 9 4 27 4 70 26 4 38 4 84 44 4 7 4 61 12 4 5 4 64 22 4 23 4 26 4 81 25 4 55 4 51 16 4 31 4 44 4 37 55 4 29 4 33 4 57 48 4 29 4 52 4 29 4 34 12 4 34 4 9 4 14 4 34 34 4 17 4 36 4 35 9 4 16 4 29 25 4 47 4 30 4 97 53 4 41 4 55 4 43 46 4 5 4 50 4 1 25 4 46 4 10 4 15 21 16 49 16 92 17 4 1 50 16 44 16 70 25 4 38 4 27 18 4 14 4 9 4 110 46 4 37 4 39 4 23 4 41 22 4 48 4 0 37 4 15 4 53 4 19 4 21 48 4 25 4 50 4 46 13 4 10 4 39 4 33 26 4 43 4 34 4 102 38 4 19 4 40 4 91 41 4 57 4 43 4 26 4 18 17 4 43 4 54 4 46 4 75 24 4 36 4 55 4 45 48 4 25 4 28 4 7 16 4 5 4 18 4 
iteration 1322 best: 1.01397 time: 391126
55 29 4 23 4 24 4 74 39 4 36 4 85 27 4 9 4 33 4 107 11 4 6 4 16 4 79 12 4 36 4 24 4 79 26 4 29 4 18 4 19 4 40 29 4 30 4 28 4 75 38 4 38 4 10 17 4 6 4 73 51 4 50 4 56 4 16 4 70 30 4 21 4 25 36 4 6 4 46 45 4 49 4 40 4 36 4 34 4 85 34 4 33 4 22 4 48 4 86 22 4 33 4 90 28 4 5 4 20 4 24 4 65 26 4 48 4 37 4 22 23 4 48 4 75 35 4 8 4 62 14 20 41 42 4 22 4 41 4 47 56 20 13 30 4 43 4 41 4 69 24 4 36 4 39 4 51 4 57 42 4 37 4 71 8 4 21 4 39 4 93 28 4 32 4 31 49 4 10 4 10 4 67 34 4 29 4 37 4 44 52 4 34 4 29 9 4 7 4 41 11 4 96 26 4 8 4 36 4 41 25 4 43 4 61 18 4 27 4 12 19 4 36 4 20 36 4 52 4 74 9 4 27 4 70 26 4 38 4 84 44 4 7 4 61 12 4 5 4 64 22 4 23 4 26 4 81 25 4 55 4 51 16 4 31 4 44 4 37 55 4 29 4 33 4 57 48 4 29 4 52 4 29 4 34 12 4 34 4 9 4 14 4 34 34 4 17 4 36 4 35 9 4 16 4 29 25 4 47 4 30 4 97 53 4 41 4 55 4 43 46 4 5 4 50 4 1 25 4 46 4 10 4 15 21 16 49 16 92 17 4 1 50 16 44 16 70 25 4 38 4 27 18 4 14 4 9 4 110 46 4 37 4 39 4 23 4 41 22 4 48 4 0 37 4 15 4 53 4 19 4 21 48 4 25 4 50 4 46 13 4 10 4 39 4 33 26 4 43 4 34 4 102 38 4 19 4 40 4 91 41 4 57 4 43 4 26 4 18 17 4 43 4 54 4 46 4 75 24 4 36 4 55 4 45 48 4 25 4 28 4 7 16 4 5 4 18 4 
iteration 1347 best: 1.01397 time: 398507
55 29 4 23 4 24 4 74 39 4 36 4 85 27 4 9 4 33 4 107 11 4 6 4 16 4 79 12 4 36 4 24 4 79 26 4 29 4 18 4 19 4 40 29 4 30 4 28 4 75 38 4 38 4 10 17 4 6 4 73 51 4 50 4 56 4 16 4 70 30 4 21 4 25 36 4 6 4 46 45 4 49 4 40 4 36 4 34 4 85 34 4 33 4 22 4 48 4 86 22 4 33 4 90 28 4 5 4 20 4 24 4 65 26 4 48 4 37 4 22 23 4 48 4 75 35 4 8 4 62 14 20 41 42 4 22 4 41 4 47 56 20 13 30 4 43 4 41 4 69 24 4 36 4 39 4 51 4 57 42 4 37 4 71 8 4 21 4 39 4 93 28 4 32 4 31 49 4 10 4 10 4 67 34 4 29 4 37 4 44 52 4 34 4 29 9 4 7 4 41 11 4 96 26 4 8 4 36 4 41 25 4 43 4 61 18 4 27 4 12 19 4 36 4 20 36 4 52 4 74 9 4 27 4 70 26 4 38 4 84 44 4 7 4 61 12 4 5 4 64 22 4 23 4 26 4 81 25 4 55 4 51 16 4 31 4 44 4 37 55 4 29 4 33 4 57 48 4 29 4 52 4 29 4 34 12 4 34 4 9 4 14 4 34 34 4 17 4 36 4 35 9 4 16 4 29 25 4 47 4 30 4 97 53 4 41 4 55 4 43 46 4 5 4 50 4 1 25 4 46 4 10 4 15 21 16 49 16 92 17 4 1 50 16 44 16 70 25 4 38 4 27 18 4 14 4 9 4 110 46 4 37 4 39 4 23 4 41 22 4 48 4 0 37 4 15 4 53 4 19 4 21 48 4 25 4 50 4 46 13 4 10 4 39 4 33 26 4 43 4 34 4 102 38 4 19 4 40 4 91 41 4 57 4 43 4 26 4 18 17 4 43 4 54 4 46 4 75 24 4 36 4 55 4 45 48 4 25 4 28 4 7 16 4 5 4 18 4 
iteration 1372 best: 1.01397 time: 405869
55 29 4 23 4 24 4 74 39 4 36 4 85 27 4 9 4 33 4 107 11 4 6 4 16 4 79 12 4 36 4 24 4 79 26 4 29 4 18 4 19 4 40 29 4 30 4 28 4 75 38 4 38 4 10 17 4 6 4 73 51 4 50 4 56 4 16 4 70 30 4 21 4 25 36 4 6 4 46 45 4 49 4 40 4 36 4 34 4 85 34 4 33 4 22 4 48 4 86 22 4 33 4 90 28 4 5 4 20 4 24 4 65 26 4 48 4 37 4 22 23 4 48 4 75 35 4 8 4 62 14 20 41 42 4 22 4 41 4 47 56 20 13 30 4 43 4 41 4 69 24 4 36 4 39 4 51 4 57 42 4 37 4 71 8 4 21 4 39 4 93 28 4 32 4 31 49 4 10 4 10 4 67 34 4 29 4 37 4 44 52 4 34 4 29 9 4 7 4 41 11 4 96 26 4 8 4 36 4 41 25 4 43 4 61 18 4 27 4 12 19 4 36 4 20 36 4 52 4 74 9 4 27 4 70 26 4 38 4 84 44 4 7 4 61 12 4 5 4 64 22 4 23 4 26 4 81 25 4 55 4 51 16 4 31 4 44 4 37 55 4 29 4 33 4 57 48 4 29 4 52 4 29 4 34 12 4 34 4 9 4 14 4 34 34 4 17 4 36 4 35 9 4 16 4 29 25 4 47 4 30 4 97 53 4 41 4 55 4 43 46 4 5 4 50 4 1 25 4 46 4 10 4 15 21 16 49 16 92 17 4 1 50 16 44 16 70 25 4 38 4 27 18 4 14 4 9 4 110 46 4 37 4 39 4 23 4 41 22 4 48 4 0 37 4 15 4 53 4 19 4 21 48 4 25 4 50 4 46 13 4 10 4 39 4 33 26 4 43 4 34 4 102 38 4 19 4 40 4 91 41 4 57 4 43 4 26 4 18 17 4 43 4 54 4 46 4 75 24 4 36 4 55 4 45 48 4 25 4 28 4 7 16 4 5 4 18 4 
iteration 1397 best: 1.01397 time: 413219
55 29 4 23 4 24 4 74 39 4 36 4 85 27 4 9 4 33 4 107 11 4 6 4 16 4 79 12 4 36 4 24 4 79 26 4 29 4 18 4 19 4 40 29 4 30 4 28 4 75 38 4 38 4 10 17 4 6 4 73 51 4 50 4 56 4 16 4 70 30 4 21 4 25 36 4 6 4 46 45 4 49 4 40 4 36 4 34 4 85 34 4 33 4 22 4 48 4 86 22 4 33 4 90 28 4 5 4 20 4 24 4 65 26 4 48 4 37 4 22 23 4 48 4 75 35 4 8 4 62 14 20 41 42 4 22 4 41 4 47 56 20 13 30 4 43 4 41 4 69 24 4 36 4 39 4 51 4 57 42 4 37 4 71 8 4 21 4 39 4 93 28 4 32 4 31 49 4 10 4 10 4 67 34 4 29 4 37 4 44 52 4 34 4 29 9 4 7 4 41 11 4 96 26 4 8 4 36 4 41 25 4 43 4 61 18 4 27 4 12 19 4 36 4 20 36 4 52 4 74 9 4 27 4 70 26 4 38 4 84 44 4 7 4 61 12 4 5 4 64 22 4 23 4 26 4 81 25 4 55 4 51 16 4 31 4 44 4 37 55 4 29 4 33 4 57 48 4 29 4 52 4 29 4 34 12 4 34 4 9 4 14 4 34 34 4 17 4 36 4 35 9 4 16 4 29 25 4 47 4 30 4 97 53 4 41 4 55 4 43 46 4 5 4 50 4 1 25 4 46 4 10 4 15 21 16 49 16 92 17 4 1 50 16 44 16 70 25 4 38 4 27 18 4 14 4 9 4 110 46 4 37 4 39 4 23 4 41 22 4 48 4 0 37 4 15 4 53 4 19 4 21 48 4 25 4 50 4 46 13 4 10 4 39 4 33 26 4 43 4 34 4 102 38 4 19 4 40 4 91 41 4 57 4 43 4 26 4 18 17 4 43 4 54 4 46 4 75 24 4 36 4 55 4 45 48 4 25 4 28 4 7 16 4 5 4 18 4 
iteration 1422 best: 1.01397 time: 420608
55 29 4 23 4 24 4 74 39 4 36 4 85 27 4 9 4 33 4 107 11 4 6 4 16 4 79 12 4 36 4 24 4 79 26 4 29 4 18 4 19 4 40 29 4 30 4 28 4 75 38 4 38 4 10 17 4 6 4 73 51 4 50 4 56 4 16 4 70 30 4 21 4 25 36 4 6 4 46 45 4 49 4 40 4 36 4 34 4 85 34 4 33 4 22 4 48 4 86 22 4 33 4 90 28 4 5 4 20 4 24 4 65 26 4 48 4 37 4 22 23 4 48 4 75 35 4 8 4 62 14 20 41 42 4 22 4 41 4 47 56 20 13 30 4 43 4 41 4 69 24 4 36 4 39 4 51 4 57 42 4 37 4 71 8 4 21 4 39 4 93 28 4 32 4 31 49 4 10 4 10 4 67 34 4 29 4 37 4 44 52 4 34 4 29 9 4 7 4 41 11 4 96 26 4 8 4 36 4 41 25 4 43 4 61 18 4 27 4 12 19 4 36 4 20 36 4 52 4 74 9 4 27 4 70 26 4 38 4 84 44 4 7 4 61 12 4 5 4 64 22 4 23 4 26 4 81 25 4 55 4 51 16 4 31 4 44 4 37 55 4 29 4 33 4 57 48 4 29 4 52 4 29 4 34 12 4 34 4 9 4 14 4 34 34 4 17 4 36 4 35 9 4 16 4 29 25 4 47 4 30 4 97 53 4 41 4 55 4 43 46 4 5 4 50 4 1 25 4 46 4 10 4 15 21 16 49 16 92 17 4 1 50 16 44 16 70 25 4 38 4 27 18 4 14 4 9 4 110 46 4 37 4 39 4 23 4 41 22 4 48 4 0 37 4 15 4 53 4 19 4 21 48 4 25 4 50 4 46 13 4 10 4 39 4 33 26 4 43 4 34 4 102 38 4 19 4 40 4 91 41 4 57 4 43 4 26 4 18 17 4 43 4 54 4 46 4 75 24 4 36 4 55 4 45 48 4 25 4 28 4 7 16 4 5 4 18 4 
iteration 1447 best: 1.01397 time: 427994
55 29 4 23 4 24 4 74 39 4 36 4 85 27 4 9 4 33 4 107 11 4 6 4 16 4 79 12 4 36 4 24 4 79 26 4 29 4 18 4 19 4 40 29 4 30 4 28 4 75 38 4 38 4 10 17 4 6 4 73 51 4 50 4 56 4 16 4 70 30 4 21 4 25 36 4 6 4 46 45 4 49 4 40 4 36 4 34 4 85 34 4 33 4 22 4 48 4 86 22 4 33 4 90 28 4 5 4 20 4 24 4 65 26 4 48 4 37 4 22 23 4 48 4 75 35 4 8 4 62 14 20 41 42 4 22 4 41 4 47 56 20 13 30 4 43 4 41 4 69 24 4 36 4 39 4 51 4 57 42 4 37 4 71 8 4 21 4 39 4 93 28 4 32 4 31 49 4 10 4 10 4 67 34 4 29 4 37 4 44 52 4 34 4 29 9 4 7 4 41 11 4 96 26 4 8 4 36 4 41 25 4 43 4 61 18 4 27 4 12 19 4 36 4 20 36 4 52 4 74 9 4 27 4 70 26 4 38 4 84 44 4 7 4 61 12 4 5 4 64 22 4 23 4 26 4 81 25 4 55 4 51 16 4 31 4 44 4 37 55 4 29 4 33 4 57 48 4 29 4 52 4 29 4 34 12 4 34 4 9 4 14 4 34 34 4 17 4 36 4 35 9 4 16 4 29 25 4 47 4 30 4 97 53 4 41 4 55 4 43 46 4 5 4 50 4 1 25 4 46 4 10 4 15 21 16 49 16 92 17 4 1 50 16 44 16 70 25 4 38 4 27 18 4 14 4 9 4 110 46 4 37 4 39 4 23 4 41 22 4 48 4 0 37 4 15 4 53 4 19 4 21 48 4 25 4 50 4 46 13 4 10 4 39 4 33 26 4 43 4 34 4 102 38 4 19 4 40 4 91 41 4 57 4 43 4 26 4 18 17 4 43 4 54 4 46 4 75 24 4 36 4 55 4 45 48 4 25 4 28 4 7 16 4 5 4 18 4 
iteration 1472 best: 1.01397 time: 435358
55 29 4 23 4 24 4 74 39 4 36 4 85 27 4 9 4 33 4 107 11 4 6 4 16 4 79 12 4 36 4 24 4 79 26 4 29 4 18 4 19 4 40 29 4 30 4 28 4 75 38 4 38 4 10 17 4 6 4 73 51 4 50 4 56 4 16 4 70 30 4 21 4 25 36 4 6 4 46 45 4 49 4 40 4 36 4 34 4 85 34 4 33 4 22 4 48 4 86 22 4 33 4 90 28 4 5 4 20 4 24 4 65 26 4 48 4 37 4 22 23 4 48 4 75 35 4 8 4 62 14 20 41 42 4 22 4 41 4 47 56 20 13 30 4 43 4 41 4 69 24 4 36 4 39 4 51 4 57 42 4 37 4 71 8 4 21 4 39 4 93 28 4 32 4 31 49 4 10 4 10 4 67 34 4 29 4 37 4 44 52 4 34 4 29 9 4 7 4 41 11 4 96 26 4 8 4 36 4 41 25 4 43 4 61 18 4 27 4 12 19 4 36 4 20 36 4 52 4 74 9 4 27 4 70 26 4 38 4 84 44 4 7 4 61 12 4 5 4 64 22 4 23 4 26 4 81 25 4 55 4 51 16 4 31 4 44 4 37 55 4 29 4 33 4 57 48 4 29 4 52 4 29 4 34 12 4 34 4 9 4 14 4 34 34 4 17 4 36 4 35 9 4 16 4 29 25 4 47 4 30 4 97 53 4 41 4 55 4 43 46 4 5 4 50 4 1 25 4 46 4 10 4 15 21 16 49 16 92 17 4 1 50 16 44 16 70 25 4 38 4 27 18 4 14 4 9 4 110 46 4 37 4 39 4 23 4 41 22 4 48 4 0 37 4 15 4 53 4 19 4 21 48 4 25 4 50 4 46 13 4 10 4 39 4 33 26 4 43 4 34 4 102 38 4 19 4 40 4 91 41 4 57 4 43 4 26 4 18 17 4 43 4 54 4 46 4 75 24 4 36 4 55 4 45 48 4 25 4 28 4 7 16 4 5 4 18 4 
iteration 1497 best: 1.01397 time: 442722
55 29 4 23 4 24 4 74 39 4 36 4 85 27 4 9 4 33 4 107 11 4 6 4 16 4 79 12 4 36 4 24 4 79 26 4 29 4 18 4 19 4 40 29 4 30 4 28 4 75 38 4 38 4 10 17 4 6 4 73 51 4 50 4 56 4 16 4 70 30 4 21 4 25 36 4 6 4 46 45 4 49 4 40 4 36 4 34 4 85 34 4 33 4 22 4 48 4 86 22 4 33 4 90 28 4 5 4 20 4 24 4 65 26 4 48 4 37 4 22 23 4 48 4 75 35 4 8 4 62 14 20 41 42 4 22 4 41 4 47 56 20 13 30 4 43 4 41 4 69 24 4 36 4 39 4 51 4 57 42 4 37 4 71 8 4 21 4 39 4 93 28 4 32 4 31 49 4 10 4 10 4 67 34 4 29 4 37 4 44 52 4 34 4 29 9 4 7 4 41 11 4 96 26 4 8 4 36 4 41 25 4 43 4 61 18 4 27 4 12 19 4 36 4 20 36 4 52 4 74 9 4 27 4 70 26 4 38 4 84 44 4 7 4 61 12 4 5 4 64 22 4 23 4 26 4 81 25 4 55 4 51 16 4 31 4 44 4 37 55 4 29 4 33 4 57 48 4 29 4 52 4 29 4 34 12 4 34 4 9 4 14 4 34 34 4 17 4 36 4 35 9 4 16 4 29 25 4 47 4 30 4 97 53 4 41 4 55 4 43 46 4 5 4 50 4 1 25 4 46 4 10 4 15 21 16 49 16 92 17 4 1 50 16 44 16 70 25 4 38 4 27 18 4 14 4 9 4 110 46 4 37 4 39 4 23 4 41 22 4 48 4 0 37 4 15 4 53 4 19 4 21 48 4 25 4 50 4 46 13 4 10 4 39 4 33 26 4 43 4 34 4 102 38 4 19 4 40 4 91 41 4 57 4 43 4 26 4 18 17 4 43 4 54 4 46 4 75 24 4 36 4 55 4 45 48 4 25 4 28 4 7 16 4 5 4 18 4 
iteration 1522 best: 1.01397 time: 450115
55 29 4 23 4 24 4 74 39 4 36 4 85 27 4 9 4 33 4 107 11 4 6 4 16 4 79 12 4 36 4 24 4 79 26 4 29 4 18 4 19 4 40 29 4 30 4 28 4 75 38 4 38 4 10 17 4 6 4 73 51 4 50 4 56 4 16 4 70 30 4 21 4 25 36 4 6 4 46 45 4 49 4 40 4 36 4 34 4 85 34 4 33 4 22 4 48 4 86 22 4 33 4 90 28 4 5 4 20 4 24 4 65 26 4 48 4 37 4 22 23 4 48 4 75 35 4 8 4 62 14 20 41 42 4 22 4 41 4 47 56 20 13 30 4 43 4 41 4 69 24 4 36 4 39 4 51 4 57 42 4 37 4 71 8 4 21 4 39 4 93 28 4 32 4 31 49 4 10 4 10 4 67 34 4 29 4 37 4 44 52 4 34 4 29 9 4 7 4 41 11 4 96 26 4 8 4 36 4 41 25 4 43 4 61 18 4 27 4 12 19 4 36 4 20 36 4 52 4 74 9 4 27 4 70 26 4 38 4 84 44 4 7 4 61 12 4 5 4 64 22 4 23 4 26 4 81 25 4 55 4 51 16 4 31 4 44 4 37 55 4 29 4 33 4 57 48 4 29 4 52 4 29 4 34 12 4 34 4 9 4 14 4 34 34 4 17 4 36 4 35 9 4 16 4 29 25 4 47 4 30 4 97 53 4 41 4 55 4 43 46 4 5 4 50 4 1 25 4 46 4 10 4 15 21 16 49 16 92 17 4 1 50 16 44 16 70 25 4 38 4 27 18 4 14 4 9 4 110 46 4 37 4 39 4 23 4 41 22 4 48 4 0 37 4 15 4 53 4 19 4 21 48 4 25 4 50 4 46 13 4 10 4 39 4 33 26 4 43 4 34 4 102 38 4 19 4 40 4 91 41 4 57 4 43 4 26 4 18 17 4 43 4 54 4 46 4 75 24 4 36 4 55 4 45 48 4 25 4 28 4 7 16 4 5 4 18 4 
iteration 1547 best: 1.01397 time: 457494
55 29 4 23 4 24 4 74 39 4 36 4 85 27 4 9 4 33 4 107 11 4 6 4 16 4 79 12 4 36 4 24 4 79 26 4 29 4 18 4 19 4 40 29 4 30 4 28 4 75 38 4 38 4 10 17 4 6 4 73 51 4 50 4 56 4 16 4 70 30 4 21 4 25 36 4 6 4 46 45 4 49 4 40 4 36 4 34 4 85 34 4 33 4 22 4 48 4 86 22 4 33 4 90 28 4 5 4 20 4 24 4 65 26 4 48 4 37 4 22 23 4 48 4 75 35 4 8 4 62 14 20 41 42 4 22 4 41 4 47 56 20 13 30 4 43 4 41 4 69 24 4 36 4 39 4 51 4 57 42 4 37 4 71 8 4 21 4 39 4 93 28 4 32 4 31 49 4 10 4 10 4 67 34 4 29 4 37 4 44 52 4 34 4 29 9 4 7 4 41 11 4 96 26 4 8 4 36 4 41 25 4 43 4 61 18 4 27 4 12 19 4 36 4 20 36 4 52 4 74 9 4 27 4 70 26 4 38 4 84 44 4 7 4 61 12 4 5 4 64 22 4 23 4 26 4 81 25 4 55 4 51 16 4 31 4 44 4 37 55 4 29 4 33 4 57 48 4 29 4 52 4 29 4 34 12 4 34 4 9 4 14 4 34 34 4 17 4 36 4 35 9 4 16 4 29 25 4 47 4 30 4 97 53 4 41 4 55 4 43 46 4 5 4 50 4 1 25 4 46 4 10 4 15 21 16 49 16 92 17 4 1 50 16 44 16 70 25 4 38 4 27 18 4 14 4 9 4 110 46 4 37 4 39 4 23 4 41 22 4 48 4 0 37 4 15 4 53 4 19 4 21 48 4 25 4 50 4 46 13 4 10 4 39 4 33 26 4 43 4 34 4 102 38 4 19 4 40 4 91 41 4 57 4 43 4 26 4 18 17 4 43 4 54 4 46 4 75 24 4 36 4 55 4 45 48 4 25 4 28 4 7 16 4 5 4 18 4 
iteration 1572 best: 1.01397 time: 464866
55 29 4 23 4 24 4 74 39 4 36 4 85 27 4 9 4 33 4 107 11 4 6 4 16 4 79 12 4 36 4 24 4 79 26 4 29 4 18 4 19 4 40 29 4 30 4 28 4 75 38 4 38 4 10 17 4 6 4 73 51 4 50 4 56 4 16 4 70 30 4 21 4 25 36 4 6 4 46 45 4 49 4 40 4 36 4 34 4 85 34 4 33 4 22 4 48 4 86 22 4 33 4 90 28 4 5 4 20 4 24 4 65 26 4 48 4 37 4 22 23 4 48 4 75 35 4 8 4 62 14 20 41 42 4 22 4 41 4 47 56 20 13 30 4 43 4 41 4 69 24 4 36 4 39 4 51 4 57 42 4 37 4 71 8 4 21 4 39 4 93 28 4 32 4 31 49 4 10 4 10 4 67 34 4 29 4 37 4 44 52 4 34 4 29 9 4 7 4 41 11 4 96 26 4 8 4 36 4 41 25 4 43 4 61 18 4 27 4 12 19 4 36 4 20 36 4 52 4 74 9 4 27 4 70 26 4 38 4 84 44 4 7 4 61 12 4 5 4 64 22 4 23 4 26 4 81 25 4 55 4 51 16 4 31 4 44 4 37 55 4 29 4 33 4 57 48 4 29 4 52 4 29 4 34 12 4 34 4 9 4 14 4 34 34 4 17 4 36 4 35 9 4 16 4 29 25 4 47 4 30 4 97 53 4 41 4 55 4 43 46 4 5 4 50 4 1 25 4 46 4 10 4 15 21 16 49 16 92 17 4 1 50 16 44 16 70 25 4 38 4 27 18 4 14 4 9 4 110 46 4 37 4 39 4 23 4 41 22 4 48 4 0 37 4 15 4 53 4 19 4 21 48 4 25 4 50 4 46 13 4 10 4 39 4 33 26 4 43 4 34 4 102 38 4 19 4 40 4 91 41 4 57 4 43 4 26 4 18 17 4 43 4 54 4 46 4 75 24 4 36 4 55 4 45 48 4 25 4 28 4 7 16 4 5 4 18 4 
iteration 1597 best: 1.01397 time: 472231
55 29 4 23 4 24 4 74 39 4 36 4 85 27 4 9 4 33 4 107 11 4 6 4 16 4 79 12 4 36 4 24 4 79 26 4 29 4 18 4 19 4 40 29 4 30 4 28 4 75 38 4 38 4 10 17 4 6 4 73 51 4 50 4 56 4 16 4 70 30 4 21 4 25 36 4 6 4 46 45 4 49 4 40 4 36 4 34 4 85 34 4 33 4 22 4 48 4 86 22 4 33 4 90 28 4 5 4 20 4 24 4 65 26 4 48 4 37 4 22 23 4 48 4 75 35 4 8 4 62 14 20 41 42 4 22 4 41 4 47 56 20 13 30 4 43 4 41 4 69 24 4 36 4 39 4 51 4 57 42 4 37 4 71 8 4 21 4 39 4 93 28 4 32 4 31 49 4 10 4 10 4 67 34 4 29 4 37 4 44 52 4 34 4 29 9 4 7 4 41 11 4 96 26 4 8 4 36 4 41 25 4 43 4 61 18 4 27 4 12 19 4 36 4 20 36 4 52 4 74 9 4 27 4 70 26 4 38 4 84 44 4 7 4 61 12 4 5 4 64 22 4 23 4 26 4 81 25 4 55 4 51 16 4 31 4 44 4 37 55 4 29 4 33 4 57 48 4 29 4 52 4 29 4 34 12 4 34 4 9 4 14 4 34 34 4 17 4 36 4 35 9 4 16 4 29 25 4 47 4 30 4 97 53 4 41 4 55 4 43 46 4 5 4 50 4 1 25 4 46 4 10 4 15 21 16 49 16 92 17 4 1 50 16 44 16 70 25 4 38 4 27 18 4 14 4 9 4 110 46 4 37 4 39 4 23 4 41 22 4 48 4 0 37 4 15 4 53 4 19 4 21 48 4 25 4 50 4 46 13 4 10 4 39 4 33 26 4 43 4 34 4 102 38 4 19 4 40 4 91 41 4 57 4 43 4 26 4 18 17 4 43 4 54 4 46 4 75 24 4 36 4 55 4 45 48 4 25 4 28 4 7 16 4 5 4 18 4 
iteration 1622 best: 1.01397 time: 479628
55 29 4 23 4 24 4 74 39 4 36 4 85 27 4 9 4 33 4 107 11 4 6 4 16 4 79 12 4 36 4 24 4 79 26 4 29 4 18 4 19 4 40 29 4 30 4 28 4 75 38 4 38 4 10 17 4 6 4 73 51 4 50 4 56 4 16 4 70 30 4 21 4 25 36 4 6 4 46 45 4 49 4 40 4 36 4 34 4 85 34 4 33 4 22 4 48 4 86 22 4 33 4 90 28 4 5 4 20 4 24 4 65 26 4 48 4 37 4 22 23 4 48 4 75 35 4 8 4 62 14 20 41 42 4 22 4 41 4 47 56 20 13 30 4 43 4 41 4 69 24 4 36 4 39 4 51 4 57 42 4 37 4 71 8 4 21 4 39 4 93 28 4 32 4 31 49 4 10 4 10 4 67 34 4 29 4 37 4 44 52 4 34 4 29 9 4 7 4 41 11 4 96 26 4 8 4 36 4 41 25 4 43 4 61 18 4 27 4 12 19 4 36 4 20 36 4 52 4 74 9 4 27 4 70 26 4 38 4 84 44 4 7 4 61 12 4 5 4 64 22 4 23 4 26 4 81 25 4 55 4 51 16 4 31 4 44 4 37 55 4 29 4 33 4 57 48 4 29 4 52 4 29 4 34 12 4 34 4 9 4 14 4 34 34 4 17 4 36 4 35 9 4 16 4 29 25 4 47 4 30 4 97 53 4 41 4 55 4 43 46 4 5 4 50 4 1 25 4 46 4 10 4 15 21 16 49 16 92 17 4 1 50 16 44 16 70 25 4 38 4 27 18 4 14 4 9 4 110 46 4 37 4 39 4 23 4 41 22 4 48 4 0 37 4 15 4 53 4 19 4 21 48 4 25 4 50 4 46 13 4 10 4 39 4 33 26 4 43 4 34 4 102 38 4 19 4 40 4 91 41 4 57 4 43 4 26 4 18 17 4 43 4 54 4 46 4 75 24 4 36 4 55 4 45 48 4 25 4 28 4 7 16 4 5 4 18 4 
iteration 1647 best: 1.01397 time: 487004
55 29 4 23 4 24 4 74 39 4 36 4 85 27 4 9 4 33 4 107 11 4 6 4 16 4 79 12 4 36 4 24 4 79 26 4 29 4 18 4 19 4 40 29 4 30 4 28 4 75 38 4 38 4 10 17 4 6 4 73 51 4 50 4 56 4 16 4 70 30 4 21 4 25 36 4 6 4 46 45 4 49 4 40 4 36 4 34 4 85 34 4 33 4 22 4 48 4 86 22 4 33 4 90 28 4 5 4 20 4 24 4 65 26 4 48 4 37 4 22 23 4 48 4 75 35 4 8 4 62 14 20 41 42 4 22 4 41 4 47 56 20 13 30 4 43 4 41 4 69 24 4 36 4 39 4 51 4 57 42 4 37 4 71 8 4 21 4 39 4 93 28 4 32 4 31 49 4 10 4 10 4 67 34 4 29 4 37 4 44 52 4 34 4 29 9 4 7 4 41 11 4 96 26 4 8 4 36 4 41 25 4 43 4 61 18 4 27 4 12 19 4 36 4 20 36 4 52 4 74 9 4 27 4 70 26 4 38 4 84 44 4 7 4 61 12 4 5 4 64 22 4 23 4 26 4 81 25 4 55 4 51 16 4 31 4 44 4 37 55 4 29 4 33 4 57 48 4 29 4 52 4 29 4 34 12 4 34 4 9 4 14 4 34 34 4 17 4 36 4 35 9 4 16 4 29 25 4 47 4 30 4 97 53 4 41 4 55 4 43 46 4 5 4 50 4 1 25 4 46 4 10 4 15 21 16 49 16 92 17 4 1 50 16 44 16 70 25 4 38 4 27 18 4 14 4 9 4 110 46 4 37 4 39 4 23 4 41 22 4 48 4 0 37 4 15 4 53 4 19 4 21 48 4 25 4 50 4 46 13 4 10 4 39 4 33 26 4 43 4 34 4 102 38 4 19 4 40 4 91 41 4 57 4 43 4 26 4 18 17 4 43 4 54 4 46 4 75 24 4 36 4 55 4 45 48 4 25 4 28 4 7 16 4 5 4 18 4 
iteration 1672 best: 1.01397 time: 494383
55 29 4 23 4 24 4 74 39 4 36 4 85 27 4 9 4 33 4 107 11 4 6 4 16 4 79 12 4 36 4 24 4 79 26 4 29 4 18 4 19 4 40 29 4 30 4 28 4 75 38 4 38 4 10 17 4 6 4 73 51 4 50 4 56 4 16 4 70 30 4 21 4 25 36 4 6 4 46 45 4 49 4 40 4 36 4 34 4 85 34 4 33 4 22 4 48 4 86 22 4 33 4 90 28 4 5 4 20 4 24 4 65 26 4 48 4 37 4 22 23 4 48 4 75 35 4 8 4 62 14 20 41 42 4 22 4 41 4 47 56 20 13 30 4 43 4 41 4 69 24 4 36 4 39 4 51 4 57 42 4 37 4 71 8 4 21 4 39 4 93 28 4 32 4 31 49 4 10 4 10 4 67 34 4 29 4 37 4 44 52 4 34 4 29 9 4 7 4 41 11 4 96 26 4 8 4 36 4 41 25 4 43 4 61 18 4 27 4 12 19 4 36 4 20 36 4 52 4 74 9 4 27 4 70 26 4 38 4 84 44 4 7 4 61 12 4 5 4 64 22 4 23 4 26 4 81 25 4 55 4 51 16 4 31 4 44 4 37 55 4 29 4 33 4 57 48 4 29 4 52 4 29 4 34 12 4 34 4 9 4 14 4 34 34 4 17 4 36 4 35 9 4 16 4 29 25 4 47 4 30 4 97 53 4 41 4 55 4 43 46 4 5 4 50 4 1 25 4 46 4 10 4 15 21 16 49 16 92 17 4 1 50 16 44 16 70 25 4 38 4 27 18 4 14 4 9 4 110 46 4 37 4 39 4 23 4 41 22 4 48 4 0 37 4 15 4 53 4 19 4 21 48 4 25 4 50 4 46 13 4 10 4 39 4 33 26 4 43 4 34 4 102 38 4 19 4 40 4 91 41 4 57 4 43 4 26 4 18 17 4 43 4 54 4 46 4 75 24 4 36 4 55 4 45 48 4 25 4 28 4 7 16 4 5 4 18 4 
iteration 1697 best: 1.01397 time: 501770
55 29 4 23 4 24 4 74 39 4 36 4 85 27 4 9 4 33 4 107 11 4 6 4 16 4 79 12 4 36 4 24 4 79 26 4 29 4 18 4 19 4 40 29 4 30 4 28 4 75 38 4 38 4 10 17 4 6 4 73 51 4 50 4 56 4 16 4 70 30 4 21 4 25 36 4 6 4 46 45 4 49 4 40 4 36 4 34 4 85 34 4 33 4 22 4 48 4 86 22 4 33 4 90 28 4 5 4 20 4 24 4 65 26 4 48 4 37 4 22 23 4 48 4 75 35 4 8 4 62 14 20 41 42 4 22 4 41 4 47 56 20 13 30 4 43 4 41 4 69 24 4 36 4 39 4 51 4 57 42 4 37 4 71 8 4 21 4 39 4 93 28 4 32 4 31 49 4 10 4 10 4 67 34 4 29 4 37 4 44 52 4 34 4 29 9 4 7 4 41 11 4 96 26 4 8 4 36 4 41 25 4 43 4 61 18 4 27 4 12 19 4 36 4 20 36 4 52 4 74 9 4 27 4 70 26 4 38 4 84 44 4 7 4 61 12 4 5 4 64 22 4 23 4 26 4 81 25 4 55 4 51 16 4 31 4 44 4 37 55 4 29 4 33 4 57 48 4 29 4 52 4 29 4 34 12 4 34 4 9 4 14 4 34 34 4 17 4 36 4 35 9 4 16 4 29 25 4 47 4 30 4 97 53 4 41 4 55 4 43 46 4 5 4 50 4 1 25 4 46 4 10 4 15 21 16 49 16 92 17 4 1 50 16 44 16 70 25 4 38 4 27 18 4 14 4 9 4 110 46 4 37 4 39 4 23 4 41 22 4 48 4 0 37 4 15 4 53 4 19 4 21 48 4 25 4 50 4 46 13 4 10 4 39 4 33 26 4 43 4 34 4 102 38 4 19 4 40 4 91 41 4 57 4 43 4 26 4 18 17 4 43 4 54 4 46 4 75 24 4 36 4 55 4 45 48 4 25 4 28 4 7 16 4 5 4 18 4 
iteration 1722 best: 1.01397 time: 509140
55 29 4 23 4 24 4 74 39 4 36 4 85 27 4 9 4 33 4 107 11 4 6 4 16 4 79 12 4 36 4 24 4 79 26 4 29 4 18 4 19 4 40 29 4 30 4 28 4 75 38 4 38 4 10 17 4 6 4 73 51 4 50 4 56 4 16 4 70 30 4 21 4 25 36 4 6 4 46 45 4 49 4 40 4 36 4 34 4 85 34 4 33 4 22 4 48 4 86 22 4 33 4 90 28 4 5 4 20 4 24 4 65 26 4 48 4 37 4 22 23 4 48 4 75 35 4 8 4 62 14 20 41 42 4 22 4 41 4 47 56 20 13 30 4 43 4 41 4 69 24 4 36 4 39 4 51 4 57 42 4 37 4 71 8 4 21 4 39 4 93 28 4 32 4 31 49 4 10 4 10 4 67 34 4 29 4 37 4 44 52 4 34 4 29 9 4 7 4 41 11 4 96 26 4 8 4 36 4 41 25 4 43 4 61 18 4 27 4 12 19 4 36 4 20 36 4 52 4 74 9 4 27 4 70 26 4 38 4 84 44 4 7 4 61 12 4 5 4 64 22 4 23 4 26 4 81 25 4 55 4 51 16 4 31 4 44 4 37 55 4 29 4 33 4 57 48 4 29 4 52 4 29 4 34 12 4 34 4 9 4 14 4 34 34 4 17 4 36 4 35 9 4 16 4 29 25 4 47 4 30 4 97 53 4 41 4 55 4 43 46 4 5 4 50 4 1 25 4 46 4 10 4 15 21 16 49 16 92 17 4 1 50 16 44 16 70 25 4 38 4 27 18 4 14 4 9 4 110 46 4 37 4 39 4 23 4 41 22 4 48 4 0 37 4 15 4 53 4 19 4 21 48 4 25 4 50 4 46 13 4 10 4 39 4 33 26 4 43 4 34 4 102 38 4 19 4 40 4 91 41 4 57 4 43 4 26 4 18 17 4 43 4 54 4 46 4 75 24 4 36 4 55 4 45 48 4 25 4 28 4 7 16 4 5 4 18 4 
iteration 1747 best: 1.01397 time: 516533
55 29 4 23 4 24 4 74 39 4 36 4 85 27 4 9 4 33 4 107 11 4 6 4 16 4 79 12 4 36 4 24 4 79 26 4 29 4 18 4 19 4 40 29 4 30 4 28 4 75 38 4 38 4 10 17 4 6 4 73 51 4 50 4 56 4 16 4 70 30 4 21 4 25 36 4 6 4 46 45 4 49 4 40 4 36 4 34 4 85 34 4 33 4 22 4 48 4 86 22 4 33 4 90 28 4 5 4 20 4 24 4 65 26 4 48 4 37 4 22 23 4 48 4 75 35 4 8 4 62 14 20 41 42 4 22 4 41 4 47 56 20 13 30 4 43 4 41 4 69 24 4 36 4 39 4 51 4 57 42 4 37 4 71 8 4 21 4 39 4 93 28 4 32 4 31 49 4 10 4 10 4 67 34 4 29 4 37 4 44 52 4 34 4 29 9 4 7 4 41 11 4 96 26 4 8 4 36 4 41 25 4 43 4 61 18 4 27 4 12 19 4 36 4 20 36 4 52 4 74 9 4 27 4 70 26 4 38 4 84 44 4 7 4 61 12 4 5 4 64 22 4 23 4 26 4 81 25 4 55 4 51 16 4 31 4 44 4 37 55 4 29 4 33 4 57 48 4 29 4 52 4 29 4 34 12 4 34 4 9 4 14 4 34 34 4 17 4 36 4 35 9 4 16 4 29 25 4 47 4 30 4 97 53 4 41 4 55 4 43 46 4 5 4 50 4 1 25 4 46 4 10 4 15 21 16 49 16 92 17 4 1 50 16 44 16 70 25 4 38 4 27 18 4 14 4 9 4 110 46 4 37 4 39 4 23 4 41 22 4 48 4 0 37 4 15 4 53 4 19 4 21 48 4 25 4 50 4 46 13 4 10 4 39 4 33 26 4 43 4 34 4 102 38 4 19 4 40 4 91 41 4 57 4 43 4 26 4 18 17 4 43 4 54 4 46 4 75 24 4 36 4 55 4 45 48 4 25 4 28 4 7 16 4 5 4 18 4 
iteration 1772 best: 1.01397 time: 523898
55 29 4 23 4 24 4 74 39 4 36 4 85 27 4 9 4 33 4 107 11 4 6 4 16 4 79 12 4 36 4 24 4 79 26 4 29 4 18 4 19 4 40 29 4 30 4 28 4 75 38 4 38 4 10 17 4 6 4 73 51 4 50 4 56 4 16 4 70 30 4 21 4 25 36 4 6 4 46 45 4 49 4 40 4 36 4 34 4 85 34 4 33 4 22 4 48 4 86 22 4 33 4 90 28 4 5 4 20 4 24 4 65 26 4 48 4 37 4 22 23 4 48 4 75 35 4 8 4 62 14 20 41 42 4 22 4 41 4 47 56 20 13 30 4 43 4 41 4 69 24 4 36 4 39 4 51 4 57 42 4 37 4 71 8 4 21 4 39 4 93 28 4 32 4 31 49 4 10 4 10 4 67 34 4 29 4 37 4 44 52 4 34 4 29 9 4 7 4 41 11 4 96 26 4 8 4 36 4 41 25 4 43 4 61 18 4 27 4 12 19 4 36 4 20 36 4 52 4 74 9 4 27 4 70 26 4 38 4 84 44 4 7 4 61 12 4 5 4 64 22 4 23 4 26 4 81 25 4 55 4 51 16 4 31 4 44 4 37 55 4 29 4 33 4 57 48 4 29 4 52 4 29 4 34 12 4 34 4 9 4 14 4 34 34 4 17 4 36 4 35 9 4 16 4 29 25 4 47 4 30 4 97 53 4 41 4 55 4 43 46 4 5 4 50 4 1 25 4 46 4 10 4 15 21 16 49 16 92 17 4 1 50 16 44 16 70 25 4 38 4 27 18 4 14 4 9 4 110 46 4 37 4 39 4 23 4 41 22 4 48 4 0 37 4 15 4 53 4 19 4 21 48 4 25 4 50 4 46 13 4 10 4 39 4 33 26 4 43 4 34 4 102 38 4 19 4 40 4 91 41 4 57 4 43 4 26 4 18 17 4 43 4 54 4 46 4 75 24 4 36 4 55 4 45 48 4 25 4 28 4 7 16 4 5 4 18 4 
iteration 1797 best: 1.01397 time: 531301
55 29 4 23 4 24 4 74 39 4 36 4 85 27 4 9 4 33 4 107 11 4 6 4 16 4 79 12 4 36 4 24 4 79 26 4 29 4 18 4 19 4 40 29 4 30 4 28 4 75 38 4 38 4 10 17 4 6 4 73 51 4 50 4 56 4 16 4 70 30 4 21 4 25 36 4 6 4 46 45 4 49 4 40 4 36 4 34 4 85 34 4 33 4 22 4 48 4 86 22 4 33 4 90 28 4 5 4 20 4 24 4 65 26 4 48 4 37 4 22 23 4 48 4 75 35 4 8 4 62 14 20 41 42 4 22 4 41 4 47 56 20 13 30 4 43 4 41 4 69 24 4 36 4 39 4 51 4 57 42 4 37 4 71 8 4 21 4 39 4 93 28 4 32 4 31 49 4 10 4 10 4 67 34 4 29 4 37 4 44 52 4 34 4 29 9 4 7 4 41 11 4 96 26 4 8 4 36 4 41 25 4 43 4 61 18 4 27 4 12 19 4 36 4 20 36 4 52 4 74 9 4 27 4 70 26 4 38 4 84 44 4 7 4 61 12 4 5 4 64 22 4 23 4 26 4 81 25 4 55 4 51 16 4 31 4 44 4 37 55 4 29 4 33 4 57 48 4 29 4 52 4 29 4 34 12 4 34 4 9 4 14 4 34 34 4 17 4 36 4 35 9 4 16 4 29 25 4 47 4 30 4 97 53 4 41 4 55 4 43 46 4 5 4 50 4 1 25 4 46 4 10 4 15 21 16 49 16 92 17 4 1 50 16 44 16 70 25 4 38 4 27 18 4 14 4 9 4 110 46 4 37 4 39 4 23 4 41 22 4 48 4 0 37 4 15 4 53 4 19 4 21 48 4 25 4 50 4 46 13 4 10 4 39 4 33 26 4 43 4 34 4 102 38 4 19 4 40 4 91 41 4 57 4 43 4 26 4 18 17 4 43 4 54 4 46 4 75 24 4 36 4 55 4 45 48 4 25 4 28 4 7 16 4 5 4 18 4 
iteration 1822 best: 1.01397 time: 538702
55 29 4 23 4 24 4 74 39 4 36 4 85 27 4 9 4 33 4 107 11 4 6 4 16 4 79 12 4 36 4 24 4 79 26 4 29 4 18 4 19 4 40 29 4 30 4 28 4 75 38 4 38 4 10 17 4 6 4 73 51 4 50 4 56 4 16 4 70 30 4 21 4 25 36 4 6 4 46 45 4 49 4 40 4 36 4 34 4 85 34 4 33 4 22 4 48 4 86 22 4 33 4 90 28 4 5 4 20 4 24 4 65 26 4 48 4 37 4 22 23 4 48 4 75 35 4 8 4 62 14 20 41 42 4 22 4 41 4 47 56 20 13 30 4 43 4 41 4 69 24 4 36 4 39 4 51 4 57 42 4 37 4 71 8 4 21 4 39 4 93 28 4 32 4 31 49 4 10 4 10 4 67 34 4 29 4 37 4 44 52 4 34 4 29 9 4 7 4 41 11 4 96 26 4 8 4 36 4 41 25 4 43 4 61 18 4 27 4 12 19 4 36 4 20 36 4 52 4 74 9 4 27 4 70 26 4 38 4 84 44 4 7 4 61 12 4 5 4 64 22 4 23 4 26 4 81 25 4 55 4 51 16 4 31 4 44 4 37 55 4 29 4 33 4 57 48 4 29 4 52 4 29 4 34 12 4 34 4 9 4 14 4 34 34 4 17 4 36 4 35 9 4 16 4 29 25 4 47 4 30 4 97 53 4 41 4 55 4 43 46 4 5 4 50 4 1 25 4 46 4 10 4 15 21 16 49 16 92 17 4 1 50 16 44 16 70 25 4 38 4 27 18 4 14 4 9 4 110 46 4 37 4 39 4 23 4 41 22 4 48 4 0 37 4 15 4 53 4 19 4 21 48 4 25 4 50 4 46 13 4 10 4 39 4 33 26 4 43 4 34 4 102 38 4 19 4 40 4 91 41 4 57 4 43 4 26 4 18 17 4 43 4 54 4 46 4 75 24 4 36 4 55 4 45 48 4 25 4 28 4 7 16 4 5 4 18 4 
iteration 1847 best: 1.01397 time: 546078
55 29 4 23 4 24 4 74 39 4 36 4 85 27 4 9 4 33 4 107 11 4 6 4 16 4 79 12 4 36 4 24 4 79 26 4 29 4 18 4 19 4 40 29 4 30 4 28 4 75 38 4 38 4 10 17 4 6 4 73 51 4 50 4 56 4 16 4 70 30 4 21 4 25 36 4 6 4 46 45 4 49 4 40 4 36 4 34 4 85 34 4 33 4 22 4 48 4 86 22 4 33 4 90 28 4 5 4 20 4 24 4 65 26 4 48 4 37 4 22 23 4 48 4 75 35 4 8 4 62 14 20 41 42 4 22 4 41 4 47 56 20 13 30 4 43 4 41 4 69 24 4 36 4 39 4 51 4 57 42 4 37 4 71 8 4 21 4 39 4 93 28 4 32 4 31 49 4 10 4 10 4 67 34 4 29 4 37 4 44 52 4 34 4 29 9 4 7 4 41 11 4 96 26 4 8 4 36 4 41 25 4 43 4 61 18 4 27 4 12 19 4 36 4 20 36 4 52 4 74 9 4 27 4 70 26 4 38 4 84 44 4 7 4 61 12 4 5 4 64 22 4 23 4 26 4 81 25 4 55 4 51 16 4 31 4 44 4 37 55 4 29 4 33 4 57 48 4 29 4 52 4 29 4 34 12 4 34 4 9 4 14 4 34 34 4 17 4 36 4 35 9 4 16 4 29 25 4 47 4 30 4 97 53 4 41 4 55 4 43 46 4 5 4 50 4 1 25 4 46 4 10 4 15 21 16 49 16 92 17 4 1 50 16 44 16 70 25 4 38 4 27 18 4 14 4 9 4 110 46 4 37 4 39 4 23 4 41 22 4 48 4 0 37 4 15 4 53 4 19 4 21 48 4 25 4 50 4 46 13 4 10 4 39 4 33 26 4 43 4 34 4 102 38 4 19 4 40 4 91 41 4 57 4 43 4 26 4 18 17 4 43 4 54 4 46 4 75 24 4 36 4 55 4 45 48 4 25 4 28 4 7 16 4 5 4 18 4 
iteration 1872 best: 1.01397 time: 553460
55 29 4 23 4 24 4 74 39 4 36 4 85 27 4 9 4 33 4 107 11 4 6 4 16 4 79 12 4 36 4 24 4 79 26 4 29 4 18 4 19 4 40 29 4 30 4 28 4 75 38 4 38 4 10 17 4 6 4 73 51 4 50 4 56 4 16 4 70 30 4 21 4 25 36 4 6 4 46 45 4 49 4 40 4 36 4 34 4 85 34 4 33 4 22 4 48 4 86 22 4 33 4 90 28 4 5 4 20 4 24 4 65 26 4 48 4 37 4 22 23 4 48 4 75 35 4 8 4 62 14 20 41 42 4 22 4 41 4 47 56 20 13 30 4 43 4 41 4 69 24 4 36 4 39 4 51 4 57 42 4 37 4 71 8 4 21 4 39 4 93 28 4 32 4 31 49 4 10 4 10 4 67 34 4 29 4 37 4 44 52 4 34 4 29 9 4 7 4 41 11 4 96 26 4 8 4 36 4 41 25 4 43 4 61 18 4 27 4 12 19 4 36 4 20 36 4 52 4 74 9 4 27 4 70 26 4 38 4 84 44 4 7 4 61 12 4 5 4 64 22 4 23 4 26 4 81 25 4 55 4 51 16 4 31 4 44 4 37 55 4 29 4 33 4 57 48 4 29 4 52 4 29 4 34 12 4 34 4 9 4 14 4 34 34 4 17 4 36 4 35 9 4 16 4 29 25 4 47 4 30 4 97 53 4 41 4 55 4 43 46 4 5 4 50 4 1 25 4 46 4 10 4 15 21 16 49 16 92 17 4 1 50 16 44 16 70 25 4 38 4 27 18 4 14 4 9 4 110 46 4 37 4 39 4 23 4 41 22 4 48 4 0 37 4 15 4 53 4 19 4 21 48 4 25 4 50 4 46 13 4 10 4 39 4 33 26 4 43 4 34 4 102 38 4 19 4 40 4 91 41 4 57 4 43 4 26 4 18 17 4 43 4 54 4 46 4 75 24 4 36 4 55 4 45 48 4 25 4 28 4 7 16 4 5 4 18 4 
iteration 1897 best: 1.01397 time: 560855
55 29 4 23 4 24 4 74 39 4 36 4 85 27 4 9 4 33 4 107 11 4 6 4 16 4 79 12 4 36 4 24 4 79 26 4 29 4 18 4 19 4 40 29 4 30 4 28 4 75 38 4 38 4 10 17 4 6 4 73 51 4 50 4 56 4 16 4 70 30 4 21 4 25 36 4 6 4 46 45 4 49 4 40 4 36 4 34 4 85 34 4 33 4 22 4 48 4 86 22 4 33 4 90 28 4 5 4 20 4 24 4 65 26 4 48 4 37 4 22 23 4 48 4 75 35 4 8 4 62 14 20 41 42 4 22 4 41 4 47 56 20 13 30 4 43 4 41 4 69 24 4 36 4 39 4 51 4 57 42 4 37 4 71 8 4 21 4 39 4 93 28 4 32 4 31 49 4 10 4 10 4 67 34 4 29 4 37 4 44 52 4 34 4 29 9 4 7 4 41 11 4 96 26 4 8 4 36 4 41 25 4 43 4 61 18 4 27 4 12 19 4 36 4 20 36 4 52 4 74 9 4 27 4 70 26 4 38 4 84 44 4 7 4 61 12 4 5 4 64 22 4 23 4 26 4 81 25 4 55 4 51 16 4 31 4 44 4 37 55 4 29 4 33 4 57 48 4 29 4 52 4 29 4 34 12 4 34 4 9 4 14 4 34 34 4 17 4 36 4 35 9 4 16 4 29 25 4 47 4 30 4 97 53 4 41 4 55 4 43 46 4 5 4 50 4 1 25 4 46 4 10 4 15 21 16 49 16 92 17 4 1 50 16 44 16 70 25 4 38 4 27 18 4 14 4 9 4 110 46 4 37 4 39 4 23 4 41 22 4 48 4 0 37 4 15 4 53 4 19 4 21 48 4 25 4 50 4 46 13 4 10 4 39 4 33 26 4 43 4 34 4 102 38 4 19 4 40 4 91 41 4 57 4 43 4 26 4 18 17 4 43 4 54 4 46 4 75 24 4 36 4 55 4 45 48 4 25 4 28 4 7 16 4 5 4 18 4 
iteration 1922 best: 1.01397 time: 568246
55 29 4 23 4 24 4 74 39 4 36 4 85 27 4 9 4 33 4 107 11 4 6 4 16 4 79 12 4 36 4 24 4 79 26 4 29 4 18 4 19 4 40 29 4 30 4 28 4 75 38 4 38 4 10 17 4 6 4 73 51 4 50 4 56 4 16 4 70 30 4 21 4 25 36 4 6 4 46 45 4 49 4 40 4 36 4 34 4 85 34 4 33 4 22 4 48 4 86 22 4 33 4 90 28 4 5 4 20 4 24 4 65 26 4 48 4 37 4 22 23 4 48 4 75 35 4 8 4 62 14 20 41 42 4 22 4 41 4 47 56 20 13 30 4 43 4 41 4 69 24 4 36 4 39 4 51 4 57 42 4 37 4 71 8 4 21 4 39 4 93 28 4 32 4 31 49 4 10 4 10 4 67 34 4 29 4 37 4 44 52 4 34 4 29 9 4 7 4 41 11 4 96 26 4 8 4 36 4 41 25 4 43 4 61 18 4 27 4 12 19 4 36 4 20 36 4 52 4 74 9 4 27 4 70 26 4 38 4 84 44 4 7 4 61 12 4 5 4 64 22 4 23 4 26 4 81 25 4 55 4 51 16 4 31 4 44 4 37 55 4 29 4 33 4 57 48 4 29 4 52 4 29 4 34 12 4 34 4 9 4 14 4 34 34 4 17 4 36 4 35 9 4 16 4 29 25 4 47 4 30 4 97 53 4 41 4 55 4 43 46 4 5 4 50 4 1 25 4 46 4 10 4 15 21 16 49 16 92 17 4 1 50 16 44 16 70 25 4 38 4 27 18 4 14 4 9 4 110 46 4 37 4 39 4 23 4 41 22 4 48 4 0 37 4 15 4 53 4 19 4 21 48 4 25 4 50 4 46 13 4 10 4 39 4 33 26 4 43 4 34 4 102 38 4 19 4 40 4 91 41 4 57 4 43 4 26 4 18 17 4 43 4 54 4 46 4 75 24 4 36 4 55 4 45 48 4 25 4 28 4 7 16 4 5 4 18 4 
iteration 1947 best: 1.01397 time: 575612
55 29 4 23 4 24 4 74 39 4 36 4 85 27 4 9 4 33 4 107 11 4 6 4 16 4 79 12 4 36 4 24 4 79 26 4 29 4 18 4 19 4 40 29 4 30 4 28 4 75 38 4 38 4 10 17 4 6 4 73 51 4 50 4 56 4 16 4 70 30 4 21 4 25 36 4 6 4 46 45 4 49 4 40 4 36 4 34 4 85 34 4 33 4 22 4 48 4 86 22 4 33 4 90 28 4 5 4 20 4 24 4 65 26 4 48 4 37 4 22 23 4 48 4 75 35 4 8 4 62 14 20 41 42 4 22 4 41 4 47 56 20 13 30 4 43 4 41 4 69 24 4 36 4 39 4 51 4 57 42 4 37 4 71 8 4 21 4 39 4 93 28 4 32 4 31 49 4 10 4 10 4 67 34 4 29 4 37 4 44 52 4 34 4 29 9 4 7 4 41 11 4 96 26 4 8 4 36 4 41 25 4 43 4 61 18 4 27 4 12 19 4 36 4 20 36 4 52 4 74 9 4 27 4 70 26 4 38 4 84 44 4 7 4 61 12 4 5 4 64 22 4 23 4 26 4 81 25 4 55 4 51 16 4 31 4 44 4 37 55 4 29 4 33 4 57 48 4 29 4 52 4 29 4 34 12 4 34 4 9 4 14 4 34 34 4 17 4 36 4 35 9 4 16 4 29 25 4 47 4 30 4 97 53 4 41 4 55 4 43 46 4 5 4 50 4 1 25 4 46 4 10 4 15 21 16 49 16 92 17 4 1 50 16 44 16 70 25 4 38 4 27 18 4 14 4 9 4 110 46 4 37 4 39 4 23 4 41 22 4 48 4 0 37 4 15 4 53 4 19 4 21 48 4 25 4 50 4 46 13 4 10 4 39 4 33 26 4 43 4 34 4 102 38 4 19 4 40 4 91 41 4 57 4 43 4 26 4 18 17 4 43 4 54 4 46 4 75 24 4 36 4 55 4 45 48 4 25 4 28 4 7 16 4 5 4 18 4 
iteration 1972 best: 1.01397 time: 582983
55 29 4 23 4 24 4 74 39 4 36 4 85 27 4 9 4 33 4 107 11 4 6 4 16 4 79 12 4 36 4 24 4 79 26 4 29 4 18 4 19 4 40 29 4 30 4 28 4 75 38 4 38 4 10 17 4 6 4 73 51 4 50 4 56 4 16 4 70 30 4 21 4 25 36 4 6 4 46 45 4 49 4 40 4 36 4 34 4 85 34 4 33 4 22 4 48 4 86 22 4 33 4 90 28 4 5 4 20 4 24 4 65 26 4 48 4 37 4 22 23 4 48 4 75 35 4 8 4 62 14 20 41 42 4 22 4 41 4 47 56 20 13 30 4 43 4 41 4 69 24 4 36 4 39 4 51 4 57 42 4 37 4 71 8 4 21 4 39 4 93 28 4 32 4 31 49 4 10 4 10 4 67 34 4 29 4 37 4 44 52 4 34 4 29 9 4 7 4 41 11 4 96 26 4 8 4 36 4 41 25 4 43 4 61 18 4 27 4 12 19 4 36 4 20 36 4 52 4 74 9 4 27 4 70 26 4 38 4 84 44 4 7 4 61 12 4 5 4 64 22 4 23 4 26 4 81 25 4 55 4 51 16 4 31 4 44 4 37 55 4 29 4 33 4 57 48 4 29 4 52 4 29 4 34 12 4 34 4 9 4 14 4 34 34 4 17 4 36 4 35 9 4 16 4 29 25 4 47 4 30 4 97 53 4 41 4 55 4 43 46 4 5 4 50 4 1 25 4 46 4 10 4 15 21 16 49 16 92 17 4 1 50 16 44 16 70 25 4 38 4 27 18 4 14 4 9 4 110 46 4 37 4 39 4 23 4 41 22 4 48 4 0 37 4 15 4 53 4 19 4 21 48 4 25 4 50 4 46 13 4 10 4 39 4 33 26 4 43 4 34 4 102 38 4 19 4 40 4 91 41 4 57 4 43 4 26 4 18 17 4 43 4 54 4 46 4 75 24 4 36 4 55 4 45 48 4 25 4 28 4 7 16 4 5 4 18 4 
iteration 1997 best: 1.01397 time: 590353
55 29 4 23 4 24 4 74 39 4 36 4 85 27 4 9 4 33 4 107 11 4 6 4 16 4 79 12 4 36 4 24 4 79 26 4 29 4 18 4 19 4 40 29 4 30 4 28 4 75 38 4 38 4 10 17 4 6 4 73 51 4 50 4 56 4 16 4 70 30 4 21 4 25 36 4 6 4 46 45 4 49 4 40 4 36 4 34 4 85 34 4 33 4 22 4 48 4 86 22 4 33 4 90 28 4 5 4 20 4 24 4 65 26 4 48 4 37 4 22 23 4 48 4 75 35 4 8 4 62 14 20 41 42 4 22 4 41 4 47 56 20 13 30 4 43 4 41 4 69 24 4 36 4 39 4 51 4 57 42 4 37 4 71 8 4 21 4 39 4 93 28 4 32 4 31 49 4 10 4 10 4 67 34 4 29 4 37 4 44 52 4 34 4 29 9 4 7 4 41 11 4 96 26 4 8 4 36 4 41 25 4 43 4 61 18 4 27 4 12 19 4 36 4 20 36 4 52 4 74 9 4 27 4 70 26 4 38 4 84 44 4 7 4 61 12 4 5 4 64 22 4 23 4 26 4 81 25 4 55 4 51 16 4 31 4 44 4 37 55 4 29 4 33 4 57 48 4 29 4 52 4 29 4 34 12 4 34 4 9 4 14 4 34 34 4 17 4 36 4 35 9 4 16 4 29 25 4 47 4 30 4 97 53 4 41 4 55 4 43 46 4 5 4 50 4 1 25 4 46 4 10 4 15 21 16 49 16 92 17 4 1 50 16 44 16 70 25 4 38 4 27 18 4 14 4 9 4 110 46 4 37 4 39 4 23 4 41 22 4 48 4 0 37 4 15 4 53 4 19 4 21 48 4 25 4 50 4 46 13 4 10 4 39 4 33 26 4 43 4 34 4 102 38 4 19 4 40 4 91 41 4 57 4 43 4 26 4 18 17 4 43 4 54 4 46 4 75 24 4 36 4 55 4 45 48 4 25 4 28 4 7 16 4 5 4 18 4 
iteration 2022 best: 1.01397 time: 597720
55 29 4 23 4 24 4 74 39 4 36 4 85 27 4 9 4 33 4 107 11 4 6 4 16 4 79 12 4 36 4 24 4 79 26 4 29 4 18 4 19 4 40 29 4 30 4 28 4 75 38 4 38 4 10 17 4 6 4 73 51 4 50 4 56 4 16 4 70 30 4 21 4 25 36 4 6 4 46 45 4 49 4 40 4 36 4 34 4 85 34 4 33 4 22 4 48 4 86 22 4 33 4 90 28 4 5 4 20 4 24 4 65 26 4 48 4 37 4 22 23 4 48 4 75 35 4 8 4 62 14 20 41 42 4 22 4 41 4 47 56 20 13 30 4 43 4 41 4 69 24 4 36 4 39 4 51 4 57 42 4 37 4 71 8 4 21 4 39 4 93 28 4 32 4 31 49 4 10 4 10 4 67 34 4 29 4 37 4 44 52 4 34 4 29 9 4 7 4 41 11 4 96 26 4 8 4 36 4 41 25 4 43 4 61 18 4 27 4 12 19 4 36 4 20 36 4 52 4 74 9 4 27 4 70 26 4 38 4 84 44 4 7 4 61 12 4 5 4 64 22 4 23 4 26 4 81 25 4 55 4 51 16 4 31 4 44 4 37 55 4 29 4 33 4 57 48 4 29 4 52 4 29 4 34 12 4 34 4 9 4 14 4 34 34 4 17 4 36 4 35 9 4 16 4 29 25 4 47 4 30 4 97 53 4 41 4 55 4 43 46 4 5 4 50 4 1 25 4 46 4 10 4 15 21 16 49 16 92 17 4 1 50 16 44 16 70 25 4 38 4 27 18 4 14 4 9 4 110 46 4 37 4 39 4 23 4 41 22 4 48 4 0 37 4 15 4 53 4 19 4 21 48 4 25 4 50 4 46 13 4 10 4 39 4 33 26 4 43 4 34 4 102 38 4 19 4 40 4 91 41 4 57 4 43 4 26 4 18 17 4 43 4 54 4 46 4 75 24 4 36 4 55 4 45 48 4 25 4 28 4 7 16 4 5 4 18 4 
iteration 2047 best: 1.01397 time: 605022
55 29 4 23 4 24 4 74 39 4 36 4 85 27 4 9 4 33 4 107 11 4 6 4 16 4 79 12 4 36 4 24 4 79 26 4 29 4 18 4 19 4 40 29 4 30 4 28 4 75 38 4 38 4 10 17 4 6 4 73 51 4 50 4 56 4 16 4 70 30 4 21 4 25 36 4 6 4 46 45 4 49 4 40 4 36 4 34 4 85 34 4 33 4 22 4 48 4 86 22 4 33 4 90 28 4 5 4 20 4 24 4 65 26 4 48 4 37 4 22 23 4 48 4 75 35 4 8 4 62 14 20 41 42 4 22 4 41 4 47 56 20 13 30 4 43 4 41 4 69 24 4 36 4 39 4 51 4 57 42 4 37 4 71 8 4 21 4 39 4 93 28 4 32 4 31 49 4 10 4 10 4 67 34 4 29 4 37 4 44 52 4 34 4 29 9 4 7 4 41 11 4 96 26 4 8 4 36 4 41 25 4 43 4 61 18 4 27 4 12 19 4 36 4 20 36 4 52 4 74 9 4 27 4 70 26 4 38 4 84 44 4 7 4 61 12 4 5 4 64 22 4 23 4 26 4 81 25 4 55 4 51 16 4 31 4 44 4 37 55 4 29 4 33 4 57 48 4 29 4 52 4 29 4 34 12 4 34 4 9 4 14 4 34 34 4 17 4 36 4 35 9 4 16 4 29 25 4 47 4 30 4 97 53 4 41 4 55 4 43 46 4 5 4 50 4 1 25 4 46 4 10 4 15 21 16 49 16 92 17 4 1 50 16 44 16 70 25 4 38 4 27 18 4 14 4 9 4 110 46 4 37 4 39 4 23 4 41 22 4 48 4 0 37 4 15 4 53 4 19 4 21 48 4 25 4 50 4 46 13 4 10 4 39 4 33 26 4 43 4 34 4 102 38 4 19 4 40 4 91 41 4 57 4 43 4 26 4 18 17 4 43 4 54 4 46 4 75 24 4 36 4 55 4 45 48 4 25 4 28 4 7 16 4 5 4 18 4 
Best solution: 
55 29 4 23 4 24 4 74 39 4 36 4 85 27 4 9 4 33 4 107 11 4 6 4 16 4 79 12 4 36 4 24 4 79 26 4 29 4 18 4 19 4 40 29 4 30 4 28 4 75 38 4 38 4 10 17 4 6 4 73 51 4 50 4 56 4 16 4 70 30 4 21 4 25 36 4 6 4 46 45 4 49 4 40 4 36 4 34 4 85 34 4 33 4 22 4 48 4 86 22 4 33 4 90 28 4 5 4 20 4 24 4 65 26 4 48 4 37 4 22 23 4 48 4 75 35 4 8 4 62 14 20 41 42 4 22 4 41 4 47 56 20 13 30 4 43 4 41 4 69 24 4 36 4 39 4 51 4 57 42 4 37 4 71 8 4 21 4 39 4 93 28 4 32 4 31 49 4 10 4 10 4 67 34 4 29 4 37 4 44 52 4 34 4 29 9 4 7 4 41 11 4 96 26 4 8 4 36 4 41 25 4 43 4 61 18 4 27 4 12 19 4 36 4 20 36 4 52 4 74 9 4 27 4 70 26 4 38 4 84 44 4 7 4 61 12 4 5 4 64 22 4 23 4 26 4 81 25 4 55 4 51 16 4 31 4 44 4 37 55 4 29 4 33 4 57 48 4 29 4 52 4 29 4 34 12 4 34 4 9 4 14 4 34 34 4 17 4 36 4 35 9 4 16 4 29 25 4 47 4 30 4 97 53 4 41 4 55 4 43 46 4 5 4 50 4 1 25 4 46 4 10 4 15 21 16 49 16 92 17 4 1 50 16 44 16 70 25 4 38 4 27 18 4 14 4 9 4 110 46 4 37 4 39 4 23 4 41 22 4 48 4 0 37 4 15 4 53 4 19 4 21 48 4 25 4 50 4 46 13 4 10 4 39 4 33 26 4 43 4 34 4 102 38 4 19 4 40 4 91 41 4 57 4 43 4 26 4 18 17 4 43 4 54 4 46 4 75 24 4 36 4 55 4 45 48 4 25 4 28 4 7 16 4 5 4 18 4 
Fitness: 1.01397
