iteration 1050 best: 1.37759 time: 7206
78 42 4 7 4 12 4 1 7 4 57 4 111 7 4 55 4 21 4 56 57 4 49 4 27 4 57 28 4 21 4 16 4 67 55 4 33 4 40 4 7 4 34 43 4 46 4 26 4 12 23 4 23 4 83 48 4 12 4 97 51 4 14 4 54 4 7 4 14 50 4 23 4 70 47 4 59 4 114 53 4 9 4 56 4 48 4 26 4 33 8 4 6 4 41 4 23 4 110 27 4 31 4 114 32 4 36 4 22 4 20 4 13 19 4 11 4 53 4 36 14 4 43 4 71 19 4 51 4 78 14 20 96 9 4 5 4 27 4 49 27 20 80 33 4 16 4 28 4 62 50 4 50 4 6 4 15 4 115 38 4 19 4 55 23 4 36 4 19 4 16 17 4 15 4 55 58 4 29 4 27 4 8 25 4 40 4 12 4 41 49 4 31 4 100 49 4 53 4 70 5 4 34 41 4 37 4 32 4 98 42 4 10 4 114 50 4 14 4 65 12 4 10 4 54 19 4 28 4 110 30 4 37 4 110 38 4 17 4 7 59 4 6 4 53 34 4 37 4 24 19 4 37 4 8 4 52 15 4 22 4 22 39 4 28 4 42 4 84 37 4 35 4 20 4 89 32 4 21 4 52 4 37 4 107 16 4 30 4 12 4 28 4 97 11 4 18 4 50 4 85 49 4 14 4 116 13 4 59 4 11 4 65 21 4 55 4 45 4 1 37 4 56 4 11 4 27 17 4 20 4 29 4 75 54 16 48 16 54 11 4 115 56 16 21 16 92 7 4 33 4 2 16 4 9 4 15 4 55 17 4 12 4 46 4 5 4 9 41 4 37 4 10 6 4 33 4 46 4 45 4 2 48 4 56 4 35 4 14 31 4 24 4 32 4 32 21 4 39 4 54 4 75 54 4 54 4 22 4 38 11 4 57 4 57 4 57 4 45 7 4 13 4 53 4 26 4 83 41 4 55 4 36 4 31 14 4 11 4 9 4 49 36 4 36 4 51 4 
iteration 2133 best: 1.32681 time: 14412
78 42 4 7 4 12 4 1 5 4 57 4 111 7 4 55 4 21 4 56 57 4 49 4 27 4 57 28 4 21 4 16 4 67 55 4 33 4 40 4 7 4 34 43 4 46 4 26 4 12 23 4 23 4 83 48 4 12 4 97 51 4 14 4 54 4 7 4 14 50 4 23 4 70 47 4 59 4 114 53 4 9 4 56 4 48 4 26 4 33 8 4 6 4 41 4 23 4 110 27 4 31 4 114 32 4 36 4 17 4 20 4 13 19 4 11 4 53 4 36 14 4 43 4 66 19 4 51 4 78 14 20 96 7 4 5 4 27 4 49 27 20 80 33 4 16 4 28 4 62 50 4 50 4 6 4 15 4 115 38 4 19 4 55 23 4 36 4 19 4 16 17 4 15 4 55 58 4 29 4 27 4 8 25 4 40 4 12 4 41 49 4 31 4 100 49 4 53 4 70 5 4 34 41 4 37 4 32 4 98 42 4 14 4 114 50 4 18 4 65 12 4 10 4 53 19 4 28 4 110 30 4 37 4 110 38 4 17 4 7 59 4 6 4 53 34 4 37 4 21 19 4 37 4 8 4 52 15 4 22 4 22 39 4 28 4 42 4 84 37 4 35 4 20 4 89 32 4 21 4 52 4 37 4 107 16 4 30 4 12 4 28 4 97 11 4 18 4 50 4 85 50 4 14 4 116 13 4 59 4 11 4 65 21 4 55 4 45 4 1 37 4 56 4 11 4 27 17 4 20 4 29 4 75 54 16 48 16 54 11 4 115 56 16 21 16 92 7 4 34 4 2 16 4 9 4 15 4 55 17 4 12 4 46 4 5 4 9 41 4 37 4 10 6 4 33 4 46 4 45 4 2 48 4 56 4 35 4 14 31 4 24 4 32 4 32 21 4 39 4 54 4 75 54 4 54 4 22 4 38 11 4 57 4 57 4 59 4 45 7 4 13 4 53 4 26 4 83 41 4 55 4 36 4 31 14 4 11 4 9 4 49 36 4 36 4 51 4 
iteration 3024 best: 1.32681 time: 21614
78 42 4 7 4 12 4 1 5 4 57 4 111 7 4 55 4 21 4 56 57 4 49 4 27 4 57 28 4 21 4 16 4 67 55 4 33 4 40 4 7 4 34 43 4 46 4 26 4 12 23 4 23 4 83 48 4 12 4 97 51 4 14 4 54 4 7 4 14 50 4 23 4 70 47 4 59 4 114 53 4 9 4 56 4 48 4 26 4 33 8 4 6 4 41 4 23 4 110 27 4 31 4 114 32 4 36 4 17 4 20 4 13 19 4 11 4 53 4 36 14 4 43 4 66 19 4 51 4 78 14 20 96 7 4 5 4 27 4 49 27 20 80 33 4 16 4 28 4 62 50 4 50 4 6 4 15 4 115 38 4 19 4 55 23 4 36 4 19 4 16 17 4 15 4 55 58 4 29 4 27 4 8 25 4 40 4 12 4 41 49 4 31 4 100 49 4 53 4 70 5 4 34 41 4 37 4 32 4 98 42 4 14 4 114 50 4 18 4 65 12 4 10 4 53 19 4 28 4 110 30 4 37 4 110 38 4 17 4 7 59 4 6 4 53 34 4 37 4 21 19 4 37 4 8 4 52 15 4 22 4 22 39 4 28 4 42 4 84 37 4 35 4 20 4 89 32 4 21 4 52 4 37 4 107 16 4 30 4 12 4 28 4 97 11 4 18 4 50 4 85 50 4 14 4 116 13 4 59 4 11 4 65 21 4 55 4 45 4 1 37 4 56 4 11 4 27 17 4 20 4 29 4 75 54 16 48 16 54 11 4 115 56 16 21 16 92 7 4 34 4 2 16 4 9 4 15 4 55 17 4 12 4 46 4 5 4 9 41 4 37 4 10 6 4 33 4 46 4 45 4 2 48 4 56 4 35 4 14 31 4 24 4 32 4 32 21 4 39 4 54 4 75 54 4 54 4 22 4 38 11 4 57 4 57 4 59 4 45 7 4 13 4 53 4 26 4 83 41 4 55 4 36 4 31 14 4 11 4 9 4 49 36 4 36 4 51 4 
iteration 4086 best: 1.3268 time: 28815
78 42 4 7 4 12 4 1 5 4 57 4 111 7 4 55 4 21 4 56 57 4 49 4 27 4 57 28 4 21 4 16 4 67 55 4 33 4 40 4 7 4 34 43 4 46 4 26 4 12 23 4 23 4 83 48 4 12 4 97 51 4 14 4 54 4 7 4 14 50 4 23 4 70 47 4 59 4 114 53 4 9 4 56 4 48 4 26 4 33 8 4 6 4 41 4 23 4 110 27 4 31 4 114 32 4 36 4 17 4 20 4 13 19 4 11 4 53 4 36 14 4 53 4 66 19 4 51 4 78 14 20 96 7 4 5 4 27 4 49 27 20 80 33 4 16 4 28 4 62 50 4 50 4 6 4 15 4 115 38 4 19 4 55 23 4 36 4 19 4 16 17 4 15 4 55 58 4 29 4 27 4 8 25 4 40 4 12 4 41 49 4 31 4 100 49 4 53 4 70 5 4 34 41 4 37 4 32 4 98 42 4 14 4 114 50 4 18 4 65 12 4 10 4 53 19 4 28 4 110 30 4 37 4 110 38 4 17 4 7 59 4 6 4 53 34 4 37 4 21 19 4 37 4 8 4 52 15 4 22 4 22 39 4 28 4 42 4 84 37 4 35 4 20 4 89 32 4 21 4 52 4 37 4 107 16 4 30 4 12 4 28 4 97 11 4 18 4 50 4 85 50 4 14 4 116 13 4 59 4 11 4 65 21 4 55 4 45 4 1 37 4 56 4 11 4 27 17 4 20 4 29 4 75 54 16 48 16 54 11 4 115 56 16 21 16 92 7 4 34 4 2 16 4 9 4 15 4 55 17 4 12 4 46 4 5 4 9 41 4 37 4 10 6 4 33 4 46 4 45 4 2 48 4 56 4 35 4 14 31 4 24 4 32 4 32 21 4 39 4 54 4 75 54 4 54 4 22 4 38 11 4 57 4 57 4 59 4 45 7 4 13 4 53 4 26 4 83 41 4 55 4 36 4 31 14 4 11 4 9 4 49 36 4 36 4 51 4 
iteration 5161 best: 1.3268 time: 36017
78 42 4 7 4 12 4 1 5 4 57 4 111 7 4 55 4 21 4 56 57 4 49 4 27 4 57 28 4 21 4 16 4 67 55 4 33 4 40 4 7 4 34 43 4 46 4 26 4 12 23 4 23 4 83 48 4 12 4 97 51 4 14 4 54 4 7 4 14 50 4 23 4 70 47 4 59 4 114 53 4 9 4 56 4 48 4 26 4 33 8 4 6 4 41 4 23 4 110 27 4 31 4 114 32 4 36 4 17 4 20 4 13 19 4 11 4 53 4 36 14 4 53 4 66 19 4 51 4 78 14 20 96 7 4 5 4 27 4 49 27 20 80 33 4 16 4 28 4 62 50 4 50 4 6 4 15 4 115 38 4 19 4 55 23 4 36 4 19 4 16 17 4 15 4 55 58 4 29 4 27 4 8 25 4 40 4 12 4 41 49 4 31 4 100 49 4 53 4 70 5 4 34 41 4 37 4 32 4 98 42 4 14 4 114 50 4 18 4 65 12 4 10 4 53 19 4 28 4 110 30 4 37 4 110 38 4 17 4 7 59 4 6 4 53 34 4 37 4 21 19 4 37 4 8 4 52 15 4 22 4 22 39 4 28 4 42 4 84 37 4 35 4 20 4 89 32 4 21 4 52 4 37 4 107 16 4 30 4 12 4 28 4 97 11 4 18 4 50 4 85 50 4 14 4 116 13 4 59 4 11 4 65 21 4 55 4 45 4 1 37 4 56 4 11 4 27 17 4 20 4 29 4 75 54 16 48 16 54 11 4 115 56 16 21 16 92 7 4 34 4 2 16 4 9 4 15 4 55 17 4 12 4 46 4 5 4 9 41 4 37 4 10 6 4 33 4 46 4 45 4 2 48 4 56 4 35 4 14 31 4 24 4 32 4 32 21 4 39 4 54 4 75 54 4 54 4 22 4 38 11 4 57 4 57 4 59 4 45 7 4 13 4 53 4 26 4 83 41 4 55 4 36 4 31 14 4 11 4 9 4 49 36 4 36 4 51 4 
iteration 6236 best: 1.32679 time: 43224
78 42 4 7 4 12 4 1 5 4 57 4 111 7 4 55 4 21 4 56 57 4 49 4 27 4 57 28 4 21 4 16 4 67 55 4 33 4 40 4 7 4 34 43 4 46 4 26 4 12 23 4 23 4 83 48 4 12 4 97 51 4 14 4 54 4 7 4 14 50 4 23 4 70 47 4 59 4 114 53 4 9 4 56 4 48 4 26 4 33 8 4 6 4 41 4 23 4 110 27 4 31 4 114 32 4 36 4 17 4 20 4 13 19 4 11 4 53 4 36 14 4 53 4 66 19 4 51 4 78 14 20 96 7 4 5 4 27 4 49 27 20 80 33 4 16 4 28 4 62 50 4 50 4 6 4 15 4 115 38 4 19 4 55 23 4 36 4 19 4 16 17 4 15 4 55 58 4 29 4 27 4 8 25 4 40 4 12 4 41 49 4 31 4 100 49 4 53 4 70 5 4 34 41 4 37 4 32 4 98 53 4 14 4 114 50 4 18 4 65 12 4 10 4 53 19 4 28 4 110 30 4 37 4 110 38 4 17 4 7 59 4 6 4 53 34 4 37 4 21 19 4 37 4 8 4 52 15 4 22 4 22 39 4 28 4 42 4 84 37 4 35 4 20 4 89 32 4 21 4 52 4 37 4 107 16 4 30 4 12 4 28 4 97 11 4 18 4 50 4 85 50 4 14 4 116 13 4 59 4 11 4 65 21 4 55 4 45 4 1 37 4 56 4 11 4 27 17 4 20 4 29 4 75 54 16 48 16 54 11 4 115 56 16 21 16 92 7 4 34 4 2 16 4 9 4 15 4 55 17 4 12 4 46 4 5 4 9 41 4 37 4 10 6 4 33 4 46 4 45 4 2 48 4 56 4 35 4 14 31 4 24 4 32 4 32 21 4 39 4 54 4 75 54 4 54 4 22 4 38 11 4 57 4 57 4 59 4 45 7 4 13 4 53 4 26 4 83 41 4 55 4 36 4 31 14 4 11 4 9 4 49 36 4 36 4 51 4 
iteration 7313 best: 1.32663 time: 50426
78 42 4 7 4 12 4 1 5 4 57 4 111 7 4 55 4 21 4 56 57 4 49 4 27 4 57 28 4 21 4 16 4 67 55 4 33 4 40 4 7 4 34 43 4 46 4 26 4 12 23 4 23 4 83 48 4 12 4 97 51 4 14 4 54 4 7 4 14 50 4 23 4 70 47 4 59 4 114 53 4 9 4 56 4 48 4 26 4 33 8 4 6 4 41 4 23 4 110 27 4 31 4 114 32 4 36 4 17 4 20 4 13 19 4 11 4 53 4 36 14 4 53 4 66 18 4 51 4 78 14 20 96 7 4 5 4 27 4 49 27 20 80 33 4 16 4 28 4 62 50 4 50 4 6 4 15 4 115 38 4 19 4 55 23 4 36 4 19 4 16 17 4 15 4 55 58 4 29 4 27 4 8 25 4 40 4 12 4 41 49 4 31 4 100 49 4 53 4 70 5 4 34 41 4 37 4 32 4 98 53 4 14 4 114 50 4 18 4 65 12 4 10 4 53 19 4 28 4 110 30 4 37 4 110 38 4 17 4 7 59 4 6 4 53 34 4 37 4 21 19 4 37 4 8 4 52 15 4 22 4 22 39 4 28 4 42 4 84 37 4 35 4 20 4 89 32 4 21 4 52 4 37 4 107 16 4 30 4 12 4 28 4 97 11 4 18 4 50 4 85 50 4 14 4 116 13 4 59 4 11 4 65 21 4 55 4 45 4 1 37 4 56 4 11 4 27 17 4 20 4 29 4 75 54 16 48 16 54 11 4 115 56 16 21 16 92 7 4 34 4 2 16 4 9 4 15 4 55 17 4 12 4 46 4 5 4 9 41 4 37 4 10 6 4 33 4 46 4 45 4 2 48 4 56 4 35 4 14 31 4 24 4 32 4 32 21 4 39 4 54 4 75 54 4 54 4 22 4 38 11 4 57 4 57 4 59 4 45 7 4 13 4 53 4 26 4 83 41 4 55 4 36 4 31 14 4 11 4 9 4 49 36 4 36 4 51 4 
iteration 8392 best: 1.32662 time: 57630
78 42 4 7 4 12 4 1 5 4 57 4 111 7 4 55 4 21 4 56 57 4 49 4 27 4 57 28 4 21 4 16 4 67 55 4 33 4 40 4 7 4 34 43 4 46 4 26 4 12 23 4 23 4 83 48 4 12 4 97 51 4 14 4 54 4 7 4 14 50 4 23 4 70 47 4 59 4 114 53 4 9 4 56 4 48 4 26 4 33 8 4 6 4 41 4 23 4 110 27 4 31 4 114 32 4 36 4 17 4 20 4 13 19 4 11 4 53 4 36 14 4 53 4 66 18 4 51 4 78 14 20 96 7 4 5 4 27 4 49 27 20 80 33 4 16 4 28 4 62 50 4 50 4 6 4 15 4 115 38 4 19 4 55 23 4 36 4 19 4 16 17 4 15 4 55 58 4 29 4 27 4 8 25 4 40 4 12 4 41 49 4 31 4 100 49 4 53 4 70 5 4 34 41 4 37 4 32 4 98 53 4 22 4 114 50 4 18 4 65 12 4 10 4 53 19 4 28 4 110 30 4 37 4 110 38 4 17 4 7 59 4 6 4 53 34 4 37 4 21 19 4 37 4 8 4 52 15 4 22 4 22 39 4 28 4 42 4 84 37 4 35 4 20 4 89 32 4 21 4 52 4 37 4 107 16 4 30 4 12 4 28 4 97 11 4 18 4 50 4 85 50 4 14 4 116 13 4 59 4 11 4 65 21 4 55 4 45 4 1 37 4 56 4 11 4 27 17 4 20 4 29 4 75 54 16 48 16 54 11 4 115 56 16 21 16 92 7 4 34 4 2 16 4 9 4 15 4 55 17 4 12 4 46 4 5 4 9 41 4 37 4 10 6 4 33 4 46 4 45 4 2 48 4 56 4 35 4 14 31 4 24 4 32 4 32 21 4 39 4 54 4 75 54 4 54 4 22 4 38 11 4 57 4 57 4 59 4 45 7 4 13 4 53 4 26 4 83 41 4 55 4 36 4 31 14 4 11 4 9 4 49 36 4 36 4 51 4 
iteration 9473 best: 1.32525 time: 64833
78 42 4 7 4 12 4 1 5 4 57 4 111 7 4 55 4 21 4 56 57 4 49 4 27 4 57 28 4 21 4 16 4 67 55 4 33 4 40 4 7 4 34 43 4 46 4 26 4 12 23 4 23 4 83 48 4 12 4 97 51 4 14 4 54 4 7 4 14 50 4 23 4 70 47 4 59 4 114 53 4 9 4 56 4 48 4 26 4 33 8 4 6 4 41 4 23 4 110 27 4 31 4 114 32 4 36 4 17 4 20 4 13 19 4 11 4 53 4 36 14 4 53 4 67 18 4 51 4 78 14 20 96 7 4 5 4 27 4 49 27 20 80 33 4 16 4 28 4 62 50 4 50 4 6 4 15 4 115 38 4 19 4 55 23 4 36 4 19 4 16 17 4 15 4 55 58 4 29 4 27 4 8 25 4 40 4 12 4 41 49 4 31 4 100 49 4 53 4 70 5 4 34 41 4 37 4 32 4 98 53 4 22 4 114 50 4 18 4 65 12 4 10 4 53 19 4 28 4 110 30 4 37 4 110 38 4 17 4 7 59 4 6 4 53 34 4 37 4 21 19 4 37 4 8 4 52 15 4 22 4 22 39 4 28 4 42 4 84 37 4 35 4 20 4 89 32 4 21 4 52 4 37 4 107 16 4 30 4 12 4 28 4 97 11 4 18 4 50 4 85 50 4 14 4 116 13 4 59 4 11 4 65 21 4 55 4 45 4 1 37 4 56 4 11 4 27 17 4 20 4 29 4 75 54 16 48 16 54 11 4 115 56 16 21 16 92 7 4 34 4 2 16 4 9 4 15 4 55 17 4 12 4 46 4 5 4 9 41 4 37 4 10 6 4 33 4 46 4 45 4 2 48 4 56 4 35 4 14 31 4 24 4 32 4 32 21 4 39 4 54 4 75 54 4 54 4 22 4 38 11 4 57 4 57 4 59 4 45 7 4 13 4 53 4 26 4 83 41 4 55 4 36 4 31 14 4 11 4 9 4 49 36 4 36 4 51 4 
iteration 10551 best: 1.32348 time: 72035
78 42 4 7 4 12 4 1 5 4 57 4 111 7 4 55 4 21 4 56 57 4 49 4 27 4 57 28 4 21 4 16 4 67 55 4 33 4 40 4 7 4 34 43 4 46 4 26 4 12 23 4 23 4 83 48 4 12 4 97 51 4 14 4 54 4 7 4 14 50 4 23 4 70 47 4 59 4 114 53 4 9 4 56 4 48 4 26 4 33 8 4 6 4 41 4 23 4 110 27 4 31 4 114 32 4 36 4 17 4 20 4 13 19 4 11 4 53 4 36 14 4 53 4 67 18 4 51 4 78 14 20 96 7 4 5 4 27 4 49 27 20 80 33 4 16 4 28 4 62 50 4 50 4 6 4 15 4 115 38 4 19 4 55 23 4 36 4 19 4 16 17 4 15 4 55 58 4 29 4 27 4 8 25 4 40 4 12 4 41 49 4 31 4 100 49 4 53 4 70 5 4 34 41 4 37 4 32 4 98 53 4 22 4 114 50 4 18 4 65 12 4 10 4 53 19 4 28 4 110 30 4 37 4 110 38 4 17 4 7 59 4 6 4 53 34 4 37 4 21 19 4 37 4 8 4 52 15 4 22 4 22 39 4 28 4 42 4 84 37 4 35 4 20 4 89 32 4 21 4 52 4 37 4 107 16 4 30 4 12 4 28 4 97 11 4 18 4 50 4 89 50 4 14 4 116 13 4 59 4 11 4 65 21 4 55 4 45 4 1 37 4 56 4 11 4 27 17 4 20 4 29 4 75 54 16 48 16 54 11 4 115 56 16 21 16 92 7 4 34 4 2 16 4 9 4 15 4 55 17 4 12 4 46 4 5 4 9 41 4 37 4 10 6 4 33 4 46 4 45 4 2 48 4 56 4 35 4 14 31 4 24 4 32 4 32 21 4 39 4 54 4 75 54 4 54 4 22 4 38 11 4 57 4 57 4 59 4 45 7 4 13 4 53 4 26 4 83 41 4 55 4 36 4 31 14 4 11 4 9 4 49 36 4 36 4 51 4 
iteration 11648 best: 1.26721 time: 79237
78 42 4 7 4 12 4 1 5 4 57 4 111 7 4 55 4 21 4 56 57 4 49 4 27 4 57 28 4 21 4 16 4 67 56 4 33 4 40 4 7 4 34 43 4 46 4 26 4 12 23 4 23 4 83 48 4 12 4 97 51 4 14 4 54 4 7 4 14 50 4 23 4 70 47 4 60 4 114 53 4 9 4 56 4 48 4 26 4 33 8 4 6 4 41 4 23 4 110 27 4 31 4 114 32 4 36 4 17 4 20 4 13 19 4 11 4 53 4 36 14 4 56 4 67 18 4 51 4 78 14 20 96 7 4 5 4 27 4 49 27 20 80 33 4 16 4 28 4 62 50 4 50 4 6 4 15 4 115 38 4 19 4 55 23 4 36 4 19 4 16 17 4 15 4 55 58 4 29 4 27 4 8 25 4 40 4 12 4 41 49 4 31 4 100 49 4 53 4 70 5 4 34 41 4 37 4 32 4 98 53 4 22 4 114 50 4 18 4 65 12 4 10 4 53 19 4 28 4 110 30 4 37 4 110 38 4 17 4 10 59 4 6 4 53 34 4 37 4 21 19 4 37 4 8 4 52 15 4 22 4 22 39 4 28 4 42 4 84 37 4 35 4 22 4 89 32 4 21 4 52 4 37 4 107 16 4 30 4 12 4 24 4 97 11 4 18 4 50 4 92 50 4 14 4 116 13 4 59 4 11 4 65 21 4 55 4 45 4 1 34 4 56 4 11 4 27 17 4 20 4 29 4 75 54 16 48 16 54 11 4 115 56 16 21 16 92 7 4 34 4 2 16 4 9 4 15 4 55 23 4 7 4 46 4 5 4 9 41 4 37 4 10 6 4 33 4 48 4 45 4 2 48 4 56 4 35 4 14 31 4 24 4 32 4 32 21 4 39 4 54 4 75 54 4 54 4 22 4 38 11 4 57 4 57 4 59 4 45 7 4 13 4 53 4 26 4 83 41 4 55 4 36 4 31 14 4 11 4 9 4 49 36 4 36 4 51 4 
iteration 12762 best: 1.25896 time: 86441
78 42 4 7 4 12 4 1 5 4 57 4 111 7 4 55 4 21 4 56 57 4 49 4 27 4 57 28 4 21 4 16 4 67 56 4 33 4 40 4 7 4 34 43 4 46 4 26 4 12 23 4 23 4 83 48 4 12 4 97 51 4 14 4 54 4 7 4 14 50 4 23 4 70 47 4 60 4 114 53 4 9 4 56 4 54 4 26 4 33 8 4 6 4 41 4 23 4 110 27 4 31 4 114 32 4 36 4 17 4 20 4 13 19 4 11 4 53 4 36 14 4 56 4 67 18 4 51 4 78 14 20 96 7 4 5 4 27 4 49 27 20 80 33 4 16 4 28 4 62 50 4 50 4 6 4 15 4 115 38 4 19 4 55 23 4 36 4 19 4 16 17 4 15 4 55 58 4 29 4 27 4 8 25 4 40 4 12 4 41 49 4 31 4 100 49 4 53 4 70 5 4 34 41 4 37 4 32 4 98 53 4 22 4 114 50 4 18 4 65 12 4 10 4 53 19 4 28 4 110 30 4 37 4 110 38 4 17 4 10 59 4 6 4 53 34 4 37 4 21 19 4 37 4 8 4 52 15 4 22 4 22 39 4 28 4 42 4 84 37 4 35 4 22 4 89 32 4 21 4 52 4 37 4 107 16 4 30 4 12 4 24 4 97 11 4 18 4 50 4 94 54 4 14 4 116 13 4 59 4 11 4 65 21 4 55 4 45 4 1 34 4 56 4 11 4 27 17 4 20 4 29 4 75 54 16 48 16 54 11 4 115 56 16 21 16 92 7 4 34 4 2 16 4 9 4 15 4 55 23 4 7 4 46 4 5 4 9 41 4 37 4 10 6 4 33 4 48 4 45 4 2 48 4 56 4 35 4 14 31 4 24 4 32 4 31 21 4 39 4 54 4 75 54 4 54 4 22 4 38 11 4 57 4 57 4 59 4 45 7 4 13 4 53 4 26 4 83 41 4 55 4 36 4 31 14 4 11 4 9 4 49 36 4 36 4 51 4 
iteration 13876 best: 1.25896 time: 93644
78 42 4 7 4 12 4 1 5 4 57 4 111 7 4 55 4 21 4 56 57 4 49 4 27 4 57 28 4 21 4 16 4 67 56 4 33 4 40 4 7 4 34 43 4 46 4 26 4 12 23 4 23 4 83 48 4 12 4 97 51 4 14 4 54 4 7 4 14 50 4 23 4 70 47 4 60 4 114 53 4 9 4 56 4 54 4 26 4 33 8 4 6 4 41 4 23 4 110 27 4 31 4 114 32 4 36 4 17 4 20 4 13 19 4 11 4 53 4 36 14 4 56 4 67 18 4 51 4 78 14 20 96 7 4 5 4 27 4 49 27 20 80 33 4 16 4 28 4 62 50 4 50 4 6 4 15 4 115 38 4 19 4 55 23 4 36 4 19 4 16 17 4 15 4 55 58 4 29 4 27 4 8 25 4 40 4 12 4 41 49 4 31 4 100 49 4 53 4 70 5 4 34 41 4 37 4 32 4 98 53 4 22 4 114 50 4 18 4 65 12 4 10 4 53 19 4 28 4 110 30 4 37 4 110 38 4 17 4 10 59 4 6 4 53 34 4 37 4 21 19 4 37 4 8 4 52 15 4 22 4 22 39 4 28 4 42 4 84 37 4 35 4 22 4 89 32 4 21 4 52 4 37 4 107 16 4 30 4 12 4 24 4 97 11 4 18 4 50 4 94 54 4 14 4 116 13 4 59 4 11 4 65 21 4 55 4 45 4 1 34 4 56 4 11 4 27 17 4 20 4 29 4 75 54 16 48 16 54 11 4 115 56 16 21 16 92 7 4 34 4 2 16 4 9 4 15 4 55 23 4 7 4 46 4 5 4 9 41 4 37 4 10 6 4 33 4 48 4 45 4 2 48 4 56 4 35 4 14 31 4 24 4 32 4 31 21 4 39 4 54 4 75 54 4 54 4 22 4 38 11 4 57 4 57 4 59 4 45 7 4 13 4 53 4 26 4 83 41 4 55 4 36 4 31 14 4 11 4 9 4 49 36 4 36 4 51 4 
iteration 14984 best: 1.25846 time: 100848
78 42 4 7 4 12 4 1 5 4 57 4 111 7 4 55 4 21 4 56 57 4 49 4 27 4 57 28 4 21 4 16 4 67 56 4 33 4 40 4 7 4 34 43 4 46 4 26 4 12 23 4 23 4 83 48 4 12 4 97 51 4 14 4 54 4 7 4 14 50 4 23 4 70 47 4 60 4 114 53 4 9 4 56 4 54 4 26 4 33 8 4 6 4 41 4 23 4 110 27 4 31 4 114 32 4 36 4 17 4 20 4 13 19 4 11 4 53 4 36 23 4 56 4 67 18 4 51 4 78 14 20 96 7 4 5 4 27 4 49 27 20 80 33 4 16 4 28 4 62 50 4 50 4 6 4 15 4 115 38 4 19 4 55 23 4 36 4 19 4 16 17 4 15 4 55 58 4 29 4 27 4 8 25 4 40 4 12 4 41 49 4 31 4 100 49 4 53 4 70 5 4 34 41 4 37 4 32 4 98 53 4 24 4 114 50 4 18 4 65 12 4 10 4 53 19 4 28 4 110 30 4 37 4 110 38 4 17 4 10 59 4 6 4 53 34 4 37 4 21 19 4 37 4 8 4 52 15 4 22 4 22 39 4 28 4 42 4 84 37 4 35 4 22 4 89 32 4 21 4 52 4 37 4 107 16 4 30 4 12 4 24 4 97 11 4 18 4 50 4 94 54 4 14 4 116 13 4 55 4 11 4 65 21 4 55 4 45 4 1 34 4 56 4 11 4 27 17 4 20 4 29 4 75 54 16 48 16 54 11 4 115 56 16 21 16 92 7 4 34 4 2 16 4 9 4 15 4 55 23 4 7 4 46 4 5 4 9 41 4 37 4 10 6 4 33 4 48 4 45 4 2 48 4 56 4 35 4 14 31 4 24 4 32 4 31 21 4 39 4 54 4 75 54 4 54 4 22 4 38 11 4 57 4 57 4 59 4 45 7 4 13 4 53 4 26 4 83 41 4 55 4 36 4 31 14 4 11 4 9 4 49 36 4 36 4 51 4 
iteration 16108 best: 1.23938 time: 108049
78 42 4 7 4 12 4 1 5 4 57 4 111 7 4 55 4 21 4 56 54 4 49 4 27 4 57 28 4 21 4 16 4 67 56 4 33 4 40 4 7 4 34 43 4 46 4 26 4 12 23 4 23 4 85 48 4 12 4 97 51 4 14 4 54 4 7 4 14 50 4 23 4 70 47 4 60 4 114 53 4 9 4 56 4 54 4 26 4 33 8 4 6 4 41 4 23 4 110 27 4 31 4 114 32 4 36 4 17 4 20 4 13 19 4 11 4 53 4 36 23 4 56 4 64 18 4 51 4 78 14 20 96 7 4 5 4 27 4 49 27 20 80 33 4 16 4 28 4 62 50 4 50 4 6 4 15 4 115 38 4 19 4 55 23 4 36 4 19 4 16 17 4 15 4 55 58 4 29 4 27 4 8 25 4 40 4 12 4 41 49 4 31 4 100 49 4 53 4 70 8 4 34 41 4 37 4 32 4 98 53 4 28 4 114 50 4 18 4 65 12 4 10 4 53 19 4 28 4 110 30 4 37 4 110 38 4 17 4 10 59 4 6 4 53 34 4 37 4 21 19 4 37 4 8 4 52 15 4 22 4 22 39 4 28 4 42 4 84 37 4 35 4 26 4 89 32 4 21 4 52 4 37 4 107 16 4 26 4 12 4 24 4 97 11 4 18 4 50 4 94 54 4 14 4 116 13 4 55 4 11 4 65 21 4 55 4 45 4 1 34 4 56 4 11 4 27 17 4 20 4 29 4 75 54 16 48 16 54 11 4 115 60 16 18 16 92 7 4 34 4 2 16 4 9 4 15 4 55 23 4 7 4 46 4 5 4 9 41 4 37 4 10 6 4 33 4 48 4 45 4 2 48 4 56 4 35 4 14 31 4 24 4 32 4 31 21 4 39 4 54 4 75 54 4 54 4 22 4 38 11 4 57 4 57 4 59 4 45 7 4 13 4 53 4 26 4 83 41 4 55 4 36 4 31 14 4 11 4 9 4 49 36 4 36 4 51 4 
iteration 17231 best: 1.23508 time: 115250
78 42 4 7 4 12 4 1 5 4 57 4 111 7 4 55 4 21 4 56 54 4 49 4 27 4 57 28 4 21 4 16 4 67 56 4 33 4 40 4 7 4 34 43 4 46 4 26 4 12 23 4 23 4 85 48 4 12 4 97 51 4 14 4 54 4 7 4 14 50 4 23 4 70 47 4 60 4 114 53 4 9 4 56 4 54 4 26 4 33 8 4 6 4 41 4 23 4 110 27 4 31 4 114 32 4 36 4 17 4 20 4 13 19 4 11 4 53 4 36 23 4 56 4 64 18 4 51 4 78 14 20 96 7 4 5 4 27 4 49 27 20 80 33 4 16 4 28 4 62 50 4 50 4 6 4 15 4 115 38 4 19 4 55 23 4 36 4 19 4 16 17 4 15 4 55 58 4 29 4 27 4 8 25 4 40 4 12 4 41 49 4 31 4 100 49 4 53 4 70 8 4 34 41 4 37 4 32 4 98 53 4 28 4 114 50 4 18 4 65 12 4 10 4 53 19 4 28 4 110 30 4 37 4 110 38 4 17 4 10 59 4 6 4 53 34 4 37 4 21 19 4 37 4 8 4 52 15 4 22 4 22 39 4 28 4 42 4 84 37 4 35 4 26 4 89 32 4 21 4 52 4 37 4 107 16 4 26 4 12 4 24 4 97 11 4 18 4 50 4 94 54 4 14 4 116 13 4 55 4 11 4 65 21 4 55 4 45 4 1 34 4 56 4 11 4 27 17 4 20 4 29 4 75 54 16 48 16 54 11 4 115 60 16 18 16 92 7 4 34 4 2 16 4 9 4 15 4 55 23 4 7 4 46 4 5 4 9 41 4 37 4 10 6 4 32 4 48 4 45 4 2 48 4 56 4 35 4 14 31 4 24 4 32 4 31 21 4 39 4 54 4 75 54 4 54 4 22 4 38 11 4 57 4 57 4 59 4 45 7 4 13 4 53 4 26 4 83 41 4 55 4 36 4 31 14 4 11 4 9 4 49 36 4 36 4 51 4 
iteration 18354 best: 1.22957 time: 122454
78 42 4 7 4 12 4 1 5 4 57 4 111 7 4 55 4 21 4 56 54 4 49 4 27 4 57 28 4 21 4 16 4 67 56 4 33 4 40 4 7 4 34 43 4 46 4 26 4 12 23 4 23 4 85 48 4 12 4 97 51 4 14 4 54 4 7 4 14 50 4 23 4 70 47 4 60 4 114 53 4 9 4 56 4 54 4 26 4 33 8 4 6 4 41 4 23 4 110 27 4 31 4 114 32 4 36 4 17 4 20 4 13 19 4 11 4 53 4 36 23 4 56 4 64 18 4 51 4 78 14 20 96 7 4 5 4 27 4 49 27 20 80 33 4 16 4 28 4 62 50 4 50 4 6 4 15 4 115 38 4 19 4 55 23 4 36 4 19 4 16 17 4 15 4 55 58 4 29 4 27 4 8 25 4 40 4 12 4 41 49 4 31 4 100 49 4 53 4 70 12 4 34 41 4 37 4 32 4 98 53 4 28 4 114 50 4 18 4 65 12 4 10 4 53 19 4 28 4 110 30 4 37 4 110 38 4 17 4 10 59 4 6 4 53 34 4 37 4 21 19 4 37 4 8 4 52 15 4 22 4 22 39 4 28 4 42 4 84 37 4 35 4 26 4 89 32 4 20 4 52 4 37 4 107 16 4 26 4 12 4 24 4 97 11 4 18 4 50 4 94 54 4 14 4 116 13 4 55 4 11 4 65 21 4 55 4 45 4 1 34 4 56 4 11 4 27 17 4 20 4 29 4 75 54 16 48 16 54 11 4 115 60 16 18 16 92 7 4 34 4 2 16 4 9 4 15 4 55 23 4 7 4 46 4 5 4 9 41 4 37 4 10 6 4 32 4 48 4 45 4 2 48 4 56 4 35 4 14 31 4 24 4 32 4 31 21 4 39 4 54 4 75 54 4 54 4 22 4 38 11 4 57 4 57 4 59 4 45 7 4 13 4 53 4 26 4 83 41 4 55 4 36 4 31 14 4 11 4 9 4 49 36 4 36 4 51 4 
iteration 19475 best: 1.22488 time: 129657
78 42 4 7 4 12 4 1 5 4 57 4 111 7 4 55 4 21 4 56 54 4 49 4 27 4 57 28 4 21 4 16 4 67 56 4 33 4 40 4 7 4 34 43 4 46 4 26 4 12 23 4 23 4 85 48 4 12 4 97 51 4 14 4 54 4 7 4 14 50 4 23 4 70 47 4 60 4 114 53 4 9 4 56 4 54 4 26 4 33 8 4 6 4 41 4 23 4 110 27 4 31 4 114 32 4 36 4 17 4 20 4 13 19 4 11 4 53 4 36 23 4 56 4 64 18 4 51 4 78 14 20 96 7 4 5 4 27 4 49 27 20 80 33 4 16 4 32 4 62 50 4 50 4 6 4 15 4 115 38 4 19 4 55 23 4 36 4 19 4 16 17 4 15 4 55 58 4 29 4 27 4 8 25 4 40 4 12 4 41 49 4 31 4 100 49 4 53 4 70 12 4 34 41 4 37 4 32 4 98 53 4 28 4 114 50 4 18 4 65 12 4 10 4 53 19 4 28 4 110 30 4 37 4 110 38 4 17 4 10 59 4 6 4 53 34 4 37 4 21 19 4 37 4 8 4 52 15 4 22 4 22 39 4 28 4 42 4 84 37 4 35 4 26 4 89 32 4 20 4 52 4 37 4 107 16 4 26 4 12 4 24 4 97 11 4 18 4 50 4 94 54 4 14 4 116 13 4 55 4 11 4 65 21 4 55 4 45 4 1 34 4 56 4 11 4 27 17 4 20 4 29 4 75 54 16 48 16 54 11 4 115 60 16 18 16 92 7 4 34 4 2 16 4 9 4 15 4 55 23 4 7 4 46 4 5 4 9 41 4 37 4 10 6 4 32 4 48 4 45 4 2 48 4 56 4 35 4 14 31 4 24 4 32 4 31 21 4 39 4 54 4 75 54 4 54 4 22 4 38 20 4 57 4 57 4 59 4 45 7 4 13 4 53 4 26 4 83 41 4 55 4 36 4 31 14 4 11 4 9 4 49 36 4 36 4 51 4 
iteration 20607 best: 1.19796 time: 136860
78 42 4 7 4 12 4 1 5 4 57 4 111 7 4 55 4 21 4 56 54 4 49 4 27 4 57 28 4 21 4 16 4 67 56 4 33 4 40 4 7 4 34 43 4 46 4 26 4 12 23 4 23 4 80 48 4 12 4 97 51 4 14 4 52 4 7 4 14 50 4 23 4 70 53 4 60 4 114 53 4 9 4 56 4 54 4 26 4 33 8 4 6 4 41 4 23 4 110 27 4 31 4 114 32 4 36 4 17 4 20 4 13 19 4 11 4 53 4 36 23 4 56 4 64 18 4 51 4 78 14 20 96 7 4 5 4 27 4 49 27 20 80 33 4 16 4 32 4 62 50 4 50 4 6 4 15 4 115 38 4 19 4 55 23 4 36 4 19 4 16 17 4 15 4 55 58 4 29 4 27 4 8 25 4 40 4 12 4 41 49 4 31 4 100 49 4 53 4 70 12 4 34 41 4 37 4 32 4 98 54 4 28 4 114 50 4 18 4 65 12 4 10 4 53 19 4 28 4 110 30 4 37 4 110 38 4 17 4 10 59 4 6 4 53 32 4 37 4 21 19 4 37 4 8 4 52 15 4 22 4 22 39 4 28 4 42 4 84 37 4 35 4 26 4 89 32 4 20 4 52 4 37 4 107 16 4 26 4 12 4 24 4 97 11 4 18 4 50 4 92 55 4 14 4 116 13 4 55 4 11 4 65 21 4 55 4 45 4 1 34 4 56 4 11 4 27 17 4 17 4 29 4 75 54 16 48 16 54 11 4 115 60 16 18 16 92 7 4 34 4 2 16 4 9 4 15 4 55 23 4 7 4 46 4 5 4 9 41 4 37 4 10 6 4 32 4 48 4 45 4 2 48 4 56 4 35 4 14 31 4 24 4 32 4 31 21 4 39 4 54 4 75 54 4 54 4 22 4 38 20 4 57 4 57 4 59 4 45 7 4 13 4 53 4 26 4 83 41 4 55 4 36 4 31 14 4 11 4 9 4 49 36 4 36 4 51 4 
iteration 21747 best: 1.19259 time: 144063
78 42 4 7 4 12 4 1 5 4 57 4 111 7 4 55 4 21 4 56 54 4 49 4 27 4 57 28 4 21 4 16 4 67 56 4 33 4 40 4 7 4 34 43 4 46 4 26 4 12 23 4 23 4 80 48 4 12 4 97 51 4 14 4 52 4 7 4 14 50 4 23 4 70 57 4 60 4 114 53 4 9 4 56 4 54 4 26 4 33 8 4 6 4 41 4 23 4 110 27 4 31 4 114 32 4 36 4 17 4 20 4 13 19 4 11 4 53 4 36 23 4 56 4 64 18 4 51 4 78 14 20 96 7 4 5 4 27 4 49 27 20 80 33 4 16 4 32 4 62 50 4 50 4 6 4 15 4 115 38 4 19 4 55 23 4 36 4 19 4 16 17 4 15 4 55 58 4 29 4 27 4 8 25 4 40 4 12 4 41 49 4 31 4 100 49 4 53 4 70 18 4 34 41 4 37 4 32 4 98 54 4 28 4 114 50 4 18 4 65 12 4 10 4 53 19 4 28 4 110 30 4 37 4 110 38 4 17 4 10 59 4 6 4 53 32 4 37 4 21 19 4 37 4 8 4 52 15 4 22 4 22 39 4 28 4 42 4 84 37 4 35 4 26 4 89 32 4 20 4 52 4 37 4 107 16 4 26 4 12 4 24 4 97 11 4 18 4 50 4 94 55 4 14 4 116 13 4 55 4 11 4 61 21 4 55 4 45 4 1 34 4 56 4 11 4 27 17 4 17 4 29 4 75 54 16 48 16 54 11 4 115 60 16 18 16 92 7 4 34 4 2 16 4 9 4 15 4 55 23 4 7 4 46 4 5 4 9 41 4 37 4 10 6 4 32 4 48 4 45 4 2 48 4 56 4 35 4 14 31 4 24 4 32 4 31 21 4 39 4 54 4 75 54 4 54 4 22 4 38 20 4 57 4 57 4 59 4 45 7 4 13 4 53 4 26 4 83 41 4 55 4 36 4 31 14 4 11 4 9 4 49 36 4 36 4 51 4 
iteration 22885 best: 1.19259 time: 151264
78 42 4 7 4 12 4 1 5 4 57 4 111 7 4 55 4 21 4 56 54 4 49 4 27 4 57 28 4 21 4 16 4 67 56 4 33 4 40 4 7 4 34 43 4 46 4 26 4 12 23 4 23 4 80 48 4 12 4 97 51 4 14 4 52 4 7 4 14 50 4 23 4 70 57 4 60 4 114 53 4 9 4 56 4 54 4 26 4 33 8 4 6 4 41 4 23 4 110 27 4 31 4 114 32 4 36 4 17 4 20 4 13 19 4 11 4 53 4 36 23 4 56 4 64 18 4 51 4 78 14 20 96 7 4 5 4 27 4 49 27 20 80 33 4 16 4 32 4 62 50 4 50 4 6 4 15 4 115 38 4 19 4 55 23 4 36 4 19 4 16 17 4 15 4 55 58 4 29 4 27 4 8 25 4 40 4 12 4 41 49 4 31 4 100 49 4 53 4 70 18 4 34 41 4 37 4 32 4 98 54 4 28 4 114 50 4 18 4 65 12 4 10 4 53 19 4 28 4 110 30 4 37 4 110 38 4 17 4 10 59 4 6 4 53 32 4 37 4 21 19 4 37 4 8 4 52 15 4 22 4 22 39 4 28 4 42 4 84 37 4 35 4 26 4 89 32 4 20 4 52 4 37 4 107 16 4 26 4 12 4 24 4 97 11 4 18 4 50 4 94 55 4 14 4 116 13 4 55 4 11 4 61 21 4 55 4 45 4 1 34 4 56 4 11 4 27 17 4 17 4 29 4 75 54 16 48 16 54 11 4 115 60 16 18 16 92 7 4 34 4 2 16 4 9 4 15 4 55 23 4 7 4 46 4 5 4 9 41 4 37 4 10 6 4 32 4 48 4 45 4 2 48 4 56 4 35 4 14 31 4 24 4 32 4 31 21 4 39 4 54 4 75 54 4 54 4 22 4 38 20 4 57 4 57 4 59 4 45 7 4 13 4 53 4 26 4 83 41 4 55 4 36 4 31 14 4 11 4 9 4 49 36 4 36 4 51 4 
iteration 24024 best: 1.19152 time: 158465
78 42 4 7 4 12 4 1 5 4 57 4 111 7 4 55 4 21 4 56 54 4 49 4 27 4 57 28 4 21 4 16 4 67 56 4 33 4 40 4 7 4 34 43 4 46 4 26 4 12 23 4 23 4 80 48 4 12 4 97 51 4 14 4 52 4 7 4 14 50 4 23 4 70 57 4 60 4 114 53 4 9 4 56 4 54 4 26 4 33 8 4 6 4 41 4 23 4 110 27 4 31 4 114 32 4 36 4 17 4 20 4 13 19 4 11 4 53 4 36 23 4 56 4 64 18 4 49 4 78 14 20 96 7 4 5 4 27 4 49 27 20 80 33 4 16 4 32 4 62 50 4 50 4 6 4 15 4 115 38 4 19 4 55 23 4 36 4 19 4 16 17 4 15 4 55 58 4 29 4 27 4 8 25 4 40 4 12 4 41 49 4 31 4 100 49 4 53 4 70 18 4 34 41 4 37 4 32 4 98 54 4 28 4 114 50 4 18 4 65 12 4 10 4 53 19 4 28 4 110 30 4 37 4 110 38 4 17 4 10 59 4 6 4 53 32 4 37 4 21 19 4 37 4 8 4 52 15 4 22 4 22 39 4 28 4 42 4 84 37 4 35 4 26 4 89 32 4 20 4 52 4 37 4 107 16 4 26 4 12 4 24 4 97 11 4 18 4 50 4 94 55 4 14 4 116 13 4 55 4 11 4 61 21 4 55 4 45 4 1 34 4 56 4 11 4 27 17 4 17 4 29 4 75 54 16 48 16 54 11 4 115 60 16 18 16 92 7 4 34 4 2 16 4 9 4 15 4 55 23 4 7 4 46 4 5 4 9 41 4 37 4 10 6 4 32 4 48 4 45 4 2 48 4 56 4 35 4 14 31 4 24 4 32 4 31 21 4 39 4 54 4 75 54 4 54 4 22 4 38 20 4 57 4 57 4 59 4 45 7 4 13 4 53 4 26 4 83 41 4 55 4 36 4 31 14 4 11 4 9 4 49 36 4 36 4 51 4 
iteration 25164 best: 1.19151 time: 165669
78 42 4 7 4 12 4 1 5 4 57 4 111 7 4 55 4 21 4 56 54 4 49 4 27 4 57 28 4 21 4 16 4 67 56 4 33 4 40 4 7 4 34 43 4 46 4 26 4 12 23 4 23 4 80 48 4 12 4 97 51 4 14 4 52 4 7 4 14 50 4 23 4 70 57 4 60 4 114 53 4 9 4 56 4 54 4 26 4 33 8 4 6 4 41 4 23 4 110 27 4 31 4 114 32 4 36 4 17 4 20 4 13 19 4 11 4 53 4 36 23 4 56 4 64 18 4 49 4 78 14 20 96 7 4 5 4 27 4 49 27 20 80 33 4 16 4 32 4 62 50 4 50 4 6 4 15 4 115 38 4 19 4 55 23 4 36 4 19 4 16 17 4 15 4 55 58 4 29 4 27 4 8 25 4 40 4 12 4 41 49 4 31 4 100 49 4 53 4 70 18 4 34 41 4 37 4 32 4 98 54 4 28 4 114 50 4 18 4 65 20 4 10 4 53 19 4 28 4 110 30 4 37 4 110 38 4 17 4 10 59 4 6 4 53 32 4 37 4 21 19 4 37 4 8 4 52 15 4 22 4 22 39 4 28 4 42 4 84 37 4 35 4 26 4 89 32 4 20 4 52 4 37 4 107 16 4 26 4 12 4 24 4 97 11 4 18 4 50 4 94 55 4 14 4 116 13 4 55 4 11 4 61 21 4 55 4 45 4 1 34 4 56 4 11 4 27 17 4 17 4 29 4 75 54 16 48 16 54 11 4 115 60 16 18 16 92 7 4 34 4 2 16 4 9 4 15 4 55 23 4 7 4 46 4 5 4 9 41 4 37 4 10 6 4 32 4 48 4 45 4 2 48 4 56 4 35 4 14 31 4 24 4 32 4 31 21 4 39 4 54 4 75 54 4 54 4 22 4 38 20 4 57 4 57 4 59 4 45 7 4 13 4 53 4 26 4 83 41 4 55 4 36 4 31 14 4 11 4 9 4 49 36 4 36 4 51 4 
iteration 26303 best: 1.19078 time: 172871
78 42 4 7 4 12 4 1 5 4 57 4 111 7 4 55 4 21 4 56 54 4 49 4 27 4 57 28 4 21 4 16 4 67 56 4 33 4 40 4 7 4 34 43 4 46 4 26 4 12 23 4 23 4 80 48 4 12 4 97 51 4 14 4 52 4 7 4 14 50 4 23 4 70 57 4 60 4 114 53 4 9 4 56 4 54 4 26 4 33 8 4 6 4 41 4 23 4 110 27 4 31 4 114 32 4 36 4 17 4 20 4 13 19 4 11 4 53 4 36 23 4 56 4 64 18 4 49 4 78 14 20 96 7 4 5 4 27 4 49 27 20 80 33 4 16 4 32 4 62 50 4 50 4 6 4 15 4 115 38 4 19 4 55 23 4 36 4 19 4 16 17 4 15 4 55 58 4 29 4 27 4 8 25 4 40 4 12 4 41 49 4 31 4 100 49 4 53 4 70 18 4 34 41 4 37 4 32 4 98 54 4 28 4 114 50 4 18 4 65 20 4 10 4 53 19 4 28 4 110 30 4 37 4 110 38 4 17 4 10 59 4 6 4 53 32 4 37 4 21 19 4 37 4 8 4 52 15 4 22 4 22 39 4 28 4 42 4 84 37 4 35 4 26 4 89 32 4 20 4 52 4 37 4 107 16 4 26 4 12 4 24 4 97 11 4 18 4 50 4 94 52 4 14 4 116 13 4 55 4 11 4 61 21 4 55 4 45 4 1 34 4 56 4 11 4 27 17 4 17 4 29 4 75 54 16 48 16 54 11 4 115 60 16 18 16 92 7 4 34 4 2 16 4 9 4 15 4 55 23 4 7 4 46 4 5 4 9 41 4 37 4 10 6 4 32 4 48 4 45 4 2 48 4 56 4 35 4 14 31 4 24 4 32 4 31 21 4 39 4 54 4 75 54 4 54 4 22 4 38 20 4 57 4 57 4 59 4 45 7 4 13 4 53 4 26 4 83 41 4 55 4 36 4 31 14 4 11 4 9 4 49 36 4 36 4 51 4 
iteration 27441 best: 1.19077 time: 180075
78 42 4 7 4 12 4 1 5 4 57 4 111 7 4 55 4 21 4 56 54 4 49 4 27 4 57 28 4 21 4 16 4 67 56 4 33 4 40 4 7 4 34 43 4 46 4 26 4 12 23 4 23 4 80 48 4 12 4 97 51 4 14 4 52 4 7 4 14 50 4 23 4 70 57 4 60 4 114 53 4 9 4 56 4 54 4 26 4 33 8 4 6 4 41 4 23 4 110 27 4 31 4 114 32 4 36 4 17 4 20 4 13 19 4 11 4 53 4 36 23 4 56 4 64 18 4 49 4 78 14 20 96 7 4 5 4 27 4 49 27 20 80 33 4 16 4 32 4 62 50 4 50 4 6 4 15 4 115 38 4 19 4 55 23 4 36 4 19 4 16 17 4 15 4 55 58 4 29 4 27 4 8 25 4 40 4 12 4 41 49 4 31 4 100 49 4 53 4 70 18 4 34 41 4 37 4 32 4 98 54 4 28 4 114 50 4 18 4 65 24 4 10 4 53 19 4 28 4 110 30 4 37 4 110 38 4 17 4 10 59 4 6 4 53 32 4 37 4 21 19 4 37 4 8 4 52 15 4 22 4 22 39 4 28 4 42 4 84 37 4 35 4 26 4 89 32 4 20 4 52 4 37 4 107 16 4 26 4 12 4 24 4 97 11 4 18 4 50 4 94 52 4 14 4 116 13 4 55 4 11 4 61 21 4 55 4 45 4 1 34 4 56 4 11 4 27 17 4 17 4 29 4 75 54 16 48 16 54 11 4 115 60 16 18 16 92 7 4 34 4 2 16 4 9 4 15 4 55 23 4 7 4 46 4 5 4 9 41 4 37 4 10 6 4 32 4 48 4 45 4 2 48 4 56 4 35 4 14 31 4 24 4 32 4 31 21 4 39 4 54 4 75 54 4 54 4 22 4 38 20 4 57 4 57 4 59 4 45 7 4 13 4 53 4 26 4 83 41 4 55 4 36 4 31 14 4 11 4 9 4 49 36 4 36 4 51 4 
iteration 28582 best: 1.19077 time: 187277
78 42 4 7 4 12 4 1 5 4 57 4 111 7 4 55 4 21 4 56 54 4 49 4 27 4 57 28 4 21 4 16 4 67 56 4 33 4 40 4 7 4 34 43 4 46 4 26 4 12 23 4 23 4 80 48 4 12 4 97 51 4 14 4 52 4 7 4 14 50 4 23 4 70 57 4 60 4 114 53 4 9 4 56 4 54 4 26 4 33 8 4 6 4 41 4 23 4 110 27 4 31 4 114 32 4 36 4 17 4 20 4 13 19 4 11 4 53 4 36 23 4 56 4 64 18 4 49 4 78 14 20 96 7 4 5 4 27 4 49 27 20 80 33 4 16 4 32 4 62 50 4 50 4 6 4 15 4 115 38 4 19 4 55 23 4 36 4 19 4 16 17 4 15 4 55 58 4 29 4 27 4 8 25 4 40 4 12 4 41 49 4 31 4 100 49 4 53 4 70 18 4 34 41 4 37 4 32 4 98 54 4 28 4 114 50 4 18 4 65 24 4 10 4 53 19 4 28 4 110 30 4 37 4 110 38 4 17 4 10 59 4 6 4 53 32 4 37 4 21 19 4 37 4 8 4 52 15 4 22 4 22 39 4 28 4 42 4 84 37 4 35 4 26 4 89 32 4 20 4 52 4 37 4 107 16 4 26 4 12 4 24 4 97 11 4 18 4 50 4 94 52 4 14 4 116 13 4 55 4 11 4 61 21 4 55 4 45 4 1 34 4 56 4 11 4 27 17 4 17 4 29 4 75 54 16 48 16 54 11 4 115 60 16 18 16 92 7 4 34 4 2 16 4 9 4 15 4 55 23 4 7 4 46 4 5 4 9 41 4 37 4 10 6 4 32 4 48 4 45 4 2 48 4 56 4 35 4 14 31 4 24 4 32 4 31 21 4 39 4 54 4 75 54 4 54 4 22 4 38 20 4 57 4 57 4 59 4 45 7 4 13 4 53 4 26 4 83 41 4 55 4 36 4 31 14 4 11 4 9 4 49 36 4 36 4 51 4 
iteration 29721 best: 1.19076 time: 194482
78 42 4 7 4 12 4 1 5 4 57 4 111 7 4 55 4 21 4 56 54 4 49 4 27 4 57 28 4 21 4 16 4 67 56 4 33 4 40 4 7 4 34 43 4 46 4 26 4 12 23 4 23 4 80 48 4 12 4 97 51 4 14 4 52 4 7 4 14 50 4 23 4 70 57 4 60 4 114 53 4 9 4 56 4 54 4 26 4 33 8 4 6 4 41 4 23 4 110 27 4 31 4 114 32 4 36 4 17 4 20 4 13 19 4 11 4 53 4 36 35 4 56 4 64 18 4 49 4 78 14 20 96 7 4 5 4 27 4 49 27 20 80 33 4 16 4 32 4 62 50 4 50 4 6 4 15 4 115 38 4 19 4 55 23 4 36 4 19 4 16 17 4 15 4 55 58 4 29 4 27 4 8 25 4 40 4 12 4 41 49 4 31 4 100 49 4 53 4 70 18 4 34 41 4 37 4 32 4 98 54 4 28 4 114 50 4 18 4 65 24 4 10 4 53 19 4 28 4 110 30 4 37 4 110 38 4 17 4 10 59 4 6 4 53 32 4 37 4 21 19 4 37 4 8 4 52 15 4 22 4 22 39 4 28 4 42 4 84 37 4 35 4 26 4 89 32 4 20 4 52 4 37 4 107 16 4 26 4 12 4 24 4 97 11 4 18 4 50 4 94 52 4 14 4 116 13 4 55 4 11 4 61 21 4 55 4 45 4 1 34 4 56 4 11 4 27 17 4 17 4 29 4 75 54 16 48 16 54 11 4 115 60 16 18 16 92 7 4 34 4 2 16 4 9 4 15 4 55 23 4 7 4 46 4 5 4 9 41 4 37 4 10 6 4 32 4 48 4 45 4 2 48 4 56 4 35 4 14 31 4 24 4 32 4 31 21 4 39 4 54 4 75 54 4 54 4 22 4 38 20 4 57 4 57 4 59 4 45 7 4 13 4 53 4 26 4 83 41 4 55 4 36 4 31 14 4 11 4 9 4 49 36 4 36 4 51 4 
iteration 30858 best: 1.1892 time: 201686
78 42 4 7 4 12 4 1 5 4 57 4 111 7 4 55 4 21 4 56 54 4 49 4 27 4 57 28 4 21 4 16 4 67 56 4 33 4 40 4 7 4 34 43 4 46 4 26 4 12 23 4 23 4 80 48 4 12 4 97 51 4 14 4 52 4 7 4 14 50 4 23 4 70 57 4 60 4 114 53 4 9 4 56 4 54 4 26 4 33 8 4 6 4 41 4 23 4 110 27 4 31 4 114 32 4 36 4 17 4 20 4 13 19 4 11 4 53 4 36 35 4 56 4 72 18 4 49 4 78 14 20 96 7 4 5 4 27 4 49 27 20 80 33 4 16 4 32 4 62 50 4 50 4 6 4 15 4 115 38 4 19 4 55 23 4 36 4 19 4 16 17 4 15 4 55 58 4 29 4 27 4 8 25 4 40 4 12 4 41 49 4 31 4 100 49 4 53 4 70 18 4 34 41 4 37 4 32 4 98 54 4 28 4 114 50 4 18 4 65 24 4 10 4 53 19 4 28 4 110 30 4 37 4 110 38 4 17 4 10 59 4 6 4 53 32 4 37 4 21 19 4 37 4 8 4 52 15 4 22 4 22 39 4 28 4 42 4 84 37 4 35 4 26 4 89 32 4 20 4 52 4 37 4 107 16 4 26 4 12 4 24 4 97 11 4 18 4 50 4 94 52 4 14 4 116 13 4 55 4 11 4 61 21 4 55 4 45 4 1 34 4 56 4 11 4 27 17 4 17 4 29 4 75 54 16 48 16 54 11 4 115 60 16 18 16 92 7 4 34 4 2 16 4 9 4 15 4 55 23 4 7 4 46 4 5 4 9 41 4 37 4 10 6 4 32 4 48 4 45 4 2 48 4 56 4 35 4 14 31 4 24 4 32 4 31 21 4 39 4 54 4 75 54 4 54 4 22 4 38 20 4 57 4 57 4 59 4 45 7 4 13 4 53 4 26 4 83 41 4 55 4 36 4 31 14 4 11 4 9 4 49 36 4 36 4 51 4 
iteration 31998 best: 1.1892 time: 208890
78 42 4 7 4 12 4 1 5 4 57 4 111 7 4 55 4 21 4 56 54 4 49 4 27 4 57 28 4 21 4 16 4 67 56 4 33 4 40 4 7 4 34 43 4 46 4 26 4 12 23 4 23 4 80 48 4 12 4 97 51 4 14 4 52 4 7 4 14 50 4 23 4 70 57 4 60 4 114 53 4 9 4 56 4 54 4 26 4 33 8 4 6 4 41 4 23 4 110 27 4 31 4 114 32 4 36 4 17 4 20 4 13 19 4 11 4 53 4 36 35 4 56 4 72 18 4 49 4 78 14 20 96 7 4 5 4 27 4 49 27 20 80 33 4 16 4 32 4 62 50 4 50 4 6 4 15 4 115 38 4 19 4 55 23 4 36 4 19 4 16 17 4 15 4 55 58 4 29 4 27 4 8 25 4 40 4 12 4 41 49 4 31 4 100 49 4 53 4 70 18 4 34 41 4 37 4 32 4 98 54 4 28 4 114 50 4 18 4 65 24 4 10 4 53 19 4 28 4 110 30 4 37 4 110 38 4 17 4 10 59 4 6 4 53 32 4 37 4 21 19 4 37 4 8 4 52 15 4 22 4 22 39 4 28 4 42 4 84 37 4 35 4 26 4 89 32 4 20 4 52 4 37 4 107 16 4 26 4 12 4 24 4 97 11 4 18 4 50 4 94 52 4 14 4 116 13 4 55 4 11 4 61 21 4 55 4 45 4 1 34 4 56 4 11 4 27 17 4 17 4 29 4 75 54 16 48 16 54 11 4 115 60 16 18 16 92 7 4 34 4 2 16 4 9 4 15 4 55 23 4 7 4 46 4 5 4 9 41 4 37 4 10 6 4 32 4 48 4 45 4 2 48 4 56 4 35 4 14 31 4 24 4 32 4 31 21 4 39 4 54 4 75 54 4 54 4 22 4 38 20 4 57 4 57 4 59 4 45 7 4 13 4 53 4 26 4 83 41 4 55 4 36 4 31 14 4 11 4 9 4 49 36 4 36 4 51 4 
iteration 33134 best: 1.18919 time: 216095
78 42 4 7 4 12 4 1 5 4 57 4 111 7 4 55 4 21 4 56 54 4 49 4 27 4 57 28 4 21 4 16 4 67 56 4 33 4 40 4 7 4 34 43 4 46 4 26 4 12 23 4 23 4 80 48 4 12 4 97 51 4 14 4 52 4 7 4 14 50 4 23 4 70 57 4 60 4 114 53 4 9 4 56 4 54 4 26 4 33 8 4 6 4 41 4 23 4 110 27 4 31 4 114 32 4 36 4 17 4 20 4 13 19 4 11 4 53 4 36 35 4 56 4 72 18 4 49 4 78 14 20 96 7 4 5 4 27 4 49 27 20 80 33 4 16 4 32 4 62 50 4 50 4 6 4 15 4 115 38 4 19 4 55 23 4 36 4 19 4 16 17 4 15 4 55 58 4 29 4 27 4 8 25 4 40 4 12 4 41 49 4 31 4 100 49 4 53 4 70 18 4 34 41 4 37 4 32 4 98 54 4 28 4 114 50 4 18 4 65 36 4 10 4 53 19 4 28 4 110 30 4 37 4 110 38 4 17 4 10 59 4 6 4 53 32 4 37 4 21 19 4 37 4 8 4 52 15 4 22 4 22 39 4 28 4 42 4 84 37 4 35 4 26 4 89 32 4 20 4 52 4 37 4 107 16 4 26 4 12 4 24 4 97 11 4 18 4 50 4 94 52 4 14 4 116 13 4 55 4 11 4 61 21 4 55 4 45 4 1 34 4 56 4 11 4 27 17 4 17 4 29 4 75 54 16 48 16 54 11 4 115 60 16 18 16 92 7 4 34 4 2 16 4 9 4 15 4 55 23 4 7 4 46 4 5 4 9 41 4 37 4 10 6 4 32 4 48 4 45 4 2 48 4 56 4 35 4 14 31 4 24 4 32 4 31 21 4 39 4 54 4 75 54 4 54 4 22 4 38 20 4 57 4 57 4 59 4 45 7 4 13 4 53 4 26 4 83 41 4 55 4 36 4 31 14 4 11 4 9 4 49 36 4 36 4 51 4 
iteration 34266 best: 1.18919 time: 223301
78 42 4 7 4 12 4 1 5 4 57 4 111 7 4 55 4 21 4 56 54 4 49 4 27 4 57 28 4 21 4 16 4 67 56 4 33 4 40 4 7 4 34 43 4 46 4 26 4 12 23 4 23 4 80 48 4 12 4 97 51 4 14 4 52 4 7 4 14 50 4 23 4 70 57 4 60 4 114 53 4 9 4 56 4 54 4 26 4 33 8 4 6 4 41 4 23 4 110 27 4 31 4 114 32 4 36 4 17 4 20 4 13 19 4 11 4 53 4 36 35 4 56 4 72 18 4 49 4 78 14 20 96 7 4 5 4 27 4 49 27 20 80 33 4 16 4 32 4 62 50 4 50 4 6 4 15 4 115 38 4 19 4 55 23 4 36 4 19 4 16 17 4 15 4 55 58 4 29 4 27 4 8 25 4 40 4 12 4 41 49 4 31 4 100 49 4 53 4 70 18 4 34 41 4 37 4 32 4 98 54 4 28 4 114 50 4 18 4 65 36 4 10 4 53 19 4 28 4 110 30 4 37 4 110 38 4 17 4 10 59 4 6 4 53 32 4 37 4 21 19 4 37 4 8 4 52 15 4 22 4 22 39 4 28 4 42 4 84 37 4 35 4 26 4 89 32 4 20 4 52 4 37 4 107 16 4 26 4 12 4 24 4 97 11 4 18 4 50 4 94 52 4 14 4 116 13 4 55 4 11 4 61 21 4 55 4 45 4 1 34 4 56 4 11 4 27 17 4 17 4 29 4 75 54 16 48 16 54 11 4 115 60 16 18 16 92 7 4 34 4 2 16 4 9 4 15 4 55 23 4 7 4 46 4 5 4 9 41 4 37 4 10 6 4 32 4 48 4 45 4 2 48 4 56 4 35 4 14 31 4 24 4 32 4 31 21 4 39 4 54 4 75 54 4 54 4 22 4 38 20 4 57 4 57 4 59 4 45 7 4 13 4 53 4 26 4 83 41 4 55 4 36 4 31 14 4 11 4 9 4 49 36 4 36 4 51 4 
iteration 35394 best: 1.18919 time: 230504
78 42 4 7 4 12 4 1 5 4 57 4 111 7 4 55 4 21 4 56 54 4 49 4 27 4 57 28 4 21 4 16 4 67 56 4 33 4 40 4 7 4 34 43 4 46 4 26 4 12 23 4 23 4 80 48 4 12 4 97 51 4 14 4 52 4 7 4 14 50 4 23 4 70 57 4 60 4 114 53 4 9 4 56 4 54 4 26 4 33 8 4 6 4 41 4 23 4 110 27 4 31 4 114 32 4 36 4 17 4 20 4 13 19 4 11 4 53 4 36 35 4 56 4 72 18 4 49 4 78 14 20 96 7 4 5 4 27 4 49 27 20 80 33 4 16 4 32 4 62 50 4 50 4 6 4 15 4 115 38 4 19 4 55 23 4 36 4 19 4 16 17 4 15 4 55 58 4 29 4 27 4 8 25 4 40 4 12 4 41 49 4 31 4 100 49 4 53 4 70 18 4 34 41 4 37 4 32 4 98 54 4 28 4 114 50 4 18 4 65 36 4 10 4 53 19 4 28 4 110 30 4 37 4 110 38 4 17 4 10 59 4 6 4 53 32 4 37 4 21 19 4 37 4 8 4 52 15 4 22 4 22 39 4 28 4 42 4 84 37 4 35 4 26 4 89 32 4 20 4 52 4 37 4 107 16 4 26 4 12 4 24 4 97 11 4 18 4 50 4 94 52 4 14 4 116 13 4 55 4 11 4 61 21 4 55 4 45 4 1 34 4 56 4 11 4 27 17 4 17 4 29 4 75 54 16 48 16 54 11 4 115 60 16 18 16 92 7 4 34 4 2 16 4 9 4 15 4 55 23 4 7 4 46 4 5 4 9 41 4 37 4 10 6 4 32 4 48 4 45 4 2 48 4 56 4 35 4 14 31 4 24 4 32 4 31 21 4 39 4 54 4 75 54 4 54 4 22 4 38 20 4 57 4 57 4 59 4 45 7 4 13 4 53 4 26 4 83 41 4 55 4 36 4 31 14 4 11 4 9 4 49 36 4 36 4 51 4 
iteration 36529 best: 1.18918 time: 237709
78 42 4 7 4 12 4 1 5 4 57 4 111 7 4 55 4 21 4 56 54 4 49 4 27 4 57 28 4 21 4 16 4 67 56 4 33 4 40 4 7 4 34 43 4 46 4 26 4 12 23 4 23 4 80 48 4 12 4 97 51 4 14 4 52 4 7 4 14 50 4 23 4 70 57 4 60 4 114 53 4 9 4 56 4 54 4 26 4 33 8 4 6 4 41 4 23 4 110 27 4 31 4 114 32 4 36 4 17 4 20 4 13 19 4 11 4 53 4 36 35 4 56 4 72 18 4 49 4 78 14 20 96 7 4 5 4 27 4 49 27 20 80 33 4 16 4 32 4 62 50 4 50 4 6 4 15 4 115 38 4 19 4 55 23 4 36 4 19 4 16 17 4 15 4 55 58 4 29 4 27 4 8 25 4 40 4 12 4 41 49 4 31 4 100 49 4 53 4 70 18 4 34 41 4 37 4 32 4 98 54 4 28 4 114 50 4 18 4 65 36 4 27 4 53 19 4 28 4 110 30 4 37 4 110 38 4 17 4 10 59 4 6 4 53 32 4 37 4 21 19 4 37 4 8 4 52 15 4 22 4 22 39 4 28 4 42 4 84 37 4 35 4 26 4 89 32 4 20 4 52 4 37 4 107 16 4 26 4 12 4 24 4 97 11 4 18 4 50 4 94 52 4 14 4 116 13 4 55 4 11 4 61 21 4 55 4 45 4 1 34 4 56 4 11 4 27 17 4 17 4 29 4 75 54 16 48 16 54 11 4 115 60 16 18 16 92 7 4 34 4 2 16 4 9 4 15 4 55 23 4 7 4 46 4 5 4 9 41 4 37 4 10 6 4 32 4 48 4 45 4 2 48 4 56 4 35 4 14 31 4 24 4 32 4 31 21 4 39 4 54 4 75 54 4 54 4 22 4 38 20 4 57 4 57 4 59 4 45 7 4 13 4 53 4 26 4 83 41 4 55 4 36 4 31 14 4 11 4 9 4 49 36 4 36 4 51 4 
iteration 37663 best: 1.18917 time: 244910
78 42 4 7 4 12 4 1 5 4 57 4 111 7 4 55 4 21 4 56 54 4 49 4 27 4 57 28 4 21 4 16 4 67 56 4 33 4 40 4 7 4 34 43 4 46 4 26 4 12 23 4 23 4 80 48 4 12 4 97 51 4 14 4 52 4 7 4 14 50 4 23 4 70 57 4 60 4 114 53 4 9 4 56 4 54 4 26 4 33 8 4 6 4 41 4 23 4 110 27 4 31 4 114 32 4 36 4 17 4 20 4 13 19 4 11 4 53 4 36 43 4 56 4 72 18 4 49 4 78 14 20 96 7 4 5 4 27 4 49 27 20 80 33 4 16 4 32 4 62 50 4 50 4 6 4 15 4 115 38 4 19 4 55 23 4 36 4 19 4 16 17 4 15 4 55 58 4 29 4 27 4 8 25 4 40 4 12 4 41 49 4 31 4 100 49 4 53 4 70 18 4 34 41 4 37 4 32 4 98 54 4 28 4 114 50 4 18 4 65 36 4 27 4 53 19 4 28 4 110 30 4 37 4 110 38 4 17 4 10 59 4 6 4 53 32 4 37 4 21 19 4 37 4 8 4 52 15 4 22 4 22 39 4 28 4 42 4 84 37 4 35 4 26 4 89 32 4 20 4 52 4 37 4 107 16 4 26 4 12 4 24 4 97 11 4 18 4 50 4 94 52 4 14 4 116 13 4 55 4 11 4 61 21 4 55 4 45 4 1 34 4 56 4 11 4 27 17 4 17 4 29 4 75 54 16 48 16 54 11 4 115 60 16 18 16 92 7 4 34 4 2 16 4 9 4 15 4 55 23 4 7 4 46 4 5 4 9 41 4 37 4 10 6 4 32 4 48 4 45 4 2 48 4 56 4 35 4 14 31 4 24 4 32 4 31 21 4 39 4 54 4 75 54 4 54 4 22 4 38 20 4 57 4 57 4 59 4 45 7 4 13 4 53 4 26 4 83 41 4 55 4 36 4 31 14 4 11 4 9 4 49 36 4 36 4 51 4 
iteration 38803 best: 1.18917 time: 252111
78 42 4 7 4 12 4 1 5 4 57 4 111 7 4 55 4 21 4 56 54 4 49 4 27 4 57 28 4 21 4 16 4 67 56 4 33 4 40 4 7 4 34 43 4 46 4 26 4 12 23 4 23 4 80 48 4 12 4 97 51 4 14 4 52 4 7 4 14 50 4 23 4 70 57 4 60 4 114 53 4 9 4 56 4 54 4 26 4 33 8 4 6 4 41 4 23 4 110 27 4 31 4 114 32 4 36 4 17 4 20 4 13 19 4 11 4 53 4 36 43 4 56 4 72 18 4 49 4 78 14 20 96 7 4 5 4 27 4 49 27 20 80 33 4 16 4 32 4 62 50 4 50 4 6 4 15 4 115 38 4 19 4 55 23 4 36 4 19 4 16 17 4 15 4 55 58 4 29 4 27 4 8 25 4 40 4 12 4 41 49 4 31 4 100 49 4 53 4 70 18 4 34 41 4 37 4 32 4 98 54 4 28 4 114 50 4 18 4 65 36 4 27 4 53 19 4 28 4 110 30 4 37 4 110 38 4 17 4 10 59 4 6 4 53 32 4 37 4 21 19 4 37 4 8 4 52 15 4 22 4 22 39 4 28 4 42 4 84 37 4 35 4 26 4 89 32 4 20 4 52 4 37 4 107 16 4 26 4 12 4 24 4 97 11 4 18 4 50 4 94 52 4 14 4 116 13 4 55 4 11 4 61 21 4 55 4 45 4 1 34 4 56 4 11 4 27 17 4 17 4 29 4 75 54 16 48 16 54 11 4 115 60 16 18 16 92 7 4 34 4 2 16 4 9 4 15 4 55 23 4 7 4 46 4 5 4 9 41 4 37 4 10 6 4 32 4 48 4 45 4 2 48 4 56 4 35 4 14 31 4 24 4 32 4 31 21 4 39 4 54 4 75 54 4 54 4 22 4 38 20 4 57 4 57 4 59 4 45 7 4 13 4 53 4 26 4 83 41 4 55 4 36 4 31 14 4 11 4 9 4 49 36 4 36 4 51 4 
iteration 39939 best: 1.18916 time: 259317
78 42 4 7 4 12 4 1 5 4 57 4 111 7 4 55 4 21 4 56 54 4 49 4 27 4 57 28 4 21 4 16 4 67 56 4 33 4 40 4 7 4 34 43 4 46 4 26 4 12 23 4 23 4 80 48 4 12 4 97 51 4 14 4 52 4 7 4 14 50 4 23 4 70 57 4 60 4 114 53 4 9 4 56 4 54 4 26 4 33 8 4 6 4 41 4 23 4 110 27 4 31 4 114 32 4 36 4 17 4 20 4 13 19 4 11 4 53 4 36 43 4 56 4 72 18 4 49 4 78 14 20 96 7 4 5 4 27 4 49 27 20 80 33 4 16 4 32 4 62 50 4 50 4 6 4 15 4 115 38 4 19 4 55 23 4 36 4 19 4 16 17 4 15 4 55 58 4 29 4 27 4 8 25 4 40 4 12 4 41 49 4 31 4 100 49 4 53 4 70 31 4 34 41 4 37 4 32 4 98 54 4 28 4 114 50 4 18 4 65 36 4 27 4 53 19 4 28 4 110 30 4 37 4 110 38 4 17 4 10 59 4 6 4 53 32 4 37 4 21 19 4 37 4 8 4 52 15 4 22 4 22 39 4 28 4 42 4 84 37 4 35 4 26 4 89 32 4 20 4 52 4 37 4 107 16 4 26 4 12 4 24 4 97 11 4 18 4 50 4 94 52 4 14 4 116 13 4 55 4 11 4 61 21 4 55 4 45 4 1 34 4 56 4 11 4 27 17 4 17 4 29 4 75 54 16 48 16 54 11 4 115 60 16 18 16 92 7 4 34 4 2 16 4 9 4 15 4 55 23 4 7 4 46 4 5 4 9 41 4 37 4 10 6 4 32 4 48 4 45 4 2 48 4 56 4 35 4 14 31 4 24 4 32 4 31 21 4 39 4 54 4 75 54 4 54 4 22 4 38 20 4 57 4 57 4 59 4 45 7 4 13 4 53 4 26 4 83 41 4 55 4 36 4 31 14 4 11 4 9 4 49 36 4 36 4 51 4 
iteration 41081 best: 1.18916 time: 266521
78 42 4 7 4 12 4 1 5 4 57 4 111 7 4 55 4 21 4 56 54 4 49 4 27 4 57 28 4 21 4 16 4 67 56 4 33 4 40 4 7 4 34 43 4 46 4 26 4 12 23 4 23 4 80 48 4 12 4 97 51 4 14 4 52 4 7 4 14 50 4 23 4 70 57 4 60 4 114 53 4 9 4 56 4 54 4 26 4 33 8 4 6 4 41 4 23 4 110 27 4 31 4 114 32 4 36 4 17 4 20 4 13 19 4 11 4 53 4 36 43 4 56 4 72 18 4 49 4 78 14 20 96 7 4 5 4 27 4 49 27 20 80 33 4 16 4 32 4 62 50 4 50 4 6 4 15 4 115 38 4 19 4 55 23 4 36 4 19 4 16 17 4 15 4 55 58 4 29 4 27 4 8 25 4 40 4 12 4 41 49 4 31 4 100 49 4 53 4 70 31 4 34 41 4 37 4 32 4 98 54 4 28 4 114 50 4 18 4 65 36 4 27 4 53 19 4 28 4 110 30 4 37 4 110 38 4 17 4 10 59 4 6 4 53 32 4 37 4 21 19 4 37 4 8 4 52 15 4 22 4 22 39 4 28 4 42 4 84 37 4 35 4 26 4 89 32 4 20 4 52 4 37 4 107 16 4 26 4 12 4 24 4 97 11 4 18 4 50 4 94 52 4 14 4 116 13 4 55 4 11 4 61 21 4 55 4 45 4 1 34 4 56 4 11 4 27 17 4 17 4 29 4 75 54 16 48 16 54 11 4 115 60 16 18 16 92 7 4 34 4 2 16 4 9 4 15 4 55 23 4 7 4 46 4 5 4 9 41 4 37 4 10 6 4 32 4 48 4 45 4 2 48 4 56 4 35 4 14 31 4 24 4 32 4 31 21 4 39 4 54 4 75 54 4 54 4 22 4 38 20 4 57 4 57 4 59 4 45 7 4 13 4 53 4 26 4 83 41 4 55 4 36 4 31 14 4 11 4 9 4 49 36 4 36 4 51 4 
iteration 42224 best: 1.18915 time: 273723
78 42 4 7 4 12 4 1 5 4 57 4 111 7 4 55 4 21 4 56 54 4 49 4 27 4 57 28 4 21 4 16 4 67 56 4 33 4 40 4 7 4 34 43 4 46 4 26 4 12 23 4 23 4 80 48 4 12 4 97 51 4 14 4 52 4 7 4 14 50 4 23 4 70 57 4 60 4 114 53 4 9 4 56 4 54 4 26 4 33 8 4 6 4 41 4 23 4 110 27 4 31 4 114 32 4 36 4 17 4 20 4 13 19 4 11 4 53 4 36 43 4 56 4 72 18 4 49 4 78 14 20 96 7 4 5 4 27 4 49 27 20 80 33 4 16 4 32 4 62 50 4 50 4 6 4 15 4 115 38 4 19 4 55 23 4 36 4 19 4 16 17 4 15 4 55 58 4 29 4 27 4 8 25 4 40 4 12 4 41 49 4 31 4 100 49 4 53 4 70 31 4 34 41 4 37 4 32 4 98 54 4 28 4 114 50 4 18 4 65 48 4 27 4 53 19 4 28 4 110 30 4 37 4 110 38 4 17 4 10 59 4 6 4 53 32 4 37 4 21 19 4 37 4 8 4 52 15 4 22 4 22 39 4 28 4 42 4 84 37 4 35 4 26 4 89 32 4 20 4 52 4 37 4 107 16 4 26 4 12 4 24 4 97 11 4 18 4 50 4 94 52 4 14 4 116 13 4 55 4 11 4 61 21 4 55 4 45 4 1 34 4 56 4 11 4 27 17 4 17 4 29 4 75 54 16 48 16 54 11 4 115 60 16 18 16 92 7 4 34 4 2 16 4 9 4 15 4 55 23 4 7 4 46 4 5 4 9 41 4 37 4 10 6 4 32 4 48 4 45 4 2 48 4 56 4 35 4 14 31 4 24 4 32 4 31 21 4 39 4 54 4 75 54 4 54 4 22 4 38 20 4 57 4 57 4 59 4 45 7 4 13 4 53 4 26 4 83 41 4 55 4 36 4 31 14 4 11 4 9 4 49 36 4 36 4 51 4 
iteration 43362 best: 1.18915 time: 280924
78 42 4 7 4 12 4 1 5 4 57 4 111 7 4 55 4 21 4 56 54 4 49 4 27 4 57 28 4 21 4 16 4 67 56 4 33 4 40 4 7 4 34 43 4 46 4 26 4 12 23 4 23 4 80 48 4 12 4 97 51 4 14 4 52 4 7 4 14 50 4 23 4 70 57 4 60 4 114 53 4 9 4 56 4 54 4 26 4 33 8 4 6 4 41 4 23 4 110 27 4 31 4 114 32 4 36 4 17 4 20 4 13 19 4 11 4 53 4 36 43 4 56 4 72 18 4 49 4 78 14 20 96 7 4 5 4 27 4 49 27 20 80 33 4 16 4 32 4 62 50 4 50 4 6 4 15 4 115 38 4 19 4 55 23 4 36 4 19 4 16 17 4 15 4 55 58 4 29 4 27 4 8 25 4 40 4 12 4 41 49 4 31 4 100 49 4 53 4 70 31 4 34 41 4 37 4 32 4 98 54 4 28 4 114 50 4 18 4 65 48 4 27 4 53 19 4 28 4 110 30 4 37 4 110 38 4 17 4 10 59 4 6 4 53 32 4 37 4 21 19 4 37 4 8 4 52 15 4 22 4 22 39 4 28 4 42 4 84 37 4 35 4 26 4 89 32 4 20 4 52 4 37 4 107 16 4 26 4 12 4 24 4 97 11 4 18 4 50 4 94 52 4 14 4 116 13 4 55 4 11 4 61 21 4 55 4 45 4 1 34 4 56 4 11 4 27 17 4 17 4 29 4 75 54 16 48 16 54 11 4 115 60 16 18 16 92 7 4 34 4 2 16 4 9 4 15 4 55 23 4 7 4 46 4 5 4 9 41 4 37 4 10 6 4 32 4 48 4 45 4 2 48 4 56 4 35 4 14 31 4 24 4 32 4 31 21 4 39 4 54 4 75 54 4 54 4 22 4 38 20 4 57 4 57 4 59 4 45 7 4 13 4 53 4 26 4 83 41 4 55 4 36 4 31 14 4 11 4 9 4 49 36 4 36 4 51 4 
iteration 44498 best: 1.18914 time: 288129
78 42 4 7 4 12 4 1 5 4 57 4 111 7 4 55 4 21 4 56 54 4 49 4 27 4 57 28 4 21 4 16 4 67 56 4 33 4 40 4 7 4 34 43 4 46 4 26 4 12 23 4 23 4 80 48 4 12 4 97 51 4 14 4 52 4 7 4 14 50 4 23 4 70 57 4 60 4 114 53 4 9 4 56 4 54 4 26 4 33 8 4 6 4 41 4 23 4 110 27 4 31 4 114 32 4 36 4 17 4 20 4 13 19 4 11 4 53 4 36 43 4 56 4 72 18 4 49 4 78 14 20 96 7 4 5 4 27 4 49 27 20 80 33 4 16 4 32 4 62 50 4 50 4 6 4 15 4 115 38 4 19 4 55 23 4 36 4 19 4 16 17 4 15 4 55 58 4 29 4 27 4 8 25 4 40 4 12 4 41 49 4 31 4 100 49 4 53 4 70 31 4 34 41 4 37 4 32 4 98 54 4 40 4 114 50 4 18 4 65 48 4 27 4 53 19 4 28 4 110 30 4 37 4 110 38 4 17 4 10 59 4 6 4 53 32 4 37 4 21 19 4 37 4 8 4 52 15 4 22 4 22 39 4 28 4 42 4 84 37 4 35 4 26 4 89 32 4 20 4 52 4 37 4 107 16 4 26 4 12 4 24 4 97 11 4 18 4 50 4 94 52 4 14 4 116 13 4 55 4 11 4 61 21 4 55 4 45 4 1 34 4 56 4 11 4 27 17 4 17 4 29 4 75 54 16 48 16 54 11 4 115 60 16 18 16 92 7 4 34 4 2 16 4 9 4 15 4 55 23 4 7 4 46 4 5 4 9 41 4 37 4 10 6 4 32 4 48 4 45 4 2 48 4 56 4 35 4 14 31 4 24 4 32 4 31 21 4 39 4 54 4 75 54 4 54 4 22 4 38 20 4 57 4 57 4 59 4 45 7 4 13 4 53 4 26 4 83 41 4 55 4 36 4 31 14 4 11 4 9 4 49 36 4 36 4 51 4 
iteration 45639 best: 1.18914 time: 295331
78 42 4 7 4 12 4 1 5 4 57 4 111 7 4 55 4 21 4 56 54 4 49 4 27 4 57 28 4 21 4 16 4 67 56 4 33 4 40 4 7 4 34 43 4 46 4 26 4 12 23 4 23 4 80 48 4 12 4 97 51 4 14 4 52 4 7 4 14 50 4 23 4 70 57 4 60 4 114 53 4 9 4 56 4 54 4 26 4 33 8 4 6 4 41 4 23 4 110 27 4 31 4 114 32 4 36 4 17 4 20 4 13 19 4 11 4 53 4 36 43 4 56 4 72 18 4 49 4 78 14 20 96 7 4 5 4 27 4 49 27 20 80 33 4 16 4 32 4 62 50 4 50 4 6 4 15 4 115 38 4 19 4 55 23 4 36 4 19 4 16 17 4 15 4 55 58 4 29 4 27 4 8 25 4 40 4 12 4 41 49 4 31 4 100 49 4 53 4 70 31 4 34 41 4 37 4 32 4 98 54 4 40 4 114 50 4 18 4 65 48 4 27 4 53 19 4 28 4 110 30 4 37 4 110 38 4 17 4 10 59 4 6 4 53 32 4 37 4 21 19 4 37 4 8 4 52 15 4 22 4 22 39 4 28 4 42 4 84 37 4 35 4 26 4 89 32 4 20 4 52 4 37 4 107 16 4 26 4 12 4 24 4 97 11 4 18 4 50 4 94 52 4 14 4 116 13 4 55 4 11 4 61 21 4 55 4 45 4 1 34 4 56 4 11 4 27 17 4 17 4 29 4 75 54 16 48 16 54 11 4 115 60 16 18 16 92 7 4 34 4 2 16 4 9 4 15 4 55 23 4 7 4 46 4 5 4 9 41 4 37 4 10 6 4 32 4 48 4 45 4 2 48 4 56 4 35 4 14 31 4 24 4 32 4 31 21 4 39 4 54 4 75 54 4 54 4 22 4 38 20 4 57 4 57 4 59 4 45 7 4 13 4 53 4 26 4 83 41 4 55 4 36 4 31 14 4 11 4 9 4 49 36 4 36 4 51 4 
iteration 46781 best: 1.18913 time: 302536
78 42 4 7 4 12 4 1 5 4 57 4 111 7 4 55 4 21 4 56 54 4 49 4 27 4 57 28 4 21 4 16 4 67 56 4 33 4 40 4 7 4 34 43 4 46 4 26 4 12 23 4 23 4 80 48 4 12 4 97 51 4 14 4 52 4 7 4 14 50 4 23 4 70 57 4 60 4 114 53 4 9 4 56 4 54 4 26 4 33 8 4 6 4 41 4 23 4 110 27 4 31 4 114 32 4 36 4 17 4 20 4 13 19 4 11 4 53 4 36 43 4 56 4 72 18 4 49 4 78 14 20 96 7 4 5 4 27 4 49 27 20 80 33 4 16 4 32 4 62 50 4 50 4 6 4 15 4 115 38 4 19 4 55 23 4 36 4 19 4 16 17 4 15 4 55 58 4 29 4 27 4 8 25 4 40 4 12 4 41 49 4 31 4 100 49 4 53 4 70 31 4 34 41 4 37 4 32 4 98 54 4 40 4 114 50 4 18 4 65 48 4 38 4 53 19 4 28 4 110 30 4 37 4 110 38 4 17 4 10 59 4 6 4 53 32 4 37 4 21 19 4 37 4 8 4 52 15 4 22 4 22 39 4 28 4 42 4 84 37 4 35 4 26 4 89 32 4 20 4 52 4 37 4 107 16 4 26 4 12 4 24 4 97 11 4 18 4 50 4 94 52 4 14 4 116 13 4 55 4 11 4 61 21 4 55 4 45 4 1 34 4 56 4 11 4 27 17 4 17 4 29 4 75 54 16 48 16 54 11 4 115 60 16 18 16 92 7 4 34 4 2 16 4 9 4 15 4 55 23 4 7 4 46 4 5 4 9 41 4 37 4 10 6 4 32 4 48 4 45 4 2 48 4 56 4 35 4 14 31 4 24 4 32 4 31 21 4 39 4 54 4 75 54 4 54 4 22 4 38 20 4 57 4 57 4 59 4 45 7 4 13 4 53 4 26 4 83 41 4 55 4 36 4 31 14 4 11 4 9 4 49 36 4 36 4 51 4 
iteration 47915 best: 1.18913 time: 309738
78 42 4 7 4 12 4 1 5 4 57 4 111 7 4 55 4 21 4 56 54 4 49 4 27 4 57 28 4 21 4 16 4 67 56 4 33 4 40 4 7 4 34 43 4 46 4 26 4 12 23 4 23 4 80 48 4 12 4 97 51 4 14 4 52 4 7 4 14 50 4 23 4 70 57 4 60 4 114 53 4 9 4 56 4 54 4 26 4 33 8 4 6 4 41 4 23 4 110 27 4 31 4 114 32 4 36 4 17 4 20 4 13 19 4 11 4 53 4 36 43 4 56 4 72 18 4 49 4 78 14 20 96 7 4 5 4 27 4 49 27 20 80 33 4 16 4 32 4 62 50 4 50 4 6 4 15 4 115 38 4 19 4 55 23 4 36 4 19 4 16 17 4 15 4 55 58 4 29 4 27 4 8 25 4 40 4 12 4 41 49 4 31 4 100 49 4 53 4 70 31 4 34 41 4 37 4 32 4 98 54 4 40 4 114 50 4 18 4 65 48 4 38 4 53 19 4 28 4 110 30 4 37 4 110 38 4 17 4 10 59 4 6 4 53 32 4 37 4 21 19 4 37 4 8 4 52 15 4 22 4 22 39 4 28 4 42 4 84 37 4 35 4 26 4 89 32 4 20 4 52 4 37 4 107 16 4 26 4 12 4 24 4 97 11 4 18 4 50 4 94 52 4 14 4 116 13 4 55 4 11 4 61 21 4 55 4 45 4 1 34 4 56 4 11 4 27 17 4 17 4 29 4 75 54 16 48 16 54 11 4 115 60 16 18 16 92 7 4 34 4 2 16 4 9 4 15 4 55 23 4 7 4 46 4 5 4 9 41 4 37 4 10 6 4 32 4 48 4 45 4 2 48 4 56 4 35 4 14 31 4 24 4 32 4 31 21 4 39 4 54 4 75 54 4 54 4 22 4 38 20 4 57 4 57 4 59 4 45 7 4 13 4 53 4 26 4 83 41 4 55 4 36 4 31 14 4 11 4 9 4 49 36 4 36 4 51 4 
iteration 49048 best: 1.18912 time: 316940
78 42 4 7 4 12 4 1 5 4 57 4 111 7 4 55 4 21 4 56 54 4 49 4 27 4 57 28 4 21 4 16 4 67 56 4 33 4 40 4 7 4 34 43 4 46 4 26 4 12 23 4 23 4 80 48 4 12 4 97 51 4 14 4 52 4 7 4 14 50 4 23 4 70 57 4 60 4 114 53 4 9 4 56 4 54 4 26 4 33 8 4 6 4 41 4 23 4 110 27 4 31 4 114 32 4 36 4 17 4 20 4 13 19 4 11 4 53 4 36 59 4 56 4 72 18 4 49 4 78 14 20 96 7 4 5 4 27 4 49 27 20 80 33 4 16 4 32 4 62 50 4 50 4 6 4 15 4 115 38 4 19 4 55 23 4 36 4 19 4 16 17 4 15 4 55 58 4 29 4 27 4 8 25 4 40 4 12 4 41 49 4 31 4 100 49 4 53 4 70 31 4 34 41 4 37 4 32 4 98 54 4 40 4 114 50 4 18 4 65 48 4 38 4 53 19 4 28 4 110 30 4 37 4 110 38 4 17 4 10 59 4 6 4 53 32 4 37 4 21 19 4 37 4 8 4 52 15 4 22 4 22 39 4 28 4 42 4 84 37 4 35 4 26 4 89 32 4 20 4 52 4 37 4 107 16 4 26 4 12 4 24 4 97 11 4 18 4 50 4 94 52 4 14 4 116 13 4 55 4 11 4 61 21 4 55 4 45 4 1 34 4 56 4 11 4 27 17 4 17 4 29 4 75 54 16 48 16 54 11 4 115 60 16 18 16 92 7 4 34 4 2 16 4 9 4 15 4 55 23 4 7 4 46 4 5 4 9 41 4 37 4 10 6 4 32 4 48 4 45 4 2 48 4 56 4 35 4 14 31 4 24 4 32 4 31 21 4 39 4 54 4 75 54 4 54 4 22 4 38 20 4 57 4 57 4 59 4 45 7 4 13 4 53 4 26 4 83 41 4 55 4 36 4 31 14 4 11 4 9 4 49 36 4 36 4 51 4 
iteration 50187 best: 1.18912 time: 324146
78 42 4 7 4 12 4 1 5 4 57 4 111 7 4 55 4 21 4 56 54 4 49 4 27 4 57 28 4 21 4 16 4 67 56 4 33 4 40 4 7 4 34 43 4 46 4 26 4 12 23 4 23 4 80 48 4 12 4 97 51 4 14 4 52 4 7 4 14 50 4 23 4 70 57 4 60 4 114 53 4 9 4 56 4 54 4 26 4 33 8 4 6 4 41 4 23 4 110 27 4 31 4 114 32 4 36 4 17 4 20 4 13 19 4 11 4 53 4 36 59 4 56 4 72 18 4 49 4 78 14 20 96 7 4 5 4 27 4 49 27 20 80 33 4 16 4 32 4 62 50 4 50 4 6 4 15 4 115 38 4 19 4 55 23 4 36 4 19 4 16 17 4 15 4 55 58 4 29 4 27 4 8 25 4 40 4 12 4 41 49 4 31 4 100 49 4 53 4 70 31 4 34 41 4 37 4 32 4 98 54 4 40 4 114 50 4 18 4 65 48 4 38 4 53 19 4 28 4 110 30 4 37 4 110 38 4 17 4 10 59 4 6 4 53 32 4 37 4 21 19 4 37 4 8 4 52 15 4 22 4 22 39 4 28 4 42 4 84 37 4 35 4 26 4 89 32 4 20 4 52 4 37 4 107 16 4 26 4 12 4 24 4 97 11 4 18 4 50 4 94 52 4 14 4 116 13 4 55 4 11 4 61 21 4 55 4 45 4 1 34 4 56 4 11 4 27 17 4 17 4 29 4 75 54 16 48 16 54 11 4 115 60 16 18 16 92 7 4 34 4 2 16 4 9 4 15 4 55 23 4 7 4 46 4 5 4 9 41 4 37 4 10 6 4 32 4 48 4 45 4 2 48 4 56 4 35 4 14 31 4 24 4 32 4 31 21 4 39 4 54 4 75 54 4 54 4 22 4 38 20 4 57 4 57 4 59 4 45 7 4 13 4 53 4 26 4 83 41 4 55 4 36 4 31 14 4 11 4 9 4 49 36 4 36 4 51 4 
iteration 51325 best: 1.18911 time: 331348
78 42 4 7 4 12 4 1 5 4 57 4 111 7 4 55 4 21 4 56 54 4 49 4 27 4 57 28 4 21 4 16 4 67 56 4 33 4 40 4 7 4 34 43 4 46 4 26 4 12 23 4 23 4 80 48 4 12 4 97 51 4 14 4 52 4 7 4 14 50 4 23 4 70 57 4 60 4 114 53 4 9 4 56 4 54 4 26 4 33 8 4 6 4 41 4 23 4 110 27 4 31 4 114 32 4 36 4 17 4 20 4 13 19 4 11 4 53 4 36 59 4 56 4 72 18 4 49 4 78 14 20 96 7 4 5 4 27 4 49 27 20 80 33 4 16 4 32 4 62 50 4 50 4 6 4 15 4 115 38 4 19 4 55 23 4 36 4 19 4 16 17 4 15 4 55 58 4 29 4 27 4 8 25 4 40 4 12 4 41 49 4 31 4 100 49 4 53 4 70 45 4 34 41 4 37 4 32 4 98 54 4 40 4 114 50 4 18 4 65 48 4 38 4 53 19 4 28 4 110 30 4 37 4 110 38 4 17 4 10 59 4 6 4 53 32 4 37 4 21 19 4 37 4 8 4 52 15 4 22 4 22 39 4 28 4 42 4 84 37 4 35 4 26 4 89 32 4 20 4 52 4 37 4 107 16 4 26 4 12 4 24 4 97 11 4 18 4 50 4 94 52 4 14 4 116 13 4 55 4 11 4 61 21 4 55 4 45 4 1 34 4 56 4 11 4 27 17 4 17 4 29 4 75 54 16 48 16 54 11 4 115 60 16 18 16 92 7 4 34 4 2 16 4 9 4 15 4 55 23 4 7 4 46 4 5 4 9 41 4 37 4 10 6 4 32 4 48 4 45 4 2 48 4 56 4 35 4 14 31 4 24 4 32 4 31 21 4 39 4 54 4 75 54 4 54 4 22 4 38 20 4 57 4 57 4 59 4 45 7 4 13 4 53 4 26 4 83 41 4 55 4 36 4 31 14 4 11 4 9 4 49 36 4 36 4 51 4 
iteration 52462 best: 1.1891 time: 338549
78 42 4 7 4 12 4 1 5 4 57 4 111 7 4 55 4 21 4 56 54 4 49 4 27 4 57 28 4 21 4 16 4 67 56 4 33 4 40 4 7 4 34 43 4 46 4 26 4 12 23 4 23 4 80 48 4 12 4 97 51 4 14 4 52 4 7 4 14 50 4 23 4 70 57 4 60 4 114 53 4 9 4 56 4 54 4 26 4 33 8 4 6 4 41 4 23 4 110 27 4 31 4 114 32 4 36 4 17 4 20 4 13 19 4 11 4 53 4 36 59 4 56 4 72 18 4 49 4 78 14 20 96 7 4 5 4 27 4 49 27 20 80 33 4 16 4 32 4 62 50 4 50 4 6 4 15 4 115 38 4 19 4 55 23 4 36 4 19 4 16 17 4 15 4 55 58 4 29 4 27 4 8 25 4 40 4 12 4 41 49 4 31 4 100 49 4 53 4 70 45 4 34 41 4 37 4 32 4 98 54 4 46 4 114 50 4 18 4 65 48 4 38 4 53 19 4 28 4 110 30 4 37 4 110 38 4 17 4 10 59 4 6 4 53 32 4 37 4 21 19 4 37 4 8 4 52 15 4 22 4 22 39 4 28 4 42 4 84 37 4 35 4 26 4 89 32 4 20 4 52 4 37 4 107 16 4 26 4 12 4 24 4 97 11 4 18 4 50 4 94 52 4 14 4 116 13 4 55 4 11 4 61 21 4 55 4 45 4 1 34 4 56 4 11 4 27 17 4 17 4 29 4 75 54 16 48 16 54 11 4 115 60 16 18 16 92 7 4 34 4 2 16 4 9 4 15 4 55 23 4 7 4 46 4 5 4 9 41 4 37 4 10 6 4 32 4 48 4 45 4 2 48 4 56 4 35 4 14 31 4 24 4 32 4 31 21 4 39 4 54 4 75 54 4 54 4 22 4 38 20 4 57 4 57 4 59 4 45 7 4 13 4 53 4 26 4 83 41 4 55 4 36 4 31 14 4 11 4 9 4 49 36 4 36 4 51 4 
iteration 53604 best: 1.1891 time: 345753
78 42 4 7 4 12 4 1 5 4 57 4 111 7 4 55 4 21 4 56 54 4 49 4 27 4 57 28 4 21 4 16 4 67 56 4 33 4 40 4 7 4 34 43 4 46 4 26 4 12 23 4 23 4 80 48 4 12 4 97 51 4 14 4 52 4 7 4 14 50 4 23 4 70 57 4 60 4 114 53 4 9 4 56 4 54 4 26 4 33 8 4 6 4 41 4 23 4 110 27 4 31 4 114 32 4 36 4 17 4 20 4 13 19 4 11 4 53 4 36 59 4 56 4 72 18 4 49 4 78 14 20 96 7 4 5 4 27 4 49 27 20 80 33 4 16 4 32 4 62 50 4 50 4 6 4 15 4 115 38 4 19 4 55 23 4 36 4 19 4 16 17 4 15 4 55 58 4 29 4 27 4 8 25 4 40 4 12 4 41 49 4 31 4 100 49 4 53 4 70 45 4 34 41 4 37 4 32 4 98 54 4 46 4 114 50 4 18 4 65 48 4 38 4 53 19 4 28 4 110 30 4 37 4 110 38 4 17 4 10 59 4 6 4 53 32 4 37 4 21 19 4 37 4 8 4 52 15 4 22 4 22 39 4 28 4 42 4 84 37 4 35 4 26 4 89 32 4 20 4 52 4 37 4 107 16 4 26 4 12 4 24 4 97 11 4 18 4 50 4 94 52 4 14 4 116 13 4 55 4 11 4 61 21 4 55 4 45 4 1 34 4 56 4 11 4 27 17 4 17 4 29 4 75 54 16 48 16 54 11 4 115 60 16 18 16 92 7 4 34 4 2 16 4 9 4 15 4 55 23 4 7 4 46 4 5 4 9 41 4 37 4 10 6 4 32 4 48 4 45 4 2 48 4 56 4 35 4 14 31 4 24 4 32 4 31 21 4 39 4 54 4 75 54 4 54 4 22 4 38 20 4 57 4 57 4 59 4 45 7 4 13 4 53 4 26 4 83 41 4 55 4 36 4 31 14 4 11 4 9 4 49 36 4 36 4 51 4 
iteration 54739 best: 1.1891 time: 352959
78 42 4 7 4 12 4 1 5 4 57 4 111 7 4 55 4 21 4 56 54 4 49 4 27 4 57 28 4 21 4 16 4 67 56 4 33 4 40 4 7 4 34 43 4 46 4 26 4 12 23 4 23 4 80 48 4 12 4 97 51 4 14 4 52 4 7 4 14 50 4 23 4 70 57 4 60 4 114 53 4 9 4 56 4 54 4 26 4 33 8 4 6 4 41 4 23 4 110 27 4 31 4 114 32 4 36 4 17 4 20 4 13 19 4 11 4 53 4 36 59 4 56 4 72 18 4 49 4 78 14 20 96 7 4 5 4 27 4 49 27 20 80 33 4 16 4 32 4 62 50 4 50 4 6 4 15 4 115 38 4 19 4 55 23 4 36 4 19 4 16 17 4 15 4 55 58 4 29 4 27 4 8 25 4 40 4 12 4 41 49 4 31 4 100 49 4 53 4 70 45 4 34 41 4 37 4 32 4 98 54 4 46 4 114 50 4 18 4 65 48 4 38 4 53 19 4 28 4 110 30 4 37 4 110 38 4 17 4 10 59 4 6 4 53 32 4 37 4 21 19 4 37 4 8 4 52 15 4 22 4 22 39 4 28 4 42 4 84 37 4 35 4 26 4 89 32 4 20 4 52 4 37 4 107 16 4 26 4 12 4 24 4 97 11 4 18 4 50 4 94 52 4 14 4 116 13 4 55 4 11 4 61 21 4 55 4 45 4 1 34 4 56 4 11 4 27 17 4 17 4 29 4 75 54 16 48 16 54 11 4 115 60 16 18 16 92 7 4 34 4 2 16 4 9 4 15 4 55 23 4 7 4 46 4 5 4 9 41 4 37 4 10 6 4 32 4 48 4 45 4 2 48 4 56 4 35 4 14 31 4 24 4 32 4 31 21 4 39 4 54 4 75 54 4 54 4 22 4 38 20 4 57 4 57 4 59 4 45 7 4 13 4 53 4 26 4 83 41 4 55 4 36 4 31 14 4 11 4 9 4 49 36 4 36 4 51 4 
iteration 55877 best: 1.18909 time: 360165
78 42 4 7 4 12 4 1 5 4 57 4 111 7 4 55 4 21 4 56 54 4 49 4 27 4 57 28 4 21 4 16 4 67 56 4 33 4 40 4 7 4 34 43 4 46 4 26 4 12 23 4 23 4 80 48 4 12 4 97 51 4 14 4 52 4 7 4 14 50 4 23 4 70 57 4 60 4 114 53 4 9 4 56 4 54 4 26 4 33 8 4 6 4 41 4 23 4 110 27 4 31 4 114 32 4 36 4 17 4 20 4 13 19 4 11 4 53 4 36 59 4 56 4 72 18 4 49 4 78 14 20 96 7 4 5 4 27 4 49 27 20 80 33 4 16 4 32 4 62 50 4 50 4 6 4 15 4 115 38 4 19 4 55 23 4 36 4 19 4 16 17 4 15 4 55 58 4 29 4 27 4 8 25 4 40 4 12 4 41 49 4 31 4 100 49 4 53 4 70 45 4 34 41 4 37 4 32 4 98 54 4 46 4 114 50 4 18 4 65 60 4 38 4 53 19 4 28 4 110 30 4 37 4 110 38 4 17 4 10 59 4 6 4 53 32 4 37 4 21 19 4 37 4 8 4 52 15 4 22 4 22 39 4 28 4 42 4 84 37 4 35 4 26 4 89 32 4 20 4 52 4 37 4 107 16 4 26 4 12 4 24 4 97 11 4 18 4 50 4 94 52 4 14 4 116 13 4 55 4 11 4 61 21 4 55 4 45 4 1 34 4 56 4 11 4 27 17 4 17 4 29 4 75 54 16 48 16 54 11 4 115 60 16 18 16 92 7 4 34 4 2 16 4 9 4 15 4 55 23 4 7 4 46 4 5 4 9 41 4 37 4 10 6 4 32 4 48 4 45 4 2 48 4 56 4 35 4 14 31 4 24 4 32 4 31 21 4 39 4 54 4 75 54 4 54 4 22 4 38 20 4 57 4 57 4 59 4 45 7 4 13 4 53 4 26 4 83 41 4 55 4 36 4 31 14 4 11 4 9 4 49 36 4 36 4 51 4 
iteration 57010 best: 1.18909 time: 367366
78 42 4 7 4 12 4 1 5 4 57 4 111 7 4 55 4 21 4 56 54 4 49 4 27 4 57 28 4 21 4 16 4 67 56 4 33 4 40 4 7 4 34 43 4 46 4 26 4 12 23 4 23 4 80 48 4 12 4 97 51 4 14 4 52 4 7 4 14 50 4 23 4 70 57 4 60 4 114 53 4 9 4 56 4 54 4 26 4 33 8 4 6 4 41 4 23 4 110 27 4 31 4 114 32 4 36 4 17 4 20 4 13 19 4 11 4 53 4 36 59 4 56 4 72 18 4 49 4 78 14 20 96 7 4 5 4 27 4 49 27 20 80 33 4 16 4 32 4 62 50 4 50 4 6 4 15 4 115 38 4 19 4 55 23 4 36 4 19 4 16 17 4 15 4 55 58 4 29 4 27 4 8 25 4 40 4 12 4 41 49 4 31 4 100 49 4 53 4 70 45 4 34 41 4 37 4 32 4 98 54 4 46 4 114 50 4 18 4 65 60 4 38 4 53 19 4 28 4 110 30 4 37 4 110 38 4 17 4 10 59 4 6 4 53 32 4 37 4 21 19 4 37 4 8 4 52 15 4 22 4 22 39 4 28 4 42 4 84 37 4 35 4 26 4 89 32 4 20 4 52 4 37 4 107 16 4 26 4 12 4 24 4 97 11 4 18 4 50 4 94 52 4 14 4 116 13 4 55 4 11 4 61 21 4 55 4 45 4 1 34 4 56 4 11 4 27 17 4 17 4 29 4 75 54 16 48 16 54 11 4 115 60 16 18 16 92 7 4 34 4 2 16 4 9 4 15 4 55 23 4 7 4 46 4 5 4 9 41 4 37 4 10 6 4 32 4 48 4 45 4 2 48 4 56 4 35 4 14 31 4 24 4 32 4 31 21 4 39 4 54 4 75 54 4 54 4 22 4 38 20 4 57 4 57 4 59 4 45 7 4 13 4 53 4 26 4 83 41 4 55 4 36 4 31 14 4 11 4 9 4 49 36 4 36 4 51 4 
iteration 58147 best: 1.18908 time: 374569
78 42 4 7 4 12 4 1 5 4 57 4 111 7 4 55 4 21 4 56 54 4 49 4 27 4 57 28 4 21 4 16 4 67 56 4 33 4 40 4 7 4 34 43 4 46 4 26 4 12 23 4 23 4 80 48 4 12 4 97 51 4 14 4 52 4 7 4 14 50 4 23 4 70 57 4 60 4 114 53 4 9 4 56 4 54 4 26 4 33 8 4 6 4 41 4 23 4 110 27 4 31 4 114 32 4 36 4 17 4 20 4 13 19 4 11 4 53 4 36 59 4 56 4 72 18 4 49 4 78 14 20 96 7 4 5 4 27 4 49 27 20 80 33 4 16 4 32 4 62 50 4 50 4 6 4 15 4 115 38 4 19 4 55 23 4 36 4 19 4 16 17 4 15 4 55 58 4 29 4 27 4 8 25 4 40 4 12 4 41 49 4 31 4 100 49 4 53 4 70 45 4 34 41 4 37 4 32 4 98 54 4 46 4 114 50 4 18 4 65 60 4 55 4 53 19 4 28 4 110 30 4 37 4 110 38 4 17 4 10 59 4 6 4 53 32 4 37 4 21 19 4 37 4 8 4 52 15 4 22 4 22 39 4 28 4 42 4 84 37 4 35 4 26 4 89 32 4 20 4 52 4 37 4 107 16 4 26 4 12 4 24 4 97 11 4 18 4 50 4 94 52 4 14 4 116 13 4 55 4 11 4 61 21 4 55 4 45 4 1 34 4 56 4 11 4 27 17 4 17 4 29 4 75 54 16 48 16 54 11 4 115 60 16 18 16 92 7 4 34 4 2 16 4 9 4 15 4 55 23 4 7 4 46 4 5 4 9 41 4 37 4 10 6 4 32 4 48 4 45 4 2 48 4 56 4 35 4 14 31 4 24 4 32 4 31 21 4 39 4 54 4 75 54 4 54 4 22 4 38 20 4 57 4 57 4 59 4 45 7 4 13 4 53 4 26 4 83 41 4 55 4 36 4 31 14 4 11 4 9 4 49 36 4 36 4 51 4 
iteration 59284 best: 1.18908 time: 381773
78 42 4 7 4 12 4 1 5 4 57 4 111 7 4 55 4 21 4 56 54 4 49 4 27 4 57 28 4 21 4 16 4 67 56 4 33 4 40 4 7 4 34 43 4 46 4 26 4 12 23 4 23 4 80 48 4 12 4 97 51 4 14 4 52 4 7 4 14 50 4 23 4 70 57 4 60 4 114 53 4 9 4 56 4 54 4 26 4 33 8 4 6 4 41 4 23 4 110 27 4 31 4 114 32 4 36 4 17 4 20 4 13 19 4 11 4 53 4 36 59 4 56 4 72 18 4 49 4 78 14 20 96 7 4 5 4 27 4 49 27 20 80 33 4 16 4 32 4 62 50 4 50 4 6 4 15 4 115 38 4 19 4 55 23 4 36 4 19 4 16 17 4 15 4 55 58 4 29 4 27 4 8 25 4 40 4 12 4 41 49 4 31 4 100 49 4 53 4 70 45 4 34 41 4 37 4 32 4 98 54 4 46 4 114 50 4 18 4 65 60 4 55 4 53 19 4 28 4 110 30 4 37 4 110 38 4 17 4 10 59 4 6 4 53 32 4 37 4 21 19 4 37 4 8 4 52 15 4 22 4 22 39 4 28 4 42 4 84 37 4 35 4 26 4 89 32 4 20 4 52 4 37 4 107 16 4 26 4 12 4 24 4 97 11 4 18 4 50 4 94 52 4 14 4 116 13 4 55 4 11 4 61 21 4 55 4 45 4 1 34 4 56 4 11 4 27 17 4 17 4 29 4 75 54 16 48 16 54 11 4 115 60 16 18 16 92 7 4 34 4 2 16 4 9 4 15 4 55 23 4 7 4 46 4 5 4 9 41 4 37 4 10 6 4 32 4 48 4 45 4 2 48 4 56 4 35 4 14 31 4 24 4 32 4 31 21 4 39 4 54 4 75 54 4 54 4 22 4 38 20 4 57 4 57 4 59 4 45 7 4 13 4 53 4 26 4 83 41 4 55 4 36 4 31 14 4 11 4 9 4 49 36 4 36 4 51 4 
iteration 60414 best: 1.18907 time: 388976
78 42 4 7 4 12 4 1 5 4 57 4 111 7 4 55 4 21 4 56 54 4 49 4 27 4 57 28 4 21 4 16 4 67 56 4 33 4 40 4 7 4 34 43 4 46 4 26 4 12 23 4 23 4 80 48 4 12 4 97 51 4 14 4 52 4 7 4 14 50 4 23 4 70 57 4 60 4 114 53 4 9 4 56 4 54 4 26 4 33 8 4 6 4 41 4 23 4 110 27 4 31 4 114 32 4 36 4 17 4 20 4 13 19 4 11 4 53 4 36 59 4 56 4 72 18 4 49 4 78 14 20 96 7 4 5 4 27 4 49 27 20 80 33 4 16 4 32 4 62 50 4 50 4 6 4 15 4 115 38 4 19 4 55 23 4 36 4 19 4 16 17 4 15 4 55 58 4 29 4 27 4 8 25 4 40 4 12 4 41 49 4 31 4 100 49 4 53 4 70 53 4 34 41 4 37 4 32 4 98 54 4 46 4 114 50 4 18 4 65 60 4 55 4 53 19 4 28 4 110 30 4 37 4 110 38 4 17 4 10 59 4 6 4 53 32 4 37 4 21 19 4 37 4 8 4 52 15 4 22 4 22 39 4 28 4 42 4 84 37 4 35 4 26 4 89 32 4 20 4 52 4 37 4 107 16 4 26 4 12 4 24 4 97 11 4 18 4 50 4 94 52 4 14 4 116 13 4 55 4 11 4 61 21 4 55 4 45 4 1 34 4 56 4 11 4 27 17 4 17 4 29 4 75 54 16 48 16 54 11 4 115 60 16 18 16 92 7 4 34 4 2 16 4 9 4 15 4 55 23 4 7 4 46 4 5 4 9 41 4 37 4 10 6 4 32 4 48 4 45 4 2 48 4 56 4 35 4 14 31 4 24 4 32 4 31 21 4 39 4 54 4 75 54 4 54 4 22 4 38 20 4 57 4 57 4 59 4 45 7 4 13 4 53 4 26 4 83 41 4 55 4 36 4 31 14 4 11 4 9 4 49 36 4 36 4 51 4 
iteration 61552 best: 1.18907 time: 396183
78 42 4 7 4 12 4 1 5 4 57 4 111 7 4 55 4 21 4 56 54 4 49 4 27 4 57 28 4 21 4 16 4 67 56 4 33 4 40 4 7 4 34 43 4 46 4 26 4 12 23 4 23 4 80 48 4 12 4 97 51 4 14 4 52 4 7 4 14 50 4 23 4 70 57 4 60 4 114 53 4 9 4 56 4 54 4 26 4 33 8 4 6 4 41 4 23 4 110 27 4 31 4 114 32 4 36 4 17 4 20 4 13 19 4 11 4 53 4 36 59 4 56 4 72 18 4 49 4 78 14 20 96 7 4 5 4 27 4 49 27 20 80 33 4 16 4 32 4 62 50 4 50 4 6 4 15 4 115 38 4 19 4 55 23 4 36 4 19 4 16 17 4 15 4 55 58 4 29 4 27 4 8 25 4 40 4 12 4 41 49 4 31 4 100 49 4 53 4 70 53 4 34 41 4 37 4 32 4 98 54 4 46 4 114 50 4 18 4 65 60 4 55 4 53 19 4 28 4 110 30 4 37 4 110 38 4 17 4 10 59 4 6 4 53 32 4 37 4 21 19 4 37 4 8 4 52 15 4 22 4 22 39 4 28 4 42 4 84 37 4 35 4 26 4 89 32 4 20 4 52 4 37 4 107 16 4 26 4 12 4 24 4 97 11 4 18 4 50 4 94 52 4 14 4 116 13 4 55 4 11 4 61 21 4 55 4 45 4 1 34 4 56 4 11 4 27 17 4 17 4 29 4 75 54 16 48 16 54 11 4 115 60 16 18 16 92 7 4 34 4 2 16 4 9 4 15 4 55 23 4 7 4 46 4 5 4 9 41 4 37 4 10 6 4 32 4 48 4 45 4 2 48 4 56 4 35 4 14 31 4 24 4 32 4 31 21 4 39 4 54 4 75 54 4 54 4 22 4 38 20 4 57 4 57 4 59 4 45 7 4 13 4 53 4 26 4 83 41 4 55 4 36 4 31 14 4 11 4 9 4 49 36 4 36 4 51 4 
iteration 62689 best: 1.18906 time: 403384
78 42 4 7 4 12 4 1 5 4 57 4 111 7 4 55 4 21 4 56 54 4 49 4 27 4 57 28 4 21 4 16 4 67 56 4 33 4 40 4 7 4 34 43 4 46 4 26 4 12 23 4 23 4 80 48 4 12 4 97 51 4 14 4 52 4 7 4 14 50 4 23 4 70 57 4 60 4 114 53 4 9 4 56 4 54 4 26 4 33 8 4 6 4 41 4 23 4 110 27 4 31 4 114 32 4 36 4 17 4 20 4 13 19 4 11 4 53 4 36 59 4 56 4 72 18 4 49 4 78 14 20 96 7 4 5 4 27 4 49 27 20 80 33 4 16 4 32 4 62 50 4 50 4 6 4 15 4 115 38 4 19 4 55 23 4 36 4 19 4 16 17 4 15 4 55 58 4 29 4 27 4 8 25 4 40 4 12 4 41 49 4 31 4 100 49 4 53 4 70 53 4 34 41 4 37 4 32 4 98 54 4 60 4 114 50 4 18 4 65 60 4 55 4 53 19 4 28 4 110 30 4 37 4 110 38 4 17 4 10 59 4 6 4 53 32 4 37 4 21 19 4 37 4 8 4 52 15 4 22 4 22 39 4 28 4 42 4 84 37 4 35 4 26 4 89 32 4 20 4 52 4 37 4 107 16 4 26 4 12 4 24 4 97 11 4 18 4 50 4 94 52 4 14 4 116 13 4 55 4 11 4 61 21 4 55 4 45 4 1 34 4 56 4 11 4 27 17 4 17 4 29 4 75 54 16 48 16 54 11 4 115 60 16 18 16 92 7 4 34 4 2 16 4 9 4 15 4 55 23 4 7 4 46 4 5 4 9 41 4 37 4 10 6 4 32 4 48 4 45 4 2 48 4 56 4 35 4 14 31 4 24 4 32 4 31 21 4 39 4 54 4 75 54 4 54 4 22 4 38 20 4 57 4 57 4 59 4 45 7 4 13 4 53 4 26 4 83 41 4 55 4 36 4 31 14 4 11 4 9 4 49 36 4 36 4 51 4 
iteration 63829 best: 1.18906 time: 410590
78 42 4 7 4 12 4 1 5 4 57 4 111 7 4 55 4 21 4 56 54 4 49 4 27 4 57 28 4 21 4 16 4 67 56 4 33 4 40 4 7 4 34 43 4 46 4 26 4 12 23 4 23 4 80 48 4 12 4 97 51 4 14 4 52 4 7 4 14 50 4 23 4 70 57 4 60 4 114 53 4 9 4 56 4 54 4 26 4 33 8 4 6 4 41 4 23 4 110 27 4 31 4 114 32 4 36 4 17 4 20 4 13 19 4 11 4 53 4 36 59 4 56 4 72 18 4 49 4 78 14 20 96 7 4 5 4 27 4 49 27 20 80 33 4 16 4 32 4 62 50 4 50 4 6 4 15 4 115 38 4 19 4 55 23 4 36 4 19 4 16 17 4 15 4 55 58 4 29 4 27 4 8 25 4 40 4 12 4 41 49 4 31 4 100 49 4 53 4 70 53 4 34 41 4 37 4 32 4 98 54 4 60 4 114 50 4 18 4 65 60 4 55 4 53 19 4 28 4 110 30 4 37 4 110 38 4 17 4 10 59 4 6 4 53 32 4 37 4 21 19 4 37 4 8 4 52 15 4 22 4 22 39 4 28 4 42 4 84 37 4 35 4 26 4 89 32 4 20 4 52 4 37 4 107 16 4 26 4 12 4 24 4 97 11 4 18 4 50 4 94 52 4 14 4 116 13 4 55 4 11 4 61 21 4 55 4 45 4 1 34 4 56 4 11 4 27 17 4 17 4 29 4 75 54 16 48 16 54 11 4 115 60 16 18 16 92 7 4 34 4 2 16 4 9 4 15 4 55 23 4 7 4 46 4 5 4 9 41 4 37 4 10 6 4 32 4 48 4 45 4 2 48 4 56 4 35 4 14 31 4 24 4 32 4 31 21 4 39 4 54 4 75 54 4 54 4 22 4 38 20 4 57 4 57 4 59 4 45 7 4 13 4 53 4 26 4 83 41 4 55 4 36 4 31 14 4 11 4 9 4 49 36 4 36 4 51 4 
iteration 64968 best: 1.18906 time: 417791
78 42 4 7 4 12 4 1 5 4 57 4 111 7 4 55 4 21 4 56 54 4 49 4 27 4 57 28 4 21 4 16 4 67 56 4 33 4 40 4 7 4 34 43 4 46 4 26 4 12 23 4 23 4 80 48 4 12 4 97 51 4 14 4 52 4 7 4 14 50 4 23 4 70 57 4 60 4 114 53 4 9 4 56 4 54 4 26 4 33 8 4 6 4 41 4 23 4 110 27 4 31 4 114 32 4 36 4 17 4 20 4 13 19 4 11 4 53 4 36 59 4 56 4 72 18 4 49 4 78 14 20 96 7 4 5 4 27 4 49 27 20 80 33 4 16 4 32 4 62 50 4 50 4 6 4 15 4 115 38 4 19 4 55 23 4 36 4 19 4 16 17 4 15 4 55 58 4 29 4 27 4 8 25 4 40 4 12 4 41 49 4 31 4 100 49 4 53 4 70 53 4 34 41 4 37 4 32 4 98 54 4 60 4 114 50 4 18 4 65 60 4 55 4 53 19 4 28 4 110 30 4 37 4 110 38 4 17 4 10 59 4 6 4 53 32 4 37 4 21 19 4 37 4 8 4 52 15 4 22 4 22 39 4 28 4 42 4 84 37 4 35 4 26 4 89 32 4 20 4 52 4 37 4 107 16 4 26 4 12 4 24 4 97 11 4 18 4 50 4 94 52 4 14 4 116 13 4 55 4 11 4 61 21 4 55 4 45 4 1 34 4 56 4 11 4 27 17 4 17 4 29 4 75 54 16 48 16 54 11 4 115 60 16 18 16 92 7 4 34 4 2 16 4 9 4 15 4 55 23 4 7 4 46 4 5 4 9 41 4 37 4 10 6 4 32 4 48 4 45 4 2 48 4 56 4 35 4 14 31 4 24 4 32 4 31 21 4 39 4 54 4 75 54 4 54 4 22 4 38 20 4 57 4 57 4 59 4 45 7 4 13 4 53 4 26 4 83 41 4 55 4 36 4 31 14 4 11 4 9 4 49 36 4 36 4 51 4 
iteration 66105 best: 1.18906 time: 424998
78 42 4 7 4 12 4 1 5 4 57 4 111 7 4 55 4 21 4 56 54 4 49 4 27 4 57 28 4 21 4 16 4 67 56 4 33 4 40 4 7 4 34 43 4 46 4 26 4 12 23 4 23 4 80 48 4 12 4 97 51 4 14 4 52 4 7 4 14 50 4 23 4 70 57 4 60 4 114 53 4 9 4 56 4 54 4 26 4 33 8 4 6 4 41 4 23 4 110 27 4 31 4 114 32 4 36 4 17 4 20 4 13 19 4 11 4 53 4 36 59 4 56 4 72 18 4 49 4 78 14 20 96 7 4 5 4 27 4 49 27 20 80 33 4 16 4 32 4 62 50 4 50 4 6 4 15 4 115 38 4 19 4 55 23 4 36 4 19 4 16 17 4 15 4 55 58 4 29 4 27 4 8 25 4 40 4 12 4 41 49 4 31 4 100 49 4 53 4 70 53 4 34 41 4 37 4 32 4 98 54 4 60 4 114 50 4 18 4 65 60 4 55 4 53 19 4 28 4 110 30 4 37 4 110 38 4 17 4 10 59 4 6 4 53 32 4 37 4 21 19 4 37 4 8 4 52 15 4 22 4 22 39 4 28 4 42 4 84 37 4 35 4 26 4 89 32 4 20 4 52 4 37 4 107 16 4 26 4 12 4 24 4 97 11 4 18 4 50 4 94 52 4 14 4 116 13 4 55 4 11 4 61 21 4 55 4 45 4 1 34 4 56 4 11 4 27 17 4 17 4 29 4 75 54 16 48 16 54 11 4 115 60 16 18 16 92 7 4 34 4 2 16 4 9 4 15 4 55 23 4 7 4 46 4 5 4 9 41 4 37 4 10 6 4 32 4 48 4 45 4 2 48 4 56 4 35 4 14 31 4 24 4 32 4 31 21 4 39 4 54 4 75 54 4 54 4 22 4 38 20 4 57 4 57 4 59 4 45 7 4 13 4 53 4 26 4 83 41 4 55 4 36 4 31 14 4 11 4 9 4 49 36 4 36 4 51 4 
iteration 67239 best: 1.18906 time: 432200
78 42 4 7 4 12 4 1 5 4 57 4 111 7 4 55 4 21 4 56 54 4 49 4 27 4 57 28 4 21 4 16 4 67 56 4 33 4 40 4 7 4 34 43 4 46 4 26 4 12 23 4 23 4 80 48 4 12 4 97 51 4 14 4 52 4 7 4 14 50 4 23 4 70 57 4 60 4 114 53 4 9 4 56 4 54 4 26 4 33 8 4 6 4 41 4 23 4 110 27 4 31 4 114 32 4 36 4 17 4 20 4 13 19 4 11 4 53 4 36 59 4 56 4 72 18 4 49 4 78 14 20 96 7 4 5 4 27 4 49 27 20 80 33 4 16 4 32 4 62 50 4 50 4 6 4 15 4 115 38 4 19 4 55 23 4 36 4 19 4 16 17 4 15 4 55 58 4 29 4 27 4 8 25 4 40 4 12 4 41 49 4 31 4 100 49 4 53 4 70 53 4 34 41 4 37 4 32 4 98 54 4 60 4 114 50 4 18 4 65 60 4 55 4 53 19 4 28 4 110 30 4 37 4 110 38 4 17 4 10 59 4 6 4 53 32 4 37 4 21 19 4 37 4 8 4 52 15 4 22 4 22 39 4 28 4 42 4 84 37 4 35 4 26 4 89 32 4 20 4 52 4 37 4 107 16 4 26 4 12 4 24 4 97 11 4 18 4 50 4 94 52 4 14 4 116 13 4 55 4 11 4 61 21 4 55 4 45 4 1 34 4 56 4 11 4 27 17 4 17 4 29 4 75 54 16 48 16 54 11 4 115 60 16 18 16 92 7 4 34 4 2 16 4 9 4 15 4 55 23 4 7 4 46 4 5 4 9 41 4 37 4 10 6 4 32 4 48 4 45 4 2 48 4 56 4 35 4 14 31 4 24 4 32 4 31 21 4 39 4 54 4 75 54 4 54 4 22 4 38 20 4 57 4 57 4 59 4 45 7 4 13 4 53 4 26 4 83 41 4 55 4 36 4 31 14 4 11 4 9 4 49 36 4 36 4 51 4 
iteration 68372 best: 1.18906 time: 439406
78 42 4 7 4 12 4 1 5 4 57 4 111 7 4 55 4 21 4 56 54 4 49 4 27 4 57 28 4 21 4 16 4 67 56 4 33 4 40 4 7 4 34 43 4 46 4 26 4 12 23 4 23 4 80 48 4 12 4 97 51 4 14 4 52 4 7 4 14 50 4 23 4 70 57 4 60 4 114 53 4 9 4 56 4 54 4 26 4 33 8 4 6 4 41 4 23 4 110 27 4 31 4 114 32 4 36 4 17 4 20 4 13 19 4 11 4 53 4 36 59 4 56 4 72 18 4 49 4 78 14 20 96 7 4 5 4 27 4 49 27 20 80 33 4 16 4 32 4 62 50 4 50 4 6 4 15 4 115 38 4 19 4 55 23 4 36 4 19 4 16 17 4 15 4 55 58 4 29 4 27 4 8 25 4 40 4 12 4 41 49 4 31 4 100 49 4 53 4 70 53 4 34 41 4 37 4 32 4 98 54 4 60 4 114 50 4 18 4 65 60 4 55 4 53 19 4 28 4 110 30 4 37 4 110 38 4 17 4 10 59 4 6 4 53 32 4 37 4 21 19 4 37 4 8 4 52 15 4 22 4 22 39 4 28 4 42 4 84 37 4 35 4 26 4 89 32 4 20 4 52 4 37 4 107 16 4 26 4 12 4 24 4 97 11 4 18 4 50 4 94 52 4 14 4 116 13 4 55 4 11 4 61 21 4 55 4 45 4 1 34 4 56 4 11 4 27 17 4 17 4 29 4 75 54 16 48 16 54 11 4 115 60 16 18 16 92 7 4 34 4 2 16 4 9 4 15 4 55 23 4 7 4 46 4 5 4 9 41 4 37 4 10 6 4 32 4 48 4 45 4 2 48 4 56 4 35 4 14 31 4 24 4 32 4 31 21 4 39 4 54 4 75 54 4 54 4 22 4 38 20 4 57 4 57 4 59 4 45 7 4 13 4 53 4 26 4 83 41 4 55 4 36 4 31 14 4 11 4 9 4 49 36 4 36 4 51 4 
iteration 69505 best: 1.18906 time: 446609
78 42 4 7 4 12 4 1 5 4 57 4 111 7 4 55 4 21 4 56 54 4 49 4 27 4 57 28 4 21 4 16 4 67 56 4 33 4 40 4 7 4 34 43 4 46 4 26 4 12 23 4 23 4 80 48 4 12 4 97 51 4 14 4 52 4 7 4 14 50 4 23 4 70 57 4 60 4 114 53 4 9 4 56 4 54 4 26 4 33 8 4 6 4 41 4 23 4 110 27 4 31 4 114 32 4 36 4 17 4 20 4 13 19 4 11 4 53 4 36 59 4 56 4 72 18 4 49 4 78 14 20 96 7 4 5 4 27 4 49 27 20 80 33 4 16 4 32 4 62 50 4 50 4 6 4 15 4 115 38 4 19 4 55 23 4 36 4 19 4 16 17 4 15 4 55 58 4 29 4 27 4 8 25 4 40 4 12 4 41 49 4 31 4 100 49 4 53 4 70 53 4 34 41 4 37 4 32 4 98 54 4 60 4 114 50 4 18 4 65 60 4 55 4 53 19 4 28 4 110 30 4 37 4 110 38 4 17 4 10 59 4 6 4 53 32 4 37 4 21 19 4 37 4 8 4 52 15 4 22 4 22 39 4 28 4 42 4 84 37 4 35 4 26 4 89 32 4 20 4 52 4 37 4 107 16 4 26 4 12 4 24 4 97 11 4 18 4 50 4 94 52 4 14 4 116 13 4 55 4 11 4 61 21 4 55 4 45 4 1 34 4 56 4 11 4 27 17 4 17 4 29 4 75 54 16 48 16 54 11 4 115 60 16 18 16 92 7 4 34 4 2 16 4 9 4 15 4 55 23 4 7 4 46 4 5 4 9 41 4 37 4 10 6 4 32 4 48 4 45 4 2 48 4 56 4 35 4 14 31 4 24 4 32 4 31 21 4 39 4 54 4 75 54 4 54 4 22 4 38 20 4 57 4 57 4 59 4 45 7 4 13 4 53 4 26 4 83 41 4 55 4 36 4 31 14 4 11 4 9 4 49 36 4 36 4 51 4 
iteration 70637 best: 1.18906 time: 453816
78 42 4 7 4 12 4 1 5 4 57 4 111 7 4 55 4 21 4 56 54 4 49 4 27 4 57 28 4 21 4 16 4 67 56 4 33 4 40 4 7 4 34 43 4 46 4 26 4 12 23 4 23 4 80 48 4 12 4 97 51 4 14 4 52 4 7 4 14 50 4 23 4 70 57 4 60 4 114 53 4 9 4 56 4 54 4 26 4 33 8 4 6 4 41 4 23 4 110 27 4 31 4 114 32 4 36 4 17 4 20 4 13 19 4 11 4 53 4 36 59 4 56 4 72 18 4 49 4 78 14 20 96 7 4 5 4 27 4 49 27 20 80 33 4 16 4 32 4 62 50 4 50 4 6 4 15 4 115 38 4 19 4 55 23 4 36 4 19 4 16 17 4 15 4 55 58 4 29 4 27 4 8 25 4 40 4 12 4 41 49 4 31 4 100 49 4 53 4 70 53 4 34 41 4 37 4 32 4 98 54 4 60 4 114 50 4 18 4 65 60 4 55 4 53 19 4 28 4 110 30 4 37 4 110 38 4 17 4 10 59 4 6 4 53 32 4 37 4 21 19 4 37 4 8 4 52 15 4 22 4 22 39 4 28 4 42 4 84 37 4 35 4 26 4 89 32 4 20 4 52 4 37 4 107 16 4 26 4 12 4 24 4 97 11 4 18 4 50 4 94 52 4 14 4 116 13 4 55 4 11 4 61 21 4 55 4 45 4 1 34 4 56 4 11 4 27 17 4 17 4 29 4 75 54 16 48 16 54 11 4 115 60 16 18 16 92 7 4 34 4 2 16 4 9 4 15 4 55 23 4 7 4 46 4 5 4 9 41 4 37 4 10 6 4 32 4 48 4 45 4 2 48 4 56 4 35 4 14 31 4 24 4 32 4 31 21 4 39 4 54 4 75 54 4 54 4 22 4 38 20 4 57 4 57 4 59 4 45 7 4 13 4 53 4 26 4 83 41 4 55 4 36 4 31 14 4 11 4 9 4 49 36 4 36 4 51 4 
iteration 71787 best: 1.15839 time: 461021
78 42 4 7 4 12 4 1 5 4 57 4 106 7 4 55 4 21 4 56 54 4 49 4 27 4 57 28 4 21 4 16 4 67 56 4 33 4 40 4 7 4 34 43 4 46 4 26 4 12 23 4 23 4 83 48 4 12 4 97 51 4 14 4 52 4 7 4 14 50 4 23 4 70 57 4 60 4 114 53 4 9 4 56 4 54 4 26 4 33 8 4 6 4 41 4 23 4 110 27 4 31 4 114 36 4 36 4 17 4 20 4 13 19 4 11 4 53 4 36 59 4 56 4 67 18 4 49 4 78 14 20 96 7 4 5 4 27 4 49 27 20 80 33 4 16 4 32 4 62 50 4 50 4 6 4 15 4 115 38 4 19 4 55 23 4 36 4 19 4 16 17 4 15 4 55 58 4 29 4 27 4 8 25 4 40 4 12 4 41 49 4 31 4 100 49 4 53 4 70 53 4 34 41 4 37 4 32 4 98 54 4 60 4 114 50 4 18 4 65 60 4 55 4 53 19 4 28 4 110 30 4 37 4 110 38 4 17 4 10 59 4 6 4 53 32 4 5 4 21 20 4 32 4 8 4 52 15 4 22 4 22 39 4 28 4 42 4 84 37 4 35 4 26 4 89 32 4 20 4 52 4 37 4 107 16 4 26 4 12 4 24 4 97 11 4 18 4 50 4 94 52 4 14 4 116 13 4 55 4 11 4 61 21 4 55 4 45 4 1 34 4 56 4 11 4 27 17 4 17 4 29 4 75 54 16 48 16 54 15 4 115 60 16 18 16 92 7 4 34 4 2 16 4 9 4 15 4 55 23 4 7 4 46 4 5 4 9 41 4 37 4 10 6 4 32 4 48 4 45 4 2 48 4 56 4 35 4 14 31 4 24 4 32 4 31 21 4 39 4 54 4 75 54 4 54 4 22 4 38 20 4 57 4 57 4 59 4 45 7 4 13 4 53 4 26 4 83 41 4 55 4 36 4 31 14 4 11 4 9 4 49 36 4 36 4 51 4 
iteration 72957 best: 1.15839 time: 468226
78 42 4 7 4 12 4 1 5 4 57 4 106 7 4 55 4 21 4 56 54 4 49 4 27 4 57 28 4 21 4 16 4 67 56 4 33 4 40 4 7 4 34 43 4 46 4 26 4 12 23 4 23 4 83 48 4 12 4 97 51 4 14 4 52 4 7 4 14 50 4 23 4 70 57 4 60 4 114 53 4 9 4 56 4 54 4 26 4 33 8 4 6 4 41 4 23 4 110 27 4 31 4 114 36 4 36 4 17 4 20 4 13 19 4 11 4 53 4 36 59 4 56 4 67 18 4 49 4 78 14 20 96 7 4 5 4 27 4 49 27 20 80 33 4 16 4 32 4 62 50 4 50 4 6 4 15 4 115 38 4 19 4 55 23 4 36 4 19 4 16 17 4 15 4 55 58 4 29 4 27 4 8 25 4 40 4 12 4 41 49 4 31 4 100 49 4 53 4 70 53 4 34 41 4 37 4 32 4 98 54 4 60 4 114 50 4 18 4 65 60 4 55 4 53 19 4 28 4 110 30 4 37 4 110 38 4 17 4 10 59 4 6 4 53 32 4 5 4 21 20 4 32 4 8 4 52 15 4 22 4 22 39 4 28 4 42 4 84 37 4 35 4 26 4 89 32 4 20 4 52 4 37 4 107 16 4 26 4 12 4 24 4 97 11 4 18 4 50 4 94 52 4 14 4 116 13 4 55 4 11 4 61 21 4 55 4 45 4 1 34 4 56 4 11 4 27 17 4 17 4 29 4 75 54 16 48 16 54 15 4 115 60 16 18 16 92 7 4 34 4 2 16 4 9 4 15 4 55 23 4 7 4 46 4 5 4 9 41 4 37 4 10 6 4 32 4 48 4 45 4 2 48 4 56 4 35 4 14 31 4 24 4 32 4 31 21 4 39 4 54 4 75 54 4 54 4 22 4 38 20 4 57 4 57 4 59 4 45 7 4 13 4 53 4 26 4 83 41 4 55 4 36 4 31 14 4 11 4 9 4 49 36 4 36 4 51 4 
iteration 74143 best: 1.09975 time: 475428
78 42 4 5 4 12 4 1 5 4 57 4 106 7 4 55 4 21 4 56 54 4 49 4 27 4 57 28 4 21 4 16 4 67 56 4 33 4 40 4 7 4 34 43 4 46 4 26 4 12 23 4 23 4 83 48 4 12 4 97 51 4 14 4 52 4 7 4 14 50 4 23 4 70 57 4 60 4 114 53 4 9 4 56 4 54 4 26 4 33 8 4 6 4 41 4 23 4 110 27 4 31 4 114 36 4 36 4 17 4 20 4 13 19 4 11 4 53 4 36 59 4 56 4 67 18 4 49 4 78 14 20 96 7 4 5 4 27 4 49 27 20 80 33 4 16 4 32 4 62 50 4 50 4 6 4 15 4 115 38 4 19 4 55 23 4 36 4 19 4 16 17 4 15 4 55 58 4 29 4 27 4 8 25 4 40 4 12 4 41 49 4 31 4 100 49 4 53 4 70 53 4 34 41 4 37 4 32 4 98 54 4 60 4 114 50 4 18 4 65 60 4 56 4 53 19 4 28 4 110 30 4 35 4 110 38 4 17 4 10 59 4 6 4 53 32 4 5 4 21 20 4 32 4 8 4 52 15 4 22 4 22 39 4 28 4 42 4 85 37 4 35 4 26 4 89 32 4 20 4 52 4 37 4 107 16 4 26 4 12 4 24 4 97 11 4 18 4 50 4 94 52 4 14 4 116 16 4 55 4 14 4 61 21 4 55 4 45 4 1 34 4 56 4 11 4 27 17 4 17 4 29 4 75 54 16 48 16 54 15 4 115 60 16 18 16 92 7 4 34 4 11 16 4 9 4 15 4 55 23 4 7 4 46 4 5 4 9 41 4 37 4 10 6 4 32 4 48 4 45 4 2 48 4 56 4 35 4 14 31 4 24 4 32 4 31 21 4 39 4 54 4 75 54 4 54 4 22 4 38 20 4 57 4 57 4 59 4 45 7 4 13 4 53 4 26 4 83 41 4 55 4 36 4 31 14 4 11 4 9 4 49 36 4 36 4 51 4 
iteration 75340 best: 1.09975 time: 482631
78 42 4 5 4 12 4 1 5 4 57 4 106 7 4 55 4 21 4 56 54 4 49 4 27 4 57 28 4 21 4 16 4 67 56 4 33 4 40 4 7 4 34 43 4 46 4 26 4 12 23 4 23 4 83 48 4 12 4 97 51 4 14 4 52 4 7 4 14 50 4 23 4 70 57 4 60 4 114 53 4 9 4 56 4 54 4 26 4 33 8 4 6 4 41 4 23 4 110 27 4 31 4 114 36 4 36 4 17 4 20 4 13 19 4 11 4 53 4 36 59 4 56 4 67 18 4 49 4 78 14 20 96 7 4 5 4 27 4 49 27 20 80 33 4 16 4 32 4 62 50 4 50 4 6 4 15 4 115 38 4 19 4 55 23 4 36 4 19 4 16 17 4 15 4 55 58 4 29 4 27 4 8 25 4 40 4 12 4 41 49 4 31 4 100 49 4 53 4 70 53 4 34 41 4 37 4 32 4 98 54 4 60 4 114 50 4 18 4 65 60 4 56 4 53 19 4 28 4 110 30 4 35 4 110 38 4 17 4 10 59 4 6 4 53 32 4 5 4 21 20 4 32 4 8 4 52 15 4 22 4 22 39 4 28 4 42 4 85 37 4 35 4 26 4 89 32 4 20 4 52 4 37 4 107 16 4 26 4 12 4 24 4 97 11 4 18 4 50 4 94 52 4 14 4 116 16 4 55 4 14 4 61 21 4 55 4 45 4 1 34 4 56 4 11 4 27 17 4 17 4 29 4 75 54 16 48 16 54 15 4 115 60 16 18 16 92 7 4 34 4 11 16 4 9 4 15 4 55 23 4 7 4 46 4 5 4 9 41 4 37 4 10 6 4 32 4 48 4 45 4 2 48 4 56 4 35 4 14 31 4 24 4 32 4 31 21 4 39 4 54 4 75 54 4 54 4 22 4 38 20 4 57 4 57 4 59 4 45 7 4 13 4 53 4 26 4 83 41 4 55 4 36 4 31 14 4 11 4 9 4 49 36 4 36 4 51 4 
iteration 76539 best: 1.09975 time: 489835
78 42 4 5 4 12 4 1 5 4 57 4 106 7 4 55 4 21 4 56 54 4 49 4 27 4 57 28 4 21 4 16 4 67 56 4 33 4 40 4 7 4 34 43 4 46 4 26 4 12 23 4 23 4 83 48 4 12 4 97 51 4 14 4 52 4 7 4 14 50 4 23 4 70 57 4 60 4 114 53 4 9 4 56 4 54 4 26 4 33 8 4 6 4 41 4 23 4 110 27 4 31 4 114 36 4 36 4 17 4 20 4 13 19 4 11 4 53 4 36 59 4 56 4 67 18 4 49 4 78 14 20 96 7 4 5 4 27 4 49 27 20 80 33 4 16 4 32 4 62 50 4 50 4 6 4 15 4 115 38 4 19 4 55 23 4 36 4 19 4 16 17 4 15 4 55 58 4 29 4 27 4 8 25 4 40 4 12 4 41 49 4 31 4 100 49 4 53 4 70 53 4 34 41 4 37 4 32 4 98 54 4 60 4 114 50 4 18 4 65 60 4 56 4 53 19 4 28 4 110 30 4 35 4 110 38 4 17 4 10 59 4 6 4 53 32 4 5 4 21 20 4 32 4 8 4 52 15 4 22 4 22 39 4 28 4 42 4 85 37 4 35 4 26 4 89 32 4 20 4 52 4 37 4 107 16 4 26 4 12 4 24 4 97 11 4 18 4 50 4 94 52 4 14 4 116 16 4 55 4 14 4 61 21 4 55 4 45 4 1 34 4 56 4 11 4 27 17 4 17 4 29 4 75 54 16 48 16 54 15 4 115 60 16 18 16 92 7 4 34 4 11 16 4 9 4 15 4 55 23 4 7 4 46 4 5 4 9 41 4 37 4 10 6 4 32 4 48 4 45 4 2 48 4 56 4 35 4 14 31 4 24 4 32 4 31 21 4 39 4 54 4 75 54 4 54 4 22 4 38 20 4 57 4 57 4 59 4 45 7 4 13 4 53 4 26 4 83 41 4 55 4 36 4 31 14 4 11 4 9 4 49 36 4 36 4 51 4 
iteration 77736 best: 1.08202 time: 497040
78 42 4 5 4 12 4 1 5 4 54 4 106 7 4 55 4 21 4 56 54 4 49 4 27 4 57 28 4 21 4 16 4 67 56 4 33 4 40 4 7 4 34 43 4 46 4 26 4 12 23 4 23 4 83 48 4 12 4 97 51 4 14 4 52 4 7 4 14 50 4 23 4 70 57 4 60 4 114 53 4 9 4 56 4 54 4 26 4 33 8 4 6 4 41 4 23 4 110 27 4 31 4 114 36 4 36 4 17 4 20 4 13 19 4 11 4 53 4 36 59 4 56 4 67 18 4 49 4 78 14 20 96 7 4 5 4 27 4 49 27 20 80 33 4 16 4 32 4 62 50 4 50 4 6 4 15 4 115 40 4 19 4 55 23 4 36 4 19 4 16 17 4 15 4 55 58 4 29 4 27 4 8 25 4 40 4 12 4 41 49 4 31 4 100 49 4 53 4 70 53 4 34 41 4 37 4 32 4 98 54 4 60 4 114 50 4 18 4 65 60 4 56 4 53 19 4 28 4 110 30 4 35 4 110 38 4 17 4 10 59 4 6 4 53 32 4 5 4 21 20 4 32 4 8 4 52 15 4 22 4 22 39 4 28 4 42 4 85 37 4 35 4 26 4 89 32 4 20 4 52 4 37 4 107 16 4 26 4 12 4 24 4 97 11 4 18 4 50 4 94 52 4 13 4 116 16 4 55 4 14 4 61 21 4 55 4 45 4 1 34 4 56 4 11 4 27 17 4 17 4 29 4 75 54 16 48 16 54 15 4 115 60 16 18 16 92 7 4 34 4 11 16 4 9 4 15 4 55 23 4 7 4 31 4 5 4 9 41 4 37 4 7 6 4 32 4 48 4 45 4 2 48 4 56 4 35 4 14 31 4 24 4 32 4 31 21 4 39 4 54 4 75 54 4 52 4 22 4 38 20 4 57 4 57 4 59 4 45 8 4 13 4 53 4 26 4 83 41 4 55 4 36 4 31 14 4 11 4 9 4 49 36 4 36 4 51 4 
iteration 78948 best: 1.06816 time: 504243
78 42 4 5 4 12 4 1 5 4 54 4 106 7 4 55 4 21 4 56 54 4 49 4 22 4 57 28 4 21 4 16 4 67 56 4 33 4 40 4 7 4 34 43 4 46 4 26 4 12 23 4 23 4 83 48 4 12 4 97 51 4 14 4 52 4 7 4 14 50 4 23 4 70 60 4 60 4 114 53 4 9 4 56 4 54 4 26 4 33 8 4 6 4 41 4 23 4 110 27 4 31 4 114 36 4 36 4 17 4 20 4 13 19 4 11 4 53 4 36 59 4 56 4 67 18 4 49 4 78 14 20 96 7 4 5 4 27 4 49 27 20 80 33 4 16 4 32 4 62 50 4 50 4 6 4 15 4 115 40 4 19 4 55 23 4 36 4 19 4 16 17 4 15 4 55 58 4 29 4 27 4 8 25 4 40 4 12 4 41 49 4 31 4 100 49 4 53 4 70 53 4 34 41 4 37 4 32 4 98 54 4 60 4 114 50 4 18 4 65 60 4 56 4 53 19 4 28 4 110 30 4 35 4 110 38 4 17 4 10 59 4 6 4 53 32 4 5 4 21 20 4 32 4 8 4 52 15 4 22 4 22 39 4 28 4 42 4 85 37 4 35 4 26 4 89 32 4 20 4 52 4 37 4 107 16 4 26 4 12 4 24 4 97 11 4 18 4 50 4 94 52 4 13 4 116 16 4 55 4 14 4 61 21 4 55 4 45 4 1 34 4 56 4 15 4 27 17 4 17 4 29 4 75 54 16 48 16 54 15 4 115 60 16 18 16 92 7 4 34 4 11 16 4 9 4 15 4 55 23 4 7 4 31 4 5 4 9 41 4 37 4 7 6 4 32 4 48 4 45 4 2 48 4 56 4 35 4 14 31 4 24 4 32 4 31 21 4 39 4 54 4 75 54 4 52 4 22 4 38 20 4 57 4 57 4 59 4 45 8 4 13 4 53 4 26 4 83 41 4 55 4 36 4 31 14 4 11 4 9 4 49 36 4 36 4 51 4 
iteration 80161 best: 1.05989 time: 511445
78 42 4 5 4 12 4 1 5 4 54 4 106 7 4 55 4 21 4 56 54 4 49 4 22 4 57 28 4 21 4 16 4 67 56 4 33 4 40 4 7 4 34 43 4 46 4 26 4 12 23 4 23 4 83 48 4 12 4 97 51 4 14 4 52 4 7 4 14 50 4 23 4 70 60 4 60 4 114 53 4 9 4 56 4 54 4 26 4 33 8 4 6 4 41 4 23 4 110 27 4 31 4 114 36 4 36 4 17 4 20 4 13 19 4 11 4 53 4 36 59 4 56 4 69 18 4 49 4 78 14 20 96 7 4 5 4 27 4 49 27 20 80 33 4 16 4 33 4 62 50 4 50 4 6 4 15 4 115 40 4 19 4 55 23 4 36 4 19 4 16 17 4 15 4 55 58 4 29 4 27 4 8 25 4 40 4 12 4 41 49 4 31 4 100 49 4 53 4 70 54 4 34 41 4 37 4 32 4 98 57 4 60 4 114 48 4 18 4 65 60 4 56 4 53 19 4 28 4 110 30 4 35 4 110 38 4 17 4 10 59 4 6 4 53 32 4 5 4 21 20 4 32 4 8 4 52 15 4 22 4 22 39 4 28 4 42 4 85 37 4 35 4 26 4 89 32 4 20 4 52 4 37 4 107 16 4 26 4 12 4 24 4 97 11 4 18 4 50 4 94 52 4 13 4 116 16 4 55 4 14 4 61 21 4 55 4 44 4 1 34 4 56 4 15 4 27 17 4 17 4 29 4 75 54 16 51 16 54 15 4 115 60 16 18 16 92 7 4 34 4 11 16 4 9 4 15 4 55 23 4 7 4 31 4 5 4 9 41 4 37 4 7 6 4 32 4 48 4 45 4 2 48 4 56 4 35 4 14 31 4 24 4 32 4 31 21 4 39 4 54 4 75 54 4 52 4 22 4 38 20 4 57 4 57 4 59 4 45 8 4 13 4 53 4 26 4 83 41 4 55 4 36 4 31 13 4 10 4 9 4 49 36 4 36 4 51 4 
iteration 81375 best: 1.05825 time: 518646
78 42 4 5 4 12 4 1 5 4 54 4 106 7 4 55 4 21 4 56 54 4 49 4 22 4 57 28 4 21 4 16 4 67 56 4 33 4 40 4 7 4 34 43 4 46 4 26 4 12 23 4 23 4 83 48 4 12 4 97 51 4 14 4 52 4 7 4 14 50 4 23 4 70 60 4 60 4 114 53 4 9 4 56 4 54 4 26 4 33 8 4 6 4 41 4 23 4 110 27 4 31 4 114 36 4 36 4 17 4 20 4 13 19 4 11 4 53 4 36 59 4 56 4 69 18 4 49 4 78 14 20 96 7 4 5 4 27 4 49 27 20 80 33 4 16 4 33 4 62 50 4 50 4 6 4 15 4 115 40 4 19 4 55 23 4 36 4 19 4 16 17 4 15 4 55 58 4 29 4 27 4 8 25 4 40 4 12 4 41 49 4 31 4 100 49 4 53 4 70 54 4 34 41 4 37 4 32 4 98 57 4 60 4 114 48 4 18 4 65 60 4 56 4 53 19 4 28 4 110 30 4 35 4 110 38 4 17 4 10 59 4 6 4 53 32 4 5 4 21 20 4 32 4 8 4 52 15 4 22 4 22 39 4 28 4 42 4 85 37 4 35 4 26 4 89 32 4 20 4 52 4 37 4 107 16 4 26 4 12 4 24 4 97 11 4 18 4 50 4 94 52 4 15 4 116 16 4 55 4 14 4 61 21 4 55 4 44 4 1 34 4 56 4 15 4 27 17 4 17 4 29 4 75 54 16 51 16 54 15 4 115 60 16 18 16 92 7 4 34 4 11 16 4 9 4 15 4 55 23 4 7 4 31 4 5 4 9 41 4 37 4 7 6 4 32 4 48 4 45 4 2 48 4 56 4 35 4 14 31 4 24 4 32 4 31 21 4 39 4 54 4 75 54 4 52 4 25 4 38 20 4 57 4 57 4 59 4 45 8 4 13 4 53 4 26 4 83 41 4 55 4 36 4 31 13 4 10 4 9 4 49 36 4 36 4 51 4 
iteration 82588 best: 1.05825 time: 525851
78 42 4 5 4 12 4 1 5 4 54 4 106 7 4 55 4 21 4 56 54 4 49 4 22 4 57 28 4 21 4 16 4 67 56 4 33 4 40 4 7 4 34 43 4 46 4 26 4 12 23 4 23 4 83 48 4 12 4 97 51 4 14 4 52 4 7 4 14 50 4 23 4 70 60 4 60 4 114 53 4 9 4 56 4 54 4 26 4 33 8 4 6 4 41 4 23 4 110 27 4 31 4 114 36 4 36 4 17 4 20 4 13 19 4 11 4 53 4 36 59 4 56 4 69 18 4 49 4 78 14 20 96 7 4 5 4 27 4 49 27 20 80 33 4 16 4 33 4 62 50 4 50 4 6 4 15 4 115 40 4 19 4 55 23 4 36 4 19 4 16 17 4 15 4 55 58 4 29 4 27 4 8 25 4 40 4 12 4 41 49 4 31 4 100 49 4 53 4 70 54 4 34 41 4 37 4 32 4 98 57 4 60 4 114 48 4 18 4 65 60 4 56 4 53 19 4 28 4 110 30 4 35 4 110 38 4 17 4 10 59 4 6 4 53 32 4 5 4 21 20 4 32 4 8 4 52 15 4 22 4 22 39 4 28 4 42 4 85 37 4 35 4 26 4 89 32 4 20 4 52 4 37 4 107 16 4 26 4 12 4 24 4 97 11 4 18 4 50 4 94 52 4 15 4 116 16 4 55 4 14 4 61 21 4 55 4 44 4 1 34 4 56 4 15 4 27 17 4 17 4 29 4 75 54 16 51 16 54 15 4 115 60 16 18 16 92 7 4 34 4 11 16 4 9 4 15 4 55 23 4 7 4 31 4 5 4 9 41 4 37 4 7 6 4 32 4 48 4 45 4 2 48 4 56 4 35 4 14 31 4 24 4 32 4 31 21 4 39 4 54 4 75 54 4 52 4 25 4 38 20 4 57 4 57 4 59 4 45 8 4 13 4 53 4 26 4 83 41 4 55 4 36 4 31 13 4 10 4 9 4 49 36 4 36 4 51 4 
iteration 83817 best: 1.0219 time: 533057
78 42 4 5 4 12 4 1 5 4 54 4 106 7 4 55 4 21 4 52 54 4 49 4 22 4 57 28 4 21 4 16 4 67 56 4 33 4 40 4 7 4 34 43 4 46 4 21 4 12 23 4 23 4 83 48 4 12 4 97 51 4 14 4 52 4 7 4 14 50 4 23 4 70 60 4 60 4 114 53 4 9 4 56 4 54 4 26 4 33 8 4 6 4 41 4 23 4 110 27 4 31 4 114 36 4 36 4 17 4 20 4 13 19 4 11 4 53 4 36 59 4 56 4 69 22 4 47 4 78 14 20 96 7 4 5 4 27 4 49 27 20 80 36 4 15 4 33 4 62 50 4 50 4 6 4 15 4 117 42 4 19 4 55 23 4 36 4 19 4 16 17 4 15 4 55 58 4 29 4 27 4 8 25 4 40 4 12 4 41 49 4 31 4 100 49 4 53 4 70 54 4 34 41 4 37 4 32 4 98 60 4 60 4 114 48 4 27 4 65 60 4 56 4 53 19 4 28 4 110 30 4 35 4 110 38 4 17 4 10 59 4 6 4 53 32 4 5 4 21 20 4 32 4 8 4 52 15 4 22 4 22 39 4 28 4 42 4 85 37 4 35 4 26 4 89 32 4 19 4 52 4 37 4 107 16 4 26 4 12 4 24 4 97 11 4 18 4 50 4 89 52 4 10 4 116 16 4 55 4 14 4 61 21 4 55 4 44 4 1 34 4 56 4 15 4 27 17 4 17 4 29 4 73 54 16 51 16 54 19 4 115 60 16 18 16 92 7 4 34 4 11 16 4 9 4 15 4 55 23 4 7 4 31 4 5 4 9 41 4 37 4 7 6 4 32 4 48 4 45 4 2 48 4 56 4 35 4 14 31 4 24 4 32 4 31 21 4 39 4 54 4 75 54 4 52 4 25 4 38 20 4 57 4 57 4 59 4 45 8 4 13 4 53 4 26 4 83 41 4 55 4 36 4 31 13 4 10 4 9 4 49 36 4 36 4 51 4 
iteration 85045 best: 1.0219 time: 540258
78 42 4 5 4 12 4 1 5 4 54 4 106 7 4 55 4 21 4 52 54 4 49 4 22 4 57 28 4 21 4 16 4 67 56 4 33 4 40 4 7 4 34 43 4 46 4 21 4 12 23 4 23 4 83 48 4 12 4 97 51 4 14 4 52 4 7 4 14 50 4 23 4 70 60 4 60 4 114 53 4 9 4 56 4 54 4 26 4 33 8 4 6 4 41 4 23 4 110 27 4 31 4 114 36 4 36 4 17 4 20 4 13 19 4 11 4 53 4 36 59 4 56 4 69 22 4 47 4 78 14 20 96 7 4 5 4 27 4 49 27 20 80 36 4 15 4 33 4 62 50 4 50 4 6 4 15 4 117 42 4 19 4 55 23 4 36 4 19 4 16 17 4 15 4 55 58 4 29 4 27 4 8 25 4 40 4 12 4 41 49 4 31 4 100 49 4 53 4 70 54 4 34 41 4 37 4 32 4 98 60 4 60 4 114 48 4 27 4 65 60 4 56 4 53 19 4 28 4 110 30 4 35 4 110 38 4 17 4 10 59 4 6 4 53 32 4 5 4 21 20 4 32 4 8 4 52 15 4 22 4 22 39 4 28 4 42 4 85 37 4 35 4 26 4 89 32 4 19 4 52 4 37 4 107 16 4 26 4 12 4 24 4 97 11 4 18 4 50 4 89 52 4 10 4 116 16 4 55 4 14 4 61 21 4 55 4 44 4 1 34 4 56 4 15 4 27 17 4 17 4 29 4 73 54 16 51 16 54 19 4 115 60 16 18 16 92 7 4 34 4 11 16 4 9 4 15 4 55 23 4 7 4 31 4 5 4 9 41 4 37 4 7 6 4 32 4 48 4 45 4 2 48 4 56 4 35 4 14 31 4 24 4 32 4 31 21 4 39 4 54 4 75 54 4 52 4 25 4 38 20 4 57 4 57 4 59 4 45 8 4 13 4 53 4 26 4 83 41 4 55 4 36 4 31 13 4 10 4 9 4 49 36 4 36 4 51 4 
iteration 86275 best: 1.02097 time: 547461
78 42 4 5 4 12 4 1 5 4 54 4 106 7 4 55 4 21 4 52 54 4 49 4 22 4 57 28 4 21 4 16 4 67 56 4 33 4 40 4 7 4 34 43 4 46 4 21 4 12 23 4 23 4 83 48 4 12 4 97 51 4 14 4 52 4 7 4 14 50 4 23 4 70 60 4 60 4 114 53 4 9 4 56 4 54 4 26 4 33 8 4 6 4 41 4 23 4 110 27 4 31 4 114 36 4 36 4 17 4 20 4 13 19 4 11 4 53 4 36 59 4 60 4 67 22 4 47 4 78 14 20 96 7 4 5 4 27 4 49 27 20 80 36 4 15 4 33 4 62 50 4 50 4 6 4 15 4 117 42 4 19 4 55 23 4 36 4 19 4 16 17 4 15 4 55 58 4 29 4 27 4 8 25 4 40 4 12 4 41 49 4 31 4 100 49 4 53 4 70 54 4 34 41 4 37 4 32 4 98 60 4 60 4 114 48 4 27 4 65 60 4 56 4 53 19 4 28 4 110 30 4 35 4 110 38 4 17 4 10 59 4 6 4 53 32 4 5 4 21 20 4 32 4 8 4 52 15 4 22 4 22 39 4 28 4 42 4 85 37 4 35 4 26 4 89 32 4 19 4 52 4 37 4 107 16 4 26 4 12 4 24 4 97 11 4 18 4 50 4 89 52 4 10 4 116 16 4 55 4 14 4 69 21 4 55 4 44 4 1 34 4 56 4 15 4 27 17 4 17 4 29 4 73 54 16 51 16 54 19 4 115 60 16 18 16 92 7 4 34 4 11 16 4 9 4 15 4 55 23 4 7 4 31 4 5 4 9 41 4 37 4 7 6 4 32 4 48 4 45 4 2 48 4 56 4 35 4 14 31 4 24 4 32 4 31 21 4 39 4 54 4 75 54 4 52 4 25 4 38 20 4 57 4 57 4 59 4 45 8 4 13 4 53 4 26 4 83 41 4 55 4 36 4 31 13 4 10 4 9 4 49 36 4 36 4 51 4 
iteration 87506 best: 1.02097 time: 554663
78 42 4 5 4 12 4 1 5 4 54 4 106 7 4 55 4 21 4 52 54 4 49 4 22 4 57 28 4 21 4 16 4 67 56 4 33 4 40 4 7 4 34 43 4 46 4 21 4 12 23 4 23 4 83 48 4 12 4 97 51 4 14 4 52 4 7 4 14 50 4 23 4 70 60 4 60 4 114 53 4 9 4 56 4 54 4 26 4 33 8 4 6 4 41 4 23 4 110 27 4 31 4 114 36 4 36 4 17 4 20 4 13 19 4 11 4 53 4 36 59 4 60 4 67 22 4 47 4 78 14 20 96 7 4 5 4 27 4 49 27 20 80 36 4 15 4 33 4 62 50 4 50 4 6 4 15 4 117 42 4 19 4 55 23 4 36 4 19 4 16 17 4 15 4 55 58 4 29 4 27 4 8 25 4 40 4 12 4 41 49 4 31 4 100 49 4 53 4 70 54 4 34 41 4 37 4 32 4 98 60 4 60 4 114 48 4 27 4 65 60 4 56 4 53 19 4 28 4 110 30 4 35 4 110 38 4 17 4 10 59 4 6 4 53 32 4 5 4 21 20 4 32 4 8 4 52 15 4 22 4 22 39 4 28 4 42 4 85 37 4 35 4 26 4 89 32 4 19 4 52 4 37 4 107 16 4 26 4 12 4 24 4 97 11 4 18 4 50 4 89 52 4 10 4 116 16 4 55 4 14 4 69 21 4 55 4 44 4 1 34 4 56 4 15 4 27 17 4 17 4 29 4 73 54 16 51 16 54 19 4 115 60 16 18 16 92 7 4 34 4 11 16 4 9 4 15 4 55 23 4 7 4 31 4 5 4 9 41 4 37 4 7 6 4 32 4 48 4 45 4 2 48 4 56 4 35 4 14 31 4 24 4 32 4 31 21 4 39 4 54 4 75 54 4 52 4 25 4 38 20 4 57 4 57 4 59 4 45 8 4 13 4 53 4 26 4 83 41 4 55 4 36 4 31 13 4 10 4 9 4 49 36 4 36 4 51 4 
iteration 88736 best: 1.019 time: 561864
78 42 4 5 4 12 4 1 5 4 54 4 106 7 4 55 4 21 4 52 54 4 49 4 22 4 57 28 4 21 4 16 4 67 56 4 33 4 40 4 7 4 34 43 4 46 4 21 4 12 23 4 23 4 83 48 4 12 4 97 51 4 14 4 52 4 7 4 14 50 4 23 4 70 60 4 60 4 114 53 4 9 4 56 4 54 4 26 4 33 8 4 6 4 41 4 23 4 110 27 4 31 4 114 36 4 36 4 17 4 20 4 13 19 4 11 4 53 4 36 59 4 60 4 67 22 4 44 4 78 14 20 96 7 4 5 4 27 4 49 27 20 83 36 4 15 4 33 4 62 50 4 50 4 6 4 15 4 117 42 4 19 4 55 23 4 36 4 19 4 16 17 4 15 4 55 58 4 29 4 27 4 8 25 4 40 4 12 4 41 49 4 31 4 100 49 4 53 4 70 57 4 34 41 4 37 4 32 4 98 60 4 60 4 114 48 4 27 4 65 60 4 56 4 53 19 4 28 4 110 30 4 35 4 110 38 4 17 4 10 59 4 6 4 53 32 4 5 4 21 20 4 32 4 8 4 52 15 4 22 4 22 39 4 28 4 42 4 85 37 4 35 4 26 4 89 32 4 19 4 52 4 37 4 107 16 4 26 4 12 4 24 4 97 11 4 18 4 50 4 89 52 4 10 4 116 16 4 55 4 14 4 69 21 4 60 4 44 4 1 34 4 56 4 15 4 27 17 4 17 4 29 4 73 54 16 51 16 54 19 4 115 60 16 18 16 92 7 4 34 4 11 16 4 9 4 15 4 55 23 4 7 4 31 4 5 4 9 41 4 37 4 7 6 4 32 4 48 4 45 4 2 48 4 56 4 35 4 14 31 4 24 4 32 4 31 21 4 39 4 54 4 75 54 4 52 4 25 4 38 20 4 57 4 57 4 59 4 45 8 4 13 4 53 4 26 4 83 41 4 55 4 36 4 31 13 4 10 4 9 4 49 36 4 36 4 51 4 
iteration 89968 best: 1.019 time: 569067
78 42 4 5 4 12 4 1 5 4 54 4 106 7 4 55 4 21 4 52 54 4 49 4 22 4 57 28 4 21 4 16 4 67 56 4 33 4 40 4 7 4 34 43 4 46 4 21 4 12 23 4 23 4 83 48 4 12 4 97 51 4 14 4 52 4 7 4 14 50 4 23 4 70 60 4 60 4 114 53 4 9 4 56 4 54 4 26 4 33 8 4 6 4 41 4 23 4 110 27 4 31 4 114 36 4 36 4 17 4 20 4 13 19 4 11 4 53 4 36 59 4 60 4 67 22 4 44 4 78 14 20 96 7 4 5 4 27 4 49 27 20 83 36 4 15 4 33 4 62 50 4 50 4 6 4 15 4 117 42 4 19 4 55 23 4 36 4 19 4 16 17 4 15 4 55 58 4 29 4 27 4 8 25 4 40 4 12 4 41 49 4 31 4 100 49 4 53 4 70 57 4 34 41 4 37 4 32 4 98 60 4 60 4 114 48 4 27 4 65 60 4 56 4 53 19 4 28 4 110 30 4 35 4 110 38 4 17 4 10 59 4 6 4 53 32 4 5 4 21 20 4 32 4 8 4 52 15 4 22 4 22 39 4 28 4 42 4 85 37 4 35 4 26 4 89 32 4 19 4 52 4 37 4 107 16 4 26 4 12 4 24 4 97 11 4 18 4 50 4 89 52 4 10 4 116 16 4 55 4 14 4 69 21 4 60 4 44 4 1 34 4 56 4 15 4 27 17 4 17 4 29 4 73 54 16 51 16 54 19 4 115 60 16 18 16 92 7 4 34 4 11 16 4 9 4 15 4 55 23 4 7 4 31 4 5 4 9 41 4 37 4 7 6 4 32 4 48 4 45 4 2 48 4 56 4 35 4 14 31 4 24 4 32 4 31 21 4 39 4 54 4 75 54 4 52 4 25 4 38 20 4 57 4 57 4 59 4 45 8 4 13 4 53 4 26 4 83 41 4 55 4 36 4 31 13 4 10 4 9 4 49 36 4 36 4 51 4 
iteration 91197 best: 1.019 time: 576273
78 42 4 5 4 12 4 1 5 4 54 4 106 7 4 55 4 21 4 52 54 4 49 4 22 4 57 28 4 21 4 16 4 67 56 4 33 4 40 4 7 4 34 43 4 46 4 21 4 12 23 4 23 4 83 48 4 12 4 97 51 4 14 4 52 4 7 4 14 50 4 23 4 70 60 4 60 4 114 53 4 9 4 56 4 54 4 26 4 33 8 4 6 4 41 4 23 4 110 27 4 31 4 114 36 4 36 4 17 4 20 4 13 19 4 11 4 53 4 36 59 4 60 4 67 22 4 44 4 78 14 20 96 7 4 5 4 27 4 49 27 20 83 36 4 15 4 33 4 62 50 4 50 4 6 4 15 4 117 42 4 19 4 55 23 4 36 4 19 4 16 17 4 15 4 55 58 4 29 4 27 4 8 25 4 40 4 12 4 41 49 4 31 4 100 49 4 53 4 70 57 4 34 41 4 37 4 32 4 98 60 4 60 4 114 48 4 27 4 65 60 4 56 4 53 19 4 28 4 110 30 4 35 4 110 38 4 17 4 10 59 4 6 4 53 32 4 5 4 21 20 4 32 4 8 4 52 15 4 22 4 22 39 4 28 4 42 4 85 37 4 35 4 26 4 89 32 4 19 4 52 4 37 4 107 16 4 26 4 12 4 24 4 97 11 4 18 4 50 4 89 52 4 10 4 116 16 4 55 4 14 4 69 21 4 60 4 44 4 1 34 4 56 4 15 4 27 17 4 17 4 29 4 73 54 16 51 16 54 19 4 115 60 16 18 16 92 7 4 34 4 11 16 4 9 4 15 4 55 23 4 7 4 31 4 5 4 9 41 4 37 4 7 6 4 32 4 48 4 45 4 2 48 4 56 4 35 4 14 31 4 24 4 32 4 31 21 4 39 4 54 4 75 54 4 52 4 25 4 38 20 4 57 4 57 4 59 4 45 8 4 13 4 53 4 26 4 83 41 4 55 4 36 4 31 13 4 10 4 9 4 49 36 4 36 4 51 4 
iteration 92426 best: 1.0169 time: 583474
78 42 4 5 4 12 4 1 5 4 54 4 106 7 4 55 4 21 4 52 54 4 49 4 22 4 57 28 4 21 4 16 4 67 56 4 33 4 40 4 7 4 34 43 4 46 4 21 4 12 23 4 23 4 83 60 4 12 4 97 51 4 14 4 52 4 7 4 14 50 4 23 4 70 60 4 60 4 114 53 4 9 4 56 4 54 4 26 4 33 8 4 6 4 41 4 23 4 110 27 4 31 4 114 36 4 36 4 17 4 20 4 13 19 4 11 4 53 4 36 59 4 60 4 70 22 4 44 4 78 14 20 96 7 4 5 4 27 4 49 27 20 83 36 4 15 4 33 4 62 50 4 50 4 6 4 15 4 117 42 4 19 4 55 23 4 36 4 19 4 16 17 4 15 4 55 58 4 29 4 27 4 8 25 4 40 4 12 4 41 49 4 31 4 100 49 4 53 4 70 57 4 34 41 4 37 4 32 4 98 60 4 60 4 114 48 4 27 4 65 60 4 56 4 53 19 4 28 4 110 30 4 35 4 110 38 4 17 4 10 59 4 6 4 53 32 4 5 4 21 20 4 32 4 8 4 52 15 4 22 4 22 39 4 28 4 42 4 85 37 4 35 4 26 4 89 32 4 19 4 52 4 37 4 107 16 4 26 4 12 4 24 4 97 11 4 18 4 50 4 89 52 4 10 4 116 16 4 55 4 14 4 69 21 4 60 4 44 4 1 34 4 56 4 15 4 27 17 4 17 4 29 4 73 54 16 51 16 54 19 4 115 60 16 18 16 92 7 4 34 4 11 16 4 9 4 15 4 55 23 4 7 4 31 4 5 4 9 41 4 37 4 7 6 4 32 4 48 4 45 4 2 48 4 56 4 35 4 14 31 4 24 4 32 4 31 21 4 39 4 54 4 75 54 4 52 4 25 4 38 20 4 57 4 57 4 59 4 45 8 4 13 4 53 4 26 4 83 41 4 55 4 36 4 31 13 4 10 4 9 4 49 36 4 36 4 51 4 
iteration 93658 best: 1.01689 time: 590675
78 42 4 5 4 12 4 1 5 4 54 4 106 7 4 55 4 21 4 52 54 4 49 4 22 4 57 28 4 21 4 16 4 67 56 4 33 4 40 4 7 4 34 43 4 46 4 21 4 12 23 4 23 4 83 60 4 12 4 97 51 4 14 4 52 4 7 4 14 50 4 23 4 70 60 4 60 4 114 53 4 9 4 56 4 54 4 26 4 33 8 4 6 4 41 4 23 4 110 27 4 31 4 114 36 4 36 4 17 4 20 4 13 19 4 11 4 53 4 36 59 4 60 4 70 22 4 44 4 78 14 20 96 7 4 5 4 27 4 49 27 20 83 36 4 15 4 33 4 62 50 4 50 4 6 4 15 4 117 42 4 19 4 55 23 4 36 4 19 4 16 17 4 15 4 55 58 4 29 4 27 4 8 25 4 40 4 12 4 41 49 4 31 4 100 49 4 53 4 70 57 4 34 41 4 37 4 32 4 98 60 4 60 4 114 48 4 27 4 65 60 4 60 4 53 19 4 28 4 110 30 4 35 4 110 38 4 17 4 10 59 4 6 4 53 32 4 5 4 21 20 4 32 4 8 4 52 15 4 22 4 22 39 4 28 4 42 4 85 37 4 35 4 26 4 89 32 4 19 4 52 4 37 4 107 16 4 26 4 12 4 24 4 97 11 4 18 4 50 4 89 52 4 10 4 116 16 4 55 4 14 4 69 21 4 60 4 44 4 1 34 4 56 4 15 4 27 17 4 17 4 29 4 73 54 16 51 16 54 19 4 115 60 16 18 16 92 7 4 34 4 11 16 4 9 4 15 4 55 23 4 7 4 31 4 5 4 9 41 4 37 4 7 6 4 32 4 48 4 45 4 2 48 4 56 4 35 4 14 31 4 24 4 32 4 31 21 4 39 4 54 4 75 54 4 52 4 25 4 38 20 4 57 4 57 4 59 4 45 8 4 13 4 53 4 26 4 83 41 4 55 4 36 4 31 13 4 10 4 9 4 49 36 4 36 4 51 4 
iteration 94888 best: 1.01689 time: 597876
78 42 4 5 4 12 4 1 5 4 54 4 106 7 4 55 4 21 4 52 54 4 49 4 22 4 57 28 4 21 4 16 4 67 56 4 33 4 40 4 7 4 34 43 4 46 4 21 4 12 23 4 23 4 83 60 4 12 4 97 51 4 14 4 52 4 7 4 14 50 4 23 4 70 60 4 60 4 114 53 4 9 4 56 4 54 4 26 4 33 8 4 6 4 41 4 23 4 110 27 4 31 4 114 36 4 36 4 17 4 20 4 13 19 4 11 4 53 4 36 59 4 60 4 70 22 4 44 4 78 14 20 96 7 4 5 4 27 4 49 27 20 83 36 4 15 4 33 4 62 50 4 50 4 6 4 15 4 117 42 4 19 4 55 23 4 36 4 19 4 16 17 4 15 4 55 58 4 29 4 27 4 8 25 4 40 4 12 4 41 49 4 31 4 100 49 4 53 4 70 57 4 34 41 4 37 4 32 4 98 60 4 60 4 114 48 4 27 4 65 60 4 60 4 53 19 4 28 4 110 30 4 35 4 110 38 4 17 4 10 59 4 6 4 53 32 4 5 4 21 20 4 32 4 8 4 52 15 4 22 4 22 39 4 28 4 42 4 85 37 4 35 4 26 4 89 32 4 19 4 52 4 37 4 107 16 4 26 4 12 4 24 4 97 11 4 18 4 50 4 89 52 4 10 4 116 16 4 55 4 14 4 69 21 4 60 4 44 4 1 34 4 56 4 15 4 27 17 4 17 4 29 4 73 54 16 51 16 54 19 4 115 60 16 18 16 92 7 4 34 4 11 16 4 9 4 15 4 55 23 4 7 4 31 4 5 4 9 41 4 37 4 7 6 4 32 4 48 4 45 4 2 48 4 56 4 35 4 14 31 4 24 4 32 4 31 21 4 39 4 54 4 75 54 4 52 4 25 4 38 20 4 57 4 57 4 59 4 45 8 4 13 4 53 4 26 4 83 41 4 55 4 36 4 31 13 4 10 4 9 4 49 36 4 36 4 51 4 
Best solution: 
78 42 4 5 4 12 4 1 5 4 54 4 106 7 4 55 4 21 4 52 54 4 49 4 22 4 57 28 4 21 4 16 4 67 56 4 33 4 40 4 7 4 34 43 4 46 4 21 4 12 23 4 23 4 83 60 4 12 4 97 51 4 14 4 52 4 7 4 14 50 4 23 4 70 60 4 60 4 114 53 4 9 4 56 4 54 4 26 4 33 8 4 6 4 41 4 23 4 110 27 4 31 4 114 36 4 36 4 17 4 20 4 13 19 4 11 4 53 4 36 59 4 60 4 70 22 4 44 4 78 14 20 96 7 4 5 4 27 4 49 27 20 83 36 4 15 4 33 4 62 50 4 50 4 6 4 15 4 117 42 4 19 4 55 23 4 36 4 19 4 16 17 4 15 4 55 58 4 29 4 27 4 8 25 4 40 4 12 4 41 49 4 31 4 100 49 4 53 4 70 57 4 34 41 4 37 4 32 4 98 60 4 60 4 114 48 4 27 4 65 60 4 60 4 53 19 4 28 4 110 30 4 35 4 110 38 4 17 4 10 59 4 6 4 53 32 4 5 4 21 20 4 32 4 8 4 52 15 4 22 4 22 39 4 28 4 42 4 85 37 4 35 4 26 4 89 32 4 19 4 52 4 37 4 107 16 4 26 4 12 4 24 4 97 11 4 18 4 50 4 89 52 4 10 4 116 16 4 55 4 14 4 69 21 4 60 4 44 4 1 34 4 56 4 15 4 27 17 4 17 4 29 4 73 54 16 51 16 54 19 4 115 60 16 18 16 92 7 4 34 4 11 16 4 9 4 15 4 55 23 4 7 4 31 4 5 4 9 41 4 37 4 7 6 4 32 4 48 4 45 4 2 48 4 56 4 35 4 14 31 4 24 4 32 4 31 21 4 39 4 54 4 75 54 4 52 4 25 4 38 20 4 57 4 57 4 59 4 45 8 4 13 4 53 4 26 4 83 41 4 55 4 36 4 31 13 4 10 4 9 4 49 36 4 36 4 51 4 
Fitness: 1.01689
