iteration 1067 best: 1.32525 time: 7205
55 31 4 24 4 33 4 82 26 4 54 4 119 50 4 57 4 34 4 45 46 4 46 4 31 4 54 31 4 45 4 46 4 69 40 4 35 4 24 4 25 4 77 36 4 12 4 40 4 85 37 4 34 4 13 9 4 40 4 21 43 4 7 4 28 4 49 4 92 25 4 11 4 9 56 4 39 4 25 44 4 10 4 28 4 30 4 16 4 90 5 4 22 4 11 4 5 4 1 23 4 40 4 86 56 4 56 4 34 4 47 4 62 8 4 17 4 39 4 91 48 4 18 4 118 54 4 42 4 83 33 20 104 57 4 25 4 47 4 113 23 20 31 15 4 28 4 49 4 107 9 4 54 4 38 4 12 4 17 34 4 41 4 66 53 4 31 4 23 4 37 44 4 12 4 115 9 4 48 4 14 4 47 9 4 34 4 20 4 54 21 4 32 4 35 41 4 27 4 3 30 4 70 7 4 12 4 45 4 19 44 4 19 4 37 51 4 13 4 41 58 4 30 4 15 50 4 55 4 92 39 4 9 4 19 43 4 25 4 41 54 4 29 4 48 29 4 10 4 3 14 4 23 4 33 4 41 30 4 18 4 52 9 4 19 4 45 4 52 14 4 23 4 44 4 38 40 4 34 4 19 4 7 4 95 10 4 34 4 25 4 31 4 27 20 4 55 4 48 4 66 47 4 56 4 8 10 4 29 4 39 4 20 29 4 34 4 32 4 38 6 4 19 4 40 4 56 45 4 59 4 59 4 67 18 16 7 16 42 10 4 38 10 16 24 16 65 25 4 18 4 17 38 4 6 4 9 4 61 53 4 20 4 28 4 29 4 74 52 4 43 4 105 58 4 44 4 50 4 9 4 105 49 4 8 4 32 4 29 52 4 16 4 54 4 87 21 4 18 4 23 4 68 18 4 18 4 49 4 21 10 4 37 4 51 4 25 4 30 11 4 52 4 44 4 49 4 27 29 4 33 4 52 4 40 45 4 41 4 24 4 104 30 4 58 4 16 4 
iteration 2150 best: 1.32522 time: 14409
55 31 4 24 4 33 4 82 26 4 54 4 119 50 4 57 4 34 4 45 46 4 46 4 31 4 54 31 4 45 4 46 4 69 40 4 35 4 24 4 25 4 77 36 4 12 4 40 4 85 37 4 34 4 13 9 4 40 4 21 43 4 7 4 28 4 49 4 92 25 4 11 4 9 56 4 47 4 25 44 4 10 4 28 4 30 4 16 4 90 5 4 22 4 11 4 5 4 1 23 4 40 4 86 56 4 56 4 34 4 47 4 62 8 4 17 4 39 4 91 48 4 18 4 118 54 4 42 4 83 33 20 104 57 4 25 4 47 4 113 23 20 31 15 4 28 4 49 4 107 9 4 54 4 38 4 12 4 17 34 4 41 4 66 53 4 31 4 23 4 37 44 4 12 4 115 9 4 48 4 14 4 47 9 4 34 4 20 4 54 21 4 32 4 35 41 4 27 4 3 30 4 70 7 4 12 4 45 4 19 44 4 23 4 37 51 4 13 4 41 58 4 30 4 15 50 4 55 4 92 39 4 9 4 19 43 4 25 4 41 54 4 29 4 48 29 4 10 4 3 14 4 23 4 33 4 41 30 4 18 4 52 9 4 19 4 45 4 52 14 4 23 4 44 4 38 40 4 34 4 19 4 7 4 95 10 4 34 4 25 4 31 4 27 20 4 55 4 48 4 66 47 4 56 4 8 10 4 29 4 39 4 20 29 4 34 4 32 4 38 6 4 19 4 40 4 56 45 4 59 4 59 4 67 18 16 7 16 42 10 4 38 10 16 24 16 65 25 4 18 4 17 38 4 6 4 9 4 61 53 4 20 4 28 4 29 4 74 52 4 43 4 105 58 4 44 4 50 4 9 4 105 49 4 8 4 32 4 29 52 4 16 4 54 4 87 21 4 18 4 23 4 68 18 4 18 4 49 4 21 10 4 37 4 51 4 25 4 30 11 4 52 4 44 4 49 4 27 29 4 33 4 52 4 40 45 4 41 4 24 4 104 30 4 58 4 16 4 
iteration 3055 best: 1.25797 time: 21615
55 31 4 24 4 33 4 82 26 4 54 4 119 50 4 57 4 34 4 45 46 4 46 4 31 4 54 31 4 41 4 46 4 69 40 4 35 4 24 4 25 4 77 36 4 12 4 42 4 85 37 4 34 4 13 9 4 40 4 21 43 4 7 4 28 4 49 4 92 25 4 11 4 9 56 4 47 4 25 44 4 10 4 28 4 30 4 16 4 90 5 4 22 4 11 4 5 4 1 23 4 40 4 84 56 4 56 4 34 4 47 4 62 8 4 17 4 39 4 91 48 4 18 4 116 54 4 42 4 83 33 20 104 57 4 25 4 47 4 113 24 20 31 15 4 28 4 49 4 107 9 4 54 4 38 4 12 4 17 34 4 41 4 66 53 4 31 4 23 4 37 44 4 12 4 115 9 4 49 4 14 4 47 9 4 34 4 20 4 54 21 4 32 4 35 41 4 27 4 3 30 4 70 7 4 12 4 45 4 19 44 4 23 4 37 51 4 13 4 41 58 4 30 4 15 50 4 55 4 92 39 4 12 4 19 43 4 25 4 41 54 4 29 4 48 28 4 10 4 3 14 4 23 4 28 4 41 30 4 18 4 52 9 4 19 4 45 4 52 14 4 23 4 44 4 38 40 4 34 4 19 4 7 4 95 10 4 34 4 25 4 31 4 27 20 4 55 4 48 4 66 47 4 56 4 8 10 4 29 4 39 4 20 29 4 34 4 32 4 38 6 4 19 4 40 4 56 45 4 59 4 59 4 67 18 16 7 16 42 10 4 41 10 16 24 16 65 25 4 18 4 17 38 4 6 4 9 4 61 53 4 20 4 28 4 29 4 74 52 4 43 4 105 58 4 44 4 50 4 9 4 105 49 4 8 4 32 4 29 52 4 16 4 54 4 87 21 4 18 4 23 4 68 18 4 18 4 52 4 21 10 4 37 4 51 4 25 4 30 11 4 52 4 44 4 49 4 27 29 4 33 4 52 4 40 45 4 41 4 24 4 108 30 4 58 4 16 4 
iteration 4170 best: 1.2006 time: 28817
55 31 4 23 4 33 4 77 26 4 58 4 119 45 4 57 4 34 4 45 46 4 46 4 31 4 54 31 4 41 4 46 4 69 40 4 35 4 24 4 25 4 77 36 4 12 4 42 4 85 37 4 34 4 13 9 4 40 4 16 43 4 7 4 28 4 49 4 92 25 4 11 4 9 56 4 54 4 25 44 4 10 4 28 4 30 4 16 4 90 5 4 22 4 11 4 5 4 1 23 4 40 4 84 56 4 56 4 34 4 47 4 62 8 4 17 4 39 4 91 48 4 18 4 116 54 4 42 4 83 33 20 104 57 4 25 4 47 4 113 24 20 31 15 4 28 4 49 4 107 9 4 55 4 38 4 12 4 17 34 4 41 4 66 53 4 31 4 23 4 37 44 4 12 4 115 9 4 49 4 14 4 47 9 4 34 4 20 4 54 21 4 32 4 35 41 4 27 4 3 30 4 70 7 4 11 4 45 4 19 44 4 23 4 37 51 4 13 4 41 58 4 30 4 15 50 4 55 4 92 39 4 16 4 19 43 4 25 4 41 54 4 29 4 48 28 4 10 4 0 16 4 23 4 28 4 41 30 4 18 4 52 9 4 19 4 45 4 52 14 4 23 4 44 4 38 40 4 34 4 19 4 7 4 95 10 4 34 4 25 4 31 4 27 20 4 55 4 48 4 66 47 4 56 4 8 10 4 29 4 39 4 20 29 4 34 4 32 4 38 6 4 19 4 40 4 56 45 4 59 4 59 4 67 18 16 7 16 42 10 4 41 10 16 24 16 65 25 4 18 4 17 38 4 6 4 9 4 61 53 4 20 4 28 4 29 4 74 52 4 43 4 105 58 4 44 4 50 4 9 4 105 49 4 8 4 32 4 29 52 4 16 4 54 4 87 21 4 18 4 23 4 68 18 4 18 4 52 4 21 10 4 37 4 51 4 25 4 30 11 4 52 4 44 4 49 4 27 29 4 33 4 52 4 40 45 4 41 4 24 4 108 27 4 58 4 16 4 
iteration 5308 best: 1.20031 time: 36020
55 31 4 23 4 33 4 77 26 4 58 4 119 45 4 57 4 34 4 45 46 4 46 4 31 4 54 31 4 41 4 46 4 69 40 4 35 4 24 4 25 4 77 36 4 12 4 42 4 85 37 4 34 4 13 9 4 40 4 16 43 4 7 4 28 4 49 4 92 25 4 11 4 9 56 4 60 4 25 44 4 10 4 28 4 30 4 16 4 90 5 4 22 4 11 4 5 4 1 23 4 40 4 84 56 4 56 4 34 4 47 4 62 8 4 17 4 39 4 91 48 4 18 4 116 54 4 42 4 83 33 20 104 57 4 25 4 47 4 113 24 20 26 15 4 28 4 49 4 107 9 4 55 4 38 4 12 4 17 34 4 41 4 66 53 4 31 4 23 4 37 44 4 12 4 115 9 4 49 4 14 4 47 9 4 34 4 20 4 54 21 4 32 4 35 41 4 27 4 3 30 4 70 7 4 11 4 45 4 19 44 4 23 4 37 51 4 13 4 41 58 4 30 4 15 50 4 55 4 92 39 4 16 4 19 43 4 25 4 41 54 4 29 4 48 28 4 10 4 0 16 4 23 4 28 4 41 30 4 18 4 52 9 4 19 4 45 4 52 14 4 23 4 44 4 38 40 4 34 4 19 4 7 4 95 10 4 34 4 25 4 31 4 27 20 4 55 4 48 4 66 47 4 56 4 8 10 4 29 4 39 4 20 29 4 34 4 32 4 38 6 4 19 4 40 4 56 45 4 59 4 59 4 67 18 16 7 16 42 10 4 41 10 16 24 16 65 25 4 18 4 17 38 4 6 4 9 4 61 53 4 20 4 28 4 29 4 74 52 4 43 4 105 58 4 44 4 50 4 9 4 105 49 4 8 4 32 4 29 52 4 16 4 54 4 87 21 4 18 4 23 4 68 18 4 18 4 52 4 21 10 4 37 4 51 4 25 4 30 11 4 52 4 44 4 49 4 27 29 4 33 4 52 4 40 45 4 41 4 24 4 108 27 4 58 4 16 4 
iteration 6443 best: 1.19915 time: 43226
55 31 4 23 4 33 4 77 26 4 58 4 119 45 4 58 4 34 4 45 46 4 46 4 31 4 54 31 4 41 4 46 4 69 40 4 35 4 24 4 25 4 77 36 4 12 4 42 4 85 37 4 34 4 13 9 4 40 4 16 43 4 7 4 28 4 49 4 92 25 4 11 4 9 56 4 60 4 25 44 4 10 4 28 4 30 4 16 4 90 5 4 22 4 11 4 5 4 1 23 4 40 4 84 56 4 56 4 34 4 47 4 62 8 4 17 4 39 4 91 48 4 18 4 116 54 4 42 4 83 33 20 104 57 4 25 4 47 4 113 24 20 26 15 4 28 4 49 4 107 9 4 55 4 38 4 12 4 17 34 4 41 4 66 53 4 31 4 23 4 37 44 4 12 4 115 9 4 49 4 14 4 47 9 4 34 4 20 4 54 21 4 32 4 35 41 4 27 4 3 36 4 70 7 4 11 4 45 4 19 44 4 23 4 37 51 4 13 4 41 58 4 30 4 15 50 4 55 4 92 39 4 16 4 19 43 4 25 4 41 54 4 29 4 48 28 4 10 4 0 16 4 23 4 28 4 41 30 4 18 4 52 9 4 19 4 45 4 52 14 4 23 4 44 4 38 40 4 34 4 19 4 7 4 95 10 4 34 4 25 4 31 4 27 20 4 55 4 48 4 66 47 4 56 4 8 10 4 29 4 39 4 20 29 4 34 4 32 4 38 6 4 19 4 40 4 56 45 4 59 4 59 4 67 18 16 7 16 42 10 4 41 10 16 24 16 65 25 4 18 4 17 38 4 6 4 9 4 61 53 4 20 4 28 4 29 4 74 52 4 43 4 105 58 4 44 4 50 4 9 4 105 49 4 8 4 32 4 29 52 4 16 4 54 4 87 21 4 18 4 23 4 68 18 4 18 4 52 4 21 10 4 37 4 51 4 25 4 30 11 4 52 4 44 4 49 4 27 29 4 33 4 52 4 40 45 4 41 4 24 4 108 27 4 58 4 16 4 
iteration 7581 best: 1.19768 time: 50431
55 31 4 23 4 33 4 77 32 4 58 4 119 45 4 58 4 34 4 45 46 4 46 4 31 4 54 31 4 41 4 46 4 69 40 4 35 4 24 4 25 4 77 36 4 12 4 42 4 85 37 4 34 4 13 9 4 40 4 16 43 4 7 4 28 4 49 4 92 25 4 11 4 9 56 4 60 4 25 44 4 10 4 28 4 30 4 16 4 90 5 4 22 4 11 4 5 4 1 23 4 40 4 84 56 4 56 4 34 4 47 4 62 8 4 17 4 39 4 91 48 4 18 4 116 54 4 42 4 83 33 20 104 57 4 25 4 47 4 113 24 20 26 15 4 28 4 49 4 107 9 4 55 4 38 4 12 4 17 34 4 41 4 66 53 4 31 4 23 4 37 44 4 12 4 115 9 4 49 4 14 4 47 9 4 34 4 20 4 54 21 4 32 4 35 41 4 27 4 3 36 4 70 7 4 11 4 45 4 19 44 4 23 4 37 51 4 13 4 41 58 4 30 4 15 50 4 55 4 92 39 4 16 4 19 43 4 25 4 41 54 4 29 4 48 28 4 10 4 0 16 4 23 4 28 4 41 30 4 18 4 52 9 4 19 4 45 4 52 14 4 23 4 44 4 38 40 4 34 4 19 4 7 4 95 10 4 34 4 25 4 31 4 27 20 4 55 4 48 4 66 47 4 56 4 8 10 4 29 4 39 4 20 29 4 34 4 32 4 38 6 4 19 4 40 4 56 45 4 59 4 59 4 67 18 16 7 16 42 10 4 41 10 16 24 16 65 25 4 18 4 17 38 4 6 4 9 4 61 53 4 20 4 28 4 29 4 74 52 4 43 4 105 58 4 44 4 50 4 9 4 105 49 4 8 4 32 4 29 52 4 16 4 54 4 87 21 4 18 4 23 4 68 18 4 18 4 52 4 21 10 4 37 4 51 4 25 4 30 11 4 52 4 44 4 49 4 27 29 4 33 4 52 4 40 45 4 41 4 24 4 108 27 4 58 4 16 4 
iteration 8722 best: 1.19768 time: 57633
55 31 4 23 4 33 4 77 32 4 58 4 119 45 4 58 4 34 4 45 46 4 46 4 31 4 54 31 4 41 4 46 4 69 40 4 35 4 24 4 25 4 77 36 4 12 4 42 4 85 37 4 34 4 13 9 4 40 4 16 43 4 7 4 28 4 49 4 92 25 4 11 4 9 56 4 60 4 25 44 4 10 4 28 4 30 4 16 4 90 5 4 22 4 11 4 5 4 1 23 4 40 4 84 56 4 56 4 34 4 47 4 62 8 4 17 4 39 4 91 48 4 18 4 116 54 4 42 4 83 33 20 104 57 4 25 4 47 4 113 24 20 26 15 4 28 4 49 4 107 9 4 55 4 38 4 12 4 17 34 4 41 4 66 53 4 31 4 23 4 37 44 4 12 4 115 9 4 49 4 14 4 47 9 4 34 4 20 4 54 21 4 32 4 35 41 4 27 4 3 36 4 70 7 4 11 4 45 4 19 44 4 23 4 37 51 4 13 4 41 58 4 30 4 15 50 4 55 4 92 39 4 16 4 19 43 4 25 4 41 54 4 29 4 48 28 4 10 4 0 16 4 23 4 28 4 41 30 4 18 4 52 9 4 19 4 45 4 52 14 4 23 4 44 4 38 40 4 34 4 19 4 7 4 95 10 4 34 4 25 4 31 4 27 20 4 55 4 48 4 66 47 4 56 4 8 10 4 29 4 39 4 20 29 4 34 4 32 4 38 6 4 19 4 40 4 56 45 4 59 4 59 4 67 18 16 7 16 42 10 4 41 10 16 24 16 65 25 4 18 4 17 38 4 6 4 9 4 61 53 4 20 4 28 4 29 4 74 52 4 43 4 105 58 4 44 4 50 4 9 4 105 49 4 8 4 32 4 29 52 4 16 4 54 4 87 21 4 18 4 23 4 68 18 4 18 4 52 4 21 10 4 37 4 51 4 25 4 30 11 4 52 4 44 4 49 4 27 29 4 33 4 52 4 40 45 4 41 4 24 4 108 27 4 58 4 16 4 
iteration 9859 best: 1.19767 time: 64838
55 31 4 23 4 33 4 77 32 4 58 4 119 45 4 58 4 34 4 45 46 4 46 4 31 4 54 31 4 41 4 46 4 69 40 4 35 4 24 4 25 4 77 36 4 12 4 42 4 85 37 4 34 4 13 9 4 40 4 16 43 4 7 4 28 4 49 4 92 25 4 11 4 9 56 4 60 4 25 44 4 10 4 28 4 30 4 16 4 90 5 4 22 4 11 4 5 4 1 23 4 40 4 84 56 4 56 4 34 4 47 4 62 8 4 17 4 39 4 91 48 4 33 4 116 54 4 42 4 83 33 20 104 57 4 25 4 47 4 113 24 20 26 15 4 28 4 49 4 107 9 4 55 4 38 4 12 4 17 34 4 41 4 66 53 4 31 4 23 4 37 44 4 12 4 115 9 4 49 4 14 4 47 9 4 34 4 20 4 54 21 4 32 4 35 41 4 27 4 3 36 4 70 7 4 11 4 45 4 19 44 4 23 4 37 51 4 13 4 41 58 4 30 4 15 50 4 55 4 92 39 4 16 4 19 43 4 25 4 41 54 4 29 4 48 28 4 10 4 0 16 4 23 4 28 4 41 30 4 18 4 52 9 4 19 4 45 4 52 14 4 23 4 44 4 38 40 4 34 4 19 4 7 4 95 10 4 34 4 25 4 31 4 27 20 4 55 4 48 4 66 47 4 56 4 8 10 4 29 4 39 4 20 29 4 34 4 32 4 38 6 4 19 4 40 4 56 45 4 59 4 59 4 67 18 16 7 16 42 10 4 41 10 16 24 16 65 25 4 18 4 17 38 4 6 4 9 4 61 53 4 20 4 28 4 29 4 74 52 4 43 4 105 58 4 44 4 50 4 9 4 105 49 4 8 4 32 4 29 52 4 16 4 54 4 87 21 4 18 4 23 4 68 18 4 18 4 52 4 21 10 4 37 4 51 4 25 4 30 11 4 52 4 44 4 49 4 27 29 4 33 4 52 4 40 45 4 41 4 24 4 108 27 4 58 4 16 4 
iteration 11006 best: 1.16458 time: 72045
55 31 4 23 4 33 4 77 32 4 58 4 119 45 4 58 4 34 4 45 46 4 46 4 31 4 54 31 4 41 4 46 4 69 40 4 35 4 24 4 25 4 77 36 4 12 4 42 4 85 37 4 34 4 13 9 4 40 4 16 43 4 7 4 28 4 49 4 92 25 4 11 4 9 56 4 60 4 25 44 4 10 4 28 4 30 4 16 4 90 5 4 22 4 11 4 5 4 1 23 4 40 4 84 56 4 56 4 34 4 47 4 62 8 4 17 4 39 4 91 48 4 33 4 116 54 4 42 4 83 33 20 104 57 4 25 4 47 4 113 24 20 26 15 4 28 4 49 4 107 9 4 55 4 38 4 12 4 18 34 4 41 4 66 53 4 31 4 23 4 37 44 4 9 4 115 9 4 49 4 14 4 47 9 4 34 4 20 4 54 21 4 32 4 35 41 4 27 4 3 36 4 70 7 4 11 4 45 4 19 44 4 23 4 37 51 4 21 4 41 58 4 30 4 15 50 4 55 4 92 39 4 16 4 19 43 4 25 4 41 54 4 29 4 48 28 4 10 4 0 16 4 23 4 28 4 41 30 4 18 4 52 9 4 19 4 45 4 52 14 4 23 4 45 4 38 40 4 34 4 19 4 7 4 95 10 4 34 4 25 4 31 4 27 20 4 55 4 48 4 66 47 4 56 4 8 10 4 29 4 39 4 20 29 4 34 4 32 4 38 6 4 19 4 40 4 56 45 4 59 4 59 4 67 18 16 7 16 42 10 4 41 10 16 24 16 65 25 4 18 4 17 38 4 6 4 9 4 61 53 4 20 4 28 4 29 4 74 52 4 43 4 105 58 4 44 4 50 4 9 4 105 49 4 8 4 32 4 29 52 4 16 4 54 4 87 21 4 18 4 23 4 68 18 4 18 4 52 4 21 10 4 37 4 51 4 25 4 30 11 4 52 4 44 4 48 4 27 29 4 33 4 52 4 40 45 4 41 4 24 4 108 27 4 58 4 16 4 
iteration 12164 best: 1.15505 time: 79248
55 31 4 23 4 33 4 77 32 4 58 4 119 45 4 58 4 34 4 45 46 4 46 4 31 4 54 31 4 41 4 46 4 69 40 4 35 4 24 4 25 4 77 36 4 12 4 42 4 85 37 4 34 4 13 9 4 40 4 16 43 4 7 4 28 4 49 4 92 25 4 11 4 9 56 4 60 4 25 44 4 10 4 28 4 30 4 16 4 90 5 4 22 4 11 4 5 4 1 23 4 40 4 84 56 4 56 4 34 4 47 4 62 8 4 17 4 39 4 91 48 4 33 4 116 54 4 42 4 83 33 20 104 57 4 25 4 47 4 113 24 20 26 15 4 28 4 49 4 107 9 4 55 4 38 4 12 4 18 34 4 41 4 66 53 4 31 4 23 4 37 44 4 9 4 115 9 4 49 4 14 4 47 9 4 34 4 20 4 54 21 4 32 4 35 41 4 27 4 3 36 4 70 7 4 11 4 45 4 19 44 4 23 4 37 51 4 21 4 41 58 4 30 4 15 50 4 55 4 92 39 4 16 4 19 43 4 25 4 41 54 4 29 4 48 28 4 10 4 0 16 4 23 4 28 4 41 30 4 18 4 52 9 4 19 4 45 4 52 14 4 23 4 45 4 38 40 4 34 4 19 4 7 4 95 10 4 34 4 25 4 31 4 27 20 4 55 4 48 4 66 47 4 56 4 8 10 4 29 4 39 4 20 29 4 34 4 32 4 38 6 4 19 4 40 4 56 45 4 59 4 59 4 67 18 16 7 16 42 10 4 41 10 16 24 16 65 25 4 18 4 17 38 4 6 4 9 4 61 53 4 20 4 28 4 29 4 74 52 4 49 4 105 58 4 44 4 50 4 9 4 105 49 4 8 4 32 4 29 52 4 16 4 54 4 87 21 4 18 4 23 4 68 18 4 18 4 52 4 21 10 4 37 4 51 4 25 4 30 11 4 52 4 44 4 48 4 27 29 4 33 4 52 4 40 45 4 41 4 24 4 108 27 4 58 4 16 4 
iteration 13322 best: 1.15504 time: 86452
55 31 4 23 4 33 4 77 32 4 58 4 119 45 4 58 4 34 4 45 46 4 46 4 31 4 54 31 4 41 4 46 4 69 40 4 35 4 24 4 25 4 77 36 4 12 4 42 4 85 37 4 34 4 13 9 4 40 4 16 43 4 7 4 28 4 49 4 92 25 4 11 4 9 56 4 60 4 25 44 4 10 4 28 4 30 4 16 4 90 5 4 22 4 11 4 5 4 1 23 4 40 4 84 56 4 56 4 34 4 47 4 62 8 4 17 4 39 4 91 48 4 33 4 116 54 4 42 4 83 33 20 104 57 4 25 4 47 4 113 24 20 26 15 4 28 4 49 4 107 9 4 55 4 38 4 12 4 18 34 4 41 4 66 53 4 31 4 23 4 37 44 4 9 4 115 9 4 49 4 14 4 47 9 4 34 4 20 4 54 21 4 32 4 35 41 4 27 4 3 44 4 70 7 4 11 4 45 4 19 44 4 23 4 37 51 4 21 4 41 58 4 30 4 15 50 4 55 4 92 39 4 16 4 19 43 4 25 4 41 54 4 29 4 48 28 4 10 4 0 16 4 23 4 28 4 41 30 4 18 4 52 9 4 19 4 45 4 52 14 4 23 4 45 4 38 40 4 34 4 19 4 7 4 95 10 4 34 4 25 4 31 4 27 20 4 55 4 48 4 66 47 4 56 4 8 10 4 29 4 39 4 20 29 4 34 4 32 4 38 6 4 19 4 40 4 56 45 4 59 4 59 4 67 18 16 7 16 42 10 4 41 10 16 24 16 65 25 4 18 4 17 38 4 6 4 9 4 61 53 4 20 4 28 4 29 4 74 52 4 49 4 105 58 4 44 4 50 4 9 4 105 49 4 8 4 32 4 29 52 4 16 4 54 4 87 21 4 18 4 23 4 68 18 4 18 4 52 4 21 10 4 37 4 51 4 25 4 30 11 4 52 4 44 4 48 4 27 29 4 33 4 52 4 40 45 4 41 4 24 4 108 27 4 58 4 16 4 
iteration 14477 best: 1.15504 time: 93655
55 31 4 23 4 33 4 77 32 4 58 4 119 45 4 58 4 34 4 45 46 4 46 4 31 4 54 31 4 41 4 46 4 69 40 4 35 4 24 4 25 4 77 36 4 12 4 42 4 85 37 4 34 4 13 9 4 40 4 16 43 4 7 4 28 4 49 4 92 25 4 11 4 9 56 4 60 4 25 44 4 10 4 28 4 30 4 16 4 90 5 4 22 4 11 4 5 4 1 23 4 40 4 84 56 4 56 4 34 4 47 4 62 8 4 17 4 39 4 91 48 4 33 4 116 54 4 42 4 83 33 20 104 57 4 25 4 47 4 113 24 20 26 15 4 28 4 49 4 107 9 4 55 4 38 4 12 4 18 34 4 41 4 66 53 4 31 4 23 4 37 44 4 9 4 115 9 4 49 4 14 4 47 9 4 34 4 20 4 54 21 4 32 4 35 41 4 27 4 3 44 4 70 7 4 11 4 45 4 19 44 4 23 4 37 51 4 21 4 41 58 4 30 4 15 50 4 55 4 92 39 4 16 4 19 43 4 25 4 41 54 4 29 4 48 28 4 10 4 0 16 4 23 4 28 4 41 30 4 18 4 52 9 4 19 4 45 4 52 14 4 23 4 45 4 38 40 4 34 4 19 4 7 4 95 10 4 34 4 25 4 31 4 27 20 4 55 4 48 4 66 47 4 56 4 8 10 4 29 4 39 4 20 29 4 34 4 32 4 38 6 4 19 4 40 4 56 45 4 59 4 59 4 67 18 16 7 16 42 10 4 41 10 16 24 16 65 25 4 18 4 17 38 4 6 4 9 4 61 53 4 20 4 28 4 29 4 74 52 4 49 4 105 58 4 44 4 50 4 9 4 105 49 4 8 4 32 4 29 52 4 16 4 54 4 87 21 4 18 4 23 4 68 18 4 18 4 52 4 21 10 4 37 4 51 4 25 4 30 11 4 52 4 44 4 48 4 27 29 4 33 4 52 4 40 45 4 41 4 24 4 108 27 4 58 4 16 4 
iteration 15627 best: 1.15503 time: 100864
55 31 4 23 4 33 4 77 32 4 58 4 119 45 4 58 4 34 4 45 46 4 46 4 31 4 54 31 4 41 4 46 4 69 40 4 35 4 24 4 25 4 77 36 4 12 4 42 4 85 37 4 34 4 13 9 4 40 4 16 43 4 7 4 28 4 49 4 92 25 4 11 4 9 56 4 60 4 25 44 4 10 4 28 4 30 4 16 4 90 5 4 22 4 11 4 5 4 1 23 4 40 4 84 56 4 56 4 34 4 47 4 62 8 4 17 4 39 4 91 48 4 44 4 116 54 4 42 4 83 33 20 104 57 4 25 4 47 4 113 24 20 26 15 4 28 4 49 4 107 9 4 55 4 38 4 12 4 18 34 4 41 4 66 53 4 31 4 23 4 37 44 4 9 4 115 9 4 49 4 14 4 47 9 4 34 4 20 4 54 21 4 32 4 35 41 4 27 4 3 44 4 70 7 4 11 4 45 4 19 44 4 23 4 37 51 4 21 4 41 58 4 30 4 15 50 4 55 4 92 39 4 16 4 19 43 4 25 4 41 54 4 29 4 48 28 4 10 4 0 16 4 23 4 28 4 41 30 4 18 4 52 9 4 19 4 45 4 52 14 4 23 4 45 4 38 40 4 34 4 19 4 7 4 95 10 4 34 4 25 4 31 4 27 20 4 55 4 48 4 66 47 4 56 4 8 10 4 29 4 39 4 20 29 4 34 4 32 4 38 6 4 19 4 40 4 56 45 4 59 4 59 4 67 18 16 7 16 42 10 4 41 10 16 24 16 65 25 4 18 4 17 38 4 6 4 9 4 61 53 4 20 4 28 4 29 4 74 52 4 49 4 105 58 4 44 4 50 4 9 4 105 49 4 8 4 32 4 29 52 4 16 4 54 4 87 21 4 18 4 23 4 68 18 4 18 4 52 4 21 10 4 37 4 51 4 25 4 30 11 4 52 4 44 4 48 4 27 29 4 33 4 52 4 40 45 4 41 4 24 4 108 27 4 58 4 16 4 
iteration 16785 best: 1.15503 time: 108065
55 31 4 23 4 33 4 77 32 4 58 4 119 45 4 58 4 34 4 45 46 4 46 4 31 4 54 31 4 41 4 46 4 69 40 4 35 4 24 4 25 4 77 36 4 12 4 42 4 85 37 4 34 4 13 9 4 40 4 16 43 4 7 4 28 4 49 4 92 25 4 11 4 9 56 4 60 4 25 44 4 10 4 28 4 30 4 16 4 90 5 4 22 4 11 4 5 4 1 23 4 40 4 84 56 4 56 4 34 4 47 4 62 8 4 17 4 39 4 91 48 4 44 4 116 54 4 42 4 83 33 20 104 57 4 25 4 47 4 113 24 20 26 15 4 28 4 49 4 107 9 4 55 4 38 4 12 4 18 34 4 41 4 66 53 4 31 4 23 4 37 44 4 9 4 115 9 4 49 4 14 4 47 9 4 34 4 20 4 54 21 4 32 4 35 41 4 27 4 3 44 4 70 7 4 11 4 45 4 19 44 4 23 4 37 51 4 21 4 41 58 4 30 4 15 50 4 55 4 92 39 4 16 4 19 43 4 25 4 41 54 4 29 4 48 28 4 10 4 0 16 4 23 4 28 4 41 30 4 18 4 52 9 4 19 4 45 4 52 14 4 23 4 45 4 38 40 4 34 4 19 4 7 4 95 10 4 34 4 25 4 31 4 27 20 4 55 4 48 4 66 47 4 56 4 8 10 4 29 4 39 4 20 29 4 34 4 32 4 38 6 4 19 4 40 4 56 45 4 59 4 59 4 67 18 16 7 16 42 10 4 41 10 16 24 16 65 25 4 18 4 17 38 4 6 4 9 4 61 53 4 20 4 28 4 29 4 74 52 4 49 4 105 58 4 44 4 50 4 9 4 105 49 4 8 4 32 4 29 52 4 16 4 54 4 87 21 4 18 4 23 4 68 18 4 18 4 52 4 21 10 4 37 4 51 4 25 4 30 11 4 52 4 44 4 48 4 27 29 4 33 4 52 4 40 45 4 41 4 24 4 108 27 4 58 4 16 4 
iteration 17944 best: 1.15503 time: 115268
55 31 4 23 4 33 4 77 32 4 58 4 119 45 4 58 4 34 4 45 46 4 46 4 31 4 54 31 4 41 4 46 4 69 40 4 35 4 24 4 25 4 77 36 4 12 4 42 4 85 37 4 34 4 13 9 4 40 4 16 43 4 7 4 28 4 49 4 92 25 4 11 4 9 56 4 60 4 25 44 4 10 4 28 4 30 4 16 4 90 5 4 22 4 11 4 5 4 1 23 4 40 4 84 56 4 56 4 34 4 47 4 62 8 4 17 4 39 4 91 48 4 44 4 116 54 4 42 4 83 33 20 104 57 4 25 4 47 4 113 24 20 26 15 4 28 4 49 4 107 9 4 55 4 38 4 12 4 18 34 4 41 4 66 53 4 31 4 23 4 37 44 4 9 4 115 9 4 49 4 14 4 47 9 4 34 4 20 4 54 21 4 32 4 35 41 4 27 4 3 44 4 70 7 4 11 4 45 4 19 44 4 23 4 37 51 4 21 4 41 58 4 30 4 15 50 4 55 4 92 39 4 16 4 19 43 4 25 4 41 54 4 29 4 48 28 4 10 4 0 16 4 23 4 28 4 41 30 4 18 4 52 9 4 19 4 45 4 52 14 4 23 4 45 4 38 40 4 34 4 19 4 7 4 95 10 4 34 4 25 4 31 4 27 20 4 55 4 48 4 66 47 4 56 4 8 10 4 29 4 39 4 20 29 4 34 4 32 4 38 6 4 19 4 40 4 56 45 4 59 4 59 4 67 18 16 7 16 42 10 4 41 10 16 24 16 65 25 4 18 4 17 38 4 6 4 9 4 61 53 4 20 4 28 4 29 4 74 52 4 49 4 105 58 4 44 4 50 4 9 4 105 49 4 8 4 32 4 29 52 4 16 4 54 4 87 21 4 18 4 23 4 68 18 4 18 4 52 4 21 10 4 37 4 51 4 25 4 30 11 4 52 4 44 4 48 4 27 29 4 33 4 52 4 40 45 4 41 4 24 4 108 27 4 58 4 16 4 
iteration 19101 best: 1.15502 time: 122474
55 31 4 23 4 33 4 77 32 4 58 4 119 45 4 58 4 34 4 45 46 4 46 4 31 4 54 31 4 41 4 46 4 69 40 4 35 4 24 4 25 4 77 36 4 12 4 42 4 85 37 4 34 4 13 9 4 40 4 16 43 4 7 4 28 4 49 4 92 25 4 11 4 9 56 4 60 4 25 44 4 10 4 28 4 30 4 16 4 90 5 4 22 4 11 4 5 4 1 23 4 40 4 84 56 4 56 4 34 4 47 4 62 8 4 17 4 39 4 91 48 4 44 4 116 54 4 42 4 83 33 20 104 57 4 25 4 47 4 113 24 20 26 15 4 28 4 49 4 107 9 4 55 4 38 4 12 4 18 34 4 41 4 66 53 4 31 4 23 4 37 44 4 9 4 115 9 4 49 4 14 4 47 9 4 34 4 20 4 54 21 4 32 4 35 41 4 27 4 3 44 4 70 7 4 11 4 45 4 19 44 4 23 4 37 51 4 21 4 41 58 4 43 4 15 50 4 55 4 92 39 4 16 4 19 43 4 25 4 41 54 4 29 4 48 28 4 10 4 0 16 4 23 4 28 4 41 30 4 18 4 52 9 4 19 4 45 4 52 14 4 23 4 45 4 38 40 4 34 4 19 4 7 4 95 10 4 34 4 25 4 31 4 27 20 4 55 4 48 4 66 47 4 56 4 8 10 4 29 4 39 4 20 29 4 34 4 32 4 38 6 4 19 4 40 4 56 45 4 59 4 59 4 67 18 16 7 16 42 10 4 41 10 16 24 16 65 25 4 18 4 17 38 4 6 4 9 4 61 53 4 20 4 28 4 29 4 74 52 4 49 4 105 58 4 44 4 50 4 9 4 105 49 4 8 4 32 4 29 52 4 16 4 54 4 87 21 4 18 4 23 4 68 18 4 18 4 52 4 21 10 4 37 4 51 4 25 4 30 11 4 52 4 44 4 48 4 27 29 4 33 4 52 4 40 45 4 41 4 24 4 108 27 4 58 4 16 4 
iteration 20255 best: 1.15502 time: 129675
55 31 4 23 4 33 4 77 32 4 58 4 119 45 4 58 4 34 4 45 46 4 46 4 31 4 54 31 4 41 4 46 4 69 40 4 35 4 24 4 25 4 77 36 4 12 4 42 4 85 37 4 34 4 13 9 4 40 4 16 43 4 7 4 28 4 49 4 92 25 4 11 4 9 56 4 60 4 25 44 4 10 4 28 4 30 4 16 4 90 5 4 22 4 11 4 5 4 1 23 4 40 4 84 56 4 56 4 34 4 47 4 62 8 4 17 4 39 4 91 48 4 44 4 116 54 4 42 4 83 33 20 104 57 4 25 4 47 4 113 24 20 26 15 4 28 4 49 4 107 9 4 55 4 38 4 12 4 18 34 4 41 4 66 53 4 31 4 23 4 37 44 4 9 4 115 9 4 49 4 14 4 47 9 4 34 4 20 4 54 21 4 32 4 35 41 4 27 4 3 44 4 70 7 4 11 4 45 4 19 44 4 23 4 37 51 4 21 4 41 58 4 43 4 15 50 4 55 4 92 39 4 16 4 19 43 4 25 4 41 54 4 29 4 48 28 4 10 4 0 16 4 23 4 28 4 41 30 4 18 4 52 9 4 19 4 45 4 52 14 4 23 4 45 4 38 40 4 34 4 19 4 7 4 95 10 4 34 4 25 4 31 4 27 20 4 55 4 48 4 66 47 4 56 4 8 10 4 29 4 39 4 20 29 4 34 4 32 4 38 6 4 19 4 40 4 56 45 4 59 4 59 4 67 18 16 7 16 42 10 4 41 10 16 24 16 65 25 4 18 4 17 38 4 6 4 9 4 61 53 4 20 4 28 4 29 4 74 52 4 49 4 105 58 4 44 4 50 4 9 4 105 49 4 8 4 32 4 29 52 4 16 4 54 4 87 21 4 18 4 23 4 68 18 4 18 4 52 4 21 10 4 37 4 51 4 25 4 30 11 4 52 4 44 4 48 4 27 29 4 33 4 52 4 40 45 4 41 4 24 4 108 27 4 58 4 16 4 
iteration 21402 best: 1.15501 time: 136877
55 31 4 23 4 33 4 77 32 4 58 4 119 45 4 58 4 34 4 45 46 4 46 4 31 4 54 31 4 41 4 46 4 69 40 4 35 4 24 4 25 4 77 36 4 12 4 42 4 85 37 4 34 4 13 9 4 40 4 16 43 4 7 4 28 4 49 4 92 25 4 11 4 9 56 4 60 4 25 44 4 10 4 28 4 30 4 16 4 90 5 4 22 4 11 4 5 4 1 23 4 40 4 84 56 4 56 4 34 4 47 4 62 8 4 17 4 39 4 91 60 4 44 4 116 54 4 42 4 83 33 20 104 57 4 25 4 47 4 113 24 20 26 15 4 28 4 49 4 107 9 4 55 4 38 4 12 4 18 34 4 41 4 66 53 4 31 4 23 4 37 44 4 9 4 115 9 4 49 4 14 4 47 9 4 34 4 20 4 54 21 4 32 4 35 41 4 27 4 3 44 4 70 7 4 11 4 45 4 19 44 4 23 4 37 51 4 21 4 41 58 4 43 4 15 50 4 55 4 92 39 4 16 4 19 43 4 25 4 41 54 4 29 4 48 28 4 10 4 0 16 4 23 4 28 4 41 30 4 18 4 52 9 4 19 4 45 4 52 14 4 23 4 45 4 38 40 4 34 4 19 4 7 4 95 10 4 34 4 25 4 31 4 27 20 4 55 4 48 4 66 47 4 56 4 8 10 4 29 4 39 4 20 29 4 34 4 32 4 38 6 4 19 4 40 4 56 45 4 59 4 59 4 67 18 16 7 16 42 10 4 41 10 16 24 16 65 25 4 18 4 17 38 4 6 4 9 4 61 53 4 20 4 28 4 29 4 74 52 4 49 4 105 58 4 44 4 50 4 9 4 105 49 4 8 4 32 4 29 52 4 16 4 54 4 87 21 4 18 4 23 4 68 18 4 18 4 52 4 21 10 4 37 4 51 4 25 4 30 11 4 52 4 44 4 48 4 27 29 4 33 4 52 4 40 45 4 41 4 24 4 108 27 4 58 4 16 4 
iteration 22559 best: 1.15501 time: 144082
55 31 4 23 4 33 4 77 32 4 58 4 119 45 4 58 4 34 4 45 46 4 46 4 31 4 54 31 4 41 4 46 4 69 40 4 35 4 24 4 25 4 77 36 4 12 4 42 4 85 37 4 34 4 13 9 4 40 4 16 43 4 7 4 28 4 49 4 92 25 4 11 4 9 56 4 60 4 25 44 4 10 4 28 4 30 4 16 4 90 5 4 22 4 11 4 5 4 1 23 4 40 4 84 56 4 56 4 34 4 47 4 62 8 4 17 4 39 4 91 60 4 44 4 116 54 4 42 4 83 33 20 104 57 4 25 4 47 4 113 24 20 26 15 4 28 4 49 4 107 9 4 55 4 38 4 12 4 18 34 4 41 4 66 53 4 31 4 23 4 37 44 4 9 4 115 9 4 49 4 14 4 47 9 4 34 4 20 4 54 21 4 32 4 35 41 4 27 4 3 44 4 70 7 4 11 4 45 4 19 44 4 23 4 37 51 4 21 4 41 58 4 43 4 15 50 4 55 4 92 39 4 16 4 19 43 4 25 4 41 54 4 29 4 48 28 4 10 4 0 16 4 23 4 28 4 41 30 4 18 4 52 9 4 19 4 45 4 52 14 4 23 4 45 4 38 40 4 34 4 19 4 7 4 95 10 4 34 4 25 4 31 4 27 20 4 55 4 48 4 66 47 4 56 4 8 10 4 29 4 39 4 20 29 4 34 4 32 4 38 6 4 19 4 40 4 56 45 4 59 4 59 4 67 18 16 7 16 42 10 4 41 10 16 24 16 65 25 4 18 4 17 38 4 6 4 9 4 61 53 4 20 4 28 4 29 4 74 52 4 49 4 105 58 4 44 4 50 4 9 4 105 49 4 8 4 32 4 29 52 4 16 4 54 4 87 21 4 18 4 23 4 68 18 4 18 4 52 4 21 10 4 37 4 51 4 25 4 30 11 4 52 4 44 4 48 4 27 29 4 33 4 52 4 40 45 4 41 4 24 4 108 27 4 58 4 16 4 
iteration 23714 best: 1.15501 time: 151287
55 31 4 23 4 33 4 77 32 4 58 4 119 45 4 58 4 34 4 45 46 4 46 4 31 4 54 31 4 41 4 46 4 69 40 4 35 4 24 4 25 4 77 36 4 12 4 42 4 85 37 4 34 4 13 9 4 40 4 16 43 4 7 4 28 4 49 4 92 25 4 11 4 9 56 4 60 4 25 44 4 10 4 28 4 30 4 16 4 90 5 4 22 4 11 4 5 4 1 23 4 40 4 84 56 4 56 4 34 4 47 4 62 8 4 17 4 39 4 91 60 4 44 4 116 54 4 42 4 83 33 20 104 57 4 25 4 47 4 113 24 20 26 15 4 28 4 49 4 107 9 4 55 4 38 4 12 4 18 34 4 41 4 66 53 4 31 4 23 4 37 44 4 9 4 115 9 4 49 4 14 4 47 9 4 34 4 20 4 54 21 4 32 4 35 41 4 27 4 3 44 4 70 7 4 11 4 45 4 19 44 4 23 4 37 51 4 21 4 41 58 4 43 4 15 50 4 55 4 92 39 4 16 4 19 43 4 25 4 41 54 4 29 4 48 28 4 10 4 0 16 4 23 4 28 4 41 30 4 18 4 52 9 4 19 4 45 4 52 14 4 23 4 45 4 38 40 4 34 4 19 4 7 4 95 10 4 34 4 25 4 31 4 27 20 4 55 4 48 4 66 47 4 56 4 8 10 4 29 4 39 4 20 29 4 34 4 32 4 38 6 4 19 4 40 4 56 45 4 59 4 59 4 67 18 16 7 16 42 10 4 41 10 16 24 16 65 25 4 18 4 17 38 4 6 4 9 4 61 53 4 20 4 28 4 29 4 74 52 4 49 4 105 58 4 44 4 50 4 9 4 105 49 4 8 4 32 4 29 52 4 16 4 54 4 87 21 4 18 4 23 4 68 18 4 18 4 52 4 21 10 4 37 4 51 4 25 4 30 11 4 52 4 44 4 48 4 27 29 4 33 4 52 4 40 45 4 41 4 24 4 108 27 4 58 4 16 4 
iteration 24870 best: 1.155 time: 158492
55 31 4 23 4 33 4 77 32 4 58 4 119 45 4 58 4 34 4 45 46 4 46 4 31 4 54 31 4 41 4 46 4 69 40 4 35 4 24 4 25 4 77 36 4 12 4 42 4 85 37 4 34 4 13 9 4 40 4 16 43 4 7 4 28 4 49 4 92 25 4 11 4 9 56 4 60 4 25 44 4 10 4 28 4 30 4 16 4 90 5 4 22 4 11 4 5 4 1 23 4 40 4 84 56 4 56 4 34 4 47 4 62 8 4 17 4 39 4 91 60 4 44 4 116 54 4 42 4 83 33 20 104 57 4 25 4 47 4 113 24 20 26 15 4 28 4 49 4 107 9 4 55 4 38 4 12 4 18 34 4 41 4 66 53 4 31 4 23 4 37 44 4 9 4 115 9 4 49 4 14 4 47 9 4 34 4 20 4 54 21 4 32 4 35 41 4 27 4 3 57 4 70 7 4 11 4 45 4 19 44 4 23 4 37 51 4 21 4 41 58 4 43 4 15 50 4 55 4 92 39 4 16 4 19 43 4 25 4 41 54 4 29 4 48 28 4 10 4 0 16 4 23 4 28 4 41 30 4 18 4 52 9 4 19 4 45 4 52 14 4 23 4 45 4 38 40 4 34 4 19 4 7 4 95 10 4 34 4 25 4 31 4 27 20 4 55 4 48 4 66 47 4 56 4 8 10 4 29 4 39 4 20 29 4 34 4 32 4 38 6 4 19 4 40 4 56 45 4 59 4 59 4 67 18 16 7 16 42 10 4 41 10 16 24 16 65 25 4 18 4 17 38 4 6 4 9 4 61 53 4 20 4 28 4 29 4 74 52 4 49 4 105 58 4 44 4 50 4 9 4 105 49 4 8 4 32 4 29 52 4 16 4 54 4 87 21 4 18 4 23 4 68 18 4 18 4 52 4 21 10 4 37 4 51 4 25 4 30 11 4 52 4 44 4 48 4 27 29 4 33 4 52 4 40 45 4 41 4 24 4 108 27 4 58 4 16 4 
iteration 26024 best: 1.155 time: 165699
55 31 4 23 4 33 4 77 32 4 58 4 119 45 4 58 4 34 4 45 46 4 46 4 31 4 54 31 4 41 4 46 4 69 40 4 35 4 24 4 25 4 77 36 4 12 4 42 4 85 37 4 34 4 13 9 4 40 4 16 43 4 7 4 28 4 49 4 92 25 4 11 4 9 56 4 60 4 25 44 4 10 4 28 4 30 4 16 4 90 5 4 22 4 11 4 5 4 1 23 4 40 4 84 56 4 56 4 34 4 47 4 62 8 4 17 4 39 4 91 60 4 44 4 116 54 4 42 4 83 33 20 104 57 4 25 4 47 4 113 24 20 26 15 4 28 4 49 4 107 9 4 55 4 38 4 12 4 18 34 4 41 4 66 53 4 31 4 23 4 37 44 4 9 4 115 9 4 49 4 14 4 47 9 4 34 4 20 4 54 21 4 32 4 35 41 4 27 4 3 57 4 70 7 4 11 4 45 4 19 44 4 23 4 37 51 4 21 4 41 58 4 43 4 15 50 4 55 4 92 39 4 16 4 19 43 4 25 4 41 54 4 29 4 48 28 4 10 4 0 16 4 23 4 28 4 41 30 4 18 4 52 9 4 19 4 45 4 52 14 4 23 4 45 4 38 40 4 34 4 19 4 7 4 95 10 4 34 4 25 4 31 4 27 20 4 55 4 48 4 66 47 4 56 4 8 10 4 29 4 39 4 20 29 4 34 4 32 4 38 6 4 19 4 40 4 56 45 4 59 4 59 4 67 18 16 7 16 42 10 4 41 10 16 24 16 65 25 4 18 4 17 38 4 6 4 9 4 61 53 4 20 4 28 4 29 4 74 52 4 49 4 105 58 4 44 4 50 4 9 4 105 49 4 8 4 32 4 29 52 4 16 4 54 4 87 21 4 18 4 23 4 68 18 4 18 4 52 4 21 10 4 37 4 51 4 25 4 30 11 4 52 4 44 4 48 4 27 29 4 33 4 52 4 40 45 4 41 4 24 4 108 27 4 58 4 16 4 
iteration 27179 best: 1.15499 time: 172901
55 31 4 23 4 33 4 77 32 4 58 4 119 45 4 58 4 34 4 45 46 4 46 4 31 4 54 31 4 41 4 46 4 69 40 4 35 4 24 4 25 4 77 36 4 12 4 42 4 85 37 4 34 4 13 9 4 40 4 16 43 4 7 4 28 4 49 4 92 25 4 11 4 9 56 4 60 4 25 44 4 10 4 28 4 30 4 16 4 90 5 4 22 4 11 4 5 4 1 23 4 40 4 84 56 4 56 4 34 4 47 4 62 8 4 17 4 39 4 91 60 4 57 4 116 54 4 42 4 83 33 20 104 57 4 25 4 47 4 113 24 20 26 15 4 28 4 49 4 107 9 4 55 4 38 4 12 4 18 34 4 41 4 66 53 4 31 4 23 4 37 44 4 9 4 115 9 4 49 4 14 4 47 9 4 34 4 20 4 54 21 4 32 4 35 41 4 27 4 3 57 4 70 7 4 11 4 45 4 19 44 4 23 4 37 51 4 21 4 41 58 4 43 4 15 50 4 55 4 92 39 4 16 4 19 43 4 25 4 41 54 4 29 4 48 28 4 10 4 0 16 4 23 4 28 4 41 30 4 18 4 52 9 4 19 4 45 4 52 14 4 23 4 45 4 38 40 4 34 4 19 4 7 4 95 10 4 34 4 25 4 31 4 27 20 4 55 4 48 4 66 47 4 56 4 8 10 4 29 4 39 4 20 29 4 34 4 32 4 38 6 4 19 4 40 4 56 45 4 59 4 59 4 67 18 16 7 16 42 10 4 41 10 16 24 16 65 25 4 18 4 17 38 4 6 4 9 4 61 53 4 20 4 28 4 29 4 74 52 4 49 4 105 58 4 44 4 50 4 9 4 105 49 4 8 4 32 4 29 52 4 16 4 54 4 87 21 4 18 4 23 4 68 18 4 18 4 52 4 21 10 4 37 4 51 4 25 4 30 11 4 52 4 44 4 48 4 27 29 4 33 4 52 4 40 45 4 41 4 24 4 108 27 4 58 4 16 4 
iteration 28335 best: 1.15499 time: 180104
55 31 4 23 4 33 4 77 32 4 58 4 119 45 4 58 4 34 4 45 46 4 46 4 31 4 54 31 4 41 4 46 4 69 40 4 35 4 24 4 25 4 77 36 4 12 4 42 4 85 37 4 34 4 13 9 4 40 4 16 43 4 7 4 28 4 49 4 92 25 4 11 4 9 56 4 60 4 25 44 4 10 4 28 4 30 4 16 4 90 5 4 22 4 11 4 5 4 1 23 4 40 4 84 56 4 56 4 34 4 47 4 62 8 4 17 4 39 4 91 60 4 57 4 116 54 4 42 4 83 33 20 104 57 4 25 4 47 4 113 24 20 26 15 4 28 4 49 4 107 9 4 55 4 38 4 12 4 18 34 4 41 4 66 53 4 31 4 23 4 37 44 4 9 4 115 9 4 49 4 14 4 47 9 4 34 4 20 4 54 21 4 32 4 35 41 4 27 4 3 57 4 70 7 4 11 4 45 4 19 44 4 23 4 37 51 4 21 4 41 58 4 43 4 15 50 4 55 4 92 39 4 16 4 19 43 4 25 4 41 54 4 29 4 48 28 4 10 4 0 16 4 23 4 28 4 41 30 4 18 4 52 9 4 19 4 45 4 52 14 4 23 4 45 4 38 40 4 34 4 19 4 7 4 95 10 4 34 4 25 4 31 4 27 20 4 55 4 48 4 66 47 4 56 4 8 10 4 29 4 39 4 20 29 4 34 4 32 4 38 6 4 19 4 40 4 56 45 4 59 4 59 4 67 18 16 7 16 42 10 4 41 10 16 24 16 65 25 4 18 4 17 38 4 6 4 9 4 61 53 4 20 4 28 4 29 4 74 52 4 49 4 105 58 4 44 4 50 4 9 4 105 49 4 8 4 32 4 29 52 4 16 4 54 4 87 21 4 18 4 23 4 68 18 4 18 4 52 4 21 10 4 37 4 51 4 25 4 30 11 4 52 4 44 4 48 4 27 29 4 33 4 52 4 40 45 4 41 4 24 4 108 27 4 58 4 16 4 
iteration 29486 best: 1.15498 time: 187305
55 31 4 23 4 33 4 77 32 4 58 4 119 45 4 58 4 34 4 45 46 4 46 4 31 4 54 31 4 41 4 46 4 69 40 4 35 4 24 4 25 4 77 36 4 12 4 42 4 85 37 4 34 4 13 9 4 40 4 16 43 4 7 4 28 4 49 4 92 25 4 11 4 9 56 4 60 4 25 44 4 10 4 28 4 30 4 16 4 90 5 4 22 4 11 4 5 4 1 23 4 40 4 84 56 4 56 4 34 4 47 4 62 8 4 17 4 39 4 91 60 4 57 4 116 54 4 42 4 83 33 20 104 57 4 25 4 47 4 113 24 20 26 15 4 28 4 49 4 107 9 4 55 4 38 4 12 4 18 34 4 41 4 66 53 4 31 4 23 4 37 44 4 9 4 115 9 4 49 4 14 4 47 9 4 34 4 20 4 54 21 4 32 4 35 41 4 27 4 3 57 4 70 7 4 11 4 45 4 19 44 4 37 4 37 51 4 21 4 41 58 4 43 4 15 50 4 55 4 92 39 4 16 4 19 43 4 25 4 41 54 4 29 4 48 28 4 10 4 0 16 4 23 4 28 4 41 30 4 18 4 52 9 4 19 4 45 4 52 14 4 23 4 45 4 38 40 4 34 4 19 4 7 4 95 10 4 34 4 25 4 31 4 27 20 4 55 4 48 4 66 47 4 56 4 8 10 4 29 4 39 4 20 29 4 34 4 32 4 38 6 4 19 4 40 4 56 45 4 59 4 59 4 67 18 16 7 16 42 10 4 41 10 16 24 16 65 25 4 18 4 17 38 4 6 4 9 4 61 53 4 20 4 28 4 29 4 74 52 4 49 4 105 58 4 44 4 50 4 9 4 105 49 4 8 4 32 4 29 52 4 16 4 54 4 87 21 4 18 4 23 4 68 18 4 18 4 52 4 21 10 4 37 4 51 4 25 4 30 11 4 52 4 44 4 48 4 27 29 4 33 4 52 4 40 45 4 41 4 24 4 108 27 4 58 4 16 4 
iteration 30643 best: 1.15498 time: 194508
55 31 4 23 4 33 4 77 32 4 58 4 119 45 4 58 4 34 4 45 46 4 46 4 31 4 54 31 4 41 4 46 4 69 40 4 35 4 24 4 25 4 77 36 4 12 4 42 4 85 37 4 34 4 13 9 4 40 4 16 43 4 7 4 28 4 49 4 92 25 4 11 4 9 56 4 60 4 25 44 4 10 4 28 4 30 4 16 4 90 5 4 22 4 11 4 5 4 1 23 4 40 4 84 56 4 56 4 34 4 47 4 62 8 4 17 4 39 4 91 60 4 57 4 116 54 4 42 4 83 33 20 104 57 4 25 4 47 4 113 24 20 26 15 4 28 4 49 4 107 9 4 55 4 38 4 12 4 18 34 4 41 4 66 53 4 31 4 23 4 37 44 4 9 4 115 9 4 49 4 14 4 47 9 4 34 4 20 4 54 21 4 32 4 35 41 4 27 4 3 57 4 70 7 4 11 4 45 4 19 44 4 37 4 37 51 4 21 4 41 58 4 43 4 15 50 4 55 4 92 39 4 16 4 19 43 4 25 4 41 54 4 29 4 48 28 4 10 4 0 16 4 23 4 28 4 41 30 4 18 4 52 9 4 19 4 45 4 52 14 4 23 4 45 4 38 40 4 34 4 19 4 7 4 95 10 4 34 4 25 4 31 4 27 20 4 55 4 48 4 66 47 4 56 4 8 10 4 29 4 39 4 20 29 4 34 4 32 4 38 6 4 19 4 40 4 56 45 4 59 4 59 4 67 18 16 7 16 42 10 4 41 10 16 24 16 65 25 4 18 4 17 38 4 6 4 9 4 61 53 4 20 4 28 4 29 4 74 52 4 49 4 105 58 4 44 4 50 4 9 4 105 49 4 8 4 32 4 29 52 4 16 4 54 4 87 21 4 18 4 23 4 68 18 4 18 4 52 4 21 10 4 37 4 51 4 25 4 30 11 4 52 4 44 4 48 4 27 29 4 33 4 52 4 40 45 4 41 4 24 4 108 27 4 58 4 16 4 
iteration 31798 best: 1.15498 time: 201709
55 31 4 23 4 33 4 77 32 4 58 4 119 45 4 58 4 34 4 45 46 4 46 4 31 4 54 31 4 41 4 46 4 69 40 4 35 4 24 4 25 4 77 36 4 12 4 42 4 85 37 4 34 4 13 9 4 40 4 16 43 4 7 4 28 4 49 4 92 25 4 11 4 9 56 4 60 4 25 44 4 10 4 28 4 30 4 16 4 90 5 4 22 4 11 4 5 4 1 23 4 40 4 84 56 4 56 4 34 4 47 4 62 8 4 17 4 39 4 91 60 4 57 4 116 54 4 42 4 83 33 20 104 57 4 25 4 47 4 113 24 20 26 15 4 28 4 49 4 107 9 4 55 4 38 4 12 4 18 34 4 41 4 66 53 4 31 4 23 4 37 44 4 9 4 115 9 4 49 4 14 4 47 9 4 34 4 20 4 54 21 4 32 4 35 41 4 27 4 3 57 4 70 7 4 11 4 45 4 19 44 4 37 4 37 51 4 21 4 41 58 4 43 4 15 50 4 55 4 92 39 4 16 4 19 43 4 25 4 41 54 4 29 4 48 28 4 10 4 0 16 4 23 4 28 4 41 30 4 18 4 52 9 4 19 4 45 4 52 14 4 23 4 45 4 38 40 4 34 4 19 4 7 4 95 10 4 34 4 25 4 31 4 27 20 4 55 4 48 4 66 47 4 56 4 8 10 4 29 4 39 4 20 29 4 34 4 32 4 38 6 4 19 4 40 4 56 45 4 59 4 59 4 67 18 16 7 16 42 10 4 41 10 16 24 16 65 25 4 18 4 17 38 4 6 4 9 4 61 53 4 20 4 28 4 29 4 74 52 4 49 4 105 58 4 44 4 50 4 9 4 105 49 4 8 4 32 4 29 52 4 16 4 54 4 87 21 4 18 4 23 4 68 18 4 18 4 52 4 21 10 4 37 4 51 4 25 4 30 11 4 52 4 44 4 48 4 27 29 4 33 4 52 4 40 45 4 41 4 24 4 108 27 4 58 4 16 4 
iteration 32959 best: 1.15497 time: 208912
55 31 4 23 4 33 4 77 32 4 58 4 119 45 4 58 4 34 4 45 46 4 46 4 31 4 54 31 4 41 4 46 4 69 40 4 35 4 24 4 25 4 77 36 4 12 4 42 4 85 37 4 34 4 13 9 4 40 4 16 43 4 7 4 28 4 49 4 92 25 4 11 4 9 56 4 60 4 25 44 4 10 4 28 4 30 4 16 4 90 5 4 22 4 11 4 5 4 1 23 4 40 4 84 56 4 56 4 34 4 47 4 62 8 4 17 4 39 4 91 60 4 57 4 116 54 4 42 4 83 33 20 104 57 4 25 4 47 4 113 24 20 26 15 4 28 4 49 4 107 9 4 55 4 38 4 12 4 18 34 4 41 4 66 53 4 31 4 23 4 37 44 4 9 4 115 9 4 49 4 14 4 47 9 4 34 4 20 4 54 21 4 32 4 35 41 4 27 4 3 57 4 70 7 4 11 4 45 4 19 55 4 37 4 37 51 4 21 4 41 58 4 43 4 15 50 4 55 4 92 39 4 16 4 19 43 4 25 4 41 54 4 29 4 48 28 4 10 4 0 16 4 23 4 28 4 41 30 4 18 4 52 9 4 19 4 45 4 52 14 4 23 4 45 4 38 40 4 34 4 19 4 7 4 95 10 4 34 4 25 4 31 4 27 20 4 55 4 48 4 66 47 4 56 4 8 10 4 29 4 39 4 20 29 4 34 4 32 4 38 6 4 19 4 40 4 56 45 4 59 4 59 4 67 18 16 7 16 42 10 4 41 10 16 24 16 65 25 4 18 4 17 38 4 6 4 9 4 61 53 4 20 4 28 4 29 4 74 52 4 49 4 105 58 4 44 4 50 4 9 4 105 49 4 8 4 32 4 29 52 4 16 4 54 4 87 21 4 18 4 23 4 68 18 4 18 4 52 4 21 10 4 37 4 51 4 25 4 30 11 4 52 4 44 4 48 4 27 29 4 33 4 52 4 40 45 4 41 4 24 4 108 27 4 58 4 16 4 
iteration 34116 best: 1.15497 time: 216115
55 31 4 23 4 33 4 77 32 4 58 4 119 45 4 58 4 34 4 45 46 4 46 4 31 4 54 31 4 41 4 46 4 69 40 4 35 4 24 4 25 4 77 36 4 12 4 42 4 85 37 4 34 4 13 9 4 40 4 16 43 4 7 4 28 4 49 4 92 25 4 11 4 9 56 4 60 4 25 44 4 10 4 28 4 30 4 16 4 90 5 4 22 4 11 4 5 4 1 23 4 40 4 84 56 4 56 4 34 4 47 4 62 8 4 17 4 39 4 91 60 4 57 4 116 54 4 42 4 83 33 20 104 57 4 25 4 47 4 113 24 20 26 15 4 28 4 49 4 107 9 4 55 4 38 4 12 4 18 34 4 41 4 66 53 4 31 4 23 4 37 44 4 9 4 115 9 4 49 4 14 4 47 9 4 34 4 20 4 54 21 4 32 4 35 41 4 27 4 3 57 4 70 7 4 11 4 45 4 19 55 4 37 4 37 51 4 21 4 41 58 4 43 4 15 50 4 55 4 92 39 4 16 4 19 43 4 25 4 41 54 4 29 4 48 28 4 10 4 0 16 4 23 4 28 4 41 30 4 18 4 52 9 4 19 4 45 4 52 14 4 23 4 45 4 38 40 4 34 4 19 4 7 4 95 10 4 34 4 25 4 31 4 27 20 4 55 4 48 4 66 47 4 56 4 8 10 4 29 4 39 4 20 29 4 34 4 32 4 38 6 4 19 4 40 4 56 45 4 59 4 59 4 67 18 16 7 16 42 10 4 41 10 16 24 16 65 25 4 18 4 17 38 4 6 4 9 4 61 53 4 20 4 28 4 29 4 74 52 4 49 4 105 58 4 44 4 50 4 9 4 105 49 4 8 4 32 4 29 52 4 16 4 54 4 87 21 4 18 4 23 4 68 18 4 18 4 52 4 21 10 4 37 4 51 4 25 4 30 11 4 52 4 44 4 48 4 27 29 4 33 4 52 4 40 45 4 41 4 24 4 108 27 4 58 4 16 4 
iteration 35263 best: 1.15497 time: 223317
55 31 4 23 4 33 4 77 32 4 58 4 119 45 4 58 4 34 4 45 46 4 46 4 31 4 54 31 4 41 4 46 4 69 40 4 35 4 24 4 25 4 77 36 4 12 4 42 4 85 37 4 34 4 13 9 4 40 4 16 43 4 7 4 28 4 49 4 92 25 4 11 4 9 56 4 60 4 25 44 4 10 4 28 4 30 4 16 4 90 5 4 22 4 11 4 5 4 1 23 4 40 4 84 56 4 56 4 34 4 47 4 62 8 4 17 4 39 4 91 60 4 57 4 116 54 4 42 4 83 33 20 104 57 4 25 4 47 4 113 24 20 26 15 4 28 4 49 4 107 9 4 55 4 38 4 12 4 18 34 4 41 4 66 53 4 31 4 23 4 37 44 4 9 4 115 9 4 49 4 14 4 47 9 4 34 4 20 4 54 21 4 32 4 35 41 4 27 4 3 57 4 70 7 4 11 4 45 4 19 55 4 37 4 37 51 4 21 4 41 58 4 43 4 15 50 4 55 4 92 39 4 16 4 19 43 4 25 4 41 54 4 29 4 48 28 4 10 4 0 16 4 23 4 28 4 41 30 4 18 4 52 9 4 19 4 45 4 52 14 4 23 4 45 4 38 40 4 34 4 19 4 7 4 95 10 4 34 4 25 4 31 4 27 20 4 55 4 48 4 66 47 4 56 4 8 10 4 29 4 39 4 20 29 4 34 4 32 4 38 6 4 19 4 40 4 56 45 4 59 4 59 4 67 18 16 7 16 42 10 4 41 10 16 24 16 65 25 4 18 4 17 38 4 6 4 9 4 61 53 4 20 4 28 4 29 4 74 52 4 49 4 105 58 4 44 4 50 4 9 4 105 49 4 8 4 32 4 29 52 4 16 4 54 4 87 21 4 18 4 23 4 68 18 4 18 4 52 4 21 10 4 37 4 51 4 25 4 30 11 4 52 4 44 4 48 4 27 29 4 33 4 52 4 40 45 4 41 4 24 4 108 27 4 58 4 16 4 
iteration 36412 best: 1.15496 time: 230523
55 31 4 23 4 33 4 77 32 4 58 4 119 45 4 58 4 34 4 45 46 4 46 4 31 4 54 31 4 41 4 46 4 69 40 4 35 4 24 4 25 4 77 36 4 12 4 42 4 85 37 4 34 4 13 9 4 40 4 16 43 4 7 4 28 4 49 4 92 25 4 11 4 9 56 4 60 4 25 44 4 10 4 28 4 30 4 16 4 90 5 4 22 4 11 4 5 4 1 23 4 40 4 84 56 4 56 4 34 4 47 4 62 8 4 17 4 39 4 91 60 4 57 4 116 54 4 42 4 83 33 20 104 57 4 25 4 47 4 113 24 20 26 15 4 28 4 49 4 107 9 4 55 4 38 4 12 4 18 34 4 41 4 66 53 4 31 4 23 4 37 44 4 9 4 115 9 4 49 4 14 4 47 9 4 34 4 20 4 54 21 4 32 4 35 41 4 27 4 3 57 4 70 7 4 11 4 45 4 19 55 4 37 4 37 51 4 21 4 41 58 4 60 4 15 50 4 55 4 92 39 4 16 4 19 43 4 25 4 41 54 4 29 4 48 28 4 10 4 0 16 4 23 4 28 4 41 30 4 18 4 52 9 4 19 4 45 4 52 14 4 23 4 45 4 38 40 4 34 4 19 4 7 4 95 10 4 34 4 25 4 31 4 27 20 4 55 4 48 4 66 47 4 56 4 8 10 4 29 4 39 4 20 29 4 34 4 32 4 38 6 4 19 4 40 4 56 45 4 59 4 59 4 67 18 16 7 16 42 10 4 41 10 16 24 16 65 25 4 18 4 17 38 4 6 4 9 4 61 53 4 20 4 28 4 29 4 74 52 4 49 4 105 58 4 44 4 50 4 9 4 105 49 4 8 4 32 4 29 52 4 16 4 54 4 87 21 4 18 4 23 4 68 18 4 18 4 52 4 21 10 4 37 4 51 4 25 4 30 11 4 52 4 44 4 48 4 27 29 4 33 4 52 4 40 45 4 41 4 24 4 108 27 4 58 4 16 4 
iteration 37566 best: 1.15496 time: 237727
55 31 4 23 4 33 4 77 32 4 58 4 119 45 4 58 4 34 4 45 46 4 46 4 31 4 54 31 4 41 4 46 4 69 40 4 35 4 24 4 25 4 77 36 4 12 4 42 4 85 37 4 34 4 13 9 4 40 4 16 43 4 7 4 28 4 49 4 92 25 4 11 4 9 56 4 60 4 25 44 4 10 4 28 4 30 4 16 4 90 5 4 22 4 11 4 5 4 1 23 4 40 4 84 56 4 56 4 34 4 47 4 62 8 4 17 4 39 4 91 60 4 57 4 116 54 4 42 4 83 33 20 104 57 4 25 4 47 4 113 24 20 26 15 4 28 4 49 4 107 9 4 55 4 38 4 12 4 18 34 4 41 4 66 53 4 31 4 23 4 37 44 4 9 4 115 9 4 49 4 14 4 47 9 4 34 4 20 4 54 21 4 32 4 35 41 4 27 4 3 57 4 70 7 4 11 4 45 4 19 55 4 37 4 37 51 4 21 4 41 58 4 60 4 15 50 4 55 4 92 39 4 16 4 19 43 4 25 4 41 54 4 29 4 48 28 4 10 4 0 16 4 23 4 28 4 41 30 4 18 4 52 9 4 19 4 45 4 52 14 4 23 4 45 4 38 40 4 34 4 19 4 7 4 95 10 4 34 4 25 4 31 4 27 20 4 55 4 48 4 66 47 4 56 4 8 10 4 29 4 39 4 20 29 4 34 4 32 4 38 6 4 19 4 40 4 56 45 4 59 4 59 4 67 18 16 7 16 42 10 4 41 10 16 24 16 65 25 4 18 4 17 38 4 6 4 9 4 61 53 4 20 4 28 4 29 4 74 52 4 49 4 105 58 4 44 4 50 4 9 4 105 49 4 8 4 32 4 29 52 4 16 4 54 4 87 21 4 18 4 23 4 68 18 4 18 4 52 4 21 10 4 37 4 51 4 25 4 30 11 4 52 4 44 4 48 4 27 29 4 33 4 52 4 40 45 4 41 4 24 4 108 27 4 58 4 16 4 
iteration 38721 best: 1.15496 time: 244934
55 31 4 23 4 33 4 77 32 4 58 4 119 45 4 58 4 34 4 45 46 4 46 4 31 4 54 31 4 41 4 46 4 69 40 4 35 4 24 4 25 4 77 36 4 12 4 42 4 85 37 4 34 4 13 9 4 40 4 16 43 4 7 4 28 4 49 4 92 25 4 11 4 9 56 4 60 4 25 44 4 10 4 28 4 30 4 16 4 90 5 4 22 4 11 4 5 4 1 23 4 40 4 84 56 4 56 4 34 4 47 4 62 8 4 17 4 39 4 91 60 4 57 4 116 54 4 42 4 83 33 20 104 57 4 25 4 47 4 113 24 20 26 15 4 28 4 49 4 107 9 4 55 4 38 4 12 4 18 34 4 41 4 66 53 4 31 4 23 4 37 44 4 9 4 115 9 4 49 4 14 4 47 9 4 34 4 20 4 54 21 4 32 4 35 41 4 27 4 3 57 4 70 7 4 11 4 45 4 19 55 4 37 4 37 51 4 21 4 41 58 4 60 4 15 50 4 55 4 92 39 4 16 4 19 43 4 25 4 41 54 4 29 4 48 28 4 10 4 0 16 4 23 4 28 4 41 30 4 18 4 52 9 4 19 4 45 4 52 14 4 23 4 45 4 38 40 4 34 4 19 4 7 4 95 10 4 34 4 25 4 31 4 27 20 4 55 4 48 4 66 47 4 56 4 8 10 4 29 4 39 4 20 29 4 34 4 32 4 38 6 4 19 4 40 4 56 45 4 59 4 59 4 67 18 16 7 16 42 10 4 41 10 16 24 16 65 25 4 18 4 17 38 4 6 4 9 4 61 53 4 20 4 28 4 29 4 74 52 4 49 4 105 58 4 44 4 50 4 9 4 105 49 4 8 4 32 4 29 52 4 16 4 54 4 87 21 4 18 4 23 4 68 18 4 18 4 52 4 21 10 4 37 4 51 4 25 4 30 11 4 52 4 44 4 48 4 27 29 4 33 4 52 4 40 45 4 41 4 24 4 108 27 4 58 4 16 4 
iteration 39876 best: 1.15494 time: 252138
55 31 4 23 4 33 4 77 32 4 58 4 119 45 4 58 4 34 4 45 46 4 46 4 31 4 54 31 4 41 4 46 4 69 40 4 35 4 24 4 25 4 77 36 4 12 4 42 4 85 37 4 34 4 13 9 4 40 4 16 43 4 7 4 28 4 49 4 92 25 4 11 4 9 60 4 60 4 25 44 4 10 4 28 4 30 4 16 4 90 5 4 22 4 11 4 5 4 1 23 4 40 4 84 56 4 56 4 34 4 47 4 62 8 4 17 4 39 4 91 60 4 57 4 116 54 4 42 4 83 33 20 104 57 4 25 4 47 4 113 24 20 26 15 4 28 4 49 4 107 9 4 55 4 38 4 12 4 18 34 4 41 4 66 53 4 31 4 23 4 37 44 4 9 4 115 9 4 49 4 14 4 47 9 4 34 4 20 4 54 21 4 32 4 35 41 4 27 4 3 57 4 70 7 4 11 4 45 4 19 55 4 55 4 37 51 4 21 4 41 58 4 60 4 15 50 4 55 4 92 39 4 16 4 19 43 4 25 4 41 54 4 29 4 48 28 4 10 4 0 16 4 23 4 28 4 41 30 4 18 4 52 9 4 19 4 45 4 52 14 4 23 4 45 4 38 40 4 34 4 19 4 7 4 95 10 4 34 4 25 4 31 4 27 20 4 55 4 48 4 66 47 4 56 4 8 10 4 29 4 39 4 20 29 4 34 4 32 4 38 6 4 19 4 40 4 56 45 4 59 4 59 4 67 18 16 7 16 42 10 4 41 10 16 24 16 65 25 4 18 4 17 38 4 6 4 9 4 61 53 4 20 4 28 4 29 4 74 52 4 49 4 105 58 4 44 4 50 4 9 4 105 49 4 8 4 32 4 29 52 4 16 4 54 4 87 21 4 18 4 23 4 68 18 4 18 4 52 4 21 10 4 37 4 51 4 25 4 30 11 4 52 4 44 4 48 4 27 29 4 33 4 52 4 40 45 4 41 4 24 4 108 27 4 58 4 16 4 
iteration 41033 best: 1.15494 time: 259342
55 31 4 23 4 33 4 77 32 4 58 4 119 45 4 58 4 34 4 45 46 4 46 4 31 4 54 31 4 41 4 46 4 69 40 4 35 4 24 4 25 4 77 36 4 12 4 42 4 85 37 4 34 4 13 9 4 40 4 16 43 4 7 4 28 4 49 4 92 25 4 11 4 9 60 4 60 4 25 44 4 10 4 28 4 30 4 16 4 90 5 4 22 4 11 4 5 4 1 23 4 40 4 84 56 4 56 4 34 4 47 4 62 8 4 17 4 39 4 91 60 4 57 4 116 54 4 42 4 83 33 20 104 57 4 25 4 47 4 113 24 20 26 15 4 28 4 49 4 107 9 4 55 4 38 4 12 4 18 34 4 41 4 66 53 4 31 4 23 4 37 44 4 9 4 115 9 4 49 4 14 4 47 9 4 34 4 20 4 54 21 4 32 4 35 41 4 27 4 3 57 4 70 7 4 11 4 45 4 19 55 4 55 4 37 51 4 21 4 41 58 4 60 4 15 50 4 55 4 92 39 4 16 4 19 43 4 25 4 41 54 4 29 4 48 28 4 10 4 0 16 4 23 4 28 4 41 30 4 18 4 52 9 4 19 4 45 4 52 14 4 23 4 45 4 38 40 4 34 4 19 4 7 4 95 10 4 34 4 25 4 31 4 27 20 4 55 4 48 4 66 47 4 56 4 8 10 4 29 4 39 4 20 29 4 34 4 32 4 38 6 4 19 4 40 4 56 45 4 59 4 59 4 67 18 16 7 16 42 10 4 41 10 16 24 16 65 25 4 18 4 17 38 4 6 4 9 4 61 53 4 20 4 28 4 29 4 74 52 4 49 4 105 58 4 44 4 50 4 9 4 105 49 4 8 4 32 4 29 52 4 16 4 54 4 87 21 4 18 4 23 4 68 18 4 18 4 52 4 21 10 4 37 4 51 4 25 4 30 11 4 52 4 44 4 48 4 27 29 4 33 4 52 4 40 45 4 41 4 24 4 108 27 4 58 4 16 4 
iteration 42188 best: 1.15494 time: 266548
55 31 4 23 4 33 4 77 32 4 58 4 119 45 4 58 4 34 4 45 46 4 46 4 31 4 54 31 4 41 4 46 4 69 40 4 35 4 24 4 25 4 77 36 4 12 4 42 4 85 37 4 34 4 13 9 4 40 4 16 43 4 7 4 28 4 49 4 92 25 4 11 4 9 60 4 60 4 25 44 4 10 4 28 4 30 4 16 4 90 5 4 22 4 11 4 5 4 1 23 4 40 4 84 56 4 56 4 34 4 47 4 62 8 4 17 4 39 4 91 60 4 57 4 116 54 4 42 4 83 33 20 104 57 4 25 4 47 4 113 24 20 26 15 4 28 4 49 4 107 9 4 55 4 38 4 12 4 18 34 4 41 4 66 53 4 31 4 23 4 37 44 4 9 4 115 9 4 49 4 14 4 47 9 4 34 4 20 4 54 21 4 32 4 35 41 4 27 4 3 57 4 70 7 4 11 4 45 4 19 55 4 55 4 37 51 4 21 4 41 58 4 60 4 15 50 4 55 4 92 39 4 16 4 19 43 4 25 4 41 54 4 29 4 48 28 4 10 4 0 16 4 23 4 28 4 41 30 4 18 4 52 9 4 19 4 45 4 52 14 4 23 4 45 4 38 40 4 34 4 19 4 7 4 95 10 4 34 4 25 4 31 4 27 20 4 55 4 48 4 66 47 4 56 4 8 10 4 29 4 39 4 20 29 4 34 4 32 4 38 6 4 19 4 40 4 56 45 4 59 4 59 4 67 18 16 7 16 42 10 4 41 10 16 24 16 65 25 4 18 4 17 38 4 6 4 9 4 61 53 4 20 4 28 4 29 4 74 52 4 49 4 105 58 4 44 4 50 4 9 4 105 49 4 8 4 32 4 29 52 4 16 4 54 4 87 21 4 18 4 23 4 68 18 4 18 4 52 4 21 10 4 37 4 51 4 25 4 30 11 4 52 4 44 4 48 4 27 29 4 33 4 52 4 40 45 4 41 4 24 4 108 27 4 58 4 16 4 
iteration 43340 best: 1.15494 time: 273753
55 31 4 23 4 33 4 77 32 4 58 4 119 45 4 58 4 34 4 45 46 4 46 4 31 4 54 31 4 41 4 46 4 69 40 4 35 4 24 4 25 4 77 36 4 12 4 42 4 85 37 4 34 4 13 9 4 40 4 16 43 4 7 4 28 4 49 4 92 25 4 11 4 9 60 4 60 4 25 44 4 10 4 28 4 30 4 16 4 90 5 4 22 4 11 4 5 4 1 23 4 40 4 84 56 4 56 4 34 4 47 4 62 8 4 17 4 39 4 91 60 4 57 4 116 54 4 42 4 83 33 20 104 57 4 25 4 47 4 113 24 20 26 15 4 28 4 49 4 107 9 4 55 4 38 4 12 4 18 34 4 41 4 66 53 4 31 4 23 4 37 44 4 9 4 115 9 4 49 4 14 4 47 9 4 34 4 20 4 54 21 4 32 4 35 41 4 27 4 3 57 4 70 7 4 11 4 45 4 19 55 4 55 4 37 51 4 21 4 41 58 4 60 4 15 50 4 55 4 92 39 4 16 4 19 43 4 25 4 41 54 4 29 4 48 28 4 10 4 0 16 4 23 4 28 4 41 30 4 18 4 52 9 4 19 4 45 4 52 14 4 23 4 45 4 38 40 4 34 4 19 4 7 4 95 10 4 34 4 25 4 31 4 27 20 4 55 4 48 4 66 47 4 56 4 8 10 4 29 4 39 4 20 29 4 34 4 32 4 38 6 4 19 4 40 4 56 45 4 59 4 59 4 67 18 16 7 16 42 10 4 41 10 16 24 16 65 25 4 18 4 17 38 4 6 4 9 4 61 53 4 20 4 28 4 29 4 74 52 4 49 4 105 58 4 44 4 50 4 9 4 105 49 4 8 4 32 4 29 52 4 16 4 54 4 87 21 4 18 4 23 4 68 18 4 18 4 52 4 21 10 4 37 4 51 4 25 4 30 11 4 52 4 44 4 48 4 27 29 4 33 4 52 4 40 45 4 41 4 24 4 108 27 4 58 4 16 4 
iteration 44490 best: 1.15494 time: 280955
55 31 4 23 4 33 4 77 32 4 58 4 119 45 4 58 4 34 4 45 46 4 46 4 31 4 54 31 4 41 4 46 4 69 40 4 35 4 24 4 25 4 77 36 4 12 4 42 4 85 37 4 34 4 13 9 4 40 4 16 43 4 7 4 28 4 49 4 92 25 4 11 4 9 60 4 60 4 25 44 4 10 4 28 4 30 4 16 4 90 5 4 22 4 11 4 5 4 1 23 4 40 4 84 56 4 56 4 34 4 47 4 62 8 4 17 4 39 4 91 60 4 57 4 116 54 4 42 4 83 33 20 104 57 4 25 4 47 4 113 24 20 26 15 4 28 4 49 4 107 9 4 55 4 38 4 12 4 18 34 4 41 4 66 53 4 31 4 23 4 37 44 4 9 4 115 9 4 49 4 14 4 47 9 4 34 4 20 4 54 21 4 32 4 35 41 4 27 4 3 57 4 70 7 4 11 4 45 4 19 55 4 55 4 37 51 4 21 4 41 58 4 60 4 15 50 4 55 4 92 39 4 16 4 19 43 4 25 4 41 54 4 29 4 48 28 4 10 4 0 16 4 23 4 28 4 41 30 4 18 4 52 9 4 19 4 45 4 52 14 4 23 4 45 4 38 40 4 34 4 19 4 7 4 95 10 4 34 4 25 4 31 4 27 20 4 55 4 48 4 66 47 4 56 4 8 10 4 29 4 39 4 20 29 4 34 4 32 4 38 6 4 19 4 40 4 56 45 4 59 4 59 4 67 18 16 7 16 42 10 4 41 10 16 24 16 65 25 4 18 4 17 38 4 6 4 9 4 61 53 4 20 4 28 4 29 4 74 52 4 49 4 105 58 4 44 4 50 4 9 4 105 49 4 8 4 32 4 29 52 4 16 4 54 4 87 21 4 18 4 23 4 68 18 4 18 4 52 4 21 10 4 37 4 51 4 25 4 30 11 4 52 4 44 4 48 4 27 29 4 33 4 52 4 40 45 4 41 4 24 4 108 27 4 58 4 16 4 
iteration 45642 best: 1.15494 time: 288160
55 31 4 23 4 33 4 77 32 4 58 4 119 45 4 58 4 34 4 45 46 4 46 4 31 4 54 31 4 41 4 46 4 69 40 4 35 4 24 4 25 4 77 36 4 12 4 42 4 85 37 4 34 4 13 9 4 40 4 16 43 4 7 4 28 4 49 4 92 25 4 11 4 9 60 4 60 4 25 44 4 10 4 28 4 30 4 16 4 90 5 4 22 4 11 4 5 4 1 23 4 40 4 84 56 4 56 4 34 4 47 4 62 8 4 17 4 39 4 91 60 4 57 4 116 54 4 42 4 83 33 20 104 57 4 25 4 47 4 113 24 20 26 15 4 28 4 49 4 107 9 4 55 4 38 4 12 4 18 34 4 41 4 66 53 4 31 4 23 4 37 44 4 9 4 115 9 4 49 4 14 4 47 9 4 34 4 20 4 54 21 4 32 4 35 41 4 27 4 3 57 4 70 7 4 11 4 45 4 19 55 4 55 4 37 51 4 21 4 41 58 4 60 4 15 50 4 55 4 92 39 4 16 4 19 43 4 25 4 41 54 4 29 4 48 28 4 10 4 0 16 4 23 4 28 4 41 30 4 18 4 52 9 4 19 4 45 4 52 14 4 23 4 45 4 38 40 4 34 4 19 4 7 4 95 10 4 34 4 25 4 31 4 27 20 4 55 4 48 4 66 47 4 56 4 8 10 4 29 4 39 4 20 29 4 34 4 32 4 38 6 4 19 4 40 4 56 45 4 59 4 59 4 67 18 16 7 16 42 10 4 41 10 16 24 16 65 25 4 18 4 17 38 4 6 4 9 4 61 53 4 20 4 28 4 29 4 74 52 4 49 4 105 58 4 44 4 50 4 9 4 105 49 4 8 4 32 4 29 52 4 16 4 54 4 87 21 4 18 4 23 4 68 18 4 18 4 52 4 21 10 4 37 4 51 4 25 4 30 11 4 52 4 44 4 48 4 27 29 4 33 4 52 4 40 45 4 41 4 24 4 108 27 4 58 4 16 4 
iteration 46810 best: 1.12808 time: 295361
55 31 4 23 4 33 4 77 32 4 58 4 119 45 4 58 4 34 4 45 46 4 46 4 31 4 54 31 4 41 4 46 4 69 40 4 35 4 24 4 25 4 77 36 4 12 4 42 4 85 37 4 34 4 13 9 4 40 4 16 43 4 7 4 28 4 49 4 92 25 4 11 4 9 60 4 60 4 25 44 4 10 4 28 4 30 4 16 4 90 5 4 22 4 11 4 5 4 1 23 4 40 4 84 56 4 56 4 34 4 47 4 62 8 4 17 4 39 4 91 60 4 57 4 116 54 4 46 4 83 33 20 104 57 4 25 4 47 4 113 24 20 26 15 4 24 4 49 4 107 9 4 55 4 38 4 12 4 18 30 4 41 4 66 53 4 31 4 23 4 37 44 4 9 4 115 9 4 49 4 14 4 47 9 4 34 4 20 4 54 21 4 32 4 35 42 4 27 4 3 57 4 70 7 4 11 4 45 4 19 55 4 55 4 37 51 4 48 4 41 58 4 60 4 15 50 4 55 4 92 39 4 16 4 19 43 4 25 4 41 54 4 29 4 48 28 4 10 4 0 16 4 23 4 28 4 41 30 4 18 4 52 9 4 19 4 45 4 52 14 4 23 4 45 4 38 40 4 34 4 19 4 7 4 95 10 4 34 4 25 4 31 4 27 20 4 55 4 48 4 66 47 4 56 4 8 10 4 29 4 39 4 20 29 4 34 4 32 4 38 6 4 19 4 40 4 56 45 4 59 4 59 4 67 18 16 7 16 42 10 4 41 10 16 24 16 65 25 4 18 4 17 38 4 6 4 9 4 61 53 4 20 4 28 4 29 4 79 52 4 49 4 105 58 4 44 4 50 4 9 4 105 49 4 8 4 36 4 29 52 4 16 4 54 4 87 21 4 18 4 23 4 68 18 4 18 4 52 4 21 10 4 37 4 51 4 25 4 30 11 4 52 4 44 4 48 4 27 29 4 33 4 52 4 40 45 4 41 4 24 4 108 27 4 55 4 16 4 
iteration 47982 best: 1.12028 time: 302566
55 31 4 23 4 33 4 77 32 4 58 4 119 45 4 58 4 34 4 45 46 4 46 4 31 4 54 31 4 41 4 46 4 69 40 4 35 4 24 4 25 4 77 36 4 12 4 42 4 85 37 4 34 4 13 9 4 40 4 16 43 4 7 4 28 4 49 4 92 25 4 11 4 9 60 4 60 4 25 44 4 10 4 28 4 30 4 16 4 90 5 4 22 4 11 4 5 4 1 23 4 40 4 84 56 4 56 4 34 4 47 4 62 8 4 17 4 39 4 91 60 4 57 4 116 54 4 46 4 83 33 20 104 57 4 25 4 47 4 113 24 20 26 15 4 24 4 49 4 107 9 4 55 4 38 4 12 4 18 30 4 41 4 66 53 4 31 4 23 4 37 44 4 9 4 115 9 4 49 4 14 4 47 9 4 34 4 20 4 54 21 4 32 4 33 42 4 27 4 3 57 4 70 7 4 11 4 45 4 19 55 4 55 4 37 51 4 48 4 41 58 4 60 4 15 50 4 55 4 92 39 4 16 4 19 43 4 25 4 41 54 4 29 4 48 28 4 10 4 0 16 4 23 4 28 4 41 30 4 18 4 52 9 4 19 4 45 4 52 14 4 23 4 45 4 38 40 4 34 4 19 4 7 4 95 10 4 34 4 25 4 31 4 27 20 4 55 4 48 4 66 47 4 56 4 5 10 4 29 4 39 4 20 29 4 34 4 32 4 38 6 4 19 4 40 4 56 45 4 59 4 59 4 67 18 16 7 16 42 10 4 41 10 16 24 16 65 25 4 18 4 17 38 4 6 4 9 4 61 53 4 20 4 28 4 29 4 79 52 4 43 4 105 58 4 44 4 50 4 9 4 105 49 4 8 4 36 4 29 52 4 16 4 54 4 87 21 4 18 4 23 4 68 18 4 18 4 52 4 21 10 4 37 4 51 4 25 4 30 11 4 52 4 44 4 48 4 27 29 4 33 4 52 4 40 45 4 41 4 24 4 108 27 4 55 4 16 4 
iteration 49145 best: 1.12027 time: 309770
55 31 4 23 4 33 4 77 32 4 58 4 119 45 4 58 4 34 4 45 46 4 46 4 31 4 54 31 4 41 4 46 4 69 40 4 35 4 24 4 25 4 77 36 4 12 4 42 4 85 37 4 34 4 13 9 4 40 4 16 43 4 7 4 28 4 49 4 92 25 4 11 4 9 60 4 60 4 25 44 4 10 4 28 4 30 4 16 4 90 5 4 22 4 11 4 5 4 1 23 4 40 4 84 56 4 56 4 34 4 47 4 62 8 4 17 4 39 4 91 60 4 57 4 116 54 4 46 4 83 33 20 104 57 4 25 4 47 4 113 24 20 26 15 4 24 4 49 4 107 9 4 55 4 38 4 12 4 18 30 4 41 4 66 53 4 31 4 23 4 37 44 4 9 4 115 9 4 49 4 14 4 47 9 4 34 4 20 4 54 21 4 32 4 33 42 4 27 4 3 57 4 70 7 4 11 4 45 4 19 60 4 55 4 37 51 4 48 4 41 58 4 60 4 15 50 4 55 4 92 39 4 16 4 19 43 4 25 4 41 54 4 29 4 48 28 4 10 4 0 16 4 23 4 28 4 41 30 4 18 4 52 9 4 19 4 45 4 52 14 4 23 4 45 4 38 40 4 34 4 19 4 7 4 95 10 4 34 4 25 4 31 4 27 20 4 55 4 48 4 66 47 4 56 4 5 10 4 29 4 39 4 20 29 4 34 4 32 4 38 6 4 19 4 40 4 56 45 4 59 4 59 4 67 18 16 7 16 42 10 4 41 10 16 24 16 65 25 4 18 4 17 38 4 6 4 9 4 61 53 4 20 4 28 4 29 4 79 52 4 43 4 105 58 4 44 4 50 4 9 4 105 49 4 8 4 36 4 29 52 4 16 4 54 4 87 21 4 18 4 23 4 68 18 4 18 4 52 4 21 10 4 37 4 51 4 25 4 30 11 4 52 4 44 4 48 4 27 29 4 33 4 52 4 40 45 4 41 4 24 4 108 27 4 55 4 16 4 
iteration 50310 best: 1.12027 time: 316976
55 31 4 23 4 33 4 77 32 4 58 4 119 45 4 58 4 34 4 45 46 4 46 4 31 4 54 31 4 41 4 46 4 69 40 4 35 4 24 4 25 4 77 36 4 12 4 42 4 85 37 4 34 4 13 9 4 40 4 16 43 4 7 4 28 4 49 4 92 25 4 11 4 9 60 4 60 4 25 44 4 10 4 28 4 30 4 16 4 90 5 4 22 4 11 4 5 4 1 23 4 40 4 84 56 4 56 4 34 4 47 4 62 8 4 17 4 39 4 91 60 4 57 4 116 54 4 46 4 83 33 20 104 57 4 25 4 47 4 113 24 20 26 15 4 24 4 49 4 107 9 4 55 4 38 4 12 4 18 30 4 41 4 66 53 4 31 4 23 4 37 44 4 9 4 115 9 4 49 4 14 4 47 9 4 34 4 20 4 54 21 4 32 4 33 42 4 27 4 3 57 4 70 7 4 11 4 45 4 19 60 4 55 4 37 51 4 48 4 41 58 4 60 4 15 50 4 55 4 92 39 4 16 4 19 43 4 25 4 41 54 4 29 4 48 28 4 10 4 0 16 4 23 4 28 4 41 30 4 18 4 52 9 4 19 4 45 4 52 14 4 23 4 45 4 38 40 4 34 4 19 4 7 4 95 10 4 34 4 25 4 31 4 27 20 4 55 4 48 4 66 47 4 56 4 5 10 4 29 4 39 4 20 29 4 34 4 32 4 38 6 4 19 4 40 4 56 45 4 59 4 59 4 67 18 16 7 16 42 10 4 41 10 16 24 16 65 25 4 18 4 17 38 4 6 4 9 4 61 53 4 20 4 28 4 29 4 79 52 4 43 4 105 58 4 44 4 50 4 9 4 105 49 4 8 4 36 4 29 52 4 16 4 54 4 87 21 4 18 4 23 4 68 18 4 18 4 52 4 21 10 4 37 4 51 4 25 4 30 11 4 52 4 44 4 48 4 27 29 4 33 4 52 4 40 45 4 41 4 24 4 108 27 4 55 4 16 4 
iteration 51481 best: 1.12027 time: 324182
55 31 4 23 4 33 4 77 32 4 58 4 119 45 4 58 4 34 4 45 46 4 46 4 31 4 54 31 4 41 4 46 4 69 40 4 35 4 24 4 25 4 77 36 4 12 4 42 4 85 37 4 34 4 13 9 4 40 4 16 43 4 7 4 28 4 49 4 92 25 4 11 4 9 60 4 60 4 25 44 4 10 4 28 4 30 4 16 4 90 5 4 22 4 11 4 5 4 1 23 4 40 4 84 56 4 56 4 34 4 47 4 62 8 4 17 4 39 4 91 60 4 57 4 116 54 4 46 4 83 33 20 104 57 4 25 4 47 4 113 24 20 26 15 4 24 4 49 4 107 9 4 55 4 38 4 12 4 18 30 4 41 4 66 53 4 31 4 23 4 37 44 4 9 4 115 9 4 49 4 14 4 47 9 4 34 4 20 4 54 21 4 32 4 33 42 4 27 4 3 57 4 70 7 4 11 4 45 4 19 60 4 55 4 37 51 4 48 4 41 58 4 60 4 15 50 4 55 4 92 39 4 16 4 19 43 4 25 4 41 54 4 29 4 48 28 4 10 4 0 16 4 23 4 28 4 41 30 4 18 4 52 9 4 19 4 45 4 52 14 4 23 4 45 4 38 40 4 34 4 19 4 7 4 95 10 4 34 4 25 4 31 4 27 20 4 55 4 48 4 66 47 4 56 4 5 10 4 29 4 39 4 20 29 4 34 4 32 4 38 6 4 19 4 40 4 56 45 4 59 4 59 4 67 18 16 7 16 42 10 4 41 10 16 24 16 65 25 4 18 4 17 38 4 6 4 9 4 61 53 4 20 4 28 4 29 4 79 52 4 43 4 105 58 4 44 4 50 4 9 4 105 49 4 8 4 36 4 29 52 4 16 4 54 4 87 21 4 18 4 23 4 68 18 4 18 4 52 4 21 10 4 37 4 51 4 25 4 30 11 4 52 4 44 4 48 4 27 29 4 33 4 52 4 40 45 4 41 4 24 4 108 27 4 55 4 16 4 
iteration 52649 best: 1.12027 time: 331386
55 31 4 23 4 33 4 77 32 4 58 4 119 45 4 58 4 34 4 45 46 4 46 4 31 4 54 31 4 41 4 46 4 69 40 4 35 4 24 4 25 4 77 36 4 12 4 42 4 85 37 4 34 4 13 9 4 40 4 16 43 4 7 4 28 4 49 4 92 25 4 11 4 9 60 4 60 4 25 44 4 10 4 28 4 30 4 16 4 90 5 4 22 4 11 4 5 4 1 23 4 40 4 84 56 4 56 4 34 4 47 4 62 8 4 17 4 39 4 91 60 4 57 4 116 54 4 46 4 83 33 20 104 57 4 25 4 47 4 113 24 20 26 15 4 24 4 49 4 107 9 4 55 4 38 4 12 4 18 30 4 41 4 66 53 4 31 4 23 4 37 44 4 9 4 115 9 4 49 4 14 4 47 9 4 34 4 20 4 54 21 4 32 4 33 42 4 27 4 3 57 4 70 7 4 11 4 45 4 19 60 4 55 4 37 51 4 48 4 41 58 4 60 4 15 50 4 55 4 92 39 4 16 4 19 43 4 25 4 41 54 4 29 4 48 28 4 10 4 0 16 4 23 4 28 4 41 30 4 18 4 52 9 4 19 4 45 4 52 14 4 23 4 45 4 38 40 4 34 4 19 4 7 4 95 10 4 34 4 25 4 31 4 27 20 4 55 4 48 4 66 47 4 56 4 5 10 4 29 4 39 4 20 29 4 34 4 32 4 38 6 4 19 4 40 4 56 45 4 59 4 59 4 67 18 16 7 16 42 10 4 41 10 16 24 16 65 25 4 18 4 17 38 4 6 4 9 4 61 53 4 20 4 28 4 29 4 79 52 4 43 4 105 58 4 44 4 50 4 9 4 105 49 4 8 4 36 4 29 52 4 16 4 54 4 87 21 4 18 4 23 4 68 18 4 18 4 52 4 21 10 4 37 4 51 4 25 4 30 11 4 52 4 44 4 48 4 27 29 4 33 4 52 4 40 45 4 41 4 24 4 108 27 4 55 4 16 4 
iteration 53813 best: 1.12027 time: 338587
55 31 4 23 4 33 4 77 32 4 58 4 119 45 4 58 4 34 4 45 46 4 46 4 31 4 54 31 4 41 4 46 4 69 40 4 35 4 24 4 25 4 77 36 4 12 4 42 4 85 37 4 34 4 13 9 4 40 4 16 43 4 7 4 28 4 49 4 92 25 4 11 4 9 60 4 60 4 25 44 4 10 4 28 4 30 4 16 4 90 5 4 22 4 11 4 5 4 1 23 4 40 4 84 56 4 56 4 34 4 47 4 62 8 4 17 4 39 4 91 60 4 57 4 116 54 4 46 4 83 33 20 104 57 4 25 4 47 4 113 24 20 26 15 4 24 4 49 4 107 9 4 55 4 38 4 12 4 18 30 4 41 4 66 53 4 31 4 23 4 37 44 4 9 4 115 9 4 49 4 14 4 47 9 4 34 4 20 4 54 21 4 32 4 33 42 4 27 4 3 57 4 70 7 4 11 4 45 4 19 60 4 55 4 37 51 4 48 4 41 58 4 60 4 15 50 4 55 4 92 39 4 16 4 19 43 4 25 4 41 54 4 29 4 48 28 4 10 4 0 16 4 23 4 28 4 41 30 4 18 4 52 9 4 19 4 45 4 52 14 4 23 4 45 4 38 40 4 34 4 19 4 7 4 95 10 4 34 4 25 4 31 4 27 20 4 55 4 48 4 66 47 4 56 4 5 10 4 29 4 39 4 20 29 4 34 4 32 4 38 6 4 19 4 40 4 56 45 4 59 4 59 4 67 18 16 7 16 42 10 4 41 10 16 24 16 65 25 4 18 4 17 38 4 6 4 9 4 61 53 4 20 4 28 4 29 4 79 52 4 43 4 105 58 4 44 4 50 4 9 4 105 49 4 8 4 36 4 29 52 4 16 4 54 4 87 21 4 18 4 23 4 68 18 4 18 4 52 4 21 10 4 37 4 51 4 25 4 30 11 4 52 4 44 4 48 4 27 29 4 33 4 52 4 40 45 4 41 4 24 4 108 27 4 55 4 16 4 
iteration 54979 best: 1.08909 time: 345789
55 31 4 23 4 33 4 77 32 4 58 4 119 45 4 58 4 34 4 45 46 4 43 4 31 4 54 31 4 41 4 46 4 69 40 4 35 4 24 4 25 4 77 36 4 12 4 42 4 85 37 4 34 4 13 9 4 40 4 16 43 4 7 4 28 4 49 4 92 25 4 11 4 9 60 4 60 4 25 44 4 10 4 28 4 30 4 16 4 90 5 4 22 4 11 4 5 4 1 23 4 40 4 84 56 4 56 4 34 4 47 4 62 8 4 17 4 39 4 91 60 4 57 4 116 54 4 46 4 83 33 20 104 57 4 20 4 47 4 113 24 20 26 15 4 24 4 49 4 107 9 4 55 4 38 4 12 4 18 30 4 41 4 66 53 4 31 4 23 4 37 44 4 9 4 115 9 4 49 4 14 4 47 9 4 34 4 20 4 54 21 4 32 4 33 42 4 27 4 3 57 4 70 7 4 11 4 45 4 19 60 4 56 4 37 51 4 48 4 41 58 4 60 4 15 50 4 55 4 92 39 4 16 4 19 43 4 25 4 41 54 4 29 4 48 28 4 10 4 0 16 4 23 4 28 4 41 30 4 18 4 52 9 4 19 4 45 4 52 14 4 23 4 45 4 38 40 4 34 4 19 4 7 4 95 10 4 34 4 25 4 31 4 27 20 4 55 4 48 4 66 47 4 56 4 5 10 4 29 4 39 4 20 29 4 34 4 32 4 38 6 4 19 4 42 4 56 45 4 59 4 59 4 67 18 16 7 16 42 10 4 41 6 16 24 16 65 25 4 18 4 17 38 4 6 4 9 4 61 53 4 20 4 28 4 29 4 79 52 4 43 4 105 58 4 44 4 50 4 9 4 105 49 4 8 4 36 4 29 52 4 16 4 54 4 87 21 4 18 4 23 4 68 18 4 18 4 52 4 21 17 4 37 4 51 4 25 4 30 11 4 52 4 44 4 48 4 27 29 4 33 4 52 4 40 45 4 41 4 24 4 108 27 4 55 4 16 4 
iteration 56163 best: 1.08499 time: 352993
55 31 4 23 4 33 4 77 32 4 58 4 119 45 4 58 4 34 4 45 46 4 43 4 31 4 54 31 4 41 4 46 4 69 40 4 35 4 24 4 25 4 77 36 4 12 4 42 4 85 37 4 34 4 13 9 4 40 4 16 43 4 7 4 28 4 49 4 92 25 4 11 4 9 60 4 60 4 25 44 4 10 4 28 4 30 4 16 4 90 5 4 22 4 11 4 5 4 1 23 4 40 4 84 56 4 56 4 34 4 47 4 62 8 4 17 4 39 4 91 60 4 59 4 116 54 4 46 4 83 33 20 104 57 4 20 4 47 4 113 24 20 26 15 4 24 4 49 4 107 9 4 55 4 38 4 12 4 18 30 4 41 4 66 53 4 31 4 23 4 37 44 4 9 4 115 9 4 49 4 14 4 47 9 4 34 4 20 4 54 21 4 32 4 33 42 4 27 4 3 57 4 70 7 4 11 4 45 4 19 60 4 56 4 37 51 4 48 4 41 58 4 60 4 15 50 4 55 4 92 39 4 16 4 19 43 4 25 4 41 54 4 29 4 48 28 4 10 4 0 16 4 23 4 28 4 41 30 4 18 4 52 9 4 19 4 45 4 52 14 4 23 4 45 4 38 40 4 34 4 19 4 7 4 95 10 4 34 4 25 4 31 4 27 20 4 55 4 48 4 66 47 4 56 4 5 10 4 29 4 39 4 20 29 4 34 4 32 4 38 6 4 19 4 42 4 56 45 4 59 4 59 4 67 18 16 7 16 42 10 4 41 6 16 24 16 65 25 4 18 4 17 38 4 6 4 9 4 61 53 4 20 4 28 4 29 4 79 52 4 43 4 105 58 4 44 4 50 4 9 4 105 49 4 8 4 36 4 29 47 4 16 4 54 4 87 21 4 18 4 23 4 68 18 4 18 4 52 4 21 17 4 37 4 51 4 25 4 30 11 4 52 4 44 4 41 4 27 29 4 33 4 52 4 40 45 4 41 4 24 4 108 27 4 55 4 16 4 
iteration 57351 best: 1.07482 time: 360195
55 31 4 23 4 33 4 77 32 4 58 4 119 45 4 58 4 34 4 45 46 4 43 4 31 4 54 32 4 41 4 46 4 69 40 4 35 4 24 4 25 4 77 36 4 12 4 42 4 85 37 4 34 4 13 9 4 40 4 16 43 4 7 4 28 4 49 4 92 25 4 11 4 9 60 4 60 4 25 44 4 10 4 28 4 30 4 16 4 90 5 4 22 4 11 4 5 4 1 23 4 40 4 84 56 4 56 4 34 4 47 4 62 8 4 17 4 39 4 91 60 4 59 4 116 54 4 46 4 83 33 20 104 57 4 20 4 47 4 113 24 20 26 15 4 24 4 49 4 107 9 4 55 4 38 4 12 4 18 30 4 41 4 66 53 4 31 4 23 4 37 44 4 9 4 115 15 4 49 4 14 4 47 9 4 34 4 20 4 54 21 4 32 4 33 42 4 27 4 3 57 4 70 7 4 8 4 45 4 19 60 4 56 4 37 51 4 48 4 41 60 4 60 4 15 50 4 55 4 92 39 4 16 4 19 43 4 25 4 41 54 4 29 4 48 28 4 10 4 0 16 4 23 4 28 4 41 30 4 18 4 52 9 4 19 4 45 4 52 14 4 23 4 45 4 38 40 4 34 4 19 4 7 4 95 10 4 34 4 25 4 31 4 27 20 4 55 4 48 4 66 47 4 56 4 5 10 4 29 4 39 4 20 29 4 34 4 32 4 38 6 4 19 4 42 4 56 45 4 59 4 59 4 67 18 16 7 16 42 10 4 41 6 16 24 16 65 25 4 18 4 17 38 4 6 4 9 4 61 53 4 20 4 28 4 29 4 79 52 4 43 4 105 58 4 44 4 50 4 9 4 105 49 4 8 4 36 4 29 47 4 16 4 54 4 87 21 4 18 4 23 4 68 18 4 18 4 52 4 21 17 4 37 4 51 4 25 4 30 11 4 52 4 44 4 41 4 27 29 4 33 4 52 4 40 45 4 41 4 24 4 108 27 4 55 4 16 4 
iteration 58545 best: 1.07482 time: 367396
55 31 4 23 4 33 4 77 32 4 58 4 119 45 4 58 4 34 4 45 46 4 43 4 31 4 54 32 4 41 4 46 4 69 40 4 35 4 24 4 25 4 77 36 4 12 4 42 4 85 37 4 34 4 13 9 4 40 4 16 43 4 7 4 28 4 49 4 92 25 4 11 4 9 60 4 60 4 25 44 4 10 4 28 4 30 4 16 4 90 5 4 22 4 11 4 5 4 1 23 4 40 4 84 56 4 56 4 34 4 47 4 62 8 4 17 4 39 4 91 60 4 59 4 116 54 4 46 4 83 33 20 104 57 4 20 4 47 4 113 24 20 26 15 4 24 4 49 4 107 9 4 55 4 38 4 12 4 18 30 4 41 4 66 53 4 31 4 23 4 37 44 4 9 4 115 15 4 49 4 14 4 47 9 4 34 4 20 4 54 21 4 32 4 33 42 4 27 4 3 57 4 70 7 4 8 4 45 4 19 60 4 56 4 37 51 4 48 4 41 60 4 60 4 15 50 4 55 4 92 39 4 16 4 19 43 4 25 4 41 54 4 29 4 48 28 4 10 4 0 16 4 23 4 28 4 41 30 4 18 4 52 9 4 19 4 45 4 52 14 4 23 4 45 4 38 40 4 34 4 19 4 7 4 95 10 4 34 4 25 4 31 4 27 20 4 55 4 48 4 66 47 4 56 4 5 10 4 29 4 39 4 20 29 4 34 4 32 4 38 6 4 19 4 42 4 56 45 4 59 4 59 4 67 18 16 7 16 42 10 4 41 6 16 24 16 65 25 4 18 4 17 38 4 6 4 9 4 61 53 4 20 4 28 4 29 4 79 52 4 43 4 105 58 4 44 4 50 4 9 4 105 49 4 8 4 36 4 29 47 4 16 4 54 4 87 21 4 18 4 23 4 68 18 4 18 4 52 4 21 17 4 37 4 51 4 25 4 30 11 4 52 4 44 4 41 4 27 29 4 33 4 52 4 40 45 4 41 4 24 4 108 27 4 55 4 16 4 
iteration 59735 best: 1.07482 time: 374601
55 31 4 23 4 33 4 77 32 4 58 4 119 45 4 58 4 34 4 45 46 4 43 4 31 4 54 32 4 41 4 46 4 69 40 4 35 4 24 4 25 4 77 36 4 12 4 42 4 85 37 4 34 4 13 9 4 40 4 16 43 4 7 4 28 4 49 4 92 25 4 11 4 9 60 4 60 4 25 44 4 10 4 28 4 30 4 16 4 90 5 4 22 4 11 4 5 4 1 23 4 40 4 84 56 4 56 4 34 4 47 4 62 8 4 17 4 39 4 91 60 4 59 4 116 54 4 46 4 83 33 20 104 57 4 20 4 47 4 113 24 20 26 15 4 24 4 49 4 107 9 4 55 4 38 4 12 4 18 30 4 41 4 66 53 4 31 4 23 4 37 44 4 9 4 115 15 4 49 4 14 4 47 9 4 34 4 20 4 54 21 4 32 4 33 42 4 27 4 3 57 4 70 7 4 8 4 45 4 19 60 4 56 4 37 51 4 48 4 41 60 4 60 4 15 50 4 55 4 92 39 4 16 4 19 43 4 25 4 41 54 4 29 4 48 28 4 10 4 0 16 4 23 4 28 4 41 30 4 18 4 52 9 4 19 4 45 4 52 14 4 23 4 45 4 38 40 4 34 4 19 4 7 4 95 10 4 34 4 25 4 31 4 27 20 4 55 4 48 4 66 47 4 56 4 5 10 4 29 4 39 4 20 29 4 34 4 32 4 38 6 4 19 4 42 4 56 45 4 59 4 59 4 67 18 16 7 16 42 10 4 41 6 16 24 16 65 25 4 18 4 17 38 4 6 4 9 4 61 53 4 20 4 28 4 29 4 79 52 4 43 4 105 58 4 44 4 50 4 9 4 105 49 4 8 4 36 4 29 47 4 16 4 54 4 87 21 4 18 4 23 4 68 18 4 18 4 52 4 21 17 4 37 4 51 4 25 4 30 11 4 52 4 44 4 41 4 27 29 4 33 4 52 4 40 45 4 41 4 24 4 108 27 4 55 4 16 4 
iteration 60935 best: 1.05626 time: 381802
55 31 4 23 4 33 4 77 32 4 58 4 119 45 4 58 4 34 4 45 46 4 43 4 31 4 54 32 4 41 4 46 4 69 40 4 35 4 24 4 25 4 77 36 4 12 4 42 4 85 37 4 34 4 13 9 4 40 4 16 43 4 7 4 28 4 49 4 92 25 4 11 4 9 60 4 60 4 25 44 4 10 4 28 4 30 4 16 4 90 5 4 22 4 11 4 5 4 1 23 4 40 4 84 56 4 56 4 34 4 47 4 62 8 4 17 4 39 4 91 60 4 59 4 116 54 4 46 4 83 33 20 104 57 4 20 4 43 4 114 24 20 26 15 4 24 4 49 4 107 9 4 55 4 38 4 12 4 18 30 4 41 4 66 53 4 31 4 23 4 37 44 4 11 4 115 15 4 49 4 14 4 47 9 4 34 4 20 4 54 21 4 27 4 33 42 4 27 4 3 57 4 70 7 4 8 4 45 4 19 60 4 56 4 37 51 4 48 4 41 60 4 60 4 15 50 4 55 4 92 37 4 26 4 19 43 4 25 4 41 54 4 29 4 48 28 4 10 4 0 16 4 23 4 28 4 41 30 4 18 4 52 9 4 19 4 45 4 52 14 4 23 4 45 4 38 40 4 34 4 19 4 7 4 95 10 4 34 4 25 4 31 4 27 20 4 55 4 48 4 66 47 4 56 4 5 10 4 29 4 39 4 20 29 4 34 4 32 4 38 6 4 19 4 42 4 56 45 4 59 4 59 4 67 18 16 7 16 42 10 4 41 6 16 24 16 65 25 4 18 4 17 38 4 6 4 9 4 61 53 4 20 4 28 4 31 4 79 52 4 43 4 105 58 4 44 4 50 4 9 4 105 49 4 8 4 36 4 29 47 4 16 4 54 4 87 21 4 18 4 23 4 68 18 4 18 4 52 4 21 17 4 37 4 51 4 25 4 30 11 4 52 4 44 4 41 4 27 29 4 33 4 52 4 40 45 4 41 4 24 4 108 27 4 55 4 16 4 
iteration 62141 best: 1.04076 time: 389008
57 31 4 23 4 33 4 77 32 4 58 4 119 45 4 58 4 34 4 45 46 4 43 4 31 4 54 32 4 41 4 46 4 69 40 4 35 4 24 4 25 4 77 36 4 12 4 42 4 85 37 4 34 4 13 9 4 40 4 16 43 4 7 4 28 4 49 4 92 25 4 11 4 9 60 4 60 4 25 44 4 10 4 28 4 30 4 16 4 90 5 4 22 4 11 4 5 4 1 23 4 40 4 84 56 4 56 4 34 4 47 4 62 8 4 17 4 39 4 91 60 4 59 4 116 54 4 46 4 83 33 20 104 57 4 20 4 43 4 114 24 20 26 15 4 24 4 49 4 106 9 4 55 4 38 4 12 4 18 30 4 41 4 66 53 4 31 4 23 4 37 44 4 11 4 115 15 4 49 4 14 4 47 9 4 34 4 20 4 54 21 4 27 4 33 42 4 27 4 3 57 4 70 7 4 8 4 45 4 19 60 4 56 4 37 51 4 48 4 41 60 4 60 4 15 50 4 55 4 92 32 4 26 4 19 43 4 25 4 41 54 4 29 4 48 28 4 10 4 0 16 4 23 4 28 4 41 30 4 18 4 52 9 4 19 4 45 4 52 14 4 23 4 45 4 38 40 4 34 4 19 4 7 4 95 10 4 34 4 25 4 31 4 27 20 4 55 4 48 4 66 47 4 56 4 5 10 4 29 4 39 4 20 29 4 34 4 32 4 38 6 4 19 4 42 4 56 45 4 59 4 59 4 67 18 16 7 16 42 10 4 41 6 16 24 16 65 25 4 18 4 17 38 4 6 4 9 4 61 53 4 20 4 28 4 31 4 78 52 4 44 4 105 58 4 44 4 50 4 9 4 105 49 4 8 4 36 4 29 47 4 16 4 54 4 87 21 4 18 4 23 4 68 18 4 18 4 52 4 21 17 4 37 4 51 4 25 4 30 11 4 52 4 44 4 41 4 27 29 4 33 4 52 4 40 45 4 41 4 24 4 108 27 4 56 4 16 4 
iteration 63359 best: 1.04076 time: 396209
57 31 4 23 4 33 4 77 32 4 58 4 119 45 4 58 4 34 4 45 46 4 43 4 31 4 54 32 4 41 4 46 4 69 40 4 35 4 24 4 25 4 77 36 4 12 4 42 4 85 37 4 34 4 13 9 4 40 4 16 43 4 7 4 28 4 49 4 92 25 4 11 4 9 60 4 60 4 25 44 4 10 4 28 4 30 4 16 4 90 5 4 22 4 11 4 5 4 1 23 4 40 4 84 56 4 56 4 34 4 47 4 62 8 4 17 4 39 4 91 60 4 59 4 116 54 4 46 4 83 33 20 104 57 4 20 4 43 4 114 24 20 26 15 4 24 4 49 4 106 9 4 55 4 38 4 12 4 18 30 4 41 4 66 53 4 31 4 23 4 37 44 4 11 4 115 15 4 49 4 14 4 47 9 4 34 4 20 4 54 21 4 27 4 33 42 4 27 4 3 57 4 70 7 4 8 4 45 4 19 60 4 56 4 37 51 4 48 4 41 60 4 60 4 15 50 4 55 4 92 32 4 26 4 19 43 4 25 4 41 54 4 29 4 48 28 4 10 4 0 16 4 23 4 28 4 41 30 4 18 4 52 9 4 19 4 45 4 52 14 4 23 4 45 4 38 40 4 34 4 19 4 7 4 95 10 4 34 4 25 4 31 4 27 20 4 55 4 48 4 66 47 4 56 4 5 10 4 29 4 39 4 20 29 4 34 4 32 4 38 6 4 19 4 42 4 56 45 4 59 4 59 4 67 18 16 7 16 42 10 4 41 6 16 24 16 65 25 4 18 4 17 38 4 6 4 9 4 61 53 4 20 4 28 4 31 4 78 52 4 44 4 105 58 4 44 4 50 4 9 4 105 49 4 8 4 36 4 29 47 4 16 4 54 4 87 21 4 18 4 23 4 68 18 4 18 4 52 4 21 17 4 37 4 51 4 25 4 30 11 4 52 4 44 4 41 4 27 29 4 33 4 52 4 40 45 4 41 4 24 4 108 27 4 56 4 16 4 
iteration 64575 best: 1.03489 time: 403412
54 31 4 23 4 33 4 77 32 4 58 4 119 45 4 58 4 34 4 45 46 4 43 4 31 4 54 32 4 41 4 46 4 69 40 4 35 4 24 4 25 4 77 36 4 12 4 42 4 85 37 4 34 4 7 9 4 40 4 16 43 4 7 4 28 4 49 4 92 25 4 11 4 9 60 4 60 4 25 44 4 10 4 28 4 30 4 16 4 90 5 4 22 4 11 4 5 4 1 23 4 40 4 84 56 4 56 4 34 4 47 4 62 8 4 17 4 39 4 91 60 4 59 4 116 54 4 46 4 83 37 20 104 57 4 20 4 43 4 114 24 20 26 15 4 24 4 49 4 106 9 4 55 4 38 4 12 4 18 30 4 41 4 66 53 4 31 4 23 4 37 44 4 11 4 115 15 4 49 4 14 4 47 9 4 34 4 20 4 54 21 4 27 4 33 42 4 27 4 3 57 4 70 7 4 8 4 45 4 19 60 4 56 4 37 51 4 48 4 41 60 4 60 4 15 50 4 55 4 92 32 4 26 4 19 43 4 25 4 41 54 4 29 4 48 28 4 10 4 0 16 4 23 4 28 4 41 30 4 18 4 52 9 4 19 4 45 4 52 14 4 23 4 45 4 38 40 4 34 4 19 4 7 4 95 10 4 34 4 25 4 31 4 27 20 4 55 4 48 4 66 47 4 56 4 5 10 4 29 4 39 4 20 29 4 34 4 32 4 38 6 4 19 4 42 4 56 45 4 59 4 59 4 67 18 16 7 16 42 10 4 41 6 16 24 16 65 25 4 18 4 17 38 4 6 4 9 4 61 53 4 20 4 28 4 31 4 78 52 4 44 4 105 58 4 44 4 50 4 9 4 105 49 4 8 4 36 4 29 47 4 16 4 54 4 87 21 4 18 4 23 4 68 18 4 18 4 52 4 21 17 4 37 4 51 4 25 4 30 11 4 52 4 44 4 41 4 27 29 4 33 4 52 4 40 45 4 41 4 24 4 108 27 4 56 4 16 4 
iteration 65794 best: 1.0331 time: 410613
54 31 4 23 4 33 4 77 32 4 58 4 119 45 4 58 4 34 4 45 46 4 43 4 31 4 54 32 4 41 4 46 4 69 40 4 35 4 24 4 25 4 77 36 4 12 4 42 4 85 37 4 34 4 7 9 4 40 4 16 43 4 7 4 28 4 49 4 92 25 4 11 4 9 60 4 60 4 25 44 4 10 4 28 4 30 4 16 4 90 5 4 22 4 11 4 5 4 1 23 4 40 4 84 56 4 56 4 34 4 47 4 62 8 4 17 4 39 4 91 60 4 59 4 116 54 4 46 4 83 37 20 104 57 4 20 4 43 4 114 24 20 26 15 4 24 4 49 4 106 9 4 55 4 38 4 12 4 18 30 4 41 4 66 53 4 31 4 23 4 37 44 4 11 4 115 15 4 49 4 14 4 47 9 4 34 4 20 4 54 21 4 27 4 33 42 4 27 4 3 57 4 70 7 4 8 4 45 4 19 60 4 56 4 37 51 4 48 4 41 60 4 60 4 15 50 4 55 4 92 32 4 26 4 19 43 4 25 4 41 54 4 29 4 48 28 4 10 4 0 16 4 23 4 28 4 41 30 4 18 4 52 9 4 19 4 45 4 52 14 4 18 4 45 4 38 40 4 34 4 19 4 7 4 95 10 4 34 4 25 4 31 4 27 20 4 55 4 48 4 66 47 4 56 4 5 10 4 29 4 39 4 20 29 4 34 4 32 4 38 6 4 19 4 42 4 56 45 4 59 4 59 4 67 18 16 7 16 42 10 4 41 6 16 24 16 65 25 4 18 4 17 38 4 6 4 9 4 61 53 4 20 4 28 4 31 4 78 52 4 48 4 105 58 4 44 4 50 4 9 4 105 49 4 8 4 36 4 29 47 4 16 4 54 4 87 21 4 18 4 23 4 68 18 4 18 4 52 4 21 17 4 37 4 51 4 25 4 30 11 4 52 4 44 4 41 4 27 29 4 33 4 52 4 40 45 4 41 4 24 4 108 27 4 56 4 16 4 
iteration 67013 best: 1.02668 time: 417819
54 31 4 23 4 33 4 77 32 4 58 4 119 45 4 58 4 34 4 45 46 4 43 4 31 4 54 32 4 41 4 46 4 69 40 4 35 4 24 4 25 4 77 36 4 12 4 42 4 85 37 4 34 4 7 9 4 40 4 16 43 4 7 4 28 4 49 4 92 25 4 11 4 9 60 4 60 4 25 44 4 10 4 28 4 30 4 16 4 90 5 4 22 4 11 4 5 4 1 23 4 40 4 84 56 4 56 4 34 4 47 4 62 8 4 17 4 39 4 91 60 4 59 4 116 54 4 46 4 83 37 20 104 57 4 20 4 43 4 114 24 20 26 15 4 24 4 49 4 106 9 4 55 4 38 4 12 4 18 30 4 41 4 66 53 4 31 4 23 4 37 44 4 11 4 115 15 4 49 4 14 4 47 9 4 34 4 20 4 54 21 4 27 4 33 42 4 27 4 3 57 4 70 7 4 8 4 45 4 19 60 4 56 4 37 51 4 48 4 41 60 4 60 4 15 50 4 55 4 92 32 4 26 4 19 43 4 25 4 41 54 4 29 4 48 28 4 10 4 0 16 4 23 4 28 4 41 30 4 18 4 52 9 4 19 4 45 4 52 14 4 18 4 45 4 38 40 4 34 4 19 4 7 4 95 10 4 34 4 25 4 31 4 27 20 4 55 4 48 4 66 47 4 56 4 5 10 4 29 4 39 4 20 29 4 34 4 32 4 38 6 4 19 4 42 4 56 45 4 59 4 59 4 67 18 16 7 16 42 10 4 41 6 16 24 16 65 25 4 18 4 17 38 4 6 4 9 4 61 53 4 20 4 28 4 31 4 74 52 4 48 4 105 58 4 44 4 50 4 9 4 105 49 4 8 4 36 4 29 47 4 16 4 54 4 87 21 4 18 4 23 4 68 18 4 18 4 52 4 21 17 4 37 4 51 4 25 4 30 11 4 52 4 44 4 41 4 27 29 4 33 4 52 4 40 45 4 41 4 24 4 108 27 4 56 4 16 4 
iteration 68227 best: 1.02668 time: 425024
54 31 4 23 4 33 4 77 32 4 58 4 119 45 4 58 4 34 4 45 46 4 43 4 31 4 54 32 4 41 4 46 4 69 40 4 35 4 24 4 25 4 77 36 4 12 4 42 4 85 37 4 34 4 7 9 4 40 4 16 43 4 7 4 28 4 49 4 92 25 4 11 4 9 60 4 60 4 25 44 4 10 4 28 4 30 4 16 4 90 5 4 22 4 11 4 5 4 1 23 4 40 4 84 56 4 56 4 34 4 47 4 62 8 4 17 4 39 4 91 60 4 59 4 116 54 4 46 4 83 37 20 104 57 4 20 4 43 4 114 24 20 26 15 4 24 4 49 4 106 9 4 55 4 38 4 12 4 18 30 4 41 4 66 53 4 31 4 23 4 37 44 4 11 4 115 15 4 49 4 14 4 47 9 4 34 4 20 4 54 21 4 27 4 33 42 4 27 4 3 57 4 70 7 4 8 4 45 4 19 60 4 56 4 37 51 4 48 4 41 60 4 60 4 15 50 4 55 4 92 32 4 26 4 19 43 4 25 4 41 54 4 29 4 48 28 4 10 4 0 16 4 23 4 28 4 41 30 4 18 4 52 9 4 19 4 45 4 52 14 4 18 4 45 4 38 40 4 34 4 19 4 7 4 95 10 4 34 4 25 4 31 4 27 20 4 55 4 48 4 66 47 4 56 4 5 10 4 29 4 39 4 20 29 4 34 4 32 4 38 6 4 19 4 42 4 56 45 4 59 4 59 4 67 18 16 7 16 42 10 4 41 6 16 24 16 65 25 4 18 4 17 38 4 6 4 9 4 61 53 4 20 4 28 4 31 4 74 52 4 48 4 105 58 4 44 4 50 4 9 4 105 49 4 8 4 36 4 29 47 4 16 4 54 4 87 21 4 18 4 23 4 68 18 4 18 4 52 4 21 17 4 37 4 51 4 25 4 30 11 4 52 4 44 4 41 4 27 29 4 33 4 52 4 40 45 4 41 4 24 4 108 27 4 56 4 16 4 
iteration 69439 best: 1.02668 time: 432227
54 31 4 23 4 33 4 77 32 4 58 4 119 45 4 58 4 34 4 45 46 4 43 4 31 4 54 32 4 41 4 46 4 69 40 4 35 4 24 4 25 4 77 36 4 12 4 42 4 85 37 4 34 4 7 9 4 40 4 16 43 4 7 4 28 4 49 4 92 25 4 11 4 9 60 4 60 4 25 44 4 10 4 28 4 30 4 16 4 90 5 4 22 4 11 4 5 4 1 23 4 40 4 84 56 4 56 4 34 4 47 4 62 8 4 17 4 39 4 91 60 4 59 4 116 54 4 46 4 83 37 20 104 57 4 20 4 43 4 114 24 20 26 15 4 24 4 49 4 106 9 4 55 4 38 4 12 4 18 30 4 41 4 66 53 4 31 4 23 4 37 44 4 11 4 115 15 4 49 4 14 4 47 9 4 34 4 20 4 54 21 4 27 4 33 42 4 27 4 3 57 4 70 7 4 8 4 45 4 19 60 4 56 4 37 51 4 48 4 41 60 4 60 4 15 50 4 55 4 92 32 4 26 4 19 43 4 25 4 41 54 4 29 4 48 28 4 10 4 0 16 4 23 4 28 4 41 30 4 18 4 52 9 4 19 4 45 4 52 14 4 18 4 45 4 38 40 4 34 4 19 4 7 4 95 10 4 34 4 25 4 31 4 27 20 4 55 4 48 4 66 47 4 56 4 5 10 4 29 4 39 4 20 29 4 34 4 32 4 38 6 4 19 4 42 4 56 45 4 59 4 59 4 67 18 16 7 16 42 10 4 41 6 16 24 16 65 25 4 18 4 17 38 4 6 4 9 4 61 53 4 20 4 28 4 31 4 74 52 4 48 4 105 58 4 44 4 50 4 9 4 105 49 4 8 4 36 4 29 47 4 16 4 54 4 87 21 4 18 4 23 4 68 18 4 18 4 52 4 21 17 4 37 4 51 4 25 4 30 11 4 52 4 44 4 41 4 27 29 4 33 4 52 4 40 45 4 41 4 24 4 108 27 4 56 4 16 4 
iteration 70651 best: 1.02668 time: 439433
54 31 4 23 4 33 4 77 32 4 58 4 119 45 4 58 4 34 4 45 46 4 43 4 31 4 54 32 4 41 4 46 4 69 40 4 35 4 24 4 25 4 77 36 4 12 4 42 4 85 37 4 34 4 7 9 4 40 4 16 43 4 7 4 28 4 49 4 92 25 4 11 4 9 60 4 60 4 25 44 4 10 4 28 4 30 4 16 4 90 5 4 22 4 11 4 5 4 1 23 4 40 4 84 56 4 56 4 34 4 47 4 62 8 4 17 4 39 4 91 60 4 59 4 116 54 4 46 4 83 37 20 104 57 4 20 4 43 4 114 24 20 26 15 4 24 4 49 4 106 9 4 55 4 38 4 12 4 18 30 4 41 4 66 53 4 31 4 23 4 37 44 4 11 4 115 15 4 49 4 14 4 47 9 4 34 4 20 4 54 21 4 27 4 33 42 4 27 4 3 57 4 70 7 4 8 4 45 4 19 60 4 56 4 37 51 4 48 4 41 60 4 60 4 15 50 4 55 4 92 32 4 26 4 19 43 4 25 4 41 54 4 29 4 48 28 4 10 4 0 16 4 23 4 28 4 41 30 4 18 4 52 9 4 19 4 45 4 52 14 4 18 4 45 4 38 40 4 34 4 19 4 7 4 95 10 4 34 4 25 4 31 4 27 20 4 55 4 48 4 66 47 4 56 4 5 10 4 29 4 39 4 20 29 4 34 4 32 4 38 6 4 19 4 42 4 56 45 4 59 4 59 4 67 18 16 7 16 42 10 4 41 6 16 24 16 65 25 4 18 4 17 38 4 6 4 9 4 61 53 4 20 4 28 4 31 4 74 52 4 48 4 105 58 4 44 4 50 4 9 4 105 49 4 8 4 36 4 29 47 4 16 4 54 4 87 21 4 18 4 23 4 68 18 4 18 4 52 4 21 17 4 37 4 51 4 25 4 30 11 4 52 4 44 4 41 4 27 29 4 33 4 52 4 40 45 4 41 4 24 4 108 27 4 56 4 16 4 
iteration 71862 best: 1.02668 time: 446637
54 31 4 23 4 33 4 77 32 4 58 4 119 45 4 58 4 34 4 45 46 4 43 4 31 4 54 32 4 41 4 46 4 69 40 4 35 4 24 4 25 4 77 36 4 12 4 42 4 85 37 4 34 4 7 9 4 40 4 16 43 4 7 4 28 4 49 4 92 25 4 11 4 9 60 4 60 4 25 44 4 10 4 28 4 30 4 16 4 90 5 4 22 4 11 4 5 4 1 23 4 40 4 84 56 4 56 4 34 4 47 4 62 8 4 17 4 39 4 91 60 4 59 4 116 54 4 46 4 83 37 20 104 57 4 20 4 43 4 114 24 20 26 15 4 24 4 49 4 106 9 4 55 4 38 4 12 4 18 30 4 41 4 66 53 4 31 4 23 4 37 44 4 11 4 115 15 4 49 4 14 4 47 9 4 34 4 20 4 54 21 4 27 4 33 42 4 27 4 3 57 4 70 7 4 8 4 45 4 19 60 4 56 4 37 51 4 48 4 41 60 4 60 4 15 50 4 55 4 92 32 4 26 4 19 43 4 25 4 41 54 4 29 4 48 28 4 10 4 0 16 4 23 4 28 4 41 30 4 18 4 52 9 4 19 4 45 4 52 14 4 18 4 45 4 38 40 4 34 4 19 4 7 4 95 10 4 34 4 25 4 31 4 27 20 4 55 4 48 4 66 47 4 56 4 5 10 4 29 4 39 4 20 29 4 34 4 32 4 38 6 4 19 4 42 4 56 45 4 59 4 59 4 67 18 16 7 16 42 10 4 41 6 16 24 16 65 25 4 18 4 17 38 4 6 4 9 4 61 53 4 20 4 28 4 31 4 74 52 4 48 4 105 58 4 44 4 50 4 9 4 105 49 4 8 4 36 4 29 47 4 16 4 54 4 87 21 4 18 4 23 4 68 18 4 18 4 52 4 21 17 4 37 4 51 4 25 4 30 11 4 52 4 44 4 41 4 27 29 4 33 4 52 4 40 45 4 41 4 24 4 108 27 4 56 4 16 4 
iteration 73076 best: 1.02668 time: 453841
54 31 4 23 4 33 4 77 32 4 58 4 119 45 4 58 4 34 4 45 46 4 43 4 31 4 54 32 4 41 4 46 4 69 40 4 35 4 24 4 25 4 77 36 4 12 4 42 4 85 37 4 34 4 7 9 4 40 4 16 43 4 7 4 28 4 49 4 92 25 4 11 4 9 60 4 60 4 25 44 4 10 4 28 4 30 4 16 4 90 5 4 22 4 11 4 5 4 1 23 4 40 4 84 56 4 56 4 34 4 47 4 62 8 4 17 4 39 4 91 60 4 59 4 116 54 4 46 4 83 37 20 104 57 4 20 4 43 4 114 24 20 26 15 4 24 4 49 4 106 9 4 55 4 38 4 12 4 18 30 4 41 4 66 53 4 31 4 23 4 37 44 4 11 4 115 15 4 49 4 14 4 47 9 4 34 4 20 4 54 21 4 27 4 33 42 4 27 4 3 57 4 70 7 4 8 4 45 4 19 60 4 56 4 37 51 4 48 4 41 60 4 60 4 15 50 4 55 4 92 32 4 26 4 19 43 4 25 4 41 54 4 29 4 48 28 4 10 4 0 16 4 23 4 28 4 41 30 4 18 4 52 9 4 19 4 45 4 52 14 4 18 4 45 4 38 40 4 34 4 19 4 7 4 95 10 4 34 4 25 4 31 4 27 20 4 55 4 48 4 66 47 4 56 4 5 10 4 29 4 39 4 20 29 4 34 4 32 4 38 6 4 19 4 42 4 56 45 4 59 4 59 4 67 18 16 7 16 42 10 4 41 6 16 24 16 65 25 4 18 4 17 38 4 6 4 9 4 61 53 4 20 4 28 4 31 4 74 52 4 48 4 105 58 4 44 4 50 4 9 4 105 49 4 8 4 36 4 29 47 4 16 4 54 4 87 21 4 18 4 23 4 68 18 4 18 4 52 4 21 17 4 37 4 51 4 25 4 30 11 4 52 4 44 4 41 4 27 29 4 33 4 52 4 40 45 4 41 4 24 4 108 27 4 56 4 16 4 
iteration 74286 best: 1.02668 time: 461047
54 31 4 23 4 33 4 77 32 4 58 4 119 45 4 58 4 34 4 45 46 4 43 4 31 4 54 32 4 41 4 46 4 69 40 4 35 4 24 4 25 4 77 36 4 12 4 42 4 85 37 4 34 4 7 9 4 40 4 16 43 4 7 4 28 4 49 4 92 25 4 11 4 9 60 4 60 4 25 44 4 10 4 28 4 30 4 16 4 90 5 4 22 4 11 4 5 4 1 23 4 40 4 84 56 4 56 4 34 4 47 4 62 8 4 17 4 39 4 91 60 4 59 4 116 54 4 46 4 83 37 20 104 57 4 20 4 43 4 114 24 20 26 15 4 24 4 49 4 106 9 4 55 4 38 4 12 4 18 30 4 41 4 66 53 4 31 4 23 4 37 44 4 11 4 115 15 4 49 4 14 4 47 9 4 34 4 20 4 54 21 4 27 4 33 42 4 27 4 3 57 4 70 7 4 8 4 45 4 19 60 4 56 4 37 51 4 48 4 41 60 4 60 4 15 50 4 55 4 92 32 4 26 4 19 43 4 25 4 41 54 4 29 4 48 28 4 10 4 0 16 4 23 4 28 4 41 30 4 18 4 52 9 4 19 4 45 4 52 14 4 18 4 45 4 38 40 4 34 4 19 4 7 4 95 10 4 34 4 25 4 31 4 27 20 4 55 4 48 4 66 47 4 56 4 5 10 4 29 4 39 4 20 29 4 34 4 32 4 38 6 4 19 4 42 4 56 45 4 59 4 59 4 67 18 16 7 16 42 10 4 41 6 16 24 16 65 25 4 18 4 17 38 4 6 4 9 4 61 53 4 20 4 28 4 31 4 74 52 4 48 4 105 58 4 44 4 50 4 9 4 105 49 4 8 4 36 4 29 47 4 16 4 54 4 87 21 4 18 4 23 4 68 18 4 18 4 52 4 21 17 4 37 4 51 4 25 4 30 11 4 52 4 44 4 41 4 27 29 4 33 4 52 4 40 45 4 41 4 24 4 108 27 4 56 4 16 4 
iteration 75495 best: 1.02668 time: 468253
54 31 4 23 4 33 4 77 32 4 58 4 119 45 4 58 4 34 4 45 46 4 43 4 31 4 54 32 4 41 4 46 4 69 40 4 35 4 24 4 25 4 77 36 4 12 4 42 4 85 37 4 34 4 7 9 4 40 4 16 43 4 7 4 28 4 49 4 92 25 4 11 4 9 60 4 60 4 25 44 4 10 4 28 4 30 4 16 4 90 5 4 22 4 11 4 5 4 1 23 4 40 4 84 56 4 56 4 34 4 47 4 62 8 4 17 4 39 4 91 60 4 59 4 116 54 4 46 4 83 37 20 104 57 4 20 4 43 4 114 24 20 26 15 4 24 4 49 4 106 9 4 55 4 38 4 12 4 18 30 4 41 4 66 53 4 31 4 23 4 37 44 4 11 4 115 15 4 49 4 14 4 47 9 4 34 4 20 4 54 21 4 27 4 33 42 4 27 4 3 57 4 70 7 4 8 4 45 4 19 60 4 56 4 37 51 4 48 4 41 60 4 60 4 15 50 4 55 4 92 32 4 26 4 19 43 4 25 4 41 54 4 29 4 48 28 4 10 4 0 16 4 23 4 28 4 41 30 4 18 4 52 9 4 19 4 45 4 52 14 4 18 4 45 4 38 40 4 34 4 19 4 7 4 95 10 4 34 4 25 4 31 4 27 20 4 55 4 48 4 66 47 4 56 4 5 10 4 29 4 39 4 20 29 4 34 4 32 4 38 6 4 19 4 42 4 56 45 4 59 4 59 4 67 18 16 7 16 42 10 4 41 6 16 24 16 65 25 4 18 4 17 38 4 6 4 9 4 61 53 4 20 4 28 4 31 4 74 52 4 48 4 105 58 4 44 4 50 4 9 4 105 49 4 8 4 36 4 29 47 4 16 4 54 4 87 21 4 18 4 23 4 68 18 4 18 4 52 4 21 17 4 37 4 51 4 25 4 30 11 4 52 4 44 4 41 4 27 29 4 33 4 52 4 40 45 4 41 4 24 4 108 27 4 56 4 16 4 
iteration 76703 best: 1.02668 time: 475455
54 31 4 23 4 33 4 77 32 4 58 4 119 45 4 58 4 34 4 45 46 4 43 4 31 4 54 32 4 41 4 46 4 69 40 4 35 4 24 4 25 4 77 36 4 12 4 42 4 85 37 4 34 4 7 9 4 40 4 16 43 4 7 4 28 4 49 4 92 25 4 11 4 9 60 4 60 4 25 44 4 10 4 28 4 30 4 16 4 90 5 4 22 4 11 4 5 4 1 23 4 40 4 84 56 4 56 4 34 4 47 4 62 8 4 17 4 39 4 91 60 4 59 4 116 54 4 46 4 83 37 20 104 57 4 20 4 43 4 114 24 20 26 15 4 24 4 49 4 106 9 4 55 4 38 4 12 4 18 30 4 41 4 66 53 4 31 4 23 4 37 44 4 11 4 115 15 4 49 4 14 4 47 9 4 34 4 20 4 54 21 4 27 4 33 42 4 27 4 3 57 4 70 7 4 8 4 45 4 19 60 4 56 4 37 51 4 48 4 41 60 4 60 4 15 50 4 55 4 92 32 4 26 4 19 43 4 25 4 41 54 4 29 4 48 28 4 10 4 0 16 4 23 4 28 4 41 30 4 18 4 52 9 4 19 4 45 4 52 14 4 18 4 45 4 38 40 4 34 4 19 4 7 4 95 10 4 34 4 25 4 31 4 27 20 4 55 4 48 4 66 47 4 56 4 5 10 4 29 4 39 4 20 29 4 34 4 32 4 38 6 4 19 4 42 4 56 45 4 59 4 59 4 67 18 16 7 16 42 10 4 41 6 16 24 16 65 25 4 18 4 17 38 4 6 4 9 4 61 53 4 20 4 28 4 31 4 74 52 4 48 4 105 58 4 44 4 50 4 9 4 105 49 4 8 4 36 4 29 47 4 16 4 54 4 87 21 4 18 4 23 4 68 18 4 18 4 52 4 21 17 4 37 4 51 4 25 4 30 11 4 52 4 44 4 41 4 27 29 4 33 4 52 4 40 45 4 41 4 24 4 108 27 4 56 4 16 4 
iteration 77910 best: 1.02668 time: 482658
54 31 4 23 4 33 4 77 32 4 58 4 119 45 4 58 4 34 4 45 46 4 43 4 31 4 54 32 4 41 4 46 4 69 40 4 35 4 24 4 25 4 77 36 4 12 4 42 4 85 37 4 34 4 7 9 4 40 4 16 43 4 7 4 28 4 49 4 92 25 4 11 4 9 60 4 60 4 25 44 4 10 4 28 4 30 4 16 4 90 5 4 22 4 11 4 5 4 1 23 4 40 4 84 56 4 56 4 34 4 47 4 62 8 4 17 4 39 4 91 60 4 59 4 116 54 4 46 4 83 37 20 104 57 4 20 4 43 4 114 24 20 26 15 4 24 4 49 4 106 9 4 55 4 38 4 12 4 18 30 4 41 4 66 53 4 31 4 23 4 37 44 4 11 4 115 15 4 49 4 14 4 47 9 4 34 4 20 4 54 21 4 27 4 33 42 4 27 4 3 57 4 70 7 4 8 4 45 4 19 60 4 56 4 37 51 4 48 4 41 60 4 60 4 15 50 4 55 4 92 32 4 26 4 19 43 4 25 4 41 54 4 29 4 48 28 4 10 4 0 16 4 23 4 28 4 41 30 4 18 4 52 9 4 19 4 45 4 52 14 4 18 4 45 4 38 40 4 34 4 19 4 7 4 95 10 4 34 4 25 4 31 4 27 20 4 55 4 48 4 66 47 4 56 4 5 10 4 29 4 39 4 20 29 4 34 4 32 4 38 6 4 19 4 42 4 56 45 4 59 4 59 4 67 18 16 7 16 42 10 4 41 6 16 24 16 65 25 4 18 4 17 38 4 6 4 9 4 61 53 4 20 4 28 4 31 4 74 52 4 48 4 105 58 4 44 4 50 4 9 4 105 49 4 8 4 36 4 29 47 4 16 4 54 4 87 21 4 18 4 23 4 68 18 4 18 4 52 4 21 17 4 37 4 51 4 25 4 30 11 4 52 4 44 4 41 4 27 29 4 33 4 52 4 40 45 4 41 4 24 4 108 27 4 56 4 16 4 
iteration 79119 best: 1.02668 time: 489864
54 31 4 23 4 33 4 77 32 4 58 4 119 45 4 58 4 34 4 45 46 4 43 4 31 4 54 32 4 41 4 46 4 69 40 4 35 4 24 4 25 4 77 36 4 12 4 42 4 85 37 4 34 4 7 9 4 40 4 16 43 4 7 4 28 4 49 4 92 25 4 11 4 9 60 4 60 4 25 44 4 10 4 28 4 30 4 16 4 90 5 4 22 4 11 4 5 4 1 23 4 40 4 84 56 4 56 4 34 4 47 4 62 8 4 17 4 39 4 91 60 4 59 4 116 54 4 46 4 83 37 20 104 57 4 20 4 43 4 114 24 20 26 15 4 24 4 49 4 106 9 4 55 4 38 4 12 4 18 30 4 41 4 66 53 4 31 4 23 4 37 44 4 11 4 115 15 4 49 4 14 4 47 9 4 34 4 20 4 54 21 4 27 4 33 42 4 27 4 3 57 4 70 7 4 8 4 45 4 19 60 4 56 4 37 51 4 48 4 41 60 4 60 4 15 50 4 55 4 92 32 4 26 4 19 43 4 25 4 41 54 4 29 4 48 28 4 10 4 0 16 4 23 4 28 4 41 30 4 18 4 52 9 4 19 4 45 4 52 14 4 18 4 45 4 38 40 4 34 4 19 4 7 4 95 10 4 34 4 25 4 31 4 27 20 4 55 4 48 4 66 47 4 56 4 5 10 4 29 4 39 4 20 29 4 34 4 32 4 38 6 4 19 4 42 4 56 45 4 59 4 59 4 67 18 16 7 16 42 10 4 41 6 16 24 16 65 25 4 18 4 17 38 4 6 4 9 4 61 53 4 20 4 28 4 31 4 74 52 4 48 4 105 58 4 44 4 50 4 9 4 105 49 4 8 4 36 4 29 47 4 16 4 54 4 87 21 4 18 4 23 4 68 18 4 18 4 52 4 21 17 4 37 4 51 4 25 4 30 11 4 52 4 44 4 41 4 27 29 4 33 4 52 4 40 45 4 41 4 24 4 108 27 4 56 4 16 4 
iteration 80325 best: 1.02668 time: 497068
54 31 4 23 4 33 4 77 32 4 58 4 119 45 4 58 4 34 4 45 46 4 43 4 31 4 54 32 4 41 4 46 4 69 40 4 35 4 24 4 25 4 77 36 4 12 4 42 4 85 37 4 34 4 7 9 4 40 4 16 43 4 7 4 28 4 49 4 92 25 4 11 4 9 60 4 60 4 25 44 4 10 4 28 4 30 4 16 4 90 5 4 22 4 11 4 5 4 1 23 4 40 4 84 56 4 56 4 34 4 47 4 62 8 4 17 4 39 4 91 60 4 59 4 116 54 4 46 4 83 37 20 104 57 4 20 4 43 4 114 24 20 26 15 4 24 4 49 4 106 9 4 55 4 38 4 12 4 18 30 4 41 4 66 53 4 31 4 23 4 37 44 4 11 4 115 15 4 49 4 14 4 47 9 4 34 4 20 4 54 21 4 27 4 33 42 4 27 4 3 57 4 70 7 4 8 4 45 4 19 60 4 56 4 37 51 4 48 4 41 60 4 60 4 15 50 4 55 4 92 32 4 26 4 19 43 4 25 4 41 54 4 29 4 48 28 4 10 4 0 16 4 23 4 28 4 41 30 4 18 4 52 9 4 19 4 45 4 52 14 4 18 4 45 4 38 40 4 34 4 19 4 7 4 95 10 4 34 4 25 4 31 4 27 20 4 55 4 48 4 66 47 4 56 4 5 10 4 29 4 39 4 20 29 4 34 4 32 4 38 6 4 19 4 42 4 56 45 4 59 4 59 4 67 18 16 7 16 42 10 4 41 6 16 24 16 65 25 4 18 4 17 38 4 6 4 9 4 61 53 4 20 4 28 4 31 4 74 52 4 48 4 105 58 4 44 4 50 4 9 4 105 49 4 8 4 36 4 29 47 4 16 4 54 4 87 21 4 18 4 23 4 68 18 4 18 4 52 4 21 17 4 37 4 51 4 25 4 30 11 4 52 4 44 4 41 4 27 29 4 33 4 52 4 40 45 4 41 4 24 4 108 27 4 56 4 16 4 
iteration 81533 best: 1.02668 time: 504271
54 31 4 23 4 33 4 77 32 4 58 4 119 45 4 58 4 34 4 45 46 4 43 4 31 4 54 32 4 41 4 46 4 69 40 4 35 4 24 4 25 4 77 36 4 12 4 42 4 85 37 4 34 4 7 9 4 40 4 16 43 4 7 4 28 4 49 4 92 25 4 11 4 9 60 4 60 4 25 44 4 10 4 28 4 30 4 16 4 90 5 4 22 4 11 4 5 4 1 23 4 40 4 84 56 4 56 4 34 4 47 4 62 8 4 17 4 39 4 91 60 4 59 4 116 54 4 46 4 83 37 20 104 57 4 20 4 43 4 114 24 20 26 15 4 24 4 49 4 106 9 4 55 4 38 4 12 4 18 30 4 41 4 66 53 4 31 4 23 4 37 44 4 11 4 115 15 4 49 4 14 4 47 9 4 34 4 20 4 54 21 4 27 4 33 42 4 27 4 3 57 4 70 7 4 8 4 45 4 19 60 4 56 4 37 51 4 48 4 41 60 4 60 4 15 50 4 55 4 92 32 4 26 4 19 43 4 25 4 41 54 4 29 4 48 28 4 10 4 0 16 4 23 4 28 4 41 30 4 18 4 52 9 4 19 4 45 4 52 14 4 18 4 45 4 38 40 4 34 4 19 4 7 4 95 10 4 34 4 25 4 31 4 27 20 4 55 4 48 4 66 47 4 56 4 5 10 4 29 4 39 4 20 29 4 34 4 32 4 38 6 4 19 4 42 4 56 45 4 59 4 59 4 67 18 16 7 16 42 10 4 41 6 16 24 16 65 25 4 18 4 17 38 4 6 4 9 4 61 53 4 20 4 28 4 31 4 74 52 4 48 4 105 58 4 44 4 50 4 9 4 105 49 4 8 4 36 4 29 47 4 16 4 54 4 87 21 4 18 4 23 4 68 18 4 18 4 52 4 21 17 4 37 4 51 4 25 4 30 11 4 52 4 44 4 41 4 27 29 4 33 4 52 4 40 45 4 41 4 24 4 108 27 4 56 4 16 4 
iteration 82738 best: 1.02668 time: 511472
54 31 4 23 4 33 4 77 32 4 58 4 119 45 4 58 4 34 4 45 46 4 43 4 31 4 54 32 4 41 4 46 4 69 40 4 35 4 24 4 25 4 77 36 4 12 4 42 4 85 37 4 34 4 7 9 4 40 4 16 43 4 7 4 28 4 49 4 92 25 4 11 4 9 60 4 60 4 25 44 4 10 4 28 4 30 4 16 4 90 5 4 22 4 11 4 5 4 1 23 4 40 4 84 56 4 56 4 34 4 47 4 62 8 4 17 4 39 4 91 60 4 59 4 116 54 4 46 4 83 37 20 104 57 4 20 4 43 4 114 24 20 26 15 4 24 4 49 4 106 9 4 55 4 38 4 12 4 18 30 4 41 4 66 53 4 31 4 23 4 37 44 4 11 4 115 15 4 49 4 14 4 47 9 4 34 4 20 4 54 21 4 27 4 33 42 4 27 4 3 57 4 70 7 4 8 4 45 4 19 60 4 56 4 37 51 4 48 4 41 60 4 60 4 15 50 4 55 4 92 32 4 26 4 19 43 4 25 4 41 54 4 29 4 48 28 4 10 4 0 16 4 23 4 28 4 41 30 4 18 4 52 9 4 19 4 45 4 52 14 4 18 4 45 4 38 40 4 34 4 19 4 7 4 95 10 4 34 4 25 4 31 4 27 20 4 55 4 48 4 66 47 4 56 4 5 10 4 29 4 39 4 20 29 4 34 4 32 4 38 6 4 19 4 42 4 56 45 4 59 4 59 4 67 18 16 7 16 42 10 4 41 6 16 24 16 65 25 4 18 4 17 38 4 6 4 9 4 61 53 4 20 4 28 4 31 4 74 52 4 48 4 105 58 4 44 4 50 4 9 4 105 49 4 8 4 36 4 29 47 4 16 4 54 4 87 21 4 18 4 23 4 68 18 4 18 4 52 4 21 17 4 37 4 51 4 25 4 30 11 4 52 4 44 4 41 4 27 29 4 33 4 52 4 40 45 4 41 4 24 4 108 27 4 56 4 16 4 
iteration 83959 best: 1.02143 time: 518676
54 31 4 23 4 33 4 77 32 4 58 4 119 45 4 58 4 34 4 45 46 4 43 4 31 4 54 32 4 41 4 46 4 69 40 4 35 4 24 4 25 4 77 36 4 12 4 40 4 85 37 4 34 4 7 9 4 40 4 16 43 4 7 4 28 4 49 4 92 25 4 11 4 9 60 4 60 4 25 44 4 10 4 28 4 30 4 16 4 90 5 4 22 4 11 4 5 4 1 23 4 40 4 84 56 4 56 4 34 4 47 4 62 8 4 17 4 39 4 91 60 4 59 4 116 54 4 46 4 83 37 20 104 57 4 20 4 43 4 114 24 20 26 15 4 24 4 49 4 106 9 4 55 4 38 4 12 4 18 30 4 41 4 66 53 4 31 4 23 4 37 44 4 11 4 115 15 4 49 4 14 4 47 9 4 34 4 20 4 54 21 4 27 4 33 42 4 27 4 3 57 4 70 7 4 8 4 45 4 19 60 4 56 4 37 51 4 48 4 41 60 4 60 4 15 50 4 55 4 92 32 4 26 4 19 43 4 25 4 41 54 4 7 4 48 28 4 10 4 0 16 4 23 4 28 4 41 30 4 18 4 52 9 4 19 4 45 4 52 14 4 18 4 45 4 38 40 4 34 4 19 4 7 4 95 10 4 34 4 25 4 31 4 27 20 4 55 4 48 4 66 47 4 56 4 5 10 4 29 4 39 4 20 29 4 34 4 32 4 38 6 4 19 4 42 4 56 45 4 59 4 59 4 67 18 16 7 16 42 10 4 41 6 16 24 16 65 25 4 18 4 17 38 4 6 4 9 4 61 53 4 20 4 28 4 31 4 77 52 4 48 4 105 58 4 44 4 50 4 9 4 105 49 4 8 4 36 4 29 47 4 16 4 54 4 87 21 4 18 4 23 4 68 18 4 18 4 52 4 21 17 4 37 4 51 4 25 4 30 11 4 52 4 44 4 41 4 27 29 4 33 4 52 4 40 45 4 41 4 24 4 108 27 4 56 4 16 4 
iteration 85197 best: 1.00107 time: 525881
54 31 4 23 4 33 4 77 32 4 58 4 119 48 4 58 4 34 4 45 46 4 43 4 31 4 54 32 4 41 4 46 4 69 40 4 35 4 24 4 25 4 79 36 4 12 4 40 4 85 37 4 34 4 7 9 4 40 4 16 43 4 7 4 28 4 49 4 92 25 4 11 4 9 60 4 60 4 25 44 4 10 4 28 4 30 4 16 4 90 5 4 22 4 11 4 5 4 1 23 4 40 4 84 56 4 56 4 34 4 47 4 62 8 4 17 4 39 4 91 60 4 59 4 116 54 4 46 4 83 37 20 104 57 4 20 4 43 4 114 24 20 26 15 4 24 4 49 4 106 9 4 55 4 38 4 12 4 18 30 4 41 4 66 53 4 31 4 23 4 37 44 4 11 4 115 15 4 49 4 14 4 47 9 4 34 4 20 4 54 21 4 27 4 33 42 4 27 4 3 57 4 70 7 4 8 4 45 4 19 60 4 56 4 37 51 4 48 4 41 60 4 60 4 15 50 4 55 4 92 32 4 30 4 19 43 4 25 4 41 54 4 7 4 48 28 4 10 4 0 16 4 23 4 23 4 41 30 4 14 4 52 9 4 19 4 45 4 52 14 4 18 4 45 4 38 40 4 34 4 19 4 7 4 95 10 4 34 4 25 4 31 4 27 20 4 55 4 48 4 66 47 4 56 4 5 10 4 29 4 39 4 20 29 4 34 4 32 4 38 6 4 19 4 42 4 56 45 4 57 4 59 4 67 18 16 7 16 42 6 4 41 6 16 24 16 65 25 4 18 4 17 38 4 6 4 9 4 61 53 4 20 4 28 4 31 4 77 52 4 46 4 105 60 4 44 4 50 4 9 4 105 49 4 8 4 36 4 29 47 4 16 4 54 4 87 21 4 18 4 23 4 68 18 4 18 4 52 4 21 17 4 37 4 46 4 25 4 30 11 4 52 4 44 4 41 4 27 29 4 33 4 52 4 40 45 4 41 4 24 4 108 27 4 56 4 16 4 
iteration 86434 best: 1.00106 time: 533086
54 31 4 23 4 33 4 77 32 4 58 4 119 48 4 58 4 34 4 45 46 4 43 4 31 4 54 32 4 41 4 46 4 69 40 4 35 4 24 4 25 4 79 36 4 12 4 40 4 85 37 4 34 4 7 9 4 40 4 16 43 4 7 4 28 4 49 4 92 25 4 11 4 9 60 4 60 4 25 44 4 10 4 28 4 30 4 16 4 90 5 4 22 4 11 4 5 4 1 23 4 40 4 84 56 4 56 4 34 4 47 4 62 8 4 17 4 39 4 91 60 4 59 4 116 54 4 46 4 83 37 20 104 57 4 20 4 43 4 114 24 20 26 15 4 24 4 49 4 106 9 4 55 4 38 4 12 4 18 30 4 41 4 66 53 4 31 4 23 4 37 44 4 11 4 115 15 4 49 4 14 4 47 9 4 34 4 20 4 54 21 4 27 4 33 42 4 27 4 3 60 4 70 7 4 8 4 45 4 19 60 4 56 4 37 51 4 48 4 41 60 4 60 4 15 50 4 55 4 92 32 4 30 4 19 43 4 25 4 41 54 4 7 4 48 28 4 10 4 0 16 4 23 4 23 4 41 30 4 14 4 52 9 4 19 4 45 4 52 14 4 18 4 45 4 38 40 4 34 4 19 4 7 4 95 10 4 34 4 25 4 31 4 27 20 4 55 4 48 4 66 47 4 56 4 5 10 4 29 4 39 4 20 29 4 34 4 32 4 38 6 4 19 4 42 4 56 45 4 57 4 59 4 67 18 16 7 16 42 6 4 41 6 16 24 16 65 25 4 18 4 17 38 4 6 4 9 4 61 53 4 20 4 28 4 31 4 77 52 4 46 4 105 60 4 44 4 50 4 9 4 105 49 4 8 4 36 4 29 47 4 16 4 54 4 87 21 4 18 4 23 4 68 18 4 18 4 52 4 21 17 4 37 4 46 4 25 4 30 11 4 52 4 44 4 41 4 27 29 4 33 4 52 4 40 45 4 41 4 24 4 108 27 4 56 4 16 4 
iteration 87674 best: 0.999232 time: 540287
54 31 4 23 4 33 4 77 32 4 58 4 119 48 4 58 4 34 4 45 46 4 43 4 31 4 54 32 4 41 4 46 4 69 40 4 35 4 24 4 25 4 79 36 4 12 4 40 4 85 37 4 34 4 7 9 4 40 4 16 43 4 7 4 28 4 49 4 92 25 4 11 4 9 60 4 60 4 25 44 4 10 4 28 4 30 4 16 4 90 5 4 22 4 11 4 5 4 1 23 4 40 4 84 56 4 56 4 34 4 47 4 62 8 4 17 4 39 4 91 60 4 60 4 116 45 4 46 4 83 37 20 104 57 4 20 4 43 4 114 24 20 26 15 4 24 4 49 4 106 9 4 55 4 38 4 12 4 18 30 4 41 4 66 53 4 31 4 23 4 37 44 4 11 4 115 15 4 49 4 14 4 47 9 4 34 4 20 4 54 21 4 27 4 33 42 4 27 4 3 60 4 70 7 4 8 4 45 4 19 60 4 56 4 37 51 4 48 4 41 60 4 60 4 15 50 4 55 4 92 32 4 30 4 19 43 4 25 4 41 54 4 7 4 48 28 4 10 4 0 16 4 23 4 23 4 41 30 4 14 4 52 9 4 19 4 45 4 52 14 4 18 4 45 4 38 40 4 34 4 19 4 7 4 95 10 4 34 4 25 4 31 4 27 20 4 55 4 48 4 66 47 4 56 4 5 10 4 29 4 39 4 20 29 4 34 4 32 4 38 6 4 19 4 42 4 56 45 4 57 4 59 4 67 18 16 7 16 42 6 4 41 6 16 24 16 65 25 4 18 4 17 38 4 6 4 9 4 61 53 4 20 4 28 4 31 4 77 52 4 46 4 105 60 4 44 4 50 4 9 4 105 49 4 8 4 36 4 29 47 4 16 4 54 4 87 21 4 18 4 23 4 68 18 4 18 4 52 4 21 17 4 37 4 46 4 25 4 30 11 4 52 4 44 4 41 4 27 29 4 33 4 52 4 40 45 4 41 4 24 4 108 27 4 56 4 16 4 
iteration 88917 best: 0.997513 time: 547491
54 31 4 23 4 33 4 77 32 4 58 4 119 48 4 58 4 34 4 45 46 4 43 4 31 4 54 32 4 41 4 46 4 69 40 4 35 4 24 4 25 4 79 36 4 12 4 40 4 85 37 4 34 4 7 9 4 40 4 16 43 4 7 4 28 4 49 4 92 25 4 11 4 9 60 4 60 4 25 44 4 10 4 28 4 30 4 16 4 90 5 4 22 4 11 4 5 4 1 23 4 40 4 84 56 4 56 4 34 4 47 4 62 8 4 17 4 39 4 91 60 4 60 4 116 45 4 46 4 83 37 20 104 57 4 20 4 43 4 114 24 20 29 15 4 24 4 49 4 106 9 4 55 4 38 4 12 4 18 30 4 41 4 66 53 4 31 4 23 4 37 44 4 11 4 115 15 4 49 4 14 4 47 9 4 34 4 20 4 54 21 4 27 4 33 42 4 27 4 3 60 4 70 7 4 8 4 45 4 19 60 4 60 4 37 51 4 48 4 41 60 4 60 4 15 50 4 55 4 92 32 4 30 4 19 43 4 25 4 41 54 4 7 4 48 28 4 10 4 0 16 4 23 4 23 4 41 30 4 14 4 52 9 4 19 4 45 4 52 14 4 18 4 45 4 38 40 4 34 4 19 4 7 4 95 10 4 34 4 25 4 31 4 27 20 4 55 4 48 4 66 47 4 56 4 5 10 4 29 4 39 4 20 29 4 34 4 32 4 38 6 4 19 4 42 4 56 45 4 57 4 59 4 67 18 16 7 16 42 6 4 41 6 16 24 16 65 25 4 18 4 17 38 4 6 4 9 4 61 53 4 20 4 28 4 31 4 77 52 4 46 4 105 60 4 44 4 50 4 9 4 105 49 4 8 4 36 4 29 47 4 16 4 54 4 87 21 4 18 4 23 4 68 18 4 18 4 52 4 21 17 4 37 4 46 4 25 4 30 11 4 52 4 44 4 41 4 27 29 4 33 4 52 4 40 45 4 41 4 24 4 108 27 4 56 4 16 4 
iteration 90155 best: 0.997513 time: 554697
54 31 4 23 4 33 4 77 32 4 58 4 119 48 4 58 4 34 4 45 46 4 43 4 31 4 54 32 4 41 4 46 4 69 40 4 35 4 24 4 25 4 79 36 4 12 4 40 4 85 37 4 34 4 7 9 4 40 4 16 43 4 7 4 28 4 49 4 92 25 4 11 4 9 60 4 60 4 25 44 4 10 4 28 4 30 4 16 4 90 5 4 22 4 11 4 5 4 1 23 4 40 4 84 56 4 56 4 34 4 47 4 62 8 4 17 4 39 4 91 60 4 60 4 116 45 4 46 4 83 37 20 104 57 4 20 4 43 4 114 24 20 29 15 4 24 4 49 4 106 9 4 55 4 38 4 12 4 18 30 4 41 4 66 53 4 31 4 23 4 37 44 4 11 4 115 15 4 49 4 14 4 47 9 4 34 4 20 4 54 21 4 27 4 33 42 4 27 4 3 60 4 70 7 4 8 4 45 4 19 60 4 60 4 37 51 4 48 4 41 60 4 60 4 15 50 4 55 4 92 32 4 30 4 19 43 4 25 4 41 54 4 7 4 48 28 4 10 4 0 16 4 23 4 23 4 41 30 4 14 4 52 9 4 19 4 45 4 52 14 4 18 4 45 4 38 40 4 34 4 19 4 7 4 95 10 4 34 4 25 4 31 4 27 20 4 55 4 48 4 66 47 4 56 4 5 10 4 29 4 39 4 20 29 4 34 4 32 4 38 6 4 19 4 42 4 56 45 4 57 4 59 4 67 18 16 7 16 42 6 4 41 6 16 24 16 65 25 4 18 4 17 38 4 6 4 9 4 61 53 4 20 4 28 4 31 4 77 52 4 46 4 105 60 4 44 4 50 4 9 4 105 49 4 8 4 36 4 29 47 4 16 4 54 4 87 21 4 18 4 23 4 68 18 4 18 4 52 4 21 17 4 37 4 46 4 25 4 30 11 4 52 4 44 4 41 4 27 29 4 33 4 52 4 40 45 4 41 4 24 4 108 27 4 56 4 16 4 
iteration 91393 best: 0.997513 time: 561903
54 31 4 23 4 33 4 77 32 4 58 4 119 48 4 58 4 34 4 45 46 4 43 4 31 4 54 32 4 41 4 46 4 69 40 4 35 4 24 4 25 4 79 36 4 12 4 40 4 85 37 4 34 4 7 9 4 40 4 16 43 4 7 4 28 4 49 4 92 25 4 11 4 9 60 4 60 4 25 44 4 10 4 28 4 30 4 16 4 90 5 4 22 4 11 4 5 4 1 23 4 40 4 84 56 4 56 4 34 4 47 4 62 8 4 17 4 39 4 91 60 4 60 4 116 45 4 46 4 83 37 20 104 57 4 20 4 43 4 114 24 20 29 15 4 24 4 49 4 106 9 4 55 4 38 4 12 4 18 30 4 41 4 66 53 4 31 4 23 4 37 44 4 11 4 115 15 4 49 4 14 4 47 9 4 34 4 20 4 54 21 4 27 4 33 42 4 27 4 3 60 4 70 7 4 8 4 45 4 19 60 4 60 4 37 51 4 48 4 41 60 4 60 4 15 50 4 55 4 92 32 4 30 4 19 43 4 25 4 41 54 4 7 4 48 28 4 10 4 0 16 4 23 4 23 4 41 30 4 14 4 52 9 4 19 4 45 4 52 14 4 18 4 45 4 38 40 4 34 4 19 4 7 4 95 10 4 34 4 25 4 31 4 27 20 4 55 4 48 4 66 47 4 56 4 5 10 4 29 4 39 4 20 29 4 34 4 32 4 38 6 4 19 4 42 4 56 45 4 57 4 59 4 67 18 16 7 16 42 6 4 41 6 16 24 16 65 25 4 18 4 17 38 4 6 4 9 4 61 53 4 20 4 28 4 31 4 77 52 4 46 4 105 60 4 44 4 50 4 9 4 105 49 4 8 4 36 4 29 47 4 16 4 54 4 87 21 4 18 4 23 4 68 18 4 18 4 52 4 21 17 4 37 4 46 4 25 4 30 11 4 52 4 44 4 41 4 27 29 4 33 4 52 4 40 45 4 41 4 24 4 108 27 4 56 4 16 4 
iteration 92627 best: 0.997513 time: 569107
54 31 4 23 4 33 4 77 32 4 58 4 119 48 4 58 4 34 4 45 46 4 43 4 31 4 54 32 4 41 4 46 4 69 40 4 35 4 24 4 25 4 79 36 4 12 4 40 4 85 37 4 34 4 7 9 4 40 4 16 43 4 7 4 28 4 49 4 92 25 4 11 4 9 60 4 60 4 25 44 4 10 4 28 4 30 4 16 4 90 5 4 22 4 11 4 5 4 1 23 4 40 4 84 56 4 56 4 34 4 47 4 62 8 4 17 4 39 4 91 60 4 60 4 116 45 4 46 4 83 37 20 104 57 4 20 4 43 4 114 24 20 29 15 4 24 4 49 4 106 9 4 55 4 38 4 12 4 18 30 4 41 4 66 53 4 31 4 23 4 37 44 4 11 4 115 15 4 49 4 14 4 47 9 4 34 4 20 4 54 21 4 27 4 33 42 4 27 4 3 60 4 70 7 4 8 4 45 4 19 60 4 60 4 37 51 4 48 4 41 60 4 60 4 15 50 4 55 4 92 32 4 30 4 19 43 4 25 4 41 54 4 7 4 48 28 4 10 4 0 16 4 23 4 23 4 41 30 4 14 4 52 9 4 19 4 45 4 52 14 4 18 4 45 4 38 40 4 34 4 19 4 7 4 95 10 4 34 4 25 4 31 4 27 20 4 55 4 48 4 66 47 4 56 4 5 10 4 29 4 39 4 20 29 4 34 4 32 4 38 6 4 19 4 42 4 56 45 4 57 4 59 4 67 18 16 7 16 42 6 4 41 6 16 24 16 65 25 4 18 4 17 38 4 6 4 9 4 61 53 4 20 4 28 4 31 4 77 52 4 46 4 105 60 4 44 4 50 4 9 4 105 49 4 8 4 36 4 29 47 4 16 4 54 4 87 21 4 18 4 23 4 68 18 4 18 4 52 4 21 17 4 37 4 46 4 25 4 30 11 4 52 4 44 4 41 4 27 29 4 33 4 52 4 40 45 4 41 4 24 4 108 27 4 56 4 16 4 
iteration 93865 best: 0.997513 time: 576312
54 31 4 23 4 33 4 77 32 4 58 4 119 48 4 58 4 34 4 45 46 4 43 4 31 4 54 32 4 41 4 46 4 69 40 4 35 4 24 4 25 4 79 36 4 12 4 40 4 85 37 4 34 4 7 9 4 40 4 16 43 4 7 4 28 4 49 4 92 25 4 11 4 9 60 4 60 4 25 44 4 10 4 28 4 30 4 16 4 90 5 4 22 4 11 4 5 4 1 23 4 40 4 84 56 4 56 4 34 4 47 4 62 8 4 17 4 39 4 91 60 4 60 4 116 45 4 46 4 83 37 20 104 57 4 20 4 43 4 114 24 20 29 15 4 24 4 49 4 106 9 4 55 4 38 4 12 4 18 30 4 41 4 66 53 4 31 4 23 4 37 44 4 11 4 115 15 4 49 4 14 4 47 9 4 34 4 20 4 54 21 4 27 4 33 42 4 27 4 3 60 4 70 7 4 8 4 45 4 19 60 4 60 4 37 51 4 48 4 41 60 4 60 4 15 50 4 55 4 92 32 4 30 4 19 43 4 25 4 41 54 4 7 4 48 28 4 10 4 0 16 4 23 4 23 4 41 30 4 14 4 52 9 4 19 4 45 4 52 14 4 18 4 45 4 38 40 4 34 4 19 4 7 4 95 10 4 34 4 25 4 31 4 27 20 4 55 4 48 4 66 47 4 56 4 5 10 4 29 4 39 4 20 29 4 34 4 32 4 38 6 4 19 4 42 4 56 45 4 57 4 59 4 67 18 16 7 16 42 6 4 41 6 16 24 16 65 25 4 18 4 17 38 4 6 4 9 4 61 53 4 20 4 28 4 31 4 77 52 4 46 4 105 60 4 44 4 50 4 9 4 105 49 4 8 4 36 4 29 47 4 16 4 54 4 87 21 4 18 4 23 4 68 18 4 18 4 52 4 21 17 4 37 4 46 4 25 4 30 11 4 52 4 44 4 41 4 27 29 4 33 4 52 4 40 45 4 41 4 24 4 108 27 4 56 4 16 4 
iteration 95100 best: 0.997513 time: 583516
54 31 4 23 4 33 4 77 32 4 58 4 119 48 4 58 4 34 4 45 46 4 43 4 31 4 54 32 4 41 4 46 4 69 40 4 35 4 24 4 25 4 79 36 4 12 4 40 4 85 37 4 34 4 7 9 4 40 4 16 43 4 7 4 28 4 49 4 92 25 4 11 4 9 60 4 60 4 25 44 4 10 4 28 4 30 4 16 4 90 5 4 22 4 11 4 5 4 1 23 4 40 4 84 56 4 56 4 34 4 47 4 62 8 4 17 4 39 4 91 60 4 60 4 116 45 4 46 4 83 37 20 104 57 4 20 4 43 4 114 24 20 29 15 4 24 4 49 4 106 9 4 55 4 38 4 12 4 18 30 4 41 4 66 53 4 31 4 23 4 37 44 4 11 4 115 15 4 49 4 14 4 47 9 4 34 4 20 4 54 21 4 27 4 33 42 4 27 4 3 60 4 70 7 4 8 4 45 4 19 60 4 60 4 37 51 4 48 4 41 60 4 60 4 15 50 4 55 4 92 32 4 30 4 19 43 4 25 4 41 54 4 7 4 48 28 4 10 4 0 16 4 23 4 23 4 41 30 4 14 4 52 9 4 19 4 45 4 52 14 4 18 4 45 4 38 40 4 34 4 19 4 7 4 95 10 4 34 4 25 4 31 4 27 20 4 55 4 48 4 66 47 4 56 4 5 10 4 29 4 39 4 20 29 4 34 4 32 4 38 6 4 19 4 42 4 56 45 4 57 4 59 4 67 18 16 7 16 42 6 4 41 6 16 24 16 65 25 4 18 4 17 38 4 6 4 9 4 61 53 4 20 4 28 4 31 4 77 52 4 46 4 105 60 4 44 4 50 4 9 4 105 49 4 8 4 36 4 29 47 4 16 4 54 4 87 21 4 18 4 23 4 68 18 4 18 4 52 4 21 17 4 37 4 46 4 25 4 30 11 4 52 4 44 4 41 4 27 29 4 33 4 52 4 40 45 4 41 4 24 4 108 27 4 56 4 16 4 
iteration 96340 best: 0.997513 time: 590719
54 31 4 23 4 33 4 77 32 4 58 4 119 48 4 58 4 34 4 45 46 4 43 4 31 4 54 32 4 41 4 46 4 69 40 4 35 4 24 4 25 4 79 36 4 12 4 40 4 85 37 4 34 4 7 9 4 40 4 16 43 4 7 4 28 4 49 4 92 25 4 11 4 9 60 4 60 4 25 44 4 10 4 28 4 30 4 16 4 90 5 4 22 4 11 4 5 4 1 23 4 40 4 84 56 4 56 4 34 4 47 4 62 8 4 17 4 39 4 91 60 4 60 4 116 45 4 46 4 83 37 20 104 57 4 20 4 43 4 114 24 20 29 15 4 24 4 49 4 106 9 4 55 4 38 4 12 4 18 30 4 41 4 66 53 4 31 4 23 4 37 44 4 11 4 115 15 4 49 4 14 4 47 9 4 34 4 20 4 54 21 4 27 4 33 42 4 27 4 3 60 4 70 7 4 8 4 45 4 19 60 4 60 4 37 51 4 48 4 41 60 4 60 4 15 50 4 55 4 92 32 4 30 4 19 43 4 25 4 41 54 4 7 4 48 28 4 10 4 0 16 4 23 4 23 4 41 30 4 14 4 52 9 4 19 4 45 4 52 14 4 18 4 45 4 38 40 4 34 4 19 4 7 4 95 10 4 34 4 25 4 31 4 27 20 4 55 4 48 4 66 47 4 56 4 5 10 4 29 4 39 4 20 29 4 34 4 32 4 38 6 4 19 4 42 4 56 45 4 57 4 59 4 67 18 16 7 16 42 6 4 41 6 16 24 16 65 25 4 18 4 17 38 4 6 4 9 4 61 53 4 20 4 28 4 31 4 77 52 4 46 4 105 60 4 44 4 50 4 9 4 105 49 4 8 4 36 4 29 47 4 16 4 54 4 87 21 4 18 4 23 4 68 18 4 18 4 52 4 21 17 4 37 4 46 4 25 4 30 11 4 52 4 44 4 41 4 27 29 4 33 4 52 4 40 45 4 41 4 24 4 108 27 4 56 4 16 4 
iteration 97576 best: 0.997513 time: 597924
54 31 4 23 4 33 4 77 32 4 58 4 119 48 4 58 4 34 4 45 46 4 43 4 31 4 54 32 4 41 4 46 4 69 40 4 35 4 24 4 25 4 79 36 4 12 4 40 4 85 37 4 34 4 7 9 4 40 4 16 43 4 7 4 28 4 49 4 92 25 4 11 4 9 60 4 60 4 25 44 4 10 4 28 4 30 4 16 4 90 5 4 22 4 11 4 5 4 1 23 4 40 4 84 56 4 56 4 34 4 47 4 62 8 4 17 4 39 4 91 60 4 60 4 116 45 4 46 4 83 37 20 104 57 4 20 4 43 4 114 24 20 29 15 4 24 4 49 4 106 9 4 55 4 38 4 12 4 18 30 4 41 4 66 53 4 31 4 23 4 37 44 4 11 4 115 15 4 49 4 14 4 47 9 4 34 4 20 4 54 21 4 27 4 33 42 4 27 4 3 60 4 70 7 4 8 4 45 4 19 60 4 60 4 37 51 4 48 4 41 60 4 60 4 15 50 4 55 4 92 32 4 30 4 19 43 4 25 4 41 54 4 7 4 48 28 4 10 4 0 16 4 23 4 23 4 41 30 4 14 4 52 9 4 19 4 45 4 52 14 4 18 4 45 4 38 40 4 34 4 19 4 7 4 95 10 4 34 4 25 4 31 4 27 20 4 55 4 48 4 66 47 4 56 4 5 10 4 29 4 39 4 20 29 4 34 4 32 4 38 6 4 19 4 42 4 56 45 4 57 4 59 4 67 18 16 7 16 42 6 4 41 6 16 24 16 65 25 4 18 4 17 38 4 6 4 9 4 61 53 4 20 4 28 4 31 4 77 52 4 46 4 105 60 4 44 4 50 4 9 4 105 49 4 8 4 36 4 29 47 4 16 4 54 4 87 21 4 18 4 23 4 68 18 4 18 4 52 4 21 17 4 37 4 46 4 25 4 30 11 4 52 4 44 4 41 4 27 29 4 33 4 52 4 40 45 4 41 4 24 4 108 27 4 56 4 16 4 
Best solution: 
54 31 4 23 4 33 4 77 32 4 58 4 119 48 4 58 4 34 4 45 46 4 43 4 31 4 54 32 4 41 4 46 4 69 40 4 35 4 24 4 25 4 79 36 4 12 4 40 4 85 37 4 34 4 7 9 4 40 4 16 43 4 7 4 28 4 49 4 92 25 4 11 4 9 60 4 60 4 25 44 4 10 4 28 4 30 4 16 4 90 5 4 22 4 11 4 5 4 1 23 4 40 4 84 56 4 56 4 34 4 47 4 62 8 4 17 4 39 4 91 60 4 60 4 116 45 4 46 4 83 37 20 104 57 4 20 4 43 4 114 24 20 29 15 4 24 4 49 4 106 9 4 55 4 38 4 12 4 18 30 4 41 4 66 53 4 31 4 23 4 37 44 4 11 4 115 15 4 49 4 14 4 47 9 4 34 4 20 4 54 21 4 27 4 33 42 4 27 4 3 60 4 70 7 4 8 4 45 4 19 60 4 60 4 37 51 4 48 4 41 60 4 60 4 15 50 4 55 4 92 32 4 30 4 19 43 4 25 4 41 54 4 7 4 48 28 4 10 4 0 16 4 23 4 23 4 41 30 4 14 4 52 9 4 19 4 45 4 52 14 4 18 4 45 4 38 40 4 34 4 19 4 7 4 95 10 4 34 4 25 4 31 4 27 20 4 55 4 48 4 66 47 4 56 4 5 10 4 29 4 39 4 20 29 4 34 4 32 4 38 6 4 19 4 42 4 56 45 4 57 4 59 4 67 18 16 7 16 42 6 4 41 6 16 24 16 65 25 4 18 4 17 38 4 6 4 9 4 61 53 4 20 4 28 4 31 4 77 52 4 46 4 105 60 4 44 4 50 4 9 4 105 49 4 8 4 36 4 29 47 4 16 4 54 4 87 21 4 18 4 23 4 68 18 4 18 4 52 4 21 17 4 37 4 46 4 25 4 30 11 4 52 4 44 4 41 4 27 29 4 33 4 52 4 40 45 4 41 4 24 4 108 27 4 56 4 16 4 
Fitness: 0.997513
