iteration 15 best: 1.06735 time: 7524
97 29 8 113 5 8 56 46 8 90 23 4 33 4 51 57 4 29 4 102 5 8 1 14 4 37 4 15 17 12 7 25 8 78 36 8 10 6 8 12 41 12 94 5 4 21 4 21 43 4 56 4 40 4 21 4 112 7 4 45 4 44 4 37 5 8 106 29 8 16 10 4 45 4 82 14 16 52 16 22 11 4 39 4 5 4 30 4 9 20 4 5 4 32 4 17 5 8 20 8 82 35 4 31 4 17 4 40 4 0 35 8 95 5 4 22 4 55 4 5 4 101 45 8 106 26 4 2 50 8 3 8 8 118 31 8 5 52 4 56 4 20 4 19 51 4 5 4 4 5 4 22 4 10 4 56 52 4 57 4 109 5 4 53 4 17 4 49 43 4 49 4 16 24 4 5 4 43 50 16 37 16 93 27 12 9 4 30 4 52 17 4 5 4 12 4 42 50 4 33 4 70 17 16 6 16 5 12 41 10 4 27 4 109 47 16 46 16 109 14 4 5 4 14 4 111 19 4 22 4 84 10 4 5 4 16 4 15 49 4 48 4 49 6 18 4 0 12 17 17 4 22 32 10 4 0 5 16 27 16 96 59 4 54 4 5 4 38 28 57 5 4 56 28 8 4 13 53 4 23 4 38 4 27 19 16 5 16 15 5 4 20 4 3 34 4 53 4 26 4 87 56 4 7 47 39 4 114 9 4 12 4 50 4 10 4 38 24 4 58 4 49 4 29 4 32 54 4 52 4 48 8 47 4 36 52 4 26 4 41 4 106 44 4 5 59 35 4 3 59 4 16 35 56 4 12 24 4 44 4 102 25 5 20 4 11 48 20 4 118 6 4 5 4 71 47 4 13 4 55 4 5 4 4 48 4 35 4 44 4 46 4 19 54 4 18 4 107 42 48 23 4 57 4 117 27 4 43 4 18 4 11 4 54 16 4 23 4 25 4 17 54 4 58 4 6 4 2 31 4 14 4 5 4 51 4 0 18 4 23 4 50 4 12 4 
iteration 33 best: 1.06735 time: 15103
97 29 8 113 5 8 56 46 8 90 23 4 33 4 51 57 4 29 4 102 5 8 1 14 4 37 4 15 17 12 7 25 8 78 36 8 10 6 8 12 41 12 94 5 4 21 4 21 43 4 56 4 40 4 21 4 112 7 4 45 4 44 4 37 5 8 106 29 8 16 10 4 45 4 82 14 16 52 16 22 11 4 39 4 5 4 30 4 9 20 4 5 4 32 4 17 5 8 20 8 82 35 4 31 4 17 4 40 4 0 35 8 95 5 4 22 4 55 4 5 4 101 45 8 106 26 4 2 50 8 3 8 8 118 31 8 5 52 4 56 4 20 4 19 51 4 5 4 4 5 4 22 4 10 4 56 52 4 57 4 109 5 4 53 4 17 4 49 43 4 49 4 16 24 4 5 4 43 50 16 37 16 93 27 12 9 4 30 4 52 17 4 5 4 12 4 42 50 4 33 4 70 17 16 6 16 5 12 41 10 4 27 4 109 47 16 46 16 109 14 4 5 4 14 4 111 19 4 22 4 84 10 4 5 4 16 4 15 49 4 48 4 49 6 18 4 0 12 17 17 4 22 32 10 4 0 5 16 27 16 96 59 4 54 4 5 4 38 28 57 5 4 56 28 8 4 13 53 4 23 4 38 4 27 19 16 5 16 15 5 4 20 4 3 34 4 53 4 26 4 87 56 4 7 47 39 4 114 9 4 12 4 50 4 10 4 38 24 4 58 4 49 4 29 4 32 54 4 52 4 48 8 47 4 36 52 4 26 4 41 4 106 44 4 5 59 35 4 3 59 4 16 35 56 4 12 24 4 44 4 102 25 5 20 4 11 48 20 4 118 6 4 5 4 71 47 4 13 4 55 4 5 4 4 48 4 35 4 44 4 46 4 19 54 4 18 4 107 42 48 23 4 57 4 117 27 4 43 4 18 4 11 4 54 16 4 23 4 25 4 17 54 4 58 4 6 4 2 31 4 14 4 5 4 51 4 0 18 4 23 4 50 4 12 4 
iteration 51 best: 1.06735 time: 22641
97 29 8 113 5 8 56 46 8 90 23 4 33 4 51 57 4 29 4 102 5 8 1 14 4 37 4 15 17 12 7 25 8 78 36 8 10 6 8 12 41 12 94 5 4 21 4 21 43 4 56 4 40 4 21 4 112 7 4 45 4 44 4 37 5 8 106 29 8 16 10 4 45 4 82 14 16 52 16 22 11 4 39 4 5 4 30 4 9 20 4 5 4 32 4 17 5 8 20 8 82 35 4 31 4 17 4 40 4 0 35 8 95 5 4 22 4 55 4 5 4 101 45 8 106 26 4 2 50 8 3 8 8 118 31 8 5 52 4 56 4 20 4 19 51 4 5 4 4 5 4 22 4 10 4 56 52 4 57 4 109 5 4 53 4 17 4 49 43 4 49 4 16 24 4 5 4 43 50 16 37 16 93 27 12 9 4 30 4 52 17 4 5 4 12 4 42 50 4 33 4 70 17 16 6 16 5 12 41 10 4 27 4 109 47 16 46 16 109 14 4 5 4 14 4 111 19 4 22 4 84 10 4 5 4 16 4 15 49 4 48 4 49 6 18 4 0 12 17 17 4 22 32 10 4 0 5 16 27 16 96 59 4 54 4 5 4 38 28 57 5 4 56 28 8 4 13 53 4 23 4 38 4 27 19 16 5 16 15 5 4 20 4 3 34 4 53 4 26 4 87 56 4 7 47 39 4 114 9 4 12 4 50 4 10 4 38 24 4 58 4 49 4 29 4 32 54 4 52 4 48 8 47 4 36 52 4 26 4 41 4 106 44 4 5 59 35 4 3 59 4 16 35 56 4 12 24 4 44 4 102 25 5 20 4 11 48 20 4 118 6 4 5 4 71 47 4 13 4 55 4 5 4 4 48 4 35 4 44 4 46 4 19 54 4 18 4 107 42 48 23 4 57 4 117 27 4 43 4 18 4 11 4 54 16 4 23 4 25 4 17 54 4 58 4 6 4 2 31 4 14 4 5 4 51 4 0 18 4 23 4 50 4 12 4 
iteration 69 best: 1.06735 time: 30209
97 29 8 113 5 8 56 46 8 90 23 4 33 4 51 57 4 29 4 102 5 8 1 14 4 37 4 15 17 12 7 25 8 78 36 8 10 6 8 12 41 12 94 5 4 21 4 21 43 4 56 4 40 4 21 4 112 7 4 45 4 44 4 37 5 8 106 29 8 16 10 4 45 4 82 14 16 52 16 22 11 4 39 4 5 4 30 4 9 20 4 5 4 32 4 17 5 8 20 8 82 35 4 31 4 17 4 40 4 0 35 8 95 5 4 22 4 55 4 5 4 101 45 8 106 26 4 2 50 8 3 8 8 118 31 8 5 52 4 56 4 20 4 19 51 4 5 4 4 5 4 22 4 10 4 56 52 4 57 4 109 5 4 53 4 17 4 49 43 4 49 4 16 24 4 5 4 43 50 16 37 16 93 27 12 9 4 30 4 52 17 4 5 4 12 4 42 50 4 33 4 70 17 16 6 16 5 12 41 10 4 27 4 109 47 16 46 16 109 14 4 5 4 14 4 111 19 4 22 4 84 10 4 5 4 16 4 15 49 4 48 4 49 6 18 4 0 12 17 17 4 22 32 10 4 0 5 16 27 16 96 59 4 54 4 5 4 38 28 57 5 4 56 28 8 4 13 53 4 23 4 38 4 27 19 16 5 16 15 5 4 20 4 3 34 4 53 4 26 4 87 56 4 7 47 39 4 114 9 4 12 4 50 4 10 4 38 24 4 58 4 49 4 29 4 32 54 4 52 4 48 8 47 4 36 52 4 26 4 41 4 106 44 4 5 59 35 4 3 59 4 16 35 56 4 12 24 4 44 4 102 25 5 20 4 11 48 20 4 118 6 4 5 4 71 47 4 13 4 55 4 5 4 4 48 4 35 4 44 4 46 4 19 54 4 18 4 107 42 48 23 4 57 4 117 27 4 43 4 18 4 11 4 54 16 4 23 4 25 4 17 54 4 58 4 6 4 2 31 4 14 4 5 4 51 4 0 18 4 23 4 50 4 12 4 
iteration 87 best: 1.06735 time: 37751
97 29 8 113 5 8 56 46 8 90 23 4 33 4 51 57 4 29 4 102 5 8 1 14 4 37 4 15 17 12 7 25 8 78 36 8 10 6 8 12 41 12 94 5 4 21 4 21 43 4 56 4 40 4 21 4 112 7 4 45 4 44 4 37 5 8 106 29 8 16 10 4 45 4 82 14 16 52 16 22 11 4 39 4 5 4 30 4 9 20 4 5 4 32 4 17 5 8 20 8 82 35 4 31 4 17 4 40 4 0 35 8 95 5 4 22 4 55 4 5 4 101 45 8 106 26 4 2 50 8 3 8 8 118 31 8 5 52 4 56 4 20 4 19 51 4 5 4 4 5 4 22 4 10 4 56 52 4 57 4 109 5 4 53 4 17 4 49 43 4 49 4 16 24 4 5 4 43 50 16 37 16 93 27 12 9 4 30 4 52 17 4 5 4 12 4 42 50 4 33 4 70 17 16 6 16 5 12 41 10 4 27 4 109 47 16 46 16 109 14 4 5 4 14 4 111 19 4 22 4 84 10 4 5 4 16 4 15 49 4 48 4 49 6 18 4 0 12 17 17 4 22 32 10 4 0 5 16 27 16 96 59 4 54 4 5 4 38 28 57 5 4 56 28 8 4 13 53 4 23 4 38 4 27 19 16 5 16 15 5 4 20 4 3 34 4 53 4 26 4 87 56 4 7 47 39 4 114 9 4 12 4 50 4 10 4 38 24 4 58 4 49 4 29 4 32 54 4 52 4 48 8 47 4 36 52 4 26 4 41 4 106 44 4 5 59 35 4 3 59 4 16 35 56 4 12 24 4 44 4 102 25 5 20 4 11 48 20 4 118 6 4 5 4 71 47 4 13 4 55 4 5 4 4 48 4 35 4 44 4 46 4 19 54 4 18 4 107 42 48 23 4 57 4 117 27 4 43 4 18 4 11 4 54 16 4 23 4 25 4 17 54 4 58 4 6 4 2 31 4 14 4 5 4 51 4 0 18 4 23 4 50 4 12 4 
iteration 105 best: 1.06735 time: 45292
97 29 8 113 5 8 56 46 8 90 23 4 33 4 51 57 4 29 4 102 5 8 1 14 4 37 4 15 17 12 7 25 8 78 36 8 10 6 8 12 41 12 94 5 4 21 4 21 43 4 56 4 40 4 21 4 112 7 4 45 4 44 4 37 5 8 106 29 8 16 10 4 45 4 82 14 16 52 16 22 11 4 39 4 5 4 30 4 9 20 4 5 4 32 4 17 5 8 20 8 82 35 4 31 4 17 4 40 4 0 35 8 95 5 4 22 4 55 4 5 4 101 45 8 106 26 4 2 50 8 3 8 8 118 31 8 5 52 4 56 4 20 4 19 51 4 5 4 4 5 4 22 4 10 4 56 52 4 57 4 109 5 4 53 4 17 4 49 43 4 49 4 16 24 4 5 4 43 50 16 37 16 93 27 12 9 4 30 4 52 17 4 5 4 12 4 42 50 4 33 4 70 17 16 6 16 5 12 41 10 4 27 4 109 47 16 46 16 109 14 4 5 4 14 4 111 19 4 22 4 84 10 4 5 4 16 4 15 49 4 48 4 49 6 18 4 0 12 17 17 4 22 32 10 4 0 5 16 27 16 96 59 4 54 4 5 4 38 28 57 5 4 56 28 8 4 13 53 4 23 4 38 4 27 19 16 5 16 15 5 4 20 4 3 34 4 53 4 26 4 87 56 4 7 47 39 4 114 9 4 12 4 50 4 10 4 38 24 4 58 4 49 4 29 4 32 54 4 52 4 48 8 47 4 36 52 4 26 4 41 4 106 44 4 5 59 35 4 3 59 4 16 35 56 4 12 24 4 44 4 102 25 5 20 4 11 48 20 4 118 6 4 5 4 71 47 4 13 4 55 4 5 4 4 48 4 35 4 44 4 46 4 19 54 4 18 4 107 42 48 23 4 57 4 117 27 4 43 4 18 4 11 4 54 16 4 23 4 25 4 17 54 4 58 4 6 4 2 31 4 14 4 5 4 51 4 0 18 4 23 4 50 4 12 4 
iteration 123 best: 1.06735 time: 52813
97 29 8 113 5 8 56 46 8 90 23 4 33 4 51 57 4 29 4 102 5 8 1 14 4 37 4 15 17 12 7 25 8 78 36 8 10 6 8 12 41 12 94 5 4 21 4 21 43 4 56 4 40 4 21 4 112 7 4 45 4 44 4 37 5 8 106 29 8 16 10 4 45 4 82 14 16 52 16 22 11 4 39 4 5 4 30 4 9 20 4 5 4 32 4 17 5 8 20 8 82 35 4 31 4 17 4 40 4 0 35 8 95 5 4 22 4 55 4 5 4 101 45 8 106 26 4 2 50 8 3 8 8 118 31 8 5 52 4 56 4 20 4 19 51 4 5 4 4 5 4 22 4 10 4 56 52 4 57 4 109 5 4 53 4 17 4 49 43 4 49 4 16 24 4 5 4 43 50 16 37 16 93 27 12 9 4 30 4 52 17 4 5 4 12 4 42 50 4 33 4 70 17 16 6 16 5 12 41 10 4 27 4 109 47 16 46 16 109 14 4 5 4 14 4 111 19 4 22 4 84 10 4 5 4 16 4 15 49 4 48 4 49 6 18 4 0 12 17 17 4 22 32 10 4 0 5 16 27 16 96 59 4 54 4 5 4 38 28 57 5 4 56 28 8 4 13 53 4 23 4 38 4 27 19 16 5 16 15 5 4 20 4 3 34 4 53 4 26 4 87 56 4 7 47 39 4 114 9 4 12 4 50 4 10 4 38 24 4 58 4 49 4 29 4 32 54 4 52 4 48 8 47 4 36 52 4 26 4 41 4 106 44 4 5 59 35 4 3 59 4 16 35 56 4 12 24 4 44 4 102 25 5 20 4 11 48 20 4 118 6 4 5 4 71 47 4 13 4 55 4 5 4 4 48 4 35 4 44 4 46 4 19 54 4 18 4 107 42 48 23 4 57 4 117 27 4 43 4 18 4 11 4 54 16 4 23 4 25 4 17 54 4 58 4 6 4 2 31 4 14 4 5 4 51 4 0 18 4 23 4 50 4 12 4 
iteration 141 best: 1.06735 time: 60341
97 29 8 113 5 8 56 46 8 90 23 4 33 4 51 57 4 29 4 102 5 8 1 14 4 37 4 15 17 12 7 25 8 78 36 8 10 6 8 12 41 12 94 5 4 21 4 21 43 4 56 4 40 4 21 4 112 7 4 45 4 44 4 37 5 8 106 29 8 16 10 4 45 4 82 14 16 52 16 22 11 4 39 4 5 4 30 4 9 20 4 5 4 32 4 17 5 8 20 8 82 35 4 31 4 17 4 40 4 0 35 8 95 5 4 22 4 55 4 5 4 101 45 8 106 26 4 2 50 8 3 8 8 118 31 8 5 52 4 56 4 20 4 19 51 4 5 4 4 5 4 22 4 10 4 56 52 4 57 4 109 5 4 53 4 17 4 49 43 4 49 4 16 24 4 5 4 43 50 16 37 16 93 27 12 9 4 30 4 52 17 4 5 4 12 4 42 50 4 33 4 70 17 16 6 16 5 12 41 10 4 27 4 109 47 16 46 16 109 14 4 5 4 14 4 111 19 4 22 4 84 10 4 5 4 16 4 15 49 4 48 4 49 6 18 4 0 12 17 17 4 22 32 10 4 0 5 16 27 16 96 59 4 54 4 5 4 38 28 57 5 4 56 28 8 4 13 53 4 23 4 38 4 27 19 16 5 16 15 5 4 20 4 3 34 4 53 4 26 4 87 56 4 7 47 39 4 114 9 4 12 4 50 4 10 4 38 24 4 58 4 49 4 29 4 32 54 4 52 4 48 8 47 4 36 52 4 26 4 41 4 106 44 4 5 59 35 4 3 59 4 16 35 56 4 12 24 4 44 4 102 25 5 20 4 11 48 20 4 118 6 4 5 4 71 47 4 13 4 55 4 5 4 4 48 4 35 4 44 4 46 4 19 54 4 18 4 107 42 48 23 4 57 4 117 27 4 43 4 18 4 11 4 54 16 4 23 4 25 4 17 54 4 58 4 6 4 2 31 4 14 4 5 4 51 4 0 18 4 23 4 50 4 12 4 
iteration 159 best: 1.06735 time: 67865
97 29 8 113 5 8 56 46 8 90 23 4 33 4 51 57 4 29 4 102 5 8 1 14 4 37 4 15 17 12 7 25 8 78 36 8 10 6 8 12 41 12 94 5 4 21 4 21 43 4 56 4 40 4 21 4 112 7 4 45 4 44 4 37 5 8 106 29 8 16 10 4 45 4 82 14 16 52 16 22 11 4 39 4 5 4 30 4 9 20 4 5 4 32 4 17 5 8 20 8 82 35 4 31 4 17 4 40 4 0 35 8 95 5 4 22 4 55 4 5 4 101 45 8 106 26 4 2 50 8 3 8 8 118 31 8 5 52 4 56 4 20 4 19 51 4 5 4 4 5 4 22 4 10 4 56 52 4 57 4 109 5 4 53 4 17 4 49 43 4 49 4 16 24 4 5 4 43 50 16 37 16 93 27 12 9 4 30 4 52 17 4 5 4 12 4 42 50 4 33 4 70 17 16 6 16 5 12 41 10 4 27 4 109 47 16 46 16 109 14 4 5 4 14 4 111 19 4 22 4 84 10 4 5 4 16 4 15 49 4 48 4 49 6 18 4 0 12 17 17 4 22 32 10 4 0 5 16 27 16 96 59 4 54 4 5 4 38 28 57 5 4 56 28 8 4 13 53 4 23 4 38 4 27 19 16 5 16 15 5 4 20 4 3 34 4 53 4 26 4 87 56 4 7 47 39 4 114 9 4 12 4 50 4 10 4 38 24 4 58 4 49 4 29 4 32 54 4 52 4 48 8 47 4 36 52 4 26 4 41 4 106 44 4 5 59 35 4 3 59 4 16 35 56 4 12 24 4 44 4 102 25 5 20 4 11 48 20 4 118 6 4 5 4 71 47 4 13 4 55 4 5 4 4 48 4 35 4 44 4 46 4 19 54 4 18 4 107 42 48 23 4 57 4 117 27 4 43 4 18 4 11 4 54 16 4 23 4 25 4 17 54 4 58 4 6 4 2 31 4 14 4 5 4 51 4 0 18 4 23 4 50 4 12 4 
iteration 177 best: 1.06735 time: 75369
97 29 8 113 5 8 56 46 8 90 23 4 33 4 51 57 4 29 4 102 5 8 1 14 4 37 4 15 17 12 7 25 8 78 36 8 10 6 8 12 41 12 94 5 4 21 4 21 43 4 56 4 40 4 21 4 112 7 4 45 4 44 4 37 5 8 106 29 8 16 10 4 45 4 82 14 16 52 16 22 11 4 39 4 5 4 30 4 9 20 4 5 4 32 4 17 5 8 20 8 82 35 4 31 4 17 4 40 4 0 35 8 95 5 4 22 4 55 4 5 4 101 45 8 106 26 4 2 50 8 3 8 8 118 31 8 5 52 4 56 4 20 4 19 51 4 5 4 4 5 4 22 4 10 4 56 52 4 57 4 109 5 4 53 4 17 4 49 43 4 49 4 16 24 4 5 4 43 50 16 37 16 93 27 12 9 4 30 4 52 17 4 5 4 12 4 42 50 4 33 4 70 17 16 6 16 5 12 41 10 4 27 4 109 47 16 46 16 109 14 4 5 4 14 4 111 19 4 22 4 84 10 4 5 4 16 4 15 49 4 48 4 49 6 18 4 0 12 17 17 4 22 32 10 4 0 5 16 27 16 96 59 4 54 4 5 4 38 28 57 5 4 56 28 8 4 13 53 4 23 4 38 4 27 19 16 5 16 15 5 4 20 4 3 34 4 53 4 26 4 87 56 4 7 47 39 4 114 9 4 12 4 50 4 10 4 38 24 4 58 4 49 4 29 4 32 54 4 52 4 48 8 47 4 36 52 4 26 4 41 4 106 44 4 5 59 35 4 3 59 4 16 35 56 4 12 24 4 44 4 102 25 5 20 4 11 48 20 4 118 6 4 5 4 71 47 4 13 4 55 4 5 4 4 48 4 35 4 44 4 46 4 19 54 4 18 4 107 42 48 23 4 57 4 117 27 4 43 4 18 4 11 4 54 16 4 23 4 25 4 17 54 4 58 4 6 4 2 31 4 14 4 5 4 51 4 0 18 4 23 4 50 4 12 4 
iteration 195 best: 1.06735 time: 82922
97 29 8 113 5 8 56 46 8 90 23 4 33 4 51 57 4 29 4 102 5 8 1 14 4 37 4 15 17 12 7 25 8 78 36 8 10 6 8 12 41 12 94 5 4 21 4 21 43 4 56 4 40 4 21 4 112 7 4 45 4 44 4 37 5 8 106 29 8 16 10 4 45 4 82 14 16 52 16 22 11 4 39 4 5 4 30 4 9 20 4 5 4 32 4 17 5 8 20 8 82 35 4 31 4 17 4 40 4 0 35 8 95 5 4 22 4 55 4 5 4 101 45 8 106 26 4 2 50 8 3 8 8 118 31 8 5 52 4 56 4 20 4 19 51 4 5 4 4 5 4 22 4 10 4 56 52 4 57 4 109 5 4 53 4 17 4 49 43 4 49 4 16 24 4 5 4 43 50 16 37 16 93 27 12 9 4 30 4 52 17 4 5 4 12 4 42 50 4 33 4 70 17 16 6 16 5 12 41 10 4 27 4 109 47 16 46 16 109 14 4 5 4 14 4 111 19 4 22 4 84 10 4 5 4 16 4 15 49 4 48 4 49 6 18 4 0 12 17 17 4 22 32 10 4 0 5 16 27 16 96 59 4 54 4 5 4 38 28 57 5 4 56 28 8 4 13 53 4 23 4 38 4 27 19 16 5 16 15 5 4 20 4 3 34 4 53 4 26 4 87 56 4 7 47 39 4 114 9 4 12 4 50 4 10 4 38 24 4 58 4 49 4 29 4 32 54 4 52 4 48 8 47 4 36 52 4 26 4 41 4 106 44 4 5 59 35 4 3 59 4 16 35 56 4 12 24 4 44 4 102 25 5 20 4 11 48 20 4 118 6 4 5 4 71 47 4 13 4 55 4 5 4 4 48 4 35 4 44 4 46 4 19 54 4 18 4 107 42 48 23 4 57 4 117 27 4 43 4 18 4 11 4 54 16 4 23 4 25 4 17 54 4 58 4 6 4 2 31 4 14 4 5 4 51 4 0 18 4 23 4 50 4 12 4 
iteration 213 best: 1.06735 time: 90457
97 29 8 113 5 8 56 46 8 90 23 4 33 4 51 57 4 29 4 102 5 8 1 14 4 37 4 15 17 12 7 25 8 78 36 8 10 6 8 12 41 12 94 5 4 21 4 21 43 4 56 4 40 4 21 4 112 7 4 45 4 44 4 37 5 8 106 29 8 16 10 4 45 4 82 14 16 52 16 22 11 4 39 4 5 4 30 4 9 20 4 5 4 32 4 17 5 8 20 8 82 35 4 31 4 17 4 40 4 0 35 8 95 5 4 22 4 55 4 5 4 101 45 8 106 26 4 2 50 8 3 8 8 118 31 8 5 52 4 56 4 20 4 19 51 4 5 4 4 5 4 22 4 10 4 56 52 4 57 4 109 5 4 53 4 17 4 49 43 4 49 4 16 24 4 5 4 43 50 16 37 16 93 27 12 9 4 30 4 52 17 4 5 4 12 4 42 50 4 33 4 70 17 16 6 16 5 12 41 10 4 27 4 109 47 16 46 16 109 14 4 5 4 14 4 111 19 4 22 4 84 10 4 5 4 16 4 15 49 4 48 4 49 6 18 4 0 12 17 17 4 22 32 10 4 0 5 16 27 16 96 59 4 54 4 5 4 38 28 57 5 4 56 28 8 4 13 53 4 23 4 38 4 27 19 16 5 16 15 5 4 20 4 3 34 4 53 4 26 4 87 56 4 7 47 39 4 114 9 4 12 4 50 4 10 4 38 24 4 58 4 49 4 29 4 32 54 4 52 4 48 8 47 4 36 52 4 26 4 41 4 106 44 4 5 59 35 4 3 59 4 16 35 56 4 12 24 4 44 4 102 25 5 20 4 11 48 20 4 118 6 4 5 4 71 47 4 13 4 55 4 5 4 4 48 4 35 4 44 4 46 4 19 54 4 18 4 107 42 48 23 4 57 4 117 27 4 43 4 18 4 11 4 54 16 4 23 4 25 4 17 54 4 58 4 6 4 2 31 4 14 4 5 4 51 4 0 18 4 23 4 50 4 12 4 
iteration 231 best: 1.06735 time: 97993
97 29 8 113 5 8 56 46 8 90 23 4 33 4 51 57 4 29 4 102 5 8 1 14 4 37 4 15 17 12 7 25 8 78 36 8 10 6 8 12 41 12 94 5 4 21 4 21 43 4 56 4 40 4 21 4 112 7 4 45 4 44 4 37 5 8 106 29 8 16 10 4 45 4 82 14 16 52 16 22 11 4 39 4 5 4 30 4 9 20 4 5 4 32 4 17 5 8 20 8 82 35 4 31 4 17 4 40 4 0 35 8 95 5 4 22 4 55 4 5 4 101 45 8 106 26 4 2 50 8 3 8 8 118 31 8 5 52 4 56 4 20 4 19 51 4 5 4 4 5 4 22 4 10 4 56 52 4 57 4 109 5 4 53 4 17 4 49 43 4 49 4 16 24 4 5 4 43 50 16 37 16 93 27 12 9 4 30 4 52 17 4 5 4 12 4 42 50 4 33 4 70 17 16 6 16 5 12 41 10 4 27 4 109 47 16 46 16 109 14 4 5 4 14 4 111 19 4 22 4 84 10 4 5 4 16 4 15 49 4 48 4 49 6 18 4 0 12 17 17 4 22 32 10 4 0 5 16 27 16 96 59 4 54 4 5 4 38 28 57 5 4 56 28 8 4 13 53 4 23 4 38 4 27 19 16 5 16 15 5 4 20 4 3 34 4 53 4 26 4 87 56 4 7 47 39 4 114 9 4 12 4 50 4 10 4 38 24 4 58 4 49 4 29 4 32 54 4 52 4 48 8 47 4 36 52 4 26 4 41 4 106 44 4 5 59 35 4 3 59 4 16 35 56 4 12 24 4 44 4 102 25 5 20 4 11 48 20 4 118 6 4 5 4 71 47 4 13 4 55 4 5 4 4 48 4 35 4 44 4 46 4 19 54 4 18 4 107 42 48 23 4 57 4 117 27 4 43 4 18 4 11 4 54 16 4 23 4 25 4 17 54 4 58 4 6 4 2 31 4 14 4 5 4 51 4 0 18 4 23 4 50 4 12 4 
iteration 249 best: 1.06735 time: 105507
97 29 8 113 5 8 56 46 8 90 23 4 33 4 51 57 4 29 4 102 5 8 1 14 4 37 4 15 17 12 7 25 8 78 36 8 10 6 8 12 41 12 94 5 4 21 4 21 43 4 56 4 40 4 21 4 112 7 4 45 4 44 4 37 5 8 106 29 8 16 10 4 45 4 82 14 16 52 16 22 11 4 39 4 5 4 30 4 9 20 4 5 4 32 4 17 5 8 20 8 82 35 4 31 4 17 4 40 4 0 35 8 95 5 4 22 4 55 4 5 4 101 45 8 106 26 4 2 50 8 3 8 8 118 31 8 5 52 4 56 4 20 4 19 51 4 5 4 4 5 4 22 4 10 4 56 52 4 57 4 109 5 4 53 4 17 4 49 43 4 49 4 16 24 4 5 4 43 50 16 37 16 93 27 12 9 4 30 4 52 17 4 5 4 12 4 42 50 4 33 4 70 17 16 6 16 5 12 41 10 4 27 4 109 47 16 46 16 109 14 4 5 4 14 4 111 19 4 22 4 84 10 4 5 4 16 4 15 49 4 48 4 49 6 18 4 0 12 17 17 4 22 32 10 4 0 5 16 27 16 96 59 4 54 4 5 4 38 28 57 5 4 56 28 8 4 13 53 4 23 4 38 4 27 19 16 5 16 15 5 4 20 4 3 34 4 53 4 26 4 87 56 4 7 47 39 4 114 9 4 12 4 50 4 10 4 38 24 4 58 4 49 4 29 4 32 54 4 52 4 48 8 47 4 36 52 4 26 4 41 4 106 44 4 5 59 35 4 3 59 4 16 35 56 4 12 24 4 44 4 102 25 5 20 4 11 48 20 4 118 6 4 5 4 71 47 4 13 4 55 4 5 4 4 48 4 35 4 44 4 46 4 19 54 4 18 4 107 42 48 23 4 57 4 117 27 4 43 4 18 4 11 4 54 16 4 23 4 25 4 17 54 4 58 4 6 4 2 31 4 14 4 5 4 51 4 0 18 4 23 4 50 4 12 4 
iteration 267 best: 1.06735 time: 113007
97 29 8 113 5 8 56 46 8 90 23 4 33 4 51 57 4 29 4 102 5 8 1 14 4 37 4 15 17 12 7 25 8 78 36 8 10 6 8 12 41 12 94 5 4 21 4 21 43 4 56 4 40 4 21 4 112 7 4 45 4 44 4 37 5 8 106 29 8 16 10 4 45 4 82 14 16 52 16 22 11 4 39 4 5 4 30 4 9 20 4 5 4 32 4 17 5 8 20 8 82 35 4 31 4 17 4 40 4 0 35 8 95 5 4 22 4 55 4 5 4 101 45 8 106 26 4 2 50 8 3 8 8 118 31 8 5 52 4 56 4 20 4 19 51 4 5 4 4 5 4 22 4 10 4 56 52 4 57 4 109 5 4 53 4 17 4 49 43 4 49 4 16 24 4 5 4 43 50 16 37 16 93 27 12 9 4 30 4 52 17 4 5 4 12 4 42 50 4 33 4 70 17 16 6 16 5 12 41 10 4 27 4 109 47 16 46 16 109 14 4 5 4 14 4 111 19 4 22 4 84 10 4 5 4 16 4 15 49 4 48 4 49 6 18 4 0 12 17 17 4 22 32 10 4 0 5 16 27 16 96 59 4 54 4 5 4 38 28 57 5 4 56 28 8 4 13 53 4 23 4 38 4 27 19 16 5 16 15 5 4 20 4 3 34 4 53 4 26 4 87 56 4 7 47 39 4 114 9 4 12 4 50 4 10 4 38 24 4 58 4 49 4 29 4 32 54 4 52 4 48 8 47 4 36 52 4 26 4 41 4 106 44 4 5 59 35 4 3 59 4 16 35 56 4 12 24 4 44 4 102 25 5 20 4 11 48 20 4 118 6 4 5 4 71 47 4 13 4 55 4 5 4 4 48 4 35 4 44 4 46 4 19 54 4 18 4 107 42 48 23 4 57 4 117 27 4 43 4 18 4 11 4 54 16 4 23 4 25 4 17 54 4 58 4 6 4 2 31 4 14 4 5 4 51 4 0 18 4 23 4 50 4 12 4 
iteration 285 best: 1.06735 time: 120499
97 29 8 113 5 8 56 46 8 90 23 4 33 4 51 57 4 29 4 102 5 8 1 14 4 37 4 15 17 12 7 25 8 78 36 8 10 6 8 12 41 12 94 5 4 21 4 21 43 4 56 4 40 4 21 4 112 7 4 45 4 44 4 37 5 8 106 29 8 16 10 4 45 4 82 14 16 52 16 22 11 4 39 4 5 4 30 4 9 20 4 5 4 32 4 17 5 8 20 8 82 35 4 31 4 17 4 40 4 0 35 8 95 5 4 22 4 55 4 5 4 101 45 8 106 26 4 2 50 8 3 8 8 118 31 8 5 52 4 56 4 20 4 19 51 4 5 4 4 5 4 22 4 10 4 56 52 4 57 4 109 5 4 53 4 17 4 49 43 4 49 4 16 24 4 5 4 43 50 16 37 16 93 27 12 9 4 30 4 52 17 4 5 4 12 4 42 50 4 33 4 70 17 16 6 16 5 12 41 10 4 27 4 109 47 16 46 16 109 14 4 5 4 14 4 111 19 4 22 4 84 10 4 5 4 16 4 15 49 4 48 4 49 6 18 4 0 12 17 17 4 22 32 10 4 0 5 16 27 16 96 59 4 54 4 5 4 38 28 57 5 4 56 28 8 4 13 53 4 23 4 38 4 27 19 16 5 16 15 5 4 20 4 3 34 4 53 4 26 4 87 56 4 7 47 39 4 114 9 4 12 4 50 4 10 4 38 24 4 58 4 49 4 29 4 32 54 4 52 4 48 8 47 4 36 52 4 26 4 41 4 106 44 4 5 59 35 4 3 59 4 16 35 56 4 12 24 4 44 4 102 25 5 20 4 11 48 20 4 118 6 4 5 4 71 47 4 13 4 55 4 5 4 4 48 4 35 4 44 4 46 4 19 54 4 18 4 107 42 48 23 4 57 4 117 27 4 43 4 18 4 11 4 54 16 4 23 4 25 4 17 54 4 58 4 6 4 2 31 4 14 4 5 4 51 4 0 18 4 23 4 50 4 12 4 
iteration 303 best: 1.06735 time: 128039
97 29 8 113 5 8 56 46 8 90 23 4 33 4 51 57 4 29 4 102 5 8 1 14 4 37 4 15 17 12 7 25 8 78 36 8 10 6 8 12 41 12 94 5 4 21 4 21 43 4 56 4 40 4 21 4 112 7 4 45 4 44 4 37 5 8 106 29 8 16 10 4 45 4 82 14 16 52 16 22 11 4 39 4 5 4 30 4 9 20 4 5 4 32 4 17 5 8 20 8 82 35 4 31 4 17 4 40 4 0 35 8 95 5 4 22 4 55 4 5 4 101 45 8 106 26 4 2 50 8 3 8 8 118 31 8 5 52 4 56 4 20 4 19 51 4 5 4 4 5 4 22 4 10 4 56 52 4 57 4 109 5 4 53 4 17 4 49 43 4 49 4 16 24 4 5 4 43 50 16 37 16 93 27 12 9 4 30 4 52 17 4 5 4 12 4 42 50 4 33 4 70 17 16 6 16 5 12 41 10 4 27 4 109 47 16 46 16 109 14 4 5 4 14 4 111 19 4 22 4 84 10 4 5 4 16 4 15 49 4 48 4 49 6 18 4 0 12 17 17 4 22 32 10 4 0 5 16 27 16 96 59 4 54 4 5 4 38 28 57 5 4 56 28 8 4 13 53 4 23 4 38 4 27 19 16 5 16 15 5 4 20 4 3 34 4 53 4 26 4 87 56 4 7 47 39 4 114 9 4 12 4 50 4 10 4 38 24 4 58 4 49 4 29 4 32 54 4 52 4 48 8 47 4 36 52 4 26 4 41 4 106 44 4 5 59 35 4 3 59 4 16 35 56 4 12 24 4 44 4 102 25 5 20 4 11 48 20 4 118 6 4 5 4 71 47 4 13 4 55 4 5 4 4 48 4 35 4 44 4 46 4 19 54 4 18 4 107 42 48 23 4 57 4 117 27 4 43 4 18 4 11 4 54 16 4 23 4 25 4 17 54 4 58 4 6 4 2 31 4 14 4 5 4 51 4 0 18 4 23 4 50 4 12 4 
iteration 321 best: 1.06735 time: 135552
97 29 8 113 5 8 56 46 8 90 23 4 33 4 51 57 4 29 4 102 5 8 1 14 4 37 4 15 17 12 7 25 8 78 36 8 10 6 8 12 41 12 94 5 4 21 4 21 43 4 56 4 40 4 21 4 112 7 4 45 4 44 4 37 5 8 106 29 8 16 10 4 45 4 82 14 16 52 16 22 11 4 39 4 5 4 30 4 9 20 4 5 4 32 4 17 5 8 20 8 82 35 4 31 4 17 4 40 4 0 35 8 95 5 4 22 4 55 4 5 4 101 45 8 106 26 4 2 50 8 3 8 8 118 31 8 5 52 4 56 4 20 4 19 51 4 5 4 4 5 4 22 4 10 4 56 52 4 57 4 109 5 4 53 4 17 4 49 43 4 49 4 16 24 4 5 4 43 50 16 37 16 93 27 12 9 4 30 4 52 17 4 5 4 12 4 42 50 4 33 4 70 17 16 6 16 5 12 41 10 4 27 4 109 47 16 46 16 109 14 4 5 4 14 4 111 19 4 22 4 84 10 4 5 4 16 4 15 49 4 48 4 49 6 18 4 0 12 17 17 4 22 32 10 4 0 5 16 27 16 96 59 4 54 4 5 4 38 28 57 5 4 56 28 8 4 13 53 4 23 4 38 4 27 19 16 5 16 15 5 4 20 4 3 34 4 53 4 26 4 87 56 4 7 47 39 4 114 9 4 12 4 50 4 10 4 38 24 4 58 4 49 4 29 4 32 54 4 52 4 48 8 47 4 36 52 4 26 4 41 4 106 44 4 5 59 35 4 3 59 4 16 35 56 4 12 24 4 44 4 102 25 5 20 4 11 48 20 4 118 6 4 5 4 71 47 4 13 4 55 4 5 4 4 48 4 35 4 44 4 46 4 19 54 4 18 4 107 42 48 23 4 57 4 117 27 4 43 4 18 4 11 4 54 16 4 23 4 25 4 17 54 4 58 4 6 4 2 31 4 14 4 5 4 51 4 0 18 4 23 4 50 4 12 4 
iteration 339 best: 1.06735 time: 143070
97 29 8 113 5 8 56 46 8 90 23 4 33 4 51 57 4 29 4 102 5 8 1 14 4 37 4 15 17 12 7 25 8 78 36 8 10 6 8 12 41 12 94 5 4 21 4 21 43 4 56 4 40 4 21 4 112 7 4 45 4 44 4 37 5 8 106 29 8 16 10 4 45 4 82 14 16 52 16 22 11 4 39 4 5 4 30 4 9 20 4 5 4 32 4 17 5 8 20 8 82 35 4 31 4 17 4 40 4 0 35 8 95 5 4 22 4 55 4 5 4 101 45 8 106 26 4 2 50 8 3 8 8 118 31 8 5 52 4 56 4 20 4 19 51 4 5 4 4 5 4 22 4 10 4 56 52 4 57 4 109 5 4 53 4 17 4 49 43 4 49 4 16 24 4 5 4 43 50 16 37 16 93 27 12 9 4 30 4 52 17 4 5 4 12 4 42 50 4 33 4 70 17 16 6 16 5 12 41 10 4 27 4 109 47 16 46 16 109 14 4 5 4 14 4 111 19 4 22 4 84 10 4 5 4 16 4 15 49 4 48 4 49 6 18 4 0 12 17 17 4 22 32 10 4 0 5 16 27 16 96 59 4 54 4 5 4 38 28 57 5 4 56 28 8 4 13 53 4 23 4 38 4 27 19 16 5 16 15 5 4 20 4 3 34 4 53 4 26 4 87 56 4 7 47 39 4 114 9 4 12 4 50 4 10 4 38 24 4 58 4 49 4 29 4 32 54 4 52 4 48 8 47 4 36 52 4 26 4 41 4 106 44 4 5 59 35 4 3 59 4 16 35 56 4 12 24 4 44 4 102 25 5 20 4 11 48 20 4 118 6 4 5 4 71 47 4 13 4 55 4 5 4 4 48 4 35 4 44 4 46 4 19 54 4 18 4 107 42 48 23 4 57 4 117 27 4 43 4 18 4 11 4 54 16 4 23 4 25 4 17 54 4 58 4 6 4 2 31 4 14 4 5 4 51 4 0 18 4 23 4 50 4 12 4 
iteration 357 best: 1.06735 time: 150594
97 29 8 113 5 8 56 46 8 90 23 4 33 4 51 57 4 29 4 102 5 8 1 14 4 37 4 15 17 12 7 25 8 78 36 8 10 6 8 12 41 12 94 5 4 21 4 21 43 4 56 4 40 4 21 4 112 7 4 45 4 44 4 37 5 8 106 29 8 16 10 4 45 4 82 14 16 52 16 22 11 4 39 4 5 4 30 4 9 20 4 5 4 32 4 17 5 8 20 8 82 35 4 31 4 17 4 40 4 0 35 8 95 5 4 22 4 55 4 5 4 101 45 8 106 26 4 2 50 8 3 8 8 118 31 8 5 52 4 56 4 20 4 19 51 4 5 4 4 5 4 22 4 10 4 56 52 4 57 4 109 5 4 53 4 17 4 49 43 4 49 4 16 24 4 5 4 43 50 16 37 16 93 27 12 9 4 30 4 52 17 4 5 4 12 4 42 50 4 33 4 70 17 16 6 16 5 12 41 10 4 27 4 109 47 16 46 16 109 14 4 5 4 14 4 111 19 4 22 4 84 10 4 5 4 16 4 15 49 4 48 4 49 6 18 4 0 12 17 17 4 22 32 10 4 0 5 16 27 16 96 59 4 54 4 5 4 38 28 57 5 4 56 28 8 4 13 53 4 23 4 38 4 27 19 16 5 16 15 5 4 20 4 3 34 4 53 4 26 4 87 56 4 7 47 39 4 114 9 4 12 4 50 4 10 4 38 24 4 58 4 49 4 29 4 32 54 4 52 4 48 8 47 4 36 52 4 26 4 41 4 106 44 4 5 59 35 4 3 59 4 16 35 56 4 12 24 4 44 4 102 25 5 20 4 11 48 20 4 118 6 4 5 4 71 47 4 13 4 55 4 5 4 4 48 4 35 4 44 4 46 4 19 54 4 18 4 107 42 48 23 4 57 4 117 27 4 43 4 18 4 11 4 54 16 4 23 4 25 4 17 54 4 58 4 6 4 2 31 4 14 4 5 4 51 4 0 18 4 23 4 50 4 12 4 
iteration 375 best: 1.06735 time: 158103
97 29 8 113 5 8 56 46 8 90 23 4 33 4 51 57 4 29 4 102 5 8 1 14 4 37 4 15 17 12 7 25 8 78 36 8 10 6 8 12 41 12 94 5 4 21 4 21 43 4 56 4 40 4 21 4 112 7 4 45 4 44 4 37 5 8 106 29 8 16 10 4 45 4 82 14 16 52 16 22 11 4 39 4 5 4 30 4 9 20 4 5 4 32 4 17 5 8 20 8 82 35 4 31 4 17 4 40 4 0 35 8 95 5 4 22 4 55 4 5 4 101 45 8 106 26 4 2 50 8 3 8 8 118 31 8 5 52 4 56 4 20 4 19 51 4 5 4 4 5 4 22 4 10 4 56 52 4 57 4 109 5 4 53 4 17 4 49 43 4 49 4 16 24 4 5 4 43 50 16 37 16 93 27 12 9 4 30 4 52 17 4 5 4 12 4 42 50 4 33 4 70 17 16 6 16 5 12 41 10 4 27 4 109 47 16 46 16 109 14 4 5 4 14 4 111 19 4 22 4 84 10 4 5 4 16 4 15 49 4 48 4 49 6 18 4 0 12 17 17 4 22 32 10 4 0 5 16 27 16 96 59 4 54 4 5 4 38 28 57 5 4 56 28 8 4 13 53 4 23 4 38 4 27 19 16 5 16 15 5 4 20 4 3 34 4 53 4 26 4 87 56 4 7 47 39 4 114 9 4 12 4 50 4 10 4 38 24 4 58 4 49 4 29 4 32 54 4 52 4 48 8 47 4 36 52 4 26 4 41 4 106 44 4 5 59 35 4 3 59 4 16 35 56 4 12 24 4 44 4 102 25 5 20 4 11 48 20 4 118 6 4 5 4 71 47 4 13 4 55 4 5 4 4 48 4 35 4 44 4 46 4 19 54 4 18 4 107 42 48 23 4 57 4 117 27 4 43 4 18 4 11 4 54 16 4 23 4 25 4 17 54 4 58 4 6 4 2 31 4 14 4 5 4 51 4 0 18 4 23 4 50 4 12 4 
iteration 393 best: 1.06735 time: 165654
97 29 8 113 5 8 56 46 8 90 23 4 33 4 51 57 4 29 4 102 5 8 1 14 4 37 4 15 17 12 7 25 8 78 36 8 10 6 8 12 41 12 94 5 4 21 4 21 43 4 56 4 40 4 21 4 112 7 4 45 4 44 4 37 5 8 106 29 8 16 10 4 45 4 82 14 16 52 16 22 11 4 39 4 5 4 30 4 9 20 4 5 4 32 4 17 5 8 20 8 82 35 4 31 4 17 4 40 4 0 35 8 95 5 4 22 4 55 4 5 4 101 45 8 106 26 4 2 50 8 3 8 8 118 31 8 5 52 4 56 4 20 4 19 51 4 5 4 4 5 4 22 4 10 4 56 52 4 57 4 109 5 4 53 4 17 4 49 43 4 49 4 16 24 4 5 4 43 50 16 37 16 93 27 12 9 4 30 4 52 17 4 5 4 12 4 42 50 4 33 4 70 17 16 6 16 5 12 41 10 4 27 4 109 47 16 46 16 109 14 4 5 4 14 4 111 19 4 22 4 84 10 4 5 4 16 4 15 49 4 48 4 49 6 18 4 0 12 17 17 4 22 32 10 4 0 5 16 27 16 96 59 4 54 4 5 4 38 28 57 5 4 56 28 8 4 13 53 4 23 4 38 4 27 19 16 5 16 15 5 4 20 4 3 34 4 53 4 26 4 87 56 4 7 47 39 4 114 9 4 12 4 50 4 10 4 38 24 4 58 4 49 4 29 4 32 54 4 52 4 48 8 47 4 36 52 4 26 4 41 4 106 44 4 5 59 35 4 3 59 4 16 35 56 4 12 24 4 44 4 102 25 5 20 4 11 48 20 4 118 6 4 5 4 71 47 4 13 4 55 4 5 4 4 48 4 35 4 44 4 46 4 19 54 4 18 4 107 42 48 23 4 57 4 117 27 4 43 4 18 4 11 4 54 16 4 23 4 25 4 17 54 4 58 4 6 4 2 31 4 14 4 5 4 51 4 0 18 4 23 4 50 4 12 4 
iteration 411 best: 1.06735 time: 173170
97 29 8 113 5 8 56 46 8 90 23 4 33 4 51 57 4 29 4 102 5 8 1 14 4 37 4 15 17 12 7 25 8 78 36 8 10 6 8 12 41 12 94 5 4 21 4 21 43 4 56 4 40 4 21 4 112 7 4 45 4 44 4 37 5 8 106 29 8 16 10 4 45 4 82 14 16 52 16 22 11 4 39 4 5 4 30 4 9 20 4 5 4 32 4 17 5 8 20 8 82 35 4 31 4 17 4 40 4 0 35 8 95 5 4 22 4 55 4 5 4 101 45 8 106 26 4 2 50 8 3 8 8 118 31 8 5 52 4 56 4 20 4 19 51 4 5 4 4 5 4 22 4 10 4 56 52 4 57 4 109 5 4 53 4 17 4 49 43 4 49 4 16 24 4 5 4 43 50 16 37 16 93 27 12 9 4 30 4 52 17 4 5 4 12 4 42 50 4 33 4 70 17 16 6 16 5 12 41 10 4 27 4 109 47 16 46 16 109 14 4 5 4 14 4 111 19 4 22 4 84 10 4 5 4 16 4 15 49 4 48 4 49 6 18 4 0 12 17 17 4 22 32 10 4 0 5 16 27 16 96 59 4 54 4 5 4 38 28 57 5 4 56 28 8 4 13 53 4 23 4 38 4 27 19 16 5 16 15 5 4 20 4 3 34 4 53 4 26 4 87 56 4 7 47 39 4 114 9 4 12 4 50 4 10 4 38 24 4 58 4 49 4 29 4 32 54 4 52 4 48 8 47 4 36 52 4 26 4 41 4 106 44 4 5 59 35 4 3 59 4 16 35 56 4 12 24 4 44 4 102 25 5 20 4 11 48 20 4 118 6 4 5 4 71 47 4 13 4 55 4 5 4 4 48 4 35 4 44 4 46 4 19 54 4 18 4 107 42 48 23 4 57 4 117 27 4 43 4 18 4 11 4 54 16 4 23 4 25 4 17 54 4 58 4 6 4 2 31 4 14 4 5 4 51 4 0 18 4 23 4 50 4 12 4 
iteration 429 best: 1.06735 time: 180681
97 29 8 113 5 8 56 46 8 90 23 4 33 4 51 57 4 29 4 102 5 8 1 14 4 37 4 15 17 12 7 25 8 78 36 8 10 6 8 12 41 12 94 5 4 21 4 21 43 4 56 4 40 4 21 4 112 7 4 45 4 44 4 37 5 8 106 29 8 16 10 4 45 4 82 14 16 52 16 22 11 4 39 4 5 4 30 4 9 20 4 5 4 32 4 17 5 8 20 8 82 35 4 31 4 17 4 40 4 0 35 8 95 5 4 22 4 55 4 5 4 101 45 8 106 26 4 2 50 8 3 8 8 118 31 8 5 52 4 56 4 20 4 19 51 4 5 4 4 5 4 22 4 10 4 56 52 4 57 4 109 5 4 53 4 17 4 49 43 4 49 4 16 24 4 5 4 43 50 16 37 16 93 27 12 9 4 30 4 52 17 4 5 4 12 4 42 50 4 33 4 70 17 16 6 16 5 12 41 10 4 27 4 109 47 16 46 16 109 14 4 5 4 14 4 111 19 4 22 4 84 10 4 5 4 16 4 15 49 4 48 4 49 6 18 4 0 12 17 17 4 22 32 10 4 0 5 16 27 16 96 59 4 54 4 5 4 38 28 57 5 4 56 28 8 4 13 53 4 23 4 38 4 27 19 16 5 16 15 5 4 20 4 3 34 4 53 4 26 4 87 56 4 7 47 39 4 114 9 4 12 4 50 4 10 4 38 24 4 58 4 49 4 29 4 32 54 4 52 4 48 8 47 4 36 52 4 26 4 41 4 106 44 4 5 59 35 4 3 59 4 16 35 56 4 12 24 4 44 4 102 25 5 20 4 11 48 20 4 118 6 4 5 4 71 47 4 13 4 55 4 5 4 4 48 4 35 4 44 4 46 4 19 54 4 18 4 107 42 48 23 4 57 4 117 27 4 43 4 18 4 11 4 54 16 4 23 4 25 4 17 54 4 58 4 6 4 2 31 4 14 4 5 4 51 4 0 18 4 23 4 50 4 12 4 
iteration 447 best: 1.06735 time: 188198
97 29 8 113 5 8 56 46 8 90 23 4 33 4 51 57 4 29 4 102 5 8 1 14 4 37 4 15 17 12 7 25 8 78 36 8 10 6 8 12 41 12 94 5 4 21 4 21 43 4 56 4 40 4 21 4 112 7 4 45 4 44 4 37 5 8 106 29 8 16 10 4 45 4 82 14 16 52 16 22 11 4 39 4 5 4 30 4 9 20 4 5 4 32 4 17 5 8 20 8 82 35 4 31 4 17 4 40 4 0 35 8 95 5 4 22 4 55 4 5 4 101 45 8 106 26 4 2 50 8 3 8 8 118 31 8 5 52 4 56 4 20 4 19 51 4 5 4 4 5 4 22 4 10 4 56 52 4 57 4 109 5 4 53 4 17 4 49 43 4 49 4 16 24 4 5 4 43 50 16 37 16 93 27 12 9 4 30 4 52 17 4 5 4 12 4 42 50 4 33 4 70 17 16 6 16 5 12 41 10 4 27 4 109 47 16 46 16 109 14 4 5 4 14 4 111 19 4 22 4 84 10 4 5 4 16 4 15 49 4 48 4 49 6 18 4 0 12 17 17 4 22 32 10 4 0 5 16 27 16 96 59 4 54 4 5 4 38 28 57 5 4 56 28 8 4 13 53 4 23 4 38 4 27 19 16 5 16 15 5 4 20 4 3 34 4 53 4 26 4 87 56 4 7 47 39 4 114 9 4 12 4 50 4 10 4 38 24 4 58 4 49 4 29 4 32 54 4 52 4 48 8 47 4 36 52 4 26 4 41 4 106 44 4 5 59 35 4 3 59 4 16 35 56 4 12 24 4 44 4 102 25 5 20 4 11 48 20 4 118 6 4 5 4 71 47 4 13 4 55 4 5 4 4 48 4 35 4 44 4 46 4 19 54 4 18 4 107 42 48 23 4 57 4 117 27 4 43 4 18 4 11 4 54 16 4 23 4 25 4 17 54 4 58 4 6 4 2 31 4 14 4 5 4 51 4 0 18 4 23 4 50 4 12 4 
iteration 465 best: 1.06735 time: 195704
97 29 8 113 5 8 56 46 8 90 23 4 33 4 51 57 4 29 4 102 5 8 1 14 4 37 4 15 17 12 7 25 8 78 36 8 10 6 8 12 41 12 94 5 4 21 4 21 43 4 56 4 40 4 21 4 112 7 4 45 4 44 4 37 5 8 106 29 8 16 10 4 45 4 82 14 16 52 16 22 11 4 39 4 5 4 30 4 9 20 4 5 4 32 4 17 5 8 20 8 82 35 4 31 4 17 4 40 4 0 35 8 95 5 4 22 4 55 4 5 4 101 45 8 106 26 4 2 50 8 3 8 8 118 31 8 5 52 4 56 4 20 4 19 51 4 5 4 4 5 4 22 4 10 4 56 52 4 57 4 109 5 4 53 4 17 4 49 43 4 49 4 16 24 4 5 4 43 50 16 37 16 93 27 12 9 4 30 4 52 17 4 5 4 12 4 42 50 4 33 4 70 17 16 6 16 5 12 41 10 4 27 4 109 47 16 46 16 109 14 4 5 4 14 4 111 19 4 22 4 84 10 4 5 4 16 4 15 49 4 48 4 49 6 18 4 0 12 17 17 4 22 32 10 4 0 5 16 27 16 96 59 4 54 4 5 4 38 28 57 5 4 56 28 8 4 13 53 4 23 4 38 4 27 19 16 5 16 15 5 4 20 4 3 34 4 53 4 26 4 87 56 4 7 47 39 4 114 9 4 12 4 50 4 10 4 38 24 4 58 4 49 4 29 4 32 54 4 52 4 48 8 47 4 36 52 4 26 4 41 4 106 44 4 5 59 35 4 3 59 4 16 35 56 4 12 24 4 44 4 102 25 5 20 4 11 48 20 4 118 6 4 5 4 71 47 4 13 4 55 4 5 4 4 48 4 35 4 44 4 46 4 19 54 4 18 4 107 42 48 23 4 57 4 117 27 4 43 4 18 4 11 4 54 16 4 23 4 25 4 17 54 4 58 4 6 4 2 31 4 14 4 5 4 51 4 0 18 4 23 4 50 4 12 4 
iteration 483 best: 1.06735 time: 203225
97 29 8 113 5 8 56 46 8 90 23 4 33 4 51 57 4 29 4 102 5 8 1 14 4 37 4 15 17 12 7 25 8 78 36 8 10 6 8 12 41 12 94 5 4 21 4 21 43 4 56 4 40 4 21 4 112 7 4 45 4 44 4 37 5 8 106 29 8 16 10 4 45 4 82 14 16 52 16 22 11 4 39 4 5 4 30 4 9 20 4 5 4 32 4 17 5 8 20 8 82 35 4 31 4 17 4 40 4 0 35 8 95 5 4 22 4 55 4 5 4 101 45 8 106 26 4 2 50 8 3 8 8 118 31 8 5 52 4 56 4 20 4 19 51 4 5 4 4 5 4 22 4 10 4 56 52 4 57 4 109 5 4 53 4 17 4 49 43 4 49 4 16 24 4 5 4 43 50 16 37 16 93 27 12 9 4 30 4 52 17 4 5 4 12 4 42 50 4 33 4 70 17 16 6 16 5 12 41 10 4 27 4 109 47 16 46 16 109 14 4 5 4 14 4 111 19 4 22 4 84 10 4 5 4 16 4 15 49 4 48 4 49 6 18 4 0 12 17 17 4 22 32 10 4 0 5 16 27 16 96 59 4 54 4 5 4 38 28 57 5 4 56 28 8 4 13 53 4 23 4 38 4 27 19 16 5 16 15 5 4 20 4 3 34 4 53 4 26 4 87 56 4 7 47 39 4 114 9 4 12 4 50 4 10 4 38 24 4 58 4 49 4 29 4 32 54 4 52 4 48 8 47 4 36 52 4 26 4 41 4 106 44 4 5 59 35 4 3 59 4 16 35 56 4 12 24 4 44 4 102 25 5 20 4 11 48 20 4 118 6 4 5 4 71 47 4 13 4 55 4 5 4 4 48 4 35 4 44 4 46 4 19 54 4 18 4 107 42 48 23 4 57 4 117 27 4 43 4 18 4 11 4 54 16 4 23 4 25 4 17 54 4 58 4 6 4 2 31 4 14 4 5 4 51 4 0 18 4 23 4 50 4 12 4 
iteration 501 best: 1.06735 time: 210771
97 29 8 113 5 8 56 46 8 90 23 4 33 4 51 57 4 29 4 102 5 8 1 14 4 37 4 15 17 12 7 25 8 78 36 8 10 6 8 12 41 12 94 5 4 21 4 21 43 4 56 4 40 4 21 4 112 7 4 45 4 44 4 37 5 8 106 29 8 16 10 4 45 4 82 14 16 52 16 22 11 4 39 4 5 4 30 4 9 20 4 5 4 32 4 17 5 8 20 8 82 35 4 31 4 17 4 40 4 0 35 8 95 5 4 22 4 55 4 5 4 101 45 8 106 26 4 2 50 8 3 8 8 118 31 8 5 52 4 56 4 20 4 19 51 4 5 4 4 5 4 22 4 10 4 56 52 4 57 4 109 5 4 53 4 17 4 49 43 4 49 4 16 24 4 5 4 43 50 16 37 16 93 27 12 9 4 30 4 52 17 4 5 4 12 4 42 50 4 33 4 70 17 16 6 16 5 12 41 10 4 27 4 109 47 16 46 16 109 14 4 5 4 14 4 111 19 4 22 4 84 10 4 5 4 16 4 15 49 4 48 4 49 6 18 4 0 12 17 17 4 22 32 10 4 0 5 16 27 16 96 59 4 54 4 5 4 38 28 57 5 4 56 28 8 4 13 53 4 23 4 38 4 27 19 16 5 16 15 5 4 20 4 3 34 4 53 4 26 4 87 56 4 7 47 39 4 114 9 4 12 4 50 4 10 4 38 24 4 58 4 49 4 29 4 32 54 4 52 4 48 8 47 4 36 52 4 26 4 41 4 106 44 4 5 59 35 4 3 59 4 16 35 56 4 12 24 4 44 4 102 25 5 20 4 11 48 20 4 118 6 4 5 4 71 47 4 13 4 55 4 5 4 4 48 4 35 4 44 4 46 4 19 54 4 18 4 107 42 48 23 4 57 4 117 27 4 43 4 18 4 11 4 54 16 4 23 4 25 4 17 54 4 58 4 6 4 2 31 4 14 4 5 4 51 4 0 18 4 23 4 50 4 12 4 
iteration 519 best: 1.06735 time: 218304
97 29 8 113 5 8 56 46 8 90 23 4 33 4 51 57 4 29 4 102 5 8 1 14 4 37 4 15 17 12 7 25 8 78 36 8 10 6 8 12 41 12 94 5 4 21 4 21 43 4 56 4 40 4 21 4 112 7 4 45 4 44 4 37 5 8 106 29 8 16 10 4 45 4 82 14 16 52 16 22 11 4 39 4 5 4 30 4 9 20 4 5 4 32 4 17 5 8 20 8 82 35 4 31 4 17 4 40 4 0 35 8 95 5 4 22 4 55 4 5 4 101 45 8 106 26 4 2 50 8 3 8 8 118 31 8 5 52 4 56 4 20 4 19 51 4 5 4 4 5 4 22 4 10 4 56 52 4 57 4 109 5 4 53 4 17 4 49 43 4 49 4 16 24 4 5 4 43 50 16 37 16 93 27 12 9 4 30 4 52 17 4 5 4 12 4 42 50 4 33 4 70 17 16 6 16 5 12 41 10 4 27 4 109 47 16 46 16 109 14 4 5 4 14 4 111 19 4 22 4 84 10 4 5 4 16 4 15 49 4 48 4 49 6 18 4 0 12 17 17 4 22 32 10 4 0 5 16 27 16 96 59 4 54 4 5 4 38 28 57 5 4 56 28 8 4 13 53 4 23 4 38 4 27 19 16 5 16 15 5 4 20 4 3 34 4 53 4 26 4 87 56 4 7 47 39 4 114 9 4 12 4 50 4 10 4 38 24 4 58 4 49 4 29 4 32 54 4 52 4 48 8 47 4 36 52 4 26 4 41 4 106 44 4 5 59 35 4 3 59 4 16 35 56 4 12 24 4 44 4 102 25 5 20 4 11 48 20 4 118 6 4 5 4 71 47 4 13 4 55 4 5 4 4 48 4 35 4 44 4 46 4 19 54 4 18 4 107 42 48 23 4 57 4 117 27 4 43 4 18 4 11 4 54 16 4 23 4 25 4 17 54 4 58 4 6 4 2 31 4 14 4 5 4 51 4 0 18 4 23 4 50 4 12 4 
iteration 537 best: 1.06735 time: 225837
97 29 8 113 5 8 56 46 8 90 23 4 33 4 51 57 4 29 4 102 5 8 1 14 4 37 4 15 17 12 7 25 8 78 36 8 10 6 8 12 41 12 94 5 4 21 4 21 43 4 56 4 40 4 21 4 112 7 4 45 4 44 4 37 5 8 106 29 8 16 10 4 45 4 82 14 16 52 16 22 11 4 39 4 5 4 30 4 9 20 4 5 4 32 4 17 5 8 20 8 82 35 4 31 4 17 4 40 4 0 35 8 95 5 4 22 4 55 4 5 4 101 45 8 106 26 4 2 50 8 3 8 8 118 31 8 5 52 4 56 4 20 4 19 51 4 5 4 4 5 4 22 4 10 4 56 52 4 57 4 109 5 4 53 4 17 4 49 43 4 49 4 16 24 4 5 4 43 50 16 37 16 93 27 12 9 4 30 4 52 17 4 5 4 12 4 42 50 4 33 4 70 17 16 6 16 5 12 41 10 4 27 4 109 47 16 46 16 109 14 4 5 4 14 4 111 19 4 22 4 84 10 4 5 4 16 4 15 49 4 48 4 49 6 18 4 0 12 17 17 4 22 32 10 4 0 5 16 27 16 96 59 4 54 4 5 4 38 28 57 5 4 56 28 8 4 13 53 4 23 4 38 4 27 19 16 5 16 15 5 4 20 4 3 34 4 53 4 26 4 87 56 4 7 47 39 4 114 9 4 12 4 50 4 10 4 38 24 4 58 4 49 4 29 4 32 54 4 52 4 48 8 47 4 36 52 4 26 4 41 4 106 44 4 5 59 35 4 3 59 4 16 35 56 4 12 24 4 44 4 102 25 5 20 4 11 48 20 4 118 6 4 5 4 71 47 4 13 4 55 4 5 4 4 48 4 35 4 44 4 46 4 19 54 4 18 4 107 42 48 23 4 57 4 117 27 4 43 4 18 4 11 4 54 16 4 23 4 25 4 17 54 4 58 4 6 4 2 31 4 14 4 5 4 51 4 0 18 4 23 4 50 4 12 4 
iteration 555 best: 1.06735 time: 233356
97 29 8 113 5 8 56 46 8 90 23 4 33 4 51 57 4 29 4 102 5 8 1 14 4 37 4 15 17 12 7 25 8 78 36 8 10 6 8 12 41 12 94 5 4 21 4 21 43 4 56 4 40 4 21 4 112 7 4 45 4 44 4 37 5 8 106 29 8 16 10 4 45 4 82 14 16 52 16 22 11 4 39 4 5 4 30 4 9 20 4 5 4 32 4 17 5 8 20 8 82 35 4 31 4 17 4 40 4 0 35 8 95 5 4 22 4 55 4 5 4 101 45 8 106 26 4 2 50 8 3 8 8 118 31 8 5 52 4 56 4 20 4 19 51 4 5 4 4 5 4 22 4 10 4 56 52 4 57 4 109 5 4 53 4 17 4 49 43 4 49 4 16 24 4 5 4 43 50 16 37 16 93 27 12 9 4 30 4 52 17 4 5 4 12 4 42 50 4 33 4 70 17 16 6 16 5 12 41 10 4 27 4 109 47 16 46 16 109 14 4 5 4 14 4 111 19 4 22 4 84 10 4 5 4 16 4 15 49 4 48 4 49 6 18 4 0 12 17 17 4 22 32 10 4 0 5 16 27 16 96 59 4 54 4 5 4 38 28 57 5 4 56 28 8 4 13 53 4 23 4 38 4 27 19 16 5 16 15 5 4 20 4 3 34 4 53 4 26 4 87 56 4 7 47 39 4 114 9 4 12 4 50 4 10 4 38 24 4 58 4 49 4 29 4 32 54 4 52 4 48 8 47 4 36 52 4 26 4 41 4 106 44 4 5 59 35 4 3 59 4 16 35 56 4 12 24 4 44 4 102 25 5 20 4 11 48 20 4 118 6 4 5 4 71 47 4 13 4 55 4 5 4 4 48 4 35 4 44 4 46 4 19 54 4 18 4 107 42 48 23 4 57 4 117 27 4 43 4 18 4 11 4 54 16 4 23 4 25 4 17 54 4 58 4 6 4 2 31 4 14 4 5 4 51 4 0 18 4 23 4 50 4 12 4 
iteration 573 best: 1.06735 time: 240904
97 29 8 113 5 8 56 46 8 90 23 4 33 4 51 57 4 29 4 102 5 8 1 14 4 37 4 15 17 12 7 25 8 78 36 8 10 6 8 12 41 12 94 5 4 21 4 21 43 4 56 4 40 4 21 4 112 7 4 45 4 44 4 37 5 8 106 29 8 16 10 4 45 4 82 14 16 52 16 22 11 4 39 4 5 4 30 4 9 20 4 5 4 32 4 17 5 8 20 8 82 35 4 31 4 17 4 40 4 0 35 8 95 5 4 22 4 55 4 5 4 101 45 8 106 26 4 2 50 8 3 8 8 118 31 8 5 52 4 56 4 20 4 19 51 4 5 4 4 5 4 22 4 10 4 56 52 4 57 4 109 5 4 53 4 17 4 49 43 4 49 4 16 24 4 5 4 43 50 16 37 16 93 27 12 9 4 30 4 52 17 4 5 4 12 4 42 50 4 33 4 70 17 16 6 16 5 12 41 10 4 27 4 109 47 16 46 16 109 14 4 5 4 14 4 111 19 4 22 4 84 10 4 5 4 16 4 15 49 4 48 4 49 6 18 4 0 12 17 17 4 22 32 10 4 0 5 16 27 16 96 59 4 54 4 5 4 38 28 57 5 4 56 28 8 4 13 53 4 23 4 38 4 27 19 16 5 16 15 5 4 20 4 3 34 4 53 4 26 4 87 56 4 7 47 39 4 114 9 4 12 4 50 4 10 4 38 24 4 58 4 49 4 29 4 32 54 4 52 4 48 8 47 4 36 52 4 26 4 41 4 106 44 4 5 59 35 4 3 59 4 16 35 56 4 12 24 4 44 4 102 25 5 20 4 11 48 20 4 118 6 4 5 4 71 47 4 13 4 55 4 5 4 4 48 4 35 4 44 4 46 4 19 54 4 18 4 107 42 48 23 4 57 4 117 27 4 43 4 18 4 11 4 54 16 4 23 4 25 4 17 54 4 58 4 6 4 2 31 4 14 4 5 4 51 4 0 18 4 23 4 50 4 12 4 
iteration 591 best: 1.06735 time: 248411
97 29 8 113 5 8 56 46 8 90 23 4 33 4 51 57 4 29 4 102 5 8 1 14 4 37 4 15 17 12 7 25 8 78 36 8 10 6 8 12 41 12 94 5 4 21 4 21 43 4 56 4 40 4 21 4 112 7 4 45 4 44 4 37 5 8 106 29 8 16 10 4 45 4 82 14 16 52 16 22 11 4 39 4 5 4 30 4 9 20 4 5 4 32 4 17 5 8 20 8 82 35 4 31 4 17 4 40 4 0 35 8 95 5 4 22 4 55 4 5 4 101 45 8 106 26 4 2 50 8 3 8 8 118 31 8 5 52 4 56 4 20 4 19 51 4 5 4 4 5 4 22 4 10 4 56 52 4 57 4 109 5 4 53 4 17 4 49 43 4 49 4 16 24 4 5 4 43 50 16 37 16 93 27 12 9 4 30 4 52 17 4 5 4 12 4 42 50 4 33 4 70 17 16 6 16 5 12 41 10 4 27 4 109 47 16 46 16 109 14 4 5 4 14 4 111 19 4 22 4 84 10 4 5 4 16 4 15 49 4 48 4 49 6 18 4 0 12 17 17 4 22 32 10 4 0 5 16 27 16 96 59 4 54 4 5 4 38 28 57 5 4 56 28 8 4 13 53 4 23 4 38 4 27 19 16 5 16 15 5 4 20 4 3 34 4 53 4 26 4 87 56 4 7 47 39 4 114 9 4 12 4 50 4 10 4 38 24 4 58 4 49 4 29 4 32 54 4 52 4 48 8 47 4 36 52 4 26 4 41 4 106 44 4 5 59 35 4 3 59 4 16 35 56 4 12 24 4 44 4 102 25 5 20 4 11 48 20 4 118 6 4 5 4 71 47 4 13 4 55 4 5 4 4 48 4 35 4 44 4 46 4 19 54 4 18 4 107 42 48 23 4 57 4 117 27 4 43 4 18 4 11 4 54 16 4 23 4 25 4 17 54 4 58 4 6 4 2 31 4 14 4 5 4 51 4 0 18 4 23 4 50 4 12 4 
iteration 609 best: 1.06735 time: 255934
97 29 8 113 5 8 56 46 8 90 23 4 33 4 51 57 4 29 4 102 5 8 1 14 4 37 4 15 17 12 7 25 8 78 36 8 10 6 8 12 41 12 94 5 4 21 4 21 43 4 56 4 40 4 21 4 112 7 4 45 4 44 4 37 5 8 106 29 8 16 10 4 45 4 82 14 16 52 16 22 11 4 39 4 5 4 30 4 9 20 4 5 4 32 4 17 5 8 20 8 82 35 4 31 4 17 4 40 4 0 35 8 95 5 4 22 4 55 4 5 4 101 45 8 106 26 4 2 50 8 3 8 8 118 31 8 5 52 4 56 4 20 4 19 51 4 5 4 4 5 4 22 4 10 4 56 52 4 57 4 109 5 4 53 4 17 4 49 43 4 49 4 16 24 4 5 4 43 50 16 37 16 93 27 12 9 4 30 4 52 17 4 5 4 12 4 42 50 4 33 4 70 17 16 6 16 5 12 41 10 4 27 4 109 47 16 46 16 109 14 4 5 4 14 4 111 19 4 22 4 84 10 4 5 4 16 4 15 49 4 48 4 49 6 18 4 0 12 17 17 4 22 32 10 4 0 5 16 27 16 96 59 4 54 4 5 4 38 28 57 5 4 56 28 8 4 13 53 4 23 4 38 4 27 19 16 5 16 15 5 4 20 4 3 34 4 53 4 26 4 87 56 4 7 47 39 4 114 9 4 12 4 50 4 10 4 38 24 4 58 4 49 4 29 4 32 54 4 52 4 48 8 47 4 36 52 4 26 4 41 4 106 44 4 5 59 35 4 3 59 4 16 35 56 4 12 24 4 44 4 102 25 5 20 4 11 48 20 4 118 6 4 5 4 71 47 4 13 4 55 4 5 4 4 48 4 35 4 44 4 46 4 19 54 4 18 4 107 42 48 23 4 57 4 117 27 4 43 4 18 4 11 4 54 16 4 23 4 25 4 17 54 4 58 4 6 4 2 31 4 14 4 5 4 51 4 0 18 4 23 4 50 4 12 4 
iteration 627 best: 1.06735 time: 263441
97 29 8 113 5 8 56 46 8 90 23 4 33 4 51 57 4 29 4 102 5 8 1 14 4 37 4 15 17 12 7 25 8 78 36 8 10 6 8 12 41 12 94 5 4 21 4 21 43 4 56 4 40 4 21 4 112 7 4 45 4 44 4 37 5 8 106 29 8 16 10 4 45 4 82 14 16 52 16 22 11 4 39 4 5 4 30 4 9 20 4 5 4 32 4 17 5 8 20 8 82 35 4 31 4 17 4 40 4 0 35 8 95 5 4 22 4 55 4 5 4 101 45 8 106 26 4 2 50 8 3 8 8 118 31 8 5 52 4 56 4 20 4 19 51 4 5 4 4 5 4 22 4 10 4 56 52 4 57 4 109 5 4 53 4 17 4 49 43 4 49 4 16 24 4 5 4 43 50 16 37 16 93 27 12 9 4 30 4 52 17 4 5 4 12 4 42 50 4 33 4 70 17 16 6 16 5 12 41 10 4 27 4 109 47 16 46 16 109 14 4 5 4 14 4 111 19 4 22 4 84 10 4 5 4 16 4 15 49 4 48 4 49 6 18 4 0 12 17 17 4 22 32 10 4 0 5 16 27 16 96 59 4 54 4 5 4 38 28 57 5 4 56 28 8 4 13 53 4 23 4 38 4 27 19 16 5 16 15 5 4 20 4 3 34 4 53 4 26 4 87 56 4 7 47 39 4 114 9 4 12 4 50 4 10 4 38 24 4 58 4 49 4 29 4 32 54 4 52 4 48 8 47 4 36 52 4 26 4 41 4 106 44 4 5 59 35 4 3 59 4 16 35 56 4 12 24 4 44 4 102 25 5 20 4 11 48 20 4 118 6 4 5 4 71 47 4 13 4 55 4 5 4 4 48 4 35 4 44 4 46 4 19 54 4 18 4 107 42 48 23 4 57 4 117 27 4 43 4 18 4 11 4 54 16 4 23 4 25 4 17 54 4 58 4 6 4 2 31 4 14 4 5 4 51 4 0 18 4 23 4 50 4 12 4 
iteration 645 best: 1.06735 time: 270953
97 29 8 113 5 8 56 46 8 90 23 4 33 4 51 57 4 29 4 102 5 8 1 14 4 37 4 15 17 12 7 25 8 78 36 8 10 6 8 12 41 12 94 5 4 21 4 21 43 4 56 4 40 4 21 4 112 7 4 45 4 44 4 37 5 8 106 29 8 16 10 4 45 4 82 14 16 52 16 22 11 4 39 4 5 4 30 4 9 20 4 5 4 32 4 17 5 8 20 8 82 35 4 31 4 17 4 40 4 0 35 8 95 5 4 22 4 55 4 5 4 101 45 8 106 26 4 2 50 8 3 8 8 118 31 8 5 52 4 56 4 20 4 19 51 4 5 4 4 5 4 22 4 10 4 56 52 4 57 4 109 5 4 53 4 17 4 49 43 4 49 4 16 24 4 5 4 43 50 16 37 16 93 27 12 9 4 30 4 52 17 4 5 4 12 4 42 50 4 33 4 70 17 16 6 16 5 12 41 10 4 27 4 109 47 16 46 16 109 14 4 5 4 14 4 111 19 4 22 4 84 10 4 5 4 16 4 15 49 4 48 4 49 6 18 4 0 12 17 17 4 22 32 10 4 0 5 16 27 16 96 59 4 54 4 5 4 38 28 57 5 4 56 28 8 4 13 53 4 23 4 38 4 27 19 16 5 16 15 5 4 20 4 3 34 4 53 4 26 4 87 56 4 7 47 39 4 114 9 4 12 4 50 4 10 4 38 24 4 58 4 49 4 29 4 32 54 4 52 4 48 8 47 4 36 52 4 26 4 41 4 106 44 4 5 59 35 4 3 59 4 16 35 56 4 12 24 4 44 4 102 25 5 20 4 11 48 20 4 118 6 4 5 4 71 47 4 13 4 55 4 5 4 4 48 4 35 4 44 4 46 4 19 54 4 18 4 107 42 48 23 4 57 4 117 27 4 43 4 18 4 11 4 54 16 4 23 4 25 4 17 54 4 58 4 6 4 2 31 4 14 4 5 4 51 4 0 18 4 23 4 50 4 12 4 
iteration 663 best: 1.06735 time: 278469
97 29 8 113 5 8 56 46 8 90 23 4 33 4 51 57 4 29 4 102 5 8 1 14 4 37 4 15 17 12 7 25 8 78 36 8 10 6 8 12 41 12 94 5 4 21 4 21 43 4 56 4 40 4 21 4 112 7 4 45 4 44 4 37 5 8 106 29 8 16 10 4 45 4 82 14 16 52 16 22 11 4 39 4 5 4 30 4 9 20 4 5 4 32 4 17 5 8 20 8 82 35 4 31 4 17 4 40 4 0 35 8 95 5 4 22 4 55 4 5 4 101 45 8 106 26 4 2 50 8 3 8 8 118 31 8 5 52 4 56 4 20 4 19 51 4 5 4 4 5 4 22 4 10 4 56 52 4 57 4 109 5 4 53 4 17 4 49 43 4 49 4 16 24 4 5 4 43 50 16 37 16 93 27 12 9 4 30 4 52 17 4 5 4 12 4 42 50 4 33 4 70 17 16 6 16 5 12 41 10 4 27 4 109 47 16 46 16 109 14 4 5 4 14 4 111 19 4 22 4 84 10 4 5 4 16 4 15 49 4 48 4 49 6 18 4 0 12 17 17 4 22 32 10 4 0 5 16 27 16 96 59 4 54 4 5 4 38 28 57 5 4 56 28 8 4 13 53 4 23 4 38 4 27 19 16 5 16 15 5 4 20 4 3 34 4 53 4 26 4 87 56 4 7 47 39 4 114 9 4 12 4 50 4 10 4 38 24 4 58 4 49 4 29 4 32 54 4 52 4 48 8 47 4 36 52 4 26 4 41 4 106 44 4 5 59 35 4 3 59 4 16 35 56 4 12 24 4 44 4 102 25 5 20 4 11 48 20 4 118 6 4 5 4 71 47 4 13 4 55 4 5 4 4 48 4 35 4 44 4 46 4 19 54 4 18 4 107 42 48 23 4 57 4 117 27 4 43 4 18 4 11 4 54 16 4 23 4 25 4 17 54 4 58 4 6 4 2 31 4 14 4 5 4 51 4 0 18 4 23 4 50 4 12 4 
iteration 681 best: 1.06735 time: 286022
97 29 8 113 5 8 56 46 8 90 23 4 33 4 51 57 4 29 4 102 5 8 1 14 4 37 4 15 17 12 7 25 8 78 36 8 10 6 8 12 41 12 94 5 4 21 4 21 43 4 56 4 40 4 21 4 112 7 4 45 4 44 4 37 5 8 106 29 8 16 10 4 45 4 82 14 16 52 16 22 11 4 39 4 5 4 30 4 9 20 4 5 4 32 4 17 5 8 20 8 82 35 4 31 4 17 4 40 4 0 35 8 95 5 4 22 4 55 4 5 4 101 45 8 106 26 4 2 50 8 3 8 8 118 31 8 5 52 4 56 4 20 4 19 51 4 5 4 4 5 4 22 4 10 4 56 52 4 57 4 109 5 4 53 4 17 4 49 43 4 49 4 16 24 4 5 4 43 50 16 37 16 93 27 12 9 4 30 4 52 17 4 5 4 12 4 42 50 4 33 4 70 17 16 6 16 5 12 41 10 4 27 4 109 47 16 46 16 109 14 4 5 4 14 4 111 19 4 22 4 84 10 4 5 4 16 4 15 49 4 48 4 49 6 18 4 0 12 17 17 4 22 32 10 4 0 5 16 27 16 96 59 4 54 4 5 4 38 28 57 5 4 56 28 8 4 13 53 4 23 4 38 4 27 19 16 5 16 15 5 4 20 4 3 34 4 53 4 26 4 87 56 4 7 47 39 4 114 9 4 12 4 50 4 10 4 38 24 4 58 4 49 4 29 4 32 54 4 52 4 48 8 47 4 36 52 4 26 4 41 4 106 44 4 5 59 35 4 3 59 4 16 35 56 4 12 24 4 44 4 102 25 5 20 4 11 48 20 4 118 6 4 5 4 71 47 4 13 4 55 4 5 4 4 48 4 35 4 44 4 46 4 19 54 4 18 4 107 42 48 23 4 57 4 117 27 4 43 4 18 4 11 4 54 16 4 23 4 25 4 17 54 4 58 4 6 4 2 31 4 14 4 5 4 51 4 0 18 4 23 4 50 4 12 4 
iteration 699 best: 1.06735 time: 293527
97 29 8 113 5 8 56 46 8 90 23 4 33 4 51 57 4 29 4 102 5 8 1 14 4 37 4 15 17 12 7 25 8 78 36 8 10 6 8 12 41 12 94 5 4 21 4 21 43 4 56 4 40 4 21 4 112 7 4 45 4 44 4 37 5 8 106 29 8 16 10 4 45 4 82 14 16 52 16 22 11 4 39 4 5 4 30 4 9 20 4 5 4 32 4 17 5 8 20 8 82 35 4 31 4 17 4 40 4 0 35 8 95 5 4 22 4 55 4 5 4 101 45 8 106 26 4 2 50 8 3 8 8 118 31 8 5 52 4 56 4 20 4 19 51 4 5 4 4 5 4 22 4 10 4 56 52 4 57 4 109 5 4 53 4 17 4 49 43 4 49 4 16 24 4 5 4 43 50 16 37 16 93 27 12 9 4 30 4 52 17 4 5 4 12 4 42 50 4 33 4 70 17 16 6 16 5 12 41 10 4 27 4 109 47 16 46 16 109 14 4 5 4 14 4 111 19 4 22 4 84 10 4 5 4 16 4 15 49 4 48 4 49 6 18 4 0 12 17 17 4 22 32 10 4 0 5 16 27 16 96 59 4 54 4 5 4 38 28 57 5 4 56 28 8 4 13 53 4 23 4 38 4 27 19 16 5 16 15 5 4 20 4 3 34 4 53 4 26 4 87 56 4 7 47 39 4 114 9 4 12 4 50 4 10 4 38 24 4 58 4 49 4 29 4 32 54 4 52 4 48 8 47 4 36 52 4 26 4 41 4 106 44 4 5 59 35 4 3 59 4 16 35 56 4 12 24 4 44 4 102 25 5 20 4 11 48 20 4 118 6 4 5 4 71 47 4 13 4 55 4 5 4 4 48 4 35 4 44 4 46 4 19 54 4 18 4 107 42 48 23 4 57 4 117 27 4 43 4 18 4 11 4 54 16 4 23 4 25 4 17 54 4 58 4 6 4 2 31 4 14 4 5 4 51 4 0 18 4 23 4 50 4 12 4 
iteration 717 best: 1.06735 time: 301038
97 29 8 113 5 8 56 46 8 90 23 4 33 4 51 57 4 29 4 102 5 8 1 14 4 37 4 15 17 12 7 25 8 78 36 8 10 6 8 12 41 12 94 5 4 21 4 21 43 4 56 4 40 4 21 4 112 7 4 45 4 44 4 37 5 8 106 29 8 16 10 4 45 4 82 14 16 52 16 22 11 4 39 4 5 4 30 4 9 20 4 5 4 32 4 17 5 8 20 8 82 35 4 31 4 17 4 40 4 0 35 8 95 5 4 22 4 55 4 5 4 101 45 8 106 26 4 2 50 8 3 8 8 118 31 8 5 52 4 56 4 20 4 19 51 4 5 4 4 5 4 22 4 10 4 56 52 4 57 4 109 5 4 53 4 17 4 49 43 4 49 4 16 24 4 5 4 43 50 16 37 16 93 27 12 9 4 30 4 52 17 4 5 4 12 4 42 50 4 33 4 70 17 16 6 16 5 12 41 10 4 27 4 109 47 16 46 16 109 14 4 5 4 14 4 111 19 4 22 4 84 10 4 5 4 16 4 15 49 4 48 4 49 6 18 4 0 12 17 17 4 22 32 10 4 0 5 16 27 16 96 59 4 54 4 5 4 38 28 57 5 4 56 28 8 4 13 53 4 23 4 38 4 27 19 16 5 16 15 5 4 20 4 3 34 4 53 4 26 4 87 56 4 7 47 39 4 114 9 4 12 4 50 4 10 4 38 24 4 58 4 49 4 29 4 32 54 4 52 4 48 8 47 4 36 52 4 26 4 41 4 106 44 4 5 59 35 4 3 59 4 16 35 56 4 12 24 4 44 4 102 25 5 20 4 11 48 20 4 118 6 4 5 4 71 47 4 13 4 55 4 5 4 4 48 4 35 4 44 4 46 4 19 54 4 18 4 107 42 48 23 4 57 4 117 27 4 43 4 18 4 11 4 54 16 4 23 4 25 4 17 54 4 58 4 6 4 2 31 4 14 4 5 4 51 4 0 18 4 23 4 50 4 12 4 
iteration 735 best: 1.06735 time: 308554
97 29 8 113 5 8 56 46 8 90 23 4 33 4 51 57 4 29 4 102 5 8 1 14 4 37 4 15 17 12 7 25 8 78 36 8 10 6 8 12 41 12 94 5 4 21 4 21 43 4 56 4 40 4 21 4 112 7 4 45 4 44 4 37 5 8 106 29 8 16 10 4 45 4 82 14 16 52 16 22 11 4 39 4 5 4 30 4 9 20 4 5 4 32 4 17 5 8 20 8 82 35 4 31 4 17 4 40 4 0 35 8 95 5 4 22 4 55 4 5 4 101 45 8 106 26 4 2 50 8 3 8 8 118 31 8 5 52 4 56 4 20 4 19 51 4 5 4 4 5 4 22 4 10 4 56 52 4 57 4 109 5 4 53 4 17 4 49 43 4 49 4 16 24 4 5 4 43 50 16 37 16 93 27 12 9 4 30 4 52 17 4 5 4 12 4 42 50 4 33 4 70 17 16 6 16 5 12 41 10 4 27 4 109 47 16 46 16 109 14 4 5 4 14 4 111 19 4 22 4 84 10 4 5 4 16 4 15 49 4 48 4 49 6 18 4 0 12 17 17 4 22 32 10 4 0 5 16 27 16 96 59 4 54 4 5 4 38 28 57 5 4 56 28 8 4 13 53 4 23 4 38 4 27 19 16 5 16 15 5 4 20 4 3 34 4 53 4 26 4 87 56 4 7 47 39 4 114 9 4 12 4 50 4 10 4 38 24 4 58 4 49 4 29 4 32 54 4 52 4 48 8 47 4 36 52 4 26 4 41 4 106 44 4 5 59 35 4 3 59 4 16 35 56 4 12 24 4 44 4 102 25 5 20 4 11 48 20 4 118 6 4 5 4 71 47 4 13 4 55 4 5 4 4 48 4 35 4 44 4 46 4 19 54 4 18 4 107 42 48 23 4 57 4 117 27 4 43 4 18 4 11 4 54 16 4 23 4 25 4 17 54 4 58 4 6 4 2 31 4 14 4 5 4 51 4 0 18 4 23 4 50 4 12 4 
iteration 753 best: 1.06735 time: 316109
97 29 8 113 5 8 56 46 8 90 23 4 33 4 51 57 4 29 4 102 5 8 1 14 4 37 4 15 17 12 7 25 8 78 36 8 10 6 8 12 41 12 94 5 4 21 4 21 43 4 56 4 40 4 21 4 112 7 4 45 4 44 4 37 5 8 106 29 8 16 10 4 45 4 82 14 16 52 16 22 11 4 39 4 5 4 30 4 9 20 4 5 4 32 4 17 5 8 20 8 82 35 4 31 4 17 4 40 4 0 35 8 95 5 4 22 4 55 4 5 4 101 45 8 106 26 4 2 50 8 3 8 8 118 31 8 5 52 4 56 4 20 4 19 51 4 5 4 4 5 4 22 4 10 4 56 52 4 57 4 109 5 4 53 4 17 4 49 43 4 49 4 16 24 4 5 4 43 50 16 37 16 93 27 12 9 4 30 4 52 17 4 5 4 12 4 42 50 4 33 4 70 17 16 6 16 5 12 41 10 4 27 4 109 47 16 46 16 109 14 4 5 4 14 4 111 19 4 22 4 84 10 4 5 4 16 4 15 49 4 48 4 49 6 18 4 0 12 17 17 4 22 32 10 4 0 5 16 27 16 96 59 4 54 4 5 4 38 28 57 5 4 56 28 8 4 13 53 4 23 4 38 4 27 19 16 5 16 15 5 4 20 4 3 34 4 53 4 26 4 87 56 4 7 47 39 4 114 9 4 12 4 50 4 10 4 38 24 4 58 4 49 4 29 4 32 54 4 52 4 48 8 47 4 36 52 4 26 4 41 4 106 44 4 5 59 35 4 3 59 4 16 35 56 4 12 24 4 44 4 102 25 5 20 4 11 48 20 4 118 6 4 5 4 71 47 4 13 4 55 4 5 4 4 48 4 35 4 44 4 46 4 19 54 4 18 4 107 42 48 23 4 57 4 117 27 4 43 4 18 4 11 4 54 16 4 23 4 25 4 17 54 4 58 4 6 4 2 31 4 14 4 5 4 51 4 0 18 4 23 4 50 4 12 4 
iteration 771 best: 1.06735 time: 323635
97 29 8 113 5 8 56 46 8 90 23 4 33 4 51 57 4 29 4 102 5 8 1 14 4 37 4 15 17 12 7 25 8 78 36 8 10 6 8 12 41 12 94 5 4 21 4 21 43 4 56 4 40 4 21 4 112 7 4 45 4 44 4 37 5 8 106 29 8 16 10 4 45 4 82 14 16 52 16 22 11 4 39 4 5 4 30 4 9 20 4 5 4 32 4 17 5 8 20 8 82 35 4 31 4 17 4 40 4 0 35 8 95 5 4 22 4 55 4 5 4 101 45 8 106 26 4 2 50 8 3 8 8 118 31 8 5 52 4 56 4 20 4 19 51 4 5 4 4 5 4 22 4 10 4 56 52 4 57 4 109 5 4 53 4 17 4 49 43 4 49 4 16 24 4 5 4 43 50 16 37 16 93 27 12 9 4 30 4 52 17 4 5 4 12 4 42 50 4 33 4 70 17 16 6 16 5 12 41 10 4 27 4 109 47 16 46 16 109 14 4 5 4 14 4 111 19 4 22 4 84 10 4 5 4 16 4 15 49 4 48 4 49 6 18 4 0 12 17 17 4 22 32 10 4 0 5 16 27 16 96 59 4 54 4 5 4 38 28 57 5 4 56 28 8 4 13 53 4 23 4 38 4 27 19 16 5 16 15 5 4 20 4 3 34 4 53 4 26 4 87 56 4 7 47 39 4 114 9 4 12 4 50 4 10 4 38 24 4 58 4 49 4 29 4 32 54 4 52 4 48 8 47 4 36 52 4 26 4 41 4 106 44 4 5 59 35 4 3 59 4 16 35 56 4 12 24 4 44 4 102 25 5 20 4 11 48 20 4 118 6 4 5 4 71 47 4 13 4 55 4 5 4 4 48 4 35 4 44 4 46 4 19 54 4 18 4 107 42 48 23 4 57 4 117 27 4 43 4 18 4 11 4 54 16 4 23 4 25 4 17 54 4 58 4 6 4 2 31 4 14 4 5 4 51 4 0 18 4 23 4 50 4 12 4 
iteration 789 best: 1.06735 time: 331151
97 29 8 113 5 8 56 46 8 90 23 4 33 4 51 57 4 29 4 102 5 8 1 14 4 37 4 15 17 12 7 25 8 78 36 8 10 6 8 12 41 12 94 5 4 21 4 21 43 4 56 4 40 4 21 4 112 7 4 45 4 44 4 37 5 8 106 29 8 16 10 4 45 4 82 14 16 52 16 22 11 4 39 4 5 4 30 4 9 20 4 5 4 32 4 17 5 8 20 8 82 35 4 31 4 17 4 40 4 0 35 8 95 5 4 22 4 55 4 5 4 101 45 8 106 26 4 2 50 8 3 8 8 118 31 8 5 52 4 56 4 20 4 19 51 4 5 4 4 5 4 22 4 10 4 56 52 4 57 4 109 5 4 53 4 17 4 49 43 4 49 4 16 24 4 5 4 43 50 16 37 16 93 27 12 9 4 30 4 52 17 4 5 4 12 4 42 50 4 33 4 70 17 16 6 16 5 12 41 10 4 27 4 109 47 16 46 16 109 14 4 5 4 14 4 111 19 4 22 4 84 10 4 5 4 16 4 15 49 4 48 4 49 6 18 4 0 12 17 17 4 22 32 10 4 0 5 16 27 16 96 59 4 54 4 5 4 38 28 57 5 4 56 28 8 4 13 53 4 23 4 38 4 27 19 16 5 16 15 5 4 20 4 3 34 4 53 4 26 4 87 56 4 7 47 39 4 114 9 4 12 4 50 4 10 4 38 24 4 58 4 49 4 29 4 32 54 4 52 4 48 8 47 4 36 52 4 26 4 41 4 106 44 4 5 59 35 4 3 59 4 16 35 56 4 12 24 4 44 4 102 25 5 20 4 11 48 20 4 118 6 4 5 4 71 47 4 13 4 55 4 5 4 4 48 4 35 4 44 4 46 4 19 54 4 18 4 107 42 48 23 4 57 4 117 27 4 43 4 18 4 11 4 54 16 4 23 4 25 4 17 54 4 58 4 6 4 2 31 4 14 4 5 4 51 4 0 18 4 23 4 50 4 12 4 
iteration 807 best: 1.06735 time: 338679
97 29 8 113 5 8 56 46 8 90 23 4 33 4 51 57 4 29 4 102 5 8 1 14 4 37 4 15 17 12 7 25 8 78 36 8 10 6 8 12 41 12 94 5 4 21 4 21 43 4 56 4 40 4 21 4 112 7 4 45 4 44 4 37 5 8 106 29 8 16 10 4 45 4 82 14 16 52 16 22 11 4 39 4 5 4 30 4 9 20 4 5 4 32 4 17 5 8 20 8 82 35 4 31 4 17 4 40 4 0 35 8 95 5 4 22 4 55 4 5 4 101 45 8 106 26 4 2 50 8 3 8 8 118 31 8 5 52 4 56 4 20 4 19 51 4 5 4 4 5 4 22 4 10 4 56 52 4 57 4 109 5 4 53 4 17 4 49 43 4 49 4 16 24 4 5 4 43 50 16 37 16 93 27 12 9 4 30 4 52 17 4 5 4 12 4 42 50 4 33 4 70 17 16 6 16 5 12 41 10 4 27 4 109 47 16 46 16 109 14 4 5 4 14 4 111 19 4 22 4 84 10 4 5 4 16 4 15 49 4 48 4 49 6 18 4 0 12 17 17 4 22 32 10 4 0 5 16 27 16 96 59 4 54 4 5 4 38 28 57 5 4 56 28 8 4 13 53 4 23 4 38 4 27 19 16 5 16 15 5 4 20 4 3 34 4 53 4 26 4 87 56 4 7 47 39 4 114 9 4 12 4 50 4 10 4 38 24 4 58 4 49 4 29 4 32 54 4 52 4 48 8 47 4 36 52 4 26 4 41 4 106 44 4 5 59 35 4 3 59 4 16 35 56 4 12 24 4 44 4 102 25 5 20 4 11 48 20 4 118 6 4 5 4 71 47 4 13 4 55 4 5 4 4 48 4 35 4 44 4 46 4 19 54 4 18 4 107 42 48 23 4 57 4 117 27 4 43 4 18 4 11 4 54 16 4 23 4 25 4 17 54 4 58 4 6 4 2 31 4 14 4 5 4 51 4 0 18 4 23 4 50 4 12 4 
iteration 825 best: 1.06735 time: 346226
97 29 8 113 5 8 56 46 8 90 23 4 33 4 51 57 4 29 4 102 5 8 1 14 4 37 4 15 17 12 7 25 8 78 36 8 10 6 8 12 41 12 94 5 4 21 4 21 43 4 56 4 40 4 21 4 112 7 4 45 4 44 4 37 5 8 106 29 8 16 10 4 45 4 82 14 16 52 16 22 11 4 39 4 5 4 30 4 9 20 4 5 4 32 4 17 5 8 20 8 82 35 4 31 4 17 4 40 4 0 35 8 95 5 4 22 4 55 4 5 4 101 45 8 106 26 4 2 50 8 3 8 8 118 31 8 5 52 4 56 4 20 4 19 51 4 5 4 4 5 4 22 4 10 4 56 52 4 57 4 109 5 4 53 4 17 4 49 43 4 49 4 16 24 4 5 4 43 50 16 37 16 93 27 12 9 4 30 4 52 17 4 5 4 12 4 42 50 4 33 4 70 17 16 6 16 5 12 41 10 4 27 4 109 47 16 46 16 109 14 4 5 4 14 4 111 19 4 22 4 84 10 4 5 4 16 4 15 49 4 48 4 49 6 18 4 0 12 17 17 4 22 32 10 4 0 5 16 27 16 96 59 4 54 4 5 4 38 28 57 5 4 56 28 8 4 13 53 4 23 4 38 4 27 19 16 5 16 15 5 4 20 4 3 34 4 53 4 26 4 87 56 4 7 47 39 4 114 9 4 12 4 50 4 10 4 38 24 4 58 4 49 4 29 4 32 54 4 52 4 48 8 47 4 36 52 4 26 4 41 4 106 44 4 5 59 35 4 3 59 4 16 35 56 4 12 24 4 44 4 102 25 5 20 4 11 48 20 4 118 6 4 5 4 71 47 4 13 4 55 4 5 4 4 48 4 35 4 44 4 46 4 19 54 4 18 4 107 42 48 23 4 57 4 117 27 4 43 4 18 4 11 4 54 16 4 23 4 25 4 17 54 4 58 4 6 4 2 31 4 14 4 5 4 51 4 0 18 4 23 4 50 4 12 4 
iteration 843 best: 1.06735 time: 353761
97 29 8 113 5 8 56 46 8 90 23 4 33 4 51 57 4 29 4 102 5 8 1 14 4 37 4 15 17 12 7 25 8 78 36 8 10 6 8 12 41 12 94 5 4 21 4 21 43 4 56 4 40 4 21 4 112 7 4 45 4 44 4 37 5 8 106 29 8 16 10 4 45 4 82 14 16 52 16 22 11 4 39 4 5 4 30 4 9 20 4 5 4 32 4 17 5 8 20 8 82 35 4 31 4 17 4 40 4 0 35 8 95 5 4 22 4 55 4 5 4 101 45 8 106 26 4 2 50 8 3 8 8 118 31 8 5 52 4 56 4 20 4 19 51 4 5 4 4 5 4 22 4 10 4 56 52 4 57 4 109 5 4 53 4 17 4 49 43 4 49 4 16 24 4 5 4 43 50 16 37 16 93 27 12 9 4 30 4 52 17 4 5 4 12 4 42 50 4 33 4 70 17 16 6 16 5 12 41 10 4 27 4 109 47 16 46 16 109 14 4 5 4 14 4 111 19 4 22 4 84 10 4 5 4 16 4 15 49 4 48 4 49 6 18 4 0 12 17 17 4 22 32 10 4 0 5 16 27 16 96 59 4 54 4 5 4 38 28 57 5 4 56 28 8 4 13 53 4 23 4 38 4 27 19 16 5 16 15 5 4 20 4 3 34 4 53 4 26 4 87 56 4 7 47 39 4 114 9 4 12 4 50 4 10 4 38 24 4 58 4 49 4 29 4 32 54 4 52 4 48 8 47 4 36 52 4 26 4 41 4 106 44 4 5 59 35 4 3 59 4 16 35 56 4 12 24 4 44 4 102 25 5 20 4 11 48 20 4 118 6 4 5 4 71 47 4 13 4 55 4 5 4 4 48 4 35 4 44 4 46 4 19 54 4 18 4 107 42 48 23 4 57 4 117 27 4 43 4 18 4 11 4 54 16 4 23 4 25 4 17 54 4 58 4 6 4 2 31 4 14 4 5 4 51 4 0 18 4 23 4 50 4 12 4 
iteration 861 best: 1.06735 time: 361278
97 29 8 113 5 8 56 46 8 90 23 4 33 4 51 57 4 29 4 102 5 8 1 14 4 37 4 15 17 12 7 25 8 78 36 8 10 6 8 12 41 12 94 5 4 21 4 21 43 4 56 4 40 4 21 4 112 7 4 45 4 44 4 37 5 8 106 29 8 16 10 4 45 4 82 14 16 52 16 22 11 4 39 4 5 4 30 4 9 20 4 5 4 32 4 17 5 8 20 8 82 35 4 31 4 17 4 40 4 0 35 8 95 5 4 22 4 55 4 5 4 101 45 8 106 26 4 2 50 8 3 8 8 118 31 8 5 52 4 56 4 20 4 19 51 4 5 4 4 5 4 22 4 10 4 56 52 4 57 4 109 5 4 53 4 17 4 49 43 4 49 4 16 24 4 5 4 43 50 16 37 16 93 27 12 9 4 30 4 52 17 4 5 4 12 4 42 50 4 33 4 70 17 16 6 16 5 12 41 10 4 27 4 109 47 16 46 16 109 14 4 5 4 14 4 111 19 4 22 4 84 10 4 5 4 16 4 15 49 4 48 4 49 6 18 4 0 12 17 17 4 22 32 10 4 0 5 16 27 16 96 59 4 54 4 5 4 38 28 57 5 4 56 28 8 4 13 53 4 23 4 38 4 27 19 16 5 16 15 5 4 20 4 3 34 4 53 4 26 4 87 56 4 7 47 39 4 114 9 4 12 4 50 4 10 4 38 24 4 58 4 49 4 29 4 32 54 4 52 4 48 8 47 4 36 52 4 26 4 41 4 106 44 4 5 59 35 4 3 59 4 16 35 56 4 12 24 4 44 4 102 25 5 20 4 11 48 20 4 118 6 4 5 4 71 47 4 13 4 55 4 5 4 4 48 4 35 4 44 4 46 4 19 54 4 18 4 107 42 48 23 4 57 4 117 27 4 43 4 18 4 11 4 54 16 4 23 4 25 4 17 54 4 58 4 6 4 2 31 4 14 4 5 4 51 4 0 18 4 23 4 50 4 12 4 
iteration 879 best: 1.06735 time: 368807
97 29 8 113 5 8 56 46 8 90 23 4 33 4 51 57 4 29 4 102 5 8 1 14 4 37 4 15 17 12 7 25 8 78 36 8 10 6 8 12 41 12 94 5 4 21 4 21 43 4 56 4 40 4 21 4 112 7 4 45 4 44 4 37 5 8 106 29 8 16 10 4 45 4 82 14 16 52 16 22 11 4 39 4 5 4 30 4 9 20 4 5 4 32 4 17 5 8 20 8 82 35 4 31 4 17 4 40 4 0 35 8 95 5 4 22 4 55 4 5 4 101 45 8 106 26 4 2 50 8 3 8 8 118 31 8 5 52 4 56 4 20 4 19 51 4 5 4 4 5 4 22 4 10 4 56 52 4 57 4 109 5 4 53 4 17 4 49 43 4 49 4 16 24 4 5 4 43 50 16 37 16 93 27 12 9 4 30 4 52 17 4 5 4 12 4 42 50 4 33 4 70 17 16 6 16 5 12 41 10 4 27 4 109 47 16 46 16 109 14 4 5 4 14 4 111 19 4 22 4 84 10 4 5 4 16 4 15 49 4 48 4 49 6 18 4 0 12 17 17 4 22 32 10 4 0 5 16 27 16 96 59 4 54 4 5 4 38 28 57 5 4 56 28 8 4 13 53 4 23 4 38 4 27 19 16 5 16 15 5 4 20 4 3 34 4 53 4 26 4 87 56 4 7 47 39 4 114 9 4 12 4 50 4 10 4 38 24 4 58 4 49 4 29 4 32 54 4 52 4 48 8 47 4 36 52 4 26 4 41 4 106 44 4 5 59 35 4 3 59 4 16 35 56 4 12 24 4 44 4 102 25 5 20 4 11 48 20 4 118 6 4 5 4 71 47 4 13 4 55 4 5 4 4 48 4 35 4 44 4 46 4 19 54 4 18 4 107 42 48 23 4 57 4 117 27 4 43 4 18 4 11 4 54 16 4 23 4 25 4 17 54 4 58 4 6 4 2 31 4 14 4 5 4 51 4 0 18 4 23 4 50 4 12 4 
iteration 897 best: 1.06735 time: 376320
97 29 8 113 5 8 56 46 8 90 23 4 33 4 51 57 4 29 4 102 5 8 1 14 4 37 4 15 17 12 7 25 8 78 36 8 10 6 8 12 41 12 94 5 4 21 4 21 43 4 56 4 40 4 21 4 112 7 4 45 4 44 4 37 5 8 106 29 8 16 10 4 45 4 82 14 16 52 16 22 11 4 39 4 5 4 30 4 9 20 4 5 4 32 4 17 5 8 20 8 82 35 4 31 4 17 4 40 4 0 35 8 95 5 4 22 4 55 4 5 4 101 45 8 106 26 4 2 50 8 3 8 8 118 31 8 5 52 4 56 4 20 4 19 51 4 5 4 4 5 4 22 4 10 4 56 52 4 57 4 109 5 4 53 4 17 4 49 43 4 49 4 16 24 4 5 4 43 50 16 37 16 93 27 12 9 4 30 4 52 17 4 5 4 12 4 42 50 4 33 4 70 17 16 6 16 5 12 41 10 4 27 4 109 47 16 46 16 109 14 4 5 4 14 4 111 19 4 22 4 84 10 4 5 4 16 4 15 49 4 48 4 49 6 18 4 0 12 17 17 4 22 32 10 4 0 5 16 27 16 96 59 4 54 4 5 4 38 28 57 5 4 56 28 8 4 13 53 4 23 4 38 4 27 19 16 5 16 15 5 4 20 4 3 34 4 53 4 26 4 87 56 4 7 47 39 4 114 9 4 12 4 50 4 10 4 38 24 4 58 4 49 4 29 4 32 54 4 52 4 48 8 47 4 36 52 4 26 4 41 4 106 44 4 5 59 35 4 3 59 4 16 35 56 4 12 24 4 44 4 102 25 5 20 4 11 48 20 4 118 6 4 5 4 71 47 4 13 4 55 4 5 4 4 48 4 35 4 44 4 46 4 19 54 4 18 4 107 42 48 23 4 57 4 117 27 4 43 4 18 4 11 4 54 16 4 23 4 25 4 17 54 4 58 4 6 4 2 31 4 14 4 5 4 51 4 0 18 4 23 4 50 4 12 4 
iteration 915 best: 1.06735 time: 383878
97 29 8 113 5 8 56 46 8 90 23 4 33 4 51 57 4 29 4 102 5 8 1 14 4 37 4 15 17 12 7 25 8 78 36 8 10 6 8 12 41 12 94 5 4 21 4 21 43 4 56 4 40 4 21 4 112 7 4 45 4 44 4 37 5 8 106 29 8 16 10 4 45 4 82 14 16 52 16 22 11 4 39 4 5 4 30 4 9 20 4 5 4 32 4 17 5 8 20 8 82 35 4 31 4 17 4 40 4 0 35 8 95 5 4 22 4 55 4 5 4 101 45 8 106 26 4 2 50 8 3 8 8 118 31 8 5 52 4 56 4 20 4 19 51 4 5 4 4 5 4 22 4 10 4 56 52 4 57 4 109 5 4 53 4 17 4 49 43 4 49 4 16 24 4 5 4 43 50 16 37 16 93 27 12 9 4 30 4 52 17 4 5 4 12 4 42 50 4 33 4 70 17 16 6 16 5 12 41 10 4 27 4 109 47 16 46 16 109 14 4 5 4 14 4 111 19 4 22 4 84 10 4 5 4 16 4 15 49 4 48 4 49 6 18 4 0 12 17 17 4 22 32 10 4 0 5 16 27 16 96 59 4 54 4 5 4 38 28 57 5 4 56 28 8 4 13 53 4 23 4 38 4 27 19 16 5 16 15 5 4 20 4 3 34 4 53 4 26 4 87 56 4 7 47 39 4 114 9 4 12 4 50 4 10 4 38 24 4 58 4 49 4 29 4 32 54 4 52 4 48 8 47 4 36 52 4 26 4 41 4 106 44 4 5 59 35 4 3 59 4 16 35 56 4 12 24 4 44 4 102 25 5 20 4 11 48 20 4 118 6 4 5 4 71 47 4 13 4 55 4 5 4 4 48 4 35 4 44 4 46 4 19 54 4 18 4 107 42 48 23 4 57 4 117 27 4 43 4 18 4 11 4 54 16 4 23 4 25 4 17 54 4 58 4 6 4 2 31 4 14 4 5 4 51 4 0 18 4 23 4 50 4 12 4 
iteration 933 best: 1.06735 time: 391403
97 29 8 113 5 8 56 46 8 90 23 4 33 4 51 57 4 29 4 102 5 8 1 14 4 37 4 15 17 12 7 25 8 78 36 8 10 6 8 12 41 12 94 5 4 21 4 21 43 4 56 4 40 4 21 4 112 7 4 45 4 44 4 37 5 8 106 29 8 16 10 4 45 4 82 14 16 52 16 22 11 4 39 4 5 4 30 4 9 20 4 5 4 32 4 17 5 8 20 8 82 35 4 31 4 17 4 40 4 0 35 8 95 5 4 22 4 55 4 5 4 101 45 8 106 26 4 2 50 8 3 8 8 118 31 8 5 52 4 56 4 20 4 19 51 4 5 4 4 5 4 22 4 10 4 56 52 4 57 4 109 5 4 53 4 17 4 49 43 4 49 4 16 24 4 5 4 43 50 16 37 16 93 27 12 9 4 30 4 52 17 4 5 4 12 4 42 50 4 33 4 70 17 16 6 16 5 12 41 10 4 27 4 109 47 16 46 16 109 14 4 5 4 14 4 111 19 4 22 4 84 10 4 5 4 16 4 15 49 4 48 4 49 6 18 4 0 12 17 17 4 22 32 10 4 0 5 16 27 16 96 59 4 54 4 5 4 38 28 57 5 4 56 28 8 4 13 53 4 23 4 38 4 27 19 16 5 16 15 5 4 20 4 3 34 4 53 4 26 4 87 56 4 7 47 39 4 114 9 4 12 4 50 4 10 4 38 24 4 58 4 49 4 29 4 32 54 4 52 4 48 8 47 4 36 52 4 26 4 41 4 106 44 4 5 59 35 4 3 59 4 16 35 56 4 12 24 4 44 4 102 25 5 20 4 11 48 20 4 118 6 4 5 4 71 47 4 13 4 55 4 5 4 4 48 4 35 4 44 4 46 4 19 54 4 18 4 107 42 48 23 4 57 4 117 27 4 43 4 18 4 11 4 54 16 4 23 4 25 4 17 54 4 58 4 6 4 2 31 4 14 4 5 4 51 4 0 18 4 23 4 50 4 12 4 
iteration 951 best: 1.06735 time: 398937
97 29 8 113 5 8 56 46 8 90 23 4 33 4 51 57 4 29 4 102 5 8 1 14 4 37 4 15 17 12 7 25 8 78 36 8 10 6 8 12 41 12 94 5 4 21 4 21 43 4 56 4 40 4 21 4 112 7 4 45 4 44 4 37 5 8 106 29 8 16 10 4 45 4 82 14 16 52 16 22 11 4 39 4 5 4 30 4 9 20 4 5 4 32 4 17 5 8 20 8 82 35 4 31 4 17 4 40 4 0 35 8 95 5 4 22 4 55 4 5 4 101 45 8 106 26 4 2 50 8 3 8 8 118 31 8 5 52 4 56 4 20 4 19 51 4 5 4 4 5 4 22 4 10 4 56 52 4 57 4 109 5 4 53 4 17 4 49 43 4 49 4 16 24 4 5 4 43 50 16 37 16 93 27 12 9 4 30 4 52 17 4 5 4 12 4 42 50 4 33 4 70 17 16 6 16 5 12 41 10 4 27 4 109 47 16 46 16 109 14 4 5 4 14 4 111 19 4 22 4 84 10 4 5 4 16 4 15 49 4 48 4 49 6 18 4 0 12 17 17 4 22 32 10 4 0 5 16 27 16 96 59 4 54 4 5 4 38 28 57 5 4 56 28 8 4 13 53 4 23 4 38 4 27 19 16 5 16 15 5 4 20 4 3 34 4 53 4 26 4 87 56 4 7 47 39 4 114 9 4 12 4 50 4 10 4 38 24 4 58 4 49 4 29 4 32 54 4 52 4 48 8 47 4 36 52 4 26 4 41 4 106 44 4 5 59 35 4 3 59 4 16 35 56 4 12 24 4 44 4 102 25 5 20 4 11 48 20 4 118 6 4 5 4 71 47 4 13 4 55 4 5 4 4 48 4 35 4 44 4 46 4 19 54 4 18 4 107 42 48 23 4 57 4 117 27 4 43 4 18 4 11 4 54 16 4 23 4 25 4 17 54 4 58 4 6 4 2 31 4 14 4 5 4 51 4 0 18 4 23 4 50 4 12 4 
iteration 969 best: 1.06735 time: 406461
97 29 8 113 5 8 56 46 8 90 23 4 33 4 51 57 4 29 4 102 5 8 1 14 4 37 4 15 17 12 7 25 8 78 36 8 10 6 8 12 41 12 94 5 4 21 4 21 43 4 56 4 40 4 21 4 112 7 4 45 4 44 4 37 5 8 106 29 8 16 10 4 45 4 82 14 16 52 16 22 11 4 39 4 5 4 30 4 9 20 4 5 4 32 4 17 5 8 20 8 82 35 4 31 4 17 4 40 4 0 35 8 95 5 4 22 4 55 4 5 4 101 45 8 106 26 4 2 50 8 3 8 8 118 31 8 5 52 4 56 4 20 4 19 51 4 5 4 4 5 4 22 4 10 4 56 52 4 57 4 109 5 4 53 4 17 4 49 43 4 49 4 16 24 4 5 4 43 50 16 37 16 93 27 12 9 4 30 4 52 17 4 5 4 12 4 42 50 4 33 4 70 17 16 6 16 5 12 41 10 4 27 4 109 47 16 46 16 109 14 4 5 4 14 4 111 19 4 22 4 84 10 4 5 4 16 4 15 49 4 48 4 49 6 18 4 0 12 17 17 4 22 32 10 4 0 5 16 27 16 96 59 4 54 4 5 4 38 28 57 5 4 56 28 8 4 13 53 4 23 4 38 4 27 19 16 5 16 15 5 4 20 4 3 34 4 53 4 26 4 87 56 4 7 47 39 4 114 9 4 12 4 50 4 10 4 38 24 4 58 4 49 4 29 4 32 54 4 52 4 48 8 47 4 36 52 4 26 4 41 4 106 44 4 5 59 35 4 3 59 4 16 35 56 4 12 24 4 44 4 102 25 5 20 4 11 48 20 4 118 6 4 5 4 71 47 4 13 4 55 4 5 4 4 48 4 35 4 44 4 46 4 19 54 4 18 4 107 42 48 23 4 57 4 117 27 4 43 4 18 4 11 4 54 16 4 23 4 25 4 17 54 4 58 4 6 4 2 31 4 14 4 5 4 51 4 0 18 4 23 4 50 4 12 4 
iteration 987 best: 1.06735 time: 413981
97 29 8 113 5 8 56 46 8 90 23 4 33 4 51 57 4 29 4 102 5 8 1 14 4 37 4 15 17 12 7 25 8 78 36 8 10 6 8 12 41 12 94 5 4 21 4 21 43 4 56 4 40 4 21 4 112 7 4 45 4 44 4 37 5 8 106 29 8 16 10 4 45 4 82 14 16 52 16 22 11 4 39 4 5 4 30 4 9 20 4 5 4 32 4 17 5 8 20 8 82 35 4 31 4 17 4 40 4 0 35 8 95 5 4 22 4 55 4 5 4 101 45 8 106 26 4 2 50 8 3 8 8 118 31 8 5 52 4 56 4 20 4 19 51 4 5 4 4 5 4 22 4 10 4 56 52 4 57 4 109 5 4 53 4 17 4 49 43 4 49 4 16 24 4 5 4 43 50 16 37 16 93 27 12 9 4 30 4 52 17 4 5 4 12 4 42 50 4 33 4 70 17 16 6 16 5 12 41 10 4 27 4 109 47 16 46 16 109 14 4 5 4 14 4 111 19 4 22 4 84 10 4 5 4 16 4 15 49 4 48 4 49 6 18 4 0 12 17 17 4 22 32 10 4 0 5 16 27 16 96 59 4 54 4 5 4 38 28 57 5 4 56 28 8 4 13 53 4 23 4 38 4 27 19 16 5 16 15 5 4 20 4 3 34 4 53 4 26 4 87 56 4 7 47 39 4 114 9 4 12 4 50 4 10 4 38 24 4 58 4 49 4 29 4 32 54 4 52 4 48 8 47 4 36 52 4 26 4 41 4 106 44 4 5 59 35 4 3 59 4 16 35 56 4 12 24 4 44 4 102 25 5 20 4 11 48 20 4 118 6 4 5 4 71 47 4 13 4 55 4 5 4 4 48 4 35 4 44 4 46 4 19 54 4 18 4 107 42 48 23 4 57 4 117 27 4 43 4 18 4 11 4 54 16 4 23 4 25 4 17 54 4 58 4 6 4 2 31 4 14 4 5 4 51 4 0 18 4 23 4 50 4 12 4 
iteration 1005 best: 1.06735 time: 421493
97 29 8 113 5 8 56 46 8 90 23 4 33 4 51 57 4 29 4 102 5 8 1 14 4 37 4 15 17 12 7 25 8 78 36 8 10 6 8 12 41 12 94 5 4 21 4 21 43 4 56 4 40 4 21 4 112 7 4 45 4 44 4 37 5 8 106 29 8 16 10 4 45 4 82 14 16 52 16 22 11 4 39 4 5 4 30 4 9 20 4 5 4 32 4 17 5 8 20 8 82 35 4 31 4 17 4 40 4 0 35 8 95 5 4 22 4 55 4 5 4 101 45 8 106 26 4 2 50 8 3 8 8 118 31 8 5 52 4 56 4 20 4 19 51 4 5 4 4 5 4 22 4 10 4 56 52 4 57 4 109 5 4 53 4 17 4 49 43 4 49 4 16 24 4 5 4 43 50 16 37 16 93 27 12 9 4 30 4 52 17 4 5 4 12 4 42 50 4 33 4 70 17 16 6 16 5 12 41 10 4 27 4 109 47 16 46 16 109 14 4 5 4 14 4 111 19 4 22 4 84 10 4 5 4 16 4 15 49 4 48 4 49 6 18 4 0 12 17 17 4 22 32 10 4 0 5 16 27 16 96 59 4 54 4 5 4 38 28 57 5 4 56 28 8 4 13 53 4 23 4 38 4 27 19 16 5 16 15 5 4 20 4 3 34 4 53 4 26 4 87 56 4 7 47 39 4 114 9 4 12 4 50 4 10 4 38 24 4 58 4 49 4 29 4 32 54 4 52 4 48 8 47 4 36 52 4 26 4 41 4 106 44 4 5 59 35 4 3 59 4 16 35 56 4 12 24 4 44 4 102 25 5 20 4 11 48 20 4 118 6 4 5 4 71 47 4 13 4 55 4 5 4 4 48 4 35 4 44 4 46 4 19 54 4 18 4 107 42 48 23 4 57 4 117 27 4 43 4 18 4 11 4 54 16 4 23 4 25 4 17 54 4 58 4 6 4 2 31 4 14 4 5 4 51 4 0 18 4 23 4 50 4 12 4 
iteration 1023 best: 1.06735 time: 429006
97 29 8 113 5 8 56 46 8 90 23 4 33 4 51 57 4 29 4 102 5 8 1 14 4 37 4 15 17 12 7 25 8 78 36 8 10 6 8 12 41 12 94 5 4 21 4 21 43 4 56 4 40 4 21 4 112 7 4 45 4 44 4 37 5 8 106 29 8 16 10 4 45 4 82 14 16 52 16 22 11 4 39 4 5 4 30 4 9 20 4 5 4 32 4 17 5 8 20 8 82 35 4 31 4 17 4 40 4 0 35 8 95 5 4 22 4 55 4 5 4 101 45 8 106 26 4 2 50 8 3 8 8 118 31 8 5 52 4 56 4 20 4 19 51 4 5 4 4 5 4 22 4 10 4 56 52 4 57 4 109 5 4 53 4 17 4 49 43 4 49 4 16 24 4 5 4 43 50 16 37 16 93 27 12 9 4 30 4 52 17 4 5 4 12 4 42 50 4 33 4 70 17 16 6 16 5 12 41 10 4 27 4 109 47 16 46 16 109 14 4 5 4 14 4 111 19 4 22 4 84 10 4 5 4 16 4 15 49 4 48 4 49 6 18 4 0 12 17 17 4 22 32 10 4 0 5 16 27 16 96 59 4 54 4 5 4 38 28 57 5 4 56 28 8 4 13 53 4 23 4 38 4 27 19 16 5 16 15 5 4 20 4 3 34 4 53 4 26 4 87 56 4 7 47 39 4 114 9 4 12 4 50 4 10 4 38 24 4 58 4 49 4 29 4 32 54 4 52 4 48 8 47 4 36 52 4 26 4 41 4 106 44 4 5 59 35 4 3 59 4 16 35 56 4 12 24 4 44 4 102 25 5 20 4 11 48 20 4 118 6 4 5 4 71 47 4 13 4 55 4 5 4 4 48 4 35 4 44 4 46 4 19 54 4 18 4 107 42 48 23 4 57 4 117 27 4 43 4 18 4 11 4 54 16 4 23 4 25 4 17 54 4 58 4 6 4 2 31 4 14 4 5 4 51 4 0 18 4 23 4 50 4 12 4 
iteration 1041 best: 1.06735 time: 436534
97 29 8 113 5 8 56 46 8 90 23 4 33 4 51 57 4 29 4 102 5 8 1 14 4 37 4 15 17 12 7 25 8 78 36 8 10 6 8 12 41 12 94 5 4 21 4 21 43 4 56 4 40 4 21 4 112 7 4 45 4 44 4 37 5 8 106 29 8 16 10 4 45 4 82 14 16 52 16 22 11 4 39 4 5 4 30 4 9 20 4 5 4 32 4 17 5 8 20 8 82 35 4 31 4 17 4 40 4 0 35 8 95 5 4 22 4 55 4 5 4 101 45 8 106 26 4 2 50 8 3 8 8 118 31 8 5 52 4 56 4 20 4 19 51 4 5 4 4 5 4 22 4 10 4 56 52 4 57 4 109 5 4 53 4 17 4 49 43 4 49 4 16 24 4 5 4 43 50 16 37 16 93 27 12 9 4 30 4 52 17 4 5 4 12 4 42 50 4 33 4 70 17 16 6 16 5 12 41 10 4 27 4 109 47 16 46 16 109 14 4 5 4 14 4 111 19 4 22 4 84 10 4 5 4 16 4 15 49 4 48 4 49 6 18 4 0 12 17 17 4 22 32 10 4 0 5 16 27 16 96 59 4 54 4 5 4 38 28 57 5 4 56 28 8 4 13 53 4 23 4 38 4 27 19 16 5 16 15 5 4 20 4 3 34 4 53 4 26 4 87 56 4 7 47 39 4 114 9 4 12 4 50 4 10 4 38 24 4 58 4 49 4 29 4 32 54 4 52 4 48 8 47 4 36 52 4 26 4 41 4 106 44 4 5 59 35 4 3 59 4 16 35 56 4 12 24 4 44 4 102 25 5 20 4 11 48 20 4 118 6 4 5 4 71 47 4 13 4 55 4 5 4 4 48 4 35 4 44 4 46 4 19 54 4 18 4 107 42 48 23 4 57 4 117 27 4 43 4 18 4 11 4 54 16 4 23 4 25 4 17 54 4 58 4 6 4 2 31 4 14 4 5 4 51 4 0 18 4 23 4 50 4 12 4 
iteration 1059 best: 1.06735 time: 444033
97 29 8 113 5 8 56 46 8 90 23 4 33 4 51 57 4 29 4 102 5 8 1 14 4 37 4 15 17 12 7 25 8 78 36 8 10 6 8 12 41 12 94 5 4 21 4 21 43 4 56 4 40 4 21 4 112 7 4 45 4 44 4 37 5 8 106 29 8 16 10 4 45 4 82 14 16 52 16 22 11 4 39 4 5 4 30 4 9 20 4 5 4 32 4 17 5 8 20 8 82 35 4 31 4 17 4 40 4 0 35 8 95 5 4 22 4 55 4 5 4 101 45 8 106 26 4 2 50 8 3 8 8 118 31 8 5 52 4 56 4 20 4 19 51 4 5 4 4 5 4 22 4 10 4 56 52 4 57 4 109 5 4 53 4 17 4 49 43 4 49 4 16 24 4 5 4 43 50 16 37 16 93 27 12 9 4 30 4 52 17 4 5 4 12 4 42 50 4 33 4 70 17 16 6 16 5 12 41 10 4 27 4 109 47 16 46 16 109 14 4 5 4 14 4 111 19 4 22 4 84 10 4 5 4 16 4 15 49 4 48 4 49 6 18 4 0 12 17 17 4 22 32 10 4 0 5 16 27 16 96 59 4 54 4 5 4 38 28 57 5 4 56 28 8 4 13 53 4 23 4 38 4 27 19 16 5 16 15 5 4 20 4 3 34 4 53 4 26 4 87 56 4 7 47 39 4 114 9 4 12 4 50 4 10 4 38 24 4 58 4 49 4 29 4 32 54 4 52 4 48 8 47 4 36 52 4 26 4 41 4 106 44 4 5 59 35 4 3 59 4 16 35 56 4 12 24 4 44 4 102 25 5 20 4 11 48 20 4 118 6 4 5 4 71 47 4 13 4 55 4 5 4 4 48 4 35 4 44 4 46 4 19 54 4 18 4 107 42 48 23 4 57 4 117 27 4 43 4 18 4 11 4 54 16 4 23 4 25 4 17 54 4 58 4 6 4 2 31 4 14 4 5 4 51 4 0 18 4 23 4 50 4 12 4 
iteration 1077 best: 1.06735 time: 451547
97 29 8 113 5 8 56 46 8 90 23 4 33 4 51 57 4 29 4 102 5 8 1 14 4 37 4 15 17 12 7 25 8 78 36 8 10 6 8 12 41 12 94 5 4 21 4 21 43 4 56 4 40 4 21 4 112 7 4 45 4 44 4 37 5 8 106 29 8 16 10 4 45 4 82 14 16 52 16 22 11 4 39 4 5 4 30 4 9 20 4 5 4 32 4 17 5 8 20 8 82 35 4 31 4 17 4 40 4 0 35 8 95 5 4 22 4 55 4 5 4 101 45 8 106 26 4 2 50 8 3 8 8 118 31 8 5 52 4 56 4 20 4 19 51 4 5 4 4 5 4 22 4 10 4 56 52 4 57 4 109 5 4 53 4 17 4 49 43 4 49 4 16 24 4 5 4 43 50 16 37 16 93 27 12 9 4 30 4 52 17 4 5 4 12 4 42 50 4 33 4 70 17 16 6 16 5 12 41 10 4 27 4 109 47 16 46 16 109 14 4 5 4 14 4 111 19 4 22 4 84 10 4 5 4 16 4 15 49 4 48 4 49 6 18 4 0 12 17 17 4 22 32 10 4 0 5 16 27 16 96 59 4 54 4 5 4 38 28 57 5 4 56 28 8 4 13 53 4 23 4 38 4 27 19 16 5 16 15 5 4 20 4 3 34 4 53 4 26 4 87 56 4 7 47 39 4 114 9 4 12 4 50 4 10 4 38 24 4 58 4 49 4 29 4 32 54 4 52 4 48 8 47 4 36 52 4 26 4 41 4 106 44 4 5 59 35 4 3 59 4 16 35 56 4 12 24 4 44 4 102 25 5 20 4 11 48 20 4 118 6 4 5 4 71 47 4 13 4 55 4 5 4 4 48 4 35 4 44 4 46 4 19 54 4 18 4 107 42 48 23 4 57 4 117 27 4 43 4 18 4 11 4 54 16 4 23 4 25 4 17 54 4 58 4 6 4 2 31 4 14 4 5 4 51 4 0 18 4 23 4 50 4 12 4 
iteration 1095 best: 1.06735 time: 459057
97 29 8 113 5 8 56 46 8 90 23 4 33 4 51 57 4 29 4 102 5 8 1 14 4 37 4 15 17 12 7 25 8 78 36 8 10 6 8 12 41 12 94 5 4 21 4 21 43 4 56 4 40 4 21 4 112 7 4 45 4 44 4 37 5 8 106 29 8 16 10 4 45 4 82 14 16 52 16 22 11 4 39 4 5 4 30 4 9 20 4 5 4 32 4 17 5 8 20 8 82 35 4 31 4 17 4 40 4 0 35 8 95 5 4 22 4 55 4 5 4 101 45 8 106 26 4 2 50 8 3 8 8 118 31 8 5 52 4 56 4 20 4 19 51 4 5 4 4 5 4 22 4 10 4 56 52 4 57 4 109 5 4 53 4 17 4 49 43 4 49 4 16 24 4 5 4 43 50 16 37 16 93 27 12 9 4 30 4 52 17 4 5 4 12 4 42 50 4 33 4 70 17 16 6 16 5 12 41 10 4 27 4 109 47 16 46 16 109 14 4 5 4 14 4 111 19 4 22 4 84 10 4 5 4 16 4 15 49 4 48 4 49 6 18 4 0 12 17 17 4 22 32 10 4 0 5 16 27 16 96 59 4 54 4 5 4 38 28 57 5 4 56 28 8 4 13 53 4 23 4 38 4 27 19 16 5 16 15 5 4 20 4 3 34 4 53 4 26 4 87 56 4 7 47 39 4 114 9 4 12 4 50 4 10 4 38 24 4 58 4 49 4 29 4 32 54 4 52 4 48 8 47 4 36 52 4 26 4 41 4 106 44 4 5 59 35 4 3 59 4 16 35 56 4 12 24 4 44 4 102 25 5 20 4 11 48 20 4 118 6 4 5 4 71 47 4 13 4 55 4 5 4 4 48 4 35 4 44 4 46 4 19 54 4 18 4 107 42 48 23 4 57 4 117 27 4 43 4 18 4 11 4 54 16 4 23 4 25 4 17 54 4 58 4 6 4 2 31 4 14 4 5 4 51 4 0 18 4 23 4 50 4 12 4 
iteration 1113 best: 1.06735 time: 466578
97 29 8 113 5 8 56 46 8 90 23 4 33 4 51 57 4 29 4 102 5 8 1 14 4 37 4 15 17 12 7 25 8 78 36 8 10 6 8 12 41 12 94 5 4 21 4 21 43 4 56 4 40 4 21 4 112 7 4 45 4 44 4 37 5 8 106 29 8 16 10 4 45 4 82 14 16 52 16 22 11 4 39 4 5 4 30 4 9 20 4 5 4 32 4 17 5 8 20 8 82 35 4 31 4 17 4 40 4 0 35 8 95 5 4 22 4 55 4 5 4 101 45 8 106 26 4 2 50 8 3 8 8 118 31 8 5 52 4 56 4 20 4 19 51 4 5 4 4 5 4 22 4 10 4 56 52 4 57 4 109 5 4 53 4 17 4 49 43 4 49 4 16 24 4 5 4 43 50 16 37 16 93 27 12 9 4 30 4 52 17 4 5 4 12 4 42 50 4 33 4 70 17 16 6 16 5 12 41 10 4 27 4 109 47 16 46 16 109 14 4 5 4 14 4 111 19 4 22 4 84 10 4 5 4 16 4 15 49 4 48 4 49 6 18 4 0 12 17 17 4 22 32 10 4 0 5 16 27 16 96 59 4 54 4 5 4 38 28 57 5 4 56 28 8 4 13 53 4 23 4 38 4 27 19 16 5 16 15 5 4 20 4 3 34 4 53 4 26 4 87 56 4 7 47 39 4 114 9 4 12 4 50 4 10 4 38 24 4 58 4 49 4 29 4 32 54 4 52 4 48 8 47 4 36 52 4 26 4 41 4 106 44 4 5 59 35 4 3 59 4 16 35 56 4 12 24 4 44 4 102 25 5 20 4 11 48 20 4 118 6 4 5 4 71 47 4 13 4 55 4 5 4 4 48 4 35 4 44 4 46 4 19 54 4 18 4 107 42 48 23 4 57 4 117 27 4 43 4 18 4 11 4 54 16 4 23 4 25 4 17 54 4 58 4 6 4 2 31 4 14 4 5 4 51 4 0 18 4 23 4 50 4 12 4 
iteration 1131 best: 1.06735 time: 474086
97 29 8 113 5 8 56 46 8 90 23 4 33 4 51 57 4 29 4 102 5 8 1 14 4 37 4 15 17 12 7 25 8 78 36 8 10 6 8 12 41 12 94 5 4 21 4 21 43 4 56 4 40 4 21 4 112 7 4 45 4 44 4 37 5 8 106 29 8 16 10 4 45 4 82 14 16 52 16 22 11 4 39 4 5 4 30 4 9 20 4 5 4 32 4 17 5 8 20 8 82 35 4 31 4 17 4 40 4 0 35 8 95 5 4 22 4 55 4 5 4 101 45 8 106 26 4 2 50 8 3 8 8 118 31 8 5 52 4 56 4 20 4 19 51 4 5 4 4 5 4 22 4 10 4 56 52 4 57 4 109 5 4 53 4 17 4 49 43 4 49 4 16 24 4 5 4 43 50 16 37 16 93 27 12 9 4 30 4 52 17 4 5 4 12 4 42 50 4 33 4 70 17 16 6 16 5 12 41 10 4 27 4 109 47 16 46 16 109 14 4 5 4 14 4 111 19 4 22 4 84 10 4 5 4 16 4 15 49 4 48 4 49 6 18 4 0 12 17 17 4 22 32 10 4 0 5 16 27 16 96 59 4 54 4 5 4 38 28 57 5 4 56 28 8 4 13 53 4 23 4 38 4 27 19 16 5 16 15 5 4 20 4 3 34 4 53 4 26 4 87 56 4 7 47 39 4 114 9 4 12 4 50 4 10 4 38 24 4 58 4 49 4 29 4 32 54 4 52 4 48 8 47 4 36 52 4 26 4 41 4 106 44 4 5 59 35 4 3 59 4 16 35 56 4 12 24 4 44 4 102 25 5 20 4 11 48 20 4 118 6 4 5 4 71 47 4 13 4 55 4 5 4 4 48 4 35 4 44 4 46 4 19 54 4 18 4 107 42 48 23 4 57 4 117 27 4 43 4 18 4 11 4 54 16 4 23 4 25 4 17 54 4 58 4 6 4 2 31 4 14 4 5 4 51 4 0 18 4 23 4 50 4 12 4 
iteration 1149 best: 1.06735 time: 481616
97 29 8 113 5 8 56 46 8 90 23 4 33 4 51 57 4 29 4 102 5 8 1 14 4 37 4 15 17 12 7 25 8 78 36 8 10 6 8 12 41 12 94 5 4 21 4 21 43 4 56 4 40 4 21 4 112 7 4 45 4 44 4 37 5 8 106 29 8 16 10 4 45 4 82 14 16 52 16 22 11 4 39 4 5 4 30 4 9 20 4 5 4 32 4 17 5 8 20 8 82 35 4 31 4 17 4 40 4 0 35 8 95 5 4 22 4 55 4 5 4 101 45 8 106 26 4 2 50 8 3 8 8 118 31 8 5 52 4 56 4 20 4 19 51 4 5 4 4 5 4 22 4 10 4 56 52 4 57 4 109 5 4 53 4 17 4 49 43 4 49 4 16 24 4 5 4 43 50 16 37 16 93 27 12 9 4 30 4 52 17 4 5 4 12 4 42 50 4 33 4 70 17 16 6 16 5 12 41 10 4 27 4 109 47 16 46 16 109 14 4 5 4 14 4 111 19 4 22 4 84 10 4 5 4 16 4 15 49 4 48 4 49 6 18 4 0 12 17 17 4 22 32 10 4 0 5 16 27 16 96 59 4 54 4 5 4 38 28 57 5 4 56 28 8 4 13 53 4 23 4 38 4 27 19 16 5 16 15 5 4 20 4 3 34 4 53 4 26 4 87 56 4 7 47 39 4 114 9 4 12 4 50 4 10 4 38 24 4 58 4 49 4 29 4 32 54 4 52 4 48 8 47 4 36 52 4 26 4 41 4 106 44 4 5 59 35 4 3 59 4 16 35 56 4 12 24 4 44 4 102 25 5 20 4 11 48 20 4 118 6 4 5 4 71 47 4 13 4 55 4 5 4 4 48 4 35 4 44 4 46 4 19 54 4 18 4 107 42 48 23 4 57 4 117 27 4 43 4 18 4 11 4 54 16 4 23 4 25 4 17 54 4 58 4 6 4 2 31 4 14 4 5 4 51 4 0 18 4 23 4 50 4 12 4 
iteration 1167 best: 1.06735 time: 489146
97 29 8 113 5 8 56 46 8 90 23 4 33 4 51 57 4 29 4 102 5 8 1 14 4 37 4 15 17 12 7 25 8 78 36 8 10 6 8 12 41 12 94 5 4 21 4 21 43 4 56 4 40 4 21 4 112 7 4 45 4 44 4 37 5 8 106 29 8 16 10 4 45 4 82 14 16 52 16 22 11 4 39 4 5 4 30 4 9 20 4 5 4 32 4 17 5 8 20 8 82 35 4 31 4 17 4 40 4 0 35 8 95 5 4 22 4 55 4 5 4 101 45 8 106 26 4 2 50 8 3 8 8 118 31 8 5 52 4 56 4 20 4 19 51 4 5 4 4 5 4 22 4 10 4 56 52 4 57 4 109 5 4 53 4 17 4 49 43 4 49 4 16 24 4 5 4 43 50 16 37 16 93 27 12 9 4 30 4 52 17 4 5 4 12 4 42 50 4 33 4 70 17 16 6 16 5 12 41 10 4 27 4 109 47 16 46 16 109 14 4 5 4 14 4 111 19 4 22 4 84 10 4 5 4 16 4 15 49 4 48 4 49 6 18 4 0 12 17 17 4 22 32 10 4 0 5 16 27 16 96 59 4 54 4 5 4 38 28 57 5 4 56 28 8 4 13 53 4 23 4 38 4 27 19 16 5 16 15 5 4 20 4 3 34 4 53 4 26 4 87 56 4 7 47 39 4 114 9 4 12 4 50 4 10 4 38 24 4 58 4 49 4 29 4 32 54 4 52 4 48 8 47 4 36 52 4 26 4 41 4 106 44 4 5 59 35 4 3 59 4 16 35 56 4 12 24 4 44 4 102 25 5 20 4 11 48 20 4 118 6 4 5 4 71 47 4 13 4 55 4 5 4 4 48 4 35 4 44 4 46 4 19 54 4 18 4 107 42 48 23 4 57 4 117 27 4 43 4 18 4 11 4 54 16 4 23 4 25 4 17 54 4 58 4 6 4 2 31 4 14 4 5 4 51 4 0 18 4 23 4 50 4 12 4 
iteration 1185 best: 1.06735 time: 496660
97 29 8 113 5 8 56 46 8 90 23 4 33 4 51 57 4 29 4 102 5 8 1 14 4 37 4 15 17 12 7 25 8 78 36 8 10 6 8 12 41 12 94 5 4 21 4 21 43 4 56 4 40 4 21 4 112 7 4 45 4 44 4 37 5 8 106 29 8 16 10 4 45 4 82 14 16 52 16 22 11 4 39 4 5 4 30 4 9 20 4 5 4 32 4 17 5 8 20 8 82 35 4 31 4 17 4 40 4 0 35 8 95 5 4 22 4 55 4 5 4 101 45 8 106 26 4 2 50 8 3 8 8 118 31 8 5 52 4 56 4 20 4 19 51 4 5 4 4 5 4 22 4 10 4 56 52 4 57 4 109 5 4 53 4 17 4 49 43 4 49 4 16 24 4 5 4 43 50 16 37 16 93 27 12 9 4 30 4 52 17 4 5 4 12 4 42 50 4 33 4 70 17 16 6 16 5 12 41 10 4 27 4 109 47 16 46 16 109 14 4 5 4 14 4 111 19 4 22 4 84 10 4 5 4 16 4 15 49 4 48 4 49 6 18 4 0 12 17 17 4 22 32 10 4 0 5 16 27 16 96 59 4 54 4 5 4 38 28 57 5 4 56 28 8 4 13 53 4 23 4 38 4 27 19 16 5 16 15 5 4 20 4 3 34 4 53 4 26 4 87 56 4 7 47 39 4 114 9 4 12 4 50 4 10 4 38 24 4 58 4 49 4 29 4 32 54 4 52 4 48 8 47 4 36 52 4 26 4 41 4 106 44 4 5 59 35 4 3 59 4 16 35 56 4 12 24 4 44 4 102 25 5 20 4 11 48 20 4 118 6 4 5 4 71 47 4 13 4 55 4 5 4 4 48 4 35 4 44 4 46 4 19 54 4 18 4 107 42 48 23 4 57 4 117 27 4 43 4 18 4 11 4 54 16 4 23 4 25 4 17 54 4 58 4 6 4 2 31 4 14 4 5 4 51 4 0 18 4 23 4 50 4 12 4 
iteration 1203 best: 1.06735 time: 504180
97 29 8 113 5 8 56 46 8 90 23 4 33 4 51 57 4 29 4 102 5 8 1 14 4 37 4 15 17 12 7 25 8 78 36 8 10 6 8 12 41 12 94 5 4 21 4 21 43 4 56 4 40 4 21 4 112 7 4 45 4 44 4 37 5 8 106 29 8 16 10 4 45 4 82 14 16 52 16 22 11 4 39 4 5 4 30 4 9 20 4 5 4 32 4 17 5 8 20 8 82 35 4 31 4 17 4 40 4 0 35 8 95 5 4 22 4 55 4 5 4 101 45 8 106 26 4 2 50 8 3 8 8 118 31 8 5 52 4 56 4 20 4 19 51 4 5 4 4 5 4 22 4 10 4 56 52 4 57 4 109 5 4 53 4 17 4 49 43 4 49 4 16 24 4 5 4 43 50 16 37 16 93 27 12 9 4 30 4 52 17 4 5 4 12 4 42 50 4 33 4 70 17 16 6 16 5 12 41 10 4 27 4 109 47 16 46 16 109 14 4 5 4 14 4 111 19 4 22 4 84 10 4 5 4 16 4 15 49 4 48 4 49 6 18 4 0 12 17 17 4 22 32 10 4 0 5 16 27 16 96 59 4 54 4 5 4 38 28 57 5 4 56 28 8 4 13 53 4 23 4 38 4 27 19 16 5 16 15 5 4 20 4 3 34 4 53 4 26 4 87 56 4 7 47 39 4 114 9 4 12 4 50 4 10 4 38 24 4 58 4 49 4 29 4 32 54 4 52 4 48 8 47 4 36 52 4 26 4 41 4 106 44 4 5 59 35 4 3 59 4 16 35 56 4 12 24 4 44 4 102 25 5 20 4 11 48 20 4 118 6 4 5 4 71 47 4 13 4 55 4 5 4 4 48 4 35 4 44 4 46 4 19 54 4 18 4 107 42 48 23 4 57 4 117 27 4 43 4 18 4 11 4 54 16 4 23 4 25 4 17 54 4 58 4 6 4 2 31 4 14 4 5 4 51 4 0 18 4 23 4 50 4 12 4 
iteration 1221 best: 1.06735 time: 511728
97 29 8 113 5 8 56 46 8 90 23 4 33 4 51 57 4 29 4 102 5 8 1 14 4 37 4 15 17 12 7 25 8 78 36 8 10 6 8 12 41 12 94 5 4 21 4 21 43 4 56 4 40 4 21 4 112 7 4 45 4 44 4 37 5 8 106 29 8 16 10 4 45 4 82 14 16 52 16 22 11 4 39 4 5 4 30 4 9 20 4 5 4 32 4 17 5 8 20 8 82 35 4 31 4 17 4 40 4 0 35 8 95 5 4 22 4 55 4 5 4 101 45 8 106 26 4 2 50 8 3 8 8 118 31 8 5 52 4 56 4 20 4 19 51 4 5 4 4 5 4 22 4 10 4 56 52 4 57 4 109 5 4 53 4 17 4 49 43 4 49 4 16 24 4 5 4 43 50 16 37 16 93 27 12 9 4 30 4 52 17 4 5 4 12 4 42 50 4 33 4 70 17 16 6 16 5 12 41 10 4 27 4 109 47 16 46 16 109 14 4 5 4 14 4 111 19 4 22 4 84 10 4 5 4 16 4 15 49 4 48 4 49 6 18 4 0 12 17 17 4 22 32 10 4 0 5 16 27 16 96 59 4 54 4 5 4 38 28 57 5 4 56 28 8 4 13 53 4 23 4 38 4 27 19 16 5 16 15 5 4 20 4 3 34 4 53 4 26 4 87 56 4 7 47 39 4 114 9 4 12 4 50 4 10 4 38 24 4 58 4 49 4 29 4 32 54 4 52 4 48 8 47 4 36 52 4 26 4 41 4 106 44 4 5 59 35 4 3 59 4 16 35 56 4 12 24 4 44 4 102 25 5 20 4 11 48 20 4 118 6 4 5 4 71 47 4 13 4 55 4 5 4 4 48 4 35 4 44 4 46 4 19 54 4 18 4 107 42 48 23 4 57 4 117 27 4 43 4 18 4 11 4 54 16 4 23 4 25 4 17 54 4 58 4 6 4 2 31 4 14 4 5 4 51 4 0 18 4 23 4 50 4 12 4 
iteration 1239 best: 1.06735 time: 519248
97 29 8 113 5 8 56 46 8 90 23 4 33 4 51 57 4 29 4 102 5 8 1 14 4 37 4 15 17 12 7 25 8 78 36 8 10 6 8 12 41 12 94 5 4 21 4 21 43 4 56 4 40 4 21 4 112 7 4 45 4 44 4 37 5 8 106 29 8 16 10 4 45 4 82 14 16 52 16 22 11 4 39 4 5 4 30 4 9 20 4 5 4 32 4 17 5 8 20 8 82 35 4 31 4 17 4 40 4 0 35 8 95 5 4 22 4 55 4 5 4 101 45 8 106 26 4 2 50 8 3 8 8 118 31 8 5 52 4 56 4 20 4 19 51 4 5 4 4 5 4 22 4 10 4 56 52 4 57 4 109 5 4 53 4 17 4 49 43 4 49 4 16 24 4 5 4 43 50 16 37 16 93 27 12 9 4 30 4 52 17 4 5 4 12 4 42 50 4 33 4 70 17 16 6 16 5 12 41 10 4 27 4 109 47 16 46 16 109 14 4 5 4 14 4 111 19 4 22 4 84 10 4 5 4 16 4 15 49 4 48 4 49 6 18 4 0 12 17 17 4 22 32 10 4 0 5 16 27 16 96 59 4 54 4 5 4 38 28 57 5 4 56 28 8 4 13 53 4 23 4 38 4 27 19 16 5 16 15 5 4 20 4 3 34 4 53 4 26 4 87 56 4 7 47 39 4 114 9 4 12 4 50 4 10 4 38 24 4 58 4 49 4 29 4 32 54 4 52 4 48 8 47 4 36 52 4 26 4 41 4 106 44 4 5 59 35 4 3 59 4 16 35 56 4 12 24 4 44 4 102 25 5 20 4 11 48 20 4 118 6 4 5 4 71 47 4 13 4 55 4 5 4 4 48 4 35 4 44 4 46 4 19 54 4 18 4 107 42 48 23 4 57 4 117 27 4 43 4 18 4 11 4 54 16 4 23 4 25 4 17 54 4 58 4 6 4 2 31 4 14 4 5 4 51 4 0 18 4 23 4 50 4 12 4 
iteration 1257 best: 1.06735 time: 526748
97 29 8 113 5 8 56 46 8 90 23 4 33 4 51 57 4 29 4 102 5 8 1 14 4 37 4 15 17 12 7 25 8 78 36 8 10 6 8 12 41 12 94 5 4 21 4 21 43 4 56 4 40 4 21 4 112 7 4 45 4 44 4 37 5 8 106 29 8 16 10 4 45 4 82 14 16 52 16 22 11 4 39 4 5 4 30 4 9 20 4 5 4 32 4 17 5 8 20 8 82 35 4 31 4 17 4 40 4 0 35 8 95 5 4 22 4 55 4 5 4 101 45 8 106 26 4 2 50 8 3 8 8 118 31 8 5 52 4 56 4 20 4 19 51 4 5 4 4 5 4 22 4 10 4 56 52 4 57 4 109 5 4 53 4 17 4 49 43 4 49 4 16 24 4 5 4 43 50 16 37 16 93 27 12 9 4 30 4 52 17 4 5 4 12 4 42 50 4 33 4 70 17 16 6 16 5 12 41 10 4 27 4 109 47 16 46 16 109 14 4 5 4 14 4 111 19 4 22 4 84 10 4 5 4 16 4 15 49 4 48 4 49 6 18 4 0 12 17 17 4 22 32 10 4 0 5 16 27 16 96 59 4 54 4 5 4 38 28 57 5 4 56 28 8 4 13 53 4 23 4 38 4 27 19 16 5 16 15 5 4 20 4 3 34 4 53 4 26 4 87 56 4 7 47 39 4 114 9 4 12 4 50 4 10 4 38 24 4 58 4 49 4 29 4 32 54 4 52 4 48 8 47 4 36 52 4 26 4 41 4 106 44 4 5 59 35 4 3 59 4 16 35 56 4 12 24 4 44 4 102 25 5 20 4 11 48 20 4 118 6 4 5 4 71 47 4 13 4 55 4 5 4 4 48 4 35 4 44 4 46 4 19 54 4 18 4 107 42 48 23 4 57 4 117 27 4 43 4 18 4 11 4 54 16 4 23 4 25 4 17 54 4 58 4 6 4 2 31 4 14 4 5 4 51 4 0 18 4 23 4 50 4 12 4 
iteration 1275 best: 1.06735 time: 534298
97 29 8 113 5 8 56 46 8 90 23 4 33 4 51 57 4 29 4 102 5 8 1 14 4 37 4 15 17 12 7 25 8 78 36 8 10 6 8 12 41 12 94 5 4 21 4 21 43 4 56 4 40 4 21 4 112 7 4 45 4 44 4 37 5 8 106 29 8 16 10 4 45 4 82 14 16 52 16 22 11 4 39 4 5 4 30 4 9 20 4 5 4 32 4 17 5 8 20 8 82 35 4 31 4 17 4 40 4 0 35 8 95 5 4 22 4 55 4 5 4 101 45 8 106 26 4 2 50 8 3 8 8 118 31 8 5 52 4 56 4 20 4 19 51 4 5 4 4 5 4 22 4 10 4 56 52 4 57 4 109 5 4 53 4 17 4 49 43 4 49 4 16 24 4 5 4 43 50 16 37 16 93 27 12 9 4 30 4 52 17 4 5 4 12 4 42 50 4 33 4 70 17 16 6 16 5 12 41 10 4 27 4 109 47 16 46 16 109 14 4 5 4 14 4 111 19 4 22 4 84 10 4 5 4 16 4 15 49 4 48 4 49 6 18 4 0 12 17 17 4 22 32 10 4 0 5 16 27 16 96 59 4 54 4 5 4 38 28 57 5 4 56 28 8 4 13 53 4 23 4 38 4 27 19 16 5 16 15 5 4 20 4 3 34 4 53 4 26 4 87 56 4 7 47 39 4 114 9 4 12 4 50 4 10 4 38 24 4 58 4 49 4 29 4 32 54 4 52 4 48 8 47 4 36 52 4 26 4 41 4 106 44 4 5 59 35 4 3 59 4 16 35 56 4 12 24 4 44 4 102 25 5 20 4 11 48 20 4 118 6 4 5 4 71 47 4 13 4 55 4 5 4 4 48 4 35 4 44 4 46 4 19 54 4 18 4 107 42 48 23 4 57 4 117 27 4 43 4 18 4 11 4 54 16 4 23 4 25 4 17 54 4 58 4 6 4 2 31 4 14 4 5 4 51 4 0 18 4 23 4 50 4 12 4 
iteration 1293 best: 1.06735 time: 541826
97 29 8 113 5 8 56 46 8 90 23 4 33 4 51 57 4 29 4 102 5 8 1 14 4 37 4 15 17 12 7 25 8 78 36 8 10 6 8 12 41 12 94 5 4 21 4 21 43 4 56 4 40 4 21 4 112 7 4 45 4 44 4 37 5 8 106 29 8 16 10 4 45 4 82 14 16 52 16 22 11 4 39 4 5 4 30 4 9 20 4 5 4 32 4 17 5 8 20 8 82 35 4 31 4 17 4 40 4 0 35 8 95 5 4 22 4 55 4 5 4 101 45 8 106 26 4 2 50 8 3 8 8 118 31 8 5 52 4 56 4 20 4 19 51 4 5 4 4 5 4 22 4 10 4 56 52 4 57 4 109 5 4 53 4 17 4 49 43 4 49 4 16 24 4 5 4 43 50 16 37 16 93 27 12 9 4 30 4 52 17 4 5 4 12 4 42 50 4 33 4 70 17 16 6 16 5 12 41 10 4 27 4 109 47 16 46 16 109 14 4 5 4 14 4 111 19 4 22 4 84 10 4 5 4 16 4 15 49 4 48 4 49 6 18 4 0 12 17 17 4 22 32 10 4 0 5 16 27 16 96 59 4 54 4 5 4 38 28 57 5 4 56 28 8 4 13 53 4 23 4 38 4 27 19 16 5 16 15 5 4 20 4 3 34 4 53 4 26 4 87 56 4 7 47 39 4 114 9 4 12 4 50 4 10 4 38 24 4 58 4 49 4 29 4 32 54 4 52 4 48 8 47 4 36 52 4 26 4 41 4 106 44 4 5 59 35 4 3 59 4 16 35 56 4 12 24 4 44 4 102 25 5 20 4 11 48 20 4 118 6 4 5 4 71 47 4 13 4 55 4 5 4 4 48 4 35 4 44 4 46 4 19 54 4 18 4 107 42 48 23 4 57 4 117 27 4 43 4 18 4 11 4 54 16 4 23 4 25 4 17 54 4 58 4 6 4 2 31 4 14 4 5 4 51 4 0 18 4 23 4 50 4 12 4 
iteration 1311 best: 1.06735 time: 549371
97 29 8 113 5 8 56 46 8 90 23 4 33 4 51 57 4 29 4 102 5 8 1 14 4 37 4 15 17 12 7 25 8 78 36 8 10 6 8 12 41 12 94 5 4 21 4 21 43 4 56 4 40 4 21 4 112 7 4 45 4 44 4 37 5 8 106 29 8 16 10 4 45 4 82 14 16 52 16 22 11 4 39 4 5 4 30 4 9 20 4 5 4 32 4 17 5 8 20 8 82 35 4 31 4 17 4 40 4 0 35 8 95 5 4 22 4 55 4 5 4 101 45 8 106 26 4 2 50 8 3 8 8 118 31 8 5 52 4 56 4 20 4 19 51 4 5 4 4 5 4 22 4 10 4 56 52 4 57 4 109 5 4 53 4 17 4 49 43 4 49 4 16 24 4 5 4 43 50 16 37 16 93 27 12 9 4 30 4 52 17 4 5 4 12 4 42 50 4 33 4 70 17 16 6 16 5 12 41 10 4 27 4 109 47 16 46 16 109 14 4 5 4 14 4 111 19 4 22 4 84 10 4 5 4 16 4 15 49 4 48 4 49 6 18 4 0 12 17 17 4 22 32 10 4 0 5 16 27 16 96 59 4 54 4 5 4 38 28 57 5 4 56 28 8 4 13 53 4 23 4 38 4 27 19 16 5 16 15 5 4 20 4 3 34 4 53 4 26 4 87 56 4 7 47 39 4 114 9 4 12 4 50 4 10 4 38 24 4 58 4 49 4 29 4 32 54 4 52 4 48 8 47 4 36 52 4 26 4 41 4 106 44 4 5 59 35 4 3 59 4 16 35 56 4 12 24 4 44 4 102 25 5 20 4 11 48 20 4 118 6 4 5 4 71 47 4 13 4 55 4 5 4 4 48 4 35 4 44 4 46 4 19 54 4 18 4 107 42 48 23 4 57 4 117 27 4 43 4 18 4 11 4 54 16 4 23 4 25 4 17 54 4 58 4 6 4 2 31 4 14 4 5 4 51 4 0 18 4 23 4 50 4 12 4 
iteration 1329 best: 1.06735 time: 556904
97 29 8 113 5 8 56 46 8 90 23 4 33 4 51 57 4 29 4 102 5 8 1 14 4 37 4 15 17 12 7 25 8 78 36 8 10 6 8 12 41 12 94 5 4 21 4 21 43 4 56 4 40 4 21 4 112 7 4 45 4 44 4 37 5 8 106 29 8 16 10 4 45 4 82 14 16 52 16 22 11 4 39 4 5 4 30 4 9 20 4 5 4 32 4 17 5 8 20 8 82 35 4 31 4 17 4 40 4 0 35 8 95 5 4 22 4 55 4 5 4 101 45 8 106 26 4 2 50 8 3 8 8 118 31 8 5 52 4 56 4 20 4 19 51 4 5 4 4 5 4 22 4 10 4 56 52 4 57 4 109 5 4 53 4 17 4 49 43 4 49 4 16 24 4 5 4 43 50 16 37 16 93 27 12 9 4 30 4 52 17 4 5 4 12 4 42 50 4 33 4 70 17 16 6 16 5 12 41 10 4 27 4 109 47 16 46 16 109 14 4 5 4 14 4 111 19 4 22 4 84 10 4 5 4 16 4 15 49 4 48 4 49 6 18 4 0 12 17 17 4 22 32 10 4 0 5 16 27 16 96 59 4 54 4 5 4 38 28 57 5 4 56 28 8 4 13 53 4 23 4 38 4 27 19 16 5 16 15 5 4 20 4 3 34 4 53 4 26 4 87 56 4 7 47 39 4 114 9 4 12 4 50 4 10 4 38 24 4 58 4 49 4 29 4 32 54 4 52 4 48 8 47 4 36 52 4 26 4 41 4 106 44 4 5 59 35 4 3 59 4 16 35 56 4 12 24 4 44 4 102 25 5 20 4 11 48 20 4 118 6 4 5 4 71 47 4 13 4 55 4 5 4 4 48 4 35 4 44 4 46 4 19 54 4 18 4 107 42 48 23 4 57 4 117 27 4 43 4 18 4 11 4 54 16 4 23 4 25 4 17 54 4 58 4 6 4 2 31 4 14 4 5 4 51 4 0 18 4 23 4 50 4 12 4 
iteration 1347 best: 1.06735 time: 564421
97 29 8 113 5 8 56 46 8 90 23 4 33 4 51 57 4 29 4 102 5 8 1 14 4 37 4 15 17 12 7 25 8 78 36 8 10 6 8 12 41 12 94 5 4 21 4 21 43 4 56 4 40 4 21 4 112 7 4 45 4 44 4 37 5 8 106 29 8 16 10 4 45 4 82 14 16 52 16 22 11 4 39 4 5 4 30 4 9 20 4 5 4 32 4 17 5 8 20 8 82 35 4 31 4 17 4 40 4 0 35 8 95 5 4 22 4 55 4 5 4 101 45 8 106 26 4 2 50 8 3 8 8 118 31 8 5 52 4 56 4 20 4 19 51 4 5 4 4 5 4 22 4 10 4 56 52 4 57 4 109 5 4 53 4 17 4 49 43 4 49 4 16 24 4 5 4 43 50 16 37 16 93 27 12 9 4 30 4 52 17 4 5 4 12 4 42 50 4 33 4 70 17 16 6 16 5 12 41 10 4 27 4 109 47 16 46 16 109 14 4 5 4 14 4 111 19 4 22 4 84 10 4 5 4 16 4 15 49 4 48 4 49 6 18 4 0 12 17 17 4 22 32 10 4 0 5 16 27 16 96 59 4 54 4 5 4 38 28 57 5 4 56 28 8 4 13 53 4 23 4 38 4 27 19 16 5 16 15 5 4 20 4 3 34 4 53 4 26 4 87 56 4 7 47 39 4 114 9 4 12 4 50 4 10 4 38 24 4 58 4 49 4 29 4 32 54 4 52 4 48 8 47 4 36 52 4 26 4 41 4 106 44 4 5 59 35 4 3 59 4 16 35 56 4 12 24 4 44 4 102 25 5 20 4 11 48 20 4 118 6 4 5 4 71 47 4 13 4 55 4 5 4 4 48 4 35 4 44 4 46 4 19 54 4 18 4 107 42 48 23 4 57 4 117 27 4 43 4 18 4 11 4 54 16 4 23 4 25 4 17 54 4 58 4 6 4 2 31 4 14 4 5 4 51 4 0 18 4 23 4 50 4 12 4 
iteration 1365 best: 1.06735 time: 571947
97 29 8 113 5 8 56 46 8 90 23 4 33 4 51 57 4 29 4 102 5 8 1 14 4 37 4 15 17 12 7 25 8 78 36 8 10 6 8 12 41 12 94 5 4 21 4 21 43 4 56 4 40 4 21 4 112 7 4 45 4 44 4 37 5 8 106 29 8 16 10 4 45 4 82 14 16 52 16 22 11 4 39 4 5 4 30 4 9 20 4 5 4 32 4 17 5 8 20 8 82 35 4 31 4 17 4 40 4 0 35 8 95 5 4 22 4 55 4 5 4 101 45 8 106 26 4 2 50 8 3 8 8 118 31 8 5 52 4 56 4 20 4 19 51 4 5 4 4 5 4 22 4 10 4 56 52 4 57 4 109 5 4 53 4 17 4 49 43 4 49 4 16 24 4 5 4 43 50 16 37 16 93 27 12 9 4 30 4 52 17 4 5 4 12 4 42 50 4 33 4 70 17 16 6 16 5 12 41 10 4 27 4 109 47 16 46 16 109 14 4 5 4 14 4 111 19 4 22 4 84 10 4 5 4 16 4 15 49 4 48 4 49 6 18 4 0 12 17 17 4 22 32 10 4 0 5 16 27 16 96 59 4 54 4 5 4 38 28 57 5 4 56 28 8 4 13 53 4 23 4 38 4 27 19 16 5 16 15 5 4 20 4 3 34 4 53 4 26 4 87 56 4 7 47 39 4 114 9 4 12 4 50 4 10 4 38 24 4 58 4 49 4 29 4 32 54 4 52 4 48 8 47 4 36 52 4 26 4 41 4 106 44 4 5 59 35 4 3 59 4 16 35 56 4 12 24 4 44 4 102 25 5 20 4 11 48 20 4 118 6 4 5 4 71 47 4 13 4 55 4 5 4 4 48 4 35 4 44 4 46 4 19 54 4 18 4 107 42 48 23 4 57 4 117 27 4 43 4 18 4 11 4 54 16 4 23 4 25 4 17 54 4 58 4 6 4 2 31 4 14 4 5 4 51 4 0 18 4 23 4 50 4 12 4 
iteration 1383 best: 1.06735 time: 579455
97 29 8 113 5 8 56 46 8 90 23 4 33 4 51 57 4 29 4 102 5 8 1 14 4 37 4 15 17 12 7 25 8 78 36 8 10 6 8 12 41 12 94 5 4 21 4 21 43 4 56 4 40 4 21 4 112 7 4 45 4 44 4 37 5 8 106 29 8 16 10 4 45 4 82 14 16 52 16 22 11 4 39 4 5 4 30 4 9 20 4 5 4 32 4 17 5 8 20 8 82 35 4 31 4 17 4 40 4 0 35 8 95 5 4 22 4 55 4 5 4 101 45 8 106 26 4 2 50 8 3 8 8 118 31 8 5 52 4 56 4 20 4 19 51 4 5 4 4 5 4 22 4 10 4 56 52 4 57 4 109 5 4 53 4 17 4 49 43 4 49 4 16 24 4 5 4 43 50 16 37 16 93 27 12 9 4 30 4 52 17 4 5 4 12 4 42 50 4 33 4 70 17 16 6 16 5 12 41 10 4 27 4 109 47 16 46 16 109 14 4 5 4 14 4 111 19 4 22 4 84 10 4 5 4 16 4 15 49 4 48 4 49 6 18 4 0 12 17 17 4 22 32 10 4 0 5 16 27 16 96 59 4 54 4 5 4 38 28 57 5 4 56 28 8 4 13 53 4 23 4 38 4 27 19 16 5 16 15 5 4 20 4 3 34 4 53 4 26 4 87 56 4 7 47 39 4 114 9 4 12 4 50 4 10 4 38 24 4 58 4 49 4 29 4 32 54 4 52 4 48 8 47 4 36 52 4 26 4 41 4 106 44 4 5 59 35 4 3 59 4 16 35 56 4 12 24 4 44 4 102 25 5 20 4 11 48 20 4 118 6 4 5 4 71 47 4 13 4 55 4 5 4 4 48 4 35 4 44 4 46 4 19 54 4 18 4 107 42 48 23 4 57 4 117 27 4 43 4 18 4 11 4 54 16 4 23 4 25 4 17 54 4 58 4 6 4 2 31 4 14 4 5 4 51 4 0 18 4 23 4 50 4 12 4 
iteration 1401 best: 1.06735 time: 586974
97 29 8 113 5 8 56 46 8 90 23 4 33 4 51 57 4 29 4 102 5 8 1 14 4 37 4 15 17 12 7 25 8 78 36 8 10 6 8 12 41 12 94 5 4 21 4 21 43 4 56 4 40 4 21 4 112 7 4 45 4 44 4 37 5 8 106 29 8 16 10 4 45 4 82 14 16 52 16 22 11 4 39 4 5 4 30 4 9 20 4 5 4 32 4 17 5 8 20 8 82 35 4 31 4 17 4 40 4 0 35 8 95 5 4 22 4 55 4 5 4 101 45 8 106 26 4 2 50 8 3 8 8 118 31 8 5 52 4 56 4 20 4 19 51 4 5 4 4 5 4 22 4 10 4 56 52 4 57 4 109 5 4 53 4 17 4 49 43 4 49 4 16 24 4 5 4 43 50 16 37 16 93 27 12 9 4 30 4 52 17 4 5 4 12 4 42 50 4 33 4 70 17 16 6 16 5 12 41 10 4 27 4 109 47 16 46 16 109 14 4 5 4 14 4 111 19 4 22 4 84 10 4 5 4 16 4 15 49 4 48 4 49 6 18 4 0 12 17 17 4 22 32 10 4 0 5 16 27 16 96 59 4 54 4 5 4 38 28 57 5 4 56 28 8 4 13 53 4 23 4 38 4 27 19 16 5 16 15 5 4 20 4 3 34 4 53 4 26 4 87 56 4 7 47 39 4 114 9 4 12 4 50 4 10 4 38 24 4 58 4 49 4 29 4 32 54 4 52 4 48 8 47 4 36 52 4 26 4 41 4 106 44 4 5 59 35 4 3 59 4 16 35 56 4 12 24 4 44 4 102 25 5 20 4 11 48 20 4 118 6 4 5 4 71 47 4 13 4 55 4 5 4 4 48 4 35 4 44 4 46 4 19 54 4 18 4 107 42 48 23 4 57 4 117 27 4 43 4 18 4 11 4 54 16 4 23 4 25 4 17 54 4 58 4 6 4 2 31 4 14 4 5 4 51 4 0 18 4 23 4 50 4 12 4 
iteration 1419 best: 1.06735 time: 594515
97 29 8 113 5 8 56 46 8 90 23 4 33 4 51 57 4 29 4 102 5 8 1 14 4 37 4 15 17 12 7 25 8 78 36 8 10 6 8 12 41 12 94 5 4 21 4 21 43 4 56 4 40 4 21 4 112 7 4 45 4 44 4 37 5 8 106 29 8 16 10 4 45 4 82 14 16 52 16 22 11 4 39 4 5 4 30 4 9 20 4 5 4 32 4 17 5 8 20 8 82 35 4 31 4 17 4 40 4 0 35 8 95 5 4 22 4 55 4 5 4 101 45 8 106 26 4 2 50 8 3 8 8 118 31 8 5 52 4 56 4 20 4 19 51 4 5 4 4 5 4 22 4 10 4 56 52 4 57 4 109 5 4 53 4 17 4 49 43 4 49 4 16 24 4 5 4 43 50 16 37 16 93 27 12 9 4 30 4 52 17 4 5 4 12 4 42 50 4 33 4 70 17 16 6 16 5 12 41 10 4 27 4 109 47 16 46 16 109 14 4 5 4 14 4 111 19 4 22 4 84 10 4 5 4 16 4 15 49 4 48 4 49 6 18 4 0 12 17 17 4 22 32 10 4 0 5 16 27 16 96 59 4 54 4 5 4 38 28 57 5 4 56 28 8 4 13 53 4 23 4 38 4 27 19 16 5 16 15 5 4 20 4 3 34 4 53 4 26 4 87 56 4 7 47 39 4 114 9 4 12 4 50 4 10 4 38 24 4 58 4 49 4 29 4 32 54 4 52 4 48 8 47 4 36 52 4 26 4 41 4 106 44 4 5 59 35 4 3 59 4 16 35 56 4 12 24 4 44 4 102 25 5 20 4 11 48 20 4 118 6 4 5 4 71 47 4 13 4 55 4 5 4 4 48 4 35 4 44 4 46 4 19 54 4 18 4 107 42 48 23 4 57 4 117 27 4 43 4 18 4 11 4 54 16 4 23 4 25 4 17 54 4 58 4 6 4 2 31 4 14 4 5 4 51 4 0 18 4 23 4 50 4 12 4 
iteration 1437 best: 1.06735 time: 602035
97 29 8 113 5 8 56 46 8 90 23 4 33 4 51 57 4 29 4 102 5 8 1 14 4 37 4 15 17 12 7 25 8 78 36 8 10 6 8 12 41 12 94 5 4 21 4 21 43 4 56 4 40 4 21 4 112 7 4 45 4 44 4 37 5 8 106 29 8 16 10 4 45 4 82 14 16 52 16 22 11 4 39 4 5 4 30 4 9 20 4 5 4 32 4 17 5 8 20 8 82 35 4 31 4 17 4 40 4 0 35 8 95 5 4 22 4 55 4 5 4 101 45 8 106 26 4 2 50 8 3 8 8 118 31 8 5 52 4 56 4 20 4 19 51 4 5 4 4 5 4 22 4 10 4 56 52 4 57 4 109 5 4 53 4 17 4 49 43 4 49 4 16 24 4 5 4 43 50 16 37 16 93 27 12 9 4 30 4 52 17 4 5 4 12 4 42 50 4 33 4 70 17 16 6 16 5 12 41 10 4 27 4 109 47 16 46 16 109 14 4 5 4 14 4 111 19 4 22 4 84 10 4 5 4 16 4 15 49 4 48 4 49 6 18 4 0 12 17 17 4 22 32 10 4 0 5 16 27 16 96 59 4 54 4 5 4 38 28 57 5 4 56 28 8 4 13 53 4 23 4 38 4 27 19 16 5 16 15 5 4 20 4 3 34 4 53 4 26 4 87 56 4 7 47 39 4 114 9 4 12 4 50 4 10 4 38 24 4 58 4 49 4 29 4 32 54 4 52 4 48 8 47 4 36 52 4 26 4 41 4 106 44 4 5 59 35 4 3 59 4 16 35 56 4 12 24 4 44 4 102 25 5 20 4 11 48 20 4 118 6 4 5 4 71 47 4 13 4 55 4 5 4 4 48 4 35 4 44 4 46 4 19 54 4 18 4 107 42 48 23 4 57 4 117 27 4 43 4 18 4 11 4 54 16 4 23 4 25 4 17 54 4 58 4 6 4 2 31 4 14 4 5 4 51 4 0 18 4 23 4 50 4 12 4 
Best solution: 
97 29 8 113 5 8 56 46 8 90 23 4 33 4 51 57 4 29 4 102 5 8 1 14 4 37 4 15 17 12 7 25 8 78 36 8 10 6 8 12 41 12 94 5 4 21 4 21 43 4 56 4 40 4 21 4 112 7 4 45 4 44 4 37 5 8 106 29 8 16 10 4 45 4 82 14 16 52 16 22 11 4 39 4 5 4 30 4 9 20 4 5 4 32 4 17 5 8 20 8 82 35 4 31 4 17 4 40 4 0 35 8 95 5 4 22 4 55 4 5 4 101 45 8 106 26 4 2 50 8 3 8 8 118 31 8 5 52 4 56 4 20 4 19 51 4 5 4 4 5 4 22 4 10 4 56 52 4 57 4 109 5 4 53 4 17 4 49 43 4 49 4 16 24 4 5 4 43 50 16 37 16 93 27 12 9 4 30 4 52 17 4 5 4 12 4 42 50 4 33 4 70 17 16 6 16 5 12 41 10 4 27 4 109 47 16 46 16 109 14 4 5 4 14 4 111 19 4 22 4 84 10 4 5 4 16 4 15 49 4 48 4 49 6 18 4 0 12 17 17 4 22 32 10 4 0 5 16 27 16 96 59 4 54 4 5 4 38 28 57 5 4 56 28 8 4 13 53 4 23 4 38 4 27 19 16 5 16 15 5 4 20 4 3 34 4 53 4 26 4 87 56 4 7 47 39 4 114 9 4 12 4 50 4 10 4 38 24 4 58 4 49 4 29 4 32 54 4 52 4 48 8 47 4 36 52 4 26 4 41 4 106 44 4 5 59 35 4 3 59 4 16 35 56 4 12 24 4 44 4 102 25 5 20 4 11 48 20 4 118 6 4 5 4 71 47 4 13 4 55 4 5 4 4 48 4 35 4 44 4 46 4 19 54 4 18 4 107 42 48 23 4 57 4 117 27 4 43 4 18 4 11 4 54 16 4 23 4 25 4 17 54 4 58 4 6 4 2 31 4 14 4 5 4 51 4 0 18 4 23 4 50 4 12 4 
Fitness: 1.06735
