iteration 22 best: 1.0318 time: 7274
47 38 4 26 4 23 4 21 31 4 20 4 99 38 4 15 4 30 4 56 44 4 29 4 60 4 73 28 4 22 4 18 4 32 24 4 9 4 23 4 54 4 64 34 4 15 4 27 4 12 43 4 46 4 59 15 4 27 4 41 47 4 45 4 42 4 37 4 61 34 4 25 4 64 19 4 35 4 64 43 4 12 4 50 4 24 4 24 4 69 32 4 37 4 9 4 42 4 56 17 4 43 4 38 37 4 23 4 28 4 45 4 53 39 4 27 4 51 4 119 7 4 21 4 80 11 4 39 4 63 49 20 55 35 4 18 4 35 4 15 19 20 78 30 4 31 4 30 4 30 32 4 14 4 24 4 33 4 25 38 4 28 4 55 19 4 58 4 31 4 19 32 4 28 4 72 27 4 31 4 25 4 60 29 4 28 4 31 4 68 19 4 40 4 86 29 4 37 4 99 20 4 89 27 4 47 4 23 4 18 21 4 18 4 36 22 4 29 4 42 46 4 30 4 84 31 4 45 4 87 38 4 38 4 46 49 4 34 4 106 24 4 5 4 29 43 4 23 4 21 26 4 53 4 40 4 48 11 4 17 4 48 43 4 30 4 24 4 60 44 4 15 4 37 4 82 36 4 43 4 21 4 26 4 43 55 4 22 4 31 4 21 4 46 23 4 25 4 19 4 82 37 4 30 4 59 48 4 20 4 47 4 69 49 4 43 4 30 4 88 22 4 31 4 24 4 12 23 4 31 4 6 4 82 22 16 21 16 53 20 4 79 46 16 5 16 82 7 4 20 4 47 26 4 26 4 54 4 25 52 4 45 4 26 4 27 4 40 39 4 27 4 62 48 4 34 4 36 4 19 4 86 38 4 38 4 47 4 84 16 4 27 4 12 4 13 31 4 41 4 6 4 74 47 4 25 4 53 4 61 20 4 17 4 31 4 27 4 33 12 4 25 4 55 4 30 4 41 31 4 34 4 40 4 62 48 4 43 4 31 4 34 13 4 47 4 46 4 
iteration 47 best: 1.0318 time: 14741
47 38 4 26 4 23 4 21 31 4 20 4 99 38 4 15 4 30 4 56 44 4 29 4 60 4 73 28 4 22 4 18 4 32 24 4 9 4 23 4 54 4 64 34 4 15 4 27 4 12 43 4 46 4 59 15 4 27 4 41 47 4 45 4 42 4 37 4 61 34 4 25 4 64 19 4 35 4 64 43 4 12 4 50 4 24 4 24 4 69 32 4 37 4 9 4 42 4 56 17 4 43 4 38 37 4 23 4 28 4 45 4 53 39 4 27 4 51 4 119 7 4 21 4 80 11 4 39 4 63 49 20 55 35 4 18 4 35 4 15 19 20 78 30 4 31 4 30 4 30 32 4 14 4 24 4 33 4 25 38 4 28 4 55 19 4 58 4 31 4 19 32 4 28 4 72 27 4 31 4 25 4 60 29 4 28 4 31 4 68 19 4 40 4 86 29 4 37 4 99 20 4 89 27 4 47 4 23 4 18 21 4 18 4 36 22 4 29 4 42 46 4 30 4 84 31 4 45 4 87 38 4 38 4 46 49 4 34 4 106 24 4 5 4 29 43 4 23 4 21 26 4 53 4 40 4 48 11 4 17 4 48 43 4 30 4 24 4 60 44 4 15 4 37 4 82 36 4 43 4 21 4 26 4 43 55 4 22 4 31 4 21 4 46 23 4 25 4 19 4 82 37 4 30 4 59 48 4 20 4 47 4 69 49 4 43 4 30 4 88 22 4 31 4 24 4 12 23 4 31 4 6 4 82 22 16 21 16 53 20 4 79 46 16 5 16 82 7 4 20 4 47 26 4 26 4 54 4 25 52 4 45 4 26 4 27 4 40 39 4 27 4 62 48 4 34 4 36 4 19 4 86 38 4 38 4 47 4 84 16 4 27 4 12 4 13 31 4 41 4 6 4 74 47 4 25 4 53 4 61 20 4 17 4 31 4 27 4 33 12 4 25 4 55 4 30 4 41 31 4 34 4 40 4 62 48 4 43 4 31 4 34 13 4 47 4 46 4 
iteration 72 best: 1.0318 time: 22202
47 38 4 26 4 23 4 21 31 4 20 4 99 38 4 15 4 30 4 56 44 4 29 4 60 4 73 28 4 22 4 18 4 32 24 4 9 4 23 4 54 4 64 34 4 15 4 27 4 12 43 4 46 4 59 15 4 27 4 41 47 4 45 4 42 4 37 4 61 34 4 25 4 64 19 4 35 4 64 43 4 12 4 50 4 24 4 24 4 69 32 4 37 4 9 4 42 4 56 17 4 43 4 38 37 4 23 4 28 4 45 4 53 39 4 27 4 51 4 119 7 4 21 4 80 11 4 39 4 63 49 20 55 35 4 18 4 35 4 15 19 20 78 30 4 31 4 30 4 30 32 4 14 4 24 4 33 4 25 38 4 28 4 55 19 4 58 4 31 4 19 32 4 28 4 72 27 4 31 4 25 4 60 29 4 28 4 31 4 68 19 4 40 4 86 29 4 37 4 99 20 4 89 27 4 47 4 23 4 18 21 4 18 4 36 22 4 29 4 42 46 4 30 4 84 31 4 45 4 87 38 4 38 4 46 49 4 34 4 106 24 4 5 4 29 43 4 23 4 21 26 4 53 4 40 4 48 11 4 17 4 48 43 4 30 4 24 4 60 44 4 15 4 37 4 82 36 4 43 4 21 4 26 4 43 55 4 22 4 31 4 21 4 46 23 4 25 4 19 4 82 37 4 30 4 59 48 4 20 4 47 4 69 49 4 43 4 30 4 88 22 4 31 4 24 4 12 23 4 31 4 6 4 82 22 16 21 16 53 20 4 79 46 16 5 16 82 7 4 20 4 47 26 4 26 4 54 4 25 52 4 45 4 26 4 27 4 40 39 4 27 4 62 48 4 34 4 36 4 19 4 86 38 4 38 4 47 4 84 16 4 27 4 12 4 13 31 4 41 4 6 4 74 47 4 25 4 53 4 61 20 4 17 4 31 4 27 4 33 12 4 25 4 55 4 30 4 41 31 4 34 4 40 4 62 48 4 43 4 31 4 34 13 4 47 4 46 4 
iteration 96 best: 1.0318 time: 29404
47 38 4 26 4 23 4 21 31 4 20 4 99 38 4 15 4 30 4 56 44 4 29 4 60 4 73 28 4 22 4 18 4 32 24 4 9 4 23 4 54 4 64 34 4 15 4 27 4 12 43 4 46 4 59 15 4 27 4 41 47 4 45 4 42 4 37 4 61 34 4 25 4 64 19 4 35 4 64 43 4 12 4 50 4 24 4 24 4 69 32 4 37 4 9 4 42 4 56 17 4 43 4 38 37 4 23 4 28 4 45 4 53 39 4 27 4 51 4 119 7 4 21 4 80 11 4 39 4 63 49 20 55 35 4 18 4 35 4 15 19 20 78 30 4 31 4 30 4 30 32 4 14 4 24 4 33 4 25 38 4 28 4 55 19 4 58 4 31 4 19 32 4 28 4 72 27 4 31 4 25 4 60 29 4 28 4 31 4 68 19 4 40 4 86 29 4 37 4 99 20 4 89 27 4 47 4 23 4 18 21 4 18 4 36 22 4 29 4 42 46 4 30 4 84 31 4 45 4 87 38 4 38 4 46 49 4 34 4 106 24 4 5 4 29 43 4 23 4 21 26 4 53 4 40 4 48 11 4 17 4 48 43 4 30 4 24 4 60 44 4 15 4 37 4 82 36 4 43 4 21 4 26 4 43 55 4 22 4 31 4 21 4 46 23 4 25 4 19 4 82 37 4 30 4 59 48 4 20 4 47 4 69 49 4 43 4 30 4 88 22 4 31 4 24 4 12 23 4 31 4 6 4 82 22 16 21 16 53 20 4 79 46 16 5 16 82 7 4 20 4 47 26 4 26 4 54 4 25 52 4 45 4 26 4 27 4 40 39 4 27 4 62 48 4 34 4 36 4 19 4 86 38 4 38 4 47 4 84 16 4 27 4 12 4 13 31 4 41 4 6 4 74 47 4 25 4 53 4 61 20 4 17 4 31 4 27 4 33 12 4 25 4 55 4 30 4 41 31 4 34 4 40 4 62 48 4 43 4 31 4 34 13 4 47 4 46 4 
iteration 121 best: 1.0318 time: 36885
47 38 4 26 4 23 4 21 31 4 20 4 99 38 4 15 4 30 4 56 44 4 29 4 60 4 73 28 4 22 4 18 4 32 24 4 9 4 23 4 54 4 64 34 4 15 4 27 4 12 43 4 46 4 59 15 4 27 4 41 47 4 45 4 42 4 37 4 61 34 4 25 4 64 19 4 35 4 64 43 4 12 4 50 4 24 4 24 4 69 32 4 37 4 9 4 42 4 56 17 4 43 4 38 37 4 23 4 28 4 45 4 53 39 4 27 4 51 4 119 7 4 21 4 80 11 4 39 4 63 49 20 55 35 4 18 4 35 4 15 19 20 78 30 4 31 4 30 4 30 32 4 14 4 24 4 33 4 25 38 4 28 4 55 19 4 58 4 31 4 19 32 4 28 4 72 27 4 31 4 25 4 60 29 4 28 4 31 4 68 19 4 40 4 86 29 4 37 4 99 20 4 89 27 4 47 4 23 4 18 21 4 18 4 36 22 4 29 4 42 46 4 30 4 84 31 4 45 4 87 38 4 38 4 46 49 4 34 4 106 24 4 5 4 29 43 4 23 4 21 26 4 53 4 40 4 48 11 4 17 4 48 43 4 30 4 24 4 60 44 4 15 4 37 4 82 36 4 43 4 21 4 26 4 43 55 4 22 4 31 4 21 4 46 23 4 25 4 19 4 82 37 4 30 4 59 48 4 20 4 47 4 69 49 4 43 4 30 4 88 22 4 31 4 24 4 12 23 4 31 4 6 4 82 22 16 21 16 53 20 4 79 46 16 5 16 82 7 4 20 4 47 26 4 26 4 54 4 25 52 4 45 4 26 4 27 4 40 39 4 27 4 62 48 4 34 4 36 4 19 4 86 38 4 38 4 47 4 84 16 4 27 4 12 4 13 31 4 41 4 6 4 74 47 4 25 4 53 4 61 20 4 17 4 31 4 27 4 33 12 4 25 4 55 4 30 4 41 31 4 34 4 40 4 62 48 4 43 4 31 4 34 13 4 47 4 46 4 
iteration 146 best: 1.0318 time: 44370
47 38 4 26 4 23 4 21 31 4 20 4 99 38 4 15 4 30 4 56 44 4 29 4 60 4 73 28 4 22 4 18 4 32 24 4 9 4 23 4 54 4 64 34 4 15 4 27 4 12 43 4 46 4 59 15 4 27 4 41 47 4 45 4 42 4 37 4 61 34 4 25 4 64 19 4 35 4 64 43 4 12 4 50 4 24 4 24 4 69 32 4 37 4 9 4 42 4 56 17 4 43 4 38 37 4 23 4 28 4 45 4 53 39 4 27 4 51 4 119 7 4 21 4 80 11 4 39 4 63 49 20 55 35 4 18 4 35 4 15 19 20 78 30 4 31 4 30 4 30 32 4 14 4 24 4 33 4 25 38 4 28 4 55 19 4 58 4 31 4 19 32 4 28 4 72 27 4 31 4 25 4 60 29 4 28 4 31 4 68 19 4 40 4 86 29 4 37 4 99 20 4 89 27 4 47 4 23 4 18 21 4 18 4 36 22 4 29 4 42 46 4 30 4 84 31 4 45 4 87 38 4 38 4 46 49 4 34 4 106 24 4 5 4 29 43 4 23 4 21 26 4 53 4 40 4 48 11 4 17 4 48 43 4 30 4 24 4 60 44 4 15 4 37 4 82 36 4 43 4 21 4 26 4 43 55 4 22 4 31 4 21 4 46 23 4 25 4 19 4 82 37 4 30 4 59 48 4 20 4 47 4 69 49 4 43 4 30 4 88 22 4 31 4 24 4 12 23 4 31 4 6 4 82 22 16 21 16 53 20 4 79 46 16 5 16 82 7 4 20 4 47 26 4 26 4 54 4 25 52 4 45 4 26 4 27 4 40 39 4 27 4 62 48 4 34 4 36 4 19 4 86 38 4 38 4 47 4 84 16 4 27 4 12 4 13 31 4 41 4 6 4 74 47 4 25 4 53 4 61 20 4 17 4 31 4 27 4 33 12 4 25 4 55 4 30 4 41 31 4 34 4 40 4 62 48 4 43 4 31 4 34 13 4 47 4 46 4 
iteration 171 best: 1.0318 time: 51824
47 38 4 26 4 23 4 21 31 4 20 4 99 38 4 15 4 30 4 56 44 4 29 4 60 4 73 28 4 22 4 18 4 32 24 4 9 4 23 4 54 4 64 34 4 15 4 27 4 12 43 4 46 4 59 15 4 27 4 41 47 4 45 4 42 4 37 4 61 34 4 25 4 64 19 4 35 4 64 43 4 12 4 50 4 24 4 24 4 69 32 4 37 4 9 4 42 4 56 17 4 43 4 38 37 4 23 4 28 4 45 4 53 39 4 27 4 51 4 119 7 4 21 4 80 11 4 39 4 63 49 20 55 35 4 18 4 35 4 15 19 20 78 30 4 31 4 30 4 30 32 4 14 4 24 4 33 4 25 38 4 28 4 55 19 4 58 4 31 4 19 32 4 28 4 72 27 4 31 4 25 4 60 29 4 28 4 31 4 68 19 4 40 4 86 29 4 37 4 99 20 4 89 27 4 47 4 23 4 18 21 4 18 4 36 22 4 29 4 42 46 4 30 4 84 31 4 45 4 87 38 4 38 4 46 49 4 34 4 106 24 4 5 4 29 43 4 23 4 21 26 4 53 4 40 4 48 11 4 17 4 48 43 4 30 4 24 4 60 44 4 15 4 37 4 82 36 4 43 4 21 4 26 4 43 55 4 22 4 31 4 21 4 46 23 4 25 4 19 4 82 37 4 30 4 59 48 4 20 4 47 4 69 49 4 43 4 30 4 88 22 4 31 4 24 4 12 23 4 31 4 6 4 82 22 16 21 16 53 20 4 79 46 16 5 16 82 7 4 20 4 47 26 4 26 4 54 4 25 52 4 45 4 26 4 27 4 40 39 4 27 4 62 48 4 34 4 36 4 19 4 86 38 4 38 4 47 4 84 16 4 27 4 12 4 13 31 4 41 4 6 4 74 47 4 25 4 53 4 61 20 4 17 4 31 4 27 4 33 12 4 25 4 55 4 30 4 41 31 4 34 4 40 4 62 48 4 43 4 31 4 34 13 4 47 4 46 4 
iteration 196 best: 1.0318 time: 59260
47 38 4 26 4 23 4 21 31 4 20 4 99 38 4 15 4 30 4 56 44 4 29 4 60 4 73 28 4 22 4 18 4 32 24 4 9 4 23 4 54 4 64 34 4 15 4 27 4 12 43 4 46 4 59 15 4 27 4 41 47 4 45 4 42 4 37 4 61 34 4 25 4 64 19 4 35 4 64 43 4 12 4 50 4 24 4 24 4 69 32 4 37 4 9 4 42 4 56 17 4 43 4 38 37 4 23 4 28 4 45 4 53 39 4 27 4 51 4 119 7 4 21 4 80 11 4 39 4 63 49 20 55 35 4 18 4 35 4 15 19 20 78 30 4 31 4 30 4 30 32 4 14 4 24 4 33 4 25 38 4 28 4 55 19 4 58 4 31 4 19 32 4 28 4 72 27 4 31 4 25 4 60 29 4 28 4 31 4 68 19 4 40 4 86 29 4 37 4 99 20 4 89 27 4 47 4 23 4 18 21 4 18 4 36 22 4 29 4 42 46 4 30 4 84 31 4 45 4 87 38 4 38 4 46 49 4 34 4 106 24 4 5 4 29 43 4 23 4 21 26 4 53 4 40 4 48 11 4 17 4 48 43 4 30 4 24 4 60 44 4 15 4 37 4 82 36 4 43 4 21 4 26 4 43 55 4 22 4 31 4 21 4 46 23 4 25 4 19 4 82 37 4 30 4 59 48 4 20 4 47 4 69 49 4 43 4 30 4 88 22 4 31 4 24 4 12 23 4 31 4 6 4 82 22 16 21 16 53 20 4 79 46 16 5 16 82 7 4 20 4 47 26 4 26 4 54 4 25 52 4 45 4 26 4 27 4 40 39 4 27 4 62 48 4 34 4 36 4 19 4 86 38 4 38 4 47 4 84 16 4 27 4 12 4 13 31 4 41 4 6 4 74 47 4 25 4 53 4 61 20 4 17 4 31 4 27 4 33 12 4 25 4 55 4 30 4 41 31 4 34 4 40 4 62 48 4 43 4 31 4 34 13 4 47 4 46 4 
iteration 221 best: 1.0318 time: 66698
47 38 4 26 4 23 4 21 31 4 20 4 99 38 4 15 4 30 4 56 44 4 29 4 60 4 73 28 4 22 4 18 4 32 24 4 9 4 23 4 54 4 64 34 4 15 4 27 4 12 43 4 46 4 59 15 4 27 4 41 47 4 45 4 42 4 37 4 61 34 4 25 4 64 19 4 35 4 64 43 4 12 4 50 4 24 4 24 4 69 32 4 37 4 9 4 42 4 56 17 4 43 4 38 37 4 23 4 28 4 45 4 53 39 4 27 4 51 4 119 7 4 21 4 80 11 4 39 4 63 49 20 55 35 4 18 4 35 4 15 19 20 78 30 4 31 4 30 4 30 32 4 14 4 24 4 33 4 25 38 4 28 4 55 19 4 58 4 31 4 19 32 4 28 4 72 27 4 31 4 25 4 60 29 4 28 4 31 4 68 19 4 40 4 86 29 4 37 4 99 20 4 89 27 4 47 4 23 4 18 21 4 18 4 36 22 4 29 4 42 46 4 30 4 84 31 4 45 4 87 38 4 38 4 46 49 4 34 4 106 24 4 5 4 29 43 4 23 4 21 26 4 53 4 40 4 48 11 4 17 4 48 43 4 30 4 24 4 60 44 4 15 4 37 4 82 36 4 43 4 21 4 26 4 43 55 4 22 4 31 4 21 4 46 23 4 25 4 19 4 82 37 4 30 4 59 48 4 20 4 47 4 69 49 4 43 4 30 4 88 22 4 31 4 24 4 12 23 4 31 4 6 4 82 22 16 21 16 53 20 4 79 46 16 5 16 82 7 4 20 4 47 26 4 26 4 54 4 25 52 4 45 4 26 4 27 4 40 39 4 27 4 62 48 4 34 4 36 4 19 4 86 38 4 38 4 47 4 84 16 4 27 4 12 4 13 31 4 41 4 6 4 74 47 4 25 4 53 4 61 20 4 17 4 31 4 27 4 33 12 4 25 4 55 4 30 4 41 31 4 34 4 40 4 62 48 4 43 4 31 4 34 13 4 47 4 46 4 
iteration 246 best: 1.0318 time: 74149
47 38 4 26 4 23 4 21 31 4 20 4 99 38 4 15 4 30 4 56 44 4 29 4 60 4 73 28 4 22 4 18 4 32 24 4 9 4 23 4 54 4 64 34 4 15 4 27 4 12 43 4 46 4 59 15 4 27 4 41 47 4 45 4 42 4 37 4 61 34 4 25 4 64 19 4 35 4 64 43 4 12 4 50 4 24 4 24 4 69 32 4 37 4 9 4 42 4 56 17 4 43 4 38 37 4 23 4 28 4 45 4 53 39 4 27 4 51 4 119 7 4 21 4 80 11 4 39 4 63 49 20 55 35 4 18 4 35 4 15 19 20 78 30 4 31 4 30 4 30 32 4 14 4 24 4 33 4 25 38 4 28 4 55 19 4 58 4 31 4 19 32 4 28 4 72 27 4 31 4 25 4 60 29 4 28 4 31 4 68 19 4 40 4 86 29 4 37 4 99 20 4 89 27 4 47 4 23 4 18 21 4 18 4 36 22 4 29 4 42 46 4 30 4 84 31 4 45 4 87 38 4 38 4 46 49 4 34 4 106 24 4 5 4 29 43 4 23 4 21 26 4 53 4 40 4 48 11 4 17 4 48 43 4 30 4 24 4 60 44 4 15 4 37 4 82 36 4 43 4 21 4 26 4 43 55 4 22 4 31 4 21 4 46 23 4 25 4 19 4 82 37 4 30 4 59 48 4 20 4 47 4 69 49 4 43 4 30 4 88 22 4 31 4 24 4 12 23 4 31 4 6 4 82 22 16 21 16 53 20 4 79 46 16 5 16 82 7 4 20 4 47 26 4 26 4 54 4 25 52 4 45 4 26 4 27 4 40 39 4 27 4 62 48 4 34 4 36 4 19 4 86 38 4 38 4 47 4 84 16 4 27 4 12 4 13 31 4 41 4 6 4 74 47 4 25 4 53 4 61 20 4 17 4 31 4 27 4 33 12 4 25 4 55 4 30 4 41 31 4 34 4 40 4 62 48 4 43 4 31 4 34 13 4 47 4 46 4 
iteration 271 best: 1.0318 time: 81601
47 38 4 26 4 23 4 21 31 4 20 4 99 38 4 15 4 30 4 56 44 4 29 4 60 4 73 28 4 22 4 18 4 32 24 4 9 4 23 4 54 4 64 34 4 15 4 27 4 12 43 4 46 4 59 15 4 27 4 41 47 4 45 4 42 4 37 4 61 34 4 25 4 64 19 4 35 4 64 43 4 12 4 50 4 24 4 24 4 69 32 4 37 4 9 4 42 4 56 17 4 43 4 38 37 4 23 4 28 4 45 4 53 39 4 27 4 51 4 119 7 4 21 4 80 11 4 39 4 63 49 20 55 35 4 18 4 35 4 15 19 20 78 30 4 31 4 30 4 30 32 4 14 4 24 4 33 4 25 38 4 28 4 55 19 4 58 4 31 4 19 32 4 28 4 72 27 4 31 4 25 4 60 29 4 28 4 31 4 68 19 4 40 4 86 29 4 37 4 99 20 4 89 27 4 47 4 23 4 18 21 4 18 4 36 22 4 29 4 42 46 4 30 4 84 31 4 45 4 87 38 4 38 4 46 49 4 34 4 106 24 4 5 4 29 43 4 23 4 21 26 4 53 4 40 4 48 11 4 17 4 48 43 4 30 4 24 4 60 44 4 15 4 37 4 82 36 4 43 4 21 4 26 4 43 55 4 22 4 31 4 21 4 46 23 4 25 4 19 4 82 37 4 30 4 59 48 4 20 4 47 4 69 49 4 43 4 30 4 88 22 4 31 4 24 4 12 23 4 31 4 6 4 82 22 16 21 16 53 20 4 79 46 16 5 16 82 7 4 20 4 47 26 4 26 4 54 4 25 52 4 45 4 26 4 27 4 40 39 4 27 4 62 48 4 34 4 36 4 19 4 86 38 4 38 4 47 4 84 16 4 27 4 12 4 13 31 4 41 4 6 4 74 47 4 25 4 53 4 61 20 4 17 4 31 4 27 4 33 12 4 25 4 55 4 30 4 41 31 4 34 4 40 4 62 48 4 43 4 31 4 34 13 4 47 4 46 4 
iteration 296 best: 1.0318 time: 89039
47 38 4 26 4 23 4 21 31 4 20 4 99 38 4 15 4 30 4 56 44 4 29 4 60 4 73 28 4 22 4 18 4 32 24 4 9 4 23 4 54 4 64 34 4 15 4 27 4 12 43 4 46 4 59 15 4 27 4 41 47 4 45 4 42 4 37 4 61 34 4 25 4 64 19 4 35 4 64 43 4 12 4 50 4 24 4 24 4 69 32 4 37 4 9 4 42 4 56 17 4 43 4 38 37 4 23 4 28 4 45 4 53 39 4 27 4 51 4 119 7 4 21 4 80 11 4 39 4 63 49 20 55 35 4 18 4 35 4 15 19 20 78 30 4 31 4 30 4 30 32 4 14 4 24 4 33 4 25 38 4 28 4 55 19 4 58 4 31 4 19 32 4 28 4 72 27 4 31 4 25 4 60 29 4 28 4 31 4 68 19 4 40 4 86 29 4 37 4 99 20 4 89 27 4 47 4 23 4 18 21 4 18 4 36 22 4 29 4 42 46 4 30 4 84 31 4 45 4 87 38 4 38 4 46 49 4 34 4 106 24 4 5 4 29 43 4 23 4 21 26 4 53 4 40 4 48 11 4 17 4 48 43 4 30 4 24 4 60 44 4 15 4 37 4 82 36 4 43 4 21 4 26 4 43 55 4 22 4 31 4 21 4 46 23 4 25 4 19 4 82 37 4 30 4 59 48 4 20 4 47 4 69 49 4 43 4 30 4 88 22 4 31 4 24 4 12 23 4 31 4 6 4 82 22 16 21 16 53 20 4 79 46 16 5 16 82 7 4 20 4 47 26 4 26 4 54 4 25 52 4 45 4 26 4 27 4 40 39 4 27 4 62 48 4 34 4 36 4 19 4 86 38 4 38 4 47 4 84 16 4 27 4 12 4 13 31 4 41 4 6 4 74 47 4 25 4 53 4 61 20 4 17 4 31 4 27 4 33 12 4 25 4 55 4 30 4 41 31 4 34 4 40 4 62 48 4 43 4 31 4 34 13 4 47 4 46 4 
iteration 321 best: 1.0318 time: 96497
47 38 4 26 4 23 4 21 31 4 20 4 99 38 4 15 4 30 4 56 44 4 29 4 60 4 73 28 4 22 4 18 4 32 24 4 9 4 23 4 54 4 64 34 4 15 4 27 4 12 43 4 46 4 59 15 4 27 4 41 47 4 45 4 42 4 37 4 61 34 4 25 4 64 19 4 35 4 64 43 4 12 4 50 4 24 4 24 4 69 32 4 37 4 9 4 42 4 56 17 4 43 4 38 37 4 23 4 28 4 45 4 53 39 4 27 4 51 4 119 7 4 21 4 80 11 4 39 4 63 49 20 55 35 4 18 4 35 4 15 19 20 78 30 4 31 4 30 4 30 32 4 14 4 24 4 33 4 25 38 4 28 4 55 19 4 58 4 31 4 19 32 4 28 4 72 27 4 31 4 25 4 60 29 4 28 4 31 4 68 19 4 40 4 86 29 4 37 4 99 20 4 89 27 4 47 4 23 4 18 21 4 18 4 36 22 4 29 4 42 46 4 30 4 84 31 4 45 4 87 38 4 38 4 46 49 4 34 4 106 24 4 5 4 29 43 4 23 4 21 26 4 53 4 40 4 48 11 4 17 4 48 43 4 30 4 24 4 60 44 4 15 4 37 4 82 36 4 43 4 21 4 26 4 43 55 4 22 4 31 4 21 4 46 23 4 25 4 19 4 82 37 4 30 4 59 48 4 20 4 47 4 69 49 4 43 4 30 4 88 22 4 31 4 24 4 12 23 4 31 4 6 4 82 22 16 21 16 53 20 4 79 46 16 5 16 82 7 4 20 4 47 26 4 26 4 54 4 25 52 4 45 4 26 4 27 4 40 39 4 27 4 62 48 4 34 4 36 4 19 4 86 38 4 38 4 47 4 84 16 4 27 4 12 4 13 31 4 41 4 6 4 74 47 4 25 4 53 4 61 20 4 17 4 31 4 27 4 33 12 4 25 4 55 4 30 4 41 31 4 34 4 40 4 62 48 4 43 4 31 4 34 13 4 47 4 46 4 
iteration 346 best: 1.0318 time: 103970
47 38 4 26 4 23 4 21 31 4 20 4 99 38 4 15 4 30 4 56 44 4 29 4 60 4 73 28 4 22 4 18 4 32 24 4 9 4 23 4 54 4 64 34 4 15 4 27 4 12 43 4 46 4 59 15 4 27 4 41 47 4 45 4 42 4 37 4 61 34 4 25 4 64 19 4 35 4 64 43 4 12 4 50 4 24 4 24 4 69 32 4 37 4 9 4 42 4 56 17 4 43 4 38 37 4 23 4 28 4 45 4 53 39 4 27 4 51 4 119 7 4 21 4 80 11 4 39 4 63 49 20 55 35 4 18 4 35 4 15 19 20 78 30 4 31 4 30 4 30 32 4 14 4 24 4 33 4 25 38 4 28 4 55 19 4 58 4 31 4 19 32 4 28 4 72 27 4 31 4 25 4 60 29 4 28 4 31 4 68 19 4 40 4 86 29 4 37 4 99 20 4 89 27 4 47 4 23 4 18 21 4 18 4 36 22 4 29 4 42 46 4 30 4 84 31 4 45 4 87 38 4 38 4 46 49 4 34 4 106 24 4 5 4 29 43 4 23 4 21 26 4 53 4 40 4 48 11 4 17 4 48 43 4 30 4 24 4 60 44 4 15 4 37 4 82 36 4 43 4 21 4 26 4 43 55 4 22 4 31 4 21 4 46 23 4 25 4 19 4 82 37 4 30 4 59 48 4 20 4 47 4 69 49 4 43 4 30 4 88 22 4 31 4 24 4 12 23 4 31 4 6 4 82 22 16 21 16 53 20 4 79 46 16 5 16 82 7 4 20 4 47 26 4 26 4 54 4 25 52 4 45 4 26 4 27 4 40 39 4 27 4 62 48 4 34 4 36 4 19 4 86 38 4 38 4 47 4 84 16 4 27 4 12 4 13 31 4 41 4 6 4 74 47 4 25 4 53 4 61 20 4 17 4 31 4 27 4 33 12 4 25 4 55 4 30 4 41 31 4 34 4 40 4 62 48 4 43 4 31 4 34 13 4 47 4 46 4 
iteration 371 best: 1.0318 time: 111412
47 38 4 26 4 23 4 21 31 4 20 4 99 38 4 15 4 30 4 56 44 4 29 4 60 4 73 28 4 22 4 18 4 32 24 4 9 4 23 4 54 4 64 34 4 15 4 27 4 12 43 4 46 4 59 15 4 27 4 41 47 4 45 4 42 4 37 4 61 34 4 25 4 64 19 4 35 4 64 43 4 12 4 50 4 24 4 24 4 69 32 4 37 4 9 4 42 4 56 17 4 43 4 38 37 4 23 4 28 4 45 4 53 39 4 27 4 51 4 119 7 4 21 4 80 11 4 39 4 63 49 20 55 35 4 18 4 35 4 15 19 20 78 30 4 31 4 30 4 30 32 4 14 4 24 4 33 4 25 38 4 28 4 55 19 4 58 4 31 4 19 32 4 28 4 72 27 4 31 4 25 4 60 29 4 28 4 31 4 68 19 4 40 4 86 29 4 37 4 99 20 4 89 27 4 47 4 23 4 18 21 4 18 4 36 22 4 29 4 42 46 4 30 4 84 31 4 45 4 87 38 4 38 4 46 49 4 34 4 106 24 4 5 4 29 43 4 23 4 21 26 4 53 4 40 4 48 11 4 17 4 48 43 4 30 4 24 4 60 44 4 15 4 37 4 82 36 4 43 4 21 4 26 4 43 55 4 22 4 31 4 21 4 46 23 4 25 4 19 4 82 37 4 30 4 59 48 4 20 4 47 4 69 49 4 43 4 30 4 88 22 4 31 4 24 4 12 23 4 31 4 6 4 82 22 16 21 16 53 20 4 79 46 16 5 16 82 7 4 20 4 47 26 4 26 4 54 4 25 52 4 45 4 26 4 27 4 40 39 4 27 4 62 48 4 34 4 36 4 19 4 86 38 4 38 4 47 4 84 16 4 27 4 12 4 13 31 4 41 4 6 4 74 47 4 25 4 53 4 61 20 4 17 4 31 4 27 4 33 12 4 25 4 55 4 30 4 41 31 4 34 4 40 4 62 48 4 43 4 31 4 34 13 4 47 4 46 4 
iteration 396 best: 1.0318 time: 118850
47 38 4 26 4 23 4 21 31 4 20 4 99 38 4 15 4 30 4 56 44 4 29 4 60 4 73 28 4 22 4 18 4 32 24 4 9 4 23 4 54 4 64 34 4 15 4 27 4 12 43 4 46 4 59 15 4 27 4 41 47 4 45 4 42 4 37 4 61 34 4 25 4 64 19 4 35 4 64 43 4 12 4 50 4 24 4 24 4 69 32 4 37 4 9 4 42 4 56 17 4 43 4 38 37 4 23 4 28 4 45 4 53 39 4 27 4 51 4 119 7 4 21 4 80 11 4 39 4 63 49 20 55 35 4 18 4 35 4 15 19 20 78 30 4 31 4 30 4 30 32 4 14 4 24 4 33 4 25 38 4 28 4 55 19 4 58 4 31 4 19 32 4 28 4 72 27 4 31 4 25 4 60 29 4 28 4 31 4 68 19 4 40 4 86 29 4 37 4 99 20 4 89 27 4 47 4 23 4 18 21 4 18 4 36 22 4 29 4 42 46 4 30 4 84 31 4 45 4 87 38 4 38 4 46 49 4 34 4 106 24 4 5 4 29 43 4 23 4 21 26 4 53 4 40 4 48 11 4 17 4 48 43 4 30 4 24 4 60 44 4 15 4 37 4 82 36 4 43 4 21 4 26 4 43 55 4 22 4 31 4 21 4 46 23 4 25 4 19 4 82 37 4 30 4 59 48 4 20 4 47 4 69 49 4 43 4 30 4 88 22 4 31 4 24 4 12 23 4 31 4 6 4 82 22 16 21 16 53 20 4 79 46 16 5 16 82 7 4 20 4 47 26 4 26 4 54 4 25 52 4 45 4 26 4 27 4 40 39 4 27 4 62 48 4 34 4 36 4 19 4 86 38 4 38 4 47 4 84 16 4 27 4 12 4 13 31 4 41 4 6 4 74 47 4 25 4 53 4 61 20 4 17 4 31 4 27 4 33 12 4 25 4 55 4 30 4 41 31 4 34 4 40 4 62 48 4 43 4 31 4 34 13 4 47 4 46 4 
iteration 421 best: 1.0318 time: 126298
47 38 4 26 4 23 4 21 31 4 20 4 99 38 4 15 4 30 4 56 44 4 29 4 60 4 73 28 4 22 4 18 4 32 24 4 9 4 23 4 54 4 64 34 4 15 4 27 4 12 43 4 46 4 59 15 4 27 4 41 47 4 45 4 42 4 37 4 61 34 4 25 4 64 19 4 35 4 64 43 4 12 4 50 4 24 4 24 4 69 32 4 37 4 9 4 42 4 56 17 4 43 4 38 37 4 23 4 28 4 45 4 53 39 4 27 4 51 4 119 7 4 21 4 80 11 4 39 4 63 49 20 55 35 4 18 4 35 4 15 19 20 78 30 4 31 4 30 4 30 32 4 14 4 24 4 33 4 25 38 4 28 4 55 19 4 58 4 31 4 19 32 4 28 4 72 27 4 31 4 25 4 60 29 4 28 4 31 4 68 19 4 40 4 86 29 4 37 4 99 20 4 89 27 4 47 4 23 4 18 21 4 18 4 36 22 4 29 4 42 46 4 30 4 84 31 4 45 4 87 38 4 38 4 46 49 4 34 4 106 24 4 5 4 29 43 4 23 4 21 26 4 53 4 40 4 48 11 4 17 4 48 43 4 30 4 24 4 60 44 4 15 4 37 4 82 36 4 43 4 21 4 26 4 43 55 4 22 4 31 4 21 4 46 23 4 25 4 19 4 82 37 4 30 4 59 48 4 20 4 47 4 69 49 4 43 4 30 4 88 22 4 31 4 24 4 12 23 4 31 4 6 4 82 22 16 21 16 53 20 4 79 46 16 5 16 82 7 4 20 4 47 26 4 26 4 54 4 25 52 4 45 4 26 4 27 4 40 39 4 27 4 62 48 4 34 4 36 4 19 4 86 38 4 38 4 47 4 84 16 4 27 4 12 4 13 31 4 41 4 6 4 74 47 4 25 4 53 4 61 20 4 17 4 31 4 27 4 33 12 4 25 4 55 4 30 4 41 31 4 34 4 40 4 62 48 4 43 4 31 4 34 13 4 47 4 46 4 
iteration 446 best: 1.0318 time: 133764
47 38 4 26 4 23 4 21 31 4 20 4 99 38 4 15 4 30 4 56 44 4 29 4 60 4 73 28 4 22 4 18 4 32 24 4 9 4 23 4 54 4 64 34 4 15 4 27 4 12 43 4 46 4 59 15 4 27 4 41 47 4 45 4 42 4 37 4 61 34 4 25 4 64 19 4 35 4 64 43 4 12 4 50 4 24 4 24 4 69 32 4 37 4 9 4 42 4 56 17 4 43 4 38 37 4 23 4 28 4 45 4 53 39 4 27 4 51 4 119 7 4 21 4 80 11 4 39 4 63 49 20 55 35 4 18 4 35 4 15 19 20 78 30 4 31 4 30 4 30 32 4 14 4 24 4 33 4 25 38 4 28 4 55 19 4 58 4 31 4 19 32 4 28 4 72 27 4 31 4 25 4 60 29 4 28 4 31 4 68 19 4 40 4 86 29 4 37 4 99 20 4 89 27 4 47 4 23 4 18 21 4 18 4 36 22 4 29 4 42 46 4 30 4 84 31 4 45 4 87 38 4 38 4 46 49 4 34 4 106 24 4 5 4 29 43 4 23 4 21 26 4 53 4 40 4 48 11 4 17 4 48 43 4 30 4 24 4 60 44 4 15 4 37 4 82 36 4 43 4 21 4 26 4 43 55 4 22 4 31 4 21 4 46 23 4 25 4 19 4 82 37 4 30 4 59 48 4 20 4 47 4 69 49 4 43 4 30 4 88 22 4 31 4 24 4 12 23 4 31 4 6 4 82 22 16 21 16 53 20 4 79 46 16 5 16 82 7 4 20 4 47 26 4 26 4 54 4 25 52 4 45 4 26 4 27 4 40 39 4 27 4 62 48 4 34 4 36 4 19 4 86 38 4 38 4 47 4 84 16 4 27 4 12 4 13 31 4 41 4 6 4 74 47 4 25 4 53 4 61 20 4 17 4 31 4 27 4 33 12 4 25 4 55 4 30 4 41 31 4 34 4 40 4 62 48 4 43 4 31 4 34 13 4 47 4 46 4 
iteration 471 best: 1.0318 time: 141203
47 38 4 26 4 23 4 21 31 4 20 4 99 38 4 15 4 30 4 56 44 4 29 4 60 4 73 28 4 22 4 18 4 32 24 4 9 4 23 4 54 4 64 34 4 15 4 27 4 12 43 4 46 4 59 15 4 27 4 41 47 4 45 4 42 4 37 4 61 34 4 25 4 64 19 4 35 4 64 43 4 12 4 50 4 24 4 24 4 69 32 4 37 4 9 4 42 4 56 17 4 43 4 38 37 4 23 4 28 4 45 4 53 39 4 27 4 51 4 119 7 4 21 4 80 11 4 39 4 63 49 20 55 35 4 18 4 35 4 15 19 20 78 30 4 31 4 30 4 30 32 4 14 4 24 4 33 4 25 38 4 28 4 55 19 4 58 4 31 4 19 32 4 28 4 72 27 4 31 4 25 4 60 29 4 28 4 31 4 68 19 4 40 4 86 29 4 37 4 99 20 4 89 27 4 47 4 23 4 18 21 4 18 4 36 22 4 29 4 42 46 4 30 4 84 31 4 45 4 87 38 4 38 4 46 49 4 34 4 106 24 4 5 4 29 43 4 23 4 21 26 4 53 4 40 4 48 11 4 17 4 48 43 4 30 4 24 4 60 44 4 15 4 37 4 82 36 4 43 4 21 4 26 4 43 55 4 22 4 31 4 21 4 46 23 4 25 4 19 4 82 37 4 30 4 59 48 4 20 4 47 4 69 49 4 43 4 30 4 88 22 4 31 4 24 4 12 23 4 31 4 6 4 82 22 16 21 16 53 20 4 79 46 16 5 16 82 7 4 20 4 47 26 4 26 4 54 4 25 52 4 45 4 26 4 27 4 40 39 4 27 4 62 48 4 34 4 36 4 19 4 86 38 4 38 4 47 4 84 16 4 27 4 12 4 13 31 4 41 4 6 4 74 47 4 25 4 53 4 61 20 4 17 4 31 4 27 4 33 12 4 25 4 55 4 30 4 41 31 4 34 4 40 4 62 48 4 43 4 31 4 34 13 4 47 4 46 4 
iteration 496 best: 1.0318 time: 148664
47 38 4 26 4 23 4 21 31 4 20 4 99 38 4 15 4 30 4 56 44 4 29 4 60 4 73 28 4 22 4 18 4 32 24 4 9 4 23 4 54 4 64 34 4 15 4 27 4 12 43 4 46 4 59 15 4 27 4 41 47 4 45 4 42 4 37 4 61 34 4 25 4 64 19 4 35 4 64 43 4 12 4 50 4 24 4 24 4 69 32 4 37 4 9 4 42 4 56 17 4 43 4 38 37 4 23 4 28 4 45 4 53 39 4 27 4 51 4 119 7 4 21 4 80 11 4 39 4 63 49 20 55 35 4 18 4 35 4 15 19 20 78 30 4 31 4 30 4 30 32 4 14 4 24 4 33 4 25 38 4 28 4 55 19 4 58 4 31 4 19 32 4 28 4 72 27 4 31 4 25 4 60 29 4 28 4 31 4 68 19 4 40 4 86 29 4 37 4 99 20 4 89 27 4 47 4 23 4 18 21 4 18 4 36 22 4 29 4 42 46 4 30 4 84 31 4 45 4 87 38 4 38 4 46 49 4 34 4 106 24 4 5 4 29 43 4 23 4 21 26 4 53 4 40 4 48 11 4 17 4 48 43 4 30 4 24 4 60 44 4 15 4 37 4 82 36 4 43 4 21 4 26 4 43 55 4 22 4 31 4 21 4 46 23 4 25 4 19 4 82 37 4 30 4 59 48 4 20 4 47 4 69 49 4 43 4 30 4 88 22 4 31 4 24 4 12 23 4 31 4 6 4 82 22 16 21 16 53 20 4 79 46 16 5 16 82 7 4 20 4 47 26 4 26 4 54 4 25 52 4 45 4 26 4 27 4 40 39 4 27 4 62 48 4 34 4 36 4 19 4 86 38 4 38 4 47 4 84 16 4 27 4 12 4 13 31 4 41 4 6 4 74 47 4 25 4 53 4 61 20 4 17 4 31 4 27 4 33 12 4 25 4 55 4 30 4 41 31 4 34 4 40 4 62 48 4 43 4 31 4 34 13 4 47 4 46 4 
iteration 521 best: 1.0318 time: 156101
47 38 4 26 4 23 4 21 31 4 20 4 99 38 4 15 4 30 4 56 44 4 29 4 60 4 73 28 4 22 4 18 4 32 24 4 9 4 23 4 54 4 64 34 4 15 4 27 4 12 43 4 46 4 59 15 4 27 4 41 47 4 45 4 42 4 37 4 61 34 4 25 4 64 19 4 35 4 64 43 4 12 4 50 4 24 4 24 4 69 32 4 37 4 9 4 42 4 56 17 4 43 4 38 37 4 23 4 28 4 45 4 53 39 4 27 4 51 4 119 7 4 21 4 80 11 4 39 4 63 49 20 55 35 4 18 4 35 4 15 19 20 78 30 4 31 4 30 4 30 32 4 14 4 24 4 33 4 25 38 4 28 4 55 19 4 58 4 31 4 19 32 4 28 4 72 27 4 31 4 25 4 60 29 4 28 4 31 4 68 19 4 40 4 86 29 4 37 4 99 20 4 89 27 4 47 4 23 4 18 21 4 18 4 36 22 4 29 4 42 46 4 30 4 84 31 4 45 4 87 38 4 38 4 46 49 4 34 4 106 24 4 5 4 29 43 4 23 4 21 26 4 53 4 40 4 48 11 4 17 4 48 43 4 30 4 24 4 60 44 4 15 4 37 4 82 36 4 43 4 21 4 26 4 43 55 4 22 4 31 4 21 4 46 23 4 25 4 19 4 82 37 4 30 4 59 48 4 20 4 47 4 69 49 4 43 4 30 4 88 22 4 31 4 24 4 12 23 4 31 4 6 4 82 22 16 21 16 53 20 4 79 46 16 5 16 82 7 4 20 4 47 26 4 26 4 54 4 25 52 4 45 4 26 4 27 4 40 39 4 27 4 62 48 4 34 4 36 4 19 4 86 38 4 38 4 47 4 84 16 4 27 4 12 4 13 31 4 41 4 6 4 74 47 4 25 4 53 4 61 20 4 17 4 31 4 27 4 33 12 4 25 4 55 4 30 4 41 31 4 34 4 40 4 62 48 4 43 4 31 4 34 13 4 47 4 46 4 
iteration 546 best: 1.0318 time: 163536
47 38 4 26 4 23 4 21 31 4 20 4 99 38 4 15 4 30 4 56 44 4 29 4 60 4 73 28 4 22 4 18 4 32 24 4 9 4 23 4 54 4 64 34 4 15 4 27 4 12 43 4 46 4 59 15 4 27 4 41 47 4 45 4 42 4 37 4 61 34 4 25 4 64 19 4 35 4 64 43 4 12 4 50 4 24 4 24 4 69 32 4 37 4 9 4 42 4 56 17 4 43 4 38 37 4 23 4 28 4 45 4 53 39 4 27 4 51 4 119 7 4 21 4 80 11 4 39 4 63 49 20 55 35 4 18 4 35 4 15 19 20 78 30 4 31 4 30 4 30 32 4 14 4 24 4 33 4 25 38 4 28 4 55 19 4 58 4 31 4 19 32 4 28 4 72 27 4 31 4 25 4 60 29 4 28 4 31 4 68 19 4 40 4 86 29 4 37 4 99 20 4 89 27 4 47 4 23 4 18 21 4 18 4 36 22 4 29 4 42 46 4 30 4 84 31 4 45 4 87 38 4 38 4 46 49 4 34 4 106 24 4 5 4 29 43 4 23 4 21 26 4 53 4 40 4 48 11 4 17 4 48 43 4 30 4 24 4 60 44 4 15 4 37 4 82 36 4 43 4 21 4 26 4 43 55 4 22 4 31 4 21 4 46 23 4 25 4 19 4 82 37 4 30 4 59 48 4 20 4 47 4 69 49 4 43 4 30 4 88 22 4 31 4 24 4 12 23 4 31 4 6 4 82 22 16 21 16 53 20 4 79 46 16 5 16 82 7 4 20 4 47 26 4 26 4 54 4 25 52 4 45 4 26 4 27 4 40 39 4 27 4 62 48 4 34 4 36 4 19 4 86 38 4 38 4 47 4 84 16 4 27 4 12 4 13 31 4 41 4 6 4 74 47 4 25 4 53 4 61 20 4 17 4 31 4 27 4 33 12 4 25 4 55 4 30 4 41 31 4 34 4 40 4 62 48 4 43 4 31 4 34 13 4 47 4 46 4 
iteration 571 best: 1.0318 time: 170992
47 38 4 26 4 23 4 21 31 4 20 4 99 38 4 15 4 30 4 56 44 4 29 4 60 4 73 28 4 22 4 18 4 32 24 4 9 4 23 4 54 4 64 34 4 15 4 27 4 12 43 4 46 4 59 15 4 27 4 41 47 4 45 4 42 4 37 4 61 34 4 25 4 64 19 4 35 4 64 43 4 12 4 50 4 24 4 24 4 69 32 4 37 4 9 4 42 4 56 17 4 43 4 38 37 4 23 4 28 4 45 4 53 39 4 27 4 51 4 119 7 4 21 4 80 11 4 39 4 63 49 20 55 35 4 18 4 35 4 15 19 20 78 30 4 31 4 30 4 30 32 4 14 4 24 4 33 4 25 38 4 28 4 55 19 4 58 4 31 4 19 32 4 28 4 72 27 4 31 4 25 4 60 29 4 28 4 31 4 68 19 4 40 4 86 29 4 37 4 99 20 4 89 27 4 47 4 23 4 18 21 4 18 4 36 22 4 29 4 42 46 4 30 4 84 31 4 45 4 87 38 4 38 4 46 49 4 34 4 106 24 4 5 4 29 43 4 23 4 21 26 4 53 4 40 4 48 11 4 17 4 48 43 4 30 4 24 4 60 44 4 15 4 37 4 82 36 4 43 4 21 4 26 4 43 55 4 22 4 31 4 21 4 46 23 4 25 4 19 4 82 37 4 30 4 59 48 4 20 4 47 4 69 49 4 43 4 30 4 88 22 4 31 4 24 4 12 23 4 31 4 6 4 82 22 16 21 16 53 20 4 79 46 16 5 16 82 7 4 20 4 47 26 4 26 4 54 4 25 52 4 45 4 26 4 27 4 40 39 4 27 4 62 48 4 34 4 36 4 19 4 86 38 4 38 4 47 4 84 16 4 27 4 12 4 13 31 4 41 4 6 4 74 47 4 25 4 53 4 61 20 4 17 4 31 4 27 4 33 12 4 25 4 55 4 30 4 41 31 4 34 4 40 4 62 48 4 43 4 31 4 34 13 4 47 4 46 4 
iteration 596 best: 1.0318 time: 178437
47 38 4 26 4 23 4 21 31 4 20 4 99 38 4 15 4 30 4 56 44 4 29 4 60 4 73 28 4 22 4 18 4 32 24 4 9 4 23 4 54 4 64 34 4 15 4 27 4 12 43 4 46 4 59 15 4 27 4 41 47 4 45 4 42 4 37 4 61 34 4 25 4 64 19 4 35 4 64 43 4 12 4 50 4 24 4 24 4 69 32 4 37 4 9 4 42 4 56 17 4 43 4 38 37 4 23 4 28 4 45 4 53 39 4 27 4 51 4 119 7 4 21 4 80 11 4 39 4 63 49 20 55 35 4 18 4 35 4 15 19 20 78 30 4 31 4 30 4 30 32 4 14 4 24 4 33 4 25 38 4 28 4 55 19 4 58 4 31 4 19 32 4 28 4 72 27 4 31 4 25 4 60 29 4 28 4 31 4 68 19 4 40 4 86 29 4 37 4 99 20 4 89 27 4 47 4 23 4 18 21 4 18 4 36 22 4 29 4 42 46 4 30 4 84 31 4 45 4 87 38 4 38 4 46 49 4 34 4 106 24 4 5 4 29 43 4 23 4 21 26 4 53 4 40 4 48 11 4 17 4 48 43 4 30 4 24 4 60 44 4 15 4 37 4 82 36 4 43 4 21 4 26 4 43 55 4 22 4 31 4 21 4 46 23 4 25 4 19 4 82 37 4 30 4 59 48 4 20 4 47 4 69 49 4 43 4 30 4 88 22 4 31 4 24 4 12 23 4 31 4 6 4 82 22 16 21 16 53 20 4 79 46 16 5 16 82 7 4 20 4 47 26 4 26 4 54 4 25 52 4 45 4 26 4 27 4 40 39 4 27 4 62 48 4 34 4 36 4 19 4 86 38 4 38 4 47 4 84 16 4 27 4 12 4 13 31 4 41 4 6 4 74 47 4 25 4 53 4 61 20 4 17 4 31 4 27 4 33 12 4 25 4 55 4 30 4 41 31 4 34 4 40 4 62 48 4 43 4 31 4 34 13 4 47 4 46 4 
iteration 621 best: 1.0318 time: 185867
47 38 4 26 4 23 4 21 31 4 20 4 99 38 4 15 4 30 4 56 44 4 29 4 60 4 73 28 4 22 4 18 4 32 24 4 9 4 23 4 54 4 64 34 4 15 4 27 4 12 43 4 46 4 59 15 4 27 4 41 47 4 45 4 42 4 37 4 61 34 4 25 4 64 19 4 35 4 64 43 4 12 4 50 4 24 4 24 4 69 32 4 37 4 9 4 42 4 56 17 4 43 4 38 37 4 23 4 28 4 45 4 53 39 4 27 4 51 4 119 7 4 21 4 80 11 4 39 4 63 49 20 55 35 4 18 4 35 4 15 19 20 78 30 4 31 4 30 4 30 32 4 14 4 24 4 33 4 25 38 4 28 4 55 19 4 58 4 31 4 19 32 4 28 4 72 27 4 31 4 25 4 60 29 4 28 4 31 4 68 19 4 40 4 86 29 4 37 4 99 20 4 89 27 4 47 4 23 4 18 21 4 18 4 36 22 4 29 4 42 46 4 30 4 84 31 4 45 4 87 38 4 38 4 46 49 4 34 4 106 24 4 5 4 29 43 4 23 4 21 26 4 53 4 40 4 48 11 4 17 4 48 43 4 30 4 24 4 60 44 4 15 4 37 4 82 36 4 43 4 21 4 26 4 43 55 4 22 4 31 4 21 4 46 23 4 25 4 19 4 82 37 4 30 4 59 48 4 20 4 47 4 69 49 4 43 4 30 4 88 22 4 31 4 24 4 12 23 4 31 4 6 4 82 22 16 21 16 53 20 4 79 46 16 5 16 82 7 4 20 4 47 26 4 26 4 54 4 25 52 4 45 4 26 4 27 4 40 39 4 27 4 62 48 4 34 4 36 4 19 4 86 38 4 38 4 47 4 84 16 4 27 4 12 4 13 31 4 41 4 6 4 74 47 4 25 4 53 4 61 20 4 17 4 31 4 27 4 33 12 4 25 4 55 4 30 4 41 31 4 34 4 40 4 62 48 4 43 4 31 4 34 13 4 47 4 46 4 
iteration 646 best: 1.0318 time: 193294
47 38 4 26 4 23 4 21 31 4 20 4 99 38 4 15 4 30 4 56 44 4 29 4 60 4 73 28 4 22 4 18 4 32 24 4 9 4 23 4 54 4 64 34 4 15 4 27 4 12 43 4 46 4 59 15 4 27 4 41 47 4 45 4 42 4 37 4 61 34 4 25 4 64 19 4 35 4 64 43 4 12 4 50 4 24 4 24 4 69 32 4 37 4 9 4 42 4 56 17 4 43 4 38 37 4 23 4 28 4 45 4 53 39 4 27 4 51 4 119 7 4 21 4 80 11 4 39 4 63 49 20 55 35 4 18 4 35 4 15 19 20 78 30 4 31 4 30 4 30 32 4 14 4 24 4 33 4 25 38 4 28 4 55 19 4 58 4 31 4 19 32 4 28 4 72 27 4 31 4 25 4 60 29 4 28 4 31 4 68 19 4 40 4 86 29 4 37 4 99 20 4 89 27 4 47 4 23 4 18 21 4 18 4 36 22 4 29 4 42 46 4 30 4 84 31 4 45 4 87 38 4 38 4 46 49 4 34 4 106 24 4 5 4 29 43 4 23 4 21 26 4 53 4 40 4 48 11 4 17 4 48 43 4 30 4 24 4 60 44 4 15 4 37 4 82 36 4 43 4 21 4 26 4 43 55 4 22 4 31 4 21 4 46 23 4 25 4 19 4 82 37 4 30 4 59 48 4 20 4 47 4 69 49 4 43 4 30 4 88 22 4 31 4 24 4 12 23 4 31 4 6 4 82 22 16 21 16 53 20 4 79 46 16 5 16 82 7 4 20 4 47 26 4 26 4 54 4 25 52 4 45 4 26 4 27 4 40 39 4 27 4 62 48 4 34 4 36 4 19 4 86 38 4 38 4 47 4 84 16 4 27 4 12 4 13 31 4 41 4 6 4 74 47 4 25 4 53 4 61 20 4 17 4 31 4 27 4 33 12 4 25 4 55 4 30 4 41 31 4 34 4 40 4 62 48 4 43 4 31 4 34 13 4 47 4 46 4 
iteration 671 best: 1.0318 time: 200738
47 38 4 26 4 23 4 21 31 4 20 4 99 38 4 15 4 30 4 56 44 4 29 4 60 4 73 28 4 22 4 18 4 32 24 4 9 4 23 4 54 4 64 34 4 15 4 27 4 12 43 4 46 4 59 15 4 27 4 41 47 4 45 4 42 4 37 4 61 34 4 25 4 64 19 4 35 4 64 43 4 12 4 50 4 24 4 24 4 69 32 4 37 4 9 4 42 4 56 17 4 43 4 38 37 4 23 4 28 4 45 4 53 39 4 27 4 51 4 119 7 4 21 4 80 11 4 39 4 63 49 20 55 35 4 18 4 35 4 15 19 20 78 30 4 31 4 30 4 30 32 4 14 4 24 4 33 4 25 38 4 28 4 55 19 4 58 4 31 4 19 32 4 28 4 72 27 4 31 4 25 4 60 29 4 28 4 31 4 68 19 4 40 4 86 29 4 37 4 99 20 4 89 27 4 47 4 23 4 18 21 4 18 4 36 22 4 29 4 42 46 4 30 4 84 31 4 45 4 87 38 4 38 4 46 49 4 34 4 106 24 4 5 4 29 43 4 23 4 21 26 4 53 4 40 4 48 11 4 17 4 48 43 4 30 4 24 4 60 44 4 15 4 37 4 82 36 4 43 4 21 4 26 4 43 55 4 22 4 31 4 21 4 46 23 4 25 4 19 4 82 37 4 30 4 59 48 4 20 4 47 4 69 49 4 43 4 30 4 88 22 4 31 4 24 4 12 23 4 31 4 6 4 82 22 16 21 16 53 20 4 79 46 16 5 16 82 7 4 20 4 47 26 4 26 4 54 4 25 52 4 45 4 26 4 27 4 40 39 4 27 4 62 48 4 34 4 36 4 19 4 86 38 4 38 4 47 4 84 16 4 27 4 12 4 13 31 4 41 4 6 4 74 47 4 25 4 53 4 61 20 4 17 4 31 4 27 4 33 12 4 25 4 55 4 30 4 41 31 4 34 4 40 4 62 48 4 43 4 31 4 34 13 4 47 4 46 4 
iteration 696 best: 1.0318 time: 208184
47 38 4 26 4 23 4 21 31 4 20 4 99 38 4 15 4 30 4 56 44 4 29 4 60 4 73 28 4 22 4 18 4 32 24 4 9 4 23 4 54 4 64 34 4 15 4 27 4 12 43 4 46 4 59 15 4 27 4 41 47 4 45 4 42 4 37 4 61 34 4 25 4 64 19 4 35 4 64 43 4 12 4 50 4 24 4 24 4 69 32 4 37 4 9 4 42 4 56 17 4 43 4 38 37 4 23 4 28 4 45 4 53 39 4 27 4 51 4 119 7 4 21 4 80 11 4 39 4 63 49 20 55 35 4 18 4 35 4 15 19 20 78 30 4 31 4 30 4 30 32 4 14 4 24 4 33 4 25 38 4 28 4 55 19 4 58 4 31 4 19 32 4 28 4 72 27 4 31 4 25 4 60 29 4 28 4 31 4 68 19 4 40 4 86 29 4 37 4 99 20 4 89 27 4 47 4 23 4 18 21 4 18 4 36 22 4 29 4 42 46 4 30 4 84 31 4 45 4 87 38 4 38 4 46 49 4 34 4 106 24 4 5 4 29 43 4 23 4 21 26 4 53 4 40 4 48 11 4 17 4 48 43 4 30 4 24 4 60 44 4 15 4 37 4 82 36 4 43 4 21 4 26 4 43 55 4 22 4 31 4 21 4 46 23 4 25 4 19 4 82 37 4 30 4 59 48 4 20 4 47 4 69 49 4 43 4 30 4 88 22 4 31 4 24 4 12 23 4 31 4 6 4 82 22 16 21 16 53 20 4 79 46 16 5 16 82 7 4 20 4 47 26 4 26 4 54 4 25 52 4 45 4 26 4 27 4 40 39 4 27 4 62 48 4 34 4 36 4 19 4 86 38 4 38 4 47 4 84 16 4 27 4 12 4 13 31 4 41 4 6 4 74 47 4 25 4 53 4 61 20 4 17 4 31 4 27 4 33 12 4 25 4 55 4 30 4 41 31 4 34 4 40 4 62 48 4 43 4 31 4 34 13 4 47 4 46 4 
iteration 721 best: 1.0318 time: 215620
47 38 4 26 4 23 4 21 31 4 20 4 99 38 4 15 4 30 4 56 44 4 29 4 60 4 73 28 4 22 4 18 4 32 24 4 9 4 23 4 54 4 64 34 4 15 4 27 4 12 43 4 46 4 59 15 4 27 4 41 47 4 45 4 42 4 37 4 61 34 4 25 4 64 19 4 35 4 64 43 4 12 4 50 4 24 4 24 4 69 32 4 37 4 9 4 42 4 56 17 4 43 4 38 37 4 23 4 28 4 45 4 53 39 4 27 4 51 4 119 7 4 21 4 80 11 4 39 4 63 49 20 55 35 4 18 4 35 4 15 19 20 78 30 4 31 4 30 4 30 32 4 14 4 24 4 33 4 25 38 4 28 4 55 19 4 58 4 31 4 19 32 4 28 4 72 27 4 31 4 25 4 60 29 4 28 4 31 4 68 19 4 40 4 86 29 4 37 4 99 20 4 89 27 4 47 4 23 4 18 21 4 18 4 36 22 4 29 4 42 46 4 30 4 84 31 4 45 4 87 38 4 38 4 46 49 4 34 4 106 24 4 5 4 29 43 4 23 4 21 26 4 53 4 40 4 48 11 4 17 4 48 43 4 30 4 24 4 60 44 4 15 4 37 4 82 36 4 43 4 21 4 26 4 43 55 4 22 4 31 4 21 4 46 23 4 25 4 19 4 82 37 4 30 4 59 48 4 20 4 47 4 69 49 4 43 4 30 4 88 22 4 31 4 24 4 12 23 4 31 4 6 4 82 22 16 21 16 53 20 4 79 46 16 5 16 82 7 4 20 4 47 26 4 26 4 54 4 25 52 4 45 4 26 4 27 4 40 39 4 27 4 62 48 4 34 4 36 4 19 4 86 38 4 38 4 47 4 84 16 4 27 4 12 4 13 31 4 41 4 6 4 74 47 4 25 4 53 4 61 20 4 17 4 31 4 27 4 33 12 4 25 4 55 4 30 4 41 31 4 34 4 40 4 62 48 4 43 4 31 4 34 13 4 47 4 46 4 
iteration 746 best: 1.0318 time: 223105
47 38 4 26 4 23 4 21 31 4 20 4 99 38 4 15 4 30 4 56 44 4 29 4 60 4 73 28 4 22 4 18 4 32 24 4 9 4 23 4 54 4 64 34 4 15 4 27 4 12 43 4 46 4 59 15 4 27 4 41 47 4 45 4 42 4 37 4 61 34 4 25 4 64 19 4 35 4 64 43 4 12 4 50 4 24 4 24 4 69 32 4 37 4 9 4 42 4 56 17 4 43 4 38 37 4 23 4 28 4 45 4 53 39 4 27 4 51 4 119 7 4 21 4 80 11 4 39 4 63 49 20 55 35 4 18 4 35 4 15 19 20 78 30 4 31 4 30 4 30 32 4 14 4 24 4 33 4 25 38 4 28 4 55 19 4 58 4 31 4 19 32 4 28 4 72 27 4 31 4 25 4 60 29 4 28 4 31 4 68 19 4 40 4 86 29 4 37 4 99 20 4 89 27 4 47 4 23 4 18 21 4 18 4 36 22 4 29 4 42 46 4 30 4 84 31 4 45 4 87 38 4 38 4 46 49 4 34 4 106 24 4 5 4 29 43 4 23 4 21 26 4 53 4 40 4 48 11 4 17 4 48 43 4 30 4 24 4 60 44 4 15 4 37 4 82 36 4 43 4 21 4 26 4 43 55 4 22 4 31 4 21 4 46 23 4 25 4 19 4 82 37 4 30 4 59 48 4 20 4 47 4 69 49 4 43 4 30 4 88 22 4 31 4 24 4 12 23 4 31 4 6 4 82 22 16 21 16 53 20 4 79 46 16 5 16 82 7 4 20 4 47 26 4 26 4 54 4 25 52 4 45 4 26 4 27 4 40 39 4 27 4 62 48 4 34 4 36 4 19 4 86 38 4 38 4 47 4 84 16 4 27 4 12 4 13 31 4 41 4 6 4 74 47 4 25 4 53 4 61 20 4 17 4 31 4 27 4 33 12 4 25 4 55 4 30 4 41 31 4 34 4 40 4 62 48 4 43 4 31 4 34 13 4 47 4 46 4 
iteration 771 best: 1.0318 time: 230587
47 38 4 26 4 23 4 21 31 4 20 4 99 38 4 15 4 30 4 56 44 4 29 4 60 4 73 28 4 22 4 18 4 32 24 4 9 4 23 4 54 4 64 34 4 15 4 27 4 12 43 4 46 4 59 15 4 27 4 41 47 4 45 4 42 4 37 4 61 34 4 25 4 64 19 4 35 4 64 43 4 12 4 50 4 24 4 24 4 69 32 4 37 4 9 4 42 4 56 17 4 43 4 38 37 4 23 4 28 4 45 4 53 39 4 27 4 51 4 119 7 4 21 4 80 11 4 39 4 63 49 20 55 35 4 18 4 35 4 15 19 20 78 30 4 31 4 30 4 30 32 4 14 4 24 4 33 4 25 38 4 28 4 55 19 4 58 4 31 4 19 32 4 28 4 72 27 4 31 4 25 4 60 29 4 28 4 31 4 68 19 4 40 4 86 29 4 37 4 99 20 4 89 27 4 47 4 23 4 18 21 4 18 4 36 22 4 29 4 42 46 4 30 4 84 31 4 45 4 87 38 4 38 4 46 49 4 34 4 106 24 4 5 4 29 43 4 23 4 21 26 4 53 4 40 4 48 11 4 17 4 48 43 4 30 4 24 4 60 44 4 15 4 37 4 82 36 4 43 4 21 4 26 4 43 55 4 22 4 31 4 21 4 46 23 4 25 4 19 4 82 37 4 30 4 59 48 4 20 4 47 4 69 49 4 43 4 30 4 88 22 4 31 4 24 4 12 23 4 31 4 6 4 82 22 16 21 16 53 20 4 79 46 16 5 16 82 7 4 20 4 47 26 4 26 4 54 4 25 52 4 45 4 26 4 27 4 40 39 4 27 4 62 48 4 34 4 36 4 19 4 86 38 4 38 4 47 4 84 16 4 27 4 12 4 13 31 4 41 4 6 4 74 47 4 25 4 53 4 61 20 4 17 4 31 4 27 4 33 12 4 25 4 55 4 30 4 41 31 4 34 4 40 4 62 48 4 43 4 31 4 34 13 4 47 4 46 4 
iteration 796 best: 1.0318 time: 238059
47 38 4 26 4 23 4 21 31 4 20 4 99 38 4 15 4 30 4 56 44 4 29 4 60 4 73 28 4 22 4 18 4 32 24 4 9 4 23 4 54 4 64 34 4 15 4 27 4 12 43 4 46 4 59 15 4 27 4 41 47 4 45 4 42 4 37 4 61 34 4 25 4 64 19 4 35 4 64 43 4 12 4 50 4 24 4 24 4 69 32 4 37 4 9 4 42 4 56 17 4 43 4 38 37 4 23 4 28 4 45 4 53 39 4 27 4 51 4 119 7 4 21 4 80 11 4 39 4 63 49 20 55 35 4 18 4 35 4 15 19 20 78 30 4 31 4 30 4 30 32 4 14 4 24 4 33 4 25 38 4 28 4 55 19 4 58 4 31 4 19 32 4 28 4 72 27 4 31 4 25 4 60 29 4 28 4 31 4 68 19 4 40 4 86 29 4 37 4 99 20 4 89 27 4 47 4 23 4 18 21 4 18 4 36 22 4 29 4 42 46 4 30 4 84 31 4 45 4 87 38 4 38 4 46 49 4 34 4 106 24 4 5 4 29 43 4 23 4 21 26 4 53 4 40 4 48 11 4 17 4 48 43 4 30 4 24 4 60 44 4 15 4 37 4 82 36 4 43 4 21 4 26 4 43 55 4 22 4 31 4 21 4 46 23 4 25 4 19 4 82 37 4 30 4 59 48 4 20 4 47 4 69 49 4 43 4 30 4 88 22 4 31 4 24 4 12 23 4 31 4 6 4 82 22 16 21 16 53 20 4 79 46 16 5 16 82 7 4 20 4 47 26 4 26 4 54 4 25 52 4 45 4 26 4 27 4 40 39 4 27 4 62 48 4 34 4 36 4 19 4 86 38 4 38 4 47 4 84 16 4 27 4 12 4 13 31 4 41 4 6 4 74 47 4 25 4 53 4 61 20 4 17 4 31 4 27 4 33 12 4 25 4 55 4 30 4 41 31 4 34 4 40 4 62 48 4 43 4 31 4 34 13 4 47 4 46 4 
iteration 821 best: 1.0318 time: 245519
47 38 4 26 4 23 4 21 31 4 20 4 99 38 4 15 4 30 4 56 44 4 29 4 60 4 73 28 4 22 4 18 4 32 24 4 9 4 23 4 54 4 64 34 4 15 4 27 4 12 43 4 46 4 59 15 4 27 4 41 47 4 45 4 42 4 37 4 61 34 4 25 4 64 19 4 35 4 64 43 4 12 4 50 4 24 4 24 4 69 32 4 37 4 9 4 42 4 56 17 4 43 4 38 37 4 23 4 28 4 45 4 53 39 4 27 4 51 4 119 7 4 21 4 80 11 4 39 4 63 49 20 55 35 4 18 4 35 4 15 19 20 78 30 4 31 4 30 4 30 32 4 14 4 24 4 33 4 25 38 4 28 4 55 19 4 58 4 31 4 19 32 4 28 4 72 27 4 31 4 25 4 60 29 4 28 4 31 4 68 19 4 40 4 86 29 4 37 4 99 20 4 89 27 4 47 4 23 4 18 21 4 18 4 36 22 4 29 4 42 46 4 30 4 84 31 4 45 4 87 38 4 38 4 46 49 4 34 4 106 24 4 5 4 29 43 4 23 4 21 26 4 53 4 40 4 48 11 4 17 4 48 43 4 30 4 24 4 60 44 4 15 4 37 4 82 36 4 43 4 21 4 26 4 43 55 4 22 4 31 4 21 4 46 23 4 25 4 19 4 82 37 4 30 4 59 48 4 20 4 47 4 69 49 4 43 4 30 4 88 22 4 31 4 24 4 12 23 4 31 4 6 4 82 22 16 21 16 53 20 4 79 46 16 5 16 82 7 4 20 4 47 26 4 26 4 54 4 25 52 4 45 4 26 4 27 4 40 39 4 27 4 62 48 4 34 4 36 4 19 4 86 38 4 38 4 47 4 84 16 4 27 4 12 4 13 31 4 41 4 6 4 74 47 4 25 4 53 4 61 20 4 17 4 31 4 27 4 33 12 4 25 4 55 4 30 4 41 31 4 34 4 40 4 62 48 4 43 4 31 4 34 13 4 47 4 46 4 
iteration 846 best: 1.0318 time: 252970
47 38 4 26 4 23 4 21 31 4 20 4 99 38 4 15 4 30 4 56 44 4 29 4 60 4 73 28 4 22 4 18 4 32 24 4 9 4 23 4 54 4 64 34 4 15 4 27 4 12 43 4 46 4 59 15 4 27 4 41 47 4 45 4 42 4 37 4 61 34 4 25 4 64 19 4 35 4 64 43 4 12 4 50 4 24 4 24 4 69 32 4 37 4 9 4 42 4 56 17 4 43 4 38 37 4 23 4 28 4 45 4 53 39 4 27 4 51 4 119 7 4 21 4 80 11 4 39 4 63 49 20 55 35 4 18 4 35 4 15 19 20 78 30 4 31 4 30 4 30 32 4 14 4 24 4 33 4 25 38 4 28 4 55 19 4 58 4 31 4 19 32 4 28 4 72 27 4 31 4 25 4 60 29 4 28 4 31 4 68 19 4 40 4 86 29 4 37 4 99 20 4 89 27 4 47 4 23 4 18 21 4 18 4 36 22 4 29 4 42 46 4 30 4 84 31 4 45 4 87 38 4 38 4 46 49 4 34 4 106 24 4 5 4 29 43 4 23 4 21 26 4 53 4 40 4 48 11 4 17 4 48 43 4 30 4 24 4 60 44 4 15 4 37 4 82 36 4 43 4 21 4 26 4 43 55 4 22 4 31 4 21 4 46 23 4 25 4 19 4 82 37 4 30 4 59 48 4 20 4 47 4 69 49 4 43 4 30 4 88 22 4 31 4 24 4 12 23 4 31 4 6 4 82 22 16 21 16 53 20 4 79 46 16 5 16 82 7 4 20 4 47 26 4 26 4 54 4 25 52 4 45 4 26 4 27 4 40 39 4 27 4 62 48 4 34 4 36 4 19 4 86 38 4 38 4 47 4 84 16 4 27 4 12 4 13 31 4 41 4 6 4 74 47 4 25 4 53 4 61 20 4 17 4 31 4 27 4 33 12 4 25 4 55 4 30 4 41 31 4 34 4 40 4 62 48 4 43 4 31 4 34 13 4 47 4 46 4 
iteration 871 best: 1.0318 time: 260408
47 38 4 26 4 23 4 21 31 4 20 4 99 38 4 15 4 30 4 56 44 4 29 4 60 4 73 28 4 22 4 18 4 32 24 4 9 4 23 4 54 4 64 34 4 15 4 27 4 12 43 4 46 4 59 15 4 27 4 41 47 4 45 4 42 4 37 4 61 34 4 25 4 64 19 4 35 4 64 43 4 12 4 50 4 24 4 24 4 69 32 4 37 4 9 4 42 4 56 17 4 43 4 38 37 4 23 4 28 4 45 4 53 39 4 27 4 51 4 119 7 4 21 4 80 11 4 39 4 63 49 20 55 35 4 18 4 35 4 15 19 20 78 30 4 31 4 30 4 30 32 4 14 4 24 4 33 4 25 38 4 28 4 55 19 4 58 4 31 4 19 32 4 28 4 72 27 4 31 4 25 4 60 29 4 28 4 31 4 68 19 4 40 4 86 29 4 37 4 99 20 4 89 27 4 47 4 23 4 18 21 4 18 4 36 22 4 29 4 42 46 4 30 4 84 31 4 45 4 87 38 4 38 4 46 49 4 34 4 106 24 4 5 4 29 43 4 23 4 21 26 4 53 4 40 4 48 11 4 17 4 48 43 4 30 4 24 4 60 44 4 15 4 37 4 82 36 4 43 4 21 4 26 4 43 55 4 22 4 31 4 21 4 46 23 4 25 4 19 4 82 37 4 30 4 59 48 4 20 4 47 4 69 49 4 43 4 30 4 88 22 4 31 4 24 4 12 23 4 31 4 6 4 82 22 16 21 16 53 20 4 79 46 16 5 16 82 7 4 20 4 47 26 4 26 4 54 4 25 52 4 45 4 26 4 27 4 40 39 4 27 4 62 48 4 34 4 36 4 19 4 86 38 4 38 4 47 4 84 16 4 27 4 12 4 13 31 4 41 4 6 4 74 47 4 25 4 53 4 61 20 4 17 4 31 4 27 4 33 12 4 25 4 55 4 30 4 41 31 4 34 4 40 4 62 48 4 43 4 31 4 34 13 4 47 4 46 4 
iteration 896 best: 1.0318 time: 267845
47 38 4 26 4 23 4 21 31 4 20 4 99 38 4 15 4 30 4 56 44 4 29 4 60 4 73 28 4 22 4 18 4 32 24 4 9 4 23 4 54 4 64 34 4 15 4 27 4 12 43 4 46 4 59 15 4 27 4 41 47 4 45 4 42 4 37 4 61 34 4 25 4 64 19 4 35 4 64 43 4 12 4 50 4 24 4 24 4 69 32 4 37 4 9 4 42 4 56 17 4 43 4 38 37 4 23 4 28 4 45 4 53 39 4 27 4 51 4 119 7 4 21 4 80 11 4 39 4 63 49 20 55 35 4 18 4 35 4 15 19 20 78 30 4 31 4 30 4 30 32 4 14 4 24 4 33 4 25 38 4 28 4 55 19 4 58 4 31 4 19 32 4 28 4 72 27 4 31 4 25 4 60 29 4 28 4 31 4 68 19 4 40 4 86 29 4 37 4 99 20 4 89 27 4 47 4 23 4 18 21 4 18 4 36 22 4 29 4 42 46 4 30 4 84 31 4 45 4 87 38 4 38 4 46 49 4 34 4 106 24 4 5 4 29 43 4 23 4 21 26 4 53 4 40 4 48 11 4 17 4 48 43 4 30 4 24 4 60 44 4 15 4 37 4 82 36 4 43 4 21 4 26 4 43 55 4 22 4 31 4 21 4 46 23 4 25 4 19 4 82 37 4 30 4 59 48 4 20 4 47 4 69 49 4 43 4 30 4 88 22 4 31 4 24 4 12 23 4 31 4 6 4 82 22 16 21 16 53 20 4 79 46 16 5 16 82 7 4 20 4 47 26 4 26 4 54 4 25 52 4 45 4 26 4 27 4 40 39 4 27 4 62 48 4 34 4 36 4 19 4 86 38 4 38 4 47 4 84 16 4 27 4 12 4 13 31 4 41 4 6 4 74 47 4 25 4 53 4 61 20 4 17 4 31 4 27 4 33 12 4 25 4 55 4 30 4 41 31 4 34 4 40 4 62 48 4 43 4 31 4 34 13 4 47 4 46 4 
iteration 921 best: 1.0318 time: 275268
47 38 4 26 4 23 4 21 31 4 20 4 99 38 4 15 4 30 4 56 44 4 29 4 60 4 73 28 4 22 4 18 4 32 24 4 9 4 23 4 54 4 64 34 4 15 4 27 4 12 43 4 46 4 59 15 4 27 4 41 47 4 45 4 42 4 37 4 61 34 4 25 4 64 19 4 35 4 64 43 4 12 4 50 4 24 4 24 4 69 32 4 37 4 9 4 42 4 56 17 4 43 4 38 37 4 23 4 28 4 45 4 53 39 4 27 4 51 4 119 7 4 21 4 80 11 4 39 4 63 49 20 55 35 4 18 4 35 4 15 19 20 78 30 4 31 4 30 4 30 32 4 14 4 24 4 33 4 25 38 4 28 4 55 19 4 58 4 31 4 19 32 4 28 4 72 27 4 31 4 25 4 60 29 4 28 4 31 4 68 19 4 40 4 86 29 4 37 4 99 20 4 89 27 4 47 4 23 4 18 21 4 18 4 36 22 4 29 4 42 46 4 30 4 84 31 4 45 4 87 38 4 38 4 46 49 4 34 4 106 24 4 5 4 29 43 4 23 4 21 26 4 53 4 40 4 48 11 4 17 4 48 43 4 30 4 24 4 60 44 4 15 4 37 4 82 36 4 43 4 21 4 26 4 43 55 4 22 4 31 4 21 4 46 23 4 25 4 19 4 82 37 4 30 4 59 48 4 20 4 47 4 69 49 4 43 4 30 4 88 22 4 31 4 24 4 12 23 4 31 4 6 4 82 22 16 21 16 53 20 4 79 46 16 5 16 82 7 4 20 4 47 26 4 26 4 54 4 25 52 4 45 4 26 4 27 4 40 39 4 27 4 62 48 4 34 4 36 4 19 4 86 38 4 38 4 47 4 84 16 4 27 4 12 4 13 31 4 41 4 6 4 74 47 4 25 4 53 4 61 20 4 17 4 31 4 27 4 33 12 4 25 4 55 4 30 4 41 31 4 34 4 40 4 62 48 4 43 4 31 4 34 13 4 47 4 46 4 
iteration 946 best: 1.0318 time: 282685
47 38 4 26 4 23 4 21 31 4 20 4 99 38 4 15 4 30 4 56 44 4 29 4 60 4 73 28 4 22 4 18 4 32 24 4 9 4 23 4 54 4 64 34 4 15 4 27 4 12 43 4 46 4 59 15 4 27 4 41 47 4 45 4 42 4 37 4 61 34 4 25 4 64 19 4 35 4 64 43 4 12 4 50 4 24 4 24 4 69 32 4 37 4 9 4 42 4 56 17 4 43 4 38 37 4 23 4 28 4 45 4 53 39 4 27 4 51 4 119 7 4 21 4 80 11 4 39 4 63 49 20 55 35 4 18 4 35 4 15 19 20 78 30 4 31 4 30 4 30 32 4 14 4 24 4 33 4 25 38 4 28 4 55 19 4 58 4 31 4 19 32 4 28 4 72 27 4 31 4 25 4 60 29 4 28 4 31 4 68 19 4 40 4 86 29 4 37 4 99 20 4 89 27 4 47 4 23 4 18 21 4 18 4 36 22 4 29 4 42 46 4 30 4 84 31 4 45 4 87 38 4 38 4 46 49 4 34 4 106 24 4 5 4 29 43 4 23 4 21 26 4 53 4 40 4 48 11 4 17 4 48 43 4 30 4 24 4 60 44 4 15 4 37 4 82 36 4 43 4 21 4 26 4 43 55 4 22 4 31 4 21 4 46 23 4 25 4 19 4 82 37 4 30 4 59 48 4 20 4 47 4 69 49 4 43 4 30 4 88 22 4 31 4 24 4 12 23 4 31 4 6 4 82 22 16 21 16 53 20 4 79 46 16 5 16 82 7 4 20 4 47 26 4 26 4 54 4 25 52 4 45 4 26 4 27 4 40 39 4 27 4 62 48 4 34 4 36 4 19 4 86 38 4 38 4 47 4 84 16 4 27 4 12 4 13 31 4 41 4 6 4 74 47 4 25 4 53 4 61 20 4 17 4 31 4 27 4 33 12 4 25 4 55 4 30 4 41 31 4 34 4 40 4 62 48 4 43 4 31 4 34 13 4 47 4 46 4 
iteration 971 best: 1.0318 time: 290132
47 38 4 26 4 23 4 21 31 4 20 4 99 38 4 15 4 30 4 56 44 4 29 4 60 4 73 28 4 22 4 18 4 32 24 4 9 4 23 4 54 4 64 34 4 15 4 27 4 12 43 4 46 4 59 15 4 27 4 41 47 4 45 4 42 4 37 4 61 34 4 25 4 64 19 4 35 4 64 43 4 12 4 50 4 24 4 24 4 69 32 4 37 4 9 4 42 4 56 17 4 43 4 38 37 4 23 4 28 4 45 4 53 39 4 27 4 51 4 119 7 4 21 4 80 11 4 39 4 63 49 20 55 35 4 18 4 35 4 15 19 20 78 30 4 31 4 30 4 30 32 4 14 4 24 4 33 4 25 38 4 28 4 55 19 4 58 4 31 4 19 32 4 28 4 72 27 4 31 4 25 4 60 29 4 28 4 31 4 68 19 4 40 4 86 29 4 37 4 99 20 4 89 27 4 47 4 23 4 18 21 4 18 4 36 22 4 29 4 42 46 4 30 4 84 31 4 45 4 87 38 4 38 4 46 49 4 34 4 106 24 4 5 4 29 43 4 23 4 21 26 4 53 4 40 4 48 11 4 17 4 48 43 4 30 4 24 4 60 44 4 15 4 37 4 82 36 4 43 4 21 4 26 4 43 55 4 22 4 31 4 21 4 46 23 4 25 4 19 4 82 37 4 30 4 59 48 4 20 4 47 4 69 49 4 43 4 30 4 88 22 4 31 4 24 4 12 23 4 31 4 6 4 82 22 16 21 16 53 20 4 79 46 16 5 16 82 7 4 20 4 47 26 4 26 4 54 4 25 52 4 45 4 26 4 27 4 40 39 4 27 4 62 48 4 34 4 36 4 19 4 86 38 4 38 4 47 4 84 16 4 27 4 12 4 13 31 4 41 4 6 4 74 47 4 25 4 53 4 61 20 4 17 4 31 4 27 4 33 12 4 25 4 55 4 30 4 41 31 4 34 4 40 4 62 48 4 43 4 31 4 34 13 4 47 4 46 4 
iteration 996 best: 1.0318 time: 297557
47 38 4 26 4 23 4 21 31 4 20 4 99 38 4 15 4 30 4 56 44 4 29 4 60 4 73 28 4 22 4 18 4 32 24 4 9 4 23 4 54 4 64 34 4 15 4 27 4 12 43 4 46 4 59 15 4 27 4 41 47 4 45 4 42 4 37 4 61 34 4 25 4 64 19 4 35 4 64 43 4 12 4 50 4 24 4 24 4 69 32 4 37 4 9 4 42 4 56 17 4 43 4 38 37 4 23 4 28 4 45 4 53 39 4 27 4 51 4 119 7 4 21 4 80 11 4 39 4 63 49 20 55 35 4 18 4 35 4 15 19 20 78 30 4 31 4 30 4 30 32 4 14 4 24 4 33 4 25 38 4 28 4 55 19 4 58 4 31 4 19 32 4 28 4 72 27 4 31 4 25 4 60 29 4 28 4 31 4 68 19 4 40 4 86 29 4 37 4 99 20 4 89 27 4 47 4 23 4 18 21 4 18 4 36 22 4 29 4 42 46 4 30 4 84 31 4 45 4 87 38 4 38 4 46 49 4 34 4 106 24 4 5 4 29 43 4 23 4 21 26 4 53 4 40 4 48 11 4 17 4 48 43 4 30 4 24 4 60 44 4 15 4 37 4 82 36 4 43 4 21 4 26 4 43 55 4 22 4 31 4 21 4 46 23 4 25 4 19 4 82 37 4 30 4 59 48 4 20 4 47 4 69 49 4 43 4 30 4 88 22 4 31 4 24 4 12 23 4 31 4 6 4 82 22 16 21 16 53 20 4 79 46 16 5 16 82 7 4 20 4 47 26 4 26 4 54 4 25 52 4 45 4 26 4 27 4 40 39 4 27 4 62 48 4 34 4 36 4 19 4 86 38 4 38 4 47 4 84 16 4 27 4 12 4 13 31 4 41 4 6 4 74 47 4 25 4 53 4 61 20 4 17 4 31 4 27 4 33 12 4 25 4 55 4 30 4 41 31 4 34 4 40 4 62 48 4 43 4 31 4 34 13 4 47 4 46 4 
iteration 1021 best: 1.0318 time: 305010
47 38 4 26 4 23 4 21 31 4 20 4 99 38 4 15 4 30 4 56 44 4 29 4 60 4 73 28 4 22 4 18 4 32 24 4 9 4 23 4 54 4 64 34 4 15 4 27 4 12 43 4 46 4 59 15 4 27 4 41 47 4 45 4 42 4 37 4 61 34 4 25 4 64 19 4 35 4 64 43 4 12 4 50 4 24 4 24 4 69 32 4 37 4 9 4 42 4 56 17 4 43 4 38 37 4 23 4 28 4 45 4 53 39 4 27 4 51 4 119 7 4 21 4 80 11 4 39 4 63 49 20 55 35 4 18 4 35 4 15 19 20 78 30 4 31 4 30 4 30 32 4 14 4 24 4 33 4 25 38 4 28 4 55 19 4 58 4 31 4 19 32 4 28 4 72 27 4 31 4 25 4 60 29 4 28 4 31 4 68 19 4 40 4 86 29 4 37 4 99 20 4 89 27 4 47 4 23 4 18 21 4 18 4 36 22 4 29 4 42 46 4 30 4 84 31 4 45 4 87 38 4 38 4 46 49 4 34 4 106 24 4 5 4 29 43 4 23 4 21 26 4 53 4 40 4 48 11 4 17 4 48 43 4 30 4 24 4 60 44 4 15 4 37 4 82 36 4 43 4 21 4 26 4 43 55 4 22 4 31 4 21 4 46 23 4 25 4 19 4 82 37 4 30 4 59 48 4 20 4 47 4 69 49 4 43 4 30 4 88 22 4 31 4 24 4 12 23 4 31 4 6 4 82 22 16 21 16 53 20 4 79 46 16 5 16 82 7 4 20 4 47 26 4 26 4 54 4 25 52 4 45 4 26 4 27 4 40 39 4 27 4 62 48 4 34 4 36 4 19 4 86 38 4 38 4 47 4 84 16 4 27 4 12 4 13 31 4 41 4 6 4 74 47 4 25 4 53 4 61 20 4 17 4 31 4 27 4 33 12 4 25 4 55 4 30 4 41 31 4 34 4 40 4 62 48 4 43 4 31 4 34 13 4 47 4 46 4 
iteration 1046 best: 1.0318 time: 312504
47 38 4 26 4 23 4 21 31 4 20 4 99 38 4 15 4 30 4 56 44 4 29 4 60 4 73 28 4 22 4 18 4 32 24 4 9 4 23 4 54 4 64 34 4 15 4 27 4 12 43 4 46 4 59 15 4 27 4 41 47 4 45 4 42 4 37 4 61 34 4 25 4 64 19 4 35 4 64 43 4 12 4 50 4 24 4 24 4 69 32 4 37 4 9 4 42 4 56 17 4 43 4 38 37 4 23 4 28 4 45 4 53 39 4 27 4 51 4 119 7 4 21 4 80 11 4 39 4 63 49 20 55 35 4 18 4 35 4 15 19 20 78 30 4 31 4 30 4 30 32 4 14 4 24 4 33 4 25 38 4 28 4 55 19 4 58 4 31 4 19 32 4 28 4 72 27 4 31 4 25 4 60 29 4 28 4 31 4 68 19 4 40 4 86 29 4 37 4 99 20 4 89 27 4 47 4 23 4 18 21 4 18 4 36 22 4 29 4 42 46 4 30 4 84 31 4 45 4 87 38 4 38 4 46 49 4 34 4 106 24 4 5 4 29 43 4 23 4 21 26 4 53 4 40 4 48 11 4 17 4 48 43 4 30 4 24 4 60 44 4 15 4 37 4 82 36 4 43 4 21 4 26 4 43 55 4 22 4 31 4 21 4 46 23 4 25 4 19 4 82 37 4 30 4 59 48 4 20 4 47 4 69 49 4 43 4 30 4 88 22 4 31 4 24 4 12 23 4 31 4 6 4 82 22 16 21 16 53 20 4 79 46 16 5 16 82 7 4 20 4 47 26 4 26 4 54 4 25 52 4 45 4 26 4 27 4 40 39 4 27 4 62 48 4 34 4 36 4 19 4 86 38 4 38 4 47 4 84 16 4 27 4 12 4 13 31 4 41 4 6 4 74 47 4 25 4 53 4 61 20 4 17 4 31 4 27 4 33 12 4 25 4 55 4 30 4 41 31 4 34 4 40 4 62 48 4 43 4 31 4 34 13 4 47 4 46 4 
iteration 1071 best: 1.0318 time: 319940
47 38 4 26 4 23 4 21 31 4 20 4 99 38 4 15 4 30 4 56 44 4 29 4 60 4 73 28 4 22 4 18 4 32 24 4 9 4 23 4 54 4 64 34 4 15 4 27 4 12 43 4 46 4 59 15 4 27 4 41 47 4 45 4 42 4 37 4 61 34 4 25 4 64 19 4 35 4 64 43 4 12 4 50 4 24 4 24 4 69 32 4 37 4 9 4 42 4 56 17 4 43 4 38 37 4 23 4 28 4 45 4 53 39 4 27 4 51 4 119 7 4 21 4 80 11 4 39 4 63 49 20 55 35 4 18 4 35 4 15 19 20 78 30 4 31 4 30 4 30 32 4 14 4 24 4 33 4 25 38 4 28 4 55 19 4 58 4 31 4 19 32 4 28 4 72 27 4 31 4 25 4 60 29 4 28 4 31 4 68 19 4 40 4 86 29 4 37 4 99 20 4 89 27 4 47 4 23 4 18 21 4 18 4 36 22 4 29 4 42 46 4 30 4 84 31 4 45 4 87 38 4 38 4 46 49 4 34 4 106 24 4 5 4 29 43 4 23 4 21 26 4 53 4 40 4 48 11 4 17 4 48 43 4 30 4 24 4 60 44 4 15 4 37 4 82 36 4 43 4 21 4 26 4 43 55 4 22 4 31 4 21 4 46 23 4 25 4 19 4 82 37 4 30 4 59 48 4 20 4 47 4 69 49 4 43 4 30 4 88 22 4 31 4 24 4 12 23 4 31 4 6 4 82 22 16 21 16 53 20 4 79 46 16 5 16 82 7 4 20 4 47 26 4 26 4 54 4 25 52 4 45 4 26 4 27 4 40 39 4 27 4 62 48 4 34 4 36 4 19 4 86 38 4 38 4 47 4 84 16 4 27 4 12 4 13 31 4 41 4 6 4 74 47 4 25 4 53 4 61 20 4 17 4 31 4 27 4 33 12 4 25 4 55 4 30 4 41 31 4 34 4 40 4 62 48 4 43 4 31 4 34 13 4 47 4 46 4 
iteration 1096 best: 1.0318 time: 327386
47 38 4 26 4 23 4 21 31 4 20 4 99 38 4 15 4 30 4 56 44 4 29 4 60 4 73 28 4 22 4 18 4 32 24 4 9 4 23 4 54 4 64 34 4 15 4 27 4 12 43 4 46 4 59 15 4 27 4 41 47 4 45 4 42 4 37 4 61 34 4 25 4 64 19 4 35 4 64 43 4 12 4 50 4 24 4 24 4 69 32 4 37 4 9 4 42 4 56 17 4 43 4 38 37 4 23 4 28 4 45 4 53 39 4 27 4 51 4 119 7 4 21 4 80 11 4 39 4 63 49 20 55 35 4 18 4 35 4 15 19 20 78 30 4 31 4 30 4 30 32 4 14 4 24 4 33 4 25 38 4 28 4 55 19 4 58 4 31 4 19 32 4 28 4 72 27 4 31 4 25 4 60 29 4 28 4 31 4 68 19 4 40 4 86 29 4 37 4 99 20 4 89 27 4 47 4 23 4 18 21 4 18 4 36 22 4 29 4 42 46 4 30 4 84 31 4 45 4 87 38 4 38 4 46 49 4 34 4 106 24 4 5 4 29 43 4 23 4 21 26 4 53 4 40 4 48 11 4 17 4 48 43 4 30 4 24 4 60 44 4 15 4 37 4 82 36 4 43 4 21 4 26 4 43 55 4 22 4 31 4 21 4 46 23 4 25 4 19 4 82 37 4 30 4 59 48 4 20 4 47 4 69 49 4 43 4 30 4 88 22 4 31 4 24 4 12 23 4 31 4 6 4 82 22 16 21 16 53 20 4 79 46 16 5 16 82 7 4 20 4 47 26 4 26 4 54 4 25 52 4 45 4 26 4 27 4 40 39 4 27 4 62 48 4 34 4 36 4 19 4 86 38 4 38 4 47 4 84 16 4 27 4 12 4 13 31 4 41 4 6 4 74 47 4 25 4 53 4 61 20 4 17 4 31 4 27 4 33 12 4 25 4 55 4 30 4 41 31 4 34 4 40 4 62 48 4 43 4 31 4 34 13 4 47 4 46 4 
iteration 1121 best: 1.0318 time: 334823
47 38 4 26 4 23 4 21 31 4 20 4 99 38 4 15 4 30 4 56 44 4 29 4 60 4 73 28 4 22 4 18 4 32 24 4 9 4 23 4 54 4 64 34 4 15 4 27 4 12 43 4 46 4 59 15 4 27 4 41 47 4 45 4 42 4 37 4 61 34 4 25 4 64 19 4 35 4 64 43 4 12 4 50 4 24 4 24 4 69 32 4 37 4 9 4 42 4 56 17 4 43 4 38 37 4 23 4 28 4 45 4 53 39 4 27 4 51 4 119 7 4 21 4 80 11 4 39 4 63 49 20 55 35 4 18 4 35 4 15 19 20 78 30 4 31 4 30 4 30 32 4 14 4 24 4 33 4 25 38 4 28 4 55 19 4 58 4 31 4 19 32 4 28 4 72 27 4 31 4 25 4 60 29 4 28 4 31 4 68 19 4 40 4 86 29 4 37 4 99 20 4 89 27 4 47 4 23 4 18 21 4 18 4 36 22 4 29 4 42 46 4 30 4 84 31 4 45 4 87 38 4 38 4 46 49 4 34 4 106 24 4 5 4 29 43 4 23 4 21 26 4 53 4 40 4 48 11 4 17 4 48 43 4 30 4 24 4 60 44 4 15 4 37 4 82 36 4 43 4 21 4 26 4 43 55 4 22 4 31 4 21 4 46 23 4 25 4 19 4 82 37 4 30 4 59 48 4 20 4 47 4 69 49 4 43 4 30 4 88 22 4 31 4 24 4 12 23 4 31 4 6 4 82 22 16 21 16 53 20 4 79 46 16 5 16 82 7 4 20 4 47 26 4 26 4 54 4 25 52 4 45 4 26 4 27 4 40 39 4 27 4 62 48 4 34 4 36 4 19 4 86 38 4 38 4 47 4 84 16 4 27 4 12 4 13 31 4 41 4 6 4 74 47 4 25 4 53 4 61 20 4 17 4 31 4 27 4 33 12 4 25 4 55 4 30 4 41 31 4 34 4 40 4 62 48 4 43 4 31 4 34 13 4 47 4 46 4 
iteration 1146 best: 1.0318 time: 342270
47 38 4 26 4 23 4 21 31 4 20 4 99 38 4 15 4 30 4 56 44 4 29 4 60 4 73 28 4 22 4 18 4 32 24 4 9 4 23 4 54 4 64 34 4 15 4 27 4 12 43 4 46 4 59 15 4 27 4 41 47 4 45 4 42 4 37 4 61 34 4 25 4 64 19 4 35 4 64 43 4 12 4 50 4 24 4 24 4 69 32 4 37 4 9 4 42 4 56 17 4 43 4 38 37 4 23 4 28 4 45 4 53 39 4 27 4 51 4 119 7 4 21 4 80 11 4 39 4 63 49 20 55 35 4 18 4 35 4 15 19 20 78 30 4 31 4 30 4 30 32 4 14 4 24 4 33 4 25 38 4 28 4 55 19 4 58 4 31 4 19 32 4 28 4 72 27 4 31 4 25 4 60 29 4 28 4 31 4 68 19 4 40 4 86 29 4 37 4 99 20 4 89 27 4 47 4 23 4 18 21 4 18 4 36 22 4 29 4 42 46 4 30 4 84 31 4 45 4 87 38 4 38 4 46 49 4 34 4 106 24 4 5 4 29 43 4 23 4 21 26 4 53 4 40 4 48 11 4 17 4 48 43 4 30 4 24 4 60 44 4 15 4 37 4 82 36 4 43 4 21 4 26 4 43 55 4 22 4 31 4 21 4 46 23 4 25 4 19 4 82 37 4 30 4 59 48 4 20 4 47 4 69 49 4 43 4 30 4 88 22 4 31 4 24 4 12 23 4 31 4 6 4 82 22 16 21 16 53 20 4 79 46 16 5 16 82 7 4 20 4 47 26 4 26 4 54 4 25 52 4 45 4 26 4 27 4 40 39 4 27 4 62 48 4 34 4 36 4 19 4 86 38 4 38 4 47 4 84 16 4 27 4 12 4 13 31 4 41 4 6 4 74 47 4 25 4 53 4 61 20 4 17 4 31 4 27 4 33 12 4 25 4 55 4 30 4 41 31 4 34 4 40 4 62 48 4 43 4 31 4 34 13 4 47 4 46 4 
iteration 1171 best: 1.0318 time: 349725
47 38 4 26 4 23 4 21 31 4 20 4 99 38 4 15 4 30 4 56 44 4 29 4 60 4 73 28 4 22 4 18 4 32 24 4 9 4 23 4 54 4 64 34 4 15 4 27 4 12 43 4 46 4 59 15 4 27 4 41 47 4 45 4 42 4 37 4 61 34 4 25 4 64 19 4 35 4 64 43 4 12 4 50 4 24 4 24 4 69 32 4 37 4 9 4 42 4 56 17 4 43 4 38 37 4 23 4 28 4 45 4 53 39 4 27 4 51 4 119 7 4 21 4 80 11 4 39 4 63 49 20 55 35 4 18 4 35 4 15 19 20 78 30 4 31 4 30 4 30 32 4 14 4 24 4 33 4 25 38 4 28 4 55 19 4 58 4 31 4 19 32 4 28 4 72 27 4 31 4 25 4 60 29 4 28 4 31 4 68 19 4 40 4 86 29 4 37 4 99 20 4 89 27 4 47 4 23 4 18 21 4 18 4 36 22 4 29 4 42 46 4 30 4 84 31 4 45 4 87 38 4 38 4 46 49 4 34 4 106 24 4 5 4 29 43 4 23 4 21 26 4 53 4 40 4 48 11 4 17 4 48 43 4 30 4 24 4 60 44 4 15 4 37 4 82 36 4 43 4 21 4 26 4 43 55 4 22 4 31 4 21 4 46 23 4 25 4 19 4 82 37 4 30 4 59 48 4 20 4 47 4 69 49 4 43 4 30 4 88 22 4 31 4 24 4 12 23 4 31 4 6 4 82 22 16 21 16 53 20 4 79 46 16 5 16 82 7 4 20 4 47 26 4 26 4 54 4 25 52 4 45 4 26 4 27 4 40 39 4 27 4 62 48 4 34 4 36 4 19 4 86 38 4 38 4 47 4 84 16 4 27 4 12 4 13 31 4 41 4 6 4 74 47 4 25 4 53 4 61 20 4 17 4 31 4 27 4 33 12 4 25 4 55 4 30 4 41 31 4 34 4 40 4 62 48 4 43 4 31 4 34 13 4 47 4 46 4 
iteration 1196 best: 1.0318 time: 357165
47 38 4 26 4 23 4 21 31 4 20 4 99 38 4 15 4 30 4 56 44 4 29 4 60 4 73 28 4 22 4 18 4 32 24 4 9 4 23 4 54 4 64 34 4 15 4 27 4 12 43 4 46 4 59 15 4 27 4 41 47 4 45 4 42 4 37 4 61 34 4 25 4 64 19 4 35 4 64 43 4 12 4 50 4 24 4 24 4 69 32 4 37 4 9 4 42 4 56 17 4 43 4 38 37 4 23 4 28 4 45 4 53 39 4 27 4 51 4 119 7 4 21 4 80 11 4 39 4 63 49 20 55 35 4 18 4 35 4 15 19 20 78 30 4 31 4 30 4 30 32 4 14 4 24 4 33 4 25 38 4 28 4 55 19 4 58 4 31 4 19 32 4 28 4 72 27 4 31 4 25 4 60 29 4 28 4 31 4 68 19 4 40 4 86 29 4 37 4 99 20 4 89 27 4 47 4 23 4 18 21 4 18 4 36 22 4 29 4 42 46 4 30 4 84 31 4 45 4 87 38 4 38 4 46 49 4 34 4 106 24 4 5 4 29 43 4 23 4 21 26 4 53 4 40 4 48 11 4 17 4 48 43 4 30 4 24 4 60 44 4 15 4 37 4 82 36 4 43 4 21 4 26 4 43 55 4 22 4 31 4 21 4 46 23 4 25 4 19 4 82 37 4 30 4 59 48 4 20 4 47 4 69 49 4 43 4 30 4 88 22 4 31 4 24 4 12 23 4 31 4 6 4 82 22 16 21 16 53 20 4 79 46 16 5 16 82 7 4 20 4 47 26 4 26 4 54 4 25 52 4 45 4 26 4 27 4 40 39 4 27 4 62 48 4 34 4 36 4 19 4 86 38 4 38 4 47 4 84 16 4 27 4 12 4 13 31 4 41 4 6 4 74 47 4 25 4 53 4 61 20 4 17 4 31 4 27 4 33 12 4 25 4 55 4 30 4 41 31 4 34 4 40 4 62 48 4 43 4 31 4 34 13 4 47 4 46 4 
iteration 1221 best: 1.0318 time: 364623
47 38 4 26 4 23 4 21 31 4 20 4 99 38 4 15 4 30 4 56 44 4 29 4 60 4 73 28 4 22 4 18 4 32 24 4 9 4 23 4 54 4 64 34 4 15 4 27 4 12 43 4 46 4 59 15 4 27 4 41 47 4 45 4 42 4 37 4 61 34 4 25 4 64 19 4 35 4 64 43 4 12 4 50 4 24 4 24 4 69 32 4 37 4 9 4 42 4 56 17 4 43 4 38 37 4 23 4 28 4 45 4 53 39 4 27 4 51 4 119 7 4 21 4 80 11 4 39 4 63 49 20 55 35 4 18 4 35 4 15 19 20 78 30 4 31 4 30 4 30 32 4 14 4 24 4 33 4 25 38 4 28 4 55 19 4 58 4 31 4 19 32 4 28 4 72 27 4 31 4 25 4 60 29 4 28 4 31 4 68 19 4 40 4 86 29 4 37 4 99 20 4 89 27 4 47 4 23 4 18 21 4 18 4 36 22 4 29 4 42 46 4 30 4 84 31 4 45 4 87 38 4 38 4 46 49 4 34 4 106 24 4 5 4 29 43 4 23 4 21 26 4 53 4 40 4 48 11 4 17 4 48 43 4 30 4 24 4 60 44 4 15 4 37 4 82 36 4 43 4 21 4 26 4 43 55 4 22 4 31 4 21 4 46 23 4 25 4 19 4 82 37 4 30 4 59 48 4 20 4 47 4 69 49 4 43 4 30 4 88 22 4 31 4 24 4 12 23 4 31 4 6 4 82 22 16 21 16 53 20 4 79 46 16 5 16 82 7 4 20 4 47 26 4 26 4 54 4 25 52 4 45 4 26 4 27 4 40 39 4 27 4 62 48 4 34 4 36 4 19 4 86 38 4 38 4 47 4 84 16 4 27 4 12 4 13 31 4 41 4 6 4 74 47 4 25 4 53 4 61 20 4 17 4 31 4 27 4 33 12 4 25 4 55 4 30 4 41 31 4 34 4 40 4 62 48 4 43 4 31 4 34 13 4 47 4 46 4 
iteration 1246 best: 1.0318 time: 372065
47 38 4 26 4 23 4 21 31 4 20 4 99 38 4 15 4 30 4 56 44 4 29 4 60 4 73 28 4 22 4 18 4 32 24 4 9 4 23 4 54 4 64 34 4 15 4 27 4 12 43 4 46 4 59 15 4 27 4 41 47 4 45 4 42 4 37 4 61 34 4 25 4 64 19 4 35 4 64 43 4 12 4 50 4 24 4 24 4 69 32 4 37 4 9 4 42 4 56 17 4 43 4 38 37 4 23 4 28 4 45 4 53 39 4 27 4 51 4 119 7 4 21 4 80 11 4 39 4 63 49 20 55 35 4 18 4 35 4 15 19 20 78 30 4 31 4 30 4 30 32 4 14 4 24 4 33 4 25 38 4 28 4 55 19 4 58 4 31 4 19 32 4 28 4 72 27 4 31 4 25 4 60 29 4 28 4 31 4 68 19 4 40 4 86 29 4 37 4 99 20 4 89 27 4 47 4 23 4 18 21 4 18 4 36 22 4 29 4 42 46 4 30 4 84 31 4 45 4 87 38 4 38 4 46 49 4 34 4 106 24 4 5 4 29 43 4 23 4 21 26 4 53 4 40 4 48 11 4 17 4 48 43 4 30 4 24 4 60 44 4 15 4 37 4 82 36 4 43 4 21 4 26 4 43 55 4 22 4 31 4 21 4 46 23 4 25 4 19 4 82 37 4 30 4 59 48 4 20 4 47 4 69 49 4 43 4 30 4 88 22 4 31 4 24 4 12 23 4 31 4 6 4 82 22 16 21 16 53 20 4 79 46 16 5 16 82 7 4 20 4 47 26 4 26 4 54 4 25 52 4 45 4 26 4 27 4 40 39 4 27 4 62 48 4 34 4 36 4 19 4 86 38 4 38 4 47 4 84 16 4 27 4 12 4 13 31 4 41 4 6 4 74 47 4 25 4 53 4 61 20 4 17 4 31 4 27 4 33 12 4 25 4 55 4 30 4 41 31 4 34 4 40 4 62 48 4 43 4 31 4 34 13 4 47 4 46 4 
iteration 1271 best: 1.0318 time: 379502
47 38 4 26 4 23 4 21 31 4 20 4 99 38 4 15 4 30 4 56 44 4 29 4 60 4 73 28 4 22 4 18 4 32 24 4 9 4 23 4 54 4 64 34 4 15 4 27 4 12 43 4 46 4 59 15 4 27 4 41 47 4 45 4 42 4 37 4 61 34 4 25 4 64 19 4 35 4 64 43 4 12 4 50 4 24 4 24 4 69 32 4 37 4 9 4 42 4 56 17 4 43 4 38 37 4 23 4 28 4 45 4 53 39 4 27 4 51 4 119 7 4 21 4 80 11 4 39 4 63 49 20 55 35 4 18 4 35 4 15 19 20 78 30 4 31 4 30 4 30 32 4 14 4 24 4 33 4 25 38 4 28 4 55 19 4 58 4 31 4 19 32 4 28 4 72 27 4 31 4 25 4 60 29 4 28 4 31 4 68 19 4 40 4 86 29 4 37 4 99 20 4 89 27 4 47 4 23 4 18 21 4 18 4 36 22 4 29 4 42 46 4 30 4 84 31 4 45 4 87 38 4 38 4 46 49 4 34 4 106 24 4 5 4 29 43 4 23 4 21 26 4 53 4 40 4 48 11 4 17 4 48 43 4 30 4 24 4 60 44 4 15 4 37 4 82 36 4 43 4 21 4 26 4 43 55 4 22 4 31 4 21 4 46 23 4 25 4 19 4 82 37 4 30 4 59 48 4 20 4 47 4 69 49 4 43 4 30 4 88 22 4 31 4 24 4 12 23 4 31 4 6 4 82 22 16 21 16 53 20 4 79 46 16 5 16 82 7 4 20 4 47 26 4 26 4 54 4 25 52 4 45 4 26 4 27 4 40 39 4 27 4 62 48 4 34 4 36 4 19 4 86 38 4 38 4 47 4 84 16 4 27 4 12 4 13 31 4 41 4 6 4 74 47 4 25 4 53 4 61 20 4 17 4 31 4 27 4 33 12 4 25 4 55 4 30 4 41 31 4 34 4 40 4 62 48 4 43 4 31 4 34 13 4 47 4 46 4 
iteration 1296 best: 1.0318 time: 386979
47 38 4 26 4 23 4 21 31 4 20 4 99 38 4 15 4 30 4 56 44 4 29 4 60 4 73 28 4 22 4 18 4 32 24 4 9 4 23 4 54 4 64 34 4 15 4 27 4 12 43 4 46 4 59 15 4 27 4 41 47 4 45 4 42 4 37 4 61 34 4 25 4 64 19 4 35 4 64 43 4 12 4 50 4 24 4 24 4 69 32 4 37 4 9 4 42 4 56 17 4 43 4 38 37 4 23 4 28 4 45 4 53 39 4 27 4 51 4 119 7 4 21 4 80 11 4 39 4 63 49 20 55 35 4 18 4 35 4 15 19 20 78 30 4 31 4 30 4 30 32 4 14 4 24 4 33 4 25 38 4 28 4 55 19 4 58 4 31 4 19 32 4 28 4 72 27 4 31 4 25 4 60 29 4 28 4 31 4 68 19 4 40 4 86 29 4 37 4 99 20 4 89 27 4 47 4 23 4 18 21 4 18 4 36 22 4 29 4 42 46 4 30 4 84 31 4 45 4 87 38 4 38 4 46 49 4 34 4 106 24 4 5 4 29 43 4 23 4 21 26 4 53 4 40 4 48 11 4 17 4 48 43 4 30 4 24 4 60 44 4 15 4 37 4 82 36 4 43 4 21 4 26 4 43 55 4 22 4 31 4 21 4 46 23 4 25 4 19 4 82 37 4 30 4 59 48 4 20 4 47 4 69 49 4 43 4 30 4 88 22 4 31 4 24 4 12 23 4 31 4 6 4 82 22 16 21 16 53 20 4 79 46 16 5 16 82 7 4 20 4 47 26 4 26 4 54 4 25 52 4 45 4 26 4 27 4 40 39 4 27 4 62 48 4 34 4 36 4 19 4 86 38 4 38 4 47 4 84 16 4 27 4 12 4 13 31 4 41 4 6 4 74 47 4 25 4 53 4 61 20 4 17 4 31 4 27 4 33 12 4 25 4 55 4 30 4 41 31 4 34 4 40 4 62 48 4 43 4 31 4 34 13 4 47 4 46 4 
iteration 1321 best: 1.0318 time: 394440
47 38 4 26 4 23 4 21 31 4 20 4 99 38 4 15 4 30 4 56 44 4 29 4 60 4 73 28 4 22 4 18 4 32 24 4 9 4 23 4 54 4 64 34 4 15 4 27 4 12 43 4 46 4 59 15 4 27 4 41 47 4 45 4 42 4 37 4 61 34 4 25 4 64 19 4 35 4 64 43 4 12 4 50 4 24 4 24 4 69 32 4 37 4 9 4 42 4 56 17 4 43 4 38 37 4 23 4 28 4 45 4 53 39 4 27 4 51 4 119 7 4 21 4 80 11 4 39 4 63 49 20 55 35 4 18 4 35 4 15 19 20 78 30 4 31 4 30 4 30 32 4 14 4 24 4 33 4 25 38 4 28 4 55 19 4 58 4 31 4 19 32 4 28 4 72 27 4 31 4 25 4 60 29 4 28 4 31 4 68 19 4 40 4 86 29 4 37 4 99 20 4 89 27 4 47 4 23 4 18 21 4 18 4 36 22 4 29 4 42 46 4 30 4 84 31 4 45 4 87 38 4 38 4 46 49 4 34 4 106 24 4 5 4 29 43 4 23 4 21 26 4 53 4 40 4 48 11 4 17 4 48 43 4 30 4 24 4 60 44 4 15 4 37 4 82 36 4 43 4 21 4 26 4 43 55 4 22 4 31 4 21 4 46 23 4 25 4 19 4 82 37 4 30 4 59 48 4 20 4 47 4 69 49 4 43 4 30 4 88 22 4 31 4 24 4 12 23 4 31 4 6 4 82 22 16 21 16 53 20 4 79 46 16 5 16 82 7 4 20 4 47 26 4 26 4 54 4 25 52 4 45 4 26 4 27 4 40 39 4 27 4 62 48 4 34 4 36 4 19 4 86 38 4 38 4 47 4 84 16 4 27 4 12 4 13 31 4 41 4 6 4 74 47 4 25 4 53 4 61 20 4 17 4 31 4 27 4 33 12 4 25 4 55 4 30 4 41 31 4 34 4 40 4 62 48 4 43 4 31 4 34 13 4 47 4 46 4 
iteration 1346 best: 1.0318 time: 401877
47 38 4 26 4 23 4 21 31 4 20 4 99 38 4 15 4 30 4 56 44 4 29 4 60 4 73 28 4 22 4 18 4 32 24 4 9 4 23 4 54 4 64 34 4 15 4 27 4 12 43 4 46 4 59 15 4 27 4 41 47 4 45 4 42 4 37 4 61 34 4 25 4 64 19 4 35 4 64 43 4 12 4 50 4 24 4 24 4 69 32 4 37 4 9 4 42 4 56 17 4 43 4 38 37 4 23 4 28 4 45 4 53 39 4 27 4 51 4 119 7 4 21 4 80 11 4 39 4 63 49 20 55 35 4 18 4 35 4 15 19 20 78 30 4 31 4 30 4 30 32 4 14 4 24 4 33 4 25 38 4 28 4 55 19 4 58 4 31 4 19 32 4 28 4 72 27 4 31 4 25 4 60 29 4 28 4 31 4 68 19 4 40 4 86 29 4 37 4 99 20 4 89 27 4 47 4 23 4 18 21 4 18 4 36 22 4 29 4 42 46 4 30 4 84 31 4 45 4 87 38 4 38 4 46 49 4 34 4 106 24 4 5 4 29 43 4 23 4 21 26 4 53 4 40 4 48 11 4 17 4 48 43 4 30 4 24 4 60 44 4 15 4 37 4 82 36 4 43 4 21 4 26 4 43 55 4 22 4 31 4 21 4 46 23 4 25 4 19 4 82 37 4 30 4 59 48 4 20 4 47 4 69 49 4 43 4 30 4 88 22 4 31 4 24 4 12 23 4 31 4 6 4 82 22 16 21 16 53 20 4 79 46 16 5 16 82 7 4 20 4 47 26 4 26 4 54 4 25 52 4 45 4 26 4 27 4 40 39 4 27 4 62 48 4 34 4 36 4 19 4 86 38 4 38 4 47 4 84 16 4 27 4 12 4 13 31 4 41 4 6 4 74 47 4 25 4 53 4 61 20 4 17 4 31 4 27 4 33 12 4 25 4 55 4 30 4 41 31 4 34 4 40 4 62 48 4 43 4 31 4 34 13 4 47 4 46 4 
iteration 1371 best: 1.0318 time: 409321
47 38 4 26 4 23 4 21 31 4 20 4 99 38 4 15 4 30 4 56 44 4 29 4 60 4 73 28 4 22 4 18 4 32 24 4 9 4 23 4 54 4 64 34 4 15 4 27 4 12 43 4 46 4 59 15 4 27 4 41 47 4 45 4 42 4 37 4 61 34 4 25 4 64 19 4 35 4 64 43 4 12 4 50 4 24 4 24 4 69 32 4 37 4 9 4 42 4 56 17 4 43 4 38 37 4 23 4 28 4 45 4 53 39 4 27 4 51 4 119 7 4 21 4 80 11 4 39 4 63 49 20 55 35 4 18 4 35 4 15 19 20 78 30 4 31 4 30 4 30 32 4 14 4 24 4 33 4 25 38 4 28 4 55 19 4 58 4 31 4 19 32 4 28 4 72 27 4 31 4 25 4 60 29 4 28 4 31 4 68 19 4 40 4 86 29 4 37 4 99 20 4 89 27 4 47 4 23 4 18 21 4 18 4 36 22 4 29 4 42 46 4 30 4 84 31 4 45 4 87 38 4 38 4 46 49 4 34 4 106 24 4 5 4 29 43 4 23 4 21 26 4 53 4 40 4 48 11 4 17 4 48 43 4 30 4 24 4 60 44 4 15 4 37 4 82 36 4 43 4 21 4 26 4 43 55 4 22 4 31 4 21 4 46 23 4 25 4 19 4 82 37 4 30 4 59 48 4 20 4 47 4 69 49 4 43 4 30 4 88 22 4 31 4 24 4 12 23 4 31 4 6 4 82 22 16 21 16 53 20 4 79 46 16 5 16 82 7 4 20 4 47 26 4 26 4 54 4 25 52 4 45 4 26 4 27 4 40 39 4 27 4 62 48 4 34 4 36 4 19 4 86 38 4 38 4 47 4 84 16 4 27 4 12 4 13 31 4 41 4 6 4 74 47 4 25 4 53 4 61 20 4 17 4 31 4 27 4 33 12 4 25 4 55 4 30 4 41 31 4 34 4 40 4 62 48 4 43 4 31 4 34 13 4 47 4 46 4 
iteration 1396 best: 1.0318 time: 416741
47 38 4 26 4 23 4 21 31 4 20 4 99 38 4 15 4 30 4 56 44 4 29 4 60 4 73 28 4 22 4 18 4 32 24 4 9 4 23 4 54 4 64 34 4 15 4 27 4 12 43 4 46 4 59 15 4 27 4 41 47 4 45 4 42 4 37 4 61 34 4 25 4 64 19 4 35 4 64 43 4 12 4 50 4 24 4 24 4 69 32 4 37 4 9 4 42 4 56 17 4 43 4 38 37 4 23 4 28 4 45 4 53 39 4 27 4 51 4 119 7 4 21 4 80 11 4 39 4 63 49 20 55 35 4 18 4 35 4 15 19 20 78 30 4 31 4 30 4 30 32 4 14 4 24 4 33 4 25 38 4 28 4 55 19 4 58 4 31 4 19 32 4 28 4 72 27 4 31 4 25 4 60 29 4 28 4 31 4 68 19 4 40 4 86 29 4 37 4 99 20 4 89 27 4 47 4 23 4 18 21 4 18 4 36 22 4 29 4 42 46 4 30 4 84 31 4 45 4 87 38 4 38 4 46 49 4 34 4 106 24 4 5 4 29 43 4 23 4 21 26 4 53 4 40 4 48 11 4 17 4 48 43 4 30 4 24 4 60 44 4 15 4 37 4 82 36 4 43 4 21 4 26 4 43 55 4 22 4 31 4 21 4 46 23 4 25 4 19 4 82 37 4 30 4 59 48 4 20 4 47 4 69 49 4 43 4 30 4 88 22 4 31 4 24 4 12 23 4 31 4 6 4 82 22 16 21 16 53 20 4 79 46 16 5 16 82 7 4 20 4 47 26 4 26 4 54 4 25 52 4 45 4 26 4 27 4 40 39 4 27 4 62 48 4 34 4 36 4 19 4 86 38 4 38 4 47 4 84 16 4 27 4 12 4 13 31 4 41 4 6 4 74 47 4 25 4 53 4 61 20 4 17 4 31 4 27 4 33 12 4 25 4 55 4 30 4 41 31 4 34 4 40 4 62 48 4 43 4 31 4 34 13 4 47 4 46 4 
iteration 1421 best: 1.0318 time: 424157
47 38 4 26 4 23 4 21 31 4 20 4 99 38 4 15 4 30 4 56 44 4 29 4 60 4 73 28 4 22 4 18 4 32 24 4 9 4 23 4 54 4 64 34 4 15 4 27 4 12 43 4 46 4 59 15 4 27 4 41 47 4 45 4 42 4 37 4 61 34 4 25 4 64 19 4 35 4 64 43 4 12 4 50 4 24 4 24 4 69 32 4 37 4 9 4 42 4 56 17 4 43 4 38 37 4 23 4 28 4 45 4 53 39 4 27 4 51 4 119 7 4 21 4 80 11 4 39 4 63 49 20 55 35 4 18 4 35 4 15 19 20 78 30 4 31 4 30 4 30 32 4 14 4 24 4 33 4 25 38 4 28 4 55 19 4 58 4 31 4 19 32 4 28 4 72 27 4 31 4 25 4 60 29 4 28 4 31 4 68 19 4 40 4 86 29 4 37 4 99 20 4 89 27 4 47 4 23 4 18 21 4 18 4 36 22 4 29 4 42 46 4 30 4 84 31 4 45 4 87 38 4 38 4 46 49 4 34 4 106 24 4 5 4 29 43 4 23 4 21 26 4 53 4 40 4 48 11 4 17 4 48 43 4 30 4 24 4 60 44 4 15 4 37 4 82 36 4 43 4 21 4 26 4 43 55 4 22 4 31 4 21 4 46 23 4 25 4 19 4 82 37 4 30 4 59 48 4 20 4 47 4 69 49 4 43 4 30 4 88 22 4 31 4 24 4 12 23 4 31 4 6 4 82 22 16 21 16 53 20 4 79 46 16 5 16 82 7 4 20 4 47 26 4 26 4 54 4 25 52 4 45 4 26 4 27 4 40 39 4 27 4 62 48 4 34 4 36 4 19 4 86 38 4 38 4 47 4 84 16 4 27 4 12 4 13 31 4 41 4 6 4 74 47 4 25 4 53 4 61 20 4 17 4 31 4 27 4 33 12 4 25 4 55 4 30 4 41 31 4 34 4 40 4 62 48 4 43 4 31 4 34 13 4 47 4 46 4 
iteration 1446 best: 1.0318 time: 431579
47 38 4 26 4 23 4 21 31 4 20 4 99 38 4 15 4 30 4 56 44 4 29 4 60 4 73 28 4 22 4 18 4 32 24 4 9 4 23 4 54 4 64 34 4 15 4 27 4 12 43 4 46 4 59 15 4 27 4 41 47 4 45 4 42 4 37 4 61 34 4 25 4 64 19 4 35 4 64 43 4 12 4 50 4 24 4 24 4 69 32 4 37 4 9 4 42 4 56 17 4 43 4 38 37 4 23 4 28 4 45 4 53 39 4 27 4 51 4 119 7 4 21 4 80 11 4 39 4 63 49 20 55 35 4 18 4 35 4 15 19 20 78 30 4 31 4 30 4 30 32 4 14 4 24 4 33 4 25 38 4 28 4 55 19 4 58 4 31 4 19 32 4 28 4 72 27 4 31 4 25 4 60 29 4 28 4 31 4 68 19 4 40 4 86 29 4 37 4 99 20 4 89 27 4 47 4 23 4 18 21 4 18 4 36 22 4 29 4 42 46 4 30 4 84 31 4 45 4 87 38 4 38 4 46 49 4 34 4 106 24 4 5 4 29 43 4 23 4 21 26 4 53 4 40 4 48 11 4 17 4 48 43 4 30 4 24 4 60 44 4 15 4 37 4 82 36 4 43 4 21 4 26 4 43 55 4 22 4 31 4 21 4 46 23 4 25 4 19 4 82 37 4 30 4 59 48 4 20 4 47 4 69 49 4 43 4 30 4 88 22 4 31 4 24 4 12 23 4 31 4 6 4 82 22 16 21 16 53 20 4 79 46 16 5 16 82 7 4 20 4 47 26 4 26 4 54 4 25 52 4 45 4 26 4 27 4 40 39 4 27 4 62 48 4 34 4 36 4 19 4 86 38 4 38 4 47 4 84 16 4 27 4 12 4 13 31 4 41 4 6 4 74 47 4 25 4 53 4 61 20 4 17 4 31 4 27 4 33 12 4 25 4 55 4 30 4 41 31 4 34 4 40 4 62 48 4 43 4 31 4 34 13 4 47 4 46 4 
iteration 1471 best: 1.0318 time: 439018
47 38 4 26 4 23 4 21 31 4 20 4 99 38 4 15 4 30 4 56 44 4 29 4 60 4 73 28 4 22 4 18 4 32 24 4 9 4 23 4 54 4 64 34 4 15 4 27 4 12 43 4 46 4 59 15 4 27 4 41 47 4 45 4 42 4 37 4 61 34 4 25 4 64 19 4 35 4 64 43 4 12 4 50 4 24 4 24 4 69 32 4 37 4 9 4 42 4 56 17 4 43 4 38 37 4 23 4 28 4 45 4 53 39 4 27 4 51 4 119 7 4 21 4 80 11 4 39 4 63 49 20 55 35 4 18 4 35 4 15 19 20 78 30 4 31 4 30 4 30 32 4 14 4 24 4 33 4 25 38 4 28 4 55 19 4 58 4 31 4 19 32 4 28 4 72 27 4 31 4 25 4 60 29 4 28 4 31 4 68 19 4 40 4 86 29 4 37 4 99 20 4 89 27 4 47 4 23 4 18 21 4 18 4 36 22 4 29 4 42 46 4 30 4 84 31 4 45 4 87 38 4 38 4 46 49 4 34 4 106 24 4 5 4 29 43 4 23 4 21 26 4 53 4 40 4 48 11 4 17 4 48 43 4 30 4 24 4 60 44 4 15 4 37 4 82 36 4 43 4 21 4 26 4 43 55 4 22 4 31 4 21 4 46 23 4 25 4 19 4 82 37 4 30 4 59 48 4 20 4 47 4 69 49 4 43 4 30 4 88 22 4 31 4 24 4 12 23 4 31 4 6 4 82 22 16 21 16 53 20 4 79 46 16 5 16 82 7 4 20 4 47 26 4 26 4 54 4 25 52 4 45 4 26 4 27 4 40 39 4 27 4 62 48 4 34 4 36 4 19 4 86 38 4 38 4 47 4 84 16 4 27 4 12 4 13 31 4 41 4 6 4 74 47 4 25 4 53 4 61 20 4 17 4 31 4 27 4 33 12 4 25 4 55 4 30 4 41 31 4 34 4 40 4 62 48 4 43 4 31 4 34 13 4 47 4 46 4 
iteration 1496 best: 1.0318 time: 446444
47 38 4 26 4 23 4 21 31 4 20 4 99 38 4 15 4 30 4 56 44 4 29 4 60 4 73 28 4 22 4 18 4 32 24 4 9 4 23 4 54 4 64 34 4 15 4 27 4 12 43 4 46 4 59 15 4 27 4 41 47 4 45 4 42 4 37 4 61 34 4 25 4 64 19 4 35 4 64 43 4 12 4 50 4 24 4 24 4 69 32 4 37 4 9 4 42 4 56 17 4 43 4 38 37 4 23 4 28 4 45 4 53 39 4 27 4 51 4 119 7 4 21 4 80 11 4 39 4 63 49 20 55 35 4 18 4 35 4 15 19 20 78 30 4 31 4 30 4 30 32 4 14 4 24 4 33 4 25 38 4 28 4 55 19 4 58 4 31 4 19 32 4 28 4 72 27 4 31 4 25 4 60 29 4 28 4 31 4 68 19 4 40 4 86 29 4 37 4 99 20 4 89 27 4 47 4 23 4 18 21 4 18 4 36 22 4 29 4 42 46 4 30 4 84 31 4 45 4 87 38 4 38 4 46 49 4 34 4 106 24 4 5 4 29 43 4 23 4 21 26 4 53 4 40 4 48 11 4 17 4 48 43 4 30 4 24 4 60 44 4 15 4 37 4 82 36 4 43 4 21 4 26 4 43 55 4 22 4 31 4 21 4 46 23 4 25 4 19 4 82 37 4 30 4 59 48 4 20 4 47 4 69 49 4 43 4 30 4 88 22 4 31 4 24 4 12 23 4 31 4 6 4 82 22 16 21 16 53 20 4 79 46 16 5 16 82 7 4 20 4 47 26 4 26 4 54 4 25 52 4 45 4 26 4 27 4 40 39 4 27 4 62 48 4 34 4 36 4 19 4 86 38 4 38 4 47 4 84 16 4 27 4 12 4 13 31 4 41 4 6 4 74 47 4 25 4 53 4 61 20 4 17 4 31 4 27 4 33 12 4 25 4 55 4 30 4 41 31 4 34 4 40 4 62 48 4 43 4 31 4 34 13 4 47 4 46 4 
iteration 1521 best: 1.0318 time: 453897
47 38 4 26 4 23 4 21 31 4 20 4 99 38 4 15 4 30 4 56 44 4 29 4 60 4 73 28 4 22 4 18 4 32 24 4 9 4 23 4 54 4 64 34 4 15 4 27 4 12 43 4 46 4 59 15 4 27 4 41 47 4 45 4 42 4 37 4 61 34 4 25 4 64 19 4 35 4 64 43 4 12 4 50 4 24 4 24 4 69 32 4 37 4 9 4 42 4 56 17 4 43 4 38 37 4 23 4 28 4 45 4 53 39 4 27 4 51 4 119 7 4 21 4 80 11 4 39 4 63 49 20 55 35 4 18 4 35 4 15 19 20 78 30 4 31 4 30 4 30 32 4 14 4 24 4 33 4 25 38 4 28 4 55 19 4 58 4 31 4 19 32 4 28 4 72 27 4 31 4 25 4 60 29 4 28 4 31 4 68 19 4 40 4 86 29 4 37 4 99 20 4 89 27 4 47 4 23 4 18 21 4 18 4 36 22 4 29 4 42 46 4 30 4 84 31 4 45 4 87 38 4 38 4 46 49 4 34 4 106 24 4 5 4 29 43 4 23 4 21 26 4 53 4 40 4 48 11 4 17 4 48 43 4 30 4 24 4 60 44 4 15 4 37 4 82 36 4 43 4 21 4 26 4 43 55 4 22 4 31 4 21 4 46 23 4 25 4 19 4 82 37 4 30 4 59 48 4 20 4 47 4 69 49 4 43 4 30 4 88 22 4 31 4 24 4 12 23 4 31 4 6 4 82 22 16 21 16 53 20 4 79 46 16 5 16 82 7 4 20 4 47 26 4 26 4 54 4 25 52 4 45 4 26 4 27 4 40 39 4 27 4 62 48 4 34 4 36 4 19 4 86 38 4 38 4 47 4 84 16 4 27 4 12 4 13 31 4 41 4 6 4 74 47 4 25 4 53 4 61 20 4 17 4 31 4 27 4 33 12 4 25 4 55 4 30 4 41 31 4 34 4 40 4 62 48 4 43 4 31 4 34 13 4 47 4 46 4 
iteration 1546 best: 1.0318 time: 461322
47 38 4 26 4 23 4 21 31 4 20 4 99 38 4 15 4 30 4 56 44 4 29 4 60 4 73 28 4 22 4 18 4 32 24 4 9 4 23 4 54 4 64 34 4 15 4 27 4 12 43 4 46 4 59 15 4 27 4 41 47 4 45 4 42 4 37 4 61 34 4 25 4 64 19 4 35 4 64 43 4 12 4 50 4 24 4 24 4 69 32 4 37 4 9 4 42 4 56 17 4 43 4 38 37 4 23 4 28 4 45 4 53 39 4 27 4 51 4 119 7 4 21 4 80 11 4 39 4 63 49 20 55 35 4 18 4 35 4 15 19 20 78 30 4 31 4 30 4 30 32 4 14 4 24 4 33 4 25 38 4 28 4 55 19 4 58 4 31 4 19 32 4 28 4 72 27 4 31 4 25 4 60 29 4 28 4 31 4 68 19 4 40 4 86 29 4 37 4 99 20 4 89 27 4 47 4 23 4 18 21 4 18 4 36 22 4 29 4 42 46 4 30 4 84 31 4 45 4 87 38 4 38 4 46 49 4 34 4 106 24 4 5 4 29 43 4 23 4 21 26 4 53 4 40 4 48 11 4 17 4 48 43 4 30 4 24 4 60 44 4 15 4 37 4 82 36 4 43 4 21 4 26 4 43 55 4 22 4 31 4 21 4 46 23 4 25 4 19 4 82 37 4 30 4 59 48 4 20 4 47 4 69 49 4 43 4 30 4 88 22 4 31 4 24 4 12 23 4 31 4 6 4 82 22 16 21 16 53 20 4 79 46 16 5 16 82 7 4 20 4 47 26 4 26 4 54 4 25 52 4 45 4 26 4 27 4 40 39 4 27 4 62 48 4 34 4 36 4 19 4 86 38 4 38 4 47 4 84 16 4 27 4 12 4 13 31 4 41 4 6 4 74 47 4 25 4 53 4 61 20 4 17 4 31 4 27 4 33 12 4 25 4 55 4 30 4 41 31 4 34 4 40 4 62 48 4 43 4 31 4 34 13 4 47 4 46 4 
iteration 1571 best: 1.0318 time: 468751
47 38 4 26 4 23 4 21 31 4 20 4 99 38 4 15 4 30 4 56 44 4 29 4 60 4 73 28 4 22 4 18 4 32 24 4 9 4 23 4 54 4 64 34 4 15 4 27 4 12 43 4 46 4 59 15 4 27 4 41 47 4 45 4 42 4 37 4 61 34 4 25 4 64 19 4 35 4 64 43 4 12 4 50 4 24 4 24 4 69 32 4 37 4 9 4 42 4 56 17 4 43 4 38 37 4 23 4 28 4 45 4 53 39 4 27 4 51 4 119 7 4 21 4 80 11 4 39 4 63 49 20 55 35 4 18 4 35 4 15 19 20 78 30 4 31 4 30 4 30 32 4 14 4 24 4 33 4 25 38 4 28 4 55 19 4 58 4 31 4 19 32 4 28 4 72 27 4 31 4 25 4 60 29 4 28 4 31 4 68 19 4 40 4 86 29 4 37 4 99 20 4 89 27 4 47 4 23 4 18 21 4 18 4 36 22 4 29 4 42 46 4 30 4 84 31 4 45 4 87 38 4 38 4 46 49 4 34 4 106 24 4 5 4 29 43 4 23 4 21 26 4 53 4 40 4 48 11 4 17 4 48 43 4 30 4 24 4 60 44 4 15 4 37 4 82 36 4 43 4 21 4 26 4 43 55 4 22 4 31 4 21 4 46 23 4 25 4 19 4 82 37 4 30 4 59 48 4 20 4 47 4 69 49 4 43 4 30 4 88 22 4 31 4 24 4 12 23 4 31 4 6 4 82 22 16 21 16 53 20 4 79 46 16 5 16 82 7 4 20 4 47 26 4 26 4 54 4 25 52 4 45 4 26 4 27 4 40 39 4 27 4 62 48 4 34 4 36 4 19 4 86 38 4 38 4 47 4 84 16 4 27 4 12 4 13 31 4 41 4 6 4 74 47 4 25 4 53 4 61 20 4 17 4 31 4 27 4 33 12 4 25 4 55 4 30 4 41 31 4 34 4 40 4 62 48 4 43 4 31 4 34 13 4 47 4 46 4 
iteration 1596 best: 1.0318 time: 476227
47 38 4 26 4 23 4 21 31 4 20 4 99 38 4 15 4 30 4 56 44 4 29 4 60 4 73 28 4 22 4 18 4 32 24 4 9 4 23 4 54 4 64 34 4 15 4 27 4 12 43 4 46 4 59 15 4 27 4 41 47 4 45 4 42 4 37 4 61 34 4 25 4 64 19 4 35 4 64 43 4 12 4 50 4 24 4 24 4 69 32 4 37 4 9 4 42 4 56 17 4 43 4 38 37 4 23 4 28 4 45 4 53 39 4 27 4 51 4 119 7 4 21 4 80 11 4 39 4 63 49 20 55 35 4 18 4 35 4 15 19 20 78 30 4 31 4 30 4 30 32 4 14 4 24 4 33 4 25 38 4 28 4 55 19 4 58 4 31 4 19 32 4 28 4 72 27 4 31 4 25 4 60 29 4 28 4 31 4 68 19 4 40 4 86 29 4 37 4 99 20 4 89 27 4 47 4 23 4 18 21 4 18 4 36 22 4 29 4 42 46 4 30 4 84 31 4 45 4 87 38 4 38 4 46 49 4 34 4 106 24 4 5 4 29 43 4 23 4 21 26 4 53 4 40 4 48 11 4 17 4 48 43 4 30 4 24 4 60 44 4 15 4 37 4 82 36 4 43 4 21 4 26 4 43 55 4 22 4 31 4 21 4 46 23 4 25 4 19 4 82 37 4 30 4 59 48 4 20 4 47 4 69 49 4 43 4 30 4 88 22 4 31 4 24 4 12 23 4 31 4 6 4 82 22 16 21 16 53 20 4 79 46 16 5 16 82 7 4 20 4 47 26 4 26 4 54 4 25 52 4 45 4 26 4 27 4 40 39 4 27 4 62 48 4 34 4 36 4 19 4 86 38 4 38 4 47 4 84 16 4 27 4 12 4 13 31 4 41 4 6 4 74 47 4 25 4 53 4 61 20 4 17 4 31 4 27 4 33 12 4 25 4 55 4 30 4 41 31 4 34 4 40 4 62 48 4 43 4 31 4 34 13 4 47 4 46 4 
iteration 1621 best: 1.0318 time: 483648
47 38 4 26 4 23 4 21 31 4 20 4 99 38 4 15 4 30 4 56 44 4 29 4 60 4 73 28 4 22 4 18 4 32 24 4 9 4 23 4 54 4 64 34 4 15 4 27 4 12 43 4 46 4 59 15 4 27 4 41 47 4 45 4 42 4 37 4 61 34 4 25 4 64 19 4 35 4 64 43 4 12 4 50 4 24 4 24 4 69 32 4 37 4 9 4 42 4 56 17 4 43 4 38 37 4 23 4 28 4 45 4 53 39 4 27 4 51 4 119 7 4 21 4 80 11 4 39 4 63 49 20 55 35 4 18 4 35 4 15 19 20 78 30 4 31 4 30 4 30 32 4 14 4 24 4 33 4 25 38 4 28 4 55 19 4 58 4 31 4 19 32 4 28 4 72 27 4 31 4 25 4 60 29 4 28 4 31 4 68 19 4 40 4 86 29 4 37 4 99 20 4 89 27 4 47 4 23 4 18 21 4 18 4 36 22 4 29 4 42 46 4 30 4 84 31 4 45 4 87 38 4 38 4 46 49 4 34 4 106 24 4 5 4 29 43 4 23 4 21 26 4 53 4 40 4 48 11 4 17 4 48 43 4 30 4 24 4 60 44 4 15 4 37 4 82 36 4 43 4 21 4 26 4 43 55 4 22 4 31 4 21 4 46 23 4 25 4 19 4 82 37 4 30 4 59 48 4 20 4 47 4 69 49 4 43 4 30 4 88 22 4 31 4 24 4 12 23 4 31 4 6 4 82 22 16 21 16 53 20 4 79 46 16 5 16 82 7 4 20 4 47 26 4 26 4 54 4 25 52 4 45 4 26 4 27 4 40 39 4 27 4 62 48 4 34 4 36 4 19 4 86 38 4 38 4 47 4 84 16 4 27 4 12 4 13 31 4 41 4 6 4 74 47 4 25 4 53 4 61 20 4 17 4 31 4 27 4 33 12 4 25 4 55 4 30 4 41 31 4 34 4 40 4 62 48 4 43 4 31 4 34 13 4 47 4 46 4 
iteration 1646 best: 1.0318 time: 491094
47 38 4 26 4 23 4 21 31 4 20 4 99 38 4 15 4 30 4 56 44 4 29 4 60 4 73 28 4 22 4 18 4 32 24 4 9 4 23 4 54 4 64 34 4 15 4 27 4 12 43 4 46 4 59 15 4 27 4 41 47 4 45 4 42 4 37 4 61 34 4 25 4 64 19 4 35 4 64 43 4 12 4 50 4 24 4 24 4 69 32 4 37 4 9 4 42 4 56 17 4 43 4 38 37 4 23 4 28 4 45 4 53 39 4 27 4 51 4 119 7 4 21 4 80 11 4 39 4 63 49 20 55 35 4 18 4 35 4 15 19 20 78 30 4 31 4 30 4 30 32 4 14 4 24 4 33 4 25 38 4 28 4 55 19 4 58 4 31 4 19 32 4 28 4 72 27 4 31 4 25 4 60 29 4 28 4 31 4 68 19 4 40 4 86 29 4 37 4 99 20 4 89 27 4 47 4 23 4 18 21 4 18 4 36 22 4 29 4 42 46 4 30 4 84 31 4 45 4 87 38 4 38 4 46 49 4 34 4 106 24 4 5 4 29 43 4 23 4 21 26 4 53 4 40 4 48 11 4 17 4 48 43 4 30 4 24 4 60 44 4 15 4 37 4 82 36 4 43 4 21 4 26 4 43 55 4 22 4 31 4 21 4 46 23 4 25 4 19 4 82 37 4 30 4 59 48 4 20 4 47 4 69 49 4 43 4 30 4 88 22 4 31 4 24 4 12 23 4 31 4 6 4 82 22 16 21 16 53 20 4 79 46 16 5 16 82 7 4 20 4 47 26 4 26 4 54 4 25 52 4 45 4 26 4 27 4 40 39 4 27 4 62 48 4 34 4 36 4 19 4 86 38 4 38 4 47 4 84 16 4 27 4 12 4 13 31 4 41 4 6 4 74 47 4 25 4 53 4 61 20 4 17 4 31 4 27 4 33 12 4 25 4 55 4 30 4 41 31 4 34 4 40 4 62 48 4 43 4 31 4 34 13 4 47 4 46 4 
iteration 1671 best: 1.0318 time: 498536
47 38 4 26 4 23 4 21 31 4 20 4 99 38 4 15 4 30 4 56 44 4 29 4 60 4 73 28 4 22 4 18 4 32 24 4 9 4 23 4 54 4 64 34 4 15 4 27 4 12 43 4 46 4 59 15 4 27 4 41 47 4 45 4 42 4 37 4 61 34 4 25 4 64 19 4 35 4 64 43 4 12 4 50 4 24 4 24 4 69 32 4 37 4 9 4 42 4 56 17 4 43 4 38 37 4 23 4 28 4 45 4 53 39 4 27 4 51 4 119 7 4 21 4 80 11 4 39 4 63 49 20 55 35 4 18 4 35 4 15 19 20 78 30 4 31 4 30 4 30 32 4 14 4 24 4 33 4 25 38 4 28 4 55 19 4 58 4 31 4 19 32 4 28 4 72 27 4 31 4 25 4 60 29 4 28 4 31 4 68 19 4 40 4 86 29 4 37 4 99 20 4 89 27 4 47 4 23 4 18 21 4 18 4 36 22 4 29 4 42 46 4 30 4 84 31 4 45 4 87 38 4 38 4 46 49 4 34 4 106 24 4 5 4 29 43 4 23 4 21 26 4 53 4 40 4 48 11 4 17 4 48 43 4 30 4 24 4 60 44 4 15 4 37 4 82 36 4 43 4 21 4 26 4 43 55 4 22 4 31 4 21 4 46 23 4 25 4 19 4 82 37 4 30 4 59 48 4 20 4 47 4 69 49 4 43 4 30 4 88 22 4 31 4 24 4 12 23 4 31 4 6 4 82 22 16 21 16 53 20 4 79 46 16 5 16 82 7 4 20 4 47 26 4 26 4 54 4 25 52 4 45 4 26 4 27 4 40 39 4 27 4 62 48 4 34 4 36 4 19 4 86 38 4 38 4 47 4 84 16 4 27 4 12 4 13 31 4 41 4 6 4 74 47 4 25 4 53 4 61 20 4 17 4 31 4 27 4 33 12 4 25 4 55 4 30 4 41 31 4 34 4 40 4 62 48 4 43 4 31 4 34 13 4 47 4 46 4 
iteration 1696 best: 1.0318 time: 505983
47 38 4 26 4 23 4 21 31 4 20 4 99 38 4 15 4 30 4 56 44 4 29 4 60 4 73 28 4 22 4 18 4 32 24 4 9 4 23 4 54 4 64 34 4 15 4 27 4 12 43 4 46 4 59 15 4 27 4 41 47 4 45 4 42 4 37 4 61 34 4 25 4 64 19 4 35 4 64 43 4 12 4 50 4 24 4 24 4 69 32 4 37 4 9 4 42 4 56 17 4 43 4 38 37 4 23 4 28 4 45 4 53 39 4 27 4 51 4 119 7 4 21 4 80 11 4 39 4 63 49 20 55 35 4 18 4 35 4 15 19 20 78 30 4 31 4 30 4 30 32 4 14 4 24 4 33 4 25 38 4 28 4 55 19 4 58 4 31 4 19 32 4 28 4 72 27 4 31 4 25 4 60 29 4 28 4 31 4 68 19 4 40 4 86 29 4 37 4 99 20 4 89 27 4 47 4 23 4 18 21 4 18 4 36 22 4 29 4 42 46 4 30 4 84 31 4 45 4 87 38 4 38 4 46 49 4 34 4 106 24 4 5 4 29 43 4 23 4 21 26 4 53 4 40 4 48 11 4 17 4 48 43 4 30 4 24 4 60 44 4 15 4 37 4 82 36 4 43 4 21 4 26 4 43 55 4 22 4 31 4 21 4 46 23 4 25 4 19 4 82 37 4 30 4 59 48 4 20 4 47 4 69 49 4 43 4 30 4 88 22 4 31 4 24 4 12 23 4 31 4 6 4 82 22 16 21 16 53 20 4 79 46 16 5 16 82 7 4 20 4 47 26 4 26 4 54 4 25 52 4 45 4 26 4 27 4 40 39 4 27 4 62 48 4 34 4 36 4 19 4 86 38 4 38 4 47 4 84 16 4 27 4 12 4 13 31 4 41 4 6 4 74 47 4 25 4 53 4 61 20 4 17 4 31 4 27 4 33 12 4 25 4 55 4 30 4 41 31 4 34 4 40 4 62 48 4 43 4 31 4 34 13 4 47 4 46 4 
iteration 1721 best: 1.0318 time: 513456
47 38 4 26 4 23 4 21 31 4 20 4 99 38 4 15 4 30 4 56 44 4 29 4 60 4 73 28 4 22 4 18 4 32 24 4 9 4 23 4 54 4 64 34 4 15 4 27 4 12 43 4 46 4 59 15 4 27 4 41 47 4 45 4 42 4 37 4 61 34 4 25 4 64 19 4 35 4 64 43 4 12 4 50 4 24 4 24 4 69 32 4 37 4 9 4 42 4 56 17 4 43 4 38 37 4 23 4 28 4 45 4 53 39 4 27 4 51 4 119 7 4 21 4 80 11 4 39 4 63 49 20 55 35 4 18 4 35 4 15 19 20 78 30 4 31 4 30 4 30 32 4 14 4 24 4 33 4 25 38 4 28 4 55 19 4 58 4 31 4 19 32 4 28 4 72 27 4 31 4 25 4 60 29 4 28 4 31 4 68 19 4 40 4 86 29 4 37 4 99 20 4 89 27 4 47 4 23 4 18 21 4 18 4 36 22 4 29 4 42 46 4 30 4 84 31 4 45 4 87 38 4 38 4 46 49 4 34 4 106 24 4 5 4 29 43 4 23 4 21 26 4 53 4 40 4 48 11 4 17 4 48 43 4 30 4 24 4 60 44 4 15 4 37 4 82 36 4 43 4 21 4 26 4 43 55 4 22 4 31 4 21 4 46 23 4 25 4 19 4 82 37 4 30 4 59 48 4 20 4 47 4 69 49 4 43 4 30 4 88 22 4 31 4 24 4 12 23 4 31 4 6 4 82 22 16 21 16 53 20 4 79 46 16 5 16 82 7 4 20 4 47 26 4 26 4 54 4 25 52 4 45 4 26 4 27 4 40 39 4 27 4 62 48 4 34 4 36 4 19 4 86 38 4 38 4 47 4 84 16 4 27 4 12 4 13 31 4 41 4 6 4 74 47 4 25 4 53 4 61 20 4 17 4 31 4 27 4 33 12 4 25 4 55 4 30 4 41 31 4 34 4 40 4 62 48 4 43 4 31 4 34 13 4 47 4 46 4 
iteration 1746 best: 1.0318 time: 520907
47 38 4 26 4 23 4 21 31 4 20 4 99 38 4 15 4 30 4 56 44 4 29 4 60 4 73 28 4 22 4 18 4 32 24 4 9 4 23 4 54 4 64 34 4 15 4 27 4 12 43 4 46 4 59 15 4 27 4 41 47 4 45 4 42 4 37 4 61 34 4 25 4 64 19 4 35 4 64 43 4 12 4 50 4 24 4 24 4 69 32 4 37 4 9 4 42 4 56 17 4 43 4 38 37 4 23 4 28 4 45 4 53 39 4 27 4 51 4 119 7 4 21 4 80 11 4 39 4 63 49 20 55 35 4 18 4 35 4 15 19 20 78 30 4 31 4 30 4 30 32 4 14 4 24 4 33 4 25 38 4 28 4 55 19 4 58 4 31 4 19 32 4 28 4 72 27 4 31 4 25 4 60 29 4 28 4 31 4 68 19 4 40 4 86 29 4 37 4 99 20 4 89 27 4 47 4 23 4 18 21 4 18 4 36 22 4 29 4 42 46 4 30 4 84 31 4 45 4 87 38 4 38 4 46 49 4 34 4 106 24 4 5 4 29 43 4 23 4 21 26 4 53 4 40 4 48 11 4 17 4 48 43 4 30 4 24 4 60 44 4 15 4 37 4 82 36 4 43 4 21 4 26 4 43 55 4 22 4 31 4 21 4 46 23 4 25 4 19 4 82 37 4 30 4 59 48 4 20 4 47 4 69 49 4 43 4 30 4 88 22 4 31 4 24 4 12 23 4 31 4 6 4 82 22 16 21 16 53 20 4 79 46 16 5 16 82 7 4 20 4 47 26 4 26 4 54 4 25 52 4 45 4 26 4 27 4 40 39 4 27 4 62 48 4 34 4 36 4 19 4 86 38 4 38 4 47 4 84 16 4 27 4 12 4 13 31 4 41 4 6 4 74 47 4 25 4 53 4 61 20 4 17 4 31 4 27 4 33 12 4 25 4 55 4 30 4 41 31 4 34 4 40 4 62 48 4 43 4 31 4 34 13 4 47 4 46 4 
iteration 1771 best: 1.0318 time: 528385
47 38 4 26 4 23 4 21 31 4 20 4 99 38 4 15 4 30 4 56 44 4 29 4 60 4 73 28 4 22 4 18 4 32 24 4 9 4 23 4 54 4 64 34 4 15 4 27 4 12 43 4 46 4 59 15 4 27 4 41 47 4 45 4 42 4 37 4 61 34 4 25 4 64 19 4 35 4 64 43 4 12 4 50 4 24 4 24 4 69 32 4 37 4 9 4 42 4 56 17 4 43 4 38 37 4 23 4 28 4 45 4 53 39 4 27 4 51 4 119 7 4 21 4 80 11 4 39 4 63 49 20 55 35 4 18 4 35 4 15 19 20 78 30 4 31 4 30 4 30 32 4 14 4 24 4 33 4 25 38 4 28 4 55 19 4 58 4 31 4 19 32 4 28 4 72 27 4 31 4 25 4 60 29 4 28 4 31 4 68 19 4 40 4 86 29 4 37 4 99 20 4 89 27 4 47 4 23 4 18 21 4 18 4 36 22 4 29 4 42 46 4 30 4 84 31 4 45 4 87 38 4 38 4 46 49 4 34 4 106 24 4 5 4 29 43 4 23 4 21 26 4 53 4 40 4 48 11 4 17 4 48 43 4 30 4 24 4 60 44 4 15 4 37 4 82 36 4 43 4 21 4 26 4 43 55 4 22 4 31 4 21 4 46 23 4 25 4 19 4 82 37 4 30 4 59 48 4 20 4 47 4 69 49 4 43 4 30 4 88 22 4 31 4 24 4 12 23 4 31 4 6 4 82 22 16 21 16 53 20 4 79 46 16 5 16 82 7 4 20 4 47 26 4 26 4 54 4 25 52 4 45 4 26 4 27 4 40 39 4 27 4 62 48 4 34 4 36 4 19 4 86 38 4 38 4 47 4 84 16 4 27 4 12 4 13 31 4 41 4 6 4 74 47 4 25 4 53 4 61 20 4 17 4 31 4 27 4 33 12 4 25 4 55 4 30 4 41 31 4 34 4 40 4 62 48 4 43 4 31 4 34 13 4 47 4 46 4 
iteration 1796 best: 1.0318 time: 535855
47 38 4 26 4 23 4 21 31 4 20 4 99 38 4 15 4 30 4 56 44 4 29 4 60 4 73 28 4 22 4 18 4 32 24 4 9 4 23 4 54 4 64 34 4 15 4 27 4 12 43 4 46 4 59 15 4 27 4 41 47 4 45 4 42 4 37 4 61 34 4 25 4 64 19 4 35 4 64 43 4 12 4 50 4 24 4 24 4 69 32 4 37 4 9 4 42 4 56 17 4 43 4 38 37 4 23 4 28 4 45 4 53 39 4 27 4 51 4 119 7 4 21 4 80 11 4 39 4 63 49 20 55 35 4 18 4 35 4 15 19 20 78 30 4 31 4 30 4 30 32 4 14 4 24 4 33 4 25 38 4 28 4 55 19 4 58 4 31 4 19 32 4 28 4 72 27 4 31 4 25 4 60 29 4 28 4 31 4 68 19 4 40 4 86 29 4 37 4 99 20 4 89 27 4 47 4 23 4 18 21 4 18 4 36 22 4 29 4 42 46 4 30 4 84 31 4 45 4 87 38 4 38 4 46 49 4 34 4 106 24 4 5 4 29 43 4 23 4 21 26 4 53 4 40 4 48 11 4 17 4 48 43 4 30 4 24 4 60 44 4 15 4 37 4 82 36 4 43 4 21 4 26 4 43 55 4 22 4 31 4 21 4 46 23 4 25 4 19 4 82 37 4 30 4 59 48 4 20 4 47 4 69 49 4 43 4 30 4 88 22 4 31 4 24 4 12 23 4 31 4 6 4 82 22 16 21 16 53 20 4 79 46 16 5 16 82 7 4 20 4 47 26 4 26 4 54 4 25 52 4 45 4 26 4 27 4 40 39 4 27 4 62 48 4 34 4 36 4 19 4 86 38 4 38 4 47 4 84 16 4 27 4 12 4 13 31 4 41 4 6 4 74 47 4 25 4 53 4 61 20 4 17 4 31 4 27 4 33 12 4 25 4 55 4 30 4 41 31 4 34 4 40 4 62 48 4 43 4 31 4 34 13 4 47 4 46 4 
iteration 1821 best: 1.0318 time: 543294
47 38 4 26 4 23 4 21 31 4 20 4 99 38 4 15 4 30 4 56 44 4 29 4 60 4 73 28 4 22 4 18 4 32 24 4 9 4 23 4 54 4 64 34 4 15 4 27 4 12 43 4 46 4 59 15 4 27 4 41 47 4 45 4 42 4 37 4 61 34 4 25 4 64 19 4 35 4 64 43 4 12 4 50 4 24 4 24 4 69 32 4 37 4 9 4 42 4 56 17 4 43 4 38 37 4 23 4 28 4 45 4 53 39 4 27 4 51 4 119 7 4 21 4 80 11 4 39 4 63 49 20 55 35 4 18 4 35 4 15 19 20 78 30 4 31 4 30 4 30 32 4 14 4 24 4 33 4 25 38 4 28 4 55 19 4 58 4 31 4 19 32 4 28 4 72 27 4 31 4 25 4 60 29 4 28 4 31 4 68 19 4 40 4 86 29 4 37 4 99 20 4 89 27 4 47 4 23 4 18 21 4 18 4 36 22 4 29 4 42 46 4 30 4 84 31 4 45 4 87 38 4 38 4 46 49 4 34 4 106 24 4 5 4 29 43 4 23 4 21 26 4 53 4 40 4 48 11 4 17 4 48 43 4 30 4 24 4 60 44 4 15 4 37 4 82 36 4 43 4 21 4 26 4 43 55 4 22 4 31 4 21 4 46 23 4 25 4 19 4 82 37 4 30 4 59 48 4 20 4 47 4 69 49 4 43 4 30 4 88 22 4 31 4 24 4 12 23 4 31 4 6 4 82 22 16 21 16 53 20 4 79 46 16 5 16 82 7 4 20 4 47 26 4 26 4 54 4 25 52 4 45 4 26 4 27 4 40 39 4 27 4 62 48 4 34 4 36 4 19 4 86 38 4 38 4 47 4 84 16 4 27 4 12 4 13 31 4 41 4 6 4 74 47 4 25 4 53 4 61 20 4 17 4 31 4 27 4 33 12 4 25 4 55 4 30 4 41 31 4 34 4 40 4 62 48 4 43 4 31 4 34 13 4 47 4 46 4 
iteration 1846 best: 1.0318 time: 550747
47 38 4 26 4 23 4 21 31 4 20 4 99 38 4 15 4 30 4 56 44 4 29 4 60 4 73 28 4 22 4 18 4 32 24 4 9 4 23 4 54 4 64 34 4 15 4 27 4 12 43 4 46 4 59 15 4 27 4 41 47 4 45 4 42 4 37 4 61 34 4 25 4 64 19 4 35 4 64 43 4 12 4 50 4 24 4 24 4 69 32 4 37 4 9 4 42 4 56 17 4 43 4 38 37 4 23 4 28 4 45 4 53 39 4 27 4 51 4 119 7 4 21 4 80 11 4 39 4 63 49 20 55 35 4 18 4 35 4 15 19 20 78 30 4 31 4 30 4 30 32 4 14 4 24 4 33 4 25 38 4 28 4 55 19 4 58 4 31 4 19 32 4 28 4 72 27 4 31 4 25 4 60 29 4 28 4 31 4 68 19 4 40 4 86 29 4 37 4 99 20 4 89 27 4 47 4 23 4 18 21 4 18 4 36 22 4 29 4 42 46 4 30 4 84 31 4 45 4 87 38 4 38 4 46 49 4 34 4 106 24 4 5 4 29 43 4 23 4 21 26 4 53 4 40 4 48 11 4 17 4 48 43 4 30 4 24 4 60 44 4 15 4 37 4 82 36 4 43 4 21 4 26 4 43 55 4 22 4 31 4 21 4 46 23 4 25 4 19 4 82 37 4 30 4 59 48 4 20 4 47 4 69 49 4 43 4 30 4 88 22 4 31 4 24 4 12 23 4 31 4 6 4 82 22 16 21 16 53 20 4 79 46 16 5 16 82 7 4 20 4 47 26 4 26 4 54 4 25 52 4 45 4 26 4 27 4 40 39 4 27 4 62 48 4 34 4 36 4 19 4 86 38 4 38 4 47 4 84 16 4 27 4 12 4 13 31 4 41 4 6 4 74 47 4 25 4 53 4 61 20 4 17 4 31 4 27 4 33 12 4 25 4 55 4 30 4 41 31 4 34 4 40 4 62 48 4 43 4 31 4 34 13 4 47 4 46 4 
iteration 1871 best: 1.0318 time: 558184
47 38 4 26 4 23 4 21 31 4 20 4 99 38 4 15 4 30 4 56 44 4 29 4 60 4 73 28 4 22 4 18 4 32 24 4 9 4 23 4 54 4 64 34 4 15 4 27 4 12 43 4 46 4 59 15 4 27 4 41 47 4 45 4 42 4 37 4 61 34 4 25 4 64 19 4 35 4 64 43 4 12 4 50 4 24 4 24 4 69 32 4 37 4 9 4 42 4 56 17 4 43 4 38 37 4 23 4 28 4 45 4 53 39 4 27 4 51 4 119 7 4 21 4 80 11 4 39 4 63 49 20 55 35 4 18 4 35 4 15 19 20 78 30 4 31 4 30 4 30 32 4 14 4 24 4 33 4 25 38 4 28 4 55 19 4 58 4 31 4 19 32 4 28 4 72 27 4 31 4 25 4 60 29 4 28 4 31 4 68 19 4 40 4 86 29 4 37 4 99 20 4 89 27 4 47 4 23 4 18 21 4 18 4 36 22 4 29 4 42 46 4 30 4 84 31 4 45 4 87 38 4 38 4 46 49 4 34 4 106 24 4 5 4 29 43 4 23 4 21 26 4 53 4 40 4 48 11 4 17 4 48 43 4 30 4 24 4 60 44 4 15 4 37 4 82 36 4 43 4 21 4 26 4 43 55 4 22 4 31 4 21 4 46 23 4 25 4 19 4 82 37 4 30 4 59 48 4 20 4 47 4 69 49 4 43 4 30 4 88 22 4 31 4 24 4 12 23 4 31 4 6 4 82 22 16 21 16 53 20 4 79 46 16 5 16 82 7 4 20 4 47 26 4 26 4 54 4 25 52 4 45 4 26 4 27 4 40 39 4 27 4 62 48 4 34 4 36 4 19 4 86 38 4 38 4 47 4 84 16 4 27 4 12 4 13 31 4 41 4 6 4 74 47 4 25 4 53 4 61 20 4 17 4 31 4 27 4 33 12 4 25 4 55 4 30 4 41 31 4 34 4 40 4 62 48 4 43 4 31 4 34 13 4 47 4 46 4 
iteration 1896 best: 1.0318 time: 565632
47 38 4 26 4 23 4 21 31 4 20 4 99 38 4 15 4 30 4 56 44 4 29 4 60 4 73 28 4 22 4 18 4 32 24 4 9 4 23 4 54 4 64 34 4 15 4 27 4 12 43 4 46 4 59 15 4 27 4 41 47 4 45 4 42 4 37 4 61 34 4 25 4 64 19 4 35 4 64 43 4 12 4 50 4 24 4 24 4 69 32 4 37 4 9 4 42 4 56 17 4 43 4 38 37 4 23 4 28 4 45 4 53 39 4 27 4 51 4 119 7 4 21 4 80 11 4 39 4 63 49 20 55 35 4 18 4 35 4 15 19 20 78 30 4 31 4 30 4 30 32 4 14 4 24 4 33 4 25 38 4 28 4 55 19 4 58 4 31 4 19 32 4 28 4 72 27 4 31 4 25 4 60 29 4 28 4 31 4 68 19 4 40 4 86 29 4 37 4 99 20 4 89 27 4 47 4 23 4 18 21 4 18 4 36 22 4 29 4 42 46 4 30 4 84 31 4 45 4 87 38 4 38 4 46 49 4 34 4 106 24 4 5 4 29 43 4 23 4 21 26 4 53 4 40 4 48 11 4 17 4 48 43 4 30 4 24 4 60 44 4 15 4 37 4 82 36 4 43 4 21 4 26 4 43 55 4 22 4 31 4 21 4 46 23 4 25 4 19 4 82 37 4 30 4 59 48 4 20 4 47 4 69 49 4 43 4 30 4 88 22 4 31 4 24 4 12 23 4 31 4 6 4 82 22 16 21 16 53 20 4 79 46 16 5 16 82 7 4 20 4 47 26 4 26 4 54 4 25 52 4 45 4 26 4 27 4 40 39 4 27 4 62 48 4 34 4 36 4 19 4 86 38 4 38 4 47 4 84 16 4 27 4 12 4 13 31 4 41 4 6 4 74 47 4 25 4 53 4 61 20 4 17 4 31 4 27 4 33 12 4 25 4 55 4 30 4 41 31 4 34 4 40 4 62 48 4 43 4 31 4 34 13 4 47 4 46 4 
iteration 1921 best: 1.0318 time: 573055
47 38 4 26 4 23 4 21 31 4 20 4 99 38 4 15 4 30 4 56 44 4 29 4 60 4 73 28 4 22 4 18 4 32 24 4 9 4 23 4 54 4 64 34 4 15 4 27 4 12 43 4 46 4 59 15 4 27 4 41 47 4 45 4 42 4 37 4 61 34 4 25 4 64 19 4 35 4 64 43 4 12 4 50 4 24 4 24 4 69 32 4 37 4 9 4 42 4 56 17 4 43 4 38 37 4 23 4 28 4 45 4 53 39 4 27 4 51 4 119 7 4 21 4 80 11 4 39 4 63 49 20 55 35 4 18 4 35 4 15 19 20 78 30 4 31 4 30 4 30 32 4 14 4 24 4 33 4 25 38 4 28 4 55 19 4 58 4 31 4 19 32 4 28 4 72 27 4 31 4 25 4 60 29 4 28 4 31 4 68 19 4 40 4 86 29 4 37 4 99 20 4 89 27 4 47 4 23 4 18 21 4 18 4 36 22 4 29 4 42 46 4 30 4 84 31 4 45 4 87 38 4 38 4 46 49 4 34 4 106 24 4 5 4 29 43 4 23 4 21 26 4 53 4 40 4 48 11 4 17 4 48 43 4 30 4 24 4 60 44 4 15 4 37 4 82 36 4 43 4 21 4 26 4 43 55 4 22 4 31 4 21 4 46 23 4 25 4 19 4 82 37 4 30 4 59 48 4 20 4 47 4 69 49 4 43 4 30 4 88 22 4 31 4 24 4 12 23 4 31 4 6 4 82 22 16 21 16 53 20 4 79 46 16 5 16 82 7 4 20 4 47 26 4 26 4 54 4 25 52 4 45 4 26 4 27 4 40 39 4 27 4 62 48 4 34 4 36 4 19 4 86 38 4 38 4 47 4 84 16 4 27 4 12 4 13 31 4 41 4 6 4 74 47 4 25 4 53 4 61 20 4 17 4 31 4 27 4 33 12 4 25 4 55 4 30 4 41 31 4 34 4 40 4 62 48 4 43 4 31 4 34 13 4 47 4 46 4 
iteration 1946 best: 1.0318 time: 580476
47 38 4 26 4 23 4 21 31 4 20 4 99 38 4 15 4 30 4 56 44 4 29 4 60 4 73 28 4 22 4 18 4 32 24 4 9 4 23 4 54 4 64 34 4 15 4 27 4 12 43 4 46 4 59 15 4 27 4 41 47 4 45 4 42 4 37 4 61 34 4 25 4 64 19 4 35 4 64 43 4 12 4 50 4 24 4 24 4 69 32 4 37 4 9 4 42 4 56 17 4 43 4 38 37 4 23 4 28 4 45 4 53 39 4 27 4 51 4 119 7 4 21 4 80 11 4 39 4 63 49 20 55 35 4 18 4 35 4 15 19 20 78 30 4 31 4 30 4 30 32 4 14 4 24 4 33 4 25 38 4 28 4 55 19 4 58 4 31 4 19 32 4 28 4 72 27 4 31 4 25 4 60 29 4 28 4 31 4 68 19 4 40 4 86 29 4 37 4 99 20 4 89 27 4 47 4 23 4 18 21 4 18 4 36 22 4 29 4 42 46 4 30 4 84 31 4 45 4 87 38 4 38 4 46 49 4 34 4 106 24 4 5 4 29 43 4 23 4 21 26 4 53 4 40 4 48 11 4 17 4 48 43 4 30 4 24 4 60 44 4 15 4 37 4 82 36 4 43 4 21 4 26 4 43 55 4 22 4 31 4 21 4 46 23 4 25 4 19 4 82 37 4 30 4 59 48 4 20 4 47 4 69 49 4 43 4 30 4 88 22 4 31 4 24 4 12 23 4 31 4 6 4 82 22 16 21 16 53 20 4 79 46 16 5 16 82 7 4 20 4 47 26 4 26 4 54 4 25 52 4 45 4 26 4 27 4 40 39 4 27 4 62 48 4 34 4 36 4 19 4 86 38 4 38 4 47 4 84 16 4 27 4 12 4 13 31 4 41 4 6 4 74 47 4 25 4 53 4 61 20 4 17 4 31 4 27 4 33 12 4 25 4 55 4 30 4 41 31 4 34 4 40 4 62 48 4 43 4 31 4 34 13 4 47 4 46 4 
iteration 1971 best: 1.0318 time: 587882
47 38 4 26 4 23 4 21 31 4 20 4 99 38 4 15 4 30 4 56 44 4 29 4 60 4 73 28 4 22 4 18 4 32 24 4 9 4 23 4 54 4 64 34 4 15 4 27 4 12 43 4 46 4 59 15 4 27 4 41 47 4 45 4 42 4 37 4 61 34 4 25 4 64 19 4 35 4 64 43 4 12 4 50 4 24 4 24 4 69 32 4 37 4 9 4 42 4 56 17 4 43 4 38 37 4 23 4 28 4 45 4 53 39 4 27 4 51 4 119 7 4 21 4 80 11 4 39 4 63 49 20 55 35 4 18 4 35 4 15 19 20 78 30 4 31 4 30 4 30 32 4 14 4 24 4 33 4 25 38 4 28 4 55 19 4 58 4 31 4 19 32 4 28 4 72 27 4 31 4 25 4 60 29 4 28 4 31 4 68 19 4 40 4 86 29 4 37 4 99 20 4 89 27 4 47 4 23 4 18 21 4 18 4 36 22 4 29 4 42 46 4 30 4 84 31 4 45 4 87 38 4 38 4 46 49 4 34 4 106 24 4 5 4 29 43 4 23 4 21 26 4 53 4 40 4 48 11 4 17 4 48 43 4 30 4 24 4 60 44 4 15 4 37 4 82 36 4 43 4 21 4 26 4 43 55 4 22 4 31 4 21 4 46 23 4 25 4 19 4 82 37 4 30 4 59 48 4 20 4 47 4 69 49 4 43 4 30 4 88 22 4 31 4 24 4 12 23 4 31 4 6 4 82 22 16 21 16 53 20 4 79 46 16 5 16 82 7 4 20 4 47 26 4 26 4 54 4 25 52 4 45 4 26 4 27 4 40 39 4 27 4 62 48 4 34 4 36 4 19 4 86 38 4 38 4 47 4 84 16 4 27 4 12 4 13 31 4 41 4 6 4 74 47 4 25 4 53 4 61 20 4 17 4 31 4 27 4 33 12 4 25 4 55 4 30 4 41 31 4 34 4 40 4 62 48 4 43 4 31 4 34 13 4 47 4 46 4 
iteration 1996 best: 1.0318 time: 595329
47 38 4 26 4 23 4 21 31 4 20 4 99 38 4 15 4 30 4 56 44 4 29 4 60 4 73 28 4 22 4 18 4 32 24 4 9 4 23 4 54 4 64 34 4 15 4 27 4 12 43 4 46 4 59 15 4 27 4 41 47 4 45 4 42 4 37 4 61 34 4 25 4 64 19 4 35 4 64 43 4 12 4 50 4 24 4 24 4 69 32 4 37 4 9 4 42 4 56 17 4 43 4 38 37 4 23 4 28 4 45 4 53 39 4 27 4 51 4 119 7 4 21 4 80 11 4 39 4 63 49 20 55 35 4 18 4 35 4 15 19 20 78 30 4 31 4 30 4 30 32 4 14 4 24 4 33 4 25 38 4 28 4 55 19 4 58 4 31 4 19 32 4 28 4 72 27 4 31 4 25 4 60 29 4 28 4 31 4 68 19 4 40 4 86 29 4 37 4 99 20 4 89 27 4 47 4 23 4 18 21 4 18 4 36 22 4 29 4 42 46 4 30 4 84 31 4 45 4 87 38 4 38 4 46 49 4 34 4 106 24 4 5 4 29 43 4 23 4 21 26 4 53 4 40 4 48 11 4 17 4 48 43 4 30 4 24 4 60 44 4 15 4 37 4 82 36 4 43 4 21 4 26 4 43 55 4 22 4 31 4 21 4 46 23 4 25 4 19 4 82 37 4 30 4 59 48 4 20 4 47 4 69 49 4 43 4 30 4 88 22 4 31 4 24 4 12 23 4 31 4 6 4 82 22 16 21 16 53 20 4 79 46 16 5 16 82 7 4 20 4 47 26 4 26 4 54 4 25 52 4 45 4 26 4 27 4 40 39 4 27 4 62 48 4 34 4 36 4 19 4 86 38 4 38 4 47 4 84 16 4 27 4 12 4 13 31 4 41 4 6 4 74 47 4 25 4 53 4 61 20 4 17 4 31 4 27 4 33 12 4 25 4 55 4 30 4 41 31 4 34 4 40 4 62 48 4 43 4 31 4 34 13 4 47 4 46 4 
iteration 2021 best: 1.0318 time: 602755
47 38 4 26 4 23 4 21 31 4 20 4 99 38 4 15 4 30 4 56 44 4 29 4 60 4 73 28 4 22 4 18 4 32 24 4 9 4 23 4 54 4 64 34 4 15 4 27 4 12 43 4 46 4 59 15 4 27 4 41 47 4 45 4 42 4 37 4 61 34 4 25 4 64 19 4 35 4 64 43 4 12 4 50 4 24 4 24 4 69 32 4 37 4 9 4 42 4 56 17 4 43 4 38 37 4 23 4 28 4 45 4 53 39 4 27 4 51 4 119 7 4 21 4 80 11 4 39 4 63 49 20 55 35 4 18 4 35 4 15 19 20 78 30 4 31 4 30 4 30 32 4 14 4 24 4 33 4 25 38 4 28 4 55 19 4 58 4 31 4 19 32 4 28 4 72 27 4 31 4 25 4 60 29 4 28 4 31 4 68 19 4 40 4 86 29 4 37 4 99 20 4 89 27 4 47 4 23 4 18 21 4 18 4 36 22 4 29 4 42 46 4 30 4 84 31 4 45 4 87 38 4 38 4 46 49 4 34 4 106 24 4 5 4 29 43 4 23 4 21 26 4 53 4 40 4 48 11 4 17 4 48 43 4 30 4 24 4 60 44 4 15 4 37 4 82 36 4 43 4 21 4 26 4 43 55 4 22 4 31 4 21 4 46 23 4 25 4 19 4 82 37 4 30 4 59 48 4 20 4 47 4 69 49 4 43 4 30 4 88 22 4 31 4 24 4 12 23 4 31 4 6 4 82 22 16 21 16 53 20 4 79 46 16 5 16 82 7 4 20 4 47 26 4 26 4 54 4 25 52 4 45 4 26 4 27 4 40 39 4 27 4 62 48 4 34 4 36 4 19 4 86 38 4 38 4 47 4 84 16 4 27 4 12 4 13 31 4 41 4 6 4 74 47 4 25 4 53 4 61 20 4 17 4 31 4 27 4 33 12 4 25 4 55 4 30 4 41 31 4 34 4 40 4 62 48 4 43 4 31 4 34 13 4 47 4 46 4 
Best solution: 
47 38 4 26 4 23 4 21 31 4 20 4 99 38 4 15 4 30 4 56 44 4 29 4 60 4 73 28 4 22 4 18 4 32 24 4 9 4 23 4 54 4 64 34 4 15 4 27 4 12 43 4 46 4 59 15 4 27 4 41 47 4 45 4 42 4 37 4 61 34 4 25 4 64 19 4 35 4 64 43 4 12 4 50 4 24 4 24 4 69 32 4 37 4 9 4 42 4 56 17 4 43 4 38 37 4 23 4 28 4 45 4 53 39 4 27 4 51 4 119 7 4 21 4 80 11 4 39 4 63 49 20 55 35 4 18 4 35 4 15 19 20 78 30 4 31 4 30 4 30 32 4 14 4 24 4 33 4 25 38 4 28 4 55 19 4 58 4 31 4 19 32 4 28 4 72 27 4 31 4 25 4 60 29 4 28 4 31 4 68 19 4 40 4 86 29 4 37 4 99 20 4 89 27 4 47 4 23 4 18 21 4 18 4 36 22 4 29 4 42 46 4 30 4 84 31 4 45 4 87 38 4 38 4 46 49 4 34 4 106 24 4 5 4 29 43 4 23 4 21 26 4 53 4 40 4 48 11 4 17 4 48 43 4 30 4 24 4 60 44 4 15 4 37 4 82 36 4 43 4 21 4 26 4 43 55 4 22 4 31 4 21 4 46 23 4 25 4 19 4 82 37 4 30 4 59 48 4 20 4 47 4 69 49 4 43 4 30 4 88 22 4 31 4 24 4 12 23 4 31 4 6 4 82 22 16 21 16 53 20 4 79 46 16 5 16 82 7 4 20 4 47 26 4 26 4 54 4 25 52 4 45 4 26 4 27 4 40 39 4 27 4 62 48 4 34 4 36 4 19 4 86 38 4 38 4 47 4 84 16 4 27 4 12 4 13 31 4 41 4 6 4 74 47 4 25 4 53 4 61 20 4 17 4 31 4 27 4 33 12 4 25 4 55 4 30 4 41 31 4 34 4 40 4 62 48 4 43 4 31 4 34 13 4 47 4 46 4 
Fitness: 1.0318
