iteration 16 best: 0.919157 time: 7386
65 31 8 0 44 8 41 13 8 25 18 4 44 4 60 17 4 31 4 0 45 8 97 36 4 11 4 55 26 12 77 5 8 104 19 8 96 30 8 47 34 12 10 27 4 5 4 4 15 4 10 4 28 4 53 4 115 40 4 52 4 27 4 10 5 8 75 35 8 11 50 4 5 4 58 27 16 58 16 69 6 4 12 4 30 4 49 4 39 5 4 17 4 59 4 75 16 8 46 8 119 5 4 5 4 60 4 14 4 14 5 8 118 50 4 40 4 6 4 23 4 37 11 8 5 30 4 5 5 8 101 40 8 94 53 8 0 10 4 16 4 5 4 0 22 4 5 4 61 18 4 29 4 56 4 0 53 4 50 4 76 48 4 5 4 27 4 74 56 4 14 4 27 14 4 51 4 34 43 16 10 16 0 59 17 59 4 5 4 70 46 4 14 4 33 4 84 39 4 26 4 52 49 16 10 16 7 6 36 27 4 59 4 73 6 16 59 16 118 21 4 52 4 18 4 100 9 4 15 4 7 52 4 25 4 59 4 65 27 4 39 4 9 50 5 4 17 59 47 46 4 16 35 7 4 104 44 16 9 16 57 26 4 41 4 18 4 103 58 19 8 4 14 38 18 4 54 43 4 7 4 17 4 105 17 16 10 16 15 11 4 5 4 119 56 4 58 4 43 4 90 48 4 41 6 9 4 54 44 4 27 4 9 4 8 4 108 12 4 48 4 17 4 25 4 0 53 4 17 4 6 5 60 4 91 17 4 6 4 39 4 21 59 4 40 10 16 4 8 20 4 32 22 24 4 40 52 4 58 4 0 8 19 5 4 5 53 59 4 110 43 4 53 4 0 40 4 8 4 8 4 26 4 14 51 4 36 4 52 4 24 4 62 17 4 8 4 48 5 59 47 4 35 4 32 43 4 8 4 18 4 15 4 32 28 4 5 4 30 4 83 60 4 52 4 59 4 77 59 4 5 4 24 4 43 4 63 6 4 14 4 24 4 60 4 
iteration 35 best: 0.919157 time: 14680
65 31 8 0 44 8 41 13 8 25 18 4 44 4 60 17 4 31 4 0 45 8 97 36 4 11 4 55 26 12 77 5 8 104 19 8 96 30 8 47 34 12 10 27 4 5 4 4 15 4 10 4 28 4 53 4 115 40 4 52 4 27 4 10 5 8 75 35 8 11 50 4 5 4 58 27 16 58 16 69 6 4 12 4 30 4 49 4 39 5 4 17 4 59 4 75 16 8 46 8 119 5 4 5 4 60 4 14 4 14 5 8 118 50 4 40 4 6 4 23 4 37 11 8 5 30 4 5 5 8 101 40 8 94 53 8 0 10 4 16 4 5 4 0 22 4 5 4 61 18 4 29 4 56 4 0 53 4 50 4 76 48 4 5 4 27 4 74 56 4 14 4 27 14 4 51 4 34 43 16 10 16 0 59 17 59 4 5 4 70 46 4 14 4 33 4 84 39 4 26 4 52 49 16 10 16 7 6 36 27 4 59 4 73 6 16 59 16 118 21 4 52 4 18 4 100 9 4 15 4 7 52 4 25 4 59 4 65 27 4 39 4 9 50 5 4 17 59 47 46 4 16 35 7 4 104 44 16 9 16 57 26 4 41 4 18 4 103 58 19 8 4 14 38 18 4 54 43 4 7 4 17 4 105 17 16 10 16 15 11 4 5 4 119 56 4 58 4 43 4 90 48 4 41 6 9 4 54 44 4 27 4 9 4 8 4 108 12 4 48 4 17 4 25 4 0 53 4 17 4 6 5 60 4 91 17 4 6 4 39 4 21 59 4 40 10 16 4 8 20 4 32 22 24 4 40 52 4 58 4 0 8 19 5 4 5 53 59 4 110 43 4 53 4 0 40 4 8 4 8 4 26 4 14 51 4 36 4 52 4 24 4 62 17 4 8 4 48 5 59 47 4 35 4 32 43 4 8 4 18 4 15 4 32 28 4 5 4 30 4 83 60 4 52 4 59 4 77 59 4 5 4 24 4 43 4 63 6 4 14 4 24 4 60 4 
iteration 54 best: 0.919157 time: 21970
65 31 8 0 44 8 41 13 8 25 18 4 44 4 60 17 4 31 4 0 45 8 97 36 4 11 4 55 26 12 77 5 8 104 19 8 96 30 8 47 34 12 10 27 4 5 4 4 15 4 10 4 28 4 53 4 115 40 4 52 4 27 4 10 5 8 75 35 8 11 50 4 5 4 58 27 16 58 16 69 6 4 12 4 30 4 49 4 39 5 4 17 4 59 4 75 16 8 46 8 119 5 4 5 4 60 4 14 4 14 5 8 118 50 4 40 4 6 4 23 4 37 11 8 5 30 4 5 5 8 101 40 8 94 53 8 0 10 4 16 4 5 4 0 22 4 5 4 61 18 4 29 4 56 4 0 53 4 50 4 76 48 4 5 4 27 4 74 56 4 14 4 27 14 4 51 4 34 43 16 10 16 0 59 17 59 4 5 4 70 46 4 14 4 33 4 84 39 4 26 4 52 49 16 10 16 7 6 36 27 4 59 4 73 6 16 59 16 118 21 4 52 4 18 4 100 9 4 15 4 7 52 4 25 4 59 4 65 27 4 39 4 9 50 5 4 17 59 47 46 4 16 35 7 4 104 44 16 9 16 57 26 4 41 4 18 4 103 58 19 8 4 14 38 18 4 54 43 4 7 4 17 4 105 17 16 10 16 15 11 4 5 4 119 56 4 58 4 43 4 90 48 4 41 6 9 4 54 44 4 27 4 9 4 8 4 108 12 4 48 4 17 4 25 4 0 53 4 17 4 6 5 60 4 91 17 4 6 4 39 4 21 59 4 40 10 16 4 8 20 4 32 22 24 4 40 52 4 58 4 0 8 19 5 4 5 53 59 4 110 43 4 53 4 0 40 4 8 4 8 4 26 4 14 51 4 36 4 52 4 24 4 62 17 4 8 4 48 5 59 47 4 35 4 32 43 4 8 4 18 4 15 4 32 28 4 5 4 30 4 83 60 4 52 4 59 4 77 59 4 5 4 24 4 43 4 63 6 4 14 4 24 4 60 4 
iteration 73 best: 0.919157 time: 29321
65 31 8 0 44 8 41 13 8 25 18 4 44 4 60 17 4 31 4 0 45 8 97 36 4 11 4 55 26 12 77 5 8 104 19 8 96 30 8 47 34 12 10 27 4 5 4 4 15 4 10 4 28 4 53 4 115 40 4 52 4 27 4 10 5 8 75 35 8 11 50 4 5 4 58 27 16 58 16 69 6 4 12 4 30 4 49 4 39 5 4 17 4 59 4 75 16 8 46 8 119 5 4 5 4 60 4 14 4 14 5 8 118 50 4 40 4 6 4 23 4 37 11 8 5 30 4 5 5 8 101 40 8 94 53 8 0 10 4 16 4 5 4 0 22 4 5 4 61 18 4 29 4 56 4 0 53 4 50 4 76 48 4 5 4 27 4 74 56 4 14 4 27 14 4 51 4 34 43 16 10 16 0 59 17 59 4 5 4 70 46 4 14 4 33 4 84 39 4 26 4 52 49 16 10 16 7 6 36 27 4 59 4 73 6 16 59 16 118 21 4 52 4 18 4 100 9 4 15 4 7 52 4 25 4 59 4 65 27 4 39 4 9 50 5 4 17 59 47 46 4 16 35 7 4 104 44 16 9 16 57 26 4 41 4 18 4 103 58 19 8 4 14 38 18 4 54 43 4 7 4 17 4 105 17 16 10 16 15 11 4 5 4 119 56 4 58 4 43 4 90 48 4 41 6 9 4 54 44 4 27 4 9 4 8 4 108 12 4 48 4 17 4 25 4 0 53 4 17 4 6 5 60 4 91 17 4 6 4 39 4 21 59 4 40 10 16 4 8 20 4 32 22 24 4 40 52 4 58 4 0 8 19 5 4 5 53 59 4 110 43 4 53 4 0 40 4 8 4 8 4 26 4 14 51 4 36 4 52 4 24 4 62 17 4 8 4 48 5 59 47 4 35 4 32 43 4 8 4 18 4 15 4 32 28 4 5 4 30 4 83 60 4 52 4 59 4 77 59 4 5 4 24 4 43 4 63 6 4 14 4 24 4 60 4 
iteration 92 best: 0.919157 time: 36614
65 31 8 0 44 8 41 13 8 25 18 4 44 4 60 17 4 31 4 0 45 8 97 36 4 11 4 55 26 12 77 5 8 104 19 8 96 30 8 47 34 12 10 27 4 5 4 4 15 4 10 4 28 4 53 4 115 40 4 52 4 27 4 10 5 8 75 35 8 11 50 4 5 4 58 27 16 58 16 69 6 4 12 4 30 4 49 4 39 5 4 17 4 59 4 75 16 8 46 8 119 5 4 5 4 60 4 14 4 14 5 8 118 50 4 40 4 6 4 23 4 37 11 8 5 30 4 5 5 8 101 40 8 94 53 8 0 10 4 16 4 5 4 0 22 4 5 4 61 18 4 29 4 56 4 0 53 4 50 4 76 48 4 5 4 27 4 74 56 4 14 4 27 14 4 51 4 34 43 16 10 16 0 59 17 59 4 5 4 70 46 4 14 4 33 4 84 39 4 26 4 52 49 16 10 16 7 6 36 27 4 59 4 73 6 16 59 16 118 21 4 52 4 18 4 100 9 4 15 4 7 52 4 25 4 59 4 65 27 4 39 4 9 50 5 4 17 59 47 46 4 16 35 7 4 104 44 16 9 16 57 26 4 41 4 18 4 103 58 19 8 4 14 38 18 4 54 43 4 7 4 17 4 105 17 16 10 16 15 11 4 5 4 119 56 4 58 4 43 4 90 48 4 41 6 9 4 54 44 4 27 4 9 4 8 4 108 12 4 48 4 17 4 25 4 0 53 4 17 4 6 5 60 4 91 17 4 6 4 39 4 21 59 4 40 10 16 4 8 20 4 32 22 24 4 40 52 4 58 4 0 8 19 5 4 5 53 59 4 110 43 4 53 4 0 40 4 8 4 8 4 26 4 14 51 4 36 4 52 4 24 4 62 17 4 8 4 48 5 59 47 4 35 4 32 43 4 8 4 18 4 15 4 32 28 4 5 4 30 4 83 60 4 52 4 59 4 77 59 4 5 4 24 4 43 4 63 6 4 14 4 24 4 60 4 
iteration 111 best: 0.919157 time: 43941
65 31 8 0 44 8 41 13 8 25 18 4 44 4 60 17 4 31 4 0 45 8 97 36 4 11 4 55 26 12 77 5 8 104 19 8 96 30 8 47 34 12 10 27 4 5 4 4 15 4 10 4 28 4 53 4 115 40 4 52 4 27 4 10 5 8 75 35 8 11 50 4 5 4 58 27 16 58 16 69 6 4 12 4 30 4 49 4 39 5 4 17 4 59 4 75 16 8 46 8 119 5 4 5 4 60 4 14 4 14 5 8 118 50 4 40 4 6 4 23 4 37 11 8 5 30 4 5 5 8 101 40 8 94 53 8 0 10 4 16 4 5 4 0 22 4 5 4 61 18 4 29 4 56 4 0 53 4 50 4 76 48 4 5 4 27 4 74 56 4 14 4 27 14 4 51 4 34 43 16 10 16 0 59 17 59 4 5 4 70 46 4 14 4 33 4 84 39 4 26 4 52 49 16 10 16 7 6 36 27 4 59 4 73 6 16 59 16 118 21 4 52 4 18 4 100 9 4 15 4 7 52 4 25 4 59 4 65 27 4 39 4 9 50 5 4 17 59 47 46 4 16 35 7 4 104 44 16 9 16 57 26 4 41 4 18 4 103 58 19 8 4 14 38 18 4 54 43 4 7 4 17 4 105 17 16 10 16 15 11 4 5 4 119 56 4 58 4 43 4 90 48 4 41 6 9 4 54 44 4 27 4 9 4 8 4 108 12 4 48 4 17 4 25 4 0 53 4 17 4 6 5 60 4 91 17 4 6 4 39 4 21 59 4 40 10 16 4 8 20 4 32 22 24 4 40 52 4 58 4 0 8 19 5 4 5 53 59 4 110 43 4 53 4 0 40 4 8 4 8 4 26 4 14 51 4 36 4 52 4 24 4 62 17 4 8 4 48 5 59 47 4 35 4 32 43 4 8 4 18 4 15 4 32 28 4 5 4 30 4 83 60 4 52 4 59 4 77 59 4 5 4 24 4 43 4 63 6 4 14 4 24 4 60 4 
iteration 130 best: 0.919157 time: 51227
65 31 8 0 44 8 41 13 8 25 18 4 44 4 60 17 4 31 4 0 45 8 97 36 4 11 4 55 26 12 77 5 8 104 19 8 96 30 8 47 34 12 10 27 4 5 4 4 15 4 10 4 28 4 53 4 115 40 4 52 4 27 4 10 5 8 75 35 8 11 50 4 5 4 58 27 16 58 16 69 6 4 12 4 30 4 49 4 39 5 4 17 4 59 4 75 16 8 46 8 119 5 4 5 4 60 4 14 4 14 5 8 118 50 4 40 4 6 4 23 4 37 11 8 5 30 4 5 5 8 101 40 8 94 53 8 0 10 4 16 4 5 4 0 22 4 5 4 61 18 4 29 4 56 4 0 53 4 50 4 76 48 4 5 4 27 4 74 56 4 14 4 27 14 4 51 4 34 43 16 10 16 0 59 17 59 4 5 4 70 46 4 14 4 33 4 84 39 4 26 4 52 49 16 10 16 7 6 36 27 4 59 4 73 6 16 59 16 118 21 4 52 4 18 4 100 9 4 15 4 7 52 4 25 4 59 4 65 27 4 39 4 9 50 5 4 17 59 47 46 4 16 35 7 4 104 44 16 9 16 57 26 4 41 4 18 4 103 58 19 8 4 14 38 18 4 54 43 4 7 4 17 4 105 17 16 10 16 15 11 4 5 4 119 56 4 58 4 43 4 90 48 4 41 6 9 4 54 44 4 27 4 9 4 8 4 108 12 4 48 4 17 4 25 4 0 53 4 17 4 6 5 60 4 91 17 4 6 4 39 4 21 59 4 40 10 16 4 8 20 4 32 22 24 4 40 52 4 58 4 0 8 19 5 4 5 53 59 4 110 43 4 53 4 0 40 4 8 4 8 4 26 4 14 51 4 36 4 52 4 24 4 62 17 4 8 4 48 5 59 47 4 35 4 32 43 4 8 4 18 4 15 4 32 28 4 5 4 30 4 83 60 4 52 4 59 4 77 59 4 5 4 24 4 43 4 63 6 4 14 4 24 4 60 4 
iteration 149 best: 0.919157 time: 58519
65 31 8 0 44 8 41 13 8 25 18 4 44 4 60 17 4 31 4 0 45 8 97 36 4 11 4 55 26 12 77 5 8 104 19 8 96 30 8 47 34 12 10 27 4 5 4 4 15 4 10 4 28 4 53 4 115 40 4 52 4 27 4 10 5 8 75 35 8 11 50 4 5 4 58 27 16 58 16 69 6 4 12 4 30 4 49 4 39 5 4 17 4 59 4 75 16 8 46 8 119 5 4 5 4 60 4 14 4 14 5 8 118 50 4 40 4 6 4 23 4 37 11 8 5 30 4 5 5 8 101 40 8 94 53 8 0 10 4 16 4 5 4 0 22 4 5 4 61 18 4 29 4 56 4 0 53 4 50 4 76 48 4 5 4 27 4 74 56 4 14 4 27 14 4 51 4 34 43 16 10 16 0 59 17 59 4 5 4 70 46 4 14 4 33 4 84 39 4 26 4 52 49 16 10 16 7 6 36 27 4 59 4 73 6 16 59 16 118 21 4 52 4 18 4 100 9 4 15 4 7 52 4 25 4 59 4 65 27 4 39 4 9 50 5 4 17 59 47 46 4 16 35 7 4 104 44 16 9 16 57 26 4 41 4 18 4 103 58 19 8 4 14 38 18 4 54 43 4 7 4 17 4 105 17 16 10 16 15 11 4 5 4 119 56 4 58 4 43 4 90 48 4 41 6 9 4 54 44 4 27 4 9 4 8 4 108 12 4 48 4 17 4 25 4 0 53 4 17 4 6 5 60 4 91 17 4 6 4 39 4 21 59 4 40 10 16 4 8 20 4 32 22 24 4 40 52 4 58 4 0 8 19 5 4 5 53 59 4 110 43 4 53 4 0 40 4 8 4 8 4 26 4 14 51 4 36 4 52 4 24 4 62 17 4 8 4 48 5 59 47 4 35 4 32 43 4 8 4 18 4 15 4 32 28 4 5 4 30 4 83 60 4 52 4 59 4 77 59 4 5 4 24 4 43 4 63 6 4 14 4 24 4 60 4 
iteration 168 best: 0.919157 time: 65770
65 31 8 0 44 8 41 13 8 25 18 4 44 4 60 17 4 31 4 0 45 8 97 36 4 11 4 55 26 12 77 5 8 104 19 8 96 30 8 47 34 12 10 27 4 5 4 4 15 4 10 4 28 4 53 4 115 40 4 52 4 27 4 10 5 8 75 35 8 11 50 4 5 4 58 27 16 58 16 69 6 4 12 4 30 4 49 4 39 5 4 17 4 59 4 75 16 8 46 8 119 5 4 5 4 60 4 14 4 14 5 8 118 50 4 40 4 6 4 23 4 37 11 8 5 30 4 5 5 8 101 40 8 94 53 8 0 10 4 16 4 5 4 0 22 4 5 4 61 18 4 29 4 56 4 0 53 4 50 4 76 48 4 5 4 27 4 74 56 4 14 4 27 14 4 51 4 34 43 16 10 16 0 59 17 59 4 5 4 70 46 4 14 4 33 4 84 39 4 26 4 52 49 16 10 16 7 6 36 27 4 59 4 73 6 16 59 16 118 21 4 52 4 18 4 100 9 4 15 4 7 52 4 25 4 59 4 65 27 4 39 4 9 50 5 4 17 59 47 46 4 16 35 7 4 104 44 16 9 16 57 26 4 41 4 18 4 103 58 19 8 4 14 38 18 4 54 43 4 7 4 17 4 105 17 16 10 16 15 11 4 5 4 119 56 4 58 4 43 4 90 48 4 41 6 9 4 54 44 4 27 4 9 4 8 4 108 12 4 48 4 17 4 25 4 0 53 4 17 4 6 5 60 4 91 17 4 6 4 39 4 21 59 4 40 10 16 4 8 20 4 32 22 24 4 40 52 4 58 4 0 8 19 5 4 5 53 59 4 110 43 4 53 4 0 40 4 8 4 8 4 26 4 14 51 4 36 4 52 4 24 4 62 17 4 8 4 48 5 59 47 4 35 4 32 43 4 8 4 18 4 15 4 32 28 4 5 4 30 4 83 60 4 52 4 59 4 77 59 4 5 4 24 4 43 4 63 6 4 14 4 24 4 60 4 
iteration 187 best: 0.919157 time: 73056
65 31 8 0 44 8 41 13 8 25 18 4 44 4 60 17 4 31 4 0 45 8 97 36 4 11 4 55 26 12 77 5 8 104 19 8 96 30 8 47 34 12 10 27 4 5 4 4 15 4 10 4 28 4 53 4 115 40 4 52 4 27 4 10 5 8 75 35 8 11 50 4 5 4 58 27 16 58 16 69 6 4 12 4 30 4 49 4 39 5 4 17 4 59 4 75 16 8 46 8 119 5 4 5 4 60 4 14 4 14 5 8 118 50 4 40 4 6 4 23 4 37 11 8 5 30 4 5 5 8 101 40 8 94 53 8 0 10 4 16 4 5 4 0 22 4 5 4 61 18 4 29 4 56 4 0 53 4 50 4 76 48 4 5 4 27 4 74 56 4 14 4 27 14 4 51 4 34 43 16 10 16 0 59 17 59 4 5 4 70 46 4 14 4 33 4 84 39 4 26 4 52 49 16 10 16 7 6 36 27 4 59 4 73 6 16 59 16 118 21 4 52 4 18 4 100 9 4 15 4 7 52 4 25 4 59 4 65 27 4 39 4 9 50 5 4 17 59 47 46 4 16 35 7 4 104 44 16 9 16 57 26 4 41 4 18 4 103 58 19 8 4 14 38 18 4 54 43 4 7 4 17 4 105 17 16 10 16 15 11 4 5 4 119 56 4 58 4 43 4 90 48 4 41 6 9 4 54 44 4 27 4 9 4 8 4 108 12 4 48 4 17 4 25 4 0 53 4 17 4 6 5 60 4 91 17 4 6 4 39 4 21 59 4 40 10 16 4 8 20 4 32 22 24 4 40 52 4 58 4 0 8 19 5 4 5 53 59 4 110 43 4 53 4 0 40 4 8 4 8 4 26 4 14 51 4 36 4 52 4 24 4 62 17 4 8 4 48 5 59 47 4 35 4 32 43 4 8 4 18 4 15 4 32 28 4 5 4 30 4 83 60 4 52 4 59 4 77 59 4 5 4 24 4 43 4 63 6 4 14 4 24 4 60 4 
iteration 206 best: 0.919157 time: 80347
65 31 8 0 44 8 41 13 8 25 18 4 44 4 60 17 4 31 4 0 45 8 97 36 4 11 4 55 26 12 77 5 8 104 19 8 96 30 8 47 34 12 10 27 4 5 4 4 15 4 10 4 28 4 53 4 115 40 4 52 4 27 4 10 5 8 75 35 8 11 50 4 5 4 58 27 16 58 16 69 6 4 12 4 30 4 49 4 39 5 4 17 4 59 4 75 16 8 46 8 119 5 4 5 4 60 4 14 4 14 5 8 118 50 4 40 4 6 4 23 4 37 11 8 5 30 4 5 5 8 101 40 8 94 53 8 0 10 4 16 4 5 4 0 22 4 5 4 61 18 4 29 4 56 4 0 53 4 50 4 76 48 4 5 4 27 4 74 56 4 14 4 27 14 4 51 4 34 43 16 10 16 0 59 17 59 4 5 4 70 46 4 14 4 33 4 84 39 4 26 4 52 49 16 10 16 7 6 36 27 4 59 4 73 6 16 59 16 118 21 4 52 4 18 4 100 9 4 15 4 7 52 4 25 4 59 4 65 27 4 39 4 9 50 5 4 17 59 47 46 4 16 35 7 4 104 44 16 9 16 57 26 4 41 4 18 4 103 58 19 8 4 14 38 18 4 54 43 4 7 4 17 4 105 17 16 10 16 15 11 4 5 4 119 56 4 58 4 43 4 90 48 4 41 6 9 4 54 44 4 27 4 9 4 8 4 108 12 4 48 4 17 4 25 4 0 53 4 17 4 6 5 60 4 91 17 4 6 4 39 4 21 59 4 40 10 16 4 8 20 4 32 22 24 4 40 52 4 58 4 0 8 19 5 4 5 53 59 4 110 43 4 53 4 0 40 4 8 4 8 4 26 4 14 51 4 36 4 52 4 24 4 62 17 4 8 4 48 5 59 47 4 35 4 32 43 4 8 4 18 4 15 4 32 28 4 5 4 30 4 83 60 4 52 4 59 4 77 59 4 5 4 24 4 43 4 63 6 4 14 4 24 4 60 4 
iteration 225 best: 0.919157 time: 87660
65 31 8 0 44 8 41 13 8 25 18 4 44 4 60 17 4 31 4 0 45 8 97 36 4 11 4 55 26 12 77 5 8 104 19 8 96 30 8 47 34 12 10 27 4 5 4 4 15 4 10 4 28 4 53 4 115 40 4 52 4 27 4 10 5 8 75 35 8 11 50 4 5 4 58 27 16 58 16 69 6 4 12 4 30 4 49 4 39 5 4 17 4 59 4 75 16 8 46 8 119 5 4 5 4 60 4 14 4 14 5 8 118 50 4 40 4 6 4 23 4 37 11 8 5 30 4 5 5 8 101 40 8 94 53 8 0 10 4 16 4 5 4 0 22 4 5 4 61 18 4 29 4 56 4 0 53 4 50 4 76 48 4 5 4 27 4 74 56 4 14 4 27 14 4 51 4 34 43 16 10 16 0 59 17 59 4 5 4 70 46 4 14 4 33 4 84 39 4 26 4 52 49 16 10 16 7 6 36 27 4 59 4 73 6 16 59 16 118 21 4 52 4 18 4 100 9 4 15 4 7 52 4 25 4 59 4 65 27 4 39 4 9 50 5 4 17 59 47 46 4 16 35 7 4 104 44 16 9 16 57 26 4 41 4 18 4 103 58 19 8 4 14 38 18 4 54 43 4 7 4 17 4 105 17 16 10 16 15 11 4 5 4 119 56 4 58 4 43 4 90 48 4 41 6 9 4 54 44 4 27 4 9 4 8 4 108 12 4 48 4 17 4 25 4 0 53 4 17 4 6 5 60 4 91 17 4 6 4 39 4 21 59 4 40 10 16 4 8 20 4 32 22 24 4 40 52 4 58 4 0 8 19 5 4 5 53 59 4 110 43 4 53 4 0 40 4 8 4 8 4 26 4 14 51 4 36 4 52 4 24 4 62 17 4 8 4 48 5 59 47 4 35 4 32 43 4 8 4 18 4 15 4 32 28 4 5 4 30 4 83 60 4 52 4 59 4 77 59 4 5 4 24 4 43 4 63 6 4 14 4 24 4 60 4 
iteration 244 best: 0.919157 time: 94914
65 31 8 0 44 8 41 13 8 25 18 4 44 4 60 17 4 31 4 0 45 8 97 36 4 11 4 55 26 12 77 5 8 104 19 8 96 30 8 47 34 12 10 27 4 5 4 4 15 4 10 4 28 4 53 4 115 40 4 52 4 27 4 10 5 8 75 35 8 11 50 4 5 4 58 27 16 58 16 69 6 4 12 4 30 4 49 4 39 5 4 17 4 59 4 75 16 8 46 8 119 5 4 5 4 60 4 14 4 14 5 8 118 50 4 40 4 6 4 23 4 37 11 8 5 30 4 5 5 8 101 40 8 94 53 8 0 10 4 16 4 5 4 0 22 4 5 4 61 18 4 29 4 56 4 0 53 4 50 4 76 48 4 5 4 27 4 74 56 4 14 4 27 14 4 51 4 34 43 16 10 16 0 59 17 59 4 5 4 70 46 4 14 4 33 4 84 39 4 26 4 52 49 16 10 16 7 6 36 27 4 59 4 73 6 16 59 16 118 21 4 52 4 18 4 100 9 4 15 4 7 52 4 25 4 59 4 65 27 4 39 4 9 50 5 4 17 59 47 46 4 16 35 7 4 104 44 16 9 16 57 26 4 41 4 18 4 103 58 19 8 4 14 38 18 4 54 43 4 7 4 17 4 105 17 16 10 16 15 11 4 5 4 119 56 4 58 4 43 4 90 48 4 41 6 9 4 54 44 4 27 4 9 4 8 4 108 12 4 48 4 17 4 25 4 0 53 4 17 4 6 5 60 4 91 17 4 6 4 39 4 21 59 4 40 10 16 4 8 20 4 32 22 24 4 40 52 4 58 4 0 8 19 5 4 5 53 59 4 110 43 4 53 4 0 40 4 8 4 8 4 26 4 14 51 4 36 4 52 4 24 4 62 17 4 8 4 48 5 59 47 4 35 4 32 43 4 8 4 18 4 15 4 32 28 4 5 4 30 4 83 60 4 52 4 59 4 77 59 4 5 4 24 4 43 4 63 6 4 14 4 24 4 60 4 
iteration 263 best: 0.919157 time: 102220
65 31 8 0 44 8 41 13 8 25 18 4 44 4 60 17 4 31 4 0 45 8 97 36 4 11 4 55 26 12 77 5 8 104 19 8 96 30 8 47 34 12 10 27 4 5 4 4 15 4 10 4 28 4 53 4 115 40 4 52 4 27 4 10 5 8 75 35 8 11 50 4 5 4 58 27 16 58 16 69 6 4 12 4 30 4 49 4 39 5 4 17 4 59 4 75 16 8 46 8 119 5 4 5 4 60 4 14 4 14 5 8 118 50 4 40 4 6 4 23 4 37 11 8 5 30 4 5 5 8 101 40 8 94 53 8 0 10 4 16 4 5 4 0 22 4 5 4 61 18 4 29 4 56 4 0 53 4 50 4 76 48 4 5 4 27 4 74 56 4 14 4 27 14 4 51 4 34 43 16 10 16 0 59 17 59 4 5 4 70 46 4 14 4 33 4 84 39 4 26 4 52 49 16 10 16 7 6 36 27 4 59 4 73 6 16 59 16 118 21 4 52 4 18 4 100 9 4 15 4 7 52 4 25 4 59 4 65 27 4 39 4 9 50 5 4 17 59 47 46 4 16 35 7 4 104 44 16 9 16 57 26 4 41 4 18 4 103 58 19 8 4 14 38 18 4 54 43 4 7 4 17 4 105 17 16 10 16 15 11 4 5 4 119 56 4 58 4 43 4 90 48 4 41 6 9 4 54 44 4 27 4 9 4 8 4 108 12 4 48 4 17 4 25 4 0 53 4 17 4 6 5 60 4 91 17 4 6 4 39 4 21 59 4 40 10 16 4 8 20 4 32 22 24 4 40 52 4 58 4 0 8 19 5 4 5 53 59 4 110 43 4 53 4 0 40 4 8 4 8 4 26 4 14 51 4 36 4 52 4 24 4 62 17 4 8 4 48 5 59 47 4 35 4 32 43 4 8 4 18 4 15 4 32 28 4 5 4 30 4 83 60 4 52 4 59 4 77 59 4 5 4 24 4 43 4 63 6 4 14 4 24 4 60 4 
iteration 282 best: 0.919157 time: 109520
65 31 8 0 44 8 41 13 8 25 18 4 44 4 60 17 4 31 4 0 45 8 97 36 4 11 4 55 26 12 77 5 8 104 19 8 96 30 8 47 34 12 10 27 4 5 4 4 15 4 10 4 28 4 53 4 115 40 4 52 4 27 4 10 5 8 75 35 8 11 50 4 5 4 58 27 16 58 16 69 6 4 12 4 30 4 49 4 39 5 4 17 4 59 4 75 16 8 46 8 119 5 4 5 4 60 4 14 4 14 5 8 118 50 4 40 4 6 4 23 4 37 11 8 5 30 4 5 5 8 101 40 8 94 53 8 0 10 4 16 4 5 4 0 22 4 5 4 61 18 4 29 4 56 4 0 53 4 50 4 76 48 4 5 4 27 4 74 56 4 14 4 27 14 4 51 4 34 43 16 10 16 0 59 17 59 4 5 4 70 46 4 14 4 33 4 84 39 4 26 4 52 49 16 10 16 7 6 36 27 4 59 4 73 6 16 59 16 118 21 4 52 4 18 4 100 9 4 15 4 7 52 4 25 4 59 4 65 27 4 39 4 9 50 5 4 17 59 47 46 4 16 35 7 4 104 44 16 9 16 57 26 4 41 4 18 4 103 58 19 8 4 14 38 18 4 54 43 4 7 4 17 4 105 17 16 10 16 15 11 4 5 4 119 56 4 58 4 43 4 90 48 4 41 6 9 4 54 44 4 27 4 9 4 8 4 108 12 4 48 4 17 4 25 4 0 53 4 17 4 6 5 60 4 91 17 4 6 4 39 4 21 59 4 40 10 16 4 8 20 4 32 22 24 4 40 52 4 58 4 0 8 19 5 4 5 53 59 4 110 43 4 53 4 0 40 4 8 4 8 4 26 4 14 51 4 36 4 52 4 24 4 62 17 4 8 4 48 5 59 47 4 35 4 32 43 4 8 4 18 4 15 4 32 28 4 5 4 30 4 83 60 4 52 4 59 4 77 59 4 5 4 24 4 43 4 63 6 4 14 4 24 4 60 4 
iteration 301 best: 0.919157 time: 116792
65 31 8 0 44 8 41 13 8 25 18 4 44 4 60 17 4 31 4 0 45 8 97 36 4 11 4 55 26 12 77 5 8 104 19 8 96 30 8 47 34 12 10 27 4 5 4 4 15 4 10 4 28 4 53 4 115 40 4 52 4 27 4 10 5 8 75 35 8 11 50 4 5 4 58 27 16 58 16 69 6 4 12 4 30 4 49 4 39 5 4 17 4 59 4 75 16 8 46 8 119 5 4 5 4 60 4 14 4 14 5 8 118 50 4 40 4 6 4 23 4 37 11 8 5 30 4 5 5 8 101 40 8 94 53 8 0 10 4 16 4 5 4 0 22 4 5 4 61 18 4 29 4 56 4 0 53 4 50 4 76 48 4 5 4 27 4 74 56 4 14 4 27 14 4 51 4 34 43 16 10 16 0 59 17 59 4 5 4 70 46 4 14 4 33 4 84 39 4 26 4 52 49 16 10 16 7 6 36 27 4 59 4 73 6 16 59 16 118 21 4 52 4 18 4 100 9 4 15 4 7 52 4 25 4 59 4 65 27 4 39 4 9 50 5 4 17 59 47 46 4 16 35 7 4 104 44 16 9 16 57 26 4 41 4 18 4 103 58 19 8 4 14 38 18 4 54 43 4 7 4 17 4 105 17 16 10 16 15 11 4 5 4 119 56 4 58 4 43 4 90 48 4 41 6 9 4 54 44 4 27 4 9 4 8 4 108 12 4 48 4 17 4 25 4 0 53 4 17 4 6 5 60 4 91 17 4 6 4 39 4 21 59 4 40 10 16 4 8 20 4 32 22 24 4 40 52 4 58 4 0 8 19 5 4 5 53 59 4 110 43 4 53 4 0 40 4 8 4 8 4 26 4 14 51 4 36 4 52 4 24 4 62 17 4 8 4 48 5 59 47 4 35 4 32 43 4 8 4 18 4 15 4 32 28 4 5 4 30 4 83 60 4 52 4 59 4 77 59 4 5 4 24 4 43 4 63 6 4 14 4 24 4 60 4 
iteration 320 best: 0.919157 time: 124070
65 31 8 0 44 8 41 13 8 25 18 4 44 4 60 17 4 31 4 0 45 8 97 36 4 11 4 55 26 12 77 5 8 104 19 8 96 30 8 47 34 12 10 27 4 5 4 4 15 4 10 4 28 4 53 4 115 40 4 52 4 27 4 10 5 8 75 35 8 11 50 4 5 4 58 27 16 58 16 69 6 4 12 4 30 4 49 4 39 5 4 17 4 59 4 75 16 8 46 8 119 5 4 5 4 60 4 14 4 14 5 8 118 50 4 40 4 6 4 23 4 37 11 8 5 30 4 5 5 8 101 40 8 94 53 8 0 10 4 16 4 5 4 0 22 4 5 4 61 18 4 29 4 56 4 0 53 4 50 4 76 48 4 5 4 27 4 74 56 4 14 4 27 14 4 51 4 34 43 16 10 16 0 59 17 59 4 5 4 70 46 4 14 4 33 4 84 39 4 26 4 52 49 16 10 16 7 6 36 27 4 59 4 73 6 16 59 16 118 21 4 52 4 18 4 100 9 4 15 4 7 52 4 25 4 59 4 65 27 4 39 4 9 50 5 4 17 59 47 46 4 16 35 7 4 104 44 16 9 16 57 26 4 41 4 18 4 103 58 19 8 4 14 38 18 4 54 43 4 7 4 17 4 105 17 16 10 16 15 11 4 5 4 119 56 4 58 4 43 4 90 48 4 41 6 9 4 54 44 4 27 4 9 4 8 4 108 12 4 48 4 17 4 25 4 0 53 4 17 4 6 5 60 4 91 17 4 6 4 39 4 21 59 4 40 10 16 4 8 20 4 32 22 24 4 40 52 4 58 4 0 8 19 5 4 5 53 59 4 110 43 4 53 4 0 40 4 8 4 8 4 26 4 14 51 4 36 4 52 4 24 4 62 17 4 8 4 48 5 59 47 4 35 4 32 43 4 8 4 18 4 15 4 32 28 4 5 4 30 4 83 60 4 52 4 59 4 77 59 4 5 4 24 4 43 4 63 6 4 14 4 24 4 60 4 
iteration 339 best: 0.919157 time: 131356
65 31 8 0 44 8 41 13 8 25 18 4 44 4 60 17 4 31 4 0 45 8 97 36 4 11 4 55 26 12 77 5 8 104 19 8 96 30 8 47 34 12 10 27 4 5 4 4 15 4 10 4 28 4 53 4 115 40 4 52 4 27 4 10 5 8 75 35 8 11 50 4 5 4 58 27 16 58 16 69 6 4 12 4 30 4 49 4 39 5 4 17 4 59 4 75 16 8 46 8 119 5 4 5 4 60 4 14 4 14 5 8 118 50 4 40 4 6 4 23 4 37 11 8 5 30 4 5 5 8 101 40 8 94 53 8 0 10 4 16 4 5 4 0 22 4 5 4 61 18 4 29 4 56 4 0 53 4 50 4 76 48 4 5 4 27 4 74 56 4 14 4 27 14 4 51 4 34 43 16 10 16 0 59 17 59 4 5 4 70 46 4 14 4 33 4 84 39 4 26 4 52 49 16 10 16 7 6 36 27 4 59 4 73 6 16 59 16 118 21 4 52 4 18 4 100 9 4 15 4 7 52 4 25 4 59 4 65 27 4 39 4 9 50 5 4 17 59 47 46 4 16 35 7 4 104 44 16 9 16 57 26 4 41 4 18 4 103 58 19 8 4 14 38 18 4 54 43 4 7 4 17 4 105 17 16 10 16 15 11 4 5 4 119 56 4 58 4 43 4 90 48 4 41 6 9 4 54 44 4 27 4 9 4 8 4 108 12 4 48 4 17 4 25 4 0 53 4 17 4 6 5 60 4 91 17 4 6 4 39 4 21 59 4 40 10 16 4 8 20 4 32 22 24 4 40 52 4 58 4 0 8 19 5 4 5 53 59 4 110 43 4 53 4 0 40 4 8 4 8 4 26 4 14 51 4 36 4 52 4 24 4 62 17 4 8 4 48 5 59 47 4 35 4 32 43 4 8 4 18 4 15 4 32 28 4 5 4 30 4 83 60 4 52 4 59 4 77 59 4 5 4 24 4 43 4 63 6 4 14 4 24 4 60 4 
iteration 358 best: 0.919157 time: 138637
65 31 8 0 44 8 41 13 8 25 18 4 44 4 60 17 4 31 4 0 45 8 97 36 4 11 4 55 26 12 77 5 8 104 19 8 96 30 8 47 34 12 10 27 4 5 4 4 15 4 10 4 28 4 53 4 115 40 4 52 4 27 4 10 5 8 75 35 8 11 50 4 5 4 58 27 16 58 16 69 6 4 12 4 30 4 49 4 39 5 4 17 4 59 4 75 16 8 46 8 119 5 4 5 4 60 4 14 4 14 5 8 118 50 4 40 4 6 4 23 4 37 11 8 5 30 4 5 5 8 101 40 8 94 53 8 0 10 4 16 4 5 4 0 22 4 5 4 61 18 4 29 4 56 4 0 53 4 50 4 76 48 4 5 4 27 4 74 56 4 14 4 27 14 4 51 4 34 43 16 10 16 0 59 17 59 4 5 4 70 46 4 14 4 33 4 84 39 4 26 4 52 49 16 10 16 7 6 36 27 4 59 4 73 6 16 59 16 118 21 4 52 4 18 4 100 9 4 15 4 7 52 4 25 4 59 4 65 27 4 39 4 9 50 5 4 17 59 47 46 4 16 35 7 4 104 44 16 9 16 57 26 4 41 4 18 4 103 58 19 8 4 14 38 18 4 54 43 4 7 4 17 4 105 17 16 10 16 15 11 4 5 4 119 56 4 58 4 43 4 90 48 4 41 6 9 4 54 44 4 27 4 9 4 8 4 108 12 4 48 4 17 4 25 4 0 53 4 17 4 6 5 60 4 91 17 4 6 4 39 4 21 59 4 40 10 16 4 8 20 4 32 22 24 4 40 52 4 58 4 0 8 19 5 4 5 53 59 4 110 43 4 53 4 0 40 4 8 4 8 4 26 4 14 51 4 36 4 52 4 24 4 62 17 4 8 4 48 5 59 47 4 35 4 32 43 4 8 4 18 4 15 4 32 28 4 5 4 30 4 83 60 4 52 4 59 4 77 59 4 5 4 24 4 43 4 63 6 4 14 4 24 4 60 4 
iteration 377 best: 0.919157 time: 145941
65 31 8 0 44 8 41 13 8 25 18 4 44 4 60 17 4 31 4 0 45 8 97 36 4 11 4 55 26 12 77 5 8 104 19 8 96 30 8 47 34 12 10 27 4 5 4 4 15 4 10 4 28 4 53 4 115 40 4 52 4 27 4 10 5 8 75 35 8 11 50 4 5 4 58 27 16 58 16 69 6 4 12 4 30 4 49 4 39 5 4 17 4 59 4 75 16 8 46 8 119 5 4 5 4 60 4 14 4 14 5 8 118 50 4 40 4 6 4 23 4 37 11 8 5 30 4 5 5 8 101 40 8 94 53 8 0 10 4 16 4 5 4 0 22 4 5 4 61 18 4 29 4 56 4 0 53 4 50 4 76 48 4 5 4 27 4 74 56 4 14 4 27 14 4 51 4 34 43 16 10 16 0 59 17 59 4 5 4 70 46 4 14 4 33 4 84 39 4 26 4 52 49 16 10 16 7 6 36 27 4 59 4 73 6 16 59 16 118 21 4 52 4 18 4 100 9 4 15 4 7 52 4 25 4 59 4 65 27 4 39 4 9 50 5 4 17 59 47 46 4 16 35 7 4 104 44 16 9 16 57 26 4 41 4 18 4 103 58 19 8 4 14 38 18 4 54 43 4 7 4 17 4 105 17 16 10 16 15 11 4 5 4 119 56 4 58 4 43 4 90 48 4 41 6 9 4 54 44 4 27 4 9 4 8 4 108 12 4 48 4 17 4 25 4 0 53 4 17 4 6 5 60 4 91 17 4 6 4 39 4 21 59 4 40 10 16 4 8 20 4 32 22 24 4 40 52 4 58 4 0 8 19 5 4 5 53 59 4 110 43 4 53 4 0 40 4 8 4 8 4 26 4 14 51 4 36 4 52 4 24 4 62 17 4 8 4 48 5 59 47 4 35 4 32 43 4 8 4 18 4 15 4 32 28 4 5 4 30 4 83 60 4 52 4 59 4 77 59 4 5 4 24 4 43 4 63 6 4 14 4 24 4 60 4 
iteration 396 best: 0.919157 time: 153225
65 31 8 0 44 8 41 13 8 25 18 4 44 4 60 17 4 31 4 0 45 8 97 36 4 11 4 55 26 12 77 5 8 104 19 8 96 30 8 47 34 12 10 27 4 5 4 4 15 4 10 4 28 4 53 4 115 40 4 52 4 27 4 10 5 8 75 35 8 11 50 4 5 4 58 27 16 58 16 69 6 4 12 4 30 4 49 4 39 5 4 17 4 59 4 75 16 8 46 8 119 5 4 5 4 60 4 14 4 14 5 8 118 50 4 40 4 6 4 23 4 37 11 8 5 30 4 5 5 8 101 40 8 94 53 8 0 10 4 16 4 5 4 0 22 4 5 4 61 18 4 29 4 56 4 0 53 4 50 4 76 48 4 5 4 27 4 74 56 4 14 4 27 14 4 51 4 34 43 16 10 16 0 59 17 59 4 5 4 70 46 4 14 4 33 4 84 39 4 26 4 52 49 16 10 16 7 6 36 27 4 59 4 73 6 16 59 16 118 21 4 52 4 18 4 100 9 4 15 4 7 52 4 25 4 59 4 65 27 4 39 4 9 50 5 4 17 59 47 46 4 16 35 7 4 104 44 16 9 16 57 26 4 41 4 18 4 103 58 19 8 4 14 38 18 4 54 43 4 7 4 17 4 105 17 16 10 16 15 11 4 5 4 119 56 4 58 4 43 4 90 48 4 41 6 9 4 54 44 4 27 4 9 4 8 4 108 12 4 48 4 17 4 25 4 0 53 4 17 4 6 5 60 4 91 17 4 6 4 39 4 21 59 4 40 10 16 4 8 20 4 32 22 24 4 40 52 4 58 4 0 8 19 5 4 5 53 59 4 110 43 4 53 4 0 40 4 8 4 8 4 26 4 14 51 4 36 4 52 4 24 4 62 17 4 8 4 48 5 59 47 4 35 4 32 43 4 8 4 18 4 15 4 32 28 4 5 4 30 4 83 60 4 52 4 59 4 77 59 4 5 4 24 4 43 4 63 6 4 14 4 24 4 60 4 
iteration 415 best: 0.919157 time: 160503
65 31 8 0 44 8 41 13 8 25 18 4 44 4 60 17 4 31 4 0 45 8 97 36 4 11 4 55 26 12 77 5 8 104 19 8 96 30 8 47 34 12 10 27 4 5 4 4 15 4 10 4 28 4 53 4 115 40 4 52 4 27 4 10 5 8 75 35 8 11 50 4 5 4 58 27 16 58 16 69 6 4 12 4 30 4 49 4 39 5 4 17 4 59 4 75 16 8 46 8 119 5 4 5 4 60 4 14 4 14 5 8 118 50 4 40 4 6 4 23 4 37 11 8 5 30 4 5 5 8 101 40 8 94 53 8 0 10 4 16 4 5 4 0 22 4 5 4 61 18 4 29 4 56 4 0 53 4 50 4 76 48 4 5 4 27 4 74 56 4 14 4 27 14 4 51 4 34 43 16 10 16 0 59 17 59 4 5 4 70 46 4 14 4 33 4 84 39 4 26 4 52 49 16 10 16 7 6 36 27 4 59 4 73 6 16 59 16 118 21 4 52 4 18 4 100 9 4 15 4 7 52 4 25 4 59 4 65 27 4 39 4 9 50 5 4 17 59 47 46 4 16 35 7 4 104 44 16 9 16 57 26 4 41 4 18 4 103 58 19 8 4 14 38 18 4 54 43 4 7 4 17 4 105 17 16 10 16 15 11 4 5 4 119 56 4 58 4 43 4 90 48 4 41 6 9 4 54 44 4 27 4 9 4 8 4 108 12 4 48 4 17 4 25 4 0 53 4 17 4 6 5 60 4 91 17 4 6 4 39 4 21 59 4 40 10 16 4 8 20 4 32 22 24 4 40 52 4 58 4 0 8 19 5 4 5 53 59 4 110 43 4 53 4 0 40 4 8 4 8 4 26 4 14 51 4 36 4 52 4 24 4 62 17 4 8 4 48 5 59 47 4 35 4 32 43 4 8 4 18 4 15 4 32 28 4 5 4 30 4 83 60 4 52 4 59 4 77 59 4 5 4 24 4 43 4 63 6 4 14 4 24 4 60 4 
iteration 434 best: 0.919157 time: 167779
65 31 8 0 44 8 41 13 8 25 18 4 44 4 60 17 4 31 4 0 45 8 97 36 4 11 4 55 26 12 77 5 8 104 19 8 96 30 8 47 34 12 10 27 4 5 4 4 15 4 10 4 28 4 53 4 115 40 4 52 4 27 4 10 5 8 75 35 8 11 50 4 5 4 58 27 16 58 16 69 6 4 12 4 30 4 49 4 39 5 4 17 4 59 4 75 16 8 46 8 119 5 4 5 4 60 4 14 4 14 5 8 118 50 4 40 4 6 4 23 4 37 11 8 5 30 4 5 5 8 101 40 8 94 53 8 0 10 4 16 4 5 4 0 22 4 5 4 61 18 4 29 4 56 4 0 53 4 50 4 76 48 4 5 4 27 4 74 56 4 14 4 27 14 4 51 4 34 43 16 10 16 0 59 17 59 4 5 4 70 46 4 14 4 33 4 84 39 4 26 4 52 49 16 10 16 7 6 36 27 4 59 4 73 6 16 59 16 118 21 4 52 4 18 4 100 9 4 15 4 7 52 4 25 4 59 4 65 27 4 39 4 9 50 5 4 17 59 47 46 4 16 35 7 4 104 44 16 9 16 57 26 4 41 4 18 4 103 58 19 8 4 14 38 18 4 54 43 4 7 4 17 4 105 17 16 10 16 15 11 4 5 4 119 56 4 58 4 43 4 90 48 4 41 6 9 4 54 44 4 27 4 9 4 8 4 108 12 4 48 4 17 4 25 4 0 53 4 17 4 6 5 60 4 91 17 4 6 4 39 4 21 59 4 40 10 16 4 8 20 4 32 22 24 4 40 52 4 58 4 0 8 19 5 4 5 53 59 4 110 43 4 53 4 0 40 4 8 4 8 4 26 4 14 51 4 36 4 52 4 24 4 62 17 4 8 4 48 5 59 47 4 35 4 32 43 4 8 4 18 4 15 4 32 28 4 5 4 30 4 83 60 4 52 4 59 4 77 59 4 5 4 24 4 43 4 63 6 4 14 4 24 4 60 4 
iteration 453 best: 0.919157 time: 175051
65 31 8 0 44 8 41 13 8 25 18 4 44 4 60 17 4 31 4 0 45 8 97 36 4 11 4 55 26 12 77 5 8 104 19 8 96 30 8 47 34 12 10 27 4 5 4 4 15 4 10 4 28 4 53 4 115 40 4 52 4 27 4 10 5 8 75 35 8 11 50 4 5 4 58 27 16 58 16 69 6 4 12 4 30 4 49 4 39 5 4 17 4 59 4 75 16 8 46 8 119 5 4 5 4 60 4 14 4 14 5 8 118 50 4 40 4 6 4 23 4 37 11 8 5 30 4 5 5 8 101 40 8 94 53 8 0 10 4 16 4 5 4 0 22 4 5 4 61 18 4 29 4 56 4 0 53 4 50 4 76 48 4 5 4 27 4 74 56 4 14 4 27 14 4 51 4 34 43 16 10 16 0 59 17 59 4 5 4 70 46 4 14 4 33 4 84 39 4 26 4 52 49 16 10 16 7 6 36 27 4 59 4 73 6 16 59 16 118 21 4 52 4 18 4 100 9 4 15 4 7 52 4 25 4 59 4 65 27 4 39 4 9 50 5 4 17 59 47 46 4 16 35 7 4 104 44 16 9 16 57 26 4 41 4 18 4 103 58 19 8 4 14 38 18 4 54 43 4 7 4 17 4 105 17 16 10 16 15 11 4 5 4 119 56 4 58 4 43 4 90 48 4 41 6 9 4 54 44 4 27 4 9 4 8 4 108 12 4 48 4 17 4 25 4 0 53 4 17 4 6 5 60 4 91 17 4 6 4 39 4 21 59 4 40 10 16 4 8 20 4 32 22 24 4 40 52 4 58 4 0 8 19 5 4 5 53 59 4 110 43 4 53 4 0 40 4 8 4 8 4 26 4 14 51 4 36 4 52 4 24 4 62 17 4 8 4 48 5 59 47 4 35 4 32 43 4 8 4 18 4 15 4 32 28 4 5 4 30 4 83 60 4 52 4 59 4 77 59 4 5 4 24 4 43 4 63 6 4 14 4 24 4 60 4 
iteration 472 best: 0.919157 time: 182305
65 31 8 0 44 8 41 13 8 25 18 4 44 4 60 17 4 31 4 0 45 8 97 36 4 11 4 55 26 12 77 5 8 104 19 8 96 30 8 47 34 12 10 27 4 5 4 4 15 4 10 4 28 4 53 4 115 40 4 52 4 27 4 10 5 8 75 35 8 11 50 4 5 4 58 27 16 58 16 69 6 4 12 4 30 4 49 4 39 5 4 17 4 59 4 75 16 8 46 8 119 5 4 5 4 60 4 14 4 14 5 8 118 50 4 40 4 6 4 23 4 37 11 8 5 30 4 5 5 8 101 40 8 94 53 8 0 10 4 16 4 5 4 0 22 4 5 4 61 18 4 29 4 56 4 0 53 4 50 4 76 48 4 5 4 27 4 74 56 4 14 4 27 14 4 51 4 34 43 16 10 16 0 59 17 59 4 5 4 70 46 4 14 4 33 4 84 39 4 26 4 52 49 16 10 16 7 6 36 27 4 59 4 73 6 16 59 16 118 21 4 52 4 18 4 100 9 4 15 4 7 52 4 25 4 59 4 65 27 4 39 4 9 50 5 4 17 59 47 46 4 16 35 7 4 104 44 16 9 16 57 26 4 41 4 18 4 103 58 19 8 4 14 38 18 4 54 43 4 7 4 17 4 105 17 16 10 16 15 11 4 5 4 119 56 4 58 4 43 4 90 48 4 41 6 9 4 54 44 4 27 4 9 4 8 4 108 12 4 48 4 17 4 25 4 0 53 4 17 4 6 5 60 4 91 17 4 6 4 39 4 21 59 4 40 10 16 4 8 20 4 32 22 24 4 40 52 4 58 4 0 8 19 5 4 5 53 59 4 110 43 4 53 4 0 40 4 8 4 8 4 26 4 14 51 4 36 4 52 4 24 4 62 17 4 8 4 48 5 59 47 4 35 4 32 43 4 8 4 18 4 15 4 32 28 4 5 4 30 4 83 60 4 52 4 59 4 77 59 4 5 4 24 4 43 4 63 6 4 14 4 24 4 60 4 
iteration 491 best: 0.919157 time: 189557
65 31 8 0 44 8 41 13 8 25 18 4 44 4 60 17 4 31 4 0 45 8 97 36 4 11 4 55 26 12 77 5 8 104 19 8 96 30 8 47 34 12 10 27 4 5 4 4 15 4 10 4 28 4 53 4 115 40 4 52 4 27 4 10 5 8 75 35 8 11 50 4 5 4 58 27 16 58 16 69 6 4 12 4 30 4 49 4 39 5 4 17 4 59 4 75 16 8 46 8 119 5 4 5 4 60 4 14 4 14 5 8 118 50 4 40 4 6 4 23 4 37 11 8 5 30 4 5 5 8 101 40 8 94 53 8 0 10 4 16 4 5 4 0 22 4 5 4 61 18 4 29 4 56 4 0 53 4 50 4 76 48 4 5 4 27 4 74 56 4 14 4 27 14 4 51 4 34 43 16 10 16 0 59 17 59 4 5 4 70 46 4 14 4 33 4 84 39 4 26 4 52 49 16 10 16 7 6 36 27 4 59 4 73 6 16 59 16 118 21 4 52 4 18 4 100 9 4 15 4 7 52 4 25 4 59 4 65 27 4 39 4 9 50 5 4 17 59 47 46 4 16 35 7 4 104 44 16 9 16 57 26 4 41 4 18 4 103 58 19 8 4 14 38 18 4 54 43 4 7 4 17 4 105 17 16 10 16 15 11 4 5 4 119 56 4 58 4 43 4 90 48 4 41 6 9 4 54 44 4 27 4 9 4 8 4 108 12 4 48 4 17 4 25 4 0 53 4 17 4 6 5 60 4 91 17 4 6 4 39 4 21 59 4 40 10 16 4 8 20 4 32 22 24 4 40 52 4 58 4 0 8 19 5 4 5 53 59 4 110 43 4 53 4 0 40 4 8 4 8 4 26 4 14 51 4 36 4 52 4 24 4 62 17 4 8 4 48 5 59 47 4 35 4 32 43 4 8 4 18 4 15 4 32 28 4 5 4 30 4 83 60 4 52 4 59 4 77 59 4 5 4 24 4 43 4 63 6 4 14 4 24 4 60 4 
iteration 510 best: 0.919157 time: 196817
65 31 8 0 44 8 41 13 8 25 18 4 44 4 60 17 4 31 4 0 45 8 97 36 4 11 4 55 26 12 77 5 8 104 19 8 96 30 8 47 34 12 10 27 4 5 4 4 15 4 10 4 28 4 53 4 115 40 4 52 4 27 4 10 5 8 75 35 8 11 50 4 5 4 58 27 16 58 16 69 6 4 12 4 30 4 49 4 39 5 4 17 4 59 4 75 16 8 46 8 119 5 4 5 4 60 4 14 4 14 5 8 118 50 4 40 4 6 4 23 4 37 11 8 5 30 4 5 5 8 101 40 8 94 53 8 0 10 4 16 4 5 4 0 22 4 5 4 61 18 4 29 4 56 4 0 53 4 50 4 76 48 4 5 4 27 4 74 56 4 14 4 27 14 4 51 4 34 43 16 10 16 0 59 17 59 4 5 4 70 46 4 14 4 33 4 84 39 4 26 4 52 49 16 10 16 7 6 36 27 4 59 4 73 6 16 59 16 118 21 4 52 4 18 4 100 9 4 15 4 7 52 4 25 4 59 4 65 27 4 39 4 9 50 5 4 17 59 47 46 4 16 35 7 4 104 44 16 9 16 57 26 4 41 4 18 4 103 58 19 8 4 14 38 18 4 54 43 4 7 4 17 4 105 17 16 10 16 15 11 4 5 4 119 56 4 58 4 43 4 90 48 4 41 6 9 4 54 44 4 27 4 9 4 8 4 108 12 4 48 4 17 4 25 4 0 53 4 17 4 6 5 60 4 91 17 4 6 4 39 4 21 59 4 40 10 16 4 8 20 4 32 22 24 4 40 52 4 58 4 0 8 19 5 4 5 53 59 4 110 43 4 53 4 0 40 4 8 4 8 4 26 4 14 51 4 36 4 52 4 24 4 62 17 4 8 4 48 5 59 47 4 35 4 32 43 4 8 4 18 4 15 4 32 28 4 5 4 30 4 83 60 4 52 4 59 4 77 59 4 5 4 24 4 43 4 63 6 4 14 4 24 4 60 4 
iteration 529 best: 0.919157 time: 204114
65 31 8 0 44 8 41 13 8 25 18 4 44 4 60 17 4 31 4 0 45 8 97 36 4 11 4 55 26 12 77 5 8 104 19 8 96 30 8 47 34 12 10 27 4 5 4 4 15 4 10 4 28 4 53 4 115 40 4 52 4 27 4 10 5 8 75 35 8 11 50 4 5 4 58 27 16 58 16 69 6 4 12 4 30 4 49 4 39 5 4 17 4 59 4 75 16 8 46 8 119 5 4 5 4 60 4 14 4 14 5 8 118 50 4 40 4 6 4 23 4 37 11 8 5 30 4 5 5 8 101 40 8 94 53 8 0 10 4 16 4 5 4 0 22 4 5 4 61 18 4 29 4 56 4 0 53 4 50 4 76 48 4 5 4 27 4 74 56 4 14 4 27 14 4 51 4 34 43 16 10 16 0 59 17 59 4 5 4 70 46 4 14 4 33 4 84 39 4 26 4 52 49 16 10 16 7 6 36 27 4 59 4 73 6 16 59 16 118 21 4 52 4 18 4 100 9 4 15 4 7 52 4 25 4 59 4 65 27 4 39 4 9 50 5 4 17 59 47 46 4 16 35 7 4 104 44 16 9 16 57 26 4 41 4 18 4 103 58 19 8 4 14 38 18 4 54 43 4 7 4 17 4 105 17 16 10 16 15 11 4 5 4 119 56 4 58 4 43 4 90 48 4 41 6 9 4 54 44 4 27 4 9 4 8 4 108 12 4 48 4 17 4 25 4 0 53 4 17 4 6 5 60 4 91 17 4 6 4 39 4 21 59 4 40 10 16 4 8 20 4 32 22 24 4 40 52 4 58 4 0 8 19 5 4 5 53 59 4 110 43 4 53 4 0 40 4 8 4 8 4 26 4 14 51 4 36 4 52 4 24 4 62 17 4 8 4 48 5 59 47 4 35 4 32 43 4 8 4 18 4 15 4 32 28 4 5 4 30 4 83 60 4 52 4 59 4 77 59 4 5 4 24 4 43 4 63 6 4 14 4 24 4 60 4 
iteration 548 best: 0.919157 time: 211400
65 31 8 0 44 8 41 13 8 25 18 4 44 4 60 17 4 31 4 0 45 8 97 36 4 11 4 55 26 12 77 5 8 104 19 8 96 30 8 47 34 12 10 27 4 5 4 4 15 4 10 4 28 4 53 4 115 40 4 52 4 27 4 10 5 8 75 35 8 11 50 4 5 4 58 27 16 58 16 69 6 4 12 4 30 4 49 4 39 5 4 17 4 59 4 75 16 8 46 8 119 5 4 5 4 60 4 14 4 14 5 8 118 50 4 40 4 6 4 23 4 37 11 8 5 30 4 5 5 8 101 40 8 94 53 8 0 10 4 16 4 5 4 0 22 4 5 4 61 18 4 29 4 56 4 0 53 4 50 4 76 48 4 5 4 27 4 74 56 4 14 4 27 14 4 51 4 34 43 16 10 16 0 59 17 59 4 5 4 70 46 4 14 4 33 4 84 39 4 26 4 52 49 16 10 16 7 6 36 27 4 59 4 73 6 16 59 16 118 21 4 52 4 18 4 100 9 4 15 4 7 52 4 25 4 59 4 65 27 4 39 4 9 50 5 4 17 59 47 46 4 16 35 7 4 104 44 16 9 16 57 26 4 41 4 18 4 103 58 19 8 4 14 38 18 4 54 43 4 7 4 17 4 105 17 16 10 16 15 11 4 5 4 119 56 4 58 4 43 4 90 48 4 41 6 9 4 54 44 4 27 4 9 4 8 4 108 12 4 48 4 17 4 25 4 0 53 4 17 4 6 5 60 4 91 17 4 6 4 39 4 21 59 4 40 10 16 4 8 20 4 32 22 24 4 40 52 4 58 4 0 8 19 5 4 5 53 59 4 110 43 4 53 4 0 40 4 8 4 8 4 26 4 14 51 4 36 4 52 4 24 4 62 17 4 8 4 48 5 59 47 4 35 4 32 43 4 8 4 18 4 15 4 32 28 4 5 4 30 4 83 60 4 52 4 59 4 77 59 4 5 4 24 4 43 4 63 6 4 14 4 24 4 60 4 
iteration 567 best: 0.919157 time: 218698
65 31 8 0 44 8 41 13 8 25 18 4 44 4 60 17 4 31 4 0 45 8 97 36 4 11 4 55 26 12 77 5 8 104 19 8 96 30 8 47 34 12 10 27 4 5 4 4 15 4 10 4 28 4 53 4 115 40 4 52 4 27 4 10 5 8 75 35 8 11 50 4 5 4 58 27 16 58 16 69 6 4 12 4 30 4 49 4 39 5 4 17 4 59 4 75 16 8 46 8 119 5 4 5 4 60 4 14 4 14 5 8 118 50 4 40 4 6 4 23 4 37 11 8 5 30 4 5 5 8 101 40 8 94 53 8 0 10 4 16 4 5 4 0 22 4 5 4 61 18 4 29 4 56 4 0 53 4 50 4 76 48 4 5 4 27 4 74 56 4 14 4 27 14 4 51 4 34 43 16 10 16 0 59 17 59 4 5 4 70 46 4 14 4 33 4 84 39 4 26 4 52 49 16 10 16 7 6 36 27 4 59 4 73 6 16 59 16 118 21 4 52 4 18 4 100 9 4 15 4 7 52 4 25 4 59 4 65 27 4 39 4 9 50 5 4 17 59 47 46 4 16 35 7 4 104 44 16 9 16 57 26 4 41 4 18 4 103 58 19 8 4 14 38 18 4 54 43 4 7 4 17 4 105 17 16 10 16 15 11 4 5 4 119 56 4 58 4 43 4 90 48 4 41 6 9 4 54 44 4 27 4 9 4 8 4 108 12 4 48 4 17 4 25 4 0 53 4 17 4 6 5 60 4 91 17 4 6 4 39 4 21 59 4 40 10 16 4 8 20 4 32 22 24 4 40 52 4 58 4 0 8 19 5 4 5 53 59 4 110 43 4 53 4 0 40 4 8 4 8 4 26 4 14 51 4 36 4 52 4 24 4 62 17 4 8 4 48 5 59 47 4 35 4 32 43 4 8 4 18 4 15 4 32 28 4 5 4 30 4 83 60 4 52 4 59 4 77 59 4 5 4 24 4 43 4 63 6 4 14 4 24 4 60 4 
iteration 586 best: 0.919157 time: 226019
65 31 8 0 44 8 41 13 8 25 18 4 44 4 60 17 4 31 4 0 45 8 97 36 4 11 4 55 26 12 77 5 8 104 19 8 96 30 8 47 34 12 10 27 4 5 4 4 15 4 10 4 28 4 53 4 115 40 4 52 4 27 4 10 5 8 75 35 8 11 50 4 5 4 58 27 16 58 16 69 6 4 12 4 30 4 49 4 39 5 4 17 4 59 4 75 16 8 46 8 119 5 4 5 4 60 4 14 4 14 5 8 118 50 4 40 4 6 4 23 4 37 11 8 5 30 4 5 5 8 101 40 8 94 53 8 0 10 4 16 4 5 4 0 22 4 5 4 61 18 4 29 4 56 4 0 53 4 50 4 76 48 4 5 4 27 4 74 56 4 14 4 27 14 4 51 4 34 43 16 10 16 0 59 17 59 4 5 4 70 46 4 14 4 33 4 84 39 4 26 4 52 49 16 10 16 7 6 36 27 4 59 4 73 6 16 59 16 118 21 4 52 4 18 4 100 9 4 15 4 7 52 4 25 4 59 4 65 27 4 39 4 9 50 5 4 17 59 47 46 4 16 35 7 4 104 44 16 9 16 57 26 4 41 4 18 4 103 58 19 8 4 14 38 18 4 54 43 4 7 4 17 4 105 17 16 10 16 15 11 4 5 4 119 56 4 58 4 43 4 90 48 4 41 6 9 4 54 44 4 27 4 9 4 8 4 108 12 4 48 4 17 4 25 4 0 53 4 17 4 6 5 60 4 91 17 4 6 4 39 4 21 59 4 40 10 16 4 8 20 4 32 22 24 4 40 52 4 58 4 0 8 19 5 4 5 53 59 4 110 43 4 53 4 0 40 4 8 4 8 4 26 4 14 51 4 36 4 52 4 24 4 62 17 4 8 4 48 5 59 47 4 35 4 32 43 4 8 4 18 4 15 4 32 28 4 5 4 30 4 83 60 4 52 4 59 4 77 59 4 5 4 24 4 43 4 63 6 4 14 4 24 4 60 4 
iteration 605 best: 0.919157 time: 233316
65 31 8 0 44 8 41 13 8 25 18 4 44 4 60 17 4 31 4 0 45 8 97 36 4 11 4 55 26 12 77 5 8 104 19 8 96 30 8 47 34 12 10 27 4 5 4 4 15 4 10 4 28 4 53 4 115 40 4 52 4 27 4 10 5 8 75 35 8 11 50 4 5 4 58 27 16 58 16 69 6 4 12 4 30 4 49 4 39 5 4 17 4 59 4 75 16 8 46 8 119 5 4 5 4 60 4 14 4 14 5 8 118 50 4 40 4 6 4 23 4 37 11 8 5 30 4 5 5 8 101 40 8 94 53 8 0 10 4 16 4 5 4 0 22 4 5 4 61 18 4 29 4 56 4 0 53 4 50 4 76 48 4 5 4 27 4 74 56 4 14 4 27 14 4 51 4 34 43 16 10 16 0 59 17 59 4 5 4 70 46 4 14 4 33 4 84 39 4 26 4 52 49 16 10 16 7 6 36 27 4 59 4 73 6 16 59 16 118 21 4 52 4 18 4 100 9 4 15 4 7 52 4 25 4 59 4 65 27 4 39 4 9 50 5 4 17 59 47 46 4 16 35 7 4 104 44 16 9 16 57 26 4 41 4 18 4 103 58 19 8 4 14 38 18 4 54 43 4 7 4 17 4 105 17 16 10 16 15 11 4 5 4 119 56 4 58 4 43 4 90 48 4 41 6 9 4 54 44 4 27 4 9 4 8 4 108 12 4 48 4 17 4 25 4 0 53 4 17 4 6 5 60 4 91 17 4 6 4 39 4 21 59 4 40 10 16 4 8 20 4 32 22 24 4 40 52 4 58 4 0 8 19 5 4 5 53 59 4 110 43 4 53 4 0 40 4 8 4 8 4 26 4 14 51 4 36 4 52 4 24 4 62 17 4 8 4 48 5 59 47 4 35 4 32 43 4 8 4 18 4 15 4 32 28 4 5 4 30 4 83 60 4 52 4 59 4 77 59 4 5 4 24 4 43 4 63 6 4 14 4 24 4 60 4 
iteration 624 best: 0.919157 time: 240604
65 31 8 0 44 8 41 13 8 25 18 4 44 4 60 17 4 31 4 0 45 8 97 36 4 11 4 55 26 12 77 5 8 104 19 8 96 30 8 47 34 12 10 27 4 5 4 4 15 4 10 4 28 4 53 4 115 40 4 52 4 27 4 10 5 8 75 35 8 11 50 4 5 4 58 27 16 58 16 69 6 4 12 4 30 4 49 4 39 5 4 17 4 59 4 75 16 8 46 8 119 5 4 5 4 60 4 14 4 14 5 8 118 50 4 40 4 6 4 23 4 37 11 8 5 30 4 5 5 8 101 40 8 94 53 8 0 10 4 16 4 5 4 0 22 4 5 4 61 18 4 29 4 56 4 0 53 4 50 4 76 48 4 5 4 27 4 74 56 4 14 4 27 14 4 51 4 34 43 16 10 16 0 59 17 59 4 5 4 70 46 4 14 4 33 4 84 39 4 26 4 52 49 16 10 16 7 6 36 27 4 59 4 73 6 16 59 16 118 21 4 52 4 18 4 100 9 4 15 4 7 52 4 25 4 59 4 65 27 4 39 4 9 50 5 4 17 59 47 46 4 16 35 7 4 104 44 16 9 16 57 26 4 41 4 18 4 103 58 19 8 4 14 38 18 4 54 43 4 7 4 17 4 105 17 16 10 16 15 11 4 5 4 119 56 4 58 4 43 4 90 48 4 41 6 9 4 54 44 4 27 4 9 4 8 4 108 12 4 48 4 17 4 25 4 0 53 4 17 4 6 5 60 4 91 17 4 6 4 39 4 21 59 4 40 10 16 4 8 20 4 32 22 24 4 40 52 4 58 4 0 8 19 5 4 5 53 59 4 110 43 4 53 4 0 40 4 8 4 8 4 26 4 14 51 4 36 4 52 4 24 4 62 17 4 8 4 48 5 59 47 4 35 4 32 43 4 8 4 18 4 15 4 32 28 4 5 4 30 4 83 60 4 52 4 59 4 77 59 4 5 4 24 4 43 4 63 6 4 14 4 24 4 60 4 
iteration 643 best: 0.919157 time: 247931
65 31 8 0 44 8 41 13 8 25 18 4 44 4 60 17 4 31 4 0 45 8 97 36 4 11 4 55 26 12 77 5 8 104 19 8 96 30 8 47 34 12 10 27 4 5 4 4 15 4 10 4 28 4 53 4 115 40 4 52 4 27 4 10 5 8 75 35 8 11 50 4 5 4 58 27 16 58 16 69 6 4 12 4 30 4 49 4 39 5 4 17 4 59 4 75 16 8 46 8 119 5 4 5 4 60 4 14 4 14 5 8 118 50 4 40 4 6 4 23 4 37 11 8 5 30 4 5 5 8 101 40 8 94 53 8 0 10 4 16 4 5 4 0 22 4 5 4 61 18 4 29 4 56 4 0 53 4 50 4 76 48 4 5 4 27 4 74 56 4 14 4 27 14 4 51 4 34 43 16 10 16 0 59 17 59 4 5 4 70 46 4 14 4 33 4 84 39 4 26 4 52 49 16 10 16 7 6 36 27 4 59 4 73 6 16 59 16 118 21 4 52 4 18 4 100 9 4 15 4 7 52 4 25 4 59 4 65 27 4 39 4 9 50 5 4 17 59 47 46 4 16 35 7 4 104 44 16 9 16 57 26 4 41 4 18 4 103 58 19 8 4 14 38 18 4 54 43 4 7 4 17 4 105 17 16 10 16 15 11 4 5 4 119 56 4 58 4 43 4 90 48 4 41 6 9 4 54 44 4 27 4 9 4 8 4 108 12 4 48 4 17 4 25 4 0 53 4 17 4 6 5 60 4 91 17 4 6 4 39 4 21 59 4 40 10 16 4 8 20 4 32 22 24 4 40 52 4 58 4 0 8 19 5 4 5 53 59 4 110 43 4 53 4 0 40 4 8 4 8 4 26 4 14 51 4 36 4 52 4 24 4 62 17 4 8 4 48 5 59 47 4 35 4 32 43 4 8 4 18 4 15 4 32 28 4 5 4 30 4 83 60 4 52 4 59 4 77 59 4 5 4 24 4 43 4 63 6 4 14 4 24 4 60 4 
iteration 662 best: 0.919157 time: 255204
65 31 8 0 44 8 41 13 8 25 18 4 44 4 60 17 4 31 4 0 45 8 97 36 4 11 4 55 26 12 77 5 8 104 19 8 96 30 8 47 34 12 10 27 4 5 4 4 15 4 10 4 28 4 53 4 115 40 4 52 4 27 4 10 5 8 75 35 8 11 50 4 5 4 58 27 16 58 16 69 6 4 12 4 30 4 49 4 39 5 4 17 4 59 4 75 16 8 46 8 119 5 4 5 4 60 4 14 4 14 5 8 118 50 4 40 4 6 4 23 4 37 11 8 5 30 4 5 5 8 101 40 8 94 53 8 0 10 4 16 4 5 4 0 22 4 5 4 61 18 4 29 4 56 4 0 53 4 50 4 76 48 4 5 4 27 4 74 56 4 14 4 27 14 4 51 4 34 43 16 10 16 0 59 17 59 4 5 4 70 46 4 14 4 33 4 84 39 4 26 4 52 49 16 10 16 7 6 36 27 4 59 4 73 6 16 59 16 118 21 4 52 4 18 4 100 9 4 15 4 7 52 4 25 4 59 4 65 27 4 39 4 9 50 5 4 17 59 47 46 4 16 35 7 4 104 44 16 9 16 57 26 4 41 4 18 4 103 58 19 8 4 14 38 18 4 54 43 4 7 4 17 4 105 17 16 10 16 15 11 4 5 4 119 56 4 58 4 43 4 90 48 4 41 6 9 4 54 44 4 27 4 9 4 8 4 108 12 4 48 4 17 4 25 4 0 53 4 17 4 6 5 60 4 91 17 4 6 4 39 4 21 59 4 40 10 16 4 8 20 4 32 22 24 4 40 52 4 58 4 0 8 19 5 4 5 53 59 4 110 43 4 53 4 0 40 4 8 4 8 4 26 4 14 51 4 36 4 52 4 24 4 62 17 4 8 4 48 5 59 47 4 35 4 32 43 4 8 4 18 4 15 4 32 28 4 5 4 30 4 83 60 4 52 4 59 4 77 59 4 5 4 24 4 43 4 63 6 4 14 4 24 4 60 4 
iteration 681 best: 0.919157 time: 262477
65 31 8 0 44 8 41 13 8 25 18 4 44 4 60 17 4 31 4 0 45 8 97 36 4 11 4 55 26 12 77 5 8 104 19 8 96 30 8 47 34 12 10 27 4 5 4 4 15 4 10 4 28 4 53 4 115 40 4 52 4 27 4 10 5 8 75 35 8 11 50 4 5 4 58 27 16 58 16 69 6 4 12 4 30 4 49 4 39 5 4 17 4 59 4 75 16 8 46 8 119 5 4 5 4 60 4 14 4 14 5 8 118 50 4 40 4 6 4 23 4 37 11 8 5 30 4 5 5 8 101 40 8 94 53 8 0 10 4 16 4 5 4 0 22 4 5 4 61 18 4 29 4 56 4 0 53 4 50 4 76 48 4 5 4 27 4 74 56 4 14 4 27 14 4 51 4 34 43 16 10 16 0 59 17 59 4 5 4 70 46 4 14 4 33 4 84 39 4 26 4 52 49 16 10 16 7 6 36 27 4 59 4 73 6 16 59 16 118 21 4 52 4 18 4 100 9 4 15 4 7 52 4 25 4 59 4 65 27 4 39 4 9 50 5 4 17 59 47 46 4 16 35 7 4 104 44 16 9 16 57 26 4 41 4 18 4 103 58 19 8 4 14 38 18 4 54 43 4 7 4 17 4 105 17 16 10 16 15 11 4 5 4 119 56 4 58 4 43 4 90 48 4 41 6 9 4 54 44 4 27 4 9 4 8 4 108 12 4 48 4 17 4 25 4 0 53 4 17 4 6 5 60 4 91 17 4 6 4 39 4 21 59 4 40 10 16 4 8 20 4 32 22 24 4 40 52 4 58 4 0 8 19 5 4 5 53 59 4 110 43 4 53 4 0 40 4 8 4 8 4 26 4 14 51 4 36 4 52 4 24 4 62 17 4 8 4 48 5 59 47 4 35 4 32 43 4 8 4 18 4 15 4 32 28 4 5 4 30 4 83 60 4 52 4 59 4 77 59 4 5 4 24 4 43 4 63 6 4 14 4 24 4 60 4 
iteration 700 best: 0.919157 time: 269737
65 31 8 0 44 8 41 13 8 25 18 4 44 4 60 17 4 31 4 0 45 8 97 36 4 11 4 55 26 12 77 5 8 104 19 8 96 30 8 47 34 12 10 27 4 5 4 4 15 4 10 4 28 4 53 4 115 40 4 52 4 27 4 10 5 8 75 35 8 11 50 4 5 4 58 27 16 58 16 69 6 4 12 4 30 4 49 4 39 5 4 17 4 59 4 75 16 8 46 8 119 5 4 5 4 60 4 14 4 14 5 8 118 50 4 40 4 6 4 23 4 37 11 8 5 30 4 5 5 8 101 40 8 94 53 8 0 10 4 16 4 5 4 0 22 4 5 4 61 18 4 29 4 56 4 0 53 4 50 4 76 48 4 5 4 27 4 74 56 4 14 4 27 14 4 51 4 34 43 16 10 16 0 59 17 59 4 5 4 70 46 4 14 4 33 4 84 39 4 26 4 52 49 16 10 16 7 6 36 27 4 59 4 73 6 16 59 16 118 21 4 52 4 18 4 100 9 4 15 4 7 52 4 25 4 59 4 65 27 4 39 4 9 50 5 4 17 59 47 46 4 16 35 7 4 104 44 16 9 16 57 26 4 41 4 18 4 103 58 19 8 4 14 38 18 4 54 43 4 7 4 17 4 105 17 16 10 16 15 11 4 5 4 119 56 4 58 4 43 4 90 48 4 41 6 9 4 54 44 4 27 4 9 4 8 4 108 12 4 48 4 17 4 25 4 0 53 4 17 4 6 5 60 4 91 17 4 6 4 39 4 21 59 4 40 10 16 4 8 20 4 32 22 24 4 40 52 4 58 4 0 8 19 5 4 5 53 59 4 110 43 4 53 4 0 40 4 8 4 8 4 26 4 14 51 4 36 4 52 4 24 4 62 17 4 8 4 48 5 59 47 4 35 4 32 43 4 8 4 18 4 15 4 32 28 4 5 4 30 4 83 60 4 52 4 59 4 77 59 4 5 4 24 4 43 4 63 6 4 14 4 24 4 60 4 
iteration 719 best: 0.919157 time: 277008
65 31 8 0 44 8 41 13 8 25 18 4 44 4 60 17 4 31 4 0 45 8 97 36 4 11 4 55 26 12 77 5 8 104 19 8 96 30 8 47 34 12 10 27 4 5 4 4 15 4 10 4 28 4 53 4 115 40 4 52 4 27 4 10 5 8 75 35 8 11 50 4 5 4 58 27 16 58 16 69 6 4 12 4 30 4 49 4 39 5 4 17 4 59 4 75 16 8 46 8 119 5 4 5 4 60 4 14 4 14 5 8 118 50 4 40 4 6 4 23 4 37 11 8 5 30 4 5 5 8 101 40 8 94 53 8 0 10 4 16 4 5 4 0 22 4 5 4 61 18 4 29 4 56 4 0 53 4 50 4 76 48 4 5 4 27 4 74 56 4 14 4 27 14 4 51 4 34 43 16 10 16 0 59 17 59 4 5 4 70 46 4 14 4 33 4 84 39 4 26 4 52 49 16 10 16 7 6 36 27 4 59 4 73 6 16 59 16 118 21 4 52 4 18 4 100 9 4 15 4 7 52 4 25 4 59 4 65 27 4 39 4 9 50 5 4 17 59 47 46 4 16 35 7 4 104 44 16 9 16 57 26 4 41 4 18 4 103 58 19 8 4 14 38 18 4 54 43 4 7 4 17 4 105 17 16 10 16 15 11 4 5 4 119 56 4 58 4 43 4 90 48 4 41 6 9 4 54 44 4 27 4 9 4 8 4 108 12 4 48 4 17 4 25 4 0 53 4 17 4 6 5 60 4 91 17 4 6 4 39 4 21 59 4 40 10 16 4 8 20 4 32 22 24 4 40 52 4 58 4 0 8 19 5 4 5 53 59 4 110 43 4 53 4 0 40 4 8 4 8 4 26 4 14 51 4 36 4 52 4 24 4 62 17 4 8 4 48 5 59 47 4 35 4 32 43 4 8 4 18 4 15 4 32 28 4 5 4 30 4 83 60 4 52 4 59 4 77 59 4 5 4 24 4 43 4 63 6 4 14 4 24 4 60 4 
iteration 738 best: 0.919157 time: 284282
65 31 8 0 44 8 41 13 8 25 18 4 44 4 60 17 4 31 4 0 45 8 97 36 4 11 4 55 26 12 77 5 8 104 19 8 96 30 8 47 34 12 10 27 4 5 4 4 15 4 10 4 28 4 53 4 115 40 4 52 4 27 4 10 5 8 75 35 8 11 50 4 5 4 58 27 16 58 16 69 6 4 12 4 30 4 49 4 39 5 4 17 4 59 4 75 16 8 46 8 119 5 4 5 4 60 4 14 4 14 5 8 118 50 4 40 4 6 4 23 4 37 11 8 5 30 4 5 5 8 101 40 8 94 53 8 0 10 4 16 4 5 4 0 22 4 5 4 61 18 4 29 4 56 4 0 53 4 50 4 76 48 4 5 4 27 4 74 56 4 14 4 27 14 4 51 4 34 43 16 10 16 0 59 17 59 4 5 4 70 46 4 14 4 33 4 84 39 4 26 4 52 49 16 10 16 7 6 36 27 4 59 4 73 6 16 59 16 118 21 4 52 4 18 4 100 9 4 15 4 7 52 4 25 4 59 4 65 27 4 39 4 9 50 5 4 17 59 47 46 4 16 35 7 4 104 44 16 9 16 57 26 4 41 4 18 4 103 58 19 8 4 14 38 18 4 54 43 4 7 4 17 4 105 17 16 10 16 15 11 4 5 4 119 56 4 58 4 43 4 90 48 4 41 6 9 4 54 44 4 27 4 9 4 8 4 108 12 4 48 4 17 4 25 4 0 53 4 17 4 6 5 60 4 91 17 4 6 4 39 4 21 59 4 40 10 16 4 8 20 4 32 22 24 4 40 52 4 58 4 0 8 19 5 4 5 53 59 4 110 43 4 53 4 0 40 4 8 4 8 4 26 4 14 51 4 36 4 52 4 24 4 62 17 4 8 4 48 5 59 47 4 35 4 32 43 4 8 4 18 4 15 4 32 28 4 5 4 30 4 83 60 4 52 4 59 4 77 59 4 5 4 24 4 43 4 63 6 4 14 4 24 4 60 4 
iteration 757 best: 0.919157 time: 291536
65 31 8 0 44 8 41 13 8 25 18 4 44 4 60 17 4 31 4 0 45 8 97 36 4 11 4 55 26 12 77 5 8 104 19 8 96 30 8 47 34 12 10 27 4 5 4 4 15 4 10 4 28 4 53 4 115 40 4 52 4 27 4 10 5 8 75 35 8 11 50 4 5 4 58 27 16 58 16 69 6 4 12 4 30 4 49 4 39 5 4 17 4 59 4 75 16 8 46 8 119 5 4 5 4 60 4 14 4 14 5 8 118 50 4 40 4 6 4 23 4 37 11 8 5 30 4 5 5 8 101 40 8 94 53 8 0 10 4 16 4 5 4 0 22 4 5 4 61 18 4 29 4 56 4 0 53 4 50 4 76 48 4 5 4 27 4 74 56 4 14 4 27 14 4 51 4 34 43 16 10 16 0 59 17 59 4 5 4 70 46 4 14 4 33 4 84 39 4 26 4 52 49 16 10 16 7 6 36 27 4 59 4 73 6 16 59 16 118 21 4 52 4 18 4 100 9 4 15 4 7 52 4 25 4 59 4 65 27 4 39 4 9 50 5 4 17 59 47 46 4 16 35 7 4 104 44 16 9 16 57 26 4 41 4 18 4 103 58 19 8 4 14 38 18 4 54 43 4 7 4 17 4 105 17 16 10 16 15 11 4 5 4 119 56 4 58 4 43 4 90 48 4 41 6 9 4 54 44 4 27 4 9 4 8 4 108 12 4 48 4 17 4 25 4 0 53 4 17 4 6 5 60 4 91 17 4 6 4 39 4 21 59 4 40 10 16 4 8 20 4 32 22 24 4 40 52 4 58 4 0 8 19 5 4 5 53 59 4 110 43 4 53 4 0 40 4 8 4 8 4 26 4 14 51 4 36 4 52 4 24 4 62 17 4 8 4 48 5 59 47 4 35 4 32 43 4 8 4 18 4 15 4 32 28 4 5 4 30 4 83 60 4 52 4 59 4 77 59 4 5 4 24 4 43 4 63 6 4 14 4 24 4 60 4 
iteration 776 best: 0.919157 time: 298804
65 31 8 0 44 8 41 13 8 25 18 4 44 4 60 17 4 31 4 0 45 8 97 36 4 11 4 55 26 12 77 5 8 104 19 8 96 30 8 47 34 12 10 27 4 5 4 4 15 4 10 4 28 4 53 4 115 40 4 52 4 27 4 10 5 8 75 35 8 11 50 4 5 4 58 27 16 58 16 69 6 4 12 4 30 4 49 4 39 5 4 17 4 59 4 75 16 8 46 8 119 5 4 5 4 60 4 14 4 14 5 8 118 50 4 40 4 6 4 23 4 37 11 8 5 30 4 5 5 8 101 40 8 94 53 8 0 10 4 16 4 5 4 0 22 4 5 4 61 18 4 29 4 56 4 0 53 4 50 4 76 48 4 5 4 27 4 74 56 4 14 4 27 14 4 51 4 34 43 16 10 16 0 59 17 59 4 5 4 70 46 4 14 4 33 4 84 39 4 26 4 52 49 16 10 16 7 6 36 27 4 59 4 73 6 16 59 16 118 21 4 52 4 18 4 100 9 4 15 4 7 52 4 25 4 59 4 65 27 4 39 4 9 50 5 4 17 59 47 46 4 16 35 7 4 104 44 16 9 16 57 26 4 41 4 18 4 103 58 19 8 4 14 38 18 4 54 43 4 7 4 17 4 105 17 16 10 16 15 11 4 5 4 119 56 4 58 4 43 4 90 48 4 41 6 9 4 54 44 4 27 4 9 4 8 4 108 12 4 48 4 17 4 25 4 0 53 4 17 4 6 5 60 4 91 17 4 6 4 39 4 21 59 4 40 10 16 4 8 20 4 32 22 24 4 40 52 4 58 4 0 8 19 5 4 5 53 59 4 110 43 4 53 4 0 40 4 8 4 8 4 26 4 14 51 4 36 4 52 4 24 4 62 17 4 8 4 48 5 59 47 4 35 4 32 43 4 8 4 18 4 15 4 32 28 4 5 4 30 4 83 60 4 52 4 59 4 77 59 4 5 4 24 4 43 4 63 6 4 14 4 24 4 60 4 
iteration 795 best: 0.919157 time: 306100
65 31 8 0 44 8 41 13 8 25 18 4 44 4 60 17 4 31 4 0 45 8 97 36 4 11 4 55 26 12 77 5 8 104 19 8 96 30 8 47 34 12 10 27 4 5 4 4 15 4 10 4 28 4 53 4 115 40 4 52 4 27 4 10 5 8 75 35 8 11 50 4 5 4 58 27 16 58 16 69 6 4 12 4 30 4 49 4 39 5 4 17 4 59 4 75 16 8 46 8 119 5 4 5 4 60 4 14 4 14 5 8 118 50 4 40 4 6 4 23 4 37 11 8 5 30 4 5 5 8 101 40 8 94 53 8 0 10 4 16 4 5 4 0 22 4 5 4 61 18 4 29 4 56 4 0 53 4 50 4 76 48 4 5 4 27 4 74 56 4 14 4 27 14 4 51 4 34 43 16 10 16 0 59 17 59 4 5 4 70 46 4 14 4 33 4 84 39 4 26 4 52 49 16 10 16 7 6 36 27 4 59 4 73 6 16 59 16 118 21 4 52 4 18 4 100 9 4 15 4 7 52 4 25 4 59 4 65 27 4 39 4 9 50 5 4 17 59 47 46 4 16 35 7 4 104 44 16 9 16 57 26 4 41 4 18 4 103 58 19 8 4 14 38 18 4 54 43 4 7 4 17 4 105 17 16 10 16 15 11 4 5 4 119 56 4 58 4 43 4 90 48 4 41 6 9 4 54 44 4 27 4 9 4 8 4 108 12 4 48 4 17 4 25 4 0 53 4 17 4 6 5 60 4 91 17 4 6 4 39 4 21 59 4 40 10 16 4 8 20 4 32 22 24 4 40 52 4 58 4 0 8 19 5 4 5 53 59 4 110 43 4 53 4 0 40 4 8 4 8 4 26 4 14 51 4 36 4 52 4 24 4 62 17 4 8 4 48 5 59 47 4 35 4 32 43 4 8 4 18 4 15 4 32 28 4 5 4 30 4 83 60 4 52 4 59 4 77 59 4 5 4 24 4 43 4 63 6 4 14 4 24 4 60 4 
iteration 814 best: 0.919157 time: 313432
65 31 8 0 44 8 41 13 8 25 18 4 44 4 60 17 4 31 4 0 45 8 97 36 4 11 4 55 26 12 77 5 8 104 19 8 96 30 8 47 34 12 10 27 4 5 4 4 15 4 10 4 28 4 53 4 115 40 4 52 4 27 4 10 5 8 75 35 8 11 50 4 5 4 58 27 16 58 16 69 6 4 12 4 30 4 49 4 39 5 4 17 4 59 4 75 16 8 46 8 119 5 4 5 4 60 4 14 4 14 5 8 118 50 4 40 4 6 4 23 4 37 11 8 5 30 4 5 5 8 101 40 8 94 53 8 0 10 4 16 4 5 4 0 22 4 5 4 61 18 4 29 4 56 4 0 53 4 50 4 76 48 4 5 4 27 4 74 56 4 14 4 27 14 4 51 4 34 43 16 10 16 0 59 17 59 4 5 4 70 46 4 14 4 33 4 84 39 4 26 4 52 49 16 10 16 7 6 36 27 4 59 4 73 6 16 59 16 118 21 4 52 4 18 4 100 9 4 15 4 7 52 4 25 4 59 4 65 27 4 39 4 9 50 5 4 17 59 47 46 4 16 35 7 4 104 44 16 9 16 57 26 4 41 4 18 4 103 58 19 8 4 14 38 18 4 54 43 4 7 4 17 4 105 17 16 10 16 15 11 4 5 4 119 56 4 58 4 43 4 90 48 4 41 6 9 4 54 44 4 27 4 9 4 8 4 108 12 4 48 4 17 4 25 4 0 53 4 17 4 6 5 60 4 91 17 4 6 4 39 4 21 59 4 40 10 16 4 8 20 4 32 22 24 4 40 52 4 58 4 0 8 19 5 4 5 53 59 4 110 43 4 53 4 0 40 4 8 4 8 4 26 4 14 51 4 36 4 52 4 24 4 62 17 4 8 4 48 5 59 47 4 35 4 32 43 4 8 4 18 4 15 4 32 28 4 5 4 30 4 83 60 4 52 4 59 4 77 59 4 5 4 24 4 43 4 63 6 4 14 4 24 4 60 4 
iteration 833 best: 0.919157 time: 320715
65 31 8 0 44 8 41 13 8 25 18 4 44 4 60 17 4 31 4 0 45 8 97 36 4 11 4 55 26 12 77 5 8 104 19 8 96 30 8 47 34 12 10 27 4 5 4 4 15 4 10 4 28 4 53 4 115 40 4 52 4 27 4 10 5 8 75 35 8 11 50 4 5 4 58 27 16 58 16 69 6 4 12 4 30 4 49 4 39 5 4 17 4 59 4 75 16 8 46 8 119 5 4 5 4 60 4 14 4 14 5 8 118 50 4 40 4 6 4 23 4 37 11 8 5 30 4 5 5 8 101 40 8 94 53 8 0 10 4 16 4 5 4 0 22 4 5 4 61 18 4 29 4 56 4 0 53 4 50 4 76 48 4 5 4 27 4 74 56 4 14 4 27 14 4 51 4 34 43 16 10 16 0 59 17 59 4 5 4 70 46 4 14 4 33 4 84 39 4 26 4 52 49 16 10 16 7 6 36 27 4 59 4 73 6 16 59 16 118 21 4 52 4 18 4 100 9 4 15 4 7 52 4 25 4 59 4 65 27 4 39 4 9 50 5 4 17 59 47 46 4 16 35 7 4 104 44 16 9 16 57 26 4 41 4 18 4 103 58 19 8 4 14 38 18 4 54 43 4 7 4 17 4 105 17 16 10 16 15 11 4 5 4 119 56 4 58 4 43 4 90 48 4 41 6 9 4 54 44 4 27 4 9 4 8 4 108 12 4 48 4 17 4 25 4 0 53 4 17 4 6 5 60 4 91 17 4 6 4 39 4 21 59 4 40 10 16 4 8 20 4 32 22 24 4 40 52 4 58 4 0 8 19 5 4 5 53 59 4 110 43 4 53 4 0 40 4 8 4 8 4 26 4 14 51 4 36 4 52 4 24 4 62 17 4 8 4 48 5 59 47 4 35 4 32 43 4 8 4 18 4 15 4 32 28 4 5 4 30 4 83 60 4 52 4 59 4 77 59 4 5 4 24 4 43 4 63 6 4 14 4 24 4 60 4 
iteration 852 best: 0.919157 time: 328013
65 31 8 0 44 8 41 13 8 25 18 4 44 4 60 17 4 31 4 0 45 8 97 36 4 11 4 55 26 12 77 5 8 104 19 8 96 30 8 47 34 12 10 27 4 5 4 4 15 4 10 4 28 4 53 4 115 40 4 52 4 27 4 10 5 8 75 35 8 11 50 4 5 4 58 27 16 58 16 69 6 4 12 4 30 4 49 4 39 5 4 17 4 59 4 75 16 8 46 8 119 5 4 5 4 60 4 14 4 14 5 8 118 50 4 40 4 6 4 23 4 37 11 8 5 30 4 5 5 8 101 40 8 94 53 8 0 10 4 16 4 5 4 0 22 4 5 4 61 18 4 29 4 56 4 0 53 4 50 4 76 48 4 5 4 27 4 74 56 4 14 4 27 14 4 51 4 34 43 16 10 16 0 59 17 59 4 5 4 70 46 4 14 4 33 4 84 39 4 26 4 52 49 16 10 16 7 6 36 27 4 59 4 73 6 16 59 16 118 21 4 52 4 18 4 100 9 4 15 4 7 52 4 25 4 59 4 65 27 4 39 4 9 50 5 4 17 59 47 46 4 16 35 7 4 104 44 16 9 16 57 26 4 41 4 18 4 103 58 19 8 4 14 38 18 4 54 43 4 7 4 17 4 105 17 16 10 16 15 11 4 5 4 119 56 4 58 4 43 4 90 48 4 41 6 9 4 54 44 4 27 4 9 4 8 4 108 12 4 48 4 17 4 25 4 0 53 4 17 4 6 5 60 4 91 17 4 6 4 39 4 21 59 4 40 10 16 4 8 20 4 32 22 24 4 40 52 4 58 4 0 8 19 5 4 5 53 59 4 110 43 4 53 4 0 40 4 8 4 8 4 26 4 14 51 4 36 4 52 4 24 4 62 17 4 8 4 48 5 59 47 4 35 4 32 43 4 8 4 18 4 15 4 32 28 4 5 4 30 4 83 60 4 52 4 59 4 77 59 4 5 4 24 4 43 4 63 6 4 14 4 24 4 60 4 
iteration 871 best: 0.919157 time: 335291
65 31 8 0 44 8 41 13 8 25 18 4 44 4 60 17 4 31 4 0 45 8 97 36 4 11 4 55 26 12 77 5 8 104 19 8 96 30 8 47 34 12 10 27 4 5 4 4 15 4 10 4 28 4 53 4 115 40 4 52 4 27 4 10 5 8 75 35 8 11 50 4 5 4 58 27 16 58 16 69 6 4 12 4 30 4 49 4 39 5 4 17 4 59 4 75 16 8 46 8 119 5 4 5 4 60 4 14 4 14 5 8 118 50 4 40 4 6 4 23 4 37 11 8 5 30 4 5 5 8 101 40 8 94 53 8 0 10 4 16 4 5 4 0 22 4 5 4 61 18 4 29 4 56 4 0 53 4 50 4 76 48 4 5 4 27 4 74 56 4 14 4 27 14 4 51 4 34 43 16 10 16 0 59 17 59 4 5 4 70 46 4 14 4 33 4 84 39 4 26 4 52 49 16 10 16 7 6 36 27 4 59 4 73 6 16 59 16 118 21 4 52 4 18 4 100 9 4 15 4 7 52 4 25 4 59 4 65 27 4 39 4 9 50 5 4 17 59 47 46 4 16 35 7 4 104 44 16 9 16 57 26 4 41 4 18 4 103 58 19 8 4 14 38 18 4 54 43 4 7 4 17 4 105 17 16 10 16 15 11 4 5 4 119 56 4 58 4 43 4 90 48 4 41 6 9 4 54 44 4 27 4 9 4 8 4 108 12 4 48 4 17 4 25 4 0 53 4 17 4 6 5 60 4 91 17 4 6 4 39 4 21 59 4 40 10 16 4 8 20 4 32 22 24 4 40 52 4 58 4 0 8 19 5 4 5 53 59 4 110 43 4 53 4 0 40 4 8 4 8 4 26 4 14 51 4 36 4 52 4 24 4 62 17 4 8 4 48 5 59 47 4 35 4 32 43 4 8 4 18 4 15 4 32 28 4 5 4 30 4 83 60 4 52 4 59 4 77 59 4 5 4 24 4 43 4 63 6 4 14 4 24 4 60 4 
iteration 890 best: 0.919157 time: 342585
65 31 8 0 44 8 41 13 8 25 18 4 44 4 60 17 4 31 4 0 45 8 97 36 4 11 4 55 26 12 77 5 8 104 19 8 96 30 8 47 34 12 10 27 4 5 4 4 15 4 10 4 28 4 53 4 115 40 4 52 4 27 4 10 5 8 75 35 8 11 50 4 5 4 58 27 16 58 16 69 6 4 12 4 30 4 49 4 39 5 4 17 4 59 4 75 16 8 46 8 119 5 4 5 4 60 4 14 4 14 5 8 118 50 4 40 4 6 4 23 4 37 11 8 5 30 4 5 5 8 101 40 8 94 53 8 0 10 4 16 4 5 4 0 22 4 5 4 61 18 4 29 4 56 4 0 53 4 50 4 76 48 4 5 4 27 4 74 56 4 14 4 27 14 4 51 4 34 43 16 10 16 0 59 17 59 4 5 4 70 46 4 14 4 33 4 84 39 4 26 4 52 49 16 10 16 7 6 36 27 4 59 4 73 6 16 59 16 118 21 4 52 4 18 4 100 9 4 15 4 7 52 4 25 4 59 4 65 27 4 39 4 9 50 5 4 17 59 47 46 4 16 35 7 4 104 44 16 9 16 57 26 4 41 4 18 4 103 58 19 8 4 14 38 18 4 54 43 4 7 4 17 4 105 17 16 10 16 15 11 4 5 4 119 56 4 58 4 43 4 90 48 4 41 6 9 4 54 44 4 27 4 9 4 8 4 108 12 4 48 4 17 4 25 4 0 53 4 17 4 6 5 60 4 91 17 4 6 4 39 4 21 59 4 40 10 16 4 8 20 4 32 22 24 4 40 52 4 58 4 0 8 19 5 4 5 53 59 4 110 43 4 53 4 0 40 4 8 4 8 4 26 4 14 51 4 36 4 52 4 24 4 62 17 4 8 4 48 5 59 47 4 35 4 32 43 4 8 4 18 4 15 4 32 28 4 5 4 30 4 83 60 4 52 4 59 4 77 59 4 5 4 24 4 43 4 63 6 4 14 4 24 4 60 4 
iteration 909 best: 0.919157 time: 349857
65 31 8 0 44 8 41 13 8 25 18 4 44 4 60 17 4 31 4 0 45 8 97 36 4 11 4 55 26 12 77 5 8 104 19 8 96 30 8 47 34 12 10 27 4 5 4 4 15 4 10 4 28 4 53 4 115 40 4 52 4 27 4 10 5 8 75 35 8 11 50 4 5 4 58 27 16 58 16 69 6 4 12 4 30 4 49 4 39 5 4 17 4 59 4 75 16 8 46 8 119 5 4 5 4 60 4 14 4 14 5 8 118 50 4 40 4 6 4 23 4 37 11 8 5 30 4 5 5 8 101 40 8 94 53 8 0 10 4 16 4 5 4 0 22 4 5 4 61 18 4 29 4 56 4 0 53 4 50 4 76 48 4 5 4 27 4 74 56 4 14 4 27 14 4 51 4 34 43 16 10 16 0 59 17 59 4 5 4 70 46 4 14 4 33 4 84 39 4 26 4 52 49 16 10 16 7 6 36 27 4 59 4 73 6 16 59 16 118 21 4 52 4 18 4 100 9 4 15 4 7 52 4 25 4 59 4 65 27 4 39 4 9 50 5 4 17 59 47 46 4 16 35 7 4 104 44 16 9 16 57 26 4 41 4 18 4 103 58 19 8 4 14 38 18 4 54 43 4 7 4 17 4 105 17 16 10 16 15 11 4 5 4 119 56 4 58 4 43 4 90 48 4 41 6 9 4 54 44 4 27 4 9 4 8 4 108 12 4 48 4 17 4 25 4 0 53 4 17 4 6 5 60 4 91 17 4 6 4 39 4 21 59 4 40 10 16 4 8 20 4 32 22 24 4 40 52 4 58 4 0 8 19 5 4 5 53 59 4 110 43 4 53 4 0 40 4 8 4 8 4 26 4 14 51 4 36 4 52 4 24 4 62 17 4 8 4 48 5 59 47 4 35 4 32 43 4 8 4 18 4 15 4 32 28 4 5 4 30 4 83 60 4 52 4 59 4 77 59 4 5 4 24 4 43 4 63 6 4 14 4 24 4 60 4 
iteration 928 best: 0.919157 time: 357130
65 31 8 0 44 8 41 13 8 25 18 4 44 4 60 17 4 31 4 0 45 8 97 36 4 11 4 55 26 12 77 5 8 104 19 8 96 30 8 47 34 12 10 27 4 5 4 4 15 4 10 4 28 4 53 4 115 40 4 52 4 27 4 10 5 8 75 35 8 11 50 4 5 4 58 27 16 58 16 69 6 4 12 4 30 4 49 4 39 5 4 17 4 59 4 75 16 8 46 8 119 5 4 5 4 60 4 14 4 14 5 8 118 50 4 40 4 6 4 23 4 37 11 8 5 30 4 5 5 8 101 40 8 94 53 8 0 10 4 16 4 5 4 0 22 4 5 4 61 18 4 29 4 56 4 0 53 4 50 4 76 48 4 5 4 27 4 74 56 4 14 4 27 14 4 51 4 34 43 16 10 16 0 59 17 59 4 5 4 70 46 4 14 4 33 4 84 39 4 26 4 52 49 16 10 16 7 6 36 27 4 59 4 73 6 16 59 16 118 21 4 52 4 18 4 100 9 4 15 4 7 52 4 25 4 59 4 65 27 4 39 4 9 50 5 4 17 59 47 46 4 16 35 7 4 104 44 16 9 16 57 26 4 41 4 18 4 103 58 19 8 4 14 38 18 4 54 43 4 7 4 17 4 105 17 16 10 16 15 11 4 5 4 119 56 4 58 4 43 4 90 48 4 41 6 9 4 54 44 4 27 4 9 4 8 4 108 12 4 48 4 17 4 25 4 0 53 4 17 4 6 5 60 4 91 17 4 6 4 39 4 21 59 4 40 10 16 4 8 20 4 32 22 24 4 40 52 4 58 4 0 8 19 5 4 5 53 59 4 110 43 4 53 4 0 40 4 8 4 8 4 26 4 14 51 4 36 4 52 4 24 4 62 17 4 8 4 48 5 59 47 4 35 4 32 43 4 8 4 18 4 15 4 32 28 4 5 4 30 4 83 60 4 52 4 59 4 77 59 4 5 4 24 4 43 4 63 6 4 14 4 24 4 60 4 
iteration 947 best: 0.919157 time: 364412
65 31 8 0 44 8 41 13 8 25 18 4 44 4 60 17 4 31 4 0 45 8 97 36 4 11 4 55 26 12 77 5 8 104 19 8 96 30 8 47 34 12 10 27 4 5 4 4 15 4 10 4 28 4 53 4 115 40 4 52 4 27 4 10 5 8 75 35 8 11 50 4 5 4 58 27 16 58 16 69 6 4 12 4 30 4 49 4 39 5 4 17 4 59 4 75 16 8 46 8 119 5 4 5 4 60 4 14 4 14 5 8 118 50 4 40 4 6 4 23 4 37 11 8 5 30 4 5 5 8 101 40 8 94 53 8 0 10 4 16 4 5 4 0 22 4 5 4 61 18 4 29 4 56 4 0 53 4 50 4 76 48 4 5 4 27 4 74 56 4 14 4 27 14 4 51 4 34 43 16 10 16 0 59 17 59 4 5 4 70 46 4 14 4 33 4 84 39 4 26 4 52 49 16 10 16 7 6 36 27 4 59 4 73 6 16 59 16 118 21 4 52 4 18 4 100 9 4 15 4 7 52 4 25 4 59 4 65 27 4 39 4 9 50 5 4 17 59 47 46 4 16 35 7 4 104 44 16 9 16 57 26 4 41 4 18 4 103 58 19 8 4 14 38 18 4 54 43 4 7 4 17 4 105 17 16 10 16 15 11 4 5 4 119 56 4 58 4 43 4 90 48 4 41 6 9 4 54 44 4 27 4 9 4 8 4 108 12 4 48 4 17 4 25 4 0 53 4 17 4 6 5 60 4 91 17 4 6 4 39 4 21 59 4 40 10 16 4 8 20 4 32 22 24 4 40 52 4 58 4 0 8 19 5 4 5 53 59 4 110 43 4 53 4 0 40 4 8 4 8 4 26 4 14 51 4 36 4 52 4 24 4 62 17 4 8 4 48 5 59 47 4 35 4 32 43 4 8 4 18 4 15 4 32 28 4 5 4 30 4 83 60 4 52 4 59 4 77 59 4 5 4 24 4 43 4 63 6 4 14 4 24 4 60 4 
iteration 966 best: 0.919157 time: 371698
65 31 8 0 44 8 41 13 8 25 18 4 44 4 60 17 4 31 4 0 45 8 97 36 4 11 4 55 26 12 77 5 8 104 19 8 96 30 8 47 34 12 10 27 4 5 4 4 15 4 10 4 28 4 53 4 115 40 4 52 4 27 4 10 5 8 75 35 8 11 50 4 5 4 58 27 16 58 16 69 6 4 12 4 30 4 49 4 39 5 4 17 4 59 4 75 16 8 46 8 119 5 4 5 4 60 4 14 4 14 5 8 118 50 4 40 4 6 4 23 4 37 11 8 5 30 4 5 5 8 101 40 8 94 53 8 0 10 4 16 4 5 4 0 22 4 5 4 61 18 4 29 4 56 4 0 53 4 50 4 76 48 4 5 4 27 4 74 56 4 14 4 27 14 4 51 4 34 43 16 10 16 0 59 17 59 4 5 4 70 46 4 14 4 33 4 84 39 4 26 4 52 49 16 10 16 7 6 36 27 4 59 4 73 6 16 59 16 118 21 4 52 4 18 4 100 9 4 15 4 7 52 4 25 4 59 4 65 27 4 39 4 9 50 5 4 17 59 47 46 4 16 35 7 4 104 44 16 9 16 57 26 4 41 4 18 4 103 58 19 8 4 14 38 18 4 54 43 4 7 4 17 4 105 17 16 10 16 15 11 4 5 4 119 56 4 58 4 43 4 90 48 4 41 6 9 4 54 44 4 27 4 9 4 8 4 108 12 4 48 4 17 4 25 4 0 53 4 17 4 6 5 60 4 91 17 4 6 4 39 4 21 59 4 40 10 16 4 8 20 4 32 22 24 4 40 52 4 58 4 0 8 19 5 4 5 53 59 4 110 43 4 53 4 0 40 4 8 4 8 4 26 4 14 51 4 36 4 52 4 24 4 62 17 4 8 4 48 5 59 47 4 35 4 32 43 4 8 4 18 4 15 4 32 28 4 5 4 30 4 83 60 4 52 4 59 4 77 59 4 5 4 24 4 43 4 63 6 4 14 4 24 4 60 4 
iteration 985 best: 0.919157 time: 378953
65 31 8 0 44 8 41 13 8 25 18 4 44 4 60 17 4 31 4 0 45 8 97 36 4 11 4 55 26 12 77 5 8 104 19 8 96 30 8 47 34 12 10 27 4 5 4 4 15 4 10 4 28 4 53 4 115 40 4 52 4 27 4 10 5 8 75 35 8 11 50 4 5 4 58 27 16 58 16 69 6 4 12 4 30 4 49 4 39 5 4 17 4 59 4 75 16 8 46 8 119 5 4 5 4 60 4 14 4 14 5 8 118 50 4 40 4 6 4 23 4 37 11 8 5 30 4 5 5 8 101 40 8 94 53 8 0 10 4 16 4 5 4 0 22 4 5 4 61 18 4 29 4 56 4 0 53 4 50 4 76 48 4 5 4 27 4 74 56 4 14 4 27 14 4 51 4 34 43 16 10 16 0 59 17 59 4 5 4 70 46 4 14 4 33 4 84 39 4 26 4 52 49 16 10 16 7 6 36 27 4 59 4 73 6 16 59 16 118 21 4 52 4 18 4 100 9 4 15 4 7 52 4 25 4 59 4 65 27 4 39 4 9 50 5 4 17 59 47 46 4 16 35 7 4 104 44 16 9 16 57 26 4 41 4 18 4 103 58 19 8 4 14 38 18 4 54 43 4 7 4 17 4 105 17 16 10 16 15 11 4 5 4 119 56 4 58 4 43 4 90 48 4 41 6 9 4 54 44 4 27 4 9 4 8 4 108 12 4 48 4 17 4 25 4 0 53 4 17 4 6 5 60 4 91 17 4 6 4 39 4 21 59 4 40 10 16 4 8 20 4 32 22 24 4 40 52 4 58 4 0 8 19 5 4 5 53 59 4 110 43 4 53 4 0 40 4 8 4 8 4 26 4 14 51 4 36 4 52 4 24 4 62 17 4 8 4 48 5 59 47 4 35 4 32 43 4 8 4 18 4 15 4 32 28 4 5 4 30 4 83 60 4 52 4 59 4 77 59 4 5 4 24 4 43 4 63 6 4 14 4 24 4 60 4 
iteration 1004 best: 0.919157 time: 386238
65 31 8 0 44 8 41 13 8 25 18 4 44 4 60 17 4 31 4 0 45 8 97 36 4 11 4 55 26 12 77 5 8 104 19 8 96 30 8 47 34 12 10 27 4 5 4 4 15 4 10 4 28 4 53 4 115 40 4 52 4 27 4 10 5 8 75 35 8 11 50 4 5 4 58 27 16 58 16 69 6 4 12 4 30 4 49 4 39 5 4 17 4 59 4 75 16 8 46 8 119 5 4 5 4 60 4 14 4 14 5 8 118 50 4 40 4 6 4 23 4 37 11 8 5 30 4 5 5 8 101 40 8 94 53 8 0 10 4 16 4 5 4 0 22 4 5 4 61 18 4 29 4 56 4 0 53 4 50 4 76 48 4 5 4 27 4 74 56 4 14 4 27 14 4 51 4 34 43 16 10 16 0 59 17 59 4 5 4 70 46 4 14 4 33 4 84 39 4 26 4 52 49 16 10 16 7 6 36 27 4 59 4 73 6 16 59 16 118 21 4 52 4 18 4 100 9 4 15 4 7 52 4 25 4 59 4 65 27 4 39 4 9 50 5 4 17 59 47 46 4 16 35 7 4 104 44 16 9 16 57 26 4 41 4 18 4 103 58 19 8 4 14 38 18 4 54 43 4 7 4 17 4 105 17 16 10 16 15 11 4 5 4 119 56 4 58 4 43 4 90 48 4 41 6 9 4 54 44 4 27 4 9 4 8 4 108 12 4 48 4 17 4 25 4 0 53 4 17 4 6 5 60 4 91 17 4 6 4 39 4 21 59 4 40 10 16 4 8 20 4 32 22 24 4 40 52 4 58 4 0 8 19 5 4 5 53 59 4 110 43 4 53 4 0 40 4 8 4 8 4 26 4 14 51 4 36 4 52 4 24 4 62 17 4 8 4 48 5 59 47 4 35 4 32 43 4 8 4 18 4 15 4 32 28 4 5 4 30 4 83 60 4 52 4 59 4 77 59 4 5 4 24 4 43 4 63 6 4 14 4 24 4 60 4 
iteration 1023 best: 0.919157 time: 393511
65 31 8 0 44 8 41 13 8 25 18 4 44 4 60 17 4 31 4 0 45 8 97 36 4 11 4 55 26 12 77 5 8 104 19 8 96 30 8 47 34 12 10 27 4 5 4 4 15 4 10 4 28 4 53 4 115 40 4 52 4 27 4 10 5 8 75 35 8 11 50 4 5 4 58 27 16 58 16 69 6 4 12 4 30 4 49 4 39 5 4 17 4 59 4 75 16 8 46 8 119 5 4 5 4 60 4 14 4 14 5 8 118 50 4 40 4 6 4 23 4 37 11 8 5 30 4 5 5 8 101 40 8 94 53 8 0 10 4 16 4 5 4 0 22 4 5 4 61 18 4 29 4 56 4 0 53 4 50 4 76 48 4 5 4 27 4 74 56 4 14 4 27 14 4 51 4 34 43 16 10 16 0 59 17 59 4 5 4 70 46 4 14 4 33 4 84 39 4 26 4 52 49 16 10 16 7 6 36 27 4 59 4 73 6 16 59 16 118 21 4 52 4 18 4 100 9 4 15 4 7 52 4 25 4 59 4 65 27 4 39 4 9 50 5 4 17 59 47 46 4 16 35 7 4 104 44 16 9 16 57 26 4 41 4 18 4 103 58 19 8 4 14 38 18 4 54 43 4 7 4 17 4 105 17 16 10 16 15 11 4 5 4 119 56 4 58 4 43 4 90 48 4 41 6 9 4 54 44 4 27 4 9 4 8 4 108 12 4 48 4 17 4 25 4 0 53 4 17 4 6 5 60 4 91 17 4 6 4 39 4 21 59 4 40 10 16 4 8 20 4 32 22 24 4 40 52 4 58 4 0 8 19 5 4 5 53 59 4 110 43 4 53 4 0 40 4 8 4 8 4 26 4 14 51 4 36 4 52 4 24 4 62 17 4 8 4 48 5 59 47 4 35 4 32 43 4 8 4 18 4 15 4 32 28 4 5 4 30 4 83 60 4 52 4 59 4 77 59 4 5 4 24 4 43 4 63 6 4 14 4 24 4 60 4 
iteration 1042 best: 0.919157 time: 400788
65 31 8 0 44 8 41 13 8 25 18 4 44 4 60 17 4 31 4 0 45 8 97 36 4 11 4 55 26 12 77 5 8 104 19 8 96 30 8 47 34 12 10 27 4 5 4 4 15 4 10 4 28 4 53 4 115 40 4 52 4 27 4 10 5 8 75 35 8 11 50 4 5 4 58 27 16 58 16 69 6 4 12 4 30 4 49 4 39 5 4 17 4 59 4 75 16 8 46 8 119 5 4 5 4 60 4 14 4 14 5 8 118 50 4 40 4 6 4 23 4 37 11 8 5 30 4 5 5 8 101 40 8 94 53 8 0 10 4 16 4 5 4 0 22 4 5 4 61 18 4 29 4 56 4 0 53 4 50 4 76 48 4 5 4 27 4 74 56 4 14 4 27 14 4 51 4 34 43 16 10 16 0 59 17 59 4 5 4 70 46 4 14 4 33 4 84 39 4 26 4 52 49 16 10 16 7 6 36 27 4 59 4 73 6 16 59 16 118 21 4 52 4 18 4 100 9 4 15 4 7 52 4 25 4 59 4 65 27 4 39 4 9 50 5 4 17 59 47 46 4 16 35 7 4 104 44 16 9 16 57 26 4 41 4 18 4 103 58 19 8 4 14 38 18 4 54 43 4 7 4 17 4 105 17 16 10 16 15 11 4 5 4 119 56 4 58 4 43 4 90 48 4 41 6 9 4 54 44 4 27 4 9 4 8 4 108 12 4 48 4 17 4 25 4 0 53 4 17 4 6 5 60 4 91 17 4 6 4 39 4 21 59 4 40 10 16 4 8 20 4 32 22 24 4 40 52 4 58 4 0 8 19 5 4 5 53 59 4 110 43 4 53 4 0 40 4 8 4 8 4 26 4 14 51 4 36 4 52 4 24 4 62 17 4 8 4 48 5 59 47 4 35 4 32 43 4 8 4 18 4 15 4 32 28 4 5 4 30 4 83 60 4 52 4 59 4 77 59 4 5 4 24 4 43 4 63 6 4 14 4 24 4 60 4 
iteration 1061 best: 0.919157 time: 408064
65 31 8 0 44 8 41 13 8 25 18 4 44 4 60 17 4 31 4 0 45 8 97 36 4 11 4 55 26 12 77 5 8 104 19 8 96 30 8 47 34 12 10 27 4 5 4 4 15 4 10 4 28 4 53 4 115 40 4 52 4 27 4 10 5 8 75 35 8 11 50 4 5 4 58 27 16 58 16 69 6 4 12 4 30 4 49 4 39 5 4 17 4 59 4 75 16 8 46 8 119 5 4 5 4 60 4 14 4 14 5 8 118 50 4 40 4 6 4 23 4 37 11 8 5 30 4 5 5 8 101 40 8 94 53 8 0 10 4 16 4 5 4 0 22 4 5 4 61 18 4 29 4 56 4 0 53 4 50 4 76 48 4 5 4 27 4 74 56 4 14 4 27 14 4 51 4 34 43 16 10 16 0 59 17 59 4 5 4 70 46 4 14 4 33 4 84 39 4 26 4 52 49 16 10 16 7 6 36 27 4 59 4 73 6 16 59 16 118 21 4 52 4 18 4 100 9 4 15 4 7 52 4 25 4 59 4 65 27 4 39 4 9 50 5 4 17 59 47 46 4 16 35 7 4 104 44 16 9 16 57 26 4 41 4 18 4 103 58 19 8 4 14 38 18 4 54 43 4 7 4 17 4 105 17 16 10 16 15 11 4 5 4 119 56 4 58 4 43 4 90 48 4 41 6 9 4 54 44 4 27 4 9 4 8 4 108 12 4 48 4 17 4 25 4 0 53 4 17 4 6 5 60 4 91 17 4 6 4 39 4 21 59 4 40 10 16 4 8 20 4 32 22 24 4 40 52 4 58 4 0 8 19 5 4 5 53 59 4 110 43 4 53 4 0 40 4 8 4 8 4 26 4 14 51 4 36 4 52 4 24 4 62 17 4 8 4 48 5 59 47 4 35 4 32 43 4 8 4 18 4 15 4 32 28 4 5 4 30 4 83 60 4 52 4 59 4 77 59 4 5 4 24 4 43 4 63 6 4 14 4 24 4 60 4 
iteration 1080 best: 0.919157 time: 415329
65 31 8 0 44 8 41 13 8 25 18 4 44 4 60 17 4 31 4 0 45 8 97 36 4 11 4 55 26 12 77 5 8 104 19 8 96 30 8 47 34 12 10 27 4 5 4 4 15 4 10 4 28 4 53 4 115 40 4 52 4 27 4 10 5 8 75 35 8 11 50 4 5 4 58 27 16 58 16 69 6 4 12 4 30 4 49 4 39 5 4 17 4 59 4 75 16 8 46 8 119 5 4 5 4 60 4 14 4 14 5 8 118 50 4 40 4 6 4 23 4 37 11 8 5 30 4 5 5 8 101 40 8 94 53 8 0 10 4 16 4 5 4 0 22 4 5 4 61 18 4 29 4 56 4 0 53 4 50 4 76 48 4 5 4 27 4 74 56 4 14 4 27 14 4 51 4 34 43 16 10 16 0 59 17 59 4 5 4 70 46 4 14 4 33 4 84 39 4 26 4 52 49 16 10 16 7 6 36 27 4 59 4 73 6 16 59 16 118 21 4 52 4 18 4 100 9 4 15 4 7 52 4 25 4 59 4 65 27 4 39 4 9 50 5 4 17 59 47 46 4 16 35 7 4 104 44 16 9 16 57 26 4 41 4 18 4 103 58 19 8 4 14 38 18 4 54 43 4 7 4 17 4 105 17 16 10 16 15 11 4 5 4 119 56 4 58 4 43 4 90 48 4 41 6 9 4 54 44 4 27 4 9 4 8 4 108 12 4 48 4 17 4 25 4 0 53 4 17 4 6 5 60 4 91 17 4 6 4 39 4 21 59 4 40 10 16 4 8 20 4 32 22 24 4 40 52 4 58 4 0 8 19 5 4 5 53 59 4 110 43 4 53 4 0 40 4 8 4 8 4 26 4 14 51 4 36 4 52 4 24 4 62 17 4 8 4 48 5 59 47 4 35 4 32 43 4 8 4 18 4 15 4 32 28 4 5 4 30 4 83 60 4 52 4 59 4 77 59 4 5 4 24 4 43 4 63 6 4 14 4 24 4 60 4 
iteration 1099 best: 0.919157 time: 422584
65 31 8 0 44 8 41 13 8 25 18 4 44 4 60 17 4 31 4 0 45 8 97 36 4 11 4 55 26 12 77 5 8 104 19 8 96 30 8 47 34 12 10 27 4 5 4 4 15 4 10 4 28 4 53 4 115 40 4 52 4 27 4 10 5 8 75 35 8 11 50 4 5 4 58 27 16 58 16 69 6 4 12 4 30 4 49 4 39 5 4 17 4 59 4 75 16 8 46 8 119 5 4 5 4 60 4 14 4 14 5 8 118 50 4 40 4 6 4 23 4 37 11 8 5 30 4 5 5 8 101 40 8 94 53 8 0 10 4 16 4 5 4 0 22 4 5 4 61 18 4 29 4 56 4 0 53 4 50 4 76 48 4 5 4 27 4 74 56 4 14 4 27 14 4 51 4 34 43 16 10 16 0 59 17 59 4 5 4 70 46 4 14 4 33 4 84 39 4 26 4 52 49 16 10 16 7 6 36 27 4 59 4 73 6 16 59 16 118 21 4 52 4 18 4 100 9 4 15 4 7 52 4 25 4 59 4 65 27 4 39 4 9 50 5 4 17 59 47 46 4 16 35 7 4 104 44 16 9 16 57 26 4 41 4 18 4 103 58 19 8 4 14 38 18 4 54 43 4 7 4 17 4 105 17 16 10 16 15 11 4 5 4 119 56 4 58 4 43 4 90 48 4 41 6 9 4 54 44 4 27 4 9 4 8 4 108 12 4 48 4 17 4 25 4 0 53 4 17 4 6 5 60 4 91 17 4 6 4 39 4 21 59 4 40 10 16 4 8 20 4 32 22 24 4 40 52 4 58 4 0 8 19 5 4 5 53 59 4 110 43 4 53 4 0 40 4 8 4 8 4 26 4 14 51 4 36 4 52 4 24 4 62 17 4 8 4 48 5 59 47 4 35 4 32 43 4 8 4 18 4 15 4 32 28 4 5 4 30 4 83 60 4 52 4 59 4 77 59 4 5 4 24 4 43 4 63 6 4 14 4 24 4 60 4 
iteration 1118 best: 0.919157 time: 429892
65 31 8 0 44 8 41 13 8 25 18 4 44 4 60 17 4 31 4 0 45 8 97 36 4 11 4 55 26 12 77 5 8 104 19 8 96 30 8 47 34 12 10 27 4 5 4 4 15 4 10 4 28 4 53 4 115 40 4 52 4 27 4 10 5 8 75 35 8 11 50 4 5 4 58 27 16 58 16 69 6 4 12 4 30 4 49 4 39 5 4 17 4 59 4 75 16 8 46 8 119 5 4 5 4 60 4 14 4 14 5 8 118 50 4 40 4 6 4 23 4 37 11 8 5 30 4 5 5 8 101 40 8 94 53 8 0 10 4 16 4 5 4 0 22 4 5 4 61 18 4 29 4 56 4 0 53 4 50 4 76 48 4 5 4 27 4 74 56 4 14 4 27 14 4 51 4 34 43 16 10 16 0 59 17 59 4 5 4 70 46 4 14 4 33 4 84 39 4 26 4 52 49 16 10 16 7 6 36 27 4 59 4 73 6 16 59 16 118 21 4 52 4 18 4 100 9 4 15 4 7 52 4 25 4 59 4 65 27 4 39 4 9 50 5 4 17 59 47 46 4 16 35 7 4 104 44 16 9 16 57 26 4 41 4 18 4 103 58 19 8 4 14 38 18 4 54 43 4 7 4 17 4 105 17 16 10 16 15 11 4 5 4 119 56 4 58 4 43 4 90 48 4 41 6 9 4 54 44 4 27 4 9 4 8 4 108 12 4 48 4 17 4 25 4 0 53 4 17 4 6 5 60 4 91 17 4 6 4 39 4 21 59 4 40 10 16 4 8 20 4 32 22 24 4 40 52 4 58 4 0 8 19 5 4 5 53 59 4 110 43 4 53 4 0 40 4 8 4 8 4 26 4 14 51 4 36 4 52 4 24 4 62 17 4 8 4 48 5 59 47 4 35 4 32 43 4 8 4 18 4 15 4 32 28 4 5 4 30 4 83 60 4 52 4 59 4 77 59 4 5 4 24 4 43 4 63 6 4 14 4 24 4 60 4 
iteration 1137 best: 0.919157 time: 437168
65 31 8 0 44 8 41 13 8 25 18 4 44 4 60 17 4 31 4 0 45 8 97 36 4 11 4 55 26 12 77 5 8 104 19 8 96 30 8 47 34 12 10 27 4 5 4 4 15 4 10 4 28 4 53 4 115 40 4 52 4 27 4 10 5 8 75 35 8 11 50 4 5 4 58 27 16 58 16 69 6 4 12 4 30 4 49 4 39 5 4 17 4 59 4 75 16 8 46 8 119 5 4 5 4 60 4 14 4 14 5 8 118 50 4 40 4 6 4 23 4 37 11 8 5 30 4 5 5 8 101 40 8 94 53 8 0 10 4 16 4 5 4 0 22 4 5 4 61 18 4 29 4 56 4 0 53 4 50 4 76 48 4 5 4 27 4 74 56 4 14 4 27 14 4 51 4 34 43 16 10 16 0 59 17 59 4 5 4 70 46 4 14 4 33 4 84 39 4 26 4 52 49 16 10 16 7 6 36 27 4 59 4 73 6 16 59 16 118 21 4 52 4 18 4 100 9 4 15 4 7 52 4 25 4 59 4 65 27 4 39 4 9 50 5 4 17 59 47 46 4 16 35 7 4 104 44 16 9 16 57 26 4 41 4 18 4 103 58 19 8 4 14 38 18 4 54 43 4 7 4 17 4 105 17 16 10 16 15 11 4 5 4 119 56 4 58 4 43 4 90 48 4 41 6 9 4 54 44 4 27 4 9 4 8 4 108 12 4 48 4 17 4 25 4 0 53 4 17 4 6 5 60 4 91 17 4 6 4 39 4 21 59 4 40 10 16 4 8 20 4 32 22 24 4 40 52 4 58 4 0 8 19 5 4 5 53 59 4 110 43 4 53 4 0 40 4 8 4 8 4 26 4 14 51 4 36 4 52 4 24 4 62 17 4 8 4 48 5 59 47 4 35 4 32 43 4 8 4 18 4 15 4 32 28 4 5 4 30 4 83 60 4 52 4 59 4 77 59 4 5 4 24 4 43 4 63 6 4 14 4 24 4 60 4 
iteration 1156 best: 0.919157 time: 444439
65 31 8 0 44 8 41 13 8 25 18 4 44 4 60 17 4 31 4 0 45 8 97 36 4 11 4 55 26 12 77 5 8 104 19 8 96 30 8 47 34 12 10 27 4 5 4 4 15 4 10 4 28 4 53 4 115 40 4 52 4 27 4 10 5 8 75 35 8 11 50 4 5 4 58 27 16 58 16 69 6 4 12 4 30 4 49 4 39 5 4 17 4 59 4 75 16 8 46 8 119 5 4 5 4 60 4 14 4 14 5 8 118 50 4 40 4 6 4 23 4 37 11 8 5 30 4 5 5 8 101 40 8 94 53 8 0 10 4 16 4 5 4 0 22 4 5 4 61 18 4 29 4 56 4 0 53 4 50 4 76 48 4 5 4 27 4 74 56 4 14 4 27 14 4 51 4 34 43 16 10 16 0 59 17 59 4 5 4 70 46 4 14 4 33 4 84 39 4 26 4 52 49 16 10 16 7 6 36 27 4 59 4 73 6 16 59 16 118 21 4 52 4 18 4 100 9 4 15 4 7 52 4 25 4 59 4 65 27 4 39 4 9 50 5 4 17 59 47 46 4 16 35 7 4 104 44 16 9 16 57 26 4 41 4 18 4 103 58 19 8 4 14 38 18 4 54 43 4 7 4 17 4 105 17 16 10 16 15 11 4 5 4 119 56 4 58 4 43 4 90 48 4 41 6 9 4 54 44 4 27 4 9 4 8 4 108 12 4 48 4 17 4 25 4 0 53 4 17 4 6 5 60 4 91 17 4 6 4 39 4 21 59 4 40 10 16 4 8 20 4 32 22 24 4 40 52 4 58 4 0 8 19 5 4 5 53 59 4 110 43 4 53 4 0 40 4 8 4 8 4 26 4 14 51 4 36 4 52 4 24 4 62 17 4 8 4 48 5 59 47 4 35 4 32 43 4 8 4 18 4 15 4 32 28 4 5 4 30 4 83 60 4 52 4 59 4 77 59 4 5 4 24 4 43 4 63 6 4 14 4 24 4 60 4 
iteration 1175 best: 0.919157 time: 451700
65 31 8 0 44 8 41 13 8 25 18 4 44 4 60 17 4 31 4 0 45 8 97 36 4 11 4 55 26 12 77 5 8 104 19 8 96 30 8 47 34 12 10 27 4 5 4 4 15 4 10 4 28 4 53 4 115 40 4 52 4 27 4 10 5 8 75 35 8 11 50 4 5 4 58 27 16 58 16 69 6 4 12 4 30 4 49 4 39 5 4 17 4 59 4 75 16 8 46 8 119 5 4 5 4 60 4 14 4 14 5 8 118 50 4 40 4 6 4 23 4 37 11 8 5 30 4 5 5 8 101 40 8 94 53 8 0 10 4 16 4 5 4 0 22 4 5 4 61 18 4 29 4 56 4 0 53 4 50 4 76 48 4 5 4 27 4 74 56 4 14 4 27 14 4 51 4 34 43 16 10 16 0 59 17 59 4 5 4 70 46 4 14 4 33 4 84 39 4 26 4 52 49 16 10 16 7 6 36 27 4 59 4 73 6 16 59 16 118 21 4 52 4 18 4 100 9 4 15 4 7 52 4 25 4 59 4 65 27 4 39 4 9 50 5 4 17 59 47 46 4 16 35 7 4 104 44 16 9 16 57 26 4 41 4 18 4 103 58 19 8 4 14 38 18 4 54 43 4 7 4 17 4 105 17 16 10 16 15 11 4 5 4 119 56 4 58 4 43 4 90 48 4 41 6 9 4 54 44 4 27 4 9 4 8 4 108 12 4 48 4 17 4 25 4 0 53 4 17 4 6 5 60 4 91 17 4 6 4 39 4 21 59 4 40 10 16 4 8 20 4 32 22 24 4 40 52 4 58 4 0 8 19 5 4 5 53 59 4 110 43 4 53 4 0 40 4 8 4 8 4 26 4 14 51 4 36 4 52 4 24 4 62 17 4 8 4 48 5 59 47 4 35 4 32 43 4 8 4 18 4 15 4 32 28 4 5 4 30 4 83 60 4 52 4 59 4 77 59 4 5 4 24 4 43 4 63 6 4 14 4 24 4 60 4 
iteration 1194 best: 0.919157 time: 458965
65 31 8 0 44 8 41 13 8 25 18 4 44 4 60 17 4 31 4 0 45 8 97 36 4 11 4 55 26 12 77 5 8 104 19 8 96 30 8 47 34 12 10 27 4 5 4 4 15 4 10 4 28 4 53 4 115 40 4 52 4 27 4 10 5 8 75 35 8 11 50 4 5 4 58 27 16 58 16 69 6 4 12 4 30 4 49 4 39 5 4 17 4 59 4 75 16 8 46 8 119 5 4 5 4 60 4 14 4 14 5 8 118 50 4 40 4 6 4 23 4 37 11 8 5 30 4 5 5 8 101 40 8 94 53 8 0 10 4 16 4 5 4 0 22 4 5 4 61 18 4 29 4 56 4 0 53 4 50 4 76 48 4 5 4 27 4 74 56 4 14 4 27 14 4 51 4 34 43 16 10 16 0 59 17 59 4 5 4 70 46 4 14 4 33 4 84 39 4 26 4 52 49 16 10 16 7 6 36 27 4 59 4 73 6 16 59 16 118 21 4 52 4 18 4 100 9 4 15 4 7 52 4 25 4 59 4 65 27 4 39 4 9 50 5 4 17 59 47 46 4 16 35 7 4 104 44 16 9 16 57 26 4 41 4 18 4 103 58 19 8 4 14 38 18 4 54 43 4 7 4 17 4 105 17 16 10 16 15 11 4 5 4 119 56 4 58 4 43 4 90 48 4 41 6 9 4 54 44 4 27 4 9 4 8 4 108 12 4 48 4 17 4 25 4 0 53 4 17 4 6 5 60 4 91 17 4 6 4 39 4 21 59 4 40 10 16 4 8 20 4 32 22 24 4 40 52 4 58 4 0 8 19 5 4 5 53 59 4 110 43 4 53 4 0 40 4 8 4 8 4 26 4 14 51 4 36 4 52 4 24 4 62 17 4 8 4 48 5 59 47 4 35 4 32 43 4 8 4 18 4 15 4 32 28 4 5 4 30 4 83 60 4 52 4 59 4 77 59 4 5 4 24 4 43 4 63 6 4 14 4 24 4 60 4 
iteration 1213 best: 0.919157 time: 466232
65 31 8 0 44 8 41 13 8 25 18 4 44 4 60 17 4 31 4 0 45 8 97 36 4 11 4 55 26 12 77 5 8 104 19 8 96 30 8 47 34 12 10 27 4 5 4 4 15 4 10 4 28 4 53 4 115 40 4 52 4 27 4 10 5 8 75 35 8 11 50 4 5 4 58 27 16 58 16 69 6 4 12 4 30 4 49 4 39 5 4 17 4 59 4 75 16 8 46 8 119 5 4 5 4 60 4 14 4 14 5 8 118 50 4 40 4 6 4 23 4 37 11 8 5 30 4 5 5 8 101 40 8 94 53 8 0 10 4 16 4 5 4 0 22 4 5 4 61 18 4 29 4 56 4 0 53 4 50 4 76 48 4 5 4 27 4 74 56 4 14 4 27 14 4 51 4 34 43 16 10 16 0 59 17 59 4 5 4 70 46 4 14 4 33 4 84 39 4 26 4 52 49 16 10 16 7 6 36 27 4 59 4 73 6 16 59 16 118 21 4 52 4 18 4 100 9 4 15 4 7 52 4 25 4 59 4 65 27 4 39 4 9 50 5 4 17 59 47 46 4 16 35 7 4 104 44 16 9 16 57 26 4 41 4 18 4 103 58 19 8 4 14 38 18 4 54 43 4 7 4 17 4 105 17 16 10 16 15 11 4 5 4 119 56 4 58 4 43 4 90 48 4 41 6 9 4 54 44 4 27 4 9 4 8 4 108 12 4 48 4 17 4 25 4 0 53 4 17 4 6 5 60 4 91 17 4 6 4 39 4 21 59 4 40 10 16 4 8 20 4 32 22 24 4 40 52 4 58 4 0 8 19 5 4 5 53 59 4 110 43 4 53 4 0 40 4 8 4 8 4 26 4 14 51 4 36 4 52 4 24 4 62 17 4 8 4 48 5 59 47 4 35 4 32 43 4 8 4 18 4 15 4 32 28 4 5 4 30 4 83 60 4 52 4 59 4 77 59 4 5 4 24 4 43 4 63 6 4 14 4 24 4 60 4 
iteration 1232 best: 0.919157 time: 473517
65 31 8 0 44 8 41 13 8 25 18 4 44 4 60 17 4 31 4 0 45 8 97 36 4 11 4 55 26 12 77 5 8 104 19 8 96 30 8 47 34 12 10 27 4 5 4 4 15 4 10 4 28 4 53 4 115 40 4 52 4 27 4 10 5 8 75 35 8 11 50 4 5 4 58 27 16 58 16 69 6 4 12 4 30 4 49 4 39 5 4 17 4 59 4 75 16 8 46 8 119 5 4 5 4 60 4 14 4 14 5 8 118 50 4 40 4 6 4 23 4 37 11 8 5 30 4 5 5 8 101 40 8 94 53 8 0 10 4 16 4 5 4 0 22 4 5 4 61 18 4 29 4 56 4 0 53 4 50 4 76 48 4 5 4 27 4 74 56 4 14 4 27 14 4 51 4 34 43 16 10 16 0 59 17 59 4 5 4 70 46 4 14 4 33 4 84 39 4 26 4 52 49 16 10 16 7 6 36 27 4 59 4 73 6 16 59 16 118 21 4 52 4 18 4 100 9 4 15 4 7 52 4 25 4 59 4 65 27 4 39 4 9 50 5 4 17 59 47 46 4 16 35 7 4 104 44 16 9 16 57 26 4 41 4 18 4 103 58 19 8 4 14 38 18 4 54 43 4 7 4 17 4 105 17 16 10 16 15 11 4 5 4 119 56 4 58 4 43 4 90 48 4 41 6 9 4 54 44 4 27 4 9 4 8 4 108 12 4 48 4 17 4 25 4 0 53 4 17 4 6 5 60 4 91 17 4 6 4 39 4 21 59 4 40 10 16 4 8 20 4 32 22 24 4 40 52 4 58 4 0 8 19 5 4 5 53 59 4 110 43 4 53 4 0 40 4 8 4 8 4 26 4 14 51 4 36 4 52 4 24 4 62 17 4 8 4 48 5 59 47 4 35 4 32 43 4 8 4 18 4 15 4 32 28 4 5 4 30 4 83 60 4 52 4 59 4 77 59 4 5 4 24 4 43 4 63 6 4 14 4 24 4 60 4 
iteration 1251 best: 0.919157 time: 480797
65 31 8 0 44 8 41 13 8 25 18 4 44 4 60 17 4 31 4 0 45 8 97 36 4 11 4 55 26 12 77 5 8 104 19 8 96 30 8 47 34 12 10 27 4 5 4 4 15 4 10 4 28 4 53 4 115 40 4 52 4 27 4 10 5 8 75 35 8 11 50 4 5 4 58 27 16 58 16 69 6 4 12 4 30 4 49 4 39 5 4 17 4 59 4 75 16 8 46 8 119 5 4 5 4 60 4 14 4 14 5 8 118 50 4 40 4 6 4 23 4 37 11 8 5 30 4 5 5 8 101 40 8 94 53 8 0 10 4 16 4 5 4 0 22 4 5 4 61 18 4 29 4 56 4 0 53 4 50 4 76 48 4 5 4 27 4 74 56 4 14 4 27 14 4 51 4 34 43 16 10 16 0 59 17 59 4 5 4 70 46 4 14 4 33 4 84 39 4 26 4 52 49 16 10 16 7 6 36 27 4 59 4 73 6 16 59 16 118 21 4 52 4 18 4 100 9 4 15 4 7 52 4 25 4 59 4 65 27 4 39 4 9 50 5 4 17 59 47 46 4 16 35 7 4 104 44 16 9 16 57 26 4 41 4 18 4 103 58 19 8 4 14 38 18 4 54 43 4 7 4 17 4 105 17 16 10 16 15 11 4 5 4 119 56 4 58 4 43 4 90 48 4 41 6 9 4 54 44 4 27 4 9 4 8 4 108 12 4 48 4 17 4 25 4 0 53 4 17 4 6 5 60 4 91 17 4 6 4 39 4 21 59 4 40 10 16 4 8 20 4 32 22 24 4 40 52 4 58 4 0 8 19 5 4 5 53 59 4 110 43 4 53 4 0 40 4 8 4 8 4 26 4 14 51 4 36 4 52 4 24 4 62 17 4 8 4 48 5 59 47 4 35 4 32 43 4 8 4 18 4 15 4 32 28 4 5 4 30 4 83 60 4 52 4 59 4 77 59 4 5 4 24 4 43 4 63 6 4 14 4 24 4 60 4 
iteration 1270 best: 0.919157 time: 488068
65 31 8 0 44 8 41 13 8 25 18 4 44 4 60 17 4 31 4 0 45 8 97 36 4 11 4 55 26 12 77 5 8 104 19 8 96 30 8 47 34 12 10 27 4 5 4 4 15 4 10 4 28 4 53 4 115 40 4 52 4 27 4 10 5 8 75 35 8 11 50 4 5 4 58 27 16 58 16 69 6 4 12 4 30 4 49 4 39 5 4 17 4 59 4 75 16 8 46 8 119 5 4 5 4 60 4 14 4 14 5 8 118 50 4 40 4 6 4 23 4 37 11 8 5 30 4 5 5 8 101 40 8 94 53 8 0 10 4 16 4 5 4 0 22 4 5 4 61 18 4 29 4 56 4 0 53 4 50 4 76 48 4 5 4 27 4 74 56 4 14 4 27 14 4 51 4 34 43 16 10 16 0 59 17 59 4 5 4 70 46 4 14 4 33 4 84 39 4 26 4 52 49 16 10 16 7 6 36 27 4 59 4 73 6 16 59 16 118 21 4 52 4 18 4 100 9 4 15 4 7 52 4 25 4 59 4 65 27 4 39 4 9 50 5 4 17 59 47 46 4 16 35 7 4 104 44 16 9 16 57 26 4 41 4 18 4 103 58 19 8 4 14 38 18 4 54 43 4 7 4 17 4 105 17 16 10 16 15 11 4 5 4 119 56 4 58 4 43 4 90 48 4 41 6 9 4 54 44 4 27 4 9 4 8 4 108 12 4 48 4 17 4 25 4 0 53 4 17 4 6 5 60 4 91 17 4 6 4 39 4 21 59 4 40 10 16 4 8 20 4 32 22 24 4 40 52 4 58 4 0 8 19 5 4 5 53 59 4 110 43 4 53 4 0 40 4 8 4 8 4 26 4 14 51 4 36 4 52 4 24 4 62 17 4 8 4 48 5 59 47 4 35 4 32 43 4 8 4 18 4 15 4 32 28 4 5 4 30 4 83 60 4 52 4 59 4 77 59 4 5 4 24 4 43 4 63 6 4 14 4 24 4 60 4 
iteration 1289 best: 0.919157 time: 495340
65 31 8 0 44 8 41 13 8 25 18 4 44 4 60 17 4 31 4 0 45 8 97 36 4 11 4 55 26 12 77 5 8 104 19 8 96 30 8 47 34 12 10 27 4 5 4 4 15 4 10 4 28 4 53 4 115 40 4 52 4 27 4 10 5 8 75 35 8 11 50 4 5 4 58 27 16 58 16 69 6 4 12 4 30 4 49 4 39 5 4 17 4 59 4 75 16 8 46 8 119 5 4 5 4 60 4 14 4 14 5 8 118 50 4 40 4 6 4 23 4 37 11 8 5 30 4 5 5 8 101 40 8 94 53 8 0 10 4 16 4 5 4 0 22 4 5 4 61 18 4 29 4 56 4 0 53 4 50 4 76 48 4 5 4 27 4 74 56 4 14 4 27 14 4 51 4 34 43 16 10 16 0 59 17 59 4 5 4 70 46 4 14 4 33 4 84 39 4 26 4 52 49 16 10 16 7 6 36 27 4 59 4 73 6 16 59 16 118 21 4 52 4 18 4 100 9 4 15 4 7 52 4 25 4 59 4 65 27 4 39 4 9 50 5 4 17 59 47 46 4 16 35 7 4 104 44 16 9 16 57 26 4 41 4 18 4 103 58 19 8 4 14 38 18 4 54 43 4 7 4 17 4 105 17 16 10 16 15 11 4 5 4 119 56 4 58 4 43 4 90 48 4 41 6 9 4 54 44 4 27 4 9 4 8 4 108 12 4 48 4 17 4 25 4 0 53 4 17 4 6 5 60 4 91 17 4 6 4 39 4 21 59 4 40 10 16 4 8 20 4 32 22 24 4 40 52 4 58 4 0 8 19 5 4 5 53 59 4 110 43 4 53 4 0 40 4 8 4 8 4 26 4 14 51 4 36 4 52 4 24 4 62 17 4 8 4 48 5 59 47 4 35 4 32 43 4 8 4 18 4 15 4 32 28 4 5 4 30 4 83 60 4 52 4 59 4 77 59 4 5 4 24 4 43 4 63 6 4 14 4 24 4 60 4 
iteration 1308 best: 0.919157 time: 502616
65 31 8 0 44 8 41 13 8 25 18 4 44 4 60 17 4 31 4 0 45 8 97 36 4 11 4 55 26 12 77 5 8 104 19 8 96 30 8 47 34 12 10 27 4 5 4 4 15 4 10 4 28 4 53 4 115 40 4 52 4 27 4 10 5 8 75 35 8 11 50 4 5 4 58 27 16 58 16 69 6 4 12 4 30 4 49 4 39 5 4 17 4 59 4 75 16 8 46 8 119 5 4 5 4 60 4 14 4 14 5 8 118 50 4 40 4 6 4 23 4 37 11 8 5 30 4 5 5 8 101 40 8 94 53 8 0 10 4 16 4 5 4 0 22 4 5 4 61 18 4 29 4 56 4 0 53 4 50 4 76 48 4 5 4 27 4 74 56 4 14 4 27 14 4 51 4 34 43 16 10 16 0 59 17 59 4 5 4 70 46 4 14 4 33 4 84 39 4 26 4 52 49 16 10 16 7 6 36 27 4 59 4 73 6 16 59 16 118 21 4 52 4 18 4 100 9 4 15 4 7 52 4 25 4 59 4 65 27 4 39 4 9 50 5 4 17 59 47 46 4 16 35 7 4 104 44 16 9 16 57 26 4 41 4 18 4 103 58 19 8 4 14 38 18 4 54 43 4 7 4 17 4 105 17 16 10 16 15 11 4 5 4 119 56 4 58 4 43 4 90 48 4 41 6 9 4 54 44 4 27 4 9 4 8 4 108 12 4 48 4 17 4 25 4 0 53 4 17 4 6 5 60 4 91 17 4 6 4 39 4 21 59 4 40 10 16 4 8 20 4 32 22 24 4 40 52 4 58 4 0 8 19 5 4 5 53 59 4 110 43 4 53 4 0 40 4 8 4 8 4 26 4 14 51 4 36 4 52 4 24 4 62 17 4 8 4 48 5 59 47 4 35 4 32 43 4 8 4 18 4 15 4 32 28 4 5 4 30 4 83 60 4 52 4 59 4 77 59 4 5 4 24 4 43 4 63 6 4 14 4 24 4 60 4 
iteration 1327 best: 0.919157 time: 509900
65 31 8 0 44 8 41 13 8 25 18 4 44 4 60 17 4 31 4 0 45 8 97 36 4 11 4 55 26 12 77 5 8 104 19 8 96 30 8 47 34 12 10 27 4 5 4 4 15 4 10 4 28 4 53 4 115 40 4 52 4 27 4 10 5 8 75 35 8 11 50 4 5 4 58 27 16 58 16 69 6 4 12 4 30 4 49 4 39 5 4 17 4 59 4 75 16 8 46 8 119 5 4 5 4 60 4 14 4 14 5 8 118 50 4 40 4 6 4 23 4 37 11 8 5 30 4 5 5 8 101 40 8 94 53 8 0 10 4 16 4 5 4 0 22 4 5 4 61 18 4 29 4 56 4 0 53 4 50 4 76 48 4 5 4 27 4 74 56 4 14 4 27 14 4 51 4 34 43 16 10 16 0 59 17 59 4 5 4 70 46 4 14 4 33 4 84 39 4 26 4 52 49 16 10 16 7 6 36 27 4 59 4 73 6 16 59 16 118 21 4 52 4 18 4 100 9 4 15 4 7 52 4 25 4 59 4 65 27 4 39 4 9 50 5 4 17 59 47 46 4 16 35 7 4 104 44 16 9 16 57 26 4 41 4 18 4 103 58 19 8 4 14 38 18 4 54 43 4 7 4 17 4 105 17 16 10 16 15 11 4 5 4 119 56 4 58 4 43 4 90 48 4 41 6 9 4 54 44 4 27 4 9 4 8 4 108 12 4 48 4 17 4 25 4 0 53 4 17 4 6 5 60 4 91 17 4 6 4 39 4 21 59 4 40 10 16 4 8 20 4 32 22 24 4 40 52 4 58 4 0 8 19 5 4 5 53 59 4 110 43 4 53 4 0 40 4 8 4 8 4 26 4 14 51 4 36 4 52 4 24 4 62 17 4 8 4 48 5 59 47 4 35 4 32 43 4 8 4 18 4 15 4 32 28 4 5 4 30 4 83 60 4 52 4 59 4 77 59 4 5 4 24 4 43 4 63 6 4 14 4 24 4 60 4 
iteration 1346 best: 0.919157 time: 517203
65 31 8 0 44 8 41 13 8 25 18 4 44 4 60 17 4 31 4 0 45 8 97 36 4 11 4 55 26 12 77 5 8 104 19 8 96 30 8 47 34 12 10 27 4 5 4 4 15 4 10 4 28 4 53 4 115 40 4 52 4 27 4 10 5 8 75 35 8 11 50 4 5 4 58 27 16 58 16 69 6 4 12 4 30 4 49 4 39 5 4 17 4 59 4 75 16 8 46 8 119 5 4 5 4 60 4 14 4 14 5 8 118 50 4 40 4 6 4 23 4 37 11 8 5 30 4 5 5 8 101 40 8 94 53 8 0 10 4 16 4 5 4 0 22 4 5 4 61 18 4 29 4 56 4 0 53 4 50 4 76 48 4 5 4 27 4 74 56 4 14 4 27 14 4 51 4 34 43 16 10 16 0 59 17 59 4 5 4 70 46 4 14 4 33 4 84 39 4 26 4 52 49 16 10 16 7 6 36 27 4 59 4 73 6 16 59 16 118 21 4 52 4 18 4 100 9 4 15 4 7 52 4 25 4 59 4 65 27 4 39 4 9 50 5 4 17 59 47 46 4 16 35 7 4 104 44 16 9 16 57 26 4 41 4 18 4 103 58 19 8 4 14 38 18 4 54 43 4 7 4 17 4 105 17 16 10 16 15 11 4 5 4 119 56 4 58 4 43 4 90 48 4 41 6 9 4 54 44 4 27 4 9 4 8 4 108 12 4 48 4 17 4 25 4 0 53 4 17 4 6 5 60 4 91 17 4 6 4 39 4 21 59 4 40 10 16 4 8 20 4 32 22 24 4 40 52 4 58 4 0 8 19 5 4 5 53 59 4 110 43 4 53 4 0 40 4 8 4 8 4 26 4 14 51 4 36 4 52 4 24 4 62 17 4 8 4 48 5 59 47 4 35 4 32 43 4 8 4 18 4 15 4 32 28 4 5 4 30 4 83 60 4 52 4 59 4 77 59 4 5 4 24 4 43 4 63 6 4 14 4 24 4 60 4 
iteration 1365 best: 0.919157 time: 524518
65 31 8 0 44 8 41 13 8 25 18 4 44 4 60 17 4 31 4 0 45 8 97 36 4 11 4 55 26 12 77 5 8 104 19 8 96 30 8 47 34 12 10 27 4 5 4 4 15 4 10 4 28 4 53 4 115 40 4 52 4 27 4 10 5 8 75 35 8 11 50 4 5 4 58 27 16 58 16 69 6 4 12 4 30 4 49 4 39 5 4 17 4 59 4 75 16 8 46 8 119 5 4 5 4 60 4 14 4 14 5 8 118 50 4 40 4 6 4 23 4 37 11 8 5 30 4 5 5 8 101 40 8 94 53 8 0 10 4 16 4 5 4 0 22 4 5 4 61 18 4 29 4 56 4 0 53 4 50 4 76 48 4 5 4 27 4 74 56 4 14 4 27 14 4 51 4 34 43 16 10 16 0 59 17 59 4 5 4 70 46 4 14 4 33 4 84 39 4 26 4 52 49 16 10 16 7 6 36 27 4 59 4 73 6 16 59 16 118 21 4 52 4 18 4 100 9 4 15 4 7 52 4 25 4 59 4 65 27 4 39 4 9 50 5 4 17 59 47 46 4 16 35 7 4 104 44 16 9 16 57 26 4 41 4 18 4 103 58 19 8 4 14 38 18 4 54 43 4 7 4 17 4 105 17 16 10 16 15 11 4 5 4 119 56 4 58 4 43 4 90 48 4 41 6 9 4 54 44 4 27 4 9 4 8 4 108 12 4 48 4 17 4 25 4 0 53 4 17 4 6 5 60 4 91 17 4 6 4 39 4 21 59 4 40 10 16 4 8 20 4 32 22 24 4 40 52 4 58 4 0 8 19 5 4 5 53 59 4 110 43 4 53 4 0 40 4 8 4 8 4 26 4 14 51 4 36 4 52 4 24 4 62 17 4 8 4 48 5 59 47 4 35 4 32 43 4 8 4 18 4 15 4 32 28 4 5 4 30 4 83 60 4 52 4 59 4 77 59 4 5 4 24 4 43 4 63 6 4 14 4 24 4 60 4 
iteration 1384 best: 0.919157 time: 531804
65 31 8 0 44 8 41 13 8 25 18 4 44 4 60 17 4 31 4 0 45 8 97 36 4 11 4 55 26 12 77 5 8 104 19 8 96 30 8 47 34 12 10 27 4 5 4 4 15 4 10 4 28 4 53 4 115 40 4 52 4 27 4 10 5 8 75 35 8 11 50 4 5 4 58 27 16 58 16 69 6 4 12 4 30 4 49 4 39 5 4 17 4 59 4 75 16 8 46 8 119 5 4 5 4 60 4 14 4 14 5 8 118 50 4 40 4 6 4 23 4 37 11 8 5 30 4 5 5 8 101 40 8 94 53 8 0 10 4 16 4 5 4 0 22 4 5 4 61 18 4 29 4 56 4 0 53 4 50 4 76 48 4 5 4 27 4 74 56 4 14 4 27 14 4 51 4 34 43 16 10 16 0 59 17 59 4 5 4 70 46 4 14 4 33 4 84 39 4 26 4 52 49 16 10 16 7 6 36 27 4 59 4 73 6 16 59 16 118 21 4 52 4 18 4 100 9 4 15 4 7 52 4 25 4 59 4 65 27 4 39 4 9 50 5 4 17 59 47 46 4 16 35 7 4 104 44 16 9 16 57 26 4 41 4 18 4 103 58 19 8 4 14 38 18 4 54 43 4 7 4 17 4 105 17 16 10 16 15 11 4 5 4 119 56 4 58 4 43 4 90 48 4 41 6 9 4 54 44 4 27 4 9 4 8 4 108 12 4 48 4 17 4 25 4 0 53 4 17 4 6 5 60 4 91 17 4 6 4 39 4 21 59 4 40 10 16 4 8 20 4 32 22 24 4 40 52 4 58 4 0 8 19 5 4 5 53 59 4 110 43 4 53 4 0 40 4 8 4 8 4 26 4 14 51 4 36 4 52 4 24 4 62 17 4 8 4 48 5 59 47 4 35 4 32 43 4 8 4 18 4 15 4 32 28 4 5 4 30 4 83 60 4 52 4 59 4 77 59 4 5 4 24 4 43 4 63 6 4 14 4 24 4 60 4 
iteration 1403 best: 0.919157 time: 539091
65 31 8 0 44 8 41 13 8 25 18 4 44 4 60 17 4 31 4 0 45 8 97 36 4 11 4 55 26 12 77 5 8 104 19 8 96 30 8 47 34 12 10 27 4 5 4 4 15 4 10 4 28 4 53 4 115 40 4 52 4 27 4 10 5 8 75 35 8 11 50 4 5 4 58 27 16 58 16 69 6 4 12 4 30 4 49 4 39 5 4 17 4 59 4 75 16 8 46 8 119 5 4 5 4 60 4 14 4 14 5 8 118 50 4 40 4 6 4 23 4 37 11 8 5 30 4 5 5 8 101 40 8 94 53 8 0 10 4 16 4 5 4 0 22 4 5 4 61 18 4 29 4 56 4 0 53 4 50 4 76 48 4 5 4 27 4 74 56 4 14 4 27 14 4 51 4 34 43 16 10 16 0 59 17 59 4 5 4 70 46 4 14 4 33 4 84 39 4 26 4 52 49 16 10 16 7 6 36 27 4 59 4 73 6 16 59 16 118 21 4 52 4 18 4 100 9 4 15 4 7 52 4 25 4 59 4 65 27 4 39 4 9 50 5 4 17 59 47 46 4 16 35 7 4 104 44 16 9 16 57 26 4 41 4 18 4 103 58 19 8 4 14 38 18 4 54 43 4 7 4 17 4 105 17 16 10 16 15 11 4 5 4 119 56 4 58 4 43 4 90 48 4 41 6 9 4 54 44 4 27 4 9 4 8 4 108 12 4 48 4 17 4 25 4 0 53 4 17 4 6 5 60 4 91 17 4 6 4 39 4 21 59 4 40 10 16 4 8 20 4 32 22 24 4 40 52 4 58 4 0 8 19 5 4 5 53 59 4 110 43 4 53 4 0 40 4 8 4 8 4 26 4 14 51 4 36 4 52 4 24 4 62 17 4 8 4 48 5 59 47 4 35 4 32 43 4 8 4 18 4 15 4 32 28 4 5 4 30 4 83 60 4 52 4 59 4 77 59 4 5 4 24 4 43 4 63 6 4 14 4 24 4 60 4 
iteration 1422 best: 0.919157 time: 546383
65 31 8 0 44 8 41 13 8 25 18 4 44 4 60 17 4 31 4 0 45 8 97 36 4 11 4 55 26 12 77 5 8 104 19 8 96 30 8 47 34 12 10 27 4 5 4 4 15 4 10 4 28 4 53 4 115 40 4 52 4 27 4 10 5 8 75 35 8 11 50 4 5 4 58 27 16 58 16 69 6 4 12 4 30 4 49 4 39 5 4 17 4 59 4 75 16 8 46 8 119 5 4 5 4 60 4 14 4 14 5 8 118 50 4 40 4 6 4 23 4 37 11 8 5 30 4 5 5 8 101 40 8 94 53 8 0 10 4 16 4 5 4 0 22 4 5 4 61 18 4 29 4 56 4 0 53 4 50 4 76 48 4 5 4 27 4 74 56 4 14 4 27 14 4 51 4 34 43 16 10 16 0 59 17 59 4 5 4 70 46 4 14 4 33 4 84 39 4 26 4 52 49 16 10 16 7 6 36 27 4 59 4 73 6 16 59 16 118 21 4 52 4 18 4 100 9 4 15 4 7 52 4 25 4 59 4 65 27 4 39 4 9 50 5 4 17 59 47 46 4 16 35 7 4 104 44 16 9 16 57 26 4 41 4 18 4 103 58 19 8 4 14 38 18 4 54 43 4 7 4 17 4 105 17 16 10 16 15 11 4 5 4 119 56 4 58 4 43 4 90 48 4 41 6 9 4 54 44 4 27 4 9 4 8 4 108 12 4 48 4 17 4 25 4 0 53 4 17 4 6 5 60 4 91 17 4 6 4 39 4 21 59 4 40 10 16 4 8 20 4 32 22 24 4 40 52 4 58 4 0 8 19 5 4 5 53 59 4 110 43 4 53 4 0 40 4 8 4 8 4 26 4 14 51 4 36 4 52 4 24 4 62 17 4 8 4 48 5 59 47 4 35 4 32 43 4 8 4 18 4 15 4 32 28 4 5 4 30 4 83 60 4 52 4 59 4 77 59 4 5 4 24 4 43 4 63 6 4 14 4 24 4 60 4 
iteration 1441 best: 0.919157 time: 553651
65 31 8 0 44 8 41 13 8 25 18 4 44 4 60 17 4 31 4 0 45 8 97 36 4 11 4 55 26 12 77 5 8 104 19 8 96 30 8 47 34 12 10 27 4 5 4 4 15 4 10 4 28 4 53 4 115 40 4 52 4 27 4 10 5 8 75 35 8 11 50 4 5 4 58 27 16 58 16 69 6 4 12 4 30 4 49 4 39 5 4 17 4 59 4 75 16 8 46 8 119 5 4 5 4 60 4 14 4 14 5 8 118 50 4 40 4 6 4 23 4 37 11 8 5 30 4 5 5 8 101 40 8 94 53 8 0 10 4 16 4 5 4 0 22 4 5 4 61 18 4 29 4 56 4 0 53 4 50 4 76 48 4 5 4 27 4 74 56 4 14 4 27 14 4 51 4 34 43 16 10 16 0 59 17 59 4 5 4 70 46 4 14 4 33 4 84 39 4 26 4 52 49 16 10 16 7 6 36 27 4 59 4 73 6 16 59 16 118 21 4 52 4 18 4 100 9 4 15 4 7 52 4 25 4 59 4 65 27 4 39 4 9 50 5 4 17 59 47 46 4 16 35 7 4 104 44 16 9 16 57 26 4 41 4 18 4 103 58 19 8 4 14 38 18 4 54 43 4 7 4 17 4 105 17 16 10 16 15 11 4 5 4 119 56 4 58 4 43 4 90 48 4 41 6 9 4 54 44 4 27 4 9 4 8 4 108 12 4 48 4 17 4 25 4 0 53 4 17 4 6 5 60 4 91 17 4 6 4 39 4 21 59 4 40 10 16 4 8 20 4 32 22 24 4 40 52 4 58 4 0 8 19 5 4 5 53 59 4 110 43 4 53 4 0 40 4 8 4 8 4 26 4 14 51 4 36 4 52 4 24 4 62 17 4 8 4 48 5 59 47 4 35 4 32 43 4 8 4 18 4 15 4 32 28 4 5 4 30 4 83 60 4 52 4 59 4 77 59 4 5 4 24 4 43 4 63 6 4 14 4 24 4 60 4 
iteration 1460 best: 0.919157 time: 560953
65 31 8 0 44 8 41 13 8 25 18 4 44 4 60 17 4 31 4 0 45 8 97 36 4 11 4 55 26 12 77 5 8 104 19 8 96 30 8 47 34 12 10 27 4 5 4 4 15 4 10 4 28 4 53 4 115 40 4 52 4 27 4 10 5 8 75 35 8 11 50 4 5 4 58 27 16 58 16 69 6 4 12 4 30 4 49 4 39 5 4 17 4 59 4 75 16 8 46 8 119 5 4 5 4 60 4 14 4 14 5 8 118 50 4 40 4 6 4 23 4 37 11 8 5 30 4 5 5 8 101 40 8 94 53 8 0 10 4 16 4 5 4 0 22 4 5 4 61 18 4 29 4 56 4 0 53 4 50 4 76 48 4 5 4 27 4 74 56 4 14 4 27 14 4 51 4 34 43 16 10 16 0 59 17 59 4 5 4 70 46 4 14 4 33 4 84 39 4 26 4 52 49 16 10 16 7 6 36 27 4 59 4 73 6 16 59 16 118 21 4 52 4 18 4 100 9 4 15 4 7 52 4 25 4 59 4 65 27 4 39 4 9 50 5 4 17 59 47 46 4 16 35 7 4 104 44 16 9 16 57 26 4 41 4 18 4 103 58 19 8 4 14 38 18 4 54 43 4 7 4 17 4 105 17 16 10 16 15 11 4 5 4 119 56 4 58 4 43 4 90 48 4 41 6 9 4 54 44 4 27 4 9 4 8 4 108 12 4 48 4 17 4 25 4 0 53 4 17 4 6 5 60 4 91 17 4 6 4 39 4 21 59 4 40 10 16 4 8 20 4 32 22 24 4 40 52 4 58 4 0 8 19 5 4 5 53 59 4 110 43 4 53 4 0 40 4 8 4 8 4 26 4 14 51 4 36 4 52 4 24 4 62 17 4 8 4 48 5 59 47 4 35 4 32 43 4 8 4 18 4 15 4 32 28 4 5 4 30 4 83 60 4 52 4 59 4 77 59 4 5 4 24 4 43 4 63 6 4 14 4 24 4 60 4 
iteration 1479 best: 0.919157 time: 568220
65 31 8 0 44 8 41 13 8 25 18 4 44 4 60 17 4 31 4 0 45 8 97 36 4 11 4 55 26 12 77 5 8 104 19 8 96 30 8 47 34 12 10 27 4 5 4 4 15 4 10 4 28 4 53 4 115 40 4 52 4 27 4 10 5 8 75 35 8 11 50 4 5 4 58 27 16 58 16 69 6 4 12 4 30 4 49 4 39 5 4 17 4 59 4 75 16 8 46 8 119 5 4 5 4 60 4 14 4 14 5 8 118 50 4 40 4 6 4 23 4 37 11 8 5 30 4 5 5 8 101 40 8 94 53 8 0 10 4 16 4 5 4 0 22 4 5 4 61 18 4 29 4 56 4 0 53 4 50 4 76 48 4 5 4 27 4 74 56 4 14 4 27 14 4 51 4 34 43 16 10 16 0 59 17 59 4 5 4 70 46 4 14 4 33 4 84 39 4 26 4 52 49 16 10 16 7 6 36 27 4 59 4 73 6 16 59 16 118 21 4 52 4 18 4 100 9 4 15 4 7 52 4 25 4 59 4 65 27 4 39 4 9 50 5 4 17 59 47 46 4 16 35 7 4 104 44 16 9 16 57 26 4 41 4 18 4 103 58 19 8 4 14 38 18 4 54 43 4 7 4 17 4 105 17 16 10 16 15 11 4 5 4 119 56 4 58 4 43 4 90 48 4 41 6 9 4 54 44 4 27 4 9 4 8 4 108 12 4 48 4 17 4 25 4 0 53 4 17 4 6 5 60 4 91 17 4 6 4 39 4 21 59 4 40 10 16 4 8 20 4 32 22 24 4 40 52 4 58 4 0 8 19 5 4 5 53 59 4 110 43 4 53 4 0 40 4 8 4 8 4 26 4 14 51 4 36 4 52 4 24 4 62 17 4 8 4 48 5 59 47 4 35 4 32 43 4 8 4 18 4 15 4 32 28 4 5 4 30 4 83 60 4 52 4 59 4 77 59 4 5 4 24 4 43 4 63 6 4 14 4 24 4 60 4 
iteration 1498 best: 0.919157 time: 575484
65 31 8 0 44 8 41 13 8 25 18 4 44 4 60 17 4 31 4 0 45 8 97 36 4 11 4 55 26 12 77 5 8 104 19 8 96 30 8 47 34 12 10 27 4 5 4 4 15 4 10 4 28 4 53 4 115 40 4 52 4 27 4 10 5 8 75 35 8 11 50 4 5 4 58 27 16 58 16 69 6 4 12 4 30 4 49 4 39 5 4 17 4 59 4 75 16 8 46 8 119 5 4 5 4 60 4 14 4 14 5 8 118 50 4 40 4 6 4 23 4 37 11 8 5 30 4 5 5 8 101 40 8 94 53 8 0 10 4 16 4 5 4 0 22 4 5 4 61 18 4 29 4 56 4 0 53 4 50 4 76 48 4 5 4 27 4 74 56 4 14 4 27 14 4 51 4 34 43 16 10 16 0 59 17 59 4 5 4 70 46 4 14 4 33 4 84 39 4 26 4 52 49 16 10 16 7 6 36 27 4 59 4 73 6 16 59 16 118 21 4 52 4 18 4 100 9 4 15 4 7 52 4 25 4 59 4 65 27 4 39 4 9 50 5 4 17 59 47 46 4 16 35 7 4 104 44 16 9 16 57 26 4 41 4 18 4 103 58 19 8 4 14 38 18 4 54 43 4 7 4 17 4 105 17 16 10 16 15 11 4 5 4 119 56 4 58 4 43 4 90 48 4 41 6 9 4 54 44 4 27 4 9 4 8 4 108 12 4 48 4 17 4 25 4 0 53 4 17 4 6 5 60 4 91 17 4 6 4 39 4 21 59 4 40 10 16 4 8 20 4 32 22 24 4 40 52 4 58 4 0 8 19 5 4 5 53 59 4 110 43 4 53 4 0 40 4 8 4 8 4 26 4 14 51 4 36 4 52 4 24 4 62 17 4 8 4 48 5 59 47 4 35 4 32 43 4 8 4 18 4 15 4 32 28 4 5 4 30 4 83 60 4 52 4 59 4 77 59 4 5 4 24 4 43 4 63 6 4 14 4 24 4 60 4 
iteration 1517 best: 0.919157 time: 582755
65 31 8 0 44 8 41 13 8 25 18 4 44 4 60 17 4 31 4 0 45 8 97 36 4 11 4 55 26 12 77 5 8 104 19 8 96 30 8 47 34 12 10 27 4 5 4 4 15 4 10 4 28 4 53 4 115 40 4 52 4 27 4 10 5 8 75 35 8 11 50 4 5 4 58 27 16 58 16 69 6 4 12 4 30 4 49 4 39 5 4 17 4 59 4 75 16 8 46 8 119 5 4 5 4 60 4 14 4 14 5 8 118 50 4 40 4 6 4 23 4 37 11 8 5 30 4 5 5 8 101 40 8 94 53 8 0 10 4 16 4 5 4 0 22 4 5 4 61 18 4 29 4 56 4 0 53 4 50 4 76 48 4 5 4 27 4 74 56 4 14 4 27 14 4 51 4 34 43 16 10 16 0 59 17 59 4 5 4 70 46 4 14 4 33 4 84 39 4 26 4 52 49 16 10 16 7 6 36 27 4 59 4 73 6 16 59 16 118 21 4 52 4 18 4 100 9 4 15 4 7 52 4 25 4 59 4 65 27 4 39 4 9 50 5 4 17 59 47 46 4 16 35 7 4 104 44 16 9 16 57 26 4 41 4 18 4 103 58 19 8 4 14 38 18 4 54 43 4 7 4 17 4 105 17 16 10 16 15 11 4 5 4 119 56 4 58 4 43 4 90 48 4 41 6 9 4 54 44 4 27 4 9 4 8 4 108 12 4 48 4 17 4 25 4 0 53 4 17 4 6 5 60 4 91 17 4 6 4 39 4 21 59 4 40 10 16 4 8 20 4 32 22 24 4 40 52 4 58 4 0 8 19 5 4 5 53 59 4 110 43 4 53 4 0 40 4 8 4 8 4 26 4 14 51 4 36 4 52 4 24 4 62 17 4 8 4 48 5 59 47 4 35 4 32 43 4 8 4 18 4 15 4 32 28 4 5 4 30 4 83 60 4 52 4 59 4 77 59 4 5 4 24 4 43 4 63 6 4 14 4 24 4 60 4 
iteration 1536 best: 0.919157 time: 590029
65 31 8 0 44 8 41 13 8 25 18 4 44 4 60 17 4 31 4 0 45 8 97 36 4 11 4 55 26 12 77 5 8 104 19 8 96 30 8 47 34 12 10 27 4 5 4 4 15 4 10 4 28 4 53 4 115 40 4 52 4 27 4 10 5 8 75 35 8 11 50 4 5 4 58 27 16 58 16 69 6 4 12 4 30 4 49 4 39 5 4 17 4 59 4 75 16 8 46 8 119 5 4 5 4 60 4 14 4 14 5 8 118 50 4 40 4 6 4 23 4 37 11 8 5 30 4 5 5 8 101 40 8 94 53 8 0 10 4 16 4 5 4 0 22 4 5 4 61 18 4 29 4 56 4 0 53 4 50 4 76 48 4 5 4 27 4 74 56 4 14 4 27 14 4 51 4 34 43 16 10 16 0 59 17 59 4 5 4 70 46 4 14 4 33 4 84 39 4 26 4 52 49 16 10 16 7 6 36 27 4 59 4 73 6 16 59 16 118 21 4 52 4 18 4 100 9 4 15 4 7 52 4 25 4 59 4 65 27 4 39 4 9 50 5 4 17 59 47 46 4 16 35 7 4 104 44 16 9 16 57 26 4 41 4 18 4 103 58 19 8 4 14 38 18 4 54 43 4 7 4 17 4 105 17 16 10 16 15 11 4 5 4 119 56 4 58 4 43 4 90 48 4 41 6 9 4 54 44 4 27 4 9 4 8 4 108 12 4 48 4 17 4 25 4 0 53 4 17 4 6 5 60 4 91 17 4 6 4 39 4 21 59 4 40 10 16 4 8 20 4 32 22 24 4 40 52 4 58 4 0 8 19 5 4 5 53 59 4 110 43 4 53 4 0 40 4 8 4 8 4 26 4 14 51 4 36 4 52 4 24 4 62 17 4 8 4 48 5 59 47 4 35 4 32 43 4 8 4 18 4 15 4 32 28 4 5 4 30 4 83 60 4 52 4 59 4 77 59 4 5 4 24 4 43 4 63 6 4 14 4 24 4 60 4 
iteration 1555 best: 0.919157 time: 597300
65 31 8 0 44 8 41 13 8 25 18 4 44 4 60 17 4 31 4 0 45 8 97 36 4 11 4 55 26 12 77 5 8 104 19 8 96 30 8 47 34 12 10 27 4 5 4 4 15 4 10 4 28 4 53 4 115 40 4 52 4 27 4 10 5 8 75 35 8 11 50 4 5 4 58 27 16 58 16 69 6 4 12 4 30 4 49 4 39 5 4 17 4 59 4 75 16 8 46 8 119 5 4 5 4 60 4 14 4 14 5 8 118 50 4 40 4 6 4 23 4 37 11 8 5 30 4 5 5 8 101 40 8 94 53 8 0 10 4 16 4 5 4 0 22 4 5 4 61 18 4 29 4 56 4 0 53 4 50 4 76 48 4 5 4 27 4 74 56 4 14 4 27 14 4 51 4 34 43 16 10 16 0 59 17 59 4 5 4 70 46 4 14 4 33 4 84 39 4 26 4 52 49 16 10 16 7 6 36 27 4 59 4 73 6 16 59 16 118 21 4 52 4 18 4 100 9 4 15 4 7 52 4 25 4 59 4 65 27 4 39 4 9 50 5 4 17 59 47 46 4 16 35 7 4 104 44 16 9 16 57 26 4 41 4 18 4 103 58 19 8 4 14 38 18 4 54 43 4 7 4 17 4 105 17 16 10 16 15 11 4 5 4 119 56 4 58 4 43 4 90 48 4 41 6 9 4 54 44 4 27 4 9 4 8 4 108 12 4 48 4 17 4 25 4 0 53 4 17 4 6 5 60 4 91 17 4 6 4 39 4 21 59 4 40 10 16 4 8 20 4 32 22 24 4 40 52 4 58 4 0 8 19 5 4 5 53 59 4 110 43 4 53 4 0 40 4 8 4 8 4 26 4 14 51 4 36 4 52 4 24 4 62 17 4 8 4 48 5 59 47 4 35 4 32 43 4 8 4 18 4 15 4 32 28 4 5 4 30 4 83 60 4 52 4 59 4 77 59 4 5 4 24 4 43 4 63 6 4 14 4 24 4 60 4 
iteration 1574 best: 0.919157 time: 604589
65 31 8 0 44 8 41 13 8 25 18 4 44 4 60 17 4 31 4 0 45 8 97 36 4 11 4 55 26 12 77 5 8 104 19 8 96 30 8 47 34 12 10 27 4 5 4 4 15 4 10 4 28 4 53 4 115 40 4 52 4 27 4 10 5 8 75 35 8 11 50 4 5 4 58 27 16 58 16 69 6 4 12 4 30 4 49 4 39 5 4 17 4 59 4 75 16 8 46 8 119 5 4 5 4 60 4 14 4 14 5 8 118 50 4 40 4 6 4 23 4 37 11 8 5 30 4 5 5 8 101 40 8 94 53 8 0 10 4 16 4 5 4 0 22 4 5 4 61 18 4 29 4 56 4 0 53 4 50 4 76 48 4 5 4 27 4 74 56 4 14 4 27 14 4 51 4 34 43 16 10 16 0 59 17 59 4 5 4 70 46 4 14 4 33 4 84 39 4 26 4 52 49 16 10 16 7 6 36 27 4 59 4 73 6 16 59 16 118 21 4 52 4 18 4 100 9 4 15 4 7 52 4 25 4 59 4 65 27 4 39 4 9 50 5 4 17 59 47 46 4 16 35 7 4 104 44 16 9 16 57 26 4 41 4 18 4 103 58 19 8 4 14 38 18 4 54 43 4 7 4 17 4 105 17 16 10 16 15 11 4 5 4 119 56 4 58 4 43 4 90 48 4 41 6 9 4 54 44 4 27 4 9 4 8 4 108 12 4 48 4 17 4 25 4 0 53 4 17 4 6 5 60 4 91 17 4 6 4 39 4 21 59 4 40 10 16 4 8 20 4 32 22 24 4 40 52 4 58 4 0 8 19 5 4 5 53 59 4 110 43 4 53 4 0 40 4 8 4 8 4 26 4 14 51 4 36 4 52 4 24 4 62 17 4 8 4 48 5 59 47 4 35 4 32 43 4 8 4 18 4 15 4 32 28 4 5 4 30 4 83 60 4 52 4 59 4 77 59 4 5 4 24 4 43 4 63 6 4 14 4 24 4 60 4 
Best solution: 
65 31 8 0 44 8 41 13 8 25 18 4 44 4 60 17 4 31 4 0 45 8 97 36 4 11 4 55 26 12 77 5 8 104 19 8 96 30 8 47 34 12 10 27 4 5 4 4 15 4 10 4 28 4 53 4 115 40 4 52 4 27 4 10 5 8 75 35 8 11 50 4 5 4 58 27 16 58 16 69 6 4 12 4 30 4 49 4 39 5 4 17 4 59 4 75 16 8 46 8 119 5 4 5 4 60 4 14 4 14 5 8 118 50 4 40 4 6 4 23 4 37 11 8 5 30 4 5 5 8 101 40 8 94 53 8 0 10 4 16 4 5 4 0 22 4 5 4 61 18 4 29 4 56 4 0 53 4 50 4 76 48 4 5 4 27 4 74 56 4 14 4 27 14 4 51 4 34 43 16 10 16 0 59 17 59 4 5 4 70 46 4 14 4 33 4 84 39 4 26 4 52 49 16 10 16 7 6 36 27 4 59 4 73 6 16 59 16 118 21 4 52 4 18 4 100 9 4 15 4 7 52 4 25 4 59 4 65 27 4 39 4 9 50 5 4 17 59 47 46 4 16 35 7 4 104 44 16 9 16 57 26 4 41 4 18 4 103 58 19 8 4 14 38 18 4 54 43 4 7 4 17 4 105 17 16 10 16 15 11 4 5 4 119 56 4 58 4 43 4 90 48 4 41 6 9 4 54 44 4 27 4 9 4 8 4 108 12 4 48 4 17 4 25 4 0 53 4 17 4 6 5 60 4 91 17 4 6 4 39 4 21 59 4 40 10 16 4 8 20 4 32 22 24 4 40 52 4 58 4 0 8 19 5 4 5 53 59 4 110 43 4 53 4 0 40 4 8 4 8 4 26 4 14 51 4 36 4 52 4 24 4 62 17 4 8 4 48 5 59 47 4 35 4 32 43 4 8 4 18 4 15 4 32 28 4 5 4 30 4 83 60 4 52 4 59 4 77 59 4 5 4 24 4 43 4 63 6 4 14 4 24 4 60 4 
Fitness: 0.919157
