iteration 15 best: 0.949852 time: 7378
14 14 8 41 22 8 21 31 8 71 35 4 19 4 33 42 4 5 4 0 20 8 4 34 4 40 4 34 10 12 10 49 8 3 16 8 28 46 8 34 54 12 40 16 4 33 4 88 44 4 49 4 10 4 44 4 86 10 4 17 4 42 4 33 10 8 37 19 8 93 23 4 28 4 86 15 16 32 16 44 48 4 25 4 35 4 43 4 41 17 4 8 4 24 4 10 16 8 9 8 81 7 4 5 4 17 4 40 4 92 47 8 31 5 4 43 4 7 4 21 4 16 29 8 67 20 4 8 29 8 102 36 8 29 5 8 18 37 4 27 4 6 4 35 17 4 15 4 62 50 4 19 4 40 4 64 35 4 26 4 69 21 4 36 4 48 4 100 42 4 54 4 73 7 4 5 4 3 24 16 27 16 19 5 14 39 4 31 4 117 47 4 33 4 14 4 50 31 4 42 4 42 5 16 22 16 17 43 10 7 4 35 4 38 25 16 22 16 84 30 4 38 4 44 4 58 45 4 55 4 64 22 4 5 4 29 4 101 15 4 33 4 19 47 20 4 9 18 15 35 4 51 10 42 4 76 17 16 19 16 98 28 4 33 4 29 4 30 17 20 25 4 55 7 34 4 63 48 4 17 4 17 4 92 45 16 13 16 39 24 4 41 4 102 47 4 13 4 16 4 72 35 4 32 50 30 4 91 21 4 46 4 31 4 37 4 45 32 4 34 4 5 4 44 4 16 49 4 39 4 50 6 42 4 97 17 4 10 4 45 4 60 39 4 5 33 27 4 13 28 4 5 32 35 4 13 18 4 46 4 103 5 35 37 4 25 42 10 4 92 25 4 29 4 66 37 4 16 4 7 4 30 4 0 60 4 5 4 23 4 46 4 45 40 4 19 4 8 23 5 9 4 23 4 91 29 4 12 4 33 4 7 4 29 27 4 32 4 24 4 76 28 4 5 4 24 4 84 6 4 33 4 25 4 35 4 20 10 4 47 4 37 4 13 4 
iteration 34 best: 0.949852 time: 14870
14 14 8 41 22 8 21 31 8 71 35 4 19 4 33 42 4 5 4 0 20 8 4 34 4 40 4 34 10 12 10 49 8 3 16 8 28 46 8 34 54 12 40 16 4 33 4 88 44 4 49 4 10 4 44 4 86 10 4 17 4 42 4 33 10 8 37 19 8 93 23 4 28 4 86 15 16 32 16 44 48 4 25 4 35 4 43 4 41 17 4 8 4 24 4 10 16 8 9 8 81 7 4 5 4 17 4 40 4 92 47 8 31 5 4 43 4 7 4 21 4 16 29 8 67 20 4 8 29 8 102 36 8 29 5 8 18 37 4 27 4 6 4 35 17 4 15 4 62 50 4 19 4 40 4 64 35 4 26 4 69 21 4 36 4 48 4 100 42 4 54 4 73 7 4 5 4 3 24 16 27 16 19 5 14 39 4 31 4 117 47 4 33 4 14 4 50 31 4 42 4 42 5 16 22 16 17 43 10 7 4 35 4 38 25 16 22 16 84 30 4 38 4 44 4 58 45 4 55 4 64 22 4 5 4 29 4 101 15 4 33 4 19 47 20 4 9 18 15 35 4 51 10 42 4 76 17 16 19 16 98 28 4 33 4 29 4 30 17 20 25 4 55 7 34 4 63 48 4 17 4 17 4 92 45 16 13 16 39 24 4 41 4 102 47 4 13 4 16 4 72 35 4 32 50 30 4 91 21 4 46 4 31 4 37 4 45 32 4 34 4 5 4 44 4 16 49 4 39 4 50 6 42 4 97 17 4 10 4 45 4 60 39 4 5 33 27 4 13 28 4 5 32 35 4 13 18 4 46 4 103 5 35 37 4 25 42 10 4 92 25 4 29 4 66 37 4 16 4 7 4 30 4 0 60 4 5 4 23 4 46 4 45 40 4 19 4 8 23 5 9 4 23 4 91 29 4 12 4 33 4 7 4 29 27 4 32 4 24 4 76 28 4 5 4 24 4 84 6 4 33 4 25 4 35 4 20 10 4 47 4 37 4 13 4 
iteration 53 best: 0.949852 time: 22263
14 14 8 41 22 8 21 31 8 71 35 4 19 4 33 42 4 5 4 0 20 8 4 34 4 40 4 34 10 12 10 49 8 3 16 8 28 46 8 34 54 12 40 16 4 33 4 88 44 4 49 4 10 4 44 4 86 10 4 17 4 42 4 33 10 8 37 19 8 93 23 4 28 4 86 15 16 32 16 44 48 4 25 4 35 4 43 4 41 17 4 8 4 24 4 10 16 8 9 8 81 7 4 5 4 17 4 40 4 92 47 8 31 5 4 43 4 7 4 21 4 16 29 8 67 20 4 8 29 8 102 36 8 29 5 8 18 37 4 27 4 6 4 35 17 4 15 4 62 50 4 19 4 40 4 64 35 4 26 4 69 21 4 36 4 48 4 100 42 4 54 4 73 7 4 5 4 3 24 16 27 16 19 5 14 39 4 31 4 117 47 4 33 4 14 4 50 31 4 42 4 42 5 16 22 16 17 43 10 7 4 35 4 38 25 16 22 16 84 30 4 38 4 44 4 58 45 4 55 4 64 22 4 5 4 29 4 101 15 4 33 4 19 47 20 4 9 18 15 35 4 51 10 42 4 76 17 16 19 16 98 28 4 33 4 29 4 30 17 20 25 4 55 7 34 4 63 48 4 17 4 17 4 92 45 16 13 16 39 24 4 41 4 102 47 4 13 4 16 4 72 35 4 32 50 30 4 91 21 4 46 4 31 4 37 4 45 32 4 34 4 5 4 44 4 16 49 4 39 4 50 6 42 4 97 17 4 10 4 45 4 60 39 4 5 33 27 4 13 28 4 5 32 35 4 13 18 4 46 4 103 5 35 37 4 25 42 10 4 92 25 4 29 4 66 37 4 16 4 7 4 30 4 0 60 4 5 4 23 4 46 4 45 40 4 19 4 8 23 5 9 4 23 4 91 29 4 12 4 33 4 7 4 29 27 4 32 4 24 4 76 28 4 5 4 24 4 84 6 4 33 4 25 4 35 4 20 10 4 47 4 37 4 13 4 
iteration 72 best: 0.949852 time: 29688
14 14 8 41 22 8 21 31 8 71 35 4 19 4 33 42 4 5 4 0 20 8 4 34 4 40 4 34 10 12 10 49 8 3 16 8 28 46 8 34 54 12 40 16 4 33 4 88 44 4 49 4 10 4 44 4 86 10 4 17 4 42 4 33 10 8 37 19 8 93 23 4 28 4 86 15 16 32 16 44 48 4 25 4 35 4 43 4 41 17 4 8 4 24 4 10 16 8 9 8 81 7 4 5 4 17 4 40 4 92 47 8 31 5 4 43 4 7 4 21 4 16 29 8 67 20 4 8 29 8 102 36 8 29 5 8 18 37 4 27 4 6 4 35 17 4 15 4 62 50 4 19 4 40 4 64 35 4 26 4 69 21 4 36 4 48 4 100 42 4 54 4 73 7 4 5 4 3 24 16 27 16 19 5 14 39 4 31 4 117 47 4 33 4 14 4 50 31 4 42 4 42 5 16 22 16 17 43 10 7 4 35 4 38 25 16 22 16 84 30 4 38 4 44 4 58 45 4 55 4 64 22 4 5 4 29 4 101 15 4 33 4 19 47 20 4 9 18 15 35 4 51 10 42 4 76 17 16 19 16 98 28 4 33 4 29 4 30 17 20 25 4 55 7 34 4 63 48 4 17 4 17 4 92 45 16 13 16 39 24 4 41 4 102 47 4 13 4 16 4 72 35 4 32 50 30 4 91 21 4 46 4 31 4 37 4 45 32 4 34 4 5 4 44 4 16 49 4 39 4 50 6 42 4 97 17 4 10 4 45 4 60 39 4 5 33 27 4 13 28 4 5 32 35 4 13 18 4 46 4 103 5 35 37 4 25 42 10 4 92 25 4 29 4 66 37 4 16 4 7 4 30 4 0 60 4 5 4 23 4 46 4 45 40 4 19 4 8 23 5 9 4 23 4 91 29 4 12 4 33 4 7 4 29 27 4 32 4 24 4 76 28 4 5 4 24 4 84 6 4 33 4 25 4 35 4 20 10 4 47 4 37 4 13 4 
iteration 91 best: 0.949852 time: 37096
14 14 8 41 22 8 21 31 8 71 35 4 19 4 33 42 4 5 4 0 20 8 4 34 4 40 4 34 10 12 10 49 8 3 16 8 28 46 8 34 54 12 40 16 4 33 4 88 44 4 49 4 10 4 44 4 86 10 4 17 4 42 4 33 10 8 37 19 8 93 23 4 28 4 86 15 16 32 16 44 48 4 25 4 35 4 43 4 41 17 4 8 4 24 4 10 16 8 9 8 81 7 4 5 4 17 4 40 4 92 47 8 31 5 4 43 4 7 4 21 4 16 29 8 67 20 4 8 29 8 102 36 8 29 5 8 18 37 4 27 4 6 4 35 17 4 15 4 62 50 4 19 4 40 4 64 35 4 26 4 69 21 4 36 4 48 4 100 42 4 54 4 73 7 4 5 4 3 24 16 27 16 19 5 14 39 4 31 4 117 47 4 33 4 14 4 50 31 4 42 4 42 5 16 22 16 17 43 10 7 4 35 4 38 25 16 22 16 84 30 4 38 4 44 4 58 45 4 55 4 64 22 4 5 4 29 4 101 15 4 33 4 19 47 20 4 9 18 15 35 4 51 10 42 4 76 17 16 19 16 98 28 4 33 4 29 4 30 17 20 25 4 55 7 34 4 63 48 4 17 4 17 4 92 45 16 13 16 39 24 4 41 4 102 47 4 13 4 16 4 72 35 4 32 50 30 4 91 21 4 46 4 31 4 37 4 45 32 4 34 4 5 4 44 4 16 49 4 39 4 50 6 42 4 97 17 4 10 4 45 4 60 39 4 5 33 27 4 13 28 4 5 32 35 4 13 18 4 46 4 103 5 35 37 4 25 42 10 4 92 25 4 29 4 66 37 4 16 4 7 4 30 4 0 60 4 5 4 23 4 46 4 45 40 4 19 4 8 23 5 9 4 23 4 91 29 4 12 4 33 4 7 4 29 27 4 32 4 24 4 76 28 4 5 4 24 4 84 6 4 33 4 25 4 35 4 20 10 4 47 4 37 4 13 4 
iteration 110 best: 0.949852 time: 44468
14 14 8 41 22 8 21 31 8 71 35 4 19 4 33 42 4 5 4 0 20 8 4 34 4 40 4 34 10 12 10 49 8 3 16 8 28 46 8 34 54 12 40 16 4 33 4 88 44 4 49 4 10 4 44 4 86 10 4 17 4 42 4 33 10 8 37 19 8 93 23 4 28 4 86 15 16 32 16 44 48 4 25 4 35 4 43 4 41 17 4 8 4 24 4 10 16 8 9 8 81 7 4 5 4 17 4 40 4 92 47 8 31 5 4 43 4 7 4 21 4 16 29 8 67 20 4 8 29 8 102 36 8 29 5 8 18 37 4 27 4 6 4 35 17 4 15 4 62 50 4 19 4 40 4 64 35 4 26 4 69 21 4 36 4 48 4 100 42 4 54 4 73 7 4 5 4 3 24 16 27 16 19 5 14 39 4 31 4 117 47 4 33 4 14 4 50 31 4 42 4 42 5 16 22 16 17 43 10 7 4 35 4 38 25 16 22 16 84 30 4 38 4 44 4 58 45 4 55 4 64 22 4 5 4 29 4 101 15 4 33 4 19 47 20 4 9 18 15 35 4 51 10 42 4 76 17 16 19 16 98 28 4 33 4 29 4 30 17 20 25 4 55 7 34 4 63 48 4 17 4 17 4 92 45 16 13 16 39 24 4 41 4 102 47 4 13 4 16 4 72 35 4 32 50 30 4 91 21 4 46 4 31 4 37 4 45 32 4 34 4 5 4 44 4 16 49 4 39 4 50 6 42 4 97 17 4 10 4 45 4 60 39 4 5 33 27 4 13 28 4 5 32 35 4 13 18 4 46 4 103 5 35 37 4 25 42 10 4 92 25 4 29 4 66 37 4 16 4 7 4 30 4 0 60 4 5 4 23 4 46 4 45 40 4 19 4 8 23 5 9 4 23 4 91 29 4 12 4 33 4 7 4 29 27 4 32 4 24 4 76 28 4 5 4 24 4 84 6 4 33 4 25 4 35 4 20 10 4 47 4 37 4 13 4 
iteration 129 best: 0.949852 time: 51849
14 14 8 41 22 8 21 31 8 71 35 4 19 4 33 42 4 5 4 0 20 8 4 34 4 40 4 34 10 12 10 49 8 3 16 8 28 46 8 34 54 12 40 16 4 33 4 88 44 4 49 4 10 4 44 4 86 10 4 17 4 42 4 33 10 8 37 19 8 93 23 4 28 4 86 15 16 32 16 44 48 4 25 4 35 4 43 4 41 17 4 8 4 24 4 10 16 8 9 8 81 7 4 5 4 17 4 40 4 92 47 8 31 5 4 43 4 7 4 21 4 16 29 8 67 20 4 8 29 8 102 36 8 29 5 8 18 37 4 27 4 6 4 35 17 4 15 4 62 50 4 19 4 40 4 64 35 4 26 4 69 21 4 36 4 48 4 100 42 4 54 4 73 7 4 5 4 3 24 16 27 16 19 5 14 39 4 31 4 117 47 4 33 4 14 4 50 31 4 42 4 42 5 16 22 16 17 43 10 7 4 35 4 38 25 16 22 16 84 30 4 38 4 44 4 58 45 4 55 4 64 22 4 5 4 29 4 101 15 4 33 4 19 47 20 4 9 18 15 35 4 51 10 42 4 76 17 16 19 16 98 28 4 33 4 29 4 30 17 20 25 4 55 7 34 4 63 48 4 17 4 17 4 92 45 16 13 16 39 24 4 41 4 102 47 4 13 4 16 4 72 35 4 32 50 30 4 91 21 4 46 4 31 4 37 4 45 32 4 34 4 5 4 44 4 16 49 4 39 4 50 6 42 4 97 17 4 10 4 45 4 60 39 4 5 33 27 4 13 28 4 5 32 35 4 13 18 4 46 4 103 5 35 37 4 25 42 10 4 92 25 4 29 4 66 37 4 16 4 7 4 30 4 0 60 4 5 4 23 4 46 4 45 40 4 19 4 8 23 5 9 4 23 4 91 29 4 12 4 33 4 7 4 29 27 4 32 4 24 4 76 28 4 5 4 24 4 84 6 4 33 4 25 4 35 4 20 10 4 47 4 37 4 13 4 
iteration 148 best: 0.949852 time: 59209
14 14 8 41 22 8 21 31 8 71 35 4 19 4 33 42 4 5 4 0 20 8 4 34 4 40 4 34 10 12 10 49 8 3 16 8 28 46 8 34 54 12 40 16 4 33 4 88 44 4 49 4 10 4 44 4 86 10 4 17 4 42 4 33 10 8 37 19 8 93 23 4 28 4 86 15 16 32 16 44 48 4 25 4 35 4 43 4 41 17 4 8 4 24 4 10 16 8 9 8 81 7 4 5 4 17 4 40 4 92 47 8 31 5 4 43 4 7 4 21 4 16 29 8 67 20 4 8 29 8 102 36 8 29 5 8 18 37 4 27 4 6 4 35 17 4 15 4 62 50 4 19 4 40 4 64 35 4 26 4 69 21 4 36 4 48 4 100 42 4 54 4 73 7 4 5 4 3 24 16 27 16 19 5 14 39 4 31 4 117 47 4 33 4 14 4 50 31 4 42 4 42 5 16 22 16 17 43 10 7 4 35 4 38 25 16 22 16 84 30 4 38 4 44 4 58 45 4 55 4 64 22 4 5 4 29 4 101 15 4 33 4 19 47 20 4 9 18 15 35 4 51 10 42 4 76 17 16 19 16 98 28 4 33 4 29 4 30 17 20 25 4 55 7 34 4 63 48 4 17 4 17 4 92 45 16 13 16 39 24 4 41 4 102 47 4 13 4 16 4 72 35 4 32 50 30 4 91 21 4 46 4 31 4 37 4 45 32 4 34 4 5 4 44 4 16 49 4 39 4 50 6 42 4 97 17 4 10 4 45 4 60 39 4 5 33 27 4 13 28 4 5 32 35 4 13 18 4 46 4 103 5 35 37 4 25 42 10 4 92 25 4 29 4 66 37 4 16 4 7 4 30 4 0 60 4 5 4 23 4 46 4 45 40 4 19 4 8 23 5 9 4 23 4 91 29 4 12 4 33 4 7 4 29 27 4 32 4 24 4 76 28 4 5 4 24 4 84 6 4 33 4 25 4 35 4 20 10 4 47 4 37 4 13 4 
iteration 167 best: 0.949852 time: 66616
14 14 8 41 22 8 21 31 8 71 35 4 19 4 33 42 4 5 4 0 20 8 4 34 4 40 4 34 10 12 10 49 8 3 16 8 28 46 8 34 54 12 40 16 4 33 4 88 44 4 49 4 10 4 44 4 86 10 4 17 4 42 4 33 10 8 37 19 8 93 23 4 28 4 86 15 16 32 16 44 48 4 25 4 35 4 43 4 41 17 4 8 4 24 4 10 16 8 9 8 81 7 4 5 4 17 4 40 4 92 47 8 31 5 4 43 4 7 4 21 4 16 29 8 67 20 4 8 29 8 102 36 8 29 5 8 18 37 4 27 4 6 4 35 17 4 15 4 62 50 4 19 4 40 4 64 35 4 26 4 69 21 4 36 4 48 4 100 42 4 54 4 73 7 4 5 4 3 24 16 27 16 19 5 14 39 4 31 4 117 47 4 33 4 14 4 50 31 4 42 4 42 5 16 22 16 17 43 10 7 4 35 4 38 25 16 22 16 84 30 4 38 4 44 4 58 45 4 55 4 64 22 4 5 4 29 4 101 15 4 33 4 19 47 20 4 9 18 15 35 4 51 10 42 4 76 17 16 19 16 98 28 4 33 4 29 4 30 17 20 25 4 55 7 34 4 63 48 4 17 4 17 4 92 45 16 13 16 39 24 4 41 4 102 47 4 13 4 16 4 72 35 4 32 50 30 4 91 21 4 46 4 31 4 37 4 45 32 4 34 4 5 4 44 4 16 49 4 39 4 50 6 42 4 97 17 4 10 4 45 4 60 39 4 5 33 27 4 13 28 4 5 32 35 4 13 18 4 46 4 103 5 35 37 4 25 42 10 4 92 25 4 29 4 66 37 4 16 4 7 4 30 4 0 60 4 5 4 23 4 46 4 45 40 4 19 4 8 23 5 9 4 23 4 91 29 4 12 4 33 4 7 4 29 27 4 32 4 24 4 76 28 4 5 4 24 4 84 6 4 33 4 25 4 35 4 20 10 4 47 4 37 4 13 4 
iteration 186 best: 0.949852 time: 73994
14 14 8 41 22 8 21 31 8 71 35 4 19 4 33 42 4 5 4 0 20 8 4 34 4 40 4 34 10 12 10 49 8 3 16 8 28 46 8 34 54 12 40 16 4 33 4 88 44 4 49 4 10 4 44 4 86 10 4 17 4 42 4 33 10 8 37 19 8 93 23 4 28 4 86 15 16 32 16 44 48 4 25 4 35 4 43 4 41 17 4 8 4 24 4 10 16 8 9 8 81 7 4 5 4 17 4 40 4 92 47 8 31 5 4 43 4 7 4 21 4 16 29 8 67 20 4 8 29 8 102 36 8 29 5 8 18 37 4 27 4 6 4 35 17 4 15 4 62 50 4 19 4 40 4 64 35 4 26 4 69 21 4 36 4 48 4 100 42 4 54 4 73 7 4 5 4 3 24 16 27 16 19 5 14 39 4 31 4 117 47 4 33 4 14 4 50 31 4 42 4 42 5 16 22 16 17 43 10 7 4 35 4 38 25 16 22 16 84 30 4 38 4 44 4 58 45 4 55 4 64 22 4 5 4 29 4 101 15 4 33 4 19 47 20 4 9 18 15 35 4 51 10 42 4 76 17 16 19 16 98 28 4 33 4 29 4 30 17 20 25 4 55 7 34 4 63 48 4 17 4 17 4 92 45 16 13 16 39 24 4 41 4 102 47 4 13 4 16 4 72 35 4 32 50 30 4 91 21 4 46 4 31 4 37 4 45 32 4 34 4 5 4 44 4 16 49 4 39 4 50 6 42 4 97 17 4 10 4 45 4 60 39 4 5 33 27 4 13 28 4 5 32 35 4 13 18 4 46 4 103 5 35 37 4 25 42 10 4 92 25 4 29 4 66 37 4 16 4 7 4 30 4 0 60 4 5 4 23 4 46 4 45 40 4 19 4 8 23 5 9 4 23 4 91 29 4 12 4 33 4 7 4 29 27 4 32 4 24 4 76 28 4 5 4 24 4 84 6 4 33 4 25 4 35 4 20 10 4 47 4 37 4 13 4 
iteration 205 best: 0.949852 time: 81412
14 14 8 41 22 8 21 31 8 71 35 4 19 4 33 42 4 5 4 0 20 8 4 34 4 40 4 34 10 12 10 49 8 3 16 8 28 46 8 34 54 12 40 16 4 33 4 88 44 4 49 4 10 4 44 4 86 10 4 17 4 42 4 33 10 8 37 19 8 93 23 4 28 4 86 15 16 32 16 44 48 4 25 4 35 4 43 4 41 17 4 8 4 24 4 10 16 8 9 8 81 7 4 5 4 17 4 40 4 92 47 8 31 5 4 43 4 7 4 21 4 16 29 8 67 20 4 8 29 8 102 36 8 29 5 8 18 37 4 27 4 6 4 35 17 4 15 4 62 50 4 19 4 40 4 64 35 4 26 4 69 21 4 36 4 48 4 100 42 4 54 4 73 7 4 5 4 3 24 16 27 16 19 5 14 39 4 31 4 117 47 4 33 4 14 4 50 31 4 42 4 42 5 16 22 16 17 43 10 7 4 35 4 38 25 16 22 16 84 30 4 38 4 44 4 58 45 4 55 4 64 22 4 5 4 29 4 101 15 4 33 4 19 47 20 4 9 18 15 35 4 51 10 42 4 76 17 16 19 16 98 28 4 33 4 29 4 30 17 20 25 4 55 7 34 4 63 48 4 17 4 17 4 92 45 16 13 16 39 24 4 41 4 102 47 4 13 4 16 4 72 35 4 32 50 30 4 91 21 4 46 4 31 4 37 4 45 32 4 34 4 5 4 44 4 16 49 4 39 4 50 6 42 4 97 17 4 10 4 45 4 60 39 4 5 33 27 4 13 28 4 5 32 35 4 13 18 4 46 4 103 5 35 37 4 25 42 10 4 92 25 4 29 4 66 37 4 16 4 7 4 30 4 0 60 4 5 4 23 4 46 4 45 40 4 19 4 8 23 5 9 4 23 4 91 29 4 12 4 33 4 7 4 29 27 4 32 4 24 4 76 28 4 5 4 24 4 84 6 4 33 4 25 4 35 4 20 10 4 47 4 37 4 13 4 
iteration 224 best: 0.949852 time: 88777
14 14 8 41 22 8 21 31 8 71 35 4 19 4 33 42 4 5 4 0 20 8 4 34 4 40 4 34 10 12 10 49 8 3 16 8 28 46 8 34 54 12 40 16 4 33 4 88 44 4 49 4 10 4 44 4 86 10 4 17 4 42 4 33 10 8 37 19 8 93 23 4 28 4 86 15 16 32 16 44 48 4 25 4 35 4 43 4 41 17 4 8 4 24 4 10 16 8 9 8 81 7 4 5 4 17 4 40 4 92 47 8 31 5 4 43 4 7 4 21 4 16 29 8 67 20 4 8 29 8 102 36 8 29 5 8 18 37 4 27 4 6 4 35 17 4 15 4 62 50 4 19 4 40 4 64 35 4 26 4 69 21 4 36 4 48 4 100 42 4 54 4 73 7 4 5 4 3 24 16 27 16 19 5 14 39 4 31 4 117 47 4 33 4 14 4 50 31 4 42 4 42 5 16 22 16 17 43 10 7 4 35 4 38 25 16 22 16 84 30 4 38 4 44 4 58 45 4 55 4 64 22 4 5 4 29 4 101 15 4 33 4 19 47 20 4 9 18 15 35 4 51 10 42 4 76 17 16 19 16 98 28 4 33 4 29 4 30 17 20 25 4 55 7 34 4 63 48 4 17 4 17 4 92 45 16 13 16 39 24 4 41 4 102 47 4 13 4 16 4 72 35 4 32 50 30 4 91 21 4 46 4 31 4 37 4 45 32 4 34 4 5 4 44 4 16 49 4 39 4 50 6 42 4 97 17 4 10 4 45 4 60 39 4 5 33 27 4 13 28 4 5 32 35 4 13 18 4 46 4 103 5 35 37 4 25 42 10 4 92 25 4 29 4 66 37 4 16 4 7 4 30 4 0 60 4 5 4 23 4 46 4 45 40 4 19 4 8 23 5 9 4 23 4 91 29 4 12 4 33 4 7 4 29 27 4 32 4 24 4 76 28 4 5 4 24 4 84 6 4 33 4 25 4 35 4 20 10 4 47 4 37 4 13 4 
iteration 243 best: 0.949852 time: 96180
14 14 8 41 22 8 21 31 8 71 35 4 19 4 33 42 4 5 4 0 20 8 4 34 4 40 4 34 10 12 10 49 8 3 16 8 28 46 8 34 54 12 40 16 4 33 4 88 44 4 49 4 10 4 44 4 86 10 4 17 4 42 4 33 10 8 37 19 8 93 23 4 28 4 86 15 16 32 16 44 48 4 25 4 35 4 43 4 41 17 4 8 4 24 4 10 16 8 9 8 81 7 4 5 4 17 4 40 4 92 47 8 31 5 4 43 4 7 4 21 4 16 29 8 67 20 4 8 29 8 102 36 8 29 5 8 18 37 4 27 4 6 4 35 17 4 15 4 62 50 4 19 4 40 4 64 35 4 26 4 69 21 4 36 4 48 4 100 42 4 54 4 73 7 4 5 4 3 24 16 27 16 19 5 14 39 4 31 4 117 47 4 33 4 14 4 50 31 4 42 4 42 5 16 22 16 17 43 10 7 4 35 4 38 25 16 22 16 84 30 4 38 4 44 4 58 45 4 55 4 64 22 4 5 4 29 4 101 15 4 33 4 19 47 20 4 9 18 15 35 4 51 10 42 4 76 17 16 19 16 98 28 4 33 4 29 4 30 17 20 25 4 55 7 34 4 63 48 4 17 4 17 4 92 45 16 13 16 39 24 4 41 4 102 47 4 13 4 16 4 72 35 4 32 50 30 4 91 21 4 46 4 31 4 37 4 45 32 4 34 4 5 4 44 4 16 49 4 39 4 50 6 42 4 97 17 4 10 4 45 4 60 39 4 5 33 27 4 13 28 4 5 32 35 4 13 18 4 46 4 103 5 35 37 4 25 42 10 4 92 25 4 29 4 66 37 4 16 4 7 4 30 4 0 60 4 5 4 23 4 46 4 45 40 4 19 4 8 23 5 9 4 23 4 91 29 4 12 4 33 4 7 4 29 27 4 32 4 24 4 76 28 4 5 4 24 4 84 6 4 33 4 25 4 35 4 20 10 4 47 4 37 4 13 4 
iteration 262 best: 0.949852 time: 103576
14 14 8 41 22 8 21 31 8 71 35 4 19 4 33 42 4 5 4 0 20 8 4 34 4 40 4 34 10 12 10 49 8 3 16 8 28 46 8 34 54 12 40 16 4 33 4 88 44 4 49 4 10 4 44 4 86 10 4 17 4 42 4 33 10 8 37 19 8 93 23 4 28 4 86 15 16 32 16 44 48 4 25 4 35 4 43 4 41 17 4 8 4 24 4 10 16 8 9 8 81 7 4 5 4 17 4 40 4 92 47 8 31 5 4 43 4 7 4 21 4 16 29 8 67 20 4 8 29 8 102 36 8 29 5 8 18 37 4 27 4 6 4 35 17 4 15 4 62 50 4 19 4 40 4 64 35 4 26 4 69 21 4 36 4 48 4 100 42 4 54 4 73 7 4 5 4 3 24 16 27 16 19 5 14 39 4 31 4 117 47 4 33 4 14 4 50 31 4 42 4 42 5 16 22 16 17 43 10 7 4 35 4 38 25 16 22 16 84 30 4 38 4 44 4 58 45 4 55 4 64 22 4 5 4 29 4 101 15 4 33 4 19 47 20 4 9 18 15 35 4 51 10 42 4 76 17 16 19 16 98 28 4 33 4 29 4 30 17 20 25 4 55 7 34 4 63 48 4 17 4 17 4 92 45 16 13 16 39 24 4 41 4 102 47 4 13 4 16 4 72 35 4 32 50 30 4 91 21 4 46 4 31 4 37 4 45 32 4 34 4 5 4 44 4 16 49 4 39 4 50 6 42 4 97 17 4 10 4 45 4 60 39 4 5 33 27 4 13 28 4 5 32 35 4 13 18 4 46 4 103 5 35 37 4 25 42 10 4 92 25 4 29 4 66 37 4 16 4 7 4 30 4 0 60 4 5 4 23 4 46 4 45 40 4 19 4 8 23 5 9 4 23 4 91 29 4 12 4 33 4 7 4 29 27 4 32 4 24 4 76 28 4 5 4 24 4 84 6 4 33 4 25 4 35 4 20 10 4 47 4 37 4 13 4 
iteration 281 best: 0.949852 time: 110949
14 14 8 41 22 8 21 31 8 71 35 4 19 4 33 42 4 5 4 0 20 8 4 34 4 40 4 34 10 12 10 49 8 3 16 8 28 46 8 34 54 12 40 16 4 33 4 88 44 4 49 4 10 4 44 4 86 10 4 17 4 42 4 33 10 8 37 19 8 93 23 4 28 4 86 15 16 32 16 44 48 4 25 4 35 4 43 4 41 17 4 8 4 24 4 10 16 8 9 8 81 7 4 5 4 17 4 40 4 92 47 8 31 5 4 43 4 7 4 21 4 16 29 8 67 20 4 8 29 8 102 36 8 29 5 8 18 37 4 27 4 6 4 35 17 4 15 4 62 50 4 19 4 40 4 64 35 4 26 4 69 21 4 36 4 48 4 100 42 4 54 4 73 7 4 5 4 3 24 16 27 16 19 5 14 39 4 31 4 117 47 4 33 4 14 4 50 31 4 42 4 42 5 16 22 16 17 43 10 7 4 35 4 38 25 16 22 16 84 30 4 38 4 44 4 58 45 4 55 4 64 22 4 5 4 29 4 101 15 4 33 4 19 47 20 4 9 18 15 35 4 51 10 42 4 76 17 16 19 16 98 28 4 33 4 29 4 30 17 20 25 4 55 7 34 4 63 48 4 17 4 17 4 92 45 16 13 16 39 24 4 41 4 102 47 4 13 4 16 4 72 35 4 32 50 30 4 91 21 4 46 4 31 4 37 4 45 32 4 34 4 5 4 44 4 16 49 4 39 4 50 6 42 4 97 17 4 10 4 45 4 60 39 4 5 33 27 4 13 28 4 5 32 35 4 13 18 4 46 4 103 5 35 37 4 25 42 10 4 92 25 4 29 4 66 37 4 16 4 7 4 30 4 0 60 4 5 4 23 4 46 4 45 40 4 19 4 8 23 5 9 4 23 4 91 29 4 12 4 33 4 7 4 29 27 4 32 4 24 4 76 28 4 5 4 24 4 84 6 4 33 4 25 4 35 4 20 10 4 47 4 37 4 13 4 
iteration 300 best: 0.949852 time: 118326
14 14 8 41 22 8 21 31 8 71 35 4 19 4 33 42 4 5 4 0 20 8 4 34 4 40 4 34 10 12 10 49 8 3 16 8 28 46 8 34 54 12 40 16 4 33 4 88 44 4 49 4 10 4 44 4 86 10 4 17 4 42 4 33 10 8 37 19 8 93 23 4 28 4 86 15 16 32 16 44 48 4 25 4 35 4 43 4 41 17 4 8 4 24 4 10 16 8 9 8 81 7 4 5 4 17 4 40 4 92 47 8 31 5 4 43 4 7 4 21 4 16 29 8 67 20 4 8 29 8 102 36 8 29 5 8 18 37 4 27 4 6 4 35 17 4 15 4 62 50 4 19 4 40 4 64 35 4 26 4 69 21 4 36 4 48 4 100 42 4 54 4 73 7 4 5 4 3 24 16 27 16 19 5 14 39 4 31 4 117 47 4 33 4 14 4 50 31 4 42 4 42 5 16 22 16 17 43 10 7 4 35 4 38 25 16 22 16 84 30 4 38 4 44 4 58 45 4 55 4 64 22 4 5 4 29 4 101 15 4 33 4 19 47 20 4 9 18 15 35 4 51 10 42 4 76 17 16 19 16 98 28 4 33 4 29 4 30 17 20 25 4 55 7 34 4 63 48 4 17 4 17 4 92 45 16 13 16 39 24 4 41 4 102 47 4 13 4 16 4 72 35 4 32 50 30 4 91 21 4 46 4 31 4 37 4 45 32 4 34 4 5 4 44 4 16 49 4 39 4 50 6 42 4 97 17 4 10 4 45 4 60 39 4 5 33 27 4 13 28 4 5 32 35 4 13 18 4 46 4 103 5 35 37 4 25 42 10 4 92 25 4 29 4 66 37 4 16 4 7 4 30 4 0 60 4 5 4 23 4 46 4 45 40 4 19 4 8 23 5 9 4 23 4 91 29 4 12 4 33 4 7 4 29 27 4 32 4 24 4 76 28 4 5 4 24 4 84 6 4 33 4 25 4 35 4 20 10 4 47 4 37 4 13 4 
iteration 319 best: 0.949852 time: 125714
14 14 8 41 22 8 21 31 8 71 35 4 19 4 33 42 4 5 4 0 20 8 4 34 4 40 4 34 10 12 10 49 8 3 16 8 28 46 8 34 54 12 40 16 4 33 4 88 44 4 49 4 10 4 44 4 86 10 4 17 4 42 4 33 10 8 37 19 8 93 23 4 28 4 86 15 16 32 16 44 48 4 25 4 35 4 43 4 41 17 4 8 4 24 4 10 16 8 9 8 81 7 4 5 4 17 4 40 4 92 47 8 31 5 4 43 4 7 4 21 4 16 29 8 67 20 4 8 29 8 102 36 8 29 5 8 18 37 4 27 4 6 4 35 17 4 15 4 62 50 4 19 4 40 4 64 35 4 26 4 69 21 4 36 4 48 4 100 42 4 54 4 73 7 4 5 4 3 24 16 27 16 19 5 14 39 4 31 4 117 47 4 33 4 14 4 50 31 4 42 4 42 5 16 22 16 17 43 10 7 4 35 4 38 25 16 22 16 84 30 4 38 4 44 4 58 45 4 55 4 64 22 4 5 4 29 4 101 15 4 33 4 19 47 20 4 9 18 15 35 4 51 10 42 4 76 17 16 19 16 98 28 4 33 4 29 4 30 17 20 25 4 55 7 34 4 63 48 4 17 4 17 4 92 45 16 13 16 39 24 4 41 4 102 47 4 13 4 16 4 72 35 4 32 50 30 4 91 21 4 46 4 31 4 37 4 45 32 4 34 4 5 4 44 4 16 49 4 39 4 50 6 42 4 97 17 4 10 4 45 4 60 39 4 5 33 27 4 13 28 4 5 32 35 4 13 18 4 46 4 103 5 35 37 4 25 42 10 4 92 25 4 29 4 66 37 4 16 4 7 4 30 4 0 60 4 5 4 23 4 46 4 45 40 4 19 4 8 23 5 9 4 23 4 91 29 4 12 4 33 4 7 4 29 27 4 32 4 24 4 76 28 4 5 4 24 4 84 6 4 33 4 25 4 35 4 20 10 4 47 4 37 4 13 4 
iteration 338 best: 0.949852 time: 133107
14 14 8 41 22 8 21 31 8 71 35 4 19 4 33 42 4 5 4 0 20 8 4 34 4 40 4 34 10 12 10 49 8 3 16 8 28 46 8 34 54 12 40 16 4 33 4 88 44 4 49 4 10 4 44 4 86 10 4 17 4 42 4 33 10 8 37 19 8 93 23 4 28 4 86 15 16 32 16 44 48 4 25 4 35 4 43 4 41 17 4 8 4 24 4 10 16 8 9 8 81 7 4 5 4 17 4 40 4 92 47 8 31 5 4 43 4 7 4 21 4 16 29 8 67 20 4 8 29 8 102 36 8 29 5 8 18 37 4 27 4 6 4 35 17 4 15 4 62 50 4 19 4 40 4 64 35 4 26 4 69 21 4 36 4 48 4 100 42 4 54 4 73 7 4 5 4 3 24 16 27 16 19 5 14 39 4 31 4 117 47 4 33 4 14 4 50 31 4 42 4 42 5 16 22 16 17 43 10 7 4 35 4 38 25 16 22 16 84 30 4 38 4 44 4 58 45 4 55 4 64 22 4 5 4 29 4 101 15 4 33 4 19 47 20 4 9 18 15 35 4 51 10 42 4 76 17 16 19 16 98 28 4 33 4 29 4 30 17 20 25 4 55 7 34 4 63 48 4 17 4 17 4 92 45 16 13 16 39 24 4 41 4 102 47 4 13 4 16 4 72 35 4 32 50 30 4 91 21 4 46 4 31 4 37 4 45 32 4 34 4 5 4 44 4 16 49 4 39 4 50 6 42 4 97 17 4 10 4 45 4 60 39 4 5 33 27 4 13 28 4 5 32 35 4 13 18 4 46 4 103 5 35 37 4 25 42 10 4 92 25 4 29 4 66 37 4 16 4 7 4 30 4 0 60 4 5 4 23 4 46 4 45 40 4 19 4 8 23 5 9 4 23 4 91 29 4 12 4 33 4 7 4 29 27 4 32 4 24 4 76 28 4 5 4 24 4 84 6 4 33 4 25 4 35 4 20 10 4 47 4 37 4 13 4 
iteration 357 best: 0.949852 time: 140516
14 14 8 41 22 8 21 31 8 71 35 4 19 4 33 42 4 5 4 0 20 8 4 34 4 40 4 34 10 12 10 49 8 3 16 8 28 46 8 34 54 12 40 16 4 33 4 88 44 4 49 4 10 4 44 4 86 10 4 17 4 42 4 33 10 8 37 19 8 93 23 4 28 4 86 15 16 32 16 44 48 4 25 4 35 4 43 4 41 17 4 8 4 24 4 10 16 8 9 8 81 7 4 5 4 17 4 40 4 92 47 8 31 5 4 43 4 7 4 21 4 16 29 8 67 20 4 8 29 8 102 36 8 29 5 8 18 37 4 27 4 6 4 35 17 4 15 4 62 50 4 19 4 40 4 64 35 4 26 4 69 21 4 36 4 48 4 100 42 4 54 4 73 7 4 5 4 3 24 16 27 16 19 5 14 39 4 31 4 117 47 4 33 4 14 4 50 31 4 42 4 42 5 16 22 16 17 43 10 7 4 35 4 38 25 16 22 16 84 30 4 38 4 44 4 58 45 4 55 4 64 22 4 5 4 29 4 101 15 4 33 4 19 47 20 4 9 18 15 35 4 51 10 42 4 76 17 16 19 16 98 28 4 33 4 29 4 30 17 20 25 4 55 7 34 4 63 48 4 17 4 17 4 92 45 16 13 16 39 24 4 41 4 102 47 4 13 4 16 4 72 35 4 32 50 30 4 91 21 4 46 4 31 4 37 4 45 32 4 34 4 5 4 44 4 16 49 4 39 4 50 6 42 4 97 17 4 10 4 45 4 60 39 4 5 33 27 4 13 28 4 5 32 35 4 13 18 4 46 4 103 5 35 37 4 25 42 10 4 92 25 4 29 4 66 37 4 16 4 7 4 30 4 0 60 4 5 4 23 4 46 4 45 40 4 19 4 8 23 5 9 4 23 4 91 29 4 12 4 33 4 7 4 29 27 4 32 4 24 4 76 28 4 5 4 24 4 84 6 4 33 4 25 4 35 4 20 10 4 47 4 37 4 13 4 
iteration 376 best: 0.949852 time: 147916
14 14 8 41 22 8 21 31 8 71 35 4 19 4 33 42 4 5 4 0 20 8 4 34 4 40 4 34 10 12 10 49 8 3 16 8 28 46 8 34 54 12 40 16 4 33 4 88 44 4 49 4 10 4 44 4 86 10 4 17 4 42 4 33 10 8 37 19 8 93 23 4 28 4 86 15 16 32 16 44 48 4 25 4 35 4 43 4 41 17 4 8 4 24 4 10 16 8 9 8 81 7 4 5 4 17 4 40 4 92 47 8 31 5 4 43 4 7 4 21 4 16 29 8 67 20 4 8 29 8 102 36 8 29 5 8 18 37 4 27 4 6 4 35 17 4 15 4 62 50 4 19 4 40 4 64 35 4 26 4 69 21 4 36 4 48 4 100 42 4 54 4 73 7 4 5 4 3 24 16 27 16 19 5 14 39 4 31 4 117 47 4 33 4 14 4 50 31 4 42 4 42 5 16 22 16 17 43 10 7 4 35 4 38 25 16 22 16 84 30 4 38 4 44 4 58 45 4 55 4 64 22 4 5 4 29 4 101 15 4 33 4 19 47 20 4 9 18 15 35 4 51 10 42 4 76 17 16 19 16 98 28 4 33 4 29 4 30 17 20 25 4 55 7 34 4 63 48 4 17 4 17 4 92 45 16 13 16 39 24 4 41 4 102 47 4 13 4 16 4 72 35 4 32 50 30 4 91 21 4 46 4 31 4 37 4 45 32 4 34 4 5 4 44 4 16 49 4 39 4 50 6 42 4 97 17 4 10 4 45 4 60 39 4 5 33 27 4 13 28 4 5 32 35 4 13 18 4 46 4 103 5 35 37 4 25 42 10 4 92 25 4 29 4 66 37 4 16 4 7 4 30 4 0 60 4 5 4 23 4 46 4 45 40 4 19 4 8 23 5 9 4 23 4 91 29 4 12 4 33 4 7 4 29 27 4 32 4 24 4 76 28 4 5 4 24 4 84 6 4 33 4 25 4 35 4 20 10 4 47 4 37 4 13 4 
iteration 395 best: 0.949852 time: 155283
14 14 8 41 22 8 21 31 8 71 35 4 19 4 33 42 4 5 4 0 20 8 4 34 4 40 4 34 10 12 10 49 8 3 16 8 28 46 8 34 54 12 40 16 4 33 4 88 44 4 49 4 10 4 44 4 86 10 4 17 4 42 4 33 10 8 37 19 8 93 23 4 28 4 86 15 16 32 16 44 48 4 25 4 35 4 43 4 41 17 4 8 4 24 4 10 16 8 9 8 81 7 4 5 4 17 4 40 4 92 47 8 31 5 4 43 4 7 4 21 4 16 29 8 67 20 4 8 29 8 102 36 8 29 5 8 18 37 4 27 4 6 4 35 17 4 15 4 62 50 4 19 4 40 4 64 35 4 26 4 69 21 4 36 4 48 4 100 42 4 54 4 73 7 4 5 4 3 24 16 27 16 19 5 14 39 4 31 4 117 47 4 33 4 14 4 50 31 4 42 4 42 5 16 22 16 17 43 10 7 4 35 4 38 25 16 22 16 84 30 4 38 4 44 4 58 45 4 55 4 64 22 4 5 4 29 4 101 15 4 33 4 19 47 20 4 9 18 15 35 4 51 10 42 4 76 17 16 19 16 98 28 4 33 4 29 4 30 17 20 25 4 55 7 34 4 63 48 4 17 4 17 4 92 45 16 13 16 39 24 4 41 4 102 47 4 13 4 16 4 72 35 4 32 50 30 4 91 21 4 46 4 31 4 37 4 45 32 4 34 4 5 4 44 4 16 49 4 39 4 50 6 42 4 97 17 4 10 4 45 4 60 39 4 5 33 27 4 13 28 4 5 32 35 4 13 18 4 46 4 103 5 35 37 4 25 42 10 4 92 25 4 29 4 66 37 4 16 4 7 4 30 4 0 60 4 5 4 23 4 46 4 45 40 4 19 4 8 23 5 9 4 23 4 91 29 4 12 4 33 4 7 4 29 27 4 32 4 24 4 76 28 4 5 4 24 4 84 6 4 33 4 25 4 35 4 20 10 4 47 4 37 4 13 4 
iteration 414 best: 0.949852 time: 162685
14 14 8 41 22 8 21 31 8 71 35 4 19 4 33 42 4 5 4 0 20 8 4 34 4 40 4 34 10 12 10 49 8 3 16 8 28 46 8 34 54 12 40 16 4 33 4 88 44 4 49 4 10 4 44 4 86 10 4 17 4 42 4 33 10 8 37 19 8 93 23 4 28 4 86 15 16 32 16 44 48 4 25 4 35 4 43 4 41 17 4 8 4 24 4 10 16 8 9 8 81 7 4 5 4 17 4 40 4 92 47 8 31 5 4 43 4 7 4 21 4 16 29 8 67 20 4 8 29 8 102 36 8 29 5 8 18 37 4 27 4 6 4 35 17 4 15 4 62 50 4 19 4 40 4 64 35 4 26 4 69 21 4 36 4 48 4 100 42 4 54 4 73 7 4 5 4 3 24 16 27 16 19 5 14 39 4 31 4 117 47 4 33 4 14 4 50 31 4 42 4 42 5 16 22 16 17 43 10 7 4 35 4 38 25 16 22 16 84 30 4 38 4 44 4 58 45 4 55 4 64 22 4 5 4 29 4 101 15 4 33 4 19 47 20 4 9 18 15 35 4 51 10 42 4 76 17 16 19 16 98 28 4 33 4 29 4 30 17 20 25 4 55 7 34 4 63 48 4 17 4 17 4 92 45 16 13 16 39 24 4 41 4 102 47 4 13 4 16 4 72 35 4 32 50 30 4 91 21 4 46 4 31 4 37 4 45 32 4 34 4 5 4 44 4 16 49 4 39 4 50 6 42 4 97 17 4 10 4 45 4 60 39 4 5 33 27 4 13 28 4 5 32 35 4 13 18 4 46 4 103 5 35 37 4 25 42 10 4 92 25 4 29 4 66 37 4 16 4 7 4 30 4 0 60 4 5 4 23 4 46 4 45 40 4 19 4 8 23 5 9 4 23 4 91 29 4 12 4 33 4 7 4 29 27 4 32 4 24 4 76 28 4 5 4 24 4 84 6 4 33 4 25 4 35 4 20 10 4 47 4 37 4 13 4 
iteration 433 best: 0.949852 time: 170079
14 14 8 41 22 8 21 31 8 71 35 4 19 4 33 42 4 5 4 0 20 8 4 34 4 40 4 34 10 12 10 49 8 3 16 8 28 46 8 34 54 12 40 16 4 33 4 88 44 4 49 4 10 4 44 4 86 10 4 17 4 42 4 33 10 8 37 19 8 93 23 4 28 4 86 15 16 32 16 44 48 4 25 4 35 4 43 4 41 17 4 8 4 24 4 10 16 8 9 8 81 7 4 5 4 17 4 40 4 92 47 8 31 5 4 43 4 7 4 21 4 16 29 8 67 20 4 8 29 8 102 36 8 29 5 8 18 37 4 27 4 6 4 35 17 4 15 4 62 50 4 19 4 40 4 64 35 4 26 4 69 21 4 36 4 48 4 100 42 4 54 4 73 7 4 5 4 3 24 16 27 16 19 5 14 39 4 31 4 117 47 4 33 4 14 4 50 31 4 42 4 42 5 16 22 16 17 43 10 7 4 35 4 38 25 16 22 16 84 30 4 38 4 44 4 58 45 4 55 4 64 22 4 5 4 29 4 101 15 4 33 4 19 47 20 4 9 18 15 35 4 51 10 42 4 76 17 16 19 16 98 28 4 33 4 29 4 30 17 20 25 4 55 7 34 4 63 48 4 17 4 17 4 92 45 16 13 16 39 24 4 41 4 102 47 4 13 4 16 4 72 35 4 32 50 30 4 91 21 4 46 4 31 4 37 4 45 32 4 34 4 5 4 44 4 16 49 4 39 4 50 6 42 4 97 17 4 10 4 45 4 60 39 4 5 33 27 4 13 28 4 5 32 35 4 13 18 4 46 4 103 5 35 37 4 25 42 10 4 92 25 4 29 4 66 37 4 16 4 7 4 30 4 0 60 4 5 4 23 4 46 4 45 40 4 19 4 8 23 5 9 4 23 4 91 29 4 12 4 33 4 7 4 29 27 4 32 4 24 4 76 28 4 5 4 24 4 84 6 4 33 4 25 4 35 4 20 10 4 47 4 37 4 13 4 
iteration 452 best: 0.949852 time: 177455
14 14 8 41 22 8 21 31 8 71 35 4 19 4 33 42 4 5 4 0 20 8 4 34 4 40 4 34 10 12 10 49 8 3 16 8 28 46 8 34 54 12 40 16 4 33 4 88 44 4 49 4 10 4 44 4 86 10 4 17 4 42 4 33 10 8 37 19 8 93 23 4 28 4 86 15 16 32 16 44 48 4 25 4 35 4 43 4 41 17 4 8 4 24 4 10 16 8 9 8 81 7 4 5 4 17 4 40 4 92 47 8 31 5 4 43 4 7 4 21 4 16 29 8 67 20 4 8 29 8 102 36 8 29 5 8 18 37 4 27 4 6 4 35 17 4 15 4 62 50 4 19 4 40 4 64 35 4 26 4 69 21 4 36 4 48 4 100 42 4 54 4 73 7 4 5 4 3 24 16 27 16 19 5 14 39 4 31 4 117 47 4 33 4 14 4 50 31 4 42 4 42 5 16 22 16 17 43 10 7 4 35 4 38 25 16 22 16 84 30 4 38 4 44 4 58 45 4 55 4 64 22 4 5 4 29 4 101 15 4 33 4 19 47 20 4 9 18 15 35 4 51 10 42 4 76 17 16 19 16 98 28 4 33 4 29 4 30 17 20 25 4 55 7 34 4 63 48 4 17 4 17 4 92 45 16 13 16 39 24 4 41 4 102 47 4 13 4 16 4 72 35 4 32 50 30 4 91 21 4 46 4 31 4 37 4 45 32 4 34 4 5 4 44 4 16 49 4 39 4 50 6 42 4 97 17 4 10 4 45 4 60 39 4 5 33 27 4 13 28 4 5 32 35 4 13 18 4 46 4 103 5 35 37 4 25 42 10 4 92 25 4 29 4 66 37 4 16 4 7 4 30 4 0 60 4 5 4 23 4 46 4 45 40 4 19 4 8 23 5 9 4 23 4 91 29 4 12 4 33 4 7 4 29 27 4 32 4 24 4 76 28 4 5 4 24 4 84 6 4 33 4 25 4 35 4 20 10 4 47 4 37 4 13 4 
iteration 471 best: 0.949852 time: 184822
14 14 8 41 22 8 21 31 8 71 35 4 19 4 33 42 4 5 4 0 20 8 4 34 4 40 4 34 10 12 10 49 8 3 16 8 28 46 8 34 54 12 40 16 4 33 4 88 44 4 49 4 10 4 44 4 86 10 4 17 4 42 4 33 10 8 37 19 8 93 23 4 28 4 86 15 16 32 16 44 48 4 25 4 35 4 43 4 41 17 4 8 4 24 4 10 16 8 9 8 81 7 4 5 4 17 4 40 4 92 47 8 31 5 4 43 4 7 4 21 4 16 29 8 67 20 4 8 29 8 102 36 8 29 5 8 18 37 4 27 4 6 4 35 17 4 15 4 62 50 4 19 4 40 4 64 35 4 26 4 69 21 4 36 4 48 4 100 42 4 54 4 73 7 4 5 4 3 24 16 27 16 19 5 14 39 4 31 4 117 47 4 33 4 14 4 50 31 4 42 4 42 5 16 22 16 17 43 10 7 4 35 4 38 25 16 22 16 84 30 4 38 4 44 4 58 45 4 55 4 64 22 4 5 4 29 4 101 15 4 33 4 19 47 20 4 9 18 15 35 4 51 10 42 4 76 17 16 19 16 98 28 4 33 4 29 4 30 17 20 25 4 55 7 34 4 63 48 4 17 4 17 4 92 45 16 13 16 39 24 4 41 4 102 47 4 13 4 16 4 72 35 4 32 50 30 4 91 21 4 46 4 31 4 37 4 45 32 4 34 4 5 4 44 4 16 49 4 39 4 50 6 42 4 97 17 4 10 4 45 4 60 39 4 5 33 27 4 13 28 4 5 32 35 4 13 18 4 46 4 103 5 35 37 4 25 42 10 4 92 25 4 29 4 66 37 4 16 4 7 4 30 4 0 60 4 5 4 23 4 46 4 45 40 4 19 4 8 23 5 9 4 23 4 91 29 4 12 4 33 4 7 4 29 27 4 32 4 24 4 76 28 4 5 4 24 4 84 6 4 33 4 25 4 35 4 20 10 4 47 4 37 4 13 4 
iteration 490 best: 0.949852 time: 192185
14 14 8 41 22 8 21 31 8 71 35 4 19 4 33 42 4 5 4 0 20 8 4 34 4 40 4 34 10 12 10 49 8 3 16 8 28 46 8 34 54 12 40 16 4 33 4 88 44 4 49 4 10 4 44 4 86 10 4 17 4 42 4 33 10 8 37 19 8 93 23 4 28 4 86 15 16 32 16 44 48 4 25 4 35 4 43 4 41 17 4 8 4 24 4 10 16 8 9 8 81 7 4 5 4 17 4 40 4 92 47 8 31 5 4 43 4 7 4 21 4 16 29 8 67 20 4 8 29 8 102 36 8 29 5 8 18 37 4 27 4 6 4 35 17 4 15 4 62 50 4 19 4 40 4 64 35 4 26 4 69 21 4 36 4 48 4 100 42 4 54 4 73 7 4 5 4 3 24 16 27 16 19 5 14 39 4 31 4 117 47 4 33 4 14 4 50 31 4 42 4 42 5 16 22 16 17 43 10 7 4 35 4 38 25 16 22 16 84 30 4 38 4 44 4 58 45 4 55 4 64 22 4 5 4 29 4 101 15 4 33 4 19 47 20 4 9 18 15 35 4 51 10 42 4 76 17 16 19 16 98 28 4 33 4 29 4 30 17 20 25 4 55 7 34 4 63 48 4 17 4 17 4 92 45 16 13 16 39 24 4 41 4 102 47 4 13 4 16 4 72 35 4 32 50 30 4 91 21 4 46 4 31 4 37 4 45 32 4 34 4 5 4 44 4 16 49 4 39 4 50 6 42 4 97 17 4 10 4 45 4 60 39 4 5 33 27 4 13 28 4 5 32 35 4 13 18 4 46 4 103 5 35 37 4 25 42 10 4 92 25 4 29 4 66 37 4 16 4 7 4 30 4 0 60 4 5 4 23 4 46 4 45 40 4 19 4 8 23 5 9 4 23 4 91 29 4 12 4 33 4 7 4 29 27 4 32 4 24 4 76 28 4 5 4 24 4 84 6 4 33 4 25 4 35 4 20 10 4 47 4 37 4 13 4 
iteration 509 best: 0.949852 time: 199575
14 14 8 41 22 8 21 31 8 71 35 4 19 4 33 42 4 5 4 0 20 8 4 34 4 40 4 34 10 12 10 49 8 3 16 8 28 46 8 34 54 12 40 16 4 33 4 88 44 4 49 4 10 4 44 4 86 10 4 17 4 42 4 33 10 8 37 19 8 93 23 4 28 4 86 15 16 32 16 44 48 4 25 4 35 4 43 4 41 17 4 8 4 24 4 10 16 8 9 8 81 7 4 5 4 17 4 40 4 92 47 8 31 5 4 43 4 7 4 21 4 16 29 8 67 20 4 8 29 8 102 36 8 29 5 8 18 37 4 27 4 6 4 35 17 4 15 4 62 50 4 19 4 40 4 64 35 4 26 4 69 21 4 36 4 48 4 100 42 4 54 4 73 7 4 5 4 3 24 16 27 16 19 5 14 39 4 31 4 117 47 4 33 4 14 4 50 31 4 42 4 42 5 16 22 16 17 43 10 7 4 35 4 38 25 16 22 16 84 30 4 38 4 44 4 58 45 4 55 4 64 22 4 5 4 29 4 101 15 4 33 4 19 47 20 4 9 18 15 35 4 51 10 42 4 76 17 16 19 16 98 28 4 33 4 29 4 30 17 20 25 4 55 7 34 4 63 48 4 17 4 17 4 92 45 16 13 16 39 24 4 41 4 102 47 4 13 4 16 4 72 35 4 32 50 30 4 91 21 4 46 4 31 4 37 4 45 32 4 34 4 5 4 44 4 16 49 4 39 4 50 6 42 4 97 17 4 10 4 45 4 60 39 4 5 33 27 4 13 28 4 5 32 35 4 13 18 4 46 4 103 5 35 37 4 25 42 10 4 92 25 4 29 4 66 37 4 16 4 7 4 30 4 0 60 4 5 4 23 4 46 4 45 40 4 19 4 8 23 5 9 4 23 4 91 29 4 12 4 33 4 7 4 29 27 4 32 4 24 4 76 28 4 5 4 24 4 84 6 4 33 4 25 4 35 4 20 10 4 47 4 37 4 13 4 
iteration 528 best: 0.949852 time: 206972
14 14 8 41 22 8 21 31 8 71 35 4 19 4 33 42 4 5 4 0 20 8 4 34 4 40 4 34 10 12 10 49 8 3 16 8 28 46 8 34 54 12 40 16 4 33 4 88 44 4 49 4 10 4 44 4 86 10 4 17 4 42 4 33 10 8 37 19 8 93 23 4 28 4 86 15 16 32 16 44 48 4 25 4 35 4 43 4 41 17 4 8 4 24 4 10 16 8 9 8 81 7 4 5 4 17 4 40 4 92 47 8 31 5 4 43 4 7 4 21 4 16 29 8 67 20 4 8 29 8 102 36 8 29 5 8 18 37 4 27 4 6 4 35 17 4 15 4 62 50 4 19 4 40 4 64 35 4 26 4 69 21 4 36 4 48 4 100 42 4 54 4 73 7 4 5 4 3 24 16 27 16 19 5 14 39 4 31 4 117 47 4 33 4 14 4 50 31 4 42 4 42 5 16 22 16 17 43 10 7 4 35 4 38 25 16 22 16 84 30 4 38 4 44 4 58 45 4 55 4 64 22 4 5 4 29 4 101 15 4 33 4 19 47 20 4 9 18 15 35 4 51 10 42 4 76 17 16 19 16 98 28 4 33 4 29 4 30 17 20 25 4 55 7 34 4 63 48 4 17 4 17 4 92 45 16 13 16 39 24 4 41 4 102 47 4 13 4 16 4 72 35 4 32 50 30 4 91 21 4 46 4 31 4 37 4 45 32 4 34 4 5 4 44 4 16 49 4 39 4 50 6 42 4 97 17 4 10 4 45 4 60 39 4 5 33 27 4 13 28 4 5 32 35 4 13 18 4 46 4 103 5 35 37 4 25 42 10 4 92 25 4 29 4 66 37 4 16 4 7 4 30 4 0 60 4 5 4 23 4 46 4 45 40 4 19 4 8 23 5 9 4 23 4 91 29 4 12 4 33 4 7 4 29 27 4 32 4 24 4 76 28 4 5 4 24 4 84 6 4 33 4 25 4 35 4 20 10 4 47 4 37 4 13 4 
iteration 547 best: 0.949852 time: 214359
14 14 8 41 22 8 21 31 8 71 35 4 19 4 33 42 4 5 4 0 20 8 4 34 4 40 4 34 10 12 10 49 8 3 16 8 28 46 8 34 54 12 40 16 4 33 4 88 44 4 49 4 10 4 44 4 86 10 4 17 4 42 4 33 10 8 37 19 8 93 23 4 28 4 86 15 16 32 16 44 48 4 25 4 35 4 43 4 41 17 4 8 4 24 4 10 16 8 9 8 81 7 4 5 4 17 4 40 4 92 47 8 31 5 4 43 4 7 4 21 4 16 29 8 67 20 4 8 29 8 102 36 8 29 5 8 18 37 4 27 4 6 4 35 17 4 15 4 62 50 4 19 4 40 4 64 35 4 26 4 69 21 4 36 4 48 4 100 42 4 54 4 73 7 4 5 4 3 24 16 27 16 19 5 14 39 4 31 4 117 47 4 33 4 14 4 50 31 4 42 4 42 5 16 22 16 17 43 10 7 4 35 4 38 25 16 22 16 84 30 4 38 4 44 4 58 45 4 55 4 64 22 4 5 4 29 4 101 15 4 33 4 19 47 20 4 9 18 15 35 4 51 10 42 4 76 17 16 19 16 98 28 4 33 4 29 4 30 17 20 25 4 55 7 34 4 63 48 4 17 4 17 4 92 45 16 13 16 39 24 4 41 4 102 47 4 13 4 16 4 72 35 4 32 50 30 4 91 21 4 46 4 31 4 37 4 45 32 4 34 4 5 4 44 4 16 49 4 39 4 50 6 42 4 97 17 4 10 4 45 4 60 39 4 5 33 27 4 13 28 4 5 32 35 4 13 18 4 46 4 103 5 35 37 4 25 42 10 4 92 25 4 29 4 66 37 4 16 4 7 4 30 4 0 60 4 5 4 23 4 46 4 45 40 4 19 4 8 23 5 9 4 23 4 91 29 4 12 4 33 4 7 4 29 27 4 32 4 24 4 76 28 4 5 4 24 4 84 6 4 33 4 25 4 35 4 20 10 4 47 4 37 4 13 4 
iteration 566 best: 0.949852 time: 221806
14 14 8 41 22 8 21 31 8 71 35 4 19 4 33 42 4 5 4 0 20 8 4 34 4 40 4 34 10 12 10 49 8 3 16 8 28 46 8 34 54 12 40 16 4 33 4 88 44 4 49 4 10 4 44 4 86 10 4 17 4 42 4 33 10 8 37 19 8 93 23 4 28 4 86 15 16 32 16 44 48 4 25 4 35 4 43 4 41 17 4 8 4 24 4 10 16 8 9 8 81 7 4 5 4 17 4 40 4 92 47 8 31 5 4 43 4 7 4 21 4 16 29 8 67 20 4 8 29 8 102 36 8 29 5 8 18 37 4 27 4 6 4 35 17 4 15 4 62 50 4 19 4 40 4 64 35 4 26 4 69 21 4 36 4 48 4 100 42 4 54 4 73 7 4 5 4 3 24 16 27 16 19 5 14 39 4 31 4 117 47 4 33 4 14 4 50 31 4 42 4 42 5 16 22 16 17 43 10 7 4 35 4 38 25 16 22 16 84 30 4 38 4 44 4 58 45 4 55 4 64 22 4 5 4 29 4 101 15 4 33 4 19 47 20 4 9 18 15 35 4 51 10 42 4 76 17 16 19 16 98 28 4 33 4 29 4 30 17 20 25 4 55 7 34 4 63 48 4 17 4 17 4 92 45 16 13 16 39 24 4 41 4 102 47 4 13 4 16 4 72 35 4 32 50 30 4 91 21 4 46 4 31 4 37 4 45 32 4 34 4 5 4 44 4 16 49 4 39 4 50 6 42 4 97 17 4 10 4 45 4 60 39 4 5 33 27 4 13 28 4 5 32 35 4 13 18 4 46 4 103 5 35 37 4 25 42 10 4 92 25 4 29 4 66 37 4 16 4 7 4 30 4 0 60 4 5 4 23 4 46 4 45 40 4 19 4 8 23 5 9 4 23 4 91 29 4 12 4 33 4 7 4 29 27 4 32 4 24 4 76 28 4 5 4 24 4 84 6 4 33 4 25 4 35 4 20 10 4 47 4 37 4 13 4 
iteration 585 best: 0.949852 time: 229184
14 14 8 41 22 8 21 31 8 71 35 4 19 4 33 42 4 5 4 0 20 8 4 34 4 40 4 34 10 12 10 49 8 3 16 8 28 46 8 34 54 12 40 16 4 33 4 88 44 4 49 4 10 4 44 4 86 10 4 17 4 42 4 33 10 8 37 19 8 93 23 4 28 4 86 15 16 32 16 44 48 4 25 4 35 4 43 4 41 17 4 8 4 24 4 10 16 8 9 8 81 7 4 5 4 17 4 40 4 92 47 8 31 5 4 43 4 7 4 21 4 16 29 8 67 20 4 8 29 8 102 36 8 29 5 8 18 37 4 27 4 6 4 35 17 4 15 4 62 50 4 19 4 40 4 64 35 4 26 4 69 21 4 36 4 48 4 100 42 4 54 4 73 7 4 5 4 3 24 16 27 16 19 5 14 39 4 31 4 117 47 4 33 4 14 4 50 31 4 42 4 42 5 16 22 16 17 43 10 7 4 35 4 38 25 16 22 16 84 30 4 38 4 44 4 58 45 4 55 4 64 22 4 5 4 29 4 101 15 4 33 4 19 47 20 4 9 18 15 35 4 51 10 42 4 76 17 16 19 16 98 28 4 33 4 29 4 30 17 20 25 4 55 7 34 4 63 48 4 17 4 17 4 92 45 16 13 16 39 24 4 41 4 102 47 4 13 4 16 4 72 35 4 32 50 30 4 91 21 4 46 4 31 4 37 4 45 32 4 34 4 5 4 44 4 16 49 4 39 4 50 6 42 4 97 17 4 10 4 45 4 60 39 4 5 33 27 4 13 28 4 5 32 35 4 13 18 4 46 4 103 5 35 37 4 25 42 10 4 92 25 4 29 4 66 37 4 16 4 7 4 30 4 0 60 4 5 4 23 4 46 4 45 40 4 19 4 8 23 5 9 4 23 4 91 29 4 12 4 33 4 7 4 29 27 4 32 4 24 4 76 28 4 5 4 24 4 84 6 4 33 4 25 4 35 4 20 10 4 47 4 37 4 13 4 
iteration 604 best: 0.949852 time: 236574
14 14 8 41 22 8 21 31 8 71 35 4 19 4 33 42 4 5 4 0 20 8 4 34 4 40 4 34 10 12 10 49 8 3 16 8 28 46 8 34 54 12 40 16 4 33 4 88 44 4 49 4 10 4 44 4 86 10 4 17 4 42 4 33 10 8 37 19 8 93 23 4 28 4 86 15 16 32 16 44 48 4 25 4 35 4 43 4 41 17 4 8 4 24 4 10 16 8 9 8 81 7 4 5 4 17 4 40 4 92 47 8 31 5 4 43 4 7 4 21 4 16 29 8 67 20 4 8 29 8 102 36 8 29 5 8 18 37 4 27 4 6 4 35 17 4 15 4 62 50 4 19 4 40 4 64 35 4 26 4 69 21 4 36 4 48 4 100 42 4 54 4 73 7 4 5 4 3 24 16 27 16 19 5 14 39 4 31 4 117 47 4 33 4 14 4 50 31 4 42 4 42 5 16 22 16 17 43 10 7 4 35 4 38 25 16 22 16 84 30 4 38 4 44 4 58 45 4 55 4 64 22 4 5 4 29 4 101 15 4 33 4 19 47 20 4 9 18 15 35 4 51 10 42 4 76 17 16 19 16 98 28 4 33 4 29 4 30 17 20 25 4 55 7 34 4 63 48 4 17 4 17 4 92 45 16 13 16 39 24 4 41 4 102 47 4 13 4 16 4 72 35 4 32 50 30 4 91 21 4 46 4 31 4 37 4 45 32 4 34 4 5 4 44 4 16 49 4 39 4 50 6 42 4 97 17 4 10 4 45 4 60 39 4 5 33 27 4 13 28 4 5 32 35 4 13 18 4 46 4 103 5 35 37 4 25 42 10 4 92 25 4 29 4 66 37 4 16 4 7 4 30 4 0 60 4 5 4 23 4 46 4 45 40 4 19 4 8 23 5 9 4 23 4 91 29 4 12 4 33 4 7 4 29 27 4 32 4 24 4 76 28 4 5 4 24 4 84 6 4 33 4 25 4 35 4 20 10 4 47 4 37 4 13 4 
iteration 623 best: 0.949852 time: 243957
14 14 8 41 22 8 21 31 8 71 35 4 19 4 33 42 4 5 4 0 20 8 4 34 4 40 4 34 10 12 10 49 8 3 16 8 28 46 8 34 54 12 40 16 4 33 4 88 44 4 49 4 10 4 44 4 86 10 4 17 4 42 4 33 10 8 37 19 8 93 23 4 28 4 86 15 16 32 16 44 48 4 25 4 35 4 43 4 41 17 4 8 4 24 4 10 16 8 9 8 81 7 4 5 4 17 4 40 4 92 47 8 31 5 4 43 4 7 4 21 4 16 29 8 67 20 4 8 29 8 102 36 8 29 5 8 18 37 4 27 4 6 4 35 17 4 15 4 62 50 4 19 4 40 4 64 35 4 26 4 69 21 4 36 4 48 4 100 42 4 54 4 73 7 4 5 4 3 24 16 27 16 19 5 14 39 4 31 4 117 47 4 33 4 14 4 50 31 4 42 4 42 5 16 22 16 17 43 10 7 4 35 4 38 25 16 22 16 84 30 4 38 4 44 4 58 45 4 55 4 64 22 4 5 4 29 4 101 15 4 33 4 19 47 20 4 9 18 15 35 4 51 10 42 4 76 17 16 19 16 98 28 4 33 4 29 4 30 17 20 25 4 55 7 34 4 63 48 4 17 4 17 4 92 45 16 13 16 39 24 4 41 4 102 47 4 13 4 16 4 72 35 4 32 50 30 4 91 21 4 46 4 31 4 37 4 45 32 4 34 4 5 4 44 4 16 49 4 39 4 50 6 42 4 97 17 4 10 4 45 4 60 39 4 5 33 27 4 13 28 4 5 32 35 4 13 18 4 46 4 103 5 35 37 4 25 42 10 4 92 25 4 29 4 66 37 4 16 4 7 4 30 4 0 60 4 5 4 23 4 46 4 45 40 4 19 4 8 23 5 9 4 23 4 91 29 4 12 4 33 4 7 4 29 27 4 32 4 24 4 76 28 4 5 4 24 4 84 6 4 33 4 25 4 35 4 20 10 4 47 4 37 4 13 4 
iteration 642 best: 0.949852 time: 251352
14 14 8 41 22 8 21 31 8 71 35 4 19 4 33 42 4 5 4 0 20 8 4 34 4 40 4 34 10 12 10 49 8 3 16 8 28 46 8 34 54 12 40 16 4 33 4 88 44 4 49 4 10 4 44 4 86 10 4 17 4 42 4 33 10 8 37 19 8 93 23 4 28 4 86 15 16 32 16 44 48 4 25 4 35 4 43 4 41 17 4 8 4 24 4 10 16 8 9 8 81 7 4 5 4 17 4 40 4 92 47 8 31 5 4 43 4 7 4 21 4 16 29 8 67 20 4 8 29 8 102 36 8 29 5 8 18 37 4 27 4 6 4 35 17 4 15 4 62 50 4 19 4 40 4 64 35 4 26 4 69 21 4 36 4 48 4 100 42 4 54 4 73 7 4 5 4 3 24 16 27 16 19 5 14 39 4 31 4 117 47 4 33 4 14 4 50 31 4 42 4 42 5 16 22 16 17 43 10 7 4 35 4 38 25 16 22 16 84 30 4 38 4 44 4 58 45 4 55 4 64 22 4 5 4 29 4 101 15 4 33 4 19 47 20 4 9 18 15 35 4 51 10 42 4 76 17 16 19 16 98 28 4 33 4 29 4 30 17 20 25 4 55 7 34 4 63 48 4 17 4 17 4 92 45 16 13 16 39 24 4 41 4 102 47 4 13 4 16 4 72 35 4 32 50 30 4 91 21 4 46 4 31 4 37 4 45 32 4 34 4 5 4 44 4 16 49 4 39 4 50 6 42 4 97 17 4 10 4 45 4 60 39 4 5 33 27 4 13 28 4 5 32 35 4 13 18 4 46 4 103 5 35 37 4 25 42 10 4 92 25 4 29 4 66 37 4 16 4 7 4 30 4 0 60 4 5 4 23 4 46 4 45 40 4 19 4 8 23 5 9 4 23 4 91 29 4 12 4 33 4 7 4 29 27 4 32 4 24 4 76 28 4 5 4 24 4 84 6 4 33 4 25 4 35 4 20 10 4 47 4 37 4 13 4 
iteration 661 best: 0.949852 time: 258756
14 14 8 41 22 8 21 31 8 71 35 4 19 4 33 42 4 5 4 0 20 8 4 34 4 40 4 34 10 12 10 49 8 3 16 8 28 46 8 34 54 12 40 16 4 33 4 88 44 4 49 4 10 4 44 4 86 10 4 17 4 42 4 33 10 8 37 19 8 93 23 4 28 4 86 15 16 32 16 44 48 4 25 4 35 4 43 4 41 17 4 8 4 24 4 10 16 8 9 8 81 7 4 5 4 17 4 40 4 92 47 8 31 5 4 43 4 7 4 21 4 16 29 8 67 20 4 8 29 8 102 36 8 29 5 8 18 37 4 27 4 6 4 35 17 4 15 4 62 50 4 19 4 40 4 64 35 4 26 4 69 21 4 36 4 48 4 100 42 4 54 4 73 7 4 5 4 3 24 16 27 16 19 5 14 39 4 31 4 117 47 4 33 4 14 4 50 31 4 42 4 42 5 16 22 16 17 43 10 7 4 35 4 38 25 16 22 16 84 30 4 38 4 44 4 58 45 4 55 4 64 22 4 5 4 29 4 101 15 4 33 4 19 47 20 4 9 18 15 35 4 51 10 42 4 76 17 16 19 16 98 28 4 33 4 29 4 30 17 20 25 4 55 7 34 4 63 48 4 17 4 17 4 92 45 16 13 16 39 24 4 41 4 102 47 4 13 4 16 4 72 35 4 32 50 30 4 91 21 4 46 4 31 4 37 4 45 32 4 34 4 5 4 44 4 16 49 4 39 4 50 6 42 4 97 17 4 10 4 45 4 60 39 4 5 33 27 4 13 28 4 5 32 35 4 13 18 4 46 4 103 5 35 37 4 25 42 10 4 92 25 4 29 4 66 37 4 16 4 7 4 30 4 0 60 4 5 4 23 4 46 4 45 40 4 19 4 8 23 5 9 4 23 4 91 29 4 12 4 33 4 7 4 29 27 4 32 4 24 4 76 28 4 5 4 24 4 84 6 4 33 4 25 4 35 4 20 10 4 47 4 37 4 13 4 
iteration 680 best: 0.949852 time: 266124
14 14 8 41 22 8 21 31 8 71 35 4 19 4 33 42 4 5 4 0 20 8 4 34 4 40 4 34 10 12 10 49 8 3 16 8 28 46 8 34 54 12 40 16 4 33 4 88 44 4 49 4 10 4 44 4 86 10 4 17 4 42 4 33 10 8 37 19 8 93 23 4 28 4 86 15 16 32 16 44 48 4 25 4 35 4 43 4 41 17 4 8 4 24 4 10 16 8 9 8 81 7 4 5 4 17 4 40 4 92 47 8 31 5 4 43 4 7 4 21 4 16 29 8 67 20 4 8 29 8 102 36 8 29 5 8 18 37 4 27 4 6 4 35 17 4 15 4 62 50 4 19 4 40 4 64 35 4 26 4 69 21 4 36 4 48 4 100 42 4 54 4 73 7 4 5 4 3 24 16 27 16 19 5 14 39 4 31 4 117 47 4 33 4 14 4 50 31 4 42 4 42 5 16 22 16 17 43 10 7 4 35 4 38 25 16 22 16 84 30 4 38 4 44 4 58 45 4 55 4 64 22 4 5 4 29 4 101 15 4 33 4 19 47 20 4 9 18 15 35 4 51 10 42 4 76 17 16 19 16 98 28 4 33 4 29 4 30 17 20 25 4 55 7 34 4 63 48 4 17 4 17 4 92 45 16 13 16 39 24 4 41 4 102 47 4 13 4 16 4 72 35 4 32 50 30 4 91 21 4 46 4 31 4 37 4 45 32 4 34 4 5 4 44 4 16 49 4 39 4 50 6 42 4 97 17 4 10 4 45 4 60 39 4 5 33 27 4 13 28 4 5 32 35 4 13 18 4 46 4 103 5 35 37 4 25 42 10 4 92 25 4 29 4 66 37 4 16 4 7 4 30 4 0 60 4 5 4 23 4 46 4 45 40 4 19 4 8 23 5 9 4 23 4 91 29 4 12 4 33 4 7 4 29 27 4 32 4 24 4 76 28 4 5 4 24 4 84 6 4 33 4 25 4 35 4 20 10 4 47 4 37 4 13 4 
iteration 699 best: 0.949852 time: 273476
14 14 8 41 22 8 21 31 8 71 35 4 19 4 33 42 4 5 4 0 20 8 4 34 4 40 4 34 10 12 10 49 8 3 16 8 28 46 8 34 54 12 40 16 4 33 4 88 44 4 49 4 10 4 44 4 86 10 4 17 4 42 4 33 10 8 37 19 8 93 23 4 28 4 86 15 16 32 16 44 48 4 25 4 35 4 43 4 41 17 4 8 4 24 4 10 16 8 9 8 81 7 4 5 4 17 4 40 4 92 47 8 31 5 4 43 4 7 4 21 4 16 29 8 67 20 4 8 29 8 102 36 8 29 5 8 18 37 4 27 4 6 4 35 17 4 15 4 62 50 4 19 4 40 4 64 35 4 26 4 69 21 4 36 4 48 4 100 42 4 54 4 73 7 4 5 4 3 24 16 27 16 19 5 14 39 4 31 4 117 47 4 33 4 14 4 50 31 4 42 4 42 5 16 22 16 17 43 10 7 4 35 4 38 25 16 22 16 84 30 4 38 4 44 4 58 45 4 55 4 64 22 4 5 4 29 4 101 15 4 33 4 19 47 20 4 9 18 15 35 4 51 10 42 4 76 17 16 19 16 98 28 4 33 4 29 4 30 17 20 25 4 55 7 34 4 63 48 4 17 4 17 4 92 45 16 13 16 39 24 4 41 4 102 47 4 13 4 16 4 72 35 4 32 50 30 4 91 21 4 46 4 31 4 37 4 45 32 4 34 4 5 4 44 4 16 49 4 39 4 50 6 42 4 97 17 4 10 4 45 4 60 39 4 5 33 27 4 13 28 4 5 32 35 4 13 18 4 46 4 103 5 35 37 4 25 42 10 4 92 25 4 29 4 66 37 4 16 4 7 4 30 4 0 60 4 5 4 23 4 46 4 45 40 4 19 4 8 23 5 9 4 23 4 91 29 4 12 4 33 4 7 4 29 27 4 32 4 24 4 76 28 4 5 4 24 4 84 6 4 33 4 25 4 35 4 20 10 4 47 4 37 4 13 4 
iteration 718 best: 0.949852 time: 280862
14 14 8 41 22 8 21 31 8 71 35 4 19 4 33 42 4 5 4 0 20 8 4 34 4 40 4 34 10 12 10 49 8 3 16 8 28 46 8 34 54 12 40 16 4 33 4 88 44 4 49 4 10 4 44 4 86 10 4 17 4 42 4 33 10 8 37 19 8 93 23 4 28 4 86 15 16 32 16 44 48 4 25 4 35 4 43 4 41 17 4 8 4 24 4 10 16 8 9 8 81 7 4 5 4 17 4 40 4 92 47 8 31 5 4 43 4 7 4 21 4 16 29 8 67 20 4 8 29 8 102 36 8 29 5 8 18 37 4 27 4 6 4 35 17 4 15 4 62 50 4 19 4 40 4 64 35 4 26 4 69 21 4 36 4 48 4 100 42 4 54 4 73 7 4 5 4 3 24 16 27 16 19 5 14 39 4 31 4 117 47 4 33 4 14 4 50 31 4 42 4 42 5 16 22 16 17 43 10 7 4 35 4 38 25 16 22 16 84 30 4 38 4 44 4 58 45 4 55 4 64 22 4 5 4 29 4 101 15 4 33 4 19 47 20 4 9 18 15 35 4 51 10 42 4 76 17 16 19 16 98 28 4 33 4 29 4 30 17 20 25 4 55 7 34 4 63 48 4 17 4 17 4 92 45 16 13 16 39 24 4 41 4 102 47 4 13 4 16 4 72 35 4 32 50 30 4 91 21 4 46 4 31 4 37 4 45 32 4 34 4 5 4 44 4 16 49 4 39 4 50 6 42 4 97 17 4 10 4 45 4 60 39 4 5 33 27 4 13 28 4 5 32 35 4 13 18 4 46 4 103 5 35 37 4 25 42 10 4 92 25 4 29 4 66 37 4 16 4 7 4 30 4 0 60 4 5 4 23 4 46 4 45 40 4 19 4 8 23 5 9 4 23 4 91 29 4 12 4 33 4 7 4 29 27 4 32 4 24 4 76 28 4 5 4 24 4 84 6 4 33 4 25 4 35 4 20 10 4 47 4 37 4 13 4 
iteration 737 best: 0.949852 time: 288244
14 14 8 41 22 8 21 31 8 71 35 4 19 4 33 42 4 5 4 0 20 8 4 34 4 40 4 34 10 12 10 49 8 3 16 8 28 46 8 34 54 12 40 16 4 33 4 88 44 4 49 4 10 4 44 4 86 10 4 17 4 42 4 33 10 8 37 19 8 93 23 4 28 4 86 15 16 32 16 44 48 4 25 4 35 4 43 4 41 17 4 8 4 24 4 10 16 8 9 8 81 7 4 5 4 17 4 40 4 92 47 8 31 5 4 43 4 7 4 21 4 16 29 8 67 20 4 8 29 8 102 36 8 29 5 8 18 37 4 27 4 6 4 35 17 4 15 4 62 50 4 19 4 40 4 64 35 4 26 4 69 21 4 36 4 48 4 100 42 4 54 4 73 7 4 5 4 3 24 16 27 16 19 5 14 39 4 31 4 117 47 4 33 4 14 4 50 31 4 42 4 42 5 16 22 16 17 43 10 7 4 35 4 38 25 16 22 16 84 30 4 38 4 44 4 58 45 4 55 4 64 22 4 5 4 29 4 101 15 4 33 4 19 47 20 4 9 18 15 35 4 51 10 42 4 76 17 16 19 16 98 28 4 33 4 29 4 30 17 20 25 4 55 7 34 4 63 48 4 17 4 17 4 92 45 16 13 16 39 24 4 41 4 102 47 4 13 4 16 4 72 35 4 32 50 30 4 91 21 4 46 4 31 4 37 4 45 32 4 34 4 5 4 44 4 16 49 4 39 4 50 6 42 4 97 17 4 10 4 45 4 60 39 4 5 33 27 4 13 28 4 5 32 35 4 13 18 4 46 4 103 5 35 37 4 25 42 10 4 92 25 4 29 4 66 37 4 16 4 7 4 30 4 0 60 4 5 4 23 4 46 4 45 40 4 19 4 8 23 5 9 4 23 4 91 29 4 12 4 33 4 7 4 29 27 4 32 4 24 4 76 28 4 5 4 24 4 84 6 4 33 4 25 4 35 4 20 10 4 47 4 37 4 13 4 
iteration 756 best: 0.949852 time: 295609
14 14 8 41 22 8 21 31 8 71 35 4 19 4 33 42 4 5 4 0 20 8 4 34 4 40 4 34 10 12 10 49 8 3 16 8 28 46 8 34 54 12 40 16 4 33 4 88 44 4 49 4 10 4 44 4 86 10 4 17 4 42 4 33 10 8 37 19 8 93 23 4 28 4 86 15 16 32 16 44 48 4 25 4 35 4 43 4 41 17 4 8 4 24 4 10 16 8 9 8 81 7 4 5 4 17 4 40 4 92 47 8 31 5 4 43 4 7 4 21 4 16 29 8 67 20 4 8 29 8 102 36 8 29 5 8 18 37 4 27 4 6 4 35 17 4 15 4 62 50 4 19 4 40 4 64 35 4 26 4 69 21 4 36 4 48 4 100 42 4 54 4 73 7 4 5 4 3 24 16 27 16 19 5 14 39 4 31 4 117 47 4 33 4 14 4 50 31 4 42 4 42 5 16 22 16 17 43 10 7 4 35 4 38 25 16 22 16 84 30 4 38 4 44 4 58 45 4 55 4 64 22 4 5 4 29 4 101 15 4 33 4 19 47 20 4 9 18 15 35 4 51 10 42 4 76 17 16 19 16 98 28 4 33 4 29 4 30 17 20 25 4 55 7 34 4 63 48 4 17 4 17 4 92 45 16 13 16 39 24 4 41 4 102 47 4 13 4 16 4 72 35 4 32 50 30 4 91 21 4 46 4 31 4 37 4 45 32 4 34 4 5 4 44 4 16 49 4 39 4 50 6 42 4 97 17 4 10 4 45 4 60 39 4 5 33 27 4 13 28 4 5 32 35 4 13 18 4 46 4 103 5 35 37 4 25 42 10 4 92 25 4 29 4 66 37 4 16 4 7 4 30 4 0 60 4 5 4 23 4 46 4 45 40 4 19 4 8 23 5 9 4 23 4 91 29 4 12 4 33 4 7 4 29 27 4 32 4 24 4 76 28 4 5 4 24 4 84 6 4 33 4 25 4 35 4 20 10 4 47 4 37 4 13 4 
iteration 775 best: 0.949852 time: 302998
14 14 8 41 22 8 21 31 8 71 35 4 19 4 33 42 4 5 4 0 20 8 4 34 4 40 4 34 10 12 10 49 8 3 16 8 28 46 8 34 54 12 40 16 4 33 4 88 44 4 49 4 10 4 44 4 86 10 4 17 4 42 4 33 10 8 37 19 8 93 23 4 28 4 86 15 16 32 16 44 48 4 25 4 35 4 43 4 41 17 4 8 4 24 4 10 16 8 9 8 81 7 4 5 4 17 4 40 4 92 47 8 31 5 4 43 4 7 4 21 4 16 29 8 67 20 4 8 29 8 102 36 8 29 5 8 18 37 4 27 4 6 4 35 17 4 15 4 62 50 4 19 4 40 4 64 35 4 26 4 69 21 4 36 4 48 4 100 42 4 54 4 73 7 4 5 4 3 24 16 27 16 19 5 14 39 4 31 4 117 47 4 33 4 14 4 50 31 4 42 4 42 5 16 22 16 17 43 10 7 4 35 4 38 25 16 22 16 84 30 4 38 4 44 4 58 45 4 55 4 64 22 4 5 4 29 4 101 15 4 33 4 19 47 20 4 9 18 15 35 4 51 10 42 4 76 17 16 19 16 98 28 4 33 4 29 4 30 17 20 25 4 55 7 34 4 63 48 4 17 4 17 4 92 45 16 13 16 39 24 4 41 4 102 47 4 13 4 16 4 72 35 4 32 50 30 4 91 21 4 46 4 31 4 37 4 45 32 4 34 4 5 4 44 4 16 49 4 39 4 50 6 42 4 97 17 4 10 4 45 4 60 39 4 5 33 27 4 13 28 4 5 32 35 4 13 18 4 46 4 103 5 35 37 4 25 42 10 4 92 25 4 29 4 66 37 4 16 4 7 4 30 4 0 60 4 5 4 23 4 46 4 45 40 4 19 4 8 23 5 9 4 23 4 91 29 4 12 4 33 4 7 4 29 27 4 32 4 24 4 76 28 4 5 4 24 4 84 6 4 33 4 25 4 35 4 20 10 4 47 4 37 4 13 4 
iteration 794 best: 0.949852 time: 310438
14 14 8 41 22 8 21 31 8 71 35 4 19 4 33 42 4 5 4 0 20 8 4 34 4 40 4 34 10 12 10 49 8 3 16 8 28 46 8 34 54 12 40 16 4 33 4 88 44 4 49 4 10 4 44 4 86 10 4 17 4 42 4 33 10 8 37 19 8 93 23 4 28 4 86 15 16 32 16 44 48 4 25 4 35 4 43 4 41 17 4 8 4 24 4 10 16 8 9 8 81 7 4 5 4 17 4 40 4 92 47 8 31 5 4 43 4 7 4 21 4 16 29 8 67 20 4 8 29 8 102 36 8 29 5 8 18 37 4 27 4 6 4 35 17 4 15 4 62 50 4 19 4 40 4 64 35 4 26 4 69 21 4 36 4 48 4 100 42 4 54 4 73 7 4 5 4 3 24 16 27 16 19 5 14 39 4 31 4 117 47 4 33 4 14 4 50 31 4 42 4 42 5 16 22 16 17 43 10 7 4 35 4 38 25 16 22 16 84 30 4 38 4 44 4 58 45 4 55 4 64 22 4 5 4 29 4 101 15 4 33 4 19 47 20 4 9 18 15 35 4 51 10 42 4 76 17 16 19 16 98 28 4 33 4 29 4 30 17 20 25 4 55 7 34 4 63 48 4 17 4 17 4 92 45 16 13 16 39 24 4 41 4 102 47 4 13 4 16 4 72 35 4 32 50 30 4 91 21 4 46 4 31 4 37 4 45 32 4 34 4 5 4 44 4 16 49 4 39 4 50 6 42 4 97 17 4 10 4 45 4 60 39 4 5 33 27 4 13 28 4 5 32 35 4 13 18 4 46 4 103 5 35 37 4 25 42 10 4 92 25 4 29 4 66 37 4 16 4 7 4 30 4 0 60 4 5 4 23 4 46 4 45 40 4 19 4 8 23 5 9 4 23 4 91 29 4 12 4 33 4 7 4 29 27 4 32 4 24 4 76 28 4 5 4 24 4 84 6 4 33 4 25 4 35 4 20 10 4 47 4 37 4 13 4 
iteration 813 best: 0.949852 time: 317852
14 14 8 41 22 8 21 31 8 71 35 4 19 4 33 42 4 5 4 0 20 8 4 34 4 40 4 34 10 12 10 49 8 3 16 8 28 46 8 34 54 12 40 16 4 33 4 88 44 4 49 4 10 4 44 4 86 10 4 17 4 42 4 33 10 8 37 19 8 93 23 4 28 4 86 15 16 32 16 44 48 4 25 4 35 4 43 4 41 17 4 8 4 24 4 10 16 8 9 8 81 7 4 5 4 17 4 40 4 92 47 8 31 5 4 43 4 7 4 21 4 16 29 8 67 20 4 8 29 8 102 36 8 29 5 8 18 37 4 27 4 6 4 35 17 4 15 4 62 50 4 19 4 40 4 64 35 4 26 4 69 21 4 36 4 48 4 100 42 4 54 4 73 7 4 5 4 3 24 16 27 16 19 5 14 39 4 31 4 117 47 4 33 4 14 4 50 31 4 42 4 42 5 16 22 16 17 43 10 7 4 35 4 38 25 16 22 16 84 30 4 38 4 44 4 58 45 4 55 4 64 22 4 5 4 29 4 101 15 4 33 4 19 47 20 4 9 18 15 35 4 51 10 42 4 76 17 16 19 16 98 28 4 33 4 29 4 30 17 20 25 4 55 7 34 4 63 48 4 17 4 17 4 92 45 16 13 16 39 24 4 41 4 102 47 4 13 4 16 4 72 35 4 32 50 30 4 91 21 4 46 4 31 4 37 4 45 32 4 34 4 5 4 44 4 16 49 4 39 4 50 6 42 4 97 17 4 10 4 45 4 60 39 4 5 33 27 4 13 28 4 5 32 35 4 13 18 4 46 4 103 5 35 37 4 25 42 10 4 92 25 4 29 4 66 37 4 16 4 7 4 30 4 0 60 4 5 4 23 4 46 4 45 40 4 19 4 8 23 5 9 4 23 4 91 29 4 12 4 33 4 7 4 29 27 4 32 4 24 4 76 28 4 5 4 24 4 84 6 4 33 4 25 4 35 4 20 10 4 47 4 37 4 13 4 
iteration 832 best: 0.949852 time: 325258
14 14 8 41 22 8 21 31 8 71 35 4 19 4 33 42 4 5 4 0 20 8 4 34 4 40 4 34 10 12 10 49 8 3 16 8 28 46 8 34 54 12 40 16 4 33 4 88 44 4 49 4 10 4 44 4 86 10 4 17 4 42 4 33 10 8 37 19 8 93 23 4 28 4 86 15 16 32 16 44 48 4 25 4 35 4 43 4 41 17 4 8 4 24 4 10 16 8 9 8 81 7 4 5 4 17 4 40 4 92 47 8 31 5 4 43 4 7 4 21 4 16 29 8 67 20 4 8 29 8 102 36 8 29 5 8 18 37 4 27 4 6 4 35 17 4 15 4 62 50 4 19 4 40 4 64 35 4 26 4 69 21 4 36 4 48 4 100 42 4 54 4 73 7 4 5 4 3 24 16 27 16 19 5 14 39 4 31 4 117 47 4 33 4 14 4 50 31 4 42 4 42 5 16 22 16 17 43 10 7 4 35 4 38 25 16 22 16 84 30 4 38 4 44 4 58 45 4 55 4 64 22 4 5 4 29 4 101 15 4 33 4 19 47 20 4 9 18 15 35 4 51 10 42 4 76 17 16 19 16 98 28 4 33 4 29 4 30 17 20 25 4 55 7 34 4 63 48 4 17 4 17 4 92 45 16 13 16 39 24 4 41 4 102 47 4 13 4 16 4 72 35 4 32 50 30 4 91 21 4 46 4 31 4 37 4 45 32 4 34 4 5 4 44 4 16 49 4 39 4 50 6 42 4 97 17 4 10 4 45 4 60 39 4 5 33 27 4 13 28 4 5 32 35 4 13 18 4 46 4 103 5 35 37 4 25 42 10 4 92 25 4 29 4 66 37 4 16 4 7 4 30 4 0 60 4 5 4 23 4 46 4 45 40 4 19 4 8 23 5 9 4 23 4 91 29 4 12 4 33 4 7 4 29 27 4 32 4 24 4 76 28 4 5 4 24 4 84 6 4 33 4 25 4 35 4 20 10 4 47 4 37 4 13 4 
iteration 851 best: 0.949852 time: 332690
14 14 8 41 22 8 21 31 8 71 35 4 19 4 33 42 4 5 4 0 20 8 4 34 4 40 4 34 10 12 10 49 8 3 16 8 28 46 8 34 54 12 40 16 4 33 4 88 44 4 49 4 10 4 44 4 86 10 4 17 4 42 4 33 10 8 37 19 8 93 23 4 28 4 86 15 16 32 16 44 48 4 25 4 35 4 43 4 41 17 4 8 4 24 4 10 16 8 9 8 81 7 4 5 4 17 4 40 4 92 47 8 31 5 4 43 4 7 4 21 4 16 29 8 67 20 4 8 29 8 102 36 8 29 5 8 18 37 4 27 4 6 4 35 17 4 15 4 62 50 4 19 4 40 4 64 35 4 26 4 69 21 4 36 4 48 4 100 42 4 54 4 73 7 4 5 4 3 24 16 27 16 19 5 14 39 4 31 4 117 47 4 33 4 14 4 50 31 4 42 4 42 5 16 22 16 17 43 10 7 4 35 4 38 25 16 22 16 84 30 4 38 4 44 4 58 45 4 55 4 64 22 4 5 4 29 4 101 15 4 33 4 19 47 20 4 9 18 15 35 4 51 10 42 4 76 17 16 19 16 98 28 4 33 4 29 4 30 17 20 25 4 55 7 34 4 63 48 4 17 4 17 4 92 45 16 13 16 39 24 4 41 4 102 47 4 13 4 16 4 72 35 4 32 50 30 4 91 21 4 46 4 31 4 37 4 45 32 4 34 4 5 4 44 4 16 49 4 39 4 50 6 42 4 97 17 4 10 4 45 4 60 39 4 5 33 27 4 13 28 4 5 32 35 4 13 18 4 46 4 103 5 35 37 4 25 42 10 4 92 25 4 29 4 66 37 4 16 4 7 4 30 4 0 60 4 5 4 23 4 46 4 45 40 4 19 4 8 23 5 9 4 23 4 91 29 4 12 4 33 4 7 4 29 27 4 32 4 24 4 76 28 4 5 4 24 4 84 6 4 33 4 25 4 35 4 20 10 4 47 4 37 4 13 4 
iteration 870 best: 0.949852 time: 340082
14 14 8 41 22 8 21 31 8 71 35 4 19 4 33 42 4 5 4 0 20 8 4 34 4 40 4 34 10 12 10 49 8 3 16 8 28 46 8 34 54 12 40 16 4 33 4 88 44 4 49 4 10 4 44 4 86 10 4 17 4 42 4 33 10 8 37 19 8 93 23 4 28 4 86 15 16 32 16 44 48 4 25 4 35 4 43 4 41 17 4 8 4 24 4 10 16 8 9 8 81 7 4 5 4 17 4 40 4 92 47 8 31 5 4 43 4 7 4 21 4 16 29 8 67 20 4 8 29 8 102 36 8 29 5 8 18 37 4 27 4 6 4 35 17 4 15 4 62 50 4 19 4 40 4 64 35 4 26 4 69 21 4 36 4 48 4 100 42 4 54 4 73 7 4 5 4 3 24 16 27 16 19 5 14 39 4 31 4 117 47 4 33 4 14 4 50 31 4 42 4 42 5 16 22 16 17 43 10 7 4 35 4 38 25 16 22 16 84 30 4 38 4 44 4 58 45 4 55 4 64 22 4 5 4 29 4 101 15 4 33 4 19 47 20 4 9 18 15 35 4 51 10 42 4 76 17 16 19 16 98 28 4 33 4 29 4 30 17 20 25 4 55 7 34 4 63 48 4 17 4 17 4 92 45 16 13 16 39 24 4 41 4 102 47 4 13 4 16 4 72 35 4 32 50 30 4 91 21 4 46 4 31 4 37 4 45 32 4 34 4 5 4 44 4 16 49 4 39 4 50 6 42 4 97 17 4 10 4 45 4 60 39 4 5 33 27 4 13 28 4 5 32 35 4 13 18 4 46 4 103 5 35 37 4 25 42 10 4 92 25 4 29 4 66 37 4 16 4 7 4 30 4 0 60 4 5 4 23 4 46 4 45 40 4 19 4 8 23 5 9 4 23 4 91 29 4 12 4 33 4 7 4 29 27 4 32 4 24 4 76 28 4 5 4 24 4 84 6 4 33 4 25 4 35 4 20 10 4 47 4 37 4 13 4 
iteration 889 best: 0.949852 time: 347471
14 14 8 41 22 8 21 31 8 71 35 4 19 4 33 42 4 5 4 0 20 8 4 34 4 40 4 34 10 12 10 49 8 3 16 8 28 46 8 34 54 12 40 16 4 33 4 88 44 4 49 4 10 4 44 4 86 10 4 17 4 42 4 33 10 8 37 19 8 93 23 4 28 4 86 15 16 32 16 44 48 4 25 4 35 4 43 4 41 17 4 8 4 24 4 10 16 8 9 8 81 7 4 5 4 17 4 40 4 92 47 8 31 5 4 43 4 7 4 21 4 16 29 8 67 20 4 8 29 8 102 36 8 29 5 8 18 37 4 27 4 6 4 35 17 4 15 4 62 50 4 19 4 40 4 64 35 4 26 4 69 21 4 36 4 48 4 100 42 4 54 4 73 7 4 5 4 3 24 16 27 16 19 5 14 39 4 31 4 117 47 4 33 4 14 4 50 31 4 42 4 42 5 16 22 16 17 43 10 7 4 35 4 38 25 16 22 16 84 30 4 38 4 44 4 58 45 4 55 4 64 22 4 5 4 29 4 101 15 4 33 4 19 47 20 4 9 18 15 35 4 51 10 42 4 76 17 16 19 16 98 28 4 33 4 29 4 30 17 20 25 4 55 7 34 4 63 48 4 17 4 17 4 92 45 16 13 16 39 24 4 41 4 102 47 4 13 4 16 4 72 35 4 32 50 30 4 91 21 4 46 4 31 4 37 4 45 32 4 34 4 5 4 44 4 16 49 4 39 4 50 6 42 4 97 17 4 10 4 45 4 60 39 4 5 33 27 4 13 28 4 5 32 35 4 13 18 4 46 4 103 5 35 37 4 25 42 10 4 92 25 4 29 4 66 37 4 16 4 7 4 30 4 0 60 4 5 4 23 4 46 4 45 40 4 19 4 8 23 5 9 4 23 4 91 29 4 12 4 33 4 7 4 29 27 4 32 4 24 4 76 28 4 5 4 24 4 84 6 4 33 4 25 4 35 4 20 10 4 47 4 37 4 13 4 
iteration 908 best: 0.949852 time: 354871
14 14 8 41 22 8 21 31 8 71 35 4 19 4 33 42 4 5 4 0 20 8 4 34 4 40 4 34 10 12 10 49 8 3 16 8 28 46 8 34 54 12 40 16 4 33 4 88 44 4 49 4 10 4 44 4 86 10 4 17 4 42 4 33 10 8 37 19 8 93 23 4 28 4 86 15 16 32 16 44 48 4 25 4 35 4 43 4 41 17 4 8 4 24 4 10 16 8 9 8 81 7 4 5 4 17 4 40 4 92 47 8 31 5 4 43 4 7 4 21 4 16 29 8 67 20 4 8 29 8 102 36 8 29 5 8 18 37 4 27 4 6 4 35 17 4 15 4 62 50 4 19 4 40 4 64 35 4 26 4 69 21 4 36 4 48 4 100 42 4 54 4 73 7 4 5 4 3 24 16 27 16 19 5 14 39 4 31 4 117 47 4 33 4 14 4 50 31 4 42 4 42 5 16 22 16 17 43 10 7 4 35 4 38 25 16 22 16 84 30 4 38 4 44 4 58 45 4 55 4 64 22 4 5 4 29 4 101 15 4 33 4 19 47 20 4 9 18 15 35 4 51 10 42 4 76 17 16 19 16 98 28 4 33 4 29 4 30 17 20 25 4 55 7 34 4 63 48 4 17 4 17 4 92 45 16 13 16 39 24 4 41 4 102 47 4 13 4 16 4 72 35 4 32 50 30 4 91 21 4 46 4 31 4 37 4 45 32 4 34 4 5 4 44 4 16 49 4 39 4 50 6 42 4 97 17 4 10 4 45 4 60 39 4 5 33 27 4 13 28 4 5 32 35 4 13 18 4 46 4 103 5 35 37 4 25 42 10 4 92 25 4 29 4 66 37 4 16 4 7 4 30 4 0 60 4 5 4 23 4 46 4 45 40 4 19 4 8 23 5 9 4 23 4 91 29 4 12 4 33 4 7 4 29 27 4 32 4 24 4 76 28 4 5 4 24 4 84 6 4 33 4 25 4 35 4 20 10 4 47 4 37 4 13 4 
iteration 927 best: 0.949852 time: 362243
14 14 8 41 22 8 21 31 8 71 35 4 19 4 33 42 4 5 4 0 20 8 4 34 4 40 4 34 10 12 10 49 8 3 16 8 28 46 8 34 54 12 40 16 4 33 4 88 44 4 49 4 10 4 44 4 86 10 4 17 4 42 4 33 10 8 37 19 8 93 23 4 28 4 86 15 16 32 16 44 48 4 25 4 35 4 43 4 41 17 4 8 4 24 4 10 16 8 9 8 81 7 4 5 4 17 4 40 4 92 47 8 31 5 4 43 4 7 4 21 4 16 29 8 67 20 4 8 29 8 102 36 8 29 5 8 18 37 4 27 4 6 4 35 17 4 15 4 62 50 4 19 4 40 4 64 35 4 26 4 69 21 4 36 4 48 4 100 42 4 54 4 73 7 4 5 4 3 24 16 27 16 19 5 14 39 4 31 4 117 47 4 33 4 14 4 50 31 4 42 4 42 5 16 22 16 17 43 10 7 4 35 4 38 25 16 22 16 84 30 4 38 4 44 4 58 45 4 55 4 64 22 4 5 4 29 4 101 15 4 33 4 19 47 20 4 9 18 15 35 4 51 10 42 4 76 17 16 19 16 98 28 4 33 4 29 4 30 17 20 25 4 55 7 34 4 63 48 4 17 4 17 4 92 45 16 13 16 39 24 4 41 4 102 47 4 13 4 16 4 72 35 4 32 50 30 4 91 21 4 46 4 31 4 37 4 45 32 4 34 4 5 4 44 4 16 49 4 39 4 50 6 42 4 97 17 4 10 4 45 4 60 39 4 5 33 27 4 13 28 4 5 32 35 4 13 18 4 46 4 103 5 35 37 4 25 42 10 4 92 25 4 29 4 66 37 4 16 4 7 4 30 4 0 60 4 5 4 23 4 46 4 45 40 4 19 4 8 23 5 9 4 23 4 91 29 4 12 4 33 4 7 4 29 27 4 32 4 24 4 76 28 4 5 4 24 4 84 6 4 33 4 25 4 35 4 20 10 4 47 4 37 4 13 4 
iteration 946 best: 0.949852 time: 369634
14 14 8 41 22 8 21 31 8 71 35 4 19 4 33 42 4 5 4 0 20 8 4 34 4 40 4 34 10 12 10 49 8 3 16 8 28 46 8 34 54 12 40 16 4 33 4 88 44 4 49 4 10 4 44 4 86 10 4 17 4 42 4 33 10 8 37 19 8 93 23 4 28 4 86 15 16 32 16 44 48 4 25 4 35 4 43 4 41 17 4 8 4 24 4 10 16 8 9 8 81 7 4 5 4 17 4 40 4 92 47 8 31 5 4 43 4 7 4 21 4 16 29 8 67 20 4 8 29 8 102 36 8 29 5 8 18 37 4 27 4 6 4 35 17 4 15 4 62 50 4 19 4 40 4 64 35 4 26 4 69 21 4 36 4 48 4 100 42 4 54 4 73 7 4 5 4 3 24 16 27 16 19 5 14 39 4 31 4 117 47 4 33 4 14 4 50 31 4 42 4 42 5 16 22 16 17 43 10 7 4 35 4 38 25 16 22 16 84 30 4 38 4 44 4 58 45 4 55 4 64 22 4 5 4 29 4 101 15 4 33 4 19 47 20 4 9 18 15 35 4 51 10 42 4 76 17 16 19 16 98 28 4 33 4 29 4 30 17 20 25 4 55 7 34 4 63 48 4 17 4 17 4 92 45 16 13 16 39 24 4 41 4 102 47 4 13 4 16 4 72 35 4 32 50 30 4 91 21 4 46 4 31 4 37 4 45 32 4 34 4 5 4 44 4 16 49 4 39 4 50 6 42 4 97 17 4 10 4 45 4 60 39 4 5 33 27 4 13 28 4 5 32 35 4 13 18 4 46 4 103 5 35 37 4 25 42 10 4 92 25 4 29 4 66 37 4 16 4 7 4 30 4 0 60 4 5 4 23 4 46 4 45 40 4 19 4 8 23 5 9 4 23 4 91 29 4 12 4 33 4 7 4 29 27 4 32 4 24 4 76 28 4 5 4 24 4 84 6 4 33 4 25 4 35 4 20 10 4 47 4 37 4 13 4 
iteration 965 best: 0.949852 time: 377041
14 14 8 41 22 8 21 31 8 71 35 4 19 4 33 42 4 5 4 0 20 8 4 34 4 40 4 34 10 12 10 49 8 3 16 8 28 46 8 34 54 12 40 16 4 33 4 88 44 4 49 4 10 4 44 4 86 10 4 17 4 42 4 33 10 8 37 19 8 93 23 4 28 4 86 15 16 32 16 44 48 4 25 4 35 4 43 4 41 17 4 8 4 24 4 10 16 8 9 8 81 7 4 5 4 17 4 40 4 92 47 8 31 5 4 43 4 7 4 21 4 16 29 8 67 20 4 8 29 8 102 36 8 29 5 8 18 37 4 27 4 6 4 35 17 4 15 4 62 50 4 19 4 40 4 64 35 4 26 4 69 21 4 36 4 48 4 100 42 4 54 4 73 7 4 5 4 3 24 16 27 16 19 5 14 39 4 31 4 117 47 4 33 4 14 4 50 31 4 42 4 42 5 16 22 16 17 43 10 7 4 35 4 38 25 16 22 16 84 30 4 38 4 44 4 58 45 4 55 4 64 22 4 5 4 29 4 101 15 4 33 4 19 47 20 4 9 18 15 35 4 51 10 42 4 76 17 16 19 16 98 28 4 33 4 29 4 30 17 20 25 4 55 7 34 4 63 48 4 17 4 17 4 92 45 16 13 16 39 24 4 41 4 102 47 4 13 4 16 4 72 35 4 32 50 30 4 91 21 4 46 4 31 4 37 4 45 32 4 34 4 5 4 44 4 16 49 4 39 4 50 6 42 4 97 17 4 10 4 45 4 60 39 4 5 33 27 4 13 28 4 5 32 35 4 13 18 4 46 4 103 5 35 37 4 25 42 10 4 92 25 4 29 4 66 37 4 16 4 7 4 30 4 0 60 4 5 4 23 4 46 4 45 40 4 19 4 8 23 5 9 4 23 4 91 29 4 12 4 33 4 7 4 29 27 4 32 4 24 4 76 28 4 5 4 24 4 84 6 4 33 4 25 4 35 4 20 10 4 47 4 37 4 13 4 
iteration 984 best: 0.949852 time: 384476
14 14 8 41 22 8 21 31 8 71 35 4 19 4 33 42 4 5 4 0 20 8 4 34 4 40 4 34 10 12 10 49 8 3 16 8 28 46 8 34 54 12 40 16 4 33 4 88 44 4 49 4 10 4 44 4 86 10 4 17 4 42 4 33 10 8 37 19 8 93 23 4 28 4 86 15 16 32 16 44 48 4 25 4 35 4 43 4 41 17 4 8 4 24 4 10 16 8 9 8 81 7 4 5 4 17 4 40 4 92 47 8 31 5 4 43 4 7 4 21 4 16 29 8 67 20 4 8 29 8 102 36 8 29 5 8 18 37 4 27 4 6 4 35 17 4 15 4 62 50 4 19 4 40 4 64 35 4 26 4 69 21 4 36 4 48 4 100 42 4 54 4 73 7 4 5 4 3 24 16 27 16 19 5 14 39 4 31 4 117 47 4 33 4 14 4 50 31 4 42 4 42 5 16 22 16 17 43 10 7 4 35 4 38 25 16 22 16 84 30 4 38 4 44 4 58 45 4 55 4 64 22 4 5 4 29 4 101 15 4 33 4 19 47 20 4 9 18 15 35 4 51 10 42 4 76 17 16 19 16 98 28 4 33 4 29 4 30 17 20 25 4 55 7 34 4 63 48 4 17 4 17 4 92 45 16 13 16 39 24 4 41 4 102 47 4 13 4 16 4 72 35 4 32 50 30 4 91 21 4 46 4 31 4 37 4 45 32 4 34 4 5 4 44 4 16 49 4 39 4 50 6 42 4 97 17 4 10 4 45 4 60 39 4 5 33 27 4 13 28 4 5 32 35 4 13 18 4 46 4 103 5 35 37 4 25 42 10 4 92 25 4 29 4 66 37 4 16 4 7 4 30 4 0 60 4 5 4 23 4 46 4 45 40 4 19 4 8 23 5 9 4 23 4 91 29 4 12 4 33 4 7 4 29 27 4 32 4 24 4 76 28 4 5 4 24 4 84 6 4 33 4 25 4 35 4 20 10 4 47 4 37 4 13 4 
iteration 1003 best: 0.949852 time: 391862
14 14 8 41 22 8 21 31 8 71 35 4 19 4 33 42 4 5 4 0 20 8 4 34 4 40 4 34 10 12 10 49 8 3 16 8 28 46 8 34 54 12 40 16 4 33 4 88 44 4 49 4 10 4 44 4 86 10 4 17 4 42 4 33 10 8 37 19 8 93 23 4 28 4 86 15 16 32 16 44 48 4 25 4 35 4 43 4 41 17 4 8 4 24 4 10 16 8 9 8 81 7 4 5 4 17 4 40 4 92 47 8 31 5 4 43 4 7 4 21 4 16 29 8 67 20 4 8 29 8 102 36 8 29 5 8 18 37 4 27 4 6 4 35 17 4 15 4 62 50 4 19 4 40 4 64 35 4 26 4 69 21 4 36 4 48 4 100 42 4 54 4 73 7 4 5 4 3 24 16 27 16 19 5 14 39 4 31 4 117 47 4 33 4 14 4 50 31 4 42 4 42 5 16 22 16 17 43 10 7 4 35 4 38 25 16 22 16 84 30 4 38 4 44 4 58 45 4 55 4 64 22 4 5 4 29 4 101 15 4 33 4 19 47 20 4 9 18 15 35 4 51 10 42 4 76 17 16 19 16 98 28 4 33 4 29 4 30 17 20 25 4 55 7 34 4 63 48 4 17 4 17 4 92 45 16 13 16 39 24 4 41 4 102 47 4 13 4 16 4 72 35 4 32 50 30 4 91 21 4 46 4 31 4 37 4 45 32 4 34 4 5 4 44 4 16 49 4 39 4 50 6 42 4 97 17 4 10 4 45 4 60 39 4 5 33 27 4 13 28 4 5 32 35 4 13 18 4 46 4 103 5 35 37 4 25 42 10 4 92 25 4 29 4 66 37 4 16 4 7 4 30 4 0 60 4 5 4 23 4 46 4 45 40 4 19 4 8 23 5 9 4 23 4 91 29 4 12 4 33 4 7 4 29 27 4 32 4 24 4 76 28 4 5 4 24 4 84 6 4 33 4 25 4 35 4 20 10 4 47 4 37 4 13 4 
iteration 1022 best: 0.949852 time: 399235
14 14 8 41 22 8 21 31 8 71 35 4 19 4 33 42 4 5 4 0 20 8 4 34 4 40 4 34 10 12 10 49 8 3 16 8 28 46 8 34 54 12 40 16 4 33 4 88 44 4 49 4 10 4 44 4 86 10 4 17 4 42 4 33 10 8 37 19 8 93 23 4 28 4 86 15 16 32 16 44 48 4 25 4 35 4 43 4 41 17 4 8 4 24 4 10 16 8 9 8 81 7 4 5 4 17 4 40 4 92 47 8 31 5 4 43 4 7 4 21 4 16 29 8 67 20 4 8 29 8 102 36 8 29 5 8 18 37 4 27 4 6 4 35 17 4 15 4 62 50 4 19 4 40 4 64 35 4 26 4 69 21 4 36 4 48 4 100 42 4 54 4 73 7 4 5 4 3 24 16 27 16 19 5 14 39 4 31 4 117 47 4 33 4 14 4 50 31 4 42 4 42 5 16 22 16 17 43 10 7 4 35 4 38 25 16 22 16 84 30 4 38 4 44 4 58 45 4 55 4 64 22 4 5 4 29 4 101 15 4 33 4 19 47 20 4 9 18 15 35 4 51 10 42 4 76 17 16 19 16 98 28 4 33 4 29 4 30 17 20 25 4 55 7 34 4 63 48 4 17 4 17 4 92 45 16 13 16 39 24 4 41 4 102 47 4 13 4 16 4 72 35 4 32 50 30 4 91 21 4 46 4 31 4 37 4 45 32 4 34 4 5 4 44 4 16 49 4 39 4 50 6 42 4 97 17 4 10 4 45 4 60 39 4 5 33 27 4 13 28 4 5 32 35 4 13 18 4 46 4 103 5 35 37 4 25 42 10 4 92 25 4 29 4 66 37 4 16 4 7 4 30 4 0 60 4 5 4 23 4 46 4 45 40 4 19 4 8 23 5 9 4 23 4 91 29 4 12 4 33 4 7 4 29 27 4 32 4 24 4 76 28 4 5 4 24 4 84 6 4 33 4 25 4 35 4 20 10 4 47 4 37 4 13 4 
iteration 1041 best: 0.949852 time: 406590
14 14 8 41 22 8 21 31 8 71 35 4 19 4 33 42 4 5 4 0 20 8 4 34 4 40 4 34 10 12 10 49 8 3 16 8 28 46 8 34 54 12 40 16 4 33 4 88 44 4 49 4 10 4 44 4 86 10 4 17 4 42 4 33 10 8 37 19 8 93 23 4 28 4 86 15 16 32 16 44 48 4 25 4 35 4 43 4 41 17 4 8 4 24 4 10 16 8 9 8 81 7 4 5 4 17 4 40 4 92 47 8 31 5 4 43 4 7 4 21 4 16 29 8 67 20 4 8 29 8 102 36 8 29 5 8 18 37 4 27 4 6 4 35 17 4 15 4 62 50 4 19 4 40 4 64 35 4 26 4 69 21 4 36 4 48 4 100 42 4 54 4 73 7 4 5 4 3 24 16 27 16 19 5 14 39 4 31 4 117 47 4 33 4 14 4 50 31 4 42 4 42 5 16 22 16 17 43 10 7 4 35 4 38 25 16 22 16 84 30 4 38 4 44 4 58 45 4 55 4 64 22 4 5 4 29 4 101 15 4 33 4 19 47 20 4 9 18 15 35 4 51 10 42 4 76 17 16 19 16 98 28 4 33 4 29 4 30 17 20 25 4 55 7 34 4 63 48 4 17 4 17 4 92 45 16 13 16 39 24 4 41 4 102 47 4 13 4 16 4 72 35 4 32 50 30 4 91 21 4 46 4 31 4 37 4 45 32 4 34 4 5 4 44 4 16 49 4 39 4 50 6 42 4 97 17 4 10 4 45 4 60 39 4 5 33 27 4 13 28 4 5 32 35 4 13 18 4 46 4 103 5 35 37 4 25 42 10 4 92 25 4 29 4 66 37 4 16 4 7 4 30 4 0 60 4 5 4 23 4 46 4 45 40 4 19 4 8 23 5 9 4 23 4 91 29 4 12 4 33 4 7 4 29 27 4 32 4 24 4 76 28 4 5 4 24 4 84 6 4 33 4 25 4 35 4 20 10 4 47 4 37 4 13 4 
iteration 1060 best: 0.949852 time: 413963
14 14 8 41 22 8 21 31 8 71 35 4 19 4 33 42 4 5 4 0 20 8 4 34 4 40 4 34 10 12 10 49 8 3 16 8 28 46 8 34 54 12 40 16 4 33 4 88 44 4 49 4 10 4 44 4 86 10 4 17 4 42 4 33 10 8 37 19 8 93 23 4 28 4 86 15 16 32 16 44 48 4 25 4 35 4 43 4 41 17 4 8 4 24 4 10 16 8 9 8 81 7 4 5 4 17 4 40 4 92 47 8 31 5 4 43 4 7 4 21 4 16 29 8 67 20 4 8 29 8 102 36 8 29 5 8 18 37 4 27 4 6 4 35 17 4 15 4 62 50 4 19 4 40 4 64 35 4 26 4 69 21 4 36 4 48 4 100 42 4 54 4 73 7 4 5 4 3 24 16 27 16 19 5 14 39 4 31 4 117 47 4 33 4 14 4 50 31 4 42 4 42 5 16 22 16 17 43 10 7 4 35 4 38 25 16 22 16 84 30 4 38 4 44 4 58 45 4 55 4 64 22 4 5 4 29 4 101 15 4 33 4 19 47 20 4 9 18 15 35 4 51 10 42 4 76 17 16 19 16 98 28 4 33 4 29 4 30 17 20 25 4 55 7 34 4 63 48 4 17 4 17 4 92 45 16 13 16 39 24 4 41 4 102 47 4 13 4 16 4 72 35 4 32 50 30 4 91 21 4 46 4 31 4 37 4 45 32 4 34 4 5 4 44 4 16 49 4 39 4 50 6 42 4 97 17 4 10 4 45 4 60 39 4 5 33 27 4 13 28 4 5 32 35 4 13 18 4 46 4 103 5 35 37 4 25 42 10 4 92 25 4 29 4 66 37 4 16 4 7 4 30 4 0 60 4 5 4 23 4 46 4 45 40 4 19 4 8 23 5 9 4 23 4 91 29 4 12 4 33 4 7 4 29 27 4 32 4 24 4 76 28 4 5 4 24 4 84 6 4 33 4 25 4 35 4 20 10 4 47 4 37 4 13 4 
iteration 1079 best: 0.949852 time: 421337
14 14 8 41 22 8 21 31 8 71 35 4 19 4 33 42 4 5 4 0 20 8 4 34 4 40 4 34 10 12 10 49 8 3 16 8 28 46 8 34 54 12 40 16 4 33 4 88 44 4 49 4 10 4 44 4 86 10 4 17 4 42 4 33 10 8 37 19 8 93 23 4 28 4 86 15 16 32 16 44 48 4 25 4 35 4 43 4 41 17 4 8 4 24 4 10 16 8 9 8 81 7 4 5 4 17 4 40 4 92 47 8 31 5 4 43 4 7 4 21 4 16 29 8 67 20 4 8 29 8 102 36 8 29 5 8 18 37 4 27 4 6 4 35 17 4 15 4 62 50 4 19 4 40 4 64 35 4 26 4 69 21 4 36 4 48 4 100 42 4 54 4 73 7 4 5 4 3 24 16 27 16 19 5 14 39 4 31 4 117 47 4 33 4 14 4 50 31 4 42 4 42 5 16 22 16 17 43 10 7 4 35 4 38 25 16 22 16 84 30 4 38 4 44 4 58 45 4 55 4 64 22 4 5 4 29 4 101 15 4 33 4 19 47 20 4 9 18 15 35 4 51 10 42 4 76 17 16 19 16 98 28 4 33 4 29 4 30 17 20 25 4 55 7 34 4 63 48 4 17 4 17 4 92 45 16 13 16 39 24 4 41 4 102 47 4 13 4 16 4 72 35 4 32 50 30 4 91 21 4 46 4 31 4 37 4 45 32 4 34 4 5 4 44 4 16 49 4 39 4 50 6 42 4 97 17 4 10 4 45 4 60 39 4 5 33 27 4 13 28 4 5 32 35 4 13 18 4 46 4 103 5 35 37 4 25 42 10 4 92 25 4 29 4 66 37 4 16 4 7 4 30 4 0 60 4 5 4 23 4 46 4 45 40 4 19 4 8 23 5 9 4 23 4 91 29 4 12 4 33 4 7 4 29 27 4 32 4 24 4 76 28 4 5 4 24 4 84 6 4 33 4 25 4 35 4 20 10 4 47 4 37 4 13 4 
iteration 1098 best: 0.949852 time: 428697
14 14 8 41 22 8 21 31 8 71 35 4 19 4 33 42 4 5 4 0 20 8 4 34 4 40 4 34 10 12 10 49 8 3 16 8 28 46 8 34 54 12 40 16 4 33 4 88 44 4 49 4 10 4 44 4 86 10 4 17 4 42 4 33 10 8 37 19 8 93 23 4 28 4 86 15 16 32 16 44 48 4 25 4 35 4 43 4 41 17 4 8 4 24 4 10 16 8 9 8 81 7 4 5 4 17 4 40 4 92 47 8 31 5 4 43 4 7 4 21 4 16 29 8 67 20 4 8 29 8 102 36 8 29 5 8 18 37 4 27 4 6 4 35 17 4 15 4 62 50 4 19 4 40 4 64 35 4 26 4 69 21 4 36 4 48 4 100 42 4 54 4 73 7 4 5 4 3 24 16 27 16 19 5 14 39 4 31 4 117 47 4 33 4 14 4 50 31 4 42 4 42 5 16 22 16 17 43 10 7 4 35 4 38 25 16 22 16 84 30 4 38 4 44 4 58 45 4 55 4 64 22 4 5 4 29 4 101 15 4 33 4 19 47 20 4 9 18 15 35 4 51 10 42 4 76 17 16 19 16 98 28 4 33 4 29 4 30 17 20 25 4 55 7 34 4 63 48 4 17 4 17 4 92 45 16 13 16 39 24 4 41 4 102 47 4 13 4 16 4 72 35 4 32 50 30 4 91 21 4 46 4 31 4 37 4 45 32 4 34 4 5 4 44 4 16 49 4 39 4 50 6 42 4 97 17 4 10 4 45 4 60 39 4 5 33 27 4 13 28 4 5 32 35 4 13 18 4 46 4 103 5 35 37 4 25 42 10 4 92 25 4 29 4 66 37 4 16 4 7 4 30 4 0 60 4 5 4 23 4 46 4 45 40 4 19 4 8 23 5 9 4 23 4 91 29 4 12 4 33 4 7 4 29 27 4 32 4 24 4 76 28 4 5 4 24 4 84 6 4 33 4 25 4 35 4 20 10 4 47 4 37 4 13 4 
iteration 1117 best: 0.949852 time: 436081
14 14 8 41 22 8 21 31 8 71 35 4 19 4 33 42 4 5 4 0 20 8 4 34 4 40 4 34 10 12 10 49 8 3 16 8 28 46 8 34 54 12 40 16 4 33 4 88 44 4 49 4 10 4 44 4 86 10 4 17 4 42 4 33 10 8 37 19 8 93 23 4 28 4 86 15 16 32 16 44 48 4 25 4 35 4 43 4 41 17 4 8 4 24 4 10 16 8 9 8 81 7 4 5 4 17 4 40 4 92 47 8 31 5 4 43 4 7 4 21 4 16 29 8 67 20 4 8 29 8 102 36 8 29 5 8 18 37 4 27 4 6 4 35 17 4 15 4 62 50 4 19 4 40 4 64 35 4 26 4 69 21 4 36 4 48 4 100 42 4 54 4 73 7 4 5 4 3 24 16 27 16 19 5 14 39 4 31 4 117 47 4 33 4 14 4 50 31 4 42 4 42 5 16 22 16 17 43 10 7 4 35 4 38 25 16 22 16 84 30 4 38 4 44 4 58 45 4 55 4 64 22 4 5 4 29 4 101 15 4 33 4 19 47 20 4 9 18 15 35 4 51 10 42 4 76 17 16 19 16 98 28 4 33 4 29 4 30 17 20 25 4 55 7 34 4 63 48 4 17 4 17 4 92 45 16 13 16 39 24 4 41 4 102 47 4 13 4 16 4 72 35 4 32 50 30 4 91 21 4 46 4 31 4 37 4 45 32 4 34 4 5 4 44 4 16 49 4 39 4 50 6 42 4 97 17 4 10 4 45 4 60 39 4 5 33 27 4 13 28 4 5 32 35 4 13 18 4 46 4 103 5 35 37 4 25 42 10 4 92 25 4 29 4 66 37 4 16 4 7 4 30 4 0 60 4 5 4 23 4 46 4 45 40 4 19 4 8 23 5 9 4 23 4 91 29 4 12 4 33 4 7 4 29 27 4 32 4 24 4 76 28 4 5 4 24 4 84 6 4 33 4 25 4 35 4 20 10 4 47 4 37 4 13 4 
iteration 1136 best: 0.949852 time: 443443
14 14 8 41 22 8 21 31 8 71 35 4 19 4 33 42 4 5 4 0 20 8 4 34 4 40 4 34 10 12 10 49 8 3 16 8 28 46 8 34 54 12 40 16 4 33 4 88 44 4 49 4 10 4 44 4 86 10 4 17 4 42 4 33 10 8 37 19 8 93 23 4 28 4 86 15 16 32 16 44 48 4 25 4 35 4 43 4 41 17 4 8 4 24 4 10 16 8 9 8 81 7 4 5 4 17 4 40 4 92 47 8 31 5 4 43 4 7 4 21 4 16 29 8 67 20 4 8 29 8 102 36 8 29 5 8 18 37 4 27 4 6 4 35 17 4 15 4 62 50 4 19 4 40 4 64 35 4 26 4 69 21 4 36 4 48 4 100 42 4 54 4 73 7 4 5 4 3 24 16 27 16 19 5 14 39 4 31 4 117 47 4 33 4 14 4 50 31 4 42 4 42 5 16 22 16 17 43 10 7 4 35 4 38 25 16 22 16 84 30 4 38 4 44 4 58 45 4 55 4 64 22 4 5 4 29 4 101 15 4 33 4 19 47 20 4 9 18 15 35 4 51 10 42 4 76 17 16 19 16 98 28 4 33 4 29 4 30 17 20 25 4 55 7 34 4 63 48 4 17 4 17 4 92 45 16 13 16 39 24 4 41 4 102 47 4 13 4 16 4 72 35 4 32 50 30 4 91 21 4 46 4 31 4 37 4 45 32 4 34 4 5 4 44 4 16 49 4 39 4 50 6 42 4 97 17 4 10 4 45 4 60 39 4 5 33 27 4 13 28 4 5 32 35 4 13 18 4 46 4 103 5 35 37 4 25 42 10 4 92 25 4 29 4 66 37 4 16 4 7 4 30 4 0 60 4 5 4 23 4 46 4 45 40 4 19 4 8 23 5 9 4 23 4 91 29 4 12 4 33 4 7 4 29 27 4 32 4 24 4 76 28 4 5 4 24 4 84 6 4 33 4 25 4 35 4 20 10 4 47 4 37 4 13 4 
iteration 1155 best: 0.949852 time: 450811
14 14 8 41 22 8 21 31 8 71 35 4 19 4 33 42 4 5 4 0 20 8 4 34 4 40 4 34 10 12 10 49 8 3 16 8 28 46 8 34 54 12 40 16 4 33 4 88 44 4 49 4 10 4 44 4 86 10 4 17 4 42 4 33 10 8 37 19 8 93 23 4 28 4 86 15 16 32 16 44 48 4 25 4 35 4 43 4 41 17 4 8 4 24 4 10 16 8 9 8 81 7 4 5 4 17 4 40 4 92 47 8 31 5 4 43 4 7 4 21 4 16 29 8 67 20 4 8 29 8 102 36 8 29 5 8 18 37 4 27 4 6 4 35 17 4 15 4 62 50 4 19 4 40 4 64 35 4 26 4 69 21 4 36 4 48 4 100 42 4 54 4 73 7 4 5 4 3 24 16 27 16 19 5 14 39 4 31 4 117 47 4 33 4 14 4 50 31 4 42 4 42 5 16 22 16 17 43 10 7 4 35 4 38 25 16 22 16 84 30 4 38 4 44 4 58 45 4 55 4 64 22 4 5 4 29 4 101 15 4 33 4 19 47 20 4 9 18 15 35 4 51 10 42 4 76 17 16 19 16 98 28 4 33 4 29 4 30 17 20 25 4 55 7 34 4 63 48 4 17 4 17 4 92 45 16 13 16 39 24 4 41 4 102 47 4 13 4 16 4 72 35 4 32 50 30 4 91 21 4 46 4 31 4 37 4 45 32 4 34 4 5 4 44 4 16 49 4 39 4 50 6 42 4 97 17 4 10 4 45 4 60 39 4 5 33 27 4 13 28 4 5 32 35 4 13 18 4 46 4 103 5 35 37 4 25 42 10 4 92 25 4 29 4 66 37 4 16 4 7 4 30 4 0 60 4 5 4 23 4 46 4 45 40 4 19 4 8 23 5 9 4 23 4 91 29 4 12 4 33 4 7 4 29 27 4 32 4 24 4 76 28 4 5 4 24 4 84 6 4 33 4 25 4 35 4 20 10 4 47 4 37 4 13 4 
iteration 1174 best: 0.949852 time: 458173
14 14 8 41 22 8 21 31 8 71 35 4 19 4 33 42 4 5 4 0 20 8 4 34 4 40 4 34 10 12 10 49 8 3 16 8 28 46 8 34 54 12 40 16 4 33 4 88 44 4 49 4 10 4 44 4 86 10 4 17 4 42 4 33 10 8 37 19 8 93 23 4 28 4 86 15 16 32 16 44 48 4 25 4 35 4 43 4 41 17 4 8 4 24 4 10 16 8 9 8 81 7 4 5 4 17 4 40 4 92 47 8 31 5 4 43 4 7 4 21 4 16 29 8 67 20 4 8 29 8 102 36 8 29 5 8 18 37 4 27 4 6 4 35 17 4 15 4 62 50 4 19 4 40 4 64 35 4 26 4 69 21 4 36 4 48 4 100 42 4 54 4 73 7 4 5 4 3 24 16 27 16 19 5 14 39 4 31 4 117 47 4 33 4 14 4 50 31 4 42 4 42 5 16 22 16 17 43 10 7 4 35 4 38 25 16 22 16 84 30 4 38 4 44 4 58 45 4 55 4 64 22 4 5 4 29 4 101 15 4 33 4 19 47 20 4 9 18 15 35 4 51 10 42 4 76 17 16 19 16 98 28 4 33 4 29 4 30 17 20 25 4 55 7 34 4 63 48 4 17 4 17 4 92 45 16 13 16 39 24 4 41 4 102 47 4 13 4 16 4 72 35 4 32 50 30 4 91 21 4 46 4 31 4 37 4 45 32 4 34 4 5 4 44 4 16 49 4 39 4 50 6 42 4 97 17 4 10 4 45 4 60 39 4 5 33 27 4 13 28 4 5 32 35 4 13 18 4 46 4 103 5 35 37 4 25 42 10 4 92 25 4 29 4 66 37 4 16 4 7 4 30 4 0 60 4 5 4 23 4 46 4 45 40 4 19 4 8 23 5 9 4 23 4 91 29 4 12 4 33 4 7 4 29 27 4 32 4 24 4 76 28 4 5 4 24 4 84 6 4 33 4 25 4 35 4 20 10 4 47 4 37 4 13 4 
iteration 1193 best: 0.949852 time: 465543
14 14 8 41 22 8 21 31 8 71 35 4 19 4 33 42 4 5 4 0 20 8 4 34 4 40 4 34 10 12 10 49 8 3 16 8 28 46 8 34 54 12 40 16 4 33 4 88 44 4 49 4 10 4 44 4 86 10 4 17 4 42 4 33 10 8 37 19 8 93 23 4 28 4 86 15 16 32 16 44 48 4 25 4 35 4 43 4 41 17 4 8 4 24 4 10 16 8 9 8 81 7 4 5 4 17 4 40 4 92 47 8 31 5 4 43 4 7 4 21 4 16 29 8 67 20 4 8 29 8 102 36 8 29 5 8 18 37 4 27 4 6 4 35 17 4 15 4 62 50 4 19 4 40 4 64 35 4 26 4 69 21 4 36 4 48 4 100 42 4 54 4 73 7 4 5 4 3 24 16 27 16 19 5 14 39 4 31 4 117 47 4 33 4 14 4 50 31 4 42 4 42 5 16 22 16 17 43 10 7 4 35 4 38 25 16 22 16 84 30 4 38 4 44 4 58 45 4 55 4 64 22 4 5 4 29 4 101 15 4 33 4 19 47 20 4 9 18 15 35 4 51 10 42 4 76 17 16 19 16 98 28 4 33 4 29 4 30 17 20 25 4 55 7 34 4 63 48 4 17 4 17 4 92 45 16 13 16 39 24 4 41 4 102 47 4 13 4 16 4 72 35 4 32 50 30 4 91 21 4 46 4 31 4 37 4 45 32 4 34 4 5 4 44 4 16 49 4 39 4 50 6 42 4 97 17 4 10 4 45 4 60 39 4 5 33 27 4 13 28 4 5 32 35 4 13 18 4 46 4 103 5 35 37 4 25 42 10 4 92 25 4 29 4 66 37 4 16 4 7 4 30 4 0 60 4 5 4 23 4 46 4 45 40 4 19 4 8 23 5 9 4 23 4 91 29 4 12 4 33 4 7 4 29 27 4 32 4 24 4 76 28 4 5 4 24 4 84 6 4 33 4 25 4 35 4 20 10 4 47 4 37 4 13 4 
iteration 1212 best: 0.949852 time: 472909
14 14 8 41 22 8 21 31 8 71 35 4 19 4 33 42 4 5 4 0 20 8 4 34 4 40 4 34 10 12 10 49 8 3 16 8 28 46 8 34 54 12 40 16 4 33 4 88 44 4 49 4 10 4 44 4 86 10 4 17 4 42 4 33 10 8 37 19 8 93 23 4 28 4 86 15 16 32 16 44 48 4 25 4 35 4 43 4 41 17 4 8 4 24 4 10 16 8 9 8 81 7 4 5 4 17 4 40 4 92 47 8 31 5 4 43 4 7 4 21 4 16 29 8 67 20 4 8 29 8 102 36 8 29 5 8 18 37 4 27 4 6 4 35 17 4 15 4 62 50 4 19 4 40 4 64 35 4 26 4 69 21 4 36 4 48 4 100 42 4 54 4 73 7 4 5 4 3 24 16 27 16 19 5 14 39 4 31 4 117 47 4 33 4 14 4 50 31 4 42 4 42 5 16 22 16 17 43 10 7 4 35 4 38 25 16 22 16 84 30 4 38 4 44 4 58 45 4 55 4 64 22 4 5 4 29 4 101 15 4 33 4 19 47 20 4 9 18 15 35 4 51 10 42 4 76 17 16 19 16 98 28 4 33 4 29 4 30 17 20 25 4 55 7 34 4 63 48 4 17 4 17 4 92 45 16 13 16 39 24 4 41 4 102 47 4 13 4 16 4 72 35 4 32 50 30 4 91 21 4 46 4 31 4 37 4 45 32 4 34 4 5 4 44 4 16 49 4 39 4 50 6 42 4 97 17 4 10 4 45 4 60 39 4 5 33 27 4 13 28 4 5 32 35 4 13 18 4 46 4 103 5 35 37 4 25 42 10 4 92 25 4 29 4 66 37 4 16 4 7 4 30 4 0 60 4 5 4 23 4 46 4 45 40 4 19 4 8 23 5 9 4 23 4 91 29 4 12 4 33 4 7 4 29 27 4 32 4 24 4 76 28 4 5 4 24 4 84 6 4 33 4 25 4 35 4 20 10 4 47 4 37 4 13 4 
iteration 1231 best: 0.949852 time: 480273
14 14 8 41 22 8 21 31 8 71 35 4 19 4 33 42 4 5 4 0 20 8 4 34 4 40 4 34 10 12 10 49 8 3 16 8 28 46 8 34 54 12 40 16 4 33 4 88 44 4 49 4 10 4 44 4 86 10 4 17 4 42 4 33 10 8 37 19 8 93 23 4 28 4 86 15 16 32 16 44 48 4 25 4 35 4 43 4 41 17 4 8 4 24 4 10 16 8 9 8 81 7 4 5 4 17 4 40 4 92 47 8 31 5 4 43 4 7 4 21 4 16 29 8 67 20 4 8 29 8 102 36 8 29 5 8 18 37 4 27 4 6 4 35 17 4 15 4 62 50 4 19 4 40 4 64 35 4 26 4 69 21 4 36 4 48 4 100 42 4 54 4 73 7 4 5 4 3 24 16 27 16 19 5 14 39 4 31 4 117 47 4 33 4 14 4 50 31 4 42 4 42 5 16 22 16 17 43 10 7 4 35 4 38 25 16 22 16 84 30 4 38 4 44 4 58 45 4 55 4 64 22 4 5 4 29 4 101 15 4 33 4 19 47 20 4 9 18 15 35 4 51 10 42 4 76 17 16 19 16 98 28 4 33 4 29 4 30 17 20 25 4 55 7 34 4 63 48 4 17 4 17 4 92 45 16 13 16 39 24 4 41 4 102 47 4 13 4 16 4 72 35 4 32 50 30 4 91 21 4 46 4 31 4 37 4 45 32 4 34 4 5 4 44 4 16 49 4 39 4 50 6 42 4 97 17 4 10 4 45 4 60 39 4 5 33 27 4 13 28 4 5 32 35 4 13 18 4 46 4 103 5 35 37 4 25 42 10 4 92 25 4 29 4 66 37 4 16 4 7 4 30 4 0 60 4 5 4 23 4 46 4 45 40 4 19 4 8 23 5 9 4 23 4 91 29 4 12 4 33 4 7 4 29 27 4 32 4 24 4 76 28 4 5 4 24 4 84 6 4 33 4 25 4 35 4 20 10 4 47 4 37 4 13 4 
iteration 1250 best: 0.949852 time: 487651
14 14 8 41 22 8 21 31 8 71 35 4 19 4 33 42 4 5 4 0 20 8 4 34 4 40 4 34 10 12 10 49 8 3 16 8 28 46 8 34 54 12 40 16 4 33 4 88 44 4 49 4 10 4 44 4 86 10 4 17 4 42 4 33 10 8 37 19 8 93 23 4 28 4 86 15 16 32 16 44 48 4 25 4 35 4 43 4 41 17 4 8 4 24 4 10 16 8 9 8 81 7 4 5 4 17 4 40 4 92 47 8 31 5 4 43 4 7 4 21 4 16 29 8 67 20 4 8 29 8 102 36 8 29 5 8 18 37 4 27 4 6 4 35 17 4 15 4 62 50 4 19 4 40 4 64 35 4 26 4 69 21 4 36 4 48 4 100 42 4 54 4 73 7 4 5 4 3 24 16 27 16 19 5 14 39 4 31 4 117 47 4 33 4 14 4 50 31 4 42 4 42 5 16 22 16 17 43 10 7 4 35 4 38 25 16 22 16 84 30 4 38 4 44 4 58 45 4 55 4 64 22 4 5 4 29 4 101 15 4 33 4 19 47 20 4 9 18 15 35 4 51 10 42 4 76 17 16 19 16 98 28 4 33 4 29 4 30 17 20 25 4 55 7 34 4 63 48 4 17 4 17 4 92 45 16 13 16 39 24 4 41 4 102 47 4 13 4 16 4 72 35 4 32 50 30 4 91 21 4 46 4 31 4 37 4 45 32 4 34 4 5 4 44 4 16 49 4 39 4 50 6 42 4 97 17 4 10 4 45 4 60 39 4 5 33 27 4 13 28 4 5 32 35 4 13 18 4 46 4 103 5 35 37 4 25 42 10 4 92 25 4 29 4 66 37 4 16 4 7 4 30 4 0 60 4 5 4 23 4 46 4 45 40 4 19 4 8 23 5 9 4 23 4 91 29 4 12 4 33 4 7 4 29 27 4 32 4 24 4 76 28 4 5 4 24 4 84 6 4 33 4 25 4 35 4 20 10 4 47 4 37 4 13 4 
iteration 1269 best: 0.949852 time: 495037
14 14 8 41 22 8 21 31 8 71 35 4 19 4 33 42 4 5 4 0 20 8 4 34 4 40 4 34 10 12 10 49 8 3 16 8 28 46 8 34 54 12 40 16 4 33 4 88 44 4 49 4 10 4 44 4 86 10 4 17 4 42 4 33 10 8 37 19 8 93 23 4 28 4 86 15 16 32 16 44 48 4 25 4 35 4 43 4 41 17 4 8 4 24 4 10 16 8 9 8 81 7 4 5 4 17 4 40 4 92 47 8 31 5 4 43 4 7 4 21 4 16 29 8 67 20 4 8 29 8 102 36 8 29 5 8 18 37 4 27 4 6 4 35 17 4 15 4 62 50 4 19 4 40 4 64 35 4 26 4 69 21 4 36 4 48 4 100 42 4 54 4 73 7 4 5 4 3 24 16 27 16 19 5 14 39 4 31 4 117 47 4 33 4 14 4 50 31 4 42 4 42 5 16 22 16 17 43 10 7 4 35 4 38 25 16 22 16 84 30 4 38 4 44 4 58 45 4 55 4 64 22 4 5 4 29 4 101 15 4 33 4 19 47 20 4 9 18 15 35 4 51 10 42 4 76 17 16 19 16 98 28 4 33 4 29 4 30 17 20 25 4 55 7 34 4 63 48 4 17 4 17 4 92 45 16 13 16 39 24 4 41 4 102 47 4 13 4 16 4 72 35 4 32 50 30 4 91 21 4 46 4 31 4 37 4 45 32 4 34 4 5 4 44 4 16 49 4 39 4 50 6 42 4 97 17 4 10 4 45 4 60 39 4 5 33 27 4 13 28 4 5 32 35 4 13 18 4 46 4 103 5 35 37 4 25 42 10 4 92 25 4 29 4 66 37 4 16 4 7 4 30 4 0 60 4 5 4 23 4 46 4 45 40 4 19 4 8 23 5 9 4 23 4 91 29 4 12 4 33 4 7 4 29 27 4 32 4 24 4 76 28 4 5 4 24 4 84 6 4 33 4 25 4 35 4 20 10 4 47 4 37 4 13 4 
iteration 1288 best: 0.949852 time: 502418
14 14 8 41 22 8 21 31 8 71 35 4 19 4 33 42 4 5 4 0 20 8 4 34 4 40 4 34 10 12 10 49 8 3 16 8 28 46 8 34 54 12 40 16 4 33 4 88 44 4 49 4 10 4 44 4 86 10 4 17 4 42 4 33 10 8 37 19 8 93 23 4 28 4 86 15 16 32 16 44 48 4 25 4 35 4 43 4 41 17 4 8 4 24 4 10 16 8 9 8 81 7 4 5 4 17 4 40 4 92 47 8 31 5 4 43 4 7 4 21 4 16 29 8 67 20 4 8 29 8 102 36 8 29 5 8 18 37 4 27 4 6 4 35 17 4 15 4 62 50 4 19 4 40 4 64 35 4 26 4 69 21 4 36 4 48 4 100 42 4 54 4 73 7 4 5 4 3 24 16 27 16 19 5 14 39 4 31 4 117 47 4 33 4 14 4 50 31 4 42 4 42 5 16 22 16 17 43 10 7 4 35 4 38 25 16 22 16 84 30 4 38 4 44 4 58 45 4 55 4 64 22 4 5 4 29 4 101 15 4 33 4 19 47 20 4 9 18 15 35 4 51 10 42 4 76 17 16 19 16 98 28 4 33 4 29 4 30 17 20 25 4 55 7 34 4 63 48 4 17 4 17 4 92 45 16 13 16 39 24 4 41 4 102 47 4 13 4 16 4 72 35 4 32 50 30 4 91 21 4 46 4 31 4 37 4 45 32 4 34 4 5 4 44 4 16 49 4 39 4 50 6 42 4 97 17 4 10 4 45 4 60 39 4 5 33 27 4 13 28 4 5 32 35 4 13 18 4 46 4 103 5 35 37 4 25 42 10 4 92 25 4 29 4 66 37 4 16 4 7 4 30 4 0 60 4 5 4 23 4 46 4 45 40 4 19 4 8 23 5 9 4 23 4 91 29 4 12 4 33 4 7 4 29 27 4 32 4 24 4 76 28 4 5 4 24 4 84 6 4 33 4 25 4 35 4 20 10 4 47 4 37 4 13 4 
iteration 1307 best: 0.949852 time: 509831
14 14 8 41 22 8 21 31 8 71 35 4 19 4 33 42 4 5 4 0 20 8 4 34 4 40 4 34 10 12 10 49 8 3 16 8 28 46 8 34 54 12 40 16 4 33 4 88 44 4 49 4 10 4 44 4 86 10 4 17 4 42 4 33 10 8 37 19 8 93 23 4 28 4 86 15 16 32 16 44 48 4 25 4 35 4 43 4 41 17 4 8 4 24 4 10 16 8 9 8 81 7 4 5 4 17 4 40 4 92 47 8 31 5 4 43 4 7 4 21 4 16 29 8 67 20 4 8 29 8 102 36 8 29 5 8 18 37 4 27 4 6 4 35 17 4 15 4 62 50 4 19 4 40 4 64 35 4 26 4 69 21 4 36 4 48 4 100 42 4 54 4 73 7 4 5 4 3 24 16 27 16 19 5 14 39 4 31 4 117 47 4 33 4 14 4 50 31 4 42 4 42 5 16 22 16 17 43 10 7 4 35 4 38 25 16 22 16 84 30 4 38 4 44 4 58 45 4 55 4 64 22 4 5 4 29 4 101 15 4 33 4 19 47 20 4 9 18 15 35 4 51 10 42 4 76 17 16 19 16 98 28 4 33 4 29 4 30 17 20 25 4 55 7 34 4 63 48 4 17 4 17 4 92 45 16 13 16 39 24 4 41 4 102 47 4 13 4 16 4 72 35 4 32 50 30 4 91 21 4 46 4 31 4 37 4 45 32 4 34 4 5 4 44 4 16 49 4 39 4 50 6 42 4 97 17 4 10 4 45 4 60 39 4 5 33 27 4 13 28 4 5 32 35 4 13 18 4 46 4 103 5 35 37 4 25 42 10 4 92 25 4 29 4 66 37 4 16 4 7 4 30 4 0 60 4 5 4 23 4 46 4 45 40 4 19 4 8 23 5 9 4 23 4 91 29 4 12 4 33 4 7 4 29 27 4 32 4 24 4 76 28 4 5 4 24 4 84 6 4 33 4 25 4 35 4 20 10 4 47 4 37 4 13 4 
iteration 1326 best: 0.949852 time: 517202
14 14 8 41 22 8 21 31 8 71 35 4 19 4 33 42 4 5 4 0 20 8 4 34 4 40 4 34 10 12 10 49 8 3 16 8 28 46 8 34 54 12 40 16 4 33 4 88 44 4 49 4 10 4 44 4 86 10 4 17 4 42 4 33 10 8 37 19 8 93 23 4 28 4 86 15 16 32 16 44 48 4 25 4 35 4 43 4 41 17 4 8 4 24 4 10 16 8 9 8 81 7 4 5 4 17 4 40 4 92 47 8 31 5 4 43 4 7 4 21 4 16 29 8 67 20 4 8 29 8 102 36 8 29 5 8 18 37 4 27 4 6 4 35 17 4 15 4 62 50 4 19 4 40 4 64 35 4 26 4 69 21 4 36 4 48 4 100 42 4 54 4 73 7 4 5 4 3 24 16 27 16 19 5 14 39 4 31 4 117 47 4 33 4 14 4 50 31 4 42 4 42 5 16 22 16 17 43 10 7 4 35 4 38 25 16 22 16 84 30 4 38 4 44 4 58 45 4 55 4 64 22 4 5 4 29 4 101 15 4 33 4 19 47 20 4 9 18 15 35 4 51 10 42 4 76 17 16 19 16 98 28 4 33 4 29 4 30 17 20 25 4 55 7 34 4 63 48 4 17 4 17 4 92 45 16 13 16 39 24 4 41 4 102 47 4 13 4 16 4 72 35 4 32 50 30 4 91 21 4 46 4 31 4 37 4 45 32 4 34 4 5 4 44 4 16 49 4 39 4 50 6 42 4 97 17 4 10 4 45 4 60 39 4 5 33 27 4 13 28 4 5 32 35 4 13 18 4 46 4 103 5 35 37 4 25 42 10 4 92 25 4 29 4 66 37 4 16 4 7 4 30 4 0 60 4 5 4 23 4 46 4 45 40 4 19 4 8 23 5 9 4 23 4 91 29 4 12 4 33 4 7 4 29 27 4 32 4 24 4 76 28 4 5 4 24 4 84 6 4 33 4 25 4 35 4 20 10 4 47 4 37 4 13 4 
iteration 1345 best: 0.949852 time: 524543
14 14 8 41 22 8 21 31 8 71 35 4 19 4 33 42 4 5 4 0 20 8 4 34 4 40 4 34 10 12 10 49 8 3 16 8 28 46 8 34 54 12 40 16 4 33 4 88 44 4 49 4 10 4 44 4 86 10 4 17 4 42 4 33 10 8 37 19 8 93 23 4 28 4 86 15 16 32 16 44 48 4 25 4 35 4 43 4 41 17 4 8 4 24 4 10 16 8 9 8 81 7 4 5 4 17 4 40 4 92 47 8 31 5 4 43 4 7 4 21 4 16 29 8 67 20 4 8 29 8 102 36 8 29 5 8 18 37 4 27 4 6 4 35 17 4 15 4 62 50 4 19 4 40 4 64 35 4 26 4 69 21 4 36 4 48 4 100 42 4 54 4 73 7 4 5 4 3 24 16 27 16 19 5 14 39 4 31 4 117 47 4 33 4 14 4 50 31 4 42 4 42 5 16 22 16 17 43 10 7 4 35 4 38 25 16 22 16 84 30 4 38 4 44 4 58 45 4 55 4 64 22 4 5 4 29 4 101 15 4 33 4 19 47 20 4 9 18 15 35 4 51 10 42 4 76 17 16 19 16 98 28 4 33 4 29 4 30 17 20 25 4 55 7 34 4 63 48 4 17 4 17 4 92 45 16 13 16 39 24 4 41 4 102 47 4 13 4 16 4 72 35 4 32 50 30 4 91 21 4 46 4 31 4 37 4 45 32 4 34 4 5 4 44 4 16 49 4 39 4 50 6 42 4 97 17 4 10 4 45 4 60 39 4 5 33 27 4 13 28 4 5 32 35 4 13 18 4 46 4 103 5 35 37 4 25 42 10 4 92 25 4 29 4 66 37 4 16 4 7 4 30 4 0 60 4 5 4 23 4 46 4 45 40 4 19 4 8 23 5 9 4 23 4 91 29 4 12 4 33 4 7 4 29 27 4 32 4 24 4 76 28 4 5 4 24 4 84 6 4 33 4 25 4 35 4 20 10 4 47 4 37 4 13 4 
iteration 1364 best: 0.949852 time: 531937
14 14 8 41 22 8 21 31 8 71 35 4 19 4 33 42 4 5 4 0 20 8 4 34 4 40 4 34 10 12 10 49 8 3 16 8 28 46 8 34 54 12 40 16 4 33 4 88 44 4 49 4 10 4 44 4 86 10 4 17 4 42 4 33 10 8 37 19 8 93 23 4 28 4 86 15 16 32 16 44 48 4 25 4 35 4 43 4 41 17 4 8 4 24 4 10 16 8 9 8 81 7 4 5 4 17 4 40 4 92 47 8 31 5 4 43 4 7 4 21 4 16 29 8 67 20 4 8 29 8 102 36 8 29 5 8 18 37 4 27 4 6 4 35 17 4 15 4 62 50 4 19 4 40 4 64 35 4 26 4 69 21 4 36 4 48 4 100 42 4 54 4 73 7 4 5 4 3 24 16 27 16 19 5 14 39 4 31 4 117 47 4 33 4 14 4 50 31 4 42 4 42 5 16 22 16 17 43 10 7 4 35 4 38 25 16 22 16 84 30 4 38 4 44 4 58 45 4 55 4 64 22 4 5 4 29 4 101 15 4 33 4 19 47 20 4 9 18 15 35 4 51 10 42 4 76 17 16 19 16 98 28 4 33 4 29 4 30 17 20 25 4 55 7 34 4 63 48 4 17 4 17 4 92 45 16 13 16 39 24 4 41 4 102 47 4 13 4 16 4 72 35 4 32 50 30 4 91 21 4 46 4 31 4 37 4 45 32 4 34 4 5 4 44 4 16 49 4 39 4 50 6 42 4 97 17 4 10 4 45 4 60 39 4 5 33 27 4 13 28 4 5 32 35 4 13 18 4 46 4 103 5 35 37 4 25 42 10 4 92 25 4 29 4 66 37 4 16 4 7 4 30 4 0 60 4 5 4 23 4 46 4 45 40 4 19 4 8 23 5 9 4 23 4 91 29 4 12 4 33 4 7 4 29 27 4 32 4 24 4 76 28 4 5 4 24 4 84 6 4 33 4 25 4 35 4 20 10 4 47 4 37 4 13 4 
iteration 1383 best: 0.949852 time: 539322
14 14 8 41 22 8 21 31 8 71 35 4 19 4 33 42 4 5 4 0 20 8 4 34 4 40 4 34 10 12 10 49 8 3 16 8 28 46 8 34 54 12 40 16 4 33 4 88 44 4 49 4 10 4 44 4 86 10 4 17 4 42 4 33 10 8 37 19 8 93 23 4 28 4 86 15 16 32 16 44 48 4 25 4 35 4 43 4 41 17 4 8 4 24 4 10 16 8 9 8 81 7 4 5 4 17 4 40 4 92 47 8 31 5 4 43 4 7 4 21 4 16 29 8 67 20 4 8 29 8 102 36 8 29 5 8 18 37 4 27 4 6 4 35 17 4 15 4 62 50 4 19 4 40 4 64 35 4 26 4 69 21 4 36 4 48 4 100 42 4 54 4 73 7 4 5 4 3 24 16 27 16 19 5 14 39 4 31 4 117 47 4 33 4 14 4 50 31 4 42 4 42 5 16 22 16 17 43 10 7 4 35 4 38 25 16 22 16 84 30 4 38 4 44 4 58 45 4 55 4 64 22 4 5 4 29 4 101 15 4 33 4 19 47 20 4 9 18 15 35 4 51 10 42 4 76 17 16 19 16 98 28 4 33 4 29 4 30 17 20 25 4 55 7 34 4 63 48 4 17 4 17 4 92 45 16 13 16 39 24 4 41 4 102 47 4 13 4 16 4 72 35 4 32 50 30 4 91 21 4 46 4 31 4 37 4 45 32 4 34 4 5 4 44 4 16 49 4 39 4 50 6 42 4 97 17 4 10 4 45 4 60 39 4 5 33 27 4 13 28 4 5 32 35 4 13 18 4 46 4 103 5 35 37 4 25 42 10 4 92 25 4 29 4 66 37 4 16 4 7 4 30 4 0 60 4 5 4 23 4 46 4 45 40 4 19 4 8 23 5 9 4 23 4 91 29 4 12 4 33 4 7 4 29 27 4 32 4 24 4 76 28 4 5 4 24 4 84 6 4 33 4 25 4 35 4 20 10 4 47 4 37 4 13 4 
iteration 1402 best: 0.949852 time: 546725
14 14 8 41 22 8 21 31 8 71 35 4 19 4 33 42 4 5 4 0 20 8 4 34 4 40 4 34 10 12 10 49 8 3 16 8 28 46 8 34 54 12 40 16 4 33 4 88 44 4 49 4 10 4 44 4 86 10 4 17 4 42 4 33 10 8 37 19 8 93 23 4 28 4 86 15 16 32 16 44 48 4 25 4 35 4 43 4 41 17 4 8 4 24 4 10 16 8 9 8 81 7 4 5 4 17 4 40 4 92 47 8 31 5 4 43 4 7 4 21 4 16 29 8 67 20 4 8 29 8 102 36 8 29 5 8 18 37 4 27 4 6 4 35 17 4 15 4 62 50 4 19 4 40 4 64 35 4 26 4 69 21 4 36 4 48 4 100 42 4 54 4 73 7 4 5 4 3 24 16 27 16 19 5 14 39 4 31 4 117 47 4 33 4 14 4 50 31 4 42 4 42 5 16 22 16 17 43 10 7 4 35 4 38 25 16 22 16 84 30 4 38 4 44 4 58 45 4 55 4 64 22 4 5 4 29 4 101 15 4 33 4 19 47 20 4 9 18 15 35 4 51 10 42 4 76 17 16 19 16 98 28 4 33 4 29 4 30 17 20 25 4 55 7 34 4 63 48 4 17 4 17 4 92 45 16 13 16 39 24 4 41 4 102 47 4 13 4 16 4 72 35 4 32 50 30 4 91 21 4 46 4 31 4 37 4 45 32 4 34 4 5 4 44 4 16 49 4 39 4 50 6 42 4 97 17 4 10 4 45 4 60 39 4 5 33 27 4 13 28 4 5 32 35 4 13 18 4 46 4 103 5 35 37 4 25 42 10 4 92 25 4 29 4 66 37 4 16 4 7 4 30 4 0 60 4 5 4 23 4 46 4 45 40 4 19 4 8 23 5 9 4 23 4 91 29 4 12 4 33 4 7 4 29 27 4 32 4 24 4 76 28 4 5 4 24 4 84 6 4 33 4 25 4 35 4 20 10 4 47 4 37 4 13 4 
iteration 1421 best: 0.949852 time: 554099
14 14 8 41 22 8 21 31 8 71 35 4 19 4 33 42 4 5 4 0 20 8 4 34 4 40 4 34 10 12 10 49 8 3 16 8 28 46 8 34 54 12 40 16 4 33 4 88 44 4 49 4 10 4 44 4 86 10 4 17 4 42 4 33 10 8 37 19 8 93 23 4 28 4 86 15 16 32 16 44 48 4 25 4 35 4 43 4 41 17 4 8 4 24 4 10 16 8 9 8 81 7 4 5 4 17 4 40 4 92 47 8 31 5 4 43 4 7 4 21 4 16 29 8 67 20 4 8 29 8 102 36 8 29 5 8 18 37 4 27 4 6 4 35 17 4 15 4 62 50 4 19 4 40 4 64 35 4 26 4 69 21 4 36 4 48 4 100 42 4 54 4 73 7 4 5 4 3 24 16 27 16 19 5 14 39 4 31 4 117 47 4 33 4 14 4 50 31 4 42 4 42 5 16 22 16 17 43 10 7 4 35 4 38 25 16 22 16 84 30 4 38 4 44 4 58 45 4 55 4 64 22 4 5 4 29 4 101 15 4 33 4 19 47 20 4 9 18 15 35 4 51 10 42 4 76 17 16 19 16 98 28 4 33 4 29 4 30 17 20 25 4 55 7 34 4 63 48 4 17 4 17 4 92 45 16 13 16 39 24 4 41 4 102 47 4 13 4 16 4 72 35 4 32 50 30 4 91 21 4 46 4 31 4 37 4 45 32 4 34 4 5 4 44 4 16 49 4 39 4 50 6 42 4 97 17 4 10 4 45 4 60 39 4 5 33 27 4 13 28 4 5 32 35 4 13 18 4 46 4 103 5 35 37 4 25 42 10 4 92 25 4 29 4 66 37 4 16 4 7 4 30 4 0 60 4 5 4 23 4 46 4 45 40 4 19 4 8 23 5 9 4 23 4 91 29 4 12 4 33 4 7 4 29 27 4 32 4 24 4 76 28 4 5 4 24 4 84 6 4 33 4 25 4 35 4 20 10 4 47 4 37 4 13 4 
iteration 1440 best: 0.949852 time: 561529
14 14 8 41 22 8 21 31 8 71 35 4 19 4 33 42 4 5 4 0 20 8 4 34 4 40 4 34 10 12 10 49 8 3 16 8 28 46 8 34 54 12 40 16 4 33 4 88 44 4 49 4 10 4 44 4 86 10 4 17 4 42 4 33 10 8 37 19 8 93 23 4 28 4 86 15 16 32 16 44 48 4 25 4 35 4 43 4 41 17 4 8 4 24 4 10 16 8 9 8 81 7 4 5 4 17 4 40 4 92 47 8 31 5 4 43 4 7 4 21 4 16 29 8 67 20 4 8 29 8 102 36 8 29 5 8 18 37 4 27 4 6 4 35 17 4 15 4 62 50 4 19 4 40 4 64 35 4 26 4 69 21 4 36 4 48 4 100 42 4 54 4 73 7 4 5 4 3 24 16 27 16 19 5 14 39 4 31 4 117 47 4 33 4 14 4 50 31 4 42 4 42 5 16 22 16 17 43 10 7 4 35 4 38 25 16 22 16 84 30 4 38 4 44 4 58 45 4 55 4 64 22 4 5 4 29 4 101 15 4 33 4 19 47 20 4 9 18 15 35 4 51 10 42 4 76 17 16 19 16 98 28 4 33 4 29 4 30 17 20 25 4 55 7 34 4 63 48 4 17 4 17 4 92 45 16 13 16 39 24 4 41 4 102 47 4 13 4 16 4 72 35 4 32 50 30 4 91 21 4 46 4 31 4 37 4 45 32 4 34 4 5 4 44 4 16 49 4 39 4 50 6 42 4 97 17 4 10 4 45 4 60 39 4 5 33 27 4 13 28 4 5 32 35 4 13 18 4 46 4 103 5 35 37 4 25 42 10 4 92 25 4 29 4 66 37 4 16 4 7 4 30 4 0 60 4 5 4 23 4 46 4 45 40 4 19 4 8 23 5 9 4 23 4 91 29 4 12 4 33 4 7 4 29 27 4 32 4 24 4 76 28 4 5 4 24 4 84 6 4 33 4 25 4 35 4 20 10 4 47 4 37 4 13 4 
iteration 1459 best: 0.949852 time: 568907
14 14 8 41 22 8 21 31 8 71 35 4 19 4 33 42 4 5 4 0 20 8 4 34 4 40 4 34 10 12 10 49 8 3 16 8 28 46 8 34 54 12 40 16 4 33 4 88 44 4 49 4 10 4 44 4 86 10 4 17 4 42 4 33 10 8 37 19 8 93 23 4 28 4 86 15 16 32 16 44 48 4 25 4 35 4 43 4 41 17 4 8 4 24 4 10 16 8 9 8 81 7 4 5 4 17 4 40 4 92 47 8 31 5 4 43 4 7 4 21 4 16 29 8 67 20 4 8 29 8 102 36 8 29 5 8 18 37 4 27 4 6 4 35 17 4 15 4 62 50 4 19 4 40 4 64 35 4 26 4 69 21 4 36 4 48 4 100 42 4 54 4 73 7 4 5 4 3 24 16 27 16 19 5 14 39 4 31 4 117 47 4 33 4 14 4 50 31 4 42 4 42 5 16 22 16 17 43 10 7 4 35 4 38 25 16 22 16 84 30 4 38 4 44 4 58 45 4 55 4 64 22 4 5 4 29 4 101 15 4 33 4 19 47 20 4 9 18 15 35 4 51 10 42 4 76 17 16 19 16 98 28 4 33 4 29 4 30 17 20 25 4 55 7 34 4 63 48 4 17 4 17 4 92 45 16 13 16 39 24 4 41 4 102 47 4 13 4 16 4 72 35 4 32 50 30 4 91 21 4 46 4 31 4 37 4 45 32 4 34 4 5 4 44 4 16 49 4 39 4 50 6 42 4 97 17 4 10 4 45 4 60 39 4 5 33 27 4 13 28 4 5 32 35 4 13 18 4 46 4 103 5 35 37 4 25 42 10 4 92 25 4 29 4 66 37 4 16 4 7 4 30 4 0 60 4 5 4 23 4 46 4 45 40 4 19 4 8 23 5 9 4 23 4 91 29 4 12 4 33 4 7 4 29 27 4 32 4 24 4 76 28 4 5 4 24 4 84 6 4 33 4 25 4 35 4 20 10 4 47 4 37 4 13 4 
iteration 1478 best: 0.949852 time: 576277
14 14 8 41 22 8 21 31 8 71 35 4 19 4 33 42 4 5 4 0 20 8 4 34 4 40 4 34 10 12 10 49 8 3 16 8 28 46 8 34 54 12 40 16 4 33 4 88 44 4 49 4 10 4 44 4 86 10 4 17 4 42 4 33 10 8 37 19 8 93 23 4 28 4 86 15 16 32 16 44 48 4 25 4 35 4 43 4 41 17 4 8 4 24 4 10 16 8 9 8 81 7 4 5 4 17 4 40 4 92 47 8 31 5 4 43 4 7 4 21 4 16 29 8 67 20 4 8 29 8 102 36 8 29 5 8 18 37 4 27 4 6 4 35 17 4 15 4 62 50 4 19 4 40 4 64 35 4 26 4 69 21 4 36 4 48 4 100 42 4 54 4 73 7 4 5 4 3 24 16 27 16 19 5 14 39 4 31 4 117 47 4 33 4 14 4 50 31 4 42 4 42 5 16 22 16 17 43 10 7 4 35 4 38 25 16 22 16 84 30 4 38 4 44 4 58 45 4 55 4 64 22 4 5 4 29 4 101 15 4 33 4 19 47 20 4 9 18 15 35 4 51 10 42 4 76 17 16 19 16 98 28 4 33 4 29 4 30 17 20 25 4 55 7 34 4 63 48 4 17 4 17 4 92 45 16 13 16 39 24 4 41 4 102 47 4 13 4 16 4 72 35 4 32 50 30 4 91 21 4 46 4 31 4 37 4 45 32 4 34 4 5 4 44 4 16 49 4 39 4 50 6 42 4 97 17 4 10 4 45 4 60 39 4 5 33 27 4 13 28 4 5 32 35 4 13 18 4 46 4 103 5 35 37 4 25 42 10 4 92 25 4 29 4 66 37 4 16 4 7 4 30 4 0 60 4 5 4 23 4 46 4 45 40 4 19 4 8 23 5 9 4 23 4 91 29 4 12 4 33 4 7 4 29 27 4 32 4 24 4 76 28 4 5 4 24 4 84 6 4 33 4 25 4 35 4 20 10 4 47 4 37 4 13 4 
iteration 1497 best: 0.949852 time: 583638
14 14 8 41 22 8 21 31 8 71 35 4 19 4 33 42 4 5 4 0 20 8 4 34 4 40 4 34 10 12 10 49 8 3 16 8 28 46 8 34 54 12 40 16 4 33 4 88 44 4 49 4 10 4 44 4 86 10 4 17 4 42 4 33 10 8 37 19 8 93 23 4 28 4 86 15 16 32 16 44 48 4 25 4 35 4 43 4 41 17 4 8 4 24 4 10 16 8 9 8 81 7 4 5 4 17 4 40 4 92 47 8 31 5 4 43 4 7 4 21 4 16 29 8 67 20 4 8 29 8 102 36 8 29 5 8 18 37 4 27 4 6 4 35 17 4 15 4 62 50 4 19 4 40 4 64 35 4 26 4 69 21 4 36 4 48 4 100 42 4 54 4 73 7 4 5 4 3 24 16 27 16 19 5 14 39 4 31 4 117 47 4 33 4 14 4 50 31 4 42 4 42 5 16 22 16 17 43 10 7 4 35 4 38 25 16 22 16 84 30 4 38 4 44 4 58 45 4 55 4 64 22 4 5 4 29 4 101 15 4 33 4 19 47 20 4 9 18 15 35 4 51 10 42 4 76 17 16 19 16 98 28 4 33 4 29 4 30 17 20 25 4 55 7 34 4 63 48 4 17 4 17 4 92 45 16 13 16 39 24 4 41 4 102 47 4 13 4 16 4 72 35 4 32 50 30 4 91 21 4 46 4 31 4 37 4 45 32 4 34 4 5 4 44 4 16 49 4 39 4 50 6 42 4 97 17 4 10 4 45 4 60 39 4 5 33 27 4 13 28 4 5 32 35 4 13 18 4 46 4 103 5 35 37 4 25 42 10 4 92 25 4 29 4 66 37 4 16 4 7 4 30 4 0 60 4 5 4 23 4 46 4 45 40 4 19 4 8 23 5 9 4 23 4 91 29 4 12 4 33 4 7 4 29 27 4 32 4 24 4 76 28 4 5 4 24 4 84 6 4 33 4 25 4 35 4 20 10 4 47 4 37 4 13 4 
iteration 1516 best: 0.949852 time: 591008
14 14 8 41 22 8 21 31 8 71 35 4 19 4 33 42 4 5 4 0 20 8 4 34 4 40 4 34 10 12 10 49 8 3 16 8 28 46 8 34 54 12 40 16 4 33 4 88 44 4 49 4 10 4 44 4 86 10 4 17 4 42 4 33 10 8 37 19 8 93 23 4 28 4 86 15 16 32 16 44 48 4 25 4 35 4 43 4 41 17 4 8 4 24 4 10 16 8 9 8 81 7 4 5 4 17 4 40 4 92 47 8 31 5 4 43 4 7 4 21 4 16 29 8 67 20 4 8 29 8 102 36 8 29 5 8 18 37 4 27 4 6 4 35 17 4 15 4 62 50 4 19 4 40 4 64 35 4 26 4 69 21 4 36 4 48 4 100 42 4 54 4 73 7 4 5 4 3 24 16 27 16 19 5 14 39 4 31 4 117 47 4 33 4 14 4 50 31 4 42 4 42 5 16 22 16 17 43 10 7 4 35 4 38 25 16 22 16 84 30 4 38 4 44 4 58 45 4 55 4 64 22 4 5 4 29 4 101 15 4 33 4 19 47 20 4 9 18 15 35 4 51 10 42 4 76 17 16 19 16 98 28 4 33 4 29 4 30 17 20 25 4 55 7 34 4 63 48 4 17 4 17 4 92 45 16 13 16 39 24 4 41 4 102 47 4 13 4 16 4 72 35 4 32 50 30 4 91 21 4 46 4 31 4 37 4 45 32 4 34 4 5 4 44 4 16 49 4 39 4 50 6 42 4 97 17 4 10 4 45 4 60 39 4 5 33 27 4 13 28 4 5 32 35 4 13 18 4 46 4 103 5 35 37 4 25 42 10 4 92 25 4 29 4 66 37 4 16 4 7 4 30 4 0 60 4 5 4 23 4 46 4 45 40 4 19 4 8 23 5 9 4 23 4 91 29 4 12 4 33 4 7 4 29 27 4 32 4 24 4 76 28 4 5 4 24 4 84 6 4 33 4 25 4 35 4 20 10 4 47 4 37 4 13 4 
iteration 1535 best: 0.949852 time: 598372
14 14 8 41 22 8 21 31 8 71 35 4 19 4 33 42 4 5 4 0 20 8 4 34 4 40 4 34 10 12 10 49 8 3 16 8 28 46 8 34 54 12 40 16 4 33 4 88 44 4 49 4 10 4 44 4 86 10 4 17 4 42 4 33 10 8 37 19 8 93 23 4 28 4 86 15 16 32 16 44 48 4 25 4 35 4 43 4 41 17 4 8 4 24 4 10 16 8 9 8 81 7 4 5 4 17 4 40 4 92 47 8 31 5 4 43 4 7 4 21 4 16 29 8 67 20 4 8 29 8 102 36 8 29 5 8 18 37 4 27 4 6 4 35 17 4 15 4 62 50 4 19 4 40 4 64 35 4 26 4 69 21 4 36 4 48 4 100 42 4 54 4 73 7 4 5 4 3 24 16 27 16 19 5 14 39 4 31 4 117 47 4 33 4 14 4 50 31 4 42 4 42 5 16 22 16 17 43 10 7 4 35 4 38 25 16 22 16 84 30 4 38 4 44 4 58 45 4 55 4 64 22 4 5 4 29 4 101 15 4 33 4 19 47 20 4 9 18 15 35 4 51 10 42 4 76 17 16 19 16 98 28 4 33 4 29 4 30 17 20 25 4 55 7 34 4 63 48 4 17 4 17 4 92 45 16 13 16 39 24 4 41 4 102 47 4 13 4 16 4 72 35 4 32 50 30 4 91 21 4 46 4 31 4 37 4 45 32 4 34 4 5 4 44 4 16 49 4 39 4 50 6 42 4 97 17 4 10 4 45 4 60 39 4 5 33 27 4 13 28 4 5 32 35 4 13 18 4 46 4 103 5 35 37 4 25 42 10 4 92 25 4 29 4 66 37 4 16 4 7 4 30 4 0 60 4 5 4 23 4 46 4 45 40 4 19 4 8 23 5 9 4 23 4 91 29 4 12 4 33 4 7 4 29 27 4 32 4 24 4 76 28 4 5 4 24 4 84 6 4 33 4 25 4 35 4 20 10 4 47 4 37 4 13 4 
Best solution: 
14 14 8 41 22 8 21 31 8 71 35 4 19 4 33 42 4 5 4 0 20 8 4 34 4 40 4 34 10 12 10 49 8 3 16 8 28 46 8 34 54 12 40 16 4 33 4 88 44 4 49 4 10 4 44 4 86 10 4 17 4 42 4 33 10 8 37 19 8 93 23 4 28 4 86 15 16 32 16 44 48 4 25 4 35 4 43 4 41 17 4 8 4 24 4 10 16 8 9 8 81 7 4 5 4 17 4 40 4 92 47 8 31 5 4 43 4 7 4 21 4 16 29 8 67 20 4 8 29 8 102 36 8 29 5 8 18 37 4 27 4 6 4 35 17 4 15 4 62 50 4 19 4 40 4 64 35 4 26 4 69 21 4 36 4 48 4 100 42 4 54 4 73 7 4 5 4 3 24 16 27 16 19 5 14 39 4 31 4 117 47 4 33 4 14 4 50 31 4 42 4 42 5 16 22 16 17 43 10 7 4 35 4 38 25 16 22 16 84 30 4 38 4 44 4 58 45 4 55 4 64 22 4 5 4 29 4 101 15 4 33 4 19 47 20 4 9 18 15 35 4 51 10 42 4 76 17 16 19 16 98 28 4 33 4 29 4 30 17 20 25 4 55 7 34 4 63 48 4 17 4 17 4 92 45 16 13 16 39 24 4 41 4 102 47 4 13 4 16 4 72 35 4 32 50 30 4 91 21 4 46 4 31 4 37 4 45 32 4 34 4 5 4 44 4 16 49 4 39 4 50 6 42 4 97 17 4 10 4 45 4 60 39 4 5 33 27 4 13 28 4 5 32 35 4 13 18 4 46 4 103 5 35 37 4 25 42 10 4 92 25 4 29 4 66 37 4 16 4 7 4 30 4 0 60 4 5 4 23 4 46 4 45 40 4 19 4 8 23 5 9 4 23 4 91 29 4 12 4 33 4 7 4 29 27 4 32 4 24 4 76 28 4 5 4 24 4 84 6 4 33 4 25 4 35 4 20 10 4 47 4 37 4 13 4 
Fitness: 0.949852
