iteration 23 best: 0.949142 time: 7254
26 39 4 9 4 42 4 85 16 4 15 4 29 40 4 34 4 53 4 26 19 4 60 4 15 4 3 27 4 6 4 31 4 105 32 4 50 4 12 4 40 4 34 38 4 25 4 26 4 58 7 4 26 4 41 37 4 29 4 99 19 4 27 4 21 4 19 4 27 22 4 43 4 65 44 4 34 4 46 5 4 21 4 24 4 20 4 46 4 99 32 4 9 4 33 4 33 4 23 22 4 18 4 44 29 4 25 4 56 4 44 4 24 22 4 34 4 10 4 41 22 4 35 4 16 6 4 29 4 31 42 20 72 17 4 26 4 28 4 53 60 20 71 8 4 42 4 34 4 82 33 4 13 4 17 4 14 4 83 30 4 37 4 60 60 4 35 4 47 4 91 21 4 9 4 17 36 4 50 4 19 4 9 24 4 33 4 21 4 99 28 4 31 4 80 45 4 38 4 18 47 4 0 27 4 33 4 27 4 24 36 4 43 4 10 49 4 55 4 66 39 4 22 4 62 6 4 24 4 18 28 4 25 4 105 53 4 33 4 98 44 4 9 4 55 31 4 7 4 35 37 4 53 4 38 4 3 38 4 27 4 72 16 4 30 4 5 4 21 28 4 49 4 39 4 40 42 4 35 4 28 4 50 4 113 14 4 52 4 21 4 10 4 63 38 4 18 4 47 4 56 16 4 53 4 73 60 4 26 4 30 4 20 12 4 16 4 14 4 94 31 4 14 4 40 4 68 5 4 41 4 39 4 29 49 16 34 16 102 23 4 93 36 16 26 16 35 24 4 5 4 4 18 4 35 4 21 4 20 34 4 8 4 17 4 14 4 73 14 4 9 4 62 9 4 30 4 23 4 42 4 51 45 4 10 4 37 4 44 31 4 35 4 5 4 73 16 4 34 4 21 4 41 36 4 9 4 18 4 93 40 4 25 4 25 4 28 4 114 45 4 45 4 16 4 6 4 65 45 4 29 4 45 4 91 11 4 15 4 30 4 81 34 4 51 4 22 4 
iteration 49 best: 0.949142 time: 14583
26 39 4 9 4 42 4 85 16 4 15 4 29 40 4 34 4 53 4 26 19 4 60 4 15 4 3 27 4 6 4 31 4 105 32 4 50 4 12 4 40 4 34 38 4 25 4 26 4 58 7 4 26 4 41 37 4 29 4 99 19 4 27 4 21 4 19 4 27 22 4 43 4 65 44 4 34 4 46 5 4 21 4 24 4 20 4 46 4 99 32 4 9 4 33 4 33 4 23 22 4 18 4 44 29 4 25 4 56 4 44 4 24 22 4 34 4 10 4 41 22 4 35 4 16 6 4 29 4 31 42 20 72 17 4 26 4 28 4 53 60 20 71 8 4 42 4 34 4 82 33 4 13 4 17 4 14 4 83 30 4 37 4 60 60 4 35 4 47 4 91 21 4 9 4 17 36 4 50 4 19 4 9 24 4 33 4 21 4 99 28 4 31 4 80 45 4 38 4 18 47 4 0 27 4 33 4 27 4 24 36 4 43 4 10 49 4 55 4 66 39 4 22 4 62 6 4 24 4 18 28 4 25 4 105 53 4 33 4 98 44 4 9 4 55 31 4 7 4 35 37 4 53 4 38 4 3 38 4 27 4 72 16 4 30 4 5 4 21 28 4 49 4 39 4 40 42 4 35 4 28 4 50 4 113 14 4 52 4 21 4 10 4 63 38 4 18 4 47 4 56 16 4 53 4 73 60 4 26 4 30 4 20 12 4 16 4 14 4 94 31 4 14 4 40 4 68 5 4 41 4 39 4 29 49 16 34 16 102 23 4 93 36 16 26 16 35 24 4 5 4 4 18 4 35 4 21 4 20 34 4 8 4 17 4 14 4 73 14 4 9 4 62 9 4 30 4 23 4 42 4 51 45 4 10 4 37 4 44 31 4 35 4 5 4 73 16 4 34 4 21 4 41 36 4 9 4 18 4 93 40 4 25 4 25 4 28 4 114 45 4 45 4 16 4 6 4 65 45 4 29 4 45 4 91 11 4 15 4 30 4 81 34 4 51 4 22 4 
iteration 75 best: 0.949142 time: 21918
26 39 4 9 4 42 4 85 16 4 15 4 29 40 4 34 4 53 4 26 19 4 60 4 15 4 3 27 4 6 4 31 4 105 32 4 50 4 12 4 40 4 34 38 4 25 4 26 4 58 7 4 26 4 41 37 4 29 4 99 19 4 27 4 21 4 19 4 27 22 4 43 4 65 44 4 34 4 46 5 4 21 4 24 4 20 4 46 4 99 32 4 9 4 33 4 33 4 23 22 4 18 4 44 29 4 25 4 56 4 44 4 24 22 4 34 4 10 4 41 22 4 35 4 16 6 4 29 4 31 42 20 72 17 4 26 4 28 4 53 60 20 71 8 4 42 4 34 4 82 33 4 13 4 17 4 14 4 83 30 4 37 4 60 60 4 35 4 47 4 91 21 4 9 4 17 36 4 50 4 19 4 9 24 4 33 4 21 4 99 28 4 31 4 80 45 4 38 4 18 47 4 0 27 4 33 4 27 4 24 36 4 43 4 10 49 4 55 4 66 39 4 22 4 62 6 4 24 4 18 28 4 25 4 105 53 4 33 4 98 44 4 9 4 55 31 4 7 4 35 37 4 53 4 38 4 3 38 4 27 4 72 16 4 30 4 5 4 21 28 4 49 4 39 4 40 42 4 35 4 28 4 50 4 113 14 4 52 4 21 4 10 4 63 38 4 18 4 47 4 56 16 4 53 4 73 60 4 26 4 30 4 20 12 4 16 4 14 4 94 31 4 14 4 40 4 68 5 4 41 4 39 4 29 49 16 34 16 102 23 4 93 36 16 26 16 35 24 4 5 4 4 18 4 35 4 21 4 20 34 4 8 4 17 4 14 4 73 14 4 9 4 62 9 4 30 4 23 4 42 4 51 45 4 10 4 37 4 44 31 4 35 4 5 4 73 16 4 34 4 21 4 41 36 4 9 4 18 4 93 40 4 25 4 25 4 28 4 114 45 4 45 4 16 4 6 4 65 45 4 29 4 45 4 91 11 4 15 4 30 4 81 34 4 51 4 22 4 
iteration 101 best: 0.949142 time: 29334
26 39 4 9 4 42 4 85 16 4 15 4 29 40 4 34 4 53 4 26 19 4 60 4 15 4 3 27 4 6 4 31 4 105 32 4 50 4 12 4 40 4 34 38 4 25 4 26 4 58 7 4 26 4 41 37 4 29 4 99 19 4 27 4 21 4 19 4 27 22 4 43 4 65 44 4 34 4 46 5 4 21 4 24 4 20 4 46 4 99 32 4 9 4 33 4 33 4 23 22 4 18 4 44 29 4 25 4 56 4 44 4 24 22 4 34 4 10 4 41 22 4 35 4 16 6 4 29 4 31 42 20 72 17 4 26 4 28 4 53 60 20 71 8 4 42 4 34 4 82 33 4 13 4 17 4 14 4 83 30 4 37 4 60 60 4 35 4 47 4 91 21 4 9 4 17 36 4 50 4 19 4 9 24 4 33 4 21 4 99 28 4 31 4 80 45 4 38 4 18 47 4 0 27 4 33 4 27 4 24 36 4 43 4 10 49 4 55 4 66 39 4 22 4 62 6 4 24 4 18 28 4 25 4 105 53 4 33 4 98 44 4 9 4 55 31 4 7 4 35 37 4 53 4 38 4 3 38 4 27 4 72 16 4 30 4 5 4 21 28 4 49 4 39 4 40 42 4 35 4 28 4 50 4 113 14 4 52 4 21 4 10 4 63 38 4 18 4 47 4 56 16 4 53 4 73 60 4 26 4 30 4 20 12 4 16 4 14 4 94 31 4 14 4 40 4 68 5 4 41 4 39 4 29 49 16 34 16 102 23 4 93 36 16 26 16 35 24 4 5 4 4 18 4 35 4 21 4 20 34 4 8 4 17 4 14 4 73 14 4 9 4 62 9 4 30 4 23 4 42 4 51 45 4 10 4 37 4 44 31 4 35 4 5 4 73 16 4 34 4 21 4 41 36 4 9 4 18 4 93 40 4 25 4 25 4 28 4 114 45 4 45 4 16 4 6 4 65 45 4 29 4 45 4 91 11 4 15 4 30 4 81 34 4 51 4 22 4 
iteration 127 best: 0.949142 time: 36695
26 39 4 9 4 42 4 85 16 4 15 4 29 40 4 34 4 53 4 26 19 4 60 4 15 4 3 27 4 6 4 31 4 105 32 4 50 4 12 4 40 4 34 38 4 25 4 26 4 58 7 4 26 4 41 37 4 29 4 99 19 4 27 4 21 4 19 4 27 22 4 43 4 65 44 4 34 4 46 5 4 21 4 24 4 20 4 46 4 99 32 4 9 4 33 4 33 4 23 22 4 18 4 44 29 4 25 4 56 4 44 4 24 22 4 34 4 10 4 41 22 4 35 4 16 6 4 29 4 31 42 20 72 17 4 26 4 28 4 53 60 20 71 8 4 42 4 34 4 82 33 4 13 4 17 4 14 4 83 30 4 37 4 60 60 4 35 4 47 4 91 21 4 9 4 17 36 4 50 4 19 4 9 24 4 33 4 21 4 99 28 4 31 4 80 45 4 38 4 18 47 4 0 27 4 33 4 27 4 24 36 4 43 4 10 49 4 55 4 66 39 4 22 4 62 6 4 24 4 18 28 4 25 4 105 53 4 33 4 98 44 4 9 4 55 31 4 7 4 35 37 4 53 4 38 4 3 38 4 27 4 72 16 4 30 4 5 4 21 28 4 49 4 39 4 40 42 4 35 4 28 4 50 4 113 14 4 52 4 21 4 10 4 63 38 4 18 4 47 4 56 16 4 53 4 73 60 4 26 4 30 4 20 12 4 16 4 14 4 94 31 4 14 4 40 4 68 5 4 41 4 39 4 29 49 16 34 16 102 23 4 93 36 16 26 16 35 24 4 5 4 4 18 4 35 4 21 4 20 34 4 8 4 17 4 14 4 73 14 4 9 4 62 9 4 30 4 23 4 42 4 51 45 4 10 4 37 4 44 31 4 35 4 5 4 73 16 4 34 4 21 4 41 36 4 9 4 18 4 93 40 4 25 4 25 4 28 4 114 45 4 45 4 16 4 6 4 65 45 4 29 4 45 4 91 11 4 15 4 30 4 81 34 4 51 4 22 4 
iteration 153 best: 0.949142 time: 44069
26 39 4 9 4 42 4 85 16 4 15 4 29 40 4 34 4 53 4 26 19 4 60 4 15 4 3 27 4 6 4 31 4 105 32 4 50 4 12 4 40 4 34 38 4 25 4 26 4 58 7 4 26 4 41 37 4 29 4 99 19 4 27 4 21 4 19 4 27 22 4 43 4 65 44 4 34 4 46 5 4 21 4 24 4 20 4 46 4 99 32 4 9 4 33 4 33 4 23 22 4 18 4 44 29 4 25 4 56 4 44 4 24 22 4 34 4 10 4 41 22 4 35 4 16 6 4 29 4 31 42 20 72 17 4 26 4 28 4 53 60 20 71 8 4 42 4 34 4 82 33 4 13 4 17 4 14 4 83 30 4 37 4 60 60 4 35 4 47 4 91 21 4 9 4 17 36 4 50 4 19 4 9 24 4 33 4 21 4 99 28 4 31 4 80 45 4 38 4 18 47 4 0 27 4 33 4 27 4 24 36 4 43 4 10 49 4 55 4 66 39 4 22 4 62 6 4 24 4 18 28 4 25 4 105 53 4 33 4 98 44 4 9 4 55 31 4 7 4 35 37 4 53 4 38 4 3 38 4 27 4 72 16 4 30 4 5 4 21 28 4 49 4 39 4 40 42 4 35 4 28 4 50 4 113 14 4 52 4 21 4 10 4 63 38 4 18 4 47 4 56 16 4 53 4 73 60 4 26 4 30 4 20 12 4 16 4 14 4 94 31 4 14 4 40 4 68 5 4 41 4 39 4 29 49 16 34 16 102 23 4 93 36 16 26 16 35 24 4 5 4 4 18 4 35 4 21 4 20 34 4 8 4 17 4 14 4 73 14 4 9 4 62 9 4 30 4 23 4 42 4 51 45 4 10 4 37 4 44 31 4 35 4 5 4 73 16 4 34 4 21 4 41 36 4 9 4 18 4 93 40 4 25 4 25 4 28 4 114 45 4 45 4 16 4 6 4 65 45 4 29 4 45 4 91 11 4 15 4 30 4 81 34 4 51 4 22 4 
iteration 179 best: 0.949142 time: 51419
26 39 4 9 4 42 4 85 16 4 15 4 29 40 4 34 4 53 4 26 19 4 60 4 15 4 3 27 4 6 4 31 4 105 32 4 50 4 12 4 40 4 34 38 4 25 4 26 4 58 7 4 26 4 41 37 4 29 4 99 19 4 27 4 21 4 19 4 27 22 4 43 4 65 44 4 34 4 46 5 4 21 4 24 4 20 4 46 4 99 32 4 9 4 33 4 33 4 23 22 4 18 4 44 29 4 25 4 56 4 44 4 24 22 4 34 4 10 4 41 22 4 35 4 16 6 4 29 4 31 42 20 72 17 4 26 4 28 4 53 60 20 71 8 4 42 4 34 4 82 33 4 13 4 17 4 14 4 83 30 4 37 4 60 60 4 35 4 47 4 91 21 4 9 4 17 36 4 50 4 19 4 9 24 4 33 4 21 4 99 28 4 31 4 80 45 4 38 4 18 47 4 0 27 4 33 4 27 4 24 36 4 43 4 10 49 4 55 4 66 39 4 22 4 62 6 4 24 4 18 28 4 25 4 105 53 4 33 4 98 44 4 9 4 55 31 4 7 4 35 37 4 53 4 38 4 3 38 4 27 4 72 16 4 30 4 5 4 21 28 4 49 4 39 4 40 42 4 35 4 28 4 50 4 113 14 4 52 4 21 4 10 4 63 38 4 18 4 47 4 56 16 4 53 4 73 60 4 26 4 30 4 20 12 4 16 4 14 4 94 31 4 14 4 40 4 68 5 4 41 4 39 4 29 49 16 34 16 102 23 4 93 36 16 26 16 35 24 4 5 4 4 18 4 35 4 21 4 20 34 4 8 4 17 4 14 4 73 14 4 9 4 62 9 4 30 4 23 4 42 4 51 45 4 10 4 37 4 44 31 4 35 4 5 4 73 16 4 34 4 21 4 41 36 4 9 4 18 4 93 40 4 25 4 25 4 28 4 114 45 4 45 4 16 4 6 4 65 45 4 29 4 45 4 91 11 4 15 4 30 4 81 34 4 51 4 22 4 
iteration 205 best: 0.949142 time: 58761
26 39 4 9 4 42 4 85 16 4 15 4 29 40 4 34 4 53 4 26 19 4 60 4 15 4 3 27 4 6 4 31 4 105 32 4 50 4 12 4 40 4 34 38 4 25 4 26 4 58 7 4 26 4 41 37 4 29 4 99 19 4 27 4 21 4 19 4 27 22 4 43 4 65 44 4 34 4 46 5 4 21 4 24 4 20 4 46 4 99 32 4 9 4 33 4 33 4 23 22 4 18 4 44 29 4 25 4 56 4 44 4 24 22 4 34 4 10 4 41 22 4 35 4 16 6 4 29 4 31 42 20 72 17 4 26 4 28 4 53 60 20 71 8 4 42 4 34 4 82 33 4 13 4 17 4 14 4 83 30 4 37 4 60 60 4 35 4 47 4 91 21 4 9 4 17 36 4 50 4 19 4 9 24 4 33 4 21 4 99 28 4 31 4 80 45 4 38 4 18 47 4 0 27 4 33 4 27 4 24 36 4 43 4 10 49 4 55 4 66 39 4 22 4 62 6 4 24 4 18 28 4 25 4 105 53 4 33 4 98 44 4 9 4 55 31 4 7 4 35 37 4 53 4 38 4 3 38 4 27 4 72 16 4 30 4 5 4 21 28 4 49 4 39 4 40 42 4 35 4 28 4 50 4 113 14 4 52 4 21 4 10 4 63 38 4 18 4 47 4 56 16 4 53 4 73 60 4 26 4 30 4 20 12 4 16 4 14 4 94 31 4 14 4 40 4 68 5 4 41 4 39 4 29 49 16 34 16 102 23 4 93 36 16 26 16 35 24 4 5 4 4 18 4 35 4 21 4 20 34 4 8 4 17 4 14 4 73 14 4 9 4 62 9 4 30 4 23 4 42 4 51 45 4 10 4 37 4 44 31 4 35 4 5 4 73 16 4 34 4 21 4 41 36 4 9 4 18 4 93 40 4 25 4 25 4 28 4 114 45 4 45 4 16 4 6 4 65 45 4 29 4 45 4 91 11 4 15 4 30 4 81 34 4 51 4 22 4 
iteration 231 best: 0.949142 time: 66101
26 39 4 9 4 42 4 85 16 4 15 4 29 40 4 34 4 53 4 26 19 4 60 4 15 4 3 27 4 6 4 31 4 105 32 4 50 4 12 4 40 4 34 38 4 25 4 26 4 58 7 4 26 4 41 37 4 29 4 99 19 4 27 4 21 4 19 4 27 22 4 43 4 65 44 4 34 4 46 5 4 21 4 24 4 20 4 46 4 99 32 4 9 4 33 4 33 4 23 22 4 18 4 44 29 4 25 4 56 4 44 4 24 22 4 34 4 10 4 41 22 4 35 4 16 6 4 29 4 31 42 20 72 17 4 26 4 28 4 53 60 20 71 8 4 42 4 34 4 82 33 4 13 4 17 4 14 4 83 30 4 37 4 60 60 4 35 4 47 4 91 21 4 9 4 17 36 4 50 4 19 4 9 24 4 33 4 21 4 99 28 4 31 4 80 45 4 38 4 18 47 4 0 27 4 33 4 27 4 24 36 4 43 4 10 49 4 55 4 66 39 4 22 4 62 6 4 24 4 18 28 4 25 4 105 53 4 33 4 98 44 4 9 4 55 31 4 7 4 35 37 4 53 4 38 4 3 38 4 27 4 72 16 4 30 4 5 4 21 28 4 49 4 39 4 40 42 4 35 4 28 4 50 4 113 14 4 52 4 21 4 10 4 63 38 4 18 4 47 4 56 16 4 53 4 73 60 4 26 4 30 4 20 12 4 16 4 14 4 94 31 4 14 4 40 4 68 5 4 41 4 39 4 29 49 16 34 16 102 23 4 93 36 16 26 16 35 24 4 5 4 4 18 4 35 4 21 4 20 34 4 8 4 17 4 14 4 73 14 4 9 4 62 9 4 30 4 23 4 42 4 51 45 4 10 4 37 4 44 31 4 35 4 5 4 73 16 4 34 4 21 4 41 36 4 9 4 18 4 93 40 4 25 4 25 4 28 4 114 45 4 45 4 16 4 6 4 65 45 4 29 4 45 4 91 11 4 15 4 30 4 81 34 4 51 4 22 4 
iteration 257 best: 0.949142 time: 73441
26 39 4 9 4 42 4 85 16 4 15 4 29 40 4 34 4 53 4 26 19 4 60 4 15 4 3 27 4 6 4 31 4 105 32 4 50 4 12 4 40 4 34 38 4 25 4 26 4 58 7 4 26 4 41 37 4 29 4 99 19 4 27 4 21 4 19 4 27 22 4 43 4 65 44 4 34 4 46 5 4 21 4 24 4 20 4 46 4 99 32 4 9 4 33 4 33 4 23 22 4 18 4 44 29 4 25 4 56 4 44 4 24 22 4 34 4 10 4 41 22 4 35 4 16 6 4 29 4 31 42 20 72 17 4 26 4 28 4 53 60 20 71 8 4 42 4 34 4 82 33 4 13 4 17 4 14 4 83 30 4 37 4 60 60 4 35 4 47 4 91 21 4 9 4 17 36 4 50 4 19 4 9 24 4 33 4 21 4 99 28 4 31 4 80 45 4 38 4 18 47 4 0 27 4 33 4 27 4 24 36 4 43 4 10 49 4 55 4 66 39 4 22 4 62 6 4 24 4 18 28 4 25 4 105 53 4 33 4 98 44 4 9 4 55 31 4 7 4 35 37 4 53 4 38 4 3 38 4 27 4 72 16 4 30 4 5 4 21 28 4 49 4 39 4 40 42 4 35 4 28 4 50 4 113 14 4 52 4 21 4 10 4 63 38 4 18 4 47 4 56 16 4 53 4 73 60 4 26 4 30 4 20 12 4 16 4 14 4 94 31 4 14 4 40 4 68 5 4 41 4 39 4 29 49 16 34 16 102 23 4 93 36 16 26 16 35 24 4 5 4 4 18 4 35 4 21 4 20 34 4 8 4 17 4 14 4 73 14 4 9 4 62 9 4 30 4 23 4 42 4 51 45 4 10 4 37 4 44 31 4 35 4 5 4 73 16 4 34 4 21 4 41 36 4 9 4 18 4 93 40 4 25 4 25 4 28 4 114 45 4 45 4 16 4 6 4 65 45 4 29 4 45 4 91 11 4 15 4 30 4 81 34 4 51 4 22 4 
iteration 283 best: 0.949142 time: 80785
26 39 4 9 4 42 4 85 16 4 15 4 29 40 4 34 4 53 4 26 19 4 60 4 15 4 3 27 4 6 4 31 4 105 32 4 50 4 12 4 40 4 34 38 4 25 4 26 4 58 7 4 26 4 41 37 4 29 4 99 19 4 27 4 21 4 19 4 27 22 4 43 4 65 44 4 34 4 46 5 4 21 4 24 4 20 4 46 4 99 32 4 9 4 33 4 33 4 23 22 4 18 4 44 29 4 25 4 56 4 44 4 24 22 4 34 4 10 4 41 22 4 35 4 16 6 4 29 4 31 42 20 72 17 4 26 4 28 4 53 60 20 71 8 4 42 4 34 4 82 33 4 13 4 17 4 14 4 83 30 4 37 4 60 60 4 35 4 47 4 91 21 4 9 4 17 36 4 50 4 19 4 9 24 4 33 4 21 4 99 28 4 31 4 80 45 4 38 4 18 47 4 0 27 4 33 4 27 4 24 36 4 43 4 10 49 4 55 4 66 39 4 22 4 62 6 4 24 4 18 28 4 25 4 105 53 4 33 4 98 44 4 9 4 55 31 4 7 4 35 37 4 53 4 38 4 3 38 4 27 4 72 16 4 30 4 5 4 21 28 4 49 4 39 4 40 42 4 35 4 28 4 50 4 113 14 4 52 4 21 4 10 4 63 38 4 18 4 47 4 56 16 4 53 4 73 60 4 26 4 30 4 20 12 4 16 4 14 4 94 31 4 14 4 40 4 68 5 4 41 4 39 4 29 49 16 34 16 102 23 4 93 36 16 26 16 35 24 4 5 4 4 18 4 35 4 21 4 20 34 4 8 4 17 4 14 4 73 14 4 9 4 62 9 4 30 4 23 4 42 4 51 45 4 10 4 37 4 44 31 4 35 4 5 4 73 16 4 34 4 21 4 41 36 4 9 4 18 4 93 40 4 25 4 25 4 28 4 114 45 4 45 4 16 4 6 4 65 45 4 29 4 45 4 91 11 4 15 4 30 4 81 34 4 51 4 22 4 
iteration 309 best: 0.949142 time: 88107
26 39 4 9 4 42 4 85 16 4 15 4 29 40 4 34 4 53 4 26 19 4 60 4 15 4 3 27 4 6 4 31 4 105 32 4 50 4 12 4 40 4 34 38 4 25 4 26 4 58 7 4 26 4 41 37 4 29 4 99 19 4 27 4 21 4 19 4 27 22 4 43 4 65 44 4 34 4 46 5 4 21 4 24 4 20 4 46 4 99 32 4 9 4 33 4 33 4 23 22 4 18 4 44 29 4 25 4 56 4 44 4 24 22 4 34 4 10 4 41 22 4 35 4 16 6 4 29 4 31 42 20 72 17 4 26 4 28 4 53 60 20 71 8 4 42 4 34 4 82 33 4 13 4 17 4 14 4 83 30 4 37 4 60 60 4 35 4 47 4 91 21 4 9 4 17 36 4 50 4 19 4 9 24 4 33 4 21 4 99 28 4 31 4 80 45 4 38 4 18 47 4 0 27 4 33 4 27 4 24 36 4 43 4 10 49 4 55 4 66 39 4 22 4 62 6 4 24 4 18 28 4 25 4 105 53 4 33 4 98 44 4 9 4 55 31 4 7 4 35 37 4 53 4 38 4 3 38 4 27 4 72 16 4 30 4 5 4 21 28 4 49 4 39 4 40 42 4 35 4 28 4 50 4 113 14 4 52 4 21 4 10 4 63 38 4 18 4 47 4 56 16 4 53 4 73 60 4 26 4 30 4 20 12 4 16 4 14 4 94 31 4 14 4 40 4 68 5 4 41 4 39 4 29 49 16 34 16 102 23 4 93 36 16 26 16 35 24 4 5 4 4 18 4 35 4 21 4 20 34 4 8 4 17 4 14 4 73 14 4 9 4 62 9 4 30 4 23 4 42 4 51 45 4 10 4 37 4 44 31 4 35 4 5 4 73 16 4 34 4 21 4 41 36 4 9 4 18 4 93 40 4 25 4 25 4 28 4 114 45 4 45 4 16 4 6 4 65 45 4 29 4 45 4 91 11 4 15 4 30 4 81 34 4 51 4 22 4 
iteration 335 best: 0.949142 time: 95443
26 39 4 9 4 42 4 85 16 4 15 4 29 40 4 34 4 53 4 26 19 4 60 4 15 4 3 27 4 6 4 31 4 105 32 4 50 4 12 4 40 4 34 38 4 25 4 26 4 58 7 4 26 4 41 37 4 29 4 99 19 4 27 4 21 4 19 4 27 22 4 43 4 65 44 4 34 4 46 5 4 21 4 24 4 20 4 46 4 99 32 4 9 4 33 4 33 4 23 22 4 18 4 44 29 4 25 4 56 4 44 4 24 22 4 34 4 10 4 41 22 4 35 4 16 6 4 29 4 31 42 20 72 17 4 26 4 28 4 53 60 20 71 8 4 42 4 34 4 82 33 4 13 4 17 4 14 4 83 30 4 37 4 60 60 4 35 4 47 4 91 21 4 9 4 17 36 4 50 4 19 4 9 24 4 33 4 21 4 99 28 4 31 4 80 45 4 38 4 18 47 4 0 27 4 33 4 27 4 24 36 4 43 4 10 49 4 55 4 66 39 4 22 4 62 6 4 24 4 18 28 4 25 4 105 53 4 33 4 98 44 4 9 4 55 31 4 7 4 35 37 4 53 4 38 4 3 38 4 27 4 72 16 4 30 4 5 4 21 28 4 49 4 39 4 40 42 4 35 4 28 4 50 4 113 14 4 52 4 21 4 10 4 63 38 4 18 4 47 4 56 16 4 53 4 73 60 4 26 4 30 4 20 12 4 16 4 14 4 94 31 4 14 4 40 4 68 5 4 41 4 39 4 29 49 16 34 16 102 23 4 93 36 16 26 16 35 24 4 5 4 4 18 4 35 4 21 4 20 34 4 8 4 17 4 14 4 73 14 4 9 4 62 9 4 30 4 23 4 42 4 51 45 4 10 4 37 4 44 31 4 35 4 5 4 73 16 4 34 4 21 4 41 36 4 9 4 18 4 93 40 4 25 4 25 4 28 4 114 45 4 45 4 16 4 6 4 65 45 4 29 4 45 4 91 11 4 15 4 30 4 81 34 4 51 4 22 4 
iteration 361 best: 0.949142 time: 102840
26 39 4 9 4 42 4 85 16 4 15 4 29 40 4 34 4 53 4 26 19 4 60 4 15 4 3 27 4 6 4 31 4 105 32 4 50 4 12 4 40 4 34 38 4 25 4 26 4 58 7 4 26 4 41 37 4 29 4 99 19 4 27 4 21 4 19 4 27 22 4 43 4 65 44 4 34 4 46 5 4 21 4 24 4 20 4 46 4 99 32 4 9 4 33 4 33 4 23 22 4 18 4 44 29 4 25 4 56 4 44 4 24 22 4 34 4 10 4 41 22 4 35 4 16 6 4 29 4 31 42 20 72 17 4 26 4 28 4 53 60 20 71 8 4 42 4 34 4 82 33 4 13 4 17 4 14 4 83 30 4 37 4 60 60 4 35 4 47 4 91 21 4 9 4 17 36 4 50 4 19 4 9 24 4 33 4 21 4 99 28 4 31 4 80 45 4 38 4 18 47 4 0 27 4 33 4 27 4 24 36 4 43 4 10 49 4 55 4 66 39 4 22 4 62 6 4 24 4 18 28 4 25 4 105 53 4 33 4 98 44 4 9 4 55 31 4 7 4 35 37 4 53 4 38 4 3 38 4 27 4 72 16 4 30 4 5 4 21 28 4 49 4 39 4 40 42 4 35 4 28 4 50 4 113 14 4 52 4 21 4 10 4 63 38 4 18 4 47 4 56 16 4 53 4 73 60 4 26 4 30 4 20 12 4 16 4 14 4 94 31 4 14 4 40 4 68 5 4 41 4 39 4 29 49 16 34 16 102 23 4 93 36 16 26 16 35 24 4 5 4 4 18 4 35 4 21 4 20 34 4 8 4 17 4 14 4 73 14 4 9 4 62 9 4 30 4 23 4 42 4 51 45 4 10 4 37 4 44 31 4 35 4 5 4 73 16 4 34 4 21 4 41 36 4 9 4 18 4 93 40 4 25 4 25 4 28 4 114 45 4 45 4 16 4 6 4 65 45 4 29 4 45 4 91 11 4 15 4 30 4 81 34 4 51 4 22 4 
iteration 387 best: 0.949142 time: 110174
26 39 4 9 4 42 4 85 16 4 15 4 29 40 4 34 4 53 4 26 19 4 60 4 15 4 3 27 4 6 4 31 4 105 32 4 50 4 12 4 40 4 34 38 4 25 4 26 4 58 7 4 26 4 41 37 4 29 4 99 19 4 27 4 21 4 19 4 27 22 4 43 4 65 44 4 34 4 46 5 4 21 4 24 4 20 4 46 4 99 32 4 9 4 33 4 33 4 23 22 4 18 4 44 29 4 25 4 56 4 44 4 24 22 4 34 4 10 4 41 22 4 35 4 16 6 4 29 4 31 42 20 72 17 4 26 4 28 4 53 60 20 71 8 4 42 4 34 4 82 33 4 13 4 17 4 14 4 83 30 4 37 4 60 60 4 35 4 47 4 91 21 4 9 4 17 36 4 50 4 19 4 9 24 4 33 4 21 4 99 28 4 31 4 80 45 4 38 4 18 47 4 0 27 4 33 4 27 4 24 36 4 43 4 10 49 4 55 4 66 39 4 22 4 62 6 4 24 4 18 28 4 25 4 105 53 4 33 4 98 44 4 9 4 55 31 4 7 4 35 37 4 53 4 38 4 3 38 4 27 4 72 16 4 30 4 5 4 21 28 4 49 4 39 4 40 42 4 35 4 28 4 50 4 113 14 4 52 4 21 4 10 4 63 38 4 18 4 47 4 56 16 4 53 4 73 60 4 26 4 30 4 20 12 4 16 4 14 4 94 31 4 14 4 40 4 68 5 4 41 4 39 4 29 49 16 34 16 102 23 4 93 36 16 26 16 35 24 4 5 4 4 18 4 35 4 21 4 20 34 4 8 4 17 4 14 4 73 14 4 9 4 62 9 4 30 4 23 4 42 4 51 45 4 10 4 37 4 44 31 4 35 4 5 4 73 16 4 34 4 21 4 41 36 4 9 4 18 4 93 40 4 25 4 25 4 28 4 114 45 4 45 4 16 4 6 4 65 45 4 29 4 45 4 91 11 4 15 4 30 4 81 34 4 51 4 22 4 
iteration 413 best: 0.949142 time: 117523
26 39 4 9 4 42 4 85 16 4 15 4 29 40 4 34 4 53 4 26 19 4 60 4 15 4 3 27 4 6 4 31 4 105 32 4 50 4 12 4 40 4 34 38 4 25 4 26 4 58 7 4 26 4 41 37 4 29 4 99 19 4 27 4 21 4 19 4 27 22 4 43 4 65 44 4 34 4 46 5 4 21 4 24 4 20 4 46 4 99 32 4 9 4 33 4 33 4 23 22 4 18 4 44 29 4 25 4 56 4 44 4 24 22 4 34 4 10 4 41 22 4 35 4 16 6 4 29 4 31 42 20 72 17 4 26 4 28 4 53 60 20 71 8 4 42 4 34 4 82 33 4 13 4 17 4 14 4 83 30 4 37 4 60 60 4 35 4 47 4 91 21 4 9 4 17 36 4 50 4 19 4 9 24 4 33 4 21 4 99 28 4 31 4 80 45 4 38 4 18 47 4 0 27 4 33 4 27 4 24 36 4 43 4 10 49 4 55 4 66 39 4 22 4 62 6 4 24 4 18 28 4 25 4 105 53 4 33 4 98 44 4 9 4 55 31 4 7 4 35 37 4 53 4 38 4 3 38 4 27 4 72 16 4 30 4 5 4 21 28 4 49 4 39 4 40 42 4 35 4 28 4 50 4 113 14 4 52 4 21 4 10 4 63 38 4 18 4 47 4 56 16 4 53 4 73 60 4 26 4 30 4 20 12 4 16 4 14 4 94 31 4 14 4 40 4 68 5 4 41 4 39 4 29 49 16 34 16 102 23 4 93 36 16 26 16 35 24 4 5 4 4 18 4 35 4 21 4 20 34 4 8 4 17 4 14 4 73 14 4 9 4 62 9 4 30 4 23 4 42 4 51 45 4 10 4 37 4 44 31 4 35 4 5 4 73 16 4 34 4 21 4 41 36 4 9 4 18 4 93 40 4 25 4 25 4 28 4 114 45 4 45 4 16 4 6 4 65 45 4 29 4 45 4 91 11 4 15 4 30 4 81 34 4 51 4 22 4 
iteration 439 best: 0.949142 time: 124903
26 39 4 9 4 42 4 85 16 4 15 4 29 40 4 34 4 53 4 26 19 4 60 4 15 4 3 27 4 6 4 31 4 105 32 4 50 4 12 4 40 4 34 38 4 25 4 26 4 58 7 4 26 4 41 37 4 29 4 99 19 4 27 4 21 4 19 4 27 22 4 43 4 65 44 4 34 4 46 5 4 21 4 24 4 20 4 46 4 99 32 4 9 4 33 4 33 4 23 22 4 18 4 44 29 4 25 4 56 4 44 4 24 22 4 34 4 10 4 41 22 4 35 4 16 6 4 29 4 31 42 20 72 17 4 26 4 28 4 53 60 20 71 8 4 42 4 34 4 82 33 4 13 4 17 4 14 4 83 30 4 37 4 60 60 4 35 4 47 4 91 21 4 9 4 17 36 4 50 4 19 4 9 24 4 33 4 21 4 99 28 4 31 4 80 45 4 38 4 18 47 4 0 27 4 33 4 27 4 24 36 4 43 4 10 49 4 55 4 66 39 4 22 4 62 6 4 24 4 18 28 4 25 4 105 53 4 33 4 98 44 4 9 4 55 31 4 7 4 35 37 4 53 4 38 4 3 38 4 27 4 72 16 4 30 4 5 4 21 28 4 49 4 39 4 40 42 4 35 4 28 4 50 4 113 14 4 52 4 21 4 10 4 63 38 4 18 4 47 4 56 16 4 53 4 73 60 4 26 4 30 4 20 12 4 16 4 14 4 94 31 4 14 4 40 4 68 5 4 41 4 39 4 29 49 16 34 16 102 23 4 93 36 16 26 16 35 24 4 5 4 4 18 4 35 4 21 4 20 34 4 8 4 17 4 14 4 73 14 4 9 4 62 9 4 30 4 23 4 42 4 51 45 4 10 4 37 4 44 31 4 35 4 5 4 73 16 4 34 4 21 4 41 36 4 9 4 18 4 93 40 4 25 4 25 4 28 4 114 45 4 45 4 16 4 6 4 65 45 4 29 4 45 4 91 11 4 15 4 30 4 81 34 4 51 4 22 4 
iteration 465 best: 0.949142 time: 132237
26 39 4 9 4 42 4 85 16 4 15 4 29 40 4 34 4 53 4 26 19 4 60 4 15 4 3 27 4 6 4 31 4 105 32 4 50 4 12 4 40 4 34 38 4 25 4 26 4 58 7 4 26 4 41 37 4 29 4 99 19 4 27 4 21 4 19 4 27 22 4 43 4 65 44 4 34 4 46 5 4 21 4 24 4 20 4 46 4 99 32 4 9 4 33 4 33 4 23 22 4 18 4 44 29 4 25 4 56 4 44 4 24 22 4 34 4 10 4 41 22 4 35 4 16 6 4 29 4 31 42 20 72 17 4 26 4 28 4 53 60 20 71 8 4 42 4 34 4 82 33 4 13 4 17 4 14 4 83 30 4 37 4 60 60 4 35 4 47 4 91 21 4 9 4 17 36 4 50 4 19 4 9 24 4 33 4 21 4 99 28 4 31 4 80 45 4 38 4 18 47 4 0 27 4 33 4 27 4 24 36 4 43 4 10 49 4 55 4 66 39 4 22 4 62 6 4 24 4 18 28 4 25 4 105 53 4 33 4 98 44 4 9 4 55 31 4 7 4 35 37 4 53 4 38 4 3 38 4 27 4 72 16 4 30 4 5 4 21 28 4 49 4 39 4 40 42 4 35 4 28 4 50 4 113 14 4 52 4 21 4 10 4 63 38 4 18 4 47 4 56 16 4 53 4 73 60 4 26 4 30 4 20 12 4 16 4 14 4 94 31 4 14 4 40 4 68 5 4 41 4 39 4 29 49 16 34 16 102 23 4 93 36 16 26 16 35 24 4 5 4 4 18 4 35 4 21 4 20 34 4 8 4 17 4 14 4 73 14 4 9 4 62 9 4 30 4 23 4 42 4 51 45 4 10 4 37 4 44 31 4 35 4 5 4 73 16 4 34 4 21 4 41 36 4 9 4 18 4 93 40 4 25 4 25 4 28 4 114 45 4 45 4 16 4 6 4 65 45 4 29 4 45 4 91 11 4 15 4 30 4 81 34 4 51 4 22 4 
iteration 491 best: 0.949142 time: 139588
26 39 4 9 4 42 4 85 16 4 15 4 29 40 4 34 4 53 4 26 19 4 60 4 15 4 3 27 4 6 4 31 4 105 32 4 50 4 12 4 40 4 34 38 4 25 4 26 4 58 7 4 26 4 41 37 4 29 4 99 19 4 27 4 21 4 19 4 27 22 4 43 4 65 44 4 34 4 46 5 4 21 4 24 4 20 4 46 4 99 32 4 9 4 33 4 33 4 23 22 4 18 4 44 29 4 25 4 56 4 44 4 24 22 4 34 4 10 4 41 22 4 35 4 16 6 4 29 4 31 42 20 72 17 4 26 4 28 4 53 60 20 71 8 4 42 4 34 4 82 33 4 13 4 17 4 14 4 83 30 4 37 4 60 60 4 35 4 47 4 91 21 4 9 4 17 36 4 50 4 19 4 9 24 4 33 4 21 4 99 28 4 31 4 80 45 4 38 4 18 47 4 0 27 4 33 4 27 4 24 36 4 43 4 10 49 4 55 4 66 39 4 22 4 62 6 4 24 4 18 28 4 25 4 105 53 4 33 4 98 44 4 9 4 55 31 4 7 4 35 37 4 53 4 38 4 3 38 4 27 4 72 16 4 30 4 5 4 21 28 4 49 4 39 4 40 42 4 35 4 28 4 50 4 113 14 4 52 4 21 4 10 4 63 38 4 18 4 47 4 56 16 4 53 4 73 60 4 26 4 30 4 20 12 4 16 4 14 4 94 31 4 14 4 40 4 68 5 4 41 4 39 4 29 49 16 34 16 102 23 4 93 36 16 26 16 35 24 4 5 4 4 18 4 35 4 21 4 20 34 4 8 4 17 4 14 4 73 14 4 9 4 62 9 4 30 4 23 4 42 4 51 45 4 10 4 37 4 44 31 4 35 4 5 4 73 16 4 34 4 21 4 41 36 4 9 4 18 4 93 40 4 25 4 25 4 28 4 114 45 4 45 4 16 4 6 4 65 45 4 29 4 45 4 91 11 4 15 4 30 4 81 34 4 51 4 22 4 
iteration 517 best: 0.949142 time: 146948
26 39 4 9 4 42 4 85 16 4 15 4 29 40 4 34 4 53 4 26 19 4 60 4 15 4 3 27 4 6 4 31 4 105 32 4 50 4 12 4 40 4 34 38 4 25 4 26 4 58 7 4 26 4 41 37 4 29 4 99 19 4 27 4 21 4 19 4 27 22 4 43 4 65 44 4 34 4 46 5 4 21 4 24 4 20 4 46 4 99 32 4 9 4 33 4 33 4 23 22 4 18 4 44 29 4 25 4 56 4 44 4 24 22 4 34 4 10 4 41 22 4 35 4 16 6 4 29 4 31 42 20 72 17 4 26 4 28 4 53 60 20 71 8 4 42 4 34 4 82 33 4 13 4 17 4 14 4 83 30 4 37 4 60 60 4 35 4 47 4 91 21 4 9 4 17 36 4 50 4 19 4 9 24 4 33 4 21 4 99 28 4 31 4 80 45 4 38 4 18 47 4 0 27 4 33 4 27 4 24 36 4 43 4 10 49 4 55 4 66 39 4 22 4 62 6 4 24 4 18 28 4 25 4 105 53 4 33 4 98 44 4 9 4 55 31 4 7 4 35 37 4 53 4 38 4 3 38 4 27 4 72 16 4 30 4 5 4 21 28 4 49 4 39 4 40 42 4 35 4 28 4 50 4 113 14 4 52 4 21 4 10 4 63 38 4 18 4 47 4 56 16 4 53 4 73 60 4 26 4 30 4 20 12 4 16 4 14 4 94 31 4 14 4 40 4 68 5 4 41 4 39 4 29 49 16 34 16 102 23 4 93 36 16 26 16 35 24 4 5 4 4 18 4 35 4 21 4 20 34 4 8 4 17 4 14 4 73 14 4 9 4 62 9 4 30 4 23 4 42 4 51 45 4 10 4 37 4 44 31 4 35 4 5 4 73 16 4 34 4 21 4 41 36 4 9 4 18 4 93 40 4 25 4 25 4 28 4 114 45 4 45 4 16 4 6 4 65 45 4 29 4 45 4 91 11 4 15 4 30 4 81 34 4 51 4 22 4 
iteration 543 best: 0.949142 time: 154295
26 39 4 9 4 42 4 85 16 4 15 4 29 40 4 34 4 53 4 26 19 4 60 4 15 4 3 27 4 6 4 31 4 105 32 4 50 4 12 4 40 4 34 38 4 25 4 26 4 58 7 4 26 4 41 37 4 29 4 99 19 4 27 4 21 4 19 4 27 22 4 43 4 65 44 4 34 4 46 5 4 21 4 24 4 20 4 46 4 99 32 4 9 4 33 4 33 4 23 22 4 18 4 44 29 4 25 4 56 4 44 4 24 22 4 34 4 10 4 41 22 4 35 4 16 6 4 29 4 31 42 20 72 17 4 26 4 28 4 53 60 20 71 8 4 42 4 34 4 82 33 4 13 4 17 4 14 4 83 30 4 37 4 60 60 4 35 4 47 4 91 21 4 9 4 17 36 4 50 4 19 4 9 24 4 33 4 21 4 99 28 4 31 4 80 45 4 38 4 18 47 4 0 27 4 33 4 27 4 24 36 4 43 4 10 49 4 55 4 66 39 4 22 4 62 6 4 24 4 18 28 4 25 4 105 53 4 33 4 98 44 4 9 4 55 31 4 7 4 35 37 4 53 4 38 4 3 38 4 27 4 72 16 4 30 4 5 4 21 28 4 49 4 39 4 40 42 4 35 4 28 4 50 4 113 14 4 52 4 21 4 10 4 63 38 4 18 4 47 4 56 16 4 53 4 73 60 4 26 4 30 4 20 12 4 16 4 14 4 94 31 4 14 4 40 4 68 5 4 41 4 39 4 29 49 16 34 16 102 23 4 93 36 16 26 16 35 24 4 5 4 4 18 4 35 4 21 4 20 34 4 8 4 17 4 14 4 73 14 4 9 4 62 9 4 30 4 23 4 42 4 51 45 4 10 4 37 4 44 31 4 35 4 5 4 73 16 4 34 4 21 4 41 36 4 9 4 18 4 93 40 4 25 4 25 4 28 4 114 45 4 45 4 16 4 6 4 65 45 4 29 4 45 4 91 11 4 15 4 30 4 81 34 4 51 4 22 4 
iteration 569 best: 0.949142 time: 161639
26 39 4 9 4 42 4 85 16 4 15 4 29 40 4 34 4 53 4 26 19 4 60 4 15 4 3 27 4 6 4 31 4 105 32 4 50 4 12 4 40 4 34 38 4 25 4 26 4 58 7 4 26 4 41 37 4 29 4 99 19 4 27 4 21 4 19 4 27 22 4 43 4 65 44 4 34 4 46 5 4 21 4 24 4 20 4 46 4 99 32 4 9 4 33 4 33 4 23 22 4 18 4 44 29 4 25 4 56 4 44 4 24 22 4 34 4 10 4 41 22 4 35 4 16 6 4 29 4 31 42 20 72 17 4 26 4 28 4 53 60 20 71 8 4 42 4 34 4 82 33 4 13 4 17 4 14 4 83 30 4 37 4 60 60 4 35 4 47 4 91 21 4 9 4 17 36 4 50 4 19 4 9 24 4 33 4 21 4 99 28 4 31 4 80 45 4 38 4 18 47 4 0 27 4 33 4 27 4 24 36 4 43 4 10 49 4 55 4 66 39 4 22 4 62 6 4 24 4 18 28 4 25 4 105 53 4 33 4 98 44 4 9 4 55 31 4 7 4 35 37 4 53 4 38 4 3 38 4 27 4 72 16 4 30 4 5 4 21 28 4 49 4 39 4 40 42 4 35 4 28 4 50 4 113 14 4 52 4 21 4 10 4 63 38 4 18 4 47 4 56 16 4 53 4 73 60 4 26 4 30 4 20 12 4 16 4 14 4 94 31 4 14 4 40 4 68 5 4 41 4 39 4 29 49 16 34 16 102 23 4 93 36 16 26 16 35 24 4 5 4 4 18 4 35 4 21 4 20 34 4 8 4 17 4 14 4 73 14 4 9 4 62 9 4 30 4 23 4 42 4 51 45 4 10 4 37 4 44 31 4 35 4 5 4 73 16 4 34 4 21 4 41 36 4 9 4 18 4 93 40 4 25 4 25 4 28 4 114 45 4 45 4 16 4 6 4 65 45 4 29 4 45 4 91 11 4 15 4 30 4 81 34 4 51 4 22 4 
iteration 595 best: 0.949142 time: 168999
26 39 4 9 4 42 4 85 16 4 15 4 29 40 4 34 4 53 4 26 19 4 60 4 15 4 3 27 4 6 4 31 4 105 32 4 50 4 12 4 40 4 34 38 4 25 4 26 4 58 7 4 26 4 41 37 4 29 4 99 19 4 27 4 21 4 19 4 27 22 4 43 4 65 44 4 34 4 46 5 4 21 4 24 4 20 4 46 4 99 32 4 9 4 33 4 33 4 23 22 4 18 4 44 29 4 25 4 56 4 44 4 24 22 4 34 4 10 4 41 22 4 35 4 16 6 4 29 4 31 42 20 72 17 4 26 4 28 4 53 60 20 71 8 4 42 4 34 4 82 33 4 13 4 17 4 14 4 83 30 4 37 4 60 60 4 35 4 47 4 91 21 4 9 4 17 36 4 50 4 19 4 9 24 4 33 4 21 4 99 28 4 31 4 80 45 4 38 4 18 47 4 0 27 4 33 4 27 4 24 36 4 43 4 10 49 4 55 4 66 39 4 22 4 62 6 4 24 4 18 28 4 25 4 105 53 4 33 4 98 44 4 9 4 55 31 4 7 4 35 37 4 53 4 38 4 3 38 4 27 4 72 16 4 30 4 5 4 21 28 4 49 4 39 4 40 42 4 35 4 28 4 50 4 113 14 4 52 4 21 4 10 4 63 38 4 18 4 47 4 56 16 4 53 4 73 60 4 26 4 30 4 20 12 4 16 4 14 4 94 31 4 14 4 40 4 68 5 4 41 4 39 4 29 49 16 34 16 102 23 4 93 36 16 26 16 35 24 4 5 4 4 18 4 35 4 21 4 20 34 4 8 4 17 4 14 4 73 14 4 9 4 62 9 4 30 4 23 4 42 4 51 45 4 10 4 37 4 44 31 4 35 4 5 4 73 16 4 34 4 21 4 41 36 4 9 4 18 4 93 40 4 25 4 25 4 28 4 114 45 4 45 4 16 4 6 4 65 45 4 29 4 45 4 91 11 4 15 4 30 4 81 34 4 51 4 22 4 
iteration 621 best: 0.949142 time: 176357
26 39 4 9 4 42 4 85 16 4 15 4 29 40 4 34 4 53 4 26 19 4 60 4 15 4 3 27 4 6 4 31 4 105 32 4 50 4 12 4 40 4 34 38 4 25 4 26 4 58 7 4 26 4 41 37 4 29 4 99 19 4 27 4 21 4 19 4 27 22 4 43 4 65 44 4 34 4 46 5 4 21 4 24 4 20 4 46 4 99 32 4 9 4 33 4 33 4 23 22 4 18 4 44 29 4 25 4 56 4 44 4 24 22 4 34 4 10 4 41 22 4 35 4 16 6 4 29 4 31 42 20 72 17 4 26 4 28 4 53 60 20 71 8 4 42 4 34 4 82 33 4 13 4 17 4 14 4 83 30 4 37 4 60 60 4 35 4 47 4 91 21 4 9 4 17 36 4 50 4 19 4 9 24 4 33 4 21 4 99 28 4 31 4 80 45 4 38 4 18 47 4 0 27 4 33 4 27 4 24 36 4 43 4 10 49 4 55 4 66 39 4 22 4 62 6 4 24 4 18 28 4 25 4 105 53 4 33 4 98 44 4 9 4 55 31 4 7 4 35 37 4 53 4 38 4 3 38 4 27 4 72 16 4 30 4 5 4 21 28 4 49 4 39 4 40 42 4 35 4 28 4 50 4 113 14 4 52 4 21 4 10 4 63 38 4 18 4 47 4 56 16 4 53 4 73 60 4 26 4 30 4 20 12 4 16 4 14 4 94 31 4 14 4 40 4 68 5 4 41 4 39 4 29 49 16 34 16 102 23 4 93 36 16 26 16 35 24 4 5 4 4 18 4 35 4 21 4 20 34 4 8 4 17 4 14 4 73 14 4 9 4 62 9 4 30 4 23 4 42 4 51 45 4 10 4 37 4 44 31 4 35 4 5 4 73 16 4 34 4 21 4 41 36 4 9 4 18 4 93 40 4 25 4 25 4 28 4 114 45 4 45 4 16 4 6 4 65 45 4 29 4 45 4 91 11 4 15 4 30 4 81 34 4 51 4 22 4 
iteration 647 best: 0.949142 time: 183702
26 39 4 9 4 42 4 85 16 4 15 4 29 40 4 34 4 53 4 26 19 4 60 4 15 4 3 27 4 6 4 31 4 105 32 4 50 4 12 4 40 4 34 38 4 25 4 26 4 58 7 4 26 4 41 37 4 29 4 99 19 4 27 4 21 4 19 4 27 22 4 43 4 65 44 4 34 4 46 5 4 21 4 24 4 20 4 46 4 99 32 4 9 4 33 4 33 4 23 22 4 18 4 44 29 4 25 4 56 4 44 4 24 22 4 34 4 10 4 41 22 4 35 4 16 6 4 29 4 31 42 20 72 17 4 26 4 28 4 53 60 20 71 8 4 42 4 34 4 82 33 4 13 4 17 4 14 4 83 30 4 37 4 60 60 4 35 4 47 4 91 21 4 9 4 17 36 4 50 4 19 4 9 24 4 33 4 21 4 99 28 4 31 4 80 45 4 38 4 18 47 4 0 27 4 33 4 27 4 24 36 4 43 4 10 49 4 55 4 66 39 4 22 4 62 6 4 24 4 18 28 4 25 4 105 53 4 33 4 98 44 4 9 4 55 31 4 7 4 35 37 4 53 4 38 4 3 38 4 27 4 72 16 4 30 4 5 4 21 28 4 49 4 39 4 40 42 4 35 4 28 4 50 4 113 14 4 52 4 21 4 10 4 63 38 4 18 4 47 4 56 16 4 53 4 73 60 4 26 4 30 4 20 12 4 16 4 14 4 94 31 4 14 4 40 4 68 5 4 41 4 39 4 29 49 16 34 16 102 23 4 93 36 16 26 16 35 24 4 5 4 4 18 4 35 4 21 4 20 34 4 8 4 17 4 14 4 73 14 4 9 4 62 9 4 30 4 23 4 42 4 51 45 4 10 4 37 4 44 31 4 35 4 5 4 73 16 4 34 4 21 4 41 36 4 9 4 18 4 93 40 4 25 4 25 4 28 4 114 45 4 45 4 16 4 6 4 65 45 4 29 4 45 4 91 11 4 15 4 30 4 81 34 4 51 4 22 4 
iteration 673 best: 0.949142 time: 191018
26 39 4 9 4 42 4 85 16 4 15 4 29 40 4 34 4 53 4 26 19 4 60 4 15 4 3 27 4 6 4 31 4 105 32 4 50 4 12 4 40 4 34 38 4 25 4 26 4 58 7 4 26 4 41 37 4 29 4 99 19 4 27 4 21 4 19 4 27 22 4 43 4 65 44 4 34 4 46 5 4 21 4 24 4 20 4 46 4 99 32 4 9 4 33 4 33 4 23 22 4 18 4 44 29 4 25 4 56 4 44 4 24 22 4 34 4 10 4 41 22 4 35 4 16 6 4 29 4 31 42 20 72 17 4 26 4 28 4 53 60 20 71 8 4 42 4 34 4 82 33 4 13 4 17 4 14 4 83 30 4 37 4 60 60 4 35 4 47 4 91 21 4 9 4 17 36 4 50 4 19 4 9 24 4 33 4 21 4 99 28 4 31 4 80 45 4 38 4 18 47 4 0 27 4 33 4 27 4 24 36 4 43 4 10 49 4 55 4 66 39 4 22 4 62 6 4 24 4 18 28 4 25 4 105 53 4 33 4 98 44 4 9 4 55 31 4 7 4 35 37 4 53 4 38 4 3 38 4 27 4 72 16 4 30 4 5 4 21 28 4 49 4 39 4 40 42 4 35 4 28 4 50 4 113 14 4 52 4 21 4 10 4 63 38 4 18 4 47 4 56 16 4 53 4 73 60 4 26 4 30 4 20 12 4 16 4 14 4 94 31 4 14 4 40 4 68 5 4 41 4 39 4 29 49 16 34 16 102 23 4 93 36 16 26 16 35 24 4 5 4 4 18 4 35 4 21 4 20 34 4 8 4 17 4 14 4 73 14 4 9 4 62 9 4 30 4 23 4 42 4 51 45 4 10 4 37 4 44 31 4 35 4 5 4 73 16 4 34 4 21 4 41 36 4 9 4 18 4 93 40 4 25 4 25 4 28 4 114 45 4 45 4 16 4 6 4 65 45 4 29 4 45 4 91 11 4 15 4 30 4 81 34 4 51 4 22 4 
iteration 699 best: 0.949142 time: 198351
26 39 4 9 4 42 4 85 16 4 15 4 29 40 4 34 4 53 4 26 19 4 60 4 15 4 3 27 4 6 4 31 4 105 32 4 50 4 12 4 40 4 34 38 4 25 4 26 4 58 7 4 26 4 41 37 4 29 4 99 19 4 27 4 21 4 19 4 27 22 4 43 4 65 44 4 34 4 46 5 4 21 4 24 4 20 4 46 4 99 32 4 9 4 33 4 33 4 23 22 4 18 4 44 29 4 25 4 56 4 44 4 24 22 4 34 4 10 4 41 22 4 35 4 16 6 4 29 4 31 42 20 72 17 4 26 4 28 4 53 60 20 71 8 4 42 4 34 4 82 33 4 13 4 17 4 14 4 83 30 4 37 4 60 60 4 35 4 47 4 91 21 4 9 4 17 36 4 50 4 19 4 9 24 4 33 4 21 4 99 28 4 31 4 80 45 4 38 4 18 47 4 0 27 4 33 4 27 4 24 36 4 43 4 10 49 4 55 4 66 39 4 22 4 62 6 4 24 4 18 28 4 25 4 105 53 4 33 4 98 44 4 9 4 55 31 4 7 4 35 37 4 53 4 38 4 3 38 4 27 4 72 16 4 30 4 5 4 21 28 4 49 4 39 4 40 42 4 35 4 28 4 50 4 113 14 4 52 4 21 4 10 4 63 38 4 18 4 47 4 56 16 4 53 4 73 60 4 26 4 30 4 20 12 4 16 4 14 4 94 31 4 14 4 40 4 68 5 4 41 4 39 4 29 49 16 34 16 102 23 4 93 36 16 26 16 35 24 4 5 4 4 18 4 35 4 21 4 20 34 4 8 4 17 4 14 4 73 14 4 9 4 62 9 4 30 4 23 4 42 4 51 45 4 10 4 37 4 44 31 4 35 4 5 4 73 16 4 34 4 21 4 41 36 4 9 4 18 4 93 40 4 25 4 25 4 28 4 114 45 4 45 4 16 4 6 4 65 45 4 29 4 45 4 91 11 4 15 4 30 4 81 34 4 51 4 22 4 
iteration 725 best: 0.949142 time: 205702
26 39 4 9 4 42 4 85 16 4 15 4 29 40 4 34 4 53 4 26 19 4 60 4 15 4 3 27 4 6 4 31 4 105 32 4 50 4 12 4 40 4 34 38 4 25 4 26 4 58 7 4 26 4 41 37 4 29 4 99 19 4 27 4 21 4 19 4 27 22 4 43 4 65 44 4 34 4 46 5 4 21 4 24 4 20 4 46 4 99 32 4 9 4 33 4 33 4 23 22 4 18 4 44 29 4 25 4 56 4 44 4 24 22 4 34 4 10 4 41 22 4 35 4 16 6 4 29 4 31 42 20 72 17 4 26 4 28 4 53 60 20 71 8 4 42 4 34 4 82 33 4 13 4 17 4 14 4 83 30 4 37 4 60 60 4 35 4 47 4 91 21 4 9 4 17 36 4 50 4 19 4 9 24 4 33 4 21 4 99 28 4 31 4 80 45 4 38 4 18 47 4 0 27 4 33 4 27 4 24 36 4 43 4 10 49 4 55 4 66 39 4 22 4 62 6 4 24 4 18 28 4 25 4 105 53 4 33 4 98 44 4 9 4 55 31 4 7 4 35 37 4 53 4 38 4 3 38 4 27 4 72 16 4 30 4 5 4 21 28 4 49 4 39 4 40 42 4 35 4 28 4 50 4 113 14 4 52 4 21 4 10 4 63 38 4 18 4 47 4 56 16 4 53 4 73 60 4 26 4 30 4 20 12 4 16 4 14 4 94 31 4 14 4 40 4 68 5 4 41 4 39 4 29 49 16 34 16 102 23 4 93 36 16 26 16 35 24 4 5 4 4 18 4 35 4 21 4 20 34 4 8 4 17 4 14 4 73 14 4 9 4 62 9 4 30 4 23 4 42 4 51 45 4 10 4 37 4 44 31 4 35 4 5 4 73 16 4 34 4 21 4 41 36 4 9 4 18 4 93 40 4 25 4 25 4 28 4 114 45 4 45 4 16 4 6 4 65 45 4 29 4 45 4 91 11 4 15 4 30 4 81 34 4 51 4 22 4 
iteration 751 best: 0.949142 time: 213041
26 39 4 9 4 42 4 85 16 4 15 4 29 40 4 34 4 53 4 26 19 4 60 4 15 4 3 27 4 6 4 31 4 105 32 4 50 4 12 4 40 4 34 38 4 25 4 26 4 58 7 4 26 4 41 37 4 29 4 99 19 4 27 4 21 4 19 4 27 22 4 43 4 65 44 4 34 4 46 5 4 21 4 24 4 20 4 46 4 99 32 4 9 4 33 4 33 4 23 22 4 18 4 44 29 4 25 4 56 4 44 4 24 22 4 34 4 10 4 41 22 4 35 4 16 6 4 29 4 31 42 20 72 17 4 26 4 28 4 53 60 20 71 8 4 42 4 34 4 82 33 4 13 4 17 4 14 4 83 30 4 37 4 60 60 4 35 4 47 4 91 21 4 9 4 17 36 4 50 4 19 4 9 24 4 33 4 21 4 99 28 4 31 4 80 45 4 38 4 18 47 4 0 27 4 33 4 27 4 24 36 4 43 4 10 49 4 55 4 66 39 4 22 4 62 6 4 24 4 18 28 4 25 4 105 53 4 33 4 98 44 4 9 4 55 31 4 7 4 35 37 4 53 4 38 4 3 38 4 27 4 72 16 4 30 4 5 4 21 28 4 49 4 39 4 40 42 4 35 4 28 4 50 4 113 14 4 52 4 21 4 10 4 63 38 4 18 4 47 4 56 16 4 53 4 73 60 4 26 4 30 4 20 12 4 16 4 14 4 94 31 4 14 4 40 4 68 5 4 41 4 39 4 29 49 16 34 16 102 23 4 93 36 16 26 16 35 24 4 5 4 4 18 4 35 4 21 4 20 34 4 8 4 17 4 14 4 73 14 4 9 4 62 9 4 30 4 23 4 42 4 51 45 4 10 4 37 4 44 31 4 35 4 5 4 73 16 4 34 4 21 4 41 36 4 9 4 18 4 93 40 4 25 4 25 4 28 4 114 45 4 45 4 16 4 6 4 65 45 4 29 4 45 4 91 11 4 15 4 30 4 81 34 4 51 4 22 4 
iteration 777 best: 0.949142 time: 220436
26 39 4 9 4 42 4 85 16 4 15 4 29 40 4 34 4 53 4 26 19 4 60 4 15 4 3 27 4 6 4 31 4 105 32 4 50 4 12 4 40 4 34 38 4 25 4 26 4 58 7 4 26 4 41 37 4 29 4 99 19 4 27 4 21 4 19 4 27 22 4 43 4 65 44 4 34 4 46 5 4 21 4 24 4 20 4 46 4 99 32 4 9 4 33 4 33 4 23 22 4 18 4 44 29 4 25 4 56 4 44 4 24 22 4 34 4 10 4 41 22 4 35 4 16 6 4 29 4 31 42 20 72 17 4 26 4 28 4 53 60 20 71 8 4 42 4 34 4 82 33 4 13 4 17 4 14 4 83 30 4 37 4 60 60 4 35 4 47 4 91 21 4 9 4 17 36 4 50 4 19 4 9 24 4 33 4 21 4 99 28 4 31 4 80 45 4 38 4 18 47 4 0 27 4 33 4 27 4 24 36 4 43 4 10 49 4 55 4 66 39 4 22 4 62 6 4 24 4 18 28 4 25 4 105 53 4 33 4 98 44 4 9 4 55 31 4 7 4 35 37 4 53 4 38 4 3 38 4 27 4 72 16 4 30 4 5 4 21 28 4 49 4 39 4 40 42 4 35 4 28 4 50 4 113 14 4 52 4 21 4 10 4 63 38 4 18 4 47 4 56 16 4 53 4 73 60 4 26 4 30 4 20 12 4 16 4 14 4 94 31 4 14 4 40 4 68 5 4 41 4 39 4 29 49 16 34 16 102 23 4 93 36 16 26 16 35 24 4 5 4 4 18 4 35 4 21 4 20 34 4 8 4 17 4 14 4 73 14 4 9 4 62 9 4 30 4 23 4 42 4 51 45 4 10 4 37 4 44 31 4 35 4 5 4 73 16 4 34 4 21 4 41 36 4 9 4 18 4 93 40 4 25 4 25 4 28 4 114 45 4 45 4 16 4 6 4 65 45 4 29 4 45 4 91 11 4 15 4 30 4 81 34 4 51 4 22 4 
iteration 803 best: 0.949142 time: 227801
26 39 4 9 4 42 4 85 16 4 15 4 29 40 4 34 4 53 4 26 19 4 60 4 15 4 3 27 4 6 4 31 4 105 32 4 50 4 12 4 40 4 34 38 4 25 4 26 4 58 7 4 26 4 41 37 4 29 4 99 19 4 27 4 21 4 19 4 27 22 4 43 4 65 44 4 34 4 46 5 4 21 4 24 4 20 4 46 4 99 32 4 9 4 33 4 33 4 23 22 4 18 4 44 29 4 25 4 56 4 44 4 24 22 4 34 4 10 4 41 22 4 35 4 16 6 4 29 4 31 42 20 72 17 4 26 4 28 4 53 60 20 71 8 4 42 4 34 4 82 33 4 13 4 17 4 14 4 83 30 4 37 4 60 60 4 35 4 47 4 91 21 4 9 4 17 36 4 50 4 19 4 9 24 4 33 4 21 4 99 28 4 31 4 80 45 4 38 4 18 47 4 0 27 4 33 4 27 4 24 36 4 43 4 10 49 4 55 4 66 39 4 22 4 62 6 4 24 4 18 28 4 25 4 105 53 4 33 4 98 44 4 9 4 55 31 4 7 4 35 37 4 53 4 38 4 3 38 4 27 4 72 16 4 30 4 5 4 21 28 4 49 4 39 4 40 42 4 35 4 28 4 50 4 113 14 4 52 4 21 4 10 4 63 38 4 18 4 47 4 56 16 4 53 4 73 60 4 26 4 30 4 20 12 4 16 4 14 4 94 31 4 14 4 40 4 68 5 4 41 4 39 4 29 49 16 34 16 102 23 4 93 36 16 26 16 35 24 4 5 4 4 18 4 35 4 21 4 20 34 4 8 4 17 4 14 4 73 14 4 9 4 62 9 4 30 4 23 4 42 4 51 45 4 10 4 37 4 44 31 4 35 4 5 4 73 16 4 34 4 21 4 41 36 4 9 4 18 4 93 40 4 25 4 25 4 28 4 114 45 4 45 4 16 4 6 4 65 45 4 29 4 45 4 91 11 4 15 4 30 4 81 34 4 51 4 22 4 
iteration 829 best: 0.949142 time: 235176
26 39 4 9 4 42 4 85 16 4 15 4 29 40 4 34 4 53 4 26 19 4 60 4 15 4 3 27 4 6 4 31 4 105 32 4 50 4 12 4 40 4 34 38 4 25 4 26 4 58 7 4 26 4 41 37 4 29 4 99 19 4 27 4 21 4 19 4 27 22 4 43 4 65 44 4 34 4 46 5 4 21 4 24 4 20 4 46 4 99 32 4 9 4 33 4 33 4 23 22 4 18 4 44 29 4 25 4 56 4 44 4 24 22 4 34 4 10 4 41 22 4 35 4 16 6 4 29 4 31 42 20 72 17 4 26 4 28 4 53 60 20 71 8 4 42 4 34 4 82 33 4 13 4 17 4 14 4 83 30 4 37 4 60 60 4 35 4 47 4 91 21 4 9 4 17 36 4 50 4 19 4 9 24 4 33 4 21 4 99 28 4 31 4 80 45 4 38 4 18 47 4 0 27 4 33 4 27 4 24 36 4 43 4 10 49 4 55 4 66 39 4 22 4 62 6 4 24 4 18 28 4 25 4 105 53 4 33 4 98 44 4 9 4 55 31 4 7 4 35 37 4 53 4 38 4 3 38 4 27 4 72 16 4 30 4 5 4 21 28 4 49 4 39 4 40 42 4 35 4 28 4 50 4 113 14 4 52 4 21 4 10 4 63 38 4 18 4 47 4 56 16 4 53 4 73 60 4 26 4 30 4 20 12 4 16 4 14 4 94 31 4 14 4 40 4 68 5 4 41 4 39 4 29 49 16 34 16 102 23 4 93 36 16 26 16 35 24 4 5 4 4 18 4 35 4 21 4 20 34 4 8 4 17 4 14 4 73 14 4 9 4 62 9 4 30 4 23 4 42 4 51 45 4 10 4 37 4 44 31 4 35 4 5 4 73 16 4 34 4 21 4 41 36 4 9 4 18 4 93 40 4 25 4 25 4 28 4 114 45 4 45 4 16 4 6 4 65 45 4 29 4 45 4 91 11 4 15 4 30 4 81 34 4 51 4 22 4 
iteration 855 best: 0.949142 time: 242536
26 39 4 9 4 42 4 85 16 4 15 4 29 40 4 34 4 53 4 26 19 4 60 4 15 4 3 27 4 6 4 31 4 105 32 4 50 4 12 4 40 4 34 38 4 25 4 26 4 58 7 4 26 4 41 37 4 29 4 99 19 4 27 4 21 4 19 4 27 22 4 43 4 65 44 4 34 4 46 5 4 21 4 24 4 20 4 46 4 99 32 4 9 4 33 4 33 4 23 22 4 18 4 44 29 4 25 4 56 4 44 4 24 22 4 34 4 10 4 41 22 4 35 4 16 6 4 29 4 31 42 20 72 17 4 26 4 28 4 53 60 20 71 8 4 42 4 34 4 82 33 4 13 4 17 4 14 4 83 30 4 37 4 60 60 4 35 4 47 4 91 21 4 9 4 17 36 4 50 4 19 4 9 24 4 33 4 21 4 99 28 4 31 4 80 45 4 38 4 18 47 4 0 27 4 33 4 27 4 24 36 4 43 4 10 49 4 55 4 66 39 4 22 4 62 6 4 24 4 18 28 4 25 4 105 53 4 33 4 98 44 4 9 4 55 31 4 7 4 35 37 4 53 4 38 4 3 38 4 27 4 72 16 4 30 4 5 4 21 28 4 49 4 39 4 40 42 4 35 4 28 4 50 4 113 14 4 52 4 21 4 10 4 63 38 4 18 4 47 4 56 16 4 53 4 73 60 4 26 4 30 4 20 12 4 16 4 14 4 94 31 4 14 4 40 4 68 5 4 41 4 39 4 29 49 16 34 16 102 23 4 93 36 16 26 16 35 24 4 5 4 4 18 4 35 4 21 4 20 34 4 8 4 17 4 14 4 73 14 4 9 4 62 9 4 30 4 23 4 42 4 51 45 4 10 4 37 4 44 31 4 35 4 5 4 73 16 4 34 4 21 4 41 36 4 9 4 18 4 93 40 4 25 4 25 4 28 4 114 45 4 45 4 16 4 6 4 65 45 4 29 4 45 4 91 11 4 15 4 30 4 81 34 4 51 4 22 4 
iteration 881 best: 0.949142 time: 249900
26 39 4 9 4 42 4 85 16 4 15 4 29 40 4 34 4 53 4 26 19 4 60 4 15 4 3 27 4 6 4 31 4 105 32 4 50 4 12 4 40 4 34 38 4 25 4 26 4 58 7 4 26 4 41 37 4 29 4 99 19 4 27 4 21 4 19 4 27 22 4 43 4 65 44 4 34 4 46 5 4 21 4 24 4 20 4 46 4 99 32 4 9 4 33 4 33 4 23 22 4 18 4 44 29 4 25 4 56 4 44 4 24 22 4 34 4 10 4 41 22 4 35 4 16 6 4 29 4 31 42 20 72 17 4 26 4 28 4 53 60 20 71 8 4 42 4 34 4 82 33 4 13 4 17 4 14 4 83 30 4 37 4 60 60 4 35 4 47 4 91 21 4 9 4 17 36 4 50 4 19 4 9 24 4 33 4 21 4 99 28 4 31 4 80 45 4 38 4 18 47 4 0 27 4 33 4 27 4 24 36 4 43 4 10 49 4 55 4 66 39 4 22 4 62 6 4 24 4 18 28 4 25 4 105 53 4 33 4 98 44 4 9 4 55 31 4 7 4 35 37 4 53 4 38 4 3 38 4 27 4 72 16 4 30 4 5 4 21 28 4 49 4 39 4 40 42 4 35 4 28 4 50 4 113 14 4 52 4 21 4 10 4 63 38 4 18 4 47 4 56 16 4 53 4 73 60 4 26 4 30 4 20 12 4 16 4 14 4 94 31 4 14 4 40 4 68 5 4 41 4 39 4 29 49 16 34 16 102 23 4 93 36 16 26 16 35 24 4 5 4 4 18 4 35 4 21 4 20 34 4 8 4 17 4 14 4 73 14 4 9 4 62 9 4 30 4 23 4 42 4 51 45 4 10 4 37 4 44 31 4 35 4 5 4 73 16 4 34 4 21 4 41 36 4 9 4 18 4 93 40 4 25 4 25 4 28 4 114 45 4 45 4 16 4 6 4 65 45 4 29 4 45 4 91 11 4 15 4 30 4 81 34 4 51 4 22 4 
iteration 907 best: 0.949142 time: 257233
26 39 4 9 4 42 4 85 16 4 15 4 29 40 4 34 4 53 4 26 19 4 60 4 15 4 3 27 4 6 4 31 4 105 32 4 50 4 12 4 40 4 34 38 4 25 4 26 4 58 7 4 26 4 41 37 4 29 4 99 19 4 27 4 21 4 19 4 27 22 4 43 4 65 44 4 34 4 46 5 4 21 4 24 4 20 4 46 4 99 32 4 9 4 33 4 33 4 23 22 4 18 4 44 29 4 25 4 56 4 44 4 24 22 4 34 4 10 4 41 22 4 35 4 16 6 4 29 4 31 42 20 72 17 4 26 4 28 4 53 60 20 71 8 4 42 4 34 4 82 33 4 13 4 17 4 14 4 83 30 4 37 4 60 60 4 35 4 47 4 91 21 4 9 4 17 36 4 50 4 19 4 9 24 4 33 4 21 4 99 28 4 31 4 80 45 4 38 4 18 47 4 0 27 4 33 4 27 4 24 36 4 43 4 10 49 4 55 4 66 39 4 22 4 62 6 4 24 4 18 28 4 25 4 105 53 4 33 4 98 44 4 9 4 55 31 4 7 4 35 37 4 53 4 38 4 3 38 4 27 4 72 16 4 30 4 5 4 21 28 4 49 4 39 4 40 42 4 35 4 28 4 50 4 113 14 4 52 4 21 4 10 4 63 38 4 18 4 47 4 56 16 4 53 4 73 60 4 26 4 30 4 20 12 4 16 4 14 4 94 31 4 14 4 40 4 68 5 4 41 4 39 4 29 49 16 34 16 102 23 4 93 36 16 26 16 35 24 4 5 4 4 18 4 35 4 21 4 20 34 4 8 4 17 4 14 4 73 14 4 9 4 62 9 4 30 4 23 4 42 4 51 45 4 10 4 37 4 44 31 4 35 4 5 4 73 16 4 34 4 21 4 41 36 4 9 4 18 4 93 40 4 25 4 25 4 28 4 114 45 4 45 4 16 4 6 4 65 45 4 29 4 45 4 91 11 4 15 4 30 4 81 34 4 51 4 22 4 
iteration 933 best: 0.949142 time: 264580
26 39 4 9 4 42 4 85 16 4 15 4 29 40 4 34 4 53 4 26 19 4 60 4 15 4 3 27 4 6 4 31 4 105 32 4 50 4 12 4 40 4 34 38 4 25 4 26 4 58 7 4 26 4 41 37 4 29 4 99 19 4 27 4 21 4 19 4 27 22 4 43 4 65 44 4 34 4 46 5 4 21 4 24 4 20 4 46 4 99 32 4 9 4 33 4 33 4 23 22 4 18 4 44 29 4 25 4 56 4 44 4 24 22 4 34 4 10 4 41 22 4 35 4 16 6 4 29 4 31 42 20 72 17 4 26 4 28 4 53 60 20 71 8 4 42 4 34 4 82 33 4 13 4 17 4 14 4 83 30 4 37 4 60 60 4 35 4 47 4 91 21 4 9 4 17 36 4 50 4 19 4 9 24 4 33 4 21 4 99 28 4 31 4 80 45 4 38 4 18 47 4 0 27 4 33 4 27 4 24 36 4 43 4 10 49 4 55 4 66 39 4 22 4 62 6 4 24 4 18 28 4 25 4 105 53 4 33 4 98 44 4 9 4 55 31 4 7 4 35 37 4 53 4 38 4 3 38 4 27 4 72 16 4 30 4 5 4 21 28 4 49 4 39 4 40 42 4 35 4 28 4 50 4 113 14 4 52 4 21 4 10 4 63 38 4 18 4 47 4 56 16 4 53 4 73 60 4 26 4 30 4 20 12 4 16 4 14 4 94 31 4 14 4 40 4 68 5 4 41 4 39 4 29 49 16 34 16 102 23 4 93 36 16 26 16 35 24 4 5 4 4 18 4 35 4 21 4 20 34 4 8 4 17 4 14 4 73 14 4 9 4 62 9 4 30 4 23 4 42 4 51 45 4 10 4 37 4 44 31 4 35 4 5 4 73 16 4 34 4 21 4 41 36 4 9 4 18 4 93 40 4 25 4 25 4 28 4 114 45 4 45 4 16 4 6 4 65 45 4 29 4 45 4 91 11 4 15 4 30 4 81 34 4 51 4 22 4 
iteration 959 best: 0.949142 time: 271900
26 39 4 9 4 42 4 85 16 4 15 4 29 40 4 34 4 53 4 26 19 4 60 4 15 4 3 27 4 6 4 31 4 105 32 4 50 4 12 4 40 4 34 38 4 25 4 26 4 58 7 4 26 4 41 37 4 29 4 99 19 4 27 4 21 4 19 4 27 22 4 43 4 65 44 4 34 4 46 5 4 21 4 24 4 20 4 46 4 99 32 4 9 4 33 4 33 4 23 22 4 18 4 44 29 4 25 4 56 4 44 4 24 22 4 34 4 10 4 41 22 4 35 4 16 6 4 29 4 31 42 20 72 17 4 26 4 28 4 53 60 20 71 8 4 42 4 34 4 82 33 4 13 4 17 4 14 4 83 30 4 37 4 60 60 4 35 4 47 4 91 21 4 9 4 17 36 4 50 4 19 4 9 24 4 33 4 21 4 99 28 4 31 4 80 45 4 38 4 18 47 4 0 27 4 33 4 27 4 24 36 4 43 4 10 49 4 55 4 66 39 4 22 4 62 6 4 24 4 18 28 4 25 4 105 53 4 33 4 98 44 4 9 4 55 31 4 7 4 35 37 4 53 4 38 4 3 38 4 27 4 72 16 4 30 4 5 4 21 28 4 49 4 39 4 40 42 4 35 4 28 4 50 4 113 14 4 52 4 21 4 10 4 63 38 4 18 4 47 4 56 16 4 53 4 73 60 4 26 4 30 4 20 12 4 16 4 14 4 94 31 4 14 4 40 4 68 5 4 41 4 39 4 29 49 16 34 16 102 23 4 93 36 16 26 16 35 24 4 5 4 4 18 4 35 4 21 4 20 34 4 8 4 17 4 14 4 73 14 4 9 4 62 9 4 30 4 23 4 42 4 51 45 4 10 4 37 4 44 31 4 35 4 5 4 73 16 4 34 4 21 4 41 36 4 9 4 18 4 93 40 4 25 4 25 4 28 4 114 45 4 45 4 16 4 6 4 65 45 4 29 4 45 4 91 11 4 15 4 30 4 81 34 4 51 4 22 4 
iteration 985 best: 0.949142 time: 279235
26 39 4 9 4 42 4 85 16 4 15 4 29 40 4 34 4 53 4 26 19 4 60 4 15 4 3 27 4 6 4 31 4 105 32 4 50 4 12 4 40 4 34 38 4 25 4 26 4 58 7 4 26 4 41 37 4 29 4 99 19 4 27 4 21 4 19 4 27 22 4 43 4 65 44 4 34 4 46 5 4 21 4 24 4 20 4 46 4 99 32 4 9 4 33 4 33 4 23 22 4 18 4 44 29 4 25 4 56 4 44 4 24 22 4 34 4 10 4 41 22 4 35 4 16 6 4 29 4 31 42 20 72 17 4 26 4 28 4 53 60 20 71 8 4 42 4 34 4 82 33 4 13 4 17 4 14 4 83 30 4 37 4 60 60 4 35 4 47 4 91 21 4 9 4 17 36 4 50 4 19 4 9 24 4 33 4 21 4 99 28 4 31 4 80 45 4 38 4 18 47 4 0 27 4 33 4 27 4 24 36 4 43 4 10 49 4 55 4 66 39 4 22 4 62 6 4 24 4 18 28 4 25 4 105 53 4 33 4 98 44 4 9 4 55 31 4 7 4 35 37 4 53 4 38 4 3 38 4 27 4 72 16 4 30 4 5 4 21 28 4 49 4 39 4 40 42 4 35 4 28 4 50 4 113 14 4 52 4 21 4 10 4 63 38 4 18 4 47 4 56 16 4 53 4 73 60 4 26 4 30 4 20 12 4 16 4 14 4 94 31 4 14 4 40 4 68 5 4 41 4 39 4 29 49 16 34 16 102 23 4 93 36 16 26 16 35 24 4 5 4 4 18 4 35 4 21 4 20 34 4 8 4 17 4 14 4 73 14 4 9 4 62 9 4 30 4 23 4 42 4 51 45 4 10 4 37 4 44 31 4 35 4 5 4 73 16 4 34 4 21 4 41 36 4 9 4 18 4 93 40 4 25 4 25 4 28 4 114 45 4 45 4 16 4 6 4 65 45 4 29 4 45 4 91 11 4 15 4 30 4 81 34 4 51 4 22 4 
iteration 1011 best: 0.949142 time: 286565
26 39 4 9 4 42 4 85 16 4 15 4 29 40 4 34 4 53 4 26 19 4 60 4 15 4 3 27 4 6 4 31 4 105 32 4 50 4 12 4 40 4 34 38 4 25 4 26 4 58 7 4 26 4 41 37 4 29 4 99 19 4 27 4 21 4 19 4 27 22 4 43 4 65 44 4 34 4 46 5 4 21 4 24 4 20 4 46 4 99 32 4 9 4 33 4 33 4 23 22 4 18 4 44 29 4 25 4 56 4 44 4 24 22 4 34 4 10 4 41 22 4 35 4 16 6 4 29 4 31 42 20 72 17 4 26 4 28 4 53 60 20 71 8 4 42 4 34 4 82 33 4 13 4 17 4 14 4 83 30 4 37 4 60 60 4 35 4 47 4 91 21 4 9 4 17 36 4 50 4 19 4 9 24 4 33 4 21 4 99 28 4 31 4 80 45 4 38 4 18 47 4 0 27 4 33 4 27 4 24 36 4 43 4 10 49 4 55 4 66 39 4 22 4 62 6 4 24 4 18 28 4 25 4 105 53 4 33 4 98 44 4 9 4 55 31 4 7 4 35 37 4 53 4 38 4 3 38 4 27 4 72 16 4 30 4 5 4 21 28 4 49 4 39 4 40 42 4 35 4 28 4 50 4 113 14 4 52 4 21 4 10 4 63 38 4 18 4 47 4 56 16 4 53 4 73 60 4 26 4 30 4 20 12 4 16 4 14 4 94 31 4 14 4 40 4 68 5 4 41 4 39 4 29 49 16 34 16 102 23 4 93 36 16 26 16 35 24 4 5 4 4 18 4 35 4 21 4 20 34 4 8 4 17 4 14 4 73 14 4 9 4 62 9 4 30 4 23 4 42 4 51 45 4 10 4 37 4 44 31 4 35 4 5 4 73 16 4 34 4 21 4 41 36 4 9 4 18 4 93 40 4 25 4 25 4 28 4 114 45 4 45 4 16 4 6 4 65 45 4 29 4 45 4 91 11 4 15 4 30 4 81 34 4 51 4 22 4 
iteration 1037 best: 0.949142 time: 293922
26 39 4 9 4 42 4 85 16 4 15 4 29 40 4 34 4 53 4 26 19 4 60 4 15 4 3 27 4 6 4 31 4 105 32 4 50 4 12 4 40 4 34 38 4 25 4 26 4 58 7 4 26 4 41 37 4 29 4 99 19 4 27 4 21 4 19 4 27 22 4 43 4 65 44 4 34 4 46 5 4 21 4 24 4 20 4 46 4 99 32 4 9 4 33 4 33 4 23 22 4 18 4 44 29 4 25 4 56 4 44 4 24 22 4 34 4 10 4 41 22 4 35 4 16 6 4 29 4 31 42 20 72 17 4 26 4 28 4 53 60 20 71 8 4 42 4 34 4 82 33 4 13 4 17 4 14 4 83 30 4 37 4 60 60 4 35 4 47 4 91 21 4 9 4 17 36 4 50 4 19 4 9 24 4 33 4 21 4 99 28 4 31 4 80 45 4 38 4 18 47 4 0 27 4 33 4 27 4 24 36 4 43 4 10 49 4 55 4 66 39 4 22 4 62 6 4 24 4 18 28 4 25 4 105 53 4 33 4 98 44 4 9 4 55 31 4 7 4 35 37 4 53 4 38 4 3 38 4 27 4 72 16 4 30 4 5 4 21 28 4 49 4 39 4 40 42 4 35 4 28 4 50 4 113 14 4 52 4 21 4 10 4 63 38 4 18 4 47 4 56 16 4 53 4 73 60 4 26 4 30 4 20 12 4 16 4 14 4 94 31 4 14 4 40 4 68 5 4 41 4 39 4 29 49 16 34 16 102 23 4 93 36 16 26 16 35 24 4 5 4 4 18 4 35 4 21 4 20 34 4 8 4 17 4 14 4 73 14 4 9 4 62 9 4 30 4 23 4 42 4 51 45 4 10 4 37 4 44 31 4 35 4 5 4 73 16 4 34 4 21 4 41 36 4 9 4 18 4 93 40 4 25 4 25 4 28 4 114 45 4 45 4 16 4 6 4 65 45 4 29 4 45 4 91 11 4 15 4 30 4 81 34 4 51 4 22 4 
iteration 1063 best: 0.949142 time: 301248
26 39 4 9 4 42 4 85 16 4 15 4 29 40 4 34 4 53 4 26 19 4 60 4 15 4 3 27 4 6 4 31 4 105 32 4 50 4 12 4 40 4 34 38 4 25 4 26 4 58 7 4 26 4 41 37 4 29 4 99 19 4 27 4 21 4 19 4 27 22 4 43 4 65 44 4 34 4 46 5 4 21 4 24 4 20 4 46 4 99 32 4 9 4 33 4 33 4 23 22 4 18 4 44 29 4 25 4 56 4 44 4 24 22 4 34 4 10 4 41 22 4 35 4 16 6 4 29 4 31 42 20 72 17 4 26 4 28 4 53 60 20 71 8 4 42 4 34 4 82 33 4 13 4 17 4 14 4 83 30 4 37 4 60 60 4 35 4 47 4 91 21 4 9 4 17 36 4 50 4 19 4 9 24 4 33 4 21 4 99 28 4 31 4 80 45 4 38 4 18 47 4 0 27 4 33 4 27 4 24 36 4 43 4 10 49 4 55 4 66 39 4 22 4 62 6 4 24 4 18 28 4 25 4 105 53 4 33 4 98 44 4 9 4 55 31 4 7 4 35 37 4 53 4 38 4 3 38 4 27 4 72 16 4 30 4 5 4 21 28 4 49 4 39 4 40 42 4 35 4 28 4 50 4 113 14 4 52 4 21 4 10 4 63 38 4 18 4 47 4 56 16 4 53 4 73 60 4 26 4 30 4 20 12 4 16 4 14 4 94 31 4 14 4 40 4 68 5 4 41 4 39 4 29 49 16 34 16 102 23 4 93 36 16 26 16 35 24 4 5 4 4 18 4 35 4 21 4 20 34 4 8 4 17 4 14 4 73 14 4 9 4 62 9 4 30 4 23 4 42 4 51 45 4 10 4 37 4 44 31 4 35 4 5 4 73 16 4 34 4 21 4 41 36 4 9 4 18 4 93 40 4 25 4 25 4 28 4 114 45 4 45 4 16 4 6 4 65 45 4 29 4 45 4 91 11 4 15 4 30 4 81 34 4 51 4 22 4 
iteration 1089 best: 0.949142 time: 308611
26 39 4 9 4 42 4 85 16 4 15 4 29 40 4 34 4 53 4 26 19 4 60 4 15 4 3 27 4 6 4 31 4 105 32 4 50 4 12 4 40 4 34 38 4 25 4 26 4 58 7 4 26 4 41 37 4 29 4 99 19 4 27 4 21 4 19 4 27 22 4 43 4 65 44 4 34 4 46 5 4 21 4 24 4 20 4 46 4 99 32 4 9 4 33 4 33 4 23 22 4 18 4 44 29 4 25 4 56 4 44 4 24 22 4 34 4 10 4 41 22 4 35 4 16 6 4 29 4 31 42 20 72 17 4 26 4 28 4 53 60 20 71 8 4 42 4 34 4 82 33 4 13 4 17 4 14 4 83 30 4 37 4 60 60 4 35 4 47 4 91 21 4 9 4 17 36 4 50 4 19 4 9 24 4 33 4 21 4 99 28 4 31 4 80 45 4 38 4 18 47 4 0 27 4 33 4 27 4 24 36 4 43 4 10 49 4 55 4 66 39 4 22 4 62 6 4 24 4 18 28 4 25 4 105 53 4 33 4 98 44 4 9 4 55 31 4 7 4 35 37 4 53 4 38 4 3 38 4 27 4 72 16 4 30 4 5 4 21 28 4 49 4 39 4 40 42 4 35 4 28 4 50 4 113 14 4 52 4 21 4 10 4 63 38 4 18 4 47 4 56 16 4 53 4 73 60 4 26 4 30 4 20 12 4 16 4 14 4 94 31 4 14 4 40 4 68 5 4 41 4 39 4 29 49 16 34 16 102 23 4 93 36 16 26 16 35 24 4 5 4 4 18 4 35 4 21 4 20 34 4 8 4 17 4 14 4 73 14 4 9 4 62 9 4 30 4 23 4 42 4 51 45 4 10 4 37 4 44 31 4 35 4 5 4 73 16 4 34 4 21 4 41 36 4 9 4 18 4 93 40 4 25 4 25 4 28 4 114 45 4 45 4 16 4 6 4 65 45 4 29 4 45 4 91 11 4 15 4 30 4 81 34 4 51 4 22 4 
iteration 1115 best: 0.949142 time: 315972
26 39 4 9 4 42 4 85 16 4 15 4 29 40 4 34 4 53 4 26 19 4 60 4 15 4 3 27 4 6 4 31 4 105 32 4 50 4 12 4 40 4 34 38 4 25 4 26 4 58 7 4 26 4 41 37 4 29 4 99 19 4 27 4 21 4 19 4 27 22 4 43 4 65 44 4 34 4 46 5 4 21 4 24 4 20 4 46 4 99 32 4 9 4 33 4 33 4 23 22 4 18 4 44 29 4 25 4 56 4 44 4 24 22 4 34 4 10 4 41 22 4 35 4 16 6 4 29 4 31 42 20 72 17 4 26 4 28 4 53 60 20 71 8 4 42 4 34 4 82 33 4 13 4 17 4 14 4 83 30 4 37 4 60 60 4 35 4 47 4 91 21 4 9 4 17 36 4 50 4 19 4 9 24 4 33 4 21 4 99 28 4 31 4 80 45 4 38 4 18 47 4 0 27 4 33 4 27 4 24 36 4 43 4 10 49 4 55 4 66 39 4 22 4 62 6 4 24 4 18 28 4 25 4 105 53 4 33 4 98 44 4 9 4 55 31 4 7 4 35 37 4 53 4 38 4 3 38 4 27 4 72 16 4 30 4 5 4 21 28 4 49 4 39 4 40 42 4 35 4 28 4 50 4 113 14 4 52 4 21 4 10 4 63 38 4 18 4 47 4 56 16 4 53 4 73 60 4 26 4 30 4 20 12 4 16 4 14 4 94 31 4 14 4 40 4 68 5 4 41 4 39 4 29 49 16 34 16 102 23 4 93 36 16 26 16 35 24 4 5 4 4 18 4 35 4 21 4 20 34 4 8 4 17 4 14 4 73 14 4 9 4 62 9 4 30 4 23 4 42 4 51 45 4 10 4 37 4 44 31 4 35 4 5 4 73 16 4 34 4 21 4 41 36 4 9 4 18 4 93 40 4 25 4 25 4 28 4 114 45 4 45 4 16 4 6 4 65 45 4 29 4 45 4 91 11 4 15 4 30 4 81 34 4 51 4 22 4 
iteration 1141 best: 0.949142 time: 323339
26 39 4 9 4 42 4 85 16 4 15 4 29 40 4 34 4 53 4 26 19 4 60 4 15 4 3 27 4 6 4 31 4 105 32 4 50 4 12 4 40 4 34 38 4 25 4 26 4 58 7 4 26 4 41 37 4 29 4 99 19 4 27 4 21 4 19 4 27 22 4 43 4 65 44 4 34 4 46 5 4 21 4 24 4 20 4 46 4 99 32 4 9 4 33 4 33 4 23 22 4 18 4 44 29 4 25 4 56 4 44 4 24 22 4 34 4 10 4 41 22 4 35 4 16 6 4 29 4 31 42 20 72 17 4 26 4 28 4 53 60 20 71 8 4 42 4 34 4 82 33 4 13 4 17 4 14 4 83 30 4 37 4 60 60 4 35 4 47 4 91 21 4 9 4 17 36 4 50 4 19 4 9 24 4 33 4 21 4 99 28 4 31 4 80 45 4 38 4 18 47 4 0 27 4 33 4 27 4 24 36 4 43 4 10 49 4 55 4 66 39 4 22 4 62 6 4 24 4 18 28 4 25 4 105 53 4 33 4 98 44 4 9 4 55 31 4 7 4 35 37 4 53 4 38 4 3 38 4 27 4 72 16 4 30 4 5 4 21 28 4 49 4 39 4 40 42 4 35 4 28 4 50 4 113 14 4 52 4 21 4 10 4 63 38 4 18 4 47 4 56 16 4 53 4 73 60 4 26 4 30 4 20 12 4 16 4 14 4 94 31 4 14 4 40 4 68 5 4 41 4 39 4 29 49 16 34 16 102 23 4 93 36 16 26 16 35 24 4 5 4 4 18 4 35 4 21 4 20 34 4 8 4 17 4 14 4 73 14 4 9 4 62 9 4 30 4 23 4 42 4 51 45 4 10 4 37 4 44 31 4 35 4 5 4 73 16 4 34 4 21 4 41 36 4 9 4 18 4 93 40 4 25 4 25 4 28 4 114 45 4 45 4 16 4 6 4 65 45 4 29 4 45 4 91 11 4 15 4 30 4 81 34 4 51 4 22 4 
iteration 1167 best: 0.949142 time: 330683
26 39 4 9 4 42 4 85 16 4 15 4 29 40 4 34 4 53 4 26 19 4 60 4 15 4 3 27 4 6 4 31 4 105 32 4 50 4 12 4 40 4 34 38 4 25 4 26 4 58 7 4 26 4 41 37 4 29 4 99 19 4 27 4 21 4 19 4 27 22 4 43 4 65 44 4 34 4 46 5 4 21 4 24 4 20 4 46 4 99 32 4 9 4 33 4 33 4 23 22 4 18 4 44 29 4 25 4 56 4 44 4 24 22 4 34 4 10 4 41 22 4 35 4 16 6 4 29 4 31 42 20 72 17 4 26 4 28 4 53 60 20 71 8 4 42 4 34 4 82 33 4 13 4 17 4 14 4 83 30 4 37 4 60 60 4 35 4 47 4 91 21 4 9 4 17 36 4 50 4 19 4 9 24 4 33 4 21 4 99 28 4 31 4 80 45 4 38 4 18 47 4 0 27 4 33 4 27 4 24 36 4 43 4 10 49 4 55 4 66 39 4 22 4 62 6 4 24 4 18 28 4 25 4 105 53 4 33 4 98 44 4 9 4 55 31 4 7 4 35 37 4 53 4 38 4 3 38 4 27 4 72 16 4 30 4 5 4 21 28 4 49 4 39 4 40 42 4 35 4 28 4 50 4 113 14 4 52 4 21 4 10 4 63 38 4 18 4 47 4 56 16 4 53 4 73 60 4 26 4 30 4 20 12 4 16 4 14 4 94 31 4 14 4 40 4 68 5 4 41 4 39 4 29 49 16 34 16 102 23 4 93 36 16 26 16 35 24 4 5 4 4 18 4 35 4 21 4 20 34 4 8 4 17 4 14 4 73 14 4 9 4 62 9 4 30 4 23 4 42 4 51 45 4 10 4 37 4 44 31 4 35 4 5 4 73 16 4 34 4 21 4 41 36 4 9 4 18 4 93 40 4 25 4 25 4 28 4 114 45 4 45 4 16 4 6 4 65 45 4 29 4 45 4 91 11 4 15 4 30 4 81 34 4 51 4 22 4 
iteration 1193 best: 0.949142 time: 338031
26 39 4 9 4 42 4 85 16 4 15 4 29 40 4 34 4 53 4 26 19 4 60 4 15 4 3 27 4 6 4 31 4 105 32 4 50 4 12 4 40 4 34 38 4 25 4 26 4 58 7 4 26 4 41 37 4 29 4 99 19 4 27 4 21 4 19 4 27 22 4 43 4 65 44 4 34 4 46 5 4 21 4 24 4 20 4 46 4 99 32 4 9 4 33 4 33 4 23 22 4 18 4 44 29 4 25 4 56 4 44 4 24 22 4 34 4 10 4 41 22 4 35 4 16 6 4 29 4 31 42 20 72 17 4 26 4 28 4 53 60 20 71 8 4 42 4 34 4 82 33 4 13 4 17 4 14 4 83 30 4 37 4 60 60 4 35 4 47 4 91 21 4 9 4 17 36 4 50 4 19 4 9 24 4 33 4 21 4 99 28 4 31 4 80 45 4 38 4 18 47 4 0 27 4 33 4 27 4 24 36 4 43 4 10 49 4 55 4 66 39 4 22 4 62 6 4 24 4 18 28 4 25 4 105 53 4 33 4 98 44 4 9 4 55 31 4 7 4 35 37 4 53 4 38 4 3 38 4 27 4 72 16 4 30 4 5 4 21 28 4 49 4 39 4 40 42 4 35 4 28 4 50 4 113 14 4 52 4 21 4 10 4 63 38 4 18 4 47 4 56 16 4 53 4 73 60 4 26 4 30 4 20 12 4 16 4 14 4 94 31 4 14 4 40 4 68 5 4 41 4 39 4 29 49 16 34 16 102 23 4 93 36 16 26 16 35 24 4 5 4 4 18 4 35 4 21 4 20 34 4 8 4 17 4 14 4 73 14 4 9 4 62 9 4 30 4 23 4 42 4 51 45 4 10 4 37 4 44 31 4 35 4 5 4 73 16 4 34 4 21 4 41 36 4 9 4 18 4 93 40 4 25 4 25 4 28 4 114 45 4 45 4 16 4 6 4 65 45 4 29 4 45 4 91 11 4 15 4 30 4 81 34 4 51 4 22 4 
iteration 1219 best: 0.949142 time: 345419
26 39 4 9 4 42 4 85 16 4 15 4 29 40 4 34 4 53 4 26 19 4 60 4 15 4 3 27 4 6 4 31 4 105 32 4 50 4 12 4 40 4 34 38 4 25 4 26 4 58 7 4 26 4 41 37 4 29 4 99 19 4 27 4 21 4 19 4 27 22 4 43 4 65 44 4 34 4 46 5 4 21 4 24 4 20 4 46 4 99 32 4 9 4 33 4 33 4 23 22 4 18 4 44 29 4 25 4 56 4 44 4 24 22 4 34 4 10 4 41 22 4 35 4 16 6 4 29 4 31 42 20 72 17 4 26 4 28 4 53 60 20 71 8 4 42 4 34 4 82 33 4 13 4 17 4 14 4 83 30 4 37 4 60 60 4 35 4 47 4 91 21 4 9 4 17 36 4 50 4 19 4 9 24 4 33 4 21 4 99 28 4 31 4 80 45 4 38 4 18 47 4 0 27 4 33 4 27 4 24 36 4 43 4 10 49 4 55 4 66 39 4 22 4 62 6 4 24 4 18 28 4 25 4 105 53 4 33 4 98 44 4 9 4 55 31 4 7 4 35 37 4 53 4 38 4 3 38 4 27 4 72 16 4 30 4 5 4 21 28 4 49 4 39 4 40 42 4 35 4 28 4 50 4 113 14 4 52 4 21 4 10 4 63 38 4 18 4 47 4 56 16 4 53 4 73 60 4 26 4 30 4 20 12 4 16 4 14 4 94 31 4 14 4 40 4 68 5 4 41 4 39 4 29 49 16 34 16 102 23 4 93 36 16 26 16 35 24 4 5 4 4 18 4 35 4 21 4 20 34 4 8 4 17 4 14 4 73 14 4 9 4 62 9 4 30 4 23 4 42 4 51 45 4 10 4 37 4 44 31 4 35 4 5 4 73 16 4 34 4 21 4 41 36 4 9 4 18 4 93 40 4 25 4 25 4 28 4 114 45 4 45 4 16 4 6 4 65 45 4 29 4 45 4 91 11 4 15 4 30 4 81 34 4 51 4 22 4 
iteration 1245 best: 0.949142 time: 352770
26 39 4 9 4 42 4 85 16 4 15 4 29 40 4 34 4 53 4 26 19 4 60 4 15 4 3 27 4 6 4 31 4 105 32 4 50 4 12 4 40 4 34 38 4 25 4 26 4 58 7 4 26 4 41 37 4 29 4 99 19 4 27 4 21 4 19 4 27 22 4 43 4 65 44 4 34 4 46 5 4 21 4 24 4 20 4 46 4 99 32 4 9 4 33 4 33 4 23 22 4 18 4 44 29 4 25 4 56 4 44 4 24 22 4 34 4 10 4 41 22 4 35 4 16 6 4 29 4 31 42 20 72 17 4 26 4 28 4 53 60 20 71 8 4 42 4 34 4 82 33 4 13 4 17 4 14 4 83 30 4 37 4 60 60 4 35 4 47 4 91 21 4 9 4 17 36 4 50 4 19 4 9 24 4 33 4 21 4 99 28 4 31 4 80 45 4 38 4 18 47 4 0 27 4 33 4 27 4 24 36 4 43 4 10 49 4 55 4 66 39 4 22 4 62 6 4 24 4 18 28 4 25 4 105 53 4 33 4 98 44 4 9 4 55 31 4 7 4 35 37 4 53 4 38 4 3 38 4 27 4 72 16 4 30 4 5 4 21 28 4 49 4 39 4 40 42 4 35 4 28 4 50 4 113 14 4 52 4 21 4 10 4 63 38 4 18 4 47 4 56 16 4 53 4 73 60 4 26 4 30 4 20 12 4 16 4 14 4 94 31 4 14 4 40 4 68 5 4 41 4 39 4 29 49 16 34 16 102 23 4 93 36 16 26 16 35 24 4 5 4 4 18 4 35 4 21 4 20 34 4 8 4 17 4 14 4 73 14 4 9 4 62 9 4 30 4 23 4 42 4 51 45 4 10 4 37 4 44 31 4 35 4 5 4 73 16 4 34 4 21 4 41 36 4 9 4 18 4 93 40 4 25 4 25 4 28 4 114 45 4 45 4 16 4 6 4 65 45 4 29 4 45 4 91 11 4 15 4 30 4 81 34 4 51 4 22 4 
iteration 1271 best: 0.949142 time: 360115
26 39 4 9 4 42 4 85 16 4 15 4 29 40 4 34 4 53 4 26 19 4 60 4 15 4 3 27 4 6 4 31 4 105 32 4 50 4 12 4 40 4 34 38 4 25 4 26 4 58 7 4 26 4 41 37 4 29 4 99 19 4 27 4 21 4 19 4 27 22 4 43 4 65 44 4 34 4 46 5 4 21 4 24 4 20 4 46 4 99 32 4 9 4 33 4 33 4 23 22 4 18 4 44 29 4 25 4 56 4 44 4 24 22 4 34 4 10 4 41 22 4 35 4 16 6 4 29 4 31 42 20 72 17 4 26 4 28 4 53 60 20 71 8 4 42 4 34 4 82 33 4 13 4 17 4 14 4 83 30 4 37 4 60 60 4 35 4 47 4 91 21 4 9 4 17 36 4 50 4 19 4 9 24 4 33 4 21 4 99 28 4 31 4 80 45 4 38 4 18 47 4 0 27 4 33 4 27 4 24 36 4 43 4 10 49 4 55 4 66 39 4 22 4 62 6 4 24 4 18 28 4 25 4 105 53 4 33 4 98 44 4 9 4 55 31 4 7 4 35 37 4 53 4 38 4 3 38 4 27 4 72 16 4 30 4 5 4 21 28 4 49 4 39 4 40 42 4 35 4 28 4 50 4 113 14 4 52 4 21 4 10 4 63 38 4 18 4 47 4 56 16 4 53 4 73 60 4 26 4 30 4 20 12 4 16 4 14 4 94 31 4 14 4 40 4 68 5 4 41 4 39 4 29 49 16 34 16 102 23 4 93 36 16 26 16 35 24 4 5 4 4 18 4 35 4 21 4 20 34 4 8 4 17 4 14 4 73 14 4 9 4 62 9 4 30 4 23 4 42 4 51 45 4 10 4 37 4 44 31 4 35 4 5 4 73 16 4 34 4 21 4 41 36 4 9 4 18 4 93 40 4 25 4 25 4 28 4 114 45 4 45 4 16 4 6 4 65 45 4 29 4 45 4 91 11 4 15 4 30 4 81 34 4 51 4 22 4 
iteration 1297 best: 0.949142 time: 367472
26 39 4 9 4 42 4 85 16 4 15 4 29 40 4 34 4 53 4 26 19 4 60 4 15 4 3 27 4 6 4 31 4 105 32 4 50 4 12 4 40 4 34 38 4 25 4 26 4 58 7 4 26 4 41 37 4 29 4 99 19 4 27 4 21 4 19 4 27 22 4 43 4 65 44 4 34 4 46 5 4 21 4 24 4 20 4 46 4 99 32 4 9 4 33 4 33 4 23 22 4 18 4 44 29 4 25 4 56 4 44 4 24 22 4 34 4 10 4 41 22 4 35 4 16 6 4 29 4 31 42 20 72 17 4 26 4 28 4 53 60 20 71 8 4 42 4 34 4 82 33 4 13 4 17 4 14 4 83 30 4 37 4 60 60 4 35 4 47 4 91 21 4 9 4 17 36 4 50 4 19 4 9 24 4 33 4 21 4 99 28 4 31 4 80 45 4 38 4 18 47 4 0 27 4 33 4 27 4 24 36 4 43 4 10 49 4 55 4 66 39 4 22 4 62 6 4 24 4 18 28 4 25 4 105 53 4 33 4 98 44 4 9 4 55 31 4 7 4 35 37 4 53 4 38 4 3 38 4 27 4 72 16 4 30 4 5 4 21 28 4 49 4 39 4 40 42 4 35 4 28 4 50 4 113 14 4 52 4 21 4 10 4 63 38 4 18 4 47 4 56 16 4 53 4 73 60 4 26 4 30 4 20 12 4 16 4 14 4 94 31 4 14 4 40 4 68 5 4 41 4 39 4 29 49 16 34 16 102 23 4 93 36 16 26 16 35 24 4 5 4 4 18 4 35 4 21 4 20 34 4 8 4 17 4 14 4 73 14 4 9 4 62 9 4 30 4 23 4 42 4 51 45 4 10 4 37 4 44 31 4 35 4 5 4 73 16 4 34 4 21 4 41 36 4 9 4 18 4 93 40 4 25 4 25 4 28 4 114 45 4 45 4 16 4 6 4 65 45 4 29 4 45 4 91 11 4 15 4 30 4 81 34 4 51 4 22 4 
iteration 1323 best: 0.949142 time: 374804
26 39 4 9 4 42 4 85 16 4 15 4 29 40 4 34 4 53 4 26 19 4 60 4 15 4 3 27 4 6 4 31 4 105 32 4 50 4 12 4 40 4 34 38 4 25 4 26 4 58 7 4 26 4 41 37 4 29 4 99 19 4 27 4 21 4 19 4 27 22 4 43 4 65 44 4 34 4 46 5 4 21 4 24 4 20 4 46 4 99 32 4 9 4 33 4 33 4 23 22 4 18 4 44 29 4 25 4 56 4 44 4 24 22 4 34 4 10 4 41 22 4 35 4 16 6 4 29 4 31 42 20 72 17 4 26 4 28 4 53 60 20 71 8 4 42 4 34 4 82 33 4 13 4 17 4 14 4 83 30 4 37 4 60 60 4 35 4 47 4 91 21 4 9 4 17 36 4 50 4 19 4 9 24 4 33 4 21 4 99 28 4 31 4 80 45 4 38 4 18 47 4 0 27 4 33 4 27 4 24 36 4 43 4 10 49 4 55 4 66 39 4 22 4 62 6 4 24 4 18 28 4 25 4 105 53 4 33 4 98 44 4 9 4 55 31 4 7 4 35 37 4 53 4 38 4 3 38 4 27 4 72 16 4 30 4 5 4 21 28 4 49 4 39 4 40 42 4 35 4 28 4 50 4 113 14 4 52 4 21 4 10 4 63 38 4 18 4 47 4 56 16 4 53 4 73 60 4 26 4 30 4 20 12 4 16 4 14 4 94 31 4 14 4 40 4 68 5 4 41 4 39 4 29 49 16 34 16 102 23 4 93 36 16 26 16 35 24 4 5 4 4 18 4 35 4 21 4 20 34 4 8 4 17 4 14 4 73 14 4 9 4 62 9 4 30 4 23 4 42 4 51 45 4 10 4 37 4 44 31 4 35 4 5 4 73 16 4 34 4 21 4 41 36 4 9 4 18 4 93 40 4 25 4 25 4 28 4 114 45 4 45 4 16 4 6 4 65 45 4 29 4 45 4 91 11 4 15 4 30 4 81 34 4 51 4 22 4 
iteration 1349 best: 0.949142 time: 382144
26 39 4 9 4 42 4 85 16 4 15 4 29 40 4 34 4 53 4 26 19 4 60 4 15 4 3 27 4 6 4 31 4 105 32 4 50 4 12 4 40 4 34 38 4 25 4 26 4 58 7 4 26 4 41 37 4 29 4 99 19 4 27 4 21 4 19 4 27 22 4 43 4 65 44 4 34 4 46 5 4 21 4 24 4 20 4 46 4 99 32 4 9 4 33 4 33 4 23 22 4 18 4 44 29 4 25 4 56 4 44 4 24 22 4 34 4 10 4 41 22 4 35 4 16 6 4 29 4 31 42 20 72 17 4 26 4 28 4 53 60 20 71 8 4 42 4 34 4 82 33 4 13 4 17 4 14 4 83 30 4 37 4 60 60 4 35 4 47 4 91 21 4 9 4 17 36 4 50 4 19 4 9 24 4 33 4 21 4 99 28 4 31 4 80 45 4 38 4 18 47 4 0 27 4 33 4 27 4 24 36 4 43 4 10 49 4 55 4 66 39 4 22 4 62 6 4 24 4 18 28 4 25 4 105 53 4 33 4 98 44 4 9 4 55 31 4 7 4 35 37 4 53 4 38 4 3 38 4 27 4 72 16 4 30 4 5 4 21 28 4 49 4 39 4 40 42 4 35 4 28 4 50 4 113 14 4 52 4 21 4 10 4 63 38 4 18 4 47 4 56 16 4 53 4 73 60 4 26 4 30 4 20 12 4 16 4 14 4 94 31 4 14 4 40 4 68 5 4 41 4 39 4 29 49 16 34 16 102 23 4 93 36 16 26 16 35 24 4 5 4 4 18 4 35 4 21 4 20 34 4 8 4 17 4 14 4 73 14 4 9 4 62 9 4 30 4 23 4 42 4 51 45 4 10 4 37 4 44 31 4 35 4 5 4 73 16 4 34 4 21 4 41 36 4 9 4 18 4 93 40 4 25 4 25 4 28 4 114 45 4 45 4 16 4 6 4 65 45 4 29 4 45 4 91 11 4 15 4 30 4 81 34 4 51 4 22 4 
iteration 1375 best: 0.949142 time: 389515
26 39 4 9 4 42 4 85 16 4 15 4 29 40 4 34 4 53 4 26 19 4 60 4 15 4 3 27 4 6 4 31 4 105 32 4 50 4 12 4 40 4 34 38 4 25 4 26 4 58 7 4 26 4 41 37 4 29 4 99 19 4 27 4 21 4 19 4 27 22 4 43 4 65 44 4 34 4 46 5 4 21 4 24 4 20 4 46 4 99 32 4 9 4 33 4 33 4 23 22 4 18 4 44 29 4 25 4 56 4 44 4 24 22 4 34 4 10 4 41 22 4 35 4 16 6 4 29 4 31 42 20 72 17 4 26 4 28 4 53 60 20 71 8 4 42 4 34 4 82 33 4 13 4 17 4 14 4 83 30 4 37 4 60 60 4 35 4 47 4 91 21 4 9 4 17 36 4 50 4 19 4 9 24 4 33 4 21 4 99 28 4 31 4 80 45 4 38 4 18 47 4 0 27 4 33 4 27 4 24 36 4 43 4 10 49 4 55 4 66 39 4 22 4 62 6 4 24 4 18 28 4 25 4 105 53 4 33 4 98 44 4 9 4 55 31 4 7 4 35 37 4 53 4 38 4 3 38 4 27 4 72 16 4 30 4 5 4 21 28 4 49 4 39 4 40 42 4 35 4 28 4 50 4 113 14 4 52 4 21 4 10 4 63 38 4 18 4 47 4 56 16 4 53 4 73 60 4 26 4 30 4 20 12 4 16 4 14 4 94 31 4 14 4 40 4 68 5 4 41 4 39 4 29 49 16 34 16 102 23 4 93 36 16 26 16 35 24 4 5 4 4 18 4 35 4 21 4 20 34 4 8 4 17 4 14 4 73 14 4 9 4 62 9 4 30 4 23 4 42 4 51 45 4 10 4 37 4 44 31 4 35 4 5 4 73 16 4 34 4 21 4 41 36 4 9 4 18 4 93 40 4 25 4 25 4 28 4 114 45 4 45 4 16 4 6 4 65 45 4 29 4 45 4 91 11 4 15 4 30 4 81 34 4 51 4 22 4 
iteration 1401 best: 0.949142 time: 396838
26 39 4 9 4 42 4 85 16 4 15 4 29 40 4 34 4 53 4 26 19 4 60 4 15 4 3 27 4 6 4 31 4 105 32 4 50 4 12 4 40 4 34 38 4 25 4 26 4 58 7 4 26 4 41 37 4 29 4 99 19 4 27 4 21 4 19 4 27 22 4 43 4 65 44 4 34 4 46 5 4 21 4 24 4 20 4 46 4 99 32 4 9 4 33 4 33 4 23 22 4 18 4 44 29 4 25 4 56 4 44 4 24 22 4 34 4 10 4 41 22 4 35 4 16 6 4 29 4 31 42 20 72 17 4 26 4 28 4 53 60 20 71 8 4 42 4 34 4 82 33 4 13 4 17 4 14 4 83 30 4 37 4 60 60 4 35 4 47 4 91 21 4 9 4 17 36 4 50 4 19 4 9 24 4 33 4 21 4 99 28 4 31 4 80 45 4 38 4 18 47 4 0 27 4 33 4 27 4 24 36 4 43 4 10 49 4 55 4 66 39 4 22 4 62 6 4 24 4 18 28 4 25 4 105 53 4 33 4 98 44 4 9 4 55 31 4 7 4 35 37 4 53 4 38 4 3 38 4 27 4 72 16 4 30 4 5 4 21 28 4 49 4 39 4 40 42 4 35 4 28 4 50 4 113 14 4 52 4 21 4 10 4 63 38 4 18 4 47 4 56 16 4 53 4 73 60 4 26 4 30 4 20 12 4 16 4 14 4 94 31 4 14 4 40 4 68 5 4 41 4 39 4 29 49 16 34 16 102 23 4 93 36 16 26 16 35 24 4 5 4 4 18 4 35 4 21 4 20 34 4 8 4 17 4 14 4 73 14 4 9 4 62 9 4 30 4 23 4 42 4 51 45 4 10 4 37 4 44 31 4 35 4 5 4 73 16 4 34 4 21 4 41 36 4 9 4 18 4 93 40 4 25 4 25 4 28 4 114 45 4 45 4 16 4 6 4 65 45 4 29 4 45 4 91 11 4 15 4 30 4 81 34 4 51 4 22 4 
iteration 1427 best: 0.949142 time: 404171
26 39 4 9 4 42 4 85 16 4 15 4 29 40 4 34 4 53 4 26 19 4 60 4 15 4 3 27 4 6 4 31 4 105 32 4 50 4 12 4 40 4 34 38 4 25 4 26 4 58 7 4 26 4 41 37 4 29 4 99 19 4 27 4 21 4 19 4 27 22 4 43 4 65 44 4 34 4 46 5 4 21 4 24 4 20 4 46 4 99 32 4 9 4 33 4 33 4 23 22 4 18 4 44 29 4 25 4 56 4 44 4 24 22 4 34 4 10 4 41 22 4 35 4 16 6 4 29 4 31 42 20 72 17 4 26 4 28 4 53 60 20 71 8 4 42 4 34 4 82 33 4 13 4 17 4 14 4 83 30 4 37 4 60 60 4 35 4 47 4 91 21 4 9 4 17 36 4 50 4 19 4 9 24 4 33 4 21 4 99 28 4 31 4 80 45 4 38 4 18 47 4 0 27 4 33 4 27 4 24 36 4 43 4 10 49 4 55 4 66 39 4 22 4 62 6 4 24 4 18 28 4 25 4 105 53 4 33 4 98 44 4 9 4 55 31 4 7 4 35 37 4 53 4 38 4 3 38 4 27 4 72 16 4 30 4 5 4 21 28 4 49 4 39 4 40 42 4 35 4 28 4 50 4 113 14 4 52 4 21 4 10 4 63 38 4 18 4 47 4 56 16 4 53 4 73 60 4 26 4 30 4 20 12 4 16 4 14 4 94 31 4 14 4 40 4 68 5 4 41 4 39 4 29 49 16 34 16 102 23 4 93 36 16 26 16 35 24 4 5 4 4 18 4 35 4 21 4 20 34 4 8 4 17 4 14 4 73 14 4 9 4 62 9 4 30 4 23 4 42 4 51 45 4 10 4 37 4 44 31 4 35 4 5 4 73 16 4 34 4 21 4 41 36 4 9 4 18 4 93 40 4 25 4 25 4 28 4 114 45 4 45 4 16 4 6 4 65 45 4 29 4 45 4 91 11 4 15 4 30 4 81 34 4 51 4 22 4 
iteration 1453 best: 0.949142 time: 411506
26 39 4 9 4 42 4 85 16 4 15 4 29 40 4 34 4 53 4 26 19 4 60 4 15 4 3 27 4 6 4 31 4 105 32 4 50 4 12 4 40 4 34 38 4 25 4 26 4 58 7 4 26 4 41 37 4 29 4 99 19 4 27 4 21 4 19 4 27 22 4 43 4 65 44 4 34 4 46 5 4 21 4 24 4 20 4 46 4 99 32 4 9 4 33 4 33 4 23 22 4 18 4 44 29 4 25 4 56 4 44 4 24 22 4 34 4 10 4 41 22 4 35 4 16 6 4 29 4 31 42 20 72 17 4 26 4 28 4 53 60 20 71 8 4 42 4 34 4 82 33 4 13 4 17 4 14 4 83 30 4 37 4 60 60 4 35 4 47 4 91 21 4 9 4 17 36 4 50 4 19 4 9 24 4 33 4 21 4 99 28 4 31 4 80 45 4 38 4 18 47 4 0 27 4 33 4 27 4 24 36 4 43 4 10 49 4 55 4 66 39 4 22 4 62 6 4 24 4 18 28 4 25 4 105 53 4 33 4 98 44 4 9 4 55 31 4 7 4 35 37 4 53 4 38 4 3 38 4 27 4 72 16 4 30 4 5 4 21 28 4 49 4 39 4 40 42 4 35 4 28 4 50 4 113 14 4 52 4 21 4 10 4 63 38 4 18 4 47 4 56 16 4 53 4 73 60 4 26 4 30 4 20 12 4 16 4 14 4 94 31 4 14 4 40 4 68 5 4 41 4 39 4 29 49 16 34 16 102 23 4 93 36 16 26 16 35 24 4 5 4 4 18 4 35 4 21 4 20 34 4 8 4 17 4 14 4 73 14 4 9 4 62 9 4 30 4 23 4 42 4 51 45 4 10 4 37 4 44 31 4 35 4 5 4 73 16 4 34 4 21 4 41 36 4 9 4 18 4 93 40 4 25 4 25 4 28 4 114 45 4 45 4 16 4 6 4 65 45 4 29 4 45 4 91 11 4 15 4 30 4 81 34 4 51 4 22 4 
iteration 1479 best: 0.949142 time: 418824
26 39 4 9 4 42 4 85 16 4 15 4 29 40 4 34 4 53 4 26 19 4 60 4 15 4 3 27 4 6 4 31 4 105 32 4 50 4 12 4 40 4 34 38 4 25 4 26 4 58 7 4 26 4 41 37 4 29 4 99 19 4 27 4 21 4 19 4 27 22 4 43 4 65 44 4 34 4 46 5 4 21 4 24 4 20 4 46 4 99 32 4 9 4 33 4 33 4 23 22 4 18 4 44 29 4 25 4 56 4 44 4 24 22 4 34 4 10 4 41 22 4 35 4 16 6 4 29 4 31 42 20 72 17 4 26 4 28 4 53 60 20 71 8 4 42 4 34 4 82 33 4 13 4 17 4 14 4 83 30 4 37 4 60 60 4 35 4 47 4 91 21 4 9 4 17 36 4 50 4 19 4 9 24 4 33 4 21 4 99 28 4 31 4 80 45 4 38 4 18 47 4 0 27 4 33 4 27 4 24 36 4 43 4 10 49 4 55 4 66 39 4 22 4 62 6 4 24 4 18 28 4 25 4 105 53 4 33 4 98 44 4 9 4 55 31 4 7 4 35 37 4 53 4 38 4 3 38 4 27 4 72 16 4 30 4 5 4 21 28 4 49 4 39 4 40 42 4 35 4 28 4 50 4 113 14 4 52 4 21 4 10 4 63 38 4 18 4 47 4 56 16 4 53 4 73 60 4 26 4 30 4 20 12 4 16 4 14 4 94 31 4 14 4 40 4 68 5 4 41 4 39 4 29 49 16 34 16 102 23 4 93 36 16 26 16 35 24 4 5 4 4 18 4 35 4 21 4 20 34 4 8 4 17 4 14 4 73 14 4 9 4 62 9 4 30 4 23 4 42 4 51 45 4 10 4 37 4 44 31 4 35 4 5 4 73 16 4 34 4 21 4 41 36 4 9 4 18 4 93 40 4 25 4 25 4 28 4 114 45 4 45 4 16 4 6 4 65 45 4 29 4 45 4 91 11 4 15 4 30 4 81 34 4 51 4 22 4 
iteration 1505 best: 0.949142 time: 426165
26 39 4 9 4 42 4 85 16 4 15 4 29 40 4 34 4 53 4 26 19 4 60 4 15 4 3 27 4 6 4 31 4 105 32 4 50 4 12 4 40 4 34 38 4 25 4 26 4 58 7 4 26 4 41 37 4 29 4 99 19 4 27 4 21 4 19 4 27 22 4 43 4 65 44 4 34 4 46 5 4 21 4 24 4 20 4 46 4 99 32 4 9 4 33 4 33 4 23 22 4 18 4 44 29 4 25 4 56 4 44 4 24 22 4 34 4 10 4 41 22 4 35 4 16 6 4 29 4 31 42 20 72 17 4 26 4 28 4 53 60 20 71 8 4 42 4 34 4 82 33 4 13 4 17 4 14 4 83 30 4 37 4 60 60 4 35 4 47 4 91 21 4 9 4 17 36 4 50 4 19 4 9 24 4 33 4 21 4 99 28 4 31 4 80 45 4 38 4 18 47 4 0 27 4 33 4 27 4 24 36 4 43 4 10 49 4 55 4 66 39 4 22 4 62 6 4 24 4 18 28 4 25 4 105 53 4 33 4 98 44 4 9 4 55 31 4 7 4 35 37 4 53 4 38 4 3 38 4 27 4 72 16 4 30 4 5 4 21 28 4 49 4 39 4 40 42 4 35 4 28 4 50 4 113 14 4 52 4 21 4 10 4 63 38 4 18 4 47 4 56 16 4 53 4 73 60 4 26 4 30 4 20 12 4 16 4 14 4 94 31 4 14 4 40 4 68 5 4 41 4 39 4 29 49 16 34 16 102 23 4 93 36 16 26 16 35 24 4 5 4 4 18 4 35 4 21 4 20 34 4 8 4 17 4 14 4 73 14 4 9 4 62 9 4 30 4 23 4 42 4 51 45 4 10 4 37 4 44 31 4 35 4 5 4 73 16 4 34 4 21 4 41 36 4 9 4 18 4 93 40 4 25 4 25 4 28 4 114 45 4 45 4 16 4 6 4 65 45 4 29 4 45 4 91 11 4 15 4 30 4 81 34 4 51 4 22 4 
iteration 1531 best: 0.949142 time: 433483
26 39 4 9 4 42 4 85 16 4 15 4 29 40 4 34 4 53 4 26 19 4 60 4 15 4 3 27 4 6 4 31 4 105 32 4 50 4 12 4 40 4 34 38 4 25 4 26 4 58 7 4 26 4 41 37 4 29 4 99 19 4 27 4 21 4 19 4 27 22 4 43 4 65 44 4 34 4 46 5 4 21 4 24 4 20 4 46 4 99 32 4 9 4 33 4 33 4 23 22 4 18 4 44 29 4 25 4 56 4 44 4 24 22 4 34 4 10 4 41 22 4 35 4 16 6 4 29 4 31 42 20 72 17 4 26 4 28 4 53 60 20 71 8 4 42 4 34 4 82 33 4 13 4 17 4 14 4 83 30 4 37 4 60 60 4 35 4 47 4 91 21 4 9 4 17 36 4 50 4 19 4 9 24 4 33 4 21 4 99 28 4 31 4 80 45 4 38 4 18 47 4 0 27 4 33 4 27 4 24 36 4 43 4 10 49 4 55 4 66 39 4 22 4 62 6 4 24 4 18 28 4 25 4 105 53 4 33 4 98 44 4 9 4 55 31 4 7 4 35 37 4 53 4 38 4 3 38 4 27 4 72 16 4 30 4 5 4 21 28 4 49 4 39 4 40 42 4 35 4 28 4 50 4 113 14 4 52 4 21 4 10 4 63 38 4 18 4 47 4 56 16 4 53 4 73 60 4 26 4 30 4 20 12 4 16 4 14 4 94 31 4 14 4 40 4 68 5 4 41 4 39 4 29 49 16 34 16 102 23 4 93 36 16 26 16 35 24 4 5 4 4 18 4 35 4 21 4 20 34 4 8 4 17 4 14 4 73 14 4 9 4 62 9 4 30 4 23 4 42 4 51 45 4 10 4 37 4 44 31 4 35 4 5 4 73 16 4 34 4 21 4 41 36 4 9 4 18 4 93 40 4 25 4 25 4 28 4 114 45 4 45 4 16 4 6 4 65 45 4 29 4 45 4 91 11 4 15 4 30 4 81 34 4 51 4 22 4 
iteration 1557 best: 0.949142 time: 440813
26 39 4 9 4 42 4 85 16 4 15 4 29 40 4 34 4 53 4 26 19 4 60 4 15 4 3 27 4 6 4 31 4 105 32 4 50 4 12 4 40 4 34 38 4 25 4 26 4 58 7 4 26 4 41 37 4 29 4 99 19 4 27 4 21 4 19 4 27 22 4 43 4 65 44 4 34 4 46 5 4 21 4 24 4 20 4 46 4 99 32 4 9 4 33 4 33 4 23 22 4 18 4 44 29 4 25 4 56 4 44 4 24 22 4 34 4 10 4 41 22 4 35 4 16 6 4 29 4 31 42 20 72 17 4 26 4 28 4 53 60 20 71 8 4 42 4 34 4 82 33 4 13 4 17 4 14 4 83 30 4 37 4 60 60 4 35 4 47 4 91 21 4 9 4 17 36 4 50 4 19 4 9 24 4 33 4 21 4 99 28 4 31 4 80 45 4 38 4 18 47 4 0 27 4 33 4 27 4 24 36 4 43 4 10 49 4 55 4 66 39 4 22 4 62 6 4 24 4 18 28 4 25 4 105 53 4 33 4 98 44 4 9 4 55 31 4 7 4 35 37 4 53 4 38 4 3 38 4 27 4 72 16 4 30 4 5 4 21 28 4 49 4 39 4 40 42 4 35 4 28 4 50 4 113 14 4 52 4 21 4 10 4 63 38 4 18 4 47 4 56 16 4 53 4 73 60 4 26 4 30 4 20 12 4 16 4 14 4 94 31 4 14 4 40 4 68 5 4 41 4 39 4 29 49 16 34 16 102 23 4 93 36 16 26 16 35 24 4 5 4 4 18 4 35 4 21 4 20 34 4 8 4 17 4 14 4 73 14 4 9 4 62 9 4 30 4 23 4 42 4 51 45 4 10 4 37 4 44 31 4 35 4 5 4 73 16 4 34 4 21 4 41 36 4 9 4 18 4 93 40 4 25 4 25 4 28 4 114 45 4 45 4 16 4 6 4 65 45 4 29 4 45 4 91 11 4 15 4 30 4 81 34 4 51 4 22 4 
iteration 1583 best: 0.949142 time: 448166
26 39 4 9 4 42 4 85 16 4 15 4 29 40 4 34 4 53 4 26 19 4 60 4 15 4 3 27 4 6 4 31 4 105 32 4 50 4 12 4 40 4 34 38 4 25 4 26 4 58 7 4 26 4 41 37 4 29 4 99 19 4 27 4 21 4 19 4 27 22 4 43 4 65 44 4 34 4 46 5 4 21 4 24 4 20 4 46 4 99 32 4 9 4 33 4 33 4 23 22 4 18 4 44 29 4 25 4 56 4 44 4 24 22 4 34 4 10 4 41 22 4 35 4 16 6 4 29 4 31 42 20 72 17 4 26 4 28 4 53 60 20 71 8 4 42 4 34 4 82 33 4 13 4 17 4 14 4 83 30 4 37 4 60 60 4 35 4 47 4 91 21 4 9 4 17 36 4 50 4 19 4 9 24 4 33 4 21 4 99 28 4 31 4 80 45 4 38 4 18 47 4 0 27 4 33 4 27 4 24 36 4 43 4 10 49 4 55 4 66 39 4 22 4 62 6 4 24 4 18 28 4 25 4 105 53 4 33 4 98 44 4 9 4 55 31 4 7 4 35 37 4 53 4 38 4 3 38 4 27 4 72 16 4 30 4 5 4 21 28 4 49 4 39 4 40 42 4 35 4 28 4 50 4 113 14 4 52 4 21 4 10 4 63 38 4 18 4 47 4 56 16 4 53 4 73 60 4 26 4 30 4 20 12 4 16 4 14 4 94 31 4 14 4 40 4 68 5 4 41 4 39 4 29 49 16 34 16 102 23 4 93 36 16 26 16 35 24 4 5 4 4 18 4 35 4 21 4 20 34 4 8 4 17 4 14 4 73 14 4 9 4 62 9 4 30 4 23 4 42 4 51 45 4 10 4 37 4 44 31 4 35 4 5 4 73 16 4 34 4 21 4 41 36 4 9 4 18 4 93 40 4 25 4 25 4 28 4 114 45 4 45 4 16 4 6 4 65 45 4 29 4 45 4 91 11 4 15 4 30 4 81 34 4 51 4 22 4 
iteration 1609 best: 0.949142 time: 455503
26 39 4 9 4 42 4 85 16 4 15 4 29 40 4 34 4 53 4 26 19 4 60 4 15 4 3 27 4 6 4 31 4 105 32 4 50 4 12 4 40 4 34 38 4 25 4 26 4 58 7 4 26 4 41 37 4 29 4 99 19 4 27 4 21 4 19 4 27 22 4 43 4 65 44 4 34 4 46 5 4 21 4 24 4 20 4 46 4 99 32 4 9 4 33 4 33 4 23 22 4 18 4 44 29 4 25 4 56 4 44 4 24 22 4 34 4 10 4 41 22 4 35 4 16 6 4 29 4 31 42 20 72 17 4 26 4 28 4 53 60 20 71 8 4 42 4 34 4 82 33 4 13 4 17 4 14 4 83 30 4 37 4 60 60 4 35 4 47 4 91 21 4 9 4 17 36 4 50 4 19 4 9 24 4 33 4 21 4 99 28 4 31 4 80 45 4 38 4 18 47 4 0 27 4 33 4 27 4 24 36 4 43 4 10 49 4 55 4 66 39 4 22 4 62 6 4 24 4 18 28 4 25 4 105 53 4 33 4 98 44 4 9 4 55 31 4 7 4 35 37 4 53 4 38 4 3 38 4 27 4 72 16 4 30 4 5 4 21 28 4 49 4 39 4 40 42 4 35 4 28 4 50 4 113 14 4 52 4 21 4 10 4 63 38 4 18 4 47 4 56 16 4 53 4 73 60 4 26 4 30 4 20 12 4 16 4 14 4 94 31 4 14 4 40 4 68 5 4 41 4 39 4 29 49 16 34 16 102 23 4 93 36 16 26 16 35 24 4 5 4 4 18 4 35 4 21 4 20 34 4 8 4 17 4 14 4 73 14 4 9 4 62 9 4 30 4 23 4 42 4 51 45 4 10 4 37 4 44 31 4 35 4 5 4 73 16 4 34 4 21 4 41 36 4 9 4 18 4 93 40 4 25 4 25 4 28 4 114 45 4 45 4 16 4 6 4 65 45 4 29 4 45 4 91 11 4 15 4 30 4 81 34 4 51 4 22 4 
iteration 1635 best: 0.949142 time: 462839
26 39 4 9 4 42 4 85 16 4 15 4 29 40 4 34 4 53 4 26 19 4 60 4 15 4 3 27 4 6 4 31 4 105 32 4 50 4 12 4 40 4 34 38 4 25 4 26 4 58 7 4 26 4 41 37 4 29 4 99 19 4 27 4 21 4 19 4 27 22 4 43 4 65 44 4 34 4 46 5 4 21 4 24 4 20 4 46 4 99 32 4 9 4 33 4 33 4 23 22 4 18 4 44 29 4 25 4 56 4 44 4 24 22 4 34 4 10 4 41 22 4 35 4 16 6 4 29 4 31 42 20 72 17 4 26 4 28 4 53 60 20 71 8 4 42 4 34 4 82 33 4 13 4 17 4 14 4 83 30 4 37 4 60 60 4 35 4 47 4 91 21 4 9 4 17 36 4 50 4 19 4 9 24 4 33 4 21 4 99 28 4 31 4 80 45 4 38 4 18 47 4 0 27 4 33 4 27 4 24 36 4 43 4 10 49 4 55 4 66 39 4 22 4 62 6 4 24 4 18 28 4 25 4 105 53 4 33 4 98 44 4 9 4 55 31 4 7 4 35 37 4 53 4 38 4 3 38 4 27 4 72 16 4 30 4 5 4 21 28 4 49 4 39 4 40 42 4 35 4 28 4 50 4 113 14 4 52 4 21 4 10 4 63 38 4 18 4 47 4 56 16 4 53 4 73 60 4 26 4 30 4 20 12 4 16 4 14 4 94 31 4 14 4 40 4 68 5 4 41 4 39 4 29 49 16 34 16 102 23 4 93 36 16 26 16 35 24 4 5 4 4 18 4 35 4 21 4 20 34 4 8 4 17 4 14 4 73 14 4 9 4 62 9 4 30 4 23 4 42 4 51 45 4 10 4 37 4 44 31 4 35 4 5 4 73 16 4 34 4 21 4 41 36 4 9 4 18 4 93 40 4 25 4 25 4 28 4 114 45 4 45 4 16 4 6 4 65 45 4 29 4 45 4 91 11 4 15 4 30 4 81 34 4 51 4 22 4 
iteration 1661 best: 0.949142 time: 470170
26 39 4 9 4 42 4 85 16 4 15 4 29 40 4 34 4 53 4 26 19 4 60 4 15 4 3 27 4 6 4 31 4 105 32 4 50 4 12 4 40 4 34 38 4 25 4 26 4 58 7 4 26 4 41 37 4 29 4 99 19 4 27 4 21 4 19 4 27 22 4 43 4 65 44 4 34 4 46 5 4 21 4 24 4 20 4 46 4 99 32 4 9 4 33 4 33 4 23 22 4 18 4 44 29 4 25 4 56 4 44 4 24 22 4 34 4 10 4 41 22 4 35 4 16 6 4 29 4 31 42 20 72 17 4 26 4 28 4 53 60 20 71 8 4 42 4 34 4 82 33 4 13 4 17 4 14 4 83 30 4 37 4 60 60 4 35 4 47 4 91 21 4 9 4 17 36 4 50 4 19 4 9 24 4 33 4 21 4 99 28 4 31 4 80 45 4 38 4 18 47 4 0 27 4 33 4 27 4 24 36 4 43 4 10 49 4 55 4 66 39 4 22 4 62 6 4 24 4 18 28 4 25 4 105 53 4 33 4 98 44 4 9 4 55 31 4 7 4 35 37 4 53 4 38 4 3 38 4 27 4 72 16 4 30 4 5 4 21 28 4 49 4 39 4 40 42 4 35 4 28 4 50 4 113 14 4 52 4 21 4 10 4 63 38 4 18 4 47 4 56 16 4 53 4 73 60 4 26 4 30 4 20 12 4 16 4 14 4 94 31 4 14 4 40 4 68 5 4 41 4 39 4 29 49 16 34 16 102 23 4 93 36 16 26 16 35 24 4 5 4 4 18 4 35 4 21 4 20 34 4 8 4 17 4 14 4 73 14 4 9 4 62 9 4 30 4 23 4 42 4 51 45 4 10 4 37 4 44 31 4 35 4 5 4 73 16 4 34 4 21 4 41 36 4 9 4 18 4 93 40 4 25 4 25 4 28 4 114 45 4 45 4 16 4 6 4 65 45 4 29 4 45 4 91 11 4 15 4 30 4 81 34 4 51 4 22 4 
iteration 1687 best: 0.949142 time: 477496
26 39 4 9 4 42 4 85 16 4 15 4 29 40 4 34 4 53 4 26 19 4 60 4 15 4 3 27 4 6 4 31 4 105 32 4 50 4 12 4 40 4 34 38 4 25 4 26 4 58 7 4 26 4 41 37 4 29 4 99 19 4 27 4 21 4 19 4 27 22 4 43 4 65 44 4 34 4 46 5 4 21 4 24 4 20 4 46 4 99 32 4 9 4 33 4 33 4 23 22 4 18 4 44 29 4 25 4 56 4 44 4 24 22 4 34 4 10 4 41 22 4 35 4 16 6 4 29 4 31 42 20 72 17 4 26 4 28 4 53 60 20 71 8 4 42 4 34 4 82 33 4 13 4 17 4 14 4 83 30 4 37 4 60 60 4 35 4 47 4 91 21 4 9 4 17 36 4 50 4 19 4 9 24 4 33 4 21 4 99 28 4 31 4 80 45 4 38 4 18 47 4 0 27 4 33 4 27 4 24 36 4 43 4 10 49 4 55 4 66 39 4 22 4 62 6 4 24 4 18 28 4 25 4 105 53 4 33 4 98 44 4 9 4 55 31 4 7 4 35 37 4 53 4 38 4 3 38 4 27 4 72 16 4 30 4 5 4 21 28 4 49 4 39 4 40 42 4 35 4 28 4 50 4 113 14 4 52 4 21 4 10 4 63 38 4 18 4 47 4 56 16 4 53 4 73 60 4 26 4 30 4 20 12 4 16 4 14 4 94 31 4 14 4 40 4 68 5 4 41 4 39 4 29 49 16 34 16 102 23 4 93 36 16 26 16 35 24 4 5 4 4 18 4 35 4 21 4 20 34 4 8 4 17 4 14 4 73 14 4 9 4 62 9 4 30 4 23 4 42 4 51 45 4 10 4 37 4 44 31 4 35 4 5 4 73 16 4 34 4 21 4 41 36 4 9 4 18 4 93 40 4 25 4 25 4 28 4 114 45 4 45 4 16 4 6 4 65 45 4 29 4 45 4 91 11 4 15 4 30 4 81 34 4 51 4 22 4 
iteration 1713 best: 0.949142 time: 484854
26 39 4 9 4 42 4 85 16 4 15 4 29 40 4 34 4 53 4 26 19 4 60 4 15 4 3 27 4 6 4 31 4 105 32 4 50 4 12 4 40 4 34 38 4 25 4 26 4 58 7 4 26 4 41 37 4 29 4 99 19 4 27 4 21 4 19 4 27 22 4 43 4 65 44 4 34 4 46 5 4 21 4 24 4 20 4 46 4 99 32 4 9 4 33 4 33 4 23 22 4 18 4 44 29 4 25 4 56 4 44 4 24 22 4 34 4 10 4 41 22 4 35 4 16 6 4 29 4 31 42 20 72 17 4 26 4 28 4 53 60 20 71 8 4 42 4 34 4 82 33 4 13 4 17 4 14 4 83 30 4 37 4 60 60 4 35 4 47 4 91 21 4 9 4 17 36 4 50 4 19 4 9 24 4 33 4 21 4 99 28 4 31 4 80 45 4 38 4 18 47 4 0 27 4 33 4 27 4 24 36 4 43 4 10 49 4 55 4 66 39 4 22 4 62 6 4 24 4 18 28 4 25 4 105 53 4 33 4 98 44 4 9 4 55 31 4 7 4 35 37 4 53 4 38 4 3 38 4 27 4 72 16 4 30 4 5 4 21 28 4 49 4 39 4 40 42 4 35 4 28 4 50 4 113 14 4 52 4 21 4 10 4 63 38 4 18 4 47 4 56 16 4 53 4 73 60 4 26 4 30 4 20 12 4 16 4 14 4 94 31 4 14 4 40 4 68 5 4 41 4 39 4 29 49 16 34 16 102 23 4 93 36 16 26 16 35 24 4 5 4 4 18 4 35 4 21 4 20 34 4 8 4 17 4 14 4 73 14 4 9 4 62 9 4 30 4 23 4 42 4 51 45 4 10 4 37 4 44 31 4 35 4 5 4 73 16 4 34 4 21 4 41 36 4 9 4 18 4 93 40 4 25 4 25 4 28 4 114 45 4 45 4 16 4 6 4 65 45 4 29 4 45 4 91 11 4 15 4 30 4 81 34 4 51 4 22 4 
iteration 1739 best: 0.949142 time: 492181
26 39 4 9 4 42 4 85 16 4 15 4 29 40 4 34 4 53 4 26 19 4 60 4 15 4 3 27 4 6 4 31 4 105 32 4 50 4 12 4 40 4 34 38 4 25 4 26 4 58 7 4 26 4 41 37 4 29 4 99 19 4 27 4 21 4 19 4 27 22 4 43 4 65 44 4 34 4 46 5 4 21 4 24 4 20 4 46 4 99 32 4 9 4 33 4 33 4 23 22 4 18 4 44 29 4 25 4 56 4 44 4 24 22 4 34 4 10 4 41 22 4 35 4 16 6 4 29 4 31 42 20 72 17 4 26 4 28 4 53 60 20 71 8 4 42 4 34 4 82 33 4 13 4 17 4 14 4 83 30 4 37 4 60 60 4 35 4 47 4 91 21 4 9 4 17 36 4 50 4 19 4 9 24 4 33 4 21 4 99 28 4 31 4 80 45 4 38 4 18 47 4 0 27 4 33 4 27 4 24 36 4 43 4 10 49 4 55 4 66 39 4 22 4 62 6 4 24 4 18 28 4 25 4 105 53 4 33 4 98 44 4 9 4 55 31 4 7 4 35 37 4 53 4 38 4 3 38 4 27 4 72 16 4 30 4 5 4 21 28 4 49 4 39 4 40 42 4 35 4 28 4 50 4 113 14 4 52 4 21 4 10 4 63 38 4 18 4 47 4 56 16 4 53 4 73 60 4 26 4 30 4 20 12 4 16 4 14 4 94 31 4 14 4 40 4 68 5 4 41 4 39 4 29 49 16 34 16 102 23 4 93 36 16 26 16 35 24 4 5 4 4 18 4 35 4 21 4 20 34 4 8 4 17 4 14 4 73 14 4 9 4 62 9 4 30 4 23 4 42 4 51 45 4 10 4 37 4 44 31 4 35 4 5 4 73 16 4 34 4 21 4 41 36 4 9 4 18 4 93 40 4 25 4 25 4 28 4 114 45 4 45 4 16 4 6 4 65 45 4 29 4 45 4 91 11 4 15 4 30 4 81 34 4 51 4 22 4 
iteration 1765 best: 0.949142 time: 499518
26 39 4 9 4 42 4 85 16 4 15 4 29 40 4 34 4 53 4 26 19 4 60 4 15 4 3 27 4 6 4 31 4 105 32 4 50 4 12 4 40 4 34 38 4 25 4 26 4 58 7 4 26 4 41 37 4 29 4 99 19 4 27 4 21 4 19 4 27 22 4 43 4 65 44 4 34 4 46 5 4 21 4 24 4 20 4 46 4 99 32 4 9 4 33 4 33 4 23 22 4 18 4 44 29 4 25 4 56 4 44 4 24 22 4 34 4 10 4 41 22 4 35 4 16 6 4 29 4 31 42 20 72 17 4 26 4 28 4 53 60 20 71 8 4 42 4 34 4 82 33 4 13 4 17 4 14 4 83 30 4 37 4 60 60 4 35 4 47 4 91 21 4 9 4 17 36 4 50 4 19 4 9 24 4 33 4 21 4 99 28 4 31 4 80 45 4 38 4 18 47 4 0 27 4 33 4 27 4 24 36 4 43 4 10 49 4 55 4 66 39 4 22 4 62 6 4 24 4 18 28 4 25 4 105 53 4 33 4 98 44 4 9 4 55 31 4 7 4 35 37 4 53 4 38 4 3 38 4 27 4 72 16 4 30 4 5 4 21 28 4 49 4 39 4 40 42 4 35 4 28 4 50 4 113 14 4 52 4 21 4 10 4 63 38 4 18 4 47 4 56 16 4 53 4 73 60 4 26 4 30 4 20 12 4 16 4 14 4 94 31 4 14 4 40 4 68 5 4 41 4 39 4 29 49 16 34 16 102 23 4 93 36 16 26 16 35 24 4 5 4 4 18 4 35 4 21 4 20 34 4 8 4 17 4 14 4 73 14 4 9 4 62 9 4 30 4 23 4 42 4 51 45 4 10 4 37 4 44 31 4 35 4 5 4 73 16 4 34 4 21 4 41 36 4 9 4 18 4 93 40 4 25 4 25 4 28 4 114 45 4 45 4 16 4 6 4 65 45 4 29 4 45 4 91 11 4 15 4 30 4 81 34 4 51 4 22 4 
iteration 1791 best: 0.949142 time: 506857
26 39 4 9 4 42 4 85 16 4 15 4 29 40 4 34 4 53 4 26 19 4 60 4 15 4 3 27 4 6 4 31 4 105 32 4 50 4 12 4 40 4 34 38 4 25 4 26 4 58 7 4 26 4 41 37 4 29 4 99 19 4 27 4 21 4 19 4 27 22 4 43 4 65 44 4 34 4 46 5 4 21 4 24 4 20 4 46 4 99 32 4 9 4 33 4 33 4 23 22 4 18 4 44 29 4 25 4 56 4 44 4 24 22 4 34 4 10 4 41 22 4 35 4 16 6 4 29 4 31 42 20 72 17 4 26 4 28 4 53 60 20 71 8 4 42 4 34 4 82 33 4 13 4 17 4 14 4 83 30 4 37 4 60 60 4 35 4 47 4 91 21 4 9 4 17 36 4 50 4 19 4 9 24 4 33 4 21 4 99 28 4 31 4 80 45 4 38 4 18 47 4 0 27 4 33 4 27 4 24 36 4 43 4 10 49 4 55 4 66 39 4 22 4 62 6 4 24 4 18 28 4 25 4 105 53 4 33 4 98 44 4 9 4 55 31 4 7 4 35 37 4 53 4 38 4 3 38 4 27 4 72 16 4 30 4 5 4 21 28 4 49 4 39 4 40 42 4 35 4 28 4 50 4 113 14 4 52 4 21 4 10 4 63 38 4 18 4 47 4 56 16 4 53 4 73 60 4 26 4 30 4 20 12 4 16 4 14 4 94 31 4 14 4 40 4 68 5 4 41 4 39 4 29 49 16 34 16 102 23 4 93 36 16 26 16 35 24 4 5 4 4 18 4 35 4 21 4 20 34 4 8 4 17 4 14 4 73 14 4 9 4 62 9 4 30 4 23 4 42 4 51 45 4 10 4 37 4 44 31 4 35 4 5 4 73 16 4 34 4 21 4 41 36 4 9 4 18 4 93 40 4 25 4 25 4 28 4 114 45 4 45 4 16 4 6 4 65 45 4 29 4 45 4 91 11 4 15 4 30 4 81 34 4 51 4 22 4 
iteration 1817 best: 0.949142 time: 514212
26 39 4 9 4 42 4 85 16 4 15 4 29 40 4 34 4 53 4 26 19 4 60 4 15 4 3 27 4 6 4 31 4 105 32 4 50 4 12 4 40 4 34 38 4 25 4 26 4 58 7 4 26 4 41 37 4 29 4 99 19 4 27 4 21 4 19 4 27 22 4 43 4 65 44 4 34 4 46 5 4 21 4 24 4 20 4 46 4 99 32 4 9 4 33 4 33 4 23 22 4 18 4 44 29 4 25 4 56 4 44 4 24 22 4 34 4 10 4 41 22 4 35 4 16 6 4 29 4 31 42 20 72 17 4 26 4 28 4 53 60 20 71 8 4 42 4 34 4 82 33 4 13 4 17 4 14 4 83 30 4 37 4 60 60 4 35 4 47 4 91 21 4 9 4 17 36 4 50 4 19 4 9 24 4 33 4 21 4 99 28 4 31 4 80 45 4 38 4 18 47 4 0 27 4 33 4 27 4 24 36 4 43 4 10 49 4 55 4 66 39 4 22 4 62 6 4 24 4 18 28 4 25 4 105 53 4 33 4 98 44 4 9 4 55 31 4 7 4 35 37 4 53 4 38 4 3 38 4 27 4 72 16 4 30 4 5 4 21 28 4 49 4 39 4 40 42 4 35 4 28 4 50 4 113 14 4 52 4 21 4 10 4 63 38 4 18 4 47 4 56 16 4 53 4 73 60 4 26 4 30 4 20 12 4 16 4 14 4 94 31 4 14 4 40 4 68 5 4 41 4 39 4 29 49 16 34 16 102 23 4 93 36 16 26 16 35 24 4 5 4 4 18 4 35 4 21 4 20 34 4 8 4 17 4 14 4 73 14 4 9 4 62 9 4 30 4 23 4 42 4 51 45 4 10 4 37 4 44 31 4 35 4 5 4 73 16 4 34 4 21 4 41 36 4 9 4 18 4 93 40 4 25 4 25 4 28 4 114 45 4 45 4 16 4 6 4 65 45 4 29 4 45 4 91 11 4 15 4 30 4 81 34 4 51 4 22 4 
iteration 1843 best: 0.949142 time: 521556
26 39 4 9 4 42 4 85 16 4 15 4 29 40 4 34 4 53 4 26 19 4 60 4 15 4 3 27 4 6 4 31 4 105 32 4 50 4 12 4 40 4 34 38 4 25 4 26 4 58 7 4 26 4 41 37 4 29 4 99 19 4 27 4 21 4 19 4 27 22 4 43 4 65 44 4 34 4 46 5 4 21 4 24 4 20 4 46 4 99 32 4 9 4 33 4 33 4 23 22 4 18 4 44 29 4 25 4 56 4 44 4 24 22 4 34 4 10 4 41 22 4 35 4 16 6 4 29 4 31 42 20 72 17 4 26 4 28 4 53 60 20 71 8 4 42 4 34 4 82 33 4 13 4 17 4 14 4 83 30 4 37 4 60 60 4 35 4 47 4 91 21 4 9 4 17 36 4 50 4 19 4 9 24 4 33 4 21 4 99 28 4 31 4 80 45 4 38 4 18 47 4 0 27 4 33 4 27 4 24 36 4 43 4 10 49 4 55 4 66 39 4 22 4 62 6 4 24 4 18 28 4 25 4 105 53 4 33 4 98 44 4 9 4 55 31 4 7 4 35 37 4 53 4 38 4 3 38 4 27 4 72 16 4 30 4 5 4 21 28 4 49 4 39 4 40 42 4 35 4 28 4 50 4 113 14 4 52 4 21 4 10 4 63 38 4 18 4 47 4 56 16 4 53 4 73 60 4 26 4 30 4 20 12 4 16 4 14 4 94 31 4 14 4 40 4 68 5 4 41 4 39 4 29 49 16 34 16 102 23 4 93 36 16 26 16 35 24 4 5 4 4 18 4 35 4 21 4 20 34 4 8 4 17 4 14 4 73 14 4 9 4 62 9 4 30 4 23 4 42 4 51 45 4 10 4 37 4 44 31 4 35 4 5 4 73 16 4 34 4 21 4 41 36 4 9 4 18 4 93 40 4 25 4 25 4 28 4 114 45 4 45 4 16 4 6 4 65 45 4 29 4 45 4 91 11 4 15 4 30 4 81 34 4 51 4 22 4 
iteration 1869 best: 0.949142 time: 528899
26 39 4 9 4 42 4 85 16 4 15 4 29 40 4 34 4 53 4 26 19 4 60 4 15 4 3 27 4 6 4 31 4 105 32 4 50 4 12 4 40 4 34 38 4 25 4 26 4 58 7 4 26 4 41 37 4 29 4 99 19 4 27 4 21 4 19 4 27 22 4 43 4 65 44 4 34 4 46 5 4 21 4 24 4 20 4 46 4 99 32 4 9 4 33 4 33 4 23 22 4 18 4 44 29 4 25 4 56 4 44 4 24 22 4 34 4 10 4 41 22 4 35 4 16 6 4 29 4 31 42 20 72 17 4 26 4 28 4 53 60 20 71 8 4 42 4 34 4 82 33 4 13 4 17 4 14 4 83 30 4 37 4 60 60 4 35 4 47 4 91 21 4 9 4 17 36 4 50 4 19 4 9 24 4 33 4 21 4 99 28 4 31 4 80 45 4 38 4 18 47 4 0 27 4 33 4 27 4 24 36 4 43 4 10 49 4 55 4 66 39 4 22 4 62 6 4 24 4 18 28 4 25 4 105 53 4 33 4 98 44 4 9 4 55 31 4 7 4 35 37 4 53 4 38 4 3 38 4 27 4 72 16 4 30 4 5 4 21 28 4 49 4 39 4 40 42 4 35 4 28 4 50 4 113 14 4 52 4 21 4 10 4 63 38 4 18 4 47 4 56 16 4 53 4 73 60 4 26 4 30 4 20 12 4 16 4 14 4 94 31 4 14 4 40 4 68 5 4 41 4 39 4 29 49 16 34 16 102 23 4 93 36 16 26 16 35 24 4 5 4 4 18 4 35 4 21 4 20 34 4 8 4 17 4 14 4 73 14 4 9 4 62 9 4 30 4 23 4 42 4 51 45 4 10 4 37 4 44 31 4 35 4 5 4 73 16 4 34 4 21 4 41 36 4 9 4 18 4 93 40 4 25 4 25 4 28 4 114 45 4 45 4 16 4 6 4 65 45 4 29 4 45 4 91 11 4 15 4 30 4 81 34 4 51 4 22 4 
iteration 1895 best: 0.949142 time: 536273
26 39 4 9 4 42 4 85 16 4 15 4 29 40 4 34 4 53 4 26 19 4 60 4 15 4 3 27 4 6 4 31 4 105 32 4 50 4 12 4 40 4 34 38 4 25 4 26 4 58 7 4 26 4 41 37 4 29 4 99 19 4 27 4 21 4 19 4 27 22 4 43 4 65 44 4 34 4 46 5 4 21 4 24 4 20 4 46 4 99 32 4 9 4 33 4 33 4 23 22 4 18 4 44 29 4 25 4 56 4 44 4 24 22 4 34 4 10 4 41 22 4 35 4 16 6 4 29 4 31 42 20 72 17 4 26 4 28 4 53 60 20 71 8 4 42 4 34 4 82 33 4 13 4 17 4 14 4 83 30 4 37 4 60 60 4 35 4 47 4 91 21 4 9 4 17 36 4 50 4 19 4 9 24 4 33 4 21 4 99 28 4 31 4 80 45 4 38 4 18 47 4 0 27 4 33 4 27 4 24 36 4 43 4 10 49 4 55 4 66 39 4 22 4 62 6 4 24 4 18 28 4 25 4 105 53 4 33 4 98 44 4 9 4 55 31 4 7 4 35 37 4 53 4 38 4 3 38 4 27 4 72 16 4 30 4 5 4 21 28 4 49 4 39 4 40 42 4 35 4 28 4 50 4 113 14 4 52 4 21 4 10 4 63 38 4 18 4 47 4 56 16 4 53 4 73 60 4 26 4 30 4 20 12 4 16 4 14 4 94 31 4 14 4 40 4 68 5 4 41 4 39 4 29 49 16 34 16 102 23 4 93 36 16 26 16 35 24 4 5 4 4 18 4 35 4 21 4 20 34 4 8 4 17 4 14 4 73 14 4 9 4 62 9 4 30 4 23 4 42 4 51 45 4 10 4 37 4 44 31 4 35 4 5 4 73 16 4 34 4 21 4 41 36 4 9 4 18 4 93 40 4 25 4 25 4 28 4 114 45 4 45 4 16 4 6 4 65 45 4 29 4 45 4 91 11 4 15 4 30 4 81 34 4 51 4 22 4 
iteration 1921 best: 0.949142 time: 543606
26 39 4 9 4 42 4 85 16 4 15 4 29 40 4 34 4 53 4 26 19 4 60 4 15 4 3 27 4 6 4 31 4 105 32 4 50 4 12 4 40 4 34 38 4 25 4 26 4 58 7 4 26 4 41 37 4 29 4 99 19 4 27 4 21 4 19 4 27 22 4 43 4 65 44 4 34 4 46 5 4 21 4 24 4 20 4 46 4 99 32 4 9 4 33 4 33 4 23 22 4 18 4 44 29 4 25 4 56 4 44 4 24 22 4 34 4 10 4 41 22 4 35 4 16 6 4 29 4 31 42 20 72 17 4 26 4 28 4 53 60 20 71 8 4 42 4 34 4 82 33 4 13 4 17 4 14 4 83 30 4 37 4 60 60 4 35 4 47 4 91 21 4 9 4 17 36 4 50 4 19 4 9 24 4 33 4 21 4 99 28 4 31 4 80 45 4 38 4 18 47 4 0 27 4 33 4 27 4 24 36 4 43 4 10 49 4 55 4 66 39 4 22 4 62 6 4 24 4 18 28 4 25 4 105 53 4 33 4 98 44 4 9 4 55 31 4 7 4 35 37 4 53 4 38 4 3 38 4 27 4 72 16 4 30 4 5 4 21 28 4 49 4 39 4 40 42 4 35 4 28 4 50 4 113 14 4 52 4 21 4 10 4 63 38 4 18 4 47 4 56 16 4 53 4 73 60 4 26 4 30 4 20 12 4 16 4 14 4 94 31 4 14 4 40 4 68 5 4 41 4 39 4 29 49 16 34 16 102 23 4 93 36 16 26 16 35 24 4 5 4 4 18 4 35 4 21 4 20 34 4 8 4 17 4 14 4 73 14 4 9 4 62 9 4 30 4 23 4 42 4 51 45 4 10 4 37 4 44 31 4 35 4 5 4 73 16 4 34 4 21 4 41 36 4 9 4 18 4 93 40 4 25 4 25 4 28 4 114 45 4 45 4 16 4 6 4 65 45 4 29 4 45 4 91 11 4 15 4 30 4 81 34 4 51 4 22 4 
iteration 1947 best: 0.949142 time: 550944
26 39 4 9 4 42 4 85 16 4 15 4 29 40 4 34 4 53 4 26 19 4 60 4 15 4 3 27 4 6 4 31 4 105 32 4 50 4 12 4 40 4 34 38 4 25 4 26 4 58 7 4 26 4 41 37 4 29 4 99 19 4 27 4 21 4 19 4 27 22 4 43 4 65 44 4 34 4 46 5 4 21 4 24 4 20 4 46 4 99 32 4 9 4 33 4 33 4 23 22 4 18 4 44 29 4 25 4 56 4 44 4 24 22 4 34 4 10 4 41 22 4 35 4 16 6 4 29 4 31 42 20 72 17 4 26 4 28 4 53 60 20 71 8 4 42 4 34 4 82 33 4 13 4 17 4 14 4 83 30 4 37 4 60 60 4 35 4 47 4 91 21 4 9 4 17 36 4 50 4 19 4 9 24 4 33 4 21 4 99 28 4 31 4 80 45 4 38 4 18 47 4 0 27 4 33 4 27 4 24 36 4 43 4 10 49 4 55 4 66 39 4 22 4 62 6 4 24 4 18 28 4 25 4 105 53 4 33 4 98 44 4 9 4 55 31 4 7 4 35 37 4 53 4 38 4 3 38 4 27 4 72 16 4 30 4 5 4 21 28 4 49 4 39 4 40 42 4 35 4 28 4 50 4 113 14 4 52 4 21 4 10 4 63 38 4 18 4 47 4 56 16 4 53 4 73 60 4 26 4 30 4 20 12 4 16 4 14 4 94 31 4 14 4 40 4 68 5 4 41 4 39 4 29 49 16 34 16 102 23 4 93 36 16 26 16 35 24 4 5 4 4 18 4 35 4 21 4 20 34 4 8 4 17 4 14 4 73 14 4 9 4 62 9 4 30 4 23 4 42 4 51 45 4 10 4 37 4 44 31 4 35 4 5 4 73 16 4 34 4 21 4 41 36 4 9 4 18 4 93 40 4 25 4 25 4 28 4 114 45 4 45 4 16 4 6 4 65 45 4 29 4 45 4 91 11 4 15 4 30 4 81 34 4 51 4 22 4 
iteration 1973 best: 0.949142 time: 558302
26 39 4 9 4 42 4 85 16 4 15 4 29 40 4 34 4 53 4 26 19 4 60 4 15 4 3 27 4 6 4 31 4 105 32 4 50 4 12 4 40 4 34 38 4 25 4 26 4 58 7 4 26 4 41 37 4 29 4 99 19 4 27 4 21 4 19 4 27 22 4 43 4 65 44 4 34 4 46 5 4 21 4 24 4 20 4 46 4 99 32 4 9 4 33 4 33 4 23 22 4 18 4 44 29 4 25 4 56 4 44 4 24 22 4 34 4 10 4 41 22 4 35 4 16 6 4 29 4 31 42 20 72 17 4 26 4 28 4 53 60 20 71 8 4 42 4 34 4 82 33 4 13 4 17 4 14 4 83 30 4 37 4 60 60 4 35 4 47 4 91 21 4 9 4 17 36 4 50 4 19 4 9 24 4 33 4 21 4 99 28 4 31 4 80 45 4 38 4 18 47 4 0 27 4 33 4 27 4 24 36 4 43 4 10 49 4 55 4 66 39 4 22 4 62 6 4 24 4 18 28 4 25 4 105 53 4 33 4 98 44 4 9 4 55 31 4 7 4 35 37 4 53 4 38 4 3 38 4 27 4 72 16 4 30 4 5 4 21 28 4 49 4 39 4 40 42 4 35 4 28 4 50 4 113 14 4 52 4 21 4 10 4 63 38 4 18 4 47 4 56 16 4 53 4 73 60 4 26 4 30 4 20 12 4 16 4 14 4 94 31 4 14 4 40 4 68 5 4 41 4 39 4 29 49 16 34 16 102 23 4 93 36 16 26 16 35 24 4 5 4 4 18 4 35 4 21 4 20 34 4 8 4 17 4 14 4 73 14 4 9 4 62 9 4 30 4 23 4 42 4 51 45 4 10 4 37 4 44 31 4 35 4 5 4 73 16 4 34 4 21 4 41 36 4 9 4 18 4 93 40 4 25 4 25 4 28 4 114 45 4 45 4 16 4 6 4 65 45 4 29 4 45 4 91 11 4 15 4 30 4 81 34 4 51 4 22 4 
iteration 1999 best: 0.949142 time: 565645
26 39 4 9 4 42 4 85 16 4 15 4 29 40 4 34 4 53 4 26 19 4 60 4 15 4 3 27 4 6 4 31 4 105 32 4 50 4 12 4 40 4 34 38 4 25 4 26 4 58 7 4 26 4 41 37 4 29 4 99 19 4 27 4 21 4 19 4 27 22 4 43 4 65 44 4 34 4 46 5 4 21 4 24 4 20 4 46 4 99 32 4 9 4 33 4 33 4 23 22 4 18 4 44 29 4 25 4 56 4 44 4 24 22 4 34 4 10 4 41 22 4 35 4 16 6 4 29 4 31 42 20 72 17 4 26 4 28 4 53 60 20 71 8 4 42 4 34 4 82 33 4 13 4 17 4 14 4 83 30 4 37 4 60 60 4 35 4 47 4 91 21 4 9 4 17 36 4 50 4 19 4 9 24 4 33 4 21 4 99 28 4 31 4 80 45 4 38 4 18 47 4 0 27 4 33 4 27 4 24 36 4 43 4 10 49 4 55 4 66 39 4 22 4 62 6 4 24 4 18 28 4 25 4 105 53 4 33 4 98 44 4 9 4 55 31 4 7 4 35 37 4 53 4 38 4 3 38 4 27 4 72 16 4 30 4 5 4 21 28 4 49 4 39 4 40 42 4 35 4 28 4 50 4 113 14 4 52 4 21 4 10 4 63 38 4 18 4 47 4 56 16 4 53 4 73 60 4 26 4 30 4 20 12 4 16 4 14 4 94 31 4 14 4 40 4 68 5 4 41 4 39 4 29 49 16 34 16 102 23 4 93 36 16 26 16 35 24 4 5 4 4 18 4 35 4 21 4 20 34 4 8 4 17 4 14 4 73 14 4 9 4 62 9 4 30 4 23 4 42 4 51 45 4 10 4 37 4 44 31 4 35 4 5 4 73 16 4 34 4 21 4 41 36 4 9 4 18 4 93 40 4 25 4 25 4 28 4 114 45 4 45 4 16 4 6 4 65 45 4 29 4 45 4 91 11 4 15 4 30 4 81 34 4 51 4 22 4 
iteration 2025 best: 0.949142 time: 572995
26 39 4 9 4 42 4 85 16 4 15 4 29 40 4 34 4 53 4 26 19 4 60 4 15 4 3 27 4 6 4 31 4 105 32 4 50 4 12 4 40 4 34 38 4 25 4 26 4 58 7 4 26 4 41 37 4 29 4 99 19 4 27 4 21 4 19 4 27 22 4 43 4 65 44 4 34 4 46 5 4 21 4 24 4 20 4 46 4 99 32 4 9 4 33 4 33 4 23 22 4 18 4 44 29 4 25 4 56 4 44 4 24 22 4 34 4 10 4 41 22 4 35 4 16 6 4 29 4 31 42 20 72 17 4 26 4 28 4 53 60 20 71 8 4 42 4 34 4 82 33 4 13 4 17 4 14 4 83 30 4 37 4 60 60 4 35 4 47 4 91 21 4 9 4 17 36 4 50 4 19 4 9 24 4 33 4 21 4 99 28 4 31 4 80 45 4 38 4 18 47 4 0 27 4 33 4 27 4 24 36 4 43 4 10 49 4 55 4 66 39 4 22 4 62 6 4 24 4 18 28 4 25 4 105 53 4 33 4 98 44 4 9 4 55 31 4 7 4 35 37 4 53 4 38 4 3 38 4 27 4 72 16 4 30 4 5 4 21 28 4 49 4 39 4 40 42 4 35 4 28 4 50 4 113 14 4 52 4 21 4 10 4 63 38 4 18 4 47 4 56 16 4 53 4 73 60 4 26 4 30 4 20 12 4 16 4 14 4 94 31 4 14 4 40 4 68 5 4 41 4 39 4 29 49 16 34 16 102 23 4 93 36 16 26 16 35 24 4 5 4 4 18 4 35 4 21 4 20 34 4 8 4 17 4 14 4 73 14 4 9 4 62 9 4 30 4 23 4 42 4 51 45 4 10 4 37 4 44 31 4 35 4 5 4 73 16 4 34 4 21 4 41 36 4 9 4 18 4 93 40 4 25 4 25 4 28 4 114 45 4 45 4 16 4 6 4 65 45 4 29 4 45 4 91 11 4 15 4 30 4 81 34 4 51 4 22 4 
iteration 2051 best: 0.949142 time: 580348
26 39 4 9 4 42 4 85 16 4 15 4 29 40 4 34 4 53 4 26 19 4 60 4 15 4 3 27 4 6 4 31 4 105 32 4 50 4 12 4 40 4 34 38 4 25 4 26 4 58 7 4 26 4 41 37 4 29 4 99 19 4 27 4 21 4 19 4 27 22 4 43 4 65 44 4 34 4 46 5 4 21 4 24 4 20 4 46 4 99 32 4 9 4 33 4 33 4 23 22 4 18 4 44 29 4 25 4 56 4 44 4 24 22 4 34 4 10 4 41 22 4 35 4 16 6 4 29 4 31 42 20 72 17 4 26 4 28 4 53 60 20 71 8 4 42 4 34 4 82 33 4 13 4 17 4 14 4 83 30 4 37 4 60 60 4 35 4 47 4 91 21 4 9 4 17 36 4 50 4 19 4 9 24 4 33 4 21 4 99 28 4 31 4 80 45 4 38 4 18 47 4 0 27 4 33 4 27 4 24 36 4 43 4 10 49 4 55 4 66 39 4 22 4 62 6 4 24 4 18 28 4 25 4 105 53 4 33 4 98 44 4 9 4 55 31 4 7 4 35 37 4 53 4 38 4 3 38 4 27 4 72 16 4 30 4 5 4 21 28 4 49 4 39 4 40 42 4 35 4 28 4 50 4 113 14 4 52 4 21 4 10 4 63 38 4 18 4 47 4 56 16 4 53 4 73 60 4 26 4 30 4 20 12 4 16 4 14 4 94 31 4 14 4 40 4 68 5 4 41 4 39 4 29 49 16 34 16 102 23 4 93 36 16 26 16 35 24 4 5 4 4 18 4 35 4 21 4 20 34 4 8 4 17 4 14 4 73 14 4 9 4 62 9 4 30 4 23 4 42 4 51 45 4 10 4 37 4 44 31 4 35 4 5 4 73 16 4 34 4 21 4 41 36 4 9 4 18 4 93 40 4 25 4 25 4 28 4 114 45 4 45 4 16 4 6 4 65 45 4 29 4 45 4 91 11 4 15 4 30 4 81 34 4 51 4 22 4 
iteration 2077 best: 0.949142 time: 587678
26 39 4 9 4 42 4 85 16 4 15 4 29 40 4 34 4 53 4 26 19 4 60 4 15 4 3 27 4 6 4 31 4 105 32 4 50 4 12 4 40 4 34 38 4 25 4 26 4 58 7 4 26 4 41 37 4 29 4 99 19 4 27 4 21 4 19 4 27 22 4 43 4 65 44 4 34 4 46 5 4 21 4 24 4 20 4 46 4 99 32 4 9 4 33 4 33 4 23 22 4 18 4 44 29 4 25 4 56 4 44 4 24 22 4 34 4 10 4 41 22 4 35 4 16 6 4 29 4 31 42 20 72 17 4 26 4 28 4 53 60 20 71 8 4 42 4 34 4 82 33 4 13 4 17 4 14 4 83 30 4 37 4 60 60 4 35 4 47 4 91 21 4 9 4 17 36 4 50 4 19 4 9 24 4 33 4 21 4 99 28 4 31 4 80 45 4 38 4 18 47 4 0 27 4 33 4 27 4 24 36 4 43 4 10 49 4 55 4 66 39 4 22 4 62 6 4 24 4 18 28 4 25 4 105 53 4 33 4 98 44 4 9 4 55 31 4 7 4 35 37 4 53 4 38 4 3 38 4 27 4 72 16 4 30 4 5 4 21 28 4 49 4 39 4 40 42 4 35 4 28 4 50 4 113 14 4 52 4 21 4 10 4 63 38 4 18 4 47 4 56 16 4 53 4 73 60 4 26 4 30 4 20 12 4 16 4 14 4 94 31 4 14 4 40 4 68 5 4 41 4 39 4 29 49 16 34 16 102 23 4 93 36 16 26 16 35 24 4 5 4 4 18 4 35 4 21 4 20 34 4 8 4 17 4 14 4 73 14 4 9 4 62 9 4 30 4 23 4 42 4 51 45 4 10 4 37 4 44 31 4 35 4 5 4 73 16 4 34 4 21 4 41 36 4 9 4 18 4 93 40 4 25 4 25 4 28 4 114 45 4 45 4 16 4 6 4 65 45 4 29 4 45 4 91 11 4 15 4 30 4 81 34 4 51 4 22 4 
iteration 2103 best: 0.949142 time: 595001
26 39 4 9 4 42 4 85 16 4 15 4 29 40 4 34 4 53 4 26 19 4 60 4 15 4 3 27 4 6 4 31 4 105 32 4 50 4 12 4 40 4 34 38 4 25 4 26 4 58 7 4 26 4 41 37 4 29 4 99 19 4 27 4 21 4 19 4 27 22 4 43 4 65 44 4 34 4 46 5 4 21 4 24 4 20 4 46 4 99 32 4 9 4 33 4 33 4 23 22 4 18 4 44 29 4 25 4 56 4 44 4 24 22 4 34 4 10 4 41 22 4 35 4 16 6 4 29 4 31 42 20 72 17 4 26 4 28 4 53 60 20 71 8 4 42 4 34 4 82 33 4 13 4 17 4 14 4 83 30 4 37 4 60 60 4 35 4 47 4 91 21 4 9 4 17 36 4 50 4 19 4 9 24 4 33 4 21 4 99 28 4 31 4 80 45 4 38 4 18 47 4 0 27 4 33 4 27 4 24 36 4 43 4 10 49 4 55 4 66 39 4 22 4 62 6 4 24 4 18 28 4 25 4 105 53 4 33 4 98 44 4 9 4 55 31 4 7 4 35 37 4 53 4 38 4 3 38 4 27 4 72 16 4 30 4 5 4 21 28 4 49 4 39 4 40 42 4 35 4 28 4 50 4 113 14 4 52 4 21 4 10 4 63 38 4 18 4 47 4 56 16 4 53 4 73 60 4 26 4 30 4 20 12 4 16 4 14 4 94 31 4 14 4 40 4 68 5 4 41 4 39 4 29 49 16 34 16 102 23 4 93 36 16 26 16 35 24 4 5 4 4 18 4 35 4 21 4 20 34 4 8 4 17 4 14 4 73 14 4 9 4 62 9 4 30 4 23 4 42 4 51 45 4 10 4 37 4 44 31 4 35 4 5 4 73 16 4 34 4 21 4 41 36 4 9 4 18 4 93 40 4 25 4 25 4 28 4 114 45 4 45 4 16 4 6 4 65 45 4 29 4 45 4 91 11 4 15 4 30 4 81 34 4 51 4 22 4 
iteration 2129 best: 0.949142 time: 602337
26 39 4 9 4 42 4 85 16 4 15 4 29 40 4 34 4 53 4 26 19 4 60 4 15 4 3 27 4 6 4 31 4 105 32 4 50 4 12 4 40 4 34 38 4 25 4 26 4 58 7 4 26 4 41 37 4 29 4 99 19 4 27 4 21 4 19 4 27 22 4 43 4 65 44 4 34 4 46 5 4 21 4 24 4 20 4 46 4 99 32 4 9 4 33 4 33 4 23 22 4 18 4 44 29 4 25 4 56 4 44 4 24 22 4 34 4 10 4 41 22 4 35 4 16 6 4 29 4 31 42 20 72 17 4 26 4 28 4 53 60 20 71 8 4 42 4 34 4 82 33 4 13 4 17 4 14 4 83 30 4 37 4 60 60 4 35 4 47 4 91 21 4 9 4 17 36 4 50 4 19 4 9 24 4 33 4 21 4 99 28 4 31 4 80 45 4 38 4 18 47 4 0 27 4 33 4 27 4 24 36 4 43 4 10 49 4 55 4 66 39 4 22 4 62 6 4 24 4 18 28 4 25 4 105 53 4 33 4 98 44 4 9 4 55 31 4 7 4 35 37 4 53 4 38 4 3 38 4 27 4 72 16 4 30 4 5 4 21 28 4 49 4 39 4 40 42 4 35 4 28 4 50 4 113 14 4 52 4 21 4 10 4 63 38 4 18 4 47 4 56 16 4 53 4 73 60 4 26 4 30 4 20 12 4 16 4 14 4 94 31 4 14 4 40 4 68 5 4 41 4 39 4 29 49 16 34 16 102 23 4 93 36 16 26 16 35 24 4 5 4 4 18 4 35 4 21 4 20 34 4 8 4 17 4 14 4 73 14 4 9 4 62 9 4 30 4 23 4 42 4 51 45 4 10 4 37 4 44 31 4 35 4 5 4 73 16 4 34 4 21 4 41 36 4 9 4 18 4 93 40 4 25 4 25 4 28 4 114 45 4 45 4 16 4 6 4 65 45 4 29 4 45 4 91 11 4 15 4 30 4 81 34 4 51 4 22 4 
Best solution: 
26 39 4 9 4 42 4 85 16 4 15 4 29 40 4 34 4 53 4 26 19 4 60 4 15 4 3 27 4 6 4 31 4 105 32 4 50 4 12 4 40 4 34 38 4 25 4 26 4 58 7 4 26 4 41 37 4 29 4 99 19 4 27 4 21 4 19 4 27 22 4 43 4 65 44 4 34 4 46 5 4 21 4 24 4 20 4 46 4 99 32 4 9 4 33 4 33 4 23 22 4 18 4 44 29 4 25 4 56 4 44 4 24 22 4 34 4 10 4 41 22 4 35 4 16 6 4 29 4 31 42 20 72 17 4 26 4 28 4 53 60 20 71 8 4 42 4 34 4 82 33 4 13 4 17 4 14 4 83 30 4 37 4 60 60 4 35 4 47 4 91 21 4 9 4 17 36 4 50 4 19 4 9 24 4 33 4 21 4 99 28 4 31 4 80 45 4 38 4 18 47 4 0 27 4 33 4 27 4 24 36 4 43 4 10 49 4 55 4 66 39 4 22 4 62 6 4 24 4 18 28 4 25 4 105 53 4 33 4 98 44 4 9 4 55 31 4 7 4 35 37 4 53 4 38 4 3 38 4 27 4 72 16 4 30 4 5 4 21 28 4 49 4 39 4 40 42 4 35 4 28 4 50 4 113 14 4 52 4 21 4 10 4 63 38 4 18 4 47 4 56 16 4 53 4 73 60 4 26 4 30 4 20 12 4 16 4 14 4 94 31 4 14 4 40 4 68 5 4 41 4 39 4 29 49 16 34 16 102 23 4 93 36 16 26 16 35 24 4 5 4 4 18 4 35 4 21 4 20 34 4 8 4 17 4 14 4 73 14 4 9 4 62 9 4 30 4 23 4 42 4 51 45 4 10 4 37 4 44 31 4 35 4 5 4 73 16 4 34 4 21 4 41 36 4 9 4 18 4 93 40 4 25 4 25 4 28 4 114 45 4 45 4 16 4 6 4 65 45 4 29 4 45 4 91 11 4 15 4 30 4 81 34 4 51 4 22 4 
Fitness: 0.949142
