iteration 22 best: 1.01051 time: 7229
35 31 4 27 4 40 4 95 18 4 14 4 92 33 4 26 4 7 4 67 45 4 51 4 15 4 47 52 4 15 4 43 4 80 43 4 35 4 43 4 38 4 53 14 4 7 4 21 4 2 30 4 33 4 61 38 4 6 4 65 14 4 39 4 53 4 47 4 20 36 4 23 4 48 16 4 34 4 3 16 4 41 4 47 4 22 4 45 4 13 31 4 23 4 55 4 44 4 48 51 4 31 4 64 56 4 32 4 25 4 11 4 31 36 4 39 4 22 4 7 49 4 16 4 95 5 4 31 4 33 56 20 25 12 4 43 4 35 4 95 43 20 52 22 4 9 4 35 4 15 56 4 38 4 41 4 23 4 61 51 4 12 4 62 58 4 55 4 38 4 98 8 4 57 4 73 29 4 18 4 24 4 89 11 4 34 4 29 4 69 8 4 24 4 55 49 4 40 4 30 23 4 51 53 4 39 4 24 4 89 20 4 25 4 73 9 4 49 4 87 24 4 35 4 61 15 4 18 4 63 31 4 55 4 38 47 4 41 4 19 32 4 17 4 49 50 4 29 4 93 25 4 44 4 37 4 107 41 4 14 4 93 35 4 20 4 22 4 57 51 4 22 4 24 4 97 36 4 12 4 34 4 19 4 21 45 4 11 4 33 4 39 4 9 51 4 43 4 45 4 81 19 4 35 4 65 23 4 46 4 22 4 7 8 4 19 4 38 4 32 58 4 17 4 54 4 51 33 4 35 4 48 4 80 58 16 23 16 68 22 4 24 31 16 18 16 17 7 4 48 4 69 36 4 46 4 56 4 81 49 4 5 4 37 4 8 4 70 35 4 32 4 44 15 4 24 4 21 4 52 4 76 38 4 23 4 34 4 102 9 4 27 4 50 4 32 52 4 39 4 23 4 53 27 4 36 4 30 4 17 45 4 7 4 28 4 45 4 92 22 4 41 4 14 4 14 4 58 57 4 47 4 19 4 61 35 4 8 4 38 4 67 15 4 40 4 18 4 
iteration 47 best: 1.01051 time: 14556
35 31 4 27 4 40 4 95 18 4 14 4 92 33 4 26 4 7 4 67 45 4 51 4 15 4 47 52 4 15 4 43 4 80 43 4 35 4 43 4 38 4 53 14 4 7 4 21 4 2 30 4 33 4 61 38 4 6 4 65 14 4 39 4 53 4 47 4 20 36 4 23 4 48 16 4 34 4 3 16 4 41 4 47 4 22 4 45 4 13 31 4 23 4 55 4 44 4 48 51 4 31 4 64 56 4 32 4 25 4 11 4 31 36 4 39 4 22 4 7 49 4 16 4 95 5 4 31 4 33 56 20 25 12 4 43 4 35 4 95 43 20 52 22 4 9 4 35 4 15 56 4 38 4 41 4 23 4 61 51 4 12 4 62 58 4 55 4 38 4 98 8 4 57 4 73 29 4 18 4 24 4 89 11 4 34 4 29 4 69 8 4 24 4 55 49 4 40 4 30 23 4 51 53 4 39 4 24 4 89 20 4 25 4 73 9 4 49 4 87 24 4 35 4 61 15 4 18 4 63 31 4 55 4 38 47 4 41 4 19 32 4 17 4 49 50 4 29 4 93 25 4 44 4 37 4 107 41 4 14 4 93 35 4 20 4 22 4 57 51 4 22 4 24 4 97 36 4 12 4 34 4 19 4 21 45 4 11 4 33 4 39 4 9 51 4 43 4 45 4 81 19 4 35 4 65 23 4 46 4 22 4 7 8 4 19 4 38 4 32 58 4 17 4 54 4 51 33 4 35 4 48 4 80 58 16 23 16 68 22 4 24 31 16 18 16 17 7 4 48 4 69 36 4 46 4 56 4 81 49 4 5 4 37 4 8 4 70 35 4 32 4 44 15 4 24 4 21 4 52 4 76 38 4 23 4 34 4 102 9 4 27 4 50 4 32 52 4 39 4 23 4 53 27 4 36 4 30 4 17 45 4 7 4 28 4 45 4 92 22 4 41 4 14 4 14 4 58 57 4 47 4 19 4 61 35 4 8 4 38 4 67 15 4 40 4 18 4 
iteration 72 best: 1.01051 time: 21915
35 31 4 27 4 40 4 95 18 4 14 4 92 33 4 26 4 7 4 67 45 4 51 4 15 4 47 52 4 15 4 43 4 80 43 4 35 4 43 4 38 4 53 14 4 7 4 21 4 2 30 4 33 4 61 38 4 6 4 65 14 4 39 4 53 4 47 4 20 36 4 23 4 48 16 4 34 4 3 16 4 41 4 47 4 22 4 45 4 13 31 4 23 4 55 4 44 4 48 51 4 31 4 64 56 4 32 4 25 4 11 4 31 36 4 39 4 22 4 7 49 4 16 4 95 5 4 31 4 33 56 20 25 12 4 43 4 35 4 95 43 20 52 22 4 9 4 35 4 15 56 4 38 4 41 4 23 4 61 51 4 12 4 62 58 4 55 4 38 4 98 8 4 57 4 73 29 4 18 4 24 4 89 11 4 34 4 29 4 69 8 4 24 4 55 49 4 40 4 30 23 4 51 53 4 39 4 24 4 89 20 4 25 4 73 9 4 49 4 87 24 4 35 4 61 15 4 18 4 63 31 4 55 4 38 47 4 41 4 19 32 4 17 4 49 50 4 29 4 93 25 4 44 4 37 4 107 41 4 14 4 93 35 4 20 4 22 4 57 51 4 22 4 24 4 97 36 4 12 4 34 4 19 4 21 45 4 11 4 33 4 39 4 9 51 4 43 4 45 4 81 19 4 35 4 65 23 4 46 4 22 4 7 8 4 19 4 38 4 32 58 4 17 4 54 4 51 33 4 35 4 48 4 80 58 16 23 16 68 22 4 24 31 16 18 16 17 7 4 48 4 69 36 4 46 4 56 4 81 49 4 5 4 37 4 8 4 70 35 4 32 4 44 15 4 24 4 21 4 52 4 76 38 4 23 4 34 4 102 9 4 27 4 50 4 32 52 4 39 4 23 4 53 27 4 36 4 30 4 17 45 4 7 4 28 4 45 4 92 22 4 41 4 14 4 14 4 58 57 4 47 4 19 4 61 35 4 8 4 38 4 67 15 4 40 4 18 4 
iteration 97 best: 1.01051 time: 29314
35 31 4 27 4 40 4 95 18 4 14 4 92 33 4 26 4 7 4 67 45 4 51 4 15 4 47 52 4 15 4 43 4 80 43 4 35 4 43 4 38 4 53 14 4 7 4 21 4 2 30 4 33 4 61 38 4 6 4 65 14 4 39 4 53 4 47 4 20 36 4 23 4 48 16 4 34 4 3 16 4 41 4 47 4 22 4 45 4 13 31 4 23 4 55 4 44 4 48 51 4 31 4 64 56 4 32 4 25 4 11 4 31 36 4 39 4 22 4 7 49 4 16 4 95 5 4 31 4 33 56 20 25 12 4 43 4 35 4 95 43 20 52 22 4 9 4 35 4 15 56 4 38 4 41 4 23 4 61 51 4 12 4 62 58 4 55 4 38 4 98 8 4 57 4 73 29 4 18 4 24 4 89 11 4 34 4 29 4 69 8 4 24 4 55 49 4 40 4 30 23 4 51 53 4 39 4 24 4 89 20 4 25 4 73 9 4 49 4 87 24 4 35 4 61 15 4 18 4 63 31 4 55 4 38 47 4 41 4 19 32 4 17 4 49 50 4 29 4 93 25 4 44 4 37 4 107 41 4 14 4 93 35 4 20 4 22 4 57 51 4 22 4 24 4 97 36 4 12 4 34 4 19 4 21 45 4 11 4 33 4 39 4 9 51 4 43 4 45 4 81 19 4 35 4 65 23 4 46 4 22 4 7 8 4 19 4 38 4 32 58 4 17 4 54 4 51 33 4 35 4 48 4 80 58 16 23 16 68 22 4 24 31 16 18 16 17 7 4 48 4 69 36 4 46 4 56 4 81 49 4 5 4 37 4 8 4 70 35 4 32 4 44 15 4 24 4 21 4 52 4 76 38 4 23 4 34 4 102 9 4 27 4 50 4 32 52 4 39 4 23 4 53 27 4 36 4 30 4 17 45 4 7 4 28 4 45 4 92 22 4 41 4 14 4 14 4 58 57 4 47 4 19 4 61 35 4 8 4 38 4 67 15 4 40 4 18 4 
iteration 122 best: 1.01051 time: 36682
35 31 4 27 4 40 4 95 18 4 14 4 92 33 4 26 4 7 4 67 45 4 51 4 15 4 47 52 4 15 4 43 4 80 43 4 35 4 43 4 38 4 53 14 4 7 4 21 4 2 30 4 33 4 61 38 4 6 4 65 14 4 39 4 53 4 47 4 20 36 4 23 4 48 16 4 34 4 3 16 4 41 4 47 4 22 4 45 4 13 31 4 23 4 55 4 44 4 48 51 4 31 4 64 56 4 32 4 25 4 11 4 31 36 4 39 4 22 4 7 49 4 16 4 95 5 4 31 4 33 56 20 25 12 4 43 4 35 4 95 43 20 52 22 4 9 4 35 4 15 56 4 38 4 41 4 23 4 61 51 4 12 4 62 58 4 55 4 38 4 98 8 4 57 4 73 29 4 18 4 24 4 89 11 4 34 4 29 4 69 8 4 24 4 55 49 4 40 4 30 23 4 51 53 4 39 4 24 4 89 20 4 25 4 73 9 4 49 4 87 24 4 35 4 61 15 4 18 4 63 31 4 55 4 38 47 4 41 4 19 32 4 17 4 49 50 4 29 4 93 25 4 44 4 37 4 107 41 4 14 4 93 35 4 20 4 22 4 57 51 4 22 4 24 4 97 36 4 12 4 34 4 19 4 21 45 4 11 4 33 4 39 4 9 51 4 43 4 45 4 81 19 4 35 4 65 23 4 46 4 22 4 7 8 4 19 4 38 4 32 58 4 17 4 54 4 51 33 4 35 4 48 4 80 58 16 23 16 68 22 4 24 31 16 18 16 17 7 4 48 4 69 36 4 46 4 56 4 81 49 4 5 4 37 4 8 4 70 35 4 32 4 44 15 4 24 4 21 4 52 4 76 38 4 23 4 34 4 102 9 4 27 4 50 4 32 52 4 39 4 23 4 53 27 4 36 4 30 4 17 45 4 7 4 28 4 45 4 92 22 4 41 4 14 4 14 4 58 57 4 47 4 19 4 61 35 4 8 4 38 4 67 15 4 40 4 18 4 
iteration 147 best: 1.01051 time: 44068
35 31 4 27 4 40 4 95 18 4 14 4 92 33 4 26 4 7 4 67 45 4 51 4 15 4 47 52 4 15 4 43 4 80 43 4 35 4 43 4 38 4 53 14 4 7 4 21 4 2 30 4 33 4 61 38 4 6 4 65 14 4 39 4 53 4 47 4 20 36 4 23 4 48 16 4 34 4 3 16 4 41 4 47 4 22 4 45 4 13 31 4 23 4 55 4 44 4 48 51 4 31 4 64 56 4 32 4 25 4 11 4 31 36 4 39 4 22 4 7 49 4 16 4 95 5 4 31 4 33 56 20 25 12 4 43 4 35 4 95 43 20 52 22 4 9 4 35 4 15 56 4 38 4 41 4 23 4 61 51 4 12 4 62 58 4 55 4 38 4 98 8 4 57 4 73 29 4 18 4 24 4 89 11 4 34 4 29 4 69 8 4 24 4 55 49 4 40 4 30 23 4 51 53 4 39 4 24 4 89 20 4 25 4 73 9 4 49 4 87 24 4 35 4 61 15 4 18 4 63 31 4 55 4 38 47 4 41 4 19 32 4 17 4 49 50 4 29 4 93 25 4 44 4 37 4 107 41 4 14 4 93 35 4 20 4 22 4 57 51 4 22 4 24 4 97 36 4 12 4 34 4 19 4 21 45 4 11 4 33 4 39 4 9 51 4 43 4 45 4 81 19 4 35 4 65 23 4 46 4 22 4 7 8 4 19 4 38 4 32 58 4 17 4 54 4 51 33 4 35 4 48 4 80 58 16 23 16 68 22 4 24 31 16 18 16 17 7 4 48 4 69 36 4 46 4 56 4 81 49 4 5 4 37 4 8 4 70 35 4 32 4 44 15 4 24 4 21 4 52 4 76 38 4 23 4 34 4 102 9 4 27 4 50 4 32 52 4 39 4 23 4 53 27 4 36 4 30 4 17 45 4 7 4 28 4 45 4 92 22 4 41 4 14 4 14 4 58 57 4 47 4 19 4 61 35 4 8 4 38 4 67 15 4 40 4 18 4 
iteration 172 best: 1.01051 time: 51424
35 31 4 27 4 40 4 95 18 4 14 4 92 33 4 26 4 7 4 67 45 4 51 4 15 4 47 52 4 15 4 43 4 80 43 4 35 4 43 4 38 4 53 14 4 7 4 21 4 2 30 4 33 4 61 38 4 6 4 65 14 4 39 4 53 4 47 4 20 36 4 23 4 48 16 4 34 4 3 16 4 41 4 47 4 22 4 45 4 13 31 4 23 4 55 4 44 4 48 51 4 31 4 64 56 4 32 4 25 4 11 4 31 36 4 39 4 22 4 7 49 4 16 4 95 5 4 31 4 33 56 20 25 12 4 43 4 35 4 95 43 20 52 22 4 9 4 35 4 15 56 4 38 4 41 4 23 4 61 51 4 12 4 62 58 4 55 4 38 4 98 8 4 57 4 73 29 4 18 4 24 4 89 11 4 34 4 29 4 69 8 4 24 4 55 49 4 40 4 30 23 4 51 53 4 39 4 24 4 89 20 4 25 4 73 9 4 49 4 87 24 4 35 4 61 15 4 18 4 63 31 4 55 4 38 47 4 41 4 19 32 4 17 4 49 50 4 29 4 93 25 4 44 4 37 4 107 41 4 14 4 93 35 4 20 4 22 4 57 51 4 22 4 24 4 97 36 4 12 4 34 4 19 4 21 45 4 11 4 33 4 39 4 9 51 4 43 4 45 4 81 19 4 35 4 65 23 4 46 4 22 4 7 8 4 19 4 38 4 32 58 4 17 4 54 4 51 33 4 35 4 48 4 80 58 16 23 16 68 22 4 24 31 16 18 16 17 7 4 48 4 69 36 4 46 4 56 4 81 49 4 5 4 37 4 8 4 70 35 4 32 4 44 15 4 24 4 21 4 52 4 76 38 4 23 4 34 4 102 9 4 27 4 50 4 32 52 4 39 4 23 4 53 27 4 36 4 30 4 17 45 4 7 4 28 4 45 4 92 22 4 41 4 14 4 14 4 58 57 4 47 4 19 4 61 35 4 8 4 38 4 67 15 4 40 4 18 4 
iteration 197 best: 1.01051 time: 58754
35 31 4 27 4 40 4 95 18 4 14 4 92 33 4 26 4 7 4 67 45 4 51 4 15 4 47 52 4 15 4 43 4 80 43 4 35 4 43 4 38 4 53 14 4 7 4 21 4 2 30 4 33 4 61 38 4 6 4 65 14 4 39 4 53 4 47 4 20 36 4 23 4 48 16 4 34 4 3 16 4 41 4 47 4 22 4 45 4 13 31 4 23 4 55 4 44 4 48 51 4 31 4 64 56 4 32 4 25 4 11 4 31 36 4 39 4 22 4 7 49 4 16 4 95 5 4 31 4 33 56 20 25 12 4 43 4 35 4 95 43 20 52 22 4 9 4 35 4 15 56 4 38 4 41 4 23 4 61 51 4 12 4 62 58 4 55 4 38 4 98 8 4 57 4 73 29 4 18 4 24 4 89 11 4 34 4 29 4 69 8 4 24 4 55 49 4 40 4 30 23 4 51 53 4 39 4 24 4 89 20 4 25 4 73 9 4 49 4 87 24 4 35 4 61 15 4 18 4 63 31 4 55 4 38 47 4 41 4 19 32 4 17 4 49 50 4 29 4 93 25 4 44 4 37 4 107 41 4 14 4 93 35 4 20 4 22 4 57 51 4 22 4 24 4 97 36 4 12 4 34 4 19 4 21 45 4 11 4 33 4 39 4 9 51 4 43 4 45 4 81 19 4 35 4 65 23 4 46 4 22 4 7 8 4 19 4 38 4 32 58 4 17 4 54 4 51 33 4 35 4 48 4 80 58 16 23 16 68 22 4 24 31 16 18 16 17 7 4 48 4 69 36 4 46 4 56 4 81 49 4 5 4 37 4 8 4 70 35 4 32 4 44 15 4 24 4 21 4 52 4 76 38 4 23 4 34 4 102 9 4 27 4 50 4 32 52 4 39 4 23 4 53 27 4 36 4 30 4 17 45 4 7 4 28 4 45 4 92 22 4 41 4 14 4 14 4 58 57 4 47 4 19 4 61 35 4 8 4 38 4 67 15 4 40 4 18 4 
iteration 222 best: 1.01051 time: 66092
35 31 4 27 4 40 4 95 18 4 14 4 92 33 4 26 4 7 4 67 45 4 51 4 15 4 47 52 4 15 4 43 4 80 43 4 35 4 43 4 38 4 53 14 4 7 4 21 4 2 30 4 33 4 61 38 4 6 4 65 14 4 39 4 53 4 47 4 20 36 4 23 4 48 16 4 34 4 3 16 4 41 4 47 4 22 4 45 4 13 31 4 23 4 55 4 44 4 48 51 4 31 4 64 56 4 32 4 25 4 11 4 31 36 4 39 4 22 4 7 49 4 16 4 95 5 4 31 4 33 56 20 25 12 4 43 4 35 4 95 43 20 52 22 4 9 4 35 4 15 56 4 38 4 41 4 23 4 61 51 4 12 4 62 58 4 55 4 38 4 98 8 4 57 4 73 29 4 18 4 24 4 89 11 4 34 4 29 4 69 8 4 24 4 55 49 4 40 4 30 23 4 51 53 4 39 4 24 4 89 20 4 25 4 73 9 4 49 4 87 24 4 35 4 61 15 4 18 4 63 31 4 55 4 38 47 4 41 4 19 32 4 17 4 49 50 4 29 4 93 25 4 44 4 37 4 107 41 4 14 4 93 35 4 20 4 22 4 57 51 4 22 4 24 4 97 36 4 12 4 34 4 19 4 21 45 4 11 4 33 4 39 4 9 51 4 43 4 45 4 81 19 4 35 4 65 23 4 46 4 22 4 7 8 4 19 4 38 4 32 58 4 17 4 54 4 51 33 4 35 4 48 4 80 58 16 23 16 68 22 4 24 31 16 18 16 17 7 4 48 4 69 36 4 46 4 56 4 81 49 4 5 4 37 4 8 4 70 35 4 32 4 44 15 4 24 4 21 4 52 4 76 38 4 23 4 34 4 102 9 4 27 4 50 4 32 52 4 39 4 23 4 53 27 4 36 4 30 4 17 45 4 7 4 28 4 45 4 92 22 4 41 4 14 4 14 4 58 57 4 47 4 19 4 61 35 4 8 4 38 4 67 15 4 40 4 18 4 
iteration 247 best: 1.01051 time: 73440
35 31 4 27 4 40 4 95 18 4 14 4 92 33 4 26 4 7 4 67 45 4 51 4 15 4 47 52 4 15 4 43 4 80 43 4 35 4 43 4 38 4 53 14 4 7 4 21 4 2 30 4 33 4 61 38 4 6 4 65 14 4 39 4 53 4 47 4 20 36 4 23 4 48 16 4 34 4 3 16 4 41 4 47 4 22 4 45 4 13 31 4 23 4 55 4 44 4 48 51 4 31 4 64 56 4 32 4 25 4 11 4 31 36 4 39 4 22 4 7 49 4 16 4 95 5 4 31 4 33 56 20 25 12 4 43 4 35 4 95 43 20 52 22 4 9 4 35 4 15 56 4 38 4 41 4 23 4 61 51 4 12 4 62 58 4 55 4 38 4 98 8 4 57 4 73 29 4 18 4 24 4 89 11 4 34 4 29 4 69 8 4 24 4 55 49 4 40 4 30 23 4 51 53 4 39 4 24 4 89 20 4 25 4 73 9 4 49 4 87 24 4 35 4 61 15 4 18 4 63 31 4 55 4 38 47 4 41 4 19 32 4 17 4 49 50 4 29 4 93 25 4 44 4 37 4 107 41 4 14 4 93 35 4 20 4 22 4 57 51 4 22 4 24 4 97 36 4 12 4 34 4 19 4 21 45 4 11 4 33 4 39 4 9 51 4 43 4 45 4 81 19 4 35 4 65 23 4 46 4 22 4 7 8 4 19 4 38 4 32 58 4 17 4 54 4 51 33 4 35 4 48 4 80 58 16 23 16 68 22 4 24 31 16 18 16 17 7 4 48 4 69 36 4 46 4 56 4 81 49 4 5 4 37 4 8 4 70 35 4 32 4 44 15 4 24 4 21 4 52 4 76 38 4 23 4 34 4 102 9 4 27 4 50 4 32 52 4 39 4 23 4 53 27 4 36 4 30 4 17 45 4 7 4 28 4 45 4 92 22 4 41 4 14 4 14 4 58 57 4 47 4 19 4 61 35 4 8 4 38 4 67 15 4 40 4 18 4 
iteration 272 best: 1.01051 time: 80768
35 31 4 27 4 40 4 95 18 4 14 4 92 33 4 26 4 7 4 67 45 4 51 4 15 4 47 52 4 15 4 43 4 80 43 4 35 4 43 4 38 4 53 14 4 7 4 21 4 2 30 4 33 4 61 38 4 6 4 65 14 4 39 4 53 4 47 4 20 36 4 23 4 48 16 4 34 4 3 16 4 41 4 47 4 22 4 45 4 13 31 4 23 4 55 4 44 4 48 51 4 31 4 64 56 4 32 4 25 4 11 4 31 36 4 39 4 22 4 7 49 4 16 4 95 5 4 31 4 33 56 20 25 12 4 43 4 35 4 95 43 20 52 22 4 9 4 35 4 15 56 4 38 4 41 4 23 4 61 51 4 12 4 62 58 4 55 4 38 4 98 8 4 57 4 73 29 4 18 4 24 4 89 11 4 34 4 29 4 69 8 4 24 4 55 49 4 40 4 30 23 4 51 53 4 39 4 24 4 89 20 4 25 4 73 9 4 49 4 87 24 4 35 4 61 15 4 18 4 63 31 4 55 4 38 47 4 41 4 19 32 4 17 4 49 50 4 29 4 93 25 4 44 4 37 4 107 41 4 14 4 93 35 4 20 4 22 4 57 51 4 22 4 24 4 97 36 4 12 4 34 4 19 4 21 45 4 11 4 33 4 39 4 9 51 4 43 4 45 4 81 19 4 35 4 65 23 4 46 4 22 4 7 8 4 19 4 38 4 32 58 4 17 4 54 4 51 33 4 35 4 48 4 80 58 16 23 16 68 22 4 24 31 16 18 16 17 7 4 48 4 69 36 4 46 4 56 4 81 49 4 5 4 37 4 8 4 70 35 4 32 4 44 15 4 24 4 21 4 52 4 76 38 4 23 4 34 4 102 9 4 27 4 50 4 32 52 4 39 4 23 4 53 27 4 36 4 30 4 17 45 4 7 4 28 4 45 4 92 22 4 41 4 14 4 14 4 58 57 4 47 4 19 4 61 35 4 8 4 38 4 67 15 4 40 4 18 4 
iteration 297 best: 1.01051 time: 88124
35 31 4 27 4 40 4 95 18 4 14 4 92 33 4 26 4 7 4 67 45 4 51 4 15 4 47 52 4 15 4 43 4 80 43 4 35 4 43 4 38 4 53 14 4 7 4 21 4 2 30 4 33 4 61 38 4 6 4 65 14 4 39 4 53 4 47 4 20 36 4 23 4 48 16 4 34 4 3 16 4 41 4 47 4 22 4 45 4 13 31 4 23 4 55 4 44 4 48 51 4 31 4 64 56 4 32 4 25 4 11 4 31 36 4 39 4 22 4 7 49 4 16 4 95 5 4 31 4 33 56 20 25 12 4 43 4 35 4 95 43 20 52 22 4 9 4 35 4 15 56 4 38 4 41 4 23 4 61 51 4 12 4 62 58 4 55 4 38 4 98 8 4 57 4 73 29 4 18 4 24 4 89 11 4 34 4 29 4 69 8 4 24 4 55 49 4 40 4 30 23 4 51 53 4 39 4 24 4 89 20 4 25 4 73 9 4 49 4 87 24 4 35 4 61 15 4 18 4 63 31 4 55 4 38 47 4 41 4 19 32 4 17 4 49 50 4 29 4 93 25 4 44 4 37 4 107 41 4 14 4 93 35 4 20 4 22 4 57 51 4 22 4 24 4 97 36 4 12 4 34 4 19 4 21 45 4 11 4 33 4 39 4 9 51 4 43 4 45 4 81 19 4 35 4 65 23 4 46 4 22 4 7 8 4 19 4 38 4 32 58 4 17 4 54 4 51 33 4 35 4 48 4 80 58 16 23 16 68 22 4 24 31 16 18 16 17 7 4 48 4 69 36 4 46 4 56 4 81 49 4 5 4 37 4 8 4 70 35 4 32 4 44 15 4 24 4 21 4 52 4 76 38 4 23 4 34 4 102 9 4 27 4 50 4 32 52 4 39 4 23 4 53 27 4 36 4 30 4 17 45 4 7 4 28 4 45 4 92 22 4 41 4 14 4 14 4 58 57 4 47 4 19 4 61 35 4 8 4 38 4 67 15 4 40 4 18 4 
iteration 322 best: 1.01051 time: 95473
35 31 4 27 4 40 4 95 18 4 14 4 92 33 4 26 4 7 4 67 45 4 51 4 15 4 47 52 4 15 4 43 4 80 43 4 35 4 43 4 38 4 53 14 4 7 4 21 4 2 30 4 33 4 61 38 4 6 4 65 14 4 39 4 53 4 47 4 20 36 4 23 4 48 16 4 34 4 3 16 4 41 4 47 4 22 4 45 4 13 31 4 23 4 55 4 44 4 48 51 4 31 4 64 56 4 32 4 25 4 11 4 31 36 4 39 4 22 4 7 49 4 16 4 95 5 4 31 4 33 56 20 25 12 4 43 4 35 4 95 43 20 52 22 4 9 4 35 4 15 56 4 38 4 41 4 23 4 61 51 4 12 4 62 58 4 55 4 38 4 98 8 4 57 4 73 29 4 18 4 24 4 89 11 4 34 4 29 4 69 8 4 24 4 55 49 4 40 4 30 23 4 51 53 4 39 4 24 4 89 20 4 25 4 73 9 4 49 4 87 24 4 35 4 61 15 4 18 4 63 31 4 55 4 38 47 4 41 4 19 32 4 17 4 49 50 4 29 4 93 25 4 44 4 37 4 107 41 4 14 4 93 35 4 20 4 22 4 57 51 4 22 4 24 4 97 36 4 12 4 34 4 19 4 21 45 4 11 4 33 4 39 4 9 51 4 43 4 45 4 81 19 4 35 4 65 23 4 46 4 22 4 7 8 4 19 4 38 4 32 58 4 17 4 54 4 51 33 4 35 4 48 4 80 58 16 23 16 68 22 4 24 31 16 18 16 17 7 4 48 4 69 36 4 46 4 56 4 81 49 4 5 4 37 4 8 4 70 35 4 32 4 44 15 4 24 4 21 4 52 4 76 38 4 23 4 34 4 102 9 4 27 4 50 4 32 52 4 39 4 23 4 53 27 4 36 4 30 4 17 45 4 7 4 28 4 45 4 92 22 4 41 4 14 4 14 4 58 57 4 47 4 19 4 61 35 4 8 4 38 4 67 15 4 40 4 18 4 
iteration 347 best: 1.01051 time: 102872
35 31 4 27 4 40 4 95 18 4 14 4 92 33 4 26 4 7 4 67 45 4 51 4 15 4 47 52 4 15 4 43 4 80 43 4 35 4 43 4 38 4 53 14 4 7 4 21 4 2 30 4 33 4 61 38 4 6 4 65 14 4 39 4 53 4 47 4 20 36 4 23 4 48 16 4 34 4 3 16 4 41 4 47 4 22 4 45 4 13 31 4 23 4 55 4 44 4 48 51 4 31 4 64 56 4 32 4 25 4 11 4 31 36 4 39 4 22 4 7 49 4 16 4 95 5 4 31 4 33 56 20 25 12 4 43 4 35 4 95 43 20 52 22 4 9 4 35 4 15 56 4 38 4 41 4 23 4 61 51 4 12 4 62 58 4 55 4 38 4 98 8 4 57 4 73 29 4 18 4 24 4 89 11 4 34 4 29 4 69 8 4 24 4 55 49 4 40 4 30 23 4 51 53 4 39 4 24 4 89 20 4 25 4 73 9 4 49 4 87 24 4 35 4 61 15 4 18 4 63 31 4 55 4 38 47 4 41 4 19 32 4 17 4 49 50 4 29 4 93 25 4 44 4 37 4 107 41 4 14 4 93 35 4 20 4 22 4 57 51 4 22 4 24 4 97 36 4 12 4 34 4 19 4 21 45 4 11 4 33 4 39 4 9 51 4 43 4 45 4 81 19 4 35 4 65 23 4 46 4 22 4 7 8 4 19 4 38 4 32 58 4 17 4 54 4 51 33 4 35 4 48 4 80 58 16 23 16 68 22 4 24 31 16 18 16 17 7 4 48 4 69 36 4 46 4 56 4 81 49 4 5 4 37 4 8 4 70 35 4 32 4 44 15 4 24 4 21 4 52 4 76 38 4 23 4 34 4 102 9 4 27 4 50 4 32 52 4 39 4 23 4 53 27 4 36 4 30 4 17 45 4 7 4 28 4 45 4 92 22 4 41 4 14 4 14 4 58 57 4 47 4 19 4 61 35 4 8 4 38 4 67 15 4 40 4 18 4 
iteration 372 best: 1.01051 time: 110221
35 31 4 27 4 40 4 95 18 4 14 4 92 33 4 26 4 7 4 67 45 4 51 4 15 4 47 52 4 15 4 43 4 80 43 4 35 4 43 4 38 4 53 14 4 7 4 21 4 2 30 4 33 4 61 38 4 6 4 65 14 4 39 4 53 4 47 4 20 36 4 23 4 48 16 4 34 4 3 16 4 41 4 47 4 22 4 45 4 13 31 4 23 4 55 4 44 4 48 51 4 31 4 64 56 4 32 4 25 4 11 4 31 36 4 39 4 22 4 7 49 4 16 4 95 5 4 31 4 33 56 20 25 12 4 43 4 35 4 95 43 20 52 22 4 9 4 35 4 15 56 4 38 4 41 4 23 4 61 51 4 12 4 62 58 4 55 4 38 4 98 8 4 57 4 73 29 4 18 4 24 4 89 11 4 34 4 29 4 69 8 4 24 4 55 49 4 40 4 30 23 4 51 53 4 39 4 24 4 89 20 4 25 4 73 9 4 49 4 87 24 4 35 4 61 15 4 18 4 63 31 4 55 4 38 47 4 41 4 19 32 4 17 4 49 50 4 29 4 93 25 4 44 4 37 4 107 41 4 14 4 93 35 4 20 4 22 4 57 51 4 22 4 24 4 97 36 4 12 4 34 4 19 4 21 45 4 11 4 33 4 39 4 9 51 4 43 4 45 4 81 19 4 35 4 65 23 4 46 4 22 4 7 8 4 19 4 38 4 32 58 4 17 4 54 4 51 33 4 35 4 48 4 80 58 16 23 16 68 22 4 24 31 16 18 16 17 7 4 48 4 69 36 4 46 4 56 4 81 49 4 5 4 37 4 8 4 70 35 4 32 4 44 15 4 24 4 21 4 52 4 76 38 4 23 4 34 4 102 9 4 27 4 50 4 32 52 4 39 4 23 4 53 27 4 36 4 30 4 17 45 4 7 4 28 4 45 4 92 22 4 41 4 14 4 14 4 58 57 4 47 4 19 4 61 35 4 8 4 38 4 67 15 4 40 4 18 4 
iteration 397 best: 1.01051 time: 117563
35 31 4 27 4 40 4 95 18 4 14 4 92 33 4 26 4 7 4 67 45 4 51 4 15 4 47 52 4 15 4 43 4 80 43 4 35 4 43 4 38 4 53 14 4 7 4 21 4 2 30 4 33 4 61 38 4 6 4 65 14 4 39 4 53 4 47 4 20 36 4 23 4 48 16 4 34 4 3 16 4 41 4 47 4 22 4 45 4 13 31 4 23 4 55 4 44 4 48 51 4 31 4 64 56 4 32 4 25 4 11 4 31 36 4 39 4 22 4 7 49 4 16 4 95 5 4 31 4 33 56 20 25 12 4 43 4 35 4 95 43 20 52 22 4 9 4 35 4 15 56 4 38 4 41 4 23 4 61 51 4 12 4 62 58 4 55 4 38 4 98 8 4 57 4 73 29 4 18 4 24 4 89 11 4 34 4 29 4 69 8 4 24 4 55 49 4 40 4 30 23 4 51 53 4 39 4 24 4 89 20 4 25 4 73 9 4 49 4 87 24 4 35 4 61 15 4 18 4 63 31 4 55 4 38 47 4 41 4 19 32 4 17 4 49 50 4 29 4 93 25 4 44 4 37 4 107 41 4 14 4 93 35 4 20 4 22 4 57 51 4 22 4 24 4 97 36 4 12 4 34 4 19 4 21 45 4 11 4 33 4 39 4 9 51 4 43 4 45 4 81 19 4 35 4 65 23 4 46 4 22 4 7 8 4 19 4 38 4 32 58 4 17 4 54 4 51 33 4 35 4 48 4 80 58 16 23 16 68 22 4 24 31 16 18 16 17 7 4 48 4 69 36 4 46 4 56 4 81 49 4 5 4 37 4 8 4 70 35 4 32 4 44 15 4 24 4 21 4 52 4 76 38 4 23 4 34 4 102 9 4 27 4 50 4 32 52 4 39 4 23 4 53 27 4 36 4 30 4 17 45 4 7 4 28 4 45 4 92 22 4 41 4 14 4 14 4 58 57 4 47 4 19 4 61 35 4 8 4 38 4 67 15 4 40 4 18 4 
iteration 422 best: 1.01051 time: 124913
35 31 4 27 4 40 4 95 18 4 14 4 92 33 4 26 4 7 4 67 45 4 51 4 15 4 47 52 4 15 4 43 4 80 43 4 35 4 43 4 38 4 53 14 4 7 4 21 4 2 30 4 33 4 61 38 4 6 4 65 14 4 39 4 53 4 47 4 20 36 4 23 4 48 16 4 34 4 3 16 4 41 4 47 4 22 4 45 4 13 31 4 23 4 55 4 44 4 48 51 4 31 4 64 56 4 32 4 25 4 11 4 31 36 4 39 4 22 4 7 49 4 16 4 95 5 4 31 4 33 56 20 25 12 4 43 4 35 4 95 43 20 52 22 4 9 4 35 4 15 56 4 38 4 41 4 23 4 61 51 4 12 4 62 58 4 55 4 38 4 98 8 4 57 4 73 29 4 18 4 24 4 89 11 4 34 4 29 4 69 8 4 24 4 55 49 4 40 4 30 23 4 51 53 4 39 4 24 4 89 20 4 25 4 73 9 4 49 4 87 24 4 35 4 61 15 4 18 4 63 31 4 55 4 38 47 4 41 4 19 32 4 17 4 49 50 4 29 4 93 25 4 44 4 37 4 107 41 4 14 4 93 35 4 20 4 22 4 57 51 4 22 4 24 4 97 36 4 12 4 34 4 19 4 21 45 4 11 4 33 4 39 4 9 51 4 43 4 45 4 81 19 4 35 4 65 23 4 46 4 22 4 7 8 4 19 4 38 4 32 58 4 17 4 54 4 51 33 4 35 4 48 4 80 58 16 23 16 68 22 4 24 31 16 18 16 17 7 4 48 4 69 36 4 46 4 56 4 81 49 4 5 4 37 4 8 4 70 35 4 32 4 44 15 4 24 4 21 4 52 4 76 38 4 23 4 34 4 102 9 4 27 4 50 4 32 52 4 39 4 23 4 53 27 4 36 4 30 4 17 45 4 7 4 28 4 45 4 92 22 4 41 4 14 4 14 4 58 57 4 47 4 19 4 61 35 4 8 4 38 4 67 15 4 40 4 18 4 
iteration 447 best: 1.01051 time: 132262
35 31 4 27 4 40 4 95 18 4 14 4 92 33 4 26 4 7 4 67 45 4 51 4 15 4 47 52 4 15 4 43 4 80 43 4 35 4 43 4 38 4 53 14 4 7 4 21 4 2 30 4 33 4 61 38 4 6 4 65 14 4 39 4 53 4 47 4 20 36 4 23 4 48 16 4 34 4 3 16 4 41 4 47 4 22 4 45 4 13 31 4 23 4 55 4 44 4 48 51 4 31 4 64 56 4 32 4 25 4 11 4 31 36 4 39 4 22 4 7 49 4 16 4 95 5 4 31 4 33 56 20 25 12 4 43 4 35 4 95 43 20 52 22 4 9 4 35 4 15 56 4 38 4 41 4 23 4 61 51 4 12 4 62 58 4 55 4 38 4 98 8 4 57 4 73 29 4 18 4 24 4 89 11 4 34 4 29 4 69 8 4 24 4 55 49 4 40 4 30 23 4 51 53 4 39 4 24 4 89 20 4 25 4 73 9 4 49 4 87 24 4 35 4 61 15 4 18 4 63 31 4 55 4 38 47 4 41 4 19 32 4 17 4 49 50 4 29 4 93 25 4 44 4 37 4 107 41 4 14 4 93 35 4 20 4 22 4 57 51 4 22 4 24 4 97 36 4 12 4 34 4 19 4 21 45 4 11 4 33 4 39 4 9 51 4 43 4 45 4 81 19 4 35 4 65 23 4 46 4 22 4 7 8 4 19 4 38 4 32 58 4 17 4 54 4 51 33 4 35 4 48 4 80 58 16 23 16 68 22 4 24 31 16 18 16 17 7 4 48 4 69 36 4 46 4 56 4 81 49 4 5 4 37 4 8 4 70 35 4 32 4 44 15 4 24 4 21 4 52 4 76 38 4 23 4 34 4 102 9 4 27 4 50 4 32 52 4 39 4 23 4 53 27 4 36 4 30 4 17 45 4 7 4 28 4 45 4 92 22 4 41 4 14 4 14 4 58 57 4 47 4 19 4 61 35 4 8 4 38 4 67 15 4 40 4 18 4 
iteration 472 best: 1.01051 time: 139601
35 31 4 27 4 40 4 95 18 4 14 4 92 33 4 26 4 7 4 67 45 4 51 4 15 4 47 52 4 15 4 43 4 80 43 4 35 4 43 4 38 4 53 14 4 7 4 21 4 2 30 4 33 4 61 38 4 6 4 65 14 4 39 4 53 4 47 4 20 36 4 23 4 48 16 4 34 4 3 16 4 41 4 47 4 22 4 45 4 13 31 4 23 4 55 4 44 4 48 51 4 31 4 64 56 4 32 4 25 4 11 4 31 36 4 39 4 22 4 7 49 4 16 4 95 5 4 31 4 33 56 20 25 12 4 43 4 35 4 95 43 20 52 22 4 9 4 35 4 15 56 4 38 4 41 4 23 4 61 51 4 12 4 62 58 4 55 4 38 4 98 8 4 57 4 73 29 4 18 4 24 4 89 11 4 34 4 29 4 69 8 4 24 4 55 49 4 40 4 30 23 4 51 53 4 39 4 24 4 89 20 4 25 4 73 9 4 49 4 87 24 4 35 4 61 15 4 18 4 63 31 4 55 4 38 47 4 41 4 19 32 4 17 4 49 50 4 29 4 93 25 4 44 4 37 4 107 41 4 14 4 93 35 4 20 4 22 4 57 51 4 22 4 24 4 97 36 4 12 4 34 4 19 4 21 45 4 11 4 33 4 39 4 9 51 4 43 4 45 4 81 19 4 35 4 65 23 4 46 4 22 4 7 8 4 19 4 38 4 32 58 4 17 4 54 4 51 33 4 35 4 48 4 80 58 16 23 16 68 22 4 24 31 16 18 16 17 7 4 48 4 69 36 4 46 4 56 4 81 49 4 5 4 37 4 8 4 70 35 4 32 4 44 15 4 24 4 21 4 52 4 76 38 4 23 4 34 4 102 9 4 27 4 50 4 32 52 4 39 4 23 4 53 27 4 36 4 30 4 17 45 4 7 4 28 4 45 4 92 22 4 41 4 14 4 14 4 58 57 4 47 4 19 4 61 35 4 8 4 38 4 67 15 4 40 4 18 4 
iteration 497 best: 1.01051 time: 146983
35 31 4 27 4 40 4 95 18 4 14 4 92 33 4 26 4 7 4 67 45 4 51 4 15 4 47 52 4 15 4 43 4 80 43 4 35 4 43 4 38 4 53 14 4 7 4 21 4 2 30 4 33 4 61 38 4 6 4 65 14 4 39 4 53 4 47 4 20 36 4 23 4 48 16 4 34 4 3 16 4 41 4 47 4 22 4 45 4 13 31 4 23 4 55 4 44 4 48 51 4 31 4 64 56 4 32 4 25 4 11 4 31 36 4 39 4 22 4 7 49 4 16 4 95 5 4 31 4 33 56 20 25 12 4 43 4 35 4 95 43 20 52 22 4 9 4 35 4 15 56 4 38 4 41 4 23 4 61 51 4 12 4 62 58 4 55 4 38 4 98 8 4 57 4 73 29 4 18 4 24 4 89 11 4 34 4 29 4 69 8 4 24 4 55 49 4 40 4 30 23 4 51 53 4 39 4 24 4 89 20 4 25 4 73 9 4 49 4 87 24 4 35 4 61 15 4 18 4 63 31 4 55 4 38 47 4 41 4 19 32 4 17 4 49 50 4 29 4 93 25 4 44 4 37 4 107 41 4 14 4 93 35 4 20 4 22 4 57 51 4 22 4 24 4 97 36 4 12 4 34 4 19 4 21 45 4 11 4 33 4 39 4 9 51 4 43 4 45 4 81 19 4 35 4 65 23 4 46 4 22 4 7 8 4 19 4 38 4 32 58 4 17 4 54 4 51 33 4 35 4 48 4 80 58 16 23 16 68 22 4 24 31 16 18 16 17 7 4 48 4 69 36 4 46 4 56 4 81 49 4 5 4 37 4 8 4 70 35 4 32 4 44 15 4 24 4 21 4 52 4 76 38 4 23 4 34 4 102 9 4 27 4 50 4 32 52 4 39 4 23 4 53 27 4 36 4 30 4 17 45 4 7 4 28 4 45 4 92 22 4 41 4 14 4 14 4 58 57 4 47 4 19 4 61 35 4 8 4 38 4 67 15 4 40 4 18 4 
iteration 522 best: 1.01051 time: 154317
35 31 4 27 4 40 4 95 18 4 14 4 92 33 4 26 4 7 4 67 45 4 51 4 15 4 47 52 4 15 4 43 4 80 43 4 35 4 43 4 38 4 53 14 4 7 4 21 4 2 30 4 33 4 61 38 4 6 4 65 14 4 39 4 53 4 47 4 20 36 4 23 4 48 16 4 34 4 3 16 4 41 4 47 4 22 4 45 4 13 31 4 23 4 55 4 44 4 48 51 4 31 4 64 56 4 32 4 25 4 11 4 31 36 4 39 4 22 4 7 49 4 16 4 95 5 4 31 4 33 56 20 25 12 4 43 4 35 4 95 43 20 52 22 4 9 4 35 4 15 56 4 38 4 41 4 23 4 61 51 4 12 4 62 58 4 55 4 38 4 98 8 4 57 4 73 29 4 18 4 24 4 89 11 4 34 4 29 4 69 8 4 24 4 55 49 4 40 4 30 23 4 51 53 4 39 4 24 4 89 20 4 25 4 73 9 4 49 4 87 24 4 35 4 61 15 4 18 4 63 31 4 55 4 38 47 4 41 4 19 32 4 17 4 49 50 4 29 4 93 25 4 44 4 37 4 107 41 4 14 4 93 35 4 20 4 22 4 57 51 4 22 4 24 4 97 36 4 12 4 34 4 19 4 21 45 4 11 4 33 4 39 4 9 51 4 43 4 45 4 81 19 4 35 4 65 23 4 46 4 22 4 7 8 4 19 4 38 4 32 58 4 17 4 54 4 51 33 4 35 4 48 4 80 58 16 23 16 68 22 4 24 31 16 18 16 17 7 4 48 4 69 36 4 46 4 56 4 81 49 4 5 4 37 4 8 4 70 35 4 32 4 44 15 4 24 4 21 4 52 4 76 38 4 23 4 34 4 102 9 4 27 4 50 4 32 52 4 39 4 23 4 53 27 4 36 4 30 4 17 45 4 7 4 28 4 45 4 92 22 4 41 4 14 4 14 4 58 57 4 47 4 19 4 61 35 4 8 4 38 4 67 15 4 40 4 18 4 
iteration 547 best: 1.01051 time: 161676
35 31 4 27 4 40 4 95 18 4 14 4 92 33 4 26 4 7 4 67 45 4 51 4 15 4 47 52 4 15 4 43 4 80 43 4 35 4 43 4 38 4 53 14 4 7 4 21 4 2 30 4 33 4 61 38 4 6 4 65 14 4 39 4 53 4 47 4 20 36 4 23 4 48 16 4 34 4 3 16 4 41 4 47 4 22 4 45 4 13 31 4 23 4 55 4 44 4 48 51 4 31 4 64 56 4 32 4 25 4 11 4 31 36 4 39 4 22 4 7 49 4 16 4 95 5 4 31 4 33 56 20 25 12 4 43 4 35 4 95 43 20 52 22 4 9 4 35 4 15 56 4 38 4 41 4 23 4 61 51 4 12 4 62 58 4 55 4 38 4 98 8 4 57 4 73 29 4 18 4 24 4 89 11 4 34 4 29 4 69 8 4 24 4 55 49 4 40 4 30 23 4 51 53 4 39 4 24 4 89 20 4 25 4 73 9 4 49 4 87 24 4 35 4 61 15 4 18 4 63 31 4 55 4 38 47 4 41 4 19 32 4 17 4 49 50 4 29 4 93 25 4 44 4 37 4 107 41 4 14 4 93 35 4 20 4 22 4 57 51 4 22 4 24 4 97 36 4 12 4 34 4 19 4 21 45 4 11 4 33 4 39 4 9 51 4 43 4 45 4 81 19 4 35 4 65 23 4 46 4 22 4 7 8 4 19 4 38 4 32 58 4 17 4 54 4 51 33 4 35 4 48 4 80 58 16 23 16 68 22 4 24 31 16 18 16 17 7 4 48 4 69 36 4 46 4 56 4 81 49 4 5 4 37 4 8 4 70 35 4 32 4 44 15 4 24 4 21 4 52 4 76 38 4 23 4 34 4 102 9 4 27 4 50 4 32 52 4 39 4 23 4 53 27 4 36 4 30 4 17 45 4 7 4 28 4 45 4 92 22 4 41 4 14 4 14 4 58 57 4 47 4 19 4 61 35 4 8 4 38 4 67 15 4 40 4 18 4 
iteration 572 best: 1.01051 time: 169026
35 31 4 27 4 40 4 95 18 4 14 4 92 33 4 26 4 7 4 67 45 4 51 4 15 4 47 52 4 15 4 43 4 80 43 4 35 4 43 4 38 4 53 14 4 7 4 21 4 2 30 4 33 4 61 38 4 6 4 65 14 4 39 4 53 4 47 4 20 36 4 23 4 48 16 4 34 4 3 16 4 41 4 47 4 22 4 45 4 13 31 4 23 4 55 4 44 4 48 51 4 31 4 64 56 4 32 4 25 4 11 4 31 36 4 39 4 22 4 7 49 4 16 4 95 5 4 31 4 33 56 20 25 12 4 43 4 35 4 95 43 20 52 22 4 9 4 35 4 15 56 4 38 4 41 4 23 4 61 51 4 12 4 62 58 4 55 4 38 4 98 8 4 57 4 73 29 4 18 4 24 4 89 11 4 34 4 29 4 69 8 4 24 4 55 49 4 40 4 30 23 4 51 53 4 39 4 24 4 89 20 4 25 4 73 9 4 49 4 87 24 4 35 4 61 15 4 18 4 63 31 4 55 4 38 47 4 41 4 19 32 4 17 4 49 50 4 29 4 93 25 4 44 4 37 4 107 41 4 14 4 93 35 4 20 4 22 4 57 51 4 22 4 24 4 97 36 4 12 4 34 4 19 4 21 45 4 11 4 33 4 39 4 9 51 4 43 4 45 4 81 19 4 35 4 65 23 4 46 4 22 4 7 8 4 19 4 38 4 32 58 4 17 4 54 4 51 33 4 35 4 48 4 80 58 16 23 16 68 22 4 24 31 16 18 16 17 7 4 48 4 69 36 4 46 4 56 4 81 49 4 5 4 37 4 8 4 70 35 4 32 4 44 15 4 24 4 21 4 52 4 76 38 4 23 4 34 4 102 9 4 27 4 50 4 32 52 4 39 4 23 4 53 27 4 36 4 30 4 17 45 4 7 4 28 4 45 4 92 22 4 41 4 14 4 14 4 58 57 4 47 4 19 4 61 35 4 8 4 38 4 67 15 4 40 4 18 4 
iteration 597 best: 1.01051 time: 176371
35 31 4 27 4 40 4 95 18 4 14 4 92 33 4 26 4 7 4 67 45 4 51 4 15 4 47 52 4 15 4 43 4 80 43 4 35 4 43 4 38 4 53 14 4 7 4 21 4 2 30 4 33 4 61 38 4 6 4 65 14 4 39 4 53 4 47 4 20 36 4 23 4 48 16 4 34 4 3 16 4 41 4 47 4 22 4 45 4 13 31 4 23 4 55 4 44 4 48 51 4 31 4 64 56 4 32 4 25 4 11 4 31 36 4 39 4 22 4 7 49 4 16 4 95 5 4 31 4 33 56 20 25 12 4 43 4 35 4 95 43 20 52 22 4 9 4 35 4 15 56 4 38 4 41 4 23 4 61 51 4 12 4 62 58 4 55 4 38 4 98 8 4 57 4 73 29 4 18 4 24 4 89 11 4 34 4 29 4 69 8 4 24 4 55 49 4 40 4 30 23 4 51 53 4 39 4 24 4 89 20 4 25 4 73 9 4 49 4 87 24 4 35 4 61 15 4 18 4 63 31 4 55 4 38 47 4 41 4 19 32 4 17 4 49 50 4 29 4 93 25 4 44 4 37 4 107 41 4 14 4 93 35 4 20 4 22 4 57 51 4 22 4 24 4 97 36 4 12 4 34 4 19 4 21 45 4 11 4 33 4 39 4 9 51 4 43 4 45 4 81 19 4 35 4 65 23 4 46 4 22 4 7 8 4 19 4 38 4 32 58 4 17 4 54 4 51 33 4 35 4 48 4 80 58 16 23 16 68 22 4 24 31 16 18 16 17 7 4 48 4 69 36 4 46 4 56 4 81 49 4 5 4 37 4 8 4 70 35 4 32 4 44 15 4 24 4 21 4 52 4 76 38 4 23 4 34 4 102 9 4 27 4 50 4 32 52 4 39 4 23 4 53 27 4 36 4 30 4 17 45 4 7 4 28 4 45 4 92 22 4 41 4 14 4 14 4 58 57 4 47 4 19 4 61 35 4 8 4 38 4 67 15 4 40 4 18 4 
iteration 622 best: 1.01051 time: 183745
35 31 4 27 4 40 4 95 18 4 14 4 92 33 4 26 4 7 4 67 45 4 51 4 15 4 47 52 4 15 4 43 4 80 43 4 35 4 43 4 38 4 53 14 4 7 4 21 4 2 30 4 33 4 61 38 4 6 4 65 14 4 39 4 53 4 47 4 20 36 4 23 4 48 16 4 34 4 3 16 4 41 4 47 4 22 4 45 4 13 31 4 23 4 55 4 44 4 48 51 4 31 4 64 56 4 32 4 25 4 11 4 31 36 4 39 4 22 4 7 49 4 16 4 95 5 4 31 4 33 56 20 25 12 4 43 4 35 4 95 43 20 52 22 4 9 4 35 4 15 56 4 38 4 41 4 23 4 61 51 4 12 4 62 58 4 55 4 38 4 98 8 4 57 4 73 29 4 18 4 24 4 89 11 4 34 4 29 4 69 8 4 24 4 55 49 4 40 4 30 23 4 51 53 4 39 4 24 4 89 20 4 25 4 73 9 4 49 4 87 24 4 35 4 61 15 4 18 4 63 31 4 55 4 38 47 4 41 4 19 32 4 17 4 49 50 4 29 4 93 25 4 44 4 37 4 107 41 4 14 4 93 35 4 20 4 22 4 57 51 4 22 4 24 4 97 36 4 12 4 34 4 19 4 21 45 4 11 4 33 4 39 4 9 51 4 43 4 45 4 81 19 4 35 4 65 23 4 46 4 22 4 7 8 4 19 4 38 4 32 58 4 17 4 54 4 51 33 4 35 4 48 4 80 58 16 23 16 68 22 4 24 31 16 18 16 17 7 4 48 4 69 36 4 46 4 56 4 81 49 4 5 4 37 4 8 4 70 35 4 32 4 44 15 4 24 4 21 4 52 4 76 38 4 23 4 34 4 102 9 4 27 4 50 4 32 52 4 39 4 23 4 53 27 4 36 4 30 4 17 45 4 7 4 28 4 45 4 92 22 4 41 4 14 4 14 4 58 57 4 47 4 19 4 61 35 4 8 4 38 4 67 15 4 40 4 18 4 
iteration 647 best: 1.01051 time: 191098
35 31 4 27 4 40 4 95 18 4 14 4 92 33 4 26 4 7 4 67 45 4 51 4 15 4 47 52 4 15 4 43 4 80 43 4 35 4 43 4 38 4 53 14 4 7 4 21 4 2 30 4 33 4 61 38 4 6 4 65 14 4 39 4 53 4 47 4 20 36 4 23 4 48 16 4 34 4 3 16 4 41 4 47 4 22 4 45 4 13 31 4 23 4 55 4 44 4 48 51 4 31 4 64 56 4 32 4 25 4 11 4 31 36 4 39 4 22 4 7 49 4 16 4 95 5 4 31 4 33 56 20 25 12 4 43 4 35 4 95 43 20 52 22 4 9 4 35 4 15 56 4 38 4 41 4 23 4 61 51 4 12 4 62 58 4 55 4 38 4 98 8 4 57 4 73 29 4 18 4 24 4 89 11 4 34 4 29 4 69 8 4 24 4 55 49 4 40 4 30 23 4 51 53 4 39 4 24 4 89 20 4 25 4 73 9 4 49 4 87 24 4 35 4 61 15 4 18 4 63 31 4 55 4 38 47 4 41 4 19 32 4 17 4 49 50 4 29 4 93 25 4 44 4 37 4 107 41 4 14 4 93 35 4 20 4 22 4 57 51 4 22 4 24 4 97 36 4 12 4 34 4 19 4 21 45 4 11 4 33 4 39 4 9 51 4 43 4 45 4 81 19 4 35 4 65 23 4 46 4 22 4 7 8 4 19 4 38 4 32 58 4 17 4 54 4 51 33 4 35 4 48 4 80 58 16 23 16 68 22 4 24 31 16 18 16 17 7 4 48 4 69 36 4 46 4 56 4 81 49 4 5 4 37 4 8 4 70 35 4 32 4 44 15 4 24 4 21 4 52 4 76 38 4 23 4 34 4 102 9 4 27 4 50 4 32 52 4 39 4 23 4 53 27 4 36 4 30 4 17 45 4 7 4 28 4 45 4 92 22 4 41 4 14 4 14 4 58 57 4 47 4 19 4 61 35 4 8 4 38 4 67 15 4 40 4 18 4 
iteration 672 best: 1.01051 time: 198431
35 31 4 27 4 40 4 95 18 4 14 4 92 33 4 26 4 7 4 67 45 4 51 4 15 4 47 52 4 15 4 43 4 80 43 4 35 4 43 4 38 4 53 14 4 7 4 21 4 2 30 4 33 4 61 38 4 6 4 65 14 4 39 4 53 4 47 4 20 36 4 23 4 48 16 4 34 4 3 16 4 41 4 47 4 22 4 45 4 13 31 4 23 4 55 4 44 4 48 51 4 31 4 64 56 4 32 4 25 4 11 4 31 36 4 39 4 22 4 7 49 4 16 4 95 5 4 31 4 33 56 20 25 12 4 43 4 35 4 95 43 20 52 22 4 9 4 35 4 15 56 4 38 4 41 4 23 4 61 51 4 12 4 62 58 4 55 4 38 4 98 8 4 57 4 73 29 4 18 4 24 4 89 11 4 34 4 29 4 69 8 4 24 4 55 49 4 40 4 30 23 4 51 53 4 39 4 24 4 89 20 4 25 4 73 9 4 49 4 87 24 4 35 4 61 15 4 18 4 63 31 4 55 4 38 47 4 41 4 19 32 4 17 4 49 50 4 29 4 93 25 4 44 4 37 4 107 41 4 14 4 93 35 4 20 4 22 4 57 51 4 22 4 24 4 97 36 4 12 4 34 4 19 4 21 45 4 11 4 33 4 39 4 9 51 4 43 4 45 4 81 19 4 35 4 65 23 4 46 4 22 4 7 8 4 19 4 38 4 32 58 4 17 4 54 4 51 33 4 35 4 48 4 80 58 16 23 16 68 22 4 24 31 16 18 16 17 7 4 48 4 69 36 4 46 4 56 4 81 49 4 5 4 37 4 8 4 70 35 4 32 4 44 15 4 24 4 21 4 52 4 76 38 4 23 4 34 4 102 9 4 27 4 50 4 32 52 4 39 4 23 4 53 27 4 36 4 30 4 17 45 4 7 4 28 4 45 4 92 22 4 41 4 14 4 14 4 58 57 4 47 4 19 4 61 35 4 8 4 38 4 67 15 4 40 4 18 4 
iteration 697 best: 1.01051 time: 205736
35 31 4 27 4 40 4 95 18 4 14 4 92 33 4 26 4 7 4 67 45 4 51 4 15 4 47 52 4 15 4 43 4 80 43 4 35 4 43 4 38 4 53 14 4 7 4 21 4 2 30 4 33 4 61 38 4 6 4 65 14 4 39 4 53 4 47 4 20 36 4 23 4 48 16 4 34 4 3 16 4 41 4 47 4 22 4 45 4 13 31 4 23 4 55 4 44 4 48 51 4 31 4 64 56 4 32 4 25 4 11 4 31 36 4 39 4 22 4 7 49 4 16 4 95 5 4 31 4 33 56 20 25 12 4 43 4 35 4 95 43 20 52 22 4 9 4 35 4 15 56 4 38 4 41 4 23 4 61 51 4 12 4 62 58 4 55 4 38 4 98 8 4 57 4 73 29 4 18 4 24 4 89 11 4 34 4 29 4 69 8 4 24 4 55 49 4 40 4 30 23 4 51 53 4 39 4 24 4 89 20 4 25 4 73 9 4 49 4 87 24 4 35 4 61 15 4 18 4 63 31 4 55 4 38 47 4 41 4 19 32 4 17 4 49 50 4 29 4 93 25 4 44 4 37 4 107 41 4 14 4 93 35 4 20 4 22 4 57 51 4 22 4 24 4 97 36 4 12 4 34 4 19 4 21 45 4 11 4 33 4 39 4 9 51 4 43 4 45 4 81 19 4 35 4 65 23 4 46 4 22 4 7 8 4 19 4 38 4 32 58 4 17 4 54 4 51 33 4 35 4 48 4 80 58 16 23 16 68 22 4 24 31 16 18 16 17 7 4 48 4 69 36 4 46 4 56 4 81 49 4 5 4 37 4 8 4 70 35 4 32 4 44 15 4 24 4 21 4 52 4 76 38 4 23 4 34 4 102 9 4 27 4 50 4 32 52 4 39 4 23 4 53 27 4 36 4 30 4 17 45 4 7 4 28 4 45 4 92 22 4 41 4 14 4 14 4 58 57 4 47 4 19 4 61 35 4 8 4 38 4 67 15 4 40 4 18 4 
iteration 722 best: 1.01051 time: 213072
35 31 4 27 4 40 4 95 18 4 14 4 92 33 4 26 4 7 4 67 45 4 51 4 15 4 47 52 4 15 4 43 4 80 43 4 35 4 43 4 38 4 53 14 4 7 4 21 4 2 30 4 33 4 61 38 4 6 4 65 14 4 39 4 53 4 47 4 20 36 4 23 4 48 16 4 34 4 3 16 4 41 4 47 4 22 4 45 4 13 31 4 23 4 55 4 44 4 48 51 4 31 4 64 56 4 32 4 25 4 11 4 31 36 4 39 4 22 4 7 49 4 16 4 95 5 4 31 4 33 56 20 25 12 4 43 4 35 4 95 43 20 52 22 4 9 4 35 4 15 56 4 38 4 41 4 23 4 61 51 4 12 4 62 58 4 55 4 38 4 98 8 4 57 4 73 29 4 18 4 24 4 89 11 4 34 4 29 4 69 8 4 24 4 55 49 4 40 4 30 23 4 51 53 4 39 4 24 4 89 20 4 25 4 73 9 4 49 4 87 24 4 35 4 61 15 4 18 4 63 31 4 55 4 38 47 4 41 4 19 32 4 17 4 49 50 4 29 4 93 25 4 44 4 37 4 107 41 4 14 4 93 35 4 20 4 22 4 57 51 4 22 4 24 4 97 36 4 12 4 34 4 19 4 21 45 4 11 4 33 4 39 4 9 51 4 43 4 45 4 81 19 4 35 4 65 23 4 46 4 22 4 7 8 4 19 4 38 4 32 58 4 17 4 54 4 51 33 4 35 4 48 4 80 58 16 23 16 68 22 4 24 31 16 18 16 17 7 4 48 4 69 36 4 46 4 56 4 81 49 4 5 4 37 4 8 4 70 35 4 32 4 44 15 4 24 4 21 4 52 4 76 38 4 23 4 34 4 102 9 4 27 4 50 4 32 52 4 39 4 23 4 53 27 4 36 4 30 4 17 45 4 7 4 28 4 45 4 92 22 4 41 4 14 4 14 4 58 57 4 47 4 19 4 61 35 4 8 4 38 4 67 15 4 40 4 18 4 
iteration 747 best: 1.01051 time: 220443
35 31 4 27 4 40 4 95 18 4 14 4 92 33 4 26 4 7 4 67 45 4 51 4 15 4 47 52 4 15 4 43 4 80 43 4 35 4 43 4 38 4 53 14 4 7 4 21 4 2 30 4 33 4 61 38 4 6 4 65 14 4 39 4 53 4 47 4 20 36 4 23 4 48 16 4 34 4 3 16 4 41 4 47 4 22 4 45 4 13 31 4 23 4 55 4 44 4 48 51 4 31 4 64 56 4 32 4 25 4 11 4 31 36 4 39 4 22 4 7 49 4 16 4 95 5 4 31 4 33 56 20 25 12 4 43 4 35 4 95 43 20 52 22 4 9 4 35 4 15 56 4 38 4 41 4 23 4 61 51 4 12 4 62 58 4 55 4 38 4 98 8 4 57 4 73 29 4 18 4 24 4 89 11 4 34 4 29 4 69 8 4 24 4 55 49 4 40 4 30 23 4 51 53 4 39 4 24 4 89 20 4 25 4 73 9 4 49 4 87 24 4 35 4 61 15 4 18 4 63 31 4 55 4 38 47 4 41 4 19 32 4 17 4 49 50 4 29 4 93 25 4 44 4 37 4 107 41 4 14 4 93 35 4 20 4 22 4 57 51 4 22 4 24 4 97 36 4 12 4 34 4 19 4 21 45 4 11 4 33 4 39 4 9 51 4 43 4 45 4 81 19 4 35 4 65 23 4 46 4 22 4 7 8 4 19 4 38 4 32 58 4 17 4 54 4 51 33 4 35 4 48 4 80 58 16 23 16 68 22 4 24 31 16 18 16 17 7 4 48 4 69 36 4 46 4 56 4 81 49 4 5 4 37 4 8 4 70 35 4 32 4 44 15 4 24 4 21 4 52 4 76 38 4 23 4 34 4 102 9 4 27 4 50 4 32 52 4 39 4 23 4 53 27 4 36 4 30 4 17 45 4 7 4 28 4 45 4 92 22 4 41 4 14 4 14 4 58 57 4 47 4 19 4 61 35 4 8 4 38 4 67 15 4 40 4 18 4 
iteration 772 best: 1.01051 time: 227808
35 31 4 27 4 40 4 95 18 4 14 4 92 33 4 26 4 7 4 67 45 4 51 4 15 4 47 52 4 15 4 43 4 80 43 4 35 4 43 4 38 4 53 14 4 7 4 21 4 2 30 4 33 4 61 38 4 6 4 65 14 4 39 4 53 4 47 4 20 36 4 23 4 48 16 4 34 4 3 16 4 41 4 47 4 22 4 45 4 13 31 4 23 4 55 4 44 4 48 51 4 31 4 64 56 4 32 4 25 4 11 4 31 36 4 39 4 22 4 7 49 4 16 4 95 5 4 31 4 33 56 20 25 12 4 43 4 35 4 95 43 20 52 22 4 9 4 35 4 15 56 4 38 4 41 4 23 4 61 51 4 12 4 62 58 4 55 4 38 4 98 8 4 57 4 73 29 4 18 4 24 4 89 11 4 34 4 29 4 69 8 4 24 4 55 49 4 40 4 30 23 4 51 53 4 39 4 24 4 89 20 4 25 4 73 9 4 49 4 87 24 4 35 4 61 15 4 18 4 63 31 4 55 4 38 47 4 41 4 19 32 4 17 4 49 50 4 29 4 93 25 4 44 4 37 4 107 41 4 14 4 93 35 4 20 4 22 4 57 51 4 22 4 24 4 97 36 4 12 4 34 4 19 4 21 45 4 11 4 33 4 39 4 9 51 4 43 4 45 4 81 19 4 35 4 65 23 4 46 4 22 4 7 8 4 19 4 38 4 32 58 4 17 4 54 4 51 33 4 35 4 48 4 80 58 16 23 16 68 22 4 24 31 16 18 16 17 7 4 48 4 69 36 4 46 4 56 4 81 49 4 5 4 37 4 8 4 70 35 4 32 4 44 15 4 24 4 21 4 52 4 76 38 4 23 4 34 4 102 9 4 27 4 50 4 32 52 4 39 4 23 4 53 27 4 36 4 30 4 17 45 4 7 4 28 4 45 4 92 22 4 41 4 14 4 14 4 58 57 4 47 4 19 4 61 35 4 8 4 38 4 67 15 4 40 4 18 4 
iteration 797 best: 1.01051 time: 235190
35 31 4 27 4 40 4 95 18 4 14 4 92 33 4 26 4 7 4 67 45 4 51 4 15 4 47 52 4 15 4 43 4 80 43 4 35 4 43 4 38 4 53 14 4 7 4 21 4 2 30 4 33 4 61 38 4 6 4 65 14 4 39 4 53 4 47 4 20 36 4 23 4 48 16 4 34 4 3 16 4 41 4 47 4 22 4 45 4 13 31 4 23 4 55 4 44 4 48 51 4 31 4 64 56 4 32 4 25 4 11 4 31 36 4 39 4 22 4 7 49 4 16 4 95 5 4 31 4 33 56 20 25 12 4 43 4 35 4 95 43 20 52 22 4 9 4 35 4 15 56 4 38 4 41 4 23 4 61 51 4 12 4 62 58 4 55 4 38 4 98 8 4 57 4 73 29 4 18 4 24 4 89 11 4 34 4 29 4 69 8 4 24 4 55 49 4 40 4 30 23 4 51 53 4 39 4 24 4 89 20 4 25 4 73 9 4 49 4 87 24 4 35 4 61 15 4 18 4 63 31 4 55 4 38 47 4 41 4 19 32 4 17 4 49 50 4 29 4 93 25 4 44 4 37 4 107 41 4 14 4 93 35 4 20 4 22 4 57 51 4 22 4 24 4 97 36 4 12 4 34 4 19 4 21 45 4 11 4 33 4 39 4 9 51 4 43 4 45 4 81 19 4 35 4 65 23 4 46 4 22 4 7 8 4 19 4 38 4 32 58 4 17 4 54 4 51 33 4 35 4 48 4 80 58 16 23 16 68 22 4 24 31 16 18 16 17 7 4 48 4 69 36 4 46 4 56 4 81 49 4 5 4 37 4 8 4 70 35 4 32 4 44 15 4 24 4 21 4 52 4 76 38 4 23 4 34 4 102 9 4 27 4 50 4 32 52 4 39 4 23 4 53 27 4 36 4 30 4 17 45 4 7 4 28 4 45 4 92 22 4 41 4 14 4 14 4 58 57 4 47 4 19 4 61 35 4 8 4 38 4 67 15 4 40 4 18 4 
iteration 822 best: 1.01051 time: 242557
35 31 4 27 4 40 4 95 18 4 14 4 92 33 4 26 4 7 4 67 45 4 51 4 15 4 47 52 4 15 4 43 4 80 43 4 35 4 43 4 38 4 53 14 4 7 4 21 4 2 30 4 33 4 61 38 4 6 4 65 14 4 39 4 53 4 47 4 20 36 4 23 4 48 16 4 34 4 3 16 4 41 4 47 4 22 4 45 4 13 31 4 23 4 55 4 44 4 48 51 4 31 4 64 56 4 32 4 25 4 11 4 31 36 4 39 4 22 4 7 49 4 16 4 95 5 4 31 4 33 56 20 25 12 4 43 4 35 4 95 43 20 52 22 4 9 4 35 4 15 56 4 38 4 41 4 23 4 61 51 4 12 4 62 58 4 55 4 38 4 98 8 4 57 4 73 29 4 18 4 24 4 89 11 4 34 4 29 4 69 8 4 24 4 55 49 4 40 4 30 23 4 51 53 4 39 4 24 4 89 20 4 25 4 73 9 4 49 4 87 24 4 35 4 61 15 4 18 4 63 31 4 55 4 38 47 4 41 4 19 32 4 17 4 49 50 4 29 4 93 25 4 44 4 37 4 107 41 4 14 4 93 35 4 20 4 22 4 57 51 4 22 4 24 4 97 36 4 12 4 34 4 19 4 21 45 4 11 4 33 4 39 4 9 51 4 43 4 45 4 81 19 4 35 4 65 23 4 46 4 22 4 7 8 4 19 4 38 4 32 58 4 17 4 54 4 51 33 4 35 4 48 4 80 58 16 23 16 68 22 4 24 31 16 18 16 17 7 4 48 4 69 36 4 46 4 56 4 81 49 4 5 4 37 4 8 4 70 35 4 32 4 44 15 4 24 4 21 4 52 4 76 38 4 23 4 34 4 102 9 4 27 4 50 4 32 52 4 39 4 23 4 53 27 4 36 4 30 4 17 45 4 7 4 28 4 45 4 92 22 4 41 4 14 4 14 4 58 57 4 47 4 19 4 61 35 4 8 4 38 4 67 15 4 40 4 18 4 
iteration 847 best: 1.01051 time: 249906
35 31 4 27 4 40 4 95 18 4 14 4 92 33 4 26 4 7 4 67 45 4 51 4 15 4 47 52 4 15 4 43 4 80 43 4 35 4 43 4 38 4 53 14 4 7 4 21 4 2 30 4 33 4 61 38 4 6 4 65 14 4 39 4 53 4 47 4 20 36 4 23 4 48 16 4 34 4 3 16 4 41 4 47 4 22 4 45 4 13 31 4 23 4 55 4 44 4 48 51 4 31 4 64 56 4 32 4 25 4 11 4 31 36 4 39 4 22 4 7 49 4 16 4 95 5 4 31 4 33 56 20 25 12 4 43 4 35 4 95 43 20 52 22 4 9 4 35 4 15 56 4 38 4 41 4 23 4 61 51 4 12 4 62 58 4 55 4 38 4 98 8 4 57 4 73 29 4 18 4 24 4 89 11 4 34 4 29 4 69 8 4 24 4 55 49 4 40 4 30 23 4 51 53 4 39 4 24 4 89 20 4 25 4 73 9 4 49 4 87 24 4 35 4 61 15 4 18 4 63 31 4 55 4 38 47 4 41 4 19 32 4 17 4 49 50 4 29 4 93 25 4 44 4 37 4 107 41 4 14 4 93 35 4 20 4 22 4 57 51 4 22 4 24 4 97 36 4 12 4 34 4 19 4 21 45 4 11 4 33 4 39 4 9 51 4 43 4 45 4 81 19 4 35 4 65 23 4 46 4 22 4 7 8 4 19 4 38 4 32 58 4 17 4 54 4 51 33 4 35 4 48 4 80 58 16 23 16 68 22 4 24 31 16 18 16 17 7 4 48 4 69 36 4 46 4 56 4 81 49 4 5 4 37 4 8 4 70 35 4 32 4 44 15 4 24 4 21 4 52 4 76 38 4 23 4 34 4 102 9 4 27 4 50 4 32 52 4 39 4 23 4 53 27 4 36 4 30 4 17 45 4 7 4 28 4 45 4 92 22 4 41 4 14 4 14 4 58 57 4 47 4 19 4 61 35 4 8 4 38 4 67 15 4 40 4 18 4 
iteration 872 best: 1.01051 time: 257252
35 31 4 27 4 40 4 95 18 4 14 4 92 33 4 26 4 7 4 67 45 4 51 4 15 4 47 52 4 15 4 43 4 80 43 4 35 4 43 4 38 4 53 14 4 7 4 21 4 2 30 4 33 4 61 38 4 6 4 65 14 4 39 4 53 4 47 4 20 36 4 23 4 48 16 4 34 4 3 16 4 41 4 47 4 22 4 45 4 13 31 4 23 4 55 4 44 4 48 51 4 31 4 64 56 4 32 4 25 4 11 4 31 36 4 39 4 22 4 7 49 4 16 4 95 5 4 31 4 33 56 20 25 12 4 43 4 35 4 95 43 20 52 22 4 9 4 35 4 15 56 4 38 4 41 4 23 4 61 51 4 12 4 62 58 4 55 4 38 4 98 8 4 57 4 73 29 4 18 4 24 4 89 11 4 34 4 29 4 69 8 4 24 4 55 49 4 40 4 30 23 4 51 53 4 39 4 24 4 89 20 4 25 4 73 9 4 49 4 87 24 4 35 4 61 15 4 18 4 63 31 4 55 4 38 47 4 41 4 19 32 4 17 4 49 50 4 29 4 93 25 4 44 4 37 4 107 41 4 14 4 93 35 4 20 4 22 4 57 51 4 22 4 24 4 97 36 4 12 4 34 4 19 4 21 45 4 11 4 33 4 39 4 9 51 4 43 4 45 4 81 19 4 35 4 65 23 4 46 4 22 4 7 8 4 19 4 38 4 32 58 4 17 4 54 4 51 33 4 35 4 48 4 80 58 16 23 16 68 22 4 24 31 16 18 16 17 7 4 48 4 69 36 4 46 4 56 4 81 49 4 5 4 37 4 8 4 70 35 4 32 4 44 15 4 24 4 21 4 52 4 76 38 4 23 4 34 4 102 9 4 27 4 50 4 32 52 4 39 4 23 4 53 27 4 36 4 30 4 17 45 4 7 4 28 4 45 4 92 22 4 41 4 14 4 14 4 58 57 4 47 4 19 4 61 35 4 8 4 38 4 67 15 4 40 4 18 4 
iteration 897 best: 1.01051 time: 264595
35 31 4 27 4 40 4 95 18 4 14 4 92 33 4 26 4 7 4 67 45 4 51 4 15 4 47 52 4 15 4 43 4 80 43 4 35 4 43 4 38 4 53 14 4 7 4 21 4 2 30 4 33 4 61 38 4 6 4 65 14 4 39 4 53 4 47 4 20 36 4 23 4 48 16 4 34 4 3 16 4 41 4 47 4 22 4 45 4 13 31 4 23 4 55 4 44 4 48 51 4 31 4 64 56 4 32 4 25 4 11 4 31 36 4 39 4 22 4 7 49 4 16 4 95 5 4 31 4 33 56 20 25 12 4 43 4 35 4 95 43 20 52 22 4 9 4 35 4 15 56 4 38 4 41 4 23 4 61 51 4 12 4 62 58 4 55 4 38 4 98 8 4 57 4 73 29 4 18 4 24 4 89 11 4 34 4 29 4 69 8 4 24 4 55 49 4 40 4 30 23 4 51 53 4 39 4 24 4 89 20 4 25 4 73 9 4 49 4 87 24 4 35 4 61 15 4 18 4 63 31 4 55 4 38 47 4 41 4 19 32 4 17 4 49 50 4 29 4 93 25 4 44 4 37 4 107 41 4 14 4 93 35 4 20 4 22 4 57 51 4 22 4 24 4 97 36 4 12 4 34 4 19 4 21 45 4 11 4 33 4 39 4 9 51 4 43 4 45 4 81 19 4 35 4 65 23 4 46 4 22 4 7 8 4 19 4 38 4 32 58 4 17 4 54 4 51 33 4 35 4 48 4 80 58 16 23 16 68 22 4 24 31 16 18 16 17 7 4 48 4 69 36 4 46 4 56 4 81 49 4 5 4 37 4 8 4 70 35 4 32 4 44 15 4 24 4 21 4 52 4 76 38 4 23 4 34 4 102 9 4 27 4 50 4 32 52 4 39 4 23 4 53 27 4 36 4 30 4 17 45 4 7 4 28 4 45 4 92 22 4 41 4 14 4 14 4 58 57 4 47 4 19 4 61 35 4 8 4 38 4 67 15 4 40 4 18 4 
iteration 922 best: 1.01051 time: 271943
35 31 4 27 4 40 4 95 18 4 14 4 92 33 4 26 4 7 4 67 45 4 51 4 15 4 47 52 4 15 4 43 4 80 43 4 35 4 43 4 38 4 53 14 4 7 4 21 4 2 30 4 33 4 61 38 4 6 4 65 14 4 39 4 53 4 47 4 20 36 4 23 4 48 16 4 34 4 3 16 4 41 4 47 4 22 4 45 4 13 31 4 23 4 55 4 44 4 48 51 4 31 4 64 56 4 32 4 25 4 11 4 31 36 4 39 4 22 4 7 49 4 16 4 95 5 4 31 4 33 56 20 25 12 4 43 4 35 4 95 43 20 52 22 4 9 4 35 4 15 56 4 38 4 41 4 23 4 61 51 4 12 4 62 58 4 55 4 38 4 98 8 4 57 4 73 29 4 18 4 24 4 89 11 4 34 4 29 4 69 8 4 24 4 55 49 4 40 4 30 23 4 51 53 4 39 4 24 4 89 20 4 25 4 73 9 4 49 4 87 24 4 35 4 61 15 4 18 4 63 31 4 55 4 38 47 4 41 4 19 32 4 17 4 49 50 4 29 4 93 25 4 44 4 37 4 107 41 4 14 4 93 35 4 20 4 22 4 57 51 4 22 4 24 4 97 36 4 12 4 34 4 19 4 21 45 4 11 4 33 4 39 4 9 51 4 43 4 45 4 81 19 4 35 4 65 23 4 46 4 22 4 7 8 4 19 4 38 4 32 58 4 17 4 54 4 51 33 4 35 4 48 4 80 58 16 23 16 68 22 4 24 31 16 18 16 17 7 4 48 4 69 36 4 46 4 56 4 81 49 4 5 4 37 4 8 4 70 35 4 32 4 44 15 4 24 4 21 4 52 4 76 38 4 23 4 34 4 102 9 4 27 4 50 4 32 52 4 39 4 23 4 53 27 4 36 4 30 4 17 45 4 7 4 28 4 45 4 92 22 4 41 4 14 4 14 4 58 57 4 47 4 19 4 61 35 4 8 4 38 4 67 15 4 40 4 18 4 
iteration 947 best: 1.01051 time: 279298
35 31 4 27 4 40 4 95 18 4 14 4 92 33 4 26 4 7 4 67 45 4 51 4 15 4 47 52 4 15 4 43 4 80 43 4 35 4 43 4 38 4 53 14 4 7 4 21 4 2 30 4 33 4 61 38 4 6 4 65 14 4 39 4 53 4 47 4 20 36 4 23 4 48 16 4 34 4 3 16 4 41 4 47 4 22 4 45 4 13 31 4 23 4 55 4 44 4 48 51 4 31 4 64 56 4 32 4 25 4 11 4 31 36 4 39 4 22 4 7 49 4 16 4 95 5 4 31 4 33 56 20 25 12 4 43 4 35 4 95 43 20 52 22 4 9 4 35 4 15 56 4 38 4 41 4 23 4 61 51 4 12 4 62 58 4 55 4 38 4 98 8 4 57 4 73 29 4 18 4 24 4 89 11 4 34 4 29 4 69 8 4 24 4 55 49 4 40 4 30 23 4 51 53 4 39 4 24 4 89 20 4 25 4 73 9 4 49 4 87 24 4 35 4 61 15 4 18 4 63 31 4 55 4 38 47 4 41 4 19 32 4 17 4 49 50 4 29 4 93 25 4 44 4 37 4 107 41 4 14 4 93 35 4 20 4 22 4 57 51 4 22 4 24 4 97 36 4 12 4 34 4 19 4 21 45 4 11 4 33 4 39 4 9 51 4 43 4 45 4 81 19 4 35 4 65 23 4 46 4 22 4 7 8 4 19 4 38 4 32 58 4 17 4 54 4 51 33 4 35 4 48 4 80 58 16 23 16 68 22 4 24 31 16 18 16 17 7 4 48 4 69 36 4 46 4 56 4 81 49 4 5 4 37 4 8 4 70 35 4 32 4 44 15 4 24 4 21 4 52 4 76 38 4 23 4 34 4 102 9 4 27 4 50 4 32 52 4 39 4 23 4 53 27 4 36 4 30 4 17 45 4 7 4 28 4 45 4 92 22 4 41 4 14 4 14 4 58 57 4 47 4 19 4 61 35 4 8 4 38 4 67 15 4 40 4 18 4 
iteration 972 best: 1.01051 time: 286641
35 31 4 27 4 40 4 95 18 4 14 4 92 33 4 26 4 7 4 67 45 4 51 4 15 4 47 52 4 15 4 43 4 80 43 4 35 4 43 4 38 4 53 14 4 7 4 21 4 2 30 4 33 4 61 38 4 6 4 65 14 4 39 4 53 4 47 4 20 36 4 23 4 48 16 4 34 4 3 16 4 41 4 47 4 22 4 45 4 13 31 4 23 4 55 4 44 4 48 51 4 31 4 64 56 4 32 4 25 4 11 4 31 36 4 39 4 22 4 7 49 4 16 4 95 5 4 31 4 33 56 20 25 12 4 43 4 35 4 95 43 20 52 22 4 9 4 35 4 15 56 4 38 4 41 4 23 4 61 51 4 12 4 62 58 4 55 4 38 4 98 8 4 57 4 73 29 4 18 4 24 4 89 11 4 34 4 29 4 69 8 4 24 4 55 49 4 40 4 30 23 4 51 53 4 39 4 24 4 89 20 4 25 4 73 9 4 49 4 87 24 4 35 4 61 15 4 18 4 63 31 4 55 4 38 47 4 41 4 19 32 4 17 4 49 50 4 29 4 93 25 4 44 4 37 4 107 41 4 14 4 93 35 4 20 4 22 4 57 51 4 22 4 24 4 97 36 4 12 4 34 4 19 4 21 45 4 11 4 33 4 39 4 9 51 4 43 4 45 4 81 19 4 35 4 65 23 4 46 4 22 4 7 8 4 19 4 38 4 32 58 4 17 4 54 4 51 33 4 35 4 48 4 80 58 16 23 16 68 22 4 24 31 16 18 16 17 7 4 48 4 69 36 4 46 4 56 4 81 49 4 5 4 37 4 8 4 70 35 4 32 4 44 15 4 24 4 21 4 52 4 76 38 4 23 4 34 4 102 9 4 27 4 50 4 32 52 4 39 4 23 4 53 27 4 36 4 30 4 17 45 4 7 4 28 4 45 4 92 22 4 41 4 14 4 14 4 58 57 4 47 4 19 4 61 35 4 8 4 38 4 67 15 4 40 4 18 4 
iteration 997 best: 1.01051 time: 293982
35 31 4 27 4 40 4 95 18 4 14 4 92 33 4 26 4 7 4 67 45 4 51 4 15 4 47 52 4 15 4 43 4 80 43 4 35 4 43 4 38 4 53 14 4 7 4 21 4 2 30 4 33 4 61 38 4 6 4 65 14 4 39 4 53 4 47 4 20 36 4 23 4 48 16 4 34 4 3 16 4 41 4 47 4 22 4 45 4 13 31 4 23 4 55 4 44 4 48 51 4 31 4 64 56 4 32 4 25 4 11 4 31 36 4 39 4 22 4 7 49 4 16 4 95 5 4 31 4 33 56 20 25 12 4 43 4 35 4 95 43 20 52 22 4 9 4 35 4 15 56 4 38 4 41 4 23 4 61 51 4 12 4 62 58 4 55 4 38 4 98 8 4 57 4 73 29 4 18 4 24 4 89 11 4 34 4 29 4 69 8 4 24 4 55 49 4 40 4 30 23 4 51 53 4 39 4 24 4 89 20 4 25 4 73 9 4 49 4 87 24 4 35 4 61 15 4 18 4 63 31 4 55 4 38 47 4 41 4 19 32 4 17 4 49 50 4 29 4 93 25 4 44 4 37 4 107 41 4 14 4 93 35 4 20 4 22 4 57 51 4 22 4 24 4 97 36 4 12 4 34 4 19 4 21 45 4 11 4 33 4 39 4 9 51 4 43 4 45 4 81 19 4 35 4 65 23 4 46 4 22 4 7 8 4 19 4 38 4 32 58 4 17 4 54 4 51 33 4 35 4 48 4 80 58 16 23 16 68 22 4 24 31 16 18 16 17 7 4 48 4 69 36 4 46 4 56 4 81 49 4 5 4 37 4 8 4 70 35 4 32 4 44 15 4 24 4 21 4 52 4 76 38 4 23 4 34 4 102 9 4 27 4 50 4 32 52 4 39 4 23 4 53 27 4 36 4 30 4 17 45 4 7 4 28 4 45 4 92 22 4 41 4 14 4 14 4 58 57 4 47 4 19 4 61 35 4 8 4 38 4 67 15 4 40 4 18 4 
iteration 1022 best: 1.01051 time: 301313
35 31 4 27 4 40 4 95 18 4 14 4 92 33 4 26 4 7 4 67 45 4 51 4 15 4 47 52 4 15 4 43 4 80 43 4 35 4 43 4 38 4 53 14 4 7 4 21 4 2 30 4 33 4 61 38 4 6 4 65 14 4 39 4 53 4 47 4 20 36 4 23 4 48 16 4 34 4 3 16 4 41 4 47 4 22 4 45 4 13 31 4 23 4 55 4 44 4 48 51 4 31 4 64 56 4 32 4 25 4 11 4 31 36 4 39 4 22 4 7 49 4 16 4 95 5 4 31 4 33 56 20 25 12 4 43 4 35 4 95 43 20 52 22 4 9 4 35 4 15 56 4 38 4 41 4 23 4 61 51 4 12 4 62 58 4 55 4 38 4 98 8 4 57 4 73 29 4 18 4 24 4 89 11 4 34 4 29 4 69 8 4 24 4 55 49 4 40 4 30 23 4 51 53 4 39 4 24 4 89 20 4 25 4 73 9 4 49 4 87 24 4 35 4 61 15 4 18 4 63 31 4 55 4 38 47 4 41 4 19 32 4 17 4 49 50 4 29 4 93 25 4 44 4 37 4 107 41 4 14 4 93 35 4 20 4 22 4 57 51 4 22 4 24 4 97 36 4 12 4 34 4 19 4 21 45 4 11 4 33 4 39 4 9 51 4 43 4 45 4 81 19 4 35 4 65 23 4 46 4 22 4 7 8 4 19 4 38 4 32 58 4 17 4 54 4 51 33 4 35 4 48 4 80 58 16 23 16 68 22 4 24 31 16 18 16 17 7 4 48 4 69 36 4 46 4 56 4 81 49 4 5 4 37 4 8 4 70 35 4 32 4 44 15 4 24 4 21 4 52 4 76 38 4 23 4 34 4 102 9 4 27 4 50 4 32 52 4 39 4 23 4 53 27 4 36 4 30 4 17 45 4 7 4 28 4 45 4 92 22 4 41 4 14 4 14 4 58 57 4 47 4 19 4 61 35 4 8 4 38 4 67 15 4 40 4 18 4 
iteration 1047 best: 1.01051 time: 308672
35 31 4 27 4 40 4 95 18 4 14 4 92 33 4 26 4 7 4 67 45 4 51 4 15 4 47 52 4 15 4 43 4 80 43 4 35 4 43 4 38 4 53 14 4 7 4 21 4 2 30 4 33 4 61 38 4 6 4 65 14 4 39 4 53 4 47 4 20 36 4 23 4 48 16 4 34 4 3 16 4 41 4 47 4 22 4 45 4 13 31 4 23 4 55 4 44 4 48 51 4 31 4 64 56 4 32 4 25 4 11 4 31 36 4 39 4 22 4 7 49 4 16 4 95 5 4 31 4 33 56 20 25 12 4 43 4 35 4 95 43 20 52 22 4 9 4 35 4 15 56 4 38 4 41 4 23 4 61 51 4 12 4 62 58 4 55 4 38 4 98 8 4 57 4 73 29 4 18 4 24 4 89 11 4 34 4 29 4 69 8 4 24 4 55 49 4 40 4 30 23 4 51 53 4 39 4 24 4 89 20 4 25 4 73 9 4 49 4 87 24 4 35 4 61 15 4 18 4 63 31 4 55 4 38 47 4 41 4 19 32 4 17 4 49 50 4 29 4 93 25 4 44 4 37 4 107 41 4 14 4 93 35 4 20 4 22 4 57 51 4 22 4 24 4 97 36 4 12 4 34 4 19 4 21 45 4 11 4 33 4 39 4 9 51 4 43 4 45 4 81 19 4 35 4 65 23 4 46 4 22 4 7 8 4 19 4 38 4 32 58 4 17 4 54 4 51 33 4 35 4 48 4 80 58 16 23 16 68 22 4 24 31 16 18 16 17 7 4 48 4 69 36 4 46 4 56 4 81 49 4 5 4 37 4 8 4 70 35 4 32 4 44 15 4 24 4 21 4 52 4 76 38 4 23 4 34 4 102 9 4 27 4 50 4 32 52 4 39 4 23 4 53 27 4 36 4 30 4 17 45 4 7 4 28 4 45 4 92 22 4 41 4 14 4 14 4 58 57 4 47 4 19 4 61 35 4 8 4 38 4 67 15 4 40 4 18 4 
iteration 1072 best: 1.01051 time: 316021
35 31 4 27 4 40 4 95 18 4 14 4 92 33 4 26 4 7 4 67 45 4 51 4 15 4 47 52 4 15 4 43 4 80 43 4 35 4 43 4 38 4 53 14 4 7 4 21 4 2 30 4 33 4 61 38 4 6 4 65 14 4 39 4 53 4 47 4 20 36 4 23 4 48 16 4 34 4 3 16 4 41 4 47 4 22 4 45 4 13 31 4 23 4 55 4 44 4 48 51 4 31 4 64 56 4 32 4 25 4 11 4 31 36 4 39 4 22 4 7 49 4 16 4 95 5 4 31 4 33 56 20 25 12 4 43 4 35 4 95 43 20 52 22 4 9 4 35 4 15 56 4 38 4 41 4 23 4 61 51 4 12 4 62 58 4 55 4 38 4 98 8 4 57 4 73 29 4 18 4 24 4 89 11 4 34 4 29 4 69 8 4 24 4 55 49 4 40 4 30 23 4 51 53 4 39 4 24 4 89 20 4 25 4 73 9 4 49 4 87 24 4 35 4 61 15 4 18 4 63 31 4 55 4 38 47 4 41 4 19 32 4 17 4 49 50 4 29 4 93 25 4 44 4 37 4 107 41 4 14 4 93 35 4 20 4 22 4 57 51 4 22 4 24 4 97 36 4 12 4 34 4 19 4 21 45 4 11 4 33 4 39 4 9 51 4 43 4 45 4 81 19 4 35 4 65 23 4 46 4 22 4 7 8 4 19 4 38 4 32 58 4 17 4 54 4 51 33 4 35 4 48 4 80 58 16 23 16 68 22 4 24 31 16 18 16 17 7 4 48 4 69 36 4 46 4 56 4 81 49 4 5 4 37 4 8 4 70 35 4 32 4 44 15 4 24 4 21 4 52 4 76 38 4 23 4 34 4 102 9 4 27 4 50 4 32 52 4 39 4 23 4 53 27 4 36 4 30 4 17 45 4 7 4 28 4 45 4 92 22 4 41 4 14 4 14 4 58 57 4 47 4 19 4 61 35 4 8 4 38 4 67 15 4 40 4 18 4 
iteration 1097 best: 1.01051 time: 323387
35 31 4 27 4 40 4 95 18 4 14 4 92 33 4 26 4 7 4 67 45 4 51 4 15 4 47 52 4 15 4 43 4 80 43 4 35 4 43 4 38 4 53 14 4 7 4 21 4 2 30 4 33 4 61 38 4 6 4 65 14 4 39 4 53 4 47 4 20 36 4 23 4 48 16 4 34 4 3 16 4 41 4 47 4 22 4 45 4 13 31 4 23 4 55 4 44 4 48 51 4 31 4 64 56 4 32 4 25 4 11 4 31 36 4 39 4 22 4 7 49 4 16 4 95 5 4 31 4 33 56 20 25 12 4 43 4 35 4 95 43 20 52 22 4 9 4 35 4 15 56 4 38 4 41 4 23 4 61 51 4 12 4 62 58 4 55 4 38 4 98 8 4 57 4 73 29 4 18 4 24 4 89 11 4 34 4 29 4 69 8 4 24 4 55 49 4 40 4 30 23 4 51 53 4 39 4 24 4 89 20 4 25 4 73 9 4 49 4 87 24 4 35 4 61 15 4 18 4 63 31 4 55 4 38 47 4 41 4 19 32 4 17 4 49 50 4 29 4 93 25 4 44 4 37 4 107 41 4 14 4 93 35 4 20 4 22 4 57 51 4 22 4 24 4 97 36 4 12 4 34 4 19 4 21 45 4 11 4 33 4 39 4 9 51 4 43 4 45 4 81 19 4 35 4 65 23 4 46 4 22 4 7 8 4 19 4 38 4 32 58 4 17 4 54 4 51 33 4 35 4 48 4 80 58 16 23 16 68 22 4 24 31 16 18 16 17 7 4 48 4 69 36 4 46 4 56 4 81 49 4 5 4 37 4 8 4 70 35 4 32 4 44 15 4 24 4 21 4 52 4 76 38 4 23 4 34 4 102 9 4 27 4 50 4 32 52 4 39 4 23 4 53 27 4 36 4 30 4 17 45 4 7 4 28 4 45 4 92 22 4 41 4 14 4 14 4 58 57 4 47 4 19 4 61 35 4 8 4 38 4 67 15 4 40 4 18 4 
iteration 1122 best: 1.01051 time: 330762
35 31 4 27 4 40 4 95 18 4 14 4 92 33 4 26 4 7 4 67 45 4 51 4 15 4 47 52 4 15 4 43 4 80 43 4 35 4 43 4 38 4 53 14 4 7 4 21 4 2 30 4 33 4 61 38 4 6 4 65 14 4 39 4 53 4 47 4 20 36 4 23 4 48 16 4 34 4 3 16 4 41 4 47 4 22 4 45 4 13 31 4 23 4 55 4 44 4 48 51 4 31 4 64 56 4 32 4 25 4 11 4 31 36 4 39 4 22 4 7 49 4 16 4 95 5 4 31 4 33 56 20 25 12 4 43 4 35 4 95 43 20 52 22 4 9 4 35 4 15 56 4 38 4 41 4 23 4 61 51 4 12 4 62 58 4 55 4 38 4 98 8 4 57 4 73 29 4 18 4 24 4 89 11 4 34 4 29 4 69 8 4 24 4 55 49 4 40 4 30 23 4 51 53 4 39 4 24 4 89 20 4 25 4 73 9 4 49 4 87 24 4 35 4 61 15 4 18 4 63 31 4 55 4 38 47 4 41 4 19 32 4 17 4 49 50 4 29 4 93 25 4 44 4 37 4 107 41 4 14 4 93 35 4 20 4 22 4 57 51 4 22 4 24 4 97 36 4 12 4 34 4 19 4 21 45 4 11 4 33 4 39 4 9 51 4 43 4 45 4 81 19 4 35 4 65 23 4 46 4 22 4 7 8 4 19 4 38 4 32 58 4 17 4 54 4 51 33 4 35 4 48 4 80 58 16 23 16 68 22 4 24 31 16 18 16 17 7 4 48 4 69 36 4 46 4 56 4 81 49 4 5 4 37 4 8 4 70 35 4 32 4 44 15 4 24 4 21 4 52 4 76 38 4 23 4 34 4 102 9 4 27 4 50 4 32 52 4 39 4 23 4 53 27 4 36 4 30 4 17 45 4 7 4 28 4 45 4 92 22 4 41 4 14 4 14 4 58 57 4 47 4 19 4 61 35 4 8 4 38 4 67 15 4 40 4 18 4 
iteration 1147 best: 1.01051 time: 338099
35 31 4 27 4 40 4 95 18 4 14 4 92 33 4 26 4 7 4 67 45 4 51 4 15 4 47 52 4 15 4 43 4 80 43 4 35 4 43 4 38 4 53 14 4 7 4 21 4 2 30 4 33 4 61 38 4 6 4 65 14 4 39 4 53 4 47 4 20 36 4 23 4 48 16 4 34 4 3 16 4 41 4 47 4 22 4 45 4 13 31 4 23 4 55 4 44 4 48 51 4 31 4 64 56 4 32 4 25 4 11 4 31 36 4 39 4 22 4 7 49 4 16 4 95 5 4 31 4 33 56 20 25 12 4 43 4 35 4 95 43 20 52 22 4 9 4 35 4 15 56 4 38 4 41 4 23 4 61 51 4 12 4 62 58 4 55 4 38 4 98 8 4 57 4 73 29 4 18 4 24 4 89 11 4 34 4 29 4 69 8 4 24 4 55 49 4 40 4 30 23 4 51 53 4 39 4 24 4 89 20 4 25 4 73 9 4 49 4 87 24 4 35 4 61 15 4 18 4 63 31 4 55 4 38 47 4 41 4 19 32 4 17 4 49 50 4 29 4 93 25 4 44 4 37 4 107 41 4 14 4 93 35 4 20 4 22 4 57 51 4 22 4 24 4 97 36 4 12 4 34 4 19 4 21 45 4 11 4 33 4 39 4 9 51 4 43 4 45 4 81 19 4 35 4 65 23 4 46 4 22 4 7 8 4 19 4 38 4 32 58 4 17 4 54 4 51 33 4 35 4 48 4 80 58 16 23 16 68 22 4 24 31 16 18 16 17 7 4 48 4 69 36 4 46 4 56 4 81 49 4 5 4 37 4 8 4 70 35 4 32 4 44 15 4 24 4 21 4 52 4 76 38 4 23 4 34 4 102 9 4 27 4 50 4 32 52 4 39 4 23 4 53 27 4 36 4 30 4 17 45 4 7 4 28 4 45 4 92 22 4 41 4 14 4 14 4 58 57 4 47 4 19 4 61 35 4 8 4 38 4 67 15 4 40 4 18 4 
iteration 1172 best: 1.01051 time: 345464
35 31 4 27 4 40 4 95 18 4 14 4 92 33 4 26 4 7 4 67 45 4 51 4 15 4 47 52 4 15 4 43 4 80 43 4 35 4 43 4 38 4 53 14 4 7 4 21 4 2 30 4 33 4 61 38 4 6 4 65 14 4 39 4 53 4 47 4 20 36 4 23 4 48 16 4 34 4 3 16 4 41 4 47 4 22 4 45 4 13 31 4 23 4 55 4 44 4 48 51 4 31 4 64 56 4 32 4 25 4 11 4 31 36 4 39 4 22 4 7 49 4 16 4 95 5 4 31 4 33 56 20 25 12 4 43 4 35 4 95 43 20 52 22 4 9 4 35 4 15 56 4 38 4 41 4 23 4 61 51 4 12 4 62 58 4 55 4 38 4 98 8 4 57 4 73 29 4 18 4 24 4 89 11 4 34 4 29 4 69 8 4 24 4 55 49 4 40 4 30 23 4 51 53 4 39 4 24 4 89 20 4 25 4 73 9 4 49 4 87 24 4 35 4 61 15 4 18 4 63 31 4 55 4 38 47 4 41 4 19 32 4 17 4 49 50 4 29 4 93 25 4 44 4 37 4 107 41 4 14 4 93 35 4 20 4 22 4 57 51 4 22 4 24 4 97 36 4 12 4 34 4 19 4 21 45 4 11 4 33 4 39 4 9 51 4 43 4 45 4 81 19 4 35 4 65 23 4 46 4 22 4 7 8 4 19 4 38 4 32 58 4 17 4 54 4 51 33 4 35 4 48 4 80 58 16 23 16 68 22 4 24 31 16 18 16 17 7 4 48 4 69 36 4 46 4 56 4 81 49 4 5 4 37 4 8 4 70 35 4 32 4 44 15 4 24 4 21 4 52 4 76 38 4 23 4 34 4 102 9 4 27 4 50 4 32 52 4 39 4 23 4 53 27 4 36 4 30 4 17 45 4 7 4 28 4 45 4 92 22 4 41 4 14 4 14 4 58 57 4 47 4 19 4 61 35 4 8 4 38 4 67 15 4 40 4 18 4 
iteration 1197 best: 1.01051 time: 352833
35 31 4 27 4 40 4 95 18 4 14 4 92 33 4 26 4 7 4 67 45 4 51 4 15 4 47 52 4 15 4 43 4 80 43 4 35 4 43 4 38 4 53 14 4 7 4 21 4 2 30 4 33 4 61 38 4 6 4 65 14 4 39 4 53 4 47 4 20 36 4 23 4 48 16 4 34 4 3 16 4 41 4 47 4 22 4 45 4 13 31 4 23 4 55 4 44 4 48 51 4 31 4 64 56 4 32 4 25 4 11 4 31 36 4 39 4 22 4 7 49 4 16 4 95 5 4 31 4 33 56 20 25 12 4 43 4 35 4 95 43 20 52 22 4 9 4 35 4 15 56 4 38 4 41 4 23 4 61 51 4 12 4 62 58 4 55 4 38 4 98 8 4 57 4 73 29 4 18 4 24 4 89 11 4 34 4 29 4 69 8 4 24 4 55 49 4 40 4 30 23 4 51 53 4 39 4 24 4 89 20 4 25 4 73 9 4 49 4 87 24 4 35 4 61 15 4 18 4 63 31 4 55 4 38 47 4 41 4 19 32 4 17 4 49 50 4 29 4 93 25 4 44 4 37 4 107 41 4 14 4 93 35 4 20 4 22 4 57 51 4 22 4 24 4 97 36 4 12 4 34 4 19 4 21 45 4 11 4 33 4 39 4 9 51 4 43 4 45 4 81 19 4 35 4 65 23 4 46 4 22 4 7 8 4 19 4 38 4 32 58 4 17 4 54 4 51 33 4 35 4 48 4 80 58 16 23 16 68 22 4 24 31 16 18 16 17 7 4 48 4 69 36 4 46 4 56 4 81 49 4 5 4 37 4 8 4 70 35 4 32 4 44 15 4 24 4 21 4 52 4 76 38 4 23 4 34 4 102 9 4 27 4 50 4 32 52 4 39 4 23 4 53 27 4 36 4 30 4 17 45 4 7 4 28 4 45 4 92 22 4 41 4 14 4 14 4 58 57 4 47 4 19 4 61 35 4 8 4 38 4 67 15 4 40 4 18 4 
iteration 1222 best: 1.01051 time: 360170
35 31 4 27 4 40 4 95 18 4 14 4 92 33 4 26 4 7 4 67 45 4 51 4 15 4 47 52 4 15 4 43 4 80 43 4 35 4 43 4 38 4 53 14 4 7 4 21 4 2 30 4 33 4 61 38 4 6 4 65 14 4 39 4 53 4 47 4 20 36 4 23 4 48 16 4 34 4 3 16 4 41 4 47 4 22 4 45 4 13 31 4 23 4 55 4 44 4 48 51 4 31 4 64 56 4 32 4 25 4 11 4 31 36 4 39 4 22 4 7 49 4 16 4 95 5 4 31 4 33 56 20 25 12 4 43 4 35 4 95 43 20 52 22 4 9 4 35 4 15 56 4 38 4 41 4 23 4 61 51 4 12 4 62 58 4 55 4 38 4 98 8 4 57 4 73 29 4 18 4 24 4 89 11 4 34 4 29 4 69 8 4 24 4 55 49 4 40 4 30 23 4 51 53 4 39 4 24 4 89 20 4 25 4 73 9 4 49 4 87 24 4 35 4 61 15 4 18 4 63 31 4 55 4 38 47 4 41 4 19 32 4 17 4 49 50 4 29 4 93 25 4 44 4 37 4 107 41 4 14 4 93 35 4 20 4 22 4 57 51 4 22 4 24 4 97 36 4 12 4 34 4 19 4 21 45 4 11 4 33 4 39 4 9 51 4 43 4 45 4 81 19 4 35 4 65 23 4 46 4 22 4 7 8 4 19 4 38 4 32 58 4 17 4 54 4 51 33 4 35 4 48 4 80 58 16 23 16 68 22 4 24 31 16 18 16 17 7 4 48 4 69 36 4 46 4 56 4 81 49 4 5 4 37 4 8 4 70 35 4 32 4 44 15 4 24 4 21 4 52 4 76 38 4 23 4 34 4 102 9 4 27 4 50 4 32 52 4 39 4 23 4 53 27 4 36 4 30 4 17 45 4 7 4 28 4 45 4 92 22 4 41 4 14 4 14 4 58 57 4 47 4 19 4 61 35 4 8 4 38 4 67 15 4 40 4 18 4 
iteration 1247 best: 1.01051 time: 367516
35 31 4 27 4 40 4 95 18 4 14 4 92 33 4 26 4 7 4 67 45 4 51 4 15 4 47 52 4 15 4 43 4 80 43 4 35 4 43 4 38 4 53 14 4 7 4 21 4 2 30 4 33 4 61 38 4 6 4 65 14 4 39 4 53 4 47 4 20 36 4 23 4 48 16 4 34 4 3 16 4 41 4 47 4 22 4 45 4 13 31 4 23 4 55 4 44 4 48 51 4 31 4 64 56 4 32 4 25 4 11 4 31 36 4 39 4 22 4 7 49 4 16 4 95 5 4 31 4 33 56 20 25 12 4 43 4 35 4 95 43 20 52 22 4 9 4 35 4 15 56 4 38 4 41 4 23 4 61 51 4 12 4 62 58 4 55 4 38 4 98 8 4 57 4 73 29 4 18 4 24 4 89 11 4 34 4 29 4 69 8 4 24 4 55 49 4 40 4 30 23 4 51 53 4 39 4 24 4 89 20 4 25 4 73 9 4 49 4 87 24 4 35 4 61 15 4 18 4 63 31 4 55 4 38 47 4 41 4 19 32 4 17 4 49 50 4 29 4 93 25 4 44 4 37 4 107 41 4 14 4 93 35 4 20 4 22 4 57 51 4 22 4 24 4 97 36 4 12 4 34 4 19 4 21 45 4 11 4 33 4 39 4 9 51 4 43 4 45 4 81 19 4 35 4 65 23 4 46 4 22 4 7 8 4 19 4 38 4 32 58 4 17 4 54 4 51 33 4 35 4 48 4 80 58 16 23 16 68 22 4 24 31 16 18 16 17 7 4 48 4 69 36 4 46 4 56 4 81 49 4 5 4 37 4 8 4 70 35 4 32 4 44 15 4 24 4 21 4 52 4 76 38 4 23 4 34 4 102 9 4 27 4 50 4 32 52 4 39 4 23 4 53 27 4 36 4 30 4 17 45 4 7 4 28 4 45 4 92 22 4 41 4 14 4 14 4 58 57 4 47 4 19 4 61 35 4 8 4 38 4 67 15 4 40 4 18 4 
iteration 1272 best: 1.01051 time: 374870
35 31 4 27 4 40 4 95 18 4 14 4 92 33 4 26 4 7 4 67 45 4 51 4 15 4 47 52 4 15 4 43 4 80 43 4 35 4 43 4 38 4 53 14 4 7 4 21 4 2 30 4 33 4 61 38 4 6 4 65 14 4 39 4 53 4 47 4 20 36 4 23 4 48 16 4 34 4 3 16 4 41 4 47 4 22 4 45 4 13 31 4 23 4 55 4 44 4 48 51 4 31 4 64 56 4 32 4 25 4 11 4 31 36 4 39 4 22 4 7 49 4 16 4 95 5 4 31 4 33 56 20 25 12 4 43 4 35 4 95 43 20 52 22 4 9 4 35 4 15 56 4 38 4 41 4 23 4 61 51 4 12 4 62 58 4 55 4 38 4 98 8 4 57 4 73 29 4 18 4 24 4 89 11 4 34 4 29 4 69 8 4 24 4 55 49 4 40 4 30 23 4 51 53 4 39 4 24 4 89 20 4 25 4 73 9 4 49 4 87 24 4 35 4 61 15 4 18 4 63 31 4 55 4 38 47 4 41 4 19 32 4 17 4 49 50 4 29 4 93 25 4 44 4 37 4 107 41 4 14 4 93 35 4 20 4 22 4 57 51 4 22 4 24 4 97 36 4 12 4 34 4 19 4 21 45 4 11 4 33 4 39 4 9 51 4 43 4 45 4 81 19 4 35 4 65 23 4 46 4 22 4 7 8 4 19 4 38 4 32 58 4 17 4 54 4 51 33 4 35 4 48 4 80 58 16 23 16 68 22 4 24 31 16 18 16 17 7 4 48 4 69 36 4 46 4 56 4 81 49 4 5 4 37 4 8 4 70 35 4 32 4 44 15 4 24 4 21 4 52 4 76 38 4 23 4 34 4 102 9 4 27 4 50 4 32 52 4 39 4 23 4 53 27 4 36 4 30 4 17 45 4 7 4 28 4 45 4 92 22 4 41 4 14 4 14 4 58 57 4 47 4 19 4 61 35 4 8 4 38 4 67 15 4 40 4 18 4 
iteration 1297 best: 1.01051 time: 382199
35 31 4 27 4 40 4 95 18 4 14 4 92 33 4 26 4 7 4 67 45 4 51 4 15 4 47 52 4 15 4 43 4 80 43 4 35 4 43 4 38 4 53 14 4 7 4 21 4 2 30 4 33 4 61 38 4 6 4 65 14 4 39 4 53 4 47 4 20 36 4 23 4 48 16 4 34 4 3 16 4 41 4 47 4 22 4 45 4 13 31 4 23 4 55 4 44 4 48 51 4 31 4 64 56 4 32 4 25 4 11 4 31 36 4 39 4 22 4 7 49 4 16 4 95 5 4 31 4 33 56 20 25 12 4 43 4 35 4 95 43 20 52 22 4 9 4 35 4 15 56 4 38 4 41 4 23 4 61 51 4 12 4 62 58 4 55 4 38 4 98 8 4 57 4 73 29 4 18 4 24 4 89 11 4 34 4 29 4 69 8 4 24 4 55 49 4 40 4 30 23 4 51 53 4 39 4 24 4 89 20 4 25 4 73 9 4 49 4 87 24 4 35 4 61 15 4 18 4 63 31 4 55 4 38 47 4 41 4 19 32 4 17 4 49 50 4 29 4 93 25 4 44 4 37 4 107 41 4 14 4 93 35 4 20 4 22 4 57 51 4 22 4 24 4 97 36 4 12 4 34 4 19 4 21 45 4 11 4 33 4 39 4 9 51 4 43 4 45 4 81 19 4 35 4 65 23 4 46 4 22 4 7 8 4 19 4 38 4 32 58 4 17 4 54 4 51 33 4 35 4 48 4 80 58 16 23 16 68 22 4 24 31 16 18 16 17 7 4 48 4 69 36 4 46 4 56 4 81 49 4 5 4 37 4 8 4 70 35 4 32 4 44 15 4 24 4 21 4 52 4 76 38 4 23 4 34 4 102 9 4 27 4 50 4 32 52 4 39 4 23 4 53 27 4 36 4 30 4 17 45 4 7 4 28 4 45 4 92 22 4 41 4 14 4 14 4 58 57 4 47 4 19 4 61 35 4 8 4 38 4 67 15 4 40 4 18 4 
iteration 1322 best: 1.01051 time: 389596
35 31 4 27 4 40 4 95 18 4 14 4 92 33 4 26 4 7 4 67 45 4 51 4 15 4 47 52 4 15 4 43 4 80 43 4 35 4 43 4 38 4 53 14 4 7 4 21 4 2 30 4 33 4 61 38 4 6 4 65 14 4 39 4 53 4 47 4 20 36 4 23 4 48 16 4 34 4 3 16 4 41 4 47 4 22 4 45 4 13 31 4 23 4 55 4 44 4 48 51 4 31 4 64 56 4 32 4 25 4 11 4 31 36 4 39 4 22 4 7 49 4 16 4 95 5 4 31 4 33 56 20 25 12 4 43 4 35 4 95 43 20 52 22 4 9 4 35 4 15 56 4 38 4 41 4 23 4 61 51 4 12 4 62 58 4 55 4 38 4 98 8 4 57 4 73 29 4 18 4 24 4 89 11 4 34 4 29 4 69 8 4 24 4 55 49 4 40 4 30 23 4 51 53 4 39 4 24 4 89 20 4 25 4 73 9 4 49 4 87 24 4 35 4 61 15 4 18 4 63 31 4 55 4 38 47 4 41 4 19 32 4 17 4 49 50 4 29 4 93 25 4 44 4 37 4 107 41 4 14 4 93 35 4 20 4 22 4 57 51 4 22 4 24 4 97 36 4 12 4 34 4 19 4 21 45 4 11 4 33 4 39 4 9 51 4 43 4 45 4 81 19 4 35 4 65 23 4 46 4 22 4 7 8 4 19 4 38 4 32 58 4 17 4 54 4 51 33 4 35 4 48 4 80 58 16 23 16 68 22 4 24 31 16 18 16 17 7 4 48 4 69 36 4 46 4 56 4 81 49 4 5 4 37 4 8 4 70 35 4 32 4 44 15 4 24 4 21 4 52 4 76 38 4 23 4 34 4 102 9 4 27 4 50 4 32 52 4 39 4 23 4 53 27 4 36 4 30 4 17 45 4 7 4 28 4 45 4 92 22 4 41 4 14 4 14 4 58 57 4 47 4 19 4 61 35 4 8 4 38 4 67 15 4 40 4 18 4 
iteration 1347 best: 1.01051 time: 396936
35 31 4 27 4 40 4 95 18 4 14 4 92 33 4 26 4 7 4 67 45 4 51 4 15 4 47 52 4 15 4 43 4 80 43 4 35 4 43 4 38 4 53 14 4 7 4 21 4 2 30 4 33 4 61 38 4 6 4 65 14 4 39 4 53 4 47 4 20 36 4 23 4 48 16 4 34 4 3 16 4 41 4 47 4 22 4 45 4 13 31 4 23 4 55 4 44 4 48 51 4 31 4 64 56 4 32 4 25 4 11 4 31 36 4 39 4 22 4 7 49 4 16 4 95 5 4 31 4 33 56 20 25 12 4 43 4 35 4 95 43 20 52 22 4 9 4 35 4 15 56 4 38 4 41 4 23 4 61 51 4 12 4 62 58 4 55 4 38 4 98 8 4 57 4 73 29 4 18 4 24 4 89 11 4 34 4 29 4 69 8 4 24 4 55 49 4 40 4 30 23 4 51 53 4 39 4 24 4 89 20 4 25 4 73 9 4 49 4 87 24 4 35 4 61 15 4 18 4 63 31 4 55 4 38 47 4 41 4 19 32 4 17 4 49 50 4 29 4 93 25 4 44 4 37 4 107 41 4 14 4 93 35 4 20 4 22 4 57 51 4 22 4 24 4 97 36 4 12 4 34 4 19 4 21 45 4 11 4 33 4 39 4 9 51 4 43 4 45 4 81 19 4 35 4 65 23 4 46 4 22 4 7 8 4 19 4 38 4 32 58 4 17 4 54 4 51 33 4 35 4 48 4 80 58 16 23 16 68 22 4 24 31 16 18 16 17 7 4 48 4 69 36 4 46 4 56 4 81 49 4 5 4 37 4 8 4 70 35 4 32 4 44 15 4 24 4 21 4 52 4 76 38 4 23 4 34 4 102 9 4 27 4 50 4 32 52 4 39 4 23 4 53 27 4 36 4 30 4 17 45 4 7 4 28 4 45 4 92 22 4 41 4 14 4 14 4 58 57 4 47 4 19 4 61 35 4 8 4 38 4 67 15 4 40 4 18 4 
iteration 1372 best: 1.01051 time: 404276
35 31 4 27 4 40 4 95 18 4 14 4 92 33 4 26 4 7 4 67 45 4 51 4 15 4 47 52 4 15 4 43 4 80 43 4 35 4 43 4 38 4 53 14 4 7 4 21 4 2 30 4 33 4 61 38 4 6 4 65 14 4 39 4 53 4 47 4 20 36 4 23 4 48 16 4 34 4 3 16 4 41 4 47 4 22 4 45 4 13 31 4 23 4 55 4 44 4 48 51 4 31 4 64 56 4 32 4 25 4 11 4 31 36 4 39 4 22 4 7 49 4 16 4 95 5 4 31 4 33 56 20 25 12 4 43 4 35 4 95 43 20 52 22 4 9 4 35 4 15 56 4 38 4 41 4 23 4 61 51 4 12 4 62 58 4 55 4 38 4 98 8 4 57 4 73 29 4 18 4 24 4 89 11 4 34 4 29 4 69 8 4 24 4 55 49 4 40 4 30 23 4 51 53 4 39 4 24 4 89 20 4 25 4 73 9 4 49 4 87 24 4 35 4 61 15 4 18 4 63 31 4 55 4 38 47 4 41 4 19 32 4 17 4 49 50 4 29 4 93 25 4 44 4 37 4 107 41 4 14 4 93 35 4 20 4 22 4 57 51 4 22 4 24 4 97 36 4 12 4 34 4 19 4 21 45 4 11 4 33 4 39 4 9 51 4 43 4 45 4 81 19 4 35 4 65 23 4 46 4 22 4 7 8 4 19 4 38 4 32 58 4 17 4 54 4 51 33 4 35 4 48 4 80 58 16 23 16 68 22 4 24 31 16 18 16 17 7 4 48 4 69 36 4 46 4 56 4 81 49 4 5 4 37 4 8 4 70 35 4 32 4 44 15 4 24 4 21 4 52 4 76 38 4 23 4 34 4 102 9 4 27 4 50 4 32 52 4 39 4 23 4 53 27 4 36 4 30 4 17 45 4 7 4 28 4 45 4 92 22 4 41 4 14 4 14 4 58 57 4 47 4 19 4 61 35 4 8 4 38 4 67 15 4 40 4 18 4 
iteration 1397 best: 1.01051 time: 411616
35 31 4 27 4 40 4 95 18 4 14 4 92 33 4 26 4 7 4 67 45 4 51 4 15 4 47 52 4 15 4 43 4 80 43 4 35 4 43 4 38 4 53 14 4 7 4 21 4 2 30 4 33 4 61 38 4 6 4 65 14 4 39 4 53 4 47 4 20 36 4 23 4 48 16 4 34 4 3 16 4 41 4 47 4 22 4 45 4 13 31 4 23 4 55 4 44 4 48 51 4 31 4 64 56 4 32 4 25 4 11 4 31 36 4 39 4 22 4 7 49 4 16 4 95 5 4 31 4 33 56 20 25 12 4 43 4 35 4 95 43 20 52 22 4 9 4 35 4 15 56 4 38 4 41 4 23 4 61 51 4 12 4 62 58 4 55 4 38 4 98 8 4 57 4 73 29 4 18 4 24 4 89 11 4 34 4 29 4 69 8 4 24 4 55 49 4 40 4 30 23 4 51 53 4 39 4 24 4 89 20 4 25 4 73 9 4 49 4 87 24 4 35 4 61 15 4 18 4 63 31 4 55 4 38 47 4 41 4 19 32 4 17 4 49 50 4 29 4 93 25 4 44 4 37 4 107 41 4 14 4 93 35 4 20 4 22 4 57 51 4 22 4 24 4 97 36 4 12 4 34 4 19 4 21 45 4 11 4 33 4 39 4 9 51 4 43 4 45 4 81 19 4 35 4 65 23 4 46 4 22 4 7 8 4 19 4 38 4 32 58 4 17 4 54 4 51 33 4 35 4 48 4 80 58 16 23 16 68 22 4 24 31 16 18 16 17 7 4 48 4 69 36 4 46 4 56 4 81 49 4 5 4 37 4 8 4 70 35 4 32 4 44 15 4 24 4 21 4 52 4 76 38 4 23 4 34 4 102 9 4 27 4 50 4 32 52 4 39 4 23 4 53 27 4 36 4 30 4 17 45 4 7 4 28 4 45 4 92 22 4 41 4 14 4 14 4 58 57 4 47 4 19 4 61 35 4 8 4 38 4 67 15 4 40 4 18 4 
iteration 1422 best: 1.01051 time: 418956
35 31 4 27 4 40 4 95 18 4 14 4 92 33 4 26 4 7 4 67 45 4 51 4 15 4 47 52 4 15 4 43 4 80 43 4 35 4 43 4 38 4 53 14 4 7 4 21 4 2 30 4 33 4 61 38 4 6 4 65 14 4 39 4 53 4 47 4 20 36 4 23 4 48 16 4 34 4 3 16 4 41 4 47 4 22 4 45 4 13 31 4 23 4 55 4 44 4 48 51 4 31 4 64 56 4 32 4 25 4 11 4 31 36 4 39 4 22 4 7 49 4 16 4 95 5 4 31 4 33 56 20 25 12 4 43 4 35 4 95 43 20 52 22 4 9 4 35 4 15 56 4 38 4 41 4 23 4 61 51 4 12 4 62 58 4 55 4 38 4 98 8 4 57 4 73 29 4 18 4 24 4 89 11 4 34 4 29 4 69 8 4 24 4 55 49 4 40 4 30 23 4 51 53 4 39 4 24 4 89 20 4 25 4 73 9 4 49 4 87 24 4 35 4 61 15 4 18 4 63 31 4 55 4 38 47 4 41 4 19 32 4 17 4 49 50 4 29 4 93 25 4 44 4 37 4 107 41 4 14 4 93 35 4 20 4 22 4 57 51 4 22 4 24 4 97 36 4 12 4 34 4 19 4 21 45 4 11 4 33 4 39 4 9 51 4 43 4 45 4 81 19 4 35 4 65 23 4 46 4 22 4 7 8 4 19 4 38 4 32 58 4 17 4 54 4 51 33 4 35 4 48 4 80 58 16 23 16 68 22 4 24 31 16 18 16 17 7 4 48 4 69 36 4 46 4 56 4 81 49 4 5 4 37 4 8 4 70 35 4 32 4 44 15 4 24 4 21 4 52 4 76 38 4 23 4 34 4 102 9 4 27 4 50 4 32 52 4 39 4 23 4 53 27 4 36 4 30 4 17 45 4 7 4 28 4 45 4 92 22 4 41 4 14 4 14 4 58 57 4 47 4 19 4 61 35 4 8 4 38 4 67 15 4 40 4 18 4 
iteration 1447 best: 1.01051 time: 426302
35 31 4 27 4 40 4 95 18 4 14 4 92 33 4 26 4 7 4 67 45 4 51 4 15 4 47 52 4 15 4 43 4 80 43 4 35 4 43 4 38 4 53 14 4 7 4 21 4 2 30 4 33 4 61 38 4 6 4 65 14 4 39 4 53 4 47 4 20 36 4 23 4 48 16 4 34 4 3 16 4 41 4 47 4 22 4 45 4 13 31 4 23 4 55 4 44 4 48 51 4 31 4 64 56 4 32 4 25 4 11 4 31 36 4 39 4 22 4 7 49 4 16 4 95 5 4 31 4 33 56 20 25 12 4 43 4 35 4 95 43 20 52 22 4 9 4 35 4 15 56 4 38 4 41 4 23 4 61 51 4 12 4 62 58 4 55 4 38 4 98 8 4 57 4 73 29 4 18 4 24 4 89 11 4 34 4 29 4 69 8 4 24 4 55 49 4 40 4 30 23 4 51 53 4 39 4 24 4 89 20 4 25 4 73 9 4 49 4 87 24 4 35 4 61 15 4 18 4 63 31 4 55 4 38 47 4 41 4 19 32 4 17 4 49 50 4 29 4 93 25 4 44 4 37 4 107 41 4 14 4 93 35 4 20 4 22 4 57 51 4 22 4 24 4 97 36 4 12 4 34 4 19 4 21 45 4 11 4 33 4 39 4 9 51 4 43 4 45 4 81 19 4 35 4 65 23 4 46 4 22 4 7 8 4 19 4 38 4 32 58 4 17 4 54 4 51 33 4 35 4 48 4 80 58 16 23 16 68 22 4 24 31 16 18 16 17 7 4 48 4 69 36 4 46 4 56 4 81 49 4 5 4 37 4 8 4 70 35 4 32 4 44 15 4 24 4 21 4 52 4 76 38 4 23 4 34 4 102 9 4 27 4 50 4 32 52 4 39 4 23 4 53 27 4 36 4 30 4 17 45 4 7 4 28 4 45 4 92 22 4 41 4 14 4 14 4 58 57 4 47 4 19 4 61 35 4 8 4 38 4 67 15 4 40 4 18 4 
iteration 1472 best: 1.01051 time: 433646
35 31 4 27 4 40 4 95 18 4 14 4 92 33 4 26 4 7 4 67 45 4 51 4 15 4 47 52 4 15 4 43 4 80 43 4 35 4 43 4 38 4 53 14 4 7 4 21 4 2 30 4 33 4 61 38 4 6 4 65 14 4 39 4 53 4 47 4 20 36 4 23 4 48 16 4 34 4 3 16 4 41 4 47 4 22 4 45 4 13 31 4 23 4 55 4 44 4 48 51 4 31 4 64 56 4 32 4 25 4 11 4 31 36 4 39 4 22 4 7 49 4 16 4 95 5 4 31 4 33 56 20 25 12 4 43 4 35 4 95 43 20 52 22 4 9 4 35 4 15 56 4 38 4 41 4 23 4 61 51 4 12 4 62 58 4 55 4 38 4 98 8 4 57 4 73 29 4 18 4 24 4 89 11 4 34 4 29 4 69 8 4 24 4 55 49 4 40 4 30 23 4 51 53 4 39 4 24 4 89 20 4 25 4 73 9 4 49 4 87 24 4 35 4 61 15 4 18 4 63 31 4 55 4 38 47 4 41 4 19 32 4 17 4 49 50 4 29 4 93 25 4 44 4 37 4 107 41 4 14 4 93 35 4 20 4 22 4 57 51 4 22 4 24 4 97 36 4 12 4 34 4 19 4 21 45 4 11 4 33 4 39 4 9 51 4 43 4 45 4 81 19 4 35 4 65 23 4 46 4 22 4 7 8 4 19 4 38 4 32 58 4 17 4 54 4 51 33 4 35 4 48 4 80 58 16 23 16 68 22 4 24 31 16 18 16 17 7 4 48 4 69 36 4 46 4 56 4 81 49 4 5 4 37 4 8 4 70 35 4 32 4 44 15 4 24 4 21 4 52 4 76 38 4 23 4 34 4 102 9 4 27 4 50 4 32 52 4 39 4 23 4 53 27 4 36 4 30 4 17 45 4 7 4 28 4 45 4 92 22 4 41 4 14 4 14 4 58 57 4 47 4 19 4 61 35 4 8 4 38 4 67 15 4 40 4 18 4 
iteration 1497 best: 1.01051 time: 440990
35 31 4 27 4 40 4 95 18 4 14 4 92 33 4 26 4 7 4 67 45 4 51 4 15 4 47 52 4 15 4 43 4 80 43 4 35 4 43 4 38 4 53 14 4 7 4 21 4 2 30 4 33 4 61 38 4 6 4 65 14 4 39 4 53 4 47 4 20 36 4 23 4 48 16 4 34 4 3 16 4 41 4 47 4 22 4 45 4 13 31 4 23 4 55 4 44 4 48 51 4 31 4 64 56 4 32 4 25 4 11 4 31 36 4 39 4 22 4 7 49 4 16 4 95 5 4 31 4 33 56 20 25 12 4 43 4 35 4 95 43 20 52 22 4 9 4 35 4 15 56 4 38 4 41 4 23 4 61 51 4 12 4 62 58 4 55 4 38 4 98 8 4 57 4 73 29 4 18 4 24 4 89 11 4 34 4 29 4 69 8 4 24 4 55 49 4 40 4 30 23 4 51 53 4 39 4 24 4 89 20 4 25 4 73 9 4 49 4 87 24 4 35 4 61 15 4 18 4 63 31 4 55 4 38 47 4 41 4 19 32 4 17 4 49 50 4 29 4 93 25 4 44 4 37 4 107 41 4 14 4 93 35 4 20 4 22 4 57 51 4 22 4 24 4 97 36 4 12 4 34 4 19 4 21 45 4 11 4 33 4 39 4 9 51 4 43 4 45 4 81 19 4 35 4 65 23 4 46 4 22 4 7 8 4 19 4 38 4 32 58 4 17 4 54 4 51 33 4 35 4 48 4 80 58 16 23 16 68 22 4 24 31 16 18 16 17 7 4 48 4 69 36 4 46 4 56 4 81 49 4 5 4 37 4 8 4 70 35 4 32 4 44 15 4 24 4 21 4 52 4 76 38 4 23 4 34 4 102 9 4 27 4 50 4 32 52 4 39 4 23 4 53 27 4 36 4 30 4 17 45 4 7 4 28 4 45 4 92 22 4 41 4 14 4 14 4 58 57 4 47 4 19 4 61 35 4 8 4 38 4 67 15 4 40 4 18 4 
iteration 1522 best: 1.01051 time: 448326
35 31 4 27 4 40 4 95 18 4 14 4 92 33 4 26 4 7 4 67 45 4 51 4 15 4 47 52 4 15 4 43 4 80 43 4 35 4 43 4 38 4 53 14 4 7 4 21 4 2 30 4 33 4 61 38 4 6 4 65 14 4 39 4 53 4 47 4 20 36 4 23 4 48 16 4 34 4 3 16 4 41 4 47 4 22 4 45 4 13 31 4 23 4 55 4 44 4 48 51 4 31 4 64 56 4 32 4 25 4 11 4 31 36 4 39 4 22 4 7 49 4 16 4 95 5 4 31 4 33 56 20 25 12 4 43 4 35 4 95 43 20 52 22 4 9 4 35 4 15 56 4 38 4 41 4 23 4 61 51 4 12 4 62 58 4 55 4 38 4 98 8 4 57 4 73 29 4 18 4 24 4 89 11 4 34 4 29 4 69 8 4 24 4 55 49 4 40 4 30 23 4 51 53 4 39 4 24 4 89 20 4 25 4 73 9 4 49 4 87 24 4 35 4 61 15 4 18 4 63 31 4 55 4 38 47 4 41 4 19 32 4 17 4 49 50 4 29 4 93 25 4 44 4 37 4 107 41 4 14 4 93 35 4 20 4 22 4 57 51 4 22 4 24 4 97 36 4 12 4 34 4 19 4 21 45 4 11 4 33 4 39 4 9 51 4 43 4 45 4 81 19 4 35 4 65 23 4 46 4 22 4 7 8 4 19 4 38 4 32 58 4 17 4 54 4 51 33 4 35 4 48 4 80 58 16 23 16 68 22 4 24 31 16 18 16 17 7 4 48 4 69 36 4 46 4 56 4 81 49 4 5 4 37 4 8 4 70 35 4 32 4 44 15 4 24 4 21 4 52 4 76 38 4 23 4 34 4 102 9 4 27 4 50 4 32 52 4 39 4 23 4 53 27 4 36 4 30 4 17 45 4 7 4 28 4 45 4 92 22 4 41 4 14 4 14 4 58 57 4 47 4 19 4 61 35 4 8 4 38 4 67 15 4 40 4 18 4 
iteration 1547 best: 1.01051 time: 455681
35 31 4 27 4 40 4 95 18 4 14 4 92 33 4 26 4 7 4 67 45 4 51 4 15 4 47 52 4 15 4 43 4 80 43 4 35 4 43 4 38 4 53 14 4 7 4 21 4 2 30 4 33 4 61 38 4 6 4 65 14 4 39 4 53 4 47 4 20 36 4 23 4 48 16 4 34 4 3 16 4 41 4 47 4 22 4 45 4 13 31 4 23 4 55 4 44 4 48 51 4 31 4 64 56 4 32 4 25 4 11 4 31 36 4 39 4 22 4 7 49 4 16 4 95 5 4 31 4 33 56 20 25 12 4 43 4 35 4 95 43 20 52 22 4 9 4 35 4 15 56 4 38 4 41 4 23 4 61 51 4 12 4 62 58 4 55 4 38 4 98 8 4 57 4 73 29 4 18 4 24 4 89 11 4 34 4 29 4 69 8 4 24 4 55 49 4 40 4 30 23 4 51 53 4 39 4 24 4 89 20 4 25 4 73 9 4 49 4 87 24 4 35 4 61 15 4 18 4 63 31 4 55 4 38 47 4 41 4 19 32 4 17 4 49 50 4 29 4 93 25 4 44 4 37 4 107 41 4 14 4 93 35 4 20 4 22 4 57 51 4 22 4 24 4 97 36 4 12 4 34 4 19 4 21 45 4 11 4 33 4 39 4 9 51 4 43 4 45 4 81 19 4 35 4 65 23 4 46 4 22 4 7 8 4 19 4 38 4 32 58 4 17 4 54 4 51 33 4 35 4 48 4 80 58 16 23 16 68 22 4 24 31 16 18 16 17 7 4 48 4 69 36 4 46 4 56 4 81 49 4 5 4 37 4 8 4 70 35 4 32 4 44 15 4 24 4 21 4 52 4 76 38 4 23 4 34 4 102 9 4 27 4 50 4 32 52 4 39 4 23 4 53 27 4 36 4 30 4 17 45 4 7 4 28 4 45 4 92 22 4 41 4 14 4 14 4 58 57 4 47 4 19 4 61 35 4 8 4 38 4 67 15 4 40 4 18 4 
iteration 1572 best: 1.01051 time: 463008
35 31 4 27 4 40 4 95 18 4 14 4 92 33 4 26 4 7 4 67 45 4 51 4 15 4 47 52 4 15 4 43 4 80 43 4 35 4 43 4 38 4 53 14 4 7 4 21 4 2 30 4 33 4 61 38 4 6 4 65 14 4 39 4 53 4 47 4 20 36 4 23 4 48 16 4 34 4 3 16 4 41 4 47 4 22 4 45 4 13 31 4 23 4 55 4 44 4 48 51 4 31 4 64 56 4 32 4 25 4 11 4 31 36 4 39 4 22 4 7 49 4 16 4 95 5 4 31 4 33 56 20 25 12 4 43 4 35 4 95 43 20 52 22 4 9 4 35 4 15 56 4 38 4 41 4 23 4 61 51 4 12 4 62 58 4 55 4 38 4 98 8 4 57 4 73 29 4 18 4 24 4 89 11 4 34 4 29 4 69 8 4 24 4 55 49 4 40 4 30 23 4 51 53 4 39 4 24 4 89 20 4 25 4 73 9 4 49 4 87 24 4 35 4 61 15 4 18 4 63 31 4 55 4 38 47 4 41 4 19 32 4 17 4 49 50 4 29 4 93 25 4 44 4 37 4 107 41 4 14 4 93 35 4 20 4 22 4 57 51 4 22 4 24 4 97 36 4 12 4 34 4 19 4 21 45 4 11 4 33 4 39 4 9 51 4 43 4 45 4 81 19 4 35 4 65 23 4 46 4 22 4 7 8 4 19 4 38 4 32 58 4 17 4 54 4 51 33 4 35 4 48 4 80 58 16 23 16 68 22 4 24 31 16 18 16 17 7 4 48 4 69 36 4 46 4 56 4 81 49 4 5 4 37 4 8 4 70 35 4 32 4 44 15 4 24 4 21 4 52 4 76 38 4 23 4 34 4 102 9 4 27 4 50 4 32 52 4 39 4 23 4 53 27 4 36 4 30 4 17 45 4 7 4 28 4 45 4 92 22 4 41 4 14 4 14 4 58 57 4 47 4 19 4 61 35 4 8 4 38 4 67 15 4 40 4 18 4 
iteration 1597 best: 1.01051 time: 470342
35 31 4 27 4 40 4 95 18 4 14 4 92 33 4 26 4 7 4 67 45 4 51 4 15 4 47 52 4 15 4 43 4 80 43 4 35 4 43 4 38 4 53 14 4 7 4 21 4 2 30 4 33 4 61 38 4 6 4 65 14 4 39 4 53 4 47 4 20 36 4 23 4 48 16 4 34 4 3 16 4 41 4 47 4 22 4 45 4 13 31 4 23 4 55 4 44 4 48 51 4 31 4 64 56 4 32 4 25 4 11 4 31 36 4 39 4 22 4 7 49 4 16 4 95 5 4 31 4 33 56 20 25 12 4 43 4 35 4 95 43 20 52 22 4 9 4 35 4 15 56 4 38 4 41 4 23 4 61 51 4 12 4 62 58 4 55 4 38 4 98 8 4 57 4 73 29 4 18 4 24 4 89 11 4 34 4 29 4 69 8 4 24 4 55 49 4 40 4 30 23 4 51 53 4 39 4 24 4 89 20 4 25 4 73 9 4 49 4 87 24 4 35 4 61 15 4 18 4 63 31 4 55 4 38 47 4 41 4 19 32 4 17 4 49 50 4 29 4 93 25 4 44 4 37 4 107 41 4 14 4 93 35 4 20 4 22 4 57 51 4 22 4 24 4 97 36 4 12 4 34 4 19 4 21 45 4 11 4 33 4 39 4 9 51 4 43 4 45 4 81 19 4 35 4 65 23 4 46 4 22 4 7 8 4 19 4 38 4 32 58 4 17 4 54 4 51 33 4 35 4 48 4 80 58 16 23 16 68 22 4 24 31 16 18 16 17 7 4 48 4 69 36 4 46 4 56 4 81 49 4 5 4 37 4 8 4 70 35 4 32 4 44 15 4 24 4 21 4 52 4 76 38 4 23 4 34 4 102 9 4 27 4 50 4 32 52 4 39 4 23 4 53 27 4 36 4 30 4 17 45 4 7 4 28 4 45 4 92 22 4 41 4 14 4 14 4 58 57 4 47 4 19 4 61 35 4 8 4 38 4 67 15 4 40 4 18 4 
iteration 1622 best: 1.01051 time: 477694
35 31 4 27 4 40 4 95 18 4 14 4 92 33 4 26 4 7 4 67 45 4 51 4 15 4 47 52 4 15 4 43 4 80 43 4 35 4 43 4 38 4 53 14 4 7 4 21 4 2 30 4 33 4 61 38 4 6 4 65 14 4 39 4 53 4 47 4 20 36 4 23 4 48 16 4 34 4 3 16 4 41 4 47 4 22 4 45 4 13 31 4 23 4 55 4 44 4 48 51 4 31 4 64 56 4 32 4 25 4 11 4 31 36 4 39 4 22 4 7 49 4 16 4 95 5 4 31 4 33 56 20 25 12 4 43 4 35 4 95 43 20 52 22 4 9 4 35 4 15 56 4 38 4 41 4 23 4 61 51 4 12 4 62 58 4 55 4 38 4 98 8 4 57 4 73 29 4 18 4 24 4 89 11 4 34 4 29 4 69 8 4 24 4 55 49 4 40 4 30 23 4 51 53 4 39 4 24 4 89 20 4 25 4 73 9 4 49 4 87 24 4 35 4 61 15 4 18 4 63 31 4 55 4 38 47 4 41 4 19 32 4 17 4 49 50 4 29 4 93 25 4 44 4 37 4 107 41 4 14 4 93 35 4 20 4 22 4 57 51 4 22 4 24 4 97 36 4 12 4 34 4 19 4 21 45 4 11 4 33 4 39 4 9 51 4 43 4 45 4 81 19 4 35 4 65 23 4 46 4 22 4 7 8 4 19 4 38 4 32 58 4 17 4 54 4 51 33 4 35 4 48 4 80 58 16 23 16 68 22 4 24 31 16 18 16 17 7 4 48 4 69 36 4 46 4 56 4 81 49 4 5 4 37 4 8 4 70 35 4 32 4 44 15 4 24 4 21 4 52 4 76 38 4 23 4 34 4 102 9 4 27 4 50 4 32 52 4 39 4 23 4 53 27 4 36 4 30 4 17 45 4 7 4 28 4 45 4 92 22 4 41 4 14 4 14 4 58 57 4 47 4 19 4 61 35 4 8 4 38 4 67 15 4 40 4 18 4 
iteration 1647 best: 1.01051 time: 485013
35 31 4 27 4 40 4 95 18 4 14 4 92 33 4 26 4 7 4 67 45 4 51 4 15 4 47 52 4 15 4 43 4 80 43 4 35 4 43 4 38 4 53 14 4 7 4 21 4 2 30 4 33 4 61 38 4 6 4 65 14 4 39 4 53 4 47 4 20 36 4 23 4 48 16 4 34 4 3 16 4 41 4 47 4 22 4 45 4 13 31 4 23 4 55 4 44 4 48 51 4 31 4 64 56 4 32 4 25 4 11 4 31 36 4 39 4 22 4 7 49 4 16 4 95 5 4 31 4 33 56 20 25 12 4 43 4 35 4 95 43 20 52 22 4 9 4 35 4 15 56 4 38 4 41 4 23 4 61 51 4 12 4 62 58 4 55 4 38 4 98 8 4 57 4 73 29 4 18 4 24 4 89 11 4 34 4 29 4 69 8 4 24 4 55 49 4 40 4 30 23 4 51 53 4 39 4 24 4 89 20 4 25 4 73 9 4 49 4 87 24 4 35 4 61 15 4 18 4 63 31 4 55 4 38 47 4 41 4 19 32 4 17 4 49 50 4 29 4 93 25 4 44 4 37 4 107 41 4 14 4 93 35 4 20 4 22 4 57 51 4 22 4 24 4 97 36 4 12 4 34 4 19 4 21 45 4 11 4 33 4 39 4 9 51 4 43 4 45 4 81 19 4 35 4 65 23 4 46 4 22 4 7 8 4 19 4 38 4 32 58 4 17 4 54 4 51 33 4 35 4 48 4 80 58 16 23 16 68 22 4 24 31 16 18 16 17 7 4 48 4 69 36 4 46 4 56 4 81 49 4 5 4 37 4 8 4 70 35 4 32 4 44 15 4 24 4 21 4 52 4 76 38 4 23 4 34 4 102 9 4 27 4 50 4 32 52 4 39 4 23 4 53 27 4 36 4 30 4 17 45 4 7 4 28 4 45 4 92 22 4 41 4 14 4 14 4 58 57 4 47 4 19 4 61 35 4 8 4 38 4 67 15 4 40 4 18 4 
iteration 1672 best: 1.01051 time: 492341
35 31 4 27 4 40 4 95 18 4 14 4 92 33 4 26 4 7 4 67 45 4 51 4 15 4 47 52 4 15 4 43 4 80 43 4 35 4 43 4 38 4 53 14 4 7 4 21 4 2 30 4 33 4 61 38 4 6 4 65 14 4 39 4 53 4 47 4 20 36 4 23 4 48 16 4 34 4 3 16 4 41 4 47 4 22 4 45 4 13 31 4 23 4 55 4 44 4 48 51 4 31 4 64 56 4 32 4 25 4 11 4 31 36 4 39 4 22 4 7 49 4 16 4 95 5 4 31 4 33 56 20 25 12 4 43 4 35 4 95 43 20 52 22 4 9 4 35 4 15 56 4 38 4 41 4 23 4 61 51 4 12 4 62 58 4 55 4 38 4 98 8 4 57 4 73 29 4 18 4 24 4 89 11 4 34 4 29 4 69 8 4 24 4 55 49 4 40 4 30 23 4 51 53 4 39 4 24 4 89 20 4 25 4 73 9 4 49 4 87 24 4 35 4 61 15 4 18 4 63 31 4 55 4 38 47 4 41 4 19 32 4 17 4 49 50 4 29 4 93 25 4 44 4 37 4 107 41 4 14 4 93 35 4 20 4 22 4 57 51 4 22 4 24 4 97 36 4 12 4 34 4 19 4 21 45 4 11 4 33 4 39 4 9 51 4 43 4 45 4 81 19 4 35 4 65 23 4 46 4 22 4 7 8 4 19 4 38 4 32 58 4 17 4 54 4 51 33 4 35 4 48 4 80 58 16 23 16 68 22 4 24 31 16 18 16 17 7 4 48 4 69 36 4 46 4 56 4 81 49 4 5 4 37 4 8 4 70 35 4 32 4 44 15 4 24 4 21 4 52 4 76 38 4 23 4 34 4 102 9 4 27 4 50 4 32 52 4 39 4 23 4 53 27 4 36 4 30 4 17 45 4 7 4 28 4 45 4 92 22 4 41 4 14 4 14 4 58 57 4 47 4 19 4 61 35 4 8 4 38 4 67 15 4 40 4 18 4 
iteration 1697 best: 1.01051 time: 499650
35 31 4 27 4 40 4 95 18 4 14 4 92 33 4 26 4 7 4 67 45 4 51 4 15 4 47 52 4 15 4 43 4 80 43 4 35 4 43 4 38 4 53 14 4 7 4 21 4 2 30 4 33 4 61 38 4 6 4 65 14 4 39 4 53 4 47 4 20 36 4 23 4 48 16 4 34 4 3 16 4 41 4 47 4 22 4 45 4 13 31 4 23 4 55 4 44 4 48 51 4 31 4 64 56 4 32 4 25 4 11 4 31 36 4 39 4 22 4 7 49 4 16 4 95 5 4 31 4 33 56 20 25 12 4 43 4 35 4 95 43 20 52 22 4 9 4 35 4 15 56 4 38 4 41 4 23 4 61 51 4 12 4 62 58 4 55 4 38 4 98 8 4 57 4 73 29 4 18 4 24 4 89 11 4 34 4 29 4 69 8 4 24 4 55 49 4 40 4 30 23 4 51 53 4 39 4 24 4 89 20 4 25 4 73 9 4 49 4 87 24 4 35 4 61 15 4 18 4 63 31 4 55 4 38 47 4 41 4 19 32 4 17 4 49 50 4 29 4 93 25 4 44 4 37 4 107 41 4 14 4 93 35 4 20 4 22 4 57 51 4 22 4 24 4 97 36 4 12 4 34 4 19 4 21 45 4 11 4 33 4 39 4 9 51 4 43 4 45 4 81 19 4 35 4 65 23 4 46 4 22 4 7 8 4 19 4 38 4 32 58 4 17 4 54 4 51 33 4 35 4 48 4 80 58 16 23 16 68 22 4 24 31 16 18 16 17 7 4 48 4 69 36 4 46 4 56 4 81 49 4 5 4 37 4 8 4 70 35 4 32 4 44 15 4 24 4 21 4 52 4 76 38 4 23 4 34 4 102 9 4 27 4 50 4 32 52 4 39 4 23 4 53 27 4 36 4 30 4 17 45 4 7 4 28 4 45 4 92 22 4 41 4 14 4 14 4 58 57 4 47 4 19 4 61 35 4 8 4 38 4 67 15 4 40 4 18 4 
iteration 1722 best: 1.01051 time: 506999
35 31 4 27 4 40 4 95 18 4 14 4 92 33 4 26 4 7 4 67 45 4 51 4 15 4 47 52 4 15 4 43 4 80 43 4 35 4 43 4 38 4 53 14 4 7 4 21 4 2 30 4 33 4 61 38 4 6 4 65 14 4 39 4 53 4 47 4 20 36 4 23 4 48 16 4 34 4 3 16 4 41 4 47 4 22 4 45 4 13 31 4 23 4 55 4 44 4 48 51 4 31 4 64 56 4 32 4 25 4 11 4 31 36 4 39 4 22 4 7 49 4 16 4 95 5 4 31 4 33 56 20 25 12 4 43 4 35 4 95 43 20 52 22 4 9 4 35 4 15 56 4 38 4 41 4 23 4 61 51 4 12 4 62 58 4 55 4 38 4 98 8 4 57 4 73 29 4 18 4 24 4 89 11 4 34 4 29 4 69 8 4 24 4 55 49 4 40 4 30 23 4 51 53 4 39 4 24 4 89 20 4 25 4 73 9 4 49 4 87 24 4 35 4 61 15 4 18 4 63 31 4 55 4 38 47 4 41 4 19 32 4 17 4 49 50 4 29 4 93 25 4 44 4 37 4 107 41 4 14 4 93 35 4 20 4 22 4 57 51 4 22 4 24 4 97 36 4 12 4 34 4 19 4 21 45 4 11 4 33 4 39 4 9 51 4 43 4 45 4 81 19 4 35 4 65 23 4 46 4 22 4 7 8 4 19 4 38 4 32 58 4 17 4 54 4 51 33 4 35 4 48 4 80 58 16 23 16 68 22 4 24 31 16 18 16 17 7 4 48 4 69 36 4 46 4 56 4 81 49 4 5 4 37 4 8 4 70 35 4 32 4 44 15 4 24 4 21 4 52 4 76 38 4 23 4 34 4 102 9 4 27 4 50 4 32 52 4 39 4 23 4 53 27 4 36 4 30 4 17 45 4 7 4 28 4 45 4 92 22 4 41 4 14 4 14 4 58 57 4 47 4 19 4 61 35 4 8 4 38 4 67 15 4 40 4 18 4 
iteration 1747 best: 1.01051 time: 514374
35 31 4 27 4 40 4 95 18 4 14 4 92 33 4 26 4 7 4 67 45 4 51 4 15 4 47 52 4 15 4 43 4 80 43 4 35 4 43 4 38 4 53 14 4 7 4 21 4 2 30 4 33 4 61 38 4 6 4 65 14 4 39 4 53 4 47 4 20 36 4 23 4 48 16 4 34 4 3 16 4 41 4 47 4 22 4 45 4 13 31 4 23 4 55 4 44 4 48 51 4 31 4 64 56 4 32 4 25 4 11 4 31 36 4 39 4 22 4 7 49 4 16 4 95 5 4 31 4 33 56 20 25 12 4 43 4 35 4 95 43 20 52 22 4 9 4 35 4 15 56 4 38 4 41 4 23 4 61 51 4 12 4 62 58 4 55 4 38 4 98 8 4 57 4 73 29 4 18 4 24 4 89 11 4 34 4 29 4 69 8 4 24 4 55 49 4 40 4 30 23 4 51 53 4 39 4 24 4 89 20 4 25 4 73 9 4 49 4 87 24 4 35 4 61 15 4 18 4 63 31 4 55 4 38 47 4 41 4 19 32 4 17 4 49 50 4 29 4 93 25 4 44 4 37 4 107 41 4 14 4 93 35 4 20 4 22 4 57 51 4 22 4 24 4 97 36 4 12 4 34 4 19 4 21 45 4 11 4 33 4 39 4 9 51 4 43 4 45 4 81 19 4 35 4 65 23 4 46 4 22 4 7 8 4 19 4 38 4 32 58 4 17 4 54 4 51 33 4 35 4 48 4 80 58 16 23 16 68 22 4 24 31 16 18 16 17 7 4 48 4 69 36 4 46 4 56 4 81 49 4 5 4 37 4 8 4 70 35 4 32 4 44 15 4 24 4 21 4 52 4 76 38 4 23 4 34 4 102 9 4 27 4 50 4 32 52 4 39 4 23 4 53 27 4 36 4 30 4 17 45 4 7 4 28 4 45 4 92 22 4 41 4 14 4 14 4 58 57 4 47 4 19 4 61 35 4 8 4 38 4 67 15 4 40 4 18 4 
iteration 1772 best: 1.01051 time: 521719
35 31 4 27 4 40 4 95 18 4 14 4 92 33 4 26 4 7 4 67 45 4 51 4 15 4 47 52 4 15 4 43 4 80 43 4 35 4 43 4 38 4 53 14 4 7 4 21 4 2 30 4 33 4 61 38 4 6 4 65 14 4 39 4 53 4 47 4 20 36 4 23 4 48 16 4 34 4 3 16 4 41 4 47 4 22 4 45 4 13 31 4 23 4 55 4 44 4 48 51 4 31 4 64 56 4 32 4 25 4 11 4 31 36 4 39 4 22 4 7 49 4 16 4 95 5 4 31 4 33 56 20 25 12 4 43 4 35 4 95 43 20 52 22 4 9 4 35 4 15 56 4 38 4 41 4 23 4 61 51 4 12 4 62 58 4 55 4 38 4 98 8 4 57 4 73 29 4 18 4 24 4 89 11 4 34 4 29 4 69 8 4 24 4 55 49 4 40 4 30 23 4 51 53 4 39 4 24 4 89 20 4 25 4 73 9 4 49 4 87 24 4 35 4 61 15 4 18 4 63 31 4 55 4 38 47 4 41 4 19 32 4 17 4 49 50 4 29 4 93 25 4 44 4 37 4 107 41 4 14 4 93 35 4 20 4 22 4 57 51 4 22 4 24 4 97 36 4 12 4 34 4 19 4 21 45 4 11 4 33 4 39 4 9 51 4 43 4 45 4 81 19 4 35 4 65 23 4 46 4 22 4 7 8 4 19 4 38 4 32 58 4 17 4 54 4 51 33 4 35 4 48 4 80 58 16 23 16 68 22 4 24 31 16 18 16 17 7 4 48 4 69 36 4 46 4 56 4 81 49 4 5 4 37 4 8 4 70 35 4 32 4 44 15 4 24 4 21 4 52 4 76 38 4 23 4 34 4 102 9 4 27 4 50 4 32 52 4 39 4 23 4 53 27 4 36 4 30 4 17 45 4 7 4 28 4 45 4 92 22 4 41 4 14 4 14 4 58 57 4 47 4 19 4 61 35 4 8 4 38 4 67 15 4 40 4 18 4 
iteration 1797 best: 1.01051 time: 529078
35 31 4 27 4 40 4 95 18 4 14 4 92 33 4 26 4 7 4 67 45 4 51 4 15 4 47 52 4 15 4 43 4 80 43 4 35 4 43 4 38 4 53 14 4 7 4 21 4 2 30 4 33 4 61 38 4 6 4 65 14 4 39 4 53 4 47 4 20 36 4 23 4 48 16 4 34 4 3 16 4 41 4 47 4 22 4 45 4 13 31 4 23 4 55 4 44 4 48 51 4 31 4 64 56 4 32 4 25 4 11 4 31 36 4 39 4 22 4 7 49 4 16 4 95 5 4 31 4 33 56 20 25 12 4 43 4 35 4 95 43 20 52 22 4 9 4 35 4 15 56 4 38 4 41 4 23 4 61 51 4 12 4 62 58 4 55 4 38 4 98 8 4 57 4 73 29 4 18 4 24 4 89 11 4 34 4 29 4 69 8 4 24 4 55 49 4 40 4 30 23 4 51 53 4 39 4 24 4 89 20 4 25 4 73 9 4 49 4 87 24 4 35 4 61 15 4 18 4 63 31 4 55 4 38 47 4 41 4 19 32 4 17 4 49 50 4 29 4 93 25 4 44 4 37 4 107 41 4 14 4 93 35 4 20 4 22 4 57 51 4 22 4 24 4 97 36 4 12 4 34 4 19 4 21 45 4 11 4 33 4 39 4 9 51 4 43 4 45 4 81 19 4 35 4 65 23 4 46 4 22 4 7 8 4 19 4 38 4 32 58 4 17 4 54 4 51 33 4 35 4 48 4 80 58 16 23 16 68 22 4 24 31 16 18 16 17 7 4 48 4 69 36 4 46 4 56 4 81 49 4 5 4 37 4 8 4 70 35 4 32 4 44 15 4 24 4 21 4 52 4 76 38 4 23 4 34 4 102 9 4 27 4 50 4 32 52 4 39 4 23 4 53 27 4 36 4 30 4 17 45 4 7 4 28 4 45 4 92 22 4 41 4 14 4 14 4 58 57 4 47 4 19 4 61 35 4 8 4 38 4 67 15 4 40 4 18 4 
iteration 1822 best: 1.01051 time: 536447
35 31 4 27 4 40 4 95 18 4 14 4 92 33 4 26 4 7 4 67 45 4 51 4 15 4 47 52 4 15 4 43 4 80 43 4 35 4 43 4 38 4 53 14 4 7 4 21 4 2 30 4 33 4 61 38 4 6 4 65 14 4 39 4 53 4 47 4 20 36 4 23 4 48 16 4 34 4 3 16 4 41 4 47 4 22 4 45 4 13 31 4 23 4 55 4 44 4 48 51 4 31 4 64 56 4 32 4 25 4 11 4 31 36 4 39 4 22 4 7 49 4 16 4 95 5 4 31 4 33 56 20 25 12 4 43 4 35 4 95 43 20 52 22 4 9 4 35 4 15 56 4 38 4 41 4 23 4 61 51 4 12 4 62 58 4 55 4 38 4 98 8 4 57 4 73 29 4 18 4 24 4 89 11 4 34 4 29 4 69 8 4 24 4 55 49 4 40 4 30 23 4 51 53 4 39 4 24 4 89 20 4 25 4 73 9 4 49 4 87 24 4 35 4 61 15 4 18 4 63 31 4 55 4 38 47 4 41 4 19 32 4 17 4 49 50 4 29 4 93 25 4 44 4 37 4 107 41 4 14 4 93 35 4 20 4 22 4 57 51 4 22 4 24 4 97 36 4 12 4 34 4 19 4 21 45 4 11 4 33 4 39 4 9 51 4 43 4 45 4 81 19 4 35 4 65 23 4 46 4 22 4 7 8 4 19 4 38 4 32 58 4 17 4 54 4 51 33 4 35 4 48 4 80 58 16 23 16 68 22 4 24 31 16 18 16 17 7 4 48 4 69 36 4 46 4 56 4 81 49 4 5 4 37 4 8 4 70 35 4 32 4 44 15 4 24 4 21 4 52 4 76 38 4 23 4 34 4 102 9 4 27 4 50 4 32 52 4 39 4 23 4 53 27 4 36 4 30 4 17 45 4 7 4 28 4 45 4 92 22 4 41 4 14 4 14 4 58 57 4 47 4 19 4 61 35 4 8 4 38 4 67 15 4 40 4 18 4 
iteration 1847 best: 1.01051 time: 543804
35 31 4 27 4 40 4 95 18 4 14 4 92 33 4 26 4 7 4 67 45 4 51 4 15 4 47 52 4 15 4 43 4 80 43 4 35 4 43 4 38 4 53 14 4 7 4 21 4 2 30 4 33 4 61 38 4 6 4 65 14 4 39 4 53 4 47 4 20 36 4 23 4 48 16 4 34 4 3 16 4 41 4 47 4 22 4 45 4 13 31 4 23 4 55 4 44 4 48 51 4 31 4 64 56 4 32 4 25 4 11 4 31 36 4 39 4 22 4 7 49 4 16 4 95 5 4 31 4 33 56 20 25 12 4 43 4 35 4 95 43 20 52 22 4 9 4 35 4 15 56 4 38 4 41 4 23 4 61 51 4 12 4 62 58 4 55 4 38 4 98 8 4 57 4 73 29 4 18 4 24 4 89 11 4 34 4 29 4 69 8 4 24 4 55 49 4 40 4 30 23 4 51 53 4 39 4 24 4 89 20 4 25 4 73 9 4 49 4 87 24 4 35 4 61 15 4 18 4 63 31 4 55 4 38 47 4 41 4 19 32 4 17 4 49 50 4 29 4 93 25 4 44 4 37 4 107 41 4 14 4 93 35 4 20 4 22 4 57 51 4 22 4 24 4 97 36 4 12 4 34 4 19 4 21 45 4 11 4 33 4 39 4 9 51 4 43 4 45 4 81 19 4 35 4 65 23 4 46 4 22 4 7 8 4 19 4 38 4 32 58 4 17 4 54 4 51 33 4 35 4 48 4 80 58 16 23 16 68 22 4 24 31 16 18 16 17 7 4 48 4 69 36 4 46 4 56 4 81 49 4 5 4 37 4 8 4 70 35 4 32 4 44 15 4 24 4 21 4 52 4 76 38 4 23 4 34 4 102 9 4 27 4 50 4 32 52 4 39 4 23 4 53 27 4 36 4 30 4 17 45 4 7 4 28 4 45 4 92 22 4 41 4 14 4 14 4 58 57 4 47 4 19 4 61 35 4 8 4 38 4 67 15 4 40 4 18 4 
iteration 1872 best: 1.01051 time: 551156
35 31 4 27 4 40 4 95 18 4 14 4 92 33 4 26 4 7 4 67 45 4 51 4 15 4 47 52 4 15 4 43 4 80 43 4 35 4 43 4 38 4 53 14 4 7 4 21 4 2 30 4 33 4 61 38 4 6 4 65 14 4 39 4 53 4 47 4 20 36 4 23 4 48 16 4 34 4 3 16 4 41 4 47 4 22 4 45 4 13 31 4 23 4 55 4 44 4 48 51 4 31 4 64 56 4 32 4 25 4 11 4 31 36 4 39 4 22 4 7 49 4 16 4 95 5 4 31 4 33 56 20 25 12 4 43 4 35 4 95 43 20 52 22 4 9 4 35 4 15 56 4 38 4 41 4 23 4 61 51 4 12 4 62 58 4 55 4 38 4 98 8 4 57 4 73 29 4 18 4 24 4 89 11 4 34 4 29 4 69 8 4 24 4 55 49 4 40 4 30 23 4 51 53 4 39 4 24 4 89 20 4 25 4 73 9 4 49 4 87 24 4 35 4 61 15 4 18 4 63 31 4 55 4 38 47 4 41 4 19 32 4 17 4 49 50 4 29 4 93 25 4 44 4 37 4 107 41 4 14 4 93 35 4 20 4 22 4 57 51 4 22 4 24 4 97 36 4 12 4 34 4 19 4 21 45 4 11 4 33 4 39 4 9 51 4 43 4 45 4 81 19 4 35 4 65 23 4 46 4 22 4 7 8 4 19 4 38 4 32 58 4 17 4 54 4 51 33 4 35 4 48 4 80 58 16 23 16 68 22 4 24 31 16 18 16 17 7 4 48 4 69 36 4 46 4 56 4 81 49 4 5 4 37 4 8 4 70 35 4 32 4 44 15 4 24 4 21 4 52 4 76 38 4 23 4 34 4 102 9 4 27 4 50 4 32 52 4 39 4 23 4 53 27 4 36 4 30 4 17 45 4 7 4 28 4 45 4 92 22 4 41 4 14 4 14 4 58 57 4 47 4 19 4 61 35 4 8 4 38 4 67 15 4 40 4 18 4 
iteration 1897 best: 1.01051 time: 558507
35 31 4 27 4 40 4 95 18 4 14 4 92 33 4 26 4 7 4 67 45 4 51 4 15 4 47 52 4 15 4 43 4 80 43 4 35 4 43 4 38 4 53 14 4 7 4 21 4 2 30 4 33 4 61 38 4 6 4 65 14 4 39 4 53 4 47 4 20 36 4 23 4 48 16 4 34 4 3 16 4 41 4 47 4 22 4 45 4 13 31 4 23 4 55 4 44 4 48 51 4 31 4 64 56 4 32 4 25 4 11 4 31 36 4 39 4 22 4 7 49 4 16 4 95 5 4 31 4 33 56 20 25 12 4 43 4 35 4 95 43 20 52 22 4 9 4 35 4 15 56 4 38 4 41 4 23 4 61 51 4 12 4 62 58 4 55 4 38 4 98 8 4 57 4 73 29 4 18 4 24 4 89 11 4 34 4 29 4 69 8 4 24 4 55 49 4 40 4 30 23 4 51 53 4 39 4 24 4 89 20 4 25 4 73 9 4 49 4 87 24 4 35 4 61 15 4 18 4 63 31 4 55 4 38 47 4 41 4 19 32 4 17 4 49 50 4 29 4 93 25 4 44 4 37 4 107 41 4 14 4 93 35 4 20 4 22 4 57 51 4 22 4 24 4 97 36 4 12 4 34 4 19 4 21 45 4 11 4 33 4 39 4 9 51 4 43 4 45 4 81 19 4 35 4 65 23 4 46 4 22 4 7 8 4 19 4 38 4 32 58 4 17 4 54 4 51 33 4 35 4 48 4 80 58 16 23 16 68 22 4 24 31 16 18 16 17 7 4 48 4 69 36 4 46 4 56 4 81 49 4 5 4 37 4 8 4 70 35 4 32 4 44 15 4 24 4 21 4 52 4 76 38 4 23 4 34 4 102 9 4 27 4 50 4 32 52 4 39 4 23 4 53 27 4 36 4 30 4 17 45 4 7 4 28 4 45 4 92 22 4 41 4 14 4 14 4 58 57 4 47 4 19 4 61 35 4 8 4 38 4 67 15 4 40 4 18 4 
iteration 1922 best: 1.01051 time: 565863
35 31 4 27 4 40 4 95 18 4 14 4 92 33 4 26 4 7 4 67 45 4 51 4 15 4 47 52 4 15 4 43 4 80 43 4 35 4 43 4 38 4 53 14 4 7 4 21 4 2 30 4 33 4 61 38 4 6 4 65 14 4 39 4 53 4 47 4 20 36 4 23 4 48 16 4 34 4 3 16 4 41 4 47 4 22 4 45 4 13 31 4 23 4 55 4 44 4 48 51 4 31 4 64 56 4 32 4 25 4 11 4 31 36 4 39 4 22 4 7 49 4 16 4 95 5 4 31 4 33 56 20 25 12 4 43 4 35 4 95 43 20 52 22 4 9 4 35 4 15 56 4 38 4 41 4 23 4 61 51 4 12 4 62 58 4 55 4 38 4 98 8 4 57 4 73 29 4 18 4 24 4 89 11 4 34 4 29 4 69 8 4 24 4 55 49 4 40 4 30 23 4 51 53 4 39 4 24 4 89 20 4 25 4 73 9 4 49 4 87 24 4 35 4 61 15 4 18 4 63 31 4 55 4 38 47 4 41 4 19 32 4 17 4 49 50 4 29 4 93 25 4 44 4 37 4 107 41 4 14 4 93 35 4 20 4 22 4 57 51 4 22 4 24 4 97 36 4 12 4 34 4 19 4 21 45 4 11 4 33 4 39 4 9 51 4 43 4 45 4 81 19 4 35 4 65 23 4 46 4 22 4 7 8 4 19 4 38 4 32 58 4 17 4 54 4 51 33 4 35 4 48 4 80 58 16 23 16 68 22 4 24 31 16 18 16 17 7 4 48 4 69 36 4 46 4 56 4 81 49 4 5 4 37 4 8 4 70 35 4 32 4 44 15 4 24 4 21 4 52 4 76 38 4 23 4 34 4 102 9 4 27 4 50 4 32 52 4 39 4 23 4 53 27 4 36 4 30 4 17 45 4 7 4 28 4 45 4 92 22 4 41 4 14 4 14 4 58 57 4 47 4 19 4 61 35 4 8 4 38 4 67 15 4 40 4 18 4 
iteration 1947 best: 1.01051 time: 573191
35 31 4 27 4 40 4 95 18 4 14 4 92 33 4 26 4 7 4 67 45 4 51 4 15 4 47 52 4 15 4 43 4 80 43 4 35 4 43 4 38 4 53 14 4 7 4 21 4 2 30 4 33 4 61 38 4 6 4 65 14 4 39 4 53 4 47 4 20 36 4 23 4 48 16 4 34 4 3 16 4 41 4 47 4 22 4 45 4 13 31 4 23 4 55 4 44 4 48 51 4 31 4 64 56 4 32 4 25 4 11 4 31 36 4 39 4 22 4 7 49 4 16 4 95 5 4 31 4 33 56 20 25 12 4 43 4 35 4 95 43 20 52 22 4 9 4 35 4 15 56 4 38 4 41 4 23 4 61 51 4 12 4 62 58 4 55 4 38 4 98 8 4 57 4 73 29 4 18 4 24 4 89 11 4 34 4 29 4 69 8 4 24 4 55 49 4 40 4 30 23 4 51 53 4 39 4 24 4 89 20 4 25 4 73 9 4 49 4 87 24 4 35 4 61 15 4 18 4 63 31 4 55 4 38 47 4 41 4 19 32 4 17 4 49 50 4 29 4 93 25 4 44 4 37 4 107 41 4 14 4 93 35 4 20 4 22 4 57 51 4 22 4 24 4 97 36 4 12 4 34 4 19 4 21 45 4 11 4 33 4 39 4 9 51 4 43 4 45 4 81 19 4 35 4 65 23 4 46 4 22 4 7 8 4 19 4 38 4 32 58 4 17 4 54 4 51 33 4 35 4 48 4 80 58 16 23 16 68 22 4 24 31 16 18 16 17 7 4 48 4 69 36 4 46 4 56 4 81 49 4 5 4 37 4 8 4 70 35 4 32 4 44 15 4 24 4 21 4 52 4 76 38 4 23 4 34 4 102 9 4 27 4 50 4 32 52 4 39 4 23 4 53 27 4 36 4 30 4 17 45 4 7 4 28 4 45 4 92 22 4 41 4 14 4 14 4 58 57 4 47 4 19 4 61 35 4 8 4 38 4 67 15 4 40 4 18 4 
iteration 1972 best: 1.01051 time: 580543
35 31 4 27 4 40 4 95 18 4 14 4 92 33 4 26 4 7 4 67 45 4 51 4 15 4 47 52 4 15 4 43 4 80 43 4 35 4 43 4 38 4 53 14 4 7 4 21 4 2 30 4 33 4 61 38 4 6 4 65 14 4 39 4 53 4 47 4 20 36 4 23 4 48 16 4 34 4 3 16 4 41 4 47 4 22 4 45 4 13 31 4 23 4 55 4 44 4 48 51 4 31 4 64 56 4 32 4 25 4 11 4 31 36 4 39 4 22 4 7 49 4 16 4 95 5 4 31 4 33 56 20 25 12 4 43 4 35 4 95 43 20 52 22 4 9 4 35 4 15 56 4 38 4 41 4 23 4 61 51 4 12 4 62 58 4 55 4 38 4 98 8 4 57 4 73 29 4 18 4 24 4 89 11 4 34 4 29 4 69 8 4 24 4 55 49 4 40 4 30 23 4 51 53 4 39 4 24 4 89 20 4 25 4 73 9 4 49 4 87 24 4 35 4 61 15 4 18 4 63 31 4 55 4 38 47 4 41 4 19 32 4 17 4 49 50 4 29 4 93 25 4 44 4 37 4 107 41 4 14 4 93 35 4 20 4 22 4 57 51 4 22 4 24 4 97 36 4 12 4 34 4 19 4 21 45 4 11 4 33 4 39 4 9 51 4 43 4 45 4 81 19 4 35 4 65 23 4 46 4 22 4 7 8 4 19 4 38 4 32 58 4 17 4 54 4 51 33 4 35 4 48 4 80 58 16 23 16 68 22 4 24 31 16 18 16 17 7 4 48 4 69 36 4 46 4 56 4 81 49 4 5 4 37 4 8 4 70 35 4 32 4 44 15 4 24 4 21 4 52 4 76 38 4 23 4 34 4 102 9 4 27 4 50 4 32 52 4 39 4 23 4 53 27 4 36 4 30 4 17 45 4 7 4 28 4 45 4 92 22 4 41 4 14 4 14 4 58 57 4 47 4 19 4 61 35 4 8 4 38 4 67 15 4 40 4 18 4 
iteration 1997 best: 1.01051 time: 587841
35 31 4 27 4 40 4 95 18 4 14 4 92 33 4 26 4 7 4 67 45 4 51 4 15 4 47 52 4 15 4 43 4 80 43 4 35 4 43 4 38 4 53 14 4 7 4 21 4 2 30 4 33 4 61 38 4 6 4 65 14 4 39 4 53 4 47 4 20 36 4 23 4 48 16 4 34 4 3 16 4 41 4 47 4 22 4 45 4 13 31 4 23 4 55 4 44 4 48 51 4 31 4 64 56 4 32 4 25 4 11 4 31 36 4 39 4 22 4 7 49 4 16 4 95 5 4 31 4 33 56 20 25 12 4 43 4 35 4 95 43 20 52 22 4 9 4 35 4 15 56 4 38 4 41 4 23 4 61 51 4 12 4 62 58 4 55 4 38 4 98 8 4 57 4 73 29 4 18 4 24 4 89 11 4 34 4 29 4 69 8 4 24 4 55 49 4 40 4 30 23 4 51 53 4 39 4 24 4 89 20 4 25 4 73 9 4 49 4 87 24 4 35 4 61 15 4 18 4 63 31 4 55 4 38 47 4 41 4 19 32 4 17 4 49 50 4 29 4 93 25 4 44 4 37 4 107 41 4 14 4 93 35 4 20 4 22 4 57 51 4 22 4 24 4 97 36 4 12 4 34 4 19 4 21 45 4 11 4 33 4 39 4 9 51 4 43 4 45 4 81 19 4 35 4 65 23 4 46 4 22 4 7 8 4 19 4 38 4 32 58 4 17 4 54 4 51 33 4 35 4 48 4 80 58 16 23 16 68 22 4 24 31 16 18 16 17 7 4 48 4 69 36 4 46 4 56 4 81 49 4 5 4 37 4 8 4 70 35 4 32 4 44 15 4 24 4 21 4 52 4 76 38 4 23 4 34 4 102 9 4 27 4 50 4 32 52 4 39 4 23 4 53 27 4 36 4 30 4 17 45 4 7 4 28 4 45 4 92 22 4 41 4 14 4 14 4 58 57 4 47 4 19 4 61 35 4 8 4 38 4 67 15 4 40 4 18 4 
iteration 2022 best: 1.01051 time: 595161
35 31 4 27 4 40 4 95 18 4 14 4 92 33 4 26 4 7 4 67 45 4 51 4 15 4 47 52 4 15 4 43 4 80 43 4 35 4 43 4 38 4 53 14 4 7 4 21 4 2 30 4 33 4 61 38 4 6 4 65 14 4 39 4 53 4 47 4 20 36 4 23 4 48 16 4 34 4 3 16 4 41 4 47 4 22 4 45 4 13 31 4 23 4 55 4 44 4 48 51 4 31 4 64 56 4 32 4 25 4 11 4 31 36 4 39 4 22 4 7 49 4 16 4 95 5 4 31 4 33 56 20 25 12 4 43 4 35 4 95 43 20 52 22 4 9 4 35 4 15 56 4 38 4 41 4 23 4 61 51 4 12 4 62 58 4 55 4 38 4 98 8 4 57 4 73 29 4 18 4 24 4 89 11 4 34 4 29 4 69 8 4 24 4 55 49 4 40 4 30 23 4 51 53 4 39 4 24 4 89 20 4 25 4 73 9 4 49 4 87 24 4 35 4 61 15 4 18 4 63 31 4 55 4 38 47 4 41 4 19 32 4 17 4 49 50 4 29 4 93 25 4 44 4 37 4 107 41 4 14 4 93 35 4 20 4 22 4 57 51 4 22 4 24 4 97 36 4 12 4 34 4 19 4 21 45 4 11 4 33 4 39 4 9 51 4 43 4 45 4 81 19 4 35 4 65 23 4 46 4 22 4 7 8 4 19 4 38 4 32 58 4 17 4 54 4 51 33 4 35 4 48 4 80 58 16 23 16 68 22 4 24 31 16 18 16 17 7 4 48 4 69 36 4 46 4 56 4 81 49 4 5 4 37 4 8 4 70 35 4 32 4 44 15 4 24 4 21 4 52 4 76 38 4 23 4 34 4 102 9 4 27 4 50 4 32 52 4 39 4 23 4 53 27 4 36 4 30 4 17 45 4 7 4 28 4 45 4 92 22 4 41 4 14 4 14 4 58 57 4 47 4 19 4 61 35 4 8 4 38 4 67 15 4 40 4 18 4 
iteration 2047 best: 1.01051 time: 602485
35 31 4 27 4 40 4 95 18 4 14 4 92 33 4 26 4 7 4 67 45 4 51 4 15 4 47 52 4 15 4 43 4 80 43 4 35 4 43 4 38 4 53 14 4 7 4 21 4 2 30 4 33 4 61 38 4 6 4 65 14 4 39 4 53 4 47 4 20 36 4 23 4 48 16 4 34 4 3 16 4 41 4 47 4 22 4 45 4 13 31 4 23 4 55 4 44 4 48 51 4 31 4 64 56 4 32 4 25 4 11 4 31 36 4 39 4 22 4 7 49 4 16 4 95 5 4 31 4 33 56 20 25 12 4 43 4 35 4 95 43 20 52 22 4 9 4 35 4 15 56 4 38 4 41 4 23 4 61 51 4 12 4 62 58 4 55 4 38 4 98 8 4 57 4 73 29 4 18 4 24 4 89 11 4 34 4 29 4 69 8 4 24 4 55 49 4 40 4 30 23 4 51 53 4 39 4 24 4 89 20 4 25 4 73 9 4 49 4 87 24 4 35 4 61 15 4 18 4 63 31 4 55 4 38 47 4 41 4 19 32 4 17 4 49 50 4 29 4 93 25 4 44 4 37 4 107 41 4 14 4 93 35 4 20 4 22 4 57 51 4 22 4 24 4 97 36 4 12 4 34 4 19 4 21 45 4 11 4 33 4 39 4 9 51 4 43 4 45 4 81 19 4 35 4 65 23 4 46 4 22 4 7 8 4 19 4 38 4 32 58 4 17 4 54 4 51 33 4 35 4 48 4 80 58 16 23 16 68 22 4 24 31 16 18 16 17 7 4 48 4 69 36 4 46 4 56 4 81 49 4 5 4 37 4 8 4 70 35 4 32 4 44 15 4 24 4 21 4 52 4 76 38 4 23 4 34 4 102 9 4 27 4 50 4 32 52 4 39 4 23 4 53 27 4 36 4 30 4 17 45 4 7 4 28 4 45 4 92 22 4 41 4 14 4 14 4 58 57 4 47 4 19 4 61 35 4 8 4 38 4 67 15 4 40 4 18 4 
Best solution: 
35 31 4 27 4 40 4 95 18 4 14 4 92 33 4 26 4 7 4 67 45 4 51 4 15 4 47 52 4 15 4 43 4 80 43 4 35 4 43 4 38 4 53 14 4 7 4 21 4 2 30 4 33 4 61 38 4 6 4 65 14 4 39 4 53 4 47 4 20 36 4 23 4 48 16 4 34 4 3 16 4 41 4 47 4 22 4 45 4 13 31 4 23 4 55 4 44 4 48 51 4 31 4 64 56 4 32 4 25 4 11 4 31 36 4 39 4 22 4 7 49 4 16 4 95 5 4 31 4 33 56 20 25 12 4 43 4 35 4 95 43 20 52 22 4 9 4 35 4 15 56 4 38 4 41 4 23 4 61 51 4 12 4 62 58 4 55 4 38 4 98 8 4 57 4 73 29 4 18 4 24 4 89 11 4 34 4 29 4 69 8 4 24 4 55 49 4 40 4 30 23 4 51 53 4 39 4 24 4 89 20 4 25 4 73 9 4 49 4 87 24 4 35 4 61 15 4 18 4 63 31 4 55 4 38 47 4 41 4 19 32 4 17 4 49 50 4 29 4 93 25 4 44 4 37 4 107 41 4 14 4 93 35 4 20 4 22 4 57 51 4 22 4 24 4 97 36 4 12 4 34 4 19 4 21 45 4 11 4 33 4 39 4 9 51 4 43 4 45 4 81 19 4 35 4 65 23 4 46 4 22 4 7 8 4 19 4 38 4 32 58 4 17 4 54 4 51 33 4 35 4 48 4 80 58 16 23 16 68 22 4 24 31 16 18 16 17 7 4 48 4 69 36 4 46 4 56 4 81 49 4 5 4 37 4 8 4 70 35 4 32 4 44 15 4 24 4 21 4 52 4 76 38 4 23 4 34 4 102 9 4 27 4 50 4 32 52 4 39 4 23 4 53 27 4 36 4 30 4 17 45 4 7 4 28 4 45 4 92 22 4 41 4 14 4 14 4 58 57 4 47 4 19 4 61 35 4 8 4 38 4 67 15 4 40 4 18 4 
Fitness: 1.01051
