iteration 15 best: 1.023 time: 7477
30 13 8 85 53 8 95 21 8 79 33 4 9 4 75 24 4 27 4 56 14 8 29 37 4 36 4 35 7 12 56 18 8 16 17 8 84 22 8 71 49 12 78 35 4 22 4 94 41 4 27 4 14 4 20 4 67 35 4 29 4 29 4 96 46 8 53 25 8 31 14 4 26 4 86 30 16 37 16 45 39 4 38 4 16 4 16 4 39 45 4 8 4 5 4 22 36 8 10 8 43 11 4 45 4 13 4 48 4 53 22 8 82 14 4 16 4 28 4 25 4 44 33 8 43 6 4 83 37 8 16 26 8 51 34 8 40 13 4 38 4 36 4 62 26 4 5 4 96 19 4 38 4 37 4 69 6 4 17 4 70 19 4 10 4 39 4 36 10 4 40 4 9 47 4 35 4 73 36 16 27 16 17 16 30 27 4 40 4 53 38 4 33 4 25 4 24 33 4 43 4 92 22 16 12 16 41 6 33 15 4 45 4 23 43 16 40 16 71 15 4 18 4 10 4 49 21 4 37 4 35 37 4 23 4 25 4 70 28 4 49 4 5 27 45 4 64 16 40 34 4 46 39 21 4 29 17 16 39 16 101 22 4 41 4 44 4 85 8 32 10 4 16 23 14 4 59 34 4 18 4 22 4 91 40 16 21 16 87 30 4 6 4 46 45 4 18 4 39 4 29 34 4 19 10 25 4 59 31 4 16 4 5 4 17 4 95 23 4 41 4 26 4 33 4 110 20 4 15 4 11 35 16 4 72 34 4 14 4 38 4 58 34 4 17 53 19 4 11 43 4 14 25 8 4 56 20 4 20 4 85 45 29 34 4 9 41 33 4 91 26 4 23 4 72 33 4 14 4 12 4 5 4 67 32 4 22 4 7 4 16 4 92 17 4 37 4 71 29 15 22 4 22 4 93 28 4 15 4 20 4 58 4 14 13 4 28 4 20 4 29 39 4 24 4 30 4 61 44 4 16 4 30 4 11 4 81 50 4 34 4 44 4 14 4 
iteration 34 best: 0.966819 time: 14991
38 7 8 77 45 8 86 15 8 74 30 4 9 4 69 28 4 24 4 63 9 8 24 29 4 32 4 35 5 12 56 21 8 16 14 8 71 14 8 59 46 12 66 37 4 21 4 99 38 4 22 4 8 4 11 4 59 29 4 24 4 35 4 98 46 8 48 22 8 33 14 4 26 4 92 30 16 29 16 43 26 4 38 4 16 4 7 4 23 48 4 5 4 5 4 17 34 8 6 8 46 10 4 42 4 7 4 45 4 46 22 8 74 11 4 18 4 28 4 17 4 35 29 8 35 6 4 82 32 8 3 24 8 57 37 8 39 13 4 32 4 36 4 56 20 4 5 4 91 19 4 33 4 29 4 71 7 4 8 4 59 10 4 10 4 37 4 31 5 4 30 4 7 41 4 35 4 71 36 16 18 16 12 16 30 27 4 41 4 48 30 4 25 4 19 4 31 37 4 41 4 87 16 16 10 16 49 6 34 14 4 42 4 28 36 16 35 16 58 15 4 12 4 10 4 41 21 4 28 4 31 27 4 26 4 25 4 72 24 4 51 4 5 27 37 4 65 10 43 34 4 40 29 18 4 26 14 16 27 16 105 20 4 35 4 48 4 76 5 29 5 4 13 17 11 4 53 29 4 21 4 22 4 93 40 16 22 16 77 25 4 6 4 43 37 4 20 4 27 4 24 29 4 14 11 22 4 58 30 4 11 4 5 4 15 4 97 27 4 40 4 23 4 33 4 107 22 4 17 4 8 26 16 4 65 37 4 12 4 38 4 57 34 4 14 53 26 4 15 37 4 11 22 5 4 59 15 4 17 4 91 45 30 29 4 9 38 23 4 96 23 4 18 4 63 29 4 16 4 6 4 5 4 67 24 4 10 4 5 4 13 4 87 16 4 38 4 61 28 15 21 4 18 4 83 26 4 15 4 14 4 52 4 13 8 4 25 4 21 4 33 33 4 24 4 30 4 63 39 4 10 4 25 4 5 4 71 44 4 34 4 39 4 11 4 
iteration 53 best: 0.966819 time: 22327
38 7 8 77 45 8 86 15 8 74 30 4 9 4 69 28 4 24 4 63 9 8 24 29 4 32 4 35 5 12 56 21 8 16 14 8 71 14 8 59 46 12 66 37 4 21 4 99 38 4 22 4 8 4 11 4 59 29 4 24 4 35 4 98 46 8 48 22 8 33 14 4 26 4 92 30 16 29 16 43 26 4 38 4 16 4 7 4 23 48 4 5 4 5 4 17 34 8 6 8 46 10 4 42 4 7 4 45 4 46 22 8 74 11 4 18 4 28 4 17 4 35 29 8 35 6 4 82 32 8 3 24 8 57 37 8 39 13 4 32 4 36 4 56 20 4 5 4 91 19 4 33 4 29 4 71 7 4 8 4 59 10 4 10 4 37 4 31 5 4 30 4 7 41 4 35 4 71 36 16 18 16 12 16 30 27 4 41 4 48 30 4 25 4 19 4 31 37 4 41 4 87 16 16 10 16 49 6 34 14 4 42 4 28 36 16 35 16 58 15 4 12 4 10 4 41 21 4 28 4 31 27 4 26 4 25 4 72 24 4 51 4 5 27 37 4 65 10 43 34 4 40 29 18 4 26 14 16 27 16 105 20 4 35 4 48 4 76 5 29 5 4 13 17 11 4 53 29 4 21 4 22 4 93 40 16 22 16 77 25 4 6 4 43 37 4 20 4 27 4 24 29 4 14 11 22 4 58 30 4 11 4 5 4 15 4 97 27 4 40 4 23 4 33 4 107 22 4 17 4 8 26 16 4 65 37 4 12 4 38 4 57 34 4 14 53 26 4 15 37 4 11 22 5 4 59 15 4 17 4 91 45 30 29 4 9 38 23 4 96 23 4 18 4 63 29 4 16 4 6 4 5 4 67 24 4 10 4 5 4 13 4 87 16 4 38 4 61 28 15 21 4 18 4 83 26 4 15 4 14 4 52 4 13 8 4 25 4 21 4 33 33 4 24 4 30 4 63 39 4 10 4 25 4 5 4 71 44 4 34 4 39 4 11 4 
iteration 72 best: 0.966819 time: 29661
38 7 8 77 45 8 86 15 8 74 30 4 9 4 69 28 4 24 4 63 9 8 24 29 4 32 4 35 5 12 56 21 8 16 14 8 71 14 8 59 46 12 66 37 4 21 4 99 38 4 22 4 8 4 11 4 59 29 4 24 4 35 4 98 46 8 48 22 8 33 14 4 26 4 92 30 16 29 16 43 26 4 38 4 16 4 7 4 23 48 4 5 4 5 4 17 34 8 6 8 46 10 4 42 4 7 4 45 4 46 22 8 74 11 4 18 4 28 4 17 4 35 29 8 35 6 4 82 32 8 3 24 8 57 37 8 39 13 4 32 4 36 4 56 20 4 5 4 91 19 4 33 4 29 4 71 7 4 8 4 59 10 4 10 4 37 4 31 5 4 30 4 7 41 4 35 4 71 36 16 18 16 12 16 30 27 4 41 4 48 30 4 25 4 19 4 31 37 4 41 4 87 16 16 10 16 49 6 34 14 4 42 4 28 36 16 35 16 58 15 4 12 4 10 4 41 21 4 28 4 31 27 4 26 4 25 4 72 24 4 51 4 5 27 37 4 65 10 43 34 4 40 29 18 4 26 14 16 27 16 105 20 4 35 4 48 4 76 5 29 5 4 13 17 11 4 53 29 4 21 4 22 4 93 40 16 22 16 77 25 4 6 4 43 37 4 20 4 27 4 24 29 4 14 11 22 4 58 30 4 11 4 5 4 15 4 97 27 4 40 4 23 4 33 4 107 22 4 17 4 8 26 16 4 65 37 4 12 4 38 4 57 34 4 14 53 26 4 15 37 4 11 22 5 4 59 15 4 17 4 91 45 30 29 4 9 38 23 4 96 23 4 18 4 63 29 4 16 4 6 4 5 4 67 24 4 10 4 5 4 13 4 87 16 4 38 4 61 28 15 21 4 18 4 83 26 4 15 4 14 4 52 4 13 8 4 25 4 21 4 33 33 4 24 4 30 4 63 39 4 10 4 25 4 5 4 71 44 4 34 4 39 4 11 4 
iteration 91 best: 0.966819 time: 37007
38 7 8 77 45 8 86 15 8 74 30 4 9 4 69 28 4 24 4 63 9 8 24 29 4 32 4 35 5 12 56 21 8 16 14 8 71 14 8 59 46 12 66 37 4 21 4 99 38 4 22 4 8 4 11 4 59 29 4 24 4 35 4 98 46 8 48 22 8 33 14 4 26 4 92 30 16 29 16 43 26 4 38 4 16 4 7 4 23 48 4 5 4 5 4 17 34 8 6 8 46 10 4 42 4 7 4 45 4 46 22 8 74 11 4 18 4 28 4 17 4 35 29 8 35 6 4 82 32 8 3 24 8 57 37 8 39 13 4 32 4 36 4 56 20 4 5 4 91 19 4 33 4 29 4 71 7 4 8 4 59 10 4 10 4 37 4 31 5 4 30 4 7 41 4 35 4 71 36 16 18 16 12 16 30 27 4 41 4 48 30 4 25 4 19 4 31 37 4 41 4 87 16 16 10 16 49 6 34 14 4 42 4 28 36 16 35 16 58 15 4 12 4 10 4 41 21 4 28 4 31 27 4 26 4 25 4 72 24 4 51 4 5 27 37 4 65 10 43 34 4 40 29 18 4 26 14 16 27 16 105 20 4 35 4 48 4 76 5 29 5 4 13 17 11 4 53 29 4 21 4 22 4 93 40 16 22 16 77 25 4 6 4 43 37 4 20 4 27 4 24 29 4 14 11 22 4 58 30 4 11 4 5 4 15 4 97 27 4 40 4 23 4 33 4 107 22 4 17 4 8 26 16 4 65 37 4 12 4 38 4 57 34 4 14 53 26 4 15 37 4 11 22 5 4 59 15 4 17 4 91 45 30 29 4 9 38 23 4 96 23 4 18 4 63 29 4 16 4 6 4 5 4 67 24 4 10 4 5 4 13 4 87 16 4 38 4 61 28 15 21 4 18 4 83 26 4 15 4 14 4 52 4 13 8 4 25 4 21 4 33 33 4 24 4 30 4 63 39 4 10 4 25 4 5 4 71 44 4 34 4 39 4 11 4 
iteration 110 best: 0.966819 time: 44366
38 7 8 77 45 8 86 15 8 74 30 4 9 4 69 28 4 24 4 63 9 8 24 29 4 32 4 35 5 12 56 21 8 16 14 8 71 14 8 59 46 12 66 37 4 21 4 99 38 4 22 4 8 4 11 4 59 29 4 24 4 35 4 98 46 8 48 22 8 33 14 4 26 4 92 30 16 29 16 43 26 4 38 4 16 4 7 4 23 48 4 5 4 5 4 17 34 8 6 8 46 10 4 42 4 7 4 45 4 46 22 8 74 11 4 18 4 28 4 17 4 35 29 8 35 6 4 82 32 8 3 24 8 57 37 8 39 13 4 32 4 36 4 56 20 4 5 4 91 19 4 33 4 29 4 71 7 4 8 4 59 10 4 10 4 37 4 31 5 4 30 4 7 41 4 35 4 71 36 16 18 16 12 16 30 27 4 41 4 48 30 4 25 4 19 4 31 37 4 41 4 87 16 16 10 16 49 6 34 14 4 42 4 28 36 16 35 16 58 15 4 12 4 10 4 41 21 4 28 4 31 27 4 26 4 25 4 72 24 4 51 4 5 27 37 4 65 10 43 34 4 40 29 18 4 26 14 16 27 16 105 20 4 35 4 48 4 76 5 29 5 4 13 17 11 4 53 29 4 21 4 22 4 93 40 16 22 16 77 25 4 6 4 43 37 4 20 4 27 4 24 29 4 14 11 22 4 58 30 4 11 4 5 4 15 4 97 27 4 40 4 23 4 33 4 107 22 4 17 4 8 26 16 4 65 37 4 12 4 38 4 57 34 4 14 53 26 4 15 37 4 11 22 5 4 59 15 4 17 4 91 45 30 29 4 9 38 23 4 96 23 4 18 4 63 29 4 16 4 6 4 5 4 67 24 4 10 4 5 4 13 4 87 16 4 38 4 61 28 15 21 4 18 4 83 26 4 15 4 14 4 52 4 13 8 4 25 4 21 4 33 33 4 24 4 30 4 63 39 4 10 4 25 4 5 4 71 44 4 34 4 39 4 11 4 
iteration 129 best: 0.966819 time: 51668
38 7 8 77 45 8 86 15 8 74 30 4 9 4 69 28 4 24 4 63 9 8 24 29 4 32 4 35 5 12 56 21 8 16 14 8 71 14 8 59 46 12 66 37 4 21 4 99 38 4 22 4 8 4 11 4 59 29 4 24 4 35 4 98 46 8 48 22 8 33 14 4 26 4 92 30 16 29 16 43 26 4 38 4 16 4 7 4 23 48 4 5 4 5 4 17 34 8 6 8 46 10 4 42 4 7 4 45 4 46 22 8 74 11 4 18 4 28 4 17 4 35 29 8 35 6 4 82 32 8 3 24 8 57 37 8 39 13 4 32 4 36 4 56 20 4 5 4 91 19 4 33 4 29 4 71 7 4 8 4 59 10 4 10 4 37 4 31 5 4 30 4 7 41 4 35 4 71 36 16 18 16 12 16 30 27 4 41 4 48 30 4 25 4 19 4 31 37 4 41 4 87 16 16 10 16 49 6 34 14 4 42 4 28 36 16 35 16 58 15 4 12 4 10 4 41 21 4 28 4 31 27 4 26 4 25 4 72 24 4 51 4 5 27 37 4 65 10 43 34 4 40 29 18 4 26 14 16 27 16 105 20 4 35 4 48 4 76 5 29 5 4 13 17 11 4 53 29 4 21 4 22 4 93 40 16 22 16 77 25 4 6 4 43 37 4 20 4 27 4 24 29 4 14 11 22 4 58 30 4 11 4 5 4 15 4 97 27 4 40 4 23 4 33 4 107 22 4 17 4 8 26 16 4 65 37 4 12 4 38 4 57 34 4 14 53 26 4 15 37 4 11 22 5 4 59 15 4 17 4 91 45 30 29 4 9 38 23 4 96 23 4 18 4 63 29 4 16 4 6 4 5 4 67 24 4 10 4 5 4 13 4 87 16 4 38 4 61 28 15 21 4 18 4 83 26 4 15 4 14 4 52 4 13 8 4 25 4 21 4 33 33 4 24 4 30 4 63 39 4 10 4 25 4 5 4 71 44 4 34 4 39 4 11 4 
iteration 148 best: 0.966819 time: 58969
38 7 8 77 45 8 86 15 8 74 30 4 9 4 69 28 4 24 4 63 9 8 24 29 4 32 4 35 5 12 56 21 8 16 14 8 71 14 8 59 46 12 66 37 4 21 4 99 38 4 22 4 8 4 11 4 59 29 4 24 4 35 4 98 46 8 48 22 8 33 14 4 26 4 92 30 16 29 16 43 26 4 38 4 16 4 7 4 23 48 4 5 4 5 4 17 34 8 6 8 46 10 4 42 4 7 4 45 4 46 22 8 74 11 4 18 4 28 4 17 4 35 29 8 35 6 4 82 32 8 3 24 8 57 37 8 39 13 4 32 4 36 4 56 20 4 5 4 91 19 4 33 4 29 4 71 7 4 8 4 59 10 4 10 4 37 4 31 5 4 30 4 7 41 4 35 4 71 36 16 18 16 12 16 30 27 4 41 4 48 30 4 25 4 19 4 31 37 4 41 4 87 16 16 10 16 49 6 34 14 4 42 4 28 36 16 35 16 58 15 4 12 4 10 4 41 21 4 28 4 31 27 4 26 4 25 4 72 24 4 51 4 5 27 37 4 65 10 43 34 4 40 29 18 4 26 14 16 27 16 105 20 4 35 4 48 4 76 5 29 5 4 13 17 11 4 53 29 4 21 4 22 4 93 40 16 22 16 77 25 4 6 4 43 37 4 20 4 27 4 24 29 4 14 11 22 4 58 30 4 11 4 5 4 15 4 97 27 4 40 4 23 4 33 4 107 22 4 17 4 8 26 16 4 65 37 4 12 4 38 4 57 34 4 14 53 26 4 15 37 4 11 22 5 4 59 15 4 17 4 91 45 30 29 4 9 38 23 4 96 23 4 18 4 63 29 4 16 4 6 4 5 4 67 24 4 10 4 5 4 13 4 87 16 4 38 4 61 28 15 21 4 18 4 83 26 4 15 4 14 4 52 4 13 8 4 25 4 21 4 33 33 4 24 4 30 4 63 39 4 10 4 25 4 5 4 71 44 4 34 4 39 4 11 4 
iteration 167 best: 0.966819 time: 66266
38 7 8 77 45 8 86 15 8 74 30 4 9 4 69 28 4 24 4 63 9 8 24 29 4 32 4 35 5 12 56 21 8 16 14 8 71 14 8 59 46 12 66 37 4 21 4 99 38 4 22 4 8 4 11 4 59 29 4 24 4 35 4 98 46 8 48 22 8 33 14 4 26 4 92 30 16 29 16 43 26 4 38 4 16 4 7 4 23 48 4 5 4 5 4 17 34 8 6 8 46 10 4 42 4 7 4 45 4 46 22 8 74 11 4 18 4 28 4 17 4 35 29 8 35 6 4 82 32 8 3 24 8 57 37 8 39 13 4 32 4 36 4 56 20 4 5 4 91 19 4 33 4 29 4 71 7 4 8 4 59 10 4 10 4 37 4 31 5 4 30 4 7 41 4 35 4 71 36 16 18 16 12 16 30 27 4 41 4 48 30 4 25 4 19 4 31 37 4 41 4 87 16 16 10 16 49 6 34 14 4 42 4 28 36 16 35 16 58 15 4 12 4 10 4 41 21 4 28 4 31 27 4 26 4 25 4 72 24 4 51 4 5 27 37 4 65 10 43 34 4 40 29 18 4 26 14 16 27 16 105 20 4 35 4 48 4 76 5 29 5 4 13 17 11 4 53 29 4 21 4 22 4 93 40 16 22 16 77 25 4 6 4 43 37 4 20 4 27 4 24 29 4 14 11 22 4 58 30 4 11 4 5 4 15 4 97 27 4 40 4 23 4 33 4 107 22 4 17 4 8 26 16 4 65 37 4 12 4 38 4 57 34 4 14 53 26 4 15 37 4 11 22 5 4 59 15 4 17 4 91 45 30 29 4 9 38 23 4 96 23 4 18 4 63 29 4 16 4 6 4 5 4 67 24 4 10 4 5 4 13 4 87 16 4 38 4 61 28 15 21 4 18 4 83 26 4 15 4 14 4 52 4 13 8 4 25 4 21 4 33 33 4 24 4 30 4 63 39 4 10 4 25 4 5 4 71 44 4 34 4 39 4 11 4 
iteration 186 best: 0.966819 time: 73614
38 7 8 77 45 8 86 15 8 74 30 4 9 4 69 28 4 24 4 63 9 8 24 29 4 32 4 35 5 12 56 21 8 16 14 8 71 14 8 59 46 12 66 37 4 21 4 99 38 4 22 4 8 4 11 4 59 29 4 24 4 35 4 98 46 8 48 22 8 33 14 4 26 4 92 30 16 29 16 43 26 4 38 4 16 4 7 4 23 48 4 5 4 5 4 17 34 8 6 8 46 10 4 42 4 7 4 45 4 46 22 8 74 11 4 18 4 28 4 17 4 35 29 8 35 6 4 82 32 8 3 24 8 57 37 8 39 13 4 32 4 36 4 56 20 4 5 4 91 19 4 33 4 29 4 71 7 4 8 4 59 10 4 10 4 37 4 31 5 4 30 4 7 41 4 35 4 71 36 16 18 16 12 16 30 27 4 41 4 48 30 4 25 4 19 4 31 37 4 41 4 87 16 16 10 16 49 6 34 14 4 42 4 28 36 16 35 16 58 15 4 12 4 10 4 41 21 4 28 4 31 27 4 26 4 25 4 72 24 4 51 4 5 27 37 4 65 10 43 34 4 40 29 18 4 26 14 16 27 16 105 20 4 35 4 48 4 76 5 29 5 4 13 17 11 4 53 29 4 21 4 22 4 93 40 16 22 16 77 25 4 6 4 43 37 4 20 4 27 4 24 29 4 14 11 22 4 58 30 4 11 4 5 4 15 4 97 27 4 40 4 23 4 33 4 107 22 4 17 4 8 26 16 4 65 37 4 12 4 38 4 57 34 4 14 53 26 4 15 37 4 11 22 5 4 59 15 4 17 4 91 45 30 29 4 9 38 23 4 96 23 4 18 4 63 29 4 16 4 6 4 5 4 67 24 4 10 4 5 4 13 4 87 16 4 38 4 61 28 15 21 4 18 4 83 26 4 15 4 14 4 52 4 13 8 4 25 4 21 4 33 33 4 24 4 30 4 63 39 4 10 4 25 4 5 4 71 44 4 34 4 39 4 11 4 
iteration 205 best: 0.966819 time: 80944
38 7 8 77 45 8 86 15 8 74 30 4 9 4 69 28 4 24 4 63 9 8 24 29 4 32 4 35 5 12 56 21 8 16 14 8 71 14 8 59 46 12 66 37 4 21 4 99 38 4 22 4 8 4 11 4 59 29 4 24 4 35 4 98 46 8 48 22 8 33 14 4 26 4 92 30 16 29 16 43 26 4 38 4 16 4 7 4 23 48 4 5 4 5 4 17 34 8 6 8 46 10 4 42 4 7 4 45 4 46 22 8 74 11 4 18 4 28 4 17 4 35 29 8 35 6 4 82 32 8 3 24 8 57 37 8 39 13 4 32 4 36 4 56 20 4 5 4 91 19 4 33 4 29 4 71 7 4 8 4 59 10 4 10 4 37 4 31 5 4 30 4 7 41 4 35 4 71 36 16 18 16 12 16 30 27 4 41 4 48 30 4 25 4 19 4 31 37 4 41 4 87 16 16 10 16 49 6 34 14 4 42 4 28 36 16 35 16 58 15 4 12 4 10 4 41 21 4 28 4 31 27 4 26 4 25 4 72 24 4 51 4 5 27 37 4 65 10 43 34 4 40 29 18 4 26 14 16 27 16 105 20 4 35 4 48 4 76 5 29 5 4 13 17 11 4 53 29 4 21 4 22 4 93 40 16 22 16 77 25 4 6 4 43 37 4 20 4 27 4 24 29 4 14 11 22 4 58 30 4 11 4 5 4 15 4 97 27 4 40 4 23 4 33 4 107 22 4 17 4 8 26 16 4 65 37 4 12 4 38 4 57 34 4 14 53 26 4 15 37 4 11 22 5 4 59 15 4 17 4 91 45 30 29 4 9 38 23 4 96 23 4 18 4 63 29 4 16 4 6 4 5 4 67 24 4 10 4 5 4 13 4 87 16 4 38 4 61 28 15 21 4 18 4 83 26 4 15 4 14 4 52 4 13 8 4 25 4 21 4 33 33 4 24 4 30 4 63 39 4 10 4 25 4 5 4 71 44 4 34 4 39 4 11 4 
iteration 224 best: 0.966819 time: 88268
38 7 8 77 45 8 86 15 8 74 30 4 9 4 69 28 4 24 4 63 9 8 24 29 4 32 4 35 5 12 56 21 8 16 14 8 71 14 8 59 46 12 66 37 4 21 4 99 38 4 22 4 8 4 11 4 59 29 4 24 4 35 4 98 46 8 48 22 8 33 14 4 26 4 92 30 16 29 16 43 26 4 38 4 16 4 7 4 23 48 4 5 4 5 4 17 34 8 6 8 46 10 4 42 4 7 4 45 4 46 22 8 74 11 4 18 4 28 4 17 4 35 29 8 35 6 4 82 32 8 3 24 8 57 37 8 39 13 4 32 4 36 4 56 20 4 5 4 91 19 4 33 4 29 4 71 7 4 8 4 59 10 4 10 4 37 4 31 5 4 30 4 7 41 4 35 4 71 36 16 18 16 12 16 30 27 4 41 4 48 30 4 25 4 19 4 31 37 4 41 4 87 16 16 10 16 49 6 34 14 4 42 4 28 36 16 35 16 58 15 4 12 4 10 4 41 21 4 28 4 31 27 4 26 4 25 4 72 24 4 51 4 5 27 37 4 65 10 43 34 4 40 29 18 4 26 14 16 27 16 105 20 4 35 4 48 4 76 5 29 5 4 13 17 11 4 53 29 4 21 4 22 4 93 40 16 22 16 77 25 4 6 4 43 37 4 20 4 27 4 24 29 4 14 11 22 4 58 30 4 11 4 5 4 15 4 97 27 4 40 4 23 4 33 4 107 22 4 17 4 8 26 16 4 65 37 4 12 4 38 4 57 34 4 14 53 26 4 15 37 4 11 22 5 4 59 15 4 17 4 91 45 30 29 4 9 38 23 4 96 23 4 18 4 63 29 4 16 4 6 4 5 4 67 24 4 10 4 5 4 13 4 87 16 4 38 4 61 28 15 21 4 18 4 83 26 4 15 4 14 4 52 4 13 8 4 25 4 21 4 33 33 4 24 4 30 4 63 39 4 10 4 25 4 5 4 71 44 4 34 4 39 4 11 4 
iteration 243 best: 0.966819 time: 95572
38 7 8 77 45 8 86 15 8 74 30 4 9 4 69 28 4 24 4 63 9 8 24 29 4 32 4 35 5 12 56 21 8 16 14 8 71 14 8 59 46 12 66 37 4 21 4 99 38 4 22 4 8 4 11 4 59 29 4 24 4 35 4 98 46 8 48 22 8 33 14 4 26 4 92 30 16 29 16 43 26 4 38 4 16 4 7 4 23 48 4 5 4 5 4 17 34 8 6 8 46 10 4 42 4 7 4 45 4 46 22 8 74 11 4 18 4 28 4 17 4 35 29 8 35 6 4 82 32 8 3 24 8 57 37 8 39 13 4 32 4 36 4 56 20 4 5 4 91 19 4 33 4 29 4 71 7 4 8 4 59 10 4 10 4 37 4 31 5 4 30 4 7 41 4 35 4 71 36 16 18 16 12 16 30 27 4 41 4 48 30 4 25 4 19 4 31 37 4 41 4 87 16 16 10 16 49 6 34 14 4 42 4 28 36 16 35 16 58 15 4 12 4 10 4 41 21 4 28 4 31 27 4 26 4 25 4 72 24 4 51 4 5 27 37 4 65 10 43 34 4 40 29 18 4 26 14 16 27 16 105 20 4 35 4 48 4 76 5 29 5 4 13 17 11 4 53 29 4 21 4 22 4 93 40 16 22 16 77 25 4 6 4 43 37 4 20 4 27 4 24 29 4 14 11 22 4 58 30 4 11 4 5 4 15 4 97 27 4 40 4 23 4 33 4 107 22 4 17 4 8 26 16 4 65 37 4 12 4 38 4 57 34 4 14 53 26 4 15 37 4 11 22 5 4 59 15 4 17 4 91 45 30 29 4 9 38 23 4 96 23 4 18 4 63 29 4 16 4 6 4 5 4 67 24 4 10 4 5 4 13 4 87 16 4 38 4 61 28 15 21 4 18 4 83 26 4 15 4 14 4 52 4 13 8 4 25 4 21 4 33 33 4 24 4 30 4 63 39 4 10 4 25 4 5 4 71 44 4 34 4 39 4 11 4 
iteration 262 best: 0.966819 time: 102875
38 7 8 77 45 8 86 15 8 74 30 4 9 4 69 28 4 24 4 63 9 8 24 29 4 32 4 35 5 12 56 21 8 16 14 8 71 14 8 59 46 12 66 37 4 21 4 99 38 4 22 4 8 4 11 4 59 29 4 24 4 35 4 98 46 8 48 22 8 33 14 4 26 4 92 30 16 29 16 43 26 4 38 4 16 4 7 4 23 48 4 5 4 5 4 17 34 8 6 8 46 10 4 42 4 7 4 45 4 46 22 8 74 11 4 18 4 28 4 17 4 35 29 8 35 6 4 82 32 8 3 24 8 57 37 8 39 13 4 32 4 36 4 56 20 4 5 4 91 19 4 33 4 29 4 71 7 4 8 4 59 10 4 10 4 37 4 31 5 4 30 4 7 41 4 35 4 71 36 16 18 16 12 16 30 27 4 41 4 48 30 4 25 4 19 4 31 37 4 41 4 87 16 16 10 16 49 6 34 14 4 42 4 28 36 16 35 16 58 15 4 12 4 10 4 41 21 4 28 4 31 27 4 26 4 25 4 72 24 4 51 4 5 27 37 4 65 10 43 34 4 40 29 18 4 26 14 16 27 16 105 20 4 35 4 48 4 76 5 29 5 4 13 17 11 4 53 29 4 21 4 22 4 93 40 16 22 16 77 25 4 6 4 43 37 4 20 4 27 4 24 29 4 14 11 22 4 58 30 4 11 4 5 4 15 4 97 27 4 40 4 23 4 33 4 107 22 4 17 4 8 26 16 4 65 37 4 12 4 38 4 57 34 4 14 53 26 4 15 37 4 11 22 5 4 59 15 4 17 4 91 45 30 29 4 9 38 23 4 96 23 4 18 4 63 29 4 16 4 6 4 5 4 67 24 4 10 4 5 4 13 4 87 16 4 38 4 61 28 15 21 4 18 4 83 26 4 15 4 14 4 52 4 13 8 4 25 4 21 4 33 33 4 24 4 30 4 63 39 4 10 4 25 4 5 4 71 44 4 34 4 39 4 11 4 
iteration 281 best: 0.966819 time: 110169
38 7 8 77 45 8 86 15 8 74 30 4 9 4 69 28 4 24 4 63 9 8 24 29 4 32 4 35 5 12 56 21 8 16 14 8 71 14 8 59 46 12 66 37 4 21 4 99 38 4 22 4 8 4 11 4 59 29 4 24 4 35 4 98 46 8 48 22 8 33 14 4 26 4 92 30 16 29 16 43 26 4 38 4 16 4 7 4 23 48 4 5 4 5 4 17 34 8 6 8 46 10 4 42 4 7 4 45 4 46 22 8 74 11 4 18 4 28 4 17 4 35 29 8 35 6 4 82 32 8 3 24 8 57 37 8 39 13 4 32 4 36 4 56 20 4 5 4 91 19 4 33 4 29 4 71 7 4 8 4 59 10 4 10 4 37 4 31 5 4 30 4 7 41 4 35 4 71 36 16 18 16 12 16 30 27 4 41 4 48 30 4 25 4 19 4 31 37 4 41 4 87 16 16 10 16 49 6 34 14 4 42 4 28 36 16 35 16 58 15 4 12 4 10 4 41 21 4 28 4 31 27 4 26 4 25 4 72 24 4 51 4 5 27 37 4 65 10 43 34 4 40 29 18 4 26 14 16 27 16 105 20 4 35 4 48 4 76 5 29 5 4 13 17 11 4 53 29 4 21 4 22 4 93 40 16 22 16 77 25 4 6 4 43 37 4 20 4 27 4 24 29 4 14 11 22 4 58 30 4 11 4 5 4 15 4 97 27 4 40 4 23 4 33 4 107 22 4 17 4 8 26 16 4 65 37 4 12 4 38 4 57 34 4 14 53 26 4 15 37 4 11 22 5 4 59 15 4 17 4 91 45 30 29 4 9 38 23 4 96 23 4 18 4 63 29 4 16 4 6 4 5 4 67 24 4 10 4 5 4 13 4 87 16 4 38 4 61 28 15 21 4 18 4 83 26 4 15 4 14 4 52 4 13 8 4 25 4 21 4 33 33 4 24 4 30 4 63 39 4 10 4 25 4 5 4 71 44 4 34 4 39 4 11 4 
iteration 300 best: 0.966819 time: 117449
38 7 8 77 45 8 86 15 8 74 30 4 9 4 69 28 4 24 4 63 9 8 24 29 4 32 4 35 5 12 56 21 8 16 14 8 71 14 8 59 46 12 66 37 4 21 4 99 38 4 22 4 8 4 11 4 59 29 4 24 4 35 4 98 46 8 48 22 8 33 14 4 26 4 92 30 16 29 16 43 26 4 38 4 16 4 7 4 23 48 4 5 4 5 4 17 34 8 6 8 46 10 4 42 4 7 4 45 4 46 22 8 74 11 4 18 4 28 4 17 4 35 29 8 35 6 4 82 32 8 3 24 8 57 37 8 39 13 4 32 4 36 4 56 20 4 5 4 91 19 4 33 4 29 4 71 7 4 8 4 59 10 4 10 4 37 4 31 5 4 30 4 7 41 4 35 4 71 36 16 18 16 12 16 30 27 4 41 4 48 30 4 25 4 19 4 31 37 4 41 4 87 16 16 10 16 49 6 34 14 4 42 4 28 36 16 35 16 58 15 4 12 4 10 4 41 21 4 28 4 31 27 4 26 4 25 4 72 24 4 51 4 5 27 37 4 65 10 43 34 4 40 29 18 4 26 14 16 27 16 105 20 4 35 4 48 4 76 5 29 5 4 13 17 11 4 53 29 4 21 4 22 4 93 40 16 22 16 77 25 4 6 4 43 37 4 20 4 27 4 24 29 4 14 11 22 4 58 30 4 11 4 5 4 15 4 97 27 4 40 4 23 4 33 4 107 22 4 17 4 8 26 16 4 65 37 4 12 4 38 4 57 34 4 14 53 26 4 15 37 4 11 22 5 4 59 15 4 17 4 91 45 30 29 4 9 38 23 4 96 23 4 18 4 63 29 4 16 4 6 4 5 4 67 24 4 10 4 5 4 13 4 87 16 4 38 4 61 28 15 21 4 18 4 83 26 4 15 4 14 4 52 4 13 8 4 25 4 21 4 33 33 4 24 4 30 4 63 39 4 10 4 25 4 5 4 71 44 4 34 4 39 4 11 4 
iteration 319 best: 0.966819 time: 124786
38 7 8 77 45 8 86 15 8 74 30 4 9 4 69 28 4 24 4 63 9 8 24 29 4 32 4 35 5 12 56 21 8 16 14 8 71 14 8 59 46 12 66 37 4 21 4 99 38 4 22 4 8 4 11 4 59 29 4 24 4 35 4 98 46 8 48 22 8 33 14 4 26 4 92 30 16 29 16 43 26 4 38 4 16 4 7 4 23 48 4 5 4 5 4 17 34 8 6 8 46 10 4 42 4 7 4 45 4 46 22 8 74 11 4 18 4 28 4 17 4 35 29 8 35 6 4 82 32 8 3 24 8 57 37 8 39 13 4 32 4 36 4 56 20 4 5 4 91 19 4 33 4 29 4 71 7 4 8 4 59 10 4 10 4 37 4 31 5 4 30 4 7 41 4 35 4 71 36 16 18 16 12 16 30 27 4 41 4 48 30 4 25 4 19 4 31 37 4 41 4 87 16 16 10 16 49 6 34 14 4 42 4 28 36 16 35 16 58 15 4 12 4 10 4 41 21 4 28 4 31 27 4 26 4 25 4 72 24 4 51 4 5 27 37 4 65 10 43 34 4 40 29 18 4 26 14 16 27 16 105 20 4 35 4 48 4 76 5 29 5 4 13 17 11 4 53 29 4 21 4 22 4 93 40 16 22 16 77 25 4 6 4 43 37 4 20 4 27 4 24 29 4 14 11 22 4 58 30 4 11 4 5 4 15 4 97 27 4 40 4 23 4 33 4 107 22 4 17 4 8 26 16 4 65 37 4 12 4 38 4 57 34 4 14 53 26 4 15 37 4 11 22 5 4 59 15 4 17 4 91 45 30 29 4 9 38 23 4 96 23 4 18 4 63 29 4 16 4 6 4 5 4 67 24 4 10 4 5 4 13 4 87 16 4 38 4 61 28 15 21 4 18 4 83 26 4 15 4 14 4 52 4 13 8 4 25 4 21 4 33 33 4 24 4 30 4 63 39 4 10 4 25 4 5 4 71 44 4 34 4 39 4 11 4 
iteration 338 best: 0.966819 time: 132119
38 7 8 77 45 8 86 15 8 74 30 4 9 4 69 28 4 24 4 63 9 8 24 29 4 32 4 35 5 12 56 21 8 16 14 8 71 14 8 59 46 12 66 37 4 21 4 99 38 4 22 4 8 4 11 4 59 29 4 24 4 35 4 98 46 8 48 22 8 33 14 4 26 4 92 30 16 29 16 43 26 4 38 4 16 4 7 4 23 48 4 5 4 5 4 17 34 8 6 8 46 10 4 42 4 7 4 45 4 46 22 8 74 11 4 18 4 28 4 17 4 35 29 8 35 6 4 82 32 8 3 24 8 57 37 8 39 13 4 32 4 36 4 56 20 4 5 4 91 19 4 33 4 29 4 71 7 4 8 4 59 10 4 10 4 37 4 31 5 4 30 4 7 41 4 35 4 71 36 16 18 16 12 16 30 27 4 41 4 48 30 4 25 4 19 4 31 37 4 41 4 87 16 16 10 16 49 6 34 14 4 42 4 28 36 16 35 16 58 15 4 12 4 10 4 41 21 4 28 4 31 27 4 26 4 25 4 72 24 4 51 4 5 27 37 4 65 10 43 34 4 40 29 18 4 26 14 16 27 16 105 20 4 35 4 48 4 76 5 29 5 4 13 17 11 4 53 29 4 21 4 22 4 93 40 16 22 16 77 25 4 6 4 43 37 4 20 4 27 4 24 29 4 14 11 22 4 58 30 4 11 4 5 4 15 4 97 27 4 40 4 23 4 33 4 107 22 4 17 4 8 26 16 4 65 37 4 12 4 38 4 57 34 4 14 53 26 4 15 37 4 11 22 5 4 59 15 4 17 4 91 45 30 29 4 9 38 23 4 96 23 4 18 4 63 29 4 16 4 6 4 5 4 67 24 4 10 4 5 4 13 4 87 16 4 38 4 61 28 15 21 4 18 4 83 26 4 15 4 14 4 52 4 13 8 4 25 4 21 4 33 33 4 24 4 30 4 63 39 4 10 4 25 4 5 4 71 44 4 34 4 39 4 11 4 
iteration 357 best: 0.966819 time: 139433
38 7 8 77 45 8 86 15 8 74 30 4 9 4 69 28 4 24 4 63 9 8 24 29 4 32 4 35 5 12 56 21 8 16 14 8 71 14 8 59 46 12 66 37 4 21 4 99 38 4 22 4 8 4 11 4 59 29 4 24 4 35 4 98 46 8 48 22 8 33 14 4 26 4 92 30 16 29 16 43 26 4 38 4 16 4 7 4 23 48 4 5 4 5 4 17 34 8 6 8 46 10 4 42 4 7 4 45 4 46 22 8 74 11 4 18 4 28 4 17 4 35 29 8 35 6 4 82 32 8 3 24 8 57 37 8 39 13 4 32 4 36 4 56 20 4 5 4 91 19 4 33 4 29 4 71 7 4 8 4 59 10 4 10 4 37 4 31 5 4 30 4 7 41 4 35 4 71 36 16 18 16 12 16 30 27 4 41 4 48 30 4 25 4 19 4 31 37 4 41 4 87 16 16 10 16 49 6 34 14 4 42 4 28 36 16 35 16 58 15 4 12 4 10 4 41 21 4 28 4 31 27 4 26 4 25 4 72 24 4 51 4 5 27 37 4 65 10 43 34 4 40 29 18 4 26 14 16 27 16 105 20 4 35 4 48 4 76 5 29 5 4 13 17 11 4 53 29 4 21 4 22 4 93 40 16 22 16 77 25 4 6 4 43 37 4 20 4 27 4 24 29 4 14 11 22 4 58 30 4 11 4 5 4 15 4 97 27 4 40 4 23 4 33 4 107 22 4 17 4 8 26 16 4 65 37 4 12 4 38 4 57 34 4 14 53 26 4 15 37 4 11 22 5 4 59 15 4 17 4 91 45 30 29 4 9 38 23 4 96 23 4 18 4 63 29 4 16 4 6 4 5 4 67 24 4 10 4 5 4 13 4 87 16 4 38 4 61 28 15 21 4 18 4 83 26 4 15 4 14 4 52 4 13 8 4 25 4 21 4 33 33 4 24 4 30 4 63 39 4 10 4 25 4 5 4 71 44 4 34 4 39 4 11 4 
iteration 376 best: 0.966819 time: 146758
38 7 8 77 45 8 86 15 8 74 30 4 9 4 69 28 4 24 4 63 9 8 24 29 4 32 4 35 5 12 56 21 8 16 14 8 71 14 8 59 46 12 66 37 4 21 4 99 38 4 22 4 8 4 11 4 59 29 4 24 4 35 4 98 46 8 48 22 8 33 14 4 26 4 92 30 16 29 16 43 26 4 38 4 16 4 7 4 23 48 4 5 4 5 4 17 34 8 6 8 46 10 4 42 4 7 4 45 4 46 22 8 74 11 4 18 4 28 4 17 4 35 29 8 35 6 4 82 32 8 3 24 8 57 37 8 39 13 4 32 4 36 4 56 20 4 5 4 91 19 4 33 4 29 4 71 7 4 8 4 59 10 4 10 4 37 4 31 5 4 30 4 7 41 4 35 4 71 36 16 18 16 12 16 30 27 4 41 4 48 30 4 25 4 19 4 31 37 4 41 4 87 16 16 10 16 49 6 34 14 4 42 4 28 36 16 35 16 58 15 4 12 4 10 4 41 21 4 28 4 31 27 4 26 4 25 4 72 24 4 51 4 5 27 37 4 65 10 43 34 4 40 29 18 4 26 14 16 27 16 105 20 4 35 4 48 4 76 5 29 5 4 13 17 11 4 53 29 4 21 4 22 4 93 40 16 22 16 77 25 4 6 4 43 37 4 20 4 27 4 24 29 4 14 11 22 4 58 30 4 11 4 5 4 15 4 97 27 4 40 4 23 4 33 4 107 22 4 17 4 8 26 16 4 65 37 4 12 4 38 4 57 34 4 14 53 26 4 15 37 4 11 22 5 4 59 15 4 17 4 91 45 30 29 4 9 38 23 4 96 23 4 18 4 63 29 4 16 4 6 4 5 4 67 24 4 10 4 5 4 13 4 87 16 4 38 4 61 28 15 21 4 18 4 83 26 4 15 4 14 4 52 4 13 8 4 25 4 21 4 33 33 4 24 4 30 4 63 39 4 10 4 25 4 5 4 71 44 4 34 4 39 4 11 4 
iteration 395 best: 0.966819 time: 154078
38 7 8 77 45 8 86 15 8 74 30 4 9 4 69 28 4 24 4 63 9 8 24 29 4 32 4 35 5 12 56 21 8 16 14 8 71 14 8 59 46 12 66 37 4 21 4 99 38 4 22 4 8 4 11 4 59 29 4 24 4 35 4 98 46 8 48 22 8 33 14 4 26 4 92 30 16 29 16 43 26 4 38 4 16 4 7 4 23 48 4 5 4 5 4 17 34 8 6 8 46 10 4 42 4 7 4 45 4 46 22 8 74 11 4 18 4 28 4 17 4 35 29 8 35 6 4 82 32 8 3 24 8 57 37 8 39 13 4 32 4 36 4 56 20 4 5 4 91 19 4 33 4 29 4 71 7 4 8 4 59 10 4 10 4 37 4 31 5 4 30 4 7 41 4 35 4 71 36 16 18 16 12 16 30 27 4 41 4 48 30 4 25 4 19 4 31 37 4 41 4 87 16 16 10 16 49 6 34 14 4 42 4 28 36 16 35 16 58 15 4 12 4 10 4 41 21 4 28 4 31 27 4 26 4 25 4 72 24 4 51 4 5 27 37 4 65 10 43 34 4 40 29 18 4 26 14 16 27 16 105 20 4 35 4 48 4 76 5 29 5 4 13 17 11 4 53 29 4 21 4 22 4 93 40 16 22 16 77 25 4 6 4 43 37 4 20 4 27 4 24 29 4 14 11 22 4 58 30 4 11 4 5 4 15 4 97 27 4 40 4 23 4 33 4 107 22 4 17 4 8 26 16 4 65 37 4 12 4 38 4 57 34 4 14 53 26 4 15 37 4 11 22 5 4 59 15 4 17 4 91 45 30 29 4 9 38 23 4 96 23 4 18 4 63 29 4 16 4 6 4 5 4 67 24 4 10 4 5 4 13 4 87 16 4 38 4 61 28 15 21 4 18 4 83 26 4 15 4 14 4 52 4 13 8 4 25 4 21 4 33 33 4 24 4 30 4 63 39 4 10 4 25 4 5 4 71 44 4 34 4 39 4 11 4 
iteration 414 best: 0.966819 time: 161424
38 7 8 77 45 8 86 15 8 74 30 4 9 4 69 28 4 24 4 63 9 8 24 29 4 32 4 35 5 12 56 21 8 16 14 8 71 14 8 59 46 12 66 37 4 21 4 99 38 4 22 4 8 4 11 4 59 29 4 24 4 35 4 98 46 8 48 22 8 33 14 4 26 4 92 30 16 29 16 43 26 4 38 4 16 4 7 4 23 48 4 5 4 5 4 17 34 8 6 8 46 10 4 42 4 7 4 45 4 46 22 8 74 11 4 18 4 28 4 17 4 35 29 8 35 6 4 82 32 8 3 24 8 57 37 8 39 13 4 32 4 36 4 56 20 4 5 4 91 19 4 33 4 29 4 71 7 4 8 4 59 10 4 10 4 37 4 31 5 4 30 4 7 41 4 35 4 71 36 16 18 16 12 16 30 27 4 41 4 48 30 4 25 4 19 4 31 37 4 41 4 87 16 16 10 16 49 6 34 14 4 42 4 28 36 16 35 16 58 15 4 12 4 10 4 41 21 4 28 4 31 27 4 26 4 25 4 72 24 4 51 4 5 27 37 4 65 10 43 34 4 40 29 18 4 26 14 16 27 16 105 20 4 35 4 48 4 76 5 29 5 4 13 17 11 4 53 29 4 21 4 22 4 93 40 16 22 16 77 25 4 6 4 43 37 4 20 4 27 4 24 29 4 14 11 22 4 58 30 4 11 4 5 4 15 4 97 27 4 40 4 23 4 33 4 107 22 4 17 4 8 26 16 4 65 37 4 12 4 38 4 57 34 4 14 53 26 4 15 37 4 11 22 5 4 59 15 4 17 4 91 45 30 29 4 9 38 23 4 96 23 4 18 4 63 29 4 16 4 6 4 5 4 67 24 4 10 4 5 4 13 4 87 16 4 38 4 61 28 15 21 4 18 4 83 26 4 15 4 14 4 52 4 13 8 4 25 4 21 4 33 33 4 24 4 30 4 63 39 4 10 4 25 4 5 4 71 44 4 34 4 39 4 11 4 
iteration 433 best: 0.966819 time: 168758
38 7 8 77 45 8 86 15 8 74 30 4 9 4 69 28 4 24 4 63 9 8 24 29 4 32 4 35 5 12 56 21 8 16 14 8 71 14 8 59 46 12 66 37 4 21 4 99 38 4 22 4 8 4 11 4 59 29 4 24 4 35 4 98 46 8 48 22 8 33 14 4 26 4 92 30 16 29 16 43 26 4 38 4 16 4 7 4 23 48 4 5 4 5 4 17 34 8 6 8 46 10 4 42 4 7 4 45 4 46 22 8 74 11 4 18 4 28 4 17 4 35 29 8 35 6 4 82 32 8 3 24 8 57 37 8 39 13 4 32 4 36 4 56 20 4 5 4 91 19 4 33 4 29 4 71 7 4 8 4 59 10 4 10 4 37 4 31 5 4 30 4 7 41 4 35 4 71 36 16 18 16 12 16 30 27 4 41 4 48 30 4 25 4 19 4 31 37 4 41 4 87 16 16 10 16 49 6 34 14 4 42 4 28 36 16 35 16 58 15 4 12 4 10 4 41 21 4 28 4 31 27 4 26 4 25 4 72 24 4 51 4 5 27 37 4 65 10 43 34 4 40 29 18 4 26 14 16 27 16 105 20 4 35 4 48 4 76 5 29 5 4 13 17 11 4 53 29 4 21 4 22 4 93 40 16 22 16 77 25 4 6 4 43 37 4 20 4 27 4 24 29 4 14 11 22 4 58 30 4 11 4 5 4 15 4 97 27 4 40 4 23 4 33 4 107 22 4 17 4 8 26 16 4 65 37 4 12 4 38 4 57 34 4 14 53 26 4 15 37 4 11 22 5 4 59 15 4 17 4 91 45 30 29 4 9 38 23 4 96 23 4 18 4 63 29 4 16 4 6 4 5 4 67 24 4 10 4 5 4 13 4 87 16 4 38 4 61 28 15 21 4 18 4 83 26 4 15 4 14 4 52 4 13 8 4 25 4 21 4 33 33 4 24 4 30 4 63 39 4 10 4 25 4 5 4 71 44 4 34 4 39 4 11 4 
iteration 452 best: 0.966819 time: 176079
38 7 8 77 45 8 86 15 8 74 30 4 9 4 69 28 4 24 4 63 9 8 24 29 4 32 4 35 5 12 56 21 8 16 14 8 71 14 8 59 46 12 66 37 4 21 4 99 38 4 22 4 8 4 11 4 59 29 4 24 4 35 4 98 46 8 48 22 8 33 14 4 26 4 92 30 16 29 16 43 26 4 38 4 16 4 7 4 23 48 4 5 4 5 4 17 34 8 6 8 46 10 4 42 4 7 4 45 4 46 22 8 74 11 4 18 4 28 4 17 4 35 29 8 35 6 4 82 32 8 3 24 8 57 37 8 39 13 4 32 4 36 4 56 20 4 5 4 91 19 4 33 4 29 4 71 7 4 8 4 59 10 4 10 4 37 4 31 5 4 30 4 7 41 4 35 4 71 36 16 18 16 12 16 30 27 4 41 4 48 30 4 25 4 19 4 31 37 4 41 4 87 16 16 10 16 49 6 34 14 4 42 4 28 36 16 35 16 58 15 4 12 4 10 4 41 21 4 28 4 31 27 4 26 4 25 4 72 24 4 51 4 5 27 37 4 65 10 43 34 4 40 29 18 4 26 14 16 27 16 105 20 4 35 4 48 4 76 5 29 5 4 13 17 11 4 53 29 4 21 4 22 4 93 40 16 22 16 77 25 4 6 4 43 37 4 20 4 27 4 24 29 4 14 11 22 4 58 30 4 11 4 5 4 15 4 97 27 4 40 4 23 4 33 4 107 22 4 17 4 8 26 16 4 65 37 4 12 4 38 4 57 34 4 14 53 26 4 15 37 4 11 22 5 4 59 15 4 17 4 91 45 30 29 4 9 38 23 4 96 23 4 18 4 63 29 4 16 4 6 4 5 4 67 24 4 10 4 5 4 13 4 87 16 4 38 4 61 28 15 21 4 18 4 83 26 4 15 4 14 4 52 4 13 8 4 25 4 21 4 33 33 4 24 4 30 4 63 39 4 10 4 25 4 5 4 71 44 4 34 4 39 4 11 4 
iteration 471 best: 0.966819 time: 183390
38 7 8 77 45 8 86 15 8 74 30 4 9 4 69 28 4 24 4 63 9 8 24 29 4 32 4 35 5 12 56 21 8 16 14 8 71 14 8 59 46 12 66 37 4 21 4 99 38 4 22 4 8 4 11 4 59 29 4 24 4 35 4 98 46 8 48 22 8 33 14 4 26 4 92 30 16 29 16 43 26 4 38 4 16 4 7 4 23 48 4 5 4 5 4 17 34 8 6 8 46 10 4 42 4 7 4 45 4 46 22 8 74 11 4 18 4 28 4 17 4 35 29 8 35 6 4 82 32 8 3 24 8 57 37 8 39 13 4 32 4 36 4 56 20 4 5 4 91 19 4 33 4 29 4 71 7 4 8 4 59 10 4 10 4 37 4 31 5 4 30 4 7 41 4 35 4 71 36 16 18 16 12 16 30 27 4 41 4 48 30 4 25 4 19 4 31 37 4 41 4 87 16 16 10 16 49 6 34 14 4 42 4 28 36 16 35 16 58 15 4 12 4 10 4 41 21 4 28 4 31 27 4 26 4 25 4 72 24 4 51 4 5 27 37 4 65 10 43 34 4 40 29 18 4 26 14 16 27 16 105 20 4 35 4 48 4 76 5 29 5 4 13 17 11 4 53 29 4 21 4 22 4 93 40 16 22 16 77 25 4 6 4 43 37 4 20 4 27 4 24 29 4 14 11 22 4 58 30 4 11 4 5 4 15 4 97 27 4 40 4 23 4 33 4 107 22 4 17 4 8 26 16 4 65 37 4 12 4 38 4 57 34 4 14 53 26 4 15 37 4 11 22 5 4 59 15 4 17 4 91 45 30 29 4 9 38 23 4 96 23 4 18 4 63 29 4 16 4 6 4 5 4 67 24 4 10 4 5 4 13 4 87 16 4 38 4 61 28 15 21 4 18 4 83 26 4 15 4 14 4 52 4 13 8 4 25 4 21 4 33 33 4 24 4 30 4 63 39 4 10 4 25 4 5 4 71 44 4 34 4 39 4 11 4 
iteration 490 best: 0.966819 time: 190686
38 7 8 77 45 8 86 15 8 74 30 4 9 4 69 28 4 24 4 63 9 8 24 29 4 32 4 35 5 12 56 21 8 16 14 8 71 14 8 59 46 12 66 37 4 21 4 99 38 4 22 4 8 4 11 4 59 29 4 24 4 35 4 98 46 8 48 22 8 33 14 4 26 4 92 30 16 29 16 43 26 4 38 4 16 4 7 4 23 48 4 5 4 5 4 17 34 8 6 8 46 10 4 42 4 7 4 45 4 46 22 8 74 11 4 18 4 28 4 17 4 35 29 8 35 6 4 82 32 8 3 24 8 57 37 8 39 13 4 32 4 36 4 56 20 4 5 4 91 19 4 33 4 29 4 71 7 4 8 4 59 10 4 10 4 37 4 31 5 4 30 4 7 41 4 35 4 71 36 16 18 16 12 16 30 27 4 41 4 48 30 4 25 4 19 4 31 37 4 41 4 87 16 16 10 16 49 6 34 14 4 42 4 28 36 16 35 16 58 15 4 12 4 10 4 41 21 4 28 4 31 27 4 26 4 25 4 72 24 4 51 4 5 27 37 4 65 10 43 34 4 40 29 18 4 26 14 16 27 16 105 20 4 35 4 48 4 76 5 29 5 4 13 17 11 4 53 29 4 21 4 22 4 93 40 16 22 16 77 25 4 6 4 43 37 4 20 4 27 4 24 29 4 14 11 22 4 58 30 4 11 4 5 4 15 4 97 27 4 40 4 23 4 33 4 107 22 4 17 4 8 26 16 4 65 37 4 12 4 38 4 57 34 4 14 53 26 4 15 37 4 11 22 5 4 59 15 4 17 4 91 45 30 29 4 9 38 23 4 96 23 4 18 4 63 29 4 16 4 6 4 5 4 67 24 4 10 4 5 4 13 4 87 16 4 38 4 61 28 15 21 4 18 4 83 26 4 15 4 14 4 52 4 13 8 4 25 4 21 4 33 33 4 24 4 30 4 63 39 4 10 4 25 4 5 4 71 44 4 34 4 39 4 11 4 
iteration 509 best: 0.966819 time: 198020
38 7 8 77 45 8 86 15 8 74 30 4 9 4 69 28 4 24 4 63 9 8 24 29 4 32 4 35 5 12 56 21 8 16 14 8 71 14 8 59 46 12 66 37 4 21 4 99 38 4 22 4 8 4 11 4 59 29 4 24 4 35 4 98 46 8 48 22 8 33 14 4 26 4 92 30 16 29 16 43 26 4 38 4 16 4 7 4 23 48 4 5 4 5 4 17 34 8 6 8 46 10 4 42 4 7 4 45 4 46 22 8 74 11 4 18 4 28 4 17 4 35 29 8 35 6 4 82 32 8 3 24 8 57 37 8 39 13 4 32 4 36 4 56 20 4 5 4 91 19 4 33 4 29 4 71 7 4 8 4 59 10 4 10 4 37 4 31 5 4 30 4 7 41 4 35 4 71 36 16 18 16 12 16 30 27 4 41 4 48 30 4 25 4 19 4 31 37 4 41 4 87 16 16 10 16 49 6 34 14 4 42 4 28 36 16 35 16 58 15 4 12 4 10 4 41 21 4 28 4 31 27 4 26 4 25 4 72 24 4 51 4 5 27 37 4 65 10 43 34 4 40 29 18 4 26 14 16 27 16 105 20 4 35 4 48 4 76 5 29 5 4 13 17 11 4 53 29 4 21 4 22 4 93 40 16 22 16 77 25 4 6 4 43 37 4 20 4 27 4 24 29 4 14 11 22 4 58 30 4 11 4 5 4 15 4 97 27 4 40 4 23 4 33 4 107 22 4 17 4 8 26 16 4 65 37 4 12 4 38 4 57 34 4 14 53 26 4 15 37 4 11 22 5 4 59 15 4 17 4 91 45 30 29 4 9 38 23 4 96 23 4 18 4 63 29 4 16 4 6 4 5 4 67 24 4 10 4 5 4 13 4 87 16 4 38 4 61 28 15 21 4 18 4 83 26 4 15 4 14 4 52 4 13 8 4 25 4 21 4 33 33 4 24 4 30 4 63 39 4 10 4 25 4 5 4 71 44 4 34 4 39 4 11 4 
iteration 528 best: 0.966819 time: 205310
38 7 8 77 45 8 86 15 8 74 30 4 9 4 69 28 4 24 4 63 9 8 24 29 4 32 4 35 5 12 56 21 8 16 14 8 71 14 8 59 46 12 66 37 4 21 4 99 38 4 22 4 8 4 11 4 59 29 4 24 4 35 4 98 46 8 48 22 8 33 14 4 26 4 92 30 16 29 16 43 26 4 38 4 16 4 7 4 23 48 4 5 4 5 4 17 34 8 6 8 46 10 4 42 4 7 4 45 4 46 22 8 74 11 4 18 4 28 4 17 4 35 29 8 35 6 4 82 32 8 3 24 8 57 37 8 39 13 4 32 4 36 4 56 20 4 5 4 91 19 4 33 4 29 4 71 7 4 8 4 59 10 4 10 4 37 4 31 5 4 30 4 7 41 4 35 4 71 36 16 18 16 12 16 30 27 4 41 4 48 30 4 25 4 19 4 31 37 4 41 4 87 16 16 10 16 49 6 34 14 4 42 4 28 36 16 35 16 58 15 4 12 4 10 4 41 21 4 28 4 31 27 4 26 4 25 4 72 24 4 51 4 5 27 37 4 65 10 43 34 4 40 29 18 4 26 14 16 27 16 105 20 4 35 4 48 4 76 5 29 5 4 13 17 11 4 53 29 4 21 4 22 4 93 40 16 22 16 77 25 4 6 4 43 37 4 20 4 27 4 24 29 4 14 11 22 4 58 30 4 11 4 5 4 15 4 97 27 4 40 4 23 4 33 4 107 22 4 17 4 8 26 16 4 65 37 4 12 4 38 4 57 34 4 14 53 26 4 15 37 4 11 22 5 4 59 15 4 17 4 91 45 30 29 4 9 38 23 4 96 23 4 18 4 63 29 4 16 4 6 4 5 4 67 24 4 10 4 5 4 13 4 87 16 4 38 4 61 28 15 21 4 18 4 83 26 4 15 4 14 4 52 4 13 8 4 25 4 21 4 33 33 4 24 4 30 4 63 39 4 10 4 25 4 5 4 71 44 4 34 4 39 4 11 4 
iteration 547 best: 0.966819 time: 212584
38 7 8 77 45 8 86 15 8 74 30 4 9 4 69 28 4 24 4 63 9 8 24 29 4 32 4 35 5 12 56 21 8 16 14 8 71 14 8 59 46 12 66 37 4 21 4 99 38 4 22 4 8 4 11 4 59 29 4 24 4 35 4 98 46 8 48 22 8 33 14 4 26 4 92 30 16 29 16 43 26 4 38 4 16 4 7 4 23 48 4 5 4 5 4 17 34 8 6 8 46 10 4 42 4 7 4 45 4 46 22 8 74 11 4 18 4 28 4 17 4 35 29 8 35 6 4 82 32 8 3 24 8 57 37 8 39 13 4 32 4 36 4 56 20 4 5 4 91 19 4 33 4 29 4 71 7 4 8 4 59 10 4 10 4 37 4 31 5 4 30 4 7 41 4 35 4 71 36 16 18 16 12 16 30 27 4 41 4 48 30 4 25 4 19 4 31 37 4 41 4 87 16 16 10 16 49 6 34 14 4 42 4 28 36 16 35 16 58 15 4 12 4 10 4 41 21 4 28 4 31 27 4 26 4 25 4 72 24 4 51 4 5 27 37 4 65 10 43 34 4 40 29 18 4 26 14 16 27 16 105 20 4 35 4 48 4 76 5 29 5 4 13 17 11 4 53 29 4 21 4 22 4 93 40 16 22 16 77 25 4 6 4 43 37 4 20 4 27 4 24 29 4 14 11 22 4 58 30 4 11 4 5 4 15 4 97 27 4 40 4 23 4 33 4 107 22 4 17 4 8 26 16 4 65 37 4 12 4 38 4 57 34 4 14 53 26 4 15 37 4 11 22 5 4 59 15 4 17 4 91 45 30 29 4 9 38 23 4 96 23 4 18 4 63 29 4 16 4 6 4 5 4 67 24 4 10 4 5 4 13 4 87 16 4 38 4 61 28 15 21 4 18 4 83 26 4 15 4 14 4 52 4 13 8 4 25 4 21 4 33 33 4 24 4 30 4 63 39 4 10 4 25 4 5 4 71 44 4 34 4 39 4 11 4 
iteration 566 best: 0.966819 time: 219934
38 7 8 77 45 8 86 15 8 74 30 4 9 4 69 28 4 24 4 63 9 8 24 29 4 32 4 35 5 12 56 21 8 16 14 8 71 14 8 59 46 12 66 37 4 21 4 99 38 4 22 4 8 4 11 4 59 29 4 24 4 35 4 98 46 8 48 22 8 33 14 4 26 4 92 30 16 29 16 43 26 4 38 4 16 4 7 4 23 48 4 5 4 5 4 17 34 8 6 8 46 10 4 42 4 7 4 45 4 46 22 8 74 11 4 18 4 28 4 17 4 35 29 8 35 6 4 82 32 8 3 24 8 57 37 8 39 13 4 32 4 36 4 56 20 4 5 4 91 19 4 33 4 29 4 71 7 4 8 4 59 10 4 10 4 37 4 31 5 4 30 4 7 41 4 35 4 71 36 16 18 16 12 16 30 27 4 41 4 48 30 4 25 4 19 4 31 37 4 41 4 87 16 16 10 16 49 6 34 14 4 42 4 28 36 16 35 16 58 15 4 12 4 10 4 41 21 4 28 4 31 27 4 26 4 25 4 72 24 4 51 4 5 27 37 4 65 10 43 34 4 40 29 18 4 26 14 16 27 16 105 20 4 35 4 48 4 76 5 29 5 4 13 17 11 4 53 29 4 21 4 22 4 93 40 16 22 16 77 25 4 6 4 43 37 4 20 4 27 4 24 29 4 14 11 22 4 58 30 4 11 4 5 4 15 4 97 27 4 40 4 23 4 33 4 107 22 4 17 4 8 26 16 4 65 37 4 12 4 38 4 57 34 4 14 53 26 4 15 37 4 11 22 5 4 59 15 4 17 4 91 45 30 29 4 9 38 23 4 96 23 4 18 4 63 29 4 16 4 6 4 5 4 67 24 4 10 4 5 4 13 4 87 16 4 38 4 61 28 15 21 4 18 4 83 26 4 15 4 14 4 52 4 13 8 4 25 4 21 4 33 33 4 24 4 30 4 63 39 4 10 4 25 4 5 4 71 44 4 34 4 39 4 11 4 
iteration 585 best: 0.966819 time: 227266
38 7 8 77 45 8 86 15 8 74 30 4 9 4 69 28 4 24 4 63 9 8 24 29 4 32 4 35 5 12 56 21 8 16 14 8 71 14 8 59 46 12 66 37 4 21 4 99 38 4 22 4 8 4 11 4 59 29 4 24 4 35 4 98 46 8 48 22 8 33 14 4 26 4 92 30 16 29 16 43 26 4 38 4 16 4 7 4 23 48 4 5 4 5 4 17 34 8 6 8 46 10 4 42 4 7 4 45 4 46 22 8 74 11 4 18 4 28 4 17 4 35 29 8 35 6 4 82 32 8 3 24 8 57 37 8 39 13 4 32 4 36 4 56 20 4 5 4 91 19 4 33 4 29 4 71 7 4 8 4 59 10 4 10 4 37 4 31 5 4 30 4 7 41 4 35 4 71 36 16 18 16 12 16 30 27 4 41 4 48 30 4 25 4 19 4 31 37 4 41 4 87 16 16 10 16 49 6 34 14 4 42 4 28 36 16 35 16 58 15 4 12 4 10 4 41 21 4 28 4 31 27 4 26 4 25 4 72 24 4 51 4 5 27 37 4 65 10 43 34 4 40 29 18 4 26 14 16 27 16 105 20 4 35 4 48 4 76 5 29 5 4 13 17 11 4 53 29 4 21 4 22 4 93 40 16 22 16 77 25 4 6 4 43 37 4 20 4 27 4 24 29 4 14 11 22 4 58 30 4 11 4 5 4 15 4 97 27 4 40 4 23 4 33 4 107 22 4 17 4 8 26 16 4 65 37 4 12 4 38 4 57 34 4 14 53 26 4 15 37 4 11 22 5 4 59 15 4 17 4 91 45 30 29 4 9 38 23 4 96 23 4 18 4 63 29 4 16 4 6 4 5 4 67 24 4 10 4 5 4 13 4 87 16 4 38 4 61 28 15 21 4 18 4 83 26 4 15 4 14 4 52 4 13 8 4 25 4 21 4 33 33 4 24 4 30 4 63 39 4 10 4 25 4 5 4 71 44 4 34 4 39 4 11 4 
iteration 604 best: 0.966819 time: 234591
38 7 8 77 45 8 86 15 8 74 30 4 9 4 69 28 4 24 4 63 9 8 24 29 4 32 4 35 5 12 56 21 8 16 14 8 71 14 8 59 46 12 66 37 4 21 4 99 38 4 22 4 8 4 11 4 59 29 4 24 4 35 4 98 46 8 48 22 8 33 14 4 26 4 92 30 16 29 16 43 26 4 38 4 16 4 7 4 23 48 4 5 4 5 4 17 34 8 6 8 46 10 4 42 4 7 4 45 4 46 22 8 74 11 4 18 4 28 4 17 4 35 29 8 35 6 4 82 32 8 3 24 8 57 37 8 39 13 4 32 4 36 4 56 20 4 5 4 91 19 4 33 4 29 4 71 7 4 8 4 59 10 4 10 4 37 4 31 5 4 30 4 7 41 4 35 4 71 36 16 18 16 12 16 30 27 4 41 4 48 30 4 25 4 19 4 31 37 4 41 4 87 16 16 10 16 49 6 34 14 4 42 4 28 36 16 35 16 58 15 4 12 4 10 4 41 21 4 28 4 31 27 4 26 4 25 4 72 24 4 51 4 5 27 37 4 65 10 43 34 4 40 29 18 4 26 14 16 27 16 105 20 4 35 4 48 4 76 5 29 5 4 13 17 11 4 53 29 4 21 4 22 4 93 40 16 22 16 77 25 4 6 4 43 37 4 20 4 27 4 24 29 4 14 11 22 4 58 30 4 11 4 5 4 15 4 97 27 4 40 4 23 4 33 4 107 22 4 17 4 8 26 16 4 65 37 4 12 4 38 4 57 34 4 14 53 26 4 15 37 4 11 22 5 4 59 15 4 17 4 91 45 30 29 4 9 38 23 4 96 23 4 18 4 63 29 4 16 4 6 4 5 4 67 24 4 10 4 5 4 13 4 87 16 4 38 4 61 28 15 21 4 18 4 83 26 4 15 4 14 4 52 4 13 8 4 25 4 21 4 33 33 4 24 4 30 4 63 39 4 10 4 25 4 5 4 71 44 4 34 4 39 4 11 4 
iteration 623 best: 0.966819 time: 241896
38 7 8 77 45 8 86 15 8 74 30 4 9 4 69 28 4 24 4 63 9 8 24 29 4 32 4 35 5 12 56 21 8 16 14 8 71 14 8 59 46 12 66 37 4 21 4 99 38 4 22 4 8 4 11 4 59 29 4 24 4 35 4 98 46 8 48 22 8 33 14 4 26 4 92 30 16 29 16 43 26 4 38 4 16 4 7 4 23 48 4 5 4 5 4 17 34 8 6 8 46 10 4 42 4 7 4 45 4 46 22 8 74 11 4 18 4 28 4 17 4 35 29 8 35 6 4 82 32 8 3 24 8 57 37 8 39 13 4 32 4 36 4 56 20 4 5 4 91 19 4 33 4 29 4 71 7 4 8 4 59 10 4 10 4 37 4 31 5 4 30 4 7 41 4 35 4 71 36 16 18 16 12 16 30 27 4 41 4 48 30 4 25 4 19 4 31 37 4 41 4 87 16 16 10 16 49 6 34 14 4 42 4 28 36 16 35 16 58 15 4 12 4 10 4 41 21 4 28 4 31 27 4 26 4 25 4 72 24 4 51 4 5 27 37 4 65 10 43 34 4 40 29 18 4 26 14 16 27 16 105 20 4 35 4 48 4 76 5 29 5 4 13 17 11 4 53 29 4 21 4 22 4 93 40 16 22 16 77 25 4 6 4 43 37 4 20 4 27 4 24 29 4 14 11 22 4 58 30 4 11 4 5 4 15 4 97 27 4 40 4 23 4 33 4 107 22 4 17 4 8 26 16 4 65 37 4 12 4 38 4 57 34 4 14 53 26 4 15 37 4 11 22 5 4 59 15 4 17 4 91 45 30 29 4 9 38 23 4 96 23 4 18 4 63 29 4 16 4 6 4 5 4 67 24 4 10 4 5 4 13 4 87 16 4 38 4 61 28 15 21 4 18 4 83 26 4 15 4 14 4 52 4 13 8 4 25 4 21 4 33 33 4 24 4 30 4 63 39 4 10 4 25 4 5 4 71 44 4 34 4 39 4 11 4 
iteration 642 best: 0.966819 time: 249189
38 7 8 77 45 8 86 15 8 74 30 4 9 4 69 28 4 24 4 63 9 8 24 29 4 32 4 35 5 12 56 21 8 16 14 8 71 14 8 59 46 12 66 37 4 21 4 99 38 4 22 4 8 4 11 4 59 29 4 24 4 35 4 98 46 8 48 22 8 33 14 4 26 4 92 30 16 29 16 43 26 4 38 4 16 4 7 4 23 48 4 5 4 5 4 17 34 8 6 8 46 10 4 42 4 7 4 45 4 46 22 8 74 11 4 18 4 28 4 17 4 35 29 8 35 6 4 82 32 8 3 24 8 57 37 8 39 13 4 32 4 36 4 56 20 4 5 4 91 19 4 33 4 29 4 71 7 4 8 4 59 10 4 10 4 37 4 31 5 4 30 4 7 41 4 35 4 71 36 16 18 16 12 16 30 27 4 41 4 48 30 4 25 4 19 4 31 37 4 41 4 87 16 16 10 16 49 6 34 14 4 42 4 28 36 16 35 16 58 15 4 12 4 10 4 41 21 4 28 4 31 27 4 26 4 25 4 72 24 4 51 4 5 27 37 4 65 10 43 34 4 40 29 18 4 26 14 16 27 16 105 20 4 35 4 48 4 76 5 29 5 4 13 17 11 4 53 29 4 21 4 22 4 93 40 16 22 16 77 25 4 6 4 43 37 4 20 4 27 4 24 29 4 14 11 22 4 58 30 4 11 4 5 4 15 4 97 27 4 40 4 23 4 33 4 107 22 4 17 4 8 26 16 4 65 37 4 12 4 38 4 57 34 4 14 53 26 4 15 37 4 11 22 5 4 59 15 4 17 4 91 45 30 29 4 9 38 23 4 96 23 4 18 4 63 29 4 16 4 6 4 5 4 67 24 4 10 4 5 4 13 4 87 16 4 38 4 61 28 15 21 4 18 4 83 26 4 15 4 14 4 52 4 13 8 4 25 4 21 4 33 33 4 24 4 30 4 63 39 4 10 4 25 4 5 4 71 44 4 34 4 39 4 11 4 
iteration 661 best: 0.966819 time: 256517
38 7 8 77 45 8 86 15 8 74 30 4 9 4 69 28 4 24 4 63 9 8 24 29 4 32 4 35 5 12 56 21 8 16 14 8 71 14 8 59 46 12 66 37 4 21 4 99 38 4 22 4 8 4 11 4 59 29 4 24 4 35 4 98 46 8 48 22 8 33 14 4 26 4 92 30 16 29 16 43 26 4 38 4 16 4 7 4 23 48 4 5 4 5 4 17 34 8 6 8 46 10 4 42 4 7 4 45 4 46 22 8 74 11 4 18 4 28 4 17 4 35 29 8 35 6 4 82 32 8 3 24 8 57 37 8 39 13 4 32 4 36 4 56 20 4 5 4 91 19 4 33 4 29 4 71 7 4 8 4 59 10 4 10 4 37 4 31 5 4 30 4 7 41 4 35 4 71 36 16 18 16 12 16 30 27 4 41 4 48 30 4 25 4 19 4 31 37 4 41 4 87 16 16 10 16 49 6 34 14 4 42 4 28 36 16 35 16 58 15 4 12 4 10 4 41 21 4 28 4 31 27 4 26 4 25 4 72 24 4 51 4 5 27 37 4 65 10 43 34 4 40 29 18 4 26 14 16 27 16 105 20 4 35 4 48 4 76 5 29 5 4 13 17 11 4 53 29 4 21 4 22 4 93 40 16 22 16 77 25 4 6 4 43 37 4 20 4 27 4 24 29 4 14 11 22 4 58 30 4 11 4 5 4 15 4 97 27 4 40 4 23 4 33 4 107 22 4 17 4 8 26 16 4 65 37 4 12 4 38 4 57 34 4 14 53 26 4 15 37 4 11 22 5 4 59 15 4 17 4 91 45 30 29 4 9 38 23 4 96 23 4 18 4 63 29 4 16 4 6 4 5 4 67 24 4 10 4 5 4 13 4 87 16 4 38 4 61 28 15 21 4 18 4 83 26 4 15 4 14 4 52 4 13 8 4 25 4 21 4 33 33 4 24 4 30 4 63 39 4 10 4 25 4 5 4 71 44 4 34 4 39 4 11 4 
iteration 680 best: 0.966819 time: 263811
38 7 8 77 45 8 86 15 8 74 30 4 9 4 69 28 4 24 4 63 9 8 24 29 4 32 4 35 5 12 56 21 8 16 14 8 71 14 8 59 46 12 66 37 4 21 4 99 38 4 22 4 8 4 11 4 59 29 4 24 4 35 4 98 46 8 48 22 8 33 14 4 26 4 92 30 16 29 16 43 26 4 38 4 16 4 7 4 23 48 4 5 4 5 4 17 34 8 6 8 46 10 4 42 4 7 4 45 4 46 22 8 74 11 4 18 4 28 4 17 4 35 29 8 35 6 4 82 32 8 3 24 8 57 37 8 39 13 4 32 4 36 4 56 20 4 5 4 91 19 4 33 4 29 4 71 7 4 8 4 59 10 4 10 4 37 4 31 5 4 30 4 7 41 4 35 4 71 36 16 18 16 12 16 30 27 4 41 4 48 30 4 25 4 19 4 31 37 4 41 4 87 16 16 10 16 49 6 34 14 4 42 4 28 36 16 35 16 58 15 4 12 4 10 4 41 21 4 28 4 31 27 4 26 4 25 4 72 24 4 51 4 5 27 37 4 65 10 43 34 4 40 29 18 4 26 14 16 27 16 105 20 4 35 4 48 4 76 5 29 5 4 13 17 11 4 53 29 4 21 4 22 4 93 40 16 22 16 77 25 4 6 4 43 37 4 20 4 27 4 24 29 4 14 11 22 4 58 30 4 11 4 5 4 15 4 97 27 4 40 4 23 4 33 4 107 22 4 17 4 8 26 16 4 65 37 4 12 4 38 4 57 34 4 14 53 26 4 15 37 4 11 22 5 4 59 15 4 17 4 91 45 30 29 4 9 38 23 4 96 23 4 18 4 63 29 4 16 4 6 4 5 4 67 24 4 10 4 5 4 13 4 87 16 4 38 4 61 28 15 21 4 18 4 83 26 4 15 4 14 4 52 4 13 8 4 25 4 21 4 33 33 4 24 4 30 4 63 39 4 10 4 25 4 5 4 71 44 4 34 4 39 4 11 4 
iteration 699 best: 0.966819 time: 271116
38 7 8 77 45 8 86 15 8 74 30 4 9 4 69 28 4 24 4 63 9 8 24 29 4 32 4 35 5 12 56 21 8 16 14 8 71 14 8 59 46 12 66 37 4 21 4 99 38 4 22 4 8 4 11 4 59 29 4 24 4 35 4 98 46 8 48 22 8 33 14 4 26 4 92 30 16 29 16 43 26 4 38 4 16 4 7 4 23 48 4 5 4 5 4 17 34 8 6 8 46 10 4 42 4 7 4 45 4 46 22 8 74 11 4 18 4 28 4 17 4 35 29 8 35 6 4 82 32 8 3 24 8 57 37 8 39 13 4 32 4 36 4 56 20 4 5 4 91 19 4 33 4 29 4 71 7 4 8 4 59 10 4 10 4 37 4 31 5 4 30 4 7 41 4 35 4 71 36 16 18 16 12 16 30 27 4 41 4 48 30 4 25 4 19 4 31 37 4 41 4 87 16 16 10 16 49 6 34 14 4 42 4 28 36 16 35 16 58 15 4 12 4 10 4 41 21 4 28 4 31 27 4 26 4 25 4 72 24 4 51 4 5 27 37 4 65 10 43 34 4 40 29 18 4 26 14 16 27 16 105 20 4 35 4 48 4 76 5 29 5 4 13 17 11 4 53 29 4 21 4 22 4 93 40 16 22 16 77 25 4 6 4 43 37 4 20 4 27 4 24 29 4 14 11 22 4 58 30 4 11 4 5 4 15 4 97 27 4 40 4 23 4 33 4 107 22 4 17 4 8 26 16 4 65 37 4 12 4 38 4 57 34 4 14 53 26 4 15 37 4 11 22 5 4 59 15 4 17 4 91 45 30 29 4 9 38 23 4 96 23 4 18 4 63 29 4 16 4 6 4 5 4 67 24 4 10 4 5 4 13 4 87 16 4 38 4 61 28 15 21 4 18 4 83 26 4 15 4 14 4 52 4 13 8 4 25 4 21 4 33 33 4 24 4 30 4 63 39 4 10 4 25 4 5 4 71 44 4 34 4 39 4 11 4 
iteration 718 best: 0.966819 time: 278436
38 7 8 77 45 8 86 15 8 74 30 4 9 4 69 28 4 24 4 63 9 8 24 29 4 32 4 35 5 12 56 21 8 16 14 8 71 14 8 59 46 12 66 37 4 21 4 99 38 4 22 4 8 4 11 4 59 29 4 24 4 35 4 98 46 8 48 22 8 33 14 4 26 4 92 30 16 29 16 43 26 4 38 4 16 4 7 4 23 48 4 5 4 5 4 17 34 8 6 8 46 10 4 42 4 7 4 45 4 46 22 8 74 11 4 18 4 28 4 17 4 35 29 8 35 6 4 82 32 8 3 24 8 57 37 8 39 13 4 32 4 36 4 56 20 4 5 4 91 19 4 33 4 29 4 71 7 4 8 4 59 10 4 10 4 37 4 31 5 4 30 4 7 41 4 35 4 71 36 16 18 16 12 16 30 27 4 41 4 48 30 4 25 4 19 4 31 37 4 41 4 87 16 16 10 16 49 6 34 14 4 42 4 28 36 16 35 16 58 15 4 12 4 10 4 41 21 4 28 4 31 27 4 26 4 25 4 72 24 4 51 4 5 27 37 4 65 10 43 34 4 40 29 18 4 26 14 16 27 16 105 20 4 35 4 48 4 76 5 29 5 4 13 17 11 4 53 29 4 21 4 22 4 93 40 16 22 16 77 25 4 6 4 43 37 4 20 4 27 4 24 29 4 14 11 22 4 58 30 4 11 4 5 4 15 4 97 27 4 40 4 23 4 33 4 107 22 4 17 4 8 26 16 4 65 37 4 12 4 38 4 57 34 4 14 53 26 4 15 37 4 11 22 5 4 59 15 4 17 4 91 45 30 29 4 9 38 23 4 96 23 4 18 4 63 29 4 16 4 6 4 5 4 67 24 4 10 4 5 4 13 4 87 16 4 38 4 61 28 15 21 4 18 4 83 26 4 15 4 14 4 52 4 13 8 4 25 4 21 4 33 33 4 24 4 30 4 63 39 4 10 4 25 4 5 4 71 44 4 34 4 39 4 11 4 
iteration 737 best: 0.966819 time: 285750
38 7 8 77 45 8 86 15 8 74 30 4 9 4 69 28 4 24 4 63 9 8 24 29 4 32 4 35 5 12 56 21 8 16 14 8 71 14 8 59 46 12 66 37 4 21 4 99 38 4 22 4 8 4 11 4 59 29 4 24 4 35 4 98 46 8 48 22 8 33 14 4 26 4 92 30 16 29 16 43 26 4 38 4 16 4 7 4 23 48 4 5 4 5 4 17 34 8 6 8 46 10 4 42 4 7 4 45 4 46 22 8 74 11 4 18 4 28 4 17 4 35 29 8 35 6 4 82 32 8 3 24 8 57 37 8 39 13 4 32 4 36 4 56 20 4 5 4 91 19 4 33 4 29 4 71 7 4 8 4 59 10 4 10 4 37 4 31 5 4 30 4 7 41 4 35 4 71 36 16 18 16 12 16 30 27 4 41 4 48 30 4 25 4 19 4 31 37 4 41 4 87 16 16 10 16 49 6 34 14 4 42 4 28 36 16 35 16 58 15 4 12 4 10 4 41 21 4 28 4 31 27 4 26 4 25 4 72 24 4 51 4 5 27 37 4 65 10 43 34 4 40 29 18 4 26 14 16 27 16 105 20 4 35 4 48 4 76 5 29 5 4 13 17 11 4 53 29 4 21 4 22 4 93 40 16 22 16 77 25 4 6 4 43 37 4 20 4 27 4 24 29 4 14 11 22 4 58 30 4 11 4 5 4 15 4 97 27 4 40 4 23 4 33 4 107 22 4 17 4 8 26 16 4 65 37 4 12 4 38 4 57 34 4 14 53 26 4 15 37 4 11 22 5 4 59 15 4 17 4 91 45 30 29 4 9 38 23 4 96 23 4 18 4 63 29 4 16 4 6 4 5 4 67 24 4 10 4 5 4 13 4 87 16 4 38 4 61 28 15 21 4 18 4 83 26 4 15 4 14 4 52 4 13 8 4 25 4 21 4 33 33 4 24 4 30 4 63 39 4 10 4 25 4 5 4 71 44 4 34 4 39 4 11 4 
iteration 756 best: 0.966819 time: 293087
38 7 8 77 45 8 86 15 8 74 30 4 9 4 69 28 4 24 4 63 9 8 24 29 4 32 4 35 5 12 56 21 8 16 14 8 71 14 8 59 46 12 66 37 4 21 4 99 38 4 22 4 8 4 11 4 59 29 4 24 4 35 4 98 46 8 48 22 8 33 14 4 26 4 92 30 16 29 16 43 26 4 38 4 16 4 7 4 23 48 4 5 4 5 4 17 34 8 6 8 46 10 4 42 4 7 4 45 4 46 22 8 74 11 4 18 4 28 4 17 4 35 29 8 35 6 4 82 32 8 3 24 8 57 37 8 39 13 4 32 4 36 4 56 20 4 5 4 91 19 4 33 4 29 4 71 7 4 8 4 59 10 4 10 4 37 4 31 5 4 30 4 7 41 4 35 4 71 36 16 18 16 12 16 30 27 4 41 4 48 30 4 25 4 19 4 31 37 4 41 4 87 16 16 10 16 49 6 34 14 4 42 4 28 36 16 35 16 58 15 4 12 4 10 4 41 21 4 28 4 31 27 4 26 4 25 4 72 24 4 51 4 5 27 37 4 65 10 43 34 4 40 29 18 4 26 14 16 27 16 105 20 4 35 4 48 4 76 5 29 5 4 13 17 11 4 53 29 4 21 4 22 4 93 40 16 22 16 77 25 4 6 4 43 37 4 20 4 27 4 24 29 4 14 11 22 4 58 30 4 11 4 5 4 15 4 97 27 4 40 4 23 4 33 4 107 22 4 17 4 8 26 16 4 65 37 4 12 4 38 4 57 34 4 14 53 26 4 15 37 4 11 22 5 4 59 15 4 17 4 91 45 30 29 4 9 38 23 4 96 23 4 18 4 63 29 4 16 4 6 4 5 4 67 24 4 10 4 5 4 13 4 87 16 4 38 4 61 28 15 21 4 18 4 83 26 4 15 4 14 4 52 4 13 8 4 25 4 21 4 33 33 4 24 4 30 4 63 39 4 10 4 25 4 5 4 71 44 4 34 4 39 4 11 4 
iteration 775 best: 0.966819 time: 300401
38 7 8 77 45 8 86 15 8 74 30 4 9 4 69 28 4 24 4 63 9 8 24 29 4 32 4 35 5 12 56 21 8 16 14 8 71 14 8 59 46 12 66 37 4 21 4 99 38 4 22 4 8 4 11 4 59 29 4 24 4 35 4 98 46 8 48 22 8 33 14 4 26 4 92 30 16 29 16 43 26 4 38 4 16 4 7 4 23 48 4 5 4 5 4 17 34 8 6 8 46 10 4 42 4 7 4 45 4 46 22 8 74 11 4 18 4 28 4 17 4 35 29 8 35 6 4 82 32 8 3 24 8 57 37 8 39 13 4 32 4 36 4 56 20 4 5 4 91 19 4 33 4 29 4 71 7 4 8 4 59 10 4 10 4 37 4 31 5 4 30 4 7 41 4 35 4 71 36 16 18 16 12 16 30 27 4 41 4 48 30 4 25 4 19 4 31 37 4 41 4 87 16 16 10 16 49 6 34 14 4 42 4 28 36 16 35 16 58 15 4 12 4 10 4 41 21 4 28 4 31 27 4 26 4 25 4 72 24 4 51 4 5 27 37 4 65 10 43 34 4 40 29 18 4 26 14 16 27 16 105 20 4 35 4 48 4 76 5 29 5 4 13 17 11 4 53 29 4 21 4 22 4 93 40 16 22 16 77 25 4 6 4 43 37 4 20 4 27 4 24 29 4 14 11 22 4 58 30 4 11 4 5 4 15 4 97 27 4 40 4 23 4 33 4 107 22 4 17 4 8 26 16 4 65 37 4 12 4 38 4 57 34 4 14 53 26 4 15 37 4 11 22 5 4 59 15 4 17 4 91 45 30 29 4 9 38 23 4 96 23 4 18 4 63 29 4 16 4 6 4 5 4 67 24 4 10 4 5 4 13 4 87 16 4 38 4 61 28 15 21 4 18 4 83 26 4 15 4 14 4 52 4 13 8 4 25 4 21 4 33 33 4 24 4 30 4 63 39 4 10 4 25 4 5 4 71 44 4 34 4 39 4 11 4 
iteration 794 best: 0.966819 time: 307668
38 7 8 77 45 8 86 15 8 74 30 4 9 4 69 28 4 24 4 63 9 8 24 29 4 32 4 35 5 12 56 21 8 16 14 8 71 14 8 59 46 12 66 37 4 21 4 99 38 4 22 4 8 4 11 4 59 29 4 24 4 35 4 98 46 8 48 22 8 33 14 4 26 4 92 30 16 29 16 43 26 4 38 4 16 4 7 4 23 48 4 5 4 5 4 17 34 8 6 8 46 10 4 42 4 7 4 45 4 46 22 8 74 11 4 18 4 28 4 17 4 35 29 8 35 6 4 82 32 8 3 24 8 57 37 8 39 13 4 32 4 36 4 56 20 4 5 4 91 19 4 33 4 29 4 71 7 4 8 4 59 10 4 10 4 37 4 31 5 4 30 4 7 41 4 35 4 71 36 16 18 16 12 16 30 27 4 41 4 48 30 4 25 4 19 4 31 37 4 41 4 87 16 16 10 16 49 6 34 14 4 42 4 28 36 16 35 16 58 15 4 12 4 10 4 41 21 4 28 4 31 27 4 26 4 25 4 72 24 4 51 4 5 27 37 4 65 10 43 34 4 40 29 18 4 26 14 16 27 16 105 20 4 35 4 48 4 76 5 29 5 4 13 17 11 4 53 29 4 21 4 22 4 93 40 16 22 16 77 25 4 6 4 43 37 4 20 4 27 4 24 29 4 14 11 22 4 58 30 4 11 4 5 4 15 4 97 27 4 40 4 23 4 33 4 107 22 4 17 4 8 26 16 4 65 37 4 12 4 38 4 57 34 4 14 53 26 4 15 37 4 11 22 5 4 59 15 4 17 4 91 45 30 29 4 9 38 23 4 96 23 4 18 4 63 29 4 16 4 6 4 5 4 67 24 4 10 4 5 4 13 4 87 16 4 38 4 61 28 15 21 4 18 4 83 26 4 15 4 14 4 52 4 13 8 4 25 4 21 4 33 33 4 24 4 30 4 63 39 4 10 4 25 4 5 4 71 44 4 34 4 39 4 11 4 
iteration 813 best: 0.966819 time: 315008
38 7 8 77 45 8 86 15 8 74 30 4 9 4 69 28 4 24 4 63 9 8 24 29 4 32 4 35 5 12 56 21 8 16 14 8 71 14 8 59 46 12 66 37 4 21 4 99 38 4 22 4 8 4 11 4 59 29 4 24 4 35 4 98 46 8 48 22 8 33 14 4 26 4 92 30 16 29 16 43 26 4 38 4 16 4 7 4 23 48 4 5 4 5 4 17 34 8 6 8 46 10 4 42 4 7 4 45 4 46 22 8 74 11 4 18 4 28 4 17 4 35 29 8 35 6 4 82 32 8 3 24 8 57 37 8 39 13 4 32 4 36 4 56 20 4 5 4 91 19 4 33 4 29 4 71 7 4 8 4 59 10 4 10 4 37 4 31 5 4 30 4 7 41 4 35 4 71 36 16 18 16 12 16 30 27 4 41 4 48 30 4 25 4 19 4 31 37 4 41 4 87 16 16 10 16 49 6 34 14 4 42 4 28 36 16 35 16 58 15 4 12 4 10 4 41 21 4 28 4 31 27 4 26 4 25 4 72 24 4 51 4 5 27 37 4 65 10 43 34 4 40 29 18 4 26 14 16 27 16 105 20 4 35 4 48 4 76 5 29 5 4 13 17 11 4 53 29 4 21 4 22 4 93 40 16 22 16 77 25 4 6 4 43 37 4 20 4 27 4 24 29 4 14 11 22 4 58 30 4 11 4 5 4 15 4 97 27 4 40 4 23 4 33 4 107 22 4 17 4 8 26 16 4 65 37 4 12 4 38 4 57 34 4 14 53 26 4 15 37 4 11 22 5 4 59 15 4 17 4 91 45 30 29 4 9 38 23 4 96 23 4 18 4 63 29 4 16 4 6 4 5 4 67 24 4 10 4 5 4 13 4 87 16 4 38 4 61 28 15 21 4 18 4 83 26 4 15 4 14 4 52 4 13 8 4 25 4 21 4 33 33 4 24 4 30 4 63 39 4 10 4 25 4 5 4 71 44 4 34 4 39 4 11 4 
iteration 832 best: 0.966819 time: 322323
38 7 8 77 45 8 86 15 8 74 30 4 9 4 69 28 4 24 4 63 9 8 24 29 4 32 4 35 5 12 56 21 8 16 14 8 71 14 8 59 46 12 66 37 4 21 4 99 38 4 22 4 8 4 11 4 59 29 4 24 4 35 4 98 46 8 48 22 8 33 14 4 26 4 92 30 16 29 16 43 26 4 38 4 16 4 7 4 23 48 4 5 4 5 4 17 34 8 6 8 46 10 4 42 4 7 4 45 4 46 22 8 74 11 4 18 4 28 4 17 4 35 29 8 35 6 4 82 32 8 3 24 8 57 37 8 39 13 4 32 4 36 4 56 20 4 5 4 91 19 4 33 4 29 4 71 7 4 8 4 59 10 4 10 4 37 4 31 5 4 30 4 7 41 4 35 4 71 36 16 18 16 12 16 30 27 4 41 4 48 30 4 25 4 19 4 31 37 4 41 4 87 16 16 10 16 49 6 34 14 4 42 4 28 36 16 35 16 58 15 4 12 4 10 4 41 21 4 28 4 31 27 4 26 4 25 4 72 24 4 51 4 5 27 37 4 65 10 43 34 4 40 29 18 4 26 14 16 27 16 105 20 4 35 4 48 4 76 5 29 5 4 13 17 11 4 53 29 4 21 4 22 4 93 40 16 22 16 77 25 4 6 4 43 37 4 20 4 27 4 24 29 4 14 11 22 4 58 30 4 11 4 5 4 15 4 97 27 4 40 4 23 4 33 4 107 22 4 17 4 8 26 16 4 65 37 4 12 4 38 4 57 34 4 14 53 26 4 15 37 4 11 22 5 4 59 15 4 17 4 91 45 30 29 4 9 38 23 4 96 23 4 18 4 63 29 4 16 4 6 4 5 4 67 24 4 10 4 5 4 13 4 87 16 4 38 4 61 28 15 21 4 18 4 83 26 4 15 4 14 4 52 4 13 8 4 25 4 21 4 33 33 4 24 4 30 4 63 39 4 10 4 25 4 5 4 71 44 4 34 4 39 4 11 4 
iteration 851 best: 0.966819 time: 329636
38 7 8 77 45 8 86 15 8 74 30 4 9 4 69 28 4 24 4 63 9 8 24 29 4 32 4 35 5 12 56 21 8 16 14 8 71 14 8 59 46 12 66 37 4 21 4 99 38 4 22 4 8 4 11 4 59 29 4 24 4 35 4 98 46 8 48 22 8 33 14 4 26 4 92 30 16 29 16 43 26 4 38 4 16 4 7 4 23 48 4 5 4 5 4 17 34 8 6 8 46 10 4 42 4 7 4 45 4 46 22 8 74 11 4 18 4 28 4 17 4 35 29 8 35 6 4 82 32 8 3 24 8 57 37 8 39 13 4 32 4 36 4 56 20 4 5 4 91 19 4 33 4 29 4 71 7 4 8 4 59 10 4 10 4 37 4 31 5 4 30 4 7 41 4 35 4 71 36 16 18 16 12 16 30 27 4 41 4 48 30 4 25 4 19 4 31 37 4 41 4 87 16 16 10 16 49 6 34 14 4 42 4 28 36 16 35 16 58 15 4 12 4 10 4 41 21 4 28 4 31 27 4 26 4 25 4 72 24 4 51 4 5 27 37 4 65 10 43 34 4 40 29 18 4 26 14 16 27 16 105 20 4 35 4 48 4 76 5 29 5 4 13 17 11 4 53 29 4 21 4 22 4 93 40 16 22 16 77 25 4 6 4 43 37 4 20 4 27 4 24 29 4 14 11 22 4 58 30 4 11 4 5 4 15 4 97 27 4 40 4 23 4 33 4 107 22 4 17 4 8 26 16 4 65 37 4 12 4 38 4 57 34 4 14 53 26 4 15 37 4 11 22 5 4 59 15 4 17 4 91 45 30 29 4 9 38 23 4 96 23 4 18 4 63 29 4 16 4 6 4 5 4 67 24 4 10 4 5 4 13 4 87 16 4 38 4 61 28 15 21 4 18 4 83 26 4 15 4 14 4 52 4 13 8 4 25 4 21 4 33 33 4 24 4 30 4 63 39 4 10 4 25 4 5 4 71 44 4 34 4 39 4 11 4 
iteration 870 best: 0.966819 time: 336927
38 7 8 77 45 8 86 15 8 74 30 4 9 4 69 28 4 24 4 63 9 8 24 29 4 32 4 35 5 12 56 21 8 16 14 8 71 14 8 59 46 12 66 37 4 21 4 99 38 4 22 4 8 4 11 4 59 29 4 24 4 35 4 98 46 8 48 22 8 33 14 4 26 4 92 30 16 29 16 43 26 4 38 4 16 4 7 4 23 48 4 5 4 5 4 17 34 8 6 8 46 10 4 42 4 7 4 45 4 46 22 8 74 11 4 18 4 28 4 17 4 35 29 8 35 6 4 82 32 8 3 24 8 57 37 8 39 13 4 32 4 36 4 56 20 4 5 4 91 19 4 33 4 29 4 71 7 4 8 4 59 10 4 10 4 37 4 31 5 4 30 4 7 41 4 35 4 71 36 16 18 16 12 16 30 27 4 41 4 48 30 4 25 4 19 4 31 37 4 41 4 87 16 16 10 16 49 6 34 14 4 42 4 28 36 16 35 16 58 15 4 12 4 10 4 41 21 4 28 4 31 27 4 26 4 25 4 72 24 4 51 4 5 27 37 4 65 10 43 34 4 40 29 18 4 26 14 16 27 16 105 20 4 35 4 48 4 76 5 29 5 4 13 17 11 4 53 29 4 21 4 22 4 93 40 16 22 16 77 25 4 6 4 43 37 4 20 4 27 4 24 29 4 14 11 22 4 58 30 4 11 4 5 4 15 4 97 27 4 40 4 23 4 33 4 107 22 4 17 4 8 26 16 4 65 37 4 12 4 38 4 57 34 4 14 53 26 4 15 37 4 11 22 5 4 59 15 4 17 4 91 45 30 29 4 9 38 23 4 96 23 4 18 4 63 29 4 16 4 6 4 5 4 67 24 4 10 4 5 4 13 4 87 16 4 38 4 61 28 15 21 4 18 4 83 26 4 15 4 14 4 52 4 13 8 4 25 4 21 4 33 33 4 24 4 30 4 63 39 4 10 4 25 4 5 4 71 44 4 34 4 39 4 11 4 
iteration 889 best: 0.966819 time: 344246
38 7 8 77 45 8 86 15 8 74 30 4 9 4 69 28 4 24 4 63 9 8 24 29 4 32 4 35 5 12 56 21 8 16 14 8 71 14 8 59 46 12 66 37 4 21 4 99 38 4 22 4 8 4 11 4 59 29 4 24 4 35 4 98 46 8 48 22 8 33 14 4 26 4 92 30 16 29 16 43 26 4 38 4 16 4 7 4 23 48 4 5 4 5 4 17 34 8 6 8 46 10 4 42 4 7 4 45 4 46 22 8 74 11 4 18 4 28 4 17 4 35 29 8 35 6 4 82 32 8 3 24 8 57 37 8 39 13 4 32 4 36 4 56 20 4 5 4 91 19 4 33 4 29 4 71 7 4 8 4 59 10 4 10 4 37 4 31 5 4 30 4 7 41 4 35 4 71 36 16 18 16 12 16 30 27 4 41 4 48 30 4 25 4 19 4 31 37 4 41 4 87 16 16 10 16 49 6 34 14 4 42 4 28 36 16 35 16 58 15 4 12 4 10 4 41 21 4 28 4 31 27 4 26 4 25 4 72 24 4 51 4 5 27 37 4 65 10 43 34 4 40 29 18 4 26 14 16 27 16 105 20 4 35 4 48 4 76 5 29 5 4 13 17 11 4 53 29 4 21 4 22 4 93 40 16 22 16 77 25 4 6 4 43 37 4 20 4 27 4 24 29 4 14 11 22 4 58 30 4 11 4 5 4 15 4 97 27 4 40 4 23 4 33 4 107 22 4 17 4 8 26 16 4 65 37 4 12 4 38 4 57 34 4 14 53 26 4 15 37 4 11 22 5 4 59 15 4 17 4 91 45 30 29 4 9 38 23 4 96 23 4 18 4 63 29 4 16 4 6 4 5 4 67 24 4 10 4 5 4 13 4 87 16 4 38 4 61 28 15 21 4 18 4 83 26 4 15 4 14 4 52 4 13 8 4 25 4 21 4 33 33 4 24 4 30 4 63 39 4 10 4 25 4 5 4 71 44 4 34 4 39 4 11 4 
iteration 908 best: 0.966819 time: 351581
38 7 8 77 45 8 86 15 8 74 30 4 9 4 69 28 4 24 4 63 9 8 24 29 4 32 4 35 5 12 56 21 8 16 14 8 71 14 8 59 46 12 66 37 4 21 4 99 38 4 22 4 8 4 11 4 59 29 4 24 4 35 4 98 46 8 48 22 8 33 14 4 26 4 92 30 16 29 16 43 26 4 38 4 16 4 7 4 23 48 4 5 4 5 4 17 34 8 6 8 46 10 4 42 4 7 4 45 4 46 22 8 74 11 4 18 4 28 4 17 4 35 29 8 35 6 4 82 32 8 3 24 8 57 37 8 39 13 4 32 4 36 4 56 20 4 5 4 91 19 4 33 4 29 4 71 7 4 8 4 59 10 4 10 4 37 4 31 5 4 30 4 7 41 4 35 4 71 36 16 18 16 12 16 30 27 4 41 4 48 30 4 25 4 19 4 31 37 4 41 4 87 16 16 10 16 49 6 34 14 4 42 4 28 36 16 35 16 58 15 4 12 4 10 4 41 21 4 28 4 31 27 4 26 4 25 4 72 24 4 51 4 5 27 37 4 65 10 43 34 4 40 29 18 4 26 14 16 27 16 105 20 4 35 4 48 4 76 5 29 5 4 13 17 11 4 53 29 4 21 4 22 4 93 40 16 22 16 77 25 4 6 4 43 37 4 20 4 27 4 24 29 4 14 11 22 4 58 30 4 11 4 5 4 15 4 97 27 4 40 4 23 4 33 4 107 22 4 17 4 8 26 16 4 65 37 4 12 4 38 4 57 34 4 14 53 26 4 15 37 4 11 22 5 4 59 15 4 17 4 91 45 30 29 4 9 38 23 4 96 23 4 18 4 63 29 4 16 4 6 4 5 4 67 24 4 10 4 5 4 13 4 87 16 4 38 4 61 28 15 21 4 18 4 83 26 4 15 4 14 4 52 4 13 8 4 25 4 21 4 33 33 4 24 4 30 4 63 39 4 10 4 25 4 5 4 71 44 4 34 4 39 4 11 4 
iteration 927 best: 0.966819 time: 358931
38 7 8 77 45 8 86 15 8 74 30 4 9 4 69 28 4 24 4 63 9 8 24 29 4 32 4 35 5 12 56 21 8 16 14 8 71 14 8 59 46 12 66 37 4 21 4 99 38 4 22 4 8 4 11 4 59 29 4 24 4 35 4 98 46 8 48 22 8 33 14 4 26 4 92 30 16 29 16 43 26 4 38 4 16 4 7 4 23 48 4 5 4 5 4 17 34 8 6 8 46 10 4 42 4 7 4 45 4 46 22 8 74 11 4 18 4 28 4 17 4 35 29 8 35 6 4 82 32 8 3 24 8 57 37 8 39 13 4 32 4 36 4 56 20 4 5 4 91 19 4 33 4 29 4 71 7 4 8 4 59 10 4 10 4 37 4 31 5 4 30 4 7 41 4 35 4 71 36 16 18 16 12 16 30 27 4 41 4 48 30 4 25 4 19 4 31 37 4 41 4 87 16 16 10 16 49 6 34 14 4 42 4 28 36 16 35 16 58 15 4 12 4 10 4 41 21 4 28 4 31 27 4 26 4 25 4 72 24 4 51 4 5 27 37 4 65 10 43 34 4 40 29 18 4 26 14 16 27 16 105 20 4 35 4 48 4 76 5 29 5 4 13 17 11 4 53 29 4 21 4 22 4 93 40 16 22 16 77 25 4 6 4 43 37 4 20 4 27 4 24 29 4 14 11 22 4 58 30 4 11 4 5 4 15 4 97 27 4 40 4 23 4 33 4 107 22 4 17 4 8 26 16 4 65 37 4 12 4 38 4 57 34 4 14 53 26 4 15 37 4 11 22 5 4 59 15 4 17 4 91 45 30 29 4 9 38 23 4 96 23 4 18 4 63 29 4 16 4 6 4 5 4 67 24 4 10 4 5 4 13 4 87 16 4 38 4 61 28 15 21 4 18 4 83 26 4 15 4 14 4 52 4 13 8 4 25 4 21 4 33 33 4 24 4 30 4 63 39 4 10 4 25 4 5 4 71 44 4 34 4 39 4 11 4 
iteration 946 best: 0.966819 time: 366257
38 7 8 77 45 8 86 15 8 74 30 4 9 4 69 28 4 24 4 63 9 8 24 29 4 32 4 35 5 12 56 21 8 16 14 8 71 14 8 59 46 12 66 37 4 21 4 99 38 4 22 4 8 4 11 4 59 29 4 24 4 35 4 98 46 8 48 22 8 33 14 4 26 4 92 30 16 29 16 43 26 4 38 4 16 4 7 4 23 48 4 5 4 5 4 17 34 8 6 8 46 10 4 42 4 7 4 45 4 46 22 8 74 11 4 18 4 28 4 17 4 35 29 8 35 6 4 82 32 8 3 24 8 57 37 8 39 13 4 32 4 36 4 56 20 4 5 4 91 19 4 33 4 29 4 71 7 4 8 4 59 10 4 10 4 37 4 31 5 4 30 4 7 41 4 35 4 71 36 16 18 16 12 16 30 27 4 41 4 48 30 4 25 4 19 4 31 37 4 41 4 87 16 16 10 16 49 6 34 14 4 42 4 28 36 16 35 16 58 15 4 12 4 10 4 41 21 4 28 4 31 27 4 26 4 25 4 72 24 4 51 4 5 27 37 4 65 10 43 34 4 40 29 18 4 26 14 16 27 16 105 20 4 35 4 48 4 76 5 29 5 4 13 17 11 4 53 29 4 21 4 22 4 93 40 16 22 16 77 25 4 6 4 43 37 4 20 4 27 4 24 29 4 14 11 22 4 58 30 4 11 4 5 4 15 4 97 27 4 40 4 23 4 33 4 107 22 4 17 4 8 26 16 4 65 37 4 12 4 38 4 57 34 4 14 53 26 4 15 37 4 11 22 5 4 59 15 4 17 4 91 45 30 29 4 9 38 23 4 96 23 4 18 4 63 29 4 16 4 6 4 5 4 67 24 4 10 4 5 4 13 4 87 16 4 38 4 61 28 15 21 4 18 4 83 26 4 15 4 14 4 52 4 13 8 4 25 4 21 4 33 33 4 24 4 30 4 63 39 4 10 4 25 4 5 4 71 44 4 34 4 39 4 11 4 
iteration 965 best: 0.966819 time: 373595
38 7 8 77 45 8 86 15 8 74 30 4 9 4 69 28 4 24 4 63 9 8 24 29 4 32 4 35 5 12 56 21 8 16 14 8 71 14 8 59 46 12 66 37 4 21 4 99 38 4 22 4 8 4 11 4 59 29 4 24 4 35 4 98 46 8 48 22 8 33 14 4 26 4 92 30 16 29 16 43 26 4 38 4 16 4 7 4 23 48 4 5 4 5 4 17 34 8 6 8 46 10 4 42 4 7 4 45 4 46 22 8 74 11 4 18 4 28 4 17 4 35 29 8 35 6 4 82 32 8 3 24 8 57 37 8 39 13 4 32 4 36 4 56 20 4 5 4 91 19 4 33 4 29 4 71 7 4 8 4 59 10 4 10 4 37 4 31 5 4 30 4 7 41 4 35 4 71 36 16 18 16 12 16 30 27 4 41 4 48 30 4 25 4 19 4 31 37 4 41 4 87 16 16 10 16 49 6 34 14 4 42 4 28 36 16 35 16 58 15 4 12 4 10 4 41 21 4 28 4 31 27 4 26 4 25 4 72 24 4 51 4 5 27 37 4 65 10 43 34 4 40 29 18 4 26 14 16 27 16 105 20 4 35 4 48 4 76 5 29 5 4 13 17 11 4 53 29 4 21 4 22 4 93 40 16 22 16 77 25 4 6 4 43 37 4 20 4 27 4 24 29 4 14 11 22 4 58 30 4 11 4 5 4 15 4 97 27 4 40 4 23 4 33 4 107 22 4 17 4 8 26 16 4 65 37 4 12 4 38 4 57 34 4 14 53 26 4 15 37 4 11 22 5 4 59 15 4 17 4 91 45 30 29 4 9 38 23 4 96 23 4 18 4 63 29 4 16 4 6 4 5 4 67 24 4 10 4 5 4 13 4 87 16 4 38 4 61 28 15 21 4 18 4 83 26 4 15 4 14 4 52 4 13 8 4 25 4 21 4 33 33 4 24 4 30 4 63 39 4 10 4 25 4 5 4 71 44 4 34 4 39 4 11 4 
iteration 984 best: 0.966819 time: 380868
38 7 8 77 45 8 86 15 8 74 30 4 9 4 69 28 4 24 4 63 9 8 24 29 4 32 4 35 5 12 56 21 8 16 14 8 71 14 8 59 46 12 66 37 4 21 4 99 38 4 22 4 8 4 11 4 59 29 4 24 4 35 4 98 46 8 48 22 8 33 14 4 26 4 92 30 16 29 16 43 26 4 38 4 16 4 7 4 23 48 4 5 4 5 4 17 34 8 6 8 46 10 4 42 4 7 4 45 4 46 22 8 74 11 4 18 4 28 4 17 4 35 29 8 35 6 4 82 32 8 3 24 8 57 37 8 39 13 4 32 4 36 4 56 20 4 5 4 91 19 4 33 4 29 4 71 7 4 8 4 59 10 4 10 4 37 4 31 5 4 30 4 7 41 4 35 4 71 36 16 18 16 12 16 30 27 4 41 4 48 30 4 25 4 19 4 31 37 4 41 4 87 16 16 10 16 49 6 34 14 4 42 4 28 36 16 35 16 58 15 4 12 4 10 4 41 21 4 28 4 31 27 4 26 4 25 4 72 24 4 51 4 5 27 37 4 65 10 43 34 4 40 29 18 4 26 14 16 27 16 105 20 4 35 4 48 4 76 5 29 5 4 13 17 11 4 53 29 4 21 4 22 4 93 40 16 22 16 77 25 4 6 4 43 37 4 20 4 27 4 24 29 4 14 11 22 4 58 30 4 11 4 5 4 15 4 97 27 4 40 4 23 4 33 4 107 22 4 17 4 8 26 16 4 65 37 4 12 4 38 4 57 34 4 14 53 26 4 15 37 4 11 22 5 4 59 15 4 17 4 91 45 30 29 4 9 38 23 4 96 23 4 18 4 63 29 4 16 4 6 4 5 4 67 24 4 10 4 5 4 13 4 87 16 4 38 4 61 28 15 21 4 18 4 83 26 4 15 4 14 4 52 4 13 8 4 25 4 21 4 33 33 4 24 4 30 4 63 39 4 10 4 25 4 5 4 71 44 4 34 4 39 4 11 4 
iteration 1003 best: 0.966819 time: 388211
38 7 8 77 45 8 86 15 8 74 30 4 9 4 69 28 4 24 4 63 9 8 24 29 4 32 4 35 5 12 56 21 8 16 14 8 71 14 8 59 46 12 66 37 4 21 4 99 38 4 22 4 8 4 11 4 59 29 4 24 4 35 4 98 46 8 48 22 8 33 14 4 26 4 92 30 16 29 16 43 26 4 38 4 16 4 7 4 23 48 4 5 4 5 4 17 34 8 6 8 46 10 4 42 4 7 4 45 4 46 22 8 74 11 4 18 4 28 4 17 4 35 29 8 35 6 4 82 32 8 3 24 8 57 37 8 39 13 4 32 4 36 4 56 20 4 5 4 91 19 4 33 4 29 4 71 7 4 8 4 59 10 4 10 4 37 4 31 5 4 30 4 7 41 4 35 4 71 36 16 18 16 12 16 30 27 4 41 4 48 30 4 25 4 19 4 31 37 4 41 4 87 16 16 10 16 49 6 34 14 4 42 4 28 36 16 35 16 58 15 4 12 4 10 4 41 21 4 28 4 31 27 4 26 4 25 4 72 24 4 51 4 5 27 37 4 65 10 43 34 4 40 29 18 4 26 14 16 27 16 105 20 4 35 4 48 4 76 5 29 5 4 13 17 11 4 53 29 4 21 4 22 4 93 40 16 22 16 77 25 4 6 4 43 37 4 20 4 27 4 24 29 4 14 11 22 4 58 30 4 11 4 5 4 15 4 97 27 4 40 4 23 4 33 4 107 22 4 17 4 8 26 16 4 65 37 4 12 4 38 4 57 34 4 14 53 26 4 15 37 4 11 22 5 4 59 15 4 17 4 91 45 30 29 4 9 38 23 4 96 23 4 18 4 63 29 4 16 4 6 4 5 4 67 24 4 10 4 5 4 13 4 87 16 4 38 4 61 28 15 21 4 18 4 83 26 4 15 4 14 4 52 4 13 8 4 25 4 21 4 33 33 4 24 4 30 4 63 39 4 10 4 25 4 5 4 71 44 4 34 4 39 4 11 4 
iteration 1022 best: 0.966819 time: 395511
38 7 8 77 45 8 86 15 8 74 30 4 9 4 69 28 4 24 4 63 9 8 24 29 4 32 4 35 5 12 56 21 8 16 14 8 71 14 8 59 46 12 66 37 4 21 4 99 38 4 22 4 8 4 11 4 59 29 4 24 4 35 4 98 46 8 48 22 8 33 14 4 26 4 92 30 16 29 16 43 26 4 38 4 16 4 7 4 23 48 4 5 4 5 4 17 34 8 6 8 46 10 4 42 4 7 4 45 4 46 22 8 74 11 4 18 4 28 4 17 4 35 29 8 35 6 4 82 32 8 3 24 8 57 37 8 39 13 4 32 4 36 4 56 20 4 5 4 91 19 4 33 4 29 4 71 7 4 8 4 59 10 4 10 4 37 4 31 5 4 30 4 7 41 4 35 4 71 36 16 18 16 12 16 30 27 4 41 4 48 30 4 25 4 19 4 31 37 4 41 4 87 16 16 10 16 49 6 34 14 4 42 4 28 36 16 35 16 58 15 4 12 4 10 4 41 21 4 28 4 31 27 4 26 4 25 4 72 24 4 51 4 5 27 37 4 65 10 43 34 4 40 29 18 4 26 14 16 27 16 105 20 4 35 4 48 4 76 5 29 5 4 13 17 11 4 53 29 4 21 4 22 4 93 40 16 22 16 77 25 4 6 4 43 37 4 20 4 27 4 24 29 4 14 11 22 4 58 30 4 11 4 5 4 15 4 97 27 4 40 4 23 4 33 4 107 22 4 17 4 8 26 16 4 65 37 4 12 4 38 4 57 34 4 14 53 26 4 15 37 4 11 22 5 4 59 15 4 17 4 91 45 30 29 4 9 38 23 4 96 23 4 18 4 63 29 4 16 4 6 4 5 4 67 24 4 10 4 5 4 13 4 87 16 4 38 4 61 28 15 21 4 18 4 83 26 4 15 4 14 4 52 4 13 8 4 25 4 21 4 33 33 4 24 4 30 4 63 39 4 10 4 25 4 5 4 71 44 4 34 4 39 4 11 4 
iteration 1041 best: 0.966819 time: 402841
38 7 8 77 45 8 86 15 8 74 30 4 9 4 69 28 4 24 4 63 9 8 24 29 4 32 4 35 5 12 56 21 8 16 14 8 71 14 8 59 46 12 66 37 4 21 4 99 38 4 22 4 8 4 11 4 59 29 4 24 4 35 4 98 46 8 48 22 8 33 14 4 26 4 92 30 16 29 16 43 26 4 38 4 16 4 7 4 23 48 4 5 4 5 4 17 34 8 6 8 46 10 4 42 4 7 4 45 4 46 22 8 74 11 4 18 4 28 4 17 4 35 29 8 35 6 4 82 32 8 3 24 8 57 37 8 39 13 4 32 4 36 4 56 20 4 5 4 91 19 4 33 4 29 4 71 7 4 8 4 59 10 4 10 4 37 4 31 5 4 30 4 7 41 4 35 4 71 36 16 18 16 12 16 30 27 4 41 4 48 30 4 25 4 19 4 31 37 4 41 4 87 16 16 10 16 49 6 34 14 4 42 4 28 36 16 35 16 58 15 4 12 4 10 4 41 21 4 28 4 31 27 4 26 4 25 4 72 24 4 51 4 5 27 37 4 65 10 43 34 4 40 29 18 4 26 14 16 27 16 105 20 4 35 4 48 4 76 5 29 5 4 13 17 11 4 53 29 4 21 4 22 4 93 40 16 22 16 77 25 4 6 4 43 37 4 20 4 27 4 24 29 4 14 11 22 4 58 30 4 11 4 5 4 15 4 97 27 4 40 4 23 4 33 4 107 22 4 17 4 8 26 16 4 65 37 4 12 4 38 4 57 34 4 14 53 26 4 15 37 4 11 22 5 4 59 15 4 17 4 91 45 30 29 4 9 38 23 4 96 23 4 18 4 63 29 4 16 4 6 4 5 4 67 24 4 10 4 5 4 13 4 87 16 4 38 4 61 28 15 21 4 18 4 83 26 4 15 4 14 4 52 4 13 8 4 25 4 21 4 33 33 4 24 4 30 4 63 39 4 10 4 25 4 5 4 71 44 4 34 4 39 4 11 4 
iteration 1060 best: 0.966819 time: 410148
38 7 8 77 45 8 86 15 8 74 30 4 9 4 69 28 4 24 4 63 9 8 24 29 4 32 4 35 5 12 56 21 8 16 14 8 71 14 8 59 46 12 66 37 4 21 4 99 38 4 22 4 8 4 11 4 59 29 4 24 4 35 4 98 46 8 48 22 8 33 14 4 26 4 92 30 16 29 16 43 26 4 38 4 16 4 7 4 23 48 4 5 4 5 4 17 34 8 6 8 46 10 4 42 4 7 4 45 4 46 22 8 74 11 4 18 4 28 4 17 4 35 29 8 35 6 4 82 32 8 3 24 8 57 37 8 39 13 4 32 4 36 4 56 20 4 5 4 91 19 4 33 4 29 4 71 7 4 8 4 59 10 4 10 4 37 4 31 5 4 30 4 7 41 4 35 4 71 36 16 18 16 12 16 30 27 4 41 4 48 30 4 25 4 19 4 31 37 4 41 4 87 16 16 10 16 49 6 34 14 4 42 4 28 36 16 35 16 58 15 4 12 4 10 4 41 21 4 28 4 31 27 4 26 4 25 4 72 24 4 51 4 5 27 37 4 65 10 43 34 4 40 29 18 4 26 14 16 27 16 105 20 4 35 4 48 4 76 5 29 5 4 13 17 11 4 53 29 4 21 4 22 4 93 40 16 22 16 77 25 4 6 4 43 37 4 20 4 27 4 24 29 4 14 11 22 4 58 30 4 11 4 5 4 15 4 97 27 4 40 4 23 4 33 4 107 22 4 17 4 8 26 16 4 65 37 4 12 4 38 4 57 34 4 14 53 26 4 15 37 4 11 22 5 4 59 15 4 17 4 91 45 30 29 4 9 38 23 4 96 23 4 18 4 63 29 4 16 4 6 4 5 4 67 24 4 10 4 5 4 13 4 87 16 4 38 4 61 28 15 21 4 18 4 83 26 4 15 4 14 4 52 4 13 8 4 25 4 21 4 33 33 4 24 4 30 4 63 39 4 10 4 25 4 5 4 71 44 4 34 4 39 4 11 4 
iteration 1079 best: 0.966819 time: 417460
38 7 8 77 45 8 86 15 8 74 30 4 9 4 69 28 4 24 4 63 9 8 24 29 4 32 4 35 5 12 56 21 8 16 14 8 71 14 8 59 46 12 66 37 4 21 4 99 38 4 22 4 8 4 11 4 59 29 4 24 4 35 4 98 46 8 48 22 8 33 14 4 26 4 92 30 16 29 16 43 26 4 38 4 16 4 7 4 23 48 4 5 4 5 4 17 34 8 6 8 46 10 4 42 4 7 4 45 4 46 22 8 74 11 4 18 4 28 4 17 4 35 29 8 35 6 4 82 32 8 3 24 8 57 37 8 39 13 4 32 4 36 4 56 20 4 5 4 91 19 4 33 4 29 4 71 7 4 8 4 59 10 4 10 4 37 4 31 5 4 30 4 7 41 4 35 4 71 36 16 18 16 12 16 30 27 4 41 4 48 30 4 25 4 19 4 31 37 4 41 4 87 16 16 10 16 49 6 34 14 4 42 4 28 36 16 35 16 58 15 4 12 4 10 4 41 21 4 28 4 31 27 4 26 4 25 4 72 24 4 51 4 5 27 37 4 65 10 43 34 4 40 29 18 4 26 14 16 27 16 105 20 4 35 4 48 4 76 5 29 5 4 13 17 11 4 53 29 4 21 4 22 4 93 40 16 22 16 77 25 4 6 4 43 37 4 20 4 27 4 24 29 4 14 11 22 4 58 30 4 11 4 5 4 15 4 97 27 4 40 4 23 4 33 4 107 22 4 17 4 8 26 16 4 65 37 4 12 4 38 4 57 34 4 14 53 26 4 15 37 4 11 22 5 4 59 15 4 17 4 91 45 30 29 4 9 38 23 4 96 23 4 18 4 63 29 4 16 4 6 4 5 4 67 24 4 10 4 5 4 13 4 87 16 4 38 4 61 28 15 21 4 18 4 83 26 4 15 4 14 4 52 4 13 8 4 25 4 21 4 33 33 4 24 4 30 4 63 39 4 10 4 25 4 5 4 71 44 4 34 4 39 4 11 4 
iteration 1098 best: 0.966819 time: 424755
38 7 8 77 45 8 86 15 8 74 30 4 9 4 69 28 4 24 4 63 9 8 24 29 4 32 4 35 5 12 56 21 8 16 14 8 71 14 8 59 46 12 66 37 4 21 4 99 38 4 22 4 8 4 11 4 59 29 4 24 4 35 4 98 46 8 48 22 8 33 14 4 26 4 92 30 16 29 16 43 26 4 38 4 16 4 7 4 23 48 4 5 4 5 4 17 34 8 6 8 46 10 4 42 4 7 4 45 4 46 22 8 74 11 4 18 4 28 4 17 4 35 29 8 35 6 4 82 32 8 3 24 8 57 37 8 39 13 4 32 4 36 4 56 20 4 5 4 91 19 4 33 4 29 4 71 7 4 8 4 59 10 4 10 4 37 4 31 5 4 30 4 7 41 4 35 4 71 36 16 18 16 12 16 30 27 4 41 4 48 30 4 25 4 19 4 31 37 4 41 4 87 16 16 10 16 49 6 34 14 4 42 4 28 36 16 35 16 58 15 4 12 4 10 4 41 21 4 28 4 31 27 4 26 4 25 4 72 24 4 51 4 5 27 37 4 65 10 43 34 4 40 29 18 4 26 14 16 27 16 105 20 4 35 4 48 4 76 5 29 5 4 13 17 11 4 53 29 4 21 4 22 4 93 40 16 22 16 77 25 4 6 4 43 37 4 20 4 27 4 24 29 4 14 11 22 4 58 30 4 11 4 5 4 15 4 97 27 4 40 4 23 4 33 4 107 22 4 17 4 8 26 16 4 65 37 4 12 4 38 4 57 34 4 14 53 26 4 15 37 4 11 22 5 4 59 15 4 17 4 91 45 30 29 4 9 38 23 4 96 23 4 18 4 63 29 4 16 4 6 4 5 4 67 24 4 10 4 5 4 13 4 87 16 4 38 4 61 28 15 21 4 18 4 83 26 4 15 4 14 4 52 4 13 8 4 25 4 21 4 33 33 4 24 4 30 4 63 39 4 10 4 25 4 5 4 71 44 4 34 4 39 4 11 4 
iteration 1117 best: 0.966819 time: 432035
38 7 8 77 45 8 86 15 8 74 30 4 9 4 69 28 4 24 4 63 9 8 24 29 4 32 4 35 5 12 56 21 8 16 14 8 71 14 8 59 46 12 66 37 4 21 4 99 38 4 22 4 8 4 11 4 59 29 4 24 4 35 4 98 46 8 48 22 8 33 14 4 26 4 92 30 16 29 16 43 26 4 38 4 16 4 7 4 23 48 4 5 4 5 4 17 34 8 6 8 46 10 4 42 4 7 4 45 4 46 22 8 74 11 4 18 4 28 4 17 4 35 29 8 35 6 4 82 32 8 3 24 8 57 37 8 39 13 4 32 4 36 4 56 20 4 5 4 91 19 4 33 4 29 4 71 7 4 8 4 59 10 4 10 4 37 4 31 5 4 30 4 7 41 4 35 4 71 36 16 18 16 12 16 30 27 4 41 4 48 30 4 25 4 19 4 31 37 4 41 4 87 16 16 10 16 49 6 34 14 4 42 4 28 36 16 35 16 58 15 4 12 4 10 4 41 21 4 28 4 31 27 4 26 4 25 4 72 24 4 51 4 5 27 37 4 65 10 43 34 4 40 29 18 4 26 14 16 27 16 105 20 4 35 4 48 4 76 5 29 5 4 13 17 11 4 53 29 4 21 4 22 4 93 40 16 22 16 77 25 4 6 4 43 37 4 20 4 27 4 24 29 4 14 11 22 4 58 30 4 11 4 5 4 15 4 97 27 4 40 4 23 4 33 4 107 22 4 17 4 8 26 16 4 65 37 4 12 4 38 4 57 34 4 14 53 26 4 15 37 4 11 22 5 4 59 15 4 17 4 91 45 30 29 4 9 38 23 4 96 23 4 18 4 63 29 4 16 4 6 4 5 4 67 24 4 10 4 5 4 13 4 87 16 4 38 4 61 28 15 21 4 18 4 83 26 4 15 4 14 4 52 4 13 8 4 25 4 21 4 33 33 4 24 4 30 4 63 39 4 10 4 25 4 5 4 71 44 4 34 4 39 4 11 4 
iteration 1136 best: 0.966819 time: 439372
38 7 8 77 45 8 86 15 8 74 30 4 9 4 69 28 4 24 4 63 9 8 24 29 4 32 4 35 5 12 56 21 8 16 14 8 71 14 8 59 46 12 66 37 4 21 4 99 38 4 22 4 8 4 11 4 59 29 4 24 4 35 4 98 46 8 48 22 8 33 14 4 26 4 92 30 16 29 16 43 26 4 38 4 16 4 7 4 23 48 4 5 4 5 4 17 34 8 6 8 46 10 4 42 4 7 4 45 4 46 22 8 74 11 4 18 4 28 4 17 4 35 29 8 35 6 4 82 32 8 3 24 8 57 37 8 39 13 4 32 4 36 4 56 20 4 5 4 91 19 4 33 4 29 4 71 7 4 8 4 59 10 4 10 4 37 4 31 5 4 30 4 7 41 4 35 4 71 36 16 18 16 12 16 30 27 4 41 4 48 30 4 25 4 19 4 31 37 4 41 4 87 16 16 10 16 49 6 34 14 4 42 4 28 36 16 35 16 58 15 4 12 4 10 4 41 21 4 28 4 31 27 4 26 4 25 4 72 24 4 51 4 5 27 37 4 65 10 43 34 4 40 29 18 4 26 14 16 27 16 105 20 4 35 4 48 4 76 5 29 5 4 13 17 11 4 53 29 4 21 4 22 4 93 40 16 22 16 77 25 4 6 4 43 37 4 20 4 27 4 24 29 4 14 11 22 4 58 30 4 11 4 5 4 15 4 97 27 4 40 4 23 4 33 4 107 22 4 17 4 8 26 16 4 65 37 4 12 4 38 4 57 34 4 14 53 26 4 15 37 4 11 22 5 4 59 15 4 17 4 91 45 30 29 4 9 38 23 4 96 23 4 18 4 63 29 4 16 4 6 4 5 4 67 24 4 10 4 5 4 13 4 87 16 4 38 4 61 28 15 21 4 18 4 83 26 4 15 4 14 4 52 4 13 8 4 25 4 21 4 33 33 4 24 4 30 4 63 39 4 10 4 25 4 5 4 71 44 4 34 4 39 4 11 4 
iteration 1155 best: 0.966819 time: 446665
38 7 8 77 45 8 86 15 8 74 30 4 9 4 69 28 4 24 4 63 9 8 24 29 4 32 4 35 5 12 56 21 8 16 14 8 71 14 8 59 46 12 66 37 4 21 4 99 38 4 22 4 8 4 11 4 59 29 4 24 4 35 4 98 46 8 48 22 8 33 14 4 26 4 92 30 16 29 16 43 26 4 38 4 16 4 7 4 23 48 4 5 4 5 4 17 34 8 6 8 46 10 4 42 4 7 4 45 4 46 22 8 74 11 4 18 4 28 4 17 4 35 29 8 35 6 4 82 32 8 3 24 8 57 37 8 39 13 4 32 4 36 4 56 20 4 5 4 91 19 4 33 4 29 4 71 7 4 8 4 59 10 4 10 4 37 4 31 5 4 30 4 7 41 4 35 4 71 36 16 18 16 12 16 30 27 4 41 4 48 30 4 25 4 19 4 31 37 4 41 4 87 16 16 10 16 49 6 34 14 4 42 4 28 36 16 35 16 58 15 4 12 4 10 4 41 21 4 28 4 31 27 4 26 4 25 4 72 24 4 51 4 5 27 37 4 65 10 43 34 4 40 29 18 4 26 14 16 27 16 105 20 4 35 4 48 4 76 5 29 5 4 13 17 11 4 53 29 4 21 4 22 4 93 40 16 22 16 77 25 4 6 4 43 37 4 20 4 27 4 24 29 4 14 11 22 4 58 30 4 11 4 5 4 15 4 97 27 4 40 4 23 4 33 4 107 22 4 17 4 8 26 16 4 65 37 4 12 4 38 4 57 34 4 14 53 26 4 15 37 4 11 22 5 4 59 15 4 17 4 91 45 30 29 4 9 38 23 4 96 23 4 18 4 63 29 4 16 4 6 4 5 4 67 24 4 10 4 5 4 13 4 87 16 4 38 4 61 28 15 21 4 18 4 83 26 4 15 4 14 4 52 4 13 8 4 25 4 21 4 33 33 4 24 4 30 4 63 39 4 10 4 25 4 5 4 71 44 4 34 4 39 4 11 4 
iteration 1174 best: 0.966819 time: 454002
38 7 8 77 45 8 86 15 8 74 30 4 9 4 69 28 4 24 4 63 9 8 24 29 4 32 4 35 5 12 56 21 8 16 14 8 71 14 8 59 46 12 66 37 4 21 4 99 38 4 22 4 8 4 11 4 59 29 4 24 4 35 4 98 46 8 48 22 8 33 14 4 26 4 92 30 16 29 16 43 26 4 38 4 16 4 7 4 23 48 4 5 4 5 4 17 34 8 6 8 46 10 4 42 4 7 4 45 4 46 22 8 74 11 4 18 4 28 4 17 4 35 29 8 35 6 4 82 32 8 3 24 8 57 37 8 39 13 4 32 4 36 4 56 20 4 5 4 91 19 4 33 4 29 4 71 7 4 8 4 59 10 4 10 4 37 4 31 5 4 30 4 7 41 4 35 4 71 36 16 18 16 12 16 30 27 4 41 4 48 30 4 25 4 19 4 31 37 4 41 4 87 16 16 10 16 49 6 34 14 4 42 4 28 36 16 35 16 58 15 4 12 4 10 4 41 21 4 28 4 31 27 4 26 4 25 4 72 24 4 51 4 5 27 37 4 65 10 43 34 4 40 29 18 4 26 14 16 27 16 105 20 4 35 4 48 4 76 5 29 5 4 13 17 11 4 53 29 4 21 4 22 4 93 40 16 22 16 77 25 4 6 4 43 37 4 20 4 27 4 24 29 4 14 11 22 4 58 30 4 11 4 5 4 15 4 97 27 4 40 4 23 4 33 4 107 22 4 17 4 8 26 16 4 65 37 4 12 4 38 4 57 34 4 14 53 26 4 15 37 4 11 22 5 4 59 15 4 17 4 91 45 30 29 4 9 38 23 4 96 23 4 18 4 63 29 4 16 4 6 4 5 4 67 24 4 10 4 5 4 13 4 87 16 4 38 4 61 28 15 21 4 18 4 83 26 4 15 4 14 4 52 4 13 8 4 25 4 21 4 33 33 4 24 4 30 4 63 39 4 10 4 25 4 5 4 71 44 4 34 4 39 4 11 4 
iteration 1193 best: 0.966819 time: 461286
38 7 8 77 45 8 86 15 8 74 30 4 9 4 69 28 4 24 4 63 9 8 24 29 4 32 4 35 5 12 56 21 8 16 14 8 71 14 8 59 46 12 66 37 4 21 4 99 38 4 22 4 8 4 11 4 59 29 4 24 4 35 4 98 46 8 48 22 8 33 14 4 26 4 92 30 16 29 16 43 26 4 38 4 16 4 7 4 23 48 4 5 4 5 4 17 34 8 6 8 46 10 4 42 4 7 4 45 4 46 22 8 74 11 4 18 4 28 4 17 4 35 29 8 35 6 4 82 32 8 3 24 8 57 37 8 39 13 4 32 4 36 4 56 20 4 5 4 91 19 4 33 4 29 4 71 7 4 8 4 59 10 4 10 4 37 4 31 5 4 30 4 7 41 4 35 4 71 36 16 18 16 12 16 30 27 4 41 4 48 30 4 25 4 19 4 31 37 4 41 4 87 16 16 10 16 49 6 34 14 4 42 4 28 36 16 35 16 58 15 4 12 4 10 4 41 21 4 28 4 31 27 4 26 4 25 4 72 24 4 51 4 5 27 37 4 65 10 43 34 4 40 29 18 4 26 14 16 27 16 105 20 4 35 4 48 4 76 5 29 5 4 13 17 11 4 53 29 4 21 4 22 4 93 40 16 22 16 77 25 4 6 4 43 37 4 20 4 27 4 24 29 4 14 11 22 4 58 30 4 11 4 5 4 15 4 97 27 4 40 4 23 4 33 4 107 22 4 17 4 8 26 16 4 65 37 4 12 4 38 4 57 34 4 14 53 26 4 15 37 4 11 22 5 4 59 15 4 17 4 91 45 30 29 4 9 38 23 4 96 23 4 18 4 63 29 4 16 4 6 4 5 4 67 24 4 10 4 5 4 13 4 87 16 4 38 4 61 28 15 21 4 18 4 83 26 4 15 4 14 4 52 4 13 8 4 25 4 21 4 33 33 4 24 4 30 4 63 39 4 10 4 25 4 5 4 71 44 4 34 4 39 4 11 4 
iteration 1212 best: 0.966819 time: 468608
38 7 8 77 45 8 86 15 8 74 30 4 9 4 69 28 4 24 4 63 9 8 24 29 4 32 4 35 5 12 56 21 8 16 14 8 71 14 8 59 46 12 66 37 4 21 4 99 38 4 22 4 8 4 11 4 59 29 4 24 4 35 4 98 46 8 48 22 8 33 14 4 26 4 92 30 16 29 16 43 26 4 38 4 16 4 7 4 23 48 4 5 4 5 4 17 34 8 6 8 46 10 4 42 4 7 4 45 4 46 22 8 74 11 4 18 4 28 4 17 4 35 29 8 35 6 4 82 32 8 3 24 8 57 37 8 39 13 4 32 4 36 4 56 20 4 5 4 91 19 4 33 4 29 4 71 7 4 8 4 59 10 4 10 4 37 4 31 5 4 30 4 7 41 4 35 4 71 36 16 18 16 12 16 30 27 4 41 4 48 30 4 25 4 19 4 31 37 4 41 4 87 16 16 10 16 49 6 34 14 4 42 4 28 36 16 35 16 58 15 4 12 4 10 4 41 21 4 28 4 31 27 4 26 4 25 4 72 24 4 51 4 5 27 37 4 65 10 43 34 4 40 29 18 4 26 14 16 27 16 105 20 4 35 4 48 4 76 5 29 5 4 13 17 11 4 53 29 4 21 4 22 4 93 40 16 22 16 77 25 4 6 4 43 37 4 20 4 27 4 24 29 4 14 11 22 4 58 30 4 11 4 5 4 15 4 97 27 4 40 4 23 4 33 4 107 22 4 17 4 8 26 16 4 65 37 4 12 4 38 4 57 34 4 14 53 26 4 15 37 4 11 22 5 4 59 15 4 17 4 91 45 30 29 4 9 38 23 4 96 23 4 18 4 63 29 4 16 4 6 4 5 4 67 24 4 10 4 5 4 13 4 87 16 4 38 4 61 28 15 21 4 18 4 83 26 4 15 4 14 4 52 4 13 8 4 25 4 21 4 33 33 4 24 4 30 4 63 39 4 10 4 25 4 5 4 71 44 4 34 4 39 4 11 4 
iteration 1231 best: 0.966819 time: 475916
38 7 8 77 45 8 86 15 8 74 30 4 9 4 69 28 4 24 4 63 9 8 24 29 4 32 4 35 5 12 56 21 8 16 14 8 71 14 8 59 46 12 66 37 4 21 4 99 38 4 22 4 8 4 11 4 59 29 4 24 4 35 4 98 46 8 48 22 8 33 14 4 26 4 92 30 16 29 16 43 26 4 38 4 16 4 7 4 23 48 4 5 4 5 4 17 34 8 6 8 46 10 4 42 4 7 4 45 4 46 22 8 74 11 4 18 4 28 4 17 4 35 29 8 35 6 4 82 32 8 3 24 8 57 37 8 39 13 4 32 4 36 4 56 20 4 5 4 91 19 4 33 4 29 4 71 7 4 8 4 59 10 4 10 4 37 4 31 5 4 30 4 7 41 4 35 4 71 36 16 18 16 12 16 30 27 4 41 4 48 30 4 25 4 19 4 31 37 4 41 4 87 16 16 10 16 49 6 34 14 4 42 4 28 36 16 35 16 58 15 4 12 4 10 4 41 21 4 28 4 31 27 4 26 4 25 4 72 24 4 51 4 5 27 37 4 65 10 43 34 4 40 29 18 4 26 14 16 27 16 105 20 4 35 4 48 4 76 5 29 5 4 13 17 11 4 53 29 4 21 4 22 4 93 40 16 22 16 77 25 4 6 4 43 37 4 20 4 27 4 24 29 4 14 11 22 4 58 30 4 11 4 5 4 15 4 97 27 4 40 4 23 4 33 4 107 22 4 17 4 8 26 16 4 65 37 4 12 4 38 4 57 34 4 14 53 26 4 15 37 4 11 22 5 4 59 15 4 17 4 91 45 30 29 4 9 38 23 4 96 23 4 18 4 63 29 4 16 4 6 4 5 4 67 24 4 10 4 5 4 13 4 87 16 4 38 4 61 28 15 21 4 18 4 83 26 4 15 4 14 4 52 4 13 8 4 25 4 21 4 33 33 4 24 4 30 4 63 39 4 10 4 25 4 5 4 71 44 4 34 4 39 4 11 4 
iteration 1250 best: 0.966819 time: 483236
38 7 8 77 45 8 86 15 8 74 30 4 9 4 69 28 4 24 4 63 9 8 24 29 4 32 4 35 5 12 56 21 8 16 14 8 71 14 8 59 46 12 66 37 4 21 4 99 38 4 22 4 8 4 11 4 59 29 4 24 4 35 4 98 46 8 48 22 8 33 14 4 26 4 92 30 16 29 16 43 26 4 38 4 16 4 7 4 23 48 4 5 4 5 4 17 34 8 6 8 46 10 4 42 4 7 4 45 4 46 22 8 74 11 4 18 4 28 4 17 4 35 29 8 35 6 4 82 32 8 3 24 8 57 37 8 39 13 4 32 4 36 4 56 20 4 5 4 91 19 4 33 4 29 4 71 7 4 8 4 59 10 4 10 4 37 4 31 5 4 30 4 7 41 4 35 4 71 36 16 18 16 12 16 30 27 4 41 4 48 30 4 25 4 19 4 31 37 4 41 4 87 16 16 10 16 49 6 34 14 4 42 4 28 36 16 35 16 58 15 4 12 4 10 4 41 21 4 28 4 31 27 4 26 4 25 4 72 24 4 51 4 5 27 37 4 65 10 43 34 4 40 29 18 4 26 14 16 27 16 105 20 4 35 4 48 4 76 5 29 5 4 13 17 11 4 53 29 4 21 4 22 4 93 40 16 22 16 77 25 4 6 4 43 37 4 20 4 27 4 24 29 4 14 11 22 4 58 30 4 11 4 5 4 15 4 97 27 4 40 4 23 4 33 4 107 22 4 17 4 8 26 16 4 65 37 4 12 4 38 4 57 34 4 14 53 26 4 15 37 4 11 22 5 4 59 15 4 17 4 91 45 30 29 4 9 38 23 4 96 23 4 18 4 63 29 4 16 4 6 4 5 4 67 24 4 10 4 5 4 13 4 87 16 4 38 4 61 28 15 21 4 18 4 83 26 4 15 4 14 4 52 4 13 8 4 25 4 21 4 33 33 4 24 4 30 4 63 39 4 10 4 25 4 5 4 71 44 4 34 4 39 4 11 4 
iteration 1269 best: 0.966819 time: 490586
38 7 8 77 45 8 86 15 8 74 30 4 9 4 69 28 4 24 4 63 9 8 24 29 4 32 4 35 5 12 56 21 8 16 14 8 71 14 8 59 46 12 66 37 4 21 4 99 38 4 22 4 8 4 11 4 59 29 4 24 4 35 4 98 46 8 48 22 8 33 14 4 26 4 92 30 16 29 16 43 26 4 38 4 16 4 7 4 23 48 4 5 4 5 4 17 34 8 6 8 46 10 4 42 4 7 4 45 4 46 22 8 74 11 4 18 4 28 4 17 4 35 29 8 35 6 4 82 32 8 3 24 8 57 37 8 39 13 4 32 4 36 4 56 20 4 5 4 91 19 4 33 4 29 4 71 7 4 8 4 59 10 4 10 4 37 4 31 5 4 30 4 7 41 4 35 4 71 36 16 18 16 12 16 30 27 4 41 4 48 30 4 25 4 19 4 31 37 4 41 4 87 16 16 10 16 49 6 34 14 4 42 4 28 36 16 35 16 58 15 4 12 4 10 4 41 21 4 28 4 31 27 4 26 4 25 4 72 24 4 51 4 5 27 37 4 65 10 43 34 4 40 29 18 4 26 14 16 27 16 105 20 4 35 4 48 4 76 5 29 5 4 13 17 11 4 53 29 4 21 4 22 4 93 40 16 22 16 77 25 4 6 4 43 37 4 20 4 27 4 24 29 4 14 11 22 4 58 30 4 11 4 5 4 15 4 97 27 4 40 4 23 4 33 4 107 22 4 17 4 8 26 16 4 65 37 4 12 4 38 4 57 34 4 14 53 26 4 15 37 4 11 22 5 4 59 15 4 17 4 91 45 30 29 4 9 38 23 4 96 23 4 18 4 63 29 4 16 4 6 4 5 4 67 24 4 10 4 5 4 13 4 87 16 4 38 4 61 28 15 21 4 18 4 83 26 4 15 4 14 4 52 4 13 8 4 25 4 21 4 33 33 4 24 4 30 4 63 39 4 10 4 25 4 5 4 71 44 4 34 4 39 4 11 4 
iteration 1288 best: 0.966819 time: 497896
38 7 8 77 45 8 86 15 8 74 30 4 9 4 69 28 4 24 4 63 9 8 24 29 4 32 4 35 5 12 56 21 8 16 14 8 71 14 8 59 46 12 66 37 4 21 4 99 38 4 22 4 8 4 11 4 59 29 4 24 4 35 4 98 46 8 48 22 8 33 14 4 26 4 92 30 16 29 16 43 26 4 38 4 16 4 7 4 23 48 4 5 4 5 4 17 34 8 6 8 46 10 4 42 4 7 4 45 4 46 22 8 74 11 4 18 4 28 4 17 4 35 29 8 35 6 4 82 32 8 3 24 8 57 37 8 39 13 4 32 4 36 4 56 20 4 5 4 91 19 4 33 4 29 4 71 7 4 8 4 59 10 4 10 4 37 4 31 5 4 30 4 7 41 4 35 4 71 36 16 18 16 12 16 30 27 4 41 4 48 30 4 25 4 19 4 31 37 4 41 4 87 16 16 10 16 49 6 34 14 4 42 4 28 36 16 35 16 58 15 4 12 4 10 4 41 21 4 28 4 31 27 4 26 4 25 4 72 24 4 51 4 5 27 37 4 65 10 43 34 4 40 29 18 4 26 14 16 27 16 105 20 4 35 4 48 4 76 5 29 5 4 13 17 11 4 53 29 4 21 4 22 4 93 40 16 22 16 77 25 4 6 4 43 37 4 20 4 27 4 24 29 4 14 11 22 4 58 30 4 11 4 5 4 15 4 97 27 4 40 4 23 4 33 4 107 22 4 17 4 8 26 16 4 65 37 4 12 4 38 4 57 34 4 14 53 26 4 15 37 4 11 22 5 4 59 15 4 17 4 91 45 30 29 4 9 38 23 4 96 23 4 18 4 63 29 4 16 4 6 4 5 4 67 24 4 10 4 5 4 13 4 87 16 4 38 4 61 28 15 21 4 18 4 83 26 4 15 4 14 4 52 4 13 8 4 25 4 21 4 33 33 4 24 4 30 4 63 39 4 10 4 25 4 5 4 71 44 4 34 4 39 4 11 4 
iteration 1307 best: 0.966819 time: 505169
38 7 8 77 45 8 86 15 8 74 30 4 9 4 69 28 4 24 4 63 9 8 24 29 4 32 4 35 5 12 56 21 8 16 14 8 71 14 8 59 46 12 66 37 4 21 4 99 38 4 22 4 8 4 11 4 59 29 4 24 4 35 4 98 46 8 48 22 8 33 14 4 26 4 92 30 16 29 16 43 26 4 38 4 16 4 7 4 23 48 4 5 4 5 4 17 34 8 6 8 46 10 4 42 4 7 4 45 4 46 22 8 74 11 4 18 4 28 4 17 4 35 29 8 35 6 4 82 32 8 3 24 8 57 37 8 39 13 4 32 4 36 4 56 20 4 5 4 91 19 4 33 4 29 4 71 7 4 8 4 59 10 4 10 4 37 4 31 5 4 30 4 7 41 4 35 4 71 36 16 18 16 12 16 30 27 4 41 4 48 30 4 25 4 19 4 31 37 4 41 4 87 16 16 10 16 49 6 34 14 4 42 4 28 36 16 35 16 58 15 4 12 4 10 4 41 21 4 28 4 31 27 4 26 4 25 4 72 24 4 51 4 5 27 37 4 65 10 43 34 4 40 29 18 4 26 14 16 27 16 105 20 4 35 4 48 4 76 5 29 5 4 13 17 11 4 53 29 4 21 4 22 4 93 40 16 22 16 77 25 4 6 4 43 37 4 20 4 27 4 24 29 4 14 11 22 4 58 30 4 11 4 5 4 15 4 97 27 4 40 4 23 4 33 4 107 22 4 17 4 8 26 16 4 65 37 4 12 4 38 4 57 34 4 14 53 26 4 15 37 4 11 22 5 4 59 15 4 17 4 91 45 30 29 4 9 38 23 4 96 23 4 18 4 63 29 4 16 4 6 4 5 4 67 24 4 10 4 5 4 13 4 87 16 4 38 4 61 28 15 21 4 18 4 83 26 4 15 4 14 4 52 4 13 8 4 25 4 21 4 33 33 4 24 4 30 4 63 39 4 10 4 25 4 5 4 71 44 4 34 4 39 4 11 4 
iteration 1326 best: 0.966819 time: 512470
38 7 8 77 45 8 86 15 8 74 30 4 9 4 69 28 4 24 4 63 9 8 24 29 4 32 4 35 5 12 56 21 8 16 14 8 71 14 8 59 46 12 66 37 4 21 4 99 38 4 22 4 8 4 11 4 59 29 4 24 4 35 4 98 46 8 48 22 8 33 14 4 26 4 92 30 16 29 16 43 26 4 38 4 16 4 7 4 23 48 4 5 4 5 4 17 34 8 6 8 46 10 4 42 4 7 4 45 4 46 22 8 74 11 4 18 4 28 4 17 4 35 29 8 35 6 4 82 32 8 3 24 8 57 37 8 39 13 4 32 4 36 4 56 20 4 5 4 91 19 4 33 4 29 4 71 7 4 8 4 59 10 4 10 4 37 4 31 5 4 30 4 7 41 4 35 4 71 36 16 18 16 12 16 30 27 4 41 4 48 30 4 25 4 19 4 31 37 4 41 4 87 16 16 10 16 49 6 34 14 4 42 4 28 36 16 35 16 58 15 4 12 4 10 4 41 21 4 28 4 31 27 4 26 4 25 4 72 24 4 51 4 5 27 37 4 65 10 43 34 4 40 29 18 4 26 14 16 27 16 105 20 4 35 4 48 4 76 5 29 5 4 13 17 11 4 53 29 4 21 4 22 4 93 40 16 22 16 77 25 4 6 4 43 37 4 20 4 27 4 24 29 4 14 11 22 4 58 30 4 11 4 5 4 15 4 97 27 4 40 4 23 4 33 4 107 22 4 17 4 8 26 16 4 65 37 4 12 4 38 4 57 34 4 14 53 26 4 15 37 4 11 22 5 4 59 15 4 17 4 91 45 30 29 4 9 38 23 4 96 23 4 18 4 63 29 4 16 4 6 4 5 4 67 24 4 10 4 5 4 13 4 87 16 4 38 4 61 28 15 21 4 18 4 83 26 4 15 4 14 4 52 4 13 8 4 25 4 21 4 33 33 4 24 4 30 4 63 39 4 10 4 25 4 5 4 71 44 4 34 4 39 4 11 4 
iteration 1345 best: 0.966819 time: 519796
38 7 8 77 45 8 86 15 8 74 30 4 9 4 69 28 4 24 4 63 9 8 24 29 4 32 4 35 5 12 56 21 8 16 14 8 71 14 8 59 46 12 66 37 4 21 4 99 38 4 22 4 8 4 11 4 59 29 4 24 4 35 4 98 46 8 48 22 8 33 14 4 26 4 92 30 16 29 16 43 26 4 38 4 16 4 7 4 23 48 4 5 4 5 4 17 34 8 6 8 46 10 4 42 4 7 4 45 4 46 22 8 74 11 4 18 4 28 4 17 4 35 29 8 35 6 4 82 32 8 3 24 8 57 37 8 39 13 4 32 4 36 4 56 20 4 5 4 91 19 4 33 4 29 4 71 7 4 8 4 59 10 4 10 4 37 4 31 5 4 30 4 7 41 4 35 4 71 36 16 18 16 12 16 30 27 4 41 4 48 30 4 25 4 19 4 31 37 4 41 4 87 16 16 10 16 49 6 34 14 4 42 4 28 36 16 35 16 58 15 4 12 4 10 4 41 21 4 28 4 31 27 4 26 4 25 4 72 24 4 51 4 5 27 37 4 65 10 43 34 4 40 29 18 4 26 14 16 27 16 105 20 4 35 4 48 4 76 5 29 5 4 13 17 11 4 53 29 4 21 4 22 4 93 40 16 22 16 77 25 4 6 4 43 37 4 20 4 27 4 24 29 4 14 11 22 4 58 30 4 11 4 5 4 15 4 97 27 4 40 4 23 4 33 4 107 22 4 17 4 8 26 16 4 65 37 4 12 4 38 4 57 34 4 14 53 26 4 15 37 4 11 22 5 4 59 15 4 17 4 91 45 30 29 4 9 38 23 4 96 23 4 18 4 63 29 4 16 4 6 4 5 4 67 24 4 10 4 5 4 13 4 87 16 4 38 4 61 28 15 21 4 18 4 83 26 4 15 4 14 4 52 4 13 8 4 25 4 21 4 33 33 4 24 4 30 4 63 39 4 10 4 25 4 5 4 71 44 4 34 4 39 4 11 4 
iteration 1364 best: 0.966819 time: 527113
38 7 8 77 45 8 86 15 8 74 30 4 9 4 69 28 4 24 4 63 9 8 24 29 4 32 4 35 5 12 56 21 8 16 14 8 71 14 8 59 46 12 66 37 4 21 4 99 38 4 22 4 8 4 11 4 59 29 4 24 4 35 4 98 46 8 48 22 8 33 14 4 26 4 92 30 16 29 16 43 26 4 38 4 16 4 7 4 23 48 4 5 4 5 4 17 34 8 6 8 46 10 4 42 4 7 4 45 4 46 22 8 74 11 4 18 4 28 4 17 4 35 29 8 35 6 4 82 32 8 3 24 8 57 37 8 39 13 4 32 4 36 4 56 20 4 5 4 91 19 4 33 4 29 4 71 7 4 8 4 59 10 4 10 4 37 4 31 5 4 30 4 7 41 4 35 4 71 36 16 18 16 12 16 30 27 4 41 4 48 30 4 25 4 19 4 31 37 4 41 4 87 16 16 10 16 49 6 34 14 4 42 4 28 36 16 35 16 58 15 4 12 4 10 4 41 21 4 28 4 31 27 4 26 4 25 4 72 24 4 51 4 5 27 37 4 65 10 43 34 4 40 29 18 4 26 14 16 27 16 105 20 4 35 4 48 4 76 5 29 5 4 13 17 11 4 53 29 4 21 4 22 4 93 40 16 22 16 77 25 4 6 4 43 37 4 20 4 27 4 24 29 4 14 11 22 4 58 30 4 11 4 5 4 15 4 97 27 4 40 4 23 4 33 4 107 22 4 17 4 8 26 16 4 65 37 4 12 4 38 4 57 34 4 14 53 26 4 15 37 4 11 22 5 4 59 15 4 17 4 91 45 30 29 4 9 38 23 4 96 23 4 18 4 63 29 4 16 4 6 4 5 4 67 24 4 10 4 5 4 13 4 87 16 4 38 4 61 28 15 21 4 18 4 83 26 4 15 4 14 4 52 4 13 8 4 25 4 21 4 33 33 4 24 4 30 4 63 39 4 10 4 25 4 5 4 71 44 4 34 4 39 4 11 4 
iteration 1383 best: 0.966819 time: 534450
38 7 8 77 45 8 86 15 8 74 30 4 9 4 69 28 4 24 4 63 9 8 24 29 4 32 4 35 5 12 56 21 8 16 14 8 71 14 8 59 46 12 66 37 4 21 4 99 38 4 22 4 8 4 11 4 59 29 4 24 4 35 4 98 46 8 48 22 8 33 14 4 26 4 92 30 16 29 16 43 26 4 38 4 16 4 7 4 23 48 4 5 4 5 4 17 34 8 6 8 46 10 4 42 4 7 4 45 4 46 22 8 74 11 4 18 4 28 4 17 4 35 29 8 35 6 4 82 32 8 3 24 8 57 37 8 39 13 4 32 4 36 4 56 20 4 5 4 91 19 4 33 4 29 4 71 7 4 8 4 59 10 4 10 4 37 4 31 5 4 30 4 7 41 4 35 4 71 36 16 18 16 12 16 30 27 4 41 4 48 30 4 25 4 19 4 31 37 4 41 4 87 16 16 10 16 49 6 34 14 4 42 4 28 36 16 35 16 58 15 4 12 4 10 4 41 21 4 28 4 31 27 4 26 4 25 4 72 24 4 51 4 5 27 37 4 65 10 43 34 4 40 29 18 4 26 14 16 27 16 105 20 4 35 4 48 4 76 5 29 5 4 13 17 11 4 53 29 4 21 4 22 4 93 40 16 22 16 77 25 4 6 4 43 37 4 20 4 27 4 24 29 4 14 11 22 4 58 30 4 11 4 5 4 15 4 97 27 4 40 4 23 4 33 4 107 22 4 17 4 8 26 16 4 65 37 4 12 4 38 4 57 34 4 14 53 26 4 15 37 4 11 22 5 4 59 15 4 17 4 91 45 30 29 4 9 38 23 4 96 23 4 18 4 63 29 4 16 4 6 4 5 4 67 24 4 10 4 5 4 13 4 87 16 4 38 4 61 28 15 21 4 18 4 83 26 4 15 4 14 4 52 4 13 8 4 25 4 21 4 33 33 4 24 4 30 4 63 39 4 10 4 25 4 5 4 71 44 4 34 4 39 4 11 4 
iteration 1402 best: 0.966819 time: 541769
38 7 8 77 45 8 86 15 8 74 30 4 9 4 69 28 4 24 4 63 9 8 24 29 4 32 4 35 5 12 56 21 8 16 14 8 71 14 8 59 46 12 66 37 4 21 4 99 38 4 22 4 8 4 11 4 59 29 4 24 4 35 4 98 46 8 48 22 8 33 14 4 26 4 92 30 16 29 16 43 26 4 38 4 16 4 7 4 23 48 4 5 4 5 4 17 34 8 6 8 46 10 4 42 4 7 4 45 4 46 22 8 74 11 4 18 4 28 4 17 4 35 29 8 35 6 4 82 32 8 3 24 8 57 37 8 39 13 4 32 4 36 4 56 20 4 5 4 91 19 4 33 4 29 4 71 7 4 8 4 59 10 4 10 4 37 4 31 5 4 30 4 7 41 4 35 4 71 36 16 18 16 12 16 30 27 4 41 4 48 30 4 25 4 19 4 31 37 4 41 4 87 16 16 10 16 49 6 34 14 4 42 4 28 36 16 35 16 58 15 4 12 4 10 4 41 21 4 28 4 31 27 4 26 4 25 4 72 24 4 51 4 5 27 37 4 65 10 43 34 4 40 29 18 4 26 14 16 27 16 105 20 4 35 4 48 4 76 5 29 5 4 13 17 11 4 53 29 4 21 4 22 4 93 40 16 22 16 77 25 4 6 4 43 37 4 20 4 27 4 24 29 4 14 11 22 4 58 30 4 11 4 5 4 15 4 97 27 4 40 4 23 4 33 4 107 22 4 17 4 8 26 16 4 65 37 4 12 4 38 4 57 34 4 14 53 26 4 15 37 4 11 22 5 4 59 15 4 17 4 91 45 30 29 4 9 38 23 4 96 23 4 18 4 63 29 4 16 4 6 4 5 4 67 24 4 10 4 5 4 13 4 87 16 4 38 4 61 28 15 21 4 18 4 83 26 4 15 4 14 4 52 4 13 8 4 25 4 21 4 33 33 4 24 4 30 4 63 39 4 10 4 25 4 5 4 71 44 4 34 4 39 4 11 4 
iteration 1421 best: 0.966819 time: 549097
38 7 8 77 45 8 86 15 8 74 30 4 9 4 69 28 4 24 4 63 9 8 24 29 4 32 4 35 5 12 56 21 8 16 14 8 71 14 8 59 46 12 66 37 4 21 4 99 38 4 22 4 8 4 11 4 59 29 4 24 4 35 4 98 46 8 48 22 8 33 14 4 26 4 92 30 16 29 16 43 26 4 38 4 16 4 7 4 23 48 4 5 4 5 4 17 34 8 6 8 46 10 4 42 4 7 4 45 4 46 22 8 74 11 4 18 4 28 4 17 4 35 29 8 35 6 4 82 32 8 3 24 8 57 37 8 39 13 4 32 4 36 4 56 20 4 5 4 91 19 4 33 4 29 4 71 7 4 8 4 59 10 4 10 4 37 4 31 5 4 30 4 7 41 4 35 4 71 36 16 18 16 12 16 30 27 4 41 4 48 30 4 25 4 19 4 31 37 4 41 4 87 16 16 10 16 49 6 34 14 4 42 4 28 36 16 35 16 58 15 4 12 4 10 4 41 21 4 28 4 31 27 4 26 4 25 4 72 24 4 51 4 5 27 37 4 65 10 43 34 4 40 29 18 4 26 14 16 27 16 105 20 4 35 4 48 4 76 5 29 5 4 13 17 11 4 53 29 4 21 4 22 4 93 40 16 22 16 77 25 4 6 4 43 37 4 20 4 27 4 24 29 4 14 11 22 4 58 30 4 11 4 5 4 15 4 97 27 4 40 4 23 4 33 4 107 22 4 17 4 8 26 16 4 65 37 4 12 4 38 4 57 34 4 14 53 26 4 15 37 4 11 22 5 4 59 15 4 17 4 91 45 30 29 4 9 38 23 4 96 23 4 18 4 63 29 4 16 4 6 4 5 4 67 24 4 10 4 5 4 13 4 87 16 4 38 4 61 28 15 21 4 18 4 83 26 4 15 4 14 4 52 4 13 8 4 25 4 21 4 33 33 4 24 4 30 4 63 39 4 10 4 25 4 5 4 71 44 4 34 4 39 4 11 4 
iteration 1440 best: 0.966819 time: 556422
38 7 8 77 45 8 86 15 8 74 30 4 9 4 69 28 4 24 4 63 9 8 24 29 4 32 4 35 5 12 56 21 8 16 14 8 71 14 8 59 46 12 66 37 4 21 4 99 38 4 22 4 8 4 11 4 59 29 4 24 4 35 4 98 46 8 48 22 8 33 14 4 26 4 92 30 16 29 16 43 26 4 38 4 16 4 7 4 23 48 4 5 4 5 4 17 34 8 6 8 46 10 4 42 4 7 4 45 4 46 22 8 74 11 4 18 4 28 4 17 4 35 29 8 35 6 4 82 32 8 3 24 8 57 37 8 39 13 4 32 4 36 4 56 20 4 5 4 91 19 4 33 4 29 4 71 7 4 8 4 59 10 4 10 4 37 4 31 5 4 30 4 7 41 4 35 4 71 36 16 18 16 12 16 30 27 4 41 4 48 30 4 25 4 19 4 31 37 4 41 4 87 16 16 10 16 49 6 34 14 4 42 4 28 36 16 35 16 58 15 4 12 4 10 4 41 21 4 28 4 31 27 4 26 4 25 4 72 24 4 51 4 5 27 37 4 65 10 43 34 4 40 29 18 4 26 14 16 27 16 105 20 4 35 4 48 4 76 5 29 5 4 13 17 11 4 53 29 4 21 4 22 4 93 40 16 22 16 77 25 4 6 4 43 37 4 20 4 27 4 24 29 4 14 11 22 4 58 30 4 11 4 5 4 15 4 97 27 4 40 4 23 4 33 4 107 22 4 17 4 8 26 16 4 65 37 4 12 4 38 4 57 34 4 14 53 26 4 15 37 4 11 22 5 4 59 15 4 17 4 91 45 30 29 4 9 38 23 4 96 23 4 18 4 63 29 4 16 4 6 4 5 4 67 24 4 10 4 5 4 13 4 87 16 4 38 4 61 28 15 21 4 18 4 83 26 4 15 4 14 4 52 4 13 8 4 25 4 21 4 33 33 4 24 4 30 4 63 39 4 10 4 25 4 5 4 71 44 4 34 4 39 4 11 4 
iteration 1459 best: 0.966819 time: 563747
38 7 8 77 45 8 86 15 8 74 30 4 9 4 69 28 4 24 4 63 9 8 24 29 4 32 4 35 5 12 56 21 8 16 14 8 71 14 8 59 46 12 66 37 4 21 4 99 38 4 22 4 8 4 11 4 59 29 4 24 4 35 4 98 46 8 48 22 8 33 14 4 26 4 92 30 16 29 16 43 26 4 38 4 16 4 7 4 23 48 4 5 4 5 4 17 34 8 6 8 46 10 4 42 4 7 4 45 4 46 22 8 74 11 4 18 4 28 4 17 4 35 29 8 35 6 4 82 32 8 3 24 8 57 37 8 39 13 4 32 4 36 4 56 20 4 5 4 91 19 4 33 4 29 4 71 7 4 8 4 59 10 4 10 4 37 4 31 5 4 30 4 7 41 4 35 4 71 36 16 18 16 12 16 30 27 4 41 4 48 30 4 25 4 19 4 31 37 4 41 4 87 16 16 10 16 49 6 34 14 4 42 4 28 36 16 35 16 58 15 4 12 4 10 4 41 21 4 28 4 31 27 4 26 4 25 4 72 24 4 51 4 5 27 37 4 65 10 43 34 4 40 29 18 4 26 14 16 27 16 105 20 4 35 4 48 4 76 5 29 5 4 13 17 11 4 53 29 4 21 4 22 4 93 40 16 22 16 77 25 4 6 4 43 37 4 20 4 27 4 24 29 4 14 11 22 4 58 30 4 11 4 5 4 15 4 97 27 4 40 4 23 4 33 4 107 22 4 17 4 8 26 16 4 65 37 4 12 4 38 4 57 34 4 14 53 26 4 15 37 4 11 22 5 4 59 15 4 17 4 91 45 30 29 4 9 38 23 4 96 23 4 18 4 63 29 4 16 4 6 4 5 4 67 24 4 10 4 5 4 13 4 87 16 4 38 4 61 28 15 21 4 18 4 83 26 4 15 4 14 4 52 4 13 8 4 25 4 21 4 33 33 4 24 4 30 4 63 39 4 10 4 25 4 5 4 71 44 4 34 4 39 4 11 4 
iteration 1478 best: 0.966819 time: 571059
38 7 8 77 45 8 86 15 8 74 30 4 9 4 69 28 4 24 4 63 9 8 24 29 4 32 4 35 5 12 56 21 8 16 14 8 71 14 8 59 46 12 66 37 4 21 4 99 38 4 22 4 8 4 11 4 59 29 4 24 4 35 4 98 46 8 48 22 8 33 14 4 26 4 92 30 16 29 16 43 26 4 38 4 16 4 7 4 23 48 4 5 4 5 4 17 34 8 6 8 46 10 4 42 4 7 4 45 4 46 22 8 74 11 4 18 4 28 4 17 4 35 29 8 35 6 4 82 32 8 3 24 8 57 37 8 39 13 4 32 4 36 4 56 20 4 5 4 91 19 4 33 4 29 4 71 7 4 8 4 59 10 4 10 4 37 4 31 5 4 30 4 7 41 4 35 4 71 36 16 18 16 12 16 30 27 4 41 4 48 30 4 25 4 19 4 31 37 4 41 4 87 16 16 10 16 49 6 34 14 4 42 4 28 36 16 35 16 58 15 4 12 4 10 4 41 21 4 28 4 31 27 4 26 4 25 4 72 24 4 51 4 5 27 37 4 65 10 43 34 4 40 29 18 4 26 14 16 27 16 105 20 4 35 4 48 4 76 5 29 5 4 13 17 11 4 53 29 4 21 4 22 4 93 40 16 22 16 77 25 4 6 4 43 37 4 20 4 27 4 24 29 4 14 11 22 4 58 30 4 11 4 5 4 15 4 97 27 4 40 4 23 4 33 4 107 22 4 17 4 8 26 16 4 65 37 4 12 4 38 4 57 34 4 14 53 26 4 15 37 4 11 22 5 4 59 15 4 17 4 91 45 30 29 4 9 38 23 4 96 23 4 18 4 63 29 4 16 4 6 4 5 4 67 24 4 10 4 5 4 13 4 87 16 4 38 4 61 28 15 21 4 18 4 83 26 4 15 4 14 4 52 4 13 8 4 25 4 21 4 33 33 4 24 4 30 4 63 39 4 10 4 25 4 5 4 71 44 4 34 4 39 4 11 4 
iteration 1497 best: 0.966819 time: 578355
38 7 8 77 45 8 86 15 8 74 30 4 9 4 69 28 4 24 4 63 9 8 24 29 4 32 4 35 5 12 56 21 8 16 14 8 71 14 8 59 46 12 66 37 4 21 4 99 38 4 22 4 8 4 11 4 59 29 4 24 4 35 4 98 46 8 48 22 8 33 14 4 26 4 92 30 16 29 16 43 26 4 38 4 16 4 7 4 23 48 4 5 4 5 4 17 34 8 6 8 46 10 4 42 4 7 4 45 4 46 22 8 74 11 4 18 4 28 4 17 4 35 29 8 35 6 4 82 32 8 3 24 8 57 37 8 39 13 4 32 4 36 4 56 20 4 5 4 91 19 4 33 4 29 4 71 7 4 8 4 59 10 4 10 4 37 4 31 5 4 30 4 7 41 4 35 4 71 36 16 18 16 12 16 30 27 4 41 4 48 30 4 25 4 19 4 31 37 4 41 4 87 16 16 10 16 49 6 34 14 4 42 4 28 36 16 35 16 58 15 4 12 4 10 4 41 21 4 28 4 31 27 4 26 4 25 4 72 24 4 51 4 5 27 37 4 65 10 43 34 4 40 29 18 4 26 14 16 27 16 105 20 4 35 4 48 4 76 5 29 5 4 13 17 11 4 53 29 4 21 4 22 4 93 40 16 22 16 77 25 4 6 4 43 37 4 20 4 27 4 24 29 4 14 11 22 4 58 30 4 11 4 5 4 15 4 97 27 4 40 4 23 4 33 4 107 22 4 17 4 8 26 16 4 65 37 4 12 4 38 4 57 34 4 14 53 26 4 15 37 4 11 22 5 4 59 15 4 17 4 91 45 30 29 4 9 38 23 4 96 23 4 18 4 63 29 4 16 4 6 4 5 4 67 24 4 10 4 5 4 13 4 87 16 4 38 4 61 28 15 21 4 18 4 83 26 4 15 4 14 4 52 4 13 8 4 25 4 21 4 33 33 4 24 4 30 4 63 39 4 10 4 25 4 5 4 71 44 4 34 4 39 4 11 4 
iteration 1516 best: 0.966819 time: 585639
38 7 8 77 45 8 86 15 8 74 30 4 9 4 69 28 4 24 4 63 9 8 24 29 4 32 4 35 5 12 56 21 8 16 14 8 71 14 8 59 46 12 66 37 4 21 4 99 38 4 22 4 8 4 11 4 59 29 4 24 4 35 4 98 46 8 48 22 8 33 14 4 26 4 92 30 16 29 16 43 26 4 38 4 16 4 7 4 23 48 4 5 4 5 4 17 34 8 6 8 46 10 4 42 4 7 4 45 4 46 22 8 74 11 4 18 4 28 4 17 4 35 29 8 35 6 4 82 32 8 3 24 8 57 37 8 39 13 4 32 4 36 4 56 20 4 5 4 91 19 4 33 4 29 4 71 7 4 8 4 59 10 4 10 4 37 4 31 5 4 30 4 7 41 4 35 4 71 36 16 18 16 12 16 30 27 4 41 4 48 30 4 25 4 19 4 31 37 4 41 4 87 16 16 10 16 49 6 34 14 4 42 4 28 36 16 35 16 58 15 4 12 4 10 4 41 21 4 28 4 31 27 4 26 4 25 4 72 24 4 51 4 5 27 37 4 65 10 43 34 4 40 29 18 4 26 14 16 27 16 105 20 4 35 4 48 4 76 5 29 5 4 13 17 11 4 53 29 4 21 4 22 4 93 40 16 22 16 77 25 4 6 4 43 37 4 20 4 27 4 24 29 4 14 11 22 4 58 30 4 11 4 5 4 15 4 97 27 4 40 4 23 4 33 4 107 22 4 17 4 8 26 16 4 65 37 4 12 4 38 4 57 34 4 14 53 26 4 15 37 4 11 22 5 4 59 15 4 17 4 91 45 30 29 4 9 38 23 4 96 23 4 18 4 63 29 4 16 4 6 4 5 4 67 24 4 10 4 5 4 13 4 87 16 4 38 4 61 28 15 21 4 18 4 83 26 4 15 4 14 4 52 4 13 8 4 25 4 21 4 33 33 4 24 4 30 4 63 39 4 10 4 25 4 5 4 71 44 4 34 4 39 4 11 4 
iteration 1535 best: 0.966819 time: 592955
38 7 8 77 45 8 86 15 8 74 30 4 9 4 69 28 4 24 4 63 9 8 24 29 4 32 4 35 5 12 56 21 8 16 14 8 71 14 8 59 46 12 66 37 4 21 4 99 38 4 22 4 8 4 11 4 59 29 4 24 4 35 4 98 46 8 48 22 8 33 14 4 26 4 92 30 16 29 16 43 26 4 38 4 16 4 7 4 23 48 4 5 4 5 4 17 34 8 6 8 46 10 4 42 4 7 4 45 4 46 22 8 74 11 4 18 4 28 4 17 4 35 29 8 35 6 4 82 32 8 3 24 8 57 37 8 39 13 4 32 4 36 4 56 20 4 5 4 91 19 4 33 4 29 4 71 7 4 8 4 59 10 4 10 4 37 4 31 5 4 30 4 7 41 4 35 4 71 36 16 18 16 12 16 30 27 4 41 4 48 30 4 25 4 19 4 31 37 4 41 4 87 16 16 10 16 49 6 34 14 4 42 4 28 36 16 35 16 58 15 4 12 4 10 4 41 21 4 28 4 31 27 4 26 4 25 4 72 24 4 51 4 5 27 37 4 65 10 43 34 4 40 29 18 4 26 14 16 27 16 105 20 4 35 4 48 4 76 5 29 5 4 13 17 11 4 53 29 4 21 4 22 4 93 40 16 22 16 77 25 4 6 4 43 37 4 20 4 27 4 24 29 4 14 11 22 4 58 30 4 11 4 5 4 15 4 97 27 4 40 4 23 4 33 4 107 22 4 17 4 8 26 16 4 65 37 4 12 4 38 4 57 34 4 14 53 26 4 15 37 4 11 22 5 4 59 15 4 17 4 91 45 30 29 4 9 38 23 4 96 23 4 18 4 63 29 4 16 4 6 4 5 4 67 24 4 10 4 5 4 13 4 87 16 4 38 4 61 28 15 21 4 18 4 83 26 4 15 4 14 4 52 4 13 8 4 25 4 21 4 33 33 4 24 4 30 4 63 39 4 10 4 25 4 5 4 71 44 4 34 4 39 4 11 4 
iteration 1554 best: 0.966819 time: 600241
38 7 8 77 45 8 86 15 8 74 30 4 9 4 69 28 4 24 4 63 9 8 24 29 4 32 4 35 5 12 56 21 8 16 14 8 71 14 8 59 46 12 66 37 4 21 4 99 38 4 22 4 8 4 11 4 59 29 4 24 4 35 4 98 46 8 48 22 8 33 14 4 26 4 92 30 16 29 16 43 26 4 38 4 16 4 7 4 23 48 4 5 4 5 4 17 34 8 6 8 46 10 4 42 4 7 4 45 4 46 22 8 74 11 4 18 4 28 4 17 4 35 29 8 35 6 4 82 32 8 3 24 8 57 37 8 39 13 4 32 4 36 4 56 20 4 5 4 91 19 4 33 4 29 4 71 7 4 8 4 59 10 4 10 4 37 4 31 5 4 30 4 7 41 4 35 4 71 36 16 18 16 12 16 30 27 4 41 4 48 30 4 25 4 19 4 31 37 4 41 4 87 16 16 10 16 49 6 34 14 4 42 4 28 36 16 35 16 58 15 4 12 4 10 4 41 21 4 28 4 31 27 4 26 4 25 4 72 24 4 51 4 5 27 37 4 65 10 43 34 4 40 29 18 4 26 14 16 27 16 105 20 4 35 4 48 4 76 5 29 5 4 13 17 11 4 53 29 4 21 4 22 4 93 40 16 22 16 77 25 4 6 4 43 37 4 20 4 27 4 24 29 4 14 11 22 4 58 30 4 11 4 5 4 15 4 97 27 4 40 4 23 4 33 4 107 22 4 17 4 8 26 16 4 65 37 4 12 4 38 4 57 34 4 14 53 26 4 15 37 4 11 22 5 4 59 15 4 17 4 91 45 30 29 4 9 38 23 4 96 23 4 18 4 63 29 4 16 4 6 4 5 4 67 24 4 10 4 5 4 13 4 87 16 4 38 4 61 28 15 21 4 18 4 83 26 4 15 4 14 4 52 4 13 8 4 25 4 21 4 33 33 4 24 4 30 4 63 39 4 10 4 25 4 5 4 71 44 4 34 4 39 4 11 4 
Best solution: 
38 7 8 77 45 8 86 15 8 74 30 4 9 4 69 28 4 24 4 63 9 8 24 29 4 32 4 35 5 12 56 21 8 16 14 8 71 14 8 59 46 12 66 37 4 21 4 99 38 4 22 4 8 4 11 4 59 29 4 24 4 35 4 98 46 8 48 22 8 33 14 4 26 4 92 30 16 29 16 43 26 4 38 4 16 4 7 4 23 48 4 5 4 5 4 17 34 8 6 8 46 10 4 42 4 7 4 45 4 46 22 8 74 11 4 18 4 28 4 17 4 35 29 8 35 6 4 82 32 8 3 24 8 57 37 8 39 13 4 32 4 36 4 56 20 4 5 4 91 19 4 33 4 29 4 71 7 4 8 4 59 10 4 10 4 37 4 31 5 4 30 4 7 41 4 35 4 71 36 16 18 16 12 16 30 27 4 41 4 48 30 4 25 4 19 4 31 37 4 41 4 87 16 16 10 16 49 6 34 14 4 42 4 28 36 16 35 16 58 15 4 12 4 10 4 41 21 4 28 4 31 27 4 26 4 25 4 72 24 4 51 4 5 27 37 4 65 10 43 34 4 40 29 18 4 26 14 16 27 16 105 20 4 35 4 48 4 76 5 29 5 4 13 17 11 4 53 29 4 21 4 22 4 93 40 16 22 16 77 25 4 6 4 43 37 4 20 4 27 4 24 29 4 14 11 22 4 58 30 4 11 4 5 4 15 4 97 27 4 40 4 23 4 33 4 107 22 4 17 4 8 26 16 4 65 37 4 12 4 38 4 57 34 4 14 53 26 4 15 37 4 11 22 5 4 59 15 4 17 4 91 45 30 29 4 9 38 23 4 96 23 4 18 4 63 29 4 16 4 6 4 5 4 67 24 4 10 4 5 4 13 4 87 16 4 38 4 61 28 15 21 4 18 4 83 26 4 15 4 14 4 52 4 13 8 4 25 4 21 4 33 33 4 24 4 30 4 63 39 4 10 4 25 4 5 4 71 44 4 34 4 39 4 11 4 
Fitness: 0.966819
