iteration 22 best: 1.10955 time: 7416
84 38 4 38 4 36 4 80 40 4 18 4 62 35 4 37 4 21 4 66 11 4 37 4 14 4 22 38 4 31 4 32 4 53 43 4 32 4 24 4 28 4 59 51 4 17 4 51 4 52 27 4 38 4 47 42 4 21 4 81 11 4 41 4 34 4 31 4 44 46 4 28 4 67 26 4 36 4 89 37 4 22 4 41 4 29 4 41 4 34 33 4 34 4 44 4 33 4 58 33 4 27 4 69 28 4 27 4 27 4 25 4 63 35 4 40 4 32 4 69 31 4 32 4 62 31 4 18 4 84 39 20 38 16 4 39 4 39 4 40 32 20 58 34 4 40 4 28 4 35 19 4 47 4 26 4 30 4 38 27 4 36 4 113 32 4 48 4 21 4 63 14 4 26 4 88 41 4 19 4 16 4 49 42 4 41 4 46 4 72 47 4 31 4 28 26 4 27 4 19 33 4 74 36 4 16 4 24 4 41 24 4 31 4 39 45 4 32 4 66 15 4 24 4 61 42 4 19 4 67 30 4 51 4 84 23 4 20 4 32 26 4 19 4 7 37 4 31 4 48 34 4 14 4 23 4 89 28 4 31 4 52 25 4 40 4 44 4 95 30 4 38 4 45 4 64 20 4 12 4 28 4 45 4 52 23 4 36 4 33 4 23 4 60 39 4 40 4 34 4 81 23 4 26 4 32 46 4 28 4 38 4 66 42 4 18 4 53 4 47 14 4 29 4 25 4 33 33 4 22 4 21 4 76 30 16 45 16 34 26 4 63 33 16 15 16 38 33 4 22 4 50 17 4 26 4 13 4 92 39 4 42 4 12 4 30 4 35 28 4 31 4 52 23 4 23 4 42 4 33 4 70 28 4 24 4 30 4 57 32 4 27 4 30 4 32 19 4 27 4 35 4 77 14 4 28 4 40 4 20 27 4 29 4 33 4 24 4 62 28 4 38 4 9 4 33 4 74 23 4 40 4 27 4 60 36 4 27 4 43 4 71 45 4 36 4 36 4 
iteration 46 best: 1.10955 time: 14867
84 38 4 38 4 36 4 80 40 4 18 4 62 35 4 37 4 21 4 66 11 4 37 4 14 4 22 38 4 31 4 32 4 53 43 4 32 4 24 4 28 4 59 51 4 17 4 51 4 52 27 4 38 4 47 42 4 21 4 81 11 4 41 4 34 4 31 4 44 46 4 28 4 67 26 4 36 4 89 37 4 22 4 41 4 29 4 41 4 34 33 4 34 4 44 4 33 4 58 33 4 27 4 69 28 4 27 4 27 4 25 4 63 35 4 40 4 32 4 69 31 4 32 4 62 31 4 18 4 84 39 20 38 16 4 39 4 39 4 40 32 20 58 34 4 40 4 28 4 35 19 4 47 4 26 4 30 4 38 27 4 36 4 113 32 4 48 4 21 4 63 14 4 26 4 88 41 4 19 4 16 4 49 42 4 41 4 46 4 72 47 4 31 4 28 26 4 27 4 19 33 4 74 36 4 16 4 24 4 41 24 4 31 4 39 45 4 32 4 66 15 4 24 4 61 42 4 19 4 67 30 4 51 4 84 23 4 20 4 32 26 4 19 4 7 37 4 31 4 48 34 4 14 4 23 4 89 28 4 31 4 52 25 4 40 4 44 4 95 30 4 38 4 45 4 64 20 4 12 4 28 4 45 4 52 23 4 36 4 33 4 23 4 60 39 4 40 4 34 4 81 23 4 26 4 32 46 4 28 4 38 4 66 42 4 18 4 53 4 47 14 4 29 4 25 4 33 33 4 22 4 21 4 76 30 16 45 16 34 26 4 63 33 16 15 16 38 33 4 22 4 50 17 4 26 4 13 4 92 39 4 42 4 12 4 30 4 35 28 4 31 4 52 23 4 23 4 42 4 33 4 70 28 4 24 4 30 4 57 32 4 27 4 30 4 32 19 4 27 4 35 4 77 14 4 28 4 40 4 20 27 4 29 4 33 4 24 4 62 28 4 38 4 9 4 33 4 74 23 4 40 4 27 4 60 36 4 27 4 43 4 71 45 4 36 4 36 4 
iteration 70 best: 1.10955 time: 22373
84 38 4 38 4 36 4 80 40 4 18 4 62 35 4 37 4 21 4 66 11 4 37 4 14 4 22 38 4 31 4 32 4 53 43 4 32 4 24 4 28 4 59 51 4 17 4 51 4 52 27 4 38 4 47 42 4 21 4 81 11 4 41 4 34 4 31 4 44 46 4 28 4 67 26 4 36 4 89 37 4 22 4 41 4 29 4 41 4 34 33 4 34 4 44 4 33 4 58 33 4 27 4 69 28 4 27 4 27 4 25 4 63 35 4 40 4 32 4 69 31 4 32 4 62 31 4 18 4 84 39 20 38 16 4 39 4 39 4 40 32 20 58 34 4 40 4 28 4 35 19 4 47 4 26 4 30 4 38 27 4 36 4 113 32 4 48 4 21 4 63 14 4 26 4 88 41 4 19 4 16 4 49 42 4 41 4 46 4 72 47 4 31 4 28 26 4 27 4 19 33 4 74 36 4 16 4 24 4 41 24 4 31 4 39 45 4 32 4 66 15 4 24 4 61 42 4 19 4 67 30 4 51 4 84 23 4 20 4 32 26 4 19 4 7 37 4 31 4 48 34 4 14 4 23 4 89 28 4 31 4 52 25 4 40 4 44 4 95 30 4 38 4 45 4 64 20 4 12 4 28 4 45 4 52 23 4 36 4 33 4 23 4 60 39 4 40 4 34 4 81 23 4 26 4 32 46 4 28 4 38 4 66 42 4 18 4 53 4 47 14 4 29 4 25 4 33 33 4 22 4 21 4 76 30 16 45 16 34 26 4 63 33 16 15 16 38 33 4 22 4 50 17 4 26 4 13 4 92 39 4 42 4 12 4 30 4 35 28 4 31 4 52 23 4 23 4 42 4 33 4 70 28 4 24 4 30 4 57 32 4 27 4 30 4 32 19 4 27 4 35 4 77 14 4 28 4 40 4 20 27 4 29 4 33 4 24 4 62 28 4 38 4 9 4 33 4 74 23 4 40 4 27 4 60 36 4 27 4 43 4 71 45 4 36 4 36 4 
iteration 93 best: 1.10955 time: 29590
84 38 4 38 4 36 4 80 40 4 18 4 62 35 4 37 4 21 4 66 11 4 37 4 14 4 22 38 4 31 4 32 4 53 43 4 32 4 24 4 28 4 59 51 4 17 4 51 4 52 27 4 38 4 47 42 4 21 4 81 11 4 41 4 34 4 31 4 44 46 4 28 4 67 26 4 36 4 89 37 4 22 4 41 4 29 4 41 4 34 33 4 34 4 44 4 33 4 58 33 4 27 4 69 28 4 27 4 27 4 25 4 63 35 4 40 4 32 4 69 31 4 32 4 62 31 4 18 4 84 39 20 38 16 4 39 4 39 4 40 32 20 58 34 4 40 4 28 4 35 19 4 47 4 26 4 30 4 38 27 4 36 4 113 32 4 48 4 21 4 63 14 4 26 4 88 41 4 19 4 16 4 49 42 4 41 4 46 4 72 47 4 31 4 28 26 4 27 4 19 33 4 74 36 4 16 4 24 4 41 24 4 31 4 39 45 4 32 4 66 15 4 24 4 61 42 4 19 4 67 30 4 51 4 84 23 4 20 4 32 26 4 19 4 7 37 4 31 4 48 34 4 14 4 23 4 89 28 4 31 4 52 25 4 40 4 44 4 95 30 4 38 4 45 4 64 20 4 12 4 28 4 45 4 52 23 4 36 4 33 4 23 4 60 39 4 40 4 34 4 81 23 4 26 4 32 46 4 28 4 38 4 66 42 4 18 4 53 4 47 14 4 29 4 25 4 33 33 4 22 4 21 4 76 30 16 45 16 34 26 4 63 33 16 15 16 38 33 4 22 4 50 17 4 26 4 13 4 92 39 4 42 4 12 4 30 4 35 28 4 31 4 52 23 4 23 4 42 4 33 4 70 28 4 24 4 30 4 57 32 4 27 4 30 4 32 19 4 27 4 35 4 77 14 4 28 4 40 4 20 27 4 29 4 33 4 24 4 62 28 4 38 4 9 4 33 4 74 23 4 40 4 27 4 60 36 4 27 4 43 4 71 45 4 36 4 36 4 
iteration 117 best: 1.10955 time: 37095
84 38 4 38 4 36 4 80 40 4 18 4 62 35 4 37 4 21 4 66 11 4 37 4 14 4 22 38 4 31 4 32 4 53 43 4 32 4 24 4 28 4 59 51 4 17 4 51 4 52 27 4 38 4 47 42 4 21 4 81 11 4 41 4 34 4 31 4 44 46 4 28 4 67 26 4 36 4 89 37 4 22 4 41 4 29 4 41 4 34 33 4 34 4 44 4 33 4 58 33 4 27 4 69 28 4 27 4 27 4 25 4 63 35 4 40 4 32 4 69 31 4 32 4 62 31 4 18 4 84 39 20 38 16 4 39 4 39 4 40 32 20 58 34 4 40 4 28 4 35 19 4 47 4 26 4 30 4 38 27 4 36 4 113 32 4 48 4 21 4 63 14 4 26 4 88 41 4 19 4 16 4 49 42 4 41 4 46 4 72 47 4 31 4 28 26 4 27 4 19 33 4 74 36 4 16 4 24 4 41 24 4 31 4 39 45 4 32 4 66 15 4 24 4 61 42 4 19 4 67 30 4 51 4 84 23 4 20 4 32 26 4 19 4 7 37 4 31 4 48 34 4 14 4 23 4 89 28 4 31 4 52 25 4 40 4 44 4 95 30 4 38 4 45 4 64 20 4 12 4 28 4 45 4 52 23 4 36 4 33 4 23 4 60 39 4 40 4 34 4 81 23 4 26 4 32 46 4 28 4 38 4 66 42 4 18 4 53 4 47 14 4 29 4 25 4 33 33 4 22 4 21 4 76 30 16 45 16 34 26 4 63 33 16 15 16 38 33 4 22 4 50 17 4 26 4 13 4 92 39 4 42 4 12 4 30 4 35 28 4 31 4 52 23 4 23 4 42 4 33 4 70 28 4 24 4 30 4 57 32 4 27 4 30 4 32 19 4 27 4 35 4 77 14 4 28 4 40 4 20 27 4 29 4 33 4 24 4 62 28 4 38 4 9 4 33 4 74 23 4 40 4 27 4 60 36 4 27 4 43 4 71 45 4 36 4 36 4 
iteration 141 best: 1.10955 time: 44599
84 38 4 38 4 36 4 80 40 4 18 4 62 35 4 37 4 21 4 66 11 4 37 4 14 4 22 38 4 31 4 32 4 53 43 4 32 4 24 4 28 4 59 51 4 17 4 51 4 52 27 4 38 4 47 42 4 21 4 81 11 4 41 4 34 4 31 4 44 46 4 28 4 67 26 4 36 4 89 37 4 22 4 41 4 29 4 41 4 34 33 4 34 4 44 4 33 4 58 33 4 27 4 69 28 4 27 4 27 4 25 4 63 35 4 40 4 32 4 69 31 4 32 4 62 31 4 18 4 84 39 20 38 16 4 39 4 39 4 40 32 20 58 34 4 40 4 28 4 35 19 4 47 4 26 4 30 4 38 27 4 36 4 113 32 4 48 4 21 4 63 14 4 26 4 88 41 4 19 4 16 4 49 42 4 41 4 46 4 72 47 4 31 4 28 26 4 27 4 19 33 4 74 36 4 16 4 24 4 41 24 4 31 4 39 45 4 32 4 66 15 4 24 4 61 42 4 19 4 67 30 4 51 4 84 23 4 20 4 32 26 4 19 4 7 37 4 31 4 48 34 4 14 4 23 4 89 28 4 31 4 52 25 4 40 4 44 4 95 30 4 38 4 45 4 64 20 4 12 4 28 4 45 4 52 23 4 36 4 33 4 23 4 60 39 4 40 4 34 4 81 23 4 26 4 32 46 4 28 4 38 4 66 42 4 18 4 53 4 47 14 4 29 4 25 4 33 33 4 22 4 21 4 76 30 16 45 16 34 26 4 63 33 16 15 16 38 33 4 22 4 50 17 4 26 4 13 4 92 39 4 42 4 12 4 30 4 35 28 4 31 4 52 23 4 23 4 42 4 33 4 70 28 4 24 4 30 4 57 32 4 27 4 30 4 32 19 4 27 4 35 4 77 14 4 28 4 40 4 20 27 4 29 4 33 4 24 4 62 28 4 38 4 9 4 33 4 74 23 4 40 4 27 4 60 36 4 27 4 43 4 71 45 4 36 4 36 4 
iteration 165 best: 1.10955 time: 52072
84 38 4 38 4 36 4 80 40 4 18 4 62 35 4 37 4 21 4 66 11 4 37 4 14 4 22 38 4 31 4 32 4 53 43 4 32 4 24 4 28 4 59 51 4 17 4 51 4 52 27 4 38 4 47 42 4 21 4 81 11 4 41 4 34 4 31 4 44 46 4 28 4 67 26 4 36 4 89 37 4 22 4 41 4 29 4 41 4 34 33 4 34 4 44 4 33 4 58 33 4 27 4 69 28 4 27 4 27 4 25 4 63 35 4 40 4 32 4 69 31 4 32 4 62 31 4 18 4 84 39 20 38 16 4 39 4 39 4 40 32 20 58 34 4 40 4 28 4 35 19 4 47 4 26 4 30 4 38 27 4 36 4 113 32 4 48 4 21 4 63 14 4 26 4 88 41 4 19 4 16 4 49 42 4 41 4 46 4 72 47 4 31 4 28 26 4 27 4 19 33 4 74 36 4 16 4 24 4 41 24 4 31 4 39 45 4 32 4 66 15 4 24 4 61 42 4 19 4 67 30 4 51 4 84 23 4 20 4 32 26 4 19 4 7 37 4 31 4 48 34 4 14 4 23 4 89 28 4 31 4 52 25 4 40 4 44 4 95 30 4 38 4 45 4 64 20 4 12 4 28 4 45 4 52 23 4 36 4 33 4 23 4 60 39 4 40 4 34 4 81 23 4 26 4 32 46 4 28 4 38 4 66 42 4 18 4 53 4 47 14 4 29 4 25 4 33 33 4 22 4 21 4 76 30 16 45 16 34 26 4 63 33 16 15 16 38 33 4 22 4 50 17 4 26 4 13 4 92 39 4 42 4 12 4 30 4 35 28 4 31 4 52 23 4 23 4 42 4 33 4 70 28 4 24 4 30 4 57 32 4 27 4 30 4 32 19 4 27 4 35 4 77 14 4 28 4 40 4 20 27 4 29 4 33 4 24 4 62 28 4 38 4 9 4 33 4 74 23 4 40 4 27 4 60 36 4 27 4 43 4 71 45 4 36 4 36 4 
iteration 189 best: 1.10955 time: 59539
84 38 4 38 4 36 4 80 40 4 18 4 62 35 4 37 4 21 4 66 11 4 37 4 14 4 22 38 4 31 4 32 4 53 43 4 32 4 24 4 28 4 59 51 4 17 4 51 4 52 27 4 38 4 47 42 4 21 4 81 11 4 41 4 34 4 31 4 44 46 4 28 4 67 26 4 36 4 89 37 4 22 4 41 4 29 4 41 4 34 33 4 34 4 44 4 33 4 58 33 4 27 4 69 28 4 27 4 27 4 25 4 63 35 4 40 4 32 4 69 31 4 32 4 62 31 4 18 4 84 39 20 38 16 4 39 4 39 4 40 32 20 58 34 4 40 4 28 4 35 19 4 47 4 26 4 30 4 38 27 4 36 4 113 32 4 48 4 21 4 63 14 4 26 4 88 41 4 19 4 16 4 49 42 4 41 4 46 4 72 47 4 31 4 28 26 4 27 4 19 33 4 74 36 4 16 4 24 4 41 24 4 31 4 39 45 4 32 4 66 15 4 24 4 61 42 4 19 4 67 30 4 51 4 84 23 4 20 4 32 26 4 19 4 7 37 4 31 4 48 34 4 14 4 23 4 89 28 4 31 4 52 25 4 40 4 44 4 95 30 4 38 4 45 4 64 20 4 12 4 28 4 45 4 52 23 4 36 4 33 4 23 4 60 39 4 40 4 34 4 81 23 4 26 4 32 46 4 28 4 38 4 66 42 4 18 4 53 4 47 14 4 29 4 25 4 33 33 4 22 4 21 4 76 30 16 45 16 34 26 4 63 33 16 15 16 38 33 4 22 4 50 17 4 26 4 13 4 92 39 4 42 4 12 4 30 4 35 28 4 31 4 52 23 4 23 4 42 4 33 4 70 28 4 24 4 30 4 57 32 4 27 4 30 4 32 19 4 27 4 35 4 77 14 4 28 4 40 4 20 27 4 29 4 33 4 24 4 62 28 4 38 4 9 4 33 4 74 23 4 40 4 27 4 60 36 4 27 4 43 4 71 45 4 36 4 36 4 
iteration 213 best: 1.10955 time: 66997
84 38 4 38 4 36 4 80 40 4 18 4 62 35 4 37 4 21 4 66 11 4 37 4 14 4 22 38 4 31 4 32 4 53 43 4 32 4 24 4 28 4 59 51 4 17 4 51 4 52 27 4 38 4 47 42 4 21 4 81 11 4 41 4 34 4 31 4 44 46 4 28 4 67 26 4 36 4 89 37 4 22 4 41 4 29 4 41 4 34 33 4 34 4 44 4 33 4 58 33 4 27 4 69 28 4 27 4 27 4 25 4 63 35 4 40 4 32 4 69 31 4 32 4 62 31 4 18 4 84 39 20 38 16 4 39 4 39 4 40 32 20 58 34 4 40 4 28 4 35 19 4 47 4 26 4 30 4 38 27 4 36 4 113 32 4 48 4 21 4 63 14 4 26 4 88 41 4 19 4 16 4 49 42 4 41 4 46 4 72 47 4 31 4 28 26 4 27 4 19 33 4 74 36 4 16 4 24 4 41 24 4 31 4 39 45 4 32 4 66 15 4 24 4 61 42 4 19 4 67 30 4 51 4 84 23 4 20 4 32 26 4 19 4 7 37 4 31 4 48 34 4 14 4 23 4 89 28 4 31 4 52 25 4 40 4 44 4 95 30 4 38 4 45 4 64 20 4 12 4 28 4 45 4 52 23 4 36 4 33 4 23 4 60 39 4 40 4 34 4 81 23 4 26 4 32 46 4 28 4 38 4 66 42 4 18 4 53 4 47 14 4 29 4 25 4 33 33 4 22 4 21 4 76 30 16 45 16 34 26 4 63 33 16 15 16 38 33 4 22 4 50 17 4 26 4 13 4 92 39 4 42 4 12 4 30 4 35 28 4 31 4 52 23 4 23 4 42 4 33 4 70 28 4 24 4 30 4 57 32 4 27 4 30 4 32 19 4 27 4 35 4 77 14 4 28 4 40 4 20 27 4 29 4 33 4 24 4 62 28 4 38 4 9 4 33 4 74 23 4 40 4 27 4 60 36 4 27 4 43 4 71 45 4 36 4 36 4 
iteration 237 best: 1.10955 time: 74470
84 38 4 38 4 36 4 80 40 4 18 4 62 35 4 37 4 21 4 66 11 4 37 4 14 4 22 38 4 31 4 32 4 53 43 4 32 4 24 4 28 4 59 51 4 17 4 51 4 52 27 4 38 4 47 42 4 21 4 81 11 4 41 4 34 4 31 4 44 46 4 28 4 67 26 4 36 4 89 37 4 22 4 41 4 29 4 41 4 34 33 4 34 4 44 4 33 4 58 33 4 27 4 69 28 4 27 4 27 4 25 4 63 35 4 40 4 32 4 69 31 4 32 4 62 31 4 18 4 84 39 20 38 16 4 39 4 39 4 40 32 20 58 34 4 40 4 28 4 35 19 4 47 4 26 4 30 4 38 27 4 36 4 113 32 4 48 4 21 4 63 14 4 26 4 88 41 4 19 4 16 4 49 42 4 41 4 46 4 72 47 4 31 4 28 26 4 27 4 19 33 4 74 36 4 16 4 24 4 41 24 4 31 4 39 45 4 32 4 66 15 4 24 4 61 42 4 19 4 67 30 4 51 4 84 23 4 20 4 32 26 4 19 4 7 37 4 31 4 48 34 4 14 4 23 4 89 28 4 31 4 52 25 4 40 4 44 4 95 30 4 38 4 45 4 64 20 4 12 4 28 4 45 4 52 23 4 36 4 33 4 23 4 60 39 4 40 4 34 4 81 23 4 26 4 32 46 4 28 4 38 4 66 42 4 18 4 53 4 47 14 4 29 4 25 4 33 33 4 22 4 21 4 76 30 16 45 16 34 26 4 63 33 16 15 16 38 33 4 22 4 50 17 4 26 4 13 4 92 39 4 42 4 12 4 30 4 35 28 4 31 4 52 23 4 23 4 42 4 33 4 70 28 4 24 4 30 4 57 32 4 27 4 30 4 32 19 4 27 4 35 4 77 14 4 28 4 40 4 20 27 4 29 4 33 4 24 4 62 28 4 38 4 9 4 33 4 74 23 4 40 4 27 4 60 36 4 27 4 43 4 71 45 4 36 4 36 4 
iteration 261 best: 1.10955 time: 81936
84 38 4 38 4 36 4 80 40 4 18 4 62 35 4 37 4 21 4 66 11 4 37 4 14 4 22 38 4 31 4 32 4 53 43 4 32 4 24 4 28 4 59 51 4 17 4 51 4 52 27 4 38 4 47 42 4 21 4 81 11 4 41 4 34 4 31 4 44 46 4 28 4 67 26 4 36 4 89 37 4 22 4 41 4 29 4 41 4 34 33 4 34 4 44 4 33 4 58 33 4 27 4 69 28 4 27 4 27 4 25 4 63 35 4 40 4 32 4 69 31 4 32 4 62 31 4 18 4 84 39 20 38 16 4 39 4 39 4 40 32 20 58 34 4 40 4 28 4 35 19 4 47 4 26 4 30 4 38 27 4 36 4 113 32 4 48 4 21 4 63 14 4 26 4 88 41 4 19 4 16 4 49 42 4 41 4 46 4 72 47 4 31 4 28 26 4 27 4 19 33 4 74 36 4 16 4 24 4 41 24 4 31 4 39 45 4 32 4 66 15 4 24 4 61 42 4 19 4 67 30 4 51 4 84 23 4 20 4 32 26 4 19 4 7 37 4 31 4 48 34 4 14 4 23 4 89 28 4 31 4 52 25 4 40 4 44 4 95 30 4 38 4 45 4 64 20 4 12 4 28 4 45 4 52 23 4 36 4 33 4 23 4 60 39 4 40 4 34 4 81 23 4 26 4 32 46 4 28 4 38 4 66 42 4 18 4 53 4 47 14 4 29 4 25 4 33 33 4 22 4 21 4 76 30 16 45 16 34 26 4 63 33 16 15 16 38 33 4 22 4 50 17 4 26 4 13 4 92 39 4 42 4 12 4 30 4 35 28 4 31 4 52 23 4 23 4 42 4 33 4 70 28 4 24 4 30 4 57 32 4 27 4 30 4 32 19 4 27 4 35 4 77 14 4 28 4 40 4 20 27 4 29 4 33 4 24 4 62 28 4 38 4 9 4 33 4 74 23 4 40 4 27 4 60 36 4 27 4 43 4 71 45 4 36 4 36 4 
iteration 285 best: 1.10955 time: 89417
84 38 4 38 4 36 4 80 40 4 18 4 62 35 4 37 4 21 4 66 11 4 37 4 14 4 22 38 4 31 4 32 4 53 43 4 32 4 24 4 28 4 59 51 4 17 4 51 4 52 27 4 38 4 47 42 4 21 4 81 11 4 41 4 34 4 31 4 44 46 4 28 4 67 26 4 36 4 89 37 4 22 4 41 4 29 4 41 4 34 33 4 34 4 44 4 33 4 58 33 4 27 4 69 28 4 27 4 27 4 25 4 63 35 4 40 4 32 4 69 31 4 32 4 62 31 4 18 4 84 39 20 38 16 4 39 4 39 4 40 32 20 58 34 4 40 4 28 4 35 19 4 47 4 26 4 30 4 38 27 4 36 4 113 32 4 48 4 21 4 63 14 4 26 4 88 41 4 19 4 16 4 49 42 4 41 4 46 4 72 47 4 31 4 28 26 4 27 4 19 33 4 74 36 4 16 4 24 4 41 24 4 31 4 39 45 4 32 4 66 15 4 24 4 61 42 4 19 4 67 30 4 51 4 84 23 4 20 4 32 26 4 19 4 7 37 4 31 4 48 34 4 14 4 23 4 89 28 4 31 4 52 25 4 40 4 44 4 95 30 4 38 4 45 4 64 20 4 12 4 28 4 45 4 52 23 4 36 4 33 4 23 4 60 39 4 40 4 34 4 81 23 4 26 4 32 46 4 28 4 38 4 66 42 4 18 4 53 4 47 14 4 29 4 25 4 33 33 4 22 4 21 4 76 30 16 45 16 34 26 4 63 33 16 15 16 38 33 4 22 4 50 17 4 26 4 13 4 92 39 4 42 4 12 4 30 4 35 28 4 31 4 52 23 4 23 4 42 4 33 4 70 28 4 24 4 30 4 57 32 4 27 4 30 4 32 19 4 27 4 35 4 77 14 4 28 4 40 4 20 27 4 29 4 33 4 24 4 62 28 4 38 4 9 4 33 4 74 23 4 40 4 27 4 60 36 4 27 4 43 4 71 45 4 36 4 36 4 
iteration 309 best: 1.10955 time: 96880
84 38 4 38 4 36 4 80 40 4 18 4 62 35 4 37 4 21 4 66 11 4 37 4 14 4 22 38 4 31 4 32 4 53 43 4 32 4 24 4 28 4 59 51 4 17 4 51 4 52 27 4 38 4 47 42 4 21 4 81 11 4 41 4 34 4 31 4 44 46 4 28 4 67 26 4 36 4 89 37 4 22 4 41 4 29 4 41 4 34 33 4 34 4 44 4 33 4 58 33 4 27 4 69 28 4 27 4 27 4 25 4 63 35 4 40 4 32 4 69 31 4 32 4 62 31 4 18 4 84 39 20 38 16 4 39 4 39 4 40 32 20 58 34 4 40 4 28 4 35 19 4 47 4 26 4 30 4 38 27 4 36 4 113 32 4 48 4 21 4 63 14 4 26 4 88 41 4 19 4 16 4 49 42 4 41 4 46 4 72 47 4 31 4 28 26 4 27 4 19 33 4 74 36 4 16 4 24 4 41 24 4 31 4 39 45 4 32 4 66 15 4 24 4 61 42 4 19 4 67 30 4 51 4 84 23 4 20 4 32 26 4 19 4 7 37 4 31 4 48 34 4 14 4 23 4 89 28 4 31 4 52 25 4 40 4 44 4 95 30 4 38 4 45 4 64 20 4 12 4 28 4 45 4 52 23 4 36 4 33 4 23 4 60 39 4 40 4 34 4 81 23 4 26 4 32 46 4 28 4 38 4 66 42 4 18 4 53 4 47 14 4 29 4 25 4 33 33 4 22 4 21 4 76 30 16 45 16 34 26 4 63 33 16 15 16 38 33 4 22 4 50 17 4 26 4 13 4 92 39 4 42 4 12 4 30 4 35 28 4 31 4 52 23 4 23 4 42 4 33 4 70 28 4 24 4 30 4 57 32 4 27 4 30 4 32 19 4 27 4 35 4 77 14 4 28 4 40 4 20 27 4 29 4 33 4 24 4 62 28 4 38 4 9 4 33 4 74 23 4 40 4 27 4 60 36 4 27 4 43 4 71 45 4 36 4 36 4 
iteration 333 best: 1.10955 time: 104362
84 38 4 38 4 36 4 80 40 4 18 4 62 35 4 37 4 21 4 66 11 4 37 4 14 4 22 38 4 31 4 32 4 53 43 4 32 4 24 4 28 4 59 51 4 17 4 51 4 52 27 4 38 4 47 42 4 21 4 81 11 4 41 4 34 4 31 4 44 46 4 28 4 67 26 4 36 4 89 37 4 22 4 41 4 29 4 41 4 34 33 4 34 4 44 4 33 4 58 33 4 27 4 69 28 4 27 4 27 4 25 4 63 35 4 40 4 32 4 69 31 4 32 4 62 31 4 18 4 84 39 20 38 16 4 39 4 39 4 40 32 20 58 34 4 40 4 28 4 35 19 4 47 4 26 4 30 4 38 27 4 36 4 113 32 4 48 4 21 4 63 14 4 26 4 88 41 4 19 4 16 4 49 42 4 41 4 46 4 72 47 4 31 4 28 26 4 27 4 19 33 4 74 36 4 16 4 24 4 41 24 4 31 4 39 45 4 32 4 66 15 4 24 4 61 42 4 19 4 67 30 4 51 4 84 23 4 20 4 32 26 4 19 4 7 37 4 31 4 48 34 4 14 4 23 4 89 28 4 31 4 52 25 4 40 4 44 4 95 30 4 38 4 45 4 64 20 4 12 4 28 4 45 4 52 23 4 36 4 33 4 23 4 60 39 4 40 4 34 4 81 23 4 26 4 32 46 4 28 4 38 4 66 42 4 18 4 53 4 47 14 4 29 4 25 4 33 33 4 22 4 21 4 76 30 16 45 16 34 26 4 63 33 16 15 16 38 33 4 22 4 50 17 4 26 4 13 4 92 39 4 42 4 12 4 30 4 35 28 4 31 4 52 23 4 23 4 42 4 33 4 70 28 4 24 4 30 4 57 32 4 27 4 30 4 32 19 4 27 4 35 4 77 14 4 28 4 40 4 20 27 4 29 4 33 4 24 4 62 28 4 38 4 9 4 33 4 74 23 4 40 4 27 4 60 36 4 27 4 43 4 71 45 4 36 4 36 4 
iteration 357 best: 1.10955 time: 111832
84 38 4 38 4 36 4 80 40 4 18 4 62 35 4 37 4 21 4 66 11 4 37 4 14 4 22 38 4 31 4 32 4 53 43 4 32 4 24 4 28 4 59 51 4 17 4 51 4 52 27 4 38 4 47 42 4 21 4 81 11 4 41 4 34 4 31 4 44 46 4 28 4 67 26 4 36 4 89 37 4 22 4 41 4 29 4 41 4 34 33 4 34 4 44 4 33 4 58 33 4 27 4 69 28 4 27 4 27 4 25 4 63 35 4 40 4 32 4 69 31 4 32 4 62 31 4 18 4 84 39 20 38 16 4 39 4 39 4 40 32 20 58 34 4 40 4 28 4 35 19 4 47 4 26 4 30 4 38 27 4 36 4 113 32 4 48 4 21 4 63 14 4 26 4 88 41 4 19 4 16 4 49 42 4 41 4 46 4 72 47 4 31 4 28 26 4 27 4 19 33 4 74 36 4 16 4 24 4 41 24 4 31 4 39 45 4 32 4 66 15 4 24 4 61 42 4 19 4 67 30 4 51 4 84 23 4 20 4 32 26 4 19 4 7 37 4 31 4 48 34 4 14 4 23 4 89 28 4 31 4 52 25 4 40 4 44 4 95 30 4 38 4 45 4 64 20 4 12 4 28 4 45 4 52 23 4 36 4 33 4 23 4 60 39 4 40 4 34 4 81 23 4 26 4 32 46 4 28 4 38 4 66 42 4 18 4 53 4 47 14 4 29 4 25 4 33 33 4 22 4 21 4 76 30 16 45 16 34 26 4 63 33 16 15 16 38 33 4 22 4 50 17 4 26 4 13 4 92 39 4 42 4 12 4 30 4 35 28 4 31 4 52 23 4 23 4 42 4 33 4 70 28 4 24 4 30 4 57 32 4 27 4 30 4 32 19 4 27 4 35 4 77 14 4 28 4 40 4 20 27 4 29 4 33 4 24 4 62 28 4 38 4 9 4 33 4 74 23 4 40 4 27 4 60 36 4 27 4 43 4 71 45 4 36 4 36 4 
iteration 381 best: 1.10955 time: 119296
84 38 4 38 4 36 4 80 40 4 18 4 62 35 4 37 4 21 4 66 11 4 37 4 14 4 22 38 4 31 4 32 4 53 43 4 32 4 24 4 28 4 59 51 4 17 4 51 4 52 27 4 38 4 47 42 4 21 4 81 11 4 41 4 34 4 31 4 44 46 4 28 4 67 26 4 36 4 89 37 4 22 4 41 4 29 4 41 4 34 33 4 34 4 44 4 33 4 58 33 4 27 4 69 28 4 27 4 27 4 25 4 63 35 4 40 4 32 4 69 31 4 32 4 62 31 4 18 4 84 39 20 38 16 4 39 4 39 4 40 32 20 58 34 4 40 4 28 4 35 19 4 47 4 26 4 30 4 38 27 4 36 4 113 32 4 48 4 21 4 63 14 4 26 4 88 41 4 19 4 16 4 49 42 4 41 4 46 4 72 47 4 31 4 28 26 4 27 4 19 33 4 74 36 4 16 4 24 4 41 24 4 31 4 39 45 4 32 4 66 15 4 24 4 61 42 4 19 4 67 30 4 51 4 84 23 4 20 4 32 26 4 19 4 7 37 4 31 4 48 34 4 14 4 23 4 89 28 4 31 4 52 25 4 40 4 44 4 95 30 4 38 4 45 4 64 20 4 12 4 28 4 45 4 52 23 4 36 4 33 4 23 4 60 39 4 40 4 34 4 81 23 4 26 4 32 46 4 28 4 38 4 66 42 4 18 4 53 4 47 14 4 29 4 25 4 33 33 4 22 4 21 4 76 30 16 45 16 34 26 4 63 33 16 15 16 38 33 4 22 4 50 17 4 26 4 13 4 92 39 4 42 4 12 4 30 4 35 28 4 31 4 52 23 4 23 4 42 4 33 4 70 28 4 24 4 30 4 57 32 4 27 4 30 4 32 19 4 27 4 35 4 77 14 4 28 4 40 4 20 27 4 29 4 33 4 24 4 62 28 4 38 4 9 4 33 4 74 23 4 40 4 27 4 60 36 4 27 4 43 4 71 45 4 36 4 36 4 
iteration 405 best: 1.10955 time: 126753
84 38 4 38 4 36 4 80 40 4 18 4 62 35 4 37 4 21 4 66 11 4 37 4 14 4 22 38 4 31 4 32 4 53 43 4 32 4 24 4 28 4 59 51 4 17 4 51 4 52 27 4 38 4 47 42 4 21 4 81 11 4 41 4 34 4 31 4 44 46 4 28 4 67 26 4 36 4 89 37 4 22 4 41 4 29 4 41 4 34 33 4 34 4 44 4 33 4 58 33 4 27 4 69 28 4 27 4 27 4 25 4 63 35 4 40 4 32 4 69 31 4 32 4 62 31 4 18 4 84 39 20 38 16 4 39 4 39 4 40 32 20 58 34 4 40 4 28 4 35 19 4 47 4 26 4 30 4 38 27 4 36 4 113 32 4 48 4 21 4 63 14 4 26 4 88 41 4 19 4 16 4 49 42 4 41 4 46 4 72 47 4 31 4 28 26 4 27 4 19 33 4 74 36 4 16 4 24 4 41 24 4 31 4 39 45 4 32 4 66 15 4 24 4 61 42 4 19 4 67 30 4 51 4 84 23 4 20 4 32 26 4 19 4 7 37 4 31 4 48 34 4 14 4 23 4 89 28 4 31 4 52 25 4 40 4 44 4 95 30 4 38 4 45 4 64 20 4 12 4 28 4 45 4 52 23 4 36 4 33 4 23 4 60 39 4 40 4 34 4 81 23 4 26 4 32 46 4 28 4 38 4 66 42 4 18 4 53 4 47 14 4 29 4 25 4 33 33 4 22 4 21 4 76 30 16 45 16 34 26 4 63 33 16 15 16 38 33 4 22 4 50 17 4 26 4 13 4 92 39 4 42 4 12 4 30 4 35 28 4 31 4 52 23 4 23 4 42 4 33 4 70 28 4 24 4 30 4 57 32 4 27 4 30 4 32 19 4 27 4 35 4 77 14 4 28 4 40 4 20 27 4 29 4 33 4 24 4 62 28 4 38 4 9 4 33 4 74 23 4 40 4 27 4 60 36 4 27 4 43 4 71 45 4 36 4 36 4 
iteration 429 best: 1.10955 time: 134208
84 38 4 38 4 36 4 80 40 4 18 4 62 35 4 37 4 21 4 66 11 4 37 4 14 4 22 38 4 31 4 32 4 53 43 4 32 4 24 4 28 4 59 51 4 17 4 51 4 52 27 4 38 4 47 42 4 21 4 81 11 4 41 4 34 4 31 4 44 46 4 28 4 67 26 4 36 4 89 37 4 22 4 41 4 29 4 41 4 34 33 4 34 4 44 4 33 4 58 33 4 27 4 69 28 4 27 4 27 4 25 4 63 35 4 40 4 32 4 69 31 4 32 4 62 31 4 18 4 84 39 20 38 16 4 39 4 39 4 40 32 20 58 34 4 40 4 28 4 35 19 4 47 4 26 4 30 4 38 27 4 36 4 113 32 4 48 4 21 4 63 14 4 26 4 88 41 4 19 4 16 4 49 42 4 41 4 46 4 72 47 4 31 4 28 26 4 27 4 19 33 4 74 36 4 16 4 24 4 41 24 4 31 4 39 45 4 32 4 66 15 4 24 4 61 42 4 19 4 67 30 4 51 4 84 23 4 20 4 32 26 4 19 4 7 37 4 31 4 48 34 4 14 4 23 4 89 28 4 31 4 52 25 4 40 4 44 4 95 30 4 38 4 45 4 64 20 4 12 4 28 4 45 4 52 23 4 36 4 33 4 23 4 60 39 4 40 4 34 4 81 23 4 26 4 32 46 4 28 4 38 4 66 42 4 18 4 53 4 47 14 4 29 4 25 4 33 33 4 22 4 21 4 76 30 16 45 16 34 26 4 63 33 16 15 16 38 33 4 22 4 50 17 4 26 4 13 4 92 39 4 42 4 12 4 30 4 35 28 4 31 4 52 23 4 23 4 42 4 33 4 70 28 4 24 4 30 4 57 32 4 27 4 30 4 32 19 4 27 4 35 4 77 14 4 28 4 40 4 20 27 4 29 4 33 4 24 4 62 28 4 38 4 9 4 33 4 74 23 4 40 4 27 4 60 36 4 27 4 43 4 71 45 4 36 4 36 4 
iteration 453 best: 1.10955 time: 141676
84 38 4 38 4 36 4 80 40 4 18 4 62 35 4 37 4 21 4 66 11 4 37 4 14 4 22 38 4 31 4 32 4 53 43 4 32 4 24 4 28 4 59 51 4 17 4 51 4 52 27 4 38 4 47 42 4 21 4 81 11 4 41 4 34 4 31 4 44 46 4 28 4 67 26 4 36 4 89 37 4 22 4 41 4 29 4 41 4 34 33 4 34 4 44 4 33 4 58 33 4 27 4 69 28 4 27 4 27 4 25 4 63 35 4 40 4 32 4 69 31 4 32 4 62 31 4 18 4 84 39 20 38 16 4 39 4 39 4 40 32 20 58 34 4 40 4 28 4 35 19 4 47 4 26 4 30 4 38 27 4 36 4 113 32 4 48 4 21 4 63 14 4 26 4 88 41 4 19 4 16 4 49 42 4 41 4 46 4 72 47 4 31 4 28 26 4 27 4 19 33 4 74 36 4 16 4 24 4 41 24 4 31 4 39 45 4 32 4 66 15 4 24 4 61 42 4 19 4 67 30 4 51 4 84 23 4 20 4 32 26 4 19 4 7 37 4 31 4 48 34 4 14 4 23 4 89 28 4 31 4 52 25 4 40 4 44 4 95 30 4 38 4 45 4 64 20 4 12 4 28 4 45 4 52 23 4 36 4 33 4 23 4 60 39 4 40 4 34 4 81 23 4 26 4 32 46 4 28 4 38 4 66 42 4 18 4 53 4 47 14 4 29 4 25 4 33 33 4 22 4 21 4 76 30 16 45 16 34 26 4 63 33 16 15 16 38 33 4 22 4 50 17 4 26 4 13 4 92 39 4 42 4 12 4 30 4 35 28 4 31 4 52 23 4 23 4 42 4 33 4 70 28 4 24 4 30 4 57 32 4 27 4 30 4 32 19 4 27 4 35 4 77 14 4 28 4 40 4 20 27 4 29 4 33 4 24 4 62 28 4 38 4 9 4 33 4 74 23 4 40 4 27 4 60 36 4 27 4 43 4 71 45 4 36 4 36 4 
iteration 477 best: 1.10955 time: 149130
84 38 4 38 4 36 4 80 40 4 18 4 62 35 4 37 4 21 4 66 11 4 37 4 14 4 22 38 4 31 4 32 4 53 43 4 32 4 24 4 28 4 59 51 4 17 4 51 4 52 27 4 38 4 47 42 4 21 4 81 11 4 41 4 34 4 31 4 44 46 4 28 4 67 26 4 36 4 89 37 4 22 4 41 4 29 4 41 4 34 33 4 34 4 44 4 33 4 58 33 4 27 4 69 28 4 27 4 27 4 25 4 63 35 4 40 4 32 4 69 31 4 32 4 62 31 4 18 4 84 39 20 38 16 4 39 4 39 4 40 32 20 58 34 4 40 4 28 4 35 19 4 47 4 26 4 30 4 38 27 4 36 4 113 32 4 48 4 21 4 63 14 4 26 4 88 41 4 19 4 16 4 49 42 4 41 4 46 4 72 47 4 31 4 28 26 4 27 4 19 33 4 74 36 4 16 4 24 4 41 24 4 31 4 39 45 4 32 4 66 15 4 24 4 61 42 4 19 4 67 30 4 51 4 84 23 4 20 4 32 26 4 19 4 7 37 4 31 4 48 34 4 14 4 23 4 89 28 4 31 4 52 25 4 40 4 44 4 95 30 4 38 4 45 4 64 20 4 12 4 28 4 45 4 52 23 4 36 4 33 4 23 4 60 39 4 40 4 34 4 81 23 4 26 4 32 46 4 28 4 38 4 66 42 4 18 4 53 4 47 14 4 29 4 25 4 33 33 4 22 4 21 4 76 30 16 45 16 34 26 4 63 33 16 15 16 38 33 4 22 4 50 17 4 26 4 13 4 92 39 4 42 4 12 4 30 4 35 28 4 31 4 52 23 4 23 4 42 4 33 4 70 28 4 24 4 30 4 57 32 4 27 4 30 4 32 19 4 27 4 35 4 77 14 4 28 4 40 4 20 27 4 29 4 33 4 24 4 62 28 4 38 4 9 4 33 4 74 23 4 40 4 27 4 60 36 4 27 4 43 4 71 45 4 36 4 36 4 
iteration 501 best: 1.10955 time: 156601
84 38 4 38 4 36 4 80 40 4 18 4 62 35 4 37 4 21 4 66 11 4 37 4 14 4 22 38 4 31 4 32 4 53 43 4 32 4 24 4 28 4 59 51 4 17 4 51 4 52 27 4 38 4 47 42 4 21 4 81 11 4 41 4 34 4 31 4 44 46 4 28 4 67 26 4 36 4 89 37 4 22 4 41 4 29 4 41 4 34 33 4 34 4 44 4 33 4 58 33 4 27 4 69 28 4 27 4 27 4 25 4 63 35 4 40 4 32 4 69 31 4 32 4 62 31 4 18 4 84 39 20 38 16 4 39 4 39 4 40 32 20 58 34 4 40 4 28 4 35 19 4 47 4 26 4 30 4 38 27 4 36 4 113 32 4 48 4 21 4 63 14 4 26 4 88 41 4 19 4 16 4 49 42 4 41 4 46 4 72 47 4 31 4 28 26 4 27 4 19 33 4 74 36 4 16 4 24 4 41 24 4 31 4 39 45 4 32 4 66 15 4 24 4 61 42 4 19 4 67 30 4 51 4 84 23 4 20 4 32 26 4 19 4 7 37 4 31 4 48 34 4 14 4 23 4 89 28 4 31 4 52 25 4 40 4 44 4 95 30 4 38 4 45 4 64 20 4 12 4 28 4 45 4 52 23 4 36 4 33 4 23 4 60 39 4 40 4 34 4 81 23 4 26 4 32 46 4 28 4 38 4 66 42 4 18 4 53 4 47 14 4 29 4 25 4 33 33 4 22 4 21 4 76 30 16 45 16 34 26 4 63 33 16 15 16 38 33 4 22 4 50 17 4 26 4 13 4 92 39 4 42 4 12 4 30 4 35 28 4 31 4 52 23 4 23 4 42 4 33 4 70 28 4 24 4 30 4 57 32 4 27 4 30 4 32 19 4 27 4 35 4 77 14 4 28 4 40 4 20 27 4 29 4 33 4 24 4 62 28 4 38 4 9 4 33 4 74 23 4 40 4 27 4 60 36 4 27 4 43 4 71 45 4 36 4 36 4 
iteration 525 best: 1.10955 time: 164053
84 38 4 38 4 36 4 80 40 4 18 4 62 35 4 37 4 21 4 66 11 4 37 4 14 4 22 38 4 31 4 32 4 53 43 4 32 4 24 4 28 4 59 51 4 17 4 51 4 52 27 4 38 4 47 42 4 21 4 81 11 4 41 4 34 4 31 4 44 46 4 28 4 67 26 4 36 4 89 37 4 22 4 41 4 29 4 41 4 34 33 4 34 4 44 4 33 4 58 33 4 27 4 69 28 4 27 4 27 4 25 4 63 35 4 40 4 32 4 69 31 4 32 4 62 31 4 18 4 84 39 20 38 16 4 39 4 39 4 40 32 20 58 34 4 40 4 28 4 35 19 4 47 4 26 4 30 4 38 27 4 36 4 113 32 4 48 4 21 4 63 14 4 26 4 88 41 4 19 4 16 4 49 42 4 41 4 46 4 72 47 4 31 4 28 26 4 27 4 19 33 4 74 36 4 16 4 24 4 41 24 4 31 4 39 45 4 32 4 66 15 4 24 4 61 42 4 19 4 67 30 4 51 4 84 23 4 20 4 32 26 4 19 4 7 37 4 31 4 48 34 4 14 4 23 4 89 28 4 31 4 52 25 4 40 4 44 4 95 30 4 38 4 45 4 64 20 4 12 4 28 4 45 4 52 23 4 36 4 33 4 23 4 60 39 4 40 4 34 4 81 23 4 26 4 32 46 4 28 4 38 4 66 42 4 18 4 53 4 47 14 4 29 4 25 4 33 33 4 22 4 21 4 76 30 16 45 16 34 26 4 63 33 16 15 16 38 33 4 22 4 50 17 4 26 4 13 4 92 39 4 42 4 12 4 30 4 35 28 4 31 4 52 23 4 23 4 42 4 33 4 70 28 4 24 4 30 4 57 32 4 27 4 30 4 32 19 4 27 4 35 4 77 14 4 28 4 40 4 20 27 4 29 4 33 4 24 4 62 28 4 38 4 9 4 33 4 74 23 4 40 4 27 4 60 36 4 27 4 43 4 71 45 4 36 4 36 4 
iteration 549 best: 1.10955 time: 171501
84 38 4 38 4 36 4 80 40 4 18 4 62 35 4 37 4 21 4 66 11 4 37 4 14 4 22 38 4 31 4 32 4 53 43 4 32 4 24 4 28 4 59 51 4 17 4 51 4 52 27 4 38 4 47 42 4 21 4 81 11 4 41 4 34 4 31 4 44 46 4 28 4 67 26 4 36 4 89 37 4 22 4 41 4 29 4 41 4 34 33 4 34 4 44 4 33 4 58 33 4 27 4 69 28 4 27 4 27 4 25 4 63 35 4 40 4 32 4 69 31 4 32 4 62 31 4 18 4 84 39 20 38 16 4 39 4 39 4 40 32 20 58 34 4 40 4 28 4 35 19 4 47 4 26 4 30 4 38 27 4 36 4 113 32 4 48 4 21 4 63 14 4 26 4 88 41 4 19 4 16 4 49 42 4 41 4 46 4 72 47 4 31 4 28 26 4 27 4 19 33 4 74 36 4 16 4 24 4 41 24 4 31 4 39 45 4 32 4 66 15 4 24 4 61 42 4 19 4 67 30 4 51 4 84 23 4 20 4 32 26 4 19 4 7 37 4 31 4 48 34 4 14 4 23 4 89 28 4 31 4 52 25 4 40 4 44 4 95 30 4 38 4 45 4 64 20 4 12 4 28 4 45 4 52 23 4 36 4 33 4 23 4 60 39 4 40 4 34 4 81 23 4 26 4 32 46 4 28 4 38 4 66 42 4 18 4 53 4 47 14 4 29 4 25 4 33 33 4 22 4 21 4 76 30 16 45 16 34 26 4 63 33 16 15 16 38 33 4 22 4 50 17 4 26 4 13 4 92 39 4 42 4 12 4 30 4 35 28 4 31 4 52 23 4 23 4 42 4 33 4 70 28 4 24 4 30 4 57 32 4 27 4 30 4 32 19 4 27 4 35 4 77 14 4 28 4 40 4 20 27 4 29 4 33 4 24 4 62 28 4 38 4 9 4 33 4 74 23 4 40 4 27 4 60 36 4 27 4 43 4 71 45 4 36 4 36 4 
iteration 573 best: 1.10955 time: 178982
84 38 4 38 4 36 4 80 40 4 18 4 62 35 4 37 4 21 4 66 11 4 37 4 14 4 22 38 4 31 4 32 4 53 43 4 32 4 24 4 28 4 59 51 4 17 4 51 4 52 27 4 38 4 47 42 4 21 4 81 11 4 41 4 34 4 31 4 44 46 4 28 4 67 26 4 36 4 89 37 4 22 4 41 4 29 4 41 4 34 33 4 34 4 44 4 33 4 58 33 4 27 4 69 28 4 27 4 27 4 25 4 63 35 4 40 4 32 4 69 31 4 32 4 62 31 4 18 4 84 39 20 38 16 4 39 4 39 4 40 32 20 58 34 4 40 4 28 4 35 19 4 47 4 26 4 30 4 38 27 4 36 4 113 32 4 48 4 21 4 63 14 4 26 4 88 41 4 19 4 16 4 49 42 4 41 4 46 4 72 47 4 31 4 28 26 4 27 4 19 33 4 74 36 4 16 4 24 4 41 24 4 31 4 39 45 4 32 4 66 15 4 24 4 61 42 4 19 4 67 30 4 51 4 84 23 4 20 4 32 26 4 19 4 7 37 4 31 4 48 34 4 14 4 23 4 89 28 4 31 4 52 25 4 40 4 44 4 95 30 4 38 4 45 4 64 20 4 12 4 28 4 45 4 52 23 4 36 4 33 4 23 4 60 39 4 40 4 34 4 81 23 4 26 4 32 46 4 28 4 38 4 66 42 4 18 4 53 4 47 14 4 29 4 25 4 33 33 4 22 4 21 4 76 30 16 45 16 34 26 4 63 33 16 15 16 38 33 4 22 4 50 17 4 26 4 13 4 92 39 4 42 4 12 4 30 4 35 28 4 31 4 52 23 4 23 4 42 4 33 4 70 28 4 24 4 30 4 57 32 4 27 4 30 4 32 19 4 27 4 35 4 77 14 4 28 4 40 4 20 27 4 29 4 33 4 24 4 62 28 4 38 4 9 4 33 4 74 23 4 40 4 27 4 60 36 4 27 4 43 4 71 45 4 36 4 36 4 
iteration 597 best: 1.10955 time: 186445
84 38 4 38 4 36 4 80 40 4 18 4 62 35 4 37 4 21 4 66 11 4 37 4 14 4 22 38 4 31 4 32 4 53 43 4 32 4 24 4 28 4 59 51 4 17 4 51 4 52 27 4 38 4 47 42 4 21 4 81 11 4 41 4 34 4 31 4 44 46 4 28 4 67 26 4 36 4 89 37 4 22 4 41 4 29 4 41 4 34 33 4 34 4 44 4 33 4 58 33 4 27 4 69 28 4 27 4 27 4 25 4 63 35 4 40 4 32 4 69 31 4 32 4 62 31 4 18 4 84 39 20 38 16 4 39 4 39 4 40 32 20 58 34 4 40 4 28 4 35 19 4 47 4 26 4 30 4 38 27 4 36 4 113 32 4 48 4 21 4 63 14 4 26 4 88 41 4 19 4 16 4 49 42 4 41 4 46 4 72 47 4 31 4 28 26 4 27 4 19 33 4 74 36 4 16 4 24 4 41 24 4 31 4 39 45 4 32 4 66 15 4 24 4 61 42 4 19 4 67 30 4 51 4 84 23 4 20 4 32 26 4 19 4 7 37 4 31 4 48 34 4 14 4 23 4 89 28 4 31 4 52 25 4 40 4 44 4 95 30 4 38 4 45 4 64 20 4 12 4 28 4 45 4 52 23 4 36 4 33 4 23 4 60 39 4 40 4 34 4 81 23 4 26 4 32 46 4 28 4 38 4 66 42 4 18 4 53 4 47 14 4 29 4 25 4 33 33 4 22 4 21 4 76 30 16 45 16 34 26 4 63 33 16 15 16 38 33 4 22 4 50 17 4 26 4 13 4 92 39 4 42 4 12 4 30 4 35 28 4 31 4 52 23 4 23 4 42 4 33 4 70 28 4 24 4 30 4 57 32 4 27 4 30 4 32 19 4 27 4 35 4 77 14 4 28 4 40 4 20 27 4 29 4 33 4 24 4 62 28 4 38 4 9 4 33 4 74 23 4 40 4 27 4 60 36 4 27 4 43 4 71 45 4 36 4 36 4 
iteration 621 best: 1.10955 time: 193892
84 38 4 38 4 36 4 80 40 4 18 4 62 35 4 37 4 21 4 66 11 4 37 4 14 4 22 38 4 31 4 32 4 53 43 4 32 4 24 4 28 4 59 51 4 17 4 51 4 52 27 4 38 4 47 42 4 21 4 81 11 4 41 4 34 4 31 4 44 46 4 28 4 67 26 4 36 4 89 37 4 22 4 41 4 29 4 41 4 34 33 4 34 4 44 4 33 4 58 33 4 27 4 69 28 4 27 4 27 4 25 4 63 35 4 40 4 32 4 69 31 4 32 4 62 31 4 18 4 84 39 20 38 16 4 39 4 39 4 40 32 20 58 34 4 40 4 28 4 35 19 4 47 4 26 4 30 4 38 27 4 36 4 113 32 4 48 4 21 4 63 14 4 26 4 88 41 4 19 4 16 4 49 42 4 41 4 46 4 72 47 4 31 4 28 26 4 27 4 19 33 4 74 36 4 16 4 24 4 41 24 4 31 4 39 45 4 32 4 66 15 4 24 4 61 42 4 19 4 67 30 4 51 4 84 23 4 20 4 32 26 4 19 4 7 37 4 31 4 48 34 4 14 4 23 4 89 28 4 31 4 52 25 4 40 4 44 4 95 30 4 38 4 45 4 64 20 4 12 4 28 4 45 4 52 23 4 36 4 33 4 23 4 60 39 4 40 4 34 4 81 23 4 26 4 32 46 4 28 4 38 4 66 42 4 18 4 53 4 47 14 4 29 4 25 4 33 33 4 22 4 21 4 76 30 16 45 16 34 26 4 63 33 16 15 16 38 33 4 22 4 50 17 4 26 4 13 4 92 39 4 42 4 12 4 30 4 35 28 4 31 4 52 23 4 23 4 42 4 33 4 70 28 4 24 4 30 4 57 32 4 27 4 30 4 32 19 4 27 4 35 4 77 14 4 28 4 40 4 20 27 4 29 4 33 4 24 4 62 28 4 38 4 9 4 33 4 74 23 4 40 4 27 4 60 36 4 27 4 43 4 71 45 4 36 4 36 4 
iteration 645 best: 1.10955 time: 201349
84 38 4 38 4 36 4 80 40 4 18 4 62 35 4 37 4 21 4 66 11 4 37 4 14 4 22 38 4 31 4 32 4 53 43 4 32 4 24 4 28 4 59 51 4 17 4 51 4 52 27 4 38 4 47 42 4 21 4 81 11 4 41 4 34 4 31 4 44 46 4 28 4 67 26 4 36 4 89 37 4 22 4 41 4 29 4 41 4 34 33 4 34 4 44 4 33 4 58 33 4 27 4 69 28 4 27 4 27 4 25 4 63 35 4 40 4 32 4 69 31 4 32 4 62 31 4 18 4 84 39 20 38 16 4 39 4 39 4 40 32 20 58 34 4 40 4 28 4 35 19 4 47 4 26 4 30 4 38 27 4 36 4 113 32 4 48 4 21 4 63 14 4 26 4 88 41 4 19 4 16 4 49 42 4 41 4 46 4 72 47 4 31 4 28 26 4 27 4 19 33 4 74 36 4 16 4 24 4 41 24 4 31 4 39 45 4 32 4 66 15 4 24 4 61 42 4 19 4 67 30 4 51 4 84 23 4 20 4 32 26 4 19 4 7 37 4 31 4 48 34 4 14 4 23 4 89 28 4 31 4 52 25 4 40 4 44 4 95 30 4 38 4 45 4 64 20 4 12 4 28 4 45 4 52 23 4 36 4 33 4 23 4 60 39 4 40 4 34 4 81 23 4 26 4 32 46 4 28 4 38 4 66 42 4 18 4 53 4 47 14 4 29 4 25 4 33 33 4 22 4 21 4 76 30 16 45 16 34 26 4 63 33 16 15 16 38 33 4 22 4 50 17 4 26 4 13 4 92 39 4 42 4 12 4 30 4 35 28 4 31 4 52 23 4 23 4 42 4 33 4 70 28 4 24 4 30 4 57 32 4 27 4 30 4 32 19 4 27 4 35 4 77 14 4 28 4 40 4 20 27 4 29 4 33 4 24 4 62 28 4 38 4 9 4 33 4 74 23 4 40 4 27 4 60 36 4 27 4 43 4 71 45 4 36 4 36 4 
iteration 669 best: 1.10955 time: 208799
84 38 4 38 4 36 4 80 40 4 18 4 62 35 4 37 4 21 4 66 11 4 37 4 14 4 22 38 4 31 4 32 4 53 43 4 32 4 24 4 28 4 59 51 4 17 4 51 4 52 27 4 38 4 47 42 4 21 4 81 11 4 41 4 34 4 31 4 44 46 4 28 4 67 26 4 36 4 89 37 4 22 4 41 4 29 4 41 4 34 33 4 34 4 44 4 33 4 58 33 4 27 4 69 28 4 27 4 27 4 25 4 63 35 4 40 4 32 4 69 31 4 32 4 62 31 4 18 4 84 39 20 38 16 4 39 4 39 4 40 32 20 58 34 4 40 4 28 4 35 19 4 47 4 26 4 30 4 38 27 4 36 4 113 32 4 48 4 21 4 63 14 4 26 4 88 41 4 19 4 16 4 49 42 4 41 4 46 4 72 47 4 31 4 28 26 4 27 4 19 33 4 74 36 4 16 4 24 4 41 24 4 31 4 39 45 4 32 4 66 15 4 24 4 61 42 4 19 4 67 30 4 51 4 84 23 4 20 4 32 26 4 19 4 7 37 4 31 4 48 34 4 14 4 23 4 89 28 4 31 4 52 25 4 40 4 44 4 95 30 4 38 4 45 4 64 20 4 12 4 28 4 45 4 52 23 4 36 4 33 4 23 4 60 39 4 40 4 34 4 81 23 4 26 4 32 46 4 28 4 38 4 66 42 4 18 4 53 4 47 14 4 29 4 25 4 33 33 4 22 4 21 4 76 30 16 45 16 34 26 4 63 33 16 15 16 38 33 4 22 4 50 17 4 26 4 13 4 92 39 4 42 4 12 4 30 4 35 28 4 31 4 52 23 4 23 4 42 4 33 4 70 28 4 24 4 30 4 57 32 4 27 4 30 4 32 19 4 27 4 35 4 77 14 4 28 4 40 4 20 27 4 29 4 33 4 24 4 62 28 4 38 4 9 4 33 4 74 23 4 40 4 27 4 60 36 4 27 4 43 4 71 45 4 36 4 36 4 
iteration 693 best: 1.10955 time: 216258
84 38 4 38 4 36 4 80 40 4 18 4 62 35 4 37 4 21 4 66 11 4 37 4 14 4 22 38 4 31 4 32 4 53 43 4 32 4 24 4 28 4 59 51 4 17 4 51 4 52 27 4 38 4 47 42 4 21 4 81 11 4 41 4 34 4 31 4 44 46 4 28 4 67 26 4 36 4 89 37 4 22 4 41 4 29 4 41 4 34 33 4 34 4 44 4 33 4 58 33 4 27 4 69 28 4 27 4 27 4 25 4 63 35 4 40 4 32 4 69 31 4 32 4 62 31 4 18 4 84 39 20 38 16 4 39 4 39 4 40 32 20 58 34 4 40 4 28 4 35 19 4 47 4 26 4 30 4 38 27 4 36 4 113 32 4 48 4 21 4 63 14 4 26 4 88 41 4 19 4 16 4 49 42 4 41 4 46 4 72 47 4 31 4 28 26 4 27 4 19 33 4 74 36 4 16 4 24 4 41 24 4 31 4 39 45 4 32 4 66 15 4 24 4 61 42 4 19 4 67 30 4 51 4 84 23 4 20 4 32 26 4 19 4 7 37 4 31 4 48 34 4 14 4 23 4 89 28 4 31 4 52 25 4 40 4 44 4 95 30 4 38 4 45 4 64 20 4 12 4 28 4 45 4 52 23 4 36 4 33 4 23 4 60 39 4 40 4 34 4 81 23 4 26 4 32 46 4 28 4 38 4 66 42 4 18 4 53 4 47 14 4 29 4 25 4 33 33 4 22 4 21 4 76 30 16 45 16 34 26 4 63 33 16 15 16 38 33 4 22 4 50 17 4 26 4 13 4 92 39 4 42 4 12 4 30 4 35 28 4 31 4 52 23 4 23 4 42 4 33 4 70 28 4 24 4 30 4 57 32 4 27 4 30 4 32 19 4 27 4 35 4 77 14 4 28 4 40 4 20 27 4 29 4 33 4 24 4 62 28 4 38 4 9 4 33 4 74 23 4 40 4 27 4 60 36 4 27 4 43 4 71 45 4 36 4 36 4 
iteration 717 best: 1.10955 time: 223769
84 38 4 38 4 36 4 80 40 4 18 4 62 35 4 37 4 21 4 66 11 4 37 4 14 4 22 38 4 31 4 32 4 53 43 4 32 4 24 4 28 4 59 51 4 17 4 51 4 52 27 4 38 4 47 42 4 21 4 81 11 4 41 4 34 4 31 4 44 46 4 28 4 67 26 4 36 4 89 37 4 22 4 41 4 29 4 41 4 34 33 4 34 4 44 4 33 4 58 33 4 27 4 69 28 4 27 4 27 4 25 4 63 35 4 40 4 32 4 69 31 4 32 4 62 31 4 18 4 84 39 20 38 16 4 39 4 39 4 40 32 20 58 34 4 40 4 28 4 35 19 4 47 4 26 4 30 4 38 27 4 36 4 113 32 4 48 4 21 4 63 14 4 26 4 88 41 4 19 4 16 4 49 42 4 41 4 46 4 72 47 4 31 4 28 26 4 27 4 19 33 4 74 36 4 16 4 24 4 41 24 4 31 4 39 45 4 32 4 66 15 4 24 4 61 42 4 19 4 67 30 4 51 4 84 23 4 20 4 32 26 4 19 4 7 37 4 31 4 48 34 4 14 4 23 4 89 28 4 31 4 52 25 4 40 4 44 4 95 30 4 38 4 45 4 64 20 4 12 4 28 4 45 4 52 23 4 36 4 33 4 23 4 60 39 4 40 4 34 4 81 23 4 26 4 32 46 4 28 4 38 4 66 42 4 18 4 53 4 47 14 4 29 4 25 4 33 33 4 22 4 21 4 76 30 16 45 16 34 26 4 63 33 16 15 16 38 33 4 22 4 50 17 4 26 4 13 4 92 39 4 42 4 12 4 30 4 35 28 4 31 4 52 23 4 23 4 42 4 33 4 70 28 4 24 4 30 4 57 32 4 27 4 30 4 32 19 4 27 4 35 4 77 14 4 28 4 40 4 20 27 4 29 4 33 4 24 4 62 28 4 38 4 9 4 33 4 74 23 4 40 4 27 4 60 36 4 27 4 43 4 71 45 4 36 4 36 4 
iteration 741 best: 1.10955 time: 231278
84 38 4 38 4 36 4 80 40 4 18 4 62 35 4 37 4 21 4 66 11 4 37 4 14 4 22 38 4 31 4 32 4 53 43 4 32 4 24 4 28 4 59 51 4 17 4 51 4 52 27 4 38 4 47 42 4 21 4 81 11 4 41 4 34 4 31 4 44 46 4 28 4 67 26 4 36 4 89 37 4 22 4 41 4 29 4 41 4 34 33 4 34 4 44 4 33 4 58 33 4 27 4 69 28 4 27 4 27 4 25 4 63 35 4 40 4 32 4 69 31 4 32 4 62 31 4 18 4 84 39 20 38 16 4 39 4 39 4 40 32 20 58 34 4 40 4 28 4 35 19 4 47 4 26 4 30 4 38 27 4 36 4 113 32 4 48 4 21 4 63 14 4 26 4 88 41 4 19 4 16 4 49 42 4 41 4 46 4 72 47 4 31 4 28 26 4 27 4 19 33 4 74 36 4 16 4 24 4 41 24 4 31 4 39 45 4 32 4 66 15 4 24 4 61 42 4 19 4 67 30 4 51 4 84 23 4 20 4 32 26 4 19 4 7 37 4 31 4 48 34 4 14 4 23 4 89 28 4 31 4 52 25 4 40 4 44 4 95 30 4 38 4 45 4 64 20 4 12 4 28 4 45 4 52 23 4 36 4 33 4 23 4 60 39 4 40 4 34 4 81 23 4 26 4 32 46 4 28 4 38 4 66 42 4 18 4 53 4 47 14 4 29 4 25 4 33 33 4 22 4 21 4 76 30 16 45 16 34 26 4 63 33 16 15 16 38 33 4 22 4 50 17 4 26 4 13 4 92 39 4 42 4 12 4 30 4 35 28 4 31 4 52 23 4 23 4 42 4 33 4 70 28 4 24 4 30 4 57 32 4 27 4 30 4 32 19 4 27 4 35 4 77 14 4 28 4 40 4 20 27 4 29 4 33 4 24 4 62 28 4 38 4 9 4 33 4 74 23 4 40 4 27 4 60 36 4 27 4 43 4 71 45 4 36 4 36 4 
iteration 765 best: 1.10955 time: 238768
84 38 4 38 4 36 4 80 40 4 18 4 62 35 4 37 4 21 4 66 11 4 37 4 14 4 22 38 4 31 4 32 4 53 43 4 32 4 24 4 28 4 59 51 4 17 4 51 4 52 27 4 38 4 47 42 4 21 4 81 11 4 41 4 34 4 31 4 44 46 4 28 4 67 26 4 36 4 89 37 4 22 4 41 4 29 4 41 4 34 33 4 34 4 44 4 33 4 58 33 4 27 4 69 28 4 27 4 27 4 25 4 63 35 4 40 4 32 4 69 31 4 32 4 62 31 4 18 4 84 39 20 38 16 4 39 4 39 4 40 32 20 58 34 4 40 4 28 4 35 19 4 47 4 26 4 30 4 38 27 4 36 4 113 32 4 48 4 21 4 63 14 4 26 4 88 41 4 19 4 16 4 49 42 4 41 4 46 4 72 47 4 31 4 28 26 4 27 4 19 33 4 74 36 4 16 4 24 4 41 24 4 31 4 39 45 4 32 4 66 15 4 24 4 61 42 4 19 4 67 30 4 51 4 84 23 4 20 4 32 26 4 19 4 7 37 4 31 4 48 34 4 14 4 23 4 89 28 4 31 4 52 25 4 40 4 44 4 95 30 4 38 4 45 4 64 20 4 12 4 28 4 45 4 52 23 4 36 4 33 4 23 4 60 39 4 40 4 34 4 81 23 4 26 4 32 46 4 28 4 38 4 66 42 4 18 4 53 4 47 14 4 29 4 25 4 33 33 4 22 4 21 4 76 30 16 45 16 34 26 4 63 33 16 15 16 38 33 4 22 4 50 17 4 26 4 13 4 92 39 4 42 4 12 4 30 4 35 28 4 31 4 52 23 4 23 4 42 4 33 4 70 28 4 24 4 30 4 57 32 4 27 4 30 4 32 19 4 27 4 35 4 77 14 4 28 4 40 4 20 27 4 29 4 33 4 24 4 62 28 4 38 4 9 4 33 4 74 23 4 40 4 27 4 60 36 4 27 4 43 4 71 45 4 36 4 36 4 
iteration 789 best: 1.10955 time: 246234
84 38 4 38 4 36 4 80 40 4 18 4 62 35 4 37 4 21 4 66 11 4 37 4 14 4 22 38 4 31 4 32 4 53 43 4 32 4 24 4 28 4 59 51 4 17 4 51 4 52 27 4 38 4 47 42 4 21 4 81 11 4 41 4 34 4 31 4 44 46 4 28 4 67 26 4 36 4 89 37 4 22 4 41 4 29 4 41 4 34 33 4 34 4 44 4 33 4 58 33 4 27 4 69 28 4 27 4 27 4 25 4 63 35 4 40 4 32 4 69 31 4 32 4 62 31 4 18 4 84 39 20 38 16 4 39 4 39 4 40 32 20 58 34 4 40 4 28 4 35 19 4 47 4 26 4 30 4 38 27 4 36 4 113 32 4 48 4 21 4 63 14 4 26 4 88 41 4 19 4 16 4 49 42 4 41 4 46 4 72 47 4 31 4 28 26 4 27 4 19 33 4 74 36 4 16 4 24 4 41 24 4 31 4 39 45 4 32 4 66 15 4 24 4 61 42 4 19 4 67 30 4 51 4 84 23 4 20 4 32 26 4 19 4 7 37 4 31 4 48 34 4 14 4 23 4 89 28 4 31 4 52 25 4 40 4 44 4 95 30 4 38 4 45 4 64 20 4 12 4 28 4 45 4 52 23 4 36 4 33 4 23 4 60 39 4 40 4 34 4 81 23 4 26 4 32 46 4 28 4 38 4 66 42 4 18 4 53 4 47 14 4 29 4 25 4 33 33 4 22 4 21 4 76 30 16 45 16 34 26 4 63 33 16 15 16 38 33 4 22 4 50 17 4 26 4 13 4 92 39 4 42 4 12 4 30 4 35 28 4 31 4 52 23 4 23 4 42 4 33 4 70 28 4 24 4 30 4 57 32 4 27 4 30 4 32 19 4 27 4 35 4 77 14 4 28 4 40 4 20 27 4 29 4 33 4 24 4 62 28 4 38 4 9 4 33 4 74 23 4 40 4 27 4 60 36 4 27 4 43 4 71 45 4 36 4 36 4 
iteration 813 best: 1.10955 time: 253713
84 38 4 38 4 36 4 80 40 4 18 4 62 35 4 37 4 21 4 66 11 4 37 4 14 4 22 38 4 31 4 32 4 53 43 4 32 4 24 4 28 4 59 51 4 17 4 51 4 52 27 4 38 4 47 42 4 21 4 81 11 4 41 4 34 4 31 4 44 46 4 28 4 67 26 4 36 4 89 37 4 22 4 41 4 29 4 41 4 34 33 4 34 4 44 4 33 4 58 33 4 27 4 69 28 4 27 4 27 4 25 4 63 35 4 40 4 32 4 69 31 4 32 4 62 31 4 18 4 84 39 20 38 16 4 39 4 39 4 40 32 20 58 34 4 40 4 28 4 35 19 4 47 4 26 4 30 4 38 27 4 36 4 113 32 4 48 4 21 4 63 14 4 26 4 88 41 4 19 4 16 4 49 42 4 41 4 46 4 72 47 4 31 4 28 26 4 27 4 19 33 4 74 36 4 16 4 24 4 41 24 4 31 4 39 45 4 32 4 66 15 4 24 4 61 42 4 19 4 67 30 4 51 4 84 23 4 20 4 32 26 4 19 4 7 37 4 31 4 48 34 4 14 4 23 4 89 28 4 31 4 52 25 4 40 4 44 4 95 30 4 38 4 45 4 64 20 4 12 4 28 4 45 4 52 23 4 36 4 33 4 23 4 60 39 4 40 4 34 4 81 23 4 26 4 32 46 4 28 4 38 4 66 42 4 18 4 53 4 47 14 4 29 4 25 4 33 33 4 22 4 21 4 76 30 16 45 16 34 26 4 63 33 16 15 16 38 33 4 22 4 50 17 4 26 4 13 4 92 39 4 42 4 12 4 30 4 35 28 4 31 4 52 23 4 23 4 42 4 33 4 70 28 4 24 4 30 4 57 32 4 27 4 30 4 32 19 4 27 4 35 4 77 14 4 28 4 40 4 20 27 4 29 4 33 4 24 4 62 28 4 38 4 9 4 33 4 74 23 4 40 4 27 4 60 36 4 27 4 43 4 71 45 4 36 4 36 4 
iteration 837 best: 1.10955 time: 261169
84 38 4 38 4 36 4 80 40 4 18 4 62 35 4 37 4 21 4 66 11 4 37 4 14 4 22 38 4 31 4 32 4 53 43 4 32 4 24 4 28 4 59 51 4 17 4 51 4 52 27 4 38 4 47 42 4 21 4 81 11 4 41 4 34 4 31 4 44 46 4 28 4 67 26 4 36 4 89 37 4 22 4 41 4 29 4 41 4 34 33 4 34 4 44 4 33 4 58 33 4 27 4 69 28 4 27 4 27 4 25 4 63 35 4 40 4 32 4 69 31 4 32 4 62 31 4 18 4 84 39 20 38 16 4 39 4 39 4 40 32 20 58 34 4 40 4 28 4 35 19 4 47 4 26 4 30 4 38 27 4 36 4 113 32 4 48 4 21 4 63 14 4 26 4 88 41 4 19 4 16 4 49 42 4 41 4 46 4 72 47 4 31 4 28 26 4 27 4 19 33 4 74 36 4 16 4 24 4 41 24 4 31 4 39 45 4 32 4 66 15 4 24 4 61 42 4 19 4 67 30 4 51 4 84 23 4 20 4 32 26 4 19 4 7 37 4 31 4 48 34 4 14 4 23 4 89 28 4 31 4 52 25 4 40 4 44 4 95 30 4 38 4 45 4 64 20 4 12 4 28 4 45 4 52 23 4 36 4 33 4 23 4 60 39 4 40 4 34 4 81 23 4 26 4 32 46 4 28 4 38 4 66 42 4 18 4 53 4 47 14 4 29 4 25 4 33 33 4 22 4 21 4 76 30 16 45 16 34 26 4 63 33 16 15 16 38 33 4 22 4 50 17 4 26 4 13 4 92 39 4 42 4 12 4 30 4 35 28 4 31 4 52 23 4 23 4 42 4 33 4 70 28 4 24 4 30 4 57 32 4 27 4 30 4 32 19 4 27 4 35 4 77 14 4 28 4 40 4 20 27 4 29 4 33 4 24 4 62 28 4 38 4 9 4 33 4 74 23 4 40 4 27 4 60 36 4 27 4 43 4 71 45 4 36 4 36 4 
iteration 861 best: 1.10955 time: 268633
84 38 4 38 4 36 4 80 40 4 18 4 62 35 4 37 4 21 4 66 11 4 37 4 14 4 22 38 4 31 4 32 4 53 43 4 32 4 24 4 28 4 59 51 4 17 4 51 4 52 27 4 38 4 47 42 4 21 4 81 11 4 41 4 34 4 31 4 44 46 4 28 4 67 26 4 36 4 89 37 4 22 4 41 4 29 4 41 4 34 33 4 34 4 44 4 33 4 58 33 4 27 4 69 28 4 27 4 27 4 25 4 63 35 4 40 4 32 4 69 31 4 32 4 62 31 4 18 4 84 39 20 38 16 4 39 4 39 4 40 32 20 58 34 4 40 4 28 4 35 19 4 47 4 26 4 30 4 38 27 4 36 4 113 32 4 48 4 21 4 63 14 4 26 4 88 41 4 19 4 16 4 49 42 4 41 4 46 4 72 47 4 31 4 28 26 4 27 4 19 33 4 74 36 4 16 4 24 4 41 24 4 31 4 39 45 4 32 4 66 15 4 24 4 61 42 4 19 4 67 30 4 51 4 84 23 4 20 4 32 26 4 19 4 7 37 4 31 4 48 34 4 14 4 23 4 89 28 4 31 4 52 25 4 40 4 44 4 95 30 4 38 4 45 4 64 20 4 12 4 28 4 45 4 52 23 4 36 4 33 4 23 4 60 39 4 40 4 34 4 81 23 4 26 4 32 46 4 28 4 38 4 66 42 4 18 4 53 4 47 14 4 29 4 25 4 33 33 4 22 4 21 4 76 30 16 45 16 34 26 4 63 33 16 15 16 38 33 4 22 4 50 17 4 26 4 13 4 92 39 4 42 4 12 4 30 4 35 28 4 31 4 52 23 4 23 4 42 4 33 4 70 28 4 24 4 30 4 57 32 4 27 4 30 4 32 19 4 27 4 35 4 77 14 4 28 4 40 4 20 27 4 29 4 33 4 24 4 62 28 4 38 4 9 4 33 4 74 23 4 40 4 27 4 60 36 4 27 4 43 4 71 45 4 36 4 36 4 
iteration 885 best: 1.10955 time: 276100
84 38 4 38 4 36 4 80 40 4 18 4 62 35 4 37 4 21 4 66 11 4 37 4 14 4 22 38 4 31 4 32 4 53 43 4 32 4 24 4 28 4 59 51 4 17 4 51 4 52 27 4 38 4 47 42 4 21 4 81 11 4 41 4 34 4 31 4 44 46 4 28 4 67 26 4 36 4 89 37 4 22 4 41 4 29 4 41 4 34 33 4 34 4 44 4 33 4 58 33 4 27 4 69 28 4 27 4 27 4 25 4 63 35 4 40 4 32 4 69 31 4 32 4 62 31 4 18 4 84 39 20 38 16 4 39 4 39 4 40 32 20 58 34 4 40 4 28 4 35 19 4 47 4 26 4 30 4 38 27 4 36 4 113 32 4 48 4 21 4 63 14 4 26 4 88 41 4 19 4 16 4 49 42 4 41 4 46 4 72 47 4 31 4 28 26 4 27 4 19 33 4 74 36 4 16 4 24 4 41 24 4 31 4 39 45 4 32 4 66 15 4 24 4 61 42 4 19 4 67 30 4 51 4 84 23 4 20 4 32 26 4 19 4 7 37 4 31 4 48 34 4 14 4 23 4 89 28 4 31 4 52 25 4 40 4 44 4 95 30 4 38 4 45 4 64 20 4 12 4 28 4 45 4 52 23 4 36 4 33 4 23 4 60 39 4 40 4 34 4 81 23 4 26 4 32 46 4 28 4 38 4 66 42 4 18 4 53 4 47 14 4 29 4 25 4 33 33 4 22 4 21 4 76 30 16 45 16 34 26 4 63 33 16 15 16 38 33 4 22 4 50 17 4 26 4 13 4 92 39 4 42 4 12 4 30 4 35 28 4 31 4 52 23 4 23 4 42 4 33 4 70 28 4 24 4 30 4 57 32 4 27 4 30 4 32 19 4 27 4 35 4 77 14 4 28 4 40 4 20 27 4 29 4 33 4 24 4 62 28 4 38 4 9 4 33 4 74 23 4 40 4 27 4 60 36 4 27 4 43 4 71 45 4 36 4 36 4 
iteration 909 best: 1.10955 time: 283590
84 38 4 38 4 36 4 80 40 4 18 4 62 35 4 37 4 21 4 66 11 4 37 4 14 4 22 38 4 31 4 32 4 53 43 4 32 4 24 4 28 4 59 51 4 17 4 51 4 52 27 4 38 4 47 42 4 21 4 81 11 4 41 4 34 4 31 4 44 46 4 28 4 67 26 4 36 4 89 37 4 22 4 41 4 29 4 41 4 34 33 4 34 4 44 4 33 4 58 33 4 27 4 69 28 4 27 4 27 4 25 4 63 35 4 40 4 32 4 69 31 4 32 4 62 31 4 18 4 84 39 20 38 16 4 39 4 39 4 40 32 20 58 34 4 40 4 28 4 35 19 4 47 4 26 4 30 4 38 27 4 36 4 113 32 4 48 4 21 4 63 14 4 26 4 88 41 4 19 4 16 4 49 42 4 41 4 46 4 72 47 4 31 4 28 26 4 27 4 19 33 4 74 36 4 16 4 24 4 41 24 4 31 4 39 45 4 32 4 66 15 4 24 4 61 42 4 19 4 67 30 4 51 4 84 23 4 20 4 32 26 4 19 4 7 37 4 31 4 48 34 4 14 4 23 4 89 28 4 31 4 52 25 4 40 4 44 4 95 30 4 38 4 45 4 64 20 4 12 4 28 4 45 4 52 23 4 36 4 33 4 23 4 60 39 4 40 4 34 4 81 23 4 26 4 32 46 4 28 4 38 4 66 42 4 18 4 53 4 47 14 4 29 4 25 4 33 33 4 22 4 21 4 76 30 16 45 16 34 26 4 63 33 16 15 16 38 33 4 22 4 50 17 4 26 4 13 4 92 39 4 42 4 12 4 30 4 35 28 4 31 4 52 23 4 23 4 42 4 33 4 70 28 4 24 4 30 4 57 32 4 27 4 30 4 32 19 4 27 4 35 4 77 14 4 28 4 40 4 20 27 4 29 4 33 4 24 4 62 28 4 38 4 9 4 33 4 74 23 4 40 4 27 4 60 36 4 27 4 43 4 71 45 4 36 4 36 4 
iteration 933 best: 1.10955 time: 291061
84 38 4 38 4 36 4 80 40 4 18 4 62 35 4 37 4 21 4 66 11 4 37 4 14 4 22 38 4 31 4 32 4 53 43 4 32 4 24 4 28 4 59 51 4 17 4 51 4 52 27 4 38 4 47 42 4 21 4 81 11 4 41 4 34 4 31 4 44 46 4 28 4 67 26 4 36 4 89 37 4 22 4 41 4 29 4 41 4 34 33 4 34 4 44 4 33 4 58 33 4 27 4 69 28 4 27 4 27 4 25 4 63 35 4 40 4 32 4 69 31 4 32 4 62 31 4 18 4 84 39 20 38 16 4 39 4 39 4 40 32 20 58 34 4 40 4 28 4 35 19 4 47 4 26 4 30 4 38 27 4 36 4 113 32 4 48 4 21 4 63 14 4 26 4 88 41 4 19 4 16 4 49 42 4 41 4 46 4 72 47 4 31 4 28 26 4 27 4 19 33 4 74 36 4 16 4 24 4 41 24 4 31 4 39 45 4 32 4 66 15 4 24 4 61 42 4 19 4 67 30 4 51 4 84 23 4 20 4 32 26 4 19 4 7 37 4 31 4 48 34 4 14 4 23 4 89 28 4 31 4 52 25 4 40 4 44 4 95 30 4 38 4 45 4 64 20 4 12 4 28 4 45 4 52 23 4 36 4 33 4 23 4 60 39 4 40 4 34 4 81 23 4 26 4 32 46 4 28 4 38 4 66 42 4 18 4 53 4 47 14 4 29 4 25 4 33 33 4 22 4 21 4 76 30 16 45 16 34 26 4 63 33 16 15 16 38 33 4 22 4 50 17 4 26 4 13 4 92 39 4 42 4 12 4 30 4 35 28 4 31 4 52 23 4 23 4 42 4 33 4 70 28 4 24 4 30 4 57 32 4 27 4 30 4 32 19 4 27 4 35 4 77 14 4 28 4 40 4 20 27 4 29 4 33 4 24 4 62 28 4 38 4 9 4 33 4 74 23 4 40 4 27 4 60 36 4 27 4 43 4 71 45 4 36 4 36 4 
iteration 957 best: 1.10955 time: 298516
84 38 4 38 4 36 4 80 40 4 18 4 62 35 4 37 4 21 4 66 11 4 37 4 14 4 22 38 4 31 4 32 4 53 43 4 32 4 24 4 28 4 59 51 4 17 4 51 4 52 27 4 38 4 47 42 4 21 4 81 11 4 41 4 34 4 31 4 44 46 4 28 4 67 26 4 36 4 89 37 4 22 4 41 4 29 4 41 4 34 33 4 34 4 44 4 33 4 58 33 4 27 4 69 28 4 27 4 27 4 25 4 63 35 4 40 4 32 4 69 31 4 32 4 62 31 4 18 4 84 39 20 38 16 4 39 4 39 4 40 32 20 58 34 4 40 4 28 4 35 19 4 47 4 26 4 30 4 38 27 4 36 4 113 32 4 48 4 21 4 63 14 4 26 4 88 41 4 19 4 16 4 49 42 4 41 4 46 4 72 47 4 31 4 28 26 4 27 4 19 33 4 74 36 4 16 4 24 4 41 24 4 31 4 39 45 4 32 4 66 15 4 24 4 61 42 4 19 4 67 30 4 51 4 84 23 4 20 4 32 26 4 19 4 7 37 4 31 4 48 34 4 14 4 23 4 89 28 4 31 4 52 25 4 40 4 44 4 95 30 4 38 4 45 4 64 20 4 12 4 28 4 45 4 52 23 4 36 4 33 4 23 4 60 39 4 40 4 34 4 81 23 4 26 4 32 46 4 28 4 38 4 66 42 4 18 4 53 4 47 14 4 29 4 25 4 33 33 4 22 4 21 4 76 30 16 45 16 34 26 4 63 33 16 15 16 38 33 4 22 4 50 17 4 26 4 13 4 92 39 4 42 4 12 4 30 4 35 28 4 31 4 52 23 4 23 4 42 4 33 4 70 28 4 24 4 30 4 57 32 4 27 4 30 4 32 19 4 27 4 35 4 77 14 4 28 4 40 4 20 27 4 29 4 33 4 24 4 62 28 4 38 4 9 4 33 4 74 23 4 40 4 27 4 60 36 4 27 4 43 4 71 45 4 36 4 36 4 
iteration 981 best: 1.10955 time: 306005
84 38 4 38 4 36 4 80 40 4 18 4 62 35 4 37 4 21 4 66 11 4 37 4 14 4 22 38 4 31 4 32 4 53 43 4 32 4 24 4 28 4 59 51 4 17 4 51 4 52 27 4 38 4 47 42 4 21 4 81 11 4 41 4 34 4 31 4 44 46 4 28 4 67 26 4 36 4 89 37 4 22 4 41 4 29 4 41 4 34 33 4 34 4 44 4 33 4 58 33 4 27 4 69 28 4 27 4 27 4 25 4 63 35 4 40 4 32 4 69 31 4 32 4 62 31 4 18 4 84 39 20 38 16 4 39 4 39 4 40 32 20 58 34 4 40 4 28 4 35 19 4 47 4 26 4 30 4 38 27 4 36 4 113 32 4 48 4 21 4 63 14 4 26 4 88 41 4 19 4 16 4 49 42 4 41 4 46 4 72 47 4 31 4 28 26 4 27 4 19 33 4 74 36 4 16 4 24 4 41 24 4 31 4 39 45 4 32 4 66 15 4 24 4 61 42 4 19 4 67 30 4 51 4 84 23 4 20 4 32 26 4 19 4 7 37 4 31 4 48 34 4 14 4 23 4 89 28 4 31 4 52 25 4 40 4 44 4 95 30 4 38 4 45 4 64 20 4 12 4 28 4 45 4 52 23 4 36 4 33 4 23 4 60 39 4 40 4 34 4 81 23 4 26 4 32 46 4 28 4 38 4 66 42 4 18 4 53 4 47 14 4 29 4 25 4 33 33 4 22 4 21 4 76 30 16 45 16 34 26 4 63 33 16 15 16 38 33 4 22 4 50 17 4 26 4 13 4 92 39 4 42 4 12 4 30 4 35 28 4 31 4 52 23 4 23 4 42 4 33 4 70 28 4 24 4 30 4 57 32 4 27 4 30 4 32 19 4 27 4 35 4 77 14 4 28 4 40 4 20 27 4 29 4 33 4 24 4 62 28 4 38 4 9 4 33 4 74 23 4 40 4 27 4 60 36 4 27 4 43 4 71 45 4 36 4 36 4 
iteration 1004 best: 1.10955 time: 313221
84 38 4 38 4 36 4 80 40 4 18 4 62 35 4 37 4 21 4 66 11 4 37 4 14 4 22 38 4 31 4 32 4 53 43 4 32 4 24 4 28 4 59 51 4 17 4 51 4 52 27 4 38 4 47 42 4 21 4 81 11 4 41 4 34 4 31 4 44 46 4 28 4 67 26 4 36 4 89 37 4 22 4 41 4 29 4 41 4 34 33 4 34 4 44 4 33 4 58 33 4 27 4 69 28 4 27 4 27 4 25 4 63 35 4 40 4 32 4 69 31 4 32 4 62 31 4 18 4 84 39 20 38 16 4 39 4 39 4 40 32 20 58 34 4 40 4 28 4 35 19 4 47 4 26 4 30 4 38 27 4 36 4 113 32 4 48 4 21 4 63 14 4 26 4 88 41 4 19 4 16 4 49 42 4 41 4 46 4 72 47 4 31 4 28 26 4 27 4 19 33 4 74 36 4 16 4 24 4 41 24 4 31 4 39 45 4 32 4 66 15 4 24 4 61 42 4 19 4 67 30 4 51 4 84 23 4 20 4 32 26 4 19 4 7 37 4 31 4 48 34 4 14 4 23 4 89 28 4 31 4 52 25 4 40 4 44 4 95 30 4 38 4 45 4 64 20 4 12 4 28 4 45 4 52 23 4 36 4 33 4 23 4 60 39 4 40 4 34 4 81 23 4 26 4 32 46 4 28 4 38 4 66 42 4 18 4 53 4 47 14 4 29 4 25 4 33 33 4 22 4 21 4 76 30 16 45 16 34 26 4 63 33 16 15 16 38 33 4 22 4 50 17 4 26 4 13 4 92 39 4 42 4 12 4 30 4 35 28 4 31 4 52 23 4 23 4 42 4 33 4 70 28 4 24 4 30 4 57 32 4 27 4 30 4 32 19 4 27 4 35 4 77 14 4 28 4 40 4 20 27 4 29 4 33 4 24 4 62 28 4 38 4 9 4 33 4 74 23 4 40 4 27 4 60 36 4 27 4 43 4 71 45 4 36 4 36 4 
iteration 1028 best: 1.10955 time: 320688
84 38 4 38 4 36 4 80 40 4 18 4 62 35 4 37 4 21 4 66 11 4 37 4 14 4 22 38 4 31 4 32 4 53 43 4 32 4 24 4 28 4 59 51 4 17 4 51 4 52 27 4 38 4 47 42 4 21 4 81 11 4 41 4 34 4 31 4 44 46 4 28 4 67 26 4 36 4 89 37 4 22 4 41 4 29 4 41 4 34 33 4 34 4 44 4 33 4 58 33 4 27 4 69 28 4 27 4 27 4 25 4 63 35 4 40 4 32 4 69 31 4 32 4 62 31 4 18 4 84 39 20 38 16 4 39 4 39 4 40 32 20 58 34 4 40 4 28 4 35 19 4 47 4 26 4 30 4 38 27 4 36 4 113 32 4 48 4 21 4 63 14 4 26 4 88 41 4 19 4 16 4 49 42 4 41 4 46 4 72 47 4 31 4 28 26 4 27 4 19 33 4 74 36 4 16 4 24 4 41 24 4 31 4 39 45 4 32 4 66 15 4 24 4 61 42 4 19 4 67 30 4 51 4 84 23 4 20 4 32 26 4 19 4 7 37 4 31 4 48 34 4 14 4 23 4 89 28 4 31 4 52 25 4 40 4 44 4 95 30 4 38 4 45 4 64 20 4 12 4 28 4 45 4 52 23 4 36 4 33 4 23 4 60 39 4 40 4 34 4 81 23 4 26 4 32 46 4 28 4 38 4 66 42 4 18 4 53 4 47 14 4 29 4 25 4 33 33 4 22 4 21 4 76 30 16 45 16 34 26 4 63 33 16 15 16 38 33 4 22 4 50 17 4 26 4 13 4 92 39 4 42 4 12 4 30 4 35 28 4 31 4 52 23 4 23 4 42 4 33 4 70 28 4 24 4 30 4 57 32 4 27 4 30 4 32 19 4 27 4 35 4 77 14 4 28 4 40 4 20 27 4 29 4 33 4 24 4 62 28 4 38 4 9 4 33 4 74 23 4 40 4 27 4 60 36 4 27 4 43 4 71 45 4 36 4 36 4 
iteration 1052 best: 1.10955 time: 328152
84 38 4 38 4 36 4 80 40 4 18 4 62 35 4 37 4 21 4 66 11 4 37 4 14 4 22 38 4 31 4 32 4 53 43 4 32 4 24 4 28 4 59 51 4 17 4 51 4 52 27 4 38 4 47 42 4 21 4 81 11 4 41 4 34 4 31 4 44 46 4 28 4 67 26 4 36 4 89 37 4 22 4 41 4 29 4 41 4 34 33 4 34 4 44 4 33 4 58 33 4 27 4 69 28 4 27 4 27 4 25 4 63 35 4 40 4 32 4 69 31 4 32 4 62 31 4 18 4 84 39 20 38 16 4 39 4 39 4 40 32 20 58 34 4 40 4 28 4 35 19 4 47 4 26 4 30 4 38 27 4 36 4 113 32 4 48 4 21 4 63 14 4 26 4 88 41 4 19 4 16 4 49 42 4 41 4 46 4 72 47 4 31 4 28 26 4 27 4 19 33 4 74 36 4 16 4 24 4 41 24 4 31 4 39 45 4 32 4 66 15 4 24 4 61 42 4 19 4 67 30 4 51 4 84 23 4 20 4 32 26 4 19 4 7 37 4 31 4 48 34 4 14 4 23 4 89 28 4 31 4 52 25 4 40 4 44 4 95 30 4 38 4 45 4 64 20 4 12 4 28 4 45 4 52 23 4 36 4 33 4 23 4 60 39 4 40 4 34 4 81 23 4 26 4 32 46 4 28 4 38 4 66 42 4 18 4 53 4 47 14 4 29 4 25 4 33 33 4 22 4 21 4 76 30 16 45 16 34 26 4 63 33 16 15 16 38 33 4 22 4 50 17 4 26 4 13 4 92 39 4 42 4 12 4 30 4 35 28 4 31 4 52 23 4 23 4 42 4 33 4 70 28 4 24 4 30 4 57 32 4 27 4 30 4 32 19 4 27 4 35 4 77 14 4 28 4 40 4 20 27 4 29 4 33 4 24 4 62 28 4 38 4 9 4 33 4 74 23 4 40 4 27 4 60 36 4 27 4 43 4 71 45 4 36 4 36 4 
iteration 1076 best: 1.10955 time: 335629
84 38 4 38 4 36 4 80 40 4 18 4 62 35 4 37 4 21 4 66 11 4 37 4 14 4 22 38 4 31 4 32 4 53 43 4 32 4 24 4 28 4 59 51 4 17 4 51 4 52 27 4 38 4 47 42 4 21 4 81 11 4 41 4 34 4 31 4 44 46 4 28 4 67 26 4 36 4 89 37 4 22 4 41 4 29 4 41 4 34 33 4 34 4 44 4 33 4 58 33 4 27 4 69 28 4 27 4 27 4 25 4 63 35 4 40 4 32 4 69 31 4 32 4 62 31 4 18 4 84 39 20 38 16 4 39 4 39 4 40 32 20 58 34 4 40 4 28 4 35 19 4 47 4 26 4 30 4 38 27 4 36 4 113 32 4 48 4 21 4 63 14 4 26 4 88 41 4 19 4 16 4 49 42 4 41 4 46 4 72 47 4 31 4 28 26 4 27 4 19 33 4 74 36 4 16 4 24 4 41 24 4 31 4 39 45 4 32 4 66 15 4 24 4 61 42 4 19 4 67 30 4 51 4 84 23 4 20 4 32 26 4 19 4 7 37 4 31 4 48 34 4 14 4 23 4 89 28 4 31 4 52 25 4 40 4 44 4 95 30 4 38 4 45 4 64 20 4 12 4 28 4 45 4 52 23 4 36 4 33 4 23 4 60 39 4 40 4 34 4 81 23 4 26 4 32 46 4 28 4 38 4 66 42 4 18 4 53 4 47 14 4 29 4 25 4 33 33 4 22 4 21 4 76 30 16 45 16 34 26 4 63 33 16 15 16 38 33 4 22 4 50 17 4 26 4 13 4 92 39 4 42 4 12 4 30 4 35 28 4 31 4 52 23 4 23 4 42 4 33 4 70 28 4 24 4 30 4 57 32 4 27 4 30 4 32 19 4 27 4 35 4 77 14 4 28 4 40 4 20 27 4 29 4 33 4 24 4 62 28 4 38 4 9 4 33 4 74 23 4 40 4 27 4 60 36 4 27 4 43 4 71 45 4 36 4 36 4 
iteration 1100 best: 1.10955 time: 343118
84 38 4 38 4 36 4 80 40 4 18 4 62 35 4 37 4 21 4 66 11 4 37 4 14 4 22 38 4 31 4 32 4 53 43 4 32 4 24 4 28 4 59 51 4 17 4 51 4 52 27 4 38 4 47 42 4 21 4 81 11 4 41 4 34 4 31 4 44 46 4 28 4 67 26 4 36 4 89 37 4 22 4 41 4 29 4 41 4 34 33 4 34 4 44 4 33 4 58 33 4 27 4 69 28 4 27 4 27 4 25 4 63 35 4 40 4 32 4 69 31 4 32 4 62 31 4 18 4 84 39 20 38 16 4 39 4 39 4 40 32 20 58 34 4 40 4 28 4 35 19 4 47 4 26 4 30 4 38 27 4 36 4 113 32 4 48 4 21 4 63 14 4 26 4 88 41 4 19 4 16 4 49 42 4 41 4 46 4 72 47 4 31 4 28 26 4 27 4 19 33 4 74 36 4 16 4 24 4 41 24 4 31 4 39 45 4 32 4 66 15 4 24 4 61 42 4 19 4 67 30 4 51 4 84 23 4 20 4 32 26 4 19 4 7 37 4 31 4 48 34 4 14 4 23 4 89 28 4 31 4 52 25 4 40 4 44 4 95 30 4 38 4 45 4 64 20 4 12 4 28 4 45 4 52 23 4 36 4 33 4 23 4 60 39 4 40 4 34 4 81 23 4 26 4 32 46 4 28 4 38 4 66 42 4 18 4 53 4 47 14 4 29 4 25 4 33 33 4 22 4 21 4 76 30 16 45 16 34 26 4 63 33 16 15 16 38 33 4 22 4 50 17 4 26 4 13 4 92 39 4 42 4 12 4 30 4 35 28 4 31 4 52 23 4 23 4 42 4 33 4 70 28 4 24 4 30 4 57 32 4 27 4 30 4 32 19 4 27 4 35 4 77 14 4 28 4 40 4 20 27 4 29 4 33 4 24 4 62 28 4 38 4 9 4 33 4 74 23 4 40 4 27 4 60 36 4 27 4 43 4 71 45 4 36 4 36 4 
iteration 1124 best: 1.10955 time: 350579
84 38 4 38 4 36 4 80 40 4 18 4 62 35 4 37 4 21 4 66 11 4 37 4 14 4 22 38 4 31 4 32 4 53 43 4 32 4 24 4 28 4 59 51 4 17 4 51 4 52 27 4 38 4 47 42 4 21 4 81 11 4 41 4 34 4 31 4 44 46 4 28 4 67 26 4 36 4 89 37 4 22 4 41 4 29 4 41 4 34 33 4 34 4 44 4 33 4 58 33 4 27 4 69 28 4 27 4 27 4 25 4 63 35 4 40 4 32 4 69 31 4 32 4 62 31 4 18 4 84 39 20 38 16 4 39 4 39 4 40 32 20 58 34 4 40 4 28 4 35 19 4 47 4 26 4 30 4 38 27 4 36 4 113 32 4 48 4 21 4 63 14 4 26 4 88 41 4 19 4 16 4 49 42 4 41 4 46 4 72 47 4 31 4 28 26 4 27 4 19 33 4 74 36 4 16 4 24 4 41 24 4 31 4 39 45 4 32 4 66 15 4 24 4 61 42 4 19 4 67 30 4 51 4 84 23 4 20 4 32 26 4 19 4 7 37 4 31 4 48 34 4 14 4 23 4 89 28 4 31 4 52 25 4 40 4 44 4 95 30 4 38 4 45 4 64 20 4 12 4 28 4 45 4 52 23 4 36 4 33 4 23 4 60 39 4 40 4 34 4 81 23 4 26 4 32 46 4 28 4 38 4 66 42 4 18 4 53 4 47 14 4 29 4 25 4 33 33 4 22 4 21 4 76 30 16 45 16 34 26 4 63 33 16 15 16 38 33 4 22 4 50 17 4 26 4 13 4 92 39 4 42 4 12 4 30 4 35 28 4 31 4 52 23 4 23 4 42 4 33 4 70 28 4 24 4 30 4 57 32 4 27 4 30 4 32 19 4 27 4 35 4 77 14 4 28 4 40 4 20 27 4 29 4 33 4 24 4 62 28 4 38 4 9 4 33 4 74 23 4 40 4 27 4 60 36 4 27 4 43 4 71 45 4 36 4 36 4 
iteration 1148 best: 1.10955 time: 358064
84 38 4 38 4 36 4 80 40 4 18 4 62 35 4 37 4 21 4 66 11 4 37 4 14 4 22 38 4 31 4 32 4 53 43 4 32 4 24 4 28 4 59 51 4 17 4 51 4 52 27 4 38 4 47 42 4 21 4 81 11 4 41 4 34 4 31 4 44 46 4 28 4 67 26 4 36 4 89 37 4 22 4 41 4 29 4 41 4 34 33 4 34 4 44 4 33 4 58 33 4 27 4 69 28 4 27 4 27 4 25 4 63 35 4 40 4 32 4 69 31 4 32 4 62 31 4 18 4 84 39 20 38 16 4 39 4 39 4 40 32 20 58 34 4 40 4 28 4 35 19 4 47 4 26 4 30 4 38 27 4 36 4 113 32 4 48 4 21 4 63 14 4 26 4 88 41 4 19 4 16 4 49 42 4 41 4 46 4 72 47 4 31 4 28 26 4 27 4 19 33 4 74 36 4 16 4 24 4 41 24 4 31 4 39 45 4 32 4 66 15 4 24 4 61 42 4 19 4 67 30 4 51 4 84 23 4 20 4 32 26 4 19 4 7 37 4 31 4 48 34 4 14 4 23 4 89 28 4 31 4 52 25 4 40 4 44 4 95 30 4 38 4 45 4 64 20 4 12 4 28 4 45 4 52 23 4 36 4 33 4 23 4 60 39 4 40 4 34 4 81 23 4 26 4 32 46 4 28 4 38 4 66 42 4 18 4 53 4 47 14 4 29 4 25 4 33 33 4 22 4 21 4 76 30 16 45 16 34 26 4 63 33 16 15 16 38 33 4 22 4 50 17 4 26 4 13 4 92 39 4 42 4 12 4 30 4 35 28 4 31 4 52 23 4 23 4 42 4 33 4 70 28 4 24 4 30 4 57 32 4 27 4 30 4 32 19 4 27 4 35 4 77 14 4 28 4 40 4 20 27 4 29 4 33 4 24 4 62 28 4 38 4 9 4 33 4 74 23 4 40 4 27 4 60 36 4 27 4 43 4 71 45 4 36 4 36 4 
iteration 1172 best: 1.10955 time: 365542
84 38 4 38 4 36 4 80 40 4 18 4 62 35 4 37 4 21 4 66 11 4 37 4 14 4 22 38 4 31 4 32 4 53 43 4 32 4 24 4 28 4 59 51 4 17 4 51 4 52 27 4 38 4 47 42 4 21 4 81 11 4 41 4 34 4 31 4 44 46 4 28 4 67 26 4 36 4 89 37 4 22 4 41 4 29 4 41 4 34 33 4 34 4 44 4 33 4 58 33 4 27 4 69 28 4 27 4 27 4 25 4 63 35 4 40 4 32 4 69 31 4 32 4 62 31 4 18 4 84 39 20 38 16 4 39 4 39 4 40 32 20 58 34 4 40 4 28 4 35 19 4 47 4 26 4 30 4 38 27 4 36 4 113 32 4 48 4 21 4 63 14 4 26 4 88 41 4 19 4 16 4 49 42 4 41 4 46 4 72 47 4 31 4 28 26 4 27 4 19 33 4 74 36 4 16 4 24 4 41 24 4 31 4 39 45 4 32 4 66 15 4 24 4 61 42 4 19 4 67 30 4 51 4 84 23 4 20 4 32 26 4 19 4 7 37 4 31 4 48 34 4 14 4 23 4 89 28 4 31 4 52 25 4 40 4 44 4 95 30 4 38 4 45 4 64 20 4 12 4 28 4 45 4 52 23 4 36 4 33 4 23 4 60 39 4 40 4 34 4 81 23 4 26 4 32 46 4 28 4 38 4 66 42 4 18 4 53 4 47 14 4 29 4 25 4 33 33 4 22 4 21 4 76 30 16 45 16 34 26 4 63 33 16 15 16 38 33 4 22 4 50 17 4 26 4 13 4 92 39 4 42 4 12 4 30 4 35 28 4 31 4 52 23 4 23 4 42 4 33 4 70 28 4 24 4 30 4 57 32 4 27 4 30 4 32 19 4 27 4 35 4 77 14 4 28 4 40 4 20 27 4 29 4 33 4 24 4 62 28 4 38 4 9 4 33 4 74 23 4 40 4 27 4 60 36 4 27 4 43 4 71 45 4 36 4 36 4 
iteration 1196 best: 1.10955 time: 373026
84 38 4 38 4 36 4 80 40 4 18 4 62 35 4 37 4 21 4 66 11 4 37 4 14 4 22 38 4 31 4 32 4 53 43 4 32 4 24 4 28 4 59 51 4 17 4 51 4 52 27 4 38 4 47 42 4 21 4 81 11 4 41 4 34 4 31 4 44 46 4 28 4 67 26 4 36 4 89 37 4 22 4 41 4 29 4 41 4 34 33 4 34 4 44 4 33 4 58 33 4 27 4 69 28 4 27 4 27 4 25 4 63 35 4 40 4 32 4 69 31 4 32 4 62 31 4 18 4 84 39 20 38 16 4 39 4 39 4 40 32 20 58 34 4 40 4 28 4 35 19 4 47 4 26 4 30 4 38 27 4 36 4 113 32 4 48 4 21 4 63 14 4 26 4 88 41 4 19 4 16 4 49 42 4 41 4 46 4 72 47 4 31 4 28 26 4 27 4 19 33 4 74 36 4 16 4 24 4 41 24 4 31 4 39 45 4 32 4 66 15 4 24 4 61 42 4 19 4 67 30 4 51 4 84 23 4 20 4 32 26 4 19 4 7 37 4 31 4 48 34 4 14 4 23 4 89 28 4 31 4 52 25 4 40 4 44 4 95 30 4 38 4 45 4 64 20 4 12 4 28 4 45 4 52 23 4 36 4 33 4 23 4 60 39 4 40 4 34 4 81 23 4 26 4 32 46 4 28 4 38 4 66 42 4 18 4 53 4 47 14 4 29 4 25 4 33 33 4 22 4 21 4 76 30 16 45 16 34 26 4 63 33 16 15 16 38 33 4 22 4 50 17 4 26 4 13 4 92 39 4 42 4 12 4 30 4 35 28 4 31 4 52 23 4 23 4 42 4 33 4 70 28 4 24 4 30 4 57 32 4 27 4 30 4 32 19 4 27 4 35 4 77 14 4 28 4 40 4 20 27 4 29 4 33 4 24 4 62 28 4 38 4 9 4 33 4 74 23 4 40 4 27 4 60 36 4 27 4 43 4 71 45 4 36 4 36 4 
iteration 1220 best: 1.10955 time: 380505
84 38 4 38 4 36 4 80 40 4 18 4 62 35 4 37 4 21 4 66 11 4 37 4 14 4 22 38 4 31 4 32 4 53 43 4 32 4 24 4 28 4 59 51 4 17 4 51 4 52 27 4 38 4 47 42 4 21 4 81 11 4 41 4 34 4 31 4 44 46 4 28 4 67 26 4 36 4 89 37 4 22 4 41 4 29 4 41 4 34 33 4 34 4 44 4 33 4 58 33 4 27 4 69 28 4 27 4 27 4 25 4 63 35 4 40 4 32 4 69 31 4 32 4 62 31 4 18 4 84 39 20 38 16 4 39 4 39 4 40 32 20 58 34 4 40 4 28 4 35 19 4 47 4 26 4 30 4 38 27 4 36 4 113 32 4 48 4 21 4 63 14 4 26 4 88 41 4 19 4 16 4 49 42 4 41 4 46 4 72 47 4 31 4 28 26 4 27 4 19 33 4 74 36 4 16 4 24 4 41 24 4 31 4 39 45 4 32 4 66 15 4 24 4 61 42 4 19 4 67 30 4 51 4 84 23 4 20 4 32 26 4 19 4 7 37 4 31 4 48 34 4 14 4 23 4 89 28 4 31 4 52 25 4 40 4 44 4 95 30 4 38 4 45 4 64 20 4 12 4 28 4 45 4 52 23 4 36 4 33 4 23 4 60 39 4 40 4 34 4 81 23 4 26 4 32 46 4 28 4 38 4 66 42 4 18 4 53 4 47 14 4 29 4 25 4 33 33 4 22 4 21 4 76 30 16 45 16 34 26 4 63 33 16 15 16 38 33 4 22 4 50 17 4 26 4 13 4 92 39 4 42 4 12 4 30 4 35 28 4 31 4 52 23 4 23 4 42 4 33 4 70 28 4 24 4 30 4 57 32 4 27 4 30 4 32 19 4 27 4 35 4 77 14 4 28 4 40 4 20 27 4 29 4 33 4 24 4 62 28 4 38 4 9 4 33 4 74 23 4 40 4 27 4 60 36 4 27 4 43 4 71 45 4 36 4 36 4 
iteration 1244 best: 1.10955 time: 387999
84 38 4 38 4 36 4 80 40 4 18 4 62 35 4 37 4 21 4 66 11 4 37 4 14 4 22 38 4 31 4 32 4 53 43 4 32 4 24 4 28 4 59 51 4 17 4 51 4 52 27 4 38 4 47 42 4 21 4 81 11 4 41 4 34 4 31 4 44 46 4 28 4 67 26 4 36 4 89 37 4 22 4 41 4 29 4 41 4 34 33 4 34 4 44 4 33 4 58 33 4 27 4 69 28 4 27 4 27 4 25 4 63 35 4 40 4 32 4 69 31 4 32 4 62 31 4 18 4 84 39 20 38 16 4 39 4 39 4 40 32 20 58 34 4 40 4 28 4 35 19 4 47 4 26 4 30 4 38 27 4 36 4 113 32 4 48 4 21 4 63 14 4 26 4 88 41 4 19 4 16 4 49 42 4 41 4 46 4 72 47 4 31 4 28 26 4 27 4 19 33 4 74 36 4 16 4 24 4 41 24 4 31 4 39 45 4 32 4 66 15 4 24 4 61 42 4 19 4 67 30 4 51 4 84 23 4 20 4 32 26 4 19 4 7 37 4 31 4 48 34 4 14 4 23 4 89 28 4 31 4 52 25 4 40 4 44 4 95 30 4 38 4 45 4 64 20 4 12 4 28 4 45 4 52 23 4 36 4 33 4 23 4 60 39 4 40 4 34 4 81 23 4 26 4 32 46 4 28 4 38 4 66 42 4 18 4 53 4 47 14 4 29 4 25 4 33 33 4 22 4 21 4 76 30 16 45 16 34 26 4 63 33 16 15 16 38 33 4 22 4 50 17 4 26 4 13 4 92 39 4 42 4 12 4 30 4 35 28 4 31 4 52 23 4 23 4 42 4 33 4 70 28 4 24 4 30 4 57 32 4 27 4 30 4 32 19 4 27 4 35 4 77 14 4 28 4 40 4 20 27 4 29 4 33 4 24 4 62 28 4 38 4 9 4 33 4 74 23 4 40 4 27 4 60 36 4 27 4 43 4 71 45 4 36 4 36 4 
iteration 1268 best: 1.10955 time: 395462
84 38 4 38 4 36 4 80 40 4 18 4 62 35 4 37 4 21 4 66 11 4 37 4 14 4 22 38 4 31 4 32 4 53 43 4 32 4 24 4 28 4 59 51 4 17 4 51 4 52 27 4 38 4 47 42 4 21 4 81 11 4 41 4 34 4 31 4 44 46 4 28 4 67 26 4 36 4 89 37 4 22 4 41 4 29 4 41 4 34 33 4 34 4 44 4 33 4 58 33 4 27 4 69 28 4 27 4 27 4 25 4 63 35 4 40 4 32 4 69 31 4 32 4 62 31 4 18 4 84 39 20 38 16 4 39 4 39 4 40 32 20 58 34 4 40 4 28 4 35 19 4 47 4 26 4 30 4 38 27 4 36 4 113 32 4 48 4 21 4 63 14 4 26 4 88 41 4 19 4 16 4 49 42 4 41 4 46 4 72 47 4 31 4 28 26 4 27 4 19 33 4 74 36 4 16 4 24 4 41 24 4 31 4 39 45 4 32 4 66 15 4 24 4 61 42 4 19 4 67 30 4 51 4 84 23 4 20 4 32 26 4 19 4 7 37 4 31 4 48 34 4 14 4 23 4 89 28 4 31 4 52 25 4 40 4 44 4 95 30 4 38 4 45 4 64 20 4 12 4 28 4 45 4 52 23 4 36 4 33 4 23 4 60 39 4 40 4 34 4 81 23 4 26 4 32 46 4 28 4 38 4 66 42 4 18 4 53 4 47 14 4 29 4 25 4 33 33 4 22 4 21 4 76 30 16 45 16 34 26 4 63 33 16 15 16 38 33 4 22 4 50 17 4 26 4 13 4 92 39 4 42 4 12 4 30 4 35 28 4 31 4 52 23 4 23 4 42 4 33 4 70 28 4 24 4 30 4 57 32 4 27 4 30 4 32 19 4 27 4 35 4 77 14 4 28 4 40 4 20 27 4 29 4 33 4 24 4 62 28 4 38 4 9 4 33 4 74 23 4 40 4 27 4 60 36 4 27 4 43 4 71 45 4 36 4 36 4 
iteration 1292 best: 1.10955 time: 402927
84 38 4 38 4 36 4 80 40 4 18 4 62 35 4 37 4 21 4 66 11 4 37 4 14 4 22 38 4 31 4 32 4 53 43 4 32 4 24 4 28 4 59 51 4 17 4 51 4 52 27 4 38 4 47 42 4 21 4 81 11 4 41 4 34 4 31 4 44 46 4 28 4 67 26 4 36 4 89 37 4 22 4 41 4 29 4 41 4 34 33 4 34 4 44 4 33 4 58 33 4 27 4 69 28 4 27 4 27 4 25 4 63 35 4 40 4 32 4 69 31 4 32 4 62 31 4 18 4 84 39 20 38 16 4 39 4 39 4 40 32 20 58 34 4 40 4 28 4 35 19 4 47 4 26 4 30 4 38 27 4 36 4 113 32 4 48 4 21 4 63 14 4 26 4 88 41 4 19 4 16 4 49 42 4 41 4 46 4 72 47 4 31 4 28 26 4 27 4 19 33 4 74 36 4 16 4 24 4 41 24 4 31 4 39 45 4 32 4 66 15 4 24 4 61 42 4 19 4 67 30 4 51 4 84 23 4 20 4 32 26 4 19 4 7 37 4 31 4 48 34 4 14 4 23 4 89 28 4 31 4 52 25 4 40 4 44 4 95 30 4 38 4 45 4 64 20 4 12 4 28 4 45 4 52 23 4 36 4 33 4 23 4 60 39 4 40 4 34 4 81 23 4 26 4 32 46 4 28 4 38 4 66 42 4 18 4 53 4 47 14 4 29 4 25 4 33 33 4 22 4 21 4 76 30 16 45 16 34 26 4 63 33 16 15 16 38 33 4 22 4 50 17 4 26 4 13 4 92 39 4 42 4 12 4 30 4 35 28 4 31 4 52 23 4 23 4 42 4 33 4 70 28 4 24 4 30 4 57 32 4 27 4 30 4 32 19 4 27 4 35 4 77 14 4 28 4 40 4 20 27 4 29 4 33 4 24 4 62 28 4 38 4 9 4 33 4 74 23 4 40 4 27 4 60 36 4 27 4 43 4 71 45 4 36 4 36 4 
iteration 1316 best: 1.10955 time: 410390
84 38 4 38 4 36 4 80 40 4 18 4 62 35 4 37 4 21 4 66 11 4 37 4 14 4 22 38 4 31 4 32 4 53 43 4 32 4 24 4 28 4 59 51 4 17 4 51 4 52 27 4 38 4 47 42 4 21 4 81 11 4 41 4 34 4 31 4 44 46 4 28 4 67 26 4 36 4 89 37 4 22 4 41 4 29 4 41 4 34 33 4 34 4 44 4 33 4 58 33 4 27 4 69 28 4 27 4 27 4 25 4 63 35 4 40 4 32 4 69 31 4 32 4 62 31 4 18 4 84 39 20 38 16 4 39 4 39 4 40 32 20 58 34 4 40 4 28 4 35 19 4 47 4 26 4 30 4 38 27 4 36 4 113 32 4 48 4 21 4 63 14 4 26 4 88 41 4 19 4 16 4 49 42 4 41 4 46 4 72 47 4 31 4 28 26 4 27 4 19 33 4 74 36 4 16 4 24 4 41 24 4 31 4 39 45 4 32 4 66 15 4 24 4 61 42 4 19 4 67 30 4 51 4 84 23 4 20 4 32 26 4 19 4 7 37 4 31 4 48 34 4 14 4 23 4 89 28 4 31 4 52 25 4 40 4 44 4 95 30 4 38 4 45 4 64 20 4 12 4 28 4 45 4 52 23 4 36 4 33 4 23 4 60 39 4 40 4 34 4 81 23 4 26 4 32 46 4 28 4 38 4 66 42 4 18 4 53 4 47 14 4 29 4 25 4 33 33 4 22 4 21 4 76 30 16 45 16 34 26 4 63 33 16 15 16 38 33 4 22 4 50 17 4 26 4 13 4 92 39 4 42 4 12 4 30 4 35 28 4 31 4 52 23 4 23 4 42 4 33 4 70 28 4 24 4 30 4 57 32 4 27 4 30 4 32 19 4 27 4 35 4 77 14 4 28 4 40 4 20 27 4 29 4 33 4 24 4 62 28 4 38 4 9 4 33 4 74 23 4 40 4 27 4 60 36 4 27 4 43 4 71 45 4 36 4 36 4 
iteration 1340 best: 1.10955 time: 417845
84 38 4 38 4 36 4 80 40 4 18 4 62 35 4 37 4 21 4 66 11 4 37 4 14 4 22 38 4 31 4 32 4 53 43 4 32 4 24 4 28 4 59 51 4 17 4 51 4 52 27 4 38 4 47 42 4 21 4 81 11 4 41 4 34 4 31 4 44 46 4 28 4 67 26 4 36 4 89 37 4 22 4 41 4 29 4 41 4 34 33 4 34 4 44 4 33 4 58 33 4 27 4 69 28 4 27 4 27 4 25 4 63 35 4 40 4 32 4 69 31 4 32 4 62 31 4 18 4 84 39 20 38 16 4 39 4 39 4 40 32 20 58 34 4 40 4 28 4 35 19 4 47 4 26 4 30 4 38 27 4 36 4 113 32 4 48 4 21 4 63 14 4 26 4 88 41 4 19 4 16 4 49 42 4 41 4 46 4 72 47 4 31 4 28 26 4 27 4 19 33 4 74 36 4 16 4 24 4 41 24 4 31 4 39 45 4 32 4 66 15 4 24 4 61 42 4 19 4 67 30 4 51 4 84 23 4 20 4 32 26 4 19 4 7 37 4 31 4 48 34 4 14 4 23 4 89 28 4 31 4 52 25 4 40 4 44 4 95 30 4 38 4 45 4 64 20 4 12 4 28 4 45 4 52 23 4 36 4 33 4 23 4 60 39 4 40 4 34 4 81 23 4 26 4 32 46 4 28 4 38 4 66 42 4 18 4 53 4 47 14 4 29 4 25 4 33 33 4 22 4 21 4 76 30 16 45 16 34 26 4 63 33 16 15 16 38 33 4 22 4 50 17 4 26 4 13 4 92 39 4 42 4 12 4 30 4 35 28 4 31 4 52 23 4 23 4 42 4 33 4 70 28 4 24 4 30 4 57 32 4 27 4 30 4 32 19 4 27 4 35 4 77 14 4 28 4 40 4 20 27 4 29 4 33 4 24 4 62 28 4 38 4 9 4 33 4 74 23 4 40 4 27 4 60 36 4 27 4 43 4 71 45 4 36 4 36 4 
iteration 1364 best: 1.10955 time: 425308
84 38 4 38 4 36 4 80 40 4 18 4 62 35 4 37 4 21 4 66 11 4 37 4 14 4 22 38 4 31 4 32 4 53 43 4 32 4 24 4 28 4 59 51 4 17 4 51 4 52 27 4 38 4 47 42 4 21 4 81 11 4 41 4 34 4 31 4 44 46 4 28 4 67 26 4 36 4 89 37 4 22 4 41 4 29 4 41 4 34 33 4 34 4 44 4 33 4 58 33 4 27 4 69 28 4 27 4 27 4 25 4 63 35 4 40 4 32 4 69 31 4 32 4 62 31 4 18 4 84 39 20 38 16 4 39 4 39 4 40 32 20 58 34 4 40 4 28 4 35 19 4 47 4 26 4 30 4 38 27 4 36 4 113 32 4 48 4 21 4 63 14 4 26 4 88 41 4 19 4 16 4 49 42 4 41 4 46 4 72 47 4 31 4 28 26 4 27 4 19 33 4 74 36 4 16 4 24 4 41 24 4 31 4 39 45 4 32 4 66 15 4 24 4 61 42 4 19 4 67 30 4 51 4 84 23 4 20 4 32 26 4 19 4 7 37 4 31 4 48 34 4 14 4 23 4 89 28 4 31 4 52 25 4 40 4 44 4 95 30 4 38 4 45 4 64 20 4 12 4 28 4 45 4 52 23 4 36 4 33 4 23 4 60 39 4 40 4 34 4 81 23 4 26 4 32 46 4 28 4 38 4 66 42 4 18 4 53 4 47 14 4 29 4 25 4 33 33 4 22 4 21 4 76 30 16 45 16 34 26 4 63 33 16 15 16 38 33 4 22 4 50 17 4 26 4 13 4 92 39 4 42 4 12 4 30 4 35 28 4 31 4 52 23 4 23 4 42 4 33 4 70 28 4 24 4 30 4 57 32 4 27 4 30 4 32 19 4 27 4 35 4 77 14 4 28 4 40 4 20 27 4 29 4 33 4 24 4 62 28 4 38 4 9 4 33 4 74 23 4 40 4 27 4 60 36 4 27 4 43 4 71 45 4 36 4 36 4 
iteration 1388 best: 1.10955 time: 432766
84 38 4 38 4 36 4 80 40 4 18 4 62 35 4 37 4 21 4 66 11 4 37 4 14 4 22 38 4 31 4 32 4 53 43 4 32 4 24 4 28 4 59 51 4 17 4 51 4 52 27 4 38 4 47 42 4 21 4 81 11 4 41 4 34 4 31 4 44 46 4 28 4 67 26 4 36 4 89 37 4 22 4 41 4 29 4 41 4 34 33 4 34 4 44 4 33 4 58 33 4 27 4 69 28 4 27 4 27 4 25 4 63 35 4 40 4 32 4 69 31 4 32 4 62 31 4 18 4 84 39 20 38 16 4 39 4 39 4 40 32 20 58 34 4 40 4 28 4 35 19 4 47 4 26 4 30 4 38 27 4 36 4 113 32 4 48 4 21 4 63 14 4 26 4 88 41 4 19 4 16 4 49 42 4 41 4 46 4 72 47 4 31 4 28 26 4 27 4 19 33 4 74 36 4 16 4 24 4 41 24 4 31 4 39 45 4 32 4 66 15 4 24 4 61 42 4 19 4 67 30 4 51 4 84 23 4 20 4 32 26 4 19 4 7 37 4 31 4 48 34 4 14 4 23 4 89 28 4 31 4 52 25 4 40 4 44 4 95 30 4 38 4 45 4 64 20 4 12 4 28 4 45 4 52 23 4 36 4 33 4 23 4 60 39 4 40 4 34 4 81 23 4 26 4 32 46 4 28 4 38 4 66 42 4 18 4 53 4 47 14 4 29 4 25 4 33 33 4 22 4 21 4 76 30 16 45 16 34 26 4 63 33 16 15 16 38 33 4 22 4 50 17 4 26 4 13 4 92 39 4 42 4 12 4 30 4 35 28 4 31 4 52 23 4 23 4 42 4 33 4 70 28 4 24 4 30 4 57 32 4 27 4 30 4 32 19 4 27 4 35 4 77 14 4 28 4 40 4 20 27 4 29 4 33 4 24 4 62 28 4 38 4 9 4 33 4 74 23 4 40 4 27 4 60 36 4 27 4 43 4 71 45 4 36 4 36 4 
iteration 1412 best: 1.10955 time: 440234
84 38 4 38 4 36 4 80 40 4 18 4 62 35 4 37 4 21 4 66 11 4 37 4 14 4 22 38 4 31 4 32 4 53 43 4 32 4 24 4 28 4 59 51 4 17 4 51 4 52 27 4 38 4 47 42 4 21 4 81 11 4 41 4 34 4 31 4 44 46 4 28 4 67 26 4 36 4 89 37 4 22 4 41 4 29 4 41 4 34 33 4 34 4 44 4 33 4 58 33 4 27 4 69 28 4 27 4 27 4 25 4 63 35 4 40 4 32 4 69 31 4 32 4 62 31 4 18 4 84 39 20 38 16 4 39 4 39 4 40 32 20 58 34 4 40 4 28 4 35 19 4 47 4 26 4 30 4 38 27 4 36 4 113 32 4 48 4 21 4 63 14 4 26 4 88 41 4 19 4 16 4 49 42 4 41 4 46 4 72 47 4 31 4 28 26 4 27 4 19 33 4 74 36 4 16 4 24 4 41 24 4 31 4 39 45 4 32 4 66 15 4 24 4 61 42 4 19 4 67 30 4 51 4 84 23 4 20 4 32 26 4 19 4 7 37 4 31 4 48 34 4 14 4 23 4 89 28 4 31 4 52 25 4 40 4 44 4 95 30 4 38 4 45 4 64 20 4 12 4 28 4 45 4 52 23 4 36 4 33 4 23 4 60 39 4 40 4 34 4 81 23 4 26 4 32 46 4 28 4 38 4 66 42 4 18 4 53 4 47 14 4 29 4 25 4 33 33 4 22 4 21 4 76 30 16 45 16 34 26 4 63 33 16 15 16 38 33 4 22 4 50 17 4 26 4 13 4 92 39 4 42 4 12 4 30 4 35 28 4 31 4 52 23 4 23 4 42 4 33 4 70 28 4 24 4 30 4 57 32 4 27 4 30 4 32 19 4 27 4 35 4 77 14 4 28 4 40 4 20 27 4 29 4 33 4 24 4 62 28 4 38 4 9 4 33 4 74 23 4 40 4 27 4 60 36 4 27 4 43 4 71 45 4 36 4 36 4 
iteration 1436 best: 1.10955 time: 447698
84 38 4 38 4 36 4 80 40 4 18 4 62 35 4 37 4 21 4 66 11 4 37 4 14 4 22 38 4 31 4 32 4 53 43 4 32 4 24 4 28 4 59 51 4 17 4 51 4 52 27 4 38 4 47 42 4 21 4 81 11 4 41 4 34 4 31 4 44 46 4 28 4 67 26 4 36 4 89 37 4 22 4 41 4 29 4 41 4 34 33 4 34 4 44 4 33 4 58 33 4 27 4 69 28 4 27 4 27 4 25 4 63 35 4 40 4 32 4 69 31 4 32 4 62 31 4 18 4 84 39 20 38 16 4 39 4 39 4 40 32 20 58 34 4 40 4 28 4 35 19 4 47 4 26 4 30 4 38 27 4 36 4 113 32 4 48 4 21 4 63 14 4 26 4 88 41 4 19 4 16 4 49 42 4 41 4 46 4 72 47 4 31 4 28 26 4 27 4 19 33 4 74 36 4 16 4 24 4 41 24 4 31 4 39 45 4 32 4 66 15 4 24 4 61 42 4 19 4 67 30 4 51 4 84 23 4 20 4 32 26 4 19 4 7 37 4 31 4 48 34 4 14 4 23 4 89 28 4 31 4 52 25 4 40 4 44 4 95 30 4 38 4 45 4 64 20 4 12 4 28 4 45 4 52 23 4 36 4 33 4 23 4 60 39 4 40 4 34 4 81 23 4 26 4 32 46 4 28 4 38 4 66 42 4 18 4 53 4 47 14 4 29 4 25 4 33 33 4 22 4 21 4 76 30 16 45 16 34 26 4 63 33 16 15 16 38 33 4 22 4 50 17 4 26 4 13 4 92 39 4 42 4 12 4 30 4 35 28 4 31 4 52 23 4 23 4 42 4 33 4 70 28 4 24 4 30 4 57 32 4 27 4 30 4 32 19 4 27 4 35 4 77 14 4 28 4 40 4 20 27 4 29 4 33 4 24 4 62 28 4 38 4 9 4 33 4 74 23 4 40 4 27 4 60 36 4 27 4 43 4 71 45 4 36 4 36 4 
iteration 1460 best: 1.10955 time: 455164
84 38 4 38 4 36 4 80 40 4 18 4 62 35 4 37 4 21 4 66 11 4 37 4 14 4 22 38 4 31 4 32 4 53 43 4 32 4 24 4 28 4 59 51 4 17 4 51 4 52 27 4 38 4 47 42 4 21 4 81 11 4 41 4 34 4 31 4 44 46 4 28 4 67 26 4 36 4 89 37 4 22 4 41 4 29 4 41 4 34 33 4 34 4 44 4 33 4 58 33 4 27 4 69 28 4 27 4 27 4 25 4 63 35 4 40 4 32 4 69 31 4 32 4 62 31 4 18 4 84 39 20 38 16 4 39 4 39 4 40 32 20 58 34 4 40 4 28 4 35 19 4 47 4 26 4 30 4 38 27 4 36 4 113 32 4 48 4 21 4 63 14 4 26 4 88 41 4 19 4 16 4 49 42 4 41 4 46 4 72 47 4 31 4 28 26 4 27 4 19 33 4 74 36 4 16 4 24 4 41 24 4 31 4 39 45 4 32 4 66 15 4 24 4 61 42 4 19 4 67 30 4 51 4 84 23 4 20 4 32 26 4 19 4 7 37 4 31 4 48 34 4 14 4 23 4 89 28 4 31 4 52 25 4 40 4 44 4 95 30 4 38 4 45 4 64 20 4 12 4 28 4 45 4 52 23 4 36 4 33 4 23 4 60 39 4 40 4 34 4 81 23 4 26 4 32 46 4 28 4 38 4 66 42 4 18 4 53 4 47 14 4 29 4 25 4 33 33 4 22 4 21 4 76 30 16 45 16 34 26 4 63 33 16 15 16 38 33 4 22 4 50 17 4 26 4 13 4 92 39 4 42 4 12 4 30 4 35 28 4 31 4 52 23 4 23 4 42 4 33 4 70 28 4 24 4 30 4 57 32 4 27 4 30 4 32 19 4 27 4 35 4 77 14 4 28 4 40 4 20 27 4 29 4 33 4 24 4 62 28 4 38 4 9 4 33 4 74 23 4 40 4 27 4 60 36 4 27 4 43 4 71 45 4 36 4 36 4 
iteration 1484 best: 1.10955 time: 462638
84 38 4 38 4 36 4 80 40 4 18 4 62 35 4 37 4 21 4 66 11 4 37 4 14 4 22 38 4 31 4 32 4 53 43 4 32 4 24 4 28 4 59 51 4 17 4 51 4 52 27 4 38 4 47 42 4 21 4 81 11 4 41 4 34 4 31 4 44 46 4 28 4 67 26 4 36 4 89 37 4 22 4 41 4 29 4 41 4 34 33 4 34 4 44 4 33 4 58 33 4 27 4 69 28 4 27 4 27 4 25 4 63 35 4 40 4 32 4 69 31 4 32 4 62 31 4 18 4 84 39 20 38 16 4 39 4 39 4 40 32 20 58 34 4 40 4 28 4 35 19 4 47 4 26 4 30 4 38 27 4 36 4 113 32 4 48 4 21 4 63 14 4 26 4 88 41 4 19 4 16 4 49 42 4 41 4 46 4 72 47 4 31 4 28 26 4 27 4 19 33 4 74 36 4 16 4 24 4 41 24 4 31 4 39 45 4 32 4 66 15 4 24 4 61 42 4 19 4 67 30 4 51 4 84 23 4 20 4 32 26 4 19 4 7 37 4 31 4 48 34 4 14 4 23 4 89 28 4 31 4 52 25 4 40 4 44 4 95 30 4 38 4 45 4 64 20 4 12 4 28 4 45 4 52 23 4 36 4 33 4 23 4 60 39 4 40 4 34 4 81 23 4 26 4 32 46 4 28 4 38 4 66 42 4 18 4 53 4 47 14 4 29 4 25 4 33 33 4 22 4 21 4 76 30 16 45 16 34 26 4 63 33 16 15 16 38 33 4 22 4 50 17 4 26 4 13 4 92 39 4 42 4 12 4 30 4 35 28 4 31 4 52 23 4 23 4 42 4 33 4 70 28 4 24 4 30 4 57 32 4 27 4 30 4 32 19 4 27 4 35 4 77 14 4 28 4 40 4 20 27 4 29 4 33 4 24 4 62 28 4 38 4 9 4 33 4 74 23 4 40 4 27 4 60 36 4 27 4 43 4 71 45 4 36 4 36 4 
iteration 1508 best: 1.10955 time: 470106
84 38 4 38 4 36 4 80 40 4 18 4 62 35 4 37 4 21 4 66 11 4 37 4 14 4 22 38 4 31 4 32 4 53 43 4 32 4 24 4 28 4 59 51 4 17 4 51 4 52 27 4 38 4 47 42 4 21 4 81 11 4 41 4 34 4 31 4 44 46 4 28 4 67 26 4 36 4 89 37 4 22 4 41 4 29 4 41 4 34 33 4 34 4 44 4 33 4 58 33 4 27 4 69 28 4 27 4 27 4 25 4 63 35 4 40 4 32 4 69 31 4 32 4 62 31 4 18 4 84 39 20 38 16 4 39 4 39 4 40 32 20 58 34 4 40 4 28 4 35 19 4 47 4 26 4 30 4 38 27 4 36 4 113 32 4 48 4 21 4 63 14 4 26 4 88 41 4 19 4 16 4 49 42 4 41 4 46 4 72 47 4 31 4 28 26 4 27 4 19 33 4 74 36 4 16 4 24 4 41 24 4 31 4 39 45 4 32 4 66 15 4 24 4 61 42 4 19 4 67 30 4 51 4 84 23 4 20 4 32 26 4 19 4 7 37 4 31 4 48 34 4 14 4 23 4 89 28 4 31 4 52 25 4 40 4 44 4 95 30 4 38 4 45 4 64 20 4 12 4 28 4 45 4 52 23 4 36 4 33 4 23 4 60 39 4 40 4 34 4 81 23 4 26 4 32 46 4 28 4 38 4 66 42 4 18 4 53 4 47 14 4 29 4 25 4 33 33 4 22 4 21 4 76 30 16 45 16 34 26 4 63 33 16 15 16 38 33 4 22 4 50 17 4 26 4 13 4 92 39 4 42 4 12 4 30 4 35 28 4 31 4 52 23 4 23 4 42 4 33 4 70 28 4 24 4 30 4 57 32 4 27 4 30 4 32 19 4 27 4 35 4 77 14 4 28 4 40 4 20 27 4 29 4 33 4 24 4 62 28 4 38 4 9 4 33 4 74 23 4 40 4 27 4 60 36 4 27 4 43 4 71 45 4 36 4 36 4 
iteration 1532 best: 1.10955 time: 477560
84 38 4 38 4 36 4 80 40 4 18 4 62 35 4 37 4 21 4 66 11 4 37 4 14 4 22 38 4 31 4 32 4 53 43 4 32 4 24 4 28 4 59 51 4 17 4 51 4 52 27 4 38 4 47 42 4 21 4 81 11 4 41 4 34 4 31 4 44 46 4 28 4 67 26 4 36 4 89 37 4 22 4 41 4 29 4 41 4 34 33 4 34 4 44 4 33 4 58 33 4 27 4 69 28 4 27 4 27 4 25 4 63 35 4 40 4 32 4 69 31 4 32 4 62 31 4 18 4 84 39 20 38 16 4 39 4 39 4 40 32 20 58 34 4 40 4 28 4 35 19 4 47 4 26 4 30 4 38 27 4 36 4 113 32 4 48 4 21 4 63 14 4 26 4 88 41 4 19 4 16 4 49 42 4 41 4 46 4 72 47 4 31 4 28 26 4 27 4 19 33 4 74 36 4 16 4 24 4 41 24 4 31 4 39 45 4 32 4 66 15 4 24 4 61 42 4 19 4 67 30 4 51 4 84 23 4 20 4 32 26 4 19 4 7 37 4 31 4 48 34 4 14 4 23 4 89 28 4 31 4 52 25 4 40 4 44 4 95 30 4 38 4 45 4 64 20 4 12 4 28 4 45 4 52 23 4 36 4 33 4 23 4 60 39 4 40 4 34 4 81 23 4 26 4 32 46 4 28 4 38 4 66 42 4 18 4 53 4 47 14 4 29 4 25 4 33 33 4 22 4 21 4 76 30 16 45 16 34 26 4 63 33 16 15 16 38 33 4 22 4 50 17 4 26 4 13 4 92 39 4 42 4 12 4 30 4 35 28 4 31 4 52 23 4 23 4 42 4 33 4 70 28 4 24 4 30 4 57 32 4 27 4 30 4 32 19 4 27 4 35 4 77 14 4 28 4 40 4 20 27 4 29 4 33 4 24 4 62 28 4 38 4 9 4 33 4 74 23 4 40 4 27 4 60 36 4 27 4 43 4 71 45 4 36 4 36 4 
iteration 1556 best: 1.10955 time: 485025
84 38 4 38 4 36 4 80 40 4 18 4 62 35 4 37 4 21 4 66 11 4 37 4 14 4 22 38 4 31 4 32 4 53 43 4 32 4 24 4 28 4 59 51 4 17 4 51 4 52 27 4 38 4 47 42 4 21 4 81 11 4 41 4 34 4 31 4 44 46 4 28 4 67 26 4 36 4 89 37 4 22 4 41 4 29 4 41 4 34 33 4 34 4 44 4 33 4 58 33 4 27 4 69 28 4 27 4 27 4 25 4 63 35 4 40 4 32 4 69 31 4 32 4 62 31 4 18 4 84 39 20 38 16 4 39 4 39 4 40 32 20 58 34 4 40 4 28 4 35 19 4 47 4 26 4 30 4 38 27 4 36 4 113 32 4 48 4 21 4 63 14 4 26 4 88 41 4 19 4 16 4 49 42 4 41 4 46 4 72 47 4 31 4 28 26 4 27 4 19 33 4 74 36 4 16 4 24 4 41 24 4 31 4 39 45 4 32 4 66 15 4 24 4 61 42 4 19 4 67 30 4 51 4 84 23 4 20 4 32 26 4 19 4 7 37 4 31 4 48 34 4 14 4 23 4 89 28 4 31 4 52 25 4 40 4 44 4 95 30 4 38 4 45 4 64 20 4 12 4 28 4 45 4 52 23 4 36 4 33 4 23 4 60 39 4 40 4 34 4 81 23 4 26 4 32 46 4 28 4 38 4 66 42 4 18 4 53 4 47 14 4 29 4 25 4 33 33 4 22 4 21 4 76 30 16 45 16 34 26 4 63 33 16 15 16 38 33 4 22 4 50 17 4 26 4 13 4 92 39 4 42 4 12 4 30 4 35 28 4 31 4 52 23 4 23 4 42 4 33 4 70 28 4 24 4 30 4 57 32 4 27 4 30 4 32 19 4 27 4 35 4 77 14 4 28 4 40 4 20 27 4 29 4 33 4 24 4 62 28 4 38 4 9 4 33 4 74 23 4 40 4 27 4 60 36 4 27 4 43 4 71 45 4 36 4 36 4 
iteration 1580 best: 1.10955 time: 492479
84 38 4 38 4 36 4 80 40 4 18 4 62 35 4 37 4 21 4 66 11 4 37 4 14 4 22 38 4 31 4 32 4 53 43 4 32 4 24 4 28 4 59 51 4 17 4 51 4 52 27 4 38 4 47 42 4 21 4 81 11 4 41 4 34 4 31 4 44 46 4 28 4 67 26 4 36 4 89 37 4 22 4 41 4 29 4 41 4 34 33 4 34 4 44 4 33 4 58 33 4 27 4 69 28 4 27 4 27 4 25 4 63 35 4 40 4 32 4 69 31 4 32 4 62 31 4 18 4 84 39 20 38 16 4 39 4 39 4 40 32 20 58 34 4 40 4 28 4 35 19 4 47 4 26 4 30 4 38 27 4 36 4 113 32 4 48 4 21 4 63 14 4 26 4 88 41 4 19 4 16 4 49 42 4 41 4 46 4 72 47 4 31 4 28 26 4 27 4 19 33 4 74 36 4 16 4 24 4 41 24 4 31 4 39 45 4 32 4 66 15 4 24 4 61 42 4 19 4 67 30 4 51 4 84 23 4 20 4 32 26 4 19 4 7 37 4 31 4 48 34 4 14 4 23 4 89 28 4 31 4 52 25 4 40 4 44 4 95 30 4 38 4 45 4 64 20 4 12 4 28 4 45 4 52 23 4 36 4 33 4 23 4 60 39 4 40 4 34 4 81 23 4 26 4 32 46 4 28 4 38 4 66 42 4 18 4 53 4 47 14 4 29 4 25 4 33 33 4 22 4 21 4 76 30 16 45 16 34 26 4 63 33 16 15 16 38 33 4 22 4 50 17 4 26 4 13 4 92 39 4 42 4 12 4 30 4 35 28 4 31 4 52 23 4 23 4 42 4 33 4 70 28 4 24 4 30 4 57 32 4 27 4 30 4 32 19 4 27 4 35 4 77 14 4 28 4 40 4 20 27 4 29 4 33 4 24 4 62 28 4 38 4 9 4 33 4 74 23 4 40 4 27 4 60 36 4 27 4 43 4 71 45 4 36 4 36 4 
iteration 1604 best: 1.10955 time: 499935
84 38 4 38 4 36 4 80 40 4 18 4 62 35 4 37 4 21 4 66 11 4 37 4 14 4 22 38 4 31 4 32 4 53 43 4 32 4 24 4 28 4 59 51 4 17 4 51 4 52 27 4 38 4 47 42 4 21 4 81 11 4 41 4 34 4 31 4 44 46 4 28 4 67 26 4 36 4 89 37 4 22 4 41 4 29 4 41 4 34 33 4 34 4 44 4 33 4 58 33 4 27 4 69 28 4 27 4 27 4 25 4 63 35 4 40 4 32 4 69 31 4 32 4 62 31 4 18 4 84 39 20 38 16 4 39 4 39 4 40 32 20 58 34 4 40 4 28 4 35 19 4 47 4 26 4 30 4 38 27 4 36 4 113 32 4 48 4 21 4 63 14 4 26 4 88 41 4 19 4 16 4 49 42 4 41 4 46 4 72 47 4 31 4 28 26 4 27 4 19 33 4 74 36 4 16 4 24 4 41 24 4 31 4 39 45 4 32 4 66 15 4 24 4 61 42 4 19 4 67 30 4 51 4 84 23 4 20 4 32 26 4 19 4 7 37 4 31 4 48 34 4 14 4 23 4 89 28 4 31 4 52 25 4 40 4 44 4 95 30 4 38 4 45 4 64 20 4 12 4 28 4 45 4 52 23 4 36 4 33 4 23 4 60 39 4 40 4 34 4 81 23 4 26 4 32 46 4 28 4 38 4 66 42 4 18 4 53 4 47 14 4 29 4 25 4 33 33 4 22 4 21 4 76 30 16 45 16 34 26 4 63 33 16 15 16 38 33 4 22 4 50 17 4 26 4 13 4 92 39 4 42 4 12 4 30 4 35 28 4 31 4 52 23 4 23 4 42 4 33 4 70 28 4 24 4 30 4 57 32 4 27 4 30 4 32 19 4 27 4 35 4 77 14 4 28 4 40 4 20 27 4 29 4 33 4 24 4 62 28 4 38 4 9 4 33 4 74 23 4 40 4 27 4 60 36 4 27 4 43 4 71 45 4 36 4 36 4 
iteration 1628 best: 1.10955 time: 507411
84 38 4 38 4 36 4 80 40 4 18 4 62 35 4 37 4 21 4 66 11 4 37 4 14 4 22 38 4 31 4 32 4 53 43 4 32 4 24 4 28 4 59 51 4 17 4 51 4 52 27 4 38 4 47 42 4 21 4 81 11 4 41 4 34 4 31 4 44 46 4 28 4 67 26 4 36 4 89 37 4 22 4 41 4 29 4 41 4 34 33 4 34 4 44 4 33 4 58 33 4 27 4 69 28 4 27 4 27 4 25 4 63 35 4 40 4 32 4 69 31 4 32 4 62 31 4 18 4 84 39 20 38 16 4 39 4 39 4 40 32 20 58 34 4 40 4 28 4 35 19 4 47 4 26 4 30 4 38 27 4 36 4 113 32 4 48 4 21 4 63 14 4 26 4 88 41 4 19 4 16 4 49 42 4 41 4 46 4 72 47 4 31 4 28 26 4 27 4 19 33 4 74 36 4 16 4 24 4 41 24 4 31 4 39 45 4 32 4 66 15 4 24 4 61 42 4 19 4 67 30 4 51 4 84 23 4 20 4 32 26 4 19 4 7 37 4 31 4 48 34 4 14 4 23 4 89 28 4 31 4 52 25 4 40 4 44 4 95 30 4 38 4 45 4 64 20 4 12 4 28 4 45 4 52 23 4 36 4 33 4 23 4 60 39 4 40 4 34 4 81 23 4 26 4 32 46 4 28 4 38 4 66 42 4 18 4 53 4 47 14 4 29 4 25 4 33 33 4 22 4 21 4 76 30 16 45 16 34 26 4 63 33 16 15 16 38 33 4 22 4 50 17 4 26 4 13 4 92 39 4 42 4 12 4 30 4 35 28 4 31 4 52 23 4 23 4 42 4 33 4 70 28 4 24 4 30 4 57 32 4 27 4 30 4 32 19 4 27 4 35 4 77 14 4 28 4 40 4 20 27 4 29 4 33 4 24 4 62 28 4 38 4 9 4 33 4 74 23 4 40 4 27 4 60 36 4 27 4 43 4 71 45 4 36 4 36 4 
iteration 1652 best: 1.10955 time: 514881
84 38 4 38 4 36 4 80 40 4 18 4 62 35 4 37 4 21 4 66 11 4 37 4 14 4 22 38 4 31 4 32 4 53 43 4 32 4 24 4 28 4 59 51 4 17 4 51 4 52 27 4 38 4 47 42 4 21 4 81 11 4 41 4 34 4 31 4 44 46 4 28 4 67 26 4 36 4 89 37 4 22 4 41 4 29 4 41 4 34 33 4 34 4 44 4 33 4 58 33 4 27 4 69 28 4 27 4 27 4 25 4 63 35 4 40 4 32 4 69 31 4 32 4 62 31 4 18 4 84 39 20 38 16 4 39 4 39 4 40 32 20 58 34 4 40 4 28 4 35 19 4 47 4 26 4 30 4 38 27 4 36 4 113 32 4 48 4 21 4 63 14 4 26 4 88 41 4 19 4 16 4 49 42 4 41 4 46 4 72 47 4 31 4 28 26 4 27 4 19 33 4 74 36 4 16 4 24 4 41 24 4 31 4 39 45 4 32 4 66 15 4 24 4 61 42 4 19 4 67 30 4 51 4 84 23 4 20 4 32 26 4 19 4 7 37 4 31 4 48 34 4 14 4 23 4 89 28 4 31 4 52 25 4 40 4 44 4 95 30 4 38 4 45 4 64 20 4 12 4 28 4 45 4 52 23 4 36 4 33 4 23 4 60 39 4 40 4 34 4 81 23 4 26 4 32 46 4 28 4 38 4 66 42 4 18 4 53 4 47 14 4 29 4 25 4 33 33 4 22 4 21 4 76 30 16 45 16 34 26 4 63 33 16 15 16 38 33 4 22 4 50 17 4 26 4 13 4 92 39 4 42 4 12 4 30 4 35 28 4 31 4 52 23 4 23 4 42 4 33 4 70 28 4 24 4 30 4 57 32 4 27 4 30 4 32 19 4 27 4 35 4 77 14 4 28 4 40 4 20 27 4 29 4 33 4 24 4 62 28 4 38 4 9 4 33 4 74 23 4 40 4 27 4 60 36 4 27 4 43 4 71 45 4 36 4 36 4 
iteration 1676 best: 1.10955 time: 522340
84 38 4 38 4 36 4 80 40 4 18 4 62 35 4 37 4 21 4 66 11 4 37 4 14 4 22 38 4 31 4 32 4 53 43 4 32 4 24 4 28 4 59 51 4 17 4 51 4 52 27 4 38 4 47 42 4 21 4 81 11 4 41 4 34 4 31 4 44 46 4 28 4 67 26 4 36 4 89 37 4 22 4 41 4 29 4 41 4 34 33 4 34 4 44 4 33 4 58 33 4 27 4 69 28 4 27 4 27 4 25 4 63 35 4 40 4 32 4 69 31 4 32 4 62 31 4 18 4 84 39 20 38 16 4 39 4 39 4 40 32 20 58 34 4 40 4 28 4 35 19 4 47 4 26 4 30 4 38 27 4 36 4 113 32 4 48 4 21 4 63 14 4 26 4 88 41 4 19 4 16 4 49 42 4 41 4 46 4 72 47 4 31 4 28 26 4 27 4 19 33 4 74 36 4 16 4 24 4 41 24 4 31 4 39 45 4 32 4 66 15 4 24 4 61 42 4 19 4 67 30 4 51 4 84 23 4 20 4 32 26 4 19 4 7 37 4 31 4 48 34 4 14 4 23 4 89 28 4 31 4 52 25 4 40 4 44 4 95 30 4 38 4 45 4 64 20 4 12 4 28 4 45 4 52 23 4 36 4 33 4 23 4 60 39 4 40 4 34 4 81 23 4 26 4 32 46 4 28 4 38 4 66 42 4 18 4 53 4 47 14 4 29 4 25 4 33 33 4 22 4 21 4 76 30 16 45 16 34 26 4 63 33 16 15 16 38 33 4 22 4 50 17 4 26 4 13 4 92 39 4 42 4 12 4 30 4 35 28 4 31 4 52 23 4 23 4 42 4 33 4 70 28 4 24 4 30 4 57 32 4 27 4 30 4 32 19 4 27 4 35 4 77 14 4 28 4 40 4 20 27 4 29 4 33 4 24 4 62 28 4 38 4 9 4 33 4 74 23 4 40 4 27 4 60 36 4 27 4 43 4 71 45 4 36 4 36 4 
iteration 1700 best: 1.10955 time: 529812
84 38 4 38 4 36 4 80 40 4 18 4 62 35 4 37 4 21 4 66 11 4 37 4 14 4 22 38 4 31 4 32 4 53 43 4 32 4 24 4 28 4 59 51 4 17 4 51 4 52 27 4 38 4 47 42 4 21 4 81 11 4 41 4 34 4 31 4 44 46 4 28 4 67 26 4 36 4 89 37 4 22 4 41 4 29 4 41 4 34 33 4 34 4 44 4 33 4 58 33 4 27 4 69 28 4 27 4 27 4 25 4 63 35 4 40 4 32 4 69 31 4 32 4 62 31 4 18 4 84 39 20 38 16 4 39 4 39 4 40 32 20 58 34 4 40 4 28 4 35 19 4 47 4 26 4 30 4 38 27 4 36 4 113 32 4 48 4 21 4 63 14 4 26 4 88 41 4 19 4 16 4 49 42 4 41 4 46 4 72 47 4 31 4 28 26 4 27 4 19 33 4 74 36 4 16 4 24 4 41 24 4 31 4 39 45 4 32 4 66 15 4 24 4 61 42 4 19 4 67 30 4 51 4 84 23 4 20 4 32 26 4 19 4 7 37 4 31 4 48 34 4 14 4 23 4 89 28 4 31 4 52 25 4 40 4 44 4 95 30 4 38 4 45 4 64 20 4 12 4 28 4 45 4 52 23 4 36 4 33 4 23 4 60 39 4 40 4 34 4 81 23 4 26 4 32 46 4 28 4 38 4 66 42 4 18 4 53 4 47 14 4 29 4 25 4 33 33 4 22 4 21 4 76 30 16 45 16 34 26 4 63 33 16 15 16 38 33 4 22 4 50 17 4 26 4 13 4 92 39 4 42 4 12 4 30 4 35 28 4 31 4 52 23 4 23 4 42 4 33 4 70 28 4 24 4 30 4 57 32 4 27 4 30 4 32 19 4 27 4 35 4 77 14 4 28 4 40 4 20 27 4 29 4 33 4 24 4 62 28 4 38 4 9 4 33 4 74 23 4 40 4 27 4 60 36 4 27 4 43 4 71 45 4 36 4 36 4 
iteration 1724 best: 1.10955 time: 537303
84 38 4 38 4 36 4 80 40 4 18 4 62 35 4 37 4 21 4 66 11 4 37 4 14 4 22 38 4 31 4 32 4 53 43 4 32 4 24 4 28 4 59 51 4 17 4 51 4 52 27 4 38 4 47 42 4 21 4 81 11 4 41 4 34 4 31 4 44 46 4 28 4 67 26 4 36 4 89 37 4 22 4 41 4 29 4 41 4 34 33 4 34 4 44 4 33 4 58 33 4 27 4 69 28 4 27 4 27 4 25 4 63 35 4 40 4 32 4 69 31 4 32 4 62 31 4 18 4 84 39 20 38 16 4 39 4 39 4 40 32 20 58 34 4 40 4 28 4 35 19 4 47 4 26 4 30 4 38 27 4 36 4 113 32 4 48 4 21 4 63 14 4 26 4 88 41 4 19 4 16 4 49 42 4 41 4 46 4 72 47 4 31 4 28 26 4 27 4 19 33 4 74 36 4 16 4 24 4 41 24 4 31 4 39 45 4 32 4 66 15 4 24 4 61 42 4 19 4 67 30 4 51 4 84 23 4 20 4 32 26 4 19 4 7 37 4 31 4 48 34 4 14 4 23 4 89 28 4 31 4 52 25 4 40 4 44 4 95 30 4 38 4 45 4 64 20 4 12 4 28 4 45 4 52 23 4 36 4 33 4 23 4 60 39 4 40 4 34 4 81 23 4 26 4 32 46 4 28 4 38 4 66 42 4 18 4 53 4 47 14 4 29 4 25 4 33 33 4 22 4 21 4 76 30 16 45 16 34 26 4 63 33 16 15 16 38 33 4 22 4 50 17 4 26 4 13 4 92 39 4 42 4 12 4 30 4 35 28 4 31 4 52 23 4 23 4 42 4 33 4 70 28 4 24 4 30 4 57 32 4 27 4 30 4 32 19 4 27 4 35 4 77 14 4 28 4 40 4 20 27 4 29 4 33 4 24 4 62 28 4 38 4 9 4 33 4 74 23 4 40 4 27 4 60 36 4 27 4 43 4 71 45 4 36 4 36 4 
iteration 1748 best: 1.10955 time: 544757
84 38 4 38 4 36 4 80 40 4 18 4 62 35 4 37 4 21 4 66 11 4 37 4 14 4 22 38 4 31 4 32 4 53 43 4 32 4 24 4 28 4 59 51 4 17 4 51 4 52 27 4 38 4 47 42 4 21 4 81 11 4 41 4 34 4 31 4 44 46 4 28 4 67 26 4 36 4 89 37 4 22 4 41 4 29 4 41 4 34 33 4 34 4 44 4 33 4 58 33 4 27 4 69 28 4 27 4 27 4 25 4 63 35 4 40 4 32 4 69 31 4 32 4 62 31 4 18 4 84 39 20 38 16 4 39 4 39 4 40 32 20 58 34 4 40 4 28 4 35 19 4 47 4 26 4 30 4 38 27 4 36 4 113 32 4 48 4 21 4 63 14 4 26 4 88 41 4 19 4 16 4 49 42 4 41 4 46 4 72 47 4 31 4 28 26 4 27 4 19 33 4 74 36 4 16 4 24 4 41 24 4 31 4 39 45 4 32 4 66 15 4 24 4 61 42 4 19 4 67 30 4 51 4 84 23 4 20 4 32 26 4 19 4 7 37 4 31 4 48 34 4 14 4 23 4 89 28 4 31 4 52 25 4 40 4 44 4 95 30 4 38 4 45 4 64 20 4 12 4 28 4 45 4 52 23 4 36 4 33 4 23 4 60 39 4 40 4 34 4 81 23 4 26 4 32 46 4 28 4 38 4 66 42 4 18 4 53 4 47 14 4 29 4 25 4 33 33 4 22 4 21 4 76 30 16 45 16 34 26 4 63 33 16 15 16 38 33 4 22 4 50 17 4 26 4 13 4 92 39 4 42 4 12 4 30 4 35 28 4 31 4 52 23 4 23 4 42 4 33 4 70 28 4 24 4 30 4 57 32 4 27 4 30 4 32 19 4 27 4 35 4 77 14 4 28 4 40 4 20 27 4 29 4 33 4 24 4 62 28 4 38 4 9 4 33 4 74 23 4 40 4 27 4 60 36 4 27 4 43 4 71 45 4 36 4 36 4 
iteration 1772 best: 1.10955 time: 552252
84 38 4 38 4 36 4 80 40 4 18 4 62 35 4 37 4 21 4 66 11 4 37 4 14 4 22 38 4 31 4 32 4 53 43 4 32 4 24 4 28 4 59 51 4 17 4 51 4 52 27 4 38 4 47 42 4 21 4 81 11 4 41 4 34 4 31 4 44 46 4 28 4 67 26 4 36 4 89 37 4 22 4 41 4 29 4 41 4 34 33 4 34 4 44 4 33 4 58 33 4 27 4 69 28 4 27 4 27 4 25 4 63 35 4 40 4 32 4 69 31 4 32 4 62 31 4 18 4 84 39 20 38 16 4 39 4 39 4 40 32 20 58 34 4 40 4 28 4 35 19 4 47 4 26 4 30 4 38 27 4 36 4 113 32 4 48 4 21 4 63 14 4 26 4 88 41 4 19 4 16 4 49 42 4 41 4 46 4 72 47 4 31 4 28 26 4 27 4 19 33 4 74 36 4 16 4 24 4 41 24 4 31 4 39 45 4 32 4 66 15 4 24 4 61 42 4 19 4 67 30 4 51 4 84 23 4 20 4 32 26 4 19 4 7 37 4 31 4 48 34 4 14 4 23 4 89 28 4 31 4 52 25 4 40 4 44 4 95 30 4 38 4 45 4 64 20 4 12 4 28 4 45 4 52 23 4 36 4 33 4 23 4 60 39 4 40 4 34 4 81 23 4 26 4 32 46 4 28 4 38 4 66 42 4 18 4 53 4 47 14 4 29 4 25 4 33 33 4 22 4 21 4 76 30 16 45 16 34 26 4 63 33 16 15 16 38 33 4 22 4 50 17 4 26 4 13 4 92 39 4 42 4 12 4 30 4 35 28 4 31 4 52 23 4 23 4 42 4 33 4 70 28 4 24 4 30 4 57 32 4 27 4 30 4 32 19 4 27 4 35 4 77 14 4 28 4 40 4 20 27 4 29 4 33 4 24 4 62 28 4 38 4 9 4 33 4 74 23 4 40 4 27 4 60 36 4 27 4 43 4 71 45 4 36 4 36 4 
iteration 1796 best: 1.10955 time: 559719
84 38 4 38 4 36 4 80 40 4 18 4 62 35 4 37 4 21 4 66 11 4 37 4 14 4 22 38 4 31 4 32 4 53 43 4 32 4 24 4 28 4 59 51 4 17 4 51 4 52 27 4 38 4 47 42 4 21 4 81 11 4 41 4 34 4 31 4 44 46 4 28 4 67 26 4 36 4 89 37 4 22 4 41 4 29 4 41 4 34 33 4 34 4 44 4 33 4 58 33 4 27 4 69 28 4 27 4 27 4 25 4 63 35 4 40 4 32 4 69 31 4 32 4 62 31 4 18 4 84 39 20 38 16 4 39 4 39 4 40 32 20 58 34 4 40 4 28 4 35 19 4 47 4 26 4 30 4 38 27 4 36 4 113 32 4 48 4 21 4 63 14 4 26 4 88 41 4 19 4 16 4 49 42 4 41 4 46 4 72 47 4 31 4 28 26 4 27 4 19 33 4 74 36 4 16 4 24 4 41 24 4 31 4 39 45 4 32 4 66 15 4 24 4 61 42 4 19 4 67 30 4 51 4 84 23 4 20 4 32 26 4 19 4 7 37 4 31 4 48 34 4 14 4 23 4 89 28 4 31 4 52 25 4 40 4 44 4 95 30 4 38 4 45 4 64 20 4 12 4 28 4 45 4 52 23 4 36 4 33 4 23 4 60 39 4 40 4 34 4 81 23 4 26 4 32 46 4 28 4 38 4 66 42 4 18 4 53 4 47 14 4 29 4 25 4 33 33 4 22 4 21 4 76 30 16 45 16 34 26 4 63 33 16 15 16 38 33 4 22 4 50 17 4 26 4 13 4 92 39 4 42 4 12 4 30 4 35 28 4 31 4 52 23 4 23 4 42 4 33 4 70 28 4 24 4 30 4 57 32 4 27 4 30 4 32 19 4 27 4 35 4 77 14 4 28 4 40 4 20 27 4 29 4 33 4 24 4 62 28 4 38 4 9 4 33 4 74 23 4 40 4 27 4 60 36 4 27 4 43 4 71 45 4 36 4 36 4 
iteration 1820 best: 1.10955 time: 567196
84 38 4 38 4 36 4 80 40 4 18 4 62 35 4 37 4 21 4 66 11 4 37 4 14 4 22 38 4 31 4 32 4 53 43 4 32 4 24 4 28 4 59 51 4 17 4 51 4 52 27 4 38 4 47 42 4 21 4 81 11 4 41 4 34 4 31 4 44 46 4 28 4 67 26 4 36 4 89 37 4 22 4 41 4 29 4 41 4 34 33 4 34 4 44 4 33 4 58 33 4 27 4 69 28 4 27 4 27 4 25 4 63 35 4 40 4 32 4 69 31 4 32 4 62 31 4 18 4 84 39 20 38 16 4 39 4 39 4 40 32 20 58 34 4 40 4 28 4 35 19 4 47 4 26 4 30 4 38 27 4 36 4 113 32 4 48 4 21 4 63 14 4 26 4 88 41 4 19 4 16 4 49 42 4 41 4 46 4 72 47 4 31 4 28 26 4 27 4 19 33 4 74 36 4 16 4 24 4 41 24 4 31 4 39 45 4 32 4 66 15 4 24 4 61 42 4 19 4 67 30 4 51 4 84 23 4 20 4 32 26 4 19 4 7 37 4 31 4 48 34 4 14 4 23 4 89 28 4 31 4 52 25 4 40 4 44 4 95 30 4 38 4 45 4 64 20 4 12 4 28 4 45 4 52 23 4 36 4 33 4 23 4 60 39 4 40 4 34 4 81 23 4 26 4 32 46 4 28 4 38 4 66 42 4 18 4 53 4 47 14 4 29 4 25 4 33 33 4 22 4 21 4 76 30 16 45 16 34 26 4 63 33 16 15 16 38 33 4 22 4 50 17 4 26 4 13 4 92 39 4 42 4 12 4 30 4 35 28 4 31 4 52 23 4 23 4 42 4 33 4 70 28 4 24 4 30 4 57 32 4 27 4 30 4 32 19 4 27 4 35 4 77 14 4 28 4 40 4 20 27 4 29 4 33 4 24 4 62 28 4 38 4 9 4 33 4 74 23 4 40 4 27 4 60 36 4 27 4 43 4 71 45 4 36 4 36 4 
iteration 1844 best: 1.10955 time: 574660
84 38 4 38 4 36 4 80 40 4 18 4 62 35 4 37 4 21 4 66 11 4 37 4 14 4 22 38 4 31 4 32 4 53 43 4 32 4 24 4 28 4 59 51 4 17 4 51 4 52 27 4 38 4 47 42 4 21 4 81 11 4 41 4 34 4 31 4 44 46 4 28 4 67 26 4 36 4 89 37 4 22 4 41 4 29 4 41 4 34 33 4 34 4 44 4 33 4 58 33 4 27 4 69 28 4 27 4 27 4 25 4 63 35 4 40 4 32 4 69 31 4 32 4 62 31 4 18 4 84 39 20 38 16 4 39 4 39 4 40 32 20 58 34 4 40 4 28 4 35 19 4 47 4 26 4 30 4 38 27 4 36 4 113 32 4 48 4 21 4 63 14 4 26 4 88 41 4 19 4 16 4 49 42 4 41 4 46 4 72 47 4 31 4 28 26 4 27 4 19 33 4 74 36 4 16 4 24 4 41 24 4 31 4 39 45 4 32 4 66 15 4 24 4 61 42 4 19 4 67 30 4 51 4 84 23 4 20 4 32 26 4 19 4 7 37 4 31 4 48 34 4 14 4 23 4 89 28 4 31 4 52 25 4 40 4 44 4 95 30 4 38 4 45 4 64 20 4 12 4 28 4 45 4 52 23 4 36 4 33 4 23 4 60 39 4 40 4 34 4 81 23 4 26 4 32 46 4 28 4 38 4 66 42 4 18 4 53 4 47 14 4 29 4 25 4 33 33 4 22 4 21 4 76 30 16 45 16 34 26 4 63 33 16 15 16 38 33 4 22 4 50 17 4 26 4 13 4 92 39 4 42 4 12 4 30 4 35 28 4 31 4 52 23 4 23 4 42 4 33 4 70 28 4 24 4 30 4 57 32 4 27 4 30 4 32 19 4 27 4 35 4 77 14 4 28 4 40 4 20 27 4 29 4 33 4 24 4 62 28 4 38 4 9 4 33 4 74 23 4 40 4 27 4 60 36 4 27 4 43 4 71 45 4 36 4 36 4 
iteration 1868 best: 1.10955 time: 582114
84 38 4 38 4 36 4 80 40 4 18 4 62 35 4 37 4 21 4 66 11 4 37 4 14 4 22 38 4 31 4 32 4 53 43 4 32 4 24 4 28 4 59 51 4 17 4 51 4 52 27 4 38 4 47 42 4 21 4 81 11 4 41 4 34 4 31 4 44 46 4 28 4 67 26 4 36 4 89 37 4 22 4 41 4 29 4 41 4 34 33 4 34 4 44 4 33 4 58 33 4 27 4 69 28 4 27 4 27 4 25 4 63 35 4 40 4 32 4 69 31 4 32 4 62 31 4 18 4 84 39 20 38 16 4 39 4 39 4 40 32 20 58 34 4 40 4 28 4 35 19 4 47 4 26 4 30 4 38 27 4 36 4 113 32 4 48 4 21 4 63 14 4 26 4 88 41 4 19 4 16 4 49 42 4 41 4 46 4 72 47 4 31 4 28 26 4 27 4 19 33 4 74 36 4 16 4 24 4 41 24 4 31 4 39 45 4 32 4 66 15 4 24 4 61 42 4 19 4 67 30 4 51 4 84 23 4 20 4 32 26 4 19 4 7 37 4 31 4 48 34 4 14 4 23 4 89 28 4 31 4 52 25 4 40 4 44 4 95 30 4 38 4 45 4 64 20 4 12 4 28 4 45 4 52 23 4 36 4 33 4 23 4 60 39 4 40 4 34 4 81 23 4 26 4 32 46 4 28 4 38 4 66 42 4 18 4 53 4 47 14 4 29 4 25 4 33 33 4 22 4 21 4 76 30 16 45 16 34 26 4 63 33 16 15 16 38 33 4 22 4 50 17 4 26 4 13 4 92 39 4 42 4 12 4 30 4 35 28 4 31 4 52 23 4 23 4 42 4 33 4 70 28 4 24 4 30 4 57 32 4 27 4 30 4 32 19 4 27 4 35 4 77 14 4 28 4 40 4 20 27 4 29 4 33 4 24 4 62 28 4 38 4 9 4 33 4 74 23 4 40 4 27 4 60 36 4 27 4 43 4 71 45 4 36 4 36 4 
iteration 1892 best: 1.10955 time: 589566
84 38 4 38 4 36 4 80 40 4 18 4 62 35 4 37 4 21 4 66 11 4 37 4 14 4 22 38 4 31 4 32 4 53 43 4 32 4 24 4 28 4 59 51 4 17 4 51 4 52 27 4 38 4 47 42 4 21 4 81 11 4 41 4 34 4 31 4 44 46 4 28 4 67 26 4 36 4 89 37 4 22 4 41 4 29 4 41 4 34 33 4 34 4 44 4 33 4 58 33 4 27 4 69 28 4 27 4 27 4 25 4 63 35 4 40 4 32 4 69 31 4 32 4 62 31 4 18 4 84 39 20 38 16 4 39 4 39 4 40 32 20 58 34 4 40 4 28 4 35 19 4 47 4 26 4 30 4 38 27 4 36 4 113 32 4 48 4 21 4 63 14 4 26 4 88 41 4 19 4 16 4 49 42 4 41 4 46 4 72 47 4 31 4 28 26 4 27 4 19 33 4 74 36 4 16 4 24 4 41 24 4 31 4 39 45 4 32 4 66 15 4 24 4 61 42 4 19 4 67 30 4 51 4 84 23 4 20 4 32 26 4 19 4 7 37 4 31 4 48 34 4 14 4 23 4 89 28 4 31 4 52 25 4 40 4 44 4 95 30 4 38 4 45 4 64 20 4 12 4 28 4 45 4 52 23 4 36 4 33 4 23 4 60 39 4 40 4 34 4 81 23 4 26 4 32 46 4 28 4 38 4 66 42 4 18 4 53 4 47 14 4 29 4 25 4 33 33 4 22 4 21 4 76 30 16 45 16 34 26 4 63 33 16 15 16 38 33 4 22 4 50 17 4 26 4 13 4 92 39 4 42 4 12 4 30 4 35 28 4 31 4 52 23 4 23 4 42 4 33 4 70 28 4 24 4 30 4 57 32 4 27 4 30 4 32 19 4 27 4 35 4 77 14 4 28 4 40 4 20 27 4 29 4 33 4 24 4 62 28 4 38 4 9 4 33 4 74 23 4 40 4 27 4 60 36 4 27 4 43 4 71 45 4 36 4 36 4 
iteration 1916 best: 1.10955 time: 597041
84 38 4 38 4 36 4 80 40 4 18 4 62 35 4 37 4 21 4 66 11 4 37 4 14 4 22 38 4 31 4 32 4 53 43 4 32 4 24 4 28 4 59 51 4 17 4 51 4 52 27 4 38 4 47 42 4 21 4 81 11 4 41 4 34 4 31 4 44 46 4 28 4 67 26 4 36 4 89 37 4 22 4 41 4 29 4 41 4 34 33 4 34 4 44 4 33 4 58 33 4 27 4 69 28 4 27 4 27 4 25 4 63 35 4 40 4 32 4 69 31 4 32 4 62 31 4 18 4 84 39 20 38 16 4 39 4 39 4 40 32 20 58 34 4 40 4 28 4 35 19 4 47 4 26 4 30 4 38 27 4 36 4 113 32 4 48 4 21 4 63 14 4 26 4 88 41 4 19 4 16 4 49 42 4 41 4 46 4 72 47 4 31 4 28 26 4 27 4 19 33 4 74 36 4 16 4 24 4 41 24 4 31 4 39 45 4 32 4 66 15 4 24 4 61 42 4 19 4 67 30 4 51 4 84 23 4 20 4 32 26 4 19 4 7 37 4 31 4 48 34 4 14 4 23 4 89 28 4 31 4 52 25 4 40 4 44 4 95 30 4 38 4 45 4 64 20 4 12 4 28 4 45 4 52 23 4 36 4 33 4 23 4 60 39 4 40 4 34 4 81 23 4 26 4 32 46 4 28 4 38 4 66 42 4 18 4 53 4 47 14 4 29 4 25 4 33 33 4 22 4 21 4 76 30 16 45 16 34 26 4 63 33 16 15 16 38 33 4 22 4 50 17 4 26 4 13 4 92 39 4 42 4 12 4 30 4 35 28 4 31 4 52 23 4 23 4 42 4 33 4 70 28 4 24 4 30 4 57 32 4 27 4 30 4 32 19 4 27 4 35 4 77 14 4 28 4 40 4 20 27 4 29 4 33 4 24 4 62 28 4 38 4 9 4 33 4 74 23 4 40 4 27 4 60 36 4 27 4 43 4 71 45 4 36 4 36 4 
iteration 1940 best: 1.10955 time: 604493
84 38 4 38 4 36 4 80 40 4 18 4 62 35 4 37 4 21 4 66 11 4 37 4 14 4 22 38 4 31 4 32 4 53 43 4 32 4 24 4 28 4 59 51 4 17 4 51 4 52 27 4 38 4 47 42 4 21 4 81 11 4 41 4 34 4 31 4 44 46 4 28 4 67 26 4 36 4 89 37 4 22 4 41 4 29 4 41 4 34 33 4 34 4 44 4 33 4 58 33 4 27 4 69 28 4 27 4 27 4 25 4 63 35 4 40 4 32 4 69 31 4 32 4 62 31 4 18 4 84 39 20 38 16 4 39 4 39 4 40 32 20 58 34 4 40 4 28 4 35 19 4 47 4 26 4 30 4 38 27 4 36 4 113 32 4 48 4 21 4 63 14 4 26 4 88 41 4 19 4 16 4 49 42 4 41 4 46 4 72 47 4 31 4 28 26 4 27 4 19 33 4 74 36 4 16 4 24 4 41 24 4 31 4 39 45 4 32 4 66 15 4 24 4 61 42 4 19 4 67 30 4 51 4 84 23 4 20 4 32 26 4 19 4 7 37 4 31 4 48 34 4 14 4 23 4 89 28 4 31 4 52 25 4 40 4 44 4 95 30 4 38 4 45 4 64 20 4 12 4 28 4 45 4 52 23 4 36 4 33 4 23 4 60 39 4 40 4 34 4 81 23 4 26 4 32 46 4 28 4 38 4 66 42 4 18 4 53 4 47 14 4 29 4 25 4 33 33 4 22 4 21 4 76 30 16 45 16 34 26 4 63 33 16 15 16 38 33 4 22 4 50 17 4 26 4 13 4 92 39 4 42 4 12 4 30 4 35 28 4 31 4 52 23 4 23 4 42 4 33 4 70 28 4 24 4 30 4 57 32 4 27 4 30 4 32 19 4 27 4 35 4 77 14 4 28 4 40 4 20 27 4 29 4 33 4 24 4 62 28 4 38 4 9 4 33 4 74 23 4 40 4 27 4 60 36 4 27 4 43 4 71 45 4 36 4 36 4 
Best solution: 
84 38 4 38 4 36 4 80 40 4 18 4 62 35 4 37 4 21 4 66 11 4 37 4 14 4 22 38 4 31 4 32 4 53 43 4 32 4 24 4 28 4 59 51 4 17 4 51 4 52 27 4 38 4 47 42 4 21 4 81 11 4 41 4 34 4 31 4 44 46 4 28 4 67 26 4 36 4 89 37 4 22 4 41 4 29 4 41 4 34 33 4 34 4 44 4 33 4 58 33 4 27 4 69 28 4 27 4 27 4 25 4 63 35 4 40 4 32 4 69 31 4 32 4 62 31 4 18 4 84 39 20 38 16 4 39 4 39 4 40 32 20 58 34 4 40 4 28 4 35 19 4 47 4 26 4 30 4 38 27 4 36 4 113 32 4 48 4 21 4 63 14 4 26 4 88 41 4 19 4 16 4 49 42 4 41 4 46 4 72 47 4 31 4 28 26 4 27 4 19 33 4 74 36 4 16 4 24 4 41 24 4 31 4 39 45 4 32 4 66 15 4 24 4 61 42 4 19 4 67 30 4 51 4 84 23 4 20 4 32 26 4 19 4 7 37 4 31 4 48 34 4 14 4 23 4 89 28 4 31 4 52 25 4 40 4 44 4 95 30 4 38 4 45 4 64 20 4 12 4 28 4 45 4 52 23 4 36 4 33 4 23 4 60 39 4 40 4 34 4 81 23 4 26 4 32 46 4 28 4 38 4 66 42 4 18 4 53 4 47 14 4 29 4 25 4 33 33 4 22 4 21 4 76 30 16 45 16 34 26 4 63 33 16 15 16 38 33 4 22 4 50 17 4 26 4 13 4 92 39 4 42 4 12 4 30 4 35 28 4 31 4 52 23 4 23 4 42 4 33 4 70 28 4 24 4 30 4 57 32 4 27 4 30 4 32 19 4 27 4 35 4 77 14 4 28 4 40 4 20 27 4 29 4 33 4 24 4 62 28 4 38 4 9 4 33 4 74 23 4 40 4 27 4 60 36 4 27 4 43 4 71 45 4 36 4 36 4 
Fitness: 1.10955
