iteration 16 best: 1.18325 leader: 1.18325 time: 7653
0 21 4 54 4 59 4 97 48 4 37 4 97 12 4 12 4 23 4 36 49 4 59 4 25 4 119 45 4 17 4 49 4 42 36 4 14 4 47 4 24 4 102 5 4 5 4 35 4 71 12 4 21 4 8 5 4 59 4 116 34 4 35 4 31 4 51 4 26 37 4 38 4 73 22 4 25 4 37 30 4 7 4 15 4 20 4 40 4 23 35 4 18 4 44 4 60 4 62 19 4 45 4 35 55 4 41 4 5 4 29 4 32 36 4 51 4 22 4 26 29 4 54 4 64 26 4 48 4 98 60 20 62 5 4 39 4 35 4 113 37 20 117 5 4 47 4 60 4 119 5 4 20 4 5 4 59 4 77 29 4 16 4 100 30 4 17 4 5 4 81 41 4 5 4 78 23 4 5 4 17 4 119 33 4 34 4 43 4 0 8 4 13 4 47 12 4 9 4 100 5 4 37 45 4 60 4 29 4 16 43 4 7 4 82 45 4 37 4 0 36 4 51 4 36 24 4 21 4 69 22 4 41 4 31 21 4 18 4 81 40 4 5 4 111 52 4 6 4 72 44 4 34 4 14 4 84 16 4 35 4 41 18 4 31 4 30 4 73 39 4 15 4 47 4 95 29 4 13 4 11 4 24 4 42 39 4 5 4 39 4 37 4 119 34 4 50 4 18 4 100 39 4 5 4 86 25 4 24 4 38 4 61 36 4 13 4 8 4 26 12 4 15 4 45 4 93 60 4 5 4 19 4 85 44 16 18 16 119 5 4 105 36 16 18 16 18 20 4 51 4 19 10 4 5 4 5 4 0 47 4 29 4 28 4 46 4 0 33 4 55 4 51 12 4 22 4 48 4 11 4 0 27 4 5 4 50 4 119 42 4 23 4 50 4 26 38 4 25 4 54 4 60 53 4 16 4 44 4 119 60 4 53 4 38 4 8 4 11 21 4 60 4 32 4 5 4 62 26 4 60 4 32 4 75 23 4 50 4 26 4 58 20 4 11 4 20 4 
iteration 31 best: 1.18325 leader: 1.18325 time: 14865
0 21 4 54 4 59 4 97 48 4 37 4 97 12 4 12 4 23 4 36 49 4 59 4 25 4 119 45 4 17 4 49 4 42 36 4 14 4 47 4 24 4 102 5 4 5 4 35 4 71 12 4 21 4 8 5 4 59 4 116 34 4 35 4 31 4 51 4 26 37 4 38 4 73 22 4 25 4 37 30 4 7 4 15 4 20 4 40 4 23 35 4 18 4 44 4 60 4 62 19 4 45 4 35 55 4 41 4 5 4 29 4 32 36 4 51 4 22 4 26 29 4 54 4 64 26 4 48 4 98 60 20 62 5 4 39 4 35 4 113 37 20 117 5 4 47 4 60 4 119 5 4 20 4 5 4 59 4 77 29 4 16 4 100 30 4 17 4 5 4 81 41 4 5 4 78 23 4 5 4 17 4 119 33 4 34 4 43 4 0 8 4 13 4 47 12 4 9 4 100 5 4 37 45 4 60 4 29 4 16 43 4 7 4 82 45 4 37 4 0 36 4 51 4 36 24 4 21 4 69 22 4 41 4 31 21 4 18 4 81 40 4 5 4 111 52 4 6 4 72 44 4 34 4 14 4 84 16 4 35 4 41 18 4 31 4 30 4 73 39 4 15 4 47 4 95 29 4 13 4 11 4 24 4 42 39 4 5 4 39 4 37 4 119 34 4 50 4 18 4 100 39 4 5 4 86 25 4 24 4 38 4 61 36 4 13 4 8 4 26 12 4 15 4 45 4 93 60 4 5 4 19 4 85 44 16 18 16 119 5 4 105 36 16 18 16 18 20 4 51 4 19 10 4 5 4 5 4 0 47 4 29 4 28 4 46 4 0 33 4 55 4 51 12 4 22 4 48 4 11 4 0 27 4 5 4 50 4 119 42 4 23 4 50 4 26 38 4 25 4 54 4 60 53 4 16 4 44 4 119 60 4 53 4 38 4 8 4 11 21 4 60 4 32 4 5 4 62 26 4 60 4 32 4 75 23 4 50 4 26 4 58 20 4 11 4 20 4 
iteration 46 best: 1.18325 leader: 1.18325 time: 22079
0 21 4 54 4 59 4 97 48 4 37 4 97 12 4 12 4 23 4 36 49 4 59 4 25 4 119 45 4 17 4 49 4 42 36 4 14 4 47 4 24 4 102 5 4 5 4 35 4 71 12 4 21 4 8 5 4 59 4 116 34 4 35 4 31 4 51 4 26 37 4 38 4 73 22 4 25 4 37 30 4 7 4 15 4 20 4 40 4 23 35 4 18 4 44 4 60 4 62 19 4 45 4 35 55 4 41 4 5 4 29 4 32 36 4 51 4 22 4 26 29 4 54 4 64 26 4 48 4 98 60 20 62 5 4 39 4 35 4 113 37 20 117 5 4 47 4 60 4 119 5 4 20 4 5 4 59 4 77 29 4 16 4 100 30 4 17 4 5 4 81 41 4 5 4 78 23 4 5 4 17 4 119 33 4 34 4 43 4 0 8 4 13 4 47 12 4 9 4 100 5 4 37 45 4 60 4 29 4 16 43 4 7 4 82 45 4 37 4 0 36 4 51 4 36 24 4 21 4 69 22 4 41 4 31 21 4 18 4 81 40 4 5 4 111 52 4 6 4 72 44 4 34 4 14 4 84 16 4 35 4 41 18 4 31 4 30 4 73 39 4 15 4 47 4 95 29 4 13 4 11 4 24 4 42 39 4 5 4 39 4 37 4 119 34 4 50 4 18 4 100 39 4 5 4 86 25 4 24 4 38 4 61 36 4 13 4 8 4 26 12 4 15 4 45 4 93 60 4 5 4 19 4 85 44 16 18 16 119 5 4 105 36 16 18 16 18 20 4 51 4 19 10 4 5 4 5 4 0 47 4 29 4 28 4 46 4 0 33 4 55 4 51 12 4 22 4 48 4 11 4 0 27 4 5 4 50 4 119 42 4 23 4 50 4 26 38 4 25 4 54 4 60 53 4 16 4 44 4 119 60 4 53 4 38 4 8 4 11 21 4 60 4 32 4 5 4 62 26 4 60 4 32 4 75 23 4 50 4 26 4 58 20 4 11 4 20 4 
iteration 61 best: 1.18325 leader: 1.18325 time: 29313
0 21 4 54 4 59 4 97 48 4 37 4 97 12 4 12 4 23 4 36 49 4 59 4 25 4 119 45 4 17 4 49 4 42 36 4 14 4 47 4 24 4 102 5 4 5 4 35 4 71 12 4 21 4 8 5 4 59 4 116 34 4 35 4 31 4 51 4 26 37 4 38 4 73 22 4 25 4 37 30 4 7 4 15 4 20 4 40 4 23 35 4 18 4 44 4 60 4 62 19 4 45 4 35 55 4 41 4 5 4 29 4 32 36 4 51 4 22 4 26 29 4 54 4 64 26 4 48 4 98 60 20 62 5 4 39 4 35 4 113 37 20 117 5 4 47 4 60 4 119 5 4 20 4 5 4 59 4 77 29 4 16 4 100 30 4 17 4 5 4 81 41 4 5 4 78 23 4 5 4 17 4 119 33 4 34 4 43 4 0 8 4 13 4 47 12 4 9 4 100 5 4 37 45 4 60 4 29 4 16 43 4 7 4 82 45 4 37 4 0 36 4 51 4 36 24 4 21 4 69 22 4 41 4 31 21 4 18 4 81 40 4 5 4 111 52 4 6 4 72 44 4 34 4 14 4 84 16 4 35 4 41 18 4 31 4 30 4 73 39 4 15 4 47 4 95 29 4 13 4 11 4 24 4 42 39 4 5 4 39 4 37 4 119 34 4 50 4 18 4 100 39 4 5 4 86 25 4 24 4 38 4 61 36 4 13 4 8 4 26 12 4 15 4 45 4 93 60 4 5 4 19 4 85 44 16 18 16 119 5 4 105 36 16 18 16 18 20 4 51 4 19 10 4 5 4 5 4 0 47 4 29 4 28 4 46 4 0 33 4 55 4 51 12 4 22 4 48 4 11 4 0 27 4 5 4 50 4 119 42 4 23 4 50 4 26 38 4 25 4 54 4 60 53 4 16 4 44 4 119 60 4 53 4 38 4 8 4 11 21 4 60 4 32 4 5 4 62 26 4 60 4 32 4 75 23 4 50 4 26 4 58 20 4 11 4 20 4 
iteration 76 best: 1.18325 leader: 1.18325 time: 36553
0 21 4 54 4 59 4 97 48 4 37 4 97 12 4 12 4 23 4 36 49 4 59 4 25 4 119 45 4 17 4 49 4 42 36 4 14 4 47 4 24 4 102 5 4 5 4 35 4 71 12 4 21 4 8 5 4 59 4 116 34 4 35 4 31 4 51 4 26 37 4 38 4 73 22 4 25 4 37 30 4 7 4 15 4 20 4 40 4 23 35 4 18 4 44 4 60 4 62 19 4 45 4 35 55 4 41 4 5 4 29 4 32 36 4 51 4 22 4 26 29 4 54 4 64 26 4 48 4 98 60 20 62 5 4 39 4 35 4 113 37 20 117 5 4 47 4 60 4 119 5 4 20 4 5 4 59 4 77 29 4 16 4 100 30 4 17 4 5 4 81 41 4 5 4 78 23 4 5 4 17 4 119 33 4 34 4 43 4 0 8 4 13 4 47 12 4 9 4 100 5 4 37 45 4 60 4 29 4 16 43 4 7 4 82 45 4 37 4 0 36 4 51 4 36 24 4 21 4 69 22 4 41 4 31 21 4 18 4 81 40 4 5 4 111 52 4 6 4 72 44 4 34 4 14 4 84 16 4 35 4 41 18 4 31 4 30 4 73 39 4 15 4 47 4 95 29 4 13 4 11 4 24 4 42 39 4 5 4 39 4 37 4 119 34 4 50 4 18 4 100 39 4 5 4 86 25 4 24 4 38 4 61 36 4 13 4 8 4 26 12 4 15 4 45 4 93 60 4 5 4 19 4 85 44 16 18 16 119 5 4 105 36 16 18 16 18 20 4 51 4 19 10 4 5 4 5 4 0 47 4 29 4 28 4 46 4 0 33 4 55 4 51 12 4 22 4 48 4 11 4 0 27 4 5 4 50 4 119 42 4 23 4 50 4 26 38 4 25 4 54 4 60 53 4 16 4 44 4 119 60 4 53 4 38 4 8 4 11 21 4 60 4 32 4 5 4 62 26 4 60 4 32 4 75 23 4 50 4 26 4 58 20 4 11 4 20 4 
iteration 91 best: 1.18325 leader: 1.18325 time: 43848
0 21 4 54 4 59 4 97 48 4 37 4 97 12 4 12 4 23 4 36 49 4 59 4 25 4 119 45 4 17 4 49 4 42 36 4 14 4 47 4 24 4 102 5 4 5 4 35 4 71 12 4 21 4 8 5 4 59 4 116 34 4 35 4 31 4 51 4 26 37 4 38 4 73 22 4 25 4 37 30 4 7 4 15 4 20 4 40 4 23 35 4 18 4 44 4 60 4 62 19 4 45 4 35 55 4 41 4 5 4 29 4 32 36 4 51 4 22 4 26 29 4 54 4 64 26 4 48 4 98 60 20 62 5 4 39 4 35 4 113 37 20 117 5 4 47 4 60 4 119 5 4 20 4 5 4 59 4 77 29 4 16 4 100 30 4 17 4 5 4 81 41 4 5 4 78 23 4 5 4 17 4 119 33 4 34 4 43 4 0 8 4 13 4 47 12 4 9 4 100 5 4 37 45 4 60 4 29 4 16 43 4 7 4 82 45 4 37 4 0 36 4 51 4 36 24 4 21 4 69 22 4 41 4 31 21 4 18 4 81 40 4 5 4 111 52 4 6 4 72 44 4 34 4 14 4 84 16 4 35 4 41 18 4 31 4 30 4 73 39 4 15 4 47 4 95 29 4 13 4 11 4 24 4 42 39 4 5 4 39 4 37 4 119 34 4 50 4 18 4 100 39 4 5 4 86 25 4 24 4 38 4 61 36 4 13 4 8 4 26 12 4 15 4 45 4 93 60 4 5 4 19 4 85 44 16 18 16 119 5 4 105 36 16 18 16 18 20 4 51 4 19 10 4 5 4 5 4 0 47 4 29 4 28 4 46 4 0 33 4 55 4 51 12 4 22 4 48 4 11 4 0 27 4 5 4 50 4 119 42 4 23 4 50 4 26 38 4 25 4 54 4 60 53 4 16 4 44 4 119 60 4 53 4 38 4 8 4 11 21 4 60 4 32 4 5 4 62 26 4 60 4 32 4 75 23 4 50 4 26 4 58 20 4 11 4 20 4 
iteration 107 best: 1.18325 leader: 1.18325 time: 51459
0 21 4 54 4 59 4 97 48 4 37 4 97 12 4 12 4 23 4 36 49 4 59 4 25 4 119 45 4 17 4 49 4 42 36 4 14 4 47 4 24 4 102 5 4 5 4 35 4 71 12 4 21 4 8 5 4 59 4 116 34 4 35 4 31 4 51 4 26 37 4 38 4 73 22 4 25 4 37 30 4 7 4 15 4 20 4 40 4 23 35 4 18 4 44 4 60 4 62 19 4 45 4 35 55 4 41 4 5 4 29 4 32 36 4 51 4 22 4 26 29 4 54 4 64 26 4 48 4 98 60 20 62 5 4 39 4 35 4 113 37 20 117 5 4 47 4 60 4 119 5 4 20 4 5 4 59 4 77 29 4 16 4 100 30 4 17 4 5 4 81 41 4 5 4 78 23 4 5 4 17 4 119 33 4 34 4 43 4 0 8 4 13 4 47 12 4 9 4 100 5 4 37 45 4 60 4 29 4 16 43 4 7 4 82 45 4 37 4 0 36 4 51 4 36 24 4 21 4 69 22 4 41 4 31 21 4 18 4 81 40 4 5 4 111 52 4 6 4 72 44 4 34 4 14 4 84 16 4 35 4 41 18 4 31 4 30 4 73 39 4 15 4 47 4 95 29 4 13 4 11 4 24 4 42 39 4 5 4 39 4 37 4 119 34 4 50 4 18 4 100 39 4 5 4 86 25 4 24 4 38 4 61 36 4 13 4 8 4 26 12 4 15 4 45 4 93 60 4 5 4 19 4 85 44 16 18 16 119 5 4 105 36 16 18 16 18 20 4 51 4 19 10 4 5 4 5 4 0 47 4 29 4 28 4 46 4 0 33 4 55 4 51 12 4 22 4 48 4 11 4 0 27 4 5 4 50 4 119 42 4 23 4 50 4 26 38 4 25 4 54 4 60 53 4 16 4 44 4 119 60 4 53 4 38 4 8 4 11 21 4 60 4 32 4 5 4 62 26 4 60 4 32 4 75 23 4 50 4 26 4 58 20 4 11 4 20 4 
iteration 123 best: 1.18325 leader: 1.18325 time: 58996
0 21 4 54 4 59 4 97 48 4 37 4 97 12 4 12 4 23 4 36 49 4 59 4 25 4 119 45 4 17 4 49 4 42 36 4 14 4 47 4 24 4 102 5 4 5 4 35 4 71 12 4 21 4 8 5 4 59 4 116 34 4 35 4 31 4 51 4 26 37 4 38 4 73 22 4 25 4 37 30 4 7 4 15 4 20 4 40 4 23 35 4 18 4 44 4 60 4 62 19 4 45 4 35 55 4 41 4 5 4 29 4 32 36 4 51 4 22 4 26 29 4 54 4 64 26 4 48 4 98 60 20 62 5 4 39 4 35 4 113 37 20 117 5 4 47 4 60 4 119 5 4 20 4 5 4 59 4 77 29 4 16 4 100 30 4 17 4 5 4 81 41 4 5 4 78 23 4 5 4 17 4 119 33 4 34 4 43 4 0 8 4 13 4 47 12 4 9 4 100 5 4 37 45 4 60 4 29 4 16 43 4 7 4 82 45 4 37 4 0 36 4 51 4 36 24 4 21 4 69 22 4 41 4 31 21 4 18 4 81 40 4 5 4 111 52 4 6 4 72 44 4 34 4 14 4 84 16 4 35 4 41 18 4 31 4 30 4 73 39 4 15 4 47 4 95 29 4 13 4 11 4 24 4 42 39 4 5 4 39 4 37 4 119 34 4 50 4 18 4 100 39 4 5 4 86 25 4 24 4 38 4 61 36 4 13 4 8 4 26 12 4 15 4 45 4 93 60 4 5 4 19 4 85 44 16 18 16 119 5 4 105 36 16 18 16 18 20 4 51 4 19 10 4 5 4 5 4 0 47 4 29 4 28 4 46 4 0 33 4 55 4 51 12 4 22 4 48 4 11 4 0 27 4 5 4 50 4 119 42 4 23 4 50 4 26 38 4 25 4 54 4 60 53 4 16 4 44 4 119 60 4 53 4 38 4 8 4 11 21 4 60 4 32 4 5 4 62 26 4 60 4 32 4 75 23 4 50 4 26 4 58 20 4 11 4 20 4 
iteration 139 best: 1.18325 leader: 1.18325 time: 66538
0 21 4 54 4 59 4 97 48 4 37 4 97 12 4 12 4 23 4 36 49 4 59 4 25 4 119 45 4 17 4 49 4 42 36 4 14 4 47 4 24 4 102 5 4 5 4 35 4 71 12 4 21 4 8 5 4 59 4 116 34 4 35 4 31 4 51 4 26 37 4 38 4 73 22 4 25 4 37 30 4 7 4 15 4 20 4 40 4 23 35 4 18 4 44 4 60 4 62 19 4 45 4 35 55 4 41 4 5 4 29 4 32 36 4 51 4 22 4 26 29 4 54 4 64 26 4 48 4 98 60 20 62 5 4 39 4 35 4 113 37 20 117 5 4 47 4 60 4 119 5 4 20 4 5 4 59 4 77 29 4 16 4 100 30 4 17 4 5 4 81 41 4 5 4 78 23 4 5 4 17 4 119 33 4 34 4 43 4 0 8 4 13 4 47 12 4 9 4 100 5 4 37 45 4 60 4 29 4 16 43 4 7 4 82 45 4 37 4 0 36 4 51 4 36 24 4 21 4 69 22 4 41 4 31 21 4 18 4 81 40 4 5 4 111 52 4 6 4 72 44 4 34 4 14 4 84 16 4 35 4 41 18 4 31 4 30 4 73 39 4 15 4 47 4 95 29 4 13 4 11 4 24 4 42 39 4 5 4 39 4 37 4 119 34 4 50 4 18 4 100 39 4 5 4 86 25 4 24 4 38 4 61 36 4 13 4 8 4 26 12 4 15 4 45 4 93 60 4 5 4 19 4 85 44 16 18 16 119 5 4 105 36 16 18 16 18 20 4 51 4 19 10 4 5 4 5 4 0 47 4 29 4 28 4 46 4 0 33 4 55 4 51 12 4 22 4 48 4 11 4 0 27 4 5 4 50 4 119 42 4 23 4 50 4 26 38 4 25 4 54 4 60 53 4 16 4 44 4 119 60 4 53 4 38 4 8 4 11 21 4 60 4 32 4 5 4 62 26 4 60 4 32 4 75 23 4 50 4 26 4 58 20 4 11 4 20 4 
iteration 155 best: 1.18325 leader: 1.18325 time: 74038
0 21 4 54 4 59 4 97 48 4 37 4 97 12 4 12 4 23 4 36 49 4 59 4 25 4 119 45 4 17 4 49 4 42 36 4 14 4 47 4 24 4 102 5 4 5 4 35 4 71 12 4 21 4 8 5 4 59 4 116 34 4 35 4 31 4 51 4 26 37 4 38 4 73 22 4 25 4 37 30 4 7 4 15 4 20 4 40 4 23 35 4 18 4 44 4 60 4 62 19 4 45 4 35 55 4 41 4 5 4 29 4 32 36 4 51 4 22 4 26 29 4 54 4 64 26 4 48 4 98 60 20 62 5 4 39 4 35 4 113 37 20 117 5 4 47 4 60 4 119 5 4 20 4 5 4 59 4 77 29 4 16 4 100 30 4 17 4 5 4 81 41 4 5 4 78 23 4 5 4 17 4 119 33 4 34 4 43 4 0 8 4 13 4 47 12 4 9 4 100 5 4 37 45 4 60 4 29 4 16 43 4 7 4 82 45 4 37 4 0 36 4 51 4 36 24 4 21 4 69 22 4 41 4 31 21 4 18 4 81 40 4 5 4 111 52 4 6 4 72 44 4 34 4 14 4 84 16 4 35 4 41 18 4 31 4 30 4 73 39 4 15 4 47 4 95 29 4 13 4 11 4 24 4 42 39 4 5 4 39 4 37 4 119 34 4 50 4 18 4 100 39 4 5 4 86 25 4 24 4 38 4 61 36 4 13 4 8 4 26 12 4 15 4 45 4 93 60 4 5 4 19 4 85 44 16 18 16 119 5 4 105 36 16 18 16 18 20 4 51 4 19 10 4 5 4 5 4 0 47 4 29 4 28 4 46 4 0 33 4 55 4 51 12 4 22 4 48 4 11 4 0 27 4 5 4 50 4 119 42 4 23 4 50 4 26 38 4 25 4 54 4 60 53 4 16 4 44 4 119 60 4 53 4 38 4 8 4 11 21 4 60 4 32 4 5 4 62 26 4 60 4 32 4 75 23 4 50 4 26 4 58 20 4 11 4 20 4 
iteration 171 best: 1.18325 leader: 1.18325 time: 81572
0 21 4 54 4 59 4 97 48 4 37 4 97 12 4 12 4 23 4 36 49 4 59 4 25 4 119 45 4 17 4 49 4 42 36 4 14 4 47 4 24 4 102 5 4 5 4 35 4 71 12 4 21 4 8 5 4 59 4 116 34 4 35 4 31 4 51 4 26 37 4 38 4 73 22 4 25 4 37 30 4 7 4 15 4 20 4 40 4 23 35 4 18 4 44 4 60 4 62 19 4 45 4 35 55 4 41 4 5 4 29 4 32 36 4 51 4 22 4 26 29 4 54 4 64 26 4 48 4 98 60 20 62 5 4 39 4 35 4 113 37 20 117 5 4 47 4 60 4 119 5 4 20 4 5 4 59 4 77 29 4 16 4 100 30 4 17 4 5 4 81 41 4 5 4 78 23 4 5 4 17 4 119 33 4 34 4 43 4 0 8 4 13 4 47 12 4 9 4 100 5 4 37 45 4 60 4 29 4 16 43 4 7 4 82 45 4 37 4 0 36 4 51 4 36 24 4 21 4 69 22 4 41 4 31 21 4 18 4 81 40 4 5 4 111 52 4 6 4 72 44 4 34 4 14 4 84 16 4 35 4 41 18 4 31 4 30 4 73 39 4 15 4 47 4 95 29 4 13 4 11 4 24 4 42 39 4 5 4 39 4 37 4 119 34 4 50 4 18 4 100 39 4 5 4 86 25 4 24 4 38 4 61 36 4 13 4 8 4 26 12 4 15 4 45 4 93 60 4 5 4 19 4 85 44 16 18 16 119 5 4 105 36 16 18 16 18 20 4 51 4 19 10 4 5 4 5 4 0 47 4 29 4 28 4 46 4 0 33 4 55 4 51 12 4 22 4 48 4 11 4 0 27 4 5 4 50 4 119 42 4 23 4 50 4 26 38 4 25 4 54 4 60 53 4 16 4 44 4 119 60 4 53 4 38 4 8 4 11 21 4 60 4 32 4 5 4 62 26 4 60 4 32 4 75 23 4 50 4 26 4 58 20 4 11 4 20 4 
iteration 187 best: 1.18325 leader: 1.18325 time: 89066
0 21 4 54 4 59 4 97 48 4 37 4 97 12 4 12 4 23 4 36 49 4 59 4 25 4 119 45 4 17 4 49 4 42 36 4 14 4 47 4 24 4 102 5 4 5 4 35 4 71 12 4 21 4 8 5 4 59 4 116 34 4 35 4 31 4 51 4 26 37 4 38 4 73 22 4 25 4 37 30 4 7 4 15 4 20 4 40 4 23 35 4 18 4 44 4 60 4 62 19 4 45 4 35 55 4 41 4 5 4 29 4 32 36 4 51 4 22 4 26 29 4 54 4 64 26 4 48 4 98 60 20 62 5 4 39 4 35 4 113 37 20 117 5 4 47 4 60 4 119 5 4 20 4 5 4 59 4 77 29 4 16 4 100 30 4 17 4 5 4 81 41 4 5 4 78 23 4 5 4 17 4 119 33 4 34 4 43 4 0 8 4 13 4 47 12 4 9 4 100 5 4 37 45 4 60 4 29 4 16 43 4 7 4 82 45 4 37 4 0 36 4 51 4 36 24 4 21 4 69 22 4 41 4 31 21 4 18 4 81 40 4 5 4 111 52 4 6 4 72 44 4 34 4 14 4 84 16 4 35 4 41 18 4 31 4 30 4 73 39 4 15 4 47 4 95 29 4 13 4 11 4 24 4 42 39 4 5 4 39 4 37 4 119 34 4 50 4 18 4 100 39 4 5 4 86 25 4 24 4 38 4 61 36 4 13 4 8 4 26 12 4 15 4 45 4 93 60 4 5 4 19 4 85 44 16 18 16 119 5 4 105 36 16 18 16 18 20 4 51 4 19 10 4 5 4 5 4 0 47 4 29 4 28 4 46 4 0 33 4 55 4 51 12 4 22 4 48 4 11 4 0 27 4 5 4 50 4 119 42 4 23 4 50 4 26 38 4 25 4 54 4 60 53 4 16 4 44 4 119 60 4 53 4 38 4 8 4 11 21 4 60 4 32 4 5 4 62 26 4 60 4 32 4 75 23 4 50 4 26 4 58 20 4 11 4 20 4 
iteration 203 best: 1.18325 leader: 1.18325 time: 96559
0 21 4 54 4 59 4 97 48 4 37 4 97 12 4 12 4 23 4 36 49 4 59 4 25 4 119 45 4 17 4 49 4 42 36 4 14 4 47 4 24 4 102 5 4 5 4 35 4 71 12 4 21 4 8 5 4 59 4 116 34 4 35 4 31 4 51 4 26 37 4 38 4 73 22 4 25 4 37 30 4 7 4 15 4 20 4 40 4 23 35 4 18 4 44 4 60 4 62 19 4 45 4 35 55 4 41 4 5 4 29 4 32 36 4 51 4 22 4 26 29 4 54 4 64 26 4 48 4 98 60 20 62 5 4 39 4 35 4 113 37 20 117 5 4 47 4 60 4 119 5 4 20 4 5 4 59 4 77 29 4 16 4 100 30 4 17 4 5 4 81 41 4 5 4 78 23 4 5 4 17 4 119 33 4 34 4 43 4 0 8 4 13 4 47 12 4 9 4 100 5 4 37 45 4 60 4 29 4 16 43 4 7 4 82 45 4 37 4 0 36 4 51 4 36 24 4 21 4 69 22 4 41 4 31 21 4 18 4 81 40 4 5 4 111 52 4 6 4 72 44 4 34 4 14 4 84 16 4 35 4 41 18 4 31 4 30 4 73 39 4 15 4 47 4 95 29 4 13 4 11 4 24 4 42 39 4 5 4 39 4 37 4 119 34 4 50 4 18 4 100 39 4 5 4 86 25 4 24 4 38 4 61 36 4 13 4 8 4 26 12 4 15 4 45 4 93 60 4 5 4 19 4 85 44 16 18 16 119 5 4 105 36 16 18 16 18 20 4 51 4 19 10 4 5 4 5 4 0 47 4 29 4 28 4 46 4 0 33 4 55 4 51 12 4 22 4 48 4 11 4 0 27 4 5 4 50 4 119 42 4 23 4 50 4 26 38 4 25 4 54 4 60 53 4 16 4 44 4 119 60 4 53 4 38 4 8 4 11 21 4 60 4 32 4 5 4 62 26 4 60 4 32 4 75 23 4 50 4 26 4 58 20 4 11 4 20 4 
iteration 219 best: 1.18325 leader: 1.18325 time: 104113
0 21 4 54 4 59 4 97 48 4 37 4 97 12 4 12 4 23 4 36 49 4 59 4 25 4 119 45 4 17 4 49 4 42 36 4 14 4 47 4 24 4 102 5 4 5 4 35 4 71 12 4 21 4 8 5 4 59 4 116 34 4 35 4 31 4 51 4 26 37 4 38 4 73 22 4 25 4 37 30 4 7 4 15 4 20 4 40 4 23 35 4 18 4 44 4 60 4 62 19 4 45 4 35 55 4 41 4 5 4 29 4 32 36 4 51 4 22 4 26 29 4 54 4 64 26 4 48 4 98 60 20 62 5 4 39 4 35 4 113 37 20 117 5 4 47 4 60 4 119 5 4 20 4 5 4 59 4 77 29 4 16 4 100 30 4 17 4 5 4 81 41 4 5 4 78 23 4 5 4 17 4 119 33 4 34 4 43 4 0 8 4 13 4 47 12 4 9 4 100 5 4 37 45 4 60 4 29 4 16 43 4 7 4 82 45 4 37 4 0 36 4 51 4 36 24 4 21 4 69 22 4 41 4 31 21 4 18 4 81 40 4 5 4 111 52 4 6 4 72 44 4 34 4 14 4 84 16 4 35 4 41 18 4 31 4 30 4 73 39 4 15 4 47 4 95 29 4 13 4 11 4 24 4 42 39 4 5 4 39 4 37 4 119 34 4 50 4 18 4 100 39 4 5 4 86 25 4 24 4 38 4 61 36 4 13 4 8 4 26 12 4 15 4 45 4 93 60 4 5 4 19 4 85 44 16 18 16 119 5 4 105 36 16 18 16 18 20 4 51 4 19 10 4 5 4 5 4 0 47 4 29 4 28 4 46 4 0 33 4 55 4 51 12 4 22 4 48 4 11 4 0 27 4 5 4 50 4 119 42 4 23 4 50 4 26 38 4 25 4 54 4 60 53 4 16 4 44 4 119 60 4 53 4 38 4 8 4 11 21 4 60 4 32 4 5 4 62 26 4 60 4 32 4 75 23 4 50 4 26 4 58 20 4 11 4 20 4 
iteration 235 best: 1.18325 leader: 1.18325 time: 111663
0 21 4 54 4 59 4 97 48 4 37 4 97 12 4 12 4 23 4 36 49 4 59 4 25 4 119 45 4 17 4 49 4 42 36 4 14 4 47 4 24 4 102 5 4 5 4 35 4 71 12 4 21 4 8 5 4 59 4 116 34 4 35 4 31 4 51 4 26 37 4 38 4 73 22 4 25 4 37 30 4 7 4 15 4 20 4 40 4 23 35 4 18 4 44 4 60 4 62 19 4 45 4 35 55 4 41 4 5 4 29 4 32 36 4 51 4 22 4 26 29 4 54 4 64 26 4 48 4 98 60 20 62 5 4 39 4 35 4 113 37 20 117 5 4 47 4 60 4 119 5 4 20 4 5 4 59 4 77 29 4 16 4 100 30 4 17 4 5 4 81 41 4 5 4 78 23 4 5 4 17 4 119 33 4 34 4 43 4 0 8 4 13 4 47 12 4 9 4 100 5 4 37 45 4 60 4 29 4 16 43 4 7 4 82 45 4 37 4 0 36 4 51 4 36 24 4 21 4 69 22 4 41 4 31 21 4 18 4 81 40 4 5 4 111 52 4 6 4 72 44 4 34 4 14 4 84 16 4 35 4 41 18 4 31 4 30 4 73 39 4 15 4 47 4 95 29 4 13 4 11 4 24 4 42 39 4 5 4 39 4 37 4 119 34 4 50 4 18 4 100 39 4 5 4 86 25 4 24 4 38 4 61 36 4 13 4 8 4 26 12 4 15 4 45 4 93 60 4 5 4 19 4 85 44 16 18 16 119 5 4 105 36 16 18 16 18 20 4 51 4 19 10 4 5 4 5 4 0 47 4 29 4 28 4 46 4 0 33 4 55 4 51 12 4 22 4 48 4 11 4 0 27 4 5 4 50 4 119 42 4 23 4 50 4 26 38 4 25 4 54 4 60 53 4 16 4 44 4 119 60 4 53 4 38 4 8 4 11 21 4 60 4 32 4 5 4 62 26 4 60 4 32 4 75 23 4 50 4 26 4 58 20 4 11 4 20 4 
iteration 251 best: 1.18325 leader: 1.18325 time: 119197
0 21 4 54 4 59 4 97 48 4 37 4 97 12 4 12 4 23 4 36 49 4 59 4 25 4 119 45 4 17 4 49 4 42 36 4 14 4 47 4 24 4 102 5 4 5 4 35 4 71 12 4 21 4 8 5 4 59 4 116 34 4 35 4 31 4 51 4 26 37 4 38 4 73 22 4 25 4 37 30 4 7 4 15 4 20 4 40 4 23 35 4 18 4 44 4 60 4 62 19 4 45 4 35 55 4 41 4 5 4 29 4 32 36 4 51 4 22 4 26 29 4 54 4 64 26 4 48 4 98 60 20 62 5 4 39 4 35 4 113 37 20 117 5 4 47 4 60 4 119 5 4 20 4 5 4 59 4 77 29 4 16 4 100 30 4 17 4 5 4 81 41 4 5 4 78 23 4 5 4 17 4 119 33 4 34 4 43 4 0 8 4 13 4 47 12 4 9 4 100 5 4 37 45 4 60 4 29 4 16 43 4 7 4 82 45 4 37 4 0 36 4 51 4 36 24 4 21 4 69 22 4 41 4 31 21 4 18 4 81 40 4 5 4 111 52 4 6 4 72 44 4 34 4 14 4 84 16 4 35 4 41 18 4 31 4 30 4 73 39 4 15 4 47 4 95 29 4 13 4 11 4 24 4 42 39 4 5 4 39 4 37 4 119 34 4 50 4 18 4 100 39 4 5 4 86 25 4 24 4 38 4 61 36 4 13 4 8 4 26 12 4 15 4 45 4 93 60 4 5 4 19 4 85 44 16 18 16 119 5 4 105 36 16 18 16 18 20 4 51 4 19 10 4 5 4 5 4 0 47 4 29 4 28 4 46 4 0 33 4 55 4 51 12 4 22 4 48 4 11 4 0 27 4 5 4 50 4 119 42 4 23 4 50 4 26 38 4 25 4 54 4 60 53 4 16 4 44 4 119 60 4 53 4 38 4 8 4 11 21 4 60 4 32 4 5 4 62 26 4 60 4 32 4 75 23 4 50 4 26 4 58 20 4 11 4 20 4 
iteration 267 best: 1.18325 leader: 1.18325 time: 126739
0 21 4 54 4 59 4 97 48 4 37 4 97 12 4 12 4 23 4 36 49 4 59 4 25 4 119 45 4 17 4 49 4 42 36 4 14 4 47 4 24 4 102 5 4 5 4 35 4 71 12 4 21 4 8 5 4 59 4 116 34 4 35 4 31 4 51 4 26 37 4 38 4 73 22 4 25 4 37 30 4 7 4 15 4 20 4 40 4 23 35 4 18 4 44 4 60 4 62 19 4 45 4 35 55 4 41 4 5 4 29 4 32 36 4 51 4 22 4 26 29 4 54 4 64 26 4 48 4 98 60 20 62 5 4 39 4 35 4 113 37 20 117 5 4 47 4 60 4 119 5 4 20 4 5 4 59 4 77 29 4 16 4 100 30 4 17 4 5 4 81 41 4 5 4 78 23 4 5 4 17 4 119 33 4 34 4 43 4 0 8 4 13 4 47 12 4 9 4 100 5 4 37 45 4 60 4 29 4 16 43 4 7 4 82 45 4 37 4 0 36 4 51 4 36 24 4 21 4 69 22 4 41 4 31 21 4 18 4 81 40 4 5 4 111 52 4 6 4 72 44 4 34 4 14 4 84 16 4 35 4 41 18 4 31 4 30 4 73 39 4 15 4 47 4 95 29 4 13 4 11 4 24 4 42 39 4 5 4 39 4 37 4 119 34 4 50 4 18 4 100 39 4 5 4 86 25 4 24 4 38 4 61 36 4 13 4 8 4 26 12 4 15 4 45 4 93 60 4 5 4 19 4 85 44 16 18 16 119 5 4 105 36 16 18 16 18 20 4 51 4 19 10 4 5 4 5 4 0 47 4 29 4 28 4 46 4 0 33 4 55 4 51 12 4 22 4 48 4 11 4 0 27 4 5 4 50 4 119 42 4 23 4 50 4 26 38 4 25 4 54 4 60 53 4 16 4 44 4 119 60 4 53 4 38 4 8 4 11 21 4 60 4 32 4 5 4 62 26 4 60 4 32 4 75 23 4 50 4 26 4 58 20 4 11 4 20 4 
iteration 283 best: 1.18325 leader: 1.18325 time: 134231
0 21 4 54 4 59 4 97 48 4 37 4 97 12 4 12 4 23 4 36 49 4 59 4 25 4 119 45 4 17 4 49 4 42 36 4 14 4 47 4 24 4 102 5 4 5 4 35 4 71 12 4 21 4 8 5 4 59 4 116 34 4 35 4 31 4 51 4 26 37 4 38 4 73 22 4 25 4 37 30 4 7 4 15 4 20 4 40 4 23 35 4 18 4 44 4 60 4 62 19 4 45 4 35 55 4 41 4 5 4 29 4 32 36 4 51 4 22 4 26 29 4 54 4 64 26 4 48 4 98 60 20 62 5 4 39 4 35 4 113 37 20 117 5 4 47 4 60 4 119 5 4 20 4 5 4 59 4 77 29 4 16 4 100 30 4 17 4 5 4 81 41 4 5 4 78 23 4 5 4 17 4 119 33 4 34 4 43 4 0 8 4 13 4 47 12 4 9 4 100 5 4 37 45 4 60 4 29 4 16 43 4 7 4 82 45 4 37 4 0 36 4 51 4 36 24 4 21 4 69 22 4 41 4 31 21 4 18 4 81 40 4 5 4 111 52 4 6 4 72 44 4 34 4 14 4 84 16 4 35 4 41 18 4 31 4 30 4 73 39 4 15 4 47 4 95 29 4 13 4 11 4 24 4 42 39 4 5 4 39 4 37 4 119 34 4 50 4 18 4 100 39 4 5 4 86 25 4 24 4 38 4 61 36 4 13 4 8 4 26 12 4 15 4 45 4 93 60 4 5 4 19 4 85 44 16 18 16 119 5 4 105 36 16 18 16 18 20 4 51 4 19 10 4 5 4 5 4 0 47 4 29 4 28 4 46 4 0 33 4 55 4 51 12 4 22 4 48 4 11 4 0 27 4 5 4 50 4 119 42 4 23 4 50 4 26 38 4 25 4 54 4 60 53 4 16 4 44 4 119 60 4 53 4 38 4 8 4 11 21 4 60 4 32 4 5 4 62 26 4 60 4 32 4 75 23 4 50 4 26 4 58 20 4 11 4 20 4 
iteration 299 best: 1.18325 leader: 1.18325 time: 141791
0 21 4 54 4 59 4 97 48 4 37 4 97 12 4 12 4 23 4 36 49 4 59 4 25 4 119 45 4 17 4 49 4 42 36 4 14 4 47 4 24 4 102 5 4 5 4 35 4 71 12 4 21 4 8 5 4 59 4 116 34 4 35 4 31 4 51 4 26 37 4 38 4 73 22 4 25 4 37 30 4 7 4 15 4 20 4 40 4 23 35 4 18 4 44 4 60 4 62 19 4 45 4 35 55 4 41 4 5 4 29 4 32 36 4 51 4 22 4 26 29 4 54 4 64 26 4 48 4 98 60 20 62 5 4 39 4 35 4 113 37 20 117 5 4 47 4 60 4 119 5 4 20 4 5 4 59 4 77 29 4 16 4 100 30 4 17 4 5 4 81 41 4 5 4 78 23 4 5 4 17 4 119 33 4 34 4 43 4 0 8 4 13 4 47 12 4 9 4 100 5 4 37 45 4 60 4 29 4 16 43 4 7 4 82 45 4 37 4 0 36 4 51 4 36 24 4 21 4 69 22 4 41 4 31 21 4 18 4 81 40 4 5 4 111 52 4 6 4 72 44 4 34 4 14 4 84 16 4 35 4 41 18 4 31 4 30 4 73 39 4 15 4 47 4 95 29 4 13 4 11 4 24 4 42 39 4 5 4 39 4 37 4 119 34 4 50 4 18 4 100 39 4 5 4 86 25 4 24 4 38 4 61 36 4 13 4 8 4 26 12 4 15 4 45 4 93 60 4 5 4 19 4 85 44 16 18 16 119 5 4 105 36 16 18 16 18 20 4 51 4 19 10 4 5 4 5 4 0 47 4 29 4 28 4 46 4 0 33 4 55 4 51 12 4 22 4 48 4 11 4 0 27 4 5 4 50 4 119 42 4 23 4 50 4 26 38 4 25 4 54 4 60 53 4 16 4 44 4 119 60 4 53 4 38 4 8 4 11 21 4 60 4 32 4 5 4 62 26 4 60 4 32 4 75 23 4 50 4 26 4 58 20 4 11 4 20 4 
iteration 315 best: 1.18325 leader: 1.18325 time: 149337
0 21 4 54 4 59 4 97 48 4 37 4 97 12 4 12 4 23 4 36 49 4 59 4 25 4 119 45 4 17 4 49 4 42 36 4 14 4 47 4 24 4 102 5 4 5 4 35 4 71 12 4 21 4 8 5 4 59 4 116 34 4 35 4 31 4 51 4 26 37 4 38 4 73 22 4 25 4 37 30 4 7 4 15 4 20 4 40 4 23 35 4 18 4 44 4 60 4 62 19 4 45 4 35 55 4 41 4 5 4 29 4 32 36 4 51 4 22 4 26 29 4 54 4 64 26 4 48 4 98 60 20 62 5 4 39 4 35 4 113 37 20 117 5 4 47 4 60 4 119 5 4 20 4 5 4 59 4 77 29 4 16 4 100 30 4 17 4 5 4 81 41 4 5 4 78 23 4 5 4 17 4 119 33 4 34 4 43 4 0 8 4 13 4 47 12 4 9 4 100 5 4 37 45 4 60 4 29 4 16 43 4 7 4 82 45 4 37 4 0 36 4 51 4 36 24 4 21 4 69 22 4 41 4 31 21 4 18 4 81 40 4 5 4 111 52 4 6 4 72 44 4 34 4 14 4 84 16 4 35 4 41 18 4 31 4 30 4 73 39 4 15 4 47 4 95 29 4 13 4 11 4 24 4 42 39 4 5 4 39 4 37 4 119 34 4 50 4 18 4 100 39 4 5 4 86 25 4 24 4 38 4 61 36 4 13 4 8 4 26 12 4 15 4 45 4 93 60 4 5 4 19 4 85 44 16 18 16 119 5 4 105 36 16 18 16 18 20 4 51 4 19 10 4 5 4 5 4 0 47 4 29 4 28 4 46 4 0 33 4 55 4 51 12 4 22 4 48 4 11 4 0 27 4 5 4 50 4 119 42 4 23 4 50 4 26 38 4 25 4 54 4 60 53 4 16 4 44 4 119 60 4 53 4 38 4 8 4 11 21 4 60 4 32 4 5 4 62 26 4 60 4 32 4 75 23 4 50 4 26 4 58 20 4 11 4 20 4 
iteration 331 best: 1.18325 leader: 1.18325 time: 156829
0 21 4 54 4 59 4 97 48 4 37 4 97 12 4 12 4 23 4 36 49 4 59 4 25 4 119 45 4 17 4 49 4 42 36 4 14 4 47 4 24 4 102 5 4 5 4 35 4 71 12 4 21 4 8 5 4 59 4 116 34 4 35 4 31 4 51 4 26 37 4 38 4 73 22 4 25 4 37 30 4 7 4 15 4 20 4 40 4 23 35 4 18 4 44 4 60 4 62 19 4 45 4 35 55 4 41 4 5 4 29 4 32 36 4 51 4 22 4 26 29 4 54 4 64 26 4 48 4 98 60 20 62 5 4 39 4 35 4 113 37 20 117 5 4 47 4 60 4 119 5 4 20 4 5 4 59 4 77 29 4 16 4 100 30 4 17 4 5 4 81 41 4 5 4 78 23 4 5 4 17 4 119 33 4 34 4 43 4 0 8 4 13 4 47 12 4 9 4 100 5 4 37 45 4 60 4 29 4 16 43 4 7 4 82 45 4 37 4 0 36 4 51 4 36 24 4 21 4 69 22 4 41 4 31 21 4 18 4 81 40 4 5 4 111 52 4 6 4 72 44 4 34 4 14 4 84 16 4 35 4 41 18 4 31 4 30 4 73 39 4 15 4 47 4 95 29 4 13 4 11 4 24 4 42 39 4 5 4 39 4 37 4 119 34 4 50 4 18 4 100 39 4 5 4 86 25 4 24 4 38 4 61 36 4 13 4 8 4 26 12 4 15 4 45 4 93 60 4 5 4 19 4 85 44 16 18 16 119 5 4 105 36 16 18 16 18 20 4 51 4 19 10 4 5 4 5 4 0 47 4 29 4 28 4 46 4 0 33 4 55 4 51 12 4 22 4 48 4 11 4 0 27 4 5 4 50 4 119 42 4 23 4 50 4 26 38 4 25 4 54 4 60 53 4 16 4 44 4 119 60 4 53 4 38 4 8 4 11 21 4 60 4 32 4 5 4 62 26 4 60 4 32 4 75 23 4 50 4 26 4 58 20 4 11 4 20 4 
iteration 346 best: 1.18325 leader: 1.18325 time: 164260
0 21 4 54 4 59 4 97 48 4 37 4 97 12 4 12 4 23 4 36 49 4 59 4 25 4 119 45 4 17 4 49 4 42 36 4 14 4 47 4 24 4 102 5 4 5 4 35 4 71 12 4 21 4 8 5 4 59 4 116 34 4 35 4 31 4 51 4 26 37 4 38 4 73 22 4 25 4 37 30 4 7 4 15 4 20 4 40 4 23 35 4 18 4 44 4 60 4 62 19 4 45 4 35 55 4 41 4 5 4 29 4 32 36 4 51 4 22 4 26 29 4 54 4 64 26 4 48 4 98 60 20 62 5 4 39 4 35 4 113 37 20 117 5 4 47 4 60 4 119 5 4 20 4 5 4 59 4 77 29 4 16 4 100 30 4 17 4 5 4 81 41 4 5 4 78 23 4 5 4 17 4 119 33 4 34 4 43 4 0 8 4 13 4 47 12 4 9 4 100 5 4 37 45 4 60 4 29 4 16 43 4 7 4 82 45 4 37 4 0 36 4 51 4 36 24 4 21 4 69 22 4 41 4 31 21 4 18 4 81 40 4 5 4 111 52 4 6 4 72 44 4 34 4 14 4 84 16 4 35 4 41 18 4 31 4 30 4 73 39 4 15 4 47 4 95 29 4 13 4 11 4 24 4 42 39 4 5 4 39 4 37 4 119 34 4 50 4 18 4 100 39 4 5 4 86 25 4 24 4 38 4 61 36 4 13 4 8 4 26 12 4 15 4 45 4 93 60 4 5 4 19 4 85 44 16 18 16 119 5 4 105 36 16 18 16 18 20 4 51 4 19 10 4 5 4 5 4 0 47 4 29 4 28 4 46 4 0 33 4 55 4 51 12 4 22 4 48 4 11 4 0 27 4 5 4 50 4 119 42 4 23 4 50 4 26 38 4 25 4 54 4 60 53 4 16 4 44 4 119 60 4 53 4 38 4 8 4 11 21 4 60 4 32 4 5 4 62 26 4 60 4 32 4 75 23 4 50 4 26 4 58 20 4 11 4 20 4 
iteration 362 best: 1.18325 leader: 1.18325 time: 171784
0 21 4 54 4 59 4 97 48 4 37 4 97 12 4 12 4 23 4 36 49 4 59 4 25 4 119 45 4 17 4 49 4 42 36 4 14 4 47 4 24 4 102 5 4 5 4 35 4 71 12 4 21 4 8 5 4 59 4 116 34 4 35 4 31 4 51 4 26 37 4 38 4 73 22 4 25 4 37 30 4 7 4 15 4 20 4 40 4 23 35 4 18 4 44 4 60 4 62 19 4 45 4 35 55 4 41 4 5 4 29 4 32 36 4 51 4 22 4 26 29 4 54 4 64 26 4 48 4 98 60 20 62 5 4 39 4 35 4 113 37 20 117 5 4 47 4 60 4 119 5 4 20 4 5 4 59 4 77 29 4 16 4 100 30 4 17 4 5 4 81 41 4 5 4 78 23 4 5 4 17 4 119 33 4 34 4 43 4 0 8 4 13 4 47 12 4 9 4 100 5 4 37 45 4 60 4 29 4 16 43 4 7 4 82 45 4 37 4 0 36 4 51 4 36 24 4 21 4 69 22 4 41 4 31 21 4 18 4 81 40 4 5 4 111 52 4 6 4 72 44 4 34 4 14 4 84 16 4 35 4 41 18 4 31 4 30 4 73 39 4 15 4 47 4 95 29 4 13 4 11 4 24 4 42 39 4 5 4 39 4 37 4 119 34 4 50 4 18 4 100 39 4 5 4 86 25 4 24 4 38 4 61 36 4 13 4 8 4 26 12 4 15 4 45 4 93 60 4 5 4 19 4 85 44 16 18 16 119 5 4 105 36 16 18 16 18 20 4 51 4 19 10 4 5 4 5 4 0 47 4 29 4 28 4 46 4 0 33 4 55 4 51 12 4 22 4 48 4 11 4 0 27 4 5 4 50 4 119 42 4 23 4 50 4 26 38 4 25 4 54 4 60 53 4 16 4 44 4 119 60 4 53 4 38 4 8 4 11 21 4 60 4 32 4 5 4 62 26 4 60 4 32 4 75 23 4 50 4 26 4 58 20 4 11 4 20 4 
iteration 378 best: 1.18325 leader: 1.18325 time: 179349
0 21 4 54 4 59 4 97 48 4 37 4 97 12 4 12 4 23 4 36 49 4 59 4 25 4 119 45 4 17 4 49 4 42 36 4 14 4 47 4 24 4 102 5 4 5 4 35 4 71 12 4 21 4 8 5 4 59 4 116 34 4 35 4 31 4 51 4 26 37 4 38 4 73 22 4 25 4 37 30 4 7 4 15 4 20 4 40 4 23 35 4 18 4 44 4 60 4 62 19 4 45 4 35 55 4 41 4 5 4 29 4 32 36 4 51 4 22 4 26 29 4 54 4 64 26 4 48 4 98 60 20 62 5 4 39 4 35 4 113 37 20 117 5 4 47 4 60 4 119 5 4 20 4 5 4 59 4 77 29 4 16 4 100 30 4 17 4 5 4 81 41 4 5 4 78 23 4 5 4 17 4 119 33 4 34 4 43 4 0 8 4 13 4 47 12 4 9 4 100 5 4 37 45 4 60 4 29 4 16 43 4 7 4 82 45 4 37 4 0 36 4 51 4 36 24 4 21 4 69 22 4 41 4 31 21 4 18 4 81 40 4 5 4 111 52 4 6 4 72 44 4 34 4 14 4 84 16 4 35 4 41 18 4 31 4 30 4 73 39 4 15 4 47 4 95 29 4 13 4 11 4 24 4 42 39 4 5 4 39 4 37 4 119 34 4 50 4 18 4 100 39 4 5 4 86 25 4 24 4 38 4 61 36 4 13 4 8 4 26 12 4 15 4 45 4 93 60 4 5 4 19 4 85 44 16 18 16 119 5 4 105 36 16 18 16 18 20 4 51 4 19 10 4 5 4 5 4 0 47 4 29 4 28 4 46 4 0 33 4 55 4 51 12 4 22 4 48 4 11 4 0 27 4 5 4 50 4 119 42 4 23 4 50 4 26 38 4 25 4 54 4 60 53 4 16 4 44 4 119 60 4 53 4 38 4 8 4 11 21 4 60 4 32 4 5 4 62 26 4 60 4 32 4 75 23 4 50 4 26 4 58 20 4 11 4 20 4 
iteration 394 best: 1.18325 leader: 1.18325 time: 186926
0 21 4 54 4 59 4 97 48 4 37 4 97 12 4 12 4 23 4 36 49 4 59 4 25 4 119 45 4 17 4 49 4 42 36 4 14 4 47 4 24 4 102 5 4 5 4 35 4 71 12 4 21 4 8 5 4 59 4 116 34 4 35 4 31 4 51 4 26 37 4 38 4 73 22 4 25 4 37 30 4 7 4 15 4 20 4 40 4 23 35 4 18 4 44 4 60 4 62 19 4 45 4 35 55 4 41 4 5 4 29 4 32 36 4 51 4 22 4 26 29 4 54 4 64 26 4 48 4 98 60 20 62 5 4 39 4 35 4 113 37 20 117 5 4 47 4 60 4 119 5 4 20 4 5 4 59 4 77 29 4 16 4 100 30 4 17 4 5 4 81 41 4 5 4 78 23 4 5 4 17 4 119 33 4 34 4 43 4 0 8 4 13 4 47 12 4 9 4 100 5 4 37 45 4 60 4 29 4 16 43 4 7 4 82 45 4 37 4 0 36 4 51 4 36 24 4 21 4 69 22 4 41 4 31 21 4 18 4 81 40 4 5 4 111 52 4 6 4 72 44 4 34 4 14 4 84 16 4 35 4 41 18 4 31 4 30 4 73 39 4 15 4 47 4 95 29 4 13 4 11 4 24 4 42 39 4 5 4 39 4 37 4 119 34 4 50 4 18 4 100 39 4 5 4 86 25 4 24 4 38 4 61 36 4 13 4 8 4 26 12 4 15 4 45 4 93 60 4 5 4 19 4 85 44 16 18 16 119 5 4 105 36 16 18 16 18 20 4 51 4 19 10 4 5 4 5 4 0 47 4 29 4 28 4 46 4 0 33 4 55 4 51 12 4 22 4 48 4 11 4 0 27 4 5 4 50 4 119 42 4 23 4 50 4 26 38 4 25 4 54 4 60 53 4 16 4 44 4 119 60 4 53 4 38 4 8 4 11 21 4 60 4 32 4 5 4 62 26 4 60 4 32 4 75 23 4 50 4 26 4 58 20 4 11 4 20 4 
iteration 410 best: 1.18325 leader: 1.18325 time: 194441
0 21 4 54 4 59 4 97 48 4 37 4 97 12 4 12 4 23 4 36 49 4 59 4 25 4 119 45 4 17 4 49 4 42 36 4 14 4 47 4 24 4 102 5 4 5 4 35 4 71 12 4 21 4 8 5 4 59 4 116 34 4 35 4 31 4 51 4 26 37 4 38 4 73 22 4 25 4 37 30 4 7 4 15 4 20 4 40 4 23 35 4 18 4 44 4 60 4 62 19 4 45 4 35 55 4 41 4 5 4 29 4 32 36 4 51 4 22 4 26 29 4 54 4 64 26 4 48 4 98 60 20 62 5 4 39 4 35 4 113 37 20 117 5 4 47 4 60 4 119 5 4 20 4 5 4 59 4 77 29 4 16 4 100 30 4 17 4 5 4 81 41 4 5 4 78 23 4 5 4 17 4 119 33 4 34 4 43 4 0 8 4 13 4 47 12 4 9 4 100 5 4 37 45 4 60 4 29 4 16 43 4 7 4 82 45 4 37 4 0 36 4 51 4 36 24 4 21 4 69 22 4 41 4 31 21 4 18 4 81 40 4 5 4 111 52 4 6 4 72 44 4 34 4 14 4 84 16 4 35 4 41 18 4 31 4 30 4 73 39 4 15 4 47 4 95 29 4 13 4 11 4 24 4 42 39 4 5 4 39 4 37 4 119 34 4 50 4 18 4 100 39 4 5 4 86 25 4 24 4 38 4 61 36 4 13 4 8 4 26 12 4 15 4 45 4 93 60 4 5 4 19 4 85 44 16 18 16 119 5 4 105 36 16 18 16 18 20 4 51 4 19 10 4 5 4 5 4 0 47 4 29 4 28 4 46 4 0 33 4 55 4 51 12 4 22 4 48 4 11 4 0 27 4 5 4 50 4 119 42 4 23 4 50 4 26 38 4 25 4 54 4 60 53 4 16 4 44 4 119 60 4 53 4 38 4 8 4 11 21 4 60 4 32 4 5 4 62 26 4 60 4 32 4 75 23 4 50 4 26 4 58 20 4 11 4 20 4 
iteration 426 best: 1.18325 leader: 1.18325 time: 201964
0 21 4 54 4 59 4 97 48 4 37 4 97 12 4 12 4 23 4 36 49 4 59 4 25 4 119 45 4 17 4 49 4 42 36 4 14 4 47 4 24 4 102 5 4 5 4 35 4 71 12 4 21 4 8 5 4 59 4 116 34 4 35 4 31 4 51 4 26 37 4 38 4 73 22 4 25 4 37 30 4 7 4 15 4 20 4 40 4 23 35 4 18 4 44 4 60 4 62 19 4 45 4 35 55 4 41 4 5 4 29 4 32 36 4 51 4 22 4 26 29 4 54 4 64 26 4 48 4 98 60 20 62 5 4 39 4 35 4 113 37 20 117 5 4 47 4 60 4 119 5 4 20 4 5 4 59 4 77 29 4 16 4 100 30 4 17 4 5 4 81 41 4 5 4 78 23 4 5 4 17 4 119 33 4 34 4 43 4 0 8 4 13 4 47 12 4 9 4 100 5 4 37 45 4 60 4 29 4 16 43 4 7 4 82 45 4 37 4 0 36 4 51 4 36 24 4 21 4 69 22 4 41 4 31 21 4 18 4 81 40 4 5 4 111 52 4 6 4 72 44 4 34 4 14 4 84 16 4 35 4 41 18 4 31 4 30 4 73 39 4 15 4 47 4 95 29 4 13 4 11 4 24 4 42 39 4 5 4 39 4 37 4 119 34 4 50 4 18 4 100 39 4 5 4 86 25 4 24 4 38 4 61 36 4 13 4 8 4 26 12 4 15 4 45 4 93 60 4 5 4 19 4 85 44 16 18 16 119 5 4 105 36 16 18 16 18 20 4 51 4 19 10 4 5 4 5 4 0 47 4 29 4 28 4 46 4 0 33 4 55 4 51 12 4 22 4 48 4 11 4 0 27 4 5 4 50 4 119 42 4 23 4 50 4 26 38 4 25 4 54 4 60 53 4 16 4 44 4 119 60 4 53 4 38 4 8 4 11 21 4 60 4 32 4 5 4 62 26 4 60 4 32 4 75 23 4 50 4 26 4 58 20 4 11 4 20 4 
iteration 442 best: 1.18325 leader: 1.18325 time: 209511
0 21 4 54 4 59 4 97 48 4 37 4 97 12 4 12 4 23 4 36 49 4 59 4 25 4 119 45 4 17 4 49 4 42 36 4 14 4 47 4 24 4 102 5 4 5 4 35 4 71 12 4 21 4 8 5 4 59 4 116 34 4 35 4 31 4 51 4 26 37 4 38 4 73 22 4 25 4 37 30 4 7 4 15 4 20 4 40 4 23 35 4 18 4 44 4 60 4 62 19 4 45 4 35 55 4 41 4 5 4 29 4 32 36 4 51 4 22 4 26 29 4 54 4 64 26 4 48 4 98 60 20 62 5 4 39 4 35 4 113 37 20 117 5 4 47 4 60 4 119 5 4 20 4 5 4 59 4 77 29 4 16 4 100 30 4 17 4 5 4 81 41 4 5 4 78 23 4 5 4 17 4 119 33 4 34 4 43 4 0 8 4 13 4 47 12 4 9 4 100 5 4 37 45 4 60 4 29 4 16 43 4 7 4 82 45 4 37 4 0 36 4 51 4 36 24 4 21 4 69 22 4 41 4 31 21 4 18 4 81 40 4 5 4 111 52 4 6 4 72 44 4 34 4 14 4 84 16 4 35 4 41 18 4 31 4 30 4 73 39 4 15 4 47 4 95 29 4 13 4 11 4 24 4 42 39 4 5 4 39 4 37 4 119 34 4 50 4 18 4 100 39 4 5 4 86 25 4 24 4 38 4 61 36 4 13 4 8 4 26 12 4 15 4 45 4 93 60 4 5 4 19 4 85 44 16 18 16 119 5 4 105 36 16 18 16 18 20 4 51 4 19 10 4 5 4 5 4 0 47 4 29 4 28 4 46 4 0 33 4 55 4 51 12 4 22 4 48 4 11 4 0 27 4 5 4 50 4 119 42 4 23 4 50 4 26 38 4 25 4 54 4 60 53 4 16 4 44 4 119 60 4 53 4 38 4 8 4 11 21 4 60 4 32 4 5 4 62 26 4 60 4 32 4 75 23 4 50 4 26 4 58 20 4 11 4 20 4 
iteration 458 best: 1.18325 leader: 1.18325 time: 217017
0 21 4 54 4 59 4 97 48 4 37 4 97 12 4 12 4 23 4 36 49 4 59 4 25 4 119 45 4 17 4 49 4 42 36 4 14 4 47 4 24 4 102 5 4 5 4 35 4 71 12 4 21 4 8 5 4 59 4 116 34 4 35 4 31 4 51 4 26 37 4 38 4 73 22 4 25 4 37 30 4 7 4 15 4 20 4 40 4 23 35 4 18 4 44 4 60 4 62 19 4 45 4 35 55 4 41 4 5 4 29 4 32 36 4 51 4 22 4 26 29 4 54 4 64 26 4 48 4 98 60 20 62 5 4 39 4 35 4 113 37 20 117 5 4 47 4 60 4 119 5 4 20 4 5 4 59 4 77 29 4 16 4 100 30 4 17 4 5 4 81 41 4 5 4 78 23 4 5 4 17 4 119 33 4 34 4 43 4 0 8 4 13 4 47 12 4 9 4 100 5 4 37 45 4 60 4 29 4 16 43 4 7 4 82 45 4 37 4 0 36 4 51 4 36 24 4 21 4 69 22 4 41 4 31 21 4 18 4 81 40 4 5 4 111 52 4 6 4 72 44 4 34 4 14 4 84 16 4 35 4 41 18 4 31 4 30 4 73 39 4 15 4 47 4 95 29 4 13 4 11 4 24 4 42 39 4 5 4 39 4 37 4 119 34 4 50 4 18 4 100 39 4 5 4 86 25 4 24 4 38 4 61 36 4 13 4 8 4 26 12 4 15 4 45 4 93 60 4 5 4 19 4 85 44 16 18 16 119 5 4 105 36 16 18 16 18 20 4 51 4 19 10 4 5 4 5 4 0 47 4 29 4 28 4 46 4 0 33 4 55 4 51 12 4 22 4 48 4 11 4 0 27 4 5 4 50 4 119 42 4 23 4 50 4 26 38 4 25 4 54 4 60 53 4 16 4 44 4 119 60 4 53 4 38 4 8 4 11 21 4 60 4 32 4 5 4 62 26 4 60 4 32 4 75 23 4 50 4 26 4 58 20 4 11 4 20 4 
iteration 474 best: 1.18325 leader: 1.18325 time: 224557
0 21 4 54 4 59 4 97 48 4 37 4 97 12 4 12 4 23 4 36 49 4 59 4 25 4 119 45 4 17 4 49 4 42 36 4 14 4 47 4 24 4 102 5 4 5 4 35 4 71 12 4 21 4 8 5 4 59 4 116 34 4 35 4 31 4 51 4 26 37 4 38 4 73 22 4 25 4 37 30 4 7 4 15 4 20 4 40 4 23 35 4 18 4 44 4 60 4 62 19 4 45 4 35 55 4 41 4 5 4 29 4 32 36 4 51 4 22 4 26 29 4 54 4 64 26 4 48 4 98 60 20 62 5 4 39 4 35 4 113 37 20 117 5 4 47 4 60 4 119 5 4 20 4 5 4 59 4 77 29 4 16 4 100 30 4 17 4 5 4 81 41 4 5 4 78 23 4 5 4 17 4 119 33 4 34 4 43 4 0 8 4 13 4 47 12 4 9 4 100 5 4 37 45 4 60 4 29 4 16 43 4 7 4 82 45 4 37 4 0 36 4 51 4 36 24 4 21 4 69 22 4 41 4 31 21 4 18 4 81 40 4 5 4 111 52 4 6 4 72 44 4 34 4 14 4 84 16 4 35 4 41 18 4 31 4 30 4 73 39 4 15 4 47 4 95 29 4 13 4 11 4 24 4 42 39 4 5 4 39 4 37 4 119 34 4 50 4 18 4 100 39 4 5 4 86 25 4 24 4 38 4 61 36 4 13 4 8 4 26 12 4 15 4 45 4 93 60 4 5 4 19 4 85 44 16 18 16 119 5 4 105 36 16 18 16 18 20 4 51 4 19 10 4 5 4 5 4 0 47 4 29 4 28 4 46 4 0 33 4 55 4 51 12 4 22 4 48 4 11 4 0 27 4 5 4 50 4 119 42 4 23 4 50 4 26 38 4 25 4 54 4 60 53 4 16 4 44 4 119 60 4 53 4 38 4 8 4 11 21 4 60 4 32 4 5 4 62 26 4 60 4 32 4 75 23 4 50 4 26 4 58 20 4 11 4 20 4 
iteration 490 best: 1.18325 leader: 1.18325 time: 232103
0 21 4 54 4 59 4 97 48 4 37 4 97 12 4 12 4 23 4 36 49 4 59 4 25 4 119 45 4 17 4 49 4 42 36 4 14 4 47 4 24 4 102 5 4 5 4 35 4 71 12 4 21 4 8 5 4 59 4 116 34 4 35 4 31 4 51 4 26 37 4 38 4 73 22 4 25 4 37 30 4 7 4 15 4 20 4 40 4 23 35 4 18 4 44 4 60 4 62 19 4 45 4 35 55 4 41 4 5 4 29 4 32 36 4 51 4 22 4 26 29 4 54 4 64 26 4 48 4 98 60 20 62 5 4 39 4 35 4 113 37 20 117 5 4 47 4 60 4 119 5 4 20 4 5 4 59 4 77 29 4 16 4 100 30 4 17 4 5 4 81 41 4 5 4 78 23 4 5 4 17 4 119 33 4 34 4 43 4 0 8 4 13 4 47 12 4 9 4 100 5 4 37 45 4 60 4 29 4 16 43 4 7 4 82 45 4 37 4 0 36 4 51 4 36 24 4 21 4 69 22 4 41 4 31 21 4 18 4 81 40 4 5 4 111 52 4 6 4 72 44 4 34 4 14 4 84 16 4 35 4 41 18 4 31 4 30 4 73 39 4 15 4 47 4 95 29 4 13 4 11 4 24 4 42 39 4 5 4 39 4 37 4 119 34 4 50 4 18 4 100 39 4 5 4 86 25 4 24 4 38 4 61 36 4 13 4 8 4 26 12 4 15 4 45 4 93 60 4 5 4 19 4 85 44 16 18 16 119 5 4 105 36 16 18 16 18 20 4 51 4 19 10 4 5 4 5 4 0 47 4 29 4 28 4 46 4 0 33 4 55 4 51 12 4 22 4 48 4 11 4 0 27 4 5 4 50 4 119 42 4 23 4 50 4 26 38 4 25 4 54 4 60 53 4 16 4 44 4 119 60 4 53 4 38 4 8 4 11 21 4 60 4 32 4 5 4 62 26 4 60 4 32 4 75 23 4 50 4 26 4 58 20 4 11 4 20 4 
iteration 506 best: 1.18325 leader: 1.18325 time: 239638
0 21 4 54 4 59 4 97 48 4 37 4 97 12 4 12 4 23 4 36 49 4 59 4 25 4 119 45 4 17 4 49 4 42 36 4 14 4 47 4 24 4 102 5 4 5 4 35 4 71 12 4 21 4 8 5 4 59 4 116 34 4 35 4 31 4 51 4 26 37 4 38 4 73 22 4 25 4 37 30 4 7 4 15 4 20 4 40 4 23 35 4 18 4 44 4 60 4 62 19 4 45 4 35 55 4 41 4 5 4 29 4 32 36 4 51 4 22 4 26 29 4 54 4 64 26 4 48 4 98 60 20 62 5 4 39 4 35 4 113 37 20 117 5 4 47 4 60 4 119 5 4 20 4 5 4 59 4 77 29 4 16 4 100 30 4 17 4 5 4 81 41 4 5 4 78 23 4 5 4 17 4 119 33 4 34 4 43 4 0 8 4 13 4 47 12 4 9 4 100 5 4 37 45 4 60 4 29 4 16 43 4 7 4 82 45 4 37 4 0 36 4 51 4 36 24 4 21 4 69 22 4 41 4 31 21 4 18 4 81 40 4 5 4 111 52 4 6 4 72 44 4 34 4 14 4 84 16 4 35 4 41 18 4 31 4 30 4 73 39 4 15 4 47 4 95 29 4 13 4 11 4 24 4 42 39 4 5 4 39 4 37 4 119 34 4 50 4 18 4 100 39 4 5 4 86 25 4 24 4 38 4 61 36 4 13 4 8 4 26 12 4 15 4 45 4 93 60 4 5 4 19 4 85 44 16 18 16 119 5 4 105 36 16 18 16 18 20 4 51 4 19 10 4 5 4 5 4 0 47 4 29 4 28 4 46 4 0 33 4 55 4 51 12 4 22 4 48 4 11 4 0 27 4 5 4 50 4 119 42 4 23 4 50 4 26 38 4 25 4 54 4 60 53 4 16 4 44 4 119 60 4 53 4 38 4 8 4 11 21 4 60 4 32 4 5 4 62 26 4 60 4 32 4 75 23 4 50 4 26 4 58 20 4 11 4 20 4 
iteration 522 best: 1.18325 leader: 1.18325 time: 247139
0 21 4 54 4 59 4 97 48 4 37 4 97 12 4 12 4 23 4 36 49 4 59 4 25 4 119 45 4 17 4 49 4 42 36 4 14 4 47 4 24 4 102 5 4 5 4 35 4 71 12 4 21 4 8 5 4 59 4 116 34 4 35 4 31 4 51 4 26 37 4 38 4 73 22 4 25 4 37 30 4 7 4 15 4 20 4 40 4 23 35 4 18 4 44 4 60 4 62 19 4 45 4 35 55 4 41 4 5 4 29 4 32 36 4 51 4 22 4 26 29 4 54 4 64 26 4 48 4 98 60 20 62 5 4 39 4 35 4 113 37 20 117 5 4 47 4 60 4 119 5 4 20 4 5 4 59 4 77 29 4 16 4 100 30 4 17 4 5 4 81 41 4 5 4 78 23 4 5 4 17 4 119 33 4 34 4 43 4 0 8 4 13 4 47 12 4 9 4 100 5 4 37 45 4 60 4 29 4 16 43 4 7 4 82 45 4 37 4 0 36 4 51 4 36 24 4 21 4 69 22 4 41 4 31 21 4 18 4 81 40 4 5 4 111 52 4 6 4 72 44 4 34 4 14 4 84 16 4 35 4 41 18 4 31 4 30 4 73 39 4 15 4 47 4 95 29 4 13 4 11 4 24 4 42 39 4 5 4 39 4 37 4 119 34 4 50 4 18 4 100 39 4 5 4 86 25 4 24 4 38 4 61 36 4 13 4 8 4 26 12 4 15 4 45 4 93 60 4 5 4 19 4 85 44 16 18 16 119 5 4 105 36 16 18 16 18 20 4 51 4 19 10 4 5 4 5 4 0 47 4 29 4 28 4 46 4 0 33 4 55 4 51 12 4 22 4 48 4 11 4 0 27 4 5 4 50 4 119 42 4 23 4 50 4 26 38 4 25 4 54 4 60 53 4 16 4 44 4 119 60 4 53 4 38 4 8 4 11 21 4 60 4 32 4 5 4 62 26 4 60 4 32 4 75 23 4 50 4 26 4 58 20 4 11 4 20 4 
iteration 538 best: 1.18325 leader: 1.18325 time: 254614
0 21 4 54 4 59 4 97 48 4 37 4 97 12 4 12 4 23 4 36 49 4 59 4 25 4 119 45 4 17 4 49 4 42 36 4 14 4 47 4 24 4 102 5 4 5 4 35 4 71 12 4 21 4 8 5 4 59 4 116 34 4 35 4 31 4 51 4 26 37 4 38 4 73 22 4 25 4 37 30 4 7 4 15 4 20 4 40 4 23 35 4 18 4 44 4 60 4 62 19 4 45 4 35 55 4 41 4 5 4 29 4 32 36 4 51 4 22 4 26 29 4 54 4 64 26 4 48 4 98 60 20 62 5 4 39 4 35 4 113 37 20 117 5 4 47 4 60 4 119 5 4 20 4 5 4 59 4 77 29 4 16 4 100 30 4 17 4 5 4 81 41 4 5 4 78 23 4 5 4 17 4 119 33 4 34 4 43 4 0 8 4 13 4 47 12 4 9 4 100 5 4 37 45 4 60 4 29 4 16 43 4 7 4 82 45 4 37 4 0 36 4 51 4 36 24 4 21 4 69 22 4 41 4 31 21 4 18 4 81 40 4 5 4 111 52 4 6 4 72 44 4 34 4 14 4 84 16 4 35 4 41 18 4 31 4 30 4 73 39 4 15 4 47 4 95 29 4 13 4 11 4 24 4 42 39 4 5 4 39 4 37 4 119 34 4 50 4 18 4 100 39 4 5 4 86 25 4 24 4 38 4 61 36 4 13 4 8 4 26 12 4 15 4 45 4 93 60 4 5 4 19 4 85 44 16 18 16 119 5 4 105 36 16 18 16 18 20 4 51 4 19 10 4 5 4 5 4 0 47 4 29 4 28 4 46 4 0 33 4 55 4 51 12 4 22 4 48 4 11 4 0 27 4 5 4 50 4 119 42 4 23 4 50 4 26 38 4 25 4 54 4 60 53 4 16 4 44 4 119 60 4 53 4 38 4 8 4 11 21 4 60 4 32 4 5 4 62 26 4 60 4 32 4 75 23 4 50 4 26 4 58 20 4 11 4 20 4 
iteration 554 best: 1.18325 leader: 1.18325 time: 262107
0 21 4 54 4 59 4 97 48 4 37 4 97 12 4 12 4 23 4 36 49 4 59 4 25 4 119 45 4 17 4 49 4 42 36 4 14 4 47 4 24 4 102 5 4 5 4 35 4 71 12 4 21 4 8 5 4 59 4 116 34 4 35 4 31 4 51 4 26 37 4 38 4 73 22 4 25 4 37 30 4 7 4 15 4 20 4 40 4 23 35 4 18 4 44 4 60 4 62 19 4 45 4 35 55 4 41 4 5 4 29 4 32 36 4 51 4 22 4 26 29 4 54 4 64 26 4 48 4 98 60 20 62 5 4 39 4 35 4 113 37 20 117 5 4 47 4 60 4 119 5 4 20 4 5 4 59 4 77 29 4 16 4 100 30 4 17 4 5 4 81 41 4 5 4 78 23 4 5 4 17 4 119 33 4 34 4 43 4 0 8 4 13 4 47 12 4 9 4 100 5 4 37 45 4 60 4 29 4 16 43 4 7 4 82 45 4 37 4 0 36 4 51 4 36 24 4 21 4 69 22 4 41 4 31 21 4 18 4 81 40 4 5 4 111 52 4 6 4 72 44 4 34 4 14 4 84 16 4 35 4 41 18 4 31 4 30 4 73 39 4 15 4 47 4 95 29 4 13 4 11 4 24 4 42 39 4 5 4 39 4 37 4 119 34 4 50 4 18 4 100 39 4 5 4 86 25 4 24 4 38 4 61 36 4 13 4 8 4 26 12 4 15 4 45 4 93 60 4 5 4 19 4 85 44 16 18 16 119 5 4 105 36 16 18 16 18 20 4 51 4 19 10 4 5 4 5 4 0 47 4 29 4 28 4 46 4 0 33 4 55 4 51 12 4 22 4 48 4 11 4 0 27 4 5 4 50 4 119 42 4 23 4 50 4 26 38 4 25 4 54 4 60 53 4 16 4 44 4 119 60 4 53 4 38 4 8 4 11 21 4 60 4 32 4 5 4 62 26 4 60 4 32 4 75 23 4 50 4 26 4 58 20 4 11 4 20 4 
iteration 570 best: 1.18325 leader: 1.18325 time: 269622
0 21 4 54 4 59 4 97 48 4 37 4 97 12 4 12 4 23 4 36 49 4 59 4 25 4 119 45 4 17 4 49 4 42 36 4 14 4 47 4 24 4 102 5 4 5 4 35 4 71 12 4 21 4 8 5 4 59 4 116 34 4 35 4 31 4 51 4 26 37 4 38 4 73 22 4 25 4 37 30 4 7 4 15 4 20 4 40 4 23 35 4 18 4 44 4 60 4 62 19 4 45 4 35 55 4 41 4 5 4 29 4 32 36 4 51 4 22 4 26 29 4 54 4 64 26 4 48 4 98 60 20 62 5 4 39 4 35 4 113 37 20 117 5 4 47 4 60 4 119 5 4 20 4 5 4 59 4 77 29 4 16 4 100 30 4 17 4 5 4 81 41 4 5 4 78 23 4 5 4 17 4 119 33 4 34 4 43 4 0 8 4 13 4 47 12 4 9 4 100 5 4 37 45 4 60 4 29 4 16 43 4 7 4 82 45 4 37 4 0 36 4 51 4 36 24 4 21 4 69 22 4 41 4 31 21 4 18 4 81 40 4 5 4 111 52 4 6 4 72 44 4 34 4 14 4 84 16 4 35 4 41 18 4 31 4 30 4 73 39 4 15 4 47 4 95 29 4 13 4 11 4 24 4 42 39 4 5 4 39 4 37 4 119 34 4 50 4 18 4 100 39 4 5 4 86 25 4 24 4 38 4 61 36 4 13 4 8 4 26 12 4 15 4 45 4 93 60 4 5 4 19 4 85 44 16 18 16 119 5 4 105 36 16 18 16 18 20 4 51 4 19 10 4 5 4 5 4 0 47 4 29 4 28 4 46 4 0 33 4 55 4 51 12 4 22 4 48 4 11 4 0 27 4 5 4 50 4 119 42 4 23 4 50 4 26 38 4 25 4 54 4 60 53 4 16 4 44 4 119 60 4 53 4 38 4 8 4 11 21 4 60 4 32 4 5 4 62 26 4 60 4 32 4 75 23 4 50 4 26 4 58 20 4 11 4 20 4 
iteration 577 best: 1.18325 leader: 1.18325 time: 277103
0 21 4 54 4 59 4 97 48 4 37 4 97 12 4 12 4 23 4 36 49 4 59 4 25 4 119 45 4 17 4 49 4 42 36 4 14 4 47 4 24 4 102 5 4 5 4 35 4 71 12 4 21 4 8 5 4 59 4 116 34 4 35 4 31 4 51 4 26 37 4 38 4 73 22 4 25 4 37 30 4 7 4 15 4 20 4 40 4 23 35 4 18 4 44 4 60 4 62 19 4 45 4 35 55 4 41 4 5 4 29 4 32 36 4 51 4 22 4 26 29 4 54 4 64 26 4 48 4 98 60 20 62 5 4 39 4 35 4 113 37 20 117 5 4 47 4 60 4 119 5 4 20 4 5 4 59 4 77 29 4 16 4 100 30 4 17 4 5 4 81 41 4 5 4 78 23 4 5 4 17 4 119 33 4 34 4 43 4 0 8 4 13 4 47 12 4 9 4 100 5 4 37 45 4 60 4 29 4 16 43 4 7 4 82 45 4 37 4 0 36 4 51 4 36 24 4 21 4 69 22 4 41 4 31 21 4 18 4 81 40 4 5 4 111 52 4 6 4 72 44 4 34 4 14 4 84 16 4 35 4 41 18 4 31 4 30 4 73 39 4 15 4 47 4 95 29 4 13 4 11 4 24 4 42 39 4 5 4 39 4 37 4 119 34 4 50 4 18 4 100 39 4 5 4 86 25 4 24 4 38 4 61 36 4 13 4 8 4 26 12 4 15 4 45 4 93 60 4 5 4 19 4 85 44 16 18 16 119 5 4 105 36 16 18 16 18 20 4 51 4 19 10 4 5 4 5 4 0 47 4 29 4 28 4 46 4 0 33 4 55 4 51 12 4 22 4 48 4 11 4 0 27 4 5 4 50 4 119 42 4 23 4 50 4 26 38 4 25 4 54 4 60 53 4 16 4 44 4 119 60 4 53 4 38 4 8 4 11 21 4 60 4 32 4 5 4 62 26 4 60 4 32 4 75 23 4 50 4 26 4 58 20 4 11 4 20 4 
iteration 593 best: 1.18325 leader: 1.18325 time: 284711
0 21 4 54 4 59 4 97 48 4 37 4 97 12 4 12 4 23 4 36 49 4 59 4 25 4 119 45 4 17 4 49 4 42 36 4 14 4 47 4 24 4 102 5 4 5 4 35 4 71 12 4 21 4 8 5 4 59 4 116 34 4 35 4 31 4 51 4 26 37 4 38 4 73 22 4 25 4 37 30 4 7 4 15 4 20 4 40 4 23 35 4 18 4 44 4 60 4 62 19 4 45 4 35 55 4 41 4 5 4 29 4 32 36 4 51 4 22 4 26 29 4 54 4 64 26 4 48 4 98 60 20 62 5 4 39 4 35 4 113 37 20 117 5 4 47 4 60 4 119 5 4 20 4 5 4 59 4 77 29 4 16 4 100 30 4 17 4 5 4 81 41 4 5 4 78 23 4 5 4 17 4 119 33 4 34 4 43 4 0 8 4 13 4 47 12 4 9 4 100 5 4 37 45 4 60 4 29 4 16 43 4 7 4 82 45 4 37 4 0 36 4 51 4 36 24 4 21 4 69 22 4 41 4 31 21 4 18 4 81 40 4 5 4 111 52 4 6 4 72 44 4 34 4 14 4 84 16 4 35 4 41 18 4 31 4 30 4 73 39 4 15 4 47 4 95 29 4 13 4 11 4 24 4 42 39 4 5 4 39 4 37 4 119 34 4 50 4 18 4 100 39 4 5 4 86 25 4 24 4 38 4 61 36 4 13 4 8 4 26 12 4 15 4 45 4 93 60 4 5 4 19 4 85 44 16 18 16 119 5 4 105 36 16 18 16 18 20 4 51 4 19 10 4 5 4 5 4 0 47 4 29 4 28 4 46 4 0 33 4 55 4 51 12 4 22 4 48 4 11 4 0 27 4 5 4 50 4 119 42 4 23 4 50 4 26 38 4 25 4 54 4 60 53 4 16 4 44 4 119 60 4 53 4 38 4 8 4 11 21 4 60 4 32 4 5 4 62 26 4 60 4 32 4 75 23 4 50 4 26 4 58 20 4 11 4 20 4 
iteration 609 best: 1.18325 leader: 1.18325 time: 292349
0 21 4 54 4 59 4 97 48 4 37 4 97 12 4 12 4 23 4 36 49 4 59 4 25 4 119 45 4 17 4 49 4 42 36 4 14 4 47 4 24 4 102 5 4 5 4 35 4 71 12 4 21 4 8 5 4 59 4 116 34 4 35 4 31 4 51 4 26 37 4 38 4 73 22 4 25 4 37 30 4 7 4 15 4 20 4 40 4 23 35 4 18 4 44 4 60 4 62 19 4 45 4 35 55 4 41 4 5 4 29 4 32 36 4 51 4 22 4 26 29 4 54 4 64 26 4 48 4 98 60 20 62 5 4 39 4 35 4 113 37 20 117 5 4 47 4 60 4 119 5 4 20 4 5 4 59 4 77 29 4 16 4 100 30 4 17 4 5 4 81 41 4 5 4 78 23 4 5 4 17 4 119 33 4 34 4 43 4 0 8 4 13 4 47 12 4 9 4 100 5 4 37 45 4 60 4 29 4 16 43 4 7 4 82 45 4 37 4 0 36 4 51 4 36 24 4 21 4 69 22 4 41 4 31 21 4 18 4 81 40 4 5 4 111 52 4 6 4 72 44 4 34 4 14 4 84 16 4 35 4 41 18 4 31 4 30 4 73 39 4 15 4 47 4 95 29 4 13 4 11 4 24 4 42 39 4 5 4 39 4 37 4 119 34 4 50 4 18 4 100 39 4 5 4 86 25 4 24 4 38 4 61 36 4 13 4 8 4 26 12 4 15 4 45 4 93 60 4 5 4 19 4 85 44 16 18 16 119 5 4 105 36 16 18 16 18 20 4 51 4 19 10 4 5 4 5 4 0 47 4 29 4 28 4 46 4 0 33 4 55 4 51 12 4 22 4 48 4 11 4 0 27 4 5 4 50 4 119 42 4 23 4 50 4 26 38 4 25 4 54 4 60 53 4 16 4 44 4 119 60 4 53 4 38 4 8 4 11 21 4 60 4 32 4 5 4 62 26 4 60 4 32 4 75 23 4 50 4 26 4 58 20 4 11 4 20 4 
iteration 625 best: 1.18325 leader: 1.18325 time: 299926
0 21 4 54 4 59 4 97 48 4 37 4 97 12 4 12 4 23 4 36 49 4 59 4 25 4 119 45 4 17 4 49 4 42 36 4 14 4 47 4 24 4 102 5 4 5 4 35 4 71 12 4 21 4 8 5 4 59 4 116 34 4 35 4 31 4 51 4 26 37 4 38 4 73 22 4 25 4 37 30 4 7 4 15 4 20 4 40 4 23 35 4 18 4 44 4 60 4 62 19 4 45 4 35 55 4 41 4 5 4 29 4 32 36 4 51 4 22 4 26 29 4 54 4 64 26 4 48 4 98 60 20 62 5 4 39 4 35 4 113 37 20 117 5 4 47 4 60 4 119 5 4 20 4 5 4 59 4 77 29 4 16 4 100 30 4 17 4 5 4 81 41 4 5 4 78 23 4 5 4 17 4 119 33 4 34 4 43 4 0 8 4 13 4 47 12 4 9 4 100 5 4 37 45 4 60 4 29 4 16 43 4 7 4 82 45 4 37 4 0 36 4 51 4 36 24 4 21 4 69 22 4 41 4 31 21 4 18 4 81 40 4 5 4 111 52 4 6 4 72 44 4 34 4 14 4 84 16 4 35 4 41 18 4 31 4 30 4 73 39 4 15 4 47 4 95 29 4 13 4 11 4 24 4 42 39 4 5 4 39 4 37 4 119 34 4 50 4 18 4 100 39 4 5 4 86 25 4 24 4 38 4 61 36 4 13 4 8 4 26 12 4 15 4 45 4 93 60 4 5 4 19 4 85 44 16 18 16 119 5 4 105 36 16 18 16 18 20 4 51 4 19 10 4 5 4 5 4 0 47 4 29 4 28 4 46 4 0 33 4 55 4 51 12 4 22 4 48 4 11 4 0 27 4 5 4 50 4 119 42 4 23 4 50 4 26 38 4 25 4 54 4 60 53 4 16 4 44 4 119 60 4 53 4 38 4 8 4 11 21 4 60 4 32 4 5 4 62 26 4 60 4 32 4 75 23 4 50 4 26 4 58 20 4 11 4 20 4 
iteration 641 best: 1.18325 leader: 1.18325 time: 307431
0 21 4 54 4 59 4 97 48 4 37 4 97 12 4 12 4 23 4 36 49 4 59 4 25 4 119 45 4 17 4 49 4 42 36 4 14 4 47 4 24 4 102 5 4 5 4 35 4 71 12 4 21 4 8 5 4 59 4 116 34 4 35 4 31 4 51 4 26 37 4 38 4 73 22 4 25 4 37 30 4 7 4 15 4 20 4 40 4 23 35 4 18 4 44 4 60 4 62 19 4 45 4 35 55 4 41 4 5 4 29 4 32 36 4 51 4 22 4 26 29 4 54 4 64 26 4 48 4 98 60 20 62 5 4 39 4 35 4 113 37 20 117 5 4 47 4 60 4 119 5 4 20 4 5 4 59 4 77 29 4 16 4 100 30 4 17 4 5 4 81 41 4 5 4 78 23 4 5 4 17 4 119 33 4 34 4 43 4 0 8 4 13 4 47 12 4 9 4 100 5 4 37 45 4 60 4 29 4 16 43 4 7 4 82 45 4 37 4 0 36 4 51 4 36 24 4 21 4 69 22 4 41 4 31 21 4 18 4 81 40 4 5 4 111 52 4 6 4 72 44 4 34 4 14 4 84 16 4 35 4 41 18 4 31 4 30 4 73 39 4 15 4 47 4 95 29 4 13 4 11 4 24 4 42 39 4 5 4 39 4 37 4 119 34 4 50 4 18 4 100 39 4 5 4 86 25 4 24 4 38 4 61 36 4 13 4 8 4 26 12 4 15 4 45 4 93 60 4 5 4 19 4 85 44 16 18 16 119 5 4 105 36 16 18 16 18 20 4 51 4 19 10 4 5 4 5 4 0 47 4 29 4 28 4 46 4 0 33 4 55 4 51 12 4 22 4 48 4 11 4 0 27 4 5 4 50 4 119 42 4 23 4 50 4 26 38 4 25 4 54 4 60 53 4 16 4 44 4 119 60 4 53 4 38 4 8 4 11 21 4 60 4 32 4 5 4 62 26 4 60 4 32 4 75 23 4 50 4 26 4 58 20 4 11 4 20 4 
iteration 657 best: 1.18325 leader: 1.18325 time: 314986
0 21 4 54 4 59 4 97 48 4 37 4 97 12 4 12 4 23 4 36 49 4 59 4 25 4 119 45 4 17 4 49 4 42 36 4 14 4 47 4 24 4 102 5 4 5 4 35 4 71 12 4 21 4 8 5 4 59 4 116 34 4 35 4 31 4 51 4 26 37 4 38 4 73 22 4 25 4 37 30 4 7 4 15 4 20 4 40 4 23 35 4 18 4 44 4 60 4 62 19 4 45 4 35 55 4 41 4 5 4 29 4 32 36 4 51 4 22 4 26 29 4 54 4 64 26 4 48 4 98 60 20 62 5 4 39 4 35 4 113 37 20 117 5 4 47 4 60 4 119 5 4 20 4 5 4 59 4 77 29 4 16 4 100 30 4 17 4 5 4 81 41 4 5 4 78 23 4 5 4 17 4 119 33 4 34 4 43 4 0 8 4 13 4 47 12 4 9 4 100 5 4 37 45 4 60 4 29 4 16 43 4 7 4 82 45 4 37 4 0 36 4 51 4 36 24 4 21 4 69 22 4 41 4 31 21 4 18 4 81 40 4 5 4 111 52 4 6 4 72 44 4 34 4 14 4 84 16 4 35 4 41 18 4 31 4 30 4 73 39 4 15 4 47 4 95 29 4 13 4 11 4 24 4 42 39 4 5 4 39 4 37 4 119 34 4 50 4 18 4 100 39 4 5 4 86 25 4 24 4 38 4 61 36 4 13 4 8 4 26 12 4 15 4 45 4 93 60 4 5 4 19 4 85 44 16 18 16 119 5 4 105 36 16 18 16 18 20 4 51 4 19 10 4 5 4 5 4 0 47 4 29 4 28 4 46 4 0 33 4 55 4 51 12 4 22 4 48 4 11 4 0 27 4 5 4 50 4 119 42 4 23 4 50 4 26 38 4 25 4 54 4 60 53 4 16 4 44 4 119 60 4 53 4 38 4 8 4 11 21 4 60 4 32 4 5 4 62 26 4 60 4 32 4 75 23 4 50 4 26 4 58 20 4 11 4 20 4 
iteration 673 best: 1.18325 leader: 1.18325 time: 322551
0 21 4 54 4 59 4 97 48 4 37 4 97 12 4 12 4 23 4 36 49 4 59 4 25 4 119 45 4 17 4 49 4 42 36 4 14 4 47 4 24 4 102 5 4 5 4 35 4 71 12 4 21 4 8 5 4 59 4 116 34 4 35 4 31 4 51 4 26 37 4 38 4 73 22 4 25 4 37 30 4 7 4 15 4 20 4 40 4 23 35 4 18 4 44 4 60 4 62 19 4 45 4 35 55 4 41 4 5 4 29 4 32 36 4 51 4 22 4 26 29 4 54 4 64 26 4 48 4 98 60 20 62 5 4 39 4 35 4 113 37 20 117 5 4 47 4 60 4 119 5 4 20 4 5 4 59 4 77 29 4 16 4 100 30 4 17 4 5 4 81 41 4 5 4 78 23 4 5 4 17 4 119 33 4 34 4 43 4 0 8 4 13 4 47 12 4 9 4 100 5 4 37 45 4 60 4 29 4 16 43 4 7 4 82 45 4 37 4 0 36 4 51 4 36 24 4 21 4 69 22 4 41 4 31 21 4 18 4 81 40 4 5 4 111 52 4 6 4 72 44 4 34 4 14 4 84 16 4 35 4 41 18 4 31 4 30 4 73 39 4 15 4 47 4 95 29 4 13 4 11 4 24 4 42 39 4 5 4 39 4 37 4 119 34 4 50 4 18 4 100 39 4 5 4 86 25 4 24 4 38 4 61 36 4 13 4 8 4 26 12 4 15 4 45 4 93 60 4 5 4 19 4 85 44 16 18 16 119 5 4 105 36 16 18 16 18 20 4 51 4 19 10 4 5 4 5 4 0 47 4 29 4 28 4 46 4 0 33 4 55 4 51 12 4 22 4 48 4 11 4 0 27 4 5 4 50 4 119 42 4 23 4 50 4 26 38 4 25 4 54 4 60 53 4 16 4 44 4 119 60 4 53 4 38 4 8 4 11 21 4 60 4 32 4 5 4 62 26 4 60 4 32 4 75 23 4 50 4 26 4 58 20 4 11 4 20 4 
iteration 689 best: 1.18325 leader: 1.18325 time: 330085
0 21 4 54 4 59 4 97 48 4 37 4 97 12 4 12 4 23 4 36 49 4 59 4 25 4 119 45 4 17 4 49 4 42 36 4 14 4 47 4 24 4 102 5 4 5 4 35 4 71 12 4 21 4 8 5 4 59 4 116 34 4 35 4 31 4 51 4 26 37 4 38 4 73 22 4 25 4 37 30 4 7 4 15 4 20 4 40 4 23 35 4 18 4 44 4 60 4 62 19 4 45 4 35 55 4 41 4 5 4 29 4 32 36 4 51 4 22 4 26 29 4 54 4 64 26 4 48 4 98 60 20 62 5 4 39 4 35 4 113 37 20 117 5 4 47 4 60 4 119 5 4 20 4 5 4 59 4 77 29 4 16 4 100 30 4 17 4 5 4 81 41 4 5 4 78 23 4 5 4 17 4 119 33 4 34 4 43 4 0 8 4 13 4 47 12 4 9 4 100 5 4 37 45 4 60 4 29 4 16 43 4 7 4 82 45 4 37 4 0 36 4 51 4 36 24 4 21 4 69 22 4 41 4 31 21 4 18 4 81 40 4 5 4 111 52 4 6 4 72 44 4 34 4 14 4 84 16 4 35 4 41 18 4 31 4 30 4 73 39 4 15 4 47 4 95 29 4 13 4 11 4 24 4 42 39 4 5 4 39 4 37 4 119 34 4 50 4 18 4 100 39 4 5 4 86 25 4 24 4 38 4 61 36 4 13 4 8 4 26 12 4 15 4 45 4 93 60 4 5 4 19 4 85 44 16 18 16 119 5 4 105 36 16 18 16 18 20 4 51 4 19 10 4 5 4 5 4 0 47 4 29 4 28 4 46 4 0 33 4 55 4 51 12 4 22 4 48 4 11 4 0 27 4 5 4 50 4 119 42 4 23 4 50 4 26 38 4 25 4 54 4 60 53 4 16 4 44 4 119 60 4 53 4 38 4 8 4 11 21 4 60 4 32 4 5 4 62 26 4 60 4 32 4 75 23 4 50 4 26 4 58 20 4 11 4 20 4 
iteration 705 best: 1.18325 leader: 1.18325 time: 337619
0 21 4 54 4 59 4 97 48 4 37 4 97 12 4 12 4 23 4 36 49 4 59 4 25 4 119 45 4 17 4 49 4 42 36 4 14 4 47 4 24 4 102 5 4 5 4 35 4 71 12 4 21 4 8 5 4 59 4 116 34 4 35 4 31 4 51 4 26 37 4 38 4 73 22 4 25 4 37 30 4 7 4 15 4 20 4 40 4 23 35 4 18 4 44 4 60 4 62 19 4 45 4 35 55 4 41 4 5 4 29 4 32 36 4 51 4 22 4 26 29 4 54 4 64 26 4 48 4 98 60 20 62 5 4 39 4 35 4 113 37 20 117 5 4 47 4 60 4 119 5 4 20 4 5 4 59 4 77 29 4 16 4 100 30 4 17 4 5 4 81 41 4 5 4 78 23 4 5 4 17 4 119 33 4 34 4 43 4 0 8 4 13 4 47 12 4 9 4 100 5 4 37 45 4 60 4 29 4 16 43 4 7 4 82 45 4 37 4 0 36 4 51 4 36 24 4 21 4 69 22 4 41 4 31 21 4 18 4 81 40 4 5 4 111 52 4 6 4 72 44 4 34 4 14 4 84 16 4 35 4 41 18 4 31 4 30 4 73 39 4 15 4 47 4 95 29 4 13 4 11 4 24 4 42 39 4 5 4 39 4 37 4 119 34 4 50 4 18 4 100 39 4 5 4 86 25 4 24 4 38 4 61 36 4 13 4 8 4 26 12 4 15 4 45 4 93 60 4 5 4 19 4 85 44 16 18 16 119 5 4 105 36 16 18 16 18 20 4 51 4 19 10 4 5 4 5 4 0 47 4 29 4 28 4 46 4 0 33 4 55 4 51 12 4 22 4 48 4 11 4 0 27 4 5 4 50 4 119 42 4 23 4 50 4 26 38 4 25 4 54 4 60 53 4 16 4 44 4 119 60 4 53 4 38 4 8 4 11 21 4 60 4 32 4 5 4 62 26 4 60 4 32 4 75 23 4 50 4 26 4 58 20 4 11 4 20 4 
iteration 721 best: 1.18325 leader: 1.18325 time: 345153
0 21 4 54 4 59 4 97 48 4 37 4 97 12 4 12 4 23 4 36 49 4 59 4 25 4 119 45 4 17 4 49 4 42 36 4 14 4 47 4 24 4 102 5 4 5 4 35 4 71 12 4 21 4 8 5 4 59 4 116 34 4 35 4 31 4 51 4 26 37 4 38 4 73 22 4 25 4 37 30 4 7 4 15 4 20 4 40 4 23 35 4 18 4 44 4 60 4 62 19 4 45 4 35 55 4 41 4 5 4 29 4 32 36 4 51 4 22 4 26 29 4 54 4 64 26 4 48 4 98 60 20 62 5 4 39 4 35 4 113 37 20 117 5 4 47 4 60 4 119 5 4 20 4 5 4 59 4 77 29 4 16 4 100 30 4 17 4 5 4 81 41 4 5 4 78 23 4 5 4 17 4 119 33 4 34 4 43 4 0 8 4 13 4 47 12 4 9 4 100 5 4 37 45 4 60 4 29 4 16 43 4 7 4 82 45 4 37 4 0 36 4 51 4 36 24 4 21 4 69 22 4 41 4 31 21 4 18 4 81 40 4 5 4 111 52 4 6 4 72 44 4 34 4 14 4 84 16 4 35 4 41 18 4 31 4 30 4 73 39 4 15 4 47 4 95 29 4 13 4 11 4 24 4 42 39 4 5 4 39 4 37 4 119 34 4 50 4 18 4 100 39 4 5 4 86 25 4 24 4 38 4 61 36 4 13 4 8 4 26 12 4 15 4 45 4 93 60 4 5 4 19 4 85 44 16 18 16 119 5 4 105 36 16 18 16 18 20 4 51 4 19 10 4 5 4 5 4 0 47 4 29 4 28 4 46 4 0 33 4 55 4 51 12 4 22 4 48 4 11 4 0 27 4 5 4 50 4 119 42 4 23 4 50 4 26 38 4 25 4 54 4 60 53 4 16 4 44 4 119 60 4 53 4 38 4 8 4 11 21 4 60 4 32 4 5 4 62 26 4 60 4 32 4 75 23 4 50 4 26 4 58 20 4 11 4 20 4 
iteration 737 best: 1.18325 leader: 1.18325 time: 352721
0 21 4 54 4 59 4 97 48 4 37 4 97 12 4 12 4 23 4 36 49 4 59 4 25 4 119 45 4 17 4 49 4 42 36 4 14 4 47 4 24 4 102 5 4 5 4 35 4 71 12 4 21 4 8 5 4 59 4 116 34 4 35 4 31 4 51 4 26 37 4 38 4 73 22 4 25 4 37 30 4 7 4 15 4 20 4 40 4 23 35 4 18 4 44 4 60 4 62 19 4 45 4 35 55 4 41 4 5 4 29 4 32 36 4 51 4 22 4 26 29 4 54 4 64 26 4 48 4 98 60 20 62 5 4 39 4 35 4 113 37 20 117 5 4 47 4 60 4 119 5 4 20 4 5 4 59 4 77 29 4 16 4 100 30 4 17 4 5 4 81 41 4 5 4 78 23 4 5 4 17 4 119 33 4 34 4 43 4 0 8 4 13 4 47 12 4 9 4 100 5 4 37 45 4 60 4 29 4 16 43 4 7 4 82 45 4 37 4 0 36 4 51 4 36 24 4 21 4 69 22 4 41 4 31 21 4 18 4 81 40 4 5 4 111 52 4 6 4 72 44 4 34 4 14 4 84 16 4 35 4 41 18 4 31 4 30 4 73 39 4 15 4 47 4 95 29 4 13 4 11 4 24 4 42 39 4 5 4 39 4 37 4 119 34 4 50 4 18 4 100 39 4 5 4 86 25 4 24 4 38 4 61 36 4 13 4 8 4 26 12 4 15 4 45 4 93 60 4 5 4 19 4 85 44 16 18 16 119 5 4 105 36 16 18 16 18 20 4 51 4 19 10 4 5 4 5 4 0 47 4 29 4 28 4 46 4 0 33 4 55 4 51 12 4 22 4 48 4 11 4 0 27 4 5 4 50 4 119 42 4 23 4 50 4 26 38 4 25 4 54 4 60 53 4 16 4 44 4 119 60 4 53 4 38 4 8 4 11 21 4 60 4 32 4 5 4 62 26 4 60 4 32 4 75 23 4 50 4 26 4 58 20 4 11 4 20 4 
iteration 753 best: 1.18325 leader: 1.18325 time: 360251
0 21 4 54 4 59 4 97 48 4 37 4 97 12 4 12 4 23 4 36 49 4 59 4 25 4 119 45 4 17 4 49 4 42 36 4 14 4 47 4 24 4 102 5 4 5 4 35 4 71 12 4 21 4 8 5 4 59 4 116 34 4 35 4 31 4 51 4 26 37 4 38 4 73 22 4 25 4 37 30 4 7 4 15 4 20 4 40 4 23 35 4 18 4 44 4 60 4 62 19 4 45 4 35 55 4 41 4 5 4 29 4 32 36 4 51 4 22 4 26 29 4 54 4 64 26 4 48 4 98 60 20 62 5 4 39 4 35 4 113 37 20 117 5 4 47 4 60 4 119 5 4 20 4 5 4 59 4 77 29 4 16 4 100 30 4 17 4 5 4 81 41 4 5 4 78 23 4 5 4 17 4 119 33 4 34 4 43 4 0 8 4 13 4 47 12 4 9 4 100 5 4 37 45 4 60 4 29 4 16 43 4 7 4 82 45 4 37 4 0 36 4 51 4 36 24 4 21 4 69 22 4 41 4 31 21 4 18 4 81 40 4 5 4 111 52 4 6 4 72 44 4 34 4 14 4 84 16 4 35 4 41 18 4 31 4 30 4 73 39 4 15 4 47 4 95 29 4 13 4 11 4 24 4 42 39 4 5 4 39 4 37 4 119 34 4 50 4 18 4 100 39 4 5 4 86 25 4 24 4 38 4 61 36 4 13 4 8 4 26 12 4 15 4 45 4 93 60 4 5 4 19 4 85 44 16 18 16 119 5 4 105 36 16 18 16 18 20 4 51 4 19 10 4 5 4 5 4 0 47 4 29 4 28 4 46 4 0 33 4 55 4 51 12 4 22 4 48 4 11 4 0 27 4 5 4 50 4 119 42 4 23 4 50 4 26 38 4 25 4 54 4 60 53 4 16 4 44 4 119 60 4 53 4 38 4 8 4 11 21 4 60 4 32 4 5 4 62 26 4 60 4 32 4 75 23 4 50 4 26 4 58 20 4 11 4 20 4 
iteration 769 best: 1.18325 leader: 1.18325 time: 367808
0 21 4 54 4 59 4 97 48 4 37 4 97 12 4 12 4 23 4 36 49 4 59 4 25 4 119 45 4 17 4 49 4 42 36 4 14 4 47 4 24 4 102 5 4 5 4 35 4 71 12 4 21 4 8 5 4 59 4 116 34 4 35 4 31 4 51 4 26 37 4 38 4 73 22 4 25 4 37 30 4 7 4 15 4 20 4 40 4 23 35 4 18 4 44 4 60 4 62 19 4 45 4 35 55 4 41 4 5 4 29 4 32 36 4 51 4 22 4 26 29 4 54 4 64 26 4 48 4 98 60 20 62 5 4 39 4 35 4 113 37 20 117 5 4 47 4 60 4 119 5 4 20 4 5 4 59 4 77 29 4 16 4 100 30 4 17 4 5 4 81 41 4 5 4 78 23 4 5 4 17 4 119 33 4 34 4 43 4 0 8 4 13 4 47 12 4 9 4 100 5 4 37 45 4 60 4 29 4 16 43 4 7 4 82 45 4 37 4 0 36 4 51 4 36 24 4 21 4 69 22 4 41 4 31 21 4 18 4 81 40 4 5 4 111 52 4 6 4 72 44 4 34 4 14 4 84 16 4 35 4 41 18 4 31 4 30 4 73 39 4 15 4 47 4 95 29 4 13 4 11 4 24 4 42 39 4 5 4 39 4 37 4 119 34 4 50 4 18 4 100 39 4 5 4 86 25 4 24 4 38 4 61 36 4 13 4 8 4 26 12 4 15 4 45 4 93 60 4 5 4 19 4 85 44 16 18 16 119 5 4 105 36 16 18 16 18 20 4 51 4 19 10 4 5 4 5 4 0 47 4 29 4 28 4 46 4 0 33 4 55 4 51 12 4 22 4 48 4 11 4 0 27 4 5 4 50 4 119 42 4 23 4 50 4 26 38 4 25 4 54 4 60 53 4 16 4 44 4 119 60 4 53 4 38 4 8 4 11 21 4 60 4 32 4 5 4 62 26 4 60 4 32 4 75 23 4 50 4 26 4 58 20 4 11 4 20 4 
iteration 785 best: 1.18325 leader: 1.18325 time: 375330
0 21 4 54 4 59 4 97 48 4 37 4 97 12 4 12 4 23 4 36 49 4 59 4 25 4 119 45 4 17 4 49 4 42 36 4 14 4 47 4 24 4 102 5 4 5 4 35 4 71 12 4 21 4 8 5 4 59 4 116 34 4 35 4 31 4 51 4 26 37 4 38 4 73 22 4 25 4 37 30 4 7 4 15 4 20 4 40 4 23 35 4 18 4 44 4 60 4 62 19 4 45 4 35 55 4 41 4 5 4 29 4 32 36 4 51 4 22 4 26 29 4 54 4 64 26 4 48 4 98 60 20 62 5 4 39 4 35 4 113 37 20 117 5 4 47 4 60 4 119 5 4 20 4 5 4 59 4 77 29 4 16 4 100 30 4 17 4 5 4 81 41 4 5 4 78 23 4 5 4 17 4 119 33 4 34 4 43 4 0 8 4 13 4 47 12 4 9 4 100 5 4 37 45 4 60 4 29 4 16 43 4 7 4 82 45 4 37 4 0 36 4 51 4 36 24 4 21 4 69 22 4 41 4 31 21 4 18 4 81 40 4 5 4 111 52 4 6 4 72 44 4 34 4 14 4 84 16 4 35 4 41 18 4 31 4 30 4 73 39 4 15 4 47 4 95 29 4 13 4 11 4 24 4 42 39 4 5 4 39 4 37 4 119 34 4 50 4 18 4 100 39 4 5 4 86 25 4 24 4 38 4 61 36 4 13 4 8 4 26 12 4 15 4 45 4 93 60 4 5 4 19 4 85 44 16 18 16 119 5 4 105 36 16 18 16 18 20 4 51 4 19 10 4 5 4 5 4 0 47 4 29 4 28 4 46 4 0 33 4 55 4 51 12 4 22 4 48 4 11 4 0 27 4 5 4 50 4 119 42 4 23 4 50 4 26 38 4 25 4 54 4 60 53 4 16 4 44 4 119 60 4 53 4 38 4 8 4 11 21 4 60 4 32 4 5 4 62 26 4 60 4 32 4 75 23 4 50 4 26 4 58 20 4 11 4 20 4 
iteration 801 best: 1.18325 leader: 1.18325 time: 382851
0 21 4 54 4 59 4 97 48 4 37 4 97 12 4 12 4 23 4 36 49 4 59 4 25 4 119 45 4 17 4 49 4 42 36 4 14 4 47 4 24 4 102 5 4 5 4 35 4 71 12 4 21 4 8 5 4 59 4 116 34 4 35 4 31 4 51 4 26 37 4 38 4 73 22 4 25 4 37 30 4 7 4 15 4 20 4 40 4 23 35 4 18 4 44 4 60 4 62 19 4 45 4 35 55 4 41 4 5 4 29 4 32 36 4 51 4 22 4 26 29 4 54 4 64 26 4 48 4 98 60 20 62 5 4 39 4 35 4 113 37 20 117 5 4 47 4 60 4 119 5 4 20 4 5 4 59 4 77 29 4 16 4 100 30 4 17 4 5 4 81 41 4 5 4 78 23 4 5 4 17 4 119 33 4 34 4 43 4 0 8 4 13 4 47 12 4 9 4 100 5 4 37 45 4 60 4 29 4 16 43 4 7 4 82 45 4 37 4 0 36 4 51 4 36 24 4 21 4 69 22 4 41 4 31 21 4 18 4 81 40 4 5 4 111 52 4 6 4 72 44 4 34 4 14 4 84 16 4 35 4 41 18 4 31 4 30 4 73 39 4 15 4 47 4 95 29 4 13 4 11 4 24 4 42 39 4 5 4 39 4 37 4 119 34 4 50 4 18 4 100 39 4 5 4 86 25 4 24 4 38 4 61 36 4 13 4 8 4 26 12 4 15 4 45 4 93 60 4 5 4 19 4 85 44 16 18 16 119 5 4 105 36 16 18 16 18 20 4 51 4 19 10 4 5 4 5 4 0 47 4 29 4 28 4 46 4 0 33 4 55 4 51 12 4 22 4 48 4 11 4 0 27 4 5 4 50 4 119 42 4 23 4 50 4 26 38 4 25 4 54 4 60 53 4 16 4 44 4 119 60 4 53 4 38 4 8 4 11 21 4 60 4 32 4 5 4 62 26 4 60 4 32 4 75 23 4 50 4 26 4 58 20 4 11 4 20 4 
iteration 817 best: 1.18325 leader: 1.18325 time: 390418
0 21 4 54 4 59 4 97 48 4 37 4 97 12 4 12 4 23 4 36 49 4 59 4 25 4 119 45 4 17 4 49 4 42 36 4 14 4 47 4 24 4 102 5 4 5 4 35 4 71 12 4 21 4 8 5 4 59 4 116 34 4 35 4 31 4 51 4 26 37 4 38 4 73 22 4 25 4 37 30 4 7 4 15 4 20 4 40 4 23 35 4 18 4 44 4 60 4 62 19 4 45 4 35 55 4 41 4 5 4 29 4 32 36 4 51 4 22 4 26 29 4 54 4 64 26 4 48 4 98 60 20 62 5 4 39 4 35 4 113 37 20 117 5 4 47 4 60 4 119 5 4 20 4 5 4 59 4 77 29 4 16 4 100 30 4 17 4 5 4 81 41 4 5 4 78 23 4 5 4 17 4 119 33 4 34 4 43 4 0 8 4 13 4 47 12 4 9 4 100 5 4 37 45 4 60 4 29 4 16 43 4 7 4 82 45 4 37 4 0 36 4 51 4 36 24 4 21 4 69 22 4 41 4 31 21 4 18 4 81 40 4 5 4 111 52 4 6 4 72 44 4 34 4 14 4 84 16 4 35 4 41 18 4 31 4 30 4 73 39 4 15 4 47 4 95 29 4 13 4 11 4 24 4 42 39 4 5 4 39 4 37 4 119 34 4 50 4 18 4 100 39 4 5 4 86 25 4 24 4 38 4 61 36 4 13 4 8 4 26 12 4 15 4 45 4 93 60 4 5 4 19 4 85 44 16 18 16 119 5 4 105 36 16 18 16 18 20 4 51 4 19 10 4 5 4 5 4 0 47 4 29 4 28 4 46 4 0 33 4 55 4 51 12 4 22 4 48 4 11 4 0 27 4 5 4 50 4 119 42 4 23 4 50 4 26 38 4 25 4 54 4 60 53 4 16 4 44 4 119 60 4 53 4 38 4 8 4 11 21 4 60 4 32 4 5 4 62 26 4 60 4 32 4 75 23 4 50 4 26 4 58 20 4 11 4 20 4 
iteration 833 best: 1.18325 leader: 1.18325 time: 397952
0 21 4 54 4 59 4 97 48 4 37 4 97 12 4 12 4 23 4 36 49 4 59 4 25 4 119 45 4 17 4 49 4 42 36 4 14 4 47 4 24 4 102 5 4 5 4 35 4 71 12 4 21 4 8 5 4 59 4 116 34 4 35 4 31 4 51 4 26 37 4 38 4 73 22 4 25 4 37 30 4 7 4 15 4 20 4 40 4 23 35 4 18 4 44 4 60 4 62 19 4 45 4 35 55 4 41 4 5 4 29 4 32 36 4 51 4 22 4 26 29 4 54 4 64 26 4 48 4 98 60 20 62 5 4 39 4 35 4 113 37 20 117 5 4 47 4 60 4 119 5 4 20 4 5 4 59 4 77 29 4 16 4 100 30 4 17 4 5 4 81 41 4 5 4 78 23 4 5 4 17 4 119 33 4 34 4 43 4 0 8 4 13 4 47 12 4 9 4 100 5 4 37 45 4 60 4 29 4 16 43 4 7 4 82 45 4 37 4 0 36 4 51 4 36 24 4 21 4 69 22 4 41 4 31 21 4 18 4 81 40 4 5 4 111 52 4 6 4 72 44 4 34 4 14 4 84 16 4 35 4 41 18 4 31 4 30 4 73 39 4 15 4 47 4 95 29 4 13 4 11 4 24 4 42 39 4 5 4 39 4 37 4 119 34 4 50 4 18 4 100 39 4 5 4 86 25 4 24 4 38 4 61 36 4 13 4 8 4 26 12 4 15 4 45 4 93 60 4 5 4 19 4 85 44 16 18 16 119 5 4 105 36 16 18 16 18 20 4 51 4 19 10 4 5 4 5 4 0 47 4 29 4 28 4 46 4 0 33 4 55 4 51 12 4 22 4 48 4 11 4 0 27 4 5 4 50 4 119 42 4 23 4 50 4 26 38 4 25 4 54 4 60 53 4 16 4 44 4 119 60 4 53 4 38 4 8 4 11 21 4 60 4 32 4 5 4 62 26 4 60 4 32 4 75 23 4 50 4 26 4 58 20 4 11 4 20 4 
iteration 849 best: 1.18325 leader: 1.18325 time: 405518
0 21 4 54 4 59 4 97 48 4 37 4 97 12 4 12 4 23 4 36 49 4 59 4 25 4 119 45 4 17 4 49 4 42 36 4 14 4 47 4 24 4 102 5 4 5 4 35 4 71 12 4 21 4 8 5 4 59 4 116 34 4 35 4 31 4 51 4 26 37 4 38 4 73 22 4 25 4 37 30 4 7 4 15 4 20 4 40 4 23 35 4 18 4 44 4 60 4 62 19 4 45 4 35 55 4 41 4 5 4 29 4 32 36 4 51 4 22 4 26 29 4 54 4 64 26 4 48 4 98 60 20 62 5 4 39 4 35 4 113 37 20 117 5 4 47 4 60 4 119 5 4 20 4 5 4 59 4 77 29 4 16 4 100 30 4 17 4 5 4 81 41 4 5 4 78 23 4 5 4 17 4 119 33 4 34 4 43 4 0 8 4 13 4 47 12 4 9 4 100 5 4 37 45 4 60 4 29 4 16 43 4 7 4 82 45 4 37 4 0 36 4 51 4 36 24 4 21 4 69 22 4 41 4 31 21 4 18 4 81 40 4 5 4 111 52 4 6 4 72 44 4 34 4 14 4 84 16 4 35 4 41 18 4 31 4 30 4 73 39 4 15 4 47 4 95 29 4 13 4 11 4 24 4 42 39 4 5 4 39 4 37 4 119 34 4 50 4 18 4 100 39 4 5 4 86 25 4 24 4 38 4 61 36 4 13 4 8 4 26 12 4 15 4 45 4 93 60 4 5 4 19 4 85 44 16 18 16 119 5 4 105 36 16 18 16 18 20 4 51 4 19 10 4 5 4 5 4 0 47 4 29 4 28 4 46 4 0 33 4 55 4 51 12 4 22 4 48 4 11 4 0 27 4 5 4 50 4 119 42 4 23 4 50 4 26 38 4 25 4 54 4 60 53 4 16 4 44 4 119 60 4 53 4 38 4 8 4 11 21 4 60 4 32 4 5 4 62 26 4 60 4 32 4 75 23 4 50 4 26 4 58 20 4 11 4 20 4 
iteration 865 best: 1.18325 leader: 1.18325 time: 413075
0 21 4 54 4 59 4 97 48 4 37 4 97 12 4 12 4 23 4 36 49 4 59 4 25 4 119 45 4 17 4 49 4 42 36 4 14 4 47 4 24 4 102 5 4 5 4 35 4 71 12 4 21 4 8 5 4 59 4 116 34 4 35 4 31 4 51 4 26 37 4 38 4 73 22 4 25 4 37 30 4 7 4 15 4 20 4 40 4 23 35 4 18 4 44 4 60 4 62 19 4 45 4 35 55 4 41 4 5 4 29 4 32 36 4 51 4 22 4 26 29 4 54 4 64 26 4 48 4 98 60 20 62 5 4 39 4 35 4 113 37 20 117 5 4 47 4 60 4 119 5 4 20 4 5 4 59 4 77 29 4 16 4 100 30 4 17 4 5 4 81 41 4 5 4 78 23 4 5 4 17 4 119 33 4 34 4 43 4 0 8 4 13 4 47 12 4 9 4 100 5 4 37 45 4 60 4 29 4 16 43 4 7 4 82 45 4 37 4 0 36 4 51 4 36 24 4 21 4 69 22 4 41 4 31 21 4 18 4 81 40 4 5 4 111 52 4 6 4 72 44 4 34 4 14 4 84 16 4 35 4 41 18 4 31 4 30 4 73 39 4 15 4 47 4 95 29 4 13 4 11 4 24 4 42 39 4 5 4 39 4 37 4 119 34 4 50 4 18 4 100 39 4 5 4 86 25 4 24 4 38 4 61 36 4 13 4 8 4 26 12 4 15 4 45 4 93 60 4 5 4 19 4 85 44 16 18 16 119 5 4 105 36 16 18 16 18 20 4 51 4 19 10 4 5 4 5 4 0 47 4 29 4 28 4 46 4 0 33 4 55 4 51 12 4 22 4 48 4 11 4 0 27 4 5 4 50 4 119 42 4 23 4 50 4 26 38 4 25 4 54 4 60 53 4 16 4 44 4 119 60 4 53 4 38 4 8 4 11 21 4 60 4 32 4 5 4 62 26 4 60 4 32 4 75 23 4 50 4 26 4 58 20 4 11 4 20 4 
iteration 881 best: 1.18325 leader: 1.18325 time: 420594
0 21 4 54 4 59 4 97 48 4 37 4 97 12 4 12 4 23 4 36 49 4 59 4 25 4 119 45 4 17 4 49 4 42 36 4 14 4 47 4 24 4 102 5 4 5 4 35 4 71 12 4 21 4 8 5 4 59 4 116 34 4 35 4 31 4 51 4 26 37 4 38 4 73 22 4 25 4 37 30 4 7 4 15 4 20 4 40 4 23 35 4 18 4 44 4 60 4 62 19 4 45 4 35 55 4 41 4 5 4 29 4 32 36 4 51 4 22 4 26 29 4 54 4 64 26 4 48 4 98 60 20 62 5 4 39 4 35 4 113 37 20 117 5 4 47 4 60 4 119 5 4 20 4 5 4 59 4 77 29 4 16 4 100 30 4 17 4 5 4 81 41 4 5 4 78 23 4 5 4 17 4 119 33 4 34 4 43 4 0 8 4 13 4 47 12 4 9 4 100 5 4 37 45 4 60 4 29 4 16 43 4 7 4 82 45 4 37 4 0 36 4 51 4 36 24 4 21 4 69 22 4 41 4 31 21 4 18 4 81 40 4 5 4 111 52 4 6 4 72 44 4 34 4 14 4 84 16 4 35 4 41 18 4 31 4 30 4 73 39 4 15 4 47 4 95 29 4 13 4 11 4 24 4 42 39 4 5 4 39 4 37 4 119 34 4 50 4 18 4 100 39 4 5 4 86 25 4 24 4 38 4 61 36 4 13 4 8 4 26 12 4 15 4 45 4 93 60 4 5 4 19 4 85 44 16 18 16 119 5 4 105 36 16 18 16 18 20 4 51 4 19 10 4 5 4 5 4 0 47 4 29 4 28 4 46 4 0 33 4 55 4 51 12 4 22 4 48 4 11 4 0 27 4 5 4 50 4 119 42 4 23 4 50 4 26 38 4 25 4 54 4 60 53 4 16 4 44 4 119 60 4 53 4 38 4 8 4 11 21 4 60 4 32 4 5 4 62 26 4 60 4 32 4 75 23 4 50 4 26 4 58 20 4 11 4 20 4 
iteration 897 best: 1.18325 leader: 1.18325 time: 428159
0 21 4 54 4 59 4 97 48 4 37 4 97 12 4 12 4 23 4 36 49 4 59 4 25 4 119 45 4 17 4 49 4 42 36 4 14 4 47 4 24 4 102 5 4 5 4 35 4 71 12 4 21 4 8 5 4 59 4 116 34 4 35 4 31 4 51 4 26 37 4 38 4 73 22 4 25 4 37 30 4 7 4 15 4 20 4 40 4 23 35 4 18 4 44 4 60 4 62 19 4 45 4 35 55 4 41 4 5 4 29 4 32 36 4 51 4 22 4 26 29 4 54 4 64 26 4 48 4 98 60 20 62 5 4 39 4 35 4 113 37 20 117 5 4 47 4 60 4 119 5 4 20 4 5 4 59 4 77 29 4 16 4 100 30 4 17 4 5 4 81 41 4 5 4 78 23 4 5 4 17 4 119 33 4 34 4 43 4 0 8 4 13 4 47 12 4 9 4 100 5 4 37 45 4 60 4 29 4 16 43 4 7 4 82 45 4 37 4 0 36 4 51 4 36 24 4 21 4 69 22 4 41 4 31 21 4 18 4 81 40 4 5 4 111 52 4 6 4 72 44 4 34 4 14 4 84 16 4 35 4 41 18 4 31 4 30 4 73 39 4 15 4 47 4 95 29 4 13 4 11 4 24 4 42 39 4 5 4 39 4 37 4 119 34 4 50 4 18 4 100 39 4 5 4 86 25 4 24 4 38 4 61 36 4 13 4 8 4 26 12 4 15 4 45 4 93 60 4 5 4 19 4 85 44 16 18 16 119 5 4 105 36 16 18 16 18 20 4 51 4 19 10 4 5 4 5 4 0 47 4 29 4 28 4 46 4 0 33 4 55 4 51 12 4 22 4 48 4 11 4 0 27 4 5 4 50 4 119 42 4 23 4 50 4 26 38 4 25 4 54 4 60 53 4 16 4 44 4 119 60 4 53 4 38 4 8 4 11 21 4 60 4 32 4 5 4 62 26 4 60 4 32 4 75 23 4 50 4 26 4 58 20 4 11 4 20 4 
iteration 913 best: 1.18325 leader: 1.18325 time: 435693
0 21 4 54 4 59 4 97 48 4 37 4 97 12 4 12 4 23 4 36 49 4 59 4 25 4 119 45 4 17 4 49 4 42 36 4 14 4 47 4 24 4 102 5 4 5 4 35 4 71 12 4 21 4 8 5 4 59 4 116 34 4 35 4 31 4 51 4 26 37 4 38 4 73 22 4 25 4 37 30 4 7 4 15 4 20 4 40 4 23 35 4 18 4 44 4 60 4 62 19 4 45 4 35 55 4 41 4 5 4 29 4 32 36 4 51 4 22 4 26 29 4 54 4 64 26 4 48 4 98 60 20 62 5 4 39 4 35 4 113 37 20 117 5 4 47 4 60 4 119 5 4 20 4 5 4 59 4 77 29 4 16 4 100 30 4 17 4 5 4 81 41 4 5 4 78 23 4 5 4 17 4 119 33 4 34 4 43 4 0 8 4 13 4 47 12 4 9 4 100 5 4 37 45 4 60 4 29 4 16 43 4 7 4 82 45 4 37 4 0 36 4 51 4 36 24 4 21 4 69 22 4 41 4 31 21 4 18 4 81 40 4 5 4 111 52 4 6 4 72 44 4 34 4 14 4 84 16 4 35 4 41 18 4 31 4 30 4 73 39 4 15 4 47 4 95 29 4 13 4 11 4 24 4 42 39 4 5 4 39 4 37 4 119 34 4 50 4 18 4 100 39 4 5 4 86 25 4 24 4 38 4 61 36 4 13 4 8 4 26 12 4 15 4 45 4 93 60 4 5 4 19 4 85 44 16 18 16 119 5 4 105 36 16 18 16 18 20 4 51 4 19 10 4 5 4 5 4 0 47 4 29 4 28 4 46 4 0 33 4 55 4 51 12 4 22 4 48 4 11 4 0 27 4 5 4 50 4 119 42 4 23 4 50 4 26 38 4 25 4 54 4 60 53 4 16 4 44 4 119 60 4 53 4 38 4 8 4 11 21 4 60 4 32 4 5 4 62 26 4 60 4 32 4 75 23 4 50 4 26 4 58 20 4 11 4 20 4 
iteration 929 best: 1.18325 leader: 1.18325 time: 443234
0 21 4 54 4 59 4 97 48 4 37 4 97 12 4 12 4 23 4 36 49 4 59 4 25 4 119 45 4 17 4 49 4 42 36 4 14 4 47 4 24 4 102 5 4 5 4 35 4 71 12 4 21 4 8 5 4 59 4 116 34 4 35 4 31 4 51 4 26 37 4 38 4 73 22 4 25 4 37 30 4 7 4 15 4 20 4 40 4 23 35 4 18 4 44 4 60 4 62 19 4 45 4 35 55 4 41 4 5 4 29 4 32 36 4 51 4 22 4 26 29 4 54 4 64 26 4 48 4 98 60 20 62 5 4 39 4 35 4 113 37 20 117 5 4 47 4 60 4 119 5 4 20 4 5 4 59 4 77 29 4 16 4 100 30 4 17 4 5 4 81 41 4 5 4 78 23 4 5 4 17 4 119 33 4 34 4 43 4 0 8 4 13 4 47 12 4 9 4 100 5 4 37 45 4 60 4 29 4 16 43 4 7 4 82 45 4 37 4 0 36 4 51 4 36 24 4 21 4 69 22 4 41 4 31 21 4 18 4 81 40 4 5 4 111 52 4 6 4 72 44 4 34 4 14 4 84 16 4 35 4 41 18 4 31 4 30 4 73 39 4 15 4 47 4 95 29 4 13 4 11 4 24 4 42 39 4 5 4 39 4 37 4 119 34 4 50 4 18 4 100 39 4 5 4 86 25 4 24 4 38 4 61 36 4 13 4 8 4 26 12 4 15 4 45 4 93 60 4 5 4 19 4 85 44 16 18 16 119 5 4 105 36 16 18 16 18 20 4 51 4 19 10 4 5 4 5 4 0 47 4 29 4 28 4 46 4 0 33 4 55 4 51 12 4 22 4 48 4 11 4 0 27 4 5 4 50 4 119 42 4 23 4 50 4 26 38 4 25 4 54 4 60 53 4 16 4 44 4 119 60 4 53 4 38 4 8 4 11 21 4 60 4 32 4 5 4 62 26 4 60 4 32 4 75 23 4 50 4 26 4 58 20 4 11 4 20 4 
iteration 945 best: 1.18325 leader: 1.18325 time: 450789
0 21 4 54 4 59 4 97 48 4 37 4 97 12 4 12 4 23 4 36 49 4 59 4 25 4 119 45 4 17 4 49 4 42 36 4 14 4 47 4 24 4 102 5 4 5 4 35 4 71 12 4 21 4 8 5 4 59 4 116 34 4 35 4 31 4 51 4 26 37 4 38 4 73 22 4 25 4 37 30 4 7 4 15 4 20 4 40 4 23 35 4 18 4 44 4 60 4 62 19 4 45 4 35 55 4 41 4 5 4 29 4 32 36 4 51 4 22 4 26 29 4 54 4 64 26 4 48 4 98 60 20 62 5 4 39 4 35 4 113 37 20 117 5 4 47 4 60 4 119 5 4 20 4 5 4 59 4 77 29 4 16 4 100 30 4 17 4 5 4 81 41 4 5 4 78 23 4 5 4 17 4 119 33 4 34 4 43 4 0 8 4 13 4 47 12 4 9 4 100 5 4 37 45 4 60 4 29 4 16 43 4 7 4 82 45 4 37 4 0 36 4 51 4 36 24 4 21 4 69 22 4 41 4 31 21 4 18 4 81 40 4 5 4 111 52 4 6 4 72 44 4 34 4 14 4 84 16 4 35 4 41 18 4 31 4 30 4 73 39 4 15 4 47 4 95 29 4 13 4 11 4 24 4 42 39 4 5 4 39 4 37 4 119 34 4 50 4 18 4 100 39 4 5 4 86 25 4 24 4 38 4 61 36 4 13 4 8 4 26 12 4 15 4 45 4 93 60 4 5 4 19 4 85 44 16 18 16 119 5 4 105 36 16 18 16 18 20 4 51 4 19 10 4 5 4 5 4 0 47 4 29 4 28 4 46 4 0 33 4 55 4 51 12 4 22 4 48 4 11 4 0 27 4 5 4 50 4 119 42 4 23 4 50 4 26 38 4 25 4 54 4 60 53 4 16 4 44 4 119 60 4 53 4 38 4 8 4 11 21 4 60 4 32 4 5 4 62 26 4 60 4 32 4 75 23 4 50 4 26 4 58 20 4 11 4 20 4 
iteration 961 best: 1.18325 leader: 1.18325 time: 458344
0 21 4 54 4 59 4 97 48 4 37 4 97 12 4 12 4 23 4 36 49 4 59 4 25 4 119 45 4 17 4 49 4 42 36 4 14 4 47 4 24 4 102 5 4 5 4 35 4 71 12 4 21 4 8 5 4 59 4 116 34 4 35 4 31 4 51 4 26 37 4 38 4 73 22 4 25 4 37 30 4 7 4 15 4 20 4 40 4 23 35 4 18 4 44 4 60 4 62 19 4 45 4 35 55 4 41 4 5 4 29 4 32 36 4 51 4 22 4 26 29 4 54 4 64 26 4 48 4 98 60 20 62 5 4 39 4 35 4 113 37 20 117 5 4 47 4 60 4 119 5 4 20 4 5 4 59 4 77 29 4 16 4 100 30 4 17 4 5 4 81 41 4 5 4 78 23 4 5 4 17 4 119 33 4 34 4 43 4 0 8 4 13 4 47 12 4 9 4 100 5 4 37 45 4 60 4 29 4 16 43 4 7 4 82 45 4 37 4 0 36 4 51 4 36 24 4 21 4 69 22 4 41 4 31 21 4 18 4 81 40 4 5 4 111 52 4 6 4 72 44 4 34 4 14 4 84 16 4 35 4 41 18 4 31 4 30 4 73 39 4 15 4 47 4 95 29 4 13 4 11 4 24 4 42 39 4 5 4 39 4 37 4 119 34 4 50 4 18 4 100 39 4 5 4 86 25 4 24 4 38 4 61 36 4 13 4 8 4 26 12 4 15 4 45 4 93 60 4 5 4 19 4 85 44 16 18 16 119 5 4 105 36 16 18 16 18 20 4 51 4 19 10 4 5 4 5 4 0 47 4 29 4 28 4 46 4 0 33 4 55 4 51 12 4 22 4 48 4 11 4 0 27 4 5 4 50 4 119 42 4 23 4 50 4 26 38 4 25 4 54 4 60 53 4 16 4 44 4 119 60 4 53 4 38 4 8 4 11 21 4 60 4 32 4 5 4 62 26 4 60 4 32 4 75 23 4 50 4 26 4 58 20 4 11 4 20 4 
iteration 977 best: 1.18325 leader: 1.18325 time: 465916
0 21 4 54 4 59 4 97 48 4 37 4 97 12 4 12 4 23 4 36 49 4 59 4 25 4 119 45 4 17 4 49 4 42 36 4 14 4 47 4 24 4 102 5 4 5 4 35 4 71 12 4 21 4 8 5 4 59 4 116 34 4 35 4 31 4 51 4 26 37 4 38 4 73 22 4 25 4 37 30 4 7 4 15 4 20 4 40 4 23 35 4 18 4 44 4 60 4 62 19 4 45 4 35 55 4 41 4 5 4 29 4 32 36 4 51 4 22 4 26 29 4 54 4 64 26 4 48 4 98 60 20 62 5 4 39 4 35 4 113 37 20 117 5 4 47 4 60 4 119 5 4 20 4 5 4 59 4 77 29 4 16 4 100 30 4 17 4 5 4 81 41 4 5 4 78 23 4 5 4 17 4 119 33 4 34 4 43 4 0 8 4 13 4 47 12 4 9 4 100 5 4 37 45 4 60 4 29 4 16 43 4 7 4 82 45 4 37 4 0 36 4 51 4 36 24 4 21 4 69 22 4 41 4 31 21 4 18 4 81 40 4 5 4 111 52 4 6 4 72 44 4 34 4 14 4 84 16 4 35 4 41 18 4 31 4 30 4 73 39 4 15 4 47 4 95 29 4 13 4 11 4 24 4 42 39 4 5 4 39 4 37 4 119 34 4 50 4 18 4 100 39 4 5 4 86 25 4 24 4 38 4 61 36 4 13 4 8 4 26 12 4 15 4 45 4 93 60 4 5 4 19 4 85 44 16 18 16 119 5 4 105 36 16 18 16 18 20 4 51 4 19 10 4 5 4 5 4 0 47 4 29 4 28 4 46 4 0 33 4 55 4 51 12 4 22 4 48 4 11 4 0 27 4 5 4 50 4 119 42 4 23 4 50 4 26 38 4 25 4 54 4 60 53 4 16 4 44 4 119 60 4 53 4 38 4 8 4 11 21 4 60 4 32 4 5 4 62 26 4 60 4 32 4 75 23 4 50 4 26 4 58 20 4 11 4 20 4 
iteration 993 best: 1.18325 leader: 1.18325 time: 473456
0 21 4 54 4 59 4 97 48 4 37 4 97 12 4 12 4 23 4 36 49 4 59 4 25 4 119 45 4 17 4 49 4 42 36 4 14 4 47 4 24 4 102 5 4 5 4 35 4 71 12 4 21 4 8 5 4 59 4 116 34 4 35 4 31 4 51 4 26 37 4 38 4 73 22 4 25 4 37 30 4 7 4 15 4 20 4 40 4 23 35 4 18 4 44 4 60 4 62 19 4 45 4 35 55 4 41 4 5 4 29 4 32 36 4 51 4 22 4 26 29 4 54 4 64 26 4 48 4 98 60 20 62 5 4 39 4 35 4 113 37 20 117 5 4 47 4 60 4 119 5 4 20 4 5 4 59 4 77 29 4 16 4 100 30 4 17 4 5 4 81 41 4 5 4 78 23 4 5 4 17 4 119 33 4 34 4 43 4 0 8 4 13 4 47 12 4 9 4 100 5 4 37 45 4 60 4 29 4 16 43 4 7 4 82 45 4 37 4 0 36 4 51 4 36 24 4 21 4 69 22 4 41 4 31 21 4 18 4 81 40 4 5 4 111 52 4 6 4 72 44 4 34 4 14 4 84 16 4 35 4 41 18 4 31 4 30 4 73 39 4 15 4 47 4 95 29 4 13 4 11 4 24 4 42 39 4 5 4 39 4 37 4 119 34 4 50 4 18 4 100 39 4 5 4 86 25 4 24 4 38 4 61 36 4 13 4 8 4 26 12 4 15 4 45 4 93 60 4 5 4 19 4 85 44 16 18 16 119 5 4 105 36 16 18 16 18 20 4 51 4 19 10 4 5 4 5 4 0 47 4 29 4 28 4 46 4 0 33 4 55 4 51 12 4 22 4 48 4 11 4 0 27 4 5 4 50 4 119 42 4 23 4 50 4 26 38 4 25 4 54 4 60 53 4 16 4 44 4 119 60 4 53 4 38 4 8 4 11 21 4 60 4 32 4 5 4 62 26 4 60 4 32 4 75 23 4 50 4 26 4 58 20 4 11 4 20 4 
iteration 1009 best: 1.18325 leader: 1.18325 time: 481018
0 21 4 54 4 59 4 97 48 4 37 4 97 12 4 12 4 23 4 36 49 4 59 4 25 4 119 45 4 17 4 49 4 42 36 4 14 4 47 4 24 4 102 5 4 5 4 35 4 71 12 4 21 4 8 5 4 59 4 116 34 4 35 4 31 4 51 4 26 37 4 38 4 73 22 4 25 4 37 30 4 7 4 15 4 20 4 40 4 23 35 4 18 4 44 4 60 4 62 19 4 45 4 35 55 4 41 4 5 4 29 4 32 36 4 51 4 22 4 26 29 4 54 4 64 26 4 48 4 98 60 20 62 5 4 39 4 35 4 113 37 20 117 5 4 47 4 60 4 119 5 4 20 4 5 4 59 4 77 29 4 16 4 100 30 4 17 4 5 4 81 41 4 5 4 78 23 4 5 4 17 4 119 33 4 34 4 43 4 0 8 4 13 4 47 12 4 9 4 100 5 4 37 45 4 60 4 29 4 16 43 4 7 4 82 45 4 37 4 0 36 4 51 4 36 24 4 21 4 69 22 4 41 4 31 21 4 18 4 81 40 4 5 4 111 52 4 6 4 72 44 4 34 4 14 4 84 16 4 35 4 41 18 4 31 4 30 4 73 39 4 15 4 47 4 95 29 4 13 4 11 4 24 4 42 39 4 5 4 39 4 37 4 119 34 4 50 4 18 4 100 39 4 5 4 86 25 4 24 4 38 4 61 36 4 13 4 8 4 26 12 4 15 4 45 4 93 60 4 5 4 19 4 85 44 16 18 16 119 5 4 105 36 16 18 16 18 20 4 51 4 19 10 4 5 4 5 4 0 47 4 29 4 28 4 46 4 0 33 4 55 4 51 12 4 22 4 48 4 11 4 0 27 4 5 4 50 4 119 42 4 23 4 50 4 26 38 4 25 4 54 4 60 53 4 16 4 44 4 119 60 4 53 4 38 4 8 4 11 21 4 60 4 32 4 5 4 62 26 4 60 4 32 4 75 23 4 50 4 26 4 58 20 4 11 4 20 4 
iteration 1025 best: 1.18325 leader: 1.18325 time: 488535
0 21 4 54 4 59 4 97 48 4 37 4 97 12 4 12 4 23 4 36 49 4 59 4 25 4 119 45 4 17 4 49 4 42 36 4 14 4 47 4 24 4 102 5 4 5 4 35 4 71 12 4 21 4 8 5 4 59 4 116 34 4 35 4 31 4 51 4 26 37 4 38 4 73 22 4 25 4 37 30 4 7 4 15 4 20 4 40 4 23 35 4 18 4 44 4 60 4 62 19 4 45 4 35 55 4 41 4 5 4 29 4 32 36 4 51 4 22 4 26 29 4 54 4 64 26 4 48 4 98 60 20 62 5 4 39 4 35 4 113 37 20 117 5 4 47 4 60 4 119 5 4 20 4 5 4 59 4 77 29 4 16 4 100 30 4 17 4 5 4 81 41 4 5 4 78 23 4 5 4 17 4 119 33 4 34 4 43 4 0 8 4 13 4 47 12 4 9 4 100 5 4 37 45 4 60 4 29 4 16 43 4 7 4 82 45 4 37 4 0 36 4 51 4 36 24 4 21 4 69 22 4 41 4 31 21 4 18 4 81 40 4 5 4 111 52 4 6 4 72 44 4 34 4 14 4 84 16 4 35 4 41 18 4 31 4 30 4 73 39 4 15 4 47 4 95 29 4 13 4 11 4 24 4 42 39 4 5 4 39 4 37 4 119 34 4 50 4 18 4 100 39 4 5 4 86 25 4 24 4 38 4 61 36 4 13 4 8 4 26 12 4 15 4 45 4 93 60 4 5 4 19 4 85 44 16 18 16 119 5 4 105 36 16 18 16 18 20 4 51 4 19 10 4 5 4 5 4 0 47 4 29 4 28 4 46 4 0 33 4 55 4 51 12 4 22 4 48 4 11 4 0 27 4 5 4 50 4 119 42 4 23 4 50 4 26 38 4 25 4 54 4 60 53 4 16 4 44 4 119 60 4 53 4 38 4 8 4 11 21 4 60 4 32 4 5 4 62 26 4 60 4 32 4 75 23 4 50 4 26 4 58 20 4 11 4 20 4 
iteration 1041 best: 1.18325 leader: 1.18325 time: 496065
0 21 4 54 4 59 4 97 48 4 37 4 97 12 4 12 4 23 4 36 49 4 59 4 25 4 119 45 4 17 4 49 4 42 36 4 14 4 47 4 24 4 102 5 4 5 4 35 4 71 12 4 21 4 8 5 4 59 4 116 34 4 35 4 31 4 51 4 26 37 4 38 4 73 22 4 25 4 37 30 4 7 4 15 4 20 4 40 4 23 35 4 18 4 44 4 60 4 62 19 4 45 4 35 55 4 41 4 5 4 29 4 32 36 4 51 4 22 4 26 29 4 54 4 64 26 4 48 4 98 60 20 62 5 4 39 4 35 4 113 37 20 117 5 4 47 4 60 4 119 5 4 20 4 5 4 59 4 77 29 4 16 4 100 30 4 17 4 5 4 81 41 4 5 4 78 23 4 5 4 17 4 119 33 4 34 4 43 4 0 8 4 13 4 47 12 4 9 4 100 5 4 37 45 4 60 4 29 4 16 43 4 7 4 82 45 4 37 4 0 36 4 51 4 36 24 4 21 4 69 22 4 41 4 31 21 4 18 4 81 40 4 5 4 111 52 4 6 4 72 44 4 34 4 14 4 84 16 4 35 4 41 18 4 31 4 30 4 73 39 4 15 4 47 4 95 29 4 13 4 11 4 24 4 42 39 4 5 4 39 4 37 4 119 34 4 50 4 18 4 100 39 4 5 4 86 25 4 24 4 38 4 61 36 4 13 4 8 4 26 12 4 15 4 45 4 93 60 4 5 4 19 4 85 44 16 18 16 119 5 4 105 36 16 18 16 18 20 4 51 4 19 10 4 5 4 5 4 0 47 4 29 4 28 4 46 4 0 33 4 55 4 51 12 4 22 4 48 4 11 4 0 27 4 5 4 50 4 119 42 4 23 4 50 4 26 38 4 25 4 54 4 60 53 4 16 4 44 4 119 60 4 53 4 38 4 8 4 11 21 4 60 4 32 4 5 4 62 26 4 60 4 32 4 75 23 4 50 4 26 4 58 20 4 11 4 20 4 
iteration 1057 best: 1.18325 leader: 1.18325 time: 503629
0 21 4 54 4 59 4 97 48 4 37 4 97 12 4 12 4 23 4 36 49 4 59 4 25 4 119 45 4 17 4 49 4 42 36 4 14 4 47 4 24 4 102 5 4 5 4 35 4 71 12 4 21 4 8 5 4 59 4 116 34 4 35 4 31 4 51 4 26 37 4 38 4 73 22 4 25 4 37 30 4 7 4 15 4 20 4 40 4 23 35 4 18 4 44 4 60 4 62 19 4 45 4 35 55 4 41 4 5 4 29 4 32 36 4 51 4 22 4 26 29 4 54 4 64 26 4 48 4 98 60 20 62 5 4 39 4 35 4 113 37 20 117 5 4 47 4 60 4 119 5 4 20 4 5 4 59 4 77 29 4 16 4 100 30 4 17 4 5 4 81 41 4 5 4 78 23 4 5 4 17 4 119 33 4 34 4 43 4 0 8 4 13 4 47 12 4 9 4 100 5 4 37 45 4 60 4 29 4 16 43 4 7 4 82 45 4 37 4 0 36 4 51 4 36 24 4 21 4 69 22 4 41 4 31 21 4 18 4 81 40 4 5 4 111 52 4 6 4 72 44 4 34 4 14 4 84 16 4 35 4 41 18 4 31 4 30 4 73 39 4 15 4 47 4 95 29 4 13 4 11 4 24 4 42 39 4 5 4 39 4 37 4 119 34 4 50 4 18 4 100 39 4 5 4 86 25 4 24 4 38 4 61 36 4 13 4 8 4 26 12 4 15 4 45 4 93 60 4 5 4 19 4 85 44 16 18 16 119 5 4 105 36 16 18 16 18 20 4 51 4 19 10 4 5 4 5 4 0 47 4 29 4 28 4 46 4 0 33 4 55 4 51 12 4 22 4 48 4 11 4 0 27 4 5 4 50 4 119 42 4 23 4 50 4 26 38 4 25 4 54 4 60 53 4 16 4 44 4 119 60 4 53 4 38 4 8 4 11 21 4 60 4 32 4 5 4 62 26 4 60 4 32 4 75 23 4 50 4 26 4 58 20 4 11 4 20 4 
iteration 1073 best: 1.18325 leader: 1.18325 time: 511137
0 21 4 54 4 59 4 97 48 4 37 4 97 12 4 12 4 23 4 36 49 4 59 4 25 4 119 45 4 17 4 49 4 42 36 4 14 4 47 4 24 4 102 5 4 5 4 35 4 71 12 4 21 4 8 5 4 59 4 116 34 4 35 4 31 4 51 4 26 37 4 38 4 73 22 4 25 4 37 30 4 7 4 15 4 20 4 40 4 23 35 4 18 4 44 4 60 4 62 19 4 45 4 35 55 4 41 4 5 4 29 4 32 36 4 51 4 22 4 26 29 4 54 4 64 26 4 48 4 98 60 20 62 5 4 39 4 35 4 113 37 20 117 5 4 47 4 60 4 119 5 4 20 4 5 4 59 4 77 29 4 16 4 100 30 4 17 4 5 4 81 41 4 5 4 78 23 4 5 4 17 4 119 33 4 34 4 43 4 0 8 4 13 4 47 12 4 9 4 100 5 4 37 45 4 60 4 29 4 16 43 4 7 4 82 45 4 37 4 0 36 4 51 4 36 24 4 21 4 69 22 4 41 4 31 21 4 18 4 81 40 4 5 4 111 52 4 6 4 72 44 4 34 4 14 4 84 16 4 35 4 41 18 4 31 4 30 4 73 39 4 15 4 47 4 95 29 4 13 4 11 4 24 4 42 39 4 5 4 39 4 37 4 119 34 4 50 4 18 4 100 39 4 5 4 86 25 4 24 4 38 4 61 36 4 13 4 8 4 26 12 4 15 4 45 4 93 60 4 5 4 19 4 85 44 16 18 16 119 5 4 105 36 16 18 16 18 20 4 51 4 19 10 4 5 4 5 4 0 47 4 29 4 28 4 46 4 0 33 4 55 4 51 12 4 22 4 48 4 11 4 0 27 4 5 4 50 4 119 42 4 23 4 50 4 26 38 4 25 4 54 4 60 53 4 16 4 44 4 119 60 4 53 4 38 4 8 4 11 21 4 60 4 32 4 5 4 62 26 4 60 4 32 4 75 23 4 50 4 26 4 58 20 4 11 4 20 4 
iteration 1089 best: 1.18325 leader: 1.18325 time: 518697
0 21 4 54 4 59 4 97 48 4 37 4 97 12 4 12 4 23 4 36 49 4 59 4 25 4 119 45 4 17 4 49 4 42 36 4 14 4 47 4 24 4 102 5 4 5 4 35 4 71 12 4 21 4 8 5 4 59 4 116 34 4 35 4 31 4 51 4 26 37 4 38 4 73 22 4 25 4 37 30 4 7 4 15 4 20 4 40 4 23 35 4 18 4 44 4 60 4 62 19 4 45 4 35 55 4 41 4 5 4 29 4 32 36 4 51 4 22 4 26 29 4 54 4 64 26 4 48 4 98 60 20 62 5 4 39 4 35 4 113 37 20 117 5 4 47 4 60 4 119 5 4 20 4 5 4 59 4 77 29 4 16 4 100 30 4 17 4 5 4 81 41 4 5 4 78 23 4 5 4 17 4 119 33 4 34 4 43 4 0 8 4 13 4 47 12 4 9 4 100 5 4 37 45 4 60 4 29 4 16 43 4 7 4 82 45 4 37 4 0 36 4 51 4 36 24 4 21 4 69 22 4 41 4 31 21 4 18 4 81 40 4 5 4 111 52 4 6 4 72 44 4 34 4 14 4 84 16 4 35 4 41 18 4 31 4 30 4 73 39 4 15 4 47 4 95 29 4 13 4 11 4 24 4 42 39 4 5 4 39 4 37 4 119 34 4 50 4 18 4 100 39 4 5 4 86 25 4 24 4 38 4 61 36 4 13 4 8 4 26 12 4 15 4 45 4 93 60 4 5 4 19 4 85 44 16 18 16 119 5 4 105 36 16 18 16 18 20 4 51 4 19 10 4 5 4 5 4 0 47 4 29 4 28 4 46 4 0 33 4 55 4 51 12 4 22 4 48 4 11 4 0 27 4 5 4 50 4 119 42 4 23 4 50 4 26 38 4 25 4 54 4 60 53 4 16 4 44 4 119 60 4 53 4 38 4 8 4 11 21 4 60 4 32 4 5 4 62 26 4 60 4 32 4 75 23 4 50 4 26 4 58 20 4 11 4 20 4 
iteration 1105 best: 1.18325 leader: 1.18325 time: 526258
0 21 4 54 4 59 4 97 48 4 37 4 97 12 4 12 4 23 4 36 49 4 59 4 25 4 119 45 4 17 4 49 4 42 36 4 14 4 47 4 24 4 102 5 4 5 4 35 4 71 12 4 21 4 8 5 4 59 4 116 34 4 35 4 31 4 51 4 26 37 4 38 4 73 22 4 25 4 37 30 4 7 4 15 4 20 4 40 4 23 35 4 18 4 44 4 60 4 62 19 4 45 4 35 55 4 41 4 5 4 29 4 32 36 4 51 4 22 4 26 29 4 54 4 64 26 4 48 4 98 60 20 62 5 4 39 4 35 4 113 37 20 117 5 4 47 4 60 4 119 5 4 20 4 5 4 59 4 77 29 4 16 4 100 30 4 17 4 5 4 81 41 4 5 4 78 23 4 5 4 17 4 119 33 4 34 4 43 4 0 8 4 13 4 47 12 4 9 4 100 5 4 37 45 4 60 4 29 4 16 43 4 7 4 82 45 4 37 4 0 36 4 51 4 36 24 4 21 4 69 22 4 41 4 31 21 4 18 4 81 40 4 5 4 111 52 4 6 4 72 44 4 34 4 14 4 84 16 4 35 4 41 18 4 31 4 30 4 73 39 4 15 4 47 4 95 29 4 13 4 11 4 24 4 42 39 4 5 4 39 4 37 4 119 34 4 50 4 18 4 100 39 4 5 4 86 25 4 24 4 38 4 61 36 4 13 4 8 4 26 12 4 15 4 45 4 93 60 4 5 4 19 4 85 44 16 18 16 119 5 4 105 36 16 18 16 18 20 4 51 4 19 10 4 5 4 5 4 0 47 4 29 4 28 4 46 4 0 33 4 55 4 51 12 4 22 4 48 4 11 4 0 27 4 5 4 50 4 119 42 4 23 4 50 4 26 38 4 25 4 54 4 60 53 4 16 4 44 4 119 60 4 53 4 38 4 8 4 11 21 4 60 4 32 4 5 4 62 26 4 60 4 32 4 75 23 4 50 4 26 4 58 20 4 11 4 20 4 
iteration 1121 best: 1.18325 leader: 1.18325 time: 533804
0 21 4 54 4 59 4 97 48 4 37 4 97 12 4 12 4 23 4 36 49 4 59 4 25 4 119 45 4 17 4 49 4 42 36 4 14 4 47 4 24 4 102 5 4 5 4 35 4 71 12 4 21 4 8 5 4 59 4 116 34 4 35 4 31 4 51 4 26 37 4 38 4 73 22 4 25 4 37 30 4 7 4 15 4 20 4 40 4 23 35 4 18 4 44 4 60 4 62 19 4 45 4 35 55 4 41 4 5 4 29 4 32 36 4 51 4 22 4 26 29 4 54 4 64 26 4 48 4 98 60 20 62 5 4 39 4 35 4 113 37 20 117 5 4 47 4 60 4 119 5 4 20 4 5 4 59 4 77 29 4 16 4 100 30 4 17 4 5 4 81 41 4 5 4 78 23 4 5 4 17 4 119 33 4 34 4 43 4 0 8 4 13 4 47 12 4 9 4 100 5 4 37 45 4 60 4 29 4 16 43 4 7 4 82 45 4 37 4 0 36 4 51 4 36 24 4 21 4 69 22 4 41 4 31 21 4 18 4 81 40 4 5 4 111 52 4 6 4 72 44 4 34 4 14 4 84 16 4 35 4 41 18 4 31 4 30 4 73 39 4 15 4 47 4 95 29 4 13 4 11 4 24 4 42 39 4 5 4 39 4 37 4 119 34 4 50 4 18 4 100 39 4 5 4 86 25 4 24 4 38 4 61 36 4 13 4 8 4 26 12 4 15 4 45 4 93 60 4 5 4 19 4 85 44 16 18 16 119 5 4 105 36 16 18 16 18 20 4 51 4 19 10 4 5 4 5 4 0 47 4 29 4 28 4 46 4 0 33 4 55 4 51 12 4 22 4 48 4 11 4 0 27 4 5 4 50 4 119 42 4 23 4 50 4 26 38 4 25 4 54 4 60 53 4 16 4 44 4 119 60 4 53 4 38 4 8 4 11 21 4 60 4 32 4 5 4 62 26 4 60 4 32 4 75 23 4 50 4 26 4 58 20 4 11 4 20 4 
iteration 1137 best: 1.18325 leader: 1.18325 time: 541348
0 21 4 54 4 59 4 97 48 4 37 4 97 12 4 12 4 23 4 36 49 4 59 4 25 4 119 45 4 17 4 49 4 42 36 4 14 4 47 4 24 4 102 5 4 5 4 35 4 71 12 4 21 4 8 5 4 59 4 116 34 4 35 4 31 4 51 4 26 37 4 38 4 73 22 4 25 4 37 30 4 7 4 15 4 20 4 40 4 23 35 4 18 4 44 4 60 4 62 19 4 45 4 35 55 4 41 4 5 4 29 4 32 36 4 51 4 22 4 26 29 4 54 4 64 26 4 48 4 98 60 20 62 5 4 39 4 35 4 113 37 20 117 5 4 47 4 60 4 119 5 4 20 4 5 4 59 4 77 29 4 16 4 100 30 4 17 4 5 4 81 41 4 5 4 78 23 4 5 4 17 4 119 33 4 34 4 43 4 0 8 4 13 4 47 12 4 9 4 100 5 4 37 45 4 60 4 29 4 16 43 4 7 4 82 45 4 37 4 0 36 4 51 4 36 24 4 21 4 69 22 4 41 4 31 21 4 18 4 81 40 4 5 4 111 52 4 6 4 72 44 4 34 4 14 4 84 16 4 35 4 41 18 4 31 4 30 4 73 39 4 15 4 47 4 95 29 4 13 4 11 4 24 4 42 39 4 5 4 39 4 37 4 119 34 4 50 4 18 4 100 39 4 5 4 86 25 4 24 4 38 4 61 36 4 13 4 8 4 26 12 4 15 4 45 4 93 60 4 5 4 19 4 85 44 16 18 16 119 5 4 105 36 16 18 16 18 20 4 51 4 19 10 4 5 4 5 4 0 47 4 29 4 28 4 46 4 0 33 4 55 4 51 12 4 22 4 48 4 11 4 0 27 4 5 4 50 4 119 42 4 23 4 50 4 26 38 4 25 4 54 4 60 53 4 16 4 44 4 119 60 4 53 4 38 4 8 4 11 21 4 60 4 32 4 5 4 62 26 4 60 4 32 4 75 23 4 50 4 26 4 58 20 4 11 4 20 4 
iteration 1153 best: 1.18325 leader: 1.18325 time: 548908
0 21 4 54 4 59 4 97 48 4 37 4 97 12 4 12 4 23 4 36 49 4 59 4 25 4 119 45 4 17 4 49 4 42 36 4 14 4 47 4 24 4 102 5 4 5 4 35 4 71 12 4 21 4 8 5 4 59 4 116 34 4 35 4 31 4 51 4 26 37 4 38 4 73 22 4 25 4 37 30 4 7 4 15 4 20 4 40 4 23 35 4 18 4 44 4 60 4 62 19 4 45 4 35 55 4 41 4 5 4 29 4 32 36 4 51 4 22 4 26 29 4 54 4 64 26 4 48 4 98 60 20 62 5 4 39 4 35 4 113 37 20 117 5 4 47 4 60 4 119 5 4 20 4 5 4 59 4 77 29 4 16 4 100 30 4 17 4 5 4 81 41 4 5 4 78 23 4 5 4 17 4 119 33 4 34 4 43 4 0 8 4 13 4 47 12 4 9 4 100 5 4 37 45 4 60 4 29 4 16 43 4 7 4 82 45 4 37 4 0 36 4 51 4 36 24 4 21 4 69 22 4 41 4 31 21 4 18 4 81 40 4 5 4 111 52 4 6 4 72 44 4 34 4 14 4 84 16 4 35 4 41 18 4 31 4 30 4 73 39 4 15 4 47 4 95 29 4 13 4 11 4 24 4 42 39 4 5 4 39 4 37 4 119 34 4 50 4 18 4 100 39 4 5 4 86 25 4 24 4 38 4 61 36 4 13 4 8 4 26 12 4 15 4 45 4 93 60 4 5 4 19 4 85 44 16 18 16 119 5 4 105 36 16 18 16 18 20 4 51 4 19 10 4 5 4 5 4 0 47 4 29 4 28 4 46 4 0 33 4 55 4 51 12 4 22 4 48 4 11 4 0 27 4 5 4 50 4 119 42 4 23 4 50 4 26 38 4 25 4 54 4 60 53 4 16 4 44 4 119 60 4 53 4 38 4 8 4 11 21 4 60 4 32 4 5 4 62 26 4 60 4 32 4 75 23 4 50 4 26 4 58 20 4 11 4 20 4 
iteration 1169 best: 1.18325 leader: 1.18325 time: 556400
0 21 4 54 4 59 4 97 48 4 37 4 97 12 4 12 4 23 4 36 49 4 59 4 25 4 119 45 4 17 4 49 4 42 36 4 14 4 47 4 24 4 102 5 4 5 4 35 4 71 12 4 21 4 8 5 4 59 4 116 34 4 35 4 31 4 51 4 26 37 4 38 4 73 22 4 25 4 37 30 4 7 4 15 4 20 4 40 4 23 35 4 18 4 44 4 60 4 62 19 4 45 4 35 55 4 41 4 5 4 29 4 32 36 4 51 4 22 4 26 29 4 54 4 64 26 4 48 4 98 60 20 62 5 4 39 4 35 4 113 37 20 117 5 4 47 4 60 4 119 5 4 20 4 5 4 59 4 77 29 4 16 4 100 30 4 17 4 5 4 81 41 4 5 4 78 23 4 5 4 17 4 119 33 4 34 4 43 4 0 8 4 13 4 47 12 4 9 4 100 5 4 37 45 4 60 4 29 4 16 43 4 7 4 82 45 4 37 4 0 36 4 51 4 36 24 4 21 4 69 22 4 41 4 31 21 4 18 4 81 40 4 5 4 111 52 4 6 4 72 44 4 34 4 14 4 84 16 4 35 4 41 18 4 31 4 30 4 73 39 4 15 4 47 4 95 29 4 13 4 11 4 24 4 42 39 4 5 4 39 4 37 4 119 34 4 50 4 18 4 100 39 4 5 4 86 25 4 24 4 38 4 61 36 4 13 4 8 4 26 12 4 15 4 45 4 93 60 4 5 4 19 4 85 44 16 18 16 119 5 4 105 36 16 18 16 18 20 4 51 4 19 10 4 5 4 5 4 0 47 4 29 4 28 4 46 4 0 33 4 55 4 51 12 4 22 4 48 4 11 4 0 27 4 5 4 50 4 119 42 4 23 4 50 4 26 38 4 25 4 54 4 60 53 4 16 4 44 4 119 60 4 53 4 38 4 8 4 11 21 4 60 4 32 4 5 4 62 26 4 60 4 32 4 75 23 4 50 4 26 4 58 20 4 11 4 20 4 
iteration 1185 best: 1.18325 leader: 1.18325 time: 563982
0 21 4 54 4 59 4 97 48 4 37 4 97 12 4 12 4 23 4 36 49 4 59 4 25 4 119 45 4 17 4 49 4 42 36 4 14 4 47 4 24 4 102 5 4 5 4 35 4 71 12 4 21 4 8 5 4 59 4 116 34 4 35 4 31 4 51 4 26 37 4 38 4 73 22 4 25 4 37 30 4 7 4 15 4 20 4 40 4 23 35 4 18 4 44 4 60 4 62 19 4 45 4 35 55 4 41 4 5 4 29 4 32 36 4 51 4 22 4 26 29 4 54 4 64 26 4 48 4 98 60 20 62 5 4 39 4 35 4 113 37 20 117 5 4 47 4 60 4 119 5 4 20 4 5 4 59 4 77 29 4 16 4 100 30 4 17 4 5 4 81 41 4 5 4 78 23 4 5 4 17 4 119 33 4 34 4 43 4 0 8 4 13 4 47 12 4 9 4 100 5 4 37 45 4 60 4 29 4 16 43 4 7 4 82 45 4 37 4 0 36 4 51 4 36 24 4 21 4 69 22 4 41 4 31 21 4 18 4 81 40 4 5 4 111 52 4 6 4 72 44 4 34 4 14 4 84 16 4 35 4 41 18 4 31 4 30 4 73 39 4 15 4 47 4 95 29 4 13 4 11 4 24 4 42 39 4 5 4 39 4 37 4 119 34 4 50 4 18 4 100 39 4 5 4 86 25 4 24 4 38 4 61 36 4 13 4 8 4 26 12 4 15 4 45 4 93 60 4 5 4 19 4 85 44 16 18 16 119 5 4 105 36 16 18 16 18 20 4 51 4 19 10 4 5 4 5 4 0 47 4 29 4 28 4 46 4 0 33 4 55 4 51 12 4 22 4 48 4 11 4 0 27 4 5 4 50 4 119 42 4 23 4 50 4 26 38 4 25 4 54 4 60 53 4 16 4 44 4 119 60 4 53 4 38 4 8 4 11 21 4 60 4 32 4 5 4 62 26 4 60 4 32 4 75 23 4 50 4 26 4 58 20 4 11 4 20 4 
iteration 1201 best: 1.18325 leader: 1.18325 time: 571559
0 21 4 54 4 59 4 97 48 4 37 4 97 12 4 12 4 23 4 36 49 4 59 4 25 4 119 45 4 17 4 49 4 42 36 4 14 4 47 4 24 4 102 5 4 5 4 35 4 71 12 4 21 4 8 5 4 59 4 116 34 4 35 4 31 4 51 4 26 37 4 38 4 73 22 4 25 4 37 30 4 7 4 15 4 20 4 40 4 23 35 4 18 4 44 4 60 4 62 19 4 45 4 35 55 4 41 4 5 4 29 4 32 36 4 51 4 22 4 26 29 4 54 4 64 26 4 48 4 98 60 20 62 5 4 39 4 35 4 113 37 20 117 5 4 47 4 60 4 119 5 4 20 4 5 4 59 4 77 29 4 16 4 100 30 4 17 4 5 4 81 41 4 5 4 78 23 4 5 4 17 4 119 33 4 34 4 43 4 0 8 4 13 4 47 12 4 9 4 100 5 4 37 45 4 60 4 29 4 16 43 4 7 4 82 45 4 37 4 0 36 4 51 4 36 24 4 21 4 69 22 4 41 4 31 21 4 18 4 81 40 4 5 4 111 52 4 6 4 72 44 4 34 4 14 4 84 16 4 35 4 41 18 4 31 4 30 4 73 39 4 15 4 47 4 95 29 4 13 4 11 4 24 4 42 39 4 5 4 39 4 37 4 119 34 4 50 4 18 4 100 39 4 5 4 86 25 4 24 4 38 4 61 36 4 13 4 8 4 26 12 4 15 4 45 4 93 60 4 5 4 19 4 85 44 16 18 16 119 5 4 105 36 16 18 16 18 20 4 51 4 19 10 4 5 4 5 4 0 47 4 29 4 28 4 46 4 0 33 4 55 4 51 12 4 22 4 48 4 11 4 0 27 4 5 4 50 4 119 42 4 23 4 50 4 26 38 4 25 4 54 4 60 53 4 16 4 44 4 119 60 4 53 4 38 4 8 4 11 21 4 60 4 32 4 5 4 62 26 4 60 4 32 4 75 23 4 50 4 26 4 58 20 4 11 4 20 4 
iteration 1217 best: 1.18325 leader: 1.18325 time: 579091
0 21 4 54 4 59 4 97 48 4 37 4 97 12 4 12 4 23 4 36 49 4 59 4 25 4 119 45 4 17 4 49 4 42 36 4 14 4 47 4 24 4 102 5 4 5 4 35 4 71 12 4 21 4 8 5 4 59 4 116 34 4 35 4 31 4 51 4 26 37 4 38 4 73 22 4 25 4 37 30 4 7 4 15 4 20 4 40 4 23 35 4 18 4 44 4 60 4 62 19 4 45 4 35 55 4 41 4 5 4 29 4 32 36 4 51 4 22 4 26 29 4 54 4 64 26 4 48 4 98 60 20 62 5 4 39 4 35 4 113 37 20 117 5 4 47 4 60 4 119 5 4 20 4 5 4 59 4 77 29 4 16 4 100 30 4 17 4 5 4 81 41 4 5 4 78 23 4 5 4 17 4 119 33 4 34 4 43 4 0 8 4 13 4 47 12 4 9 4 100 5 4 37 45 4 60 4 29 4 16 43 4 7 4 82 45 4 37 4 0 36 4 51 4 36 24 4 21 4 69 22 4 41 4 31 21 4 18 4 81 40 4 5 4 111 52 4 6 4 72 44 4 34 4 14 4 84 16 4 35 4 41 18 4 31 4 30 4 73 39 4 15 4 47 4 95 29 4 13 4 11 4 24 4 42 39 4 5 4 39 4 37 4 119 34 4 50 4 18 4 100 39 4 5 4 86 25 4 24 4 38 4 61 36 4 13 4 8 4 26 12 4 15 4 45 4 93 60 4 5 4 19 4 85 44 16 18 16 119 5 4 105 36 16 18 16 18 20 4 51 4 19 10 4 5 4 5 4 0 47 4 29 4 28 4 46 4 0 33 4 55 4 51 12 4 22 4 48 4 11 4 0 27 4 5 4 50 4 119 42 4 23 4 50 4 26 38 4 25 4 54 4 60 53 4 16 4 44 4 119 60 4 53 4 38 4 8 4 11 21 4 60 4 32 4 5 4 62 26 4 60 4 32 4 75 23 4 50 4 26 4 58 20 4 11 4 20 4 
iteration 1233 best: 1.18325 leader: 1.18325 time: 586620
0 21 4 54 4 59 4 97 48 4 37 4 97 12 4 12 4 23 4 36 49 4 59 4 25 4 119 45 4 17 4 49 4 42 36 4 14 4 47 4 24 4 102 5 4 5 4 35 4 71 12 4 21 4 8 5 4 59 4 116 34 4 35 4 31 4 51 4 26 37 4 38 4 73 22 4 25 4 37 30 4 7 4 15 4 20 4 40 4 23 35 4 18 4 44 4 60 4 62 19 4 45 4 35 55 4 41 4 5 4 29 4 32 36 4 51 4 22 4 26 29 4 54 4 64 26 4 48 4 98 60 20 62 5 4 39 4 35 4 113 37 20 117 5 4 47 4 60 4 119 5 4 20 4 5 4 59 4 77 29 4 16 4 100 30 4 17 4 5 4 81 41 4 5 4 78 23 4 5 4 17 4 119 33 4 34 4 43 4 0 8 4 13 4 47 12 4 9 4 100 5 4 37 45 4 60 4 29 4 16 43 4 7 4 82 45 4 37 4 0 36 4 51 4 36 24 4 21 4 69 22 4 41 4 31 21 4 18 4 81 40 4 5 4 111 52 4 6 4 72 44 4 34 4 14 4 84 16 4 35 4 41 18 4 31 4 30 4 73 39 4 15 4 47 4 95 29 4 13 4 11 4 24 4 42 39 4 5 4 39 4 37 4 119 34 4 50 4 18 4 100 39 4 5 4 86 25 4 24 4 38 4 61 36 4 13 4 8 4 26 12 4 15 4 45 4 93 60 4 5 4 19 4 85 44 16 18 16 119 5 4 105 36 16 18 16 18 20 4 51 4 19 10 4 5 4 5 4 0 47 4 29 4 28 4 46 4 0 33 4 55 4 51 12 4 22 4 48 4 11 4 0 27 4 5 4 50 4 119 42 4 23 4 50 4 26 38 4 25 4 54 4 60 53 4 16 4 44 4 119 60 4 53 4 38 4 8 4 11 21 4 60 4 32 4 5 4 62 26 4 60 4 32 4 75 23 4 50 4 26 4 58 20 4 11 4 20 4 
iteration 1249 best: 1.18325 leader: 1.18325 time: 594089
0 21 4 54 4 59 4 97 48 4 37 4 97 12 4 12 4 23 4 36 49 4 59 4 25 4 119 45 4 17 4 49 4 42 36 4 14 4 47 4 24 4 102 5 4 5 4 35 4 71 12 4 21 4 8 5 4 59 4 116 34 4 35 4 31 4 51 4 26 37 4 38 4 73 22 4 25 4 37 30 4 7 4 15 4 20 4 40 4 23 35 4 18 4 44 4 60 4 62 19 4 45 4 35 55 4 41 4 5 4 29 4 32 36 4 51 4 22 4 26 29 4 54 4 64 26 4 48 4 98 60 20 62 5 4 39 4 35 4 113 37 20 117 5 4 47 4 60 4 119 5 4 20 4 5 4 59 4 77 29 4 16 4 100 30 4 17 4 5 4 81 41 4 5 4 78 23 4 5 4 17 4 119 33 4 34 4 43 4 0 8 4 13 4 47 12 4 9 4 100 5 4 37 45 4 60 4 29 4 16 43 4 7 4 82 45 4 37 4 0 36 4 51 4 36 24 4 21 4 69 22 4 41 4 31 21 4 18 4 81 40 4 5 4 111 52 4 6 4 72 44 4 34 4 14 4 84 16 4 35 4 41 18 4 31 4 30 4 73 39 4 15 4 47 4 95 29 4 13 4 11 4 24 4 42 39 4 5 4 39 4 37 4 119 34 4 50 4 18 4 100 39 4 5 4 86 25 4 24 4 38 4 61 36 4 13 4 8 4 26 12 4 15 4 45 4 93 60 4 5 4 19 4 85 44 16 18 16 119 5 4 105 36 16 18 16 18 20 4 51 4 19 10 4 5 4 5 4 0 47 4 29 4 28 4 46 4 0 33 4 55 4 51 12 4 22 4 48 4 11 4 0 27 4 5 4 50 4 119 42 4 23 4 50 4 26 38 4 25 4 54 4 60 53 4 16 4 44 4 119 60 4 53 4 38 4 8 4 11 21 4 60 4 32 4 5 4 62 26 4 60 4 32 4 75 23 4 50 4 26 4 58 20 4 11 4 20 4 
iteration 1265 best: 1.18325 leader: 1.18325 time: 601646
0 21 4 54 4 59 4 97 48 4 37 4 97 12 4 12 4 23 4 36 49 4 59 4 25 4 119 45 4 17 4 49 4 42 36 4 14 4 47 4 24 4 102 5 4 5 4 35 4 71 12 4 21 4 8 5 4 59 4 116 34 4 35 4 31 4 51 4 26 37 4 38 4 73 22 4 25 4 37 30 4 7 4 15 4 20 4 40 4 23 35 4 18 4 44 4 60 4 62 19 4 45 4 35 55 4 41 4 5 4 29 4 32 36 4 51 4 22 4 26 29 4 54 4 64 26 4 48 4 98 60 20 62 5 4 39 4 35 4 113 37 20 117 5 4 47 4 60 4 119 5 4 20 4 5 4 59 4 77 29 4 16 4 100 30 4 17 4 5 4 81 41 4 5 4 78 23 4 5 4 17 4 119 33 4 34 4 43 4 0 8 4 13 4 47 12 4 9 4 100 5 4 37 45 4 60 4 29 4 16 43 4 7 4 82 45 4 37 4 0 36 4 51 4 36 24 4 21 4 69 22 4 41 4 31 21 4 18 4 81 40 4 5 4 111 52 4 6 4 72 44 4 34 4 14 4 84 16 4 35 4 41 18 4 31 4 30 4 73 39 4 15 4 47 4 95 29 4 13 4 11 4 24 4 42 39 4 5 4 39 4 37 4 119 34 4 50 4 18 4 100 39 4 5 4 86 25 4 24 4 38 4 61 36 4 13 4 8 4 26 12 4 15 4 45 4 93 60 4 5 4 19 4 85 44 16 18 16 119 5 4 105 36 16 18 16 18 20 4 51 4 19 10 4 5 4 5 4 0 47 4 29 4 28 4 46 4 0 33 4 55 4 51 12 4 22 4 48 4 11 4 0 27 4 5 4 50 4 119 42 4 23 4 50 4 26 38 4 25 4 54 4 60 53 4 16 4 44 4 119 60 4 53 4 38 4 8 4 11 21 4 60 4 32 4 5 4 62 26 4 60 4 32 4 75 23 4 50 4 26 4 58 20 4 11 4 20 4 
Best solution: 
0 21 4 54 4 59 4 97 48 4 37 4 97 12 4 12 4 23 4 36 49 4 59 4 25 4 119 45 4 17 4 49 4 42 36 4 14 4 47 4 24 4 102 5 4 5 4 35 4 71 12 4 21 4 8 5 4 59 4 116 34 4 35 4 31 4 51 4 26 37 4 38 4 73 22 4 25 4 37 30 4 7 4 15 4 20 4 40 4 23 35 4 18 4 44 4 60 4 62 19 4 45 4 35 55 4 41 4 5 4 29 4 32 36 4 51 4 22 4 26 29 4 54 4 64 26 4 48 4 98 60 20 62 5 4 39 4 35 4 113 37 20 117 5 4 47 4 60 4 119 5 4 20 4 5 4 59 4 77 29 4 16 4 100 30 4 17 4 5 4 81 41 4 5 4 78 23 4 5 4 17 4 119 33 4 34 4 43 4 0 8 4 13 4 47 12 4 9 4 100 5 4 37 45 4 60 4 29 4 16 43 4 7 4 82 45 4 37 4 0 36 4 51 4 36 24 4 21 4 69 22 4 41 4 31 21 4 18 4 81 40 4 5 4 111 52 4 6 4 72 44 4 34 4 14 4 84 16 4 35 4 41 18 4 31 4 30 4 73 39 4 15 4 47 4 95 29 4 13 4 11 4 24 4 42 39 4 5 4 39 4 37 4 119 34 4 50 4 18 4 100 39 4 5 4 86 25 4 24 4 38 4 61 36 4 13 4 8 4 26 12 4 15 4 45 4 93 60 4 5 4 19 4 85 44 16 18 16 119 5 4 105 36 16 18 16 18 20 4 51 4 19 10 4 5 4 5 4 0 47 4 29 4 28 4 46 4 0 33 4 55 4 51 12 4 22 4 48 4 11 4 0 27 4 5 4 50 4 119 42 4 23 4 50 4 26 38 4 25 4 54 4 60 53 4 16 4 44 4 119 60 4 53 4 38 4 8 4 11 21 4 60 4 32 4 5 4 62 26 4 60 4 32 4 75 23 4 50 4 26 4 58 20 4 11 4 20 4 
Fitness: 1.18325
