iteration 21 best: 1.0981 time: 7241
70 39 4 23 4 44 4 66 44 4 26 4 82 20 4 25 4 25 4 56 39 4 11 4 16 4 20 25 4 35 4 32 4 64 40 4 36 4 31 4 11 4 88 29 4 11 4 37 4 59 31 4 19 4 75 41 4 21 4 58 12 4 30 4 19 4 19 4 79 18 4 39 4 36 32 4 22 4 64 21 4 38 4 25 4 35 4 18 4 32 29 4 27 4 35 4 9 4 40 32 4 39 4 67 19 4 45 4 10 4 37 4 99 37 4 19 4 24 4 79 36 4 14 4 39 28 4 26 4 34 28 20 24 21 4 21 4 52 4 25 21 20 90 21 4 29 4 29 4 32 28 4 55 4 34 4 35 4 4 29 4 22 4 46 30 4 18 4 31 4 20 36 4 44 4 58 30 4 30 4 28 4 71 28 4 33 4 40 4 67 27 4 27 4 54 45 4 31 4 16 32 4 83 34 4 37 4 30 4 36 31 4 36 4 44 30 4 40 4 73 43 4 26 4 73 49 4 23 4 66 5 4 39 4 23 42 4 30 4 64 44 4 24 4 46 55 4 45 4 54 41 4 29 4 26 4 60 34 4 39 4 60 6 4 26 4 14 4 57 26 4 32 4 21 4 54 17 4 23 4 55 4 25 4 16 44 4 29 4 47 4 25 4 14 25 4 47 4 46 4 82 56 4 37 4 78 23 4 18 4 35 4 75 17 4 34 4 42 4 42 24 4 28 4 16 4 98 52 4 21 4 9 4 38 31 16 18 16 29 21 4 31 49 16 48 16 72 37 4 30 4 73 11 4 24 4 25 4 81 47 4 14 4 29 4 14 4 48 32 4 38 4 78 39 4 19 4 26 4 42 4 79 23 4 31 4 35 4 38 30 4 20 4 34 4 34 12 4 14 4 20 4 65 48 4 42 4 38 4 71 22 4 32 4 40 4 26 4 62 32 4 55 4 44 4 17 4 27 33 4 46 4 24 4 90 39 4 29 4 29 4 84 32 4 26 4 32 4 
iteration 45 best: 1.0981 time: 14632
70 39 4 23 4 44 4 66 44 4 26 4 82 20 4 25 4 25 4 56 39 4 11 4 16 4 20 25 4 35 4 32 4 64 40 4 36 4 31 4 11 4 88 29 4 11 4 37 4 59 31 4 19 4 75 41 4 21 4 58 12 4 30 4 19 4 19 4 79 18 4 39 4 36 32 4 22 4 64 21 4 38 4 25 4 35 4 18 4 32 29 4 27 4 35 4 9 4 40 32 4 39 4 67 19 4 45 4 10 4 37 4 99 37 4 19 4 24 4 79 36 4 14 4 39 28 4 26 4 34 28 20 24 21 4 21 4 52 4 25 21 20 90 21 4 29 4 29 4 32 28 4 55 4 34 4 35 4 4 29 4 22 4 46 30 4 18 4 31 4 20 36 4 44 4 58 30 4 30 4 28 4 71 28 4 33 4 40 4 67 27 4 27 4 54 45 4 31 4 16 32 4 83 34 4 37 4 30 4 36 31 4 36 4 44 30 4 40 4 73 43 4 26 4 73 49 4 23 4 66 5 4 39 4 23 42 4 30 4 64 44 4 24 4 46 55 4 45 4 54 41 4 29 4 26 4 60 34 4 39 4 60 6 4 26 4 14 4 57 26 4 32 4 21 4 54 17 4 23 4 55 4 25 4 16 44 4 29 4 47 4 25 4 14 25 4 47 4 46 4 82 56 4 37 4 78 23 4 18 4 35 4 75 17 4 34 4 42 4 42 24 4 28 4 16 4 98 52 4 21 4 9 4 38 31 16 18 16 29 21 4 31 49 16 48 16 72 37 4 30 4 73 11 4 24 4 25 4 81 47 4 14 4 29 4 14 4 48 32 4 38 4 78 39 4 19 4 26 4 42 4 79 23 4 31 4 35 4 38 30 4 20 4 34 4 34 12 4 14 4 20 4 65 48 4 42 4 38 4 71 22 4 32 4 40 4 26 4 62 32 4 55 4 44 4 17 4 27 33 4 46 4 24 4 90 39 4 29 4 29 4 84 32 4 26 4 32 4 
iteration 69 best: 1.0981 time: 22070
70 39 4 23 4 44 4 66 44 4 26 4 82 20 4 25 4 25 4 56 39 4 11 4 16 4 20 25 4 35 4 32 4 64 40 4 36 4 31 4 11 4 88 29 4 11 4 37 4 59 31 4 19 4 75 41 4 21 4 58 12 4 30 4 19 4 19 4 79 18 4 39 4 36 32 4 22 4 64 21 4 38 4 25 4 35 4 18 4 32 29 4 27 4 35 4 9 4 40 32 4 39 4 67 19 4 45 4 10 4 37 4 99 37 4 19 4 24 4 79 36 4 14 4 39 28 4 26 4 34 28 20 24 21 4 21 4 52 4 25 21 20 90 21 4 29 4 29 4 32 28 4 55 4 34 4 35 4 4 29 4 22 4 46 30 4 18 4 31 4 20 36 4 44 4 58 30 4 30 4 28 4 71 28 4 33 4 40 4 67 27 4 27 4 54 45 4 31 4 16 32 4 83 34 4 37 4 30 4 36 31 4 36 4 44 30 4 40 4 73 43 4 26 4 73 49 4 23 4 66 5 4 39 4 23 42 4 30 4 64 44 4 24 4 46 55 4 45 4 54 41 4 29 4 26 4 60 34 4 39 4 60 6 4 26 4 14 4 57 26 4 32 4 21 4 54 17 4 23 4 55 4 25 4 16 44 4 29 4 47 4 25 4 14 25 4 47 4 46 4 82 56 4 37 4 78 23 4 18 4 35 4 75 17 4 34 4 42 4 42 24 4 28 4 16 4 98 52 4 21 4 9 4 38 31 16 18 16 29 21 4 31 49 16 48 16 72 37 4 30 4 73 11 4 24 4 25 4 81 47 4 14 4 29 4 14 4 48 32 4 38 4 78 39 4 19 4 26 4 42 4 79 23 4 31 4 35 4 38 30 4 20 4 34 4 34 12 4 14 4 20 4 65 48 4 42 4 38 4 71 22 4 32 4 40 4 26 4 62 32 4 55 4 44 4 17 4 27 33 4 46 4 24 4 90 39 4 29 4 29 4 84 32 4 26 4 32 4 
iteration 93 best: 1.0981 time: 29518
70 39 4 23 4 44 4 66 44 4 26 4 82 20 4 25 4 25 4 56 39 4 11 4 16 4 20 25 4 35 4 32 4 64 40 4 36 4 31 4 11 4 88 29 4 11 4 37 4 59 31 4 19 4 75 41 4 21 4 58 12 4 30 4 19 4 19 4 79 18 4 39 4 36 32 4 22 4 64 21 4 38 4 25 4 35 4 18 4 32 29 4 27 4 35 4 9 4 40 32 4 39 4 67 19 4 45 4 10 4 37 4 99 37 4 19 4 24 4 79 36 4 14 4 39 28 4 26 4 34 28 20 24 21 4 21 4 52 4 25 21 20 90 21 4 29 4 29 4 32 28 4 55 4 34 4 35 4 4 29 4 22 4 46 30 4 18 4 31 4 20 36 4 44 4 58 30 4 30 4 28 4 71 28 4 33 4 40 4 67 27 4 27 4 54 45 4 31 4 16 32 4 83 34 4 37 4 30 4 36 31 4 36 4 44 30 4 40 4 73 43 4 26 4 73 49 4 23 4 66 5 4 39 4 23 42 4 30 4 64 44 4 24 4 46 55 4 45 4 54 41 4 29 4 26 4 60 34 4 39 4 60 6 4 26 4 14 4 57 26 4 32 4 21 4 54 17 4 23 4 55 4 25 4 16 44 4 29 4 47 4 25 4 14 25 4 47 4 46 4 82 56 4 37 4 78 23 4 18 4 35 4 75 17 4 34 4 42 4 42 24 4 28 4 16 4 98 52 4 21 4 9 4 38 31 16 18 16 29 21 4 31 49 16 48 16 72 37 4 30 4 73 11 4 24 4 25 4 81 47 4 14 4 29 4 14 4 48 32 4 38 4 78 39 4 19 4 26 4 42 4 79 23 4 31 4 35 4 38 30 4 20 4 34 4 34 12 4 14 4 20 4 65 48 4 42 4 38 4 71 22 4 32 4 40 4 26 4 62 32 4 55 4 44 4 17 4 27 33 4 46 4 24 4 90 39 4 29 4 29 4 84 32 4 26 4 32 4 
iteration 117 best: 1.0981 time: 36940
70 39 4 23 4 44 4 66 44 4 26 4 82 20 4 25 4 25 4 56 39 4 11 4 16 4 20 25 4 35 4 32 4 64 40 4 36 4 31 4 11 4 88 29 4 11 4 37 4 59 31 4 19 4 75 41 4 21 4 58 12 4 30 4 19 4 19 4 79 18 4 39 4 36 32 4 22 4 64 21 4 38 4 25 4 35 4 18 4 32 29 4 27 4 35 4 9 4 40 32 4 39 4 67 19 4 45 4 10 4 37 4 99 37 4 19 4 24 4 79 36 4 14 4 39 28 4 26 4 34 28 20 24 21 4 21 4 52 4 25 21 20 90 21 4 29 4 29 4 32 28 4 55 4 34 4 35 4 4 29 4 22 4 46 30 4 18 4 31 4 20 36 4 44 4 58 30 4 30 4 28 4 71 28 4 33 4 40 4 67 27 4 27 4 54 45 4 31 4 16 32 4 83 34 4 37 4 30 4 36 31 4 36 4 44 30 4 40 4 73 43 4 26 4 73 49 4 23 4 66 5 4 39 4 23 42 4 30 4 64 44 4 24 4 46 55 4 45 4 54 41 4 29 4 26 4 60 34 4 39 4 60 6 4 26 4 14 4 57 26 4 32 4 21 4 54 17 4 23 4 55 4 25 4 16 44 4 29 4 47 4 25 4 14 25 4 47 4 46 4 82 56 4 37 4 78 23 4 18 4 35 4 75 17 4 34 4 42 4 42 24 4 28 4 16 4 98 52 4 21 4 9 4 38 31 16 18 16 29 21 4 31 49 16 48 16 72 37 4 30 4 73 11 4 24 4 25 4 81 47 4 14 4 29 4 14 4 48 32 4 38 4 78 39 4 19 4 26 4 42 4 79 23 4 31 4 35 4 38 30 4 20 4 34 4 34 12 4 14 4 20 4 65 48 4 42 4 38 4 71 22 4 32 4 40 4 26 4 62 32 4 55 4 44 4 17 4 27 33 4 46 4 24 4 90 39 4 29 4 29 4 84 32 4 26 4 32 4 
iteration 141 best: 1.0981 time: 44383
70 39 4 23 4 44 4 66 44 4 26 4 82 20 4 25 4 25 4 56 39 4 11 4 16 4 20 25 4 35 4 32 4 64 40 4 36 4 31 4 11 4 88 29 4 11 4 37 4 59 31 4 19 4 75 41 4 21 4 58 12 4 30 4 19 4 19 4 79 18 4 39 4 36 32 4 22 4 64 21 4 38 4 25 4 35 4 18 4 32 29 4 27 4 35 4 9 4 40 32 4 39 4 67 19 4 45 4 10 4 37 4 99 37 4 19 4 24 4 79 36 4 14 4 39 28 4 26 4 34 28 20 24 21 4 21 4 52 4 25 21 20 90 21 4 29 4 29 4 32 28 4 55 4 34 4 35 4 4 29 4 22 4 46 30 4 18 4 31 4 20 36 4 44 4 58 30 4 30 4 28 4 71 28 4 33 4 40 4 67 27 4 27 4 54 45 4 31 4 16 32 4 83 34 4 37 4 30 4 36 31 4 36 4 44 30 4 40 4 73 43 4 26 4 73 49 4 23 4 66 5 4 39 4 23 42 4 30 4 64 44 4 24 4 46 55 4 45 4 54 41 4 29 4 26 4 60 34 4 39 4 60 6 4 26 4 14 4 57 26 4 32 4 21 4 54 17 4 23 4 55 4 25 4 16 44 4 29 4 47 4 25 4 14 25 4 47 4 46 4 82 56 4 37 4 78 23 4 18 4 35 4 75 17 4 34 4 42 4 42 24 4 28 4 16 4 98 52 4 21 4 9 4 38 31 16 18 16 29 21 4 31 49 16 48 16 72 37 4 30 4 73 11 4 24 4 25 4 81 47 4 14 4 29 4 14 4 48 32 4 38 4 78 39 4 19 4 26 4 42 4 79 23 4 31 4 35 4 38 30 4 20 4 34 4 34 12 4 14 4 20 4 65 48 4 42 4 38 4 71 22 4 32 4 40 4 26 4 62 32 4 55 4 44 4 17 4 27 33 4 46 4 24 4 90 39 4 29 4 29 4 84 32 4 26 4 32 4 
iteration 165 best: 1.0981 time: 51768
70 39 4 23 4 44 4 66 44 4 26 4 82 20 4 25 4 25 4 56 39 4 11 4 16 4 20 25 4 35 4 32 4 64 40 4 36 4 31 4 11 4 88 29 4 11 4 37 4 59 31 4 19 4 75 41 4 21 4 58 12 4 30 4 19 4 19 4 79 18 4 39 4 36 32 4 22 4 64 21 4 38 4 25 4 35 4 18 4 32 29 4 27 4 35 4 9 4 40 32 4 39 4 67 19 4 45 4 10 4 37 4 99 37 4 19 4 24 4 79 36 4 14 4 39 28 4 26 4 34 28 20 24 21 4 21 4 52 4 25 21 20 90 21 4 29 4 29 4 32 28 4 55 4 34 4 35 4 4 29 4 22 4 46 30 4 18 4 31 4 20 36 4 44 4 58 30 4 30 4 28 4 71 28 4 33 4 40 4 67 27 4 27 4 54 45 4 31 4 16 32 4 83 34 4 37 4 30 4 36 31 4 36 4 44 30 4 40 4 73 43 4 26 4 73 49 4 23 4 66 5 4 39 4 23 42 4 30 4 64 44 4 24 4 46 55 4 45 4 54 41 4 29 4 26 4 60 34 4 39 4 60 6 4 26 4 14 4 57 26 4 32 4 21 4 54 17 4 23 4 55 4 25 4 16 44 4 29 4 47 4 25 4 14 25 4 47 4 46 4 82 56 4 37 4 78 23 4 18 4 35 4 75 17 4 34 4 42 4 42 24 4 28 4 16 4 98 52 4 21 4 9 4 38 31 16 18 16 29 21 4 31 49 16 48 16 72 37 4 30 4 73 11 4 24 4 25 4 81 47 4 14 4 29 4 14 4 48 32 4 38 4 78 39 4 19 4 26 4 42 4 79 23 4 31 4 35 4 38 30 4 20 4 34 4 34 12 4 14 4 20 4 65 48 4 42 4 38 4 71 22 4 32 4 40 4 26 4 62 32 4 55 4 44 4 17 4 27 33 4 46 4 24 4 90 39 4 29 4 29 4 84 32 4 26 4 32 4 
iteration 189 best: 1.0981 time: 59162
70 39 4 23 4 44 4 66 44 4 26 4 82 20 4 25 4 25 4 56 39 4 11 4 16 4 20 25 4 35 4 32 4 64 40 4 36 4 31 4 11 4 88 29 4 11 4 37 4 59 31 4 19 4 75 41 4 21 4 58 12 4 30 4 19 4 19 4 79 18 4 39 4 36 32 4 22 4 64 21 4 38 4 25 4 35 4 18 4 32 29 4 27 4 35 4 9 4 40 32 4 39 4 67 19 4 45 4 10 4 37 4 99 37 4 19 4 24 4 79 36 4 14 4 39 28 4 26 4 34 28 20 24 21 4 21 4 52 4 25 21 20 90 21 4 29 4 29 4 32 28 4 55 4 34 4 35 4 4 29 4 22 4 46 30 4 18 4 31 4 20 36 4 44 4 58 30 4 30 4 28 4 71 28 4 33 4 40 4 67 27 4 27 4 54 45 4 31 4 16 32 4 83 34 4 37 4 30 4 36 31 4 36 4 44 30 4 40 4 73 43 4 26 4 73 49 4 23 4 66 5 4 39 4 23 42 4 30 4 64 44 4 24 4 46 55 4 45 4 54 41 4 29 4 26 4 60 34 4 39 4 60 6 4 26 4 14 4 57 26 4 32 4 21 4 54 17 4 23 4 55 4 25 4 16 44 4 29 4 47 4 25 4 14 25 4 47 4 46 4 82 56 4 37 4 78 23 4 18 4 35 4 75 17 4 34 4 42 4 42 24 4 28 4 16 4 98 52 4 21 4 9 4 38 31 16 18 16 29 21 4 31 49 16 48 16 72 37 4 30 4 73 11 4 24 4 25 4 81 47 4 14 4 29 4 14 4 48 32 4 38 4 78 39 4 19 4 26 4 42 4 79 23 4 31 4 35 4 38 30 4 20 4 34 4 34 12 4 14 4 20 4 65 48 4 42 4 38 4 71 22 4 32 4 40 4 26 4 62 32 4 55 4 44 4 17 4 27 33 4 46 4 24 4 90 39 4 29 4 29 4 84 32 4 26 4 32 4 
iteration 213 best: 1.0981 time: 66543
70 39 4 23 4 44 4 66 44 4 26 4 82 20 4 25 4 25 4 56 39 4 11 4 16 4 20 25 4 35 4 32 4 64 40 4 36 4 31 4 11 4 88 29 4 11 4 37 4 59 31 4 19 4 75 41 4 21 4 58 12 4 30 4 19 4 19 4 79 18 4 39 4 36 32 4 22 4 64 21 4 38 4 25 4 35 4 18 4 32 29 4 27 4 35 4 9 4 40 32 4 39 4 67 19 4 45 4 10 4 37 4 99 37 4 19 4 24 4 79 36 4 14 4 39 28 4 26 4 34 28 20 24 21 4 21 4 52 4 25 21 20 90 21 4 29 4 29 4 32 28 4 55 4 34 4 35 4 4 29 4 22 4 46 30 4 18 4 31 4 20 36 4 44 4 58 30 4 30 4 28 4 71 28 4 33 4 40 4 67 27 4 27 4 54 45 4 31 4 16 32 4 83 34 4 37 4 30 4 36 31 4 36 4 44 30 4 40 4 73 43 4 26 4 73 49 4 23 4 66 5 4 39 4 23 42 4 30 4 64 44 4 24 4 46 55 4 45 4 54 41 4 29 4 26 4 60 34 4 39 4 60 6 4 26 4 14 4 57 26 4 32 4 21 4 54 17 4 23 4 55 4 25 4 16 44 4 29 4 47 4 25 4 14 25 4 47 4 46 4 82 56 4 37 4 78 23 4 18 4 35 4 75 17 4 34 4 42 4 42 24 4 28 4 16 4 98 52 4 21 4 9 4 38 31 16 18 16 29 21 4 31 49 16 48 16 72 37 4 30 4 73 11 4 24 4 25 4 81 47 4 14 4 29 4 14 4 48 32 4 38 4 78 39 4 19 4 26 4 42 4 79 23 4 31 4 35 4 38 30 4 20 4 34 4 34 12 4 14 4 20 4 65 48 4 42 4 38 4 71 22 4 32 4 40 4 26 4 62 32 4 55 4 44 4 17 4 27 33 4 46 4 24 4 90 39 4 29 4 29 4 84 32 4 26 4 32 4 
iteration 237 best: 1.0981 time: 73923
70 39 4 23 4 44 4 66 44 4 26 4 82 20 4 25 4 25 4 56 39 4 11 4 16 4 20 25 4 35 4 32 4 64 40 4 36 4 31 4 11 4 88 29 4 11 4 37 4 59 31 4 19 4 75 41 4 21 4 58 12 4 30 4 19 4 19 4 79 18 4 39 4 36 32 4 22 4 64 21 4 38 4 25 4 35 4 18 4 32 29 4 27 4 35 4 9 4 40 32 4 39 4 67 19 4 45 4 10 4 37 4 99 37 4 19 4 24 4 79 36 4 14 4 39 28 4 26 4 34 28 20 24 21 4 21 4 52 4 25 21 20 90 21 4 29 4 29 4 32 28 4 55 4 34 4 35 4 4 29 4 22 4 46 30 4 18 4 31 4 20 36 4 44 4 58 30 4 30 4 28 4 71 28 4 33 4 40 4 67 27 4 27 4 54 45 4 31 4 16 32 4 83 34 4 37 4 30 4 36 31 4 36 4 44 30 4 40 4 73 43 4 26 4 73 49 4 23 4 66 5 4 39 4 23 42 4 30 4 64 44 4 24 4 46 55 4 45 4 54 41 4 29 4 26 4 60 34 4 39 4 60 6 4 26 4 14 4 57 26 4 32 4 21 4 54 17 4 23 4 55 4 25 4 16 44 4 29 4 47 4 25 4 14 25 4 47 4 46 4 82 56 4 37 4 78 23 4 18 4 35 4 75 17 4 34 4 42 4 42 24 4 28 4 16 4 98 52 4 21 4 9 4 38 31 16 18 16 29 21 4 31 49 16 48 16 72 37 4 30 4 73 11 4 24 4 25 4 81 47 4 14 4 29 4 14 4 48 32 4 38 4 78 39 4 19 4 26 4 42 4 79 23 4 31 4 35 4 38 30 4 20 4 34 4 34 12 4 14 4 20 4 65 48 4 42 4 38 4 71 22 4 32 4 40 4 26 4 62 32 4 55 4 44 4 17 4 27 33 4 46 4 24 4 90 39 4 29 4 29 4 84 32 4 26 4 32 4 
iteration 261 best: 1.0981 time: 81315
70 39 4 23 4 44 4 66 44 4 26 4 82 20 4 25 4 25 4 56 39 4 11 4 16 4 20 25 4 35 4 32 4 64 40 4 36 4 31 4 11 4 88 29 4 11 4 37 4 59 31 4 19 4 75 41 4 21 4 58 12 4 30 4 19 4 19 4 79 18 4 39 4 36 32 4 22 4 64 21 4 38 4 25 4 35 4 18 4 32 29 4 27 4 35 4 9 4 40 32 4 39 4 67 19 4 45 4 10 4 37 4 99 37 4 19 4 24 4 79 36 4 14 4 39 28 4 26 4 34 28 20 24 21 4 21 4 52 4 25 21 20 90 21 4 29 4 29 4 32 28 4 55 4 34 4 35 4 4 29 4 22 4 46 30 4 18 4 31 4 20 36 4 44 4 58 30 4 30 4 28 4 71 28 4 33 4 40 4 67 27 4 27 4 54 45 4 31 4 16 32 4 83 34 4 37 4 30 4 36 31 4 36 4 44 30 4 40 4 73 43 4 26 4 73 49 4 23 4 66 5 4 39 4 23 42 4 30 4 64 44 4 24 4 46 55 4 45 4 54 41 4 29 4 26 4 60 34 4 39 4 60 6 4 26 4 14 4 57 26 4 32 4 21 4 54 17 4 23 4 55 4 25 4 16 44 4 29 4 47 4 25 4 14 25 4 47 4 46 4 82 56 4 37 4 78 23 4 18 4 35 4 75 17 4 34 4 42 4 42 24 4 28 4 16 4 98 52 4 21 4 9 4 38 31 16 18 16 29 21 4 31 49 16 48 16 72 37 4 30 4 73 11 4 24 4 25 4 81 47 4 14 4 29 4 14 4 48 32 4 38 4 78 39 4 19 4 26 4 42 4 79 23 4 31 4 35 4 38 30 4 20 4 34 4 34 12 4 14 4 20 4 65 48 4 42 4 38 4 71 22 4 32 4 40 4 26 4 62 32 4 55 4 44 4 17 4 27 33 4 46 4 24 4 90 39 4 29 4 29 4 84 32 4 26 4 32 4 
iteration 285 best: 1.0981 time: 88729
70 39 4 23 4 44 4 66 44 4 26 4 82 20 4 25 4 25 4 56 39 4 11 4 16 4 20 25 4 35 4 32 4 64 40 4 36 4 31 4 11 4 88 29 4 11 4 37 4 59 31 4 19 4 75 41 4 21 4 58 12 4 30 4 19 4 19 4 79 18 4 39 4 36 32 4 22 4 64 21 4 38 4 25 4 35 4 18 4 32 29 4 27 4 35 4 9 4 40 32 4 39 4 67 19 4 45 4 10 4 37 4 99 37 4 19 4 24 4 79 36 4 14 4 39 28 4 26 4 34 28 20 24 21 4 21 4 52 4 25 21 20 90 21 4 29 4 29 4 32 28 4 55 4 34 4 35 4 4 29 4 22 4 46 30 4 18 4 31 4 20 36 4 44 4 58 30 4 30 4 28 4 71 28 4 33 4 40 4 67 27 4 27 4 54 45 4 31 4 16 32 4 83 34 4 37 4 30 4 36 31 4 36 4 44 30 4 40 4 73 43 4 26 4 73 49 4 23 4 66 5 4 39 4 23 42 4 30 4 64 44 4 24 4 46 55 4 45 4 54 41 4 29 4 26 4 60 34 4 39 4 60 6 4 26 4 14 4 57 26 4 32 4 21 4 54 17 4 23 4 55 4 25 4 16 44 4 29 4 47 4 25 4 14 25 4 47 4 46 4 82 56 4 37 4 78 23 4 18 4 35 4 75 17 4 34 4 42 4 42 24 4 28 4 16 4 98 52 4 21 4 9 4 38 31 16 18 16 29 21 4 31 49 16 48 16 72 37 4 30 4 73 11 4 24 4 25 4 81 47 4 14 4 29 4 14 4 48 32 4 38 4 78 39 4 19 4 26 4 42 4 79 23 4 31 4 35 4 38 30 4 20 4 34 4 34 12 4 14 4 20 4 65 48 4 42 4 38 4 71 22 4 32 4 40 4 26 4 62 32 4 55 4 44 4 17 4 27 33 4 46 4 24 4 90 39 4 29 4 29 4 84 32 4 26 4 32 4 
iteration 309 best: 1.0981 time: 96116
70 39 4 23 4 44 4 66 44 4 26 4 82 20 4 25 4 25 4 56 39 4 11 4 16 4 20 25 4 35 4 32 4 64 40 4 36 4 31 4 11 4 88 29 4 11 4 37 4 59 31 4 19 4 75 41 4 21 4 58 12 4 30 4 19 4 19 4 79 18 4 39 4 36 32 4 22 4 64 21 4 38 4 25 4 35 4 18 4 32 29 4 27 4 35 4 9 4 40 32 4 39 4 67 19 4 45 4 10 4 37 4 99 37 4 19 4 24 4 79 36 4 14 4 39 28 4 26 4 34 28 20 24 21 4 21 4 52 4 25 21 20 90 21 4 29 4 29 4 32 28 4 55 4 34 4 35 4 4 29 4 22 4 46 30 4 18 4 31 4 20 36 4 44 4 58 30 4 30 4 28 4 71 28 4 33 4 40 4 67 27 4 27 4 54 45 4 31 4 16 32 4 83 34 4 37 4 30 4 36 31 4 36 4 44 30 4 40 4 73 43 4 26 4 73 49 4 23 4 66 5 4 39 4 23 42 4 30 4 64 44 4 24 4 46 55 4 45 4 54 41 4 29 4 26 4 60 34 4 39 4 60 6 4 26 4 14 4 57 26 4 32 4 21 4 54 17 4 23 4 55 4 25 4 16 44 4 29 4 47 4 25 4 14 25 4 47 4 46 4 82 56 4 37 4 78 23 4 18 4 35 4 75 17 4 34 4 42 4 42 24 4 28 4 16 4 98 52 4 21 4 9 4 38 31 16 18 16 29 21 4 31 49 16 48 16 72 37 4 30 4 73 11 4 24 4 25 4 81 47 4 14 4 29 4 14 4 48 32 4 38 4 78 39 4 19 4 26 4 42 4 79 23 4 31 4 35 4 38 30 4 20 4 34 4 34 12 4 14 4 20 4 65 48 4 42 4 38 4 71 22 4 32 4 40 4 26 4 62 32 4 55 4 44 4 17 4 27 33 4 46 4 24 4 90 39 4 29 4 29 4 84 32 4 26 4 32 4 
iteration 333 best: 1.0981 time: 103548
70 39 4 23 4 44 4 66 44 4 26 4 82 20 4 25 4 25 4 56 39 4 11 4 16 4 20 25 4 35 4 32 4 64 40 4 36 4 31 4 11 4 88 29 4 11 4 37 4 59 31 4 19 4 75 41 4 21 4 58 12 4 30 4 19 4 19 4 79 18 4 39 4 36 32 4 22 4 64 21 4 38 4 25 4 35 4 18 4 32 29 4 27 4 35 4 9 4 40 32 4 39 4 67 19 4 45 4 10 4 37 4 99 37 4 19 4 24 4 79 36 4 14 4 39 28 4 26 4 34 28 20 24 21 4 21 4 52 4 25 21 20 90 21 4 29 4 29 4 32 28 4 55 4 34 4 35 4 4 29 4 22 4 46 30 4 18 4 31 4 20 36 4 44 4 58 30 4 30 4 28 4 71 28 4 33 4 40 4 67 27 4 27 4 54 45 4 31 4 16 32 4 83 34 4 37 4 30 4 36 31 4 36 4 44 30 4 40 4 73 43 4 26 4 73 49 4 23 4 66 5 4 39 4 23 42 4 30 4 64 44 4 24 4 46 55 4 45 4 54 41 4 29 4 26 4 60 34 4 39 4 60 6 4 26 4 14 4 57 26 4 32 4 21 4 54 17 4 23 4 55 4 25 4 16 44 4 29 4 47 4 25 4 14 25 4 47 4 46 4 82 56 4 37 4 78 23 4 18 4 35 4 75 17 4 34 4 42 4 42 24 4 28 4 16 4 98 52 4 21 4 9 4 38 31 16 18 16 29 21 4 31 49 16 48 16 72 37 4 30 4 73 11 4 24 4 25 4 81 47 4 14 4 29 4 14 4 48 32 4 38 4 78 39 4 19 4 26 4 42 4 79 23 4 31 4 35 4 38 30 4 20 4 34 4 34 12 4 14 4 20 4 65 48 4 42 4 38 4 71 22 4 32 4 40 4 26 4 62 32 4 55 4 44 4 17 4 27 33 4 46 4 24 4 90 39 4 29 4 29 4 84 32 4 26 4 32 4 
iteration 357 best: 1.0981 time: 110995
70 39 4 23 4 44 4 66 44 4 26 4 82 20 4 25 4 25 4 56 39 4 11 4 16 4 20 25 4 35 4 32 4 64 40 4 36 4 31 4 11 4 88 29 4 11 4 37 4 59 31 4 19 4 75 41 4 21 4 58 12 4 30 4 19 4 19 4 79 18 4 39 4 36 32 4 22 4 64 21 4 38 4 25 4 35 4 18 4 32 29 4 27 4 35 4 9 4 40 32 4 39 4 67 19 4 45 4 10 4 37 4 99 37 4 19 4 24 4 79 36 4 14 4 39 28 4 26 4 34 28 20 24 21 4 21 4 52 4 25 21 20 90 21 4 29 4 29 4 32 28 4 55 4 34 4 35 4 4 29 4 22 4 46 30 4 18 4 31 4 20 36 4 44 4 58 30 4 30 4 28 4 71 28 4 33 4 40 4 67 27 4 27 4 54 45 4 31 4 16 32 4 83 34 4 37 4 30 4 36 31 4 36 4 44 30 4 40 4 73 43 4 26 4 73 49 4 23 4 66 5 4 39 4 23 42 4 30 4 64 44 4 24 4 46 55 4 45 4 54 41 4 29 4 26 4 60 34 4 39 4 60 6 4 26 4 14 4 57 26 4 32 4 21 4 54 17 4 23 4 55 4 25 4 16 44 4 29 4 47 4 25 4 14 25 4 47 4 46 4 82 56 4 37 4 78 23 4 18 4 35 4 75 17 4 34 4 42 4 42 24 4 28 4 16 4 98 52 4 21 4 9 4 38 31 16 18 16 29 21 4 31 49 16 48 16 72 37 4 30 4 73 11 4 24 4 25 4 81 47 4 14 4 29 4 14 4 48 32 4 38 4 78 39 4 19 4 26 4 42 4 79 23 4 31 4 35 4 38 30 4 20 4 34 4 34 12 4 14 4 20 4 65 48 4 42 4 38 4 71 22 4 32 4 40 4 26 4 62 32 4 55 4 44 4 17 4 27 33 4 46 4 24 4 90 39 4 29 4 29 4 84 32 4 26 4 32 4 
iteration 381 best: 1.0981 time: 118385
70 39 4 23 4 44 4 66 44 4 26 4 82 20 4 25 4 25 4 56 39 4 11 4 16 4 20 25 4 35 4 32 4 64 40 4 36 4 31 4 11 4 88 29 4 11 4 37 4 59 31 4 19 4 75 41 4 21 4 58 12 4 30 4 19 4 19 4 79 18 4 39 4 36 32 4 22 4 64 21 4 38 4 25 4 35 4 18 4 32 29 4 27 4 35 4 9 4 40 32 4 39 4 67 19 4 45 4 10 4 37 4 99 37 4 19 4 24 4 79 36 4 14 4 39 28 4 26 4 34 28 20 24 21 4 21 4 52 4 25 21 20 90 21 4 29 4 29 4 32 28 4 55 4 34 4 35 4 4 29 4 22 4 46 30 4 18 4 31 4 20 36 4 44 4 58 30 4 30 4 28 4 71 28 4 33 4 40 4 67 27 4 27 4 54 45 4 31 4 16 32 4 83 34 4 37 4 30 4 36 31 4 36 4 44 30 4 40 4 73 43 4 26 4 73 49 4 23 4 66 5 4 39 4 23 42 4 30 4 64 44 4 24 4 46 55 4 45 4 54 41 4 29 4 26 4 60 34 4 39 4 60 6 4 26 4 14 4 57 26 4 32 4 21 4 54 17 4 23 4 55 4 25 4 16 44 4 29 4 47 4 25 4 14 25 4 47 4 46 4 82 56 4 37 4 78 23 4 18 4 35 4 75 17 4 34 4 42 4 42 24 4 28 4 16 4 98 52 4 21 4 9 4 38 31 16 18 16 29 21 4 31 49 16 48 16 72 37 4 30 4 73 11 4 24 4 25 4 81 47 4 14 4 29 4 14 4 48 32 4 38 4 78 39 4 19 4 26 4 42 4 79 23 4 31 4 35 4 38 30 4 20 4 34 4 34 12 4 14 4 20 4 65 48 4 42 4 38 4 71 22 4 32 4 40 4 26 4 62 32 4 55 4 44 4 17 4 27 33 4 46 4 24 4 90 39 4 29 4 29 4 84 32 4 26 4 32 4 
iteration 405 best: 1.0981 time: 125789
70 39 4 23 4 44 4 66 44 4 26 4 82 20 4 25 4 25 4 56 39 4 11 4 16 4 20 25 4 35 4 32 4 64 40 4 36 4 31 4 11 4 88 29 4 11 4 37 4 59 31 4 19 4 75 41 4 21 4 58 12 4 30 4 19 4 19 4 79 18 4 39 4 36 32 4 22 4 64 21 4 38 4 25 4 35 4 18 4 32 29 4 27 4 35 4 9 4 40 32 4 39 4 67 19 4 45 4 10 4 37 4 99 37 4 19 4 24 4 79 36 4 14 4 39 28 4 26 4 34 28 20 24 21 4 21 4 52 4 25 21 20 90 21 4 29 4 29 4 32 28 4 55 4 34 4 35 4 4 29 4 22 4 46 30 4 18 4 31 4 20 36 4 44 4 58 30 4 30 4 28 4 71 28 4 33 4 40 4 67 27 4 27 4 54 45 4 31 4 16 32 4 83 34 4 37 4 30 4 36 31 4 36 4 44 30 4 40 4 73 43 4 26 4 73 49 4 23 4 66 5 4 39 4 23 42 4 30 4 64 44 4 24 4 46 55 4 45 4 54 41 4 29 4 26 4 60 34 4 39 4 60 6 4 26 4 14 4 57 26 4 32 4 21 4 54 17 4 23 4 55 4 25 4 16 44 4 29 4 47 4 25 4 14 25 4 47 4 46 4 82 56 4 37 4 78 23 4 18 4 35 4 75 17 4 34 4 42 4 42 24 4 28 4 16 4 98 52 4 21 4 9 4 38 31 16 18 16 29 21 4 31 49 16 48 16 72 37 4 30 4 73 11 4 24 4 25 4 81 47 4 14 4 29 4 14 4 48 32 4 38 4 78 39 4 19 4 26 4 42 4 79 23 4 31 4 35 4 38 30 4 20 4 34 4 34 12 4 14 4 20 4 65 48 4 42 4 38 4 71 22 4 32 4 40 4 26 4 62 32 4 55 4 44 4 17 4 27 33 4 46 4 24 4 90 39 4 29 4 29 4 84 32 4 26 4 32 4 
iteration 429 best: 1.0981 time: 133190
70 39 4 23 4 44 4 66 44 4 26 4 82 20 4 25 4 25 4 56 39 4 11 4 16 4 20 25 4 35 4 32 4 64 40 4 36 4 31 4 11 4 88 29 4 11 4 37 4 59 31 4 19 4 75 41 4 21 4 58 12 4 30 4 19 4 19 4 79 18 4 39 4 36 32 4 22 4 64 21 4 38 4 25 4 35 4 18 4 32 29 4 27 4 35 4 9 4 40 32 4 39 4 67 19 4 45 4 10 4 37 4 99 37 4 19 4 24 4 79 36 4 14 4 39 28 4 26 4 34 28 20 24 21 4 21 4 52 4 25 21 20 90 21 4 29 4 29 4 32 28 4 55 4 34 4 35 4 4 29 4 22 4 46 30 4 18 4 31 4 20 36 4 44 4 58 30 4 30 4 28 4 71 28 4 33 4 40 4 67 27 4 27 4 54 45 4 31 4 16 32 4 83 34 4 37 4 30 4 36 31 4 36 4 44 30 4 40 4 73 43 4 26 4 73 49 4 23 4 66 5 4 39 4 23 42 4 30 4 64 44 4 24 4 46 55 4 45 4 54 41 4 29 4 26 4 60 34 4 39 4 60 6 4 26 4 14 4 57 26 4 32 4 21 4 54 17 4 23 4 55 4 25 4 16 44 4 29 4 47 4 25 4 14 25 4 47 4 46 4 82 56 4 37 4 78 23 4 18 4 35 4 75 17 4 34 4 42 4 42 24 4 28 4 16 4 98 52 4 21 4 9 4 38 31 16 18 16 29 21 4 31 49 16 48 16 72 37 4 30 4 73 11 4 24 4 25 4 81 47 4 14 4 29 4 14 4 48 32 4 38 4 78 39 4 19 4 26 4 42 4 79 23 4 31 4 35 4 38 30 4 20 4 34 4 34 12 4 14 4 20 4 65 48 4 42 4 38 4 71 22 4 32 4 40 4 26 4 62 32 4 55 4 44 4 17 4 27 33 4 46 4 24 4 90 39 4 29 4 29 4 84 32 4 26 4 32 4 
iteration 453 best: 1.0981 time: 140593
70 39 4 23 4 44 4 66 44 4 26 4 82 20 4 25 4 25 4 56 39 4 11 4 16 4 20 25 4 35 4 32 4 64 40 4 36 4 31 4 11 4 88 29 4 11 4 37 4 59 31 4 19 4 75 41 4 21 4 58 12 4 30 4 19 4 19 4 79 18 4 39 4 36 32 4 22 4 64 21 4 38 4 25 4 35 4 18 4 32 29 4 27 4 35 4 9 4 40 32 4 39 4 67 19 4 45 4 10 4 37 4 99 37 4 19 4 24 4 79 36 4 14 4 39 28 4 26 4 34 28 20 24 21 4 21 4 52 4 25 21 20 90 21 4 29 4 29 4 32 28 4 55 4 34 4 35 4 4 29 4 22 4 46 30 4 18 4 31 4 20 36 4 44 4 58 30 4 30 4 28 4 71 28 4 33 4 40 4 67 27 4 27 4 54 45 4 31 4 16 32 4 83 34 4 37 4 30 4 36 31 4 36 4 44 30 4 40 4 73 43 4 26 4 73 49 4 23 4 66 5 4 39 4 23 42 4 30 4 64 44 4 24 4 46 55 4 45 4 54 41 4 29 4 26 4 60 34 4 39 4 60 6 4 26 4 14 4 57 26 4 32 4 21 4 54 17 4 23 4 55 4 25 4 16 44 4 29 4 47 4 25 4 14 25 4 47 4 46 4 82 56 4 37 4 78 23 4 18 4 35 4 75 17 4 34 4 42 4 42 24 4 28 4 16 4 98 52 4 21 4 9 4 38 31 16 18 16 29 21 4 31 49 16 48 16 72 37 4 30 4 73 11 4 24 4 25 4 81 47 4 14 4 29 4 14 4 48 32 4 38 4 78 39 4 19 4 26 4 42 4 79 23 4 31 4 35 4 38 30 4 20 4 34 4 34 12 4 14 4 20 4 65 48 4 42 4 38 4 71 22 4 32 4 40 4 26 4 62 32 4 55 4 44 4 17 4 27 33 4 46 4 24 4 90 39 4 29 4 29 4 84 32 4 26 4 32 4 
iteration 477 best: 1.0981 time: 147993
70 39 4 23 4 44 4 66 44 4 26 4 82 20 4 25 4 25 4 56 39 4 11 4 16 4 20 25 4 35 4 32 4 64 40 4 36 4 31 4 11 4 88 29 4 11 4 37 4 59 31 4 19 4 75 41 4 21 4 58 12 4 30 4 19 4 19 4 79 18 4 39 4 36 32 4 22 4 64 21 4 38 4 25 4 35 4 18 4 32 29 4 27 4 35 4 9 4 40 32 4 39 4 67 19 4 45 4 10 4 37 4 99 37 4 19 4 24 4 79 36 4 14 4 39 28 4 26 4 34 28 20 24 21 4 21 4 52 4 25 21 20 90 21 4 29 4 29 4 32 28 4 55 4 34 4 35 4 4 29 4 22 4 46 30 4 18 4 31 4 20 36 4 44 4 58 30 4 30 4 28 4 71 28 4 33 4 40 4 67 27 4 27 4 54 45 4 31 4 16 32 4 83 34 4 37 4 30 4 36 31 4 36 4 44 30 4 40 4 73 43 4 26 4 73 49 4 23 4 66 5 4 39 4 23 42 4 30 4 64 44 4 24 4 46 55 4 45 4 54 41 4 29 4 26 4 60 34 4 39 4 60 6 4 26 4 14 4 57 26 4 32 4 21 4 54 17 4 23 4 55 4 25 4 16 44 4 29 4 47 4 25 4 14 25 4 47 4 46 4 82 56 4 37 4 78 23 4 18 4 35 4 75 17 4 34 4 42 4 42 24 4 28 4 16 4 98 52 4 21 4 9 4 38 31 16 18 16 29 21 4 31 49 16 48 16 72 37 4 30 4 73 11 4 24 4 25 4 81 47 4 14 4 29 4 14 4 48 32 4 38 4 78 39 4 19 4 26 4 42 4 79 23 4 31 4 35 4 38 30 4 20 4 34 4 34 12 4 14 4 20 4 65 48 4 42 4 38 4 71 22 4 32 4 40 4 26 4 62 32 4 55 4 44 4 17 4 27 33 4 46 4 24 4 90 39 4 29 4 29 4 84 32 4 26 4 32 4 
iteration 501 best: 1.0981 time: 155390
70 39 4 23 4 44 4 66 44 4 26 4 82 20 4 25 4 25 4 56 39 4 11 4 16 4 20 25 4 35 4 32 4 64 40 4 36 4 31 4 11 4 88 29 4 11 4 37 4 59 31 4 19 4 75 41 4 21 4 58 12 4 30 4 19 4 19 4 79 18 4 39 4 36 32 4 22 4 64 21 4 38 4 25 4 35 4 18 4 32 29 4 27 4 35 4 9 4 40 32 4 39 4 67 19 4 45 4 10 4 37 4 99 37 4 19 4 24 4 79 36 4 14 4 39 28 4 26 4 34 28 20 24 21 4 21 4 52 4 25 21 20 90 21 4 29 4 29 4 32 28 4 55 4 34 4 35 4 4 29 4 22 4 46 30 4 18 4 31 4 20 36 4 44 4 58 30 4 30 4 28 4 71 28 4 33 4 40 4 67 27 4 27 4 54 45 4 31 4 16 32 4 83 34 4 37 4 30 4 36 31 4 36 4 44 30 4 40 4 73 43 4 26 4 73 49 4 23 4 66 5 4 39 4 23 42 4 30 4 64 44 4 24 4 46 55 4 45 4 54 41 4 29 4 26 4 60 34 4 39 4 60 6 4 26 4 14 4 57 26 4 32 4 21 4 54 17 4 23 4 55 4 25 4 16 44 4 29 4 47 4 25 4 14 25 4 47 4 46 4 82 56 4 37 4 78 23 4 18 4 35 4 75 17 4 34 4 42 4 42 24 4 28 4 16 4 98 52 4 21 4 9 4 38 31 16 18 16 29 21 4 31 49 16 48 16 72 37 4 30 4 73 11 4 24 4 25 4 81 47 4 14 4 29 4 14 4 48 32 4 38 4 78 39 4 19 4 26 4 42 4 79 23 4 31 4 35 4 38 30 4 20 4 34 4 34 12 4 14 4 20 4 65 48 4 42 4 38 4 71 22 4 32 4 40 4 26 4 62 32 4 55 4 44 4 17 4 27 33 4 46 4 24 4 90 39 4 29 4 29 4 84 32 4 26 4 32 4 
iteration 525 best: 1.0981 time: 162782
70 39 4 23 4 44 4 66 44 4 26 4 82 20 4 25 4 25 4 56 39 4 11 4 16 4 20 25 4 35 4 32 4 64 40 4 36 4 31 4 11 4 88 29 4 11 4 37 4 59 31 4 19 4 75 41 4 21 4 58 12 4 30 4 19 4 19 4 79 18 4 39 4 36 32 4 22 4 64 21 4 38 4 25 4 35 4 18 4 32 29 4 27 4 35 4 9 4 40 32 4 39 4 67 19 4 45 4 10 4 37 4 99 37 4 19 4 24 4 79 36 4 14 4 39 28 4 26 4 34 28 20 24 21 4 21 4 52 4 25 21 20 90 21 4 29 4 29 4 32 28 4 55 4 34 4 35 4 4 29 4 22 4 46 30 4 18 4 31 4 20 36 4 44 4 58 30 4 30 4 28 4 71 28 4 33 4 40 4 67 27 4 27 4 54 45 4 31 4 16 32 4 83 34 4 37 4 30 4 36 31 4 36 4 44 30 4 40 4 73 43 4 26 4 73 49 4 23 4 66 5 4 39 4 23 42 4 30 4 64 44 4 24 4 46 55 4 45 4 54 41 4 29 4 26 4 60 34 4 39 4 60 6 4 26 4 14 4 57 26 4 32 4 21 4 54 17 4 23 4 55 4 25 4 16 44 4 29 4 47 4 25 4 14 25 4 47 4 46 4 82 56 4 37 4 78 23 4 18 4 35 4 75 17 4 34 4 42 4 42 24 4 28 4 16 4 98 52 4 21 4 9 4 38 31 16 18 16 29 21 4 31 49 16 48 16 72 37 4 30 4 73 11 4 24 4 25 4 81 47 4 14 4 29 4 14 4 48 32 4 38 4 78 39 4 19 4 26 4 42 4 79 23 4 31 4 35 4 38 30 4 20 4 34 4 34 12 4 14 4 20 4 65 48 4 42 4 38 4 71 22 4 32 4 40 4 26 4 62 32 4 55 4 44 4 17 4 27 33 4 46 4 24 4 90 39 4 29 4 29 4 84 32 4 26 4 32 4 
iteration 549 best: 1.0981 time: 170174
70 39 4 23 4 44 4 66 44 4 26 4 82 20 4 25 4 25 4 56 39 4 11 4 16 4 20 25 4 35 4 32 4 64 40 4 36 4 31 4 11 4 88 29 4 11 4 37 4 59 31 4 19 4 75 41 4 21 4 58 12 4 30 4 19 4 19 4 79 18 4 39 4 36 32 4 22 4 64 21 4 38 4 25 4 35 4 18 4 32 29 4 27 4 35 4 9 4 40 32 4 39 4 67 19 4 45 4 10 4 37 4 99 37 4 19 4 24 4 79 36 4 14 4 39 28 4 26 4 34 28 20 24 21 4 21 4 52 4 25 21 20 90 21 4 29 4 29 4 32 28 4 55 4 34 4 35 4 4 29 4 22 4 46 30 4 18 4 31 4 20 36 4 44 4 58 30 4 30 4 28 4 71 28 4 33 4 40 4 67 27 4 27 4 54 45 4 31 4 16 32 4 83 34 4 37 4 30 4 36 31 4 36 4 44 30 4 40 4 73 43 4 26 4 73 49 4 23 4 66 5 4 39 4 23 42 4 30 4 64 44 4 24 4 46 55 4 45 4 54 41 4 29 4 26 4 60 34 4 39 4 60 6 4 26 4 14 4 57 26 4 32 4 21 4 54 17 4 23 4 55 4 25 4 16 44 4 29 4 47 4 25 4 14 25 4 47 4 46 4 82 56 4 37 4 78 23 4 18 4 35 4 75 17 4 34 4 42 4 42 24 4 28 4 16 4 98 52 4 21 4 9 4 38 31 16 18 16 29 21 4 31 49 16 48 16 72 37 4 30 4 73 11 4 24 4 25 4 81 47 4 14 4 29 4 14 4 48 32 4 38 4 78 39 4 19 4 26 4 42 4 79 23 4 31 4 35 4 38 30 4 20 4 34 4 34 12 4 14 4 20 4 65 48 4 42 4 38 4 71 22 4 32 4 40 4 26 4 62 32 4 55 4 44 4 17 4 27 33 4 46 4 24 4 90 39 4 29 4 29 4 84 32 4 26 4 32 4 
iteration 573 best: 1.0981 time: 177585
70 39 4 23 4 44 4 66 44 4 26 4 82 20 4 25 4 25 4 56 39 4 11 4 16 4 20 25 4 35 4 32 4 64 40 4 36 4 31 4 11 4 88 29 4 11 4 37 4 59 31 4 19 4 75 41 4 21 4 58 12 4 30 4 19 4 19 4 79 18 4 39 4 36 32 4 22 4 64 21 4 38 4 25 4 35 4 18 4 32 29 4 27 4 35 4 9 4 40 32 4 39 4 67 19 4 45 4 10 4 37 4 99 37 4 19 4 24 4 79 36 4 14 4 39 28 4 26 4 34 28 20 24 21 4 21 4 52 4 25 21 20 90 21 4 29 4 29 4 32 28 4 55 4 34 4 35 4 4 29 4 22 4 46 30 4 18 4 31 4 20 36 4 44 4 58 30 4 30 4 28 4 71 28 4 33 4 40 4 67 27 4 27 4 54 45 4 31 4 16 32 4 83 34 4 37 4 30 4 36 31 4 36 4 44 30 4 40 4 73 43 4 26 4 73 49 4 23 4 66 5 4 39 4 23 42 4 30 4 64 44 4 24 4 46 55 4 45 4 54 41 4 29 4 26 4 60 34 4 39 4 60 6 4 26 4 14 4 57 26 4 32 4 21 4 54 17 4 23 4 55 4 25 4 16 44 4 29 4 47 4 25 4 14 25 4 47 4 46 4 82 56 4 37 4 78 23 4 18 4 35 4 75 17 4 34 4 42 4 42 24 4 28 4 16 4 98 52 4 21 4 9 4 38 31 16 18 16 29 21 4 31 49 16 48 16 72 37 4 30 4 73 11 4 24 4 25 4 81 47 4 14 4 29 4 14 4 48 32 4 38 4 78 39 4 19 4 26 4 42 4 79 23 4 31 4 35 4 38 30 4 20 4 34 4 34 12 4 14 4 20 4 65 48 4 42 4 38 4 71 22 4 32 4 40 4 26 4 62 32 4 55 4 44 4 17 4 27 33 4 46 4 24 4 90 39 4 29 4 29 4 84 32 4 26 4 32 4 
iteration 597 best: 1.0981 time: 184975
70 39 4 23 4 44 4 66 44 4 26 4 82 20 4 25 4 25 4 56 39 4 11 4 16 4 20 25 4 35 4 32 4 64 40 4 36 4 31 4 11 4 88 29 4 11 4 37 4 59 31 4 19 4 75 41 4 21 4 58 12 4 30 4 19 4 19 4 79 18 4 39 4 36 32 4 22 4 64 21 4 38 4 25 4 35 4 18 4 32 29 4 27 4 35 4 9 4 40 32 4 39 4 67 19 4 45 4 10 4 37 4 99 37 4 19 4 24 4 79 36 4 14 4 39 28 4 26 4 34 28 20 24 21 4 21 4 52 4 25 21 20 90 21 4 29 4 29 4 32 28 4 55 4 34 4 35 4 4 29 4 22 4 46 30 4 18 4 31 4 20 36 4 44 4 58 30 4 30 4 28 4 71 28 4 33 4 40 4 67 27 4 27 4 54 45 4 31 4 16 32 4 83 34 4 37 4 30 4 36 31 4 36 4 44 30 4 40 4 73 43 4 26 4 73 49 4 23 4 66 5 4 39 4 23 42 4 30 4 64 44 4 24 4 46 55 4 45 4 54 41 4 29 4 26 4 60 34 4 39 4 60 6 4 26 4 14 4 57 26 4 32 4 21 4 54 17 4 23 4 55 4 25 4 16 44 4 29 4 47 4 25 4 14 25 4 47 4 46 4 82 56 4 37 4 78 23 4 18 4 35 4 75 17 4 34 4 42 4 42 24 4 28 4 16 4 98 52 4 21 4 9 4 38 31 16 18 16 29 21 4 31 49 16 48 16 72 37 4 30 4 73 11 4 24 4 25 4 81 47 4 14 4 29 4 14 4 48 32 4 38 4 78 39 4 19 4 26 4 42 4 79 23 4 31 4 35 4 38 30 4 20 4 34 4 34 12 4 14 4 20 4 65 48 4 42 4 38 4 71 22 4 32 4 40 4 26 4 62 32 4 55 4 44 4 17 4 27 33 4 46 4 24 4 90 39 4 29 4 29 4 84 32 4 26 4 32 4 
iteration 621 best: 1.0981 time: 192364
70 39 4 23 4 44 4 66 44 4 26 4 82 20 4 25 4 25 4 56 39 4 11 4 16 4 20 25 4 35 4 32 4 64 40 4 36 4 31 4 11 4 88 29 4 11 4 37 4 59 31 4 19 4 75 41 4 21 4 58 12 4 30 4 19 4 19 4 79 18 4 39 4 36 32 4 22 4 64 21 4 38 4 25 4 35 4 18 4 32 29 4 27 4 35 4 9 4 40 32 4 39 4 67 19 4 45 4 10 4 37 4 99 37 4 19 4 24 4 79 36 4 14 4 39 28 4 26 4 34 28 20 24 21 4 21 4 52 4 25 21 20 90 21 4 29 4 29 4 32 28 4 55 4 34 4 35 4 4 29 4 22 4 46 30 4 18 4 31 4 20 36 4 44 4 58 30 4 30 4 28 4 71 28 4 33 4 40 4 67 27 4 27 4 54 45 4 31 4 16 32 4 83 34 4 37 4 30 4 36 31 4 36 4 44 30 4 40 4 73 43 4 26 4 73 49 4 23 4 66 5 4 39 4 23 42 4 30 4 64 44 4 24 4 46 55 4 45 4 54 41 4 29 4 26 4 60 34 4 39 4 60 6 4 26 4 14 4 57 26 4 32 4 21 4 54 17 4 23 4 55 4 25 4 16 44 4 29 4 47 4 25 4 14 25 4 47 4 46 4 82 56 4 37 4 78 23 4 18 4 35 4 75 17 4 34 4 42 4 42 24 4 28 4 16 4 98 52 4 21 4 9 4 38 31 16 18 16 29 21 4 31 49 16 48 16 72 37 4 30 4 73 11 4 24 4 25 4 81 47 4 14 4 29 4 14 4 48 32 4 38 4 78 39 4 19 4 26 4 42 4 79 23 4 31 4 35 4 38 30 4 20 4 34 4 34 12 4 14 4 20 4 65 48 4 42 4 38 4 71 22 4 32 4 40 4 26 4 62 32 4 55 4 44 4 17 4 27 33 4 46 4 24 4 90 39 4 29 4 29 4 84 32 4 26 4 32 4 
iteration 645 best: 1.0981 time: 199766
70 39 4 23 4 44 4 66 44 4 26 4 82 20 4 25 4 25 4 56 39 4 11 4 16 4 20 25 4 35 4 32 4 64 40 4 36 4 31 4 11 4 88 29 4 11 4 37 4 59 31 4 19 4 75 41 4 21 4 58 12 4 30 4 19 4 19 4 79 18 4 39 4 36 32 4 22 4 64 21 4 38 4 25 4 35 4 18 4 32 29 4 27 4 35 4 9 4 40 32 4 39 4 67 19 4 45 4 10 4 37 4 99 37 4 19 4 24 4 79 36 4 14 4 39 28 4 26 4 34 28 20 24 21 4 21 4 52 4 25 21 20 90 21 4 29 4 29 4 32 28 4 55 4 34 4 35 4 4 29 4 22 4 46 30 4 18 4 31 4 20 36 4 44 4 58 30 4 30 4 28 4 71 28 4 33 4 40 4 67 27 4 27 4 54 45 4 31 4 16 32 4 83 34 4 37 4 30 4 36 31 4 36 4 44 30 4 40 4 73 43 4 26 4 73 49 4 23 4 66 5 4 39 4 23 42 4 30 4 64 44 4 24 4 46 55 4 45 4 54 41 4 29 4 26 4 60 34 4 39 4 60 6 4 26 4 14 4 57 26 4 32 4 21 4 54 17 4 23 4 55 4 25 4 16 44 4 29 4 47 4 25 4 14 25 4 47 4 46 4 82 56 4 37 4 78 23 4 18 4 35 4 75 17 4 34 4 42 4 42 24 4 28 4 16 4 98 52 4 21 4 9 4 38 31 16 18 16 29 21 4 31 49 16 48 16 72 37 4 30 4 73 11 4 24 4 25 4 81 47 4 14 4 29 4 14 4 48 32 4 38 4 78 39 4 19 4 26 4 42 4 79 23 4 31 4 35 4 38 30 4 20 4 34 4 34 12 4 14 4 20 4 65 48 4 42 4 38 4 71 22 4 32 4 40 4 26 4 62 32 4 55 4 44 4 17 4 27 33 4 46 4 24 4 90 39 4 29 4 29 4 84 32 4 26 4 32 4 
iteration 669 best: 1.0981 time: 207138
70 39 4 23 4 44 4 66 44 4 26 4 82 20 4 25 4 25 4 56 39 4 11 4 16 4 20 25 4 35 4 32 4 64 40 4 36 4 31 4 11 4 88 29 4 11 4 37 4 59 31 4 19 4 75 41 4 21 4 58 12 4 30 4 19 4 19 4 79 18 4 39 4 36 32 4 22 4 64 21 4 38 4 25 4 35 4 18 4 32 29 4 27 4 35 4 9 4 40 32 4 39 4 67 19 4 45 4 10 4 37 4 99 37 4 19 4 24 4 79 36 4 14 4 39 28 4 26 4 34 28 20 24 21 4 21 4 52 4 25 21 20 90 21 4 29 4 29 4 32 28 4 55 4 34 4 35 4 4 29 4 22 4 46 30 4 18 4 31 4 20 36 4 44 4 58 30 4 30 4 28 4 71 28 4 33 4 40 4 67 27 4 27 4 54 45 4 31 4 16 32 4 83 34 4 37 4 30 4 36 31 4 36 4 44 30 4 40 4 73 43 4 26 4 73 49 4 23 4 66 5 4 39 4 23 42 4 30 4 64 44 4 24 4 46 55 4 45 4 54 41 4 29 4 26 4 60 34 4 39 4 60 6 4 26 4 14 4 57 26 4 32 4 21 4 54 17 4 23 4 55 4 25 4 16 44 4 29 4 47 4 25 4 14 25 4 47 4 46 4 82 56 4 37 4 78 23 4 18 4 35 4 75 17 4 34 4 42 4 42 24 4 28 4 16 4 98 52 4 21 4 9 4 38 31 16 18 16 29 21 4 31 49 16 48 16 72 37 4 30 4 73 11 4 24 4 25 4 81 47 4 14 4 29 4 14 4 48 32 4 38 4 78 39 4 19 4 26 4 42 4 79 23 4 31 4 35 4 38 30 4 20 4 34 4 34 12 4 14 4 20 4 65 48 4 42 4 38 4 71 22 4 32 4 40 4 26 4 62 32 4 55 4 44 4 17 4 27 33 4 46 4 24 4 90 39 4 29 4 29 4 84 32 4 26 4 32 4 
iteration 693 best: 1.0981 time: 214528
70 39 4 23 4 44 4 66 44 4 26 4 82 20 4 25 4 25 4 56 39 4 11 4 16 4 20 25 4 35 4 32 4 64 40 4 36 4 31 4 11 4 88 29 4 11 4 37 4 59 31 4 19 4 75 41 4 21 4 58 12 4 30 4 19 4 19 4 79 18 4 39 4 36 32 4 22 4 64 21 4 38 4 25 4 35 4 18 4 32 29 4 27 4 35 4 9 4 40 32 4 39 4 67 19 4 45 4 10 4 37 4 99 37 4 19 4 24 4 79 36 4 14 4 39 28 4 26 4 34 28 20 24 21 4 21 4 52 4 25 21 20 90 21 4 29 4 29 4 32 28 4 55 4 34 4 35 4 4 29 4 22 4 46 30 4 18 4 31 4 20 36 4 44 4 58 30 4 30 4 28 4 71 28 4 33 4 40 4 67 27 4 27 4 54 45 4 31 4 16 32 4 83 34 4 37 4 30 4 36 31 4 36 4 44 30 4 40 4 73 43 4 26 4 73 49 4 23 4 66 5 4 39 4 23 42 4 30 4 64 44 4 24 4 46 55 4 45 4 54 41 4 29 4 26 4 60 34 4 39 4 60 6 4 26 4 14 4 57 26 4 32 4 21 4 54 17 4 23 4 55 4 25 4 16 44 4 29 4 47 4 25 4 14 25 4 47 4 46 4 82 56 4 37 4 78 23 4 18 4 35 4 75 17 4 34 4 42 4 42 24 4 28 4 16 4 98 52 4 21 4 9 4 38 31 16 18 16 29 21 4 31 49 16 48 16 72 37 4 30 4 73 11 4 24 4 25 4 81 47 4 14 4 29 4 14 4 48 32 4 38 4 78 39 4 19 4 26 4 42 4 79 23 4 31 4 35 4 38 30 4 20 4 34 4 34 12 4 14 4 20 4 65 48 4 42 4 38 4 71 22 4 32 4 40 4 26 4 62 32 4 55 4 44 4 17 4 27 33 4 46 4 24 4 90 39 4 29 4 29 4 84 32 4 26 4 32 4 
iteration 717 best: 1.0981 time: 221959
70 39 4 23 4 44 4 66 44 4 26 4 82 20 4 25 4 25 4 56 39 4 11 4 16 4 20 25 4 35 4 32 4 64 40 4 36 4 31 4 11 4 88 29 4 11 4 37 4 59 31 4 19 4 75 41 4 21 4 58 12 4 30 4 19 4 19 4 79 18 4 39 4 36 32 4 22 4 64 21 4 38 4 25 4 35 4 18 4 32 29 4 27 4 35 4 9 4 40 32 4 39 4 67 19 4 45 4 10 4 37 4 99 37 4 19 4 24 4 79 36 4 14 4 39 28 4 26 4 34 28 20 24 21 4 21 4 52 4 25 21 20 90 21 4 29 4 29 4 32 28 4 55 4 34 4 35 4 4 29 4 22 4 46 30 4 18 4 31 4 20 36 4 44 4 58 30 4 30 4 28 4 71 28 4 33 4 40 4 67 27 4 27 4 54 45 4 31 4 16 32 4 83 34 4 37 4 30 4 36 31 4 36 4 44 30 4 40 4 73 43 4 26 4 73 49 4 23 4 66 5 4 39 4 23 42 4 30 4 64 44 4 24 4 46 55 4 45 4 54 41 4 29 4 26 4 60 34 4 39 4 60 6 4 26 4 14 4 57 26 4 32 4 21 4 54 17 4 23 4 55 4 25 4 16 44 4 29 4 47 4 25 4 14 25 4 47 4 46 4 82 56 4 37 4 78 23 4 18 4 35 4 75 17 4 34 4 42 4 42 24 4 28 4 16 4 98 52 4 21 4 9 4 38 31 16 18 16 29 21 4 31 49 16 48 16 72 37 4 30 4 73 11 4 24 4 25 4 81 47 4 14 4 29 4 14 4 48 32 4 38 4 78 39 4 19 4 26 4 42 4 79 23 4 31 4 35 4 38 30 4 20 4 34 4 34 12 4 14 4 20 4 65 48 4 42 4 38 4 71 22 4 32 4 40 4 26 4 62 32 4 55 4 44 4 17 4 27 33 4 46 4 24 4 90 39 4 29 4 29 4 84 32 4 26 4 32 4 
iteration 741 best: 1.0981 time: 229376
70 39 4 23 4 44 4 66 44 4 26 4 82 20 4 25 4 25 4 56 39 4 11 4 16 4 20 25 4 35 4 32 4 64 40 4 36 4 31 4 11 4 88 29 4 11 4 37 4 59 31 4 19 4 75 41 4 21 4 58 12 4 30 4 19 4 19 4 79 18 4 39 4 36 32 4 22 4 64 21 4 38 4 25 4 35 4 18 4 32 29 4 27 4 35 4 9 4 40 32 4 39 4 67 19 4 45 4 10 4 37 4 99 37 4 19 4 24 4 79 36 4 14 4 39 28 4 26 4 34 28 20 24 21 4 21 4 52 4 25 21 20 90 21 4 29 4 29 4 32 28 4 55 4 34 4 35 4 4 29 4 22 4 46 30 4 18 4 31 4 20 36 4 44 4 58 30 4 30 4 28 4 71 28 4 33 4 40 4 67 27 4 27 4 54 45 4 31 4 16 32 4 83 34 4 37 4 30 4 36 31 4 36 4 44 30 4 40 4 73 43 4 26 4 73 49 4 23 4 66 5 4 39 4 23 42 4 30 4 64 44 4 24 4 46 55 4 45 4 54 41 4 29 4 26 4 60 34 4 39 4 60 6 4 26 4 14 4 57 26 4 32 4 21 4 54 17 4 23 4 55 4 25 4 16 44 4 29 4 47 4 25 4 14 25 4 47 4 46 4 82 56 4 37 4 78 23 4 18 4 35 4 75 17 4 34 4 42 4 42 24 4 28 4 16 4 98 52 4 21 4 9 4 38 31 16 18 16 29 21 4 31 49 16 48 16 72 37 4 30 4 73 11 4 24 4 25 4 81 47 4 14 4 29 4 14 4 48 32 4 38 4 78 39 4 19 4 26 4 42 4 79 23 4 31 4 35 4 38 30 4 20 4 34 4 34 12 4 14 4 20 4 65 48 4 42 4 38 4 71 22 4 32 4 40 4 26 4 62 32 4 55 4 44 4 17 4 27 33 4 46 4 24 4 90 39 4 29 4 29 4 84 32 4 26 4 32 4 
iteration 765 best: 1.0981 time: 236811
70 39 4 23 4 44 4 66 44 4 26 4 82 20 4 25 4 25 4 56 39 4 11 4 16 4 20 25 4 35 4 32 4 64 40 4 36 4 31 4 11 4 88 29 4 11 4 37 4 59 31 4 19 4 75 41 4 21 4 58 12 4 30 4 19 4 19 4 79 18 4 39 4 36 32 4 22 4 64 21 4 38 4 25 4 35 4 18 4 32 29 4 27 4 35 4 9 4 40 32 4 39 4 67 19 4 45 4 10 4 37 4 99 37 4 19 4 24 4 79 36 4 14 4 39 28 4 26 4 34 28 20 24 21 4 21 4 52 4 25 21 20 90 21 4 29 4 29 4 32 28 4 55 4 34 4 35 4 4 29 4 22 4 46 30 4 18 4 31 4 20 36 4 44 4 58 30 4 30 4 28 4 71 28 4 33 4 40 4 67 27 4 27 4 54 45 4 31 4 16 32 4 83 34 4 37 4 30 4 36 31 4 36 4 44 30 4 40 4 73 43 4 26 4 73 49 4 23 4 66 5 4 39 4 23 42 4 30 4 64 44 4 24 4 46 55 4 45 4 54 41 4 29 4 26 4 60 34 4 39 4 60 6 4 26 4 14 4 57 26 4 32 4 21 4 54 17 4 23 4 55 4 25 4 16 44 4 29 4 47 4 25 4 14 25 4 47 4 46 4 82 56 4 37 4 78 23 4 18 4 35 4 75 17 4 34 4 42 4 42 24 4 28 4 16 4 98 52 4 21 4 9 4 38 31 16 18 16 29 21 4 31 49 16 48 16 72 37 4 30 4 73 11 4 24 4 25 4 81 47 4 14 4 29 4 14 4 48 32 4 38 4 78 39 4 19 4 26 4 42 4 79 23 4 31 4 35 4 38 30 4 20 4 34 4 34 12 4 14 4 20 4 65 48 4 42 4 38 4 71 22 4 32 4 40 4 26 4 62 32 4 55 4 44 4 17 4 27 33 4 46 4 24 4 90 39 4 29 4 29 4 84 32 4 26 4 32 4 
iteration 789 best: 1.0981 time: 244217
70 39 4 23 4 44 4 66 44 4 26 4 82 20 4 25 4 25 4 56 39 4 11 4 16 4 20 25 4 35 4 32 4 64 40 4 36 4 31 4 11 4 88 29 4 11 4 37 4 59 31 4 19 4 75 41 4 21 4 58 12 4 30 4 19 4 19 4 79 18 4 39 4 36 32 4 22 4 64 21 4 38 4 25 4 35 4 18 4 32 29 4 27 4 35 4 9 4 40 32 4 39 4 67 19 4 45 4 10 4 37 4 99 37 4 19 4 24 4 79 36 4 14 4 39 28 4 26 4 34 28 20 24 21 4 21 4 52 4 25 21 20 90 21 4 29 4 29 4 32 28 4 55 4 34 4 35 4 4 29 4 22 4 46 30 4 18 4 31 4 20 36 4 44 4 58 30 4 30 4 28 4 71 28 4 33 4 40 4 67 27 4 27 4 54 45 4 31 4 16 32 4 83 34 4 37 4 30 4 36 31 4 36 4 44 30 4 40 4 73 43 4 26 4 73 49 4 23 4 66 5 4 39 4 23 42 4 30 4 64 44 4 24 4 46 55 4 45 4 54 41 4 29 4 26 4 60 34 4 39 4 60 6 4 26 4 14 4 57 26 4 32 4 21 4 54 17 4 23 4 55 4 25 4 16 44 4 29 4 47 4 25 4 14 25 4 47 4 46 4 82 56 4 37 4 78 23 4 18 4 35 4 75 17 4 34 4 42 4 42 24 4 28 4 16 4 98 52 4 21 4 9 4 38 31 16 18 16 29 21 4 31 49 16 48 16 72 37 4 30 4 73 11 4 24 4 25 4 81 47 4 14 4 29 4 14 4 48 32 4 38 4 78 39 4 19 4 26 4 42 4 79 23 4 31 4 35 4 38 30 4 20 4 34 4 34 12 4 14 4 20 4 65 48 4 42 4 38 4 71 22 4 32 4 40 4 26 4 62 32 4 55 4 44 4 17 4 27 33 4 46 4 24 4 90 39 4 29 4 29 4 84 32 4 26 4 32 4 
iteration 813 best: 1.0981 time: 251616
70 39 4 23 4 44 4 66 44 4 26 4 82 20 4 25 4 25 4 56 39 4 11 4 16 4 20 25 4 35 4 32 4 64 40 4 36 4 31 4 11 4 88 29 4 11 4 37 4 59 31 4 19 4 75 41 4 21 4 58 12 4 30 4 19 4 19 4 79 18 4 39 4 36 32 4 22 4 64 21 4 38 4 25 4 35 4 18 4 32 29 4 27 4 35 4 9 4 40 32 4 39 4 67 19 4 45 4 10 4 37 4 99 37 4 19 4 24 4 79 36 4 14 4 39 28 4 26 4 34 28 20 24 21 4 21 4 52 4 25 21 20 90 21 4 29 4 29 4 32 28 4 55 4 34 4 35 4 4 29 4 22 4 46 30 4 18 4 31 4 20 36 4 44 4 58 30 4 30 4 28 4 71 28 4 33 4 40 4 67 27 4 27 4 54 45 4 31 4 16 32 4 83 34 4 37 4 30 4 36 31 4 36 4 44 30 4 40 4 73 43 4 26 4 73 49 4 23 4 66 5 4 39 4 23 42 4 30 4 64 44 4 24 4 46 55 4 45 4 54 41 4 29 4 26 4 60 34 4 39 4 60 6 4 26 4 14 4 57 26 4 32 4 21 4 54 17 4 23 4 55 4 25 4 16 44 4 29 4 47 4 25 4 14 25 4 47 4 46 4 82 56 4 37 4 78 23 4 18 4 35 4 75 17 4 34 4 42 4 42 24 4 28 4 16 4 98 52 4 21 4 9 4 38 31 16 18 16 29 21 4 31 49 16 48 16 72 37 4 30 4 73 11 4 24 4 25 4 81 47 4 14 4 29 4 14 4 48 32 4 38 4 78 39 4 19 4 26 4 42 4 79 23 4 31 4 35 4 38 30 4 20 4 34 4 34 12 4 14 4 20 4 65 48 4 42 4 38 4 71 22 4 32 4 40 4 26 4 62 32 4 55 4 44 4 17 4 27 33 4 46 4 24 4 90 39 4 29 4 29 4 84 32 4 26 4 32 4 
iteration 837 best: 1.0981 time: 259001
70 39 4 23 4 44 4 66 44 4 26 4 82 20 4 25 4 25 4 56 39 4 11 4 16 4 20 25 4 35 4 32 4 64 40 4 36 4 31 4 11 4 88 29 4 11 4 37 4 59 31 4 19 4 75 41 4 21 4 58 12 4 30 4 19 4 19 4 79 18 4 39 4 36 32 4 22 4 64 21 4 38 4 25 4 35 4 18 4 32 29 4 27 4 35 4 9 4 40 32 4 39 4 67 19 4 45 4 10 4 37 4 99 37 4 19 4 24 4 79 36 4 14 4 39 28 4 26 4 34 28 20 24 21 4 21 4 52 4 25 21 20 90 21 4 29 4 29 4 32 28 4 55 4 34 4 35 4 4 29 4 22 4 46 30 4 18 4 31 4 20 36 4 44 4 58 30 4 30 4 28 4 71 28 4 33 4 40 4 67 27 4 27 4 54 45 4 31 4 16 32 4 83 34 4 37 4 30 4 36 31 4 36 4 44 30 4 40 4 73 43 4 26 4 73 49 4 23 4 66 5 4 39 4 23 42 4 30 4 64 44 4 24 4 46 55 4 45 4 54 41 4 29 4 26 4 60 34 4 39 4 60 6 4 26 4 14 4 57 26 4 32 4 21 4 54 17 4 23 4 55 4 25 4 16 44 4 29 4 47 4 25 4 14 25 4 47 4 46 4 82 56 4 37 4 78 23 4 18 4 35 4 75 17 4 34 4 42 4 42 24 4 28 4 16 4 98 52 4 21 4 9 4 38 31 16 18 16 29 21 4 31 49 16 48 16 72 37 4 30 4 73 11 4 24 4 25 4 81 47 4 14 4 29 4 14 4 48 32 4 38 4 78 39 4 19 4 26 4 42 4 79 23 4 31 4 35 4 38 30 4 20 4 34 4 34 12 4 14 4 20 4 65 48 4 42 4 38 4 71 22 4 32 4 40 4 26 4 62 32 4 55 4 44 4 17 4 27 33 4 46 4 24 4 90 39 4 29 4 29 4 84 32 4 26 4 32 4 
iteration 861 best: 1.0981 time: 266404
70 39 4 23 4 44 4 66 44 4 26 4 82 20 4 25 4 25 4 56 39 4 11 4 16 4 20 25 4 35 4 32 4 64 40 4 36 4 31 4 11 4 88 29 4 11 4 37 4 59 31 4 19 4 75 41 4 21 4 58 12 4 30 4 19 4 19 4 79 18 4 39 4 36 32 4 22 4 64 21 4 38 4 25 4 35 4 18 4 32 29 4 27 4 35 4 9 4 40 32 4 39 4 67 19 4 45 4 10 4 37 4 99 37 4 19 4 24 4 79 36 4 14 4 39 28 4 26 4 34 28 20 24 21 4 21 4 52 4 25 21 20 90 21 4 29 4 29 4 32 28 4 55 4 34 4 35 4 4 29 4 22 4 46 30 4 18 4 31 4 20 36 4 44 4 58 30 4 30 4 28 4 71 28 4 33 4 40 4 67 27 4 27 4 54 45 4 31 4 16 32 4 83 34 4 37 4 30 4 36 31 4 36 4 44 30 4 40 4 73 43 4 26 4 73 49 4 23 4 66 5 4 39 4 23 42 4 30 4 64 44 4 24 4 46 55 4 45 4 54 41 4 29 4 26 4 60 34 4 39 4 60 6 4 26 4 14 4 57 26 4 32 4 21 4 54 17 4 23 4 55 4 25 4 16 44 4 29 4 47 4 25 4 14 25 4 47 4 46 4 82 56 4 37 4 78 23 4 18 4 35 4 75 17 4 34 4 42 4 42 24 4 28 4 16 4 98 52 4 21 4 9 4 38 31 16 18 16 29 21 4 31 49 16 48 16 72 37 4 30 4 73 11 4 24 4 25 4 81 47 4 14 4 29 4 14 4 48 32 4 38 4 78 39 4 19 4 26 4 42 4 79 23 4 31 4 35 4 38 30 4 20 4 34 4 34 12 4 14 4 20 4 65 48 4 42 4 38 4 71 22 4 32 4 40 4 26 4 62 32 4 55 4 44 4 17 4 27 33 4 46 4 24 4 90 39 4 29 4 29 4 84 32 4 26 4 32 4 
iteration 885 best: 1.0981 time: 273788
70 39 4 23 4 44 4 66 44 4 26 4 82 20 4 25 4 25 4 56 39 4 11 4 16 4 20 25 4 35 4 32 4 64 40 4 36 4 31 4 11 4 88 29 4 11 4 37 4 59 31 4 19 4 75 41 4 21 4 58 12 4 30 4 19 4 19 4 79 18 4 39 4 36 32 4 22 4 64 21 4 38 4 25 4 35 4 18 4 32 29 4 27 4 35 4 9 4 40 32 4 39 4 67 19 4 45 4 10 4 37 4 99 37 4 19 4 24 4 79 36 4 14 4 39 28 4 26 4 34 28 20 24 21 4 21 4 52 4 25 21 20 90 21 4 29 4 29 4 32 28 4 55 4 34 4 35 4 4 29 4 22 4 46 30 4 18 4 31 4 20 36 4 44 4 58 30 4 30 4 28 4 71 28 4 33 4 40 4 67 27 4 27 4 54 45 4 31 4 16 32 4 83 34 4 37 4 30 4 36 31 4 36 4 44 30 4 40 4 73 43 4 26 4 73 49 4 23 4 66 5 4 39 4 23 42 4 30 4 64 44 4 24 4 46 55 4 45 4 54 41 4 29 4 26 4 60 34 4 39 4 60 6 4 26 4 14 4 57 26 4 32 4 21 4 54 17 4 23 4 55 4 25 4 16 44 4 29 4 47 4 25 4 14 25 4 47 4 46 4 82 56 4 37 4 78 23 4 18 4 35 4 75 17 4 34 4 42 4 42 24 4 28 4 16 4 98 52 4 21 4 9 4 38 31 16 18 16 29 21 4 31 49 16 48 16 72 37 4 30 4 73 11 4 24 4 25 4 81 47 4 14 4 29 4 14 4 48 32 4 38 4 78 39 4 19 4 26 4 42 4 79 23 4 31 4 35 4 38 30 4 20 4 34 4 34 12 4 14 4 20 4 65 48 4 42 4 38 4 71 22 4 32 4 40 4 26 4 62 32 4 55 4 44 4 17 4 27 33 4 46 4 24 4 90 39 4 29 4 29 4 84 32 4 26 4 32 4 
iteration 909 best: 1.0981 time: 281167
70 39 4 23 4 44 4 66 44 4 26 4 82 20 4 25 4 25 4 56 39 4 11 4 16 4 20 25 4 35 4 32 4 64 40 4 36 4 31 4 11 4 88 29 4 11 4 37 4 59 31 4 19 4 75 41 4 21 4 58 12 4 30 4 19 4 19 4 79 18 4 39 4 36 32 4 22 4 64 21 4 38 4 25 4 35 4 18 4 32 29 4 27 4 35 4 9 4 40 32 4 39 4 67 19 4 45 4 10 4 37 4 99 37 4 19 4 24 4 79 36 4 14 4 39 28 4 26 4 34 28 20 24 21 4 21 4 52 4 25 21 20 90 21 4 29 4 29 4 32 28 4 55 4 34 4 35 4 4 29 4 22 4 46 30 4 18 4 31 4 20 36 4 44 4 58 30 4 30 4 28 4 71 28 4 33 4 40 4 67 27 4 27 4 54 45 4 31 4 16 32 4 83 34 4 37 4 30 4 36 31 4 36 4 44 30 4 40 4 73 43 4 26 4 73 49 4 23 4 66 5 4 39 4 23 42 4 30 4 64 44 4 24 4 46 55 4 45 4 54 41 4 29 4 26 4 60 34 4 39 4 60 6 4 26 4 14 4 57 26 4 32 4 21 4 54 17 4 23 4 55 4 25 4 16 44 4 29 4 47 4 25 4 14 25 4 47 4 46 4 82 56 4 37 4 78 23 4 18 4 35 4 75 17 4 34 4 42 4 42 24 4 28 4 16 4 98 52 4 21 4 9 4 38 31 16 18 16 29 21 4 31 49 16 48 16 72 37 4 30 4 73 11 4 24 4 25 4 81 47 4 14 4 29 4 14 4 48 32 4 38 4 78 39 4 19 4 26 4 42 4 79 23 4 31 4 35 4 38 30 4 20 4 34 4 34 12 4 14 4 20 4 65 48 4 42 4 38 4 71 22 4 32 4 40 4 26 4 62 32 4 55 4 44 4 17 4 27 33 4 46 4 24 4 90 39 4 29 4 29 4 84 32 4 26 4 32 4 
iteration 933 best: 1.0981 time: 288568
70 39 4 23 4 44 4 66 44 4 26 4 82 20 4 25 4 25 4 56 39 4 11 4 16 4 20 25 4 35 4 32 4 64 40 4 36 4 31 4 11 4 88 29 4 11 4 37 4 59 31 4 19 4 75 41 4 21 4 58 12 4 30 4 19 4 19 4 79 18 4 39 4 36 32 4 22 4 64 21 4 38 4 25 4 35 4 18 4 32 29 4 27 4 35 4 9 4 40 32 4 39 4 67 19 4 45 4 10 4 37 4 99 37 4 19 4 24 4 79 36 4 14 4 39 28 4 26 4 34 28 20 24 21 4 21 4 52 4 25 21 20 90 21 4 29 4 29 4 32 28 4 55 4 34 4 35 4 4 29 4 22 4 46 30 4 18 4 31 4 20 36 4 44 4 58 30 4 30 4 28 4 71 28 4 33 4 40 4 67 27 4 27 4 54 45 4 31 4 16 32 4 83 34 4 37 4 30 4 36 31 4 36 4 44 30 4 40 4 73 43 4 26 4 73 49 4 23 4 66 5 4 39 4 23 42 4 30 4 64 44 4 24 4 46 55 4 45 4 54 41 4 29 4 26 4 60 34 4 39 4 60 6 4 26 4 14 4 57 26 4 32 4 21 4 54 17 4 23 4 55 4 25 4 16 44 4 29 4 47 4 25 4 14 25 4 47 4 46 4 82 56 4 37 4 78 23 4 18 4 35 4 75 17 4 34 4 42 4 42 24 4 28 4 16 4 98 52 4 21 4 9 4 38 31 16 18 16 29 21 4 31 49 16 48 16 72 37 4 30 4 73 11 4 24 4 25 4 81 47 4 14 4 29 4 14 4 48 32 4 38 4 78 39 4 19 4 26 4 42 4 79 23 4 31 4 35 4 38 30 4 20 4 34 4 34 12 4 14 4 20 4 65 48 4 42 4 38 4 71 22 4 32 4 40 4 26 4 62 32 4 55 4 44 4 17 4 27 33 4 46 4 24 4 90 39 4 29 4 29 4 84 32 4 26 4 32 4 
iteration 957 best: 1.0981 time: 295953
70 39 4 23 4 44 4 66 44 4 26 4 82 20 4 25 4 25 4 56 39 4 11 4 16 4 20 25 4 35 4 32 4 64 40 4 36 4 31 4 11 4 88 29 4 11 4 37 4 59 31 4 19 4 75 41 4 21 4 58 12 4 30 4 19 4 19 4 79 18 4 39 4 36 32 4 22 4 64 21 4 38 4 25 4 35 4 18 4 32 29 4 27 4 35 4 9 4 40 32 4 39 4 67 19 4 45 4 10 4 37 4 99 37 4 19 4 24 4 79 36 4 14 4 39 28 4 26 4 34 28 20 24 21 4 21 4 52 4 25 21 20 90 21 4 29 4 29 4 32 28 4 55 4 34 4 35 4 4 29 4 22 4 46 30 4 18 4 31 4 20 36 4 44 4 58 30 4 30 4 28 4 71 28 4 33 4 40 4 67 27 4 27 4 54 45 4 31 4 16 32 4 83 34 4 37 4 30 4 36 31 4 36 4 44 30 4 40 4 73 43 4 26 4 73 49 4 23 4 66 5 4 39 4 23 42 4 30 4 64 44 4 24 4 46 55 4 45 4 54 41 4 29 4 26 4 60 34 4 39 4 60 6 4 26 4 14 4 57 26 4 32 4 21 4 54 17 4 23 4 55 4 25 4 16 44 4 29 4 47 4 25 4 14 25 4 47 4 46 4 82 56 4 37 4 78 23 4 18 4 35 4 75 17 4 34 4 42 4 42 24 4 28 4 16 4 98 52 4 21 4 9 4 38 31 16 18 16 29 21 4 31 49 16 48 16 72 37 4 30 4 73 11 4 24 4 25 4 81 47 4 14 4 29 4 14 4 48 32 4 38 4 78 39 4 19 4 26 4 42 4 79 23 4 31 4 35 4 38 30 4 20 4 34 4 34 12 4 14 4 20 4 65 48 4 42 4 38 4 71 22 4 32 4 40 4 26 4 62 32 4 55 4 44 4 17 4 27 33 4 46 4 24 4 90 39 4 29 4 29 4 84 32 4 26 4 32 4 
iteration 981 best: 1.0981 time: 303355
70 39 4 23 4 44 4 66 44 4 26 4 82 20 4 25 4 25 4 56 39 4 11 4 16 4 20 25 4 35 4 32 4 64 40 4 36 4 31 4 11 4 88 29 4 11 4 37 4 59 31 4 19 4 75 41 4 21 4 58 12 4 30 4 19 4 19 4 79 18 4 39 4 36 32 4 22 4 64 21 4 38 4 25 4 35 4 18 4 32 29 4 27 4 35 4 9 4 40 32 4 39 4 67 19 4 45 4 10 4 37 4 99 37 4 19 4 24 4 79 36 4 14 4 39 28 4 26 4 34 28 20 24 21 4 21 4 52 4 25 21 20 90 21 4 29 4 29 4 32 28 4 55 4 34 4 35 4 4 29 4 22 4 46 30 4 18 4 31 4 20 36 4 44 4 58 30 4 30 4 28 4 71 28 4 33 4 40 4 67 27 4 27 4 54 45 4 31 4 16 32 4 83 34 4 37 4 30 4 36 31 4 36 4 44 30 4 40 4 73 43 4 26 4 73 49 4 23 4 66 5 4 39 4 23 42 4 30 4 64 44 4 24 4 46 55 4 45 4 54 41 4 29 4 26 4 60 34 4 39 4 60 6 4 26 4 14 4 57 26 4 32 4 21 4 54 17 4 23 4 55 4 25 4 16 44 4 29 4 47 4 25 4 14 25 4 47 4 46 4 82 56 4 37 4 78 23 4 18 4 35 4 75 17 4 34 4 42 4 42 24 4 28 4 16 4 98 52 4 21 4 9 4 38 31 16 18 16 29 21 4 31 49 16 48 16 72 37 4 30 4 73 11 4 24 4 25 4 81 47 4 14 4 29 4 14 4 48 32 4 38 4 78 39 4 19 4 26 4 42 4 79 23 4 31 4 35 4 38 30 4 20 4 34 4 34 12 4 14 4 20 4 65 48 4 42 4 38 4 71 22 4 32 4 40 4 26 4 62 32 4 55 4 44 4 17 4 27 33 4 46 4 24 4 90 39 4 29 4 29 4 84 32 4 26 4 32 4 
iteration 1005 best: 1.0981 time: 310830
70 39 4 23 4 44 4 66 44 4 26 4 82 20 4 25 4 25 4 56 39 4 11 4 16 4 20 25 4 35 4 32 4 64 40 4 36 4 31 4 11 4 88 29 4 11 4 37 4 59 31 4 19 4 75 41 4 21 4 58 12 4 30 4 19 4 19 4 79 18 4 39 4 36 32 4 22 4 64 21 4 38 4 25 4 35 4 18 4 32 29 4 27 4 35 4 9 4 40 32 4 39 4 67 19 4 45 4 10 4 37 4 99 37 4 19 4 24 4 79 36 4 14 4 39 28 4 26 4 34 28 20 24 21 4 21 4 52 4 25 21 20 90 21 4 29 4 29 4 32 28 4 55 4 34 4 35 4 4 29 4 22 4 46 30 4 18 4 31 4 20 36 4 44 4 58 30 4 30 4 28 4 71 28 4 33 4 40 4 67 27 4 27 4 54 45 4 31 4 16 32 4 83 34 4 37 4 30 4 36 31 4 36 4 44 30 4 40 4 73 43 4 26 4 73 49 4 23 4 66 5 4 39 4 23 42 4 30 4 64 44 4 24 4 46 55 4 45 4 54 41 4 29 4 26 4 60 34 4 39 4 60 6 4 26 4 14 4 57 26 4 32 4 21 4 54 17 4 23 4 55 4 25 4 16 44 4 29 4 47 4 25 4 14 25 4 47 4 46 4 82 56 4 37 4 78 23 4 18 4 35 4 75 17 4 34 4 42 4 42 24 4 28 4 16 4 98 52 4 21 4 9 4 38 31 16 18 16 29 21 4 31 49 16 48 16 72 37 4 30 4 73 11 4 24 4 25 4 81 47 4 14 4 29 4 14 4 48 32 4 38 4 78 39 4 19 4 26 4 42 4 79 23 4 31 4 35 4 38 30 4 20 4 34 4 34 12 4 14 4 20 4 65 48 4 42 4 38 4 71 22 4 32 4 40 4 26 4 62 32 4 55 4 44 4 17 4 27 33 4 46 4 24 4 90 39 4 29 4 29 4 84 32 4 26 4 32 4 
iteration 1029 best: 1.0981 time: 318246
70 39 4 23 4 44 4 66 44 4 26 4 82 20 4 25 4 25 4 56 39 4 11 4 16 4 20 25 4 35 4 32 4 64 40 4 36 4 31 4 11 4 88 29 4 11 4 37 4 59 31 4 19 4 75 41 4 21 4 58 12 4 30 4 19 4 19 4 79 18 4 39 4 36 32 4 22 4 64 21 4 38 4 25 4 35 4 18 4 32 29 4 27 4 35 4 9 4 40 32 4 39 4 67 19 4 45 4 10 4 37 4 99 37 4 19 4 24 4 79 36 4 14 4 39 28 4 26 4 34 28 20 24 21 4 21 4 52 4 25 21 20 90 21 4 29 4 29 4 32 28 4 55 4 34 4 35 4 4 29 4 22 4 46 30 4 18 4 31 4 20 36 4 44 4 58 30 4 30 4 28 4 71 28 4 33 4 40 4 67 27 4 27 4 54 45 4 31 4 16 32 4 83 34 4 37 4 30 4 36 31 4 36 4 44 30 4 40 4 73 43 4 26 4 73 49 4 23 4 66 5 4 39 4 23 42 4 30 4 64 44 4 24 4 46 55 4 45 4 54 41 4 29 4 26 4 60 34 4 39 4 60 6 4 26 4 14 4 57 26 4 32 4 21 4 54 17 4 23 4 55 4 25 4 16 44 4 29 4 47 4 25 4 14 25 4 47 4 46 4 82 56 4 37 4 78 23 4 18 4 35 4 75 17 4 34 4 42 4 42 24 4 28 4 16 4 98 52 4 21 4 9 4 38 31 16 18 16 29 21 4 31 49 16 48 16 72 37 4 30 4 73 11 4 24 4 25 4 81 47 4 14 4 29 4 14 4 48 32 4 38 4 78 39 4 19 4 26 4 42 4 79 23 4 31 4 35 4 38 30 4 20 4 34 4 34 12 4 14 4 20 4 65 48 4 42 4 38 4 71 22 4 32 4 40 4 26 4 62 32 4 55 4 44 4 17 4 27 33 4 46 4 24 4 90 39 4 29 4 29 4 84 32 4 26 4 32 4 
iteration 1053 best: 1.0981 time: 325652
70 39 4 23 4 44 4 66 44 4 26 4 82 20 4 25 4 25 4 56 39 4 11 4 16 4 20 25 4 35 4 32 4 64 40 4 36 4 31 4 11 4 88 29 4 11 4 37 4 59 31 4 19 4 75 41 4 21 4 58 12 4 30 4 19 4 19 4 79 18 4 39 4 36 32 4 22 4 64 21 4 38 4 25 4 35 4 18 4 32 29 4 27 4 35 4 9 4 40 32 4 39 4 67 19 4 45 4 10 4 37 4 99 37 4 19 4 24 4 79 36 4 14 4 39 28 4 26 4 34 28 20 24 21 4 21 4 52 4 25 21 20 90 21 4 29 4 29 4 32 28 4 55 4 34 4 35 4 4 29 4 22 4 46 30 4 18 4 31 4 20 36 4 44 4 58 30 4 30 4 28 4 71 28 4 33 4 40 4 67 27 4 27 4 54 45 4 31 4 16 32 4 83 34 4 37 4 30 4 36 31 4 36 4 44 30 4 40 4 73 43 4 26 4 73 49 4 23 4 66 5 4 39 4 23 42 4 30 4 64 44 4 24 4 46 55 4 45 4 54 41 4 29 4 26 4 60 34 4 39 4 60 6 4 26 4 14 4 57 26 4 32 4 21 4 54 17 4 23 4 55 4 25 4 16 44 4 29 4 47 4 25 4 14 25 4 47 4 46 4 82 56 4 37 4 78 23 4 18 4 35 4 75 17 4 34 4 42 4 42 24 4 28 4 16 4 98 52 4 21 4 9 4 38 31 16 18 16 29 21 4 31 49 16 48 16 72 37 4 30 4 73 11 4 24 4 25 4 81 47 4 14 4 29 4 14 4 48 32 4 38 4 78 39 4 19 4 26 4 42 4 79 23 4 31 4 35 4 38 30 4 20 4 34 4 34 12 4 14 4 20 4 65 48 4 42 4 38 4 71 22 4 32 4 40 4 26 4 62 32 4 55 4 44 4 17 4 27 33 4 46 4 24 4 90 39 4 29 4 29 4 84 32 4 26 4 32 4 
iteration 1077 best: 1.0981 time: 333038
70 39 4 23 4 44 4 66 44 4 26 4 82 20 4 25 4 25 4 56 39 4 11 4 16 4 20 25 4 35 4 32 4 64 40 4 36 4 31 4 11 4 88 29 4 11 4 37 4 59 31 4 19 4 75 41 4 21 4 58 12 4 30 4 19 4 19 4 79 18 4 39 4 36 32 4 22 4 64 21 4 38 4 25 4 35 4 18 4 32 29 4 27 4 35 4 9 4 40 32 4 39 4 67 19 4 45 4 10 4 37 4 99 37 4 19 4 24 4 79 36 4 14 4 39 28 4 26 4 34 28 20 24 21 4 21 4 52 4 25 21 20 90 21 4 29 4 29 4 32 28 4 55 4 34 4 35 4 4 29 4 22 4 46 30 4 18 4 31 4 20 36 4 44 4 58 30 4 30 4 28 4 71 28 4 33 4 40 4 67 27 4 27 4 54 45 4 31 4 16 32 4 83 34 4 37 4 30 4 36 31 4 36 4 44 30 4 40 4 73 43 4 26 4 73 49 4 23 4 66 5 4 39 4 23 42 4 30 4 64 44 4 24 4 46 55 4 45 4 54 41 4 29 4 26 4 60 34 4 39 4 60 6 4 26 4 14 4 57 26 4 32 4 21 4 54 17 4 23 4 55 4 25 4 16 44 4 29 4 47 4 25 4 14 25 4 47 4 46 4 82 56 4 37 4 78 23 4 18 4 35 4 75 17 4 34 4 42 4 42 24 4 28 4 16 4 98 52 4 21 4 9 4 38 31 16 18 16 29 21 4 31 49 16 48 16 72 37 4 30 4 73 11 4 24 4 25 4 81 47 4 14 4 29 4 14 4 48 32 4 38 4 78 39 4 19 4 26 4 42 4 79 23 4 31 4 35 4 38 30 4 20 4 34 4 34 12 4 14 4 20 4 65 48 4 42 4 38 4 71 22 4 32 4 40 4 26 4 62 32 4 55 4 44 4 17 4 27 33 4 46 4 24 4 90 39 4 29 4 29 4 84 32 4 26 4 32 4 
iteration 1101 best: 1.0981 time: 340452
70 39 4 23 4 44 4 66 44 4 26 4 82 20 4 25 4 25 4 56 39 4 11 4 16 4 20 25 4 35 4 32 4 64 40 4 36 4 31 4 11 4 88 29 4 11 4 37 4 59 31 4 19 4 75 41 4 21 4 58 12 4 30 4 19 4 19 4 79 18 4 39 4 36 32 4 22 4 64 21 4 38 4 25 4 35 4 18 4 32 29 4 27 4 35 4 9 4 40 32 4 39 4 67 19 4 45 4 10 4 37 4 99 37 4 19 4 24 4 79 36 4 14 4 39 28 4 26 4 34 28 20 24 21 4 21 4 52 4 25 21 20 90 21 4 29 4 29 4 32 28 4 55 4 34 4 35 4 4 29 4 22 4 46 30 4 18 4 31 4 20 36 4 44 4 58 30 4 30 4 28 4 71 28 4 33 4 40 4 67 27 4 27 4 54 45 4 31 4 16 32 4 83 34 4 37 4 30 4 36 31 4 36 4 44 30 4 40 4 73 43 4 26 4 73 49 4 23 4 66 5 4 39 4 23 42 4 30 4 64 44 4 24 4 46 55 4 45 4 54 41 4 29 4 26 4 60 34 4 39 4 60 6 4 26 4 14 4 57 26 4 32 4 21 4 54 17 4 23 4 55 4 25 4 16 44 4 29 4 47 4 25 4 14 25 4 47 4 46 4 82 56 4 37 4 78 23 4 18 4 35 4 75 17 4 34 4 42 4 42 24 4 28 4 16 4 98 52 4 21 4 9 4 38 31 16 18 16 29 21 4 31 49 16 48 16 72 37 4 30 4 73 11 4 24 4 25 4 81 47 4 14 4 29 4 14 4 48 32 4 38 4 78 39 4 19 4 26 4 42 4 79 23 4 31 4 35 4 38 30 4 20 4 34 4 34 12 4 14 4 20 4 65 48 4 42 4 38 4 71 22 4 32 4 40 4 26 4 62 32 4 55 4 44 4 17 4 27 33 4 46 4 24 4 90 39 4 29 4 29 4 84 32 4 26 4 32 4 
iteration 1125 best: 1.0981 time: 347861
70 39 4 23 4 44 4 66 44 4 26 4 82 20 4 25 4 25 4 56 39 4 11 4 16 4 20 25 4 35 4 32 4 64 40 4 36 4 31 4 11 4 88 29 4 11 4 37 4 59 31 4 19 4 75 41 4 21 4 58 12 4 30 4 19 4 19 4 79 18 4 39 4 36 32 4 22 4 64 21 4 38 4 25 4 35 4 18 4 32 29 4 27 4 35 4 9 4 40 32 4 39 4 67 19 4 45 4 10 4 37 4 99 37 4 19 4 24 4 79 36 4 14 4 39 28 4 26 4 34 28 20 24 21 4 21 4 52 4 25 21 20 90 21 4 29 4 29 4 32 28 4 55 4 34 4 35 4 4 29 4 22 4 46 30 4 18 4 31 4 20 36 4 44 4 58 30 4 30 4 28 4 71 28 4 33 4 40 4 67 27 4 27 4 54 45 4 31 4 16 32 4 83 34 4 37 4 30 4 36 31 4 36 4 44 30 4 40 4 73 43 4 26 4 73 49 4 23 4 66 5 4 39 4 23 42 4 30 4 64 44 4 24 4 46 55 4 45 4 54 41 4 29 4 26 4 60 34 4 39 4 60 6 4 26 4 14 4 57 26 4 32 4 21 4 54 17 4 23 4 55 4 25 4 16 44 4 29 4 47 4 25 4 14 25 4 47 4 46 4 82 56 4 37 4 78 23 4 18 4 35 4 75 17 4 34 4 42 4 42 24 4 28 4 16 4 98 52 4 21 4 9 4 38 31 16 18 16 29 21 4 31 49 16 48 16 72 37 4 30 4 73 11 4 24 4 25 4 81 47 4 14 4 29 4 14 4 48 32 4 38 4 78 39 4 19 4 26 4 42 4 79 23 4 31 4 35 4 38 30 4 20 4 34 4 34 12 4 14 4 20 4 65 48 4 42 4 38 4 71 22 4 32 4 40 4 26 4 62 32 4 55 4 44 4 17 4 27 33 4 46 4 24 4 90 39 4 29 4 29 4 84 32 4 26 4 32 4 
iteration 1149 best: 1.0981 time: 355282
70 39 4 23 4 44 4 66 44 4 26 4 82 20 4 25 4 25 4 56 39 4 11 4 16 4 20 25 4 35 4 32 4 64 40 4 36 4 31 4 11 4 88 29 4 11 4 37 4 59 31 4 19 4 75 41 4 21 4 58 12 4 30 4 19 4 19 4 79 18 4 39 4 36 32 4 22 4 64 21 4 38 4 25 4 35 4 18 4 32 29 4 27 4 35 4 9 4 40 32 4 39 4 67 19 4 45 4 10 4 37 4 99 37 4 19 4 24 4 79 36 4 14 4 39 28 4 26 4 34 28 20 24 21 4 21 4 52 4 25 21 20 90 21 4 29 4 29 4 32 28 4 55 4 34 4 35 4 4 29 4 22 4 46 30 4 18 4 31 4 20 36 4 44 4 58 30 4 30 4 28 4 71 28 4 33 4 40 4 67 27 4 27 4 54 45 4 31 4 16 32 4 83 34 4 37 4 30 4 36 31 4 36 4 44 30 4 40 4 73 43 4 26 4 73 49 4 23 4 66 5 4 39 4 23 42 4 30 4 64 44 4 24 4 46 55 4 45 4 54 41 4 29 4 26 4 60 34 4 39 4 60 6 4 26 4 14 4 57 26 4 32 4 21 4 54 17 4 23 4 55 4 25 4 16 44 4 29 4 47 4 25 4 14 25 4 47 4 46 4 82 56 4 37 4 78 23 4 18 4 35 4 75 17 4 34 4 42 4 42 24 4 28 4 16 4 98 52 4 21 4 9 4 38 31 16 18 16 29 21 4 31 49 16 48 16 72 37 4 30 4 73 11 4 24 4 25 4 81 47 4 14 4 29 4 14 4 48 32 4 38 4 78 39 4 19 4 26 4 42 4 79 23 4 31 4 35 4 38 30 4 20 4 34 4 34 12 4 14 4 20 4 65 48 4 42 4 38 4 71 22 4 32 4 40 4 26 4 62 32 4 55 4 44 4 17 4 27 33 4 46 4 24 4 90 39 4 29 4 29 4 84 32 4 26 4 32 4 
iteration 1173 best: 1.0981 time: 362707
70 39 4 23 4 44 4 66 44 4 26 4 82 20 4 25 4 25 4 56 39 4 11 4 16 4 20 25 4 35 4 32 4 64 40 4 36 4 31 4 11 4 88 29 4 11 4 37 4 59 31 4 19 4 75 41 4 21 4 58 12 4 30 4 19 4 19 4 79 18 4 39 4 36 32 4 22 4 64 21 4 38 4 25 4 35 4 18 4 32 29 4 27 4 35 4 9 4 40 32 4 39 4 67 19 4 45 4 10 4 37 4 99 37 4 19 4 24 4 79 36 4 14 4 39 28 4 26 4 34 28 20 24 21 4 21 4 52 4 25 21 20 90 21 4 29 4 29 4 32 28 4 55 4 34 4 35 4 4 29 4 22 4 46 30 4 18 4 31 4 20 36 4 44 4 58 30 4 30 4 28 4 71 28 4 33 4 40 4 67 27 4 27 4 54 45 4 31 4 16 32 4 83 34 4 37 4 30 4 36 31 4 36 4 44 30 4 40 4 73 43 4 26 4 73 49 4 23 4 66 5 4 39 4 23 42 4 30 4 64 44 4 24 4 46 55 4 45 4 54 41 4 29 4 26 4 60 34 4 39 4 60 6 4 26 4 14 4 57 26 4 32 4 21 4 54 17 4 23 4 55 4 25 4 16 44 4 29 4 47 4 25 4 14 25 4 47 4 46 4 82 56 4 37 4 78 23 4 18 4 35 4 75 17 4 34 4 42 4 42 24 4 28 4 16 4 98 52 4 21 4 9 4 38 31 16 18 16 29 21 4 31 49 16 48 16 72 37 4 30 4 73 11 4 24 4 25 4 81 47 4 14 4 29 4 14 4 48 32 4 38 4 78 39 4 19 4 26 4 42 4 79 23 4 31 4 35 4 38 30 4 20 4 34 4 34 12 4 14 4 20 4 65 48 4 42 4 38 4 71 22 4 32 4 40 4 26 4 62 32 4 55 4 44 4 17 4 27 33 4 46 4 24 4 90 39 4 29 4 29 4 84 32 4 26 4 32 4 
iteration 1197 best: 1.0981 time: 370120
70 39 4 23 4 44 4 66 44 4 26 4 82 20 4 25 4 25 4 56 39 4 11 4 16 4 20 25 4 35 4 32 4 64 40 4 36 4 31 4 11 4 88 29 4 11 4 37 4 59 31 4 19 4 75 41 4 21 4 58 12 4 30 4 19 4 19 4 79 18 4 39 4 36 32 4 22 4 64 21 4 38 4 25 4 35 4 18 4 32 29 4 27 4 35 4 9 4 40 32 4 39 4 67 19 4 45 4 10 4 37 4 99 37 4 19 4 24 4 79 36 4 14 4 39 28 4 26 4 34 28 20 24 21 4 21 4 52 4 25 21 20 90 21 4 29 4 29 4 32 28 4 55 4 34 4 35 4 4 29 4 22 4 46 30 4 18 4 31 4 20 36 4 44 4 58 30 4 30 4 28 4 71 28 4 33 4 40 4 67 27 4 27 4 54 45 4 31 4 16 32 4 83 34 4 37 4 30 4 36 31 4 36 4 44 30 4 40 4 73 43 4 26 4 73 49 4 23 4 66 5 4 39 4 23 42 4 30 4 64 44 4 24 4 46 55 4 45 4 54 41 4 29 4 26 4 60 34 4 39 4 60 6 4 26 4 14 4 57 26 4 32 4 21 4 54 17 4 23 4 55 4 25 4 16 44 4 29 4 47 4 25 4 14 25 4 47 4 46 4 82 56 4 37 4 78 23 4 18 4 35 4 75 17 4 34 4 42 4 42 24 4 28 4 16 4 98 52 4 21 4 9 4 38 31 16 18 16 29 21 4 31 49 16 48 16 72 37 4 30 4 73 11 4 24 4 25 4 81 47 4 14 4 29 4 14 4 48 32 4 38 4 78 39 4 19 4 26 4 42 4 79 23 4 31 4 35 4 38 30 4 20 4 34 4 34 12 4 14 4 20 4 65 48 4 42 4 38 4 71 22 4 32 4 40 4 26 4 62 32 4 55 4 44 4 17 4 27 33 4 46 4 24 4 90 39 4 29 4 29 4 84 32 4 26 4 32 4 
iteration 1221 best: 1.0981 time: 377537
70 39 4 23 4 44 4 66 44 4 26 4 82 20 4 25 4 25 4 56 39 4 11 4 16 4 20 25 4 35 4 32 4 64 40 4 36 4 31 4 11 4 88 29 4 11 4 37 4 59 31 4 19 4 75 41 4 21 4 58 12 4 30 4 19 4 19 4 79 18 4 39 4 36 32 4 22 4 64 21 4 38 4 25 4 35 4 18 4 32 29 4 27 4 35 4 9 4 40 32 4 39 4 67 19 4 45 4 10 4 37 4 99 37 4 19 4 24 4 79 36 4 14 4 39 28 4 26 4 34 28 20 24 21 4 21 4 52 4 25 21 20 90 21 4 29 4 29 4 32 28 4 55 4 34 4 35 4 4 29 4 22 4 46 30 4 18 4 31 4 20 36 4 44 4 58 30 4 30 4 28 4 71 28 4 33 4 40 4 67 27 4 27 4 54 45 4 31 4 16 32 4 83 34 4 37 4 30 4 36 31 4 36 4 44 30 4 40 4 73 43 4 26 4 73 49 4 23 4 66 5 4 39 4 23 42 4 30 4 64 44 4 24 4 46 55 4 45 4 54 41 4 29 4 26 4 60 34 4 39 4 60 6 4 26 4 14 4 57 26 4 32 4 21 4 54 17 4 23 4 55 4 25 4 16 44 4 29 4 47 4 25 4 14 25 4 47 4 46 4 82 56 4 37 4 78 23 4 18 4 35 4 75 17 4 34 4 42 4 42 24 4 28 4 16 4 98 52 4 21 4 9 4 38 31 16 18 16 29 21 4 31 49 16 48 16 72 37 4 30 4 73 11 4 24 4 25 4 81 47 4 14 4 29 4 14 4 48 32 4 38 4 78 39 4 19 4 26 4 42 4 79 23 4 31 4 35 4 38 30 4 20 4 34 4 34 12 4 14 4 20 4 65 48 4 42 4 38 4 71 22 4 32 4 40 4 26 4 62 32 4 55 4 44 4 17 4 27 33 4 46 4 24 4 90 39 4 29 4 29 4 84 32 4 26 4 32 4 
iteration 1245 best: 1.0981 time: 384954
70 39 4 23 4 44 4 66 44 4 26 4 82 20 4 25 4 25 4 56 39 4 11 4 16 4 20 25 4 35 4 32 4 64 40 4 36 4 31 4 11 4 88 29 4 11 4 37 4 59 31 4 19 4 75 41 4 21 4 58 12 4 30 4 19 4 19 4 79 18 4 39 4 36 32 4 22 4 64 21 4 38 4 25 4 35 4 18 4 32 29 4 27 4 35 4 9 4 40 32 4 39 4 67 19 4 45 4 10 4 37 4 99 37 4 19 4 24 4 79 36 4 14 4 39 28 4 26 4 34 28 20 24 21 4 21 4 52 4 25 21 20 90 21 4 29 4 29 4 32 28 4 55 4 34 4 35 4 4 29 4 22 4 46 30 4 18 4 31 4 20 36 4 44 4 58 30 4 30 4 28 4 71 28 4 33 4 40 4 67 27 4 27 4 54 45 4 31 4 16 32 4 83 34 4 37 4 30 4 36 31 4 36 4 44 30 4 40 4 73 43 4 26 4 73 49 4 23 4 66 5 4 39 4 23 42 4 30 4 64 44 4 24 4 46 55 4 45 4 54 41 4 29 4 26 4 60 34 4 39 4 60 6 4 26 4 14 4 57 26 4 32 4 21 4 54 17 4 23 4 55 4 25 4 16 44 4 29 4 47 4 25 4 14 25 4 47 4 46 4 82 56 4 37 4 78 23 4 18 4 35 4 75 17 4 34 4 42 4 42 24 4 28 4 16 4 98 52 4 21 4 9 4 38 31 16 18 16 29 21 4 31 49 16 48 16 72 37 4 30 4 73 11 4 24 4 25 4 81 47 4 14 4 29 4 14 4 48 32 4 38 4 78 39 4 19 4 26 4 42 4 79 23 4 31 4 35 4 38 30 4 20 4 34 4 34 12 4 14 4 20 4 65 48 4 42 4 38 4 71 22 4 32 4 40 4 26 4 62 32 4 55 4 44 4 17 4 27 33 4 46 4 24 4 90 39 4 29 4 29 4 84 32 4 26 4 32 4 
iteration 1269 best: 1.0981 time: 392329
70 39 4 23 4 44 4 66 44 4 26 4 82 20 4 25 4 25 4 56 39 4 11 4 16 4 20 25 4 35 4 32 4 64 40 4 36 4 31 4 11 4 88 29 4 11 4 37 4 59 31 4 19 4 75 41 4 21 4 58 12 4 30 4 19 4 19 4 79 18 4 39 4 36 32 4 22 4 64 21 4 38 4 25 4 35 4 18 4 32 29 4 27 4 35 4 9 4 40 32 4 39 4 67 19 4 45 4 10 4 37 4 99 37 4 19 4 24 4 79 36 4 14 4 39 28 4 26 4 34 28 20 24 21 4 21 4 52 4 25 21 20 90 21 4 29 4 29 4 32 28 4 55 4 34 4 35 4 4 29 4 22 4 46 30 4 18 4 31 4 20 36 4 44 4 58 30 4 30 4 28 4 71 28 4 33 4 40 4 67 27 4 27 4 54 45 4 31 4 16 32 4 83 34 4 37 4 30 4 36 31 4 36 4 44 30 4 40 4 73 43 4 26 4 73 49 4 23 4 66 5 4 39 4 23 42 4 30 4 64 44 4 24 4 46 55 4 45 4 54 41 4 29 4 26 4 60 34 4 39 4 60 6 4 26 4 14 4 57 26 4 32 4 21 4 54 17 4 23 4 55 4 25 4 16 44 4 29 4 47 4 25 4 14 25 4 47 4 46 4 82 56 4 37 4 78 23 4 18 4 35 4 75 17 4 34 4 42 4 42 24 4 28 4 16 4 98 52 4 21 4 9 4 38 31 16 18 16 29 21 4 31 49 16 48 16 72 37 4 30 4 73 11 4 24 4 25 4 81 47 4 14 4 29 4 14 4 48 32 4 38 4 78 39 4 19 4 26 4 42 4 79 23 4 31 4 35 4 38 30 4 20 4 34 4 34 12 4 14 4 20 4 65 48 4 42 4 38 4 71 22 4 32 4 40 4 26 4 62 32 4 55 4 44 4 17 4 27 33 4 46 4 24 4 90 39 4 29 4 29 4 84 32 4 26 4 32 4 
iteration 1293 best: 1.0981 time: 399734
70 39 4 23 4 44 4 66 44 4 26 4 82 20 4 25 4 25 4 56 39 4 11 4 16 4 20 25 4 35 4 32 4 64 40 4 36 4 31 4 11 4 88 29 4 11 4 37 4 59 31 4 19 4 75 41 4 21 4 58 12 4 30 4 19 4 19 4 79 18 4 39 4 36 32 4 22 4 64 21 4 38 4 25 4 35 4 18 4 32 29 4 27 4 35 4 9 4 40 32 4 39 4 67 19 4 45 4 10 4 37 4 99 37 4 19 4 24 4 79 36 4 14 4 39 28 4 26 4 34 28 20 24 21 4 21 4 52 4 25 21 20 90 21 4 29 4 29 4 32 28 4 55 4 34 4 35 4 4 29 4 22 4 46 30 4 18 4 31 4 20 36 4 44 4 58 30 4 30 4 28 4 71 28 4 33 4 40 4 67 27 4 27 4 54 45 4 31 4 16 32 4 83 34 4 37 4 30 4 36 31 4 36 4 44 30 4 40 4 73 43 4 26 4 73 49 4 23 4 66 5 4 39 4 23 42 4 30 4 64 44 4 24 4 46 55 4 45 4 54 41 4 29 4 26 4 60 34 4 39 4 60 6 4 26 4 14 4 57 26 4 32 4 21 4 54 17 4 23 4 55 4 25 4 16 44 4 29 4 47 4 25 4 14 25 4 47 4 46 4 82 56 4 37 4 78 23 4 18 4 35 4 75 17 4 34 4 42 4 42 24 4 28 4 16 4 98 52 4 21 4 9 4 38 31 16 18 16 29 21 4 31 49 16 48 16 72 37 4 30 4 73 11 4 24 4 25 4 81 47 4 14 4 29 4 14 4 48 32 4 38 4 78 39 4 19 4 26 4 42 4 79 23 4 31 4 35 4 38 30 4 20 4 34 4 34 12 4 14 4 20 4 65 48 4 42 4 38 4 71 22 4 32 4 40 4 26 4 62 32 4 55 4 44 4 17 4 27 33 4 46 4 24 4 90 39 4 29 4 29 4 84 32 4 26 4 32 4 
iteration 1317 best: 1.0981 time: 407120
70 39 4 23 4 44 4 66 44 4 26 4 82 20 4 25 4 25 4 56 39 4 11 4 16 4 20 25 4 35 4 32 4 64 40 4 36 4 31 4 11 4 88 29 4 11 4 37 4 59 31 4 19 4 75 41 4 21 4 58 12 4 30 4 19 4 19 4 79 18 4 39 4 36 32 4 22 4 64 21 4 38 4 25 4 35 4 18 4 32 29 4 27 4 35 4 9 4 40 32 4 39 4 67 19 4 45 4 10 4 37 4 99 37 4 19 4 24 4 79 36 4 14 4 39 28 4 26 4 34 28 20 24 21 4 21 4 52 4 25 21 20 90 21 4 29 4 29 4 32 28 4 55 4 34 4 35 4 4 29 4 22 4 46 30 4 18 4 31 4 20 36 4 44 4 58 30 4 30 4 28 4 71 28 4 33 4 40 4 67 27 4 27 4 54 45 4 31 4 16 32 4 83 34 4 37 4 30 4 36 31 4 36 4 44 30 4 40 4 73 43 4 26 4 73 49 4 23 4 66 5 4 39 4 23 42 4 30 4 64 44 4 24 4 46 55 4 45 4 54 41 4 29 4 26 4 60 34 4 39 4 60 6 4 26 4 14 4 57 26 4 32 4 21 4 54 17 4 23 4 55 4 25 4 16 44 4 29 4 47 4 25 4 14 25 4 47 4 46 4 82 56 4 37 4 78 23 4 18 4 35 4 75 17 4 34 4 42 4 42 24 4 28 4 16 4 98 52 4 21 4 9 4 38 31 16 18 16 29 21 4 31 49 16 48 16 72 37 4 30 4 73 11 4 24 4 25 4 81 47 4 14 4 29 4 14 4 48 32 4 38 4 78 39 4 19 4 26 4 42 4 79 23 4 31 4 35 4 38 30 4 20 4 34 4 34 12 4 14 4 20 4 65 48 4 42 4 38 4 71 22 4 32 4 40 4 26 4 62 32 4 55 4 44 4 17 4 27 33 4 46 4 24 4 90 39 4 29 4 29 4 84 32 4 26 4 32 4 
iteration 1341 best: 1.0981 time: 414508
70 39 4 23 4 44 4 66 44 4 26 4 82 20 4 25 4 25 4 56 39 4 11 4 16 4 20 25 4 35 4 32 4 64 40 4 36 4 31 4 11 4 88 29 4 11 4 37 4 59 31 4 19 4 75 41 4 21 4 58 12 4 30 4 19 4 19 4 79 18 4 39 4 36 32 4 22 4 64 21 4 38 4 25 4 35 4 18 4 32 29 4 27 4 35 4 9 4 40 32 4 39 4 67 19 4 45 4 10 4 37 4 99 37 4 19 4 24 4 79 36 4 14 4 39 28 4 26 4 34 28 20 24 21 4 21 4 52 4 25 21 20 90 21 4 29 4 29 4 32 28 4 55 4 34 4 35 4 4 29 4 22 4 46 30 4 18 4 31 4 20 36 4 44 4 58 30 4 30 4 28 4 71 28 4 33 4 40 4 67 27 4 27 4 54 45 4 31 4 16 32 4 83 34 4 37 4 30 4 36 31 4 36 4 44 30 4 40 4 73 43 4 26 4 73 49 4 23 4 66 5 4 39 4 23 42 4 30 4 64 44 4 24 4 46 55 4 45 4 54 41 4 29 4 26 4 60 34 4 39 4 60 6 4 26 4 14 4 57 26 4 32 4 21 4 54 17 4 23 4 55 4 25 4 16 44 4 29 4 47 4 25 4 14 25 4 47 4 46 4 82 56 4 37 4 78 23 4 18 4 35 4 75 17 4 34 4 42 4 42 24 4 28 4 16 4 98 52 4 21 4 9 4 38 31 16 18 16 29 21 4 31 49 16 48 16 72 37 4 30 4 73 11 4 24 4 25 4 81 47 4 14 4 29 4 14 4 48 32 4 38 4 78 39 4 19 4 26 4 42 4 79 23 4 31 4 35 4 38 30 4 20 4 34 4 34 12 4 14 4 20 4 65 48 4 42 4 38 4 71 22 4 32 4 40 4 26 4 62 32 4 55 4 44 4 17 4 27 33 4 46 4 24 4 90 39 4 29 4 29 4 84 32 4 26 4 32 4 
iteration 1365 best: 1.0981 time: 421893
70 39 4 23 4 44 4 66 44 4 26 4 82 20 4 25 4 25 4 56 39 4 11 4 16 4 20 25 4 35 4 32 4 64 40 4 36 4 31 4 11 4 88 29 4 11 4 37 4 59 31 4 19 4 75 41 4 21 4 58 12 4 30 4 19 4 19 4 79 18 4 39 4 36 32 4 22 4 64 21 4 38 4 25 4 35 4 18 4 32 29 4 27 4 35 4 9 4 40 32 4 39 4 67 19 4 45 4 10 4 37 4 99 37 4 19 4 24 4 79 36 4 14 4 39 28 4 26 4 34 28 20 24 21 4 21 4 52 4 25 21 20 90 21 4 29 4 29 4 32 28 4 55 4 34 4 35 4 4 29 4 22 4 46 30 4 18 4 31 4 20 36 4 44 4 58 30 4 30 4 28 4 71 28 4 33 4 40 4 67 27 4 27 4 54 45 4 31 4 16 32 4 83 34 4 37 4 30 4 36 31 4 36 4 44 30 4 40 4 73 43 4 26 4 73 49 4 23 4 66 5 4 39 4 23 42 4 30 4 64 44 4 24 4 46 55 4 45 4 54 41 4 29 4 26 4 60 34 4 39 4 60 6 4 26 4 14 4 57 26 4 32 4 21 4 54 17 4 23 4 55 4 25 4 16 44 4 29 4 47 4 25 4 14 25 4 47 4 46 4 82 56 4 37 4 78 23 4 18 4 35 4 75 17 4 34 4 42 4 42 24 4 28 4 16 4 98 52 4 21 4 9 4 38 31 16 18 16 29 21 4 31 49 16 48 16 72 37 4 30 4 73 11 4 24 4 25 4 81 47 4 14 4 29 4 14 4 48 32 4 38 4 78 39 4 19 4 26 4 42 4 79 23 4 31 4 35 4 38 30 4 20 4 34 4 34 12 4 14 4 20 4 65 48 4 42 4 38 4 71 22 4 32 4 40 4 26 4 62 32 4 55 4 44 4 17 4 27 33 4 46 4 24 4 90 39 4 29 4 29 4 84 32 4 26 4 32 4 
iteration 1389 best: 1.0981 time: 429281
70 39 4 23 4 44 4 66 44 4 26 4 82 20 4 25 4 25 4 56 39 4 11 4 16 4 20 25 4 35 4 32 4 64 40 4 36 4 31 4 11 4 88 29 4 11 4 37 4 59 31 4 19 4 75 41 4 21 4 58 12 4 30 4 19 4 19 4 79 18 4 39 4 36 32 4 22 4 64 21 4 38 4 25 4 35 4 18 4 32 29 4 27 4 35 4 9 4 40 32 4 39 4 67 19 4 45 4 10 4 37 4 99 37 4 19 4 24 4 79 36 4 14 4 39 28 4 26 4 34 28 20 24 21 4 21 4 52 4 25 21 20 90 21 4 29 4 29 4 32 28 4 55 4 34 4 35 4 4 29 4 22 4 46 30 4 18 4 31 4 20 36 4 44 4 58 30 4 30 4 28 4 71 28 4 33 4 40 4 67 27 4 27 4 54 45 4 31 4 16 32 4 83 34 4 37 4 30 4 36 31 4 36 4 44 30 4 40 4 73 43 4 26 4 73 49 4 23 4 66 5 4 39 4 23 42 4 30 4 64 44 4 24 4 46 55 4 45 4 54 41 4 29 4 26 4 60 34 4 39 4 60 6 4 26 4 14 4 57 26 4 32 4 21 4 54 17 4 23 4 55 4 25 4 16 44 4 29 4 47 4 25 4 14 25 4 47 4 46 4 82 56 4 37 4 78 23 4 18 4 35 4 75 17 4 34 4 42 4 42 24 4 28 4 16 4 98 52 4 21 4 9 4 38 31 16 18 16 29 21 4 31 49 16 48 16 72 37 4 30 4 73 11 4 24 4 25 4 81 47 4 14 4 29 4 14 4 48 32 4 38 4 78 39 4 19 4 26 4 42 4 79 23 4 31 4 35 4 38 30 4 20 4 34 4 34 12 4 14 4 20 4 65 48 4 42 4 38 4 71 22 4 32 4 40 4 26 4 62 32 4 55 4 44 4 17 4 27 33 4 46 4 24 4 90 39 4 29 4 29 4 84 32 4 26 4 32 4 
iteration 1413 best: 1.0981 time: 436697
70 39 4 23 4 44 4 66 44 4 26 4 82 20 4 25 4 25 4 56 39 4 11 4 16 4 20 25 4 35 4 32 4 64 40 4 36 4 31 4 11 4 88 29 4 11 4 37 4 59 31 4 19 4 75 41 4 21 4 58 12 4 30 4 19 4 19 4 79 18 4 39 4 36 32 4 22 4 64 21 4 38 4 25 4 35 4 18 4 32 29 4 27 4 35 4 9 4 40 32 4 39 4 67 19 4 45 4 10 4 37 4 99 37 4 19 4 24 4 79 36 4 14 4 39 28 4 26 4 34 28 20 24 21 4 21 4 52 4 25 21 20 90 21 4 29 4 29 4 32 28 4 55 4 34 4 35 4 4 29 4 22 4 46 30 4 18 4 31 4 20 36 4 44 4 58 30 4 30 4 28 4 71 28 4 33 4 40 4 67 27 4 27 4 54 45 4 31 4 16 32 4 83 34 4 37 4 30 4 36 31 4 36 4 44 30 4 40 4 73 43 4 26 4 73 49 4 23 4 66 5 4 39 4 23 42 4 30 4 64 44 4 24 4 46 55 4 45 4 54 41 4 29 4 26 4 60 34 4 39 4 60 6 4 26 4 14 4 57 26 4 32 4 21 4 54 17 4 23 4 55 4 25 4 16 44 4 29 4 47 4 25 4 14 25 4 47 4 46 4 82 56 4 37 4 78 23 4 18 4 35 4 75 17 4 34 4 42 4 42 24 4 28 4 16 4 98 52 4 21 4 9 4 38 31 16 18 16 29 21 4 31 49 16 48 16 72 37 4 30 4 73 11 4 24 4 25 4 81 47 4 14 4 29 4 14 4 48 32 4 38 4 78 39 4 19 4 26 4 42 4 79 23 4 31 4 35 4 38 30 4 20 4 34 4 34 12 4 14 4 20 4 65 48 4 42 4 38 4 71 22 4 32 4 40 4 26 4 62 32 4 55 4 44 4 17 4 27 33 4 46 4 24 4 90 39 4 29 4 29 4 84 32 4 26 4 32 4 
iteration 1437 best: 1.0981 time: 444088
70 39 4 23 4 44 4 66 44 4 26 4 82 20 4 25 4 25 4 56 39 4 11 4 16 4 20 25 4 35 4 32 4 64 40 4 36 4 31 4 11 4 88 29 4 11 4 37 4 59 31 4 19 4 75 41 4 21 4 58 12 4 30 4 19 4 19 4 79 18 4 39 4 36 32 4 22 4 64 21 4 38 4 25 4 35 4 18 4 32 29 4 27 4 35 4 9 4 40 32 4 39 4 67 19 4 45 4 10 4 37 4 99 37 4 19 4 24 4 79 36 4 14 4 39 28 4 26 4 34 28 20 24 21 4 21 4 52 4 25 21 20 90 21 4 29 4 29 4 32 28 4 55 4 34 4 35 4 4 29 4 22 4 46 30 4 18 4 31 4 20 36 4 44 4 58 30 4 30 4 28 4 71 28 4 33 4 40 4 67 27 4 27 4 54 45 4 31 4 16 32 4 83 34 4 37 4 30 4 36 31 4 36 4 44 30 4 40 4 73 43 4 26 4 73 49 4 23 4 66 5 4 39 4 23 42 4 30 4 64 44 4 24 4 46 55 4 45 4 54 41 4 29 4 26 4 60 34 4 39 4 60 6 4 26 4 14 4 57 26 4 32 4 21 4 54 17 4 23 4 55 4 25 4 16 44 4 29 4 47 4 25 4 14 25 4 47 4 46 4 82 56 4 37 4 78 23 4 18 4 35 4 75 17 4 34 4 42 4 42 24 4 28 4 16 4 98 52 4 21 4 9 4 38 31 16 18 16 29 21 4 31 49 16 48 16 72 37 4 30 4 73 11 4 24 4 25 4 81 47 4 14 4 29 4 14 4 48 32 4 38 4 78 39 4 19 4 26 4 42 4 79 23 4 31 4 35 4 38 30 4 20 4 34 4 34 12 4 14 4 20 4 65 48 4 42 4 38 4 71 22 4 32 4 40 4 26 4 62 32 4 55 4 44 4 17 4 27 33 4 46 4 24 4 90 39 4 29 4 29 4 84 32 4 26 4 32 4 
iteration 1461 best: 1.0981 time: 451495
70 39 4 23 4 44 4 66 44 4 26 4 82 20 4 25 4 25 4 56 39 4 11 4 16 4 20 25 4 35 4 32 4 64 40 4 36 4 31 4 11 4 88 29 4 11 4 37 4 59 31 4 19 4 75 41 4 21 4 58 12 4 30 4 19 4 19 4 79 18 4 39 4 36 32 4 22 4 64 21 4 38 4 25 4 35 4 18 4 32 29 4 27 4 35 4 9 4 40 32 4 39 4 67 19 4 45 4 10 4 37 4 99 37 4 19 4 24 4 79 36 4 14 4 39 28 4 26 4 34 28 20 24 21 4 21 4 52 4 25 21 20 90 21 4 29 4 29 4 32 28 4 55 4 34 4 35 4 4 29 4 22 4 46 30 4 18 4 31 4 20 36 4 44 4 58 30 4 30 4 28 4 71 28 4 33 4 40 4 67 27 4 27 4 54 45 4 31 4 16 32 4 83 34 4 37 4 30 4 36 31 4 36 4 44 30 4 40 4 73 43 4 26 4 73 49 4 23 4 66 5 4 39 4 23 42 4 30 4 64 44 4 24 4 46 55 4 45 4 54 41 4 29 4 26 4 60 34 4 39 4 60 6 4 26 4 14 4 57 26 4 32 4 21 4 54 17 4 23 4 55 4 25 4 16 44 4 29 4 47 4 25 4 14 25 4 47 4 46 4 82 56 4 37 4 78 23 4 18 4 35 4 75 17 4 34 4 42 4 42 24 4 28 4 16 4 98 52 4 21 4 9 4 38 31 16 18 16 29 21 4 31 49 16 48 16 72 37 4 30 4 73 11 4 24 4 25 4 81 47 4 14 4 29 4 14 4 48 32 4 38 4 78 39 4 19 4 26 4 42 4 79 23 4 31 4 35 4 38 30 4 20 4 34 4 34 12 4 14 4 20 4 65 48 4 42 4 38 4 71 22 4 32 4 40 4 26 4 62 32 4 55 4 44 4 17 4 27 33 4 46 4 24 4 90 39 4 29 4 29 4 84 32 4 26 4 32 4 
iteration 1485 best: 1.0981 time: 458874
70 39 4 23 4 44 4 66 44 4 26 4 82 20 4 25 4 25 4 56 39 4 11 4 16 4 20 25 4 35 4 32 4 64 40 4 36 4 31 4 11 4 88 29 4 11 4 37 4 59 31 4 19 4 75 41 4 21 4 58 12 4 30 4 19 4 19 4 79 18 4 39 4 36 32 4 22 4 64 21 4 38 4 25 4 35 4 18 4 32 29 4 27 4 35 4 9 4 40 32 4 39 4 67 19 4 45 4 10 4 37 4 99 37 4 19 4 24 4 79 36 4 14 4 39 28 4 26 4 34 28 20 24 21 4 21 4 52 4 25 21 20 90 21 4 29 4 29 4 32 28 4 55 4 34 4 35 4 4 29 4 22 4 46 30 4 18 4 31 4 20 36 4 44 4 58 30 4 30 4 28 4 71 28 4 33 4 40 4 67 27 4 27 4 54 45 4 31 4 16 32 4 83 34 4 37 4 30 4 36 31 4 36 4 44 30 4 40 4 73 43 4 26 4 73 49 4 23 4 66 5 4 39 4 23 42 4 30 4 64 44 4 24 4 46 55 4 45 4 54 41 4 29 4 26 4 60 34 4 39 4 60 6 4 26 4 14 4 57 26 4 32 4 21 4 54 17 4 23 4 55 4 25 4 16 44 4 29 4 47 4 25 4 14 25 4 47 4 46 4 82 56 4 37 4 78 23 4 18 4 35 4 75 17 4 34 4 42 4 42 24 4 28 4 16 4 98 52 4 21 4 9 4 38 31 16 18 16 29 21 4 31 49 16 48 16 72 37 4 30 4 73 11 4 24 4 25 4 81 47 4 14 4 29 4 14 4 48 32 4 38 4 78 39 4 19 4 26 4 42 4 79 23 4 31 4 35 4 38 30 4 20 4 34 4 34 12 4 14 4 20 4 65 48 4 42 4 38 4 71 22 4 32 4 40 4 26 4 62 32 4 55 4 44 4 17 4 27 33 4 46 4 24 4 90 39 4 29 4 29 4 84 32 4 26 4 32 4 
iteration 1509 best: 1.0981 time: 466263
70 39 4 23 4 44 4 66 44 4 26 4 82 20 4 25 4 25 4 56 39 4 11 4 16 4 20 25 4 35 4 32 4 64 40 4 36 4 31 4 11 4 88 29 4 11 4 37 4 59 31 4 19 4 75 41 4 21 4 58 12 4 30 4 19 4 19 4 79 18 4 39 4 36 32 4 22 4 64 21 4 38 4 25 4 35 4 18 4 32 29 4 27 4 35 4 9 4 40 32 4 39 4 67 19 4 45 4 10 4 37 4 99 37 4 19 4 24 4 79 36 4 14 4 39 28 4 26 4 34 28 20 24 21 4 21 4 52 4 25 21 20 90 21 4 29 4 29 4 32 28 4 55 4 34 4 35 4 4 29 4 22 4 46 30 4 18 4 31 4 20 36 4 44 4 58 30 4 30 4 28 4 71 28 4 33 4 40 4 67 27 4 27 4 54 45 4 31 4 16 32 4 83 34 4 37 4 30 4 36 31 4 36 4 44 30 4 40 4 73 43 4 26 4 73 49 4 23 4 66 5 4 39 4 23 42 4 30 4 64 44 4 24 4 46 55 4 45 4 54 41 4 29 4 26 4 60 34 4 39 4 60 6 4 26 4 14 4 57 26 4 32 4 21 4 54 17 4 23 4 55 4 25 4 16 44 4 29 4 47 4 25 4 14 25 4 47 4 46 4 82 56 4 37 4 78 23 4 18 4 35 4 75 17 4 34 4 42 4 42 24 4 28 4 16 4 98 52 4 21 4 9 4 38 31 16 18 16 29 21 4 31 49 16 48 16 72 37 4 30 4 73 11 4 24 4 25 4 81 47 4 14 4 29 4 14 4 48 32 4 38 4 78 39 4 19 4 26 4 42 4 79 23 4 31 4 35 4 38 30 4 20 4 34 4 34 12 4 14 4 20 4 65 48 4 42 4 38 4 71 22 4 32 4 40 4 26 4 62 32 4 55 4 44 4 17 4 27 33 4 46 4 24 4 90 39 4 29 4 29 4 84 32 4 26 4 32 4 
iteration 1533 best: 1.0981 time: 473626
70 39 4 23 4 44 4 66 44 4 26 4 82 20 4 25 4 25 4 56 39 4 11 4 16 4 20 25 4 35 4 32 4 64 40 4 36 4 31 4 11 4 88 29 4 11 4 37 4 59 31 4 19 4 75 41 4 21 4 58 12 4 30 4 19 4 19 4 79 18 4 39 4 36 32 4 22 4 64 21 4 38 4 25 4 35 4 18 4 32 29 4 27 4 35 4 9 4 40 32 4 39 4 67 19 4 45 4 10 4 37 4 99 37 4 19 4 24 4 79 36 4 14 4 39 28 4 26 4 34 28 20 24 21 4 21 4 52 4 25 21 20 90 21 4 29 4 29 4 32 28 4 55 4 34 4 35 4 4 29 4 22 4 46 30 4 18 4 31 4 20 36 4 44 4 58 30 4 30 4 28 4 71 28 4 33 4 40 4 67 27 4 27 4 54 45 4 31 4 16 32 4 83 34 4 37 4 30 4 36 31 4 36 4 44 30 4 40 4 73 43 4 26 4 73 49 4 23 4 66 5 4 39 4 23 42 4 30 4 64 44 4 24 4 46 55 4 45 4 54 41 4 29 4 26 4 60 34 4 39 4 60 6 4 26 4 14 4 57 26 4 32 4 21 4 54 17 4 23 4 55 4 25 4 16 44 4 29 4 47 4 25 4 14 25 4 47 4 46 4 82 56 4 37 4 78 23 4 18 4 35 4 75 17 4 34 4 42 4 42 24 4 28 4 16 4 98 52 4 21 4 9 4 38 31 16 18 16 29 21 4 31 49 16 48 16 72 37 4 30 4 73 11 4 24 4 25 4 81 47 4 14 4 29 4 14 4 48 32 4 38 4 78 39 4 19 4 26 4 42 4 79 23 4 31 4 35 4 38 30 4 20 4 34 4 34 12 4 14 4 20 4 65 48 4 42 4 38 4 71 22 4 32 4 40 4 26 4 62 32 4 55 4 44 4 17 4 27 33 4 46 4 24 4 90 39 4 29 4 29 4 84 32 4 26 4 32 4 
iteration 1557 best: 1.0981 time: 481038
70 39 4 23 4 44 4 66 44 4 26 4 82 20 4 25 4 25 4 56 39 4 11 4 16 4 20 25 4 35 4 32 4 64 40 4 36 4 31 4 11 4 88 29 4 11 4 37 4 59 31 4 19 4 75 41 4 21 4 58 12 4 30 4 19 4 19 4 79 18 4 39 4 36 32 4 22 4 64 21 4 38 4 25 4 35 4 18 4 32 29 4 27 4 35 4 9 4 40 32 4 39 4 67 19 4 45 4 10 4 37 4 99 37 4 19 4 24 4 79 36 4 14 4 39 28 4 26 4 34 28 20 24 21 4 21 4 52 4 25 21 20 90 21 4 29 4 29 4 32 28 4 55 4 34 4 35 4 4 29 4 22 4 46 30 4 18 4 31 4 20 36 4 44 4 58 30 4 30 4 28 4 71 28 4 33 4 40 4 67 27 4 27 4 54 45 4 31 4 16 32 4 83 34 4 37 4 30 4 36 31 4 36 4 44 30 4 40 4 73 43 4 26 4 73 49 4 23 4 66 5 4 39 4 23 42 4 30 4 64 44 4 24 4 46 55 4 45 4 54 41 4 29 4 26 4 60 34 4 39 4 60 6 4 26 4 14 4 57 26 4 32 4 21 4 54 17 4 23 4 55 4 25 4 16 44 4 29 4 47 4 25 4 14 25 4 47 4 46 4 82 56 4 37 4 78 23 4 18 4 35 4 75 17 4 34 4 42 4 42 24 4 28 4 16 4 98 52 4 21 4 9 4 38 31 16 18 16 29 21 4 31 49 16 48 16 72 37 4 30 4 73 11 4 24 4 25 4 81 47 4 14 4 29 4 14 4 48 32 4 38 4 78 39 4 19 4 26 4 42 4 79 23 4 31 4 35 4 38 30 4 20 4 34 4 34 12 4 14 4 20 4 65 48 4 42 4 38 4 71 22 4 32 4 40 4 26 4 62 32 4 55 4 44 4 17 4 27 33 4 46 4 24 4 90 39 4 29 4 29 4 84 32 4 26 4 32 4 
iteration 1581 best: 1.0981 time: 488447
70 39 4 23 4 44 4 66 44 4 26 4 82 20 4 25 4 25 4 56 39 4 11 4 16 4 20 25 4 35 4 32 4 64 40 4 36 4 31 4 11 4 88 29 4 11 4 37 4 59 31 4 19 4 75 41 4 21 4 58 12 4 30 4 19 4 19 4 79 18 4 39 4 36 32 4 22 4 64 21 4 38 4 25 4 35 4 18 4 32 29 4 27 4 35 4 9 4 40 32 4 39 4 67 19 4 45 4 10 4 37 4 99 37 4 19 4 24 4 79 36 4 14 4 39 28 4 26 4 34 28 20 24 21 4 21 4 52 4 25 21 20 90 21 4 29 4 29 4 32 28 4 55 4 34 4 35 4 4 29 4 22 4 46 30 4 18 4 31 4 20 36 4 44 4 58 30 4 30 4 28 4 71 28 4 33 4 40 4 67 27 4 27 4 54 45 4 31 4 16 32 4 83 34 4 37 4 30 4 36 31 4 36 4 44 30 4 40 4 73 43 4 26 4 73 49 4 23 4 66 5 4 39 4 23 42 4 30 4 64 44 4 24 4 46 55 4 45 4 54 41 4 29 4 26 4 60 34 4 39 4 60 6 4 26 4 14 4 57 26 4 32 4 21 4 54 17 4 23 4 55 4 25 4 16 44 4 29 4 47 4 25 4 14 25 4 47 4 46 4 82 56 4 37 4 78 23 4 18 4 35 4 75 17 4 34 4 42 4 42 24 4 28 4 16 4 98 52 4 21 4 9 4 38 31 16 18 16 29 21 4 31 49 16 48 16 72 37 4 30 4 73 11 4 24 4 25 4 81 47 4 14 4 29 4 14 4 48 32 4 38 4 78 39 4 19 4 26 4 42 4 79 23 4 31 4 35 4 38 30 4 20 4 34 4 34 12 4 14 4 20 4 65 48 4 42 4 38 4 71 22 4 32 4 40 4 26 4 62 32 4 55 4 44 4 17 4 27 33 4 46 4 24 4 90 39 4 29 4 29 4 84 32 4 26 4 32 4 
iteration 1605 best: 1.0981 time: 495832
70 39 4 23 4 44 4 66 44 4 26 4 82 20 4 25 4 25 4 56 39 4 11 4 16 4 20 25 4 35 4 32 4 64 40 4 36 4 31 4 11 4 88 29 4 11 4 37 4 59 31 4 19 4 75 41 4 21 4 58 12 4 30 4 19 4 19 4 79 18 4 39 4 36 32 4 22 4 64 21 4 38 4 25 4 35 4 18 4 32 29 4 27 4 35 4 9 4 40 32 4 39 4 67 19 4 45 4 10 4 37 4 99 37 4 19 4 24 4 79 36 4 14 4 39 28 4 26 4 34 28 20 24 21 4 21 4 52 4 25 21 20 90 21 4 29 4 29 4 32 28 4 55 4 34 4 35 4 4 29 4 22 4 46 30 4 18 4 31 4 20 36 4 44 4 58 30 4 30 4 28 4 71 28 4 33 4 40 4 67 27 4 27 4 54 45 4 31 4 16 32 4 83 34 4 37 4 30 4 36 31 4 36 4 44 30 4 40 4 73 43 4 26 4 73 49 4 23 4 66 5 4 39 4 23 42 4 30 4 64 44 4 24 4 46 55 4 45 4 54 41 4 29 4 26 4 60 34 4 39 4 60 6 4 26 4 14 4 57 26 4 32 4 21 4 54 17 4 23 4 55 4 25 4 16 44 4 29 4 47 4 25 4 14 25 4 47 4 46 4 82 56 4 37 4 78 23 4 18 4 35 4 75 17 4 34 4 42 4 42 24 4 28 4 16 4 98 52 4 21 4 9 4 38 31 16 18 16 29 21 4 31 49 16 48 16 72 37 4 30 4 73 11 4 24 4 25 4 81 47 4 14 4 29 4 14 4 48 32 4 38 4 78 39 4 19 4 26 4 42 4 79 23 4 31 4 35 4 38 30 4 20 4 34 4 34 12 4 14 4 20 4 65 48 4 42 4 38 4 71 22 4 32 4 40 4 26 4 62 32 4 55 4 44 4 17 4 27 33 4 46 4 24 4 90 39 4 29 4 29 4 84 32 4 26 4 32 4 
iteration 1629 best: 1.0981 time: 503224
70 39 4 23 4 44 4 66 44 4 26 4 82 20 4 25 4 25 4 56 39 4 11 4 16 4 20 25 4 35 4 32 4 64 40 4 36 4 31 4 11 4 88 29 4 11 4 37 4 59 31 4 19 4 75 41 4 21 4 58 12 4 30 4 19 4 19 4 79 18 4 39 4 36 32 4 22 4 64 21 4 38 4 25 4 35 4 18 4 32 29 4 27 4 35 4 9 4 40 32 4 39 4 67 19 4 45 4 10 4 37 4 99 37 4 19 4 24 4 79 36 4 14 4 39 28 4 26 4 34 28 20 24 21 4 21 4 52 4 25 21 20 90 21 4 29 4 29 4 32 28 4 55 4 34 4 35 4 4 29 4 22 4 46 30 4 18 4 31 4 20 36 4 44 4 58 30 4 30 4 28 4 71 28 4 33 4 40 4 67 27 4 27 4 54 45 4 31 4 16 32 4 83 34 4 37 4 30 4 36 31 4 36 4 44 30 4 40 4 73 43 4 26 4 73 49 4 23 4 66 5 4 39 4 23 42 4 30 4 64 44 4 24 4 46 55 4 45 4 54 41 4 29 4 26 4 60 34 4 39 4 60 6 4 26 4 14 4 57 26 4 32 4 21 4 54 17 4 23 4 55 4 25 4 16 44 4 29 4 47 4 25 4 14 25 4 47 4 46 4 82 56 4 37 4 78 23 4 18 4 35 4 75 17 4 34 4 42 4 42 24 4 28 4 16 4 98 52 4 21 4 9 4 38 31 16 18 16 29 21 4 31 49 16 48 16 72 37 4 30 4 73 11 4 24 4 25 4 81 47 4 14 4 29 4 14 4 48 32 4 38 4 78 39 4 19 4 26 4 42 4 79 23 4 31 4 35 4 38 30 4 20 4 34 4 34 12 4 14 4 20 4 65 48 4 42 4 38 4 71 22 4 32 4 40 4 26 4 62 32 4 55 4 44 4 17 4 27 33 4 46 4 24 4 90 39 4 29 4 29 4 84 32 4 26 4 32 4 
iteration 1653 best: 1.0981 time: 510657
70 39 4 23 4 44 4 66 44 4 26 4 82 20 4 25 4 25 4 56 39 4 11 4 16 4 20 25 4 35 4 32 4 64 40 4 36 4 31 4 11 4 88 29 4 11 4 37 4 59 31 4 19 4 75 41 4 21 4 58 12 4 30 4 19 4 19 4 79 18 4 39 4 36 32 4 22 4 64 21 4 38 4 25 4 35 4 18 4 32 29 4 27 4 35 4 9 4 40 32 4 39 4 67 19 4 45 4 10 4 37 4 99 37 4 19 4 24 4 79 36 4 14 4 39 28 4 26 4 34 28 20 24 21 4 21 4 52 4 25 21 20 90 21 4 29 4 29 4 32 28 4 55 4 34 4 35 4 4 29 4 22 4 46 30 4 18 4 31 4 20 36 4 44 4 58 30 4 30 4 28 4 71 28 4 33 4 40 4 67 27 4 27 4 54 45 4 31 4 16 32 4 83 34 4 37 4 30 4 36 31 4 36 4 44 30 4 40 4 73 43 4 26 4 73 49 4 23 4 66 5 4 39 4 23 42 4 30 4 64 44 4 24 4 46 55 4 45 4 54 41 4 29 4 26 4 60 34 4 39 4 60 6 4 26 4 14 4 57 26 4 32 4 21 4 54 17 4 23 4 55 4 25 4 16 44 4 29 4 47 4 25 4 14 25 4 47 4 46 4 82 56 4 37 4 78 23 4 18 4 35 4 75 17 4 34 4 42 4 42 24 4 28 4 16 4 98 52 4 21 4 9 4 38 31 16 18 16 29 21 4 31 49 16 48 16 72 37 4 30 4 73 11 4 24 4 25 4 81 47 4 14 4 29 4 14 4 48 32 4 38 4 78 39 4 19 4 26 4 42 4 79 23 4 31 4 35 4 38 30 4 20 4 34 4 34 12 4 14 4 20 4 65 48 4 42 4 38 4 71 22 4 32 4 40 4 26 4 62 32 4 55 4 44 4 17 4 27 33 4 46 4 24 4 90 39 4 29 4 29 4 84 32 4 26 4 32 4 
iteration 1677 best: 1.0981 time: 518064
70 39 4 23 4 44 4 66 44 4 26 4 82 20 4 25 4 25 4 56 39 4 11 4 16 4 20 25 4 35 4 32 4 64 40 4 36 4 31 4 11 4 88 29 4 11 4 37 4 59 31 4 19 4 75 41 4 21 4 58 12 4 30 4 19 4 19 4 79 18 4 39 4 36 32 4 22 4 64 21 4 38 4 25 4 35 4 18 4 32 29 4 27 4 35 4 9 4 40 32 4 39 4 67 19 4 45 4 10 4 37 4 99 37 4 19 4 24 4 79 36 4 14 4 39 28 4 26 4 34 28 20 24 21 4 21 4 52 4 25 21 20 90 21 4 29 4 29 4 32 28 4 55 4 34 4 35 4 4 29 4 22 4 46 30 4 18 4 31 4 20 36 4 44 4 58 30 4 30 4 28 4 71 28 4 33 4 40 4 67 27 4 27 4 54 45 4 31 4 16 32 4 83 34 4 37 4 30 4 36 31 4 36 4 44 30 4 40 4 73 43 4 26 4 73 49 4 23 4 66 5 4 39 4 23 42 4 30 4 64 44 4 24 4 46 55 4 45 4 54 41 4 29 4 26 4 60 34 4 39 4 60 6 4 26 4 14 4 57 26 4 32 4 21 4 54 17 4 23 4 55 4 25 4 16 44 4 29 4 47 4 25 4 14 25 4 47 4 46 4 82 56 4 37 4 78 23 4 18 4 35 4 75 17 4 34 4 42 4 42 24 4 28 4 16 4 98 52 4 21 4 9 4 38 31 16 18 16 29 21 4 31 49 16 48 16 72 37 4 30 4 73 11 4 24 4 25 4 81 47 4 14 4 29 4 14 4 48 32 4 38 4 78 39 4 19 4 26 4 42 4 79 23 4 31 4 35 4 38 30 4 20 4 34 4 34 12 4 14 4 20 4 65 48 4 42 4 38 4 71 22 4 32 4 40 4 26 4 62 32 4 55 4 44 4 17 4 27 33 4 46 4 24 4 90 39 4 29 4 29 4 84 32 4 26 4 32 4 
iteration 1701 best: 1.0981 time: 525478
70 39 4 23 4 44 4 66 44 4 26 4 82 20 4 25 4 25 4 56 39 4 11 4 16 4 20 25 4 35 4 32 4 64 40 4 36 4 31 4 11 4 88 29 4 11 4 37 4 59 31 4 19 4 75 41 4 21 4 58 12 4 30 4 19 4 19 4 79 18 4 39 4 36 32 4 22 4 64 21 4 38 4 25 4 35 4 18 4 32 29 4 27 4 35 4 9 4 40 32 4 39 4 67 19 4 45 4 10 4 37 4 99 37 4 19 4 24 4 79 36 4 14 4 39 28 4 26 4 34 28 20 24 21 4 21 4 52 4 25 21 20 90 21 4 29 4 29 4 32 28 4 55 4 34 4 35 4 4 29 4 22 4 46 30 4 18 4 31 4 20 36 4 44 4 58 30 4 30 4 28 4 71 28 4 33 4 40 4 67 27 4 27 4 54 45 4 31 4 16 32 4 83 34 4 37 4 30 4 36 31 4 36 4 44 30 4 40 4 73 43 4 26 4 73 49 4 23 4 66 5 4 39 4 23 42 4 30 4 64 44 4 24 4 46 55 4 45 4 54 41 4 29 4 26 4 60 34 4 39 4 60 6 4 26 4 14 4 57 26 4 32 4 21 4 54 17 4 23 4 55 4 25 4 16 44 4 29 4 47 4 25 4 14 25 4 47 4 46 4 82 56 4 37 4 78 23 4 18 4 35 4 75 17 4 34 4 42 4 42 24 4 28 4 16 4 98 52 4 21 4 9 4 38 31 16 18 16 29 21 4 31 49 16 48 16 72 37 4 30 4 73 11 4 24 4 25 4 81 47 4 14 4 29 4 14 4 48 32 4 38 4 78 39 4 19 4 26 4 42 4 79 23 4 31 4 35 4 38 30 4 20 4 34 4 34 12 4 14 4 20 4 65 48 4 42 4 38 4 71 22 4 32 4 40 4 26 4 62 32 4 55 4 44 4 17 4 27 33 4 46 4 24 4 90 39 4 29 4 29 4 84 32 4 26 4 32 4 
iteration 1725 best: 1.0981 time: 532870
70 39 4 23 4 44 4 66 44 4 26 4 82 20 4 25 4 25 4 56 39 4 11 4 16 4 20 25 4 35 4 32 4 64 40 4 36 4 31 4 11 4 88 29 4 11 4 37 4 59 31 4 19 4 75 41 4 21 4 58 12 4 30 4 19 4 19 4 79 18 4 39 4 36 32 4 22 4 64 21 4 38 4 25 4 35 4 18 4 32 29 4 27 4 35 4 9 4 40 32 4 39 4 67 19 4 45 4 10 4 37 4 99 37 4 19 4 24 4 79 36 4 14 4 39 28 4 26 4 34 28 20 24 21 4 21 4 52 4 25 21 20 90 21 4 29 4 29 4 32 28 4 55 4 34 4 35 4 4 29 4 22 4 46 30 4 18 4 31 4 20 36 4 44 4 58 30 4 30 4 28 4 71 28 4 33 4 40 4 67 27 4 27 4 54 45 4 31 4 16 32 4 83 34 4 37 4 30 4 36 31 4 36 4 44 30 4 40 4 73 43 4 26 4 73 49 4 23 4 66 5 4 39 4 23 42 4 30 4 64 44 4 24 4 46 55 4 45 4 54 41 4 29 4 26 4 60 34 4 39 4 60 6 4 26 4 14 4 57 26 4 32 4 21 4 54 17 4 23 4 55 4 25 4 16 44 4 29 4 47 4 25 4 14 25 4 47 4 46 4 82 56 4 37 4 78 23 4 18 4 35 4 75 17 4 34 4 42 4 42 24 4 28 4 16 4 98 52 4 21 4 9 4 38 31 16 18 16 29 21 4 31 49 16 48 16 72 37 4 30 4 73 11 4 24 4 25 4 81 47 4 14 4 29 4 14 4 48 32 4 38 4 78 39 4 19 4 26 4 42 4 79 23 4 31 4 35 4 38 30 4 20 4 34 4 34 12 4 14 4 20 4 65 48 4 42 4 38 4 71 22 4 32 4 40 4 26 4 62 32 4 55 4 44 4 17 4 27 33 4 46 4 24 4 90 39 4 29 4 29 4 84 32 4 26 4 32 4 
iteration 1749 best: 1.0981 time: 540291
70 39 4 23 4 44 4 66 44 4 26 4 82 20 4 25 4 25 4 56 39 4 11 4 16 4 20 25 4 35 4 32 4 64 40 4 36 4 31 4 11 4 88 29 4 11 4 37 4 59 31 4 19 4 75 41 4 21 4 58 12 4 30 4 19 4 19 4 79 18 4 39 4 36 32 4 22 4 64 21 4 38 4 25 4 35 4 18 4 32 29 4 27 4 35 4 9 4 40 32 4 39 4 67 19 4 45 4 10 4 37 4 99 37 4 19 4 24 4 79 36 4 14 4 39 28 4 26 4 34 28 20 24 21 4 21 4 52 4 25 21 20 90 21 4 29 4 29 4 32 28 4 55 4 34 4 35 4 4 29 4 22 4 46 30 4 18 4 31 4 20 36 4 44 4 58 30 4 30 4 28 4 71 28 4 33 4 40 4 67 27 4 27 4 54 45 4 31 4 16 32 4 83 34 4 37 4 30 4 36 31 4 36 4 44 30 4 40 4 73 43 4 26 4 73 49 4 23 4 66 5 4 39 4 23 42 4 30 4 64 44 4 24 4 46 55 4 45 4 54 41 4 29 4 26 4 60 34 4 39 4 60 6 4 26 4 14 4 57 26 4 32 4 21 4 54 17 4 23 4 55 4 25 4 16 44 4 29 4 47 4 25 4 14 25 4 47 4 46 4 82 56 4 37 4 78 23 4 18 4 35 4 75 17 4 34 4 42 4 42 24 4 28 4 16 4 98 52 4 21 4 9 4 38 31 16 18 16 29 21 4 31 49 16 48 16 72 37 4 30 4 73 11 4 24 4 25 4 81 47 4 14 4 29 4 14 4 48 32 4 38 4 78 39 4 19 4 26 4 42 4 79 23 4 31 4 35 4 38 30 4 20 4 34 4 34 12 4 14 4 20 4 65 48 4 42 4 38 4 71 22 4 32 4 40 4 26 4 62 32 4 55 4 44 4 17 4 27 33 4 46 4 24 4 90 39 4 29 4 29 4 84 32 4 26 4 32 4 
iteration 1773 best: 1.0981 time: 547711
70 39 4 23 4 44 4 66 44 4 26 4 82 20 4 25 4 25 4 56 39 4 11 4 16 4 20 25 4 35 4 32 4 64 40 4 36 4 31 4 11 4 88 29 4 11 4 37 4 59 31 4 19 4 75 41 4 21 4 58 12 4 30 4 19 4 19 4 79 18 4 39 4 36 32 4 22 4 64 21 4 38 4 25 4 35 4 18 4 32 29 4 27 4 35 4 9 4 40 32 4 39 4 67 19 4 45 4 10 4 37 4 99 37 4 19 4 24 4 79 36 4 14 4 39 28 4 26 4 34 28 20 24 21 4 21 4 52 4 25 21 20 90 21 4 29 4 29 4 32 28 4 55 4 34 4 35 4 4 29 4 22 4 46 30 4 18 4 31 4 20 36 4 44 4 58 30 4 30 4 28 4 71 28 4 33 4 40 4 67 27 4 27 4 54 45 4 31 4 16 32 4 83 34 4 37 4 30 4 36 31 4 36 4 44 30 4 40 4 73 43 4 26 4 73 49 4 23 4 66 5 4 39 4 23 42 4 30 4 64 44 4 24 4 46 55 4 45 4 54 41 4 29 4 26 4 60 34 4 39 4 60 6 4 26 4 14 4 57 26 4 32 4 21 4 54 17 4 23 4 55 4 25 4 16 44 4 29 4 47 4 25 4 14 25 4 47 4 46 4 82 56 4 37 4 78 23 4 18 4 35 4 75 17 4 34 4 42 4 42 24 4 28 4 16 4 98 52 4 21 4 9 4 38 31 16 18 16 29 21 4 31 49 16 48 16 72 37 4 30 4 73 11 4 24 4 25 4 81 47 4 14 4 29 4 14 4 48 32 4 38 4 78 39 4 19 4 26 4 42 4 79 23 4 31 4 35 4 38 30 4 20 4 34 4 34 12 4 14 4 20 4 65 48 4 42 4 38 4 71 22 4 32 4 40 4 26 4 62 32 4 55 4 44 4 17 4 27 33 4 46 4 24 4 90 39 4 29 4 29 4 84 32 4 26 4 32 4 
iteration 1797 best: 1.0981 time: 555089
70 39 4 23 4 44 4 66 44 4 26 4 82 20 4 25 4 25 4 56 39 4 11 4 16 4 20 25 4 35 4 32 4 64 40 4 36 4 31 4 11 4 88 29 4 11 4 37 4 59 31 4 19 4 75 41 4 21 4 58 12 4 30 4 19 4 19 4 79 18 4 39 4 36 32 4 22 4 64 21 4 38 4 25 4 35 4 18 4 32 29 4 27 4 35 4 9 4 40 32 4 39 4 67 19 4 45 4 10 4 37 4 99 37 4 19 4 24 4 79 36 4 14 4 39 28 4 26 4 34 28 20 24 21 4 21 4 52 4 25 21 20 90 21 4 29 4 29 4 32 28 4 55 4 34 4 35 4 4 29 4 22 4 46 30 4 18 4 31 4 20 36 4 44 4 58 30 4 30 4 28 4 71 28 4 33 4 40 4 67 27 4 27 4 54 45 4 31 4 16 32 4 83 34 4 37 4 30 4 36 31 4 36 4 44 30 4 40 4 73 43 4 26 4 73 49 4 23 4 66 5 4 39 4 23 42 4 30 4 64 44 4 24 4 46 55 4 45 4 54 41 4 29 4 26 4 60 34 4 39 4 60 6 4 26 4 14 4 57 26 4 32 4 21 4 54 17 4 23 4 55 4 25 4 16 44 4 29 4 47 4 25 4 14 25 4 47 4 46 4 82 56 4 37 4 78 23 4 18 4 35 4 75 17 4 34 4 42 4 42 24 4 28 4 16 4 98 52 4 21 4 9 4 38 31 16 18 16 29 21 4 31 49 16 48 16 72 37 4 30 4 73 11 4 24 4 25 4 81 47 4 14 4 29 4 14 4 48 32 4 38 4 78 39 4 19 4 26 4 42 4 79 23 4 31 4 35 4 38 30 4 20 4 34 4 34 12 4 14 4 20 4 65 48 4 42 4 38 4 71 22 4 32 4 40 4 26 4 62 32 4 55 4 44 4 17 4 27 33 4 46 4 24 4 90 39 4 29 4 29 4 84 32 4 26 4 32 4 
iteration 1821 best: 1.0981 time: 562532
70 39 4 23 4 44 4 66 44 4 26 4 82 20 4 25 4 25 4 56 39 4 11 4 16 4 20 25 4 35 4 32 4 64 40 4 36 4 31 4 11 4 88 29 4 11 4 37 4 59 31 4 19 4 75 41 4 21 4 58 12 4 30 4 19 4 19 4 79 18 4 39 4 36 32 4 22 4 64 21 4 38 4 25 4 35 4 18 4 32 29 4 27 4 35 4 9 4 40 32 4 39 4 67 19 4 45 4 10 4 37 4 99 37 4 19 4 24 4 79 36 4 14 4 39 28 4 26 4 34 28 20 24 21 4 21 4 52 4 25 21 20 90 21 4 29 4 29 4 32 28 4 55 4 34 4 35 4 4 29 4 22 4 46 30 4 18 4 31 4 20 36 4 44 4 58 30 4 30 4 28 4 71 28 4 33 4 40 4 67 27 4 27 4 54 45 4 31 4 16 32 4 83 34 4 37 4 30 4 36 31 4 36 4 44 30 4 40 4 73 43 4 26 4 73 49 4 23 4 66 5 4 39 4 23 42 4 30 4 64 44 4 24 4 46 55 4 45 4 54 41 4 29 4 26 4 60 34 4 39 4 60 6 4 26 4 14 4 57 26 4 32 4 21 4 54 17 4 23 4 55 4 25 4 16 44 4 29 4 47 4 25 4 14 25 4 47 4 46 4 82 56 4 37 4 78 23 4 18 4 35 4 75 17 4 34 4 42 4 42 24 4 28 4 16 4 98 52 4 21 4 9 4 38 31 16 18 16 29 21 4 31 49 16 48 16 72 37 4 30 4 73 11 4 24 4 25 4 81 47 4 14 4 29 4 14 4 48 32 4 38 4 78 39 4 19 4 26 4 42 4 79 23 4 31 4 35 4 38 30 4 20 4 34 4 34 12 4 14 4 20 4 65 48 4 42 4 38 4 71 22 4 32 4 40 4 26 4 62 32 4 55 4 44 4 17 4 27 33 4 46 4 24 4 90 39 4 29 4 29 4 84 32 4 26 4 32 4 
iteration 1845 best: 1.0981 time: 569924
70 39 4 23 4 44 4 66 44 4 26 4 82 20 4 25 4 25 4 56 39 4 11 4 16 4 20 25 4 35 4 32 4 64 40 4 36 4 31 4 11 4 88 29 4 11 4 37 4 59 31 4 19 4 75 41 4 21 4 58 12 4 30 4 19 4 19 4 79 18 4 39 4 36 32 4 22 4 64 21 4 38 4 25 4 35 4 18 4 32 29 4 27 4 35 4 9 4 40 32 4 39 4 67 19 4 45 4 10 4 37 4 99 37 4 19 4 24 4 79 36 4 14 4 39 28 4 26 4 34 28 20 24 21 4 21 4 52 4 25 21 20 90 21 4 29 4 29 4 32 28 4 55 4 34 4 35 4 4 29 4 22 4 46 30 4 18 4 31 4 20 36 4 44 4 58 30 4 30 4 28 4 71 28 4 33 4 40 4 67 27 4 27 4 54 45 4 31 4 16 32 4 83 34 4 37 4 30 4 36 31 4 36 4 44 30 4 40 4 73 43 4 26 4 73 49 4 23 4 66 5 4 39 4 23 42 4 30 4 64 44 4 24 4 46 55 4 45 4 54 41 4 29 4 26 4 60 34 4 39 4 60 6 4 26 4 14 4 57 26 4 32 4 21 4 54 17 4 23 4 55 4 25 4 16 44 4 29 4 47 4 25 4 14 25 4 47 4 46 4 82 56 4 37 4 78 23 4 18 4 35 4 75 17 4 34 4 42 4 42 24 4 28 4 16 4 98 52 4 21 4 9 4 38 31 16 18 16 29 21 4 31 49 16 48 16 72 37 4 30 4 73 11 4 24 4 25 4 81 47 4 14 4 29 4 14 4 48 32 4 38 4 78 39 4 19 4 26 4 42 4 79 23 4 31 4 35 4 38 30 4 20 4 34 4 34 12 4 14 4 20 4 65 48 4 42 4 38 4 71 22 4 32 4 40 4 26 4 62 32 4 55 4 44 4 17 4 27 33 4 46 4 24 4 90 39 4 29 4 29 4 84 32 4 26 4 32 4 
iteration 1869 best: 1.0981 time: 577291
70 39 4 23 4 44 4 66 44 4 26 4 82 20 4 25 4 25 4 56 39 4 11 4 16 4 20 25 4 35 4 32 4 64 40 4 36 4 31 4 11 4 88 29 4 11 4 37 4 59 31 4 19 4 75 41 4 21 4 58 12 4 30 4 19 4 19 4 79 18 4 39 4 36 32 4 22 4 64 21 4 38 4 25 4 35 4 18 4 32 29 4 27 4 35 4 9 4 40 32 4 39 4 67 19 4 45 4 10 4 37 4 99 37 4 19 4 24 4 79 36 4 14 4 39 28 4 26 4 34 28 20 24 21 4 21 4 52 4 25 21 20 90 21 4 29 4 29 4 32 28 4 55 4 34 4 35 4 4 29 4 22 4 46 30 4 18 4 31 4 20 36 4 44 4 58 30 4 30 4 28 4 71 28 4 33 4 40 4 67 27 4 27 4 54 45 4 31 4 16 32 4 83 34 4 37 4 30 4 36 31 4 36 4 44 30 4 40 4 73 43 4 26 4 73 49 4 23 4 66 5 4 39 4 23 42 4 30 4 64 44 4 24 4 46 55 4 45 4 54 41 4 29 4 26 4 60 34 4 39 4 60 6 4 26 4 14 4 57 26 4 32 4 21 4 54 17 4 23 4 55 4 25 4 16 44 4 29 4 47 4 25 4 14 25 4 47 4 46 4 82 56 4 37 4 78 23 4 18 4 35 4 75 17 4 34 4 42 4 42 24 4 28 4 16 4 98 52 4 21 4 9 4 38 31 16 18 16 29 21 4 31 49 16 48 16 72 37 4 30 4 73 11 4 24 4 25 4 81 47 4 14 4 29 4 14 4 48 32 4 38 4 78 39 4 19 4 26 4 42 4 79 23 4 31 4 35 4 38 30 4 20 4 34 4 34 12 4 14 4 20 4 65 48 4 42 4 38 4 71 22 4 32 4 40 4 26 4 62 32 4 55 4 44 4 17 4 27 33 4 46 4 24 4 90 39 4 29 4 29 4 84 32 4 26 4 32 4 
iteration 1893 best: 1.0981 time: 584666
70 39 4 23 4 44 4 66 44 4 26 4 82 20 4 25 4 25 4 56 39 4 11 4 16 4 20 25 4 35 4 32 4 64 40 4 36 4 31 4 11 4 88 29 4 11 4 37 4 59 31 4 19 4 75 41 4 21 4 58 12 4 30 4 19 4 19 4 79 18 4 39 4 36 32 4 22 4 64 21 4 38 4 25 4 35 4 18 4 32 29 4 27 4 35 4 9 4 40 32 4 39 4 67 19 4 45 4 10 4 37 4 99 37 4 19 4 24 4 79 36 4 14 4 39 28 4 26 4 34 28 20 24 21 4 21 4 52 4 25 21 20 90 21 4 29 4 29 4 32 28 4 55 4 34 4 35 4 4 29 4 22 4 46 30 4 18 4 31 4 20 36 4 44 4 58 30 4 30 4 28 4 71 28 4 33 4 40 4 67 27 4 27 4 54 45 4 31 4 16 32 4 83 34 4 37 4 30 4 36 31 4 36 4 44 30 4 40 4 73 43 4 26 4 73 49 4 23 4 66 5 4 39 4 23 42 4 30 4 64 44 4 24 4 46 55 4 45 4 54 41 4 29 4 26 4 60 34 4 39 4 60 6 4 26 4 14 4 57 26 4 32 4 21 4 54 17 4 23 4 55 4 25 4 16 44 4 29 4 47 4 25 4 14 25 4 47 4 46 4 82 56 4 37 4 78 23 4 18 4 35 4 75 17 4 34 4 42 4 42 24 4 28 4 16 4 98 52 4 21 4 9 4 38 31 16 18 16 29 21 4 31 49 16 48 16 72 37 4 30 4 73 11 4 24 4 25 4 81 47 4 14 4 29 4 14 4 48 32 4 38 4 78 39 4 19 4 26 4 42 4 79 23 4 31 4 35 4 38 30 4 20 4 34 4 34 12 4 14 4 20 4 65 48 4 42 4 38 4 71 22 4 32 4 40 4 26 4 62 32 4 55 4 44 4 17 4 27 33 4 46 4 24 4 90 39 4 29 4 29 4 84 32 4 26 4 32 4 
iteration 1917 best: 1.0981 time: 592057
70 39 4 23 4 44 4 66 44 4 26 4 82 20 4 25 4 25 4 56 39 4 11 4 16 4 20 25 4 35 4 32 4 64 40 4 36 4 31 4 11 4 88 29 4 11 4 37 4 59 31 4 19 4 75 41 4 21 4 58 12 4 30 4 19 4 19 4 79 18 4 39 4 36 32 4 22 4 64 21 4 38 4 25 4 35 4 18 4 32 29 4 27 4 35 4 9 4 40 32 4 39 4 67 19 4 45 4 10 4 37 4 99 37 4 19 4 24 4 79 36 4 14 4 39 28 4 26 4 34 28 20 24 21 4 21 4 52 4 25 21 20 90 21 4 29 4 29 4 32 28 4 55 4 34 4 35 4 4 29 4 22 4 46 30 4 18 4 31 4 20 36 4 44 4 58 30 4 30 4 28 4 71 28 4 33 4 40 4 67 27 4 27 4 54 45 4 31 4 16 32 4 83 34 4 37 4 30 4 36 31 4 36 4 44 30 4 40 4 73 43 4 26 4 73 49 4 23 4 66 5 4 39 4 23 42 4 30 4 64 44 4 24 4 46 55 4 45 4 54 41 4 29 4 26 4 60 34 4 39 4 60 6 4 26 4 14 4 57 26 4 32 4 21 4 54 17 4 23 4 55 4 25 4 16 44 4 29 4 47 4 25 4 14 25 4 47 4 46 4 82 56 4 37 4 78 23 4 18 4 35 4 75 17 4 34 4 42 4 42 24 4 28 4 16 4 98 52 4 21 4 9 4 38 31 16 18 16 29 21 4 31 49 16 48 16 72 37 4 30 4 73 11 4 24 4 25 4 81 47 4 14 4 29 4 14 4 48 32 4 38 4 78 39 4 19 4 26 4 42 4 79 23 4 31 4 35 4 38 30 4 20 4 34 4 34 12 4 14 4 20 4 65 48 4 42 4 38 4 71 22 4 32 4 40 4 26 4 62 32 4 55 4 44 4 17 4 27 33 4 46 4 24 4 90 39 4 29 4 29 4 84 32 4 26 4 32 4 
iteration 1941 best: 1.0981 time: 599444
70 39 4 23 4 44 4 66 44 4 26 4 82 20 4 25 4 25 4 56 39 4 11 4 16 4 20 25 4 35 4 32 4 64 40 4 36 4 31 4 11 4 88 29 4 11 4 37 4 59 31 4 19 4 75 41 4 21 4 58 12 4 30 4 19 4 19 4 79 18 4 39 4 36 32 4 22 4 64 21 4 38 4 25 4 35 4 18 4 32 29 4 27 4 35 4 9 4 40 32 4 39 4 67 19 4 45 4 10 4 37 4 99 37 4 19 4 24 4 79 36 4 14 4 39 28 4 26 4 34 28 20 24 21 4 21 4 52 4 25 21 20 90 21 4 29 4 29 4 32 28 4 55 4 34 4 35 4 4 29 4 22 4 46 30 4 18 4 31 4 20 36 4 44 4 58 30 4 30 4 28 4 71 28 4 33 4 40 4 67 27 4 27 4 54 45 4 31 4 16 32 4 83 34 4 37 4 30 4 36 31 4 36 4 44 30 4 40 4 73 43 4 26 4 73 49 4 23 4 66 5 4 39 4 23 42 4 30 4 64 44 4 24 4 46 55 4 45 4 54 41 4 29 4 26 4 60 34 4 39 4 60 6 4 26 4 14 4 57 26 4 32 4 21 4 54 17 4 23 4 55 4 25 4 16 44 4 29 4 47 4 25 4 14 25 4 47 4 46 4 82 56 4 37 4 78 23 4 18 4 35 4 75 17 4 34 4 42 4 42 24 4 28 4 16 4 98 52 4 21 4 9 4 38 31 16 18 16 29 21 4 31 49 16 48 16 72 37 4 30 4 73 11 4 24 4 25 4 81 47 4 14 4 29 4 14 4 48 32 4 38 4 78 39 4 19 4 26 4 42 4 79 23 4 31 4 35 4 38 30 4 20 4 34 4 34 12 4 14 4 20 4 65 48 4 42 4 38 4 71 22 4 32 4 40 4 26 4 62 32 4 55 4 44 4 17 4 27 33 4 46 4 24 4 90 39 4 29 4 29 4 84 32 4 26 4 32 4 
Best solution: 
70 39 4 23 4 44 4 66 44 4 26 4 82 20 4 25 4 25 4 56 39 4 11 4 16 4 20 25 4 35 4 32 4 64 40 4 36 4 31 4 11 4 88 29 4 11 4 37 4 59 31 4 19 4 75 41 4 21 4 58 12 4 30 4 19 4 19 4 79 18 4 39 4 36 32 4 22 4 64 21 4 38 4 25 4 35 4 18 4 32 29 4 27 4 35 4 9 4 40 32 4 39 4 67 19 4 45 4 10 4 37 4 99 37 4 19 4 24 4 79 36 4 14 4 39 28 4 26 4 34 28 20 24 21 4 21 4 52 4 25 21 20 90 21 4 29 4 29 4 32 28 4 55 4 34 4 35 4 4 29 4 22 4 46 30 4 18 4 31 4 20 36 4 44 4 58 30 4 30 4 28 4 71 28 4 33 4 40 4 67 27 4 27 4 54 45 4 31 4 16 32 4 83 34 4 37 4 30 4 36 31 4 36 4 44 30 4 40 4 73 43 4 26 4 73 49 4 23 4 66 5 4 39 4 23 42 4 30 4 64 44 4 24 4 46 55 4 45 4 54 41 4 29 4 26 4 60 34 4 39 4 60 6 4 26 4 14 4 57 26 4 32 4 21 4 54 17 4 23 4 55 4 25 4 16 44 4 29 4 47 4 25 4 14 25 4 47 4 46 4 82 56 4 37 4 78 23 4 18 4 35 4 75 17 4 34 4 42 4 42 24 4 28 4 16 4 98 52 4 21 4 9 4 38 31 16 18 16 29 21 4 31 49 16 48 16 72 37 4 30 4 73 11 4 24 4 25 4 81 47 4 14 4 29 4 14 4 48 32 4 38 4 78 39 4 19 4 26 4 42 4 79 23 4 31 4 35 4 38 30 4 20 4 34 4 34 12 4 14 4 20 4 65 48 4 42 4 38 4 71 22 4 32 4 40 4 26 4 62 32 4 55 4 44 4 17 4 27 33 4 46 4 24 4 90 39 4 29 4 29 4 84 32 4 26 4 32 4 
Fitness: 1.0981
