iteration 16 best: 0.94496 time: 7356
53 43 8 16 49 8 62 6 8 39 22 4 42 4 56 11 4 5 4 79 13 8 15 21 4 25 4 42 26 12 5 31 8 119 17 8 119 52 8 97 6 12 32 25 4 8 4 16 30 4 31 4 25 4 21 4 50 32 4 34 4 28 4 83 9 8 48 36 8 43 28 4 39 4 45 26 16 11 16 66 47 4 44 4 47 4 56 4 28 19 4 25 4 29 4 113 44 8 46 8 54 14 4 21 4 28 4 24 4 43 37 8 100 10 4 8 4 48 4 18 4 72 37 8 13 12 4 109 37 8 61 36 8 61 41 8 8 54 4 48 4 12 4 12 32 4 53 4 63 50 4 26 4 33 4 109 5 4 19 4 94 36 4 21 4 14 4 34 52 4 48 4 67 43 4 12 4 27 58 16 22 16 108 5 30 22 4 14 4 29 54 4 22 4 36 4 54 7 4 5 4 103 11 16 6 16 17 22 25 30 4 42 4 10 23 16 58 16 46 35 4 9 4 22 4 49 42 4 18 4 41 9 4 13 4 15 4 74 13 4 5 4 54 14 13 4 31 10 22 12 4 55 5 26 4 17 20 16 52 16 85 41 4 17 4 19 4 42 11 10 29 4 48 5 23 4 67 40 4 32 4 20 4 109 36 16 12 16 106 43 4 6 4 4 10 4 17 4 24 4 76 21 4 19 36 31 4 61 44 4 54 4 42 4 50 4 58 44 4 48 4 21 4 43 4 65 49 4 39 4 27 5 39 4 8 16 4 22 4 38 4 4 14 4 51 32 7 4 91 21 4 26 52 12 4 1 30 4 13 4 81 42 45 25 4 23 55 6 4 76 25 4 25 4 66 56 4 6 4 18 4 15 4 9 39 4 35 4 12 4 52 4 58 37 4 47 4 29 23 5 43 4 47 4 52 32 4 5 4 26 4 20 4 89 28 4 21 4 60 4 58 49 4 53 4 41 4 77 40 4 40 4 60 4 32 4 95 12 4 48 4 20 4 48 4 
iteration 35 best: 0.94496 time: 14644
53 43 8 16 49 8 62 6 8 39 22 4 42 4 56 11 4 5 4 79 13 8 15 21 4 25 4 42 26 12 5 31 8 119 17 8 119 52 8 97 6 12 32 25 4 8 4 16 30 4 31 4 25 4 21 4 50 32 4 34 4 28 4 83 9 8 48 36 8 43 28 4 39 4 45 26 16 11 16 66 47 4 44 4 47 4 56 4 28 19 4 25 4 29 4 113 44 8 46 8 54 14 4 21 4 28 4 24 4 43 37 8 100 10 4 8 4 48 4 18 4 72 37 8 13 12 4 109 37 8 61 36 8 61 41 8 8 54 4 48 4 12 4 12 32 4 53 4 63 50 4 26 4 33 4 109 5 4 19 4 94 36 4 21 4 14 4 34 52 4 48 4 67 43 4 12 4 27 58 16 22 16 108 5 30 22 4 14 4 29 54 4 22 4 36 4 54 7 4 5 4 103 11 16 6 16 17 22 25 30 4 42 4 10 23 16 58 16 46 35 4 9 4 22 4 49 42 4 18 4 41 9 4 13 4 15 4 74 13 4 5 4 54 14 13 4 31 10 22 12 4 55 5 26 4 17 20 16 52 16 85 41 4 17 4 19 4 42 11 10 29 4 48 5 23 4 67 40 4 32 4 20 4 109 36 16 12 16 106 43 4 6 4 4 10 4 17 4 24 4 76 21 4 19 36 31 4 61 44 4 54 4 42 4 50 4 58 44 4 48 4 21 4 43 4 65 49 4 39 4 27 5 39 4 8 16 4 22 4 38 4 4 14 4 51 32 7 4 91 21 4 26 52 12 4 1 30 4 13 4 81 42 45 25 4 23 55 6 4 76 25 4 25 4 66 56 4 6 4 18 4 15 4 9 39 4 35 4 12 4 52 4 58 37 4 47 4 29 23 5 43 4 47 4 52 32 4 5 4 26 4 20 4 89 28 4 21 4 60 4 58 49 4 53 4 41 4 77 40 4 40 4 60 4 32 4 95 12 4 48 4 20 4 48 4 
iteration 54 best: 0.94496 time: 21943
53 43 8 16 49 8 62 6 8 39 22 4 42 4 56 11 4 5 4 79 13 8 15 21 4 25 4 42 26 12 5 31 8 119 17 8 119 52 8 97 6 12 32 25 4 8 4 16 30 4 31 4 25 4 21 4 50 32 4 34 4 28 4 83 9 8 48 36 8 43 28 4 39 4 45 26 16 11 16 66 47 4 44 4 47 4 56 4 28 19 4 25 4 29 4 113 44 8 46 8 54 14 4 21 4 28 4 24 4 43 37 8 100 10 4 8 4 48 4 18 4 72 37 8 13 12 4 109 37 8 61 36 8 61 41 8 8 54 4 48 4 12 4 12 32 4 53 4 63 50 4 26 4 33 4 109 5 4 19 4 94 36 4 21 4 14 4 34 52 4 48 4 67 43 4 12 4 27 58 16 22 16 108 5 30 22 4 14 4 29 54 4 22 4 36 4 54 7 4 5 4 103 11 16 6 16 17 22 25 30 4 42 4 10 23 16 58 16 46 35 4 9 4 22 4 49 42 4 18 4 41 9 4 13 4 15 4 74 13 4 5 4 54 14 13 4 31 10 22 12 4 55 5 26 4 17 20 16 52 16 85 41 4 17 4 19 4 42 11 10 29 4 48 5 23 4 67 40 4 32 4 20 4 109 36 16 12 16 106 43 4 6 4 4 10 4 17 4 24 4 76 21 4 19 36 31 4 61 44 4 54 4 42 4 50 4 58 44 4 48 4 21 4 43 4 65 49 4 39 4 27 5 39 4 8 16 4 22 4 38 4 4 14 4 51 32 7 4 91 21 4 26 52 12 4 1 30 4 13 4 81 42 45 25 4 23 55 6 4 76 25 4 25 4 66 56 4 6 4 18 4 15 4 9 39 4 35 4 12 4 52 4 58 37 4 47 4 29 23 5 43 4 47 4 52 32 4 5 4 26 4 20 4 89 28 4 21 4 60 4 58 49 4 53 4 41 4 77 40 4 40 4 60 4 32 4 95 12 4 48 4 20 4 48 4 
iteration 73 best: 0.94496 time: 29314
53 43 8 16 49 8 62 6 8 39 22 4 42 4 56 11 4 5 4 79 13 8 15 21 4 25 4 42 26 12 5 31 8 119 17 8 119 52 8 97 6 12 32 25 4 8 4 16 30 4 31 4 25 4 21 4 50 32 4 34 4 28 4 83 9 8 48 36 8 43 28 4 39 4 45 26 16 11 16 66 47 4 44 4 47 4 56 4 28 19 4 25 4 29 4 113 44 8 46 8 54 14 4 21 4 28 4 24 4 43 37 8 100 10 4 8 4 48 4 18 4 72 37 8 13 12 4 109 37 8 61 36 8 61 41 8 8 54 4 48 4 12 4 12 32 4 53 4 63 50 4 26 4 33 4 109 5 4 19 4 94 36 4 21 4 14 4 34 52 4 48 4 67 43 4 12 4 27 58 16 22 16 108 5 30 22 4 14 4 29 54 4 22 4 36 4 54 7 4 5 4 103 11 16 6 16 17 22 25 30 4 42 4 10 23 16 58 16 46 35 4 9 4 22 4 49 42 4 18 4 41 9 4 13 4 15 4 74 13 4 5 4 54 14 13 4 31 10 22 12 4 55 5 26 4 17 20 16 52 16 85 41 4 17 4 19 4 42 11 10 29 4 48 5 23 4 67 40 4 32 4 20 4 109 36 16 12 16 106 43 4 6 4 4 10 4 17 4 24 4 76 21 4 19 36 31 4 61 44 4 54 4 42 4 50 4 58 44 4 48 4 21 4 43 4 65 49 4 39 4 27 5 39 4 8 16 4 22 4 38 4 4 14 4 51 32 7 4 91 21 4 26 52 12 4 1 30 4 13 4 81 42 45 25 4 23 55 6 4 76 25 4 25 4 66 56 4 6 4 18 4 15 4 9 39 4 35 4 12 4 52 4 58 37 4 47 4 29 23 5 43 4 47 4 52 32 4 5 4 26 4 20 4 89 28 4 21 4 60 4 58 49 4 53 4 41 4 77 40 4 40 4 60 4 32 4 95 12 4 48 4 20 4 48 4 
iteration 92 best: 0.94496 time: 36655
53 43 8 16 49 8 62 6 8 39 22 4 42 4 56 11 4 5 4 79 13 8 15 21 4 25 4 42 26 12 5 31 8 119 17 8 119 52 8 97 6 12 32 25 4 8 4 16 30 4 31 4 25 4 21 4 50 32 4 34 4 28 4 83 9 8 48 36 8 43 28 4 39 4 45 26 16 11 16 66 47 4 44 4 47 4 56 4 28 19 4 25 4 29 4 113 44 8 46 8 54 14 4 21 4 28 4 24 4 43 37 8 100 10 4 8 4 48 4 18 4 72 37 8 13 12 4 109 37 8 61 36 8 61 41 8 8 54 4 48 4 12 4 12 32 4 53 4 63 50 4 26 4 33 4 109 5 4 19 4 94 36 4 21 4 14 4 34 52 4 48 4 67 43 4 12 4 27 58 16 22 16 108 5 30 22 4 14 4 29 54 4 22 4 36 4 54 7 4 5 4 103 11 16 6 16 17 22 25 30 4 42 4 10 23 16 58 16 46 35 4 9 4 22 4 49 42 4 18 4 41 9 4 13 4 15 4 74 13 4 5 4 54 14 13 4 31 10 22 12 4 55 5 26 4 17 20 16 52 16 85 41 4 17 4 19 4 42 11 10 29 4 48 5 23 4 67 40 4 32 4 20 4 109 36 16 12 16 106 43 4 6 4 4 10 4 17 4 24 4 76 21 4 19 36 31 4 61 44 4 54 4 42 4 50 4 58 44 4 48 4 21 4 43 4 65 49 4 39 4 27 5 39 4 8 16 4 22 4 38 4 4 14 4 51 32 7 4 91 21 4 26 52 12 4 1 30 4 13 4 81 42 45 25 4 23 55 6 4 76 25 4 25 4 66 56 4 6 4 18 4 15 4 9 39 4 35 4 12 4 52 4 58 37 4 47 4 29 23 5 43 4 47 4 52 32 4 5 4 26 4 20 4 89 28 4 21 4 60 4 58 49 4 53 4 41 4 77 40 4 40 4 60 4 32 4 95 12 4 48 4 20 4 48 4 
iteration 111 best: 0.94496 time: 43995
53 43 8 16 49 8 62 6 8 39 22 4 42 4 56 11 4 5 4 79 13 8 15 21 4 25 4 42 26 12 5 31 8 119 17 8 119 52 8 97 6 12 32 25 4 8 4 16 30 4 31 4 25 4 21 4 50 32 4 34 4 28 4 83 9 8 48 36 8 43 28 4 39 4 45 26 16 11 16 66 47 4 44 4 47 4 56 4 28 19 4 25 4 29 4 113 44 8 46 8 54 14 4 21 4 28 4 24 4 43 37 8 100 10 4 8 4 48 4 18 4 72 37 8 13 12 4 109 37 8 61 36 8 61 41 8 8 54 4 48 4 12 4 12 32 4 53 4 63 50 4 26 4 33 4 109 5 4 19 4 94 36 4 21 4 14 4 34 52 4 48 4 67 43 4 12 4 27 58 16 22 16 108 5 30 22 4 14 4 29 54 4 22 4 36 4 54 7 4 5 4 103 11 16 6 16 17 22 25 30 4 42 4 10 23 16 58 16 46 35 4 9 4 22 4 49 42 4 18 4 41 9 4 13 4 15 4 74 13 4 5 4 54 14 13 4 31 10 22 12 4 55 5 26 4 17 20 16 52 16 85 41 4 17 4 19 4 42 11 10 29 4 48 5 23 4 67 40 4 32 4 20 4 109 36 16 12 16 106 43 4 6 4 4 10 4 17 4 24 4 76 21 4 19 36 31 4 61 44 4 54 4 42 4 50 4 58 44 4 48 4 21 4 43 4 65 49 4 39 4 27 5 39 4 8 16 4 22 4 38 4 4 14 4 51 32 7 4 91 21 4 26 52 12 4 1 30 4 13 4 81 42 45 25 4 23 55 6 4 76 25 4 25 4 66 56 4 6 4 18 4 15 4 9 39 4 35 4 12 4 52 4 58 37 4 47 4 29 23 5 43 4 47 4 52 32 4 5 4 26 4 20 4 89 28 4 21 4 60 4 58 49 4 53 4 41 4 77 40 4 40 4 60 4 32 4 95 12 4 48 4 20 4 48 4 
iteration 130 best: 0.94496 time: 51306
53 43 8 16 49 8 62 6 8 39 22 4 42 4 56 11 4 5 4 79 13 8 15 21 4 25 4 42 26 12 5 31 8 119 17 8 119 52 8 97 6 12 32 25 4 8 4 16 30 4 31 4 25 4 21 4 50 32 4 34 4 28 4 83 9 8 48 36 8 43 28 4 39 4 45 26 16 11 16 66 47 4 44 4 47 4 56 4 28 19 4 25 4 29 4 113 44 8 46 8 54 14 4 21 4 28 4 24 4 43 37 8 100 10 4 8 4 48 4 18 4 72 37 8 13 12 4 109 37 8 61 36 8 61 41 8 8 54 4 48 4 12 4 12 32 4 53 4 63 50 4 26 4 33 4 109 5 4 19 4 94 36 4 21 4 14 4 34 52 4 48 4 67 43 4 12 4 27 58 16 22 16 108 5 30 22 4 14 4 29 54 4 22 4 36 4 54 7 4 5 4 103 11 16 6 16 17 22 25 30 4 42 4 10 23 16 58 16 46 35 4 9 4 22 4 49 42 4 18 4 41 9 4 13 4 15 4 74 13 4 5 4 54 14 13 4 31 10 22 12 4 55 5 26 4 17 20 16 52 16 85 41 4 17 4 19 4 42 11 10 29 4 48 5 23 4 67 40 4 32 4 20 4 109 36 16 12 16 106 43 4 6 4 4 10 4 17 4 24 4 76 21 4 19 36 31 4 61 44 4 54 4 42 4 50 4 58 44 4 48 4 21 4 43 4 65 49 4 39 4 27 5 39 4 8 16 4 22 4 38 4 4 14 4 51 32 7 4 91 21 4 26 52 12 4 1 30 4 13 4 81 42 45 25 4 23 55 6 4 76 25 4 25 4 66 56 4 6 4 18 4 15 4 9 39 4 35 4 12 4 52 4 58 37 4 47 4 29 23 5 43 4 47 4 52 32 4 5 4 26 4 20 4 89 28 4 21 4 60 4 58 49 4 53 4 41 4 77 40 4 40 4 60 4 32 4 95 12 4 48 4 20 4 48 4 
iteration 149 best: 0.94496 time: 58620
53 43 8 16 49 8 62 6 8 39 22 4 42 4 56 11 4 5 4 79 13 8 15 21 4 25 4 42 26 12 5 31 8 119 17 8 119 52 8 97 6 12 32 25 4 8 4 16 30 4 31 4 25 4 21 4 50 32 4 34 4 28 4 83 9 8 48 36 8 43 28 4 39 4 45 26 16 11 16 66 47 4 44 4 47 4 56 4 28 19 4 25 4 29 4 113 44 8 46 8 54 14 4 21 4 28 4 24 4 43 37 8 100 10 4 8 4 48 4 18 4 72 37 8 13 12 4 109 37 8 61 36 8 61 41 8 8 54 4 48 4 12 4 12 32 4 53 4 63 50 4 26 4 33 4 109 5 4 19 4 94 36 4 21 4 14 4 34 52 4 48 4 67 43 4 12 4 27 58 16 22 16 108 5 30 22 4 14 4 29 54 4 22 4 36 4 54 7 4 5 4 103 11 16 6 16 17 22 25 30 4 42 4 10 23 16 58 16 46 35 4 9 4 22 4 49 42 4 18 4 41 9 4 13 4 15 4 74 13 4 5 4 54 14 13 4 31 10 22 12 4 55 5 26 4 17 20 16 52 16 85 41 4 17 4 19 4 42 11 10 29 4 48 5 23 4 67 40 4 32 4 20 4 109 36 16 12 16 106 43 4 6 4 4 10 4 17 4 24 4 76 21 4 19 36 31 4 61 44 4 54 4 42 4 50 4 58 44 4 48 4 21 4 43 4 65 49 4 39 4 27 5 39 4 8 16 4 22 4 38 4 4 14 4 51 32 7 4 91 21 4 26 52 12 4 1 30 4 13 4 81 42 45 25 4 23 55 6 4 76 25 4 25 4 66 56 4 6 4 18 4 15 4 9 39 4 35 4 12 4 52 4 58 37 4 47 4 29 23 5 43 4 47 4 52 32 4 5 4 26 4 20 4 89 28 4 21 4 60 4 58 49 4 53 4 41 4 77 40 4 40 4 60 4 32 4 95 12 4 48 4 20 4 48 4 
iteration 168 best: 0.94496 time: 65928
53 43 8 16 49 8 62 6 8 39 22 4 42 4 56 11 4 5 4 79 13 8 15 21 4 25 4 42 26 12 5 31 8 119 17 8 119 52 8 97 6 12 32 25 4 8 4 16 30 4 31 4 25 4 21 4 50 32 4 34 4 28 4 83 9 8 48 36 8 43 28 4 39 4 45 26 16 11 16 66 47 4 44 4 47 4 56 4 28 19 4 25 4 29 4 113 44 8 46 8 54 14 4 21 4 28 4 24 4 43 37 8 100 10 4 8 4 48 4 18 4 72 37 8 13 12 4 109 37 8 61 36 8 61 41 8 8 54 4 48 4 12 4 12 32 4 53 4 63 50 4 26 4 33 4 109 5 4 19 4 94 36 4 21 4 14 4 34 52 4 48 4 67 43 4 12 4 27 58 16 22 16 108 5 30 22 4 14 4 29 54 4 22 4 36 4 54 7 4 5 4 103 11 16 6 16 17 22 25 30 4 42 4 10 23 16 58 16 46 35 4 9 4 22 4 49 42 4 18 4 41 9 4 13 4 15 4 74 13 4 5 4 54 14 13 4 31 10 22 12 4 55 5 26 4 17 20 16 52 16 85 41 4 17 4 19 4 42 11 10 29 4 48 5 23 4 67 40 4 32 4 20 4 109 36 16 12 16 106 43 4 6 4 4 10 4 17 4 24 4 76 21 4 19 36 31 4 61 44 4 54 4 42 4 50 4 58 44 4 48 4 21 4 43 4 65 49 4 39 4 27 5 39 4 8 16 4 22 4 38 4 4 14 4 51 32 7 4 91 21 4 26 52 12 4 1 30 4 13 4 81 42 45 25 4 23 55 6 4 76 25 4 25 4 66 56 4 6 4 18 4 15 4 9 39 4 35 4 12 4 52 4 58 37 4 47 4 29 23 5 43 4 47 4 52 32 4 5 4 26 4 20 4 89 28 4 21 4 60 4 58 49 4 53 4 41 4 77 40 4 40 4 60 4 32 4 95 12 4 48 4 20 4 48 4 
iteration 187 best: 0.94496 time: 73245
53 43 8 16 49 8 62 6 8 39 22 4 42 4 56 11 4 5 4 79 13 8 15 21 4 25 4 42 26 12 5 31 8 119 17 8 119 52 8 97 6 12 32 25 4 8 4 16 30 4 31 4 25 4 21 4 50 32 4 34 4 28 4 83 9 8 48 36 8 43 28 4 39 4 45 26 16 11 16 66 47 4 44 4 47 4 56 4 28 19 4 25 4 29 4 113 44 8 46 8 54 14 4 21 4 28 4 24 4 43 37 8 100 10 4 8 4 48 4 18 4 72 37 8 13 12 4 109 37 8 61 36 8 61 41 8 8 54 4 48 4 12 4 12 32 4 53 4 63 50 4 26 4 33 4 109 5 4 19 4 94 36 4 21 4 14 4 34 52 4 48 4 67 43 4 12 4 27 58 16 22 16 108 5 30 22 4 14 4 29 54 4 22 4 36 4 54 7 4 5 4 103 11 16 6 16 17 22 25 30 4 42 4 10 23 16 58 16 46 35 4 9 4 22 4 49 42 4 18 4 41 9 4 13 4 15 4 74 13 4 5 4 54 14 13 4 31 10 22 12 4 55 5 26 4 17 20 16 52 16 85 41 4 17 4 19 4 42 11 10 29 4 48 5 23 4 67 40 4 32 4 20 4 109 36 16 12 16 106 43 4 6 4 4 10 4 17 4 24 4 76 21 4 19 36 31 4 61 44 4 54 4 42 4 50 4 58 44 4 48 4 21 4 43 4 65 49 4 39 4 27 5 39 4 8 16 4 22 4 38 4 4 14 4 51 32 7 4 91 21 4 26 52 12 4 1 30 4 13 4 81 42 45 25 4 23 55 6 4 76 25 4 25 4 66 56 4 6 4 18 4 15 4 9 39 4 35 4 12 4 52 4 58 37 4 47 4 29 23 5 43 4 47 4 52 32 4 5 4 26 4 20 4 89 28 4 21 4 60 4 58 49 4 53 4 41 4 77 40 4 40 4 60 4 32 4 95 12 4 48 4 20 4 48 4 
iteration 206 best: 0.94496 time: 80532
53 43 8 16 49 8 62 6 8 39 22 4 42 4 56 11 4 5 4 79 13 8 15 21 4 25 4 42 26 12 5 31 8 119 17 8 119 52 8 97 6 12 32 25 4 8 4 16 30 4 31 4 25 4 21 4 50 32 4 34 4 28 4 83 9 8 48 36 8 43 28 4 39 4 45 26 16 11 16 66 47 4 44 4 47 4 56 4 28 19 4 25 4 29 4 113 44 8 46 8 54 14 4 21 4 28 4 24 4 43 37 8 100 10 4 8 4 48 4 18 4 72 37 8 13 12 4 109 37 8 61 36 8 61 41 8 8 54 4 48 4 12 4 12 32 4 53 4 63 50 4 26 4 33 4 109 5 4 19 4 94 36 4 21 4 14 4 34 52 4 48 4 67 43 4 12 4 27 58 16 22 16 108 5 30 22 4 14 4 29 54 4 22 4 36 4 54 7 4 5 4 103 11 16 6 16 17 22 25 30 4 42 4 10 23 16 58 16 46 35 4 9 4 22 4 49 42 4 18 4 41 9 4 13 4 15 4 74 13 4 5 4 54 14 13 4 31 10 22 12 4 55 5 26 4 17 20 16 52 16 85 41 4 17 4 19 4 42 11 10 29 4 48 5 23 4 67 40 4 32 4 20 4 109 36 16 12 16 106 43 4 6 4 4 10 4 17 4 24 4 76 21 4 19 36 31 4 61 44 4 54 4 42 4 50 4 58 44 4 48 4 21 4 43 4 65 49 4 39 4 27 5 39 4 8 16 4 22 4 38 4 4 14 4 51 32 7 4 91 21 4 26 52 12 4 1 30 4 13 4 81 42 45 25 4 23 55 6 4 76 25 4 25 4 66 56 4 6 4 18 4 15 4 9 39 4 35 4 12 4 52 4 58 37 4 47 4 29 23 5 43 4 47 4 52 32 4 5 4 26 4 20 4 89 28 4 21 4 60 4 58 49 4 53 4 41 4 77 40 4 40 4 60 4 32 4 95 12 4 48 4 20 4 48 4 
iteration 225 best: 0.94496 time: 87823
53 43 8 16 49 8 62 6 8 39 22 4 42 4 56 11 4 5 4 79 13 8 15 21 4 25 4 42 26 12 5 31 8 119 17 8 119 52 8 97 6 12 32 25 4 8 4 16 30 4 31 4 25 4 21 4 50 32 4 34 4 28 4 83 9 8 48 36 8 43 28 4 39 4 45 26 16 11 16 66 47 4 44 4 47 4 56 4 28 19 4 25 4 29 4 113 44 8 46 8 54 14 4 21 4 28 4 24 4 43 37 8 100 10 4 8 4 48 4 18 4 72 37 8 13 12 4 109 37 8 61 36 8 61 41 8 8 54 4 48 4 12 4 12 32 4 53 4 63 50 4 26 4 33 4 109 5 4 19 4 94 36 4 21 4 14 4 34 52 4 48 4 67 43 4 12 4 27 58 16 22 16 108 5 30 22 4 14 4 29 54 4 22 4 36 4 54 7 4 5 4 103 11 16 6 16 17 22 25 30 4 42 4 10 23 16 58 16 46 35 4 9 4 22 4 49 42 4 18 4 41 9 4 13 4 15 4 74 13 4 5 4 54 14 13 4 31 10 22 12 4 55 5 26 4 17 20 16 52 16 85 41 4 17 4 19 4 42 11 10 29 4 48 5 23 4 67 40 4 32 4 20 4 109 36 16 12 16 106 43 4 6 4 4 10 4 17 4 24 4 76 21 4 19 36 31 4 61 44 4 54 4 42 4 50 4 58 44 4 48 4 21 4 43 4 65 49 4 39 4 27 5 39 4 8 16 4 22 4 38 4 4 14 4 51 32 7 4 91 21 4 26 52 12 4 1 30 4 13 4 81 42 45 25 4 23 55 6 4 76 25 4 25 4 66 56 4 6 4 18 4 15 4 9 39 4 35 4 12 4 52 4 58 37 4 47 4 29 23 5 43 4 47 4 52 32 4 5 4 26 4 20 4 89 28 4 21 4 60 4 58 49 4 53 4 41 4 77 40 4 40 4 60 4 32 4 95 12 4 48 4 20 4 48 4 
iteration 244 best: 0.94496 time: 95114
53 43 8 16 49 8 62 6 8 39 22 4 42 4 56 11 4 5 4 79 13 8 15 21 4 25 4 42 26 12 5 31 8 119 17 8 119 52 8 97 6 12 32 25 4 8 4 16 30 4 31 4 25 4 21 4 50 32 4 34 4 28 4 83 9 8 48 36 8 43 28 4 39 4 45 26 16 11 16 66 47 4 44 4 47 4 56 4 28 19 4 25 4 29 4 113 44 8 46 8 54 14 4 21 4 28 4 24 4 43 37 8 100 10 4 8 4 48 4 18 4 72 37 8 13 12 4 109 37 8 61 36 8 61 41 8 8 54 4 48 4 12 4 12 32 4 53 4 63 50 4 26 4 33 4 109 5 4 19 4 94 36 4 21 4 14 4 34 52 4 48 4 67 43 4 12 4 27 58 16 22 16 108 5 30 22 4 14 4 29 54 4 22 4 36 4 54 7 4 5 4 103 11 16 6 16 17 22 25 30 4 42 4 10 23 16 58 16 46 35 4 9 4 22 4 49 42 4 18 4 41 9 4 13 4 15 4 74 13 4 5 4 54 14 13 4 31 10 22 12 4 55 5 26 4 17 20 16 52 16 85 41 4 17 4 19 4 42 11 10 29 4 48 5 23 4 67 40 4 32 4 20 4 109 36 16 12 16 106 43 4 6 4 4 10 4 17 4 24 4 76 21 4 19 36 31 4 61 44 4 54 4 42 4 50 4 58 44 4 48 4 21 4 43 4 65 49 4 39 4 27 5 39 4 8 16 4 22 4 38 4 4 14 4 51 32 7 4 91 21 4 26 52 12 4 1 30 4 13 4 81 42 45 25 4 23 55 6 4 76 25 4 25 4 66 56 4 6 4 18 4 15 4 9 39 4 35 4 12 4 52 4 58 37 4 47 4 29 23 5 43 4 47 4 52 32 4 5 4 26 4 20 4 89 28 4 21 4 60 4 58 49 4 53 4 41 4 77 40 4 40 4 60 4 32 4 95 12 4 48 4 20 4 48 4 
iteration 263 best: 0.94496 time: 102435
53 43 8 16 49 8 62 6 8 39 22 4 42 4 56 11 4 5 4 79 13 8 15 21 4 25 4 42 26 12 5 31 8 119 17 8 119 52 8 97 6 12 32 25 4 8 4 16 30 4 31 4 25 4 21 4 50 32 4 34 4 28 4 83 9 8 48 36 8 43 28 4 39 4 45 26 16 11 16 66 47 4 44 4 47 4 56 4 28 19 4 25 4 29 4 113 44 8 46 8 54 14 4 21 4 28 4 24 4 43 37 8 100 10 4 8 4 48 4 18 4 72 37 8 13 12 4 109 37 8 61 36 8 61 41 8 8 54 4 48 4 12 4 12 32 4 53 4 63 50 4 26 4 33 4 109 5 4 19 4 94 36 4 21 4 14 4 34 52 4 48 4 67 43 4 12 4 27 58 16 22 16 108 5 30 22 4 14 4 29 54 4 22 4 36 4 54 7 4 5 4 103 11 16 6 16 17 22 25 30 4 42 4 10 23 16 58 16 46 35 4 9 4 22 4 49 42 4 18 4 41 9 4 13 4 15 4 74 13 4 5 4 54 14 13 4 31 10 22 12 4 55 5 26 4 17 20 16 52 16 85 41 4 17 4 19 4 42 11 10 29 4 48 5 23 4 67 40 4 32 4 20 4 109 36 16 12 16 106 43 4 6 4 4 10 4 17 4 24 4 76 21 4 19 36 31 4 61 44 4 54 4 42 4 50 4 58 44 4 48 4 21 4 43 4 65 49 4 39 4 27 5 39 4 8 16 4 22 4 38 4 4 14 4 51 32 7 4 91 21 4 26 52 12 4 1 30 4 13 4 81 42 45 25 4 23 55 6 4 76 25 4 25 4 66 56 4 6 4 18 4 15 4 9 39 4 35 4 12 4 52 4 58 37 4 47 4 29 23 5 43 4 47 4 52 32 4 5 4 26 4 20 4 89 28 4 21 4 60 4 58 49 4 53 4 41 4 77 40 4 40 4 60 4 32 4 95 12 4 48 4 20 4 48 4 
iteration 282 best: 0.94496 time: 109733
53 43 8 16 49 8 62 6 8 39 22 4 42 4 56 11 4 5 4 79 13 8 15 21 4 25 4 42 26 12 5 31 8 119 17 8 119 52 8 97 6 12 32 25 4 8 4 16 30 4 31 4 25 4 21 4 50 32 4 34 4 28 4 83 9 8 48 36 8 43 28 4 39 4 45 26 16 11 16 66 47 4 44 4 47 4 56 4 28 19 4 25 4 29 4 113 44 8 46 8 54 14 4 21 4 28 4 24 4 43 37 8 100 10 4 8 4 48 4 18 4 72 37 8 13 12 4 109 37 8 61 36 8 61 41 8 8 54 4 48 4 12 4 12 32 4 53 4 63 50 4 26 4 33 4 109 5 4 19 4 94 36 4 21 4 14 4 34 52 4 48 4 67 43 4 12 4 27 58 16 22 16 108 5 30 22 4 14 4 29 54 4 22 4 36 4 54 7 4 5 4 103 11 16 6 16 17 22 25 30 4 42 4 10 23 16 58 16 46 35 4 9 4 22 4 49 42 4 18 4 41 9 4 13 4 15 4 74 13 4 5 4 54 14 13 4 31 10 22 12 4 55 5 26 4 17 20 16 52 16 85 41 4 17 4 19 4 42 11 10 29 4 48 5 23 4 67 40 4 32 4 20 4 109 36 16 12 16 106 43 4 6 4 4 10 4 17 4 24 4 76 21 4 19 36 31 4 61 44 4 54 4 42 4 50 4 58 44 4 48 4 21 4 43 4 65 49 4 39 4 27 5 39 4 8 16 4 22 4 38 4 4 14 4 51 32 7 4 91 21 4 26 52 12 4 1 30 4 13 4 81 42 45 25 4 23 55 6 4 76 25 4 25 4 66 56 4 6 4 18 4 15 4 9 39 4 35 4 12 4 52 4 58 37 4 47 4 29 23 5 43 4 47 4 52 32 4 5 4 26 4 20 4 89 28 4 21 4 60 4 58 49 4 53 4 41 4 77 40 4 40 4 60 4 32 4 95 12 4 48 4 20 4 48 4 
iteration 301 best: 0.94496 time: 117037
53 43 8 16 49 8 62 6 8 39 22 4 42 4 56 11 4 5 4 79 13 8 15 21 4 25 4 42 26 12 5 31 8 119 17 8 119 52 8 97 6 12 32 25 4 8 4 16 30 4 31 4 25 4 21 4 50 32 4 34 4 28 4 83 9 8 48 36 8 43 28 4 39 4 45 26 16 11 16 66 47 4 44 4 47 4 56 4 28 19 4 25 4 29 4 113 44 8 46 8 54 14 4 21 4 28 4 24 4 43 37 8 100 10 4 8 4 48 4 18 4 72 37 8 13 12 4 109 37 8 61 36 8 61 41 8 8 54 4 48 4 12 4 12 32 4 53 4 63 50 4 26 4 33 4 109 5 4 19 4 94 36 4 21 4 14 4 34 52 4 48 4 67 43 4 12 4 27 58 16 22 16 108 5 30 22 4 14 4 29 54 4 22 4 36 4 54 7 4 5 4 103 11 16 6 16 17 22 25 30 4 42 4 10 23 16 58 16 46 35 4 9 4 22 4 49 42 4 18 4 41 9 4 13 4 15 4 74 13 4 5 4 54 14 13 4 31 10 22 12 4 55 5 26 4 17 20 16 52 16 85 41 4 17 4 19 4 42 11 10 29 4 48 5 23 4 67 40 4 32 4 20 4 109 36 16 12 16 106 43 4 6 4 4 10 4 17 4 24 4 76 21 4 19 36 31 4 61 44 4 54 4 42 4 50 4 58 44 4 48 4 21 4 43 4 65 49 4 39 4 27 5 39 4 8 16 4 22 4 38 4 4 14 4 51 32 7 4 91 21 4 26 52 12 4 1 30 4 13 4 81 42 45 25 4 23 55 6 4 76 25 4 25 4 66 56 4 6 4 18 4 15 4 9 39 4 35 4 12 4 52 4 58 37 4 47 4 29 23 5 43 4 47 4 52 32 4 5 4 26 4 20 4 89 28 4 21 4 60 4 58 49 4 53 4 41 4 77 40 4 40 4 60 4 32 4 95 12 4 48 4 20 4 48 4 
iteration 320 best: 0.94496 time: 124356
53 43 8 16 49 8 62 6 8 39 22 4 42 4 56 11 4 5 4 79 13 8 15 21 4 25 4 42 26 12 5 31 8 119 17 8 119 52 8 97 6 12 32 25 4 8 4 16 30 4 31 4 25 4 21 4 50 32 4 34 4 28 4 83 9 8 48 36 8 43 28 4 39 4 45 26 16 11 16 66 47 4 44 4 47 4 56 4 28 19 4 25 4 29 4 113 44 8 46 8 54 14 4 21 4 28 4 24 4 43 37 8 100 10 4 8 4 48 4 18 4 72 37 8 13 12 4 109 37 8 61 36 8 61 41 8 8 54 4 48 4 12 4 12 32 4 53 4 63 50 4 26 4 33 4 109 5 4 19 4 94 36 4 21 4 14 4 34 52 4 48 4 67 43 4 12 4 27 58 16 22 16 108 5 30 22 4 14 4 29 54 4 22 4 36 4 54 7 4 5 4 103 11 16 6 16 17 22 25 30 4 42 4 10 23 16 58 16 46 35 4 9 4 22 4 49 42 4 18 4 41 9 4 13 4 15 4 74 13 4 5 4 54 14 13 4 31 10 22 12 4 55 5 26 4 17 20 16 52 16 85 41 4 17 4 19 4 42 11 10 29 4 48 5 23 4 67 40 4 32 4 20 4 109 36 16 12 16 106 43 4 6 4 4 10 4 17 4 24 4 76 21 4 19 36 31 4 61 44 4 54 4 42 4 50 4 58 44 4 48 4 21 4 43 4 65 49 4 39 4 27 5 39 4 8 16 4 22 4 38 4 4 14 4 51 32 7 4 91 21 4 26 52 12 4 1 30 4 13 4 81 42 45 25 4 23 55 6 4 76 25 4 25 4 66 56 4 6 4 18 4 15 4 9 39 4 35 4 12 4 52 4 58 37 4 47 4 29 23 5 43 4 47 4 52 32 4 5 4 26 4 20 4 89 28 4 21 4 60 4 58 49 4 53 4 41 4 77 40 4 40 4 60 4 32 4 95 12 4 48 4 20 4 48 4 
iteration 339 best: 0.94496 time: 131665
53 43 8 16 49 8 62 6 8 39 22 4 42 4 56 11 4 5 4 79 13 8 15 21 4 25 4 42 26 12 5 31 8 119 17 8 119 52 8 97 6 12 32 25 4 8 4 16 30 4 31 4 25 4 21 4 50 32 4 34 4 28 4 83 9 8 48 36 8 43 28 4 39 4 45 26 16 11 16 66 47 4 44 4 47 4 56 4 28 19 4 25 4 29 4 113 44 8 46 8 54 14 4 21 4 28 4 24 4 43 37 8 100 10 4 8 4 48 4 18 4 72 37 8 13 12 4 109 37 8 61 36 8 61 41 8 8 54 4 48 4 12 4 12 32 4 53 4 63 50 4 26 4 33 4 109 5 4 19 4 94 36 4 21 4 14 4 34 52 4 48 4 67 43 4 12 4 27 58 16 22 16 108 5 30 22 4 14 4 29 54 4 22 4 36 4 54 7 4 5 4 103 11 16 6 16 17 22 25 30 4 42 4 10 23 16 58 16 46 35 4 9 4 22 4 49 42 4 18 4 41 9 4 13 4 15 4 74 13 4 5 4 54 14 13 4 31 10 22 12 4 55 5 26 4 17 20 16 52 16 85 41 4 17 4 19 4 42 11 10 29 4 48 5 23 4 67 40 4 32 4 20 4 109 36 16 12 16 106 43 4 6 4 4 10 4 17 4 24 4 76 21 4 19 36 31 4 61 44 4 54 4 42 4 50 4 58 44 4 48 4 21 4 43 4 65 49 4 39 4 27 5 39 4 8 16 4 22 4 38 4 4 14 4 51 32 7 4 91 21 4 26 52 12 4 1 30 4 13 4 81 42 45 25 4 23 55 6 4 76 25 4 25 4 66 56 4 6 4 18 4 15 4 9 39 4 35 4 12 4 52 4 58 37 4 47 4 29 23 5 43 4 47 4 52 32 4 5 4 26 4 20 4 89 28 4 21 4 60 4 58 49 4 53 4 41 4 77 40 4 40 4 60 4 32 4 95 12 4 48 4 20 4 48 4 
iteration 358 best: 0.94496 time: 138969
53 43 8 16 49 8 62 6 8 39 22 4 42 4 56 11 4 5 4 79 13 8 15 21 4 25 4 42 26 12 5 31 8 119 17 8 119 52 8 97 6 12 32 25 4 8 4 16 30 4 31 4 25 4 21 4 50 32 4 34 4 28 4 83 9 8 48 36 8 43 28 4 39 4 45 26 16 11 16 66 47 4 44 4 47 4 56 4 28 19 4 25 4 29 4 113 44 8 46 8 54 14 4 21 4 28 4 24 4 43 37 8 100 10 4 8 4 48 4 18 4 72 37 8 13 12 4 109 37 8 61 36 8 61 41 8 8 54 4 48 4 12 4 12 32 4 53 4 63 50 4 26 4 33 4 109 5 4 19 4 94 36 4 21 4 14 4 34 52 4 48 4 67 43 4 12 4 27 58 16 22 16 108 5 30 22 4 14 4 29 54 4 22 4 36 4 54 7 4 5 4 103 11 16 6 16 17 22 25 30 4 42 4 10 23 16 58 16 46 35 4 9 4 22 4 49 42 4 18 4 41 9 4 13 4 15 4 74 13 4 5 4 54 14 13 4 31 10 22 12 4 55 5 26 4 17 20 16 52 16 85 41 4 17 4 19 4 42 11 10 29 4 48 5 23 4 67 40 4 32 4 20 4 109 36 16 12 16 106 43 4 6 4 4 10 4 17 4 24 4 76 21 4 19 36 31 4 61 44 4 54 4 42 4 50 4 58 44 4 48 4 21 4 43 4 65 49 4 39 4 27 5 39 4 8 16 4 22 4 38 4 4 14 4 51 32 7 4 91 21 4 26 52 12 4 1 30 4 13 4 81 42 45 25 4 23 55 6 4 76 25 4 25 4 66 56 4 6 4 18 4 15 4 9 39 4 35 4 12 4 52 4 58 37 4 47 4 29 23 5 43 4 47 4 52 32 4 5 4 26 4 20 4 89 28 4 21 4 60 4 58 49 4 53 4 41 4 77 40 4 40 4 60 4 32 4 95 12 4 48 4 20 4 48 4 
iteration 377 best: 0.94496 time: 146283
53 43 8 16 49 8 62 6 8 39 22 4 42 4 56 11 4 5 4 79 13 8 15 21 4 25 4 42 26 12 5 31 8 119 17 8 119 52 8 97 6 12 32 25 4 8 4 16 30 4 31 4 25 4 21 4 50 32 4 34 4 28 4 83 9 8 48 36 8 43 28 4 39 4 45 26 16 11 16 66 47 4 44 4 47 4 56 4 28 19 4 25 4 29 4 113 44 8 46 8 54 14 4 21 4 28 4 24 4 43 37 8 100 10 4 8 4 48 4 18 4 72 37 8 13 12 4 109 37 8 61 36 8 61 41 8 8 54 4 48 4 12 4 12 32 4 53 4 63 50 4 26 4 33 4 109 5 4 19 4 94 36 4 21 4 14 4 34 52 4 48 4 67 43 4 12 4 27 58 16 22 16 108 5 30 22 4 14 4 29 54 4 22 4 36 4 54 7 4 5 4 103 11 16 6 16 17 22 25 30 4 42 4 10 23 16 58 16 46 35 4 9 4 22 4 49 42 4 18 4 41 9 4 13 4 15 4 74 13 4 5 4 54 14 13 4 31 10 22 12 4 55 5 26 4 17 20 16 52 16 85 41 4 17 4 19 4 42 11 10 29 4 48 5 23 4 67 40 4 32 4 20 4 109 36 16 12 16 106 43 4 6 4 4 10 4 17 4 24 4 76 21 4 19 36 31 4 61 44 4 54 4 42 4 50 4 58 44 4 48 4 21 4 43 4 65 49 4 39 4 27 5 39 4 8 16 4 22 4 38 4 4 14 4 51 32 7 4 91 21 4 26 52 12 4 1 30 4 13 4 81 42 45 25 4 23 55 6 4 76 25 4 25 4 66 56 4 6 4 18 4 15 4 9 39 4 35 4 12 4 52 4 58 37 4 47 4 29 23 5 43 4 47 4 52 32 4 5 4 26 4 20 4 89 28 4 21 4 60 4 58 49 4 53 4 41 4 77 40 4 40 4 60 4 32 4 95 12 4 48 4 20 4 48 4 
iteration 396 best: 0.94496 time: 153611
53 43 8 16 49 8 62 6 8 39 22 4 42 4 56 11 4 5 4 79 13 8 15 21 4 25 4 42 26 12 5 31 8 119 17 8 119 52 8 97 6 12 32 25 4 8 4 16 30 4 31 4 25 4 21 4 50 32 4 34 4 28 4 83 9 8 48 36 8 43 28 4 39 4 45 26 16 11 16 66 47 4 44 4 47 4 56 4 28 19 4 25 4 29 4 113 44 8 46 8 54 14 4 21 4 28 4 24 4 43 37 8 100 10 4 8 4 48 4 18 4 72 37 8 13 12 4 109 37 8 61 36 8 61 41 8 8 54 4 48 4 12 4 12 32 4 53 4 63 50 4 26 4 33 4 109 5 4 19 4 94 36 4 21 4 14 4 34 52 4 48 4 67 43 4 12 4 27 58 16 22 16 108 5 30 22 4 14 4 29 54 4 22 4 36 4 54 7 4 5 4 103 11 16 6 16 17 22 25 30 4 42 4 10 23 16 58 16 46 35 4 9 4 22 4 49 42 4 18 4 41 9 4 13 4 15 4 74 13 4 5 4 54 14 13 4 31 10 22 12 4 55 5 26 4 17 20 16 52 16 85 41 4 17 4 19 4 42 11 10 29 4 48 5 23 4 67 40 4 32 4 20 4 109 36 16 12 16 106 43 4 6 4 4 10 4 17 4 24 4 76 21 4 19 36 31 4 61 44 4 54 4 42 4 50 4 58 44 4 48 4 21 4 43 4 65 49 4 39 4 27 5 39 4 8 16 4 22 4 38 4 4 14 4 51 32 7 4 91 21 4 26 52 12 4 1 30 4 13 4 81 42 45 25 4 23 55 6 4 76 25 4 25 4 66 56 4 6 4 18 4 15 4 9 39 4 35 4 12 4 52 4 58 37 4 47 4 29 23 5 43 4 47 4 52 32 4 5 4 26 4 20 4 89 28 4 21 4 60 4 58 49 4 53 4 41 4 77 40 4 40 4 60 4 32 4 95 12 4 48 4 20 4 48 4 
iteration 415 best: 0.94496 time: 160914
53 43 8 16 49 8 62 6 8 39 22 4 42 4 56 11 4 5 4 79 13 8 15 21 4 25 4 42 26 12 5 31 8 119 17 8 119 52 8 97 6 12 32 25 4 8 4 16 30 4 31 4 25 4 21 4 50 32 4 34 4 28 4 83 9 8 48 36 8 43 28 4 39 4 45 26 16 11 16 66 47 4 44 4 47 4 56 4 28 19 4 25 4 29 4 113 44 8 46 8 54 14 4 21 4 28 4 24 4 43 37 8 100 10 4 8 4 48 4 18 4 72 37 8 13 12 4 109 37 8 61 36 8 61 41 8 8 54 4 48 4 12 4 12 32 4 53 4 63 50 4 26 4 33 4 109 5 4 19 4 94 36 4 21 4 14 4 34 52 4 48 4 67 43 4 12 4 27 58 16 22 16 108 5 30 22 4 14 4 29 54 4 22 4 36 4 54 7 4 5 4 103 11 16 6 16 17 22 25 30 4 42 4 10 23 16 58 16 46 35 4 9 4 22 4 49 42 4 18 4 41 9 4 13 4 15 4 74 13 4 5 4 54 14 13 4 31 10 22 12 4 55 5 26 4 17 20 16 52 16 85 41 4 17 4 19 4 42 11 10 29 4 48 5 23 4 67 40 4 32 4 20 4 109 36 16 12 16 106 43 4 6 4 4 10 4 17 4 24 4 76 21 4 19 36 31 4 61 44 4 54 4 42 4 50 4 58 44 4 48 4 21 4 43 4 65 49 4 39 4 27 5 39 4 8 16 4 22 4 38 4 4 14 4 51 32 7 4 91 21 4 26 52 12 4 1 30 4 13 4 81 42 45 25 4 23 55 6 4 76 25 4 25 4 66 56 4 6 4 18 4 15 4 9 39 4 35 4 12 4 52 4 58 37 4 47 4 29 23 5 43 4 47 4 52 32 4 5 4 26 4 20 4 89 28 4 21 4 60 4 58 49 4 53 4 41 4 77 40 4 40 4 60 4 32 4 95 12 4 48 4 20 4 48 4 
iteration 434 best: 0.94496 time: 168241
53 43 8 16 49 8 62 6 8 39 22 4 42 4 56 11 4 5 4 79 13 8 15 21 4 25 4 42 26 12 5 31 8 119 17 8 119 52 8 97 6 12 32 25 4 8 4 16 30 4 31 4 25 4 21 4 50 32 4 34 4 28 4 83 9 8 48 36 8 43 28 4 39 4 45 26 16 11 16 66 47 4 44 4 47 4 56 4 28 19 4 25 4 29 4 113 44 8 46 8 54 14 4 21 4 28 4 24 4 43 37 8 100 10 4 8 4 48 4 18 4 72 37 8 13 12 4 109 37 8 61 36 8 61 41 8 8 54 4 48 4 12 4 12 32 4 53 4 63 50 4 26 4 33 4 109 5 4 19 4 94 36 4 21 4 14 4 34 52 4 48 4 67 43 4 12 4 27 58 16 22 16 108 5 30 22 4 14 4 29 54 4 22 4 36 4 54 7 4 5 4 103 11 16 6 16 17 22 25 30 4 42 4 10 23 16 58 16 46 35 4 9 4 22 4 49 42 4 18 4 41 9 4 13 4 15 4 74 13 4 5 4 54 14 13 4 31 10 22 12 4 55 5 26 4 17 20 16 52 16 85 41 4 17 4 19 4 42 11 10 29 4 48 5 23 4 67 40 4 32 4 20 4 109 36 16 12 16 106 43 4 6 4 4 10 4 17 4 24 4 76 21 4 19 36 31 4 61 44 4 54 4 42 4 50 4 58 44 4 48 4 21 4 43 4 65 49 4 39 4 27 5 39 4 8 16 4 22 4 38 4 4 14 4 51 32 7 4 91 21 4 26 52 12 4 1 30 4 13 4 81 42 45 25 4 23 55 6 4 76 25 4 25 4 66 56 4 6 4 18 4 15 4 9 39 4 35 4 12 4 52 4 58 37 4 47 4 29 23 5 43 4 47 4 52 32 4 5 4 26 4 20 4 89 28 4 21 4 60 4 58 49 4 53 4 41 4 77 40 4 40 4 60 4 32 4 95 12 4 48 4 20 4 48 4 
iteration 453 best: 0.94496 time: 175556
53 43 8 16 49 8 62 6 8 39 22 4 42 4 56 11 4 5 4 79 13 8 15 21 4 25 4 42 26 12 5 31 8 119 17 8 119 52 8 97 6 12 32 25 4 8 4 16 30 4 31 4 25 4 21 4 50 32 4 34 4 28 4 83 9 8 48 36 8 43 28 4 39 4 45 26 16 11 16 66 47 4 44 4 47 4 56 4 28 19 4 25 4 29 4 113 44 8 46 8 54 14 4 21 4 28 4 24 4 43 37 8 100 10 4 8 4 48 4 18 4 72 37 8 13 12 4 109 37 8 61 36 8 61 41 8 8 54 4 48 4 12 4 12 32 4 53 4 63 50 4 26 4 33 4 109 5 4 19 4 94 36 4 21 4 14 4 34 52 4 48 4 67 43 4 12 4 27 58 16 22 16 108 5 30 22 4 14 4 29 54 4 22 4 36 4 54 7 4 5 4 103 11 16 6 16 17 22 25 30 4 42 4 10 23 16 58 16 46 35 4 9 4 22 4 49 42 4 18 4 41 9 4 13 4 15 4 74 13 4 5 4 54 14 13 4 31 10 22 12 4 55 5 26 4 17 20 16 52 16 85 41 4 17 4 19 4 42 11 10 29 4 48 5 23 4 67 40 4 32 4 20 4 109 36 16 12 16 106 43 4 6 4 4 10 4 17 4 24 4 76 21 4 19 36 31 4 61 44 4 54 4 42 4 50 4 58 44 4 48 4 21 4 43 4 65 49 4 39 4 27 5 39 4 8 16 4 22 4 38 4 4 14 4 51 32 7 4 91 21 4 26 52 12 4 1 30 4 13 4 81 42 45 25 4 23 55 6 4 76 25 4 25 4 66 56 4 6 4 18 4 15 4 9 39 4 35 4 12 4 52 4 58 37 4 47 4 29 23 5 43 4 47 4 52 32 4 5 4 26 4 20 4 89 28 4 21 4 60 4 58 49 4 53 4 41 4 77 40 4 40 4 60 4 32 4 95 12 4 48 4 20 4 48 4 
iteration 472 best: 0.94496 time: 182878
53 43 8 16 49 8 62 6 8 39 22 4 42 4 56 11 4 5 4 79 13 8 15 21 4 25 4 42 26 12 5 31 8 119 17 8 119 52 8 97 6 12 32 25 4 8 4 16 30 4 31 4 25 4 21 4 50 32 4 34 4 28 4 83 9 8 48 36 8 43 28 4 39 4 45 26 16 11 16 66 47 4 44 4 47 4 56 4 28 19 4 25 4 29 4 113 44 8 46 8 54 14 4 21 4 28 4 24 4 43 37 8 100 10 4 8 4 48 4 18 4 72 37 8 13 12 4 109 37 8 61 36 8 61 41 8 8 54 4 48 4 12 4 12 32 4 53 4 63 50 4 26 4 33 4 109 5 4 19 4 94 36 4 21 4 14 4 34 52 4 48 4 67 43 4 12 4 27 58 16 22 16 108 5 30 22 4 14 4 29 54 4 22 4 36 4 54 7 4 5 4 103 11 16 6 16 17 22 25 30 4 42 4 10 23 16 58 16 46 35 4 9 4 22 4 49 42 4 18 4 41 9 4 13 4 15 4 74 13 4 5 4 54 14 13 4 31 10 22 12 4 55 5 26 4 17 20 16 52 16 85 41 4 17 4 19 4 42 11 10 29 4 48 5 23 4 67 40 4 32 4 20 4 109 36 16 12 16 106 43 4 6 4 4 10 4 17 4 24 4 76 21 4 19 36 31 4 61 44 4 54 4 42 4 50 4 58 44 4 48 4 21 4 43 4 65 49 4 39 4 27 5 39 4 8 16 4 22 4 38 4 4 14 4 51 32 7 4 91 21 4 26 52 12 4 1 30 4 13 4 81 42 45 25 4 23 55 6 4 76 25 4 25 4 66 56 4 6 4 18 4 15 4 9 39 4 35 4 12 4 52 4 58 37 4 47 4 29 23 5 43 4 47 4 52 32 4 5 4 26 4 20 4 89 28 4 21 4 60 4 58 49 4 53 4 41 4 77 40 4 40 4 60 4 32 4 95 12 4 48 4 20 4 48 4 
iteration 491 best: 0.94496 time: 190152
53 43 8 16 49 8 62 6 8 39 22 4 42 4 56 11 4 5 4 79 13 8 15 21 4 25 4 42 26 12 5 31 8 119 17 8 119 52 8 97 6 12 32 25 4 8 4 16 30 4 31 4 25 4 21 4 50 32 4 34 4 28 4 83 9 8 48 36 8 43 28 4 39 4 45 26 16 11 16 66 47 4 44 4 47 4 56 4 28 19 4 25 4 29 4 113 44 8 46 8 54 14 4 21 4 28 4 24 4 43 37 8 100 10 4 8 4 48 4 18 4 72 37 8 13 12 4 109 37 8 61 36 8 61 41 8 8 54 4 48 4 12 4 12 32 4 53 4 63 50 4 26 4 33 4 109 5 4 19 4 94 36 4 21 4 14 4 34 52 4 48 4 67 43 4 12 4 27 58 16 22 16 108 5 30 22 4 14 4 29 54 4 22 4 36 4 54 7 4 5 4 103 11 16 6 16 17 22 25 30 4 42 4 10 23 16 58 16 46 35 4 9 4 22 4 49 42 4 18 4 41 9 4 13 4 15 4 74 13 4 5 4 54 14 13 4 31 10 22 12 4 55 5 26 4 17 20 16 52 16 85 41 4 17 4 19 4 42 11 10 29 4 48 5 23 4 67 40 4 32 4 20 4 109 36 16 12 16 106 43 4 6 4 4 10 4 17 4 24 4 76 21 4 19 36 31 4 61 44 4 54 4 42 4 50 4 58 44 4 48 4 21 4 43 4 65 49 4 39 4 27 5 39 4 8 16 4 22 4 38 4 4 14 4 51 32 7 4 91 21 4 26 52 12 4 1 30 4 13 4 81 42 45 25 4 23 55 6 4 76 25 4 25 4 66 56 4 6 4 18 4 15 4 9 39 4 35 4 12 4 52 4 58 37 4 47 4 29 23 5 43 4 47 4 52 32 4 5 4 26 4 20 4 89 28 4 21 4 60 4 58 49 4 53 4 41 4 77 40 4 40 4 60 4 32 4 95 12 4 48 4 20 4 48 4 
iteration 510 best: 0.94496 time: 197424
53 43 8 16 49 8 62 6 8 39 22 4 42 4 56 11 4 5 4 79 13 8 15 21 4 25 4 42 26 12 5 31 8 119 17 8 119 52 8 97 6 12 32 25 4 8 4 16 30 4 31 4 25 4 21 4 50 32 4 34 4 28 4 83 9 8 48 36 8 43 28 4 39 4 45 26 16 11 16 66 47 4 44 4 47 4 56 4 28 19 4 25 4 29 4 113 44 8 46 8 54 14 4 21 4 28 4 24 4 43 37 8 100 10 4 8 4 48 4 18 4 72 37 8 13 12 4 109 37 8 61 36 8 61 41 8 8 54 4 48 4 12 4 12 32 4 53 4 63 50 4 26 4 33 4 109 5 4 19 4 94 36 4 21 4 14 4 34 52 4 48 4 67 43 4 12 4 27 58 16 22 16 108 5 30 22 4 14 4 29 54 4 22 4 36 4 54 7 4 5 4 103 11 16 6 16 17 22 25 30 4 42 4 10 23 16 58 16 46 35 4 9 4 22 4 49 42 4 18 4 41 9 4 13 4 15 4 74 13 4 5 4 54 14 13 4 31 10 22 12 4 55 5 26 4 17 20 16 52 16 85 41 4 17 4 19 4 42 11 10 29 4 48 5 23 4 67 40 4 32 4 20 4 109 36 16 12 16 106 43 4 6 4 4 10 4 17 4 24 4 76 21 4 19 36 31 4 61 44 4 54 4 42 4 50 4 58 44 4 48 4 21 4 43 4 65 49 4 39 4 27 5 39 4 8 16 4 22 4 38 4 4 14 4 51 32 7 4 91 21 4 26 52 12 4 1 30 4 13 4 81 42 45 25 4 23 55 6 4 76 25 4 25 4 66 56 4 6 4 18 4 15 4 9 39 4 35 4 12 4 52 4 58 37 4 47 4 29 23 5 43 4 47 4 52 32 4 5 4 26 4 20 4 89 28 4 21 4 60 4 58 49 4 53 4 41 4 77 40 4 40 4 60 4 32 4 95 12 4 48 4 20 4 48 4 
iteration 529 best: 0.94496 time: 204730
53 43 8 16 49 8 62 6 8 39 22 4 42 4 56 11 4 5 4 79 13 8 15 21 4 25 4 42 26 12 5 31 8 119 17 8 119 52 8 97 6 12 32 25 4 8 4 16 30 4 31 4 25 4 21 4 50 32 4 34 4 28 4 83 9 8 48 36 8 43 28 4 39 4 45 26 16 11 16 66 47 4 44 4 47 4 56 4 28 19 4 25 4 29 4 113 44 8 46 8 54 14 4 21 4 28 4 24 4 43 37 8 100 10 4 8 4 48 4 18 4 72 37 8 13 12 4 109 37 8 61 36 8 61 41 8 8 54 4 48 4 12 4 12 32 4 53 4 63 50 4 26 4 33 4 109 5 4 19 4 94 36 4 21 4 14 4 34 52 4 48 4 67 43 4 12 4 27 58 16 22 16 108 5 30 22 4 14 4 29 54 4 22 4 36 4 54 7 4 5 4 103 11 16 6 16 17 22 25 30 4 42 4 10 23 16 58 16 46 35 4 9 4 22 4 49 42 4 18 4 41 9 4 13 4 15 4 74 13 4 5 4 54 14 13 4 31 10 22 12 4 55 5 26 4 17 20 16 52 16 85 41 4 17 4 19 4 42 11 10 29 4 48 5 23 4 67 40 4 32 4 20 4 109 36 16 12 16 106 43 4 6 4 4 10 4 17 4 24 4 76 21 4 19 36 31 4 61 44 4 54 4 42 4 50 4 58 44 4 48 4 21 4 43 4 65 49 4 39 4 27 5 39 4 8 16 4 22 4 38 4 4 14 4 51 32 7 4 91 21 4 26 52 12 4 1 30 4 13 4 81 42 45 25 4 23 55 6 4 76 25 4 25 4 66 56 4 6 4 18 4 15 4 9 39 4 35 4 12 4 52 4 58 37 4 47 4 29 23 5 43 4 47 4 52 32 4 5 4 26 4 20 4 89 28 4 21 4 60 4 58 49 4 53 4 41 4 77 40 4 40 4 60 4 32 4 95 12 4 48 4 20 4 48 4 
iteration 548 best: 0.94496 time: 212050
53 43 8 16 49 8 62 6 8 39 22 4 42 4 56 11 4 5 4 79 13 8 15 21 4 25 4 42 26 12 5 31 8 119 17 8 119 52 8 97 6 12 32 25 4 8 4 16 30 4 31 4 25 4 21 4 50 32 4 34 4 28 4 83 9 8 48 36 8 43 28 4 39 4 45 26 16 11 16 66 47 4 44 4 47 4 56 4 28 19 4 25 4 29 4 113 44 8 46 8 54 14 4 21 4 28 4 24 4 43 37 8 100 10 4 8 4 48 4 18 4 72 37 8 13 12 4 109 37 8 61 36 8 61 41 8 8 54 4 48 4 12 4 12 32 4 53 4 63 50 4 26 4 33 4 109 5 4 19 4 94 36 4 21 4 14 4 34 52 4 48 4 67 43 4 12 4 27 58 16 22 16 108 5 30 22 4 14 4 29 54 4 22 4 36 4 54 7 4 5 4 103 11 16 6 16 17 22 25 30 4 42 4 10 23 16 58 16 46 35 4 9 4 22 4 49 42 4 18 4 41 9 4 13 4 15 4 74 13 4 5 4 54 14 13 4 31 10 22 12 4 55 5 26 4 17 20 16 52 16 85 41 4 17 4 19 4 42 11 10 29 4 48 5 23 4 67 40 4 32 4 20 4 109 36 16 12 16 106 43 4 6 4 4 10 4 17 4 24 4 76 21 4 19 36 31 4 61 44 4 54 4 42 4 50 4 58 44 4 48 4 21 4 43 4 65 49 4 39 4 27 5 39 4 8 16 4 22 4 38 4 4 14 4 51 32 7 4 91 21 4 26 52 12 4 1 30 4 13 4 81 42 45 25 4 23 55 6 4 76 25 4 25 4 66 56 4 6 4 18 4 15 4 9 39 4 35 4 12 4 52 4 58 37 4 47 4 29 23 5 43 4 47 4 52 32 4 5 4 26 4 20 4 89 28 4 21 4 60 4 58 49 4 53 4 41 4 77 40 4 40 4 60 4 32 4 95 12 4 48 4 20 4 48 4 
iteration 567 best: 0.94496 time: 219381
53 43 8 16 49 8 62 6 8 39 22 4 42 4 56 11 4 5 4 79 13 8 15 21 4 25 4 42 26 12 5 31 8 119 17 8 119 52 8 97 6 12 32 25 4 8 4 16 30 4 31 4 25 4 21 4 50 32 4 34 4 28 4 83 9 8 48 36 8 43 28 4 39 4 45 26 16 11 16 66 47 4 44 4 47 4 56 4 28 19 4 25 4 29 4 113 44 8 46 8 54 14 4 21 4 28 4 24 4 43 37 8 100 10 4 8 4 48 4 18 4 72 37 8 13 12 4 109 37 8 61 36 8 61 41 8 8 54 4 48 4 12 4 12 32 4 53 4 63 50 4 26 4 33 4 109 5 4 19 4 94 36 4 21 4 14 4 34 52 4 48 4 67 43 4 12 4 27 58 16 22 16 108 5 30 22 4 14 4 29 54 4 22 4 36 4 54 7 4 5 4 103 11 16 6 16 17 22 25 30 4 42 4 10 23 16 58 16 46 35 4 9 4 22 4 49 42 4 18 4 41 9 4 13 4 15 4 74 13 4 5 4 54 14 13 4 31 10 22 12 4 55 5 26 4 17 20 16 52 16 85 41 4 17 4 19 4 42 11 10 29 4 48 5 23 4 67 40 4 32 4 20 4 109 36 16 12 16 106 43 4 6 4 4 10 4 17 4 24 4 76 21 4 19 36 31 4 61 44 4 54 4 42 4 50 4 58 44 4 48 4 21 4 43 4 65 49 4 39 4 27 5 39 4 8 16 4 22 4 38 4 4 14 4 51 32 7 4 91 21 4 26 52 12 4 1 30 4 13 4 81 42 45 25 4 23 55 6 4 76 25 4 25 4 66 56 4 6 4 18 4 15 4 9 39 4 35 4 12 4 52 4 58 37 4 47 4 29 23 5 43 4 47 4 52 32 4 5 4 26 4 20 4 89 28 4 21 4 60 4 58 49 4 53 4 41 4 77 40 4 40 4 60 4 32 4 95 12 4 48 4 20 4 48 4 
iteration 586 best: 0.94496 time: 226728
53 43 8 16 49 8 62 6 8 39 22 4 42 4 56 11 4 5 4 79 13 8 15 21 4 25 4 42 26 12 5 31 8 119 17 8 119 52 8 97 6 12 32 25 4 8 4 16 30 4 31 4 25 4 21 4 50 32 4 34 4 28 4 83 9 8 48 36 8 43 28 4 39 4 45 26 16 11 16 66 47 4 44 4 47 4 56 4 28 19 4 25 4 29 4 113 44 8 46 8 54 14 4 21 4 28 4 24 4 43 37 8 100 10 4 8 4 48 4 18 4 72 37 8 13 12 4 109 37 8 61 36 8 61 41 8 8 54 4 48 4 12 4 12 32 4 53 4 63 50 4 26 4 33 4 109 5 4 19 4 94 36 4 21 4 14 4 34 52 4 48 4 67 43 4 12 4 27 58 16 22 16 108 5 30 22 4 14 4 29 54 4 22 4 36 4 54 7 4 5 4 103 11 16 6 16 17 22 25 30 4 42 4 10 23 16 58 16 46 35 4 9 4 22 4 49 42 4 18 4 41 9 4 13 4 15 4 74 13 4 5 4 54 14 13 4 31 10 22 12 4 55 5 26 4 17 20 16 52 16 85 41 4 17 4 19 4 42 11 10 29 4 48 5 23 4 67 40 4 32 4 20 4 109 36 16 12 16 106 43 4 6 4 4 10 4 17 4 24 4 76 21 4 19 36 31 4 61 44 4 54 4 42 4 50 4 58 44 4 48 4 21 4 43 4 65 49 4 39 4 27 5 39 4 8 16 4 22 4 38 4 4 14 4 51 32 7 4 91 21 4 26 52 12 4 1 30 4 13 4 81 42 45 25 4 23 55 6 4 76 25 4 25 4 66 56 4 6 4 18 4 15 4 9 39 4 35 4 12 4 52 4 58 37 4 47 4 29 23 5 43 4 47 4 52 32 4 5 4 26 4 20 4 89 28 4 21 4 60 4 58 49 4 53 4 41 4 77 40 4 40 4 60 4 32 4 95 12 4 48 4 20 4 48 4 
iteration 605 best: 0.94496 time: 234055
53 43 8 16 49 8 62 6 8 39 22 4 42 4 56 11 4 5 4 79 13 8 15 21 4 25 4 42 26 12 5 31 8 119 17 8 119 52 8 97 6 12 32 25 4 8 4 16 30 4 31 4 25 4 21 4 50 32 4 34 4 28 4 83 9 8 48 36 8 43 28 4 39 4 45 26 16 11 16 66 47 4 44 4 47 4 56 4 28 19 4 25 4 29 4 113 44 8 46 8 54 14 4 21 4 28 4 24 4 43 37 8 100 10 4 8 4 48 4 18 4 72 37 8 13 12 4 109 37 8 61 36 8 61 41 8 8 54 4 48 4 12 4 12 32 4 53 4 63 50 4 26 4 33 4 109 5 4 19 4 94 36 4 21 4 14 4 34 52 4 48 4 67 43 4 12 4 27 58 16 22 16 108 5 30 22 4 14 4 29 54 4 22 4 36 4 54 7 4 5 4 103 11 16 6 16 17 22 25 30 4 42 4 10 23 16 58 16 46 35 4 9 4 22 4 49 42 4 18 4 41 9 4 13 4 15 4 74 13 4 5 4 54 14 13 4 31 10 22 12 4 55 5 26 4 17 20 16 52 16 85 41 4 17 4 19 4 42 11 10 29 4 48 5 23 4 67 40 4 32 4 20 4 109 36 16 12 16 106 43 4 6 4 4 10 4 17 4 24 4 76 21 4 19 36 31 4 61 44 4 54 4 42 4 50 4 58 44 4 48 4 21 4 43 4 65 49 4 39 4 27 5 39 4 8 16 4 22 4 38 4 4 14 4 51 32 7 4 91 21 4 26 52 12 4 1 30 4 13 4 81 42 45 25 4 23 55 6 4 76 25 4 25 4 66 56 4 6 4 18 4 15 4 9 39 4 35 4 12 4 52 4 58 37 4 47 4 29 23 5 43 4 47 4 52 32 4 5 4 26 4 20 4 89 28 4 21 4 60 4 58 49 4 53 4 41 4 77 40 4 40 4 60 4 32 4 95 12 4 48 4 20 4 48 4 
iteration 624 best: 0.94496 time: 241375
53 43 8 16 49 8 62 6 8 39 22 4 42 4 56 11 4 5 4 79 13 8 15 21 4 25 4 42 26 12 5 31 8 119 17 8 119 52 8 97 6 12 32 25 4 8 4 16 30 4 31 4 25 4 21 4 50 32 4 34 4 28 4 83 9 8 48 36 8 43 28 4 39 4 45 26 16 11 16 66 47 4 44 4 47 4 56 4 28 19 4 25 4 29 4 113 44 8 46 8 54 14 4 21 4 28 4 24 4 43 37 8 100 10 4 8 4 48 4 18 4 72 37 8 13 12 4 109 37 8 61 36 8 61 41 8 8 54 4 48 4 12 4 12 32 4 53 4 63 50 4 26 4 33 4 109 5 4 19 4 94 36 4 21 4 14 4 34 52 4 48 4 67 43 4 12 4 27 58 16 22 16 108 5 30 22 4 14 4 29 54 4 22 4 36 4 54 7 4 5 4 103 11 16 6 16 17 22 25 30 4 42 4 10 23 16 58 16 46 35 4 9 4 22 4 49 42 4 18 4 41 9 4 13 4 15 4 74 13 4 5 4 54 14 13 4 31 10 22 12 4 55 5 26 4 17 20 16 52 16 85 41 4 17 4 19 4 42 11 10 29 4 48 5 23 4 67 40 4 32 4 20 4 109 36 16 12 16 106 43 4 6 4 4 10 4 17 4 24 4 76 21 4 19 36 31 4 61 44 4 54 4 42 4 50 4 58 44 4 48 4 21 4 43 4 65 49 4 39 4 27 5 39 4 8 16 4 22 4 38 4 4 14 4 51 32 7 4 91 21 4 26 52 12 4 1 30 4 13 4 81 42 45 25 4 23 55 6 4 76 25 4 25 4 66 56 4 6 4 18 4 15 4 9 39 4 35 4 12 4 52 4 58 37 4 47 4 29 23 5 43 4 47 4 52 32 4 5 4 26 4 20 4 89 28 4 21 4 60 4 58 49 4 53 4 41 4 77 40 4 40 4 60 4 32 4 95 12 4 48 4 20 4 48 4 
iteration 643 best: 0.94496 time: 248687
53 43 8 16 49 8 62 6 8 39 22 4 42 4 56 11 4 5 4 79 13 8 15 21 4 25 4 42 26 12 5 31 8 119 17 8 119 52 8 97 6 12 32 25 4 8 4 16 30 4 31 4 25 4 21 4 50 32 4 34 4 28 4 83 9 8 48 36 8 43 28 4 39 4 45 26 16 11 16 66 47 4 44 4 47 4 56 4 28 19 4 25 4 29 4 113 44 8 46 8 54 14 4 21 4 28 4 24 4 43 37 8 100 10 4 8 4 48 4 18 4 72 37 8 13 12 4 109 37 8 61 36 8 61 41 8 8 54 4 48 4 12 4 12 32 4 53 4 63 50 4 26 4 33 4 109 5 4 19 4 94 36 4 21 4 14 4 34 52 4 48 4 67 43 4 12 4 27 58 16 22 16 108 5 30 22 4 14 4 29 54 4 22 4 36 4 54 7 4 5 4 103 11 16 6 16 17 22 25 30 4 42 4 10 23 16 58 16 46 35 4 9 4 22 4 49 42 4 18 4 41 9 4 13 4 15 4 74 13 4 5 4 54 14 13 4 31 10 22 12 4 55 5 26 4 17 20 16 52 16 85 41 4 17 4 19 4 42 11 10 29 4 48 5 23 4 67 40 4 32 4 20 4 109 36 16 12 16 106 43 4 6 4 4 10 4 17 4 24 4 76 21 4 19 36 31 4 61 44 4 54 4 42 4 50 4 58 44 4 48 4 21 4 43 4 65 49 4 39 4 27 5 39 4 8 16 4 22 4 38 4 4 14 4 51 32 7 4 91 21 4 26 52 12 4 1 30 4 13 4 81 42 45 25 4 23 55 6 4 76 25 4 25 4 66 56 4 6 4 18 4 15 4 9 39 4 35 4 12 4 52 4 58 37 4 47 4 29 23 5 43 4 47 4 52 32 4 5 4 26 4 20 4 89 28 4 21 4 60 4 58 49 4 53 4 41 4 77 40 4 40 4 60 4 32 4 95 12 4 48 4 20 4 48 4 
iteration 662 best: 0.94496 time: 256018
53 43 8 16 49 8 62 6 8 39 22 4 42 4 56 11 4 5 4 79 13 8 15 21 4 25 4 42 26 12 5 31 8 119 17 8 119 52 8 97 6 12 32 25 4 8 4 16 30 4 31 4 25 4 21 4 50 32 4 34 4 28 4 83 9 8 48 36 8 43 28 4 39 4 45 26 16 11 16 66 47 4 44 4 47 4 56 4 28 19 4 25 4 29 4 113 44 8 46 8 54 14 4 21 4 28 4 24 4 43 37 8 100 10 4 8 4 48 4 18 4 72 37 8 13 12 4 109 37 8 61 36 8 61 41 8 8 54 4 48 4 12 4 12 32 4 53 4 63 50 4 26 4 33 4 109 5 4 19 4 94 36 4 21 4 14 4 34 52 4 48 4 67 43 4 12 4 27 58 16 22 16 108 5 30 22 4 14 4 29 54 4 22 4 36 4 54 7 4 5 4 103 11 16 6 16 17 22 25 30 4 42 4 10 23 16 58 16 46 35 4 9 4 22 4 49 42 4 18 4 41 9 4 13 4 15 4 74 13 4 5 4 54 14 13 4 31 10 22 12 4 55 5 26 4 17 20 16 52 16 85 41 4 17 4 19 4 42 11 10 29 4 48 5 23 4 67 40 4 32 4 20 4 109 36 16 12 16 106 43 4 6 4 4 10 4 17 4 24 4 76 21 4 19 36 31 4 61 44 4 54 4 42 4 50 4 58 44 4 48 4 21 4 43 4 65 49 4 39 4 27 5 39 4 8 16 4 22 4 38 4 4 14 4 51 32 7 4 91 21 4 26 52 12 4 1 30 4 13 4 81 42 45 25 4 23 55 6 4 76 25 4 25 4 66 56 4 6 4 18 4 15 4 9 39 4 35 4 12 4 52 4 58 37 4 47 4 29 23 5 43 4 47 4 52 32 4 5 4 26 4 20 4 89 28 4 21 4 60 4 58 49 4 53 4 41 4 77 40 4 40 4 60 4 32 4 95 12 4 48 4 20 4 48 4 
iteration 681 best: 0.94496 time: 263332
53 43 8 16 49 8 62 6 8 39 22 4 42 4 56 11 4 5 4 79 13 8 15 21 4 25 4 42 26 12 5 31 8 119 17 8 119 52 8 97 6 12 32 25 4 8 4 16 30 4 31 4 25 4 21 4 50 32 4 34 4 28 4 83 9 8 48 36 8 43 28 4 39 4 45 26 16 11 16 66 47 4 44 4 47 4 56 4 28 19 4 25 4 29 4 113 44 8 46 8 54 14 4 21 4 28 4 24 4 43 37 8 100 10 4 8 4 48 4 18 4 72 37 8 13 12 4 109 37 8 61 36 8 61 41 8 8 54 4 48 4 12 4 12 32 4 53 4 63 50 4 26 4 33 4 109 5 4 19 4 94 36 4 21 4 14 4 34 52 4 48 4 67 43 4 12 4 27 58 16 22 16 108 5 30 22 4 14 4 29 54 4 22 4 36 4 54 7 4 5 4 103 11 16 6 16 17 22 25 30 4 42 4 10 23 16 58 16 46 35 4 9 4 22 4 49 42 4 18 4 41 9 4 13 4 15 4 74 13 4 5 4 54 14 13 4 31 10 22 12 4 55 5 26 4 17 20 16 52 16 85 41 4 17 4 19 4 42 11 10 29 4 48 5 23 4 67 40 4 32 4 20 4 109 36 16 12 16 106 43 4 6 4 4 10 4 17 4 24 4 76 21 4 19 36 31 4 61 44 4 54 4 42 4 50 4 58 44 4 48 4 21 4 43 4 65 49 4 39 4 27 5 39 4 8 16 4 22 4 38 4 4 14 4 51 32 7 4 91 21 4 26 52 12 4 1 30 4 13 4 81 42 45 25 4 23 55 6 4 76 25 4 25 4 66 56 4 6 4 18 4 15 4 9 39 4 35 4 12 4 52 4 58 37 4 47 4 29 23 5 43 4 47 4 52 32 4 5 4 26 4 20 4 89 28 4 21 4 60 4 58 49 4 53 4 41 4 77 40 4 40 4 60 4 32 4 95 12 4 48 4 20 4 48 4 
iteration 700 best: 0.94496 time: 270601
53 43 8 16 49 8 62 6 8 39 22 4 42 4 56 11 4 5 4 79 13 8 15 21 4 25 4 42 26 12 5 31 8 119 17 8 119 52 8 97 6 12 32 25 4 8 4 16 30 4 31 4 25 4 21 4 50 32 4 34 4 28 4 83 9 8 48 36 8 43 28 4 39 4 45 26 16 11 16 66 47 4 44 4 47 4 56 4 28 19 4 25 4 29 4 113 44 8 46 8 54 14 4 21 4 28 4 24 4 43 37 8 100 10 4 8 4 48 4 18 4 72 37 8 13 12 4 109 37 8 61 36 8 61 41 8 8 54 4 48 4 12 4 12 32 4 53 4 63 50 4 26 4 33 4 109 5 4 19 4 94 36 4 21 4 14 4 34 52 4 48 4 67 43 4 12 4 27 58 16 22 16 108 5 30 22 4 14 4 29 54 4 22 4 36 4 54 7 4 5 4 103 11 16 6 16 17 22 25 30 4 42 4 10 23 16 58 16 46 35 4 9 4 22 4 49 42 4 18 4 41 9 4 13 4 15 4 74 13 4 5 4 54 14 13 4 31 10 22 12 4 55 5 26 4 17 20 16 52 16 85 41 4 17 4 19 4 42 11 10 29 4 48 5 23 4 67 40 4 32 4 20 4 109 36 16 12 16 106 43 4 6 4 4 10 4 17 4 24 4 76 21 4 19 36 31 4 61 44 4 54 4 42 4 50 4 58 44 4 48 4 21 4 43 4 65 49 4 39 4 27 5 39 4 8 16 4 22 4 38 4 4 14 4 51 32 7 4 91 21 4 26 52 12 4 1 30 4 13 4 81 42 45 25 4 23 55 6 4 76 25 4 25 4 66 56 4 6 4 18 4 15 4 9 39 4 35 4 12 4 52 4 58 37 4 47 4 29 23 5 43 4 47 4 52 32 4 5 4 26 4 20 4 89 28 4 21 4 60 4 58 49 4 53 4 41 4 77 40 4 40 4 60 4 32 4 95 12 4 48 4 20 4 48 4 
iteration 719 best: 0.94496 time: 277891
53 43 8 16 49 8 62 6 8 39 22 4 42 4 56 11 4 5 4 79 13 8 15 21 4 25 4 42 26 12 5 31 8 119 17 8 119 52 8 97 6 12 32 25 4 8 4 16 30 4 31 4 25 4 21 4 50 32 4 34 4 28 4 83 9 8 48 36 8 43 28 4 39 4 45 26 16 11 16 66 47 4 44 4 47 4 56 4 28 19 4 25 4 29 4 113 44 8 46 8 54 14 4 21 4 28 4 24 4 43 37 8 100 10 4 8 4 48 4 18 4 72 37 8 13 12 4 109 37 8 61 36 8 61 41 8 8 54 4 48 4 12 4 12 32 4 53 4 63 50 4 26 4 33 4 109 5 4 19 4 94 36 4 21 4 14 4 34 52 4 48 4 67 43 4 12 4 27 58 16 22 16 108 5 30 22 4 14 4 29 54 4 22 4 36 4 54 7 4 5 4 103 11 16 6 16 17 22 25 30 4 42 4 10 23 16 58 16 46 35 4 9 4 22 4 49 42 4 18 4 41 9 4 13 4 15 4 74 13 4 5 4 54 14 13 4 31 10 22 12 4 55 5 26 4 17 20 16 52 16 85 41 4 17 4 19 4 42 11 10 29 4 48 5 23 4 67 40 4 32 4 20 4 109 36 16 12 16 106 43 4 6 4 4 10 4 17 4 24 4 76 21 4 19 36 31 4 61 44 4 54 4 42 4 50 4 58 44 4 48 4 21 4 43 4 65 49 4 39 4 27 5 39 4 8 16 4 22 4 38 4 4 14 4 51 32 7 4 91 21 4 26 52 12 4 1 30 4 13 4 81 42 45 25 4 23 55 6 4 76 25 4 25 4 66 56 4 6 4 18 4 15 4 9 39 4 35 4 12 4 52 4 58 37 4 47 4 29 23 5 43 4 47 4 52 32 4 5 4 26 4 20 4 89 28 4 21 4 60 4 58 49 4 53 4 41 4 77 40 4 40 4 60 4 32 4 95 12 4 48 4 20 4 48 4 
iteration 738 best: 0.94496 time: 285174
53 43 8 16 49 8 62 6 8 39 22 4 42 4 56 11 4 5 4 79 13 8 15 21 4 25 4 42 26 12 5 31 8 119 17 8 119 52 8 97 6 12 32 25 4 8 4 16 30 4 31 4 25 4 21 4 50 32 4 34 4 28 4 83 9 8 48 36 8 43 28 4 39 4 45 26 16 11 16 66 47 4 44 4 47 4 56 4 28 19 4 25 4 29 4 113 44 8 46 8 54 14 4 21 4 28 4 24 4 43 37 8 100 10 4 8 4 48 4 18 4 72 37 8 13 12 4 109 37 8 61 36 8 61 41 8 8 54 4 48 4 12 4 12 32 4 53 4 63 50 4 26 4 33 4 109 5 4 19 4 94 36 4 21 4 14 4 34 52 4 48 4 67 43 4 12 4 27 58 16 22 16 108 5 30 22 4 14 4 29 54 4 22 4 36 4 54 7 4 5 4 103 11 16 6 16 17 22 25 30 4 42 4 10 23 16 58 16 46 35 4 9 4 22 4 49 42 4 18 4 41 9 4 13 4 15 4 74 13 4 5 4 54 14 13 4 31 10 22 12 4 55 5 26 4 17 20 16 52 16 85 41 4 17 4 19 4 42 11 10 29 4 48 5 23 4 67 40 4 32 4 20 4 109 36 16 12 16 106 43 4 6 4 4 10 4 17 4 24 4 76 21 4 19 36 31 4 61 44 4 54 4 42 4 50 4 58 44 4 48 4 21 4 43 4 65 49 4 39 4 27 5 39 4 8 16 4 22 4 38 4 4 14 4 51 32 7 4 91 21 4 26 52 12 4 1 30 4 13 4 81 42 45 25 4 23 55 6 4 76 25 4 25 4 66 56 4 6 4 18 4 15 4 9 39 4 35 4 12 4 52 4 58 37 4 47 4 29 23 5 43 4 47 4 52 32 4 5 4 26 4 20 4 89 28 4 21 4 60 4 58 49 4 53 4 41 4 77 40 4 40 4 60 4 32 4 95 12 4 48 4 20 4 48 4 
iteration 757 best: 0.94496 time: 292456
53 43 8 16 49 8 62 6 8 39 22 4 42 4 56 11 4 5 4 79 13 8 15 21 4 25 4 42 26 12 5 31 8 119 17 8 119 52 8 97 6 12 32 25 4 8 4 16 30 4 31 4 25 4 21 4 50 32 4 34 4 28 4 83 9 8 48 36 8 43 28 4 39 4 45 26 16 11 16 66 47 4 44 4 47 4 56 4 28 19 4 25 4 29 4 113 44 8 46 8 54 14 4 21 4 28 4 24 4 43 37 8 100 10 4 8 4 48 4 18 4 72 37 8 13 12 4 109 37 8 61 36 8 61 41 8 8 54 4 48 4 12 4 12 32 4 53 4 63 50 4 26 4 33 4 109 5 4 19 4 94 36 4 21 4 14 4 34 52 4 48 4 67 43 4 12 4 27 58 16 22 16 108 5 30 22 4 14 4 29 54 4 22 4 36 4 54 7 4 5 4 103 11 16 6 16 17 22 25 30 4 42 4 10 23 16 58 16 46 35 4 9 4 22 4 49 42 4 18 4 41 9 4 13 4 15 4 74 13 4 5 4 54 14 13 4 31 10 22 12 4 55 5 26 4 17 20 16 52 16 85 41 4 17 4 19 4 42 11 10 29 4 48 5 23 4 67 40 4 32 4 20 4 109 36 16 12 16 106 43 4 6 4 4 10 4 17 4 24 4 76 21 4 19 36 31 4 61 44 4 54 4 42 4 50 4 58 44 4 48 4 21 4 43 4 65 49 4 39 4 27 5 39 4 8 16 4 22 4 38 4 4 14 4 51 32 7 4 91 21 4 26 52 12 4 1 30 4 13 4 81 42 45 25 4 23 55 6 4 76 25 4 25 4 66 56 4 6 4 18 4 15 4 9 39 4 35 4 12 4 52 4 58 37 4 47 4 29 23 5 43 4 47 4 52 32 4 5 4 26 4 20 4 89 28 4 21 4 60 4 58 49 4 53 4 41 4 77 40 4 40 4 60 4 32 4 95 12 4 48 4 20 4 48 4 
iteration 776 best: 0.94496 time: 299747
53 43 8 16 49 8 62 6 8 39 22 4 42 4 56 11 4 5 4 79 13 8 15 21 4 25 4 42 26 12 5 31 8 119 17 8 119 52 8 97 6 12 32 25 4 8 4 16 30 4 31 4 25 4 21 4 50 32 4 34 4 28 4 83 9 8 48 36 8 43 28 4 39 4 45 26 16 11 16 66 47 4 44 4 47 4 56 4 28 19 4 25 4 29 4 113 44 8 46 8 54 14 4 21 4 28 4 24 4 43 37 8 100 10 4 8 4 48 4 18 4 72 37 8 13 12 4 109 37 8 61 36 8 61 41 8 8 54 4 48 4 12 4 12 32 4 53 4 63 50 4 26 4 33 4 109 5 4 19 4 94 36 4 21 4 14 4 34 52 4 48 4 67 43 4 12 4 27 58 16 22 16 108 5 30 22 4 14 4 29 54 4 22 4 36 4 54 7 4 5 4 103 11 16 6 16 17 22 25 30 4 42 4 10 23 16 58 16 46 35 4 9 4 22 4 49 42 4 18 4 41 9 4 13 4 15 4 74 13 4 5 4 54 14 13 4 31 10 22 12 4 55 5 26 4 17 20 16 52 16 85 41 4 17 4 19 4 42 11 10 29 4 48 5 23 4 67 40 4 32 4 20 4 109 36 16 12 16 106 43 4 6 4 4 10 4 17 4 24 4 76 21 4 19 36 31 4 61 44 4 54 4 42 4 50 4 58 44 4 48 4 21 4 43 4 65 49 4 39 4 27 5 39 4 8 16 4 22 4 38 4 4 14 4 51 32 7 4 91 21 4 26 52 12 4 1 30 4 13 4 81 42 45 25 4 23 55 6 4 76 25 4 25 4 66 56 4 6 4 18 4 15 4 9 39 4 35 4 12 4 52 4 58 37 4 47 4 29 23 5 43 4 47 4 52 32 4 5 4 26 4 20 4 89 28 4 21 4 60 4 58 49 4 53 4 41 4 77 40 4 40 4 60 4 32 4 95 12 4 48 4 20 4 48 4 
iteration 795 best: 0.94496 time: 307070
53 43 8 16 49 8 62 6 8 39 22 4 42 4 56 11 4 5 4 79 13 8 15 21 4 25 4 42 26 12 5 31 8 119 17 8 119 52 8 97 6 12 32 25 4 8 4 16 30 4 31 4 25 4 21 4 50 32 4 34 4 28 4 83 9 8 48 36 8 43 28 4 39 4 45 26 16 11 16 66 47 4 44 4 47 4 56 4 28 19 4 25 4 29 4 113 44 8 46 8 54 14 4 21 4 28 4 24 4 43 37 8 100 10 4 8 4 48 4 18 4 72 37 8 13 12 4 109 37 8 61 36 8 61 41 8 8 54 4 48 4 12 4 12 32 4 53 4 63 50 4 26 4 33 4 109 5 4 19 4 94 36 4 21 4 14 4 34 52 4 48 4 67 43 4 12 4 27 58 16 22 16 108 5 30 22 4 14 4 29 54 4 22 4 36 4 54 7 4 5 4 103 11 16 6 16 17 22 25 30 4 42 4 10 23 16 58 16 46 35 4 9 4 22 4 49 42 4 18 4 41 9 4 13 4 15 4 74 13 4 5 4 54 14 13 4 31 10 22 12 4 55 5 26 4 17 20 16 52 16 85 41 4 17 4 19 4 42 11 10 29 4 48 5 23 4 67 40 4 32 4 20 4 109 36 16 12 16 106 43 4 6 4 4 10 4 17 4 24 4 76 21 4 19 36 31 4 61 44 4 54 4 42 4 50 4 58 44 4 48 4 21 4 43 4 65 49 4 39 4 27 5 39 4 8 16 4 22 4 38 4 4 14 4 51 32 7 4 91 21 4 26 52 12 4 1 30 4 13 4 81 42 45 25 4 23 55 6 4 76 25 4 25 4 66 56 4 6 4 18 4 15 4 9 39 4 35 4 12 4 52 4 58 37 4 47 4 29 23 5 43 4 47 4 52 32 4 5 4 26 4 20 4 89 28 4 21 4 60 4 58 49 4 53 4 41 4 77 40 4 40 4 60 4 32 4 95 12 4 48 4 20 4 48 4 
iteration 814 best: 0.94496 time: 314419
53 43 8 16 49 8 62 6 8 39 22 4 42 4 56 11 4 5 4 79 13 8 15 21 4 25 4 42 26 12 5 31 8 119 17 8 119 52 8 97 6 12 32 25 4 8 4 16 30 4 31 4 25 4 21 4 50 32 4 34 4 28 4 83 9 8 48 36 8 43 28 4 39 4 45 26 16 11 16 66 47 4 44 4 47 4 56 4 28 19 4 25 4 29 4 113 44 8 46 8 54 14 4 21 4 28 4 24 4 43 37 8 100 10 4 8 4 48 4 18 4 72 37 8 13 12 4 109 37 8 61 36 8 61 41 8 8 54 4 48 4 12 4 12 32 4 53 4 63 50 4 26 4 33 4 109 5 4 19 4 94 36 4 21 4 14 4 34 52 4 48 4 67 43 4 12 4 27 58 16 22 16 108 5 30 22 4 14 4 29 54 4 22 4 36 4 54 7 4 5 4 103 11 16 6 16 17 22 25 30 4 42 4 10 23 16 58 16 46 35 4 9 4 22 4 49 42 4 18 4 41 9 4 13 4 15 4 74 13 4 5 4 54 14 13 4 31 10 22 12 4 55 5 26 4 17 20 16 52 16 85 41 4 17 4 19 4 42 11 10 29 4 48 5 23 4 67 40 4 32 4 20 4 109 36 16 12 16 106 43 4 6 4 4 10 4 17 4 24 4 76 21 4 19 36 31 4 61 44 4 54 4 42 4 50 4 58 44 4 48 4 21 4 43 4 65 49 4 39 4 27 5 39 4 8 16 4 22 4 38 4 4 14 4 51 32 7 4 91 21 4 26 52 12 4 1 30 4 13 4 81 42 45 25 4 23 55 6 4 76 25 4 25 4 66 56 4 6 4 18 4 15 4 9 39 4 35 4 12 4 52 4 58 37 4 47 4 29 23 5 43 4 47 4 52 32 4 5 4 26 4 20 4 89 28 4 21 4 60 4 58 49 4 53 4 41 4 77 40 4 40 4 60 4 32 4 95 12 4 48 4 20 4 48 4 
iteration 833 best: 0.94496 time: 321731
53 43 8 16 49 8 62 6 8 39 22 4 42 4 56 11 4 5 4 79 13 8 15 21 4 25 4 42 26 12 5 31 8 119 17 8 119 52 8 97 6 12 32 25 4 8 4 16 30 4 31 4 25 4 21 4 50 32 4 34 4 28 4 83 9 8 48 36 8 43 28 4 39 4 45 26 16 11 16 66 47 4 44 4 47 4 56 4 28 19 4 25 4 29 4 113 44 8 46 8 54 14 4 21 4 28 4 24 4 43 37 8 100 10 4 8 4 48 4 18 4 72 37 8 13 12 4 109 37 8 61 36 8 61 41 8 8 54 4 48 4 12 4 12 32 4 53 4 63 50 4 26 4 33 4 109 5 4 19 4 94 36 4 21 4 14 4 34 52 4 48 4 67 43 4 12 4 27 58 16 22 16 108 5 30 22 4 14 4 29 54 4 22 4 36 4 54 7 4 5 4 103 11 16 6 16 17 22 25 30 4 42 4 10 23 16 58 16 46 35 4 9 4 22 4 49 42 4 18 4 41 9 4 13 4 15 4 74 13 4 5 4 54 14 13 4 31 10 22 12 4 55 5 26 4 17 20 16 52 16 85 41 4 17 4 19 4 42 11 10 29 4 48 5 23 4 67 40 4 32 4 20 4 109 36 16 12 16 106 43 4 6 4 4 10 4 17 4 24 4 76 21 4 19 36 31 4 61 44 4 54 4 42 4 50 4 58 44 4 48 4 21 4 43 4 65 49 4 39 4 27 5 39 4 8 16 4 22 4 38 4 4 14 4 51 32 7 4 91 21 4 26 52 12 4 1 30 4 13 4 81 42 45 25 4 23 55 6 4 76 25 4 25 4 66 56 4 6 4 18 4 15 4 9 39 4 35 4 12 4 52 4 58 37 4 47 4 29 23 5 43 4 47 4 52 32 4 5 4 26 4 20 4 89 28 4 21 4 60 4 58 49 4 53 4 41 4 77 40 4 40 4 60 4 32 4 95 12 4 48 4 20 4 48 4 
iteration 852 best: 0.94496 time: 329027
53 43 8 16 49 8 62 6 8 39 22 4 42 4 56 11 4 5 4 79 13 8 15 21 4 25 4 42 26 12 5 31 8 119 17 8 119 52 8 97 6 12 32 25 4 8 4 16 30 4 31 4 25 4 21 4 50 32 4 34 4 28 4 83 9 8 48 36 8 43 28 4 39 4 45 26 16 11 16 66 47 4 44 4 47 4 56 4 28 19 4 25 4 29 4 113 44 8 46 8 54 14 4 21 4 28 4 24 4 43 37 8 100 10 4 8 4 48 4 18 4 72 37 8 13 12 4 109 37 8 61 36 8 61 41 8 8 54 4 48 4 12 4 12 32 4 53 4 63 50 4 26 4 33 4 109 5 4 19 4 94 36 4 21 4 14 4 34 52 4 48 4 67 43 4 12 4 27 58 16 22 16 108 5 30 22 4 14 4 29 54 4 22 4 36 4 54 7 4 5 4 103 11 16 6 16 17 22 25 30 4 42 4 10 23 16 58 16 46 35 4 9 4 22 4 49 42 4 18 4 41 9 4 13 4 15 4 74 13 4 5 4 54 14 13 4 31 10 22 12 4 55 5 26 4 17 20 16 52 16 85 41 4 17 4 19 4 42 11 10 29 4 48 5 23 4 67 40 4 32 4 20 4 109 36 16 12 16 106 43 4 6 4 4 10 4 17 4 24 4 76 21 4 19 36 31 4 61 44 4 54 4 42 4 50 4 58 44 4 48 4 21 4 43 4 65 49 4 39 4 27 5 39 4 8 16 4 22 4 38 4 4 14 4 51 32 7 4 91 21 4 26 52 12 4 1 30 4 13 4 81 42 45 25 4 23 55 6 4 76 25 4 25 4 66 56 4 6 4 18 4 15 4 9 39 4 35 4 12 4 52 4 58 37 4 47 4 29 23 5 43 4 47 4 52 32 4 5 4 26 4 20 4 89 28 4 21 4 60 4 58 49 4 53 4 41 4 77 40 4 40 4 60 4 32 4 95 12 4 48 4 20 4 48 4 
iteration 871 best: 0.94496 time: 336348
53 43 8 16 49 8 62 6 8 39 22 4 42 4 56 11 4 5 4 79 13 8 15 21 4 25 4 42 26 12 5 31 8 119 17 8 119 52 8 97 6 12 32 25 4 8 4 16 30 4 31 4 25 4 21 4 50 32 4 34 4 28 4 83 9 8 48 36 8 43 28 4 39 4 45 26 16 11 16 66 47 4 44 4 47 4 56 4 28 19 4 25 4 29 4 113 44 8 46 8 54 14 4 21 4 28 4 24 4 43 37 8 100 10 4 8 4 48 4 18 4 72 37 8 13 12 4 109 37 8 61 36 8 61 41 8 8 54 4 48 4 12 4 12 32 4 53 4 63 50 4 26 4 33 4 109 5 4 19 4 94 36 4 21 4 14 4 34 52 4 48 4 67 43 4 12 4 27 58 16 22 16 108 5 30 22 4 14 4 29 54 4 22 4 36 4 54 7 4 5 4 103 11 16 6 16 17 22 25 30 4 42 4 10 23 16 58 16 46 35 4 9 4 22 4 49 42 4 18 4 41 9 4 13 4 15 4 74 13 4 5 4 54 14 13 4 31 10 22 12 4 55 5 26 4 17 20 16 52 16 85 41 4 17 4 19 4 42 11 10 29 4 48 5 23 4 67 40 4 32 4 20 4 109 36 16 12 16 106 43 4 6 4 4 10 4 17 4 24 4 76 21 4 19 36 31 4 61 44 4 54 4 42 4 50 4 58 44 4 48 4 21 4 43 4 65 49 4 39 4 27 5 39 4 8 16 4 22 4 38 4 4 14 4 51 32 7 4 91 21 4 26 52 12 4 1 30 4 13 4 81 42 45 25 4 23 55 6 4 76 25 4 25 4 66 56 4 6 4 18 4 15 4 9 39 4 35 4 12 4 52 4 58 37 4 47 4 29 23 5 43 4 47 4 52 32 4 5 4 26 4 20 4 89 28 4 21 4 60 4 58 49 4 53 4 41 4 77 40 4 40 4 60 4 32 4 95 12 4 48 4 20 4 48 4 
iteration 890 best: 0.94496 time: 343656
53 43 8 16 49 8 62 6 8 39 22 4 42 4 56 11 4 5 4 79 13 8 15 21 4 25 4 42 26 12 5 31 8 119 17 8 119 52 8 97 6 12 32 25 4 8 4 16 30 4 31 4 25 4 21 4 50 32 4 34 4 28 4 83 9 8 48 36 8 43 28 4 39 4 45 26 16 11 16 66 47 4 44 4 47 4 56 4 28 19 4 25 4 29 4 113 44 8 46 8 54 14 4 21 4 28 4 24 4 43 37 8 100 10 4 8 4 48 4 18 4 72 37 8 13 12 4 109 37 8 61 36 8 61 41 8 8 54 4 48 4 12 4 12 32 4 53 4 63 50 4 26 4 33 4 109 5 4 19 4 94 36 4 21 4 14 4 34 52 4 48 4 67 43 4 12 4 27 58 16 22 16 108 5 30 22 4 14 4 29 54 4 22 4 36 4 54 7 4 5 4 103 11 16 6 16 17 22 25 30 4 42 4 10 23 16 58 16 46 35 4 9 4 22 4 49 42 4 18 4 41 9 4 13 4 15 4 74 13 4 5 4 54 14 13 4 31 10 22 12 4 55 5 26 4 17 20 16 52 16 85 41 4 17 4 19 4 42 11 10 29 4 48 5 23 4 67 40 4 32 4 20 4 109 36 16 12 16 106 43 4 6 4 4 10 4 17 4 24 4 76 21 4 19 36 31 4 61 44 4 54 4 42 4 50 4 58 44 4 48 4 21 4 43 4 65 49 4 39 4 27 5 39 4 8 16 4 22 4 38 4 4 14 4 51 32 7 4 91 21 4 26 52 12 4 1 30 4 13 4 81 42 45 25 4 23 55 6 4 76 25 4 25 4 66 56 4 6 4 18 4 15 4 9 39 4 35 4 12 4 52 4 58 37 4 47 4 29 23 5 43 4 47 4 52 32 4 5 4 26 4 20 4 89 28 4 21 4 60 4 58 49 4 53 4 41 4 77 40 4 40 4 60 4 32 4 95 12 4 48 4 20 4 48 4 
iteration 909 best: 0.94496 time: 350956
53 43 8 16 49 8 62 6 8 39 22 4 42 4 56 11 4 5 4 79 13 8 15 21 4 25 4 42 26 12 5 31 8 119 17 8 119 52 8 97 6 12 32 25 4 8 4 16 30 4 31 4 25 4 21 4 50 32 4 34 4 28 4 83 9 8 48 36 8 43 28 4 39 4 45 26 16 11 16 66 47 4 44 4 47 4 56 4 28 19 4 25 4 29 4 113 44 8 46 8 54 14 4 21 4 28 4 24 4 43 37 8 100 10 4 8 4 48 4 18 4 72 37 8 13 12 4 109 37 8 61 36 8 61 41 8 8 54 4 48 4 12 4 12 32 4 53 4 63 50 4 26 4 33 4 109 5 4 19 4 94 36 4 21 4 14 4 34 52 4 48 4 67 43 4 12 4 27 58 16 22 16 108 5 30 22 4 14 4 29 54 4 22 4 36 4 54 7 4 5 4 103 11 16 6 16 17 22 25 30 4 42 4 10 23 16 58 16 46 35 4 9 4 22 4 49 42 4 18 4 41 9 4 13 4 15 4 74 13 4 5 4 54 14 13 4 31 10 22 12 4 55 5 26 4 17 20 16 52 16 85 41 4 17 4 19 4 42 11 10 29 4 48 5 23 4 67 40 4 32 4 20 4 109 36 16 12 16 106 43 4 6 4 4 10 4 17 4 24 4 76 21 4 19 36 31 4 61 44 4 54 4 42 4 50 4 58 44 4 48 4 21 4 43 4 65 49 4 39 4 27 5 39 4 8 16 4 22 4 38 4 4 14 4 51 32 7 4 91 21 4 26 52 12 4 1 30 4 13 4 81 42 45 25 4 23 55 6 4 76 25 4 25 4 66 56 4 6 4 18 4 15 4 9 39 4 35 4 12 4 52 4 58 37 4 47 4 29 23 5 43 4 47 4 52 32 4 5 4 26 4 20 4 89 28 4 21 4 60 4 58 49 4 53 4 41 4 77 40 4 40 4 60 4 32 4 95 12 4 48 4 20 4 48 4 
iteration 928 best: 0.94496 time: 358259
53 43 8 16 49 8 62 6 8 39 22 4 42 4 56 11 4 5 4 79 13 8 15 21 4 25 4 42 26 12 5 31 8 119 17 8 119 52 8 97 6 12 32 25 4 8 4 16 30 4 31 4 25 4 21 4 50 32 4 34 4 28 4 83 9 8 48 36 8 43 28 4 39 4 45 26 16 11 16 66 47 4 44 4 47 4 56 4 28 19 4 25 4 29 4 113 44 8 46 8 54 14 4 21 4 28 4 24 4 43 37 8 100 10 4 8 4 48 4 18 4 72 37 8 13 12 4 109 37 8 61 36 8 61 41 8 8 54 4 48 4 12 4 12 32 4 53 4 63 50 4 26 4 33 4 109 5 4 19 4 94 36 4 21 4 14 4 34 52 4 48 4 67 43 4 12 4 27 58 16 22 16 108 5 30 22 4 14 4 29 54 4 22 4 36 4 54 7 4 5 4 103 11 16 6 16 17 22 25 30 4 42 4 10 23 16 58 16 46 35 4 9 4 22 4 49 42 4 18 4 41 9 4 13 4 15 4 74 13 4 5 4 54 14 13 4 31 10 22 12 4 55 5 26 4 17 20 16 52 16 85 41 4 17 4 19 4 42 11 10 29 4 48 5 23 4 67 40 4 32 4 20 4 109 36 16 12 16 106 43 4 6 4 4 10 4 17 4 24 4 76 21 4 19 36 31 4 61 44 4 54 4 42 4 50 4 58 44 4 48 4 21 4 43 4 65 49 4 39 4 27 5 39 4 8 16 4 22 4 38 4 4 14 4 51 32 7 4 91 21 4 26 52 12 4 1 30 4 13 4 81 42 45 25 4 23 55 6 4 76 25 4 25 4 66 56 4 6 4 18 4 15 4 9 39 4 35 4 12 4 52 4 58 37 4 47 4 29 23 5 43 4 47 4 52 32 4 5 4 26 4 20 4 89 28 4 21 4 60 4 58 49 4 53 4 41 4 77 40 4 40 4 60 4 32 4 95 12 4 48 4 20 4 48 4 
iteration 947 best: 0.94496 time: 365595
53 43 8 16 49 8 62 6 8 39 22 4 42 4 56 11 4 5 4 79 13 8 15 21 4 25 4 42 26 12 5 31 8 119 17 8 119 52 8 97 6 12 32 25 4 8 4 16 30 4 31 4 25 4 21 4 50 32 4 34 4 28 4 83 9 8 48 36 8 43 28 4 39 4 45 26 16 11 16 66 47 4 44 4 47 4 56 4 28 19 4 25 4 29 4 113 44 8 46 8 54 14 4 21 4 28 4 24 4 43 37 8 100 10 4 8 4 48 4 18 4 72 37 8 13 12 4 109 37 8 61 36 8 61 41 8 8 54 4 48 4 12 4 12 32 4 53 4 63 50 4 26 4 33 4 109 5 4 19 4 94 36 4 21 4 14 4 34 52 4 48 4 67 43 4 12 4 27 58 16 22 16 108 5 30 22 4 14 4 29 54 4 22 4 36 4 54 7 4 5 4 103 11 16 6 16 17 22 25 30 4 42 4 10 23 16 58 16 46 35 4 9 4 22 4 49 42 4 18 4 41 9 4 13 4 15 4 74 13 4 5 4 54 14 13 4 31 10 22 12 4 55 5 26 4 17 20 16 52 16 85 41 4 17 4 19 4 42 11 10 29 4 48 5 23 4 67 40 4 32 4 20 4 109 36 16 12 16 106 43 4 6 4 4 10 4 17 4 24 4 76 21 4 19 36 31 4 61 44 4 54 4 42 4 50 4 58 44 4 48 4 21 4 43 4 65 49 4 39 4 27 5 39 4 8 16 4 22 4 38 4 4 14 4 51 32 7 4 91 21 4 26 52 12 4 1 30 4 13 4 81 42 45 25 4 23 55 6 4 76 25 4 25 4 66 56 4 6 4 18 4 15 4 9 39 4 35 4 12 4 52 4 58 37 4 47 4 29 23 5 43 4 47 4 52 32 4 5 4 26 4 20 4 89 28 4 21 4 60 4 58 49 4 53 4 41 4 77 40 4 40 4 60 4 32 4 95 12 4 48 4 20 4 48 4 
iteration 966 best: 0.94496 time: 372915
53 43 8 16 49 8 62 6 8 39 22 4 42 4 56 11 4 5 4 79 13 8 15 21 4 25 4 42 26 12 5 31 8 119 17 8 119 52 8 97 6 12 32 25 4 8 4 16 30 4 31 4 25 4 21 4 50 32 4 34 4 28 4 83 9 8 48 36 8 43 28 4 39 4 45 26 16 11 16 66 47 4 44 4 47 4 56 4 28 19 4 25 4 29 4 113 44 8 46 8 54 14 4 21 4 28 4 24 4 43 37 8 100 10 4 8 4 48 4 18 4 72 37 8 13 12 4 109 37 8 61 36 8 61 41 8 8 54 4 48 4 12 4 12 32 4 53 4 63 50 4 26 4 33 4 109 5 4 19 4 94 36 4 21 4 14 4 34 52 4 48 4 67 43 4 12 4 27 58 16 22 16 108 5 30 22 4 14 4 29 54 4 22 4 36 4 54 7 4 5 4 103 11 16 6 16 17 22 25 30 4 42 4 10 23 16 58 16 46 35 4 9 4 22 4 49 42 4 18 4 41 9 4 13 4 15 4 74 13 4 5 4 54 14 13 4 31 10 22 12 4 55 5 26 4 17 20 16 52 16 85 41 4 17 4 19 4 42 11 10 29 4 48 5 23 4 67 40 4 32 4 20 4 109 36 16 12 16 106 43 4 6 4 4 10 4 17 4 24 4 76 21 4 19 36 31 4 61 44 4 54 4 42 4 50 4 58 44 4 48 4 21 4 43 4 65 49 4 39 4 27 5 39 4 8 16 4 22 4 38 4 4 14 4 51 32 7 4 91 21 4 26 52 12 4 1 30 4 13 4 81 42 45 25 4 23 55 6 4 76 25 4 25 4 66 56 4 6 4 18 4 15 4 9 39 4 35 4 12 4 52 4 58 37 4 47 4 29 23 5 43 4 47 4 52 32 4 5 4 26 4 20 4 89 28 4 21 4 60 4 58 49 4 53 4 41 4 77 40 4 40 4 60 4 32 4 95 12 4 48 4 20 4 48 4 
iteration 985 best: 0.94496 time: 380213
53 43 8 16 49 8 62 6 8 39 22 4 42 4 56 11 4 5 4 79 13 8 15 21 4 25 4 42 26 12 5 31 8 119 17 8 119 52 8 97 6 12 32 25 4 8 4 16 30 4 31 4 25 4 21 4 50 32 4 34 4 28 4 83 9 8 48 36 8 43 28 4 39 4 45 26 16 11 16 66 47 4 44 4 47 4 56 4 28 19 4 25 4 29 4 113 44 8 46 8 54 14 4 21 4 28 4 24 4 43 37 8 100 10 4 8 4 48 4 18 4 72 37 8 13 12 4 109 37 8 61 36 8 61 41 8 8 54 4 48 4 12 4 12 32 4 53 4 63 50 4 26 4 33 4 109 5 4 19 4 94 36 4 21 4 14 4 34 52 4 48 4 67 43 4 12 4 27 58 16 22 16 108 5 30 22 4 14 4 29 54 4 22 4 36 4 54 7 4 5 4 103 11 16 6 16 17 22 25 30 4 42 4 10 23 16 58 16 46 35 4 9 4 22 4 49 42 4 18 4 41 9 4 13 4 15 4 74 13 4 5 4 54 14 13 4 31 10 22 12 4 55 5 26 4 17 20 16 52 16 85 41 4 17 4 19 4 42 11 10 29 4 48 5 23 4 67 40 4 32 4 20 4 109 36 16 12 16 106 43 4 6 4 4 10 4 17 4 24 4 76 21 4 19 36 31 4 61 44 4 54 4 42 4 50 4 58 44 4 48 4 21 4 43 4 65 49 4 39 4 27 5 39 4 8 16 4 22 4 38 4 4 14 4 51 32 7 4 91 21 4 26 52 12 4 1 30 4 13 4 81 42 45 25 4 23 55 6 4 76 25 4 25 4 66 56 4 6 4 18 4 15 4 9 39 4 35 4 12 4 52 4 58 37 4 47 4 29 23 5 43 4 47 4 52 32 4 5 4 26 4 20 4 89 28 4 21 4 60 4 58 49 4 53 4 41 4 77 40 4 40 4 60 4 32 4 95 12 4 48 4 20 4 48 4 
iteration 1004 best: 0.94496 time: 387529
53 43 8 16 49 8 62 6 8 39 22 4 42 4 56 11 4 5 4 79 13 8 15 21 4 25 4 42 26 12 5 31 8 119 17 8 119 52 8 97 6 12 32 25 4 8 4 16 30 4 31 4 25 4 21 4 50 32 4 34 4 28 4 83 9 8 48 36 8 43 28 4 39 4 45 26 16 11 16 66 47 4 44 4 47 4 56 4 28 19 4 25 4 29 4 113 44 8 46 8 54 14 4 21 4 28 4 24 4 43 37 8 100 10 4 8 4 48 4 18 4 72 37 8 13 12 4 109 37 8 61 36 8 61 41 8 8 54 4 48 4 12 4 12 32 4 53 4 63 50 4 26 4 33 4 109 5 4 19 4 94 36 4 21 4 14 4 34 52 4 48 4 67 43 4 12 4 27 58 16 22 16 108 5 30 22 4 14 4 29 54 4 22 4 36 4 54 7 4 5 4 103 11 16 6 16 17 22 25 30 4 42 4 10 23 16 58 16 46 35 4 9 4 22 4 49 42 4 18 4 41 9 4 13 4 15 4 74 13 4 5 4 54 14 13 4 31 10 22 12 4 55 5 26 4 17 20 16 52 16 85 41 4 17 4 19 4 42 11 10 29 4 48 5 23 4 67 40 4 32 4 20 4 109 36 16 12 16 106 43 4 6 4 4 10 4 17 4 24 4 76 21 4 19 36 31 4 61 44 4 54 4 42 4 50 4 58 44 4 48 4 21 4 43 4 65 49 4 39 4 27 5 39 4 8 16 4 22 4 38 4 4 14 4 51 32 7 4 91 21 4 26 52 12 4 1 30 4 13 4 81 42 45 25 4 23 55 6 4 76 25 4 25 4 66 56 4 6 4 18 4 15 4 9 39 4 35 4 12 4 52 4 58 37 4 47 4 29 23 5 43 4 47 4 52 32 4 5 4 26 4 20 4 89 28 4 21 4 60 4 58 49 4 53 4 41 4 77 40 4 40 4 60 4 32 4 95 12 4 48 4 20 4 48 4 
iteration 1023 best: 0.94496 time: 394840
53 43 8 16 49 8 62 6 8 39 22 4 42 4 56 11 4 5 4 79 13 8 15 21 4 25 4 42 26 12 5 31 8 119 17 8 119 52 8 97 6 12 32 25 4 8 4 16 30 4 31 4 25 4 21 4 50 32 4 34 4 28 4 83 9 8 48 36 8 43 28 4 39 4 45 26 16 11 16 66 47 4 44 4 47 4 56 4 28 19 4 25 4 29 4 113 44 8 46 8 54 14 4 21 4 28 4 24 4 43 37 8 100 10 4 8 4 48 4 18 4 72 37 8 13 12 4 109 37 8 61 36 8 61 41 8 8 54 4 48 4 12 4 12 32 4 53 4 63 50 4 26 4 33 4 109 5 4 19 4 94 36 4 21 4 14 4 34 52 4 48 4 67 43 4 12 4 27 58 16 22 16 108 5 30 22 4 14 4 29 54 4 22 4 36 4 54 7 4 5 4 103 11 16 6 16 17 22 25 30 4 42 4 10 23 16 58 16 46 35 4 9 4 22 4 49 42 4 18 4 41 9 4 13 4 15 4 74 13 4 5 4 54 14 13 4 31 10 22 12 4 55 5 26 4 17 20 16 52 16 85 41 4 17 4 19 4 42 11 10 29 4 48 5 23 4 67 40 4 32 4 20 4 109 36 16 12 16 106 43 4 6 4 4 10 4 17 4 24 4 76 21 4 19 36 31 4 61 44 4 54 4 42 4 50 4 58 44 4 48 4 21 4 43 4 65 49 4 39 4 27 5 39 4 8 16 4 22 4 38 4 4 14 4 51 32 7 4 91 21 4 26 52 12 4 1 30 4 13 4 81 42 45 25 4 23 55 6 4 76 25 4 25 4 66 56 4 6 4 18 4 15 4 9 39 4 35 4 12 4 52 4 58 37 4 47 4 29 23 5 43 4 47 4 52 32 4 5 4 26 4 20 4 89 28 4 21 4 60 4 58 49 4 53 4 41 4 77 40 4 40 4 60 4 32 4 95 12 4 48 4 20 4 48 4 
iteration 1042 best: 0.94496 time: 402133
53 43 8 16 49 8 62 6 8 39 22 4 42 4 56 11 4 5 4 79 13 8 15 21 4 25 4 42 26 12 5 31 8 119 17 8 119 52 8 97 6 12 32 25 4 8 4 16 30 4 31 4 25 4 21 4 50 32 4 34 4 28 4 83 9 8 48 36 8 43 28 4 39 4 45 26 16 11 16 66 47 4 44 4 47 4 56 4 28 19 4 25 4 29 4 113 44 8 46 8 54 14 4 21 4 28 4 24 4 43 37 8 100 10 4 8 4 48 4 18 4 72 37 8 13 12 4 109 37 8 61 36 8 61 41 8 8 54 4 48 4 12 4 12 32 4 53 4 63 50 4 26 4 33 4 109 5 4 19 4 94 36 4 21 4 14 4 34 52 4 48 4 67 43 4 12 4 27 58 16 22 16 108 5 30 22 4 14 4 29 54 4 22 4 36 4 54 7 4 5 4 103 11 16 6 16 17 22 25 30 4 42 4 10 23 16 58 16 46 35 4 9 4 22 4 49 42 4 18 4 41 9 4 13 4 15 4 74 13 4 5 4 54 14 13 4 31 10 22 12 4 55 5 26 4 17 20 16 52 16 85 41 4 17 4 19 4 42 11 10 29 4 48 5 23 4 67 40 4 32 4 20 4 109 36 16 12 16 106 43 4 6 4 4 10 4 17 4 24 4 76 21 4 19 36 31 4 61 44 4 54 4 42 4 50 4 58 44 4 48 4 21 4 43 4 65 49 4 39 4 27 5 39 4 8 16 4 22 4 38 4 4 14 4 51 32 7 4 91 21 4 26 52 12 4 1 30 4 13 4 81 42 45 25 4 23 55 6 4 76 25 4 25 4 66 56 4 6 4 18 4 15 4 9 39 4 35 4 12 4 52 4 58 37 4 47 4 29 23 5 43 4 47 4 52 32 4 5 4 26 4 20 4 89 28 4 21 4 60 4 58 49 4 53 4 41 4 77 40 4 40 4 60 4 32 4 95 12 4 48 4 20 4 48 4 
iteration 1061 best: 0.94496 time: 409436
53 43 8 16 49 8 62 6 8 39 22 4 42 4 56 11 4 5 4 79 13 8 15 21 4 25 4 42 26 12 5 31 8 119 17 8 119 52 8 97 6 12 32 25 4 8 4 16 30 4 31 4 25 4 21 4 50 32 4 34 4 28 4 83 9 8 48 36 8 43 28 4 39 4 45 26 16 11 16 66 47 4 44 4 47 4 56 4 28 19 4 25 4 29 4 113 44 8 46 8 54 14 4 21 4 28 4 24 4 43 37 8 100 10 4 8 4 48 4 18 4 72 37 8 13 12 4 109 37 8 61 36 8 61 41 8 8 54 4 48 4 12 4 12 32 4 53 4 63 50 4 26 4 33 4 109 5 4 19 4 94 36 4 21 4 14 4 34 52 4 48 4 67 43 4 12 4 27 58 16 22 16 108 5 30 22 4 14 4 29 54 4 22 4 36 4 54 7 4 5 4 103 11 16 6 16 17 22 25 30 4 42 4 10 23 16 58 16 46 35 4 9 4 22 4 49 42 4 18 4 41 9 4 13 4 15 4 74 13 4 5 4 54 14 13 4 31 10 22 12 4 55 5 26 4 17 20 16 52 16 85 41 4 17 4 19 4 42 11 10 29 4 48 5 23 4 67 40 4 32 4 20 4 109 36 16 12 16 106 43 4 6 4 4 10 4 17 4 24 4 76 21 4 19 36 31 4 61 44 4 54 4 42 4 50 4 58 44 4 48 4 21 4 43 4 65 49 4 39 4 27 5 39 4 8 16 4 22 4 38 4 4 14 4 51 32 7 4 91 21 4 26 52 12 4 1 30 4 13 4 81 42 45 25 4 23 55 6 4 76 25 4 25 4 66 56 4 6 4 18 4 15 4 9 39 4 35 4 12 4 52 4 58 37 4 47 4 29 23 5 43 4 47 4 52 32 4 5 4 26 4 20 4 89 28 4 21 4 60 4 58 49 4 53 4 41 4 77 40 4 40 4 60 4 32 4 95 12 4 48 4 20 4 48 4 
iteration 1080 best: 0.94496 time: 416726
53 43 8 16 49 8 62 6 8 39 22 4 42 4 56 11 4 5 4 79 13 8 15 21 4 25 4 42 26 12 5 31 8 119 17 8 119 52 8 97 6 12 32 25 4 8 4 16 30 4 31 4 25 4 21 4 50 32 4 34 4 28 4 83 9 8 48 36 8 43 28 4 39 4 45 26 16 11 16 66 47 4 44 4 47 4 56 4 28 19 4 25 4 29 4 113 44 8 46 8 54 14 4 21 4 28 4 24 4 43 37 8 100 10 4 8 4 48 4 18 4 72 37 8 13 12 4 109 37 8 61 36 8 61 41 8 8 54 4 48 4 12 4 12 32 4 53 4 63 50 4 26 4 33 4 109 5 4 19 4 94 36 4 21 4 14 4 34 52 4 48 4 67 43 4 12 4 27 58 16 22 16 108 5 30 22 4 14 4 29 54 4 22 4 36 4 54 7 4 5 4 103 11 16 6 16 17 22 25 30 4 42 4 10 23 16 58 16 46 35 4 9 4 22 4 49 42 4 18 4 41 9 4 13 4 15 4 74 13 4 5 4 54 14 13 4 31 10 22 12 4 55 5 26 4 17 20 16 52 16 85 41 4 17 4 19 4 42 11 10 29 4 48 5 23 4 67 40 4 32 4 20 4 109 36 16 12 16 106 43 4 6 4 4 10 4 17 4 24 4 76 21 4 19 36 31 4 61 44 4 54 4 42 4 50 4 58 44 4 48 4 21 4 43 4 65 49 4 39 4 27 5 39 4 8 16 4 22 4 38 4 4 14 4 51 32 7 4 91 21 4 26 52 12 4 1 30 4 13 4 81 42 45 25 4 23 55 6 4 76 25 4 25 4 66 56 4 6 4 18 4 15 4 9 39 4 35 4 12 4 52 4 58 37 4 47 4 29 23 5 43 4 47 4 52 32 4 5 4 26 4 20 4 89 28 4 21 4 60 4 58 49 4 53 4 41 4 77 40 4 40 4 60 4 32 4 95 12 4 48 4 20 4 48 4 
iteration 1099 best: 0.94496 time: 424034
53 43 8 16 49 8 62 6 8 39 22 4 42 4 56 11 4 5 4 79 13 8 15 21 4 25 4 42 26 12 5 31 8 119 17 8 119 52 8 97 6 12 32 25 4 8 4 16 30 4 31 4 25 4 21 4 50 32 4 34 4 28 4 83 9 8 48 36 8 43 28 4 39 4 45 26 16 11 16 66 47 4 44 4 47 4 56 4 28 19 4 25 4 29 4 113 44 8 46 8 54 14 4 21 4 28 4 24 4 43 37 8 100 10 4 8 4 48 4 18 4 72 37 8 13 12 4 109 37 8 61 36 8 61 41 8 8 54 4 48 4 12 4 12 32 4 53 4 63 50 4 26 4 33 4 109 5 4 19 4 94 36 4 21 4 14 4 34 52 4 48 4 67 43 4 12 4 27 58 16 22 16 108 5 30 22 4 14 4 29 54 4 22 4 36 4 54 7 4 5 4 103 11 16 6 16 17 22 25 30 4 42 4 10 23 16 58 16 46 35 4 9 4 22 4 49 42 4 18 4 41 9 4 13 4 15 4 74 13 4 5 4 54 14 13 4 31 10 22 12 4 55 5 26 4 17 20 16 52 16 85 41 4 17 4 19 4 42 11 10 29 4 48 5 23 4 67 40 4 32 4 20 4 109 36 16 12 16 106 43 4 6 4 4 10 4 17 4 24 4 76 21 4 19 36 31 4 61 44 4 54 4 42 4 50 4 58 44 4 48 4 21 4 43 4 65 49 4 39 4 27 5 39 4 8 16 4 22 4 38 4 4 14 4 51 32 7 4 91 21 4 26 52 12 4 1 30 4 13 4 81 42 45 25 4 23 55 6 4 76 25 4 25 4 66 56 4 6 4 18 4 15 4 9 39 4 35 4 12 4 52 4 58 37 4 47 4 29 23 5 43 4 47 4 52 32 4 5 4 26 4 20 4 89 28 4 21 4 60 4 58 49 4 53 4 41 4 77 40 4 40 4 60 4 32 4 95 12 4 48 4 20 4 48 4 
iteration 1118 best: 0.94496 time: 431329
53 43 8 16 49 8 62 6 8 39 22 4 42 4 56 11 4 5 4 79 13 8 15 21 4 25 4 42 26 12 5 31 8 119 17 8 119 52 8 97 6 12 32 25 4 8 4 16 30 4 31 4 25 4 21 4 50 32 4 34 4 28 4 83 9 8 48 36 8 43 28 4 39 4 45 26 16 11 16 66 47 4 44 4 47 4 56 4 28 19 4 25 4 29 4 113 44 8 46 8 54 14 4 21 4 28 4 24 4 43 37 8 100 10 4 8 4 48 4 18 4 72 37 8 13 12 4 109 37 8 61 36 8 61 41 8 8 54 4 48 4 12 4 12 32 4 53 4 63 50 4 26 4 33 4 109 5 4 19 4 94 36 4 21 4 14 4 34 52 4 48 4 67 43 4 12 4 27 58 16 22 16 108 5 30 22 4 14 4 29 54 4 22 4 36 4 54 7 4 5 4 103 11 16 6 16 17 22 25 30 4 42 4 10 23 16 58 16 46 35 4 9 4 22 4 49 42 4 18 4 41 9 4 13 4 15 4 74 13 4 5 4 54 14 13 4 31 10 22 12 4 55 5 26 4 17 20 16 52 16 85 41 4 17 4 19 4 42 11 10 29 4 48 5 23 4 67 40 4 32 4 20 4 109 36 16 12 16 106 43 4 6 4 4 10 4 17 4 24 4 76 21 4 19 36 31 4 61 44 4 54 4 42 4 50 4 58 44 4 48 4 21 4 43 4 65 49 4 39 4 27 5 39 4 8 16 4 22 4 38 4 4 14 4 51 32 7 4 91 21 4 26 52 12 4 1 30 4 13 4 81 42 45 25 4 23 55 6 4 76 25 4 25 4 66 56 4 6 4 18 4 15 4 9 39 4 35 4 12 4 52 4 58 37 4 47 4 29 23 5 43 4 47 4 52 32 4 5 4 26 4 20 4 89 28 4 21 4 60 4 58 49 4 53 4 41 4 77 40 4 40 4 60 4 32 4 95 12 4 48 4 20 4 48 4 
iteration 1137 best: 0.94496 time: 438635
53 43 8 16 49 8 62 6 8 39 22 4 42 4 56 11 4 5 4 79 13 8 15 21 4 25 4 42 26 12 5 31 8 119 17 8 119 52 8 97 6 12 32 25 4 8 4 16 30 4 31 4 25 4 21 4 50 32 4 34 4 28 4 83 9 8 48 36 8 43 28 4 39 4 45 26 16 11 16 66 47 4 44 4 47 4 56 4 28 19 4 25 4 29 4 113 44 8 46 8 54 14 4 21 4 28 4 24 4 43 37 8 100 10 4 8 4 48 4 18 4 72 37 8 13 12 4 109 37 8 61 36 8 61 41 8 8 54 4 48 4 12 4 12 32 4 53 4 63 50 4 26 4 33 4 109 5 4 19 4 94 36 4 21 4 14 4 34 52 4 48 4 67 43 4 12 4 27 58 16 22 16 108 5 30 22 4 14 4 29 54 4 22 4 36 4 54 7 4 5 4 103 11 16 6 16 17 22 25 30 4 42 4 10 23 16 58 16 46 35 4 9 4 22 4 49 42 4 18 4 41 9 4 13 4 15 4 74 13 4 5 4 54 14 13 4 31 10 22 12 4 55 5 26 4 17 20 16 52 16 85 41 4 17 4 19 4 42 11 10 29 4 48 5 23 4 67 40 4 32 4 20 4 109 36 16 12 16 106 43 4 6 4 4 10 4 17 4 24 4 76 21 4 19 36 31 4 61 44 4 54 4 42 4 50 4 58 44 4 48 4 21 4 43 4 65 49 4 39 4 27 5 39 4 8 16 4 22 4 38 4 4 14 4 51 32 7 4 91 21 4 26 52 12 4 1 30 4 13 4 81 42 45 25 4 23 55 6 4 76 25 4 25 4 66 56 4 6 4 18 4 15 4 9 39 4 35 4 12 4 52 4 58 37 4 47 4 29 23 5 43 4 47 4 52 32 4 5 4 26 4 20 4 89 28 4 21 4 60 4 58 49 4 53 4 41 4 77 40 4 40 4 60 4 32 4 95 12 4 48 4 20 4 48 4 
iteration 1156 best: 0.94496 time: 445926
53 43 8 16 49 8 62 6 8 39 22 4 42 4 56 11 4 5 4 79 13 8 15 21 4 25 4 42 26 12 5 31 8 119 17 8 119 52 8 97 6 12 32 25 4 8 4 16 30 4 31 4 25 4 21 4 50 32 4 34 4 28 4 83 9 8 48 36 8 43 28 4 39 4 45 26 16 11 16 66 47 4 44 4 47 4 56 4 28 19 4 25 4 29 4 113 44 8 46 8 54 14 4 21 4 28 4 24 4 43 37 8 100 10 4 8 4 48 4 18 4 72 37 8 13 12 4 109 37 8 61 36 8 61 41 8 8 54 4 48 4 12 4 12 32 4 53 4 63 50 4 26 4 33 4 109 5 4 19 4 94 36 4 21 4 14 4 34 52 4 48 4 67 43 4 12 4 27 58 16 22 16 108 5 30 22 4 14 4 29 54 4 22 4 36 4 54 7 4 5 4 103 11 16 6 16 17 22 25 30 4 42 4 10 23 16 58 16 46 35 4 9 4 22 4 49 42 4 18 4 41 9 4 13 4 15 4 74 13 4 5 4 54 14 13 4 31 10 22 12 4 55 5 26 4 17 20 16 52 16 85 41 4 17 4 19 4 42 11 10 29 4 48 5 23 4 67 40 4 32 4 20 4 109 36 16 12 16 106 43 4 6 4 4 10 4 17 4 24 4 76 21 4 19 36 31 4 61 44 4 54 4 42 4 50 4 58 44 4 48 4 21 4 43 4 65 49 4 39 4 27 5 39 4 8 16 4 22 4 38 4 4 14 4 51 32 7 4 91 21 4 26 52 12 4 1 30 4 13 4 81 42 45 25 4 23 55 6 4 76 25 4 25 4 66 56 4 6 4 18 4 15 4 9 39 4 35 4 12 4 52 4 58 37 4 47 4 29 23 5 43 4 47 4 52 32 4 5 4 26 4 20 4 89 28 4 21 4 60 4 58 49 4 53 4 41 4 77 40 4 40 4 60 4 32 4 95 12 4 48 4 20 4 48 4 
iteration 1175 best: 0.94496 time: 453248
53 43 8 16 49 8 62 6 8 39 22 4 42 4 56 11 4 5 4 79 13 8 15 21 4 25 4 42 26 12 5 31 8 119 17 8 119 52 8 97 6 12 32 25 4 8 4 16 30 4 31 4 25 4 21 4 50 32 4 34 4 28 4 83 9 8 48 36 8 43 28 4 39 4 45 26 16 11 16 66 47 4 44 4 47 4 56 4 28 19 4 25 4 29 4 113 44 8 46 8 54 14 4 21 4 28 4 24 4 43 37 8 100 10 4 8 4 48 4 18 4 72 37 8 13 12 4 109 37 8 61 36 8 61 41 8 8 54 4 48 4 12 4 12 32 4 53 4 63 50 4 26 4 33 4 109 5 4 19 4 94 36 4 21 4 14 4 34 52 4 48 4 67 43 4 12 4 27 58 16 22 16 108 5 30 22 4 14 4 29 54 4 22 4 36 4 54 7 4 5 4 103 11 16 6 16 17 22 25 30 4 42 4 10 23 16 58 16 46 35 4 9 4 22 4 49 42 4 18 4 41 9 4 13 4 15 4 74 13 4 5 4 54 14 13 4 31 10 22 12 4 55 5 26 4 17 20 16 52 16 85 41 4 17 4 19 4 42 11 10 29 4 48 5 23 4 67 40 4 32 4 20 4 109 36 16 12 16 106 43 4 6 4 4 10 4 17 4 24 4 76 21 4 19 36 31 4 61 44 4 54 4 42 4 50 4 58 44 4 48 4 21 4 43 4 65 49 4 39 4 27 5 39 4 8 16 4 22 4 38 4 4 14 4 51 32 7 4 91 21 4 26 52 12 4 1 30 4 13 4 81 42 45 25 4 23 55 6 4 76 25 4 25 4 66 56 4 6 4 18 4 15 4 9 39 4 35 4 12 4 52 4 58 37 4 47 4 29 23 5 43 4 47 4 52 32 4 5 4 26 4 20 4 89 28 4 21 4 60 4 58 49 4 53 4 41 4 77 40 4 40 4 60 4 32 4 95 12 4 48 4 20 4 48 4 
iteration 1194 best: 0.94496 time: 460531
53 43 8 16 49 8 62 6 8 39 22 4 42 4 56 11 4 5 4 79 13 8 15 21 4 25 4 42 26 12 5 31 8 119 17 8 119 52 8 97 6 12 32 25 4 8 4 16 30 4 31 4 25 4 21 4 50 32 4 34 4 28 4 83 9 8 48 36 8 43 28 4 39 4 45 26 16 11 16 66 47 4 44 4 47 4 56 4 28 19 4 25 4 29 4 113 44 8 46 8 54 14 4 21 4 28 4 24 4 43 37 8 100 10 4 8 4 48 4 18 4 72 37 8 13 12 4 109 37 8 61 36 8 61 41 8 8 54 4 48 4 12 4 12 32 4 53 4 63 50 4 26 4 33 4 109 5 4 19 4 94 36 4 21 4 14 4 34 52 4 48 4 67 43 4 12 4 27 58 16 22 16 108 5 30 22 4 14 4 29 54 4 22 4 36 4 54 7 4 5 4 103 11 16 6 16 17 22 25 30 4 42 4 10 23 16 58 16 46 35 4 9 4 22 4 49 42 4 18 4 41 9 4 13 4 15 4 74 13 4 5 4 54 14 13 4 31 10 22 12 4 55 5 26 4 17 20 16 52 16 85 41 4 17 4 19 4 42 11 10 29 4 48 5 23 4 67 40 4 32 4 20 4 109 36 16 12 16 106 43 4 6 4 4 10 4 17 4 24 4 76 21 4 19 36 31 4 61 44 4 54 4 42 4 50 4 58 44 4 48 4 21 4 43 4 65 49 4 39 4 27 5 39 4 8 16 4 22 4 38 4 4 14 4 51 32 7 4 91 21 4 26 52 12 4 1 30 4 13 4 81 42 45 25 4 23 55 6 4 76 25 4 25 4 66 56 4 6 4 18 4 15 4 9 39 4 35 4 12 4 52 4 58 37 4 47 4 29 23 5 43 4 47 4 52 32 4 5 4 26 4 20 4 89 28 4 21 4 60 4 58 49 4 53 4 41 4 77 40 4 40 4 60 4 32 4 95 12 4 48 4 20 4 48 4 
iteration 1213 best: 0.94496 time: 467852
53 43 8 16 49 8 62 6 8 39 22 4 42 4 56 11 4 5 4 79 13 8 15 21 4 25 4 42 26 12 5 31 8 119 17 8 119 52 8 97 6 12 32 25 4 8 4 16 30 4 31 4 25 4 21 4 50 32 4 34 4 28 4 83 9 8 48 36 8 43 28 4 39 4 45 26 16 11 16 66 47 4 44 4 47 4 56 4 28 19 4 25 4 29 4 113 44 8 46 8 54 14 4 21 4 28 4 24 4 43 37 8 100 10 4 8 4 48 4 18 4 72 37 8 13 12 4 109 37 8 61 36 8 61 41 8 8 54 4 48 4 12 4 12 32 4 53 4 63 50 4 26 4 33 4 109 5 4 19 4 94 36 4 21 4 14 4 34 52 4 48 4 67 43 4 12 4 27 58 16 22 16 108 5 30 22 4 14 4 29 54 4 22 4 36 4 54 7 4 5 4 103 11 16 6 16 17 22 25 30 4 42 4 10 23 16 58 16 46 35 4 9 4 22 4 49 42 4 18 4 41 9 4 13 4 15 4 74 13 4 5 4 54 14 13 4 31 10 22 12 4 55 5 26 4 17 20 16 52 16 85 41 4 17 4 19 4 42 11 10 29 4 48 5 23 4 67 40 4 32 4 20 4 109 36 16 12 16 106 43 4 6 4 4 10 4 17 4 24 4 76 21 4 19 36 31 4 61 44 4 54 4 42 4 50 4 58 44 4 48 4 21 4 43 4 65 49 4 39 4 27 5 39 4 8 16 4 22 4 38 4 4 14 4 51 32 7 4 91 21 4 26 52 12 4 1 30 4 13 4 81 42 45 25 4 23 55 6 4 76 25 4 25 4 66 56 4 6 4 18 4 15 4 9 39 4 35 4 12 4 52 4 58 37 4 47 4 29 23 5 43 4 47 4 52 32 4 5 4 26 4 20 4 89 28 4 21 4 60 4 58 49 4 53 4 41 4 77 40 4 40 4 60 4 32 4 95 12 4 48 4 20 4 48 4 
iteration 1232 best: 0.94496 time: 475169
53 43 8 16 49 8 62 6 8 39 22 4 42 4 56 11 4 5 4 79 13 8 15 21 4 25 4 42 26 12 5 31 8 119 17 8 119 52 8 97 6 12 32 25 4 8 4 16 30 4 31 4 25 4 21 4 50 32 4 34 4 28 4 83 9 8 48 36 8 43 28 4 39 4 45 26 16 11 16 66 47 4 44 4 47 4 56 4 28 19 4 25 4 29 4 113 44 8 46 8 54 14 4 21 4 28 4 24 4 43 37 8 100 10 4 8 4 48 4 18 4 72 37 8 13 12 4 109 37 8 61 36 8 61 41 8 8 54 4 48 4 12 4 12 32 4 53 4 63 50 4 26 4 33 4 109 5 4 19 4 94 36 4 21 4 14 4 34 52 4 48 4 67 43 4 12 4 27 58 16 22 16 108 5 30 22 4 14 4 29 54 4 22 4 36 4 54 7 4 5 4 103 11 16 6 16 17 22 25 30 4 42 4 10 23 16 58 16 46 35 4 9 4 22 4 49 42 4 18 4 41 9 4 13 4 15 4 74 13 4 5 4 54 14 13 4 31 10 22 12 4 55 5 26 4 17 20 16 52 16 85 41 4 17 4 19 4 42 11 10 29 4 48 5 23 4 67 40 4 32 4 20 4 109 36 16 12 16 106 43 4 6 4 4 10 4 17 4 24 4 76 21 4 19 36 31 4 61 44 4 54 4 42 4 50 4 58 44 4 48 4 21 4 43 4 65 49 4 39 4 27 5 39 4 8 16 4 22 4 38 4 4 14 4 51 32 7 4 91 21 4 26 52 12 4 1 30 4 13 4 81 42 45 25 4 23 55 6 4 76 25 4 25 4 66 56 4 6 4 18 4 15 4 9 39 4 35 4 12 4 52 4 58 37 4 47 4 29 23 5 43 4 47 4 52 32 4 5 4 26 4 20 4 89 28 4 21 4 60 4 58 49 4 53 4 41 4 77 40 4 40 4 60 4 32 4 95 12 4 48 4 20 4 48 4 
iteration 1251 best: 0.94496 time: 482467
53 43 8 16 49 8 62 6 8 39 22 4 42 4 56 11 4 5 4 79 13 8 15 21 4 25 4 42 26 12 5 31 8 119 17 8 119 52 8 97 6 12 32 25 4 8 4 16 30 4 31 4 25 4 21 4 50 32 4 34 4 28 4 83 9 8 48 36 8 43 28 4 39 4 45 26 16 11 16 66 47 4 44 4 47 4 56 4 28 19 4 25 4 29 4 113 44 8 46 8 54 14 4 21 4 28 4 24 4 43 37 8 100 10 4 8 4 48 4 18 4 72 37 8 13 12 4 109 37 8 61 36 8 61 41 8 8 54 4 48 4 12 4 12 32 4 53 4 63 50 4 26 4 33 4 109 5 4 19 4 94 36 4 21 4 14 4 34 52 4 48 4 67 43 4 12 4 27 58 16 22 16 108 5 30 22 4 14 4 29 54 4 22 4 36 4 54 7 4 5 4 103 11 16 6 16 17 22 25 30 4 42 4 10 23 16 58 16 46 35 4 9 4 22 4 49 42 4 18 4 41 9 4 13 4 15 4 74 13 4 5 4 54 14 13 4 31 10 22 12 4 55 5 26 4 17 20 16 52 16 85 41 4 17 4 19 4 42 11 10 29 4 48 5 23 4 67 40 4 32 4 20 4 109 36 16 12 16 106 43 4 6 4 4 10 4 17 4 24 4 76 21 4 19 36 31 4 61 44 4 54 4 42 4 50 4 58 44 4 48 4 21 4 43 4 65 49 4 39 4 27 5 39 4 8 16 4 22 4 38 4 4 14 4 51 32 7 4 91 21 4 26 52 12 4 1 30 4 13 4 81 42 45 25 4 23 55 6 4 76 25 4 25 4 66 56 4 6 4 18 4 15 4 9 39 4 35 4 12 4 52 4 58 37 4 47 4 29 23 5 43 4 47 4 52 32 4 5 4 26 4 20 4 89 28 4 21 4 60 4 58 49 4 53 4 41 4 77 40 4 40 4 60 4 32 4 95 12 4 48 4 20 4 48 4 
iteration 1270 best: 0.94496 time: 489782
53 43 8 16 49 8 62 6 8 39 22 4 42 4 56 11 4 5 4 79 13 8 15 21 4 25 4 42 26 12 5 31 8 119 17 8 119 52 8 97 6 12 32 25 4 8 4 16 30 4 31 4 25 4 21 4 50 32 4 34 4 28 4 83 9 8 48 36 8 43 28 4 39 4 45 26 16 11 16 66 47 4 44 4 47 4 56 4 28 19 4 25 4 29 4 113 44 8 46 8 54 14 4 21 4 28 4 24 4 43 37 8 100 10 4 8 4 48 4 18 4 72 37 8 13 12 4 109 37 8 61 36 8 61 41 8 8 54 4 48 4 12 4 12 32 4 53 4 63 50 4 26 4 33 4 109 5 4 19 4 94 36 4 21 4 14 4 34 52 4 48 4 67 43 4 12 4 27 58 16 22 16 108 5 30 22 4 14 4 29 54 4 22 4 36 4 54 7 4 5 4 103 11 16 6 16 17 22 25 30 4 42 4 10 23 16 58 16 46 35 4 9 4 22 4 49 42 4 18 4 41 9 4 13 4 15 4 74 13 4 5 4 54 14 13 4 31 10 22 12 4 55 5 26 4 17 20 16 52 16 85 41 4 17 4 19 4 42 11 10 29 4 48 5 23 4 67 40 4 32 4 20 4 109 36 16 12 16 106 43 4 6 4 4 10 4 17 4 24 4 76 21 4 19 36 31 4 61 44 4 54 4 42 4 50 4 58 44 4 48 4 21 4 43 4 65 49 4 39 4 27 5 39 4 8 16 4 22 4 38 4 4 14 4 51 32 7 4 91 21 4 26 52 12 4 1 30 4 13 4 81 42 45 25 4 23 55 6 4 76 25 4 25 4 66 56 4 6 4 18 4 15 4 9 39 4 35 4 12 4 52 4 58 37 4 47 4 29 23 5 43 4 47 4 52 32 4 5 4 26 4 20 4 89 28 4 21 4 60 4 58 49 4 53 4 41 4 77 40 4 40 4 60 4 32 4 95 12 4 48 4 20 4 48 4 
iteration 1289 best: 0.94496 time: 497112
53 43 8 16 49 8 62 6 8 39 22 4 42 4 56 11 4 5 4 79 13 8 15 21 4 25 4 42 26 12 5 31 8 119 17 8 119 52 8 97 6 12 32 25 4 8 4 16 30 4 31 4 25 4 21 4 50 32 4 34 4 28 4 83 9 8 48 36 8 43 28 4 39 4 45 26 16 11 16 66 47 4 44 4 47 4 56 4 28 19 4 25 4 29 4 113 44 8 46 8 54 14 4 21 4 28 4 24 4 43 37 8 100 10 4 8 4 48 4 18 4 72 37 8 13 12 4 109 37 8 61 36 8 61 41 8 8 54 4 48 4 12 4 12 32 4 53 4 63 50 4 26 4 33 4 109 5 4 19 4 94 36 4 21 4 14 4 34 52 4 48 4 67 43 4 12 4 27 58 16 22 16 108 5 30 22 4 14 4 29 54 4 22 4 36 4 54 7 4 5 4 103 11 16 6 16 17 22 25 30 4 42 4 10 23 16 58 16 46 35 4 9 4 22 4 49 42 4 18 4 41 9 4 13 4 15 4 74 13 4 5 4 54 14 13 4 31 10 22 12 4 55 5 26 4 17 20 16 52 16 85 41 4 17 4 19 4 42 11 10 29 4 48 5 23 4 67 40 4 32 4 20 4 109 36 16 12 16 106 43 4 6 4 4 10 4 17 4 24 4 76 21 4 19 36 31 4 61 44 4 54 4 42 4 50 4 58 44 4 48 4 21 4 43 4 65 49 4 39 4 27 5 39 4 8 16 4 22 4 38 4 4 14 4 51 32 7 4 91 21 4 26 52 12 4 1 30 4 13 4 81 42 45 25 4 23 55 6 4 76 25 4 25 4 66 56 4 6 4 18 4 15 4 9 39 4 35 4 12 4 52 4 58 37 4 47 4 29 23 5 43 4 47 4 52 32 4 5 4 26 4 20 4 89 28 4 21 4 60 4 58 49 4 53 4 41 4 77 40 4 40 4 60 4 32 4 95 12 4 48 4 20 4 48 4 
iteration 1308 best: 0.94496 time: 504410
53 43 8 16 49 8 62 6 8 39 22 4 42 4 56 11 4 5 4 79 13 8 15 21 4 25 4 42 26 12 5 31 8 119 17 8 119 52 8 97 6 12 32 25 4 8 4 16 30 4 31 4 25 4 21 4 50 32 4 34 4 28 4 83 9 8 48 36 8 43 28 4 39 4 45 26 16 11 16 66 47 4 44 4 47 4 56 4 28 19 4 25 4 29 4 113 44 8 46 8 54 14 4 21 4 28 4 24 4 43 37 8 100 10 4 8 4 48 4 18 4 72 37 8 13 12 4 109 37 8 61 36 8 61 41 8 8 54 4 48 4 12 4 12 32 4 53 4 63 50 4 26 4 33 4 109 5 4 19 4 94 36 4 21 4 14 4 34 52 4 48 4 67 43 4 12 4 27 58 16 22 16 108 5 30 22 4 14 4 29 54 4 22 4 36 4 54 7 4 5 4 103 11 16 6 16 17 22 25 30 4 42 4 10 23 16 58 16 46 35 4 9 4 22 4 49 42 4 18 4 41 9 4 13 4 15 4 74 13 4 5 4 54 14 13 4 31 10 22 12 4 55 5 26 4 17 20 16 52 16 85 41 4 17 4 19 4 42 11 10 29 4 48 5 23 4 67 40 4 32 4 20 4 109 36 16 12 16 106 43 4 6 4 4 10 4 17 4 24 4 76 21 4 19 36 31 4 61 44 4 54 4 42 4 50 4 58 44 4 48 4 21 4 43 4 65 49 4 39 4 27 5 39 4 8 16 4 22 4 38 4 4 14 4 51 32 7 4 91 21 4 26 52 12 4 1 30 4 13 4 81 42 45 25 4 23 55 6 4 76 25 4 25 4 66 56 4 6 4 18 4 15 4 9 39 4 35 4 12 4 52 4 58 37 4 47 4 29 23 5 43 4 47 4 52 32 4 5 4 26 4 20 4 89 28 4 21 4 60 4 58 49 4 53 4 41 4 77 40 4 40 4 60 4 32 4 95 12 4 48 4 20 4 48 4 
iteration 1327 best: 0.94496 time: 511729
53 43 8 16 49 8 62 6 8 39 22 4 42 4 56 11 4 5 4 79 13 8 15 21 4 25 4 42 26 12 5 31 8 119 17 8 119 52 8 97 6 12 32 25 4 8 4 16 30 4 31 4 25 4 21 4 50 32 4 34 4 28 4 83 9 8 48 36 8 43 28 4 39 4 45 26 16 11 16 66 47 4 44 4 47 4 56 4 28 19 4 25 4 29 4 113 44 8 46 8 54 14 4 21 4 28 4 24 4 43 37 8 100 10 4 8 4 48 4 18 4 72 37 8 13 12 4 109 37 8 61 36 8 61 41 8 8 54 4 48 4 12 4 12 32 4 53 4 63 50 4 26 4 33 4 109 5 4 19 4 94 36 4 21 4 14 4 34 52 4 48 4 67 43 4 12 4 27 58 16 22 16 108 5 30 22 4 14 4 29 54 4 22 4 36 4 54 7 4 5 4 103 11 16 6 16 17 22 25 30 4 42 4 10 23 16 58 16 46 35 4 9 4 22 4 49 42 4 18 4 41 9 4 13 4 15 4 74 13 4 5 4 54 14 13 4 31 10 22 12 4 55 5 26 4 17 20 16 52 16 85 41 4 17 4 19 4 42 11 10 29 4 48 5 23 4 67 40 4 32 4 20 4 109 36 16 12 16 106 43 4 6 4 4 10 4 17 4 24 4 76 21 4 19 36 31 4 61 44 4 54 4 42 4 50 4 58 44 4 48 4 21 4 43 4 65 49 4 39 4 27 5 39 4 8 16 4 22 4 38 4 4 14 4 51 32 7 4 91 21 4 26 52 12 4 1 30 4 13 4 81 42 45 25 4 23 55 6 4 76 25 4 25 4 66 56 4 6 4 18 4 15 4 9 39 4 35 4 12 4 52 4 58 37 4 47 4 29 23 5 43 4 47 4 52 32 4 5 4 26 4 20 4 89 28 4 21 4 60 4 58 49 4 53 4 41 4 77 40 4 40 4 60 4 32 4 95 12 4 48 4 20 4 48 4 
iteration 1346 best: 0.94496 time: 519016
53 43 8 16 49 8 62 6 8 39 22 4 42 4 56 11 4 5 4 79 13 8 15 21 4 25 4 42 26 12 5 31 8 119 17 8 119 52 8 97 6 12 32 25 4 8 4 16 30 4 31 4 25 4 21 4 50 32 4 34 4 28 4 83 9 8 48 36 8 43 28 4 39 4 45 26 16 11 16 66 47 4 44 4 47 4 56 4 28 19 4 25 4 29 4 113 44 8 46 8 54 14 4 21 4 28 4 24 4 43 37 8 100 10 4 8 4 48 4 18 4 72 37 8 13 12 4 109 37 8 61 36 8 61 41 8 8 54 4 48 4 12 4 12 32 4 53 4 63 50 4 26 4 33 4 109 5 4 19 4 94 36 4 21 4 14 4 34 52 4 48 4 67 43 4 12 4 27 58 16 22 16 108 5 30 22 4 14 4 29 54 4 22 4 36 4 54 7 4 5 4 103 11 16 6 16 17 22 25 30 4 42 4 10 23 16 58 16 46 35 4 9 4 22 4 49 42 4 18 4 41 9 4 13 4 15 4 74 13 4 5 4 54 14 13 4 31 10 22 12 4 55 5 26 4 17 20 16 52 16 85 41 4 17 4 19 4 42 11 10 29 4 48 5 23 4 67 40 4 32 4 20 4 109 36 16 12 16 106 43 4 6 4 4 10 4 17 4 24 4 76 21 4 19 36 31 4 61 44 4 54 4 42 4 50 4 58 44 4 48 4 21 4 43 4 65 49 4 39 4 27 5 39 4 8 16 4 22 4 38 4 4 14 4 51 32 7 4 91 21 4 26 52 12 4 1 30 4 13 4 81 42 45 25 4 23 55 6 4 76 25 4 25 4 66 56 4 6 4 18 4 15 4 9 39 4 35 4 12 4 52 4 58 37 4 47 4 29 23 5 43 4 47 4 52 32 4 5 4 26 4 20 4 89 28 4 21 4 60 4 58 49 4 53 4 41 4 77 40 4 40 4 60 4 32 4 95 12 4 48 4 20 4 48 4 
iteration 1365 best: 0.94496 time: 526316
53 43 8 16 49 8 62 6 8 39 22 4 42 4 56 11 4 5 4 79 13 8 15 21 4 25 4 42 26 12 5 31 8 119 17 8 119 52 8 97 6 12 32 25 4 8 4 16 30 4 31 4 25 4 21 4 50 32 4 34 4 28 4 83 9 8 48 36 8 43 28 4 39 4 45 26 16 11 16 66 47 4 44 4 47 4 56 4 28 19 4 25 4 29 4 113 44 8 46 8 54 14 4 21 4 28 4 24 4 43 37 8 100 10 4 8 4 48 4 18 4 72 37 8 13 12 4 109 37 8 61 36 8 61 41 8 8 54 4 48 4 12 4 12 32 4 53 4 63 50 4 26 4 33 4 109 5 4 19 4 94 36 4 21 4 14 4 34 52 4 48 4 67 43 4 12 4 27 58 16 22 16 108 5 30 22 4 14 4 29 54 4 22 4 36 4 54 7 4 5 4 103 11 16 6 16 17 22 25 30 4 42 4 10 23 16 58 16 46 35 4 9 4 22 4 49 42 4 18 4 41 9 4 13 4 15 4 74 13 4 5 4 54 14 13 4 31 10 22 12 4 55 5 26 4 17 20 16 52 16 85 41 4 17 4 19 4 42 11 10 29 4 48 5 23 4 67 40 4 32 4 20 4 109 36 16 12 16 106 43 4 6 4 4 10 4 17 4 24 4 76 21 4 19 36 31 4 61 44 4 54 4 42 4 50 4 58 44 4 48 4 21 4 43 4 65 49 4 39 4 27 5 39 4 8 16 4 22 4 38 4 4 14 4 51 32 7 4 91 21 4 26 52 12 4 1 30 4 13 4 81 42 45 25 4 23 55 6 4 76 25 4 25 4 66 56 4 6 4 18 4 15 4 9 39 4 35 4 12 4 52 4 58 37 4 47 4 29 23 5 43 4 47 4 52 32 4 5 4 26 4 20 4 89 28 4 21 4 60 4 58 49 4 53 4 41 4 77 40 4 40 4 60 4 32 4 95 12 4 48 4 20 4 48 4 
iteration 1384 best: 0.94496 time: 533659
53 43 8 16 49 8 62 6 8 39 22 4 42 4 56 11 4 5 4 79 13 8 15 21 4 25 4 42 26 12 5 31 8 119 17 8 119 52 8 97 6 12 32 25 4 8 4 16 30 4 31 4 25 4 21 4 50 32 4 34 4 28 4 83 9 8 48 36 8 43 28 4 39 4 45 26 16 11 16 66 47 4 44 4 47 4 56 4 28 19 4 25 4 29 4 113 44 8 46 8 54 14 4 21 4 28 4 24 4 43 37 8 100 10 4 8 4 48 4 18 4 72 37 8 13 12 4 109 37 8 61 36 8 61 41 8 8 54 4 48 4 12 4 12 32 4 53 4 63 50 4 26 4 33 4 109 5 4 19 4 94 36 4 21 4 14 4 34 52 4 48 4 67 43 4 12 4 27 58 16 22 16 108 5 30 22 4 14 4 29 54 4 22 4 36 4 54 7 4 5 4 103 11 16 6 16 17 22 25 30 4 42 4 10 23 16 58 16 46 35 4 9 4 22 4 49 42 4 18 4 41 9 4 13 4 15 4 74 13 4 5 4 54 14 13 4 31 10 22 12 4 55 5 26 4 17 20 16 52 16 85 41 4 17 4 19 4 42 11 10 29 4 48 5 23 4 67 40 4 32 4 20 4 109 36 16 12 16 106 43 4 6 4 4 10 4 17 4 24 4 76 21 4 19 36 31 4 61 44 4 54 4 42 4 50 4 58 44 4 48 4 21 4 43 4 65 49 4 39 4 27 5 39 4 8 16 4 22 4 38 4 4 14 4 51 32 7 4 91 21 4 26 52 12 4 1 30 4 13 4 81 42 45 25 4 23 55 6 4 76 25 4 25 4 66 56 4 6 4 18 4 15 4 9 39 4 35 4 12 4 52 4 58 37 4 47 4 29 23 5 43 4 47 4 52 32 4 5 4 26 4 20 4 89 28 4 21 4 60 4 58 49 4 53 4 41 4 77 40 4 40 4 60 4 32 4 95 12 4 48 4 20 4 48 4 
iteration 1403 best: 0.94496 time: 540975
53 43 8 16 49 8 62 6 8 39 22 4 42 4 56 11 4 5 4 79 13 8 15 21 4 25 4 42 26 12 5 31 8 119 17 8 119 52 8 97 6 12 32 25 4 8 4 16 30 4 31 4 25 4 21 4 50 32 4 34 4 28 4 83 9 8 48 36 8 43 28 4 39 4 45 26 16 11 16 66 47 4 44 4 47 4 56 4 28 19 4 25 4 29 4 113 44 8 46 8 54 14 4 21 4 28 4 24 4 43 37 8 100 10 4 8 4 48 4 18 4 72 37 8 13 12 4 109 37 8 61 36 8 61 41 8 8 54 4 48 4 12 4 12 32 4 53 4 63 50 4 26 4 33 4 109 5 4 19 4 94 36 4 21 4 14 4 34 52 4 48 4 67 43 4 12 4 27 58 16 22 16 108 5 30 22 4 14 4 29 54 4 22 4 36 4 54 7 4 5 4 103 11 16 6 16 17 22 25 30 4 42 4 10 23 16 58 16 46 35 4 9 4 22 4 49 42 4 18 4 41 9 4 13 4 15 4 74 13 4 5 4 54 14 13 4 31 10 22 12 4 55 5 26 4 17 20 16 52 16 85 41 4 17 4 19 4 42 11 10 29 4 48 5 23 4 67 40 4 32 4 20 4 109 36 16 12 16 106 43 4 6 4 4 10 4 17 4 24 4 76 21 4 19 36 31 4 61 44 4 54 4 42 4 50 4 58 44 4 48 4 21 4 43 4 65 49 4 39 4 27 5 39 4 8 16 4 22 4 38 4 4 14 4 51 32 7 4 91 21 4 26 52 12 4 1 30 4 13 4 81 42 45 25 4 23 55 6 4 76 25 4 25 4 66 56 4 6 4 18 4 15 4 9 39 4 35 4 12 4 52 4 58 37 4 47 4 29 23 5 43 4 47 4 52 32 4 5 4 26 4 20 4 89 28 4 21 4 60 4 58 49 4 53 4 41 4 77 40 4 40 4 60 4 32 4 95 12 4 48 4 20 4 48 4 
iteration 1422 best: 0.94496 time: 548275
53 43 8 16 49 8 62 6 8 39 22 4 42 4 56 11 4 5 4 79 13 8 15 21 4 25 4 42 26 12 5 31 8 119 17 8 119 52 8 97 6 12 32 25 4 8 4 16 30 4 31 4 25 4 21 4 50 32 4 34 4 28 4 83 9 8 48 36 8 43 28 4 39 4 45 26 16 11 16 66 47 4 44 4 47 4 56 4 28 19 4 25 4 29 4 113 44 8 46 8 54 14 4 21 4 28 4 24 4 43 37 8 100 10 4 8 4 48 4 18 4 72 37 8 13 12 4 109 37 8 61 36 8 61 41 8 8 54 4 48 4 12 4 12 32 4 53 4 63 50 4 26 4 33 4 109 5 4 19 4 94 36 4 21 4 14 4 34 52 4 48 4 67 43 4 12 4 27 58 16 22 16 108 5 30 22 4 14 4 29 54 4 22 4 36 4 54 7 4 5 4 103 11 16 6 16 17 22 25 30 4 42 4 10 23 16 58 16 46 35 4 9 4 22 4 49 42 4 18 4 41 9 4 13 4 15 4 74 13 4 5 4 54 14 13 4 31 10 22 12 4 55 5 26 4 17 20 16 52 16 85 41 4 17 4 19 4 42 11 10 29 4 48 5 23 4 67 40 4 32 4 20 4 109 36 16 12 16 106 43 4 6 4 4 10 4 17 4 24 4 76 21 4 19 36 31 4 61 44 4 54 4 42 4 50 4 58 44 4 48 4 21 4 43 4 65 49 4 39 4 27 5 39 4 8 16 4 22 4 38 4 4 14 4 51 32 7 4 91 21 4 26 52 12 4 1 30 4 13 4 81 42 45 25 4 23 55 6 4 76 25 4 25 4 66 56 4 6 4 18 4 15 4 9 39 4 35 4 12 4 52 4 58 37 4 47 4 29 23 5 43 4 47 4 52 32 4 5 4 26 4 20 4 89 28 4 21 4 60 4 58 49 4 53 4 41 4 77 40 4 40 4 60 4 32 4 95 12 4 48 4 20 4 48 4 
iteration 1441 best: 0.94496 time: 555589
53 43 8 16 49 8 62 6 8 39 22 4 42 4 56 11 4 5 4 79 13 8 15 21 4 25 4 42 26 12 5 31 8 119 17 8 119 52 8 97 6 12 32 25 4 8 4 16 30 4 31 4 25 4 21 4 50 32 4 34 4 28 4 83 9 8 48 36 8 43 28 4 39 4 45 26 16 11 16 66 47 4 44 4 47 4 56 4 28 19 4 25 4 29 4 113 44 8 46 8 54 14 4 21 4 28 4 24 4 43 37 8 100 10 4 8 4 48 4 18 4 72 37 8 13 12 4 109 37 8 61 36 8 61 41 8 8 54 4 48 4 12 4 12 32 4 53 4 63 50 4 26 4 33 4 109 5 4 19 4 94 36 4 21 4 14 4 34 52 4 48 4 67 43 4 12 4 27 58 16 22 16 108 5 30 22 4 14 4 29 54 4 22 4 36 4 54 7 4 5 4 103 11 16 6 16 17 22 25 30 4 42 4 10 23 16 58 16 46 35 4 9 4 22 4 49 42 4 18 4 41 9 4 13 4 15 4 74 13 4 5 4 54 14 13 4 31 10 22 12 4 55 5 26 4 17 20 16 52 16 85 41 4 17 4 19 4 42 11 10 29 4 48 5 23 4 67 40 4 32 4 20 4 109 36 16 12 16 106 43 4 6 4 4 10 4 17 4 24 4 76 21 4 19 36 31 4 61 44 4 54 4 42 4 50 4 58 44 4 48 4 21 4 43 4 65 49 4 39 4 27 5 39 4 8 16 4 22 4 38 4 4 14 4 51 32 7 4 91 21 4 26 52 12 4 1 30 4 13 4 81 42 45 25 4 23 55 6 4 76 25 4 25 4 66 56 4 6 4 18 4 15 4 9 39 4 35 4 12 4 52 4 58 37 4 47 4 29 23 5 43 4 47 4 52 32 4 5 4 26 4 20 4 89 28 4 21 4 60 4 58 49 4 53 4 41 4 77 40 4 40 4 60 4 32 4 95 12 4 48 4 20 4 48 4 
iteration 1460 best: 0.94496 time: 562918
53 43 8 16 49 8 62 6 8 39 22 4 42 4 56 11 4 5 4 79 13 8 15 21 4 25 4 42 26 12 5 31 8 119 17 8 119 52 8 97 6 12 32 25 4 8 4 16 30 4 31 4 25 4 21 4 50 32 4 34 4 28 4 83 9 8 48 36 8 43 28 4 39 4 45 26 16 11 16 66 47 4 44 4 47 4 56 4 28 19 4 25 4 29 4 113 44 8 46 8 54 14 4 21 4 28 4 24 4 43 37 8 100 10 4 8 4 48 4 18 4 72 37 8 13 12 4 109 37 8 61 36 8 61 41 8 8 54 4 48 4 12 4 12 32 4 53 4 63 50 4 26 4 33 4 109 5 4 19 4 94 36 4 21 4 14 4 34 52 4 48 4 67 43 4 12 4 27 58 16 22 16 108 5 30 22 4 14 4 29 54 4 22 4 36 4 54 7 4 5 4 103 11 16 6 16 17 22 25 30 4 42 4 10 23 16 58 16 46 35 4 9 4 22 4 49 42 4 18 4 41 9 4 13 4 15 4 74 13 4 5 4 54 14 13 4 31 10 22 12 4 55 5 26 4 17 20 16 52 16 85 41 4 17 4 19 4 42 11 10 29 4 48 5 23 4 67 40 4 32 4 20 4 109 36 16 12 16 106 43 4 6 4 4 10 4 17 4 24 4 76 21 4 19 36 31 4 61 44 4 54 4 42 4 50 4 58 44 4 48 4 21 4 43 4 65 49 4 39 4 27 5 39 4 8 16 4 22 4 38 4 4 14 4 51 32 7 4 91 21 4 26 52 12 4 1 30 4 13 4 81 42 45 25 4 23 55 6 4 76 25 4 25 4 66 56 4 6 4 18 4 15 4 9 39 4 35 4 12 4 52 4 58 37 4 47 4 29 23 5 43 4 47 4 52 32 4 5 4 26 4 20 4 89 28 4 21 4 60 4 58 49 4 53 4 41 4 77 40 4 40 4 60 4 32 4 95 12 4 48 4 20 4 48 4 
iteration 1479 best: 0.94496 time: 570215
53 43 8 16 49 8 62 6 8 39 22 4 42 4 56 11 4 5 4 79 13 8 15 21 4 25 4 42 26 12 5 31 8 119 17 8 119 52 8 97 6 12 32 25 4 8 4 16 30 4 31 4 25 4 21 4 50 32 4 34 4 28 4 83 9 8 48 36 8 43 28 4 39 4 45 26 16 11 16 66 47 4 44 4 47 4 56 4 28 19 4 25 4 29 4 113 44 8 46 8 54 14 4 21 4 28 4 24 4 43 37 8 100 10 4 8 4 48 4 18 4 72 37 8 13 12 4 109 37 8 61 36 8 61 41 8 8 54 4 48 4 12 4 12 32 4 53 4 63 50 4 26 4 33 4 109 5 4 19 4 94 36 4 21 4 14 4 34 52 4 48 4 67 43 4 12 4 27 58 16 22 16 108 5 30 22 4 14 4 29 54 4 22 4 36 4 54 7 4 5 4 103 11 16 6 16 17 22 25 30 4 42 4 10 23 16 58 16 46 35 4 9 4 22 4 49 42 4 18 4 41 9 4 13 4 15 4 74 13 4 5 4 54 14 13 4 31 10 22 12 4 55 5 26 4 17 20 16 52 16 85 41 4 17 4 19 4 42 11 10 29 4 48 5 23 4 67 40 4 32 4 20 4 109 36 16 12 16 106 43 4 6 4 4 10 4 17 4 24 4 76 21 4 19 36 31 4 61 44 4 54 4 42 4 50 4 58 44 4 48 4 21 4 43 4 65 49 4 39 4 27 5 39 4 8 16 4 22 4 38 4 4 14 4 51 32 7 4 91 21 4 26 52 12 4 1 30 4 13 4 81 42 45 25 4 23 55 6 4 76 25 4 25 4 66 56 4 6 4 18 4 15 4 9 39 4 35 4 12 4 52 4 58 37 4 47 4 29 23 5 43 4 47 4 52 32 4 5 4 26 4 20 4 89 28 4 21 4 60 4 58 49 4 53 4 41 4 77 40 4 40 4 60 4 32 4 95 12 4 48 4 20 4 48 4 
iteration 1498 best: 0.94496 time: 577505
53 43 8 16 49 8 62 6 8 39 22 4 42 4 56 11 4 5 4 79 13 8 15 21 4 25 4 42 26 12 5 31 8 119 17 8 119 52 8 97 6 12 32 25 4 8 4 16 30 4 31 4 25 4 21 4 50 32 4 34 4 28 4 83 9 8 48 36 8 43 28 4 39 4 45 26 16 11 16 66 47 4 44 4 47 4 56 4 28 19 4 25 4 29 4 113 44 8 46 8 54 14 4 21 4 28 4 24 4 43 37 8 100 10 4 8 4 48 4 18 4 72 37 8 13 12 4 109 37 8 61 36 8 61 41 8 8 54 4 48 4 12 4 12 32 4 53 4 63 50 4 26 4 33 4 109 5 4 19 4 94 36 4 21 4 14 4 34 52 4 48 4 67 43 4 12 4 27 58 16 22 16 108 5 30 22 4 14 4 29 54 4 22 4 36 4 54 7 4 5 4 103 11 16 6 16 17 22 25 30 4 42 4 10 23 16 58 16 46 35 4 9 4 22 4 49 42 4 18 4 41 9 4 13 4 15 4 74 13 4 5 4 54 14 13 4 31 10 22 12 4 55 5 26 4 17 20 16 52 16 85 41 4 17 4 19 4 42 11 10 29 4 48 5 23 4 67 40 4 32 4 20 4 109 36 16 12 16 106 43 4 6 4 4 10 4 17 4 24 4 76 21 4 19 36 31 4 61 44 4 54 4 42 4 50 4 58 44 4 48 4 21 4 43 4 65 49 4 39 4 27 5 39 4 8 16 4 22 4 38 4 4 14 4 51 32 7 4 91 21 4 26 52 12 4 1 30 4 13 4 81 42 45 25 4 23 55 6 4 76 25 4 25 4 66 56 4 6 4 18 4 15 4 9 39 4 35 4 12 4 52 4 58 37 4 47 4 29 23 5 43 4 47 4 52 32 4 5 4 26 4 20 4 89 28 4 21 4 60 4 58 49 4 53 4 41 4 77 40 4 40 4 60 4 32 4 95 12 4 48 4 20 4 48 4 
iteration 1517 best: 0.94496 time: 584802
53 43 8 16 49 8 62 6 8 39 22 4 42 4 56 11 4 5 4 79 13 8 15 21 4 25 4 42 26 12 5 31 8 119 17 8 119 52 8 97 6 12 32 25 4 8 4 16 30 4 31 4 25 4 21 4 50 32 4 34 4 28 4 83 9 8 48 36 8 43 28 4 39 4 45 26 16 11 16 66 47 4 44 4 47 4 56 4 28 19 4 25 4 29 4 113 44 8 46 8 54 14 4 21 4 28 4 24 4 43 37 8 100 10 4 8 4 48 4 18 4 72 37 8 13 12 4 109 37 8 61 36 8 61 41 8 8 54 4 48 4 12 4 12 32 4 53 4 63 50 4 26 4 33 4 109 5 4 19 4 94 36 4 21 4 14 4 34 52 4 48 4 67 43 4 12 4 27 58 16 22 16 108 5 30 22 4 14 4 29 54 4 22 4 36 4 54 7 4 5 4 103 11 16 6 16 17 22 25 30 4 42 4 10 23 16 58 16 46 35 4 9 4 22 4 49 42 4 18 4 41 9 4 13 4 15 4 74 13 4 5 4 54 14 13 4 31 10 22 12 4 55 5 26 4 17 20 16 52 16 85 41 4 17 4 19 4 42 11 10 29 4 48 5 23 4 67 40 4 32 4 20 4 109 36 16 12 16 106 43 4 6 4 4 10 4 17 4 24 4 76 21 4 19 36 31 4 61 44 4 54 4 42 4 50 4 58 44 4 48 4 21 4 43 4 65 49 4 39 4 27 5 39 4 8 16 4 22 4 38 4 4 14 4 51 32 7 4 91 21 4 26 52 12 4 1 30 4 13 4 81 42 45 25 4 23 55 6 4 76 25 4 25 4 66 56 4 6 4 18 4 15 4 9 39 4 35 4 12 4 52 4 58 37 4 47 4 29 23 5 43 4 47 4 52 32 4 5 4 26 4 20 4 89 28 4 21 4 60 4 58 49 4 53 4 41 4 77 40 4 40 4 60 4 32 4 95 12 4 48 4 20 4 48 4 
iteration 1536 best: 0.94496 time: 592076
53 43 8 16 49 8 62 6 8 39 22 4 42 4 56 11 4 5 4 79 13 8 15 21 4 25 4 42 26 12 5 31 8 119 17 8 119 52 8 97 6 12 32 25 4 8 4 16 30 4 31 4 25 4 21 4 50 32 4 34 4 28 4 83 9 8 48 36 8 43 28 4 39 4 45 26 16 11 16 66 47 4 44 4 47 4 56 4 28 19 4 25 4 29 4 113 44 8 46 8 54 14 4 21 4 28 4 24 4 43 37 8 100 10 4 8 4 48 4 18 4 72 37 8 13 12 4 109 37 8 61 36 8 61 41 8 8 54 4 48 4 12 4 12 32 4 53 4 63 50 4 26 4 33 4 109 5 4 19 4 94 36 4 21 4 14 4 34 52 4 48 4 67 43 4 12 4 27 58 16 22 16 108 5 30 22 4 14 4 29 54 4 22 4 36 4 54 7 4 5 4 103 11 16 6 16 17 22 25 30 4 42 4 10 23 16 58 16 46 35 4 9 4 22 4 49 42 4 18 4 41 9 4 13 4 15 4 74 13 4 5 4 54 14 13 4 31 10 22 12 4 55 5 26 4 17 20 16 52 16 85 41 4 17 4 19 4 42 11 10 29 4 48 5 23 4 67 40 4 32 4 20 4 109 36 16 12 16 106 43 4 6 4 4 10 4 17 4 24 4 76 21 4 19 36 31 4 61 44 4 54 4 42 4 50 4 58 44 4 48 4 21 4 43 4 65 49 4 39 4 27 5 39 4 8 16 4 22 4 38 4 4 14 4 51 32 7 4 91 21 4 26 52 12 4 1 30 4 13 4 81 42 45 25 4 23 55 6 4 76 25 4 25 4 66 56 4 6 4 18 4 15 4 9 39 4 35 4 12 4 52 4 58 37 4 47 4 29 23 5 43 4 47 4 52 32 4 5 4 26 4 20 4 89 28 4 21 4 60 4 58 49 4 53 4 41 4 77 40 4 40 4 60 4 32 4 95 12 4 48 4 20 4 48 4 
iteration 1555 best: 0.94496 time: 599375
53 43 8 16 49 8 62 6 8 39 22 4 42 4 56 11 4 5 4 79 13 8 15 21 4 25 4 42 26 12 5 31 8 119 17 8 119 52 8 97 6 12 32 25 4 8 4 16 30 4 31 4 25 4 21 4 50 32 4 34 4 28 4 83 9 8 48 36 8 43 28 4 39 4 45 26 16 11 16 66 47 4 44 4 47 4 56 4 28 19 4 25 4 29 4 113 44 8 46 8 54 14 4 21 4 28 4 24 4 43 37 8 100 10 4 8 4 48 4 18 4 72 37 8 13 12 4 109 37 8 61 36 8 61 41 8 8 54 4 48 4 12 4 12 32 4 53 4 63 50 4 26 4 33 4 109 5 4 19 4 94 36 4 21 4 14 4 34 52 4 48 4 67 43 4 12 4 27 58 16 22 16 108 5 30 22 4 14 4 29 54 4 22 4 36 4 54 7 4 5 4 103 11 16 6 16 17 22 25 30 4 42 4 10 23 16 58 16 46 35 4 9 4 22 4 49 42 4 18 4 41 9 4 13 4 15 4 74 13 4 5 4 54 14 13 4 31 10 22 12 4 55 5 26 4 17 20 16 52 16 85 41 4 17 4 19 4 42 11 10 29 4 48 5 23 4 67 40 4 32 4 20 4 109 36 16 12 16 106 43 4 6 4 4 10 4 17 4 24 4 76 21 4 19 36 31 4 61 44 4 54 4 42 4 50 4 58 44 4 48 4 21 4 43 4 65 49 4 39 4 27 5 39 4 8 16 4 22 4 38 4 4 14 4 51 32 7 4 91 21 4 26 52 12 4 1 30 4 13 4 81 42 45 25 4 23 55 6 4 76 25 4 25 4 66 56 4 6 4 18 4 15 4 9 39 4 35 4 12 4 52 4 58 37 4 47 4 29 23 5 43 4 47 4 52 32 4 5 4 26 4 20 4 89 28 4 21 4 60 4 58 49 4 53 4 41 4 77 40 4 40 4 60 4 32 4 95 12 4 48 4 20 4 48 4 
Best solution: 
53 43 8 16 49 8 62 6 8 39 22 4 42 4 56 11 4 5 4 79 13 8 15 21 4 25 4 42 26 12 5 31 8 119 17 8 119 52 8 97 6 12 32 25 4 8 4 16 30 4 31 4 25 4 21 4 50 32 4 34 4 28 4 83 9 8 48 36 8 43 28 4 39 4 45 26 16 11 16 66 47 4 44 4 47 4 56 4 28 19 4 25 4 29 4 113 44 8 46 8 54 14 4 21 4 28 4 24 4 43 37 8 100 10 4 8 4 48 4 18 4 72 37 8 13 12 4 109 37 8 61 36 8 61 41 8 8 54 4 48 4 12 4 12 32 4 53 4 63 50 4 26 4 33 4 109 5 4 19 4 94 36 4 21 4 14 4 34 52 4 48 4 67 43 4 12 4 27 58 16 22 16 108 5 30 22 4 14 4 29 54 4 22 4 36 4 54 7 4 5 4 103 11 16 6 16 17 22 25 30 4 42 4 10 23 16 58 16 46 35 4 9 4 22 4 49 42 4 18 4 41 9 4 13 4 15 4 74 13 4 5 4 54 14 13 4 31 10 22 12 4 55 5 26 4 17 20 16 52 16 85 41 4 17 4 19 4 42 11 10 29 4 48 5 23 4 67 40 4 32 4 20 4 109 36 16 12 16 106 43 4 6 4 4 10 4 17 4 24 4 76 21 4 19 36 31 4 61 44 4 54 4 42 4 50 4 58 44 4 48 4 21 4 43 4 65 49 4 39 4 27 5 39 4 8 16 4 22 4 38 4 4 14 4 51 32 7 4 91 21 4 26 52 12 4 1 30 4 13 4 81 42 45 25 4 23 55 6 4 76 25 4 25 4 66 56 4 6 4 18 4 15 4 9 39 4 35 4 12 4 52 4 58 37 4 47 4 29 23 5 43 4 47 4 52 32 4 5 4 26 4 20 4 89 28 4 21 4 60 4 58 49 4 53 4 41 4 77 40 4 40 4 60 4 32 4 95 12 4 48 4 20 4 48 4 
Fitness: 0.94496
