iteration 22 best: 1.07049 time: 7247
52 48 4 33 4 57 4 91 53 4 24 4 55 26 4 55 4 23 4 31 30 4 55 4 15 4 108 15 4 8 4 46 4 21 58 4 48 4 55 4 24 4 93 47 4 11 4 48 4 20 39 4 31 4 99 41 4 54 4 90 57 4 10 4 40 4 56 4 50 49 4 5 4 18 32 4 55 4 32 9 4 19 4 14 4 48 4 16 4 29 51 4 42 4 32 4 44 4 105 26 4 27 4 66 29 4 37 4 32 4 54 4 74 22 4 6 4 16 4 89 22 4 31 4 72 60 4 55 4 114 5 20 18 25 4 48 4 34 4 83 30 20 94 58 4 7 4 22 4 13 31 4 31 4 20 4 39 4 14 31 4 21 4 101 27 4 47 4 45 4 11 15 4 46 4 21 49 4 43 4 20 4 3 30 4 8 4 30 4 13 40 4 41 4 38 48 4 47 4 86 11 4 17 45 4 48 4 18 4 27 47 4 44 4 108 35 4 39 4 100 44 4 49 4 21 32 4 17 4 68 33 4 47 4 108 17 4 40 4 116 13 4 5 4 74 34 4 8 4 28 12 4 54 4 43 4 48 37 4 11 4 82 55 4 14 4 50 4 35 6 4 56 4 44 4 50 17 4 48 4 28 4 43 4 63 10 4 12 4 32 4 32 4 10 49 4 7 4 14 4 83 52 4 38 4 94 24 4 52 4 37 4 88 60 4 45 4 60 4 10 16 4 42 4 30 4 82 33 4 49 4 16 4 32 33 16 47 16 112 22 4 34 23 16 6 16 105 9 4 16 4 109 47 4 29 4 27 4 87 60 4 31 4 59 4 30 4 22 7 4 47 4 22 9 4 12 4 17 4 32 4 106 30 4 52 4 51 4 63 59 4 5 4 16 4 84 25 4 19 4 44 4 28 50 4 47 4 17 4 33 44 4 33 4 44 4 34 4 78 58 4 28 4 49 4 25 4 29 44 4 49 4 36 4 26 25 4 37 4 51 4 17 42 4 57 4 18 4 
iteration 47 best: 1.07049 time: 14639
52 48 4 33 4 57 4 91 53 4 24 4 55 26 4 55 4 23 4 31 30 4 55 4 15 4 108 15 4 8 4 46 4 21 58 4 48 4 55 4 24 4 93 47 4 11 4 48 4 20 39 4 31 4 99 41 4 54 4 90 57 4 10 4 40 4 56 4 50 49 4 5 4 18 32 4 55 4 32 9 4 19 4 14 4 48 4 16 4 29 51 4 42 4 32 4 44 4 105 26 4 27 4 66 29 4 37 4 32 4 54 4 74 22 4 6 4 16 4 89 22 4 31 4 72 60 4 55 4 114 5 20 18 25 4 48 4 34 4 83 30 20 94 58 4 7 4 22 4 13 31 4 31 4 20 4 39 4 14 31 4 21 4 101 27 4 47 4 45 4 11 15 4 46 4 21 49 4 43 4 20 4 3 30 4 8 4 30 4 13 40 4 41 4 38 48 4 47 4 86 11 4 17 45 4 48 4 18 4 27 47 4 44 4 108 35 4 39 4 100 44 4 49 4 21 32 4 17 4 68 33 4 47 4 108 17 4 40 4 116 13 4 5 4 74 34 4 8 4 28 12 4 54 4 43 4 48 37 4 11 4 82 55 4 14 4 50 4 35 6 4 56 4 44 4 50 17 4 48 4 28 4 43 4 63 10 4 12 4 32 4 32 4 10 49 4 7 4 14 4 83 52 4 38 4 94 24 4 52 4 37 4 88 60 4 45 4 60 4 10 16 4 42 4 30 4 82 33 4 49 4 16 4 32 33 16 47 16 112 22 4 34 23 16 6 16 105 9 4 16 4 109 47 4 29 4 27 4 87 60 4 31 4 59 4 30 4 22 7 4 47 4 22 9 4 12 4 17 4 32 4 106 30 4 52 4 51 4 63 59 4 5 4 16 4 84 25 4 19 4 44 4 28 50 4 47 4 17 4 33 44 4 33 4 44 4 34 4 78 58 4 28 4 49 4 25 4 29 44 4 49 4 36 4 26 25 4 37 4 51 4 17 42 4 57 4 18 4 
iteration 72 best: 1.07049 time: 22091
52 48 4 33 4 57 4 91 53 4 24 4 55 26 4 55 4 23 4 31 30 4 55 4 15 4 108 15 4 8 4 46 4 21 58 4 48 4 55 4 24 4 93 47 4 11 4 48 4 20 39 4 31 4 99 41 4 54 4 90 57 4 10 4 40 4 56 4 50 49 4 5 4 18 32 4 55 4 32 9 4 19 4 14 4 48 4 16 4 29 51 4 42 4 32 4 44 4 105 26 4 27 4 66 29 4 37 4 32 4 54 4 74 22 4 6 4 16 4 89 22 4 31 4 72 60 4 55 4 114 5 20 18 25 4 48 4 34 4 83 30 20 94 58 4 7 4 22 4 13 31 4 31 4 20 4 39 4 14 31 4 21 4 101 27 4 47 4 45 4 11 15 4 46 4 21 49 4 43 4 20 4 3 30 4 8 4 30 4 13 40 4 41 4 38 48 4 47 4 86 11 4 17 45 4 48 4 18 4 27 47 4 44 4 108 35 4 39 4 100 44 4 49 4 21 32 4 17 4 68 33 4 47 4 108 17 4 40 4 116 13 4 5 4 74 34 4 8 4 28 12 4 54 4 43 4 48 37 4 11 4 82 55 4 14 4 50 4 35 6 4 56 4 44 4 50 17 4 48 4 28 4 43 4 63 10 4 12 4 32 4 32 4 10 49 4 7 4 14 4 83 52 4 38 4 94 24 4 52 4 37 4 88 60 4 45 4 60 4 10 16 4 42 4 30 4 82 33 4 49 4 16 4 32 33 16 47 16 112 22 4 34 23 16 6 16 105 9 4 16 4 109 47 4 29 4 27 4 87 60 4 31 4 59 4 30 4 22 7 4 47 4 22 9 4 12 4 17 4 32 4 106 30 4 52 4 51 4 63 59 4 5 4 16 4 84 25 4 19 4 44 4 28 50 4 47 4 17 4 33 44 4 33 4 44 4 34 4 78 58 4 28 4 49 4 25 4 29 44 4 49 4 36 4 26 25 4 37 4 51 4 17 42 4 57 4 18 4 
iteration 97 best: 1.07049 time: 29532
52 48 4 33 4 57 4 91 53 4 24 4 55 26 4 55 4 23 4 31 30 4 55 4 15 4 108 15 4 8 4 46 4 21 58 4 48 4 55 4 24 4 93 47 4 11 4 48 4 20 39 4 31 4 99 41 4 54 4 90 57 4 10 4 40 4 56 4 50 49 4 5 4 18 32 4 55 4 32 9 4 19 4 14 4 48 4 16 4 29 51 4 42 4 32 4 44 4 105 26 4 27 4 66 29 4 37 4 32 4 54 4 74 22 4 6 4 16 4 89 22 4 31 4 72 60 4 55 4 114 5 20 18 25 4 48 4 34 4 83 30 20 94 58 4 7 4 22 4 13 31 4 31 4 20 4 39 4 14 31 4 21 4 101 27 4 47 4 45 4 11 15 4 46 4 21 49 4 43 4 20 4 3 30 4 8 4 30 4 13 40 4 41 4 38 48 4 47 4 86 11 4 17 45 4 48 4 18 4 27 47 4 44 4 108 35 4 39 4 100 44 4 49 4 21 32 4 17 4 68 33 4 47 4 108 17 4 40 4 116 13 4 5 4 74 34 4 8 4 28 12 4 54 4 43 4 48 37 4 11 4 82 55 4 14 4 50 4 35 6 4 56 4 44 4 50 17 4 48 4 28 4 43 4 63 10 4 12 4 32 4 32 4 10 49 4 7 4 14 4 83 52 4 38 4 94 24 4 52 4 37 4 88 60 4 45 4 60 4 10 16 4 42 4 30 4 82 33 4 49 4 16 4 32 33 16 47 16 112 22 4 34 23 16 6 16 105 9 4 16 4 109 47 4 29 4 27 4 87 60 4 31 4 59 4 30 4 22 7 4 47 4 22 9 4 12 4 17 4 32 4 106 30 4 52 4 51 4 63 59 4 5 4 16 4 84 25 4 19 4 44 4 28 50 4 47 4 17 4 33 44 4 33 4 44 4 34 4 78 58 4 28 4 49 4 25 4 29 44 4 49 4 36 4 26 25 4 37 4 51 4 17 42 4 57 4 18 4 
iteration 122 best: 1.07049 time: 36951
52 48 4 33 4 57 4 91 53 4 24 4 55 26 4 55 4 23 4 31 30 4 55 4 15 4 108 15 4 8 4 46 4 21 58 4 48 4 55 4 24 4 93 47 4 11 4 48 4 20 39 4 31 4 99 41 4 54 4 90 57 4 10 4 40 4 56 4 50 49 4 5 4 18 32 4 55 4 32 9 4 19 4 14 4 48 4 16 4 29 51 4 42 4 32 4 44 4 105 26 4 27 4 66 29 4 37 4 32 4 54 4 74 22 4 6 4 16 4 89 22 4 31 4 72 60 4 55 4 114 5 20 18 25 4 48 4 34 4 83 30 20 94 58 4 7 4 22 4 13 31 4 31 4 20 4 39 4 14 31 4 21 4 101 27 4 47 4 45 4 11 15 4 46 4 21 49 4 43 4 20 4 3 30 4 8 4 30 4 13 40 4 41 4 38 48 4 47 4 86 11 4 17 45 4 48 4 18 4 27 47 4 44 4 108 35 4 39 4 100 44 4 49 4 21 32 4 17 4 68 33 4 47 4 108 17 4 40 4 116 13 4 5 4 74 34 4 8 4 28 12 4 54 4 43 4 48 37 4 11 4 82 55 4 14 4 50 4 35 6 4 56 4 44 4 50 17 4 48 4 28 4 43 4 63 10 4 12 4 32 4 32 4 10 49 4 7 4 14 4 83 52 4 38 4 94 24 4 52 4 37 4 88 60 4 45 4 60 4 10 16 4 42 4 30 4 82 33 4 49 4 16 4 32 33 16 47 16 112 22 4 34 23 16 6 16 105 9 4 16 4 109 47 4 29 4 27 4 87 60 4 31 4 59 4 30 4 22 7 4 47 4 22 9 4 12 4 17 4 32 4 106 30 4 52 4 51 4 63 59 4 5 4 16 4 84 25 4 19 4 44 4 28 50 4 47 4 17 4 33 44 4 33 4 44 4 34 4 78 58 4 28 4 49 4 25 4 29 44 4 49 4 36 4 26 25 4 37 4 51 4 17 42 4 57 4 18 4 
iteration 147 best: 1.07049 time: 44385
52 48 4 33 4 57 4 91 53 4 24 4 55 26 4 55 4 23 4 31 30 4 55 4 15 4 108 15 4 8 4 46 4 21 58 4 48 4 55 4 24 4 93 47 4 11 4 48 4 20 39 4 31 4 99 41 4 54 4 90 57 4 10 4 40 4 56 4 50 49 4 5 4 18 32 4 55 4 32 9 4 19 4 14 4 48 4 16 4 29 51 4 42 4 32 4 44 4 105 26 4 27 4 66 29 4 37 4 32 4 54 4 74 22 4 6 4 16 4 89 22 4 31 4 72 60 4 55 4 114 5 20 18 25 4 48 4 34 4 83 30 20 94 58 4 7 4 22 4 13 31 4 31 4 20 4 39 4 14 31 4 21 4 101 27 4 47 4 45 4 11 15 4 46 4 21 49 4 43 4 20 4 3 30 4 8 4 30 4 13 40 4 41 4 38 48 4 47 4 86 11 4 17 45 4 48 4 18 4 27 47 4 44 4 108 35 4 39 4 100 44 4 49 4 21 32 4 17 4 68 33 4 47 4 108 17 4 40 4 116 13 4 5 4 74 34 4 8 4 28 12 4 54 4 43 4 48 37 4 11 4 82 55 4 14 4 50 4 35 6 4 56 4 44 4 50 17 4 48 4 28 4 43 4 63 10 4 12 4 32 4 32 4 10 49 4 7 4 14 4 83 52 4 38 4 94 24 4 52 4 37 4 88 60 4 45 4 60 4 10 16 4 42 4 30 4 82 33 4 49 4 16 4 32 33 16 47 16 112 22 4 34 23 16 6 16 105 9 4 16 4 109 47 4 29 4 27 4 87 60 4 31 4 59 4 30 4 22 7 4 47 4 22 9 4 12 4 17 4 32 4 106 30 4 52 4 51 4 63 59 4 5 4 16 4 84 25 4 19 4 44 4 28 50 4 47 4 17 4 33 44 4 33 4 44 4 34 4 78 58 4 28 4 49 4 25 4 29 44 4 49 4 36 4 26 25 4 37 4 51 4 17 42 4 57 4 18 4 
iteration 172 best: 1.07049 time: 51795
52 48 4 33 4 57 4 91 53 4 24 4 55 26 4 55 4 23 4 31 30 4 55 4 15 4 108 15 4 8 4 46 4 21 58 4 48 4 55 4 24 4 93 47 4 11 4 48 4 20 39 4 31 4 99 41 4 54 4 90 57 4 10 4 40 4 56 4 50 49 4 5 4 18 32 4 55 4 32 9 4 19 4 14 4 48 4 16 4 29 51 4 42 4 32 4 44 4 105 26 4 27 4 66 29 4 37 4 32 4 54 4 74 22 4 6 4 16 4 89 22 4 31 4 72 60 4 55 4 114 5 20 18 25 4 48 4 34 4 83 30 20 94 58 4 7 4 22 4 13 31 4 31 4 20 4 39 4 14 31 4 21 4 101 27 4 47 4 45 4 11 15 4 46 4 21 49 4 43 4 20 4 3 30 4 8 4 30 4 13 40 4 41 4 38 48 4 47 4 86 11 4 17 45 4 48 4 18 4 27 47 4 44 4 108 35 4 39 4 100 44 4 49 4 21 32 4 17 4 68 33 4 47 4 108 17 4 40 4 116 13 4 5 4 74 34 4 8 4 28 12 4 54 4 43 4 48 37 4 11 4 82 55 4 14 4 50 4 35 6 4 56 4 44 4 50 17 4 48 4 28 4 43 4 63 10 4 12 4 32 4 32 4 10 49 4 7 4 14 4 83 52 4 38 4 94 24 4 52 4 37 4 88 60 4 45 4 60 4 10 16 4 42 4 30 4 82 33 4 49 4 16 4 32 33 16 47 16 112 22 4 34 23 16 6 16 105 9 4 16 4 109 47 4 29 4 27 4 87 60 4 31 4 59 4 30 4 22 7 4 47 4 22 9 4 12 4 17 4 32 4 106 30 4 52 4 51 4 63 59 4 5 4 16 4 84 25 4 19 4 44 4 28 50 4 47 4 17 4 33 44 4 33 4 44 4 34 4 78 58 4 28 4 49 4 25 4 29 44 4 49 4 36 4 26 25 4 37 4 51 4 17 42 4 57 4 18 4 
iteration 197 best: 1.07049 time: 59217
52 48 4 33 4 57 4 91 53 4 24 4 55 26 4 55 4 23 4 31 30 4 55 4 15 4 108 15 4 8 4 46 4 21 58 4 48 4 55 4 24 4 93 47 4 11 4 48 4 20 39 4 31 4 99 41 4 54 4 90 57 4 10 4 40 4 56 4 50 49 4 5 4 18 32 4 55 4 32 9 4 19 4 14 4 48 4 16 4 29 51 4 42 4 32 4 44 4 105 26 4 27 4 66 29 4 37 4 32 4 54 4 74 22 4 6 4 16 4 89 22 4 31 4 72 60 4 55 4 114 5 20 18 25 4 48 4 34 4 83 30 20 94 58 4 7 4 22 4 13 31 4 31 4 20 4 39 4 14 31 4 21 4 101 27 4 47 4 45 4 11 15 4 46 4 21 49 4 43 4 20 4 3 30 4 8 4 30 4 13 40 4 41 4 38 48 4 47 4 86 11 4 17 45 4 48 4 18 4 27 47 4 44 4 108 35 4 39 4 100 44 4 49 4 21 32 4 17 4 68 33 4 47 4 108 17 4 40 4 116 13 4 5 4 74 34 4 8 4 28 12 4 54 4 43 4 48 37 4 11 4 82 55 4 14 4 50 4 35 6 4 56 4 44 4 50 17 4 48 4 28 4 43 4 63 10 4 12 4 32 4 32 4 10 49 4 7 4 14 4 83 52 4 38 4 94 24 4 52 4 37 4 88 60 4 45 4 60 4 10 16 4 42 4 30 4 82 33 4 49 4 16 4 32 33 16 47 16 112 22 4 34 23 16 6 16 105 9 4 16 4 109 47 4 29 4 27 4 87 60 4 31 4 59 4 30 4 22 7 4 47 4 22 9 4 12 4 17 4 32 4 106 30 4 52 4 51 4 63 59 4 5 4 16 4 84 25 4 19 4 44 4 28 50 4 47 4 17 4 33 44 4 33 4 44 4 34 4 78 58 4 28 4 49 4 25 4 29 44 4 49 4 36 4 26 25 4 37 4 51 4 17 42 4 57 4 18 4 
iteration 222 best: 1.07049 time: 66635
52 48 4 33 4 57 4 91 53 4 24 4 55 26 4 55 4 23 4 31 30 4 55 4 15 4 108 15 4 8 4 46 4 21 58 4 48 4 55 4 24 4 93 47 4 11 4 48 4 20 39 4 31 4 99 41 4 54 4 90 57 4 10 4 40 4 56 4 50 49 4 5 4 18 32 4 55 4 32 9 4 19 4 14 4 48 4 16 4 29 51 4 42 4 32 4 44 4 105 26 4 27 4 66 29 4 37 4 32 4 54 4 74 22 4 6 4 16 4 89 22 4 31 4 72 60 4 55 4 114 5 20 18 25 4 48 4 34 4 83 30 20 94 58 4 7 4 22 4 13 31 4 31 4 20 4 39 4 14 31 4 21 4 101 27 4 47 4 45 4 11 15 4 46 4 21 49 4 43 4 20 4 3 30 4 8 4 30 4 13 40 4 41 4 38 48 4 47 4 86 11 4 17 45 4 48 4 18 4 27 47 4 44 4 108 35 4 39 4 100 44 4 49 4 21 32 4 17 4 68 33 4 47 4 108 17 4 40 4 116 13 4 5 4 74 34 4 8 4 28 12 4 54 4 43 4 48 37 4 11 4 82 55 4 14 4 50 4 35 6 4 56 4 44 4 50 17 4 48 4 28 4 43 4 63 10 4 12 4 32 4 32 4 10 49 4 7 4 14 4 83 52 4 38 4 94 24 4 52 4 37 4 88 60 4 45 4 60 4 10 16 4 42 4 30 4 82 33 4 49 4 16 4 32 33 16 47 16 112 22 4 34 23 16 6 16 105 9 4 16 4 109 47 4 29 4 27 4 87 60 4 31 4 59 4 30 4 22 7 4 47 4 22 9 4 12 4 17 4 32 4 106 30 4 52 4 51 4 63 59 4 5 4 16 4 84 25 4 19 4 44 4 28 50 4 47 4 17 4 33 44 4 33 4 44 4 34 4 78 58 4 28 4 49 4 25 4 29 44 4 49 4 36 4 26 25 4 37 4 51 4 17 42 4 57 4 18 4 
iteration 247 best: 1.07049 time: 74057
52 48 4 33 4 57 4 91 53 4 24 4 55 26 4 55 4 23 4 31 30 4 55 4 15 4 108 15 4 8 4 46 4 21 58 4 48 4 55 4 24 4 93 47 4 11 4 48 4 20 39 4 31 4 99 41 4 54 4 90 57 4 10 4 40 4 56 4 50 49 4 5 4 18 32 4 55 4 32 9 4 19 4 14 4 48 4 16 4 29 51 4 42 4 32 4 44 4 105 26 4 27 4 66 29 4 37 4 32 4 54 4 74 22 4 6 4 16 4 89 22 4 31 4 72 60 4 55 4 114 5 20 18 25 4 48 4 34 4 83 30 20 94 58 4 7 4 22 4 13 31 4 31 4 20 4 39 4 14 31 4 21 4 101 27 4 47 4 45 4 11 15 4 46 4 21 49 4 43 4 20 4 3 30 4 8 4 30 4 13 40 4 41 4 38 48 4 47 4 86 11 4 17 45 4 48 4 18 4 27 47 4 44 4 108 35 4 39 4 100 44 4 49 4 21 32 4 17 4 68 33 4 47 4 108 17 4 40 4 116 13 4 5 4 74 34 4 8 4 28 12 4 54 4 43 4 48 37 4 11 4 82 55 4 14 4 50 4 35 6 4 56 4 44 4 50 17 4 48 4 28 4 43 4 63 10 4 12 4 32 4 32 4 10 49 4 7 4 14 4 83 52 4 38 4 94 24 4 52 4 37 4 88 60 4 45 4 60 4 10 16 4 42 4 30 4 82 33 4 49 4 16 4 32 33 16 47 16 112 22 4 34 23 16 6 16 105 9 4 16 4 109 47 4 29 4 27 4 87 60 4 31 4 59 4 30 4 22 7 4 47 4 22 9 4 12 4 17 4 32 4 106 30 4 52 4 51 4 63 59 4 5 4 16 4 84 25 4 19 4 44 4 28 50 4 47 4 17 4 33 44 4 33 4 44 4 34 4 78 58 4 28 4 49 4 25 4 29 44 4 49 4 36 4 26 25 4 37 4 51 4 17 42 4 57 4 18 4 
iteration 272 best: 1.07049 time: 81470
52 48 4 33 4 57 4 91 53 4 24 4 55 26 4 55 4 23 4 31 30 4 55 4 15 4 108 15 4 8 4 46 4 21 58 4 48 4 55 4 24 4 93 47 4 11 4 48 4 20 39 4 31 4 99 41 4 54 4 90 57 4 10 4 40 4 56 4 50 49 4 5 4 18 32 4 55 4 32 9 4 19 4 14 4 48 4 16 4 29 51 4 42 4 32 4 44 4 105 26 4 27 4 66 29 4 37 4 32 4 54 4 74 22 4 6 4 16 4 89 22 4 31 4 72 60 4 55 4 114 5 20 18 25 4 48 4 34 4 83 30 20 94 58 4 7 4 22 4 13 31 4 31 4 20 4 39 4 14 31 4 21 4 101 27 4 47 4 45 4 11 15 4 46 4 21 49 4 43 4 20 4 3 30 4 8 4 30 4 13 40 4 41 4 38 48 4 47 4 86 11 4 17 45 4 48 4 18 4 27 47 4 44 4 108 35 4 39 4 100 44 4 49 4 21 32 4 17 4 68 33 4 47 4 108 17 4 40 4 116 13 4 5 4 74 34 4 8 4 28 12 4 54 4 43 4 48 37 4 11 4 82 55 4 14 4 50 4 35 6 4 56 4 44 4 50 17 4 48 4 28 4 43 4 63 10 4 12 4 32 4 32 4 10 49 4 7 4 14 4 83 52 4 38 4 94 24 4 52 4 37 4 88 60 4 45 4 60 4 10 16 4 42 4 30 4 82 33 4 49 4 16 4 32 33 16 47 16 112 22 4 34 23 16 6 16 105 9 4 16 4 109 47 4 29 4 27 4 87 60 4 31 4 59 4 30 4 22 7 4 47 4 22 9 4 12 4 17 4 32 4 106 30 4 52 4 51 4 63 59 4 5 4 16 4 84 25 4 19 4 44 4 28 50 4 47 4 17 4 33 44 4 33 4 44 4 34 4 78 58 4 28 4 49 4 25 4 29 44 4 49 4 36 4 26 25 4 37 4 51 4 17 42 4 57 4 18 4 
iteration 297 best: 1.07049 time: 88907
52 48 4 33 4 57 4 91 53 4 24 4 55 26 4 55 4 23 4 31 30 4 55 4 15 4 108 15 4 8 4 46 4 21 58 4 48 4 55 4 24 4 93 47 4 11 4 48 4 20 39 4 31 4 99 41 4 54 4 90 57 4 10 4 40 4 56 4 50 49 4 5 4 18 32 4 55 4 32 9 4 19 4 14 4 48 4 16 4 29 51 4 42 4 32 4 44 4 105 26 4 27 4 66 29 4 37 4 32 4 54 4 74 22 4 6 4 16 4 89 22 4 31 4 72 60 4 55 4 114 5 20 18 25 4 48 4 34 4 83 30 20 94 58 4 7 4 22 4 13 31 4 31 4 20 4 39 4 14 31 4 21 4 101 27 4 47 4 45 4 11 15 4 46 4 21 49 4 43 4 20 4 3 30 4 8 4 30 4 13 40 4 41 4 38 48 4 47 4 86 11 4 17 45 4 48 4 18 4 27 47 4 44 4 108 35 4 39 4 100 44 4 49 4 21 32 4 17 4 68 33 4 47 4 108 17 4 40 4 116 13 4 5 4 74 34 4 8 4 28 12 4 54 4 43 4 48 37 4 11 4 82 55 4 14 4 50 4 35 6 4 56 4 44 4 50 17 4 48 4 28 4 43 4 63 10 4 12 4 32 4 32 4 10 49 4 7 4 14 4 83 52 4 38 4 94 24 4 52 4 37 4 88 60 4 45 4 60 4 10 16 4 42 4 30 4 82 33 4 49 4 16 4 32 33 16 47 16 112 22 4 34 23 16 6 16 105 9 4 16 4 109 47 4 29 4 27 4 87 60 4 31 4 59 4 30 4 22 7 4 47 4 22 9 4 12 4 17 4 32 4 106 30 4 52 4 51 4 63 59 4 5 4 16 4 84 25 4 19 4 44 4 28 50 4 47 4 17 4 33 44 4 33 4 44 4 34 4 78 58 4 28 4 49 4 25 4 29 44 4 49 4 36 4 26 25 4 37 4 51 4 17 42 4 57 4 18 4 
iteration 322 best: 1.07049 time: 96313
52 48 4 33 4 57 4 91 53 4 24 4 55 26 4 55 4 23 4 31 30 4 55 4 15 4 108 15 4 8 4 46 4 21 58 4 48 4 55 4 24 4 93 47 4 11 4 48 4 20 39 4 31 4 99 41 4 54 4 90 57 4 10 4 40 4 56 4 50 49 4 5 4 18 32 4 55 4 32 9 4 19 4 14 4 48 4 16 4 29 51 4 42 4 32 4 44 4 105 26 4 27 4 66 29 4 37 4 32 4 54 4 74 22 4 6 4 16 4 89 22 4 31 4 72 60 4 55 4 114 5 20 18 25 4 48 4 34 4 83 30 20 94 58 4 7 4 22 4 13 31 4 31 4 20 4 39 4 14 31 4 21 4 101 27 4 47 4 45 4 11 15 4 46 4 21 49 4 43 4 20 4 3 30 4 8 4 30 4 13 40 4 41 4 38 48 4 47 4 86 11 4 17 45 4 48 4 18 4 27 47 4 44 4 108 35 4 39 4 100 44 4 49 4 21 32 4 17 4 68 33 4 47 4 108 17 4 40 4 116 13 4 5 4 74 34 4 8 4 28 12 4 54 4 43 4 48 37 4 11 4 82 55 4 14 4 50 4 35 6 4 56 4 44 4 50 17 4 48 4 28 4 43 4 63 10 4 12 4 32 4 32 4 10 49 4 7 4 14 4 83 52 4 38 4 94 24 4 52 4 37 4 88 60 4 45 4 60 4 10 16 4 42 4 30 4 82 33 4 49 4 16 4 32 33 16 47 16 112 22 4 34 23 16 6 16 105 9 4 16 4 109 47 4 29 4 27 4 87 60 4 31 4 59 4 30 4 22 7 4 47 4 22 9 4 12 4 17 4 32 4 106 30 4 52 4 51 4 63 59 4 5 4 16 4 84 25 4 19 4 44 4 28 50 4 47 4 17 4 33 44 4 33 4 44 4 34 4 78 58 4 28 4 49 4 25 4 29 44 4 49 4 36 4 26 25 4 37 4 51 4 17 42 4 57 4 18 4 
iteration 347 best: 1.07049 time: 103749
52 48 4 33 4 57 4 91 53 4 24 4 55 26 4 55 4 23 4 31 30 4 55 4 15 4 108 15 4 8 4 46 4 21 58 4 48 4 55 4 24 4 93 47 4 11 4 48 4 20 39 4 31 4 99 41 4 54 4 90 57 4 10 4 40 4 56 4 50 49 4 5 4 18 32 4 55 4 32 9 4 19 4 14 4 48 4 16 4 29 51 4 42 4 32 4 44 4 105 26 4 27 4 66 29 4 37 4 32 4 54 4 74 22 4 6 4 16 4 89 22 4 31 4 72 60 4 55 4 114 5 20 18 25 4 48 4 34 4 83 30 20 94 58 4 7 4 22 4 13 31 4 31 4 20 4 39 4 14 31 4 21 4 101 27 4 47 4 45 4 11 15 4 46 4 21 49 4 43 4 20 4 3 30 4 8 4 30 4 13 40 4 41 4 38 48 4 47 4 86 11 4 17 45 4 48 4 18 4 27 47 4 44 4 108 35 4 39 4 100 44 4 49 4 21 32 4 17 4 68 33 4 47 4 108 17 4 40 4 116 13 4 5 4 74 34 4 8 4 28 12 4 54 4 43 4 48 37 4 11 4 82 55 4 14 4 50 4 35 6 4 56 4 44 4 50 17 4 48 4 28 4 43 4 63 10 4 12 4 32 4 32 4 10 49 4 7 4 14 4 83 52 4 38 4 94 24 4 52 4 37 4 88 60 4 45 4 60 4 10 16 4 42 4 30 4 82 33 4 49 4 16 4 32 33 16 47 16 112 22 4 34 23 16 6 16 105 9 4 16 4 109 47 4 29 4 27 4 87 60 4 31 4 59 4 30 4 22 7 4 47 4 22 9 4 12 4 17 4 32 4 106 30 4 52 4 51 4 63 59 4 5 4 16 4 84 25 4 19 4 44 4 28 50 4 47 4 17 4 33 44 4 33 4 44 4 34 4 78 58 4 28 4 49 4 25 4 29 44 4 49 4 36 4 26 25 4 37 4 51 4 17 42 4 57 4 18 4 
iteration 372 best: 1.07049 time: 111169
52 48 4 33 4 57 4 91 53 4 24 4 55 26 4 55 4 23 4 31 30 4 55 4 15 4 108 15 4 8 4 46 4 21 58 4 48 4 55 4 24 4 93 47 4 11 4 48 4 20 39 4 31 4 99 41 4 54 4 90 57 4 10 4 40 4 56 4 50 49 4 5 4 18 32 4 55 4 32 9 4 19 4 14 4 48 4 16 4 29 51 4 42 4 32 4 44 4 105 26 4 27 4 66 29 4 37 4 32 4 54 4 74 22 4 6 4 16 4 89 22 4 31 4 72 60 4 55 4 114 5 20 18 25 4 48 4 34 4 83 30 20 94 58 4 7 4 22 4 13 31 4 31 4 20 4 39 4 14 31 4 21 4 101 27 4 47 4 45 4 11 15 4 46 4 21 49 4 43 4 20 4 3 30 4 8 4 30 4 13 40 4 41 4 38 48 4 47 4 86 11 4 17 45 4 48 4 18 4 27 47 4 44 4 108 35 4 39 4 100 44 4 49 4 21 32 4 17 4 68 33 4 47 4 108 17 4 40 4 116 13 4 5 4 74 34 4 8 4 28 12 4 54 4 43 4 48 37 4 11 4 82 55 4 14 4 50 4 35 6 4 56 4 44 4 50 17 4 48 4 28 4 43 4 63 10 4 12 4 32 4 32 4 10 49 4 7 4 14 4 83 52 4 38 4 94 24 4 52 4 37 4 88 60 4 45 4 60 4 10 16 4 42 4 30 4 82 33 4 49 4 16 4 32 33 16 47 16 112 22 4 34 23 16 6 16 105 9 4 16 4 109 47 4 29 4 27 4 87 60 4 31 4 59 4 30 4 22 7 4 47 4 22 9 4 12 4 17 4 32 4 106 30 4 52 4 51 4 63 59 4 5 4 16 4 84 25 4 19 4 44 4 28 50 4 47 4 17 4 33 44 4 33 4 44 4 34 4 78 58 4 28 4 49 4 25 4 29 44 4 49 4 36 4 26 25 4 37 4 51 4 17 42 4 57 4 18 4 
iteration 397 best: 1.07049 time: 118549
52 48 4 33 4 57 4 91 53 4 24 4 55 26 4 55 4 23 4 31 30 4 55 4 15 4 108 15 4 8 4 46 4 21 58 4 48 4 55 4 24 4 93 47 4 11 4 48 4 20 39 4 31 4 99 41 4 54 4 90 57 4 10 4 40 4 56 4 50 49 4 5 4 18 32 4 55 4 32 9 4 19 4 14 4 48 4 16 4 29 51 4 42 4 32 4 44 4 105 26 4 27 4 66 29 4 37 4 32 4 54 4 74 22 4 6 4 16 4 89 22 4 31 4 72 60 4 55 4 114 5 20 18 25 4 48 4 34 4 83 30 20 94 58 4 7 4 22 4 13 31 4 31 4 20 4 39 4 14 31 4 21 4 101 27 4 47 4 45 4 11 15 4 46 4 21 49 4 43 4 20 4 3 30 4 8 4 30 4 13 40 4 41 4 38 48 4 47 4 86 11 4 17 45 4 48 4 18 4 27 47 4 44 4 108 35 4 39 4 100 44 4 49 4 21 32 4 17 4 68 33 4 47 4 108 17 4 40 4 116 13 4 5 4 74 34 4 8 4 28 12 4 54 4 43 4 48 37 4 11 4 82 55 4 14 4 50 4 35 6 4 56 4 44 4 50 17 4 48 4 28 4 43 4 63 10 4 12 4 32 4 32 4 10 49 4 7 4 14 4 83 52 4 38 4 94 24 4 52 4 37 4 88 60 4 45 4 60 4 10 16 4 42 4 30 4 82 33 4 49 4 16 4 32 33 16 47 16 112 22 4 34 23 16 6 16 105 9 4 16 4 109 47 4 29 4 27 4 87 60 4 31 4 59 4 30 4 22 7 4 47 4 22 9 4 12 4 17 4 32 4 106 30 4 52 4 51 4 63 59 4 5 4 16 4 84 25 4 19 4 44 4 28 50 4 47 4 17 4 33 44 4 33 4 44 4 34 4 78 58 4 28 4 49 4 25 4 29 44 4 49 4 36 4 26 25 4 37 4 51 4 17 42 4 57 4 18 4 
iteration 422 best: 1.07049 time: 125950
52 48 4 33 4 57 4 91 53 4 24 4 55 26 4 55 4 23 4 31 30 4 55 4 15 4 108 15 4 8 4 46 4 21 58 4 48 4 55 4 24 4 93 47 4 11 4 48 4 20 39 4 31 4 99 41 4 54 4 90 57 4 10 4 40 4 56 4 50 49 4 5 4 18 32 4 55 4 32 9 4 19 4 14 4 48 4 16 4 29 51 4 42 4 32 4 44 4 105 26 4 27 4 66 29 4 37 4 32 4 54 4 74 22 4 6 4 16 4 89 22 4 31 4 72 60 4 55 4 114 5 20 18 25 4 48 4 34 4 83 30 20 94 58 4 7 4 22 4 13 31 4 31 4 20 4 39 4 14 31 4 21 4 101 27 4 47 4 45 4 11 15 4 46 4 21 49 4 43 4 20 4 3 30 4 8 4 30 4 13 40 4 41 4 38 48 4 47 4 86 11 4 17 45 4 48 4 18 4 27 47 4 44 4 108 35 4 39 4 100 44 4 49 4 21 32 4 17 4 68 33 4 47 4 108 17 4 40 4 116 13 4 5 4 74 34 4 8 4 28 12 4 54 4 43 4 48 37 4 11 4 82 55 4 14 4 50 4 35 6 4 56 4 44 4 50 17 4 48 4 28 4 43 4 63 10 4 12 4 32 4 32 4 10 49 4 7 4 14 4 83 52 4 38 4 94 24 4 52 4 37 4 88 60 4 45 4 60 4 10 16 4 42 4 30 4 82 33 4 49 4 16 4 32 33 16 47 16 112 22 4 34 23 16 6 16 105 9 4 16 4 109 47 4 29 4 27 4 87 60 4 31 4 59 4 30 4 22 7 4 47 4 22 9 4 12 4 17 4 32 4 106 30 4 52 4 51 4 63 59 4 5 4 16 4 84 25 4 19 4 44 4 28 50 4 47 4 17 4 33 44 4 33 4 44 4 34 4 78 58 4 28 4 49 4 25 4 29 44 4 49 4 36 4 26 25 4 37 4 51 4 17 42 4 57 4 18 4 
iteration 447 best: 1.07049 time: 133361
52 48 4 33 4 57 4 91 53 4 24 4 55 26 4 55 4 23 4 31 30 4 55 4 15 4 108 15 4 8 4 46 4 21 58 4 48 4 55 4 24 4 93 47 4 11 4 48 4 20 39 4 31 4 99 41 4 54 4 90 57 4 10 4 40 4 56 4 50 49 4 5 4 18 32 4 55 4 32 9 4 19 4 14 4 48 4 16 4 29 51 4 42 4 32 4 44 4 105 26 4 27 4 66 29 4 37 4 32 4 54 4 74 22 4 6 4 16 4 89 22 4 31 4 72 60 4 55 4 114 5 20 18 25 4 48 4 34 4 83 30 20 94 58 4 7 4 22 4 13 31 4 31 4 20 4 39 4 14 31 4 21 4 101 27 4 47 4 45 4 11 15 4 46 4 21 49 4 43 4 20 4 3 30 4 8 4 30 4 13 40 4 41 4 38 48 4 47 4 86 11 4 17 45 4 48 4 18 4 27 47 4 44 4 108 35 4 39 4 100 44 4 49 4 21 32 4 17 4 68 33 4 47 4 108 17 4 40 4 116 13 4 5 4 74 34 4 8 4 28 12 4 54 4 43 4 48 37 4 11 4 82 55 4 14 4 50 4 35 6 4 56 4 44 4 50 17 4 48 4 28 4 43 4 63 10 4 12 4 32 4 32 4 10 49 4 7 4 14 4 83 52 4 38 4 94 24 4 52 4 37 4 88 60 4 45 4 60 4 10 16 4 42 4 30 4 82 33 4 49 4 16 4 32 33 16 47 16 112 22 4 34 23 16 6 16 105 9 4 16 4 109 47 4 29 4 27 4 87 60 4 31 4 59 4 30 4 22 7 4 47 4 22 9 4 12 4 17 4 32 4 106 30 4 52 4 51 4 63 59 4 5 4 16 4 84 25 4 19 4 44 4 28 50 4 47 4 17 4 33 44 4 33 4 44 4 34 4 78 58 4 28 4 49 4 25 4 29 44 4 49 4 36 4 26 25 4 37 4 51 4 17 42 4 57 4 18 4 
iteration 472 best: 1.07049 time: 140769
52 48 4 33 4 57 4 91 53 4 24 4 55 26 4 55 4 23 4 31 30 4 55 4 15 4 108 15 4 8 4 46 4 21 58 4 48 4 55 4 24 4 93 47 4 11 4 48 4 20 39 4 31 4 99 41 4 54 4 90 57 4 10 4 40 4 56 4 50 49 4 5 4 18 32 4 55 4 32 9 4 19 4 14 4 48 4 16 4 29 51 4 42 4 32 4 44 4 105 26 4 27 4 66 29 4 37 4 32 4 54 4 74 22 4 6 4 16 4 89 22 4 31 4 72 60 4 55 4 114 5 20 18 25 4 48 4 34 4 83 30 20 94 58 4 7 4 22 4 13 31 4 31 4 20 4 39 4 14 31 4 21 4 101 27 4 47 4 45 4 11 15 4 46 4 21 49 4 43 4 20 4 3 30 4 8 4 30 4 13 40 4 41 4 38 48 4 47 4 86 11 4 17 45 4 48 4 18 4 27 47 4 44 4 108 35 4 39 4 100 44 4 49 4 21 32 4 17 4 68 33 4 47 4 108 17 4 40 4 116 13 4 5 4 74 34 4 8 4 28 12 4 54 4 43 4 48 37 4 11 4 82 55 4 14 4 50 4 35 6 4 56 4 44 4 50 17 4 48 4 28 4 43 4 63 10 4 12 4 32 4 32 4 10 49 4 7 4 14 4 83 52 4 38 4 94 24 4 52 4 37 4 88 60 4 45 4 60 4 10 16 4 42 4 30 4 82 33 4 49 4 16 4 32 33 16 47 16 112 22 4 34 23 16 6 16 105 9 4 16 4 109 47 4 29 4 27 4 87 60 4 31 4 59 4 30 4 22 7 4 47 4 22 9 4 12 4 17 4 32 4 106 30 4 52 4 51 4 63 59 4 5 4 16 4 84 25 4 19 4 44 4 28 50 4 47 4 17 4 33 44 4 33 4 44 4 34 4 78 58 4 28 4 49 4 25 4 29 44 4 49 4 36 4 26 25 4 37 4 51 4 17 42 4 57 4 18 4 
iteration 497 best: 1.07049 time: 148185
52 48 4 33 4 57 4 91 53 4 24 4 55 26 4 55 4 23 4 31 30 4 55 4 15 4 108 15 4 8 4 46 4 21 58 4 48 4 55 4 24 4 93 47 4 11 4 48 4 20 39 4 31 4 99 41 4 54 4 90 57 4 10 4 40 4 56 4 50 49 4 5 4 18 32 4 55 4 32 9 4 19 4 14 4 48 4 16 4 29 51 4 42 4 32 4 44 4 105 26 4 27 4 66 29 4 37 4 32 4 54 4 74 22 4 6 4 16 4 89 22 4 31 4 72 60 4 55 4 114 5 20 18 25 4 48 4 34 4 83 30 20 94 58 4 7 4 22 4 13 31 4 31 4 20 4 39 4 14 31 4 21 4 101 27 4 47 4 45 4 11 15 4 46 4 21 49 4 43 4 20 4 3 30 4 8 4 30 4 13 40 4 41 4 38 48 4 47 4 86 11 4 17 45 4 48 4 18 4 27 47 4 44 4 108 35 4 39 4 100 44 4 49 4 21 32 4 17 4 68 33 4 47 4 108 17 4 40 4 116 13 4 5 4 74 34 4 8 4 28 12 4 54 4 43 4 48 37 4 11 4 82 55 4 14 4 50 4 35 6 4 56 4 44 4 50 17 4 48 4 28 4 43 4 63 10 4 12 4 32 4 32 4 10 49 4 7 4 14 4 83 52 4 38 4 94 24 4 52 4 37 4 88 60 4 45 4 60 4 10 16 4 42 4 30 4 82 33 4 49 4 16 4 32 33 16 47 16 112 22 4 34 23 16 6 16 105 9 4 16 4 109 47 4 29 4 27 4 87 60 4 31 4 59 4 30 4 22 7 4 47 4 22 9 4 12 4 17 4 32 4 106 30 4 52 4 51 4 63 59 4 5 4 16 4 84 25 4 19 4 44 4 28 50 4 47 4 17 4 33 44 4 33 4 44 4 34 4 78 58 4 28 4 49 4 25 4 29 44 4 49 4 36 4 26 25 4 37 4 51 4 17 42 4 57 4 18 4 
iteration 522 best: 1.07049 time: 155590
52 48 4 33 4 57 4 91 53 4 24 4 55 26 4 55 4 23 4 31 30 4 55 4 15 4 108 15 4 8 4 46 4 21 58 4 48 4 55 4 24 4 93 47 4 11 4 48 4 20 39 4 31 4 99 41 4 54 4 90 57 4 10 4 40 4 56 4 50 49 4 5 4 18 32 4 55 4 32 9 4 19 4 14 4 48 4 16 4 29 51 4 42 4 32 4 44 4 105 26 4 27 4 66 29 4 37 4 32 4 54 4 74 22 4 6 4 16 4 89 22 4 31 4 72 60 4 55 4 114 5 20 18 25 4 48 4 34 4 83 30 20 94 58 4 7 4 22 4 13 31 4 31 4 20 4 39 4 14 31 4 21 4 101 27 4 47 4 45 4 11 15 4 46 4 21 49 4 43 4 20 4 3 30 4 8 4 30 4 13 40 4 41 4 38 48 4 47 4 86 11 4 17 45 4 48 4 18 4 27 47 4 44 4 108 35 4 39 4 100 44 4 49 4 21 32 4 17 4 68 33 4 47 4 108 17 4 40 4 116 13 4 5 4 74 34 4 8 4 28 12 4 54 4 43 4 48 37 4 11 4 82 55 4 14 4 50 4 35 6 4 56 4 44 4 50 17 4 48 4 28 4 43 4 63 10 4 12 4 32 4 32 4 10 49 4 7 4 14 4 83 52 4 38 4 94 24 4 52 4 37 4 88 60 4 45 4 60 4 10 16 4 42 4 30 4 82 33 4 49 4 16 4 32 33 16 47 16 112 22 4 34 23 16 6 16 105 9 4 16 4 109 47 4 29 4 27 4 87 60 4 31 4 59 4 30 4 22 7 4 47 4 22 9 4 12 4 17 4 32 4 106 30 4 52 4 51 4 63 59 4 5 4 16 4 84 25 4 19 4 44 4 28 50 4 47 4 17 4 33 44 4 33 4 44 4 34 4 78 58 4 28 4 49 4 25 4 29 44 4 49 4 36 4 26 25 4 37 4 51 4 17 42 4 57 4 18 4 
iteration 547 best: 1.07049 time: 162999
52 48 4 33 4 57 4 91 53 4 24 4 55 26 4 55 4 23 4 31 30 4 55 4 15 4 108 15 4 8 4 46 4 21 58 4 48 4 55 4 24 4 93 47 4 11 4 48 4 20 39 4 31 4 99 41 4 54 4 90 57 4 10 4 40 4 56 4 50 49 4 5 4 18 32 4 55 4 32 9 4 19 4 14 4 48 4 16 4 29 51 4 42 4 32 4 44 4 105 26 4 27 4 66 29 4 37 4 32 4 54 4 74 22 4 6 4 16 4 89 22 4 31 4 72 60 4 55 4 114 5 20 18 25 4 48 4 34 4 83 30 20 94 58 4 7 4 22 4 13 31 4 31 4 20 4 39 4 14 31 4 21 4 101 27 4 47 4 45 4 11 15 4 46 4 21 49 4 43 4 20 4 3 30 4 8 4 30 4 13 40 4 41 4 38 48 4 47 4 86 11 4 17 45 4 48 4 18 4 27 47 4 44 4 108 35 4 39 4 100 44 4 49 4 21 32 4 17 4 68 33 4 47 4 108 17 4 40 4 116 13 4 5 4 74 34 4 8 4 28 12 4 54 4 43 4 48 37 4 11 4 82 55 4 14 4 50 4 35 6 4 56 4 44 4 50 17 4 48 4 28 4 43 4 63 10 4 12 4 32 4 32 4 10 49 4 7 4 14 4 83 52 4 38 4 94 24 4 52 4 37 4 88 60 4 45 4 60 4 10 16 4 42 4 30 4 82 33 4 49 4 16 4 32 33 16 47 16 112 22 4 34 23 16 6 16 105 9 4 16 4 109 47 4 29 4 27 4 87 60 4 31 4 59 4 30 4 22 7 4 47 4 22 9 4 12 4 17 4 32 4 106 30 4 52 4 51 4 63 59 4 5 4 16 4 84 25 4 19 4 44 4 28 50 4 47 4 17 4 33 44 4 33 4 44 4 34 4 78 58 4 28 4 49 4 25 4 29 44 4 49 4 36 4 26 25 4 37 4 51 4 17 42 4 57 4 18 4 
iteration 572 best: 1.07049 time: 170445
52 48 4 33 4 57 4 91 53 4 24 4 55 26 4 55 4 23 4 31 30 4 55 4 15 4 108 15 4 8 4 46 4 21 58 4 48 4 55 4 24 4 93 47 4 11 4 48 4 20 39 4 31 4 99 41 4 54 4 90 57 4 10 4 40 4 56 4 50 49 4 5 4 18 32 4 55 4 32 9 4 19 4 14 4 48 4 16 4 29 51 4 42 4 32 4 44 4 105 26 4 27 4 66 29 4 37 4 32 4 54 4 74 22 4 6 4 16 4 89 22 4 31 4 72 60 4 55 4 114 5 20 18 25 4 48 4 34 4 83 30 20 94 58 4 7 4 22 4 13 31 4 31 4 20 4 39 4 14 31 4 21 4 101 27 4 47 4 45 4 11 15 4 46 4 21 49 4 43 4 20 4 3 30 4 8 4 30 4 13 40 4 41 4 38 48 4 47 4 86 11 4 17 45 4 48 4 18 4 27 47 4 44 4 108 35 4 39 4 100 44 4 49 4 21 32 4 17 4 68 33 4 47 4 108 17 4 40 4 116 13 4 5 4 74 34 4 8 4 28 12 4 54 4 43 4 48 37 4 11 4 82 55 4 14 4 50 4 35 6 4 56 4 44 4 50 17 4 48 4 28 4 43 4 63 10 4 12 4 32 4 32 4 10 49 4 7 4 14 4 83 52 4 38 4 94 24 4 52 4 37 4 88 60 4 45 4 60 4 10 16 4 42 4 30 4 82 33 4 49 4 16 4 32 33 16 47 16 112 22 4 34 23 16 6 16 105 9 4 16 4 109 47 4 29 4 27 4 87 60 4 31 4 59 4 30 4 22 7 4 47 4 22 9 4 12 4 17 4 32 4 106 30 4 52 4 51 4 63 59 4 5 4 16 4 84 25 4 19 4 44 4 28 50 4 47 4 17 4 33 44 4 33 4 44 4 34 4 78 58 4 28 4 49 4 25 4 29 44 4 49 4 36 4 26 25 4 37 4 51 4 17 42 4 57 4 18 4 
iteration 597 best: 1.07049 time: 177826
52 48 4 33 4 57 4 91 53 4 24 4 55 26 4 55 4 23 4 31 30 4 55 4 15 4 108 15 4 8 4 46 4 21 58 4 48 4 55 4 24 4 93 47 4 11 4 48 4 20 39 4 31 4 99 41 4 54 4 90 57 4 10 4 40 4 56 4 50 49 4 5 4 18 32 4 55 4 32 9 4 19 4 14 4 48 4 16 4 29 51 4 42 4 32 4 44 4 105 26 4 27 4 66 29 4 37 4 32 4 54 4 74 22 4 6 4 16 4 89 22 4 31 4 72 60 4 55 4 114 5 20 18 25 4 48 4 34 4 83 30 20 94 58 4 7 4 22 4 13 31 4 31 4 20 4 39 4 14 31 4 21 4 101 27 4 47 4 45 4 11 15 4 46 4 21 49 4 43 4 20 4 3 30 4 8 4 30 4 13 40 4 41 4 38 48 4 47 4 86 11 4 17 45 4 48 4 18 4 27 47 4 44 4 108 35 4 39 4 100 44 4 49 4 21 32 4 17 4 68 33 4 47 4 108 17 4 40 4 116 13 4 5 4 74 34 4 8 4 28 12 4 54 4 43 4 48 37 4 11 4 82 55 4 14 4 50 4 35 6 4 56 4 44 4 50 17 4 48 4 28 4 43 4 63 10 4 12 4 32 4 32 4 10 49 4 7 4 14 4 83 52 4 38 4 94 24 4 52 4 37 4 88 60 4 45 4 60 4 10 16 4 42 4 30 4 82 33 4 49 4 16 4 32 33 16 47 16 112 22 4 34 23 16 6 16 105 9 4 16 4 109 47 4 29 4 27 4 87 60 4 31 4 59 4 30 4 22 7 4 47 4 22 9 4 12 4 17 4 32 4 106 30 4 52 4 51 4 63 59 4 5 4 16 4 84 25 4 19 4 44 4 28 50 4 47 4 17 4 33 44 4 33 4 44 4 34 4 78 58 4 28 4 49 4 25 4 29 44 4 49 4 36 4 26 25 4 37 4 51 4 17 42 4 57 4 18 4 
iteration 622 best: 1.07049 time: 185224
52 48 4 33 4 57 4 91 53 4 24 4 55 26 4 55 4 23 4 31 30 4 55 4 15 4 108 15 4 8 4 46 4 21 58 4 48 4 55 4 24 4 93 47 4 11 4 48 4 20 39 4 31 4 99 41 4 54 4 90 57 4 10 4 40 4 56 4 50 49 4 5 4 18 32 4 55 4 32 9 4 19 4 14 4 48 4 16 4 29 51 4 42 4 32 4 44 4 105 26 4 27 4 66 29 4 37 4 32 4 54 4 74 22 4 6 4 16 4 89 22 4 31 4 72 60 4 55 4 114 5 20 18 25 4 48 4 34 4 83 30 20 94 58 4 7 4 22 4 13 31 4 31 4 20 4 39 4 14 31 4 21 4 101 27 4 47 4 45 4 11 15 4 46 4 21 49 4 43 4 20 4 3 30 4 8 4 30 4 13 40 4 41 4 38 48 4 47 4 86 11 4 17 45 4 48 4 18 4 27 47 4 44 4 108 35 4 39 4 100 44 4 49 4 21 32 4 17 4 68 33 4 47 4 108 17 4 40 4 116 13 4 5 4 74 34 4 8 4 28 12 4 54 4 43 4 48 37 4 11 4 82 55 4 14 4 50 4 35 6 4 56 4 44 4 50 17 4 48 4 28 4 43 4 63 10 4 12 4 32 4 32 4 10 49 4 7 4 14 4 83 52 4 38 4 94 24 4 52 4 37 4 88 60 4 45 4 60 4 10 16 4 42 4 30 4 82 33 4 49 4 16 4 32 33 16 47 16 112 22 4 34 23 16 6 16 105 9 4 16 4 109 47 4 29 4 27 4 87 60 4 31 4 59 4 30 4 22 7 4 47 4 22 9 4 12 4 17 4 32 4 106 30 4 52 4 51 4 63 59 4 5 4 16 4 84 25 4 19 4 44 4 28 50 4 47 4 17 4 33 44 4 33 4 44 4 34 4 78 58 4 28 4 49 4 25 4 29 44 4 49 4 36 4 26 25 4 37 4 51 4 17 42 4 57 4 18 4 
iteration 647 best: 1.07049 time: 192608
52 48 4 33 4 57 4 91 53 4 24 4 55 26 4 55 4 23 4 31 30 4 55 4 15 4 108 15 4 8 4 46 4 21 58 4 48 4 55 4 24 4 93 47 4 11 4 48 4 20 39 4 31 4 99 41 4 54 4 90 57 4 10 4 40 4 56 4 50 49 4 5 4 18 32 4 55 4 32 9 4 19 4 14 4 48 4 16 4 29 51 4 42 4 32 4 44 4 105 26 4 27 4 66 29 4 37 4 32 4 54 4 74 22 4 6 4 16 4 89 22 4 31 4 72 60 4 55 4 114 5 20 18 25 4 48 4 34 4 83 30 20 94 58 4 7 4 22 4 13 31 4 31 4 20 4 39 4 14 31 4 21 4 101 27 4 47 4 45 4 11 15 4 46 4 21 49 4 43 4 20 4 3 30 4 8 4 30 4 13 40 4 41 4 38 48 4 47 4 86 11 4 17 45 4 48 4 18 4 27 47 4 44 4 108 35 4 39 4 100 44 4 49 4 21 32 4 17 4 68 33 4 47 4 108 17 4 40 4 116 13 4 5 4 74 34 4 8 4 28 12 4 54 4 43 4 48 37 4 11 4 82 55 4 14 4 50 4 35 6 4 56 4 44 4 50 17 4 48 4 28 4 43 4 63 10 4 12 4 32 4 32 4 10 49 4 7 4 14 4 83 52 4 38 4 94 24 4 52 4 37 4 88 60 4 45 4 60 4 10 16 4 42 4 30 4 82 33 4 49 4 16 4 32 33 16 47 16 112 22 4 34 23 16 6 16 105 9 4 16 4 109 47 4 29 4 27 4 87 60 4 31 4 59 4 30 4 22 7 4 47 4 22 9 4 12 4 17 4 32 4 106 30 4 52 4 51 4 63 59 4 5 4 16 4 84 25 4 19 4 44 4 28 50 4 47 4 17 4 33 44 4 33 4 44 4 34 4 78 58 4 28 4 49 4 25 4 29 44 4 49 4 36 4 26 25 4 37 4 51 4 17 42 4 57 4 18 4 
iteration 672 best: 1.07049 time: 200011
52 48 4 33 4 57 4 91 53 4 24 4 55 26 4 55 4 23 4 31 30 4 55 4 15 4 108 15 4 8 4 46 4 21 58 4 48 4 55 4 24 4 93 47 4 11 4 48 4 20 39 4 31 4 99 41 4 54 4 90 57 4 10 4 40 4 56 4 50 49 4 5 4 18 32 4 55 4 32 9 4 19 4 14 4 48 4 16 4 29 51 4 42 4 32 4 44 4 105 26 4 27 4 66 29 4 37 4 32 4 54 4 74 22 4 6 4 16 4 89 22 4 31 4 72 60 4 55 4 114 5 20 18 25 4 48 4 34 4 83 30 20 94 58 4 7 4 22 4 13 31 4 31 4 20 4 39 4 14 31 4 21 4 101 27 4 47 4 45 4 11 15 4 46 4 21 49 4 43 4 20 4 3 30 4 8 4 30 4 13 40 4 41 4 38 48 4 47 4 86 11 4 17 45 4 48 4 18 4 27 47 4 44 4 108 35 4 39 4 100 44 4 49 4 21 32 4 17 4 68 33 4 47 4 108 17 4 40 4 116 13 4 5 4 74 34 4 8 4 28 12 4 54 4 43 4 48 37 4 11 4 82 55 4 14 4 50 4 35 6 4 56 4 44 4 50 17 4 48 4 28 4 43 4 63 10 4 12 4 32 4 32 4 10 49 4 7 4 14 4 83 52 4 38 4 94 24 4 52 4 37 4 88 60 4 45 4 60 4 10 16 4 42 4 30 4 82 33 4 49 4 16 4 32 33 16 47 16 112 22 4 34 23 16 6 16 105 9 4 16 4 109 47 4 29 4 27 4 87 60 4 31 4 59 4 30 4 22 7 4 47 4 22 9 4 12 4 17 4 32 4 106 30 4 52 4 51 4 63 59 4 5 4 16 4 84 25 4 19 4 44 4 28 50 4 47 4 17 4 33 44 4 33 4 44 4 34 4 78 58 4 28 4 49 4 25 4 29 44 4 49 4 36 4 26 25 4 37 4 51 4 17 42 4 57 4 18 4 
iteration 697 best: 1.07049 time: 207405
52 48 4 33 4 57 4 91 53 4 24 4 55 26 4 55 4 23 4 31 30 4 55 4 15 4 108 15 4 8 4 46 4 21 58 4 48 4 55 4 24 4 93 47 4 11 4 48 4 20 39 4 31 4 99 41 4 54 4 90 57 4 10 4 40 4 56 4 50 49 4 5 4 18 32 4 55 4 32 9 4 19 4 14 4 48 4 16 4 29 51 4 42 4 32 4 44 4 105 26 4 27 4 66 29 4 37 4 32 4 54 4 74 22 4 6 4 16 4 89 22 4 31 4 72 60 4 55 4 114 5 20 18 25 4 48 4 34 4 83 30 20 94 58 4 7 4 22 4 13 31 4 31 4 20 4 39 4 14 31 4 21 4 101 27 4 47 4 45 4 11 15 4 46 4 21 49 4 43 4 20 4 3 30 4 8 4 30 4 13 40 4 41 4 38 48 4 47 4 86 11 4 17 45 4 48 4 18 4 27 47 4 44 4 108 35 4 39 4 100 44 4 49 4 21 32 4 17 4 68 33 4 47 4 108 17 4 40 4 116 13 4 5 4 74 34 4 8 4 28 12 4 54 4 43 4 48 37 4 11 4 82 55 4 14 4 50 4 35 6 4 56 4 44 4 50 17 4 48 4 28 4 43 4 63 10 4 12 4 32 4 32 4 10 49 4 7 4 14 4 83 52 4 38 4 94 24 4 52 4 37 4 88 60 4 45 4 60 4 10 16 4 42 4 30 4 82 33 4 49 4 16 4 32 33 16 47 16 112 22 4 34 23 16 6 16 105 9 4 16 4 109 47 4 29 4 27 4 87 60 4 31 4 59 4 30 4 22 7 4 47 4 22 9 4 12 4 17 4 32 4 106 30 4 52 4 51 4 63 59 4 5 4 16 4 84 25 4 19 4 44 4 28 50 4 47 4 17 4 33 44 4 33 4 44 4 34 4 78 58 4 28 4 49 4 25 4 29 44 4 49 4 36 4 26 25 4 37 4 51 4 17 42 4 57 4 18 4 
iteration 722 best: 1.07049 time: 214804
52 48 4 33 4 57 4 91 53 4 24 4 55 26 4 55 4 23 4 31 30 4 55 4 15 4 108 15 4 8 4 46 4 21 58 4 48 4 55 4 24 4 93 47 4 11 4 48 4 20 39 4 31 4 99 41 4 54 4 90 57 4 10 4 40 4 56 4 50 49 4 5 4 18 32 4 55 4 32 9 4 19 4 14 4 48 4 16 4 29 51 4 42 4 32 4 44 4 105 26 4 27 4 66 29 4 37 4 32 4 54 4 74 22 4 6 4 16 4 89 22 4 31 4 72 60 4 55 4 114 5 20 18 25 4 48 4 34 4 83 30 20 94 58 4 7 4 22 4 13 31 4 31 4 20 4 39 4 14 31 4 21 4 101 27 4 47 4 45 4 11 15 4 46 4 21 49 4 43 4 20 4 3 30 4 8 4 30 4 13 40 4 41 4 38 48 4 47 4 86 11 4 17 45 4 48 4 18 4 27 47 4 44 4 108 35 4 39 4 100 44 4 49 4 21 32 4 17 4 68 33 4 47 4 108 17 4 40 4 116 13 4 5 4 74 34 4 8 4 28 12 4 54 4 43 4 48 37 4 11 4 82 55 4 14 4 50 4 35 6 4 56 4 44 4 50 17 4 48 4 28 4 43 4 63 10 4 12 4 32 4 32 4 10 49 4 7 4 14 4 83 52 4 38 4 94 24 4 52 4 37 4 88 60 4 45 4 60 4 10 16 4 42 4 30 4 82 33 4 49 4 16 4 32 33 16 47 16 112 22 4 34 23 16 6 16 105 9 4 16 4 109 47 4 29 4 27 4 87 60 4 31 4 59 4 30 4 22 7 4 47 4 22 9 4 12 4 17 4 32 4 106 30 4 52 4 51 4 63 59 4 5 4 16 4 84 25 4 19 4 44 4 28 50 4 47 4 17 4 33 44 4 33 4 44 4 34 4 78 58 4 28 4 49 4 25 4 29 44 4 49 4 36 4 26 25 4 37 4 51 4 17 42 4 57 4 18 4 
iteration 747 best: 1.07049 time: 222251
52 48 4 33 4 57 4 91 53 4 24 4 55 26 4 55 4 23 4 31 30 4 55 4 15 4 108 15 4 8 4 46 4 21 58 4 48 4 55 4 24 4 93 47 4 11 4 48 4 20 39 4 31 4 99 41 4 54 4 90 57 4 10 4 40 4 56 4 50 49 4 5 4 18 32 4 55 4 32 9 4 19 4 14 4 48 4 16 4 29 51 4 42 4 32 4 44 4 105 26 4 27 4 66 29 4 37 4 32 4 54 4 74 22 4 6 4 16 4 89 22 4 31 4 72 60 4 55 4 114 5 20 18 25 4 48 4 34 4 83 30 20 94 58 4 7 4 22 4 13 31 4 31 4 20 4 39 4 14 31 4 21 4 101 27 4 47 4 45 4 11 15 4 46 4 21 49 4 43 4 20 4 3 30 4 8 4 30 4 13 40 4 41 4 38 48 4 47 4 86 11 4 17 45 4 48 4 18 4 27 47 4 44 4 108 35 4 39 4 100 44 4 49 4 21 32 4 17 4 68 33 4 47 4 108 17 4 40 4 116 13 4 5 4 74 34 4 8 4 28 12 4 54 4 43 4 48 37 4 11 4 82 55 4 14 4 50 4 35 6 4 56 4 44 4 50 17 4 48 4 28 4 43 4 63 10 4 12 4 32 4 32 4 10 49 4 7 4 14 4 83 52 4 38 4 94 24 4 52 4 37 4 88 60 4 45 4 60 4 10 16 4 42 4 30 4 82 33 4 49 4 16 4 32 33 16 47 16 112 22 4 34 23 16 6 16 105 9 4 16 4 109 47 4 29 4 27 4 87 60 4 31 4 59 4 30 4 22 7 4 47 4 22 9 4 12 4 17 4 32 4 106 30 4 52 4 51 4 63 59 4 5 4 16 4 84 25 4 19 4 44 4 28 50 4 47 4 17 4 33 44 4 33 4 44 4 34 4 78 58 4 28 4 49 4 25 4 29 44 4 49 4 36 4 26 25 4 37 4 51 4 17 42 4 57 4 18 4 
iteration 772 best: 1.07049 time: 229680
52 48 4 33 4 57 4 91 53 4 24 4 55 26 4 55 4 23 4 31 30 4 55 4 15 4 108 15 4 8 4 46 4 21 58 4 48 4 55 4 24 4 93 47 4 11 4 48 4 20 39 4 31 4 99 41 4 54 4 90 57 4 10 4 40 4 56 4 50 49 4 5 4 18 32 4 55 4 32 9 4 19 4 14 4 48 4 16 4 29 51 4 42 4 32 4 44 4 105 26 4 27 4 66 29 4 37 4 32 4 54 4 74 22 4 6 4 16 4 89 22 4 31 4 72 60 4 55 4 114 5 20 18 25 4 48 4 34 4 83 30 20 94 58 4 7 4 22 4 13 31 4 31 4 20 4 39 4 14 31 4 21 4 101 27 4 47 4 45 4 11 15 4 46 4 21 49 4 43 4 20 4 3 30 4 8 4 30 4 13 40 4 41 4 38 48 4 47 4 86 11 4 17 45 4 48 4 18 4 27 47 4 44 4 108 35 4 39 4 100 44 4 49 4 21 32 4 17 4 68 33 4 47 4 108 17 4 40 4 116 13 4 5 4 74 34 4 8 4 28 12 4 54 4 43 4 48 37 4 11 4 82 55 4 14 4 50 4 35 6 4 56 4 44 4 50 17 4 48 4 28 4 43 4 63 10 4 12 4 32 4 32 4 10 49 4 7 4 14 4 83 52 4 38 4 94 24 4 52 4 37 4 88 60 4 45 4 60 4 10 16 4 42 4 30 4 82 33 4 49 4 16 4 32 33 16 47 16 112 22 4 34 23 16 6 16 105 9 4 16 4 109 47 4 29 4 27 4 87 60 4 31 4 59 4 30 4 22 7 4 47 4 22 9 4 12 4 17 4 32 4 106 30 4 52 4 51 4 63 59 4 5 4 16 4 84 25 4 19 4 44 4 28 50 4 47 4 17 4 33 44 4 33 4 44 4 34 4 78 58 4 28 4 49 4 25 4 29 44 4 49 4 36 4 26 25 4 37 4 51 4 17 42 4 57 4 18 4 
iteration 797 best: 1.07049 time: 237108
52 48 4 33 4 57 4 91 53 4 24 4 55 26 4 55 4 23 4 31 30 4 55 4 15 4 108 15 4 8 4 46 4 21 58 4 48 4 55 4 24 4 93 47 4 11 4 48 4 20 39 4 31 4 99 41 4 54 4 90 57 4 10 4 40 4 56 4 50 49 4 5 4 18 32 4 55 4 32 9 4 19 4 14 4 48 4 16 4 29 51 4 42 4 32 4 44 4 105 26 4 27 4 66 29 4 37 4 32 4 54 4 74 22 4 6 4 16 4 89 22 4 31 4 72 60 4 55 4 114 5 20 18 25 4 48 4 34 4 83 30 20 94 58 4 7 4 22 4 13 31 4 31 4 20 4 39 4 14 31 4 21 4 101 27 4 47 4 45 4 11 15 4 46 4 21 49 4 43 4 20 4 3 30 4 8 4 30 4 13 40 4 41 4 38 48 4 47 4 86 11 4 17 45 4 48 4 18 4 27 47 4 44 4 108 35 4 39 4 100 44 4 49 4 21 32 4 17 4 68 33 4 47 4 108 17 4 40 4 116 13 4 5 4 74 34 4 8 4 28 12 4 54 4 43 4 48 37 4 11 4 82 55 4 14 4 50 4 35 6 4 56 4 44 4 50 17 4 48 4 28 4 43 4 63 10 4 12 4 32 4 32 4 10 49 4 7 4 14 4 83 52 4 38 4 94 24 4 52 4 37 4 88 60 4 45 4 60 4 10 16 4 42 4 30 4 82 33 4 49 4 16 4 32 33 16 47 16 112 22 4 34 23 16 6 16 105 9 4 16 4 109 47 4 29 4 27 4 87 60 4 31 4 59 4 30 4 22 7 4 47 4 22 9 4 12 4 17 4 32 4 106 30 4 52 4 51 4 63 59 4 5 4 16 4 84 25 4 19 4 44 4 28 50 4 47 4 17 4 33 44 4 33 4 44 4 34 4 78 58 4 28 4 49 4 25 4 29 44 4 49 4 36 4 26 25 4 37 4 51 4 17 42 4 57 4 18 4 
iteration 822 best: 1.07049 time: 244501
52 48 4 33 4 57 4 91 53 4 24 4 55 26 4 55 4 23 4 31 30 4 55 4 15 4 108 15 4 8 4 46 4 21 58 4 48 4 55 4 24 4 93 47 4 11 4 48 4 20 39 4 31 4 99 41 4 54 4 90 57 4 10 4 40 4 56 4 50 49 4 5 4 18 32 4 55 4 32 9 4 19 4 14 4 48 4 16 4 29 51 4 42 4 32 4 44 4 105 26 4 27 4 66 29 4 37 4 32 4 54 4 74 22 4 6 4 16 4 89 22 4 31 4 72 60 4 55 4 114 5 20 18 25 4 48 4 34 4 83 30 20 94 58 4 7 4 22 4 13 31 4 31 4 20 4 39 4 14 31 4 21 4 101 27 4 47 4 45 4 11 15 4 46 4 21 49 4 43 4 20 4 3 30 4 8 4 30 4 13 40 4 41 4 38 48 4 47 4 86 11 4 17 45 4 48 4 18 4 27 47 4 44 4 108 35 4 39 4 100 44 4 49 4 21 32 4 17 4 68 33 4 47 4 108 17 4 40 4 116 13 4 5 4 74 34 4 8 4 28 12 4 54 4 43 4 48 37 4 11 4 82 55 4 14 4 50 4 35 6 4 56 4 44 4 50 17 4 48 4 28 4 43 4 63 10 4 12 4 32 4 32 4 10 49 4 7 4 14 4 83 52 4 38 4 94 24 4 52 4 37 4 88 60 4 45 4 60 4 10 16 4 42 4 30 4 82 33 4 49 4 16 4 32 33 16 47 16 112 22 4 34 23 16 6 16 105 9 4 16 4 109 47 4 29 4 27 4 87 60 4 31 4 59 4 30 4 22 7 4 47 4 22 9 4 12 4 17 4 32 4 106 30 4 52 4 51 4 63 59 4 5 4 16 4 84 25 4 19 4 44 4 28 50 4 47 4 17 4 33 44 4 33 4 44 4 34 4 78 58 4 28 4 49 4 25 4 29 44 4 49 4 36 4 26 25 4 37 4 51 4 17 42 4 57 4 18 4 
iteration 847 best: 1.07049 time: 251900
52 48 4 33 4 57 4 91 53 4 24 4 55 26 4 55 4 23 4 31 30 4 55 4 15 4 108 15 4 8 4 46 4 21 58 4 48 4 55 4 24 4 93 47 4 11 4 48 4 20 39 4 31 4 99 41 4 54 4 90 57 4 10 4 40 4 56 4 50 49 4 5 4 18 32 4 55 4 32 9 4 19 4 14 4 48 4 16 4 29 51 4 42 4 32 4 44 4 105 26 4 27 4 66 29 4 37 4 32 4 54 4 74 22 4 6 4 16 4 89 22 4 31 4 72 60 4 55 4 114 5 20 18 25 4 48 4 34 4 83 30 20 94 58 4 7 4 22 4 13 31 4 31 4 20 4 39 4 14 31 4 21 4 101 27 4 47 4 45 4 11 15 4 46 4 21 49 4 43 4 20 4 3 30 4 8 4 30 4 13 40 4 41 4 38 48 4 47 4 86 11 4 17 45 4 48 4 18 4 27 47 4 44 4 108 35 4 39 4 100 44 4 49 4 21 32 4 17 4 68 33 4 47 4 108 17 4 40 4 116 13 4 5 4 74 34 4 8 4 28 12 4 54 4 43 4 48 37 4 11 4 82 55 4 14 4 50 4 35 6 4 56 4 44 4 50 17 4 48 4 28 4 43 4 63 10 4 12 4 32 4 32 4 10 49 4 7 4 14 4 83 52 4 38 4 94 24 4 52 4 37 4 88 60 4 45 4 60 4 10 16 4 42 4 30 4 82 33 4 49 4 16 4 32 33 16 47 16 112 22 4 34 23 16 6 16 105 9 4 16 4 109 47 4 29 4 27 4 87 60 4 31 4 59 4 30 4 22 7 4 47 4 22 9 4 12 4 17 4 32 4 106 30 4 52 4 51 4 63 59 4 5 4 16 4 84 25 4 19 4 44 4 28 50 4 47 4 17 4 33 44 4 33 4 44 4 34 4 78 58 4 28 4 49 4 25 4 29 44 4 49 4 36 4 26 25 4 37 4 51 4 17 42 4 57 4 18 4 
iteration 872 best: 1.07049 time: 259291
52 48 4 33 4 57 4 91 53 4 24 4 55 26 4 55 4 23 4 31 30 4 55 4 15 4 108 15 4 8 4 46 4 21 58 4 48 4 55 4 24 4 93 47 4 11 4 48 4 20 39 4 31 4 99 41 4 54 4 90 57 4 10 4 40 4 56 4 50 49 4 5 4 18 32 4 55 4 32 9 4 19 4 14 4 48 4 16 4 29 51 4 42 4 32 4 44 4 105 26 4 27 4 66 29 4 37 4 32 4 54 4 74 22 4 6 4 16 4 89 22 4 31 4 72 60 4 55 4 114 5 20 18 25 4 48 4 34 4 83 30 20 94 58 4 7 4 22 4 13 31 4 31 4 20 4 39 4 14 31 4 21 4 101 27 4 47 4 45 4 11 15 4 46 4 21 49 4 43 4 20 4 3 30 4 8 4 30 4 13 40 4 41 4 38 48 4 47 4 86 11 4 17 45 4 48 4 18 4 27 47 4 44 4 108 35 4 39 4 100 44 4 49 4 21 32 4 17 4 68 33 4 47 4 108 17 4 40 4 116 13 4 5 4 74 34 4 8 4 28 12 4 54 4 43 4 48 37 4 11 4 82 55 4 14 4 50 4 35 6 4 56 4 44 4 50 17 4 48 4 28 4 43 4 63 10 4 12 4 32 4 32 4 10 49 4 7 4 14 4 83 52 4 38 4 94 24 4 52 4 37 4 88 60 4 45 4 60 4 10 16 4 42 4 30 4 82 33 4 49 4 16 4 32 33 16 47 16 112 22 4 34 23 16 6 16 105 9 4 16 4 109 47 4 29 4 27 4 87 60 4 31 4 59 4 30 4 22 7 4 47 4 22 9 4 12 4 17 4 32 4 106 30 4 52 4 51 4 63 59 4 5 4 16 4 84 25 4 19 4 44 4 28 50 4 47 4 17 4 33 44 4 33 4 44 4 34 4 78 58 4 28 4 49 4 25 4 29 44 4 49 4 36 4 26 25 4 37 4 51 4 17 42 4 57 4 18 4 
iteration 897 best: 1.07049 time: 266670
52 48 4 33 4 57 4 91 53 4 24 4 55 26 4 55 4 23 4 31 30 4 55 4 15 4 108 15 4 8 4 46 4 21 58 4 48 4 55 4 24 4 93 47 4 11 4 48 4 20 39 4 31 4 99 41 4 54 4 90 57 4 10 4 40 4 56 4 50 49 4 5 4 18 32 4 55 4 32 9 4 19 4 14 4 48 4 16 4 29 51 4 42 4 32 4 44 4 105 26 4 27 4 66 29 4 37 4 32 4 54 4 74 22 4 6 4 16 4 89 22 4 31 4 72 60 4 55 4 114 5 20 18 25 4 48 4 34 4 83 30 20 94 58 4 7 4 22 4 13 31 4 31 4 20 4 39 4 14 31 4 21 4 101 27 4 47 4 45 4 11 15 4 46 4 21 49 4 43 4 20 4 3 30 4 8 4 30 4 13 40 4 41 4 38 48 4 47 4 86 11 4 17 45 4 48 4 18 4 27 47 4 44 4 108 35 4 39 4 100 44 4 49 4 21 32 4 17 4 68 33 4 47 4 108 17 4 40 4 116 13 4 5 4 74 34 4 8 4 28 12 4 54 4 43 4 48 37 4 11 4 82 55 4 14 4 50 4 35 6 4 56 4 44 4 50 17 4 48 4 28 4 43 4 63 10 4 12 4 32 4 32 4 10 49 4 7 4 14 4 83 52 4 38 4 94 24 4 52 4 37 4 88 60 4 45 4 60 4 10 16 4 42 4 30 4 82 33 4 49 4 16 4 32 33 16 47 16 112 22 4 34 23 16 6 16 105 9 4 16 4 109 47 4 29 4 27 4 87 60 4 31 4 59 4 30 4 22 7 4 47 4 22 9 4 12 4 17 4 32 4 106 30 4 52 4 51 4 63 59 4 5 4 16 4 84 25 4 19 4 44 4 28 50 4 47 4 17 4 33 44 4 33 4 44 4 34 4 78 58 4 28 4 49 4 25 4 29 44 4 49 4 36 4 26 25 4 37 4 51 4 17 42 4 57 4 18 4 
iteration 922 best: 1.07049 time: 274061
52 48 4 33 4 57 4 91 53 4 24 4 55 26 4 55 4 23 4 31 30 4 55 4 15 4 108 15 4 8 4 46 4 21 58 4 48 4 55 4 24 4 93 47 4 11 4 48 4 20 39 4 31 4 99 41 4 54 4 90 57 4 10 4 40 4 56 4 50 49 4 5 4 18 32 4 55 4 32 9 4 19 4 14 4 48 4 16 4 29 51 4 42 4 32 4 44 4 105 26 4 27 4 66 29 4 37 4 32 4 54 4 74 22 4 6 4 16 4 89 22 4 31 4 72 60 4 55 4 114 5 20 18 25 4 48 4 34 4 83 30 20 94 58 4 7 4 22 4 13 31 4 31 4 20 4 39 4 14 31 4 21 4 101 27 4 47 4 45 4 11 15 4 46 4 21 49 4 43 4 20 4 3 30 4 8 4 30 4 13 40 4 41 4 38 48 4 47 4 86 11 4 17 45 4 48 4 18 4 27 47 4 44 4 108 35 4 39 4 100 44 4 49 4 21 32 4 17 4 68 33 4 47 4 108 17 4 40 4 116 13 4 5 4 74 34 4 8 4 28 12 4 54 4 43 4 48 37 4 11 4 82 55 4 14 4 50 4 35 6 4 56 4 44 4 50 17 4 48 4 28 4 43 4 63 10 4 12 4 32 4 32 4 10 49 4 7 4 14 4 83 52 4 38 4 94 24 4 52 4 37 4 88 60 4 45 4 60 4 10 16 4 42 4 30 4 82 33 4 49 4 16 4 32 33 16 47 16 112 22 4 34 23 16 6 16 105 9 4 16 4 109 47 4 29 4 27 4 87 60 4 31 4 59 4 30 4 22 7 4 47 4 22 9 4 12 4 17 4 32 4 106 30 4 52 4 51 4 63 59 4 5 4 16 4 84 25 4 19 4 44 4 28 50 4 47 4 17 4 33 44 4 33 4 44 4 34 4 78 58 4 28 4 49 4 25 4 29 44 4 49 4 36 4 26 25 4 37 4 51 4 17 42 4 57 4 18 4 
iteration 947 best: 1.07049 time: 281460
52 48 4 33 4 57 4 91 53 4 24 4 55 26 4 55 4 23 4 31 30 4 55 4 15 4 108 15 4 8 4 46 4 21 58 4 48 4 55 4 24 4 93 47 4 11 4 48 4 20 39 4 31 4 99 41 4 54 4 90 57 4 10 4 40 4 56 4 50 49 4 5 4 18 32 4 55 4 32 9 4 19 4 14 4 48 4 16 4 29 51 4 42 4 32 4 44 4 105 26 4 27 4 66 29 4 37 4 32 4 54 4 74 22 4 6 4 16 4 89 22 4 31 4 72 60 4 55 4 114 5 20 18 25 4 48 4 34 4 83 30 20 94 58 4 7 4 22 4 13 31 4 31 4 20 4 39 4 14 31 4 21 4 101 27 4 47 4 45 4 11 15 4 46 4 21 49 4 43 4 20 4 3 30 4 8 4 30 4 13 40 4 41 4 38 48 4 47 4 86 11 4 17 45 4 48 4 18 4 27 47 4 44 4 108 35 4 39 4 100 44 4 49 4 21 32 4 17 4 68 33 4 47 4 108 17 4 40 4 116 13 4 5 4 74 34 4 8 4 28 12 4 54 4 43 4 48 37 4 11 4 82 55 4 14 4 50 4 35 6 4 56 4 44 4 50 17 4 48 4 28 4 43 4 63 10 4 12 4 32 4 32 4 10 49 4 7 4 14 4 83 52 4 38 4 94 24 4 52 4 37 4 88 60 4 45 4 60 4 10 16 4 42 4 30 4 82 33 4 49 4 16 4 32 33 16 47 16 112 22 4 34 23 16 6 16 105 9 4 16 4 109 47 4 29 4 27 4 87 60 4 31 4 59 4 30 4 22 7 4 47 4 22 9 4 12 4 17 4 32 4 106 30 4 52 4 51 4 63 59 4 5 4 16 4 84 25 4 19 4 44 4 28 50 4 47 4 17 4 33 44 4 33 4 44 4 34 4 78 58 4 28 4 49 4 25 4 29 44 4 49 4 36 4 26 25 4 37 4 51 4 17 42 4 57 4 18 4 
iteration 972 best: 1.07049 time: 288875
52 48 4 33 4 57 4 91 53 4 24 4 55 26 4 55 4 23 4 31 30 4 55 4 15 4 108 15 4 8 4 46 4 21 58 4 48 4 55 4 24 4 93 47 4 11 4 48 4 20 39 4 31 4 99 41 4 54 4 90 57 4 10 4 40 4 56 4 50 49 4 5 4 18 32 4 55 4 32 9 4 19 4 14 4 48 4 16 4 29 51 4 42 4 32 4 44 4 105 26 4 27 4 66 29 4 37 4 32 4 54 4 74 22 4 6 4 16 4 89 22 4 31 4 72 60 4 55 4 114 5 20 18 25 4 48 4 34 4 83 30 20 94 58 4 7 4 22 4 13 31 4 31 4 20 4 39 4 14 31 4 21 4 101 27 4 47 4 45 4 11 15 4 46 4 21 49 4 43 4 20 4 3 30 4 8 4 30 4 13 40 4 41 4 38 48 4 47 4 86 11 4 17 45 4 48 4 18 4 27 47 4 44 4 108 35 4 39 4 100 44 4 49 4 21 32 4 17 4 68 33 4 47 4 108 17 4 40 4 116 13 4 5 4 74 34 4 8 4 28 12 4 54 4 43 4 48 37 4 11 4 82 55 4 14 4 50 4 35 6 4 56 4 44 4 50 17 4 48 4 28 4 43 4 63 10 4 12 4 32 4 32 4 10 49 4 7 4 14 4 83 52 4 38 4 94 24 4 52 4 37 4 88 60 4 45 4 60 4 10 16 4 42 4 30 4 82 33 4 49 4 16 4 32 33 16 47 16 112 22 4 34 23 16 6 16 105 9 4 16 4 109 47 4 29 4 27 4 87 60 4 31 4 59 4 30 4 22 7 4 47 4 22 9 4 12 4 17 4 32 4 106 30 4 52 4 51 4 63 59 4 5 4 16 4 84 25 4 19 4 44 4 28 50 4 47 4 17 4 33 44 4 33 4 44 4 34 4 78 58 4 28 4 49 4 25 4 29 44 4 49 4 36 4 26 25 4 37 4 51 4 17 42 4 57 4 18 4 
iteration 997 best: 1.07049 time: 296291
52 48 4 33 4 57 4 91 53 4 24 4 55 26 4 55 4 23 4 31 30 4 55 4 15 4 108 15 4 8 4 46 4 21 58 4 48 4 55 4 24 4 93 47 4 11 4 48 4 20 39 4 31 4 99 41 4 54 4 90 57 4 10 4 40 4 56 4 50 49 4 5 4 18 32 4 55 4 32 9 4 19 4 14 4 48 4 16 4 29 51 4 42 4 32 4 44 4 105 26 4 27 4 66 29 4 37 4 32 4 54 4 74 22 4 6 4 16 4 89 22 4 31 4 72 60 4 55 4 114 5 20 18 25 4 48 4 34 4 83 30 20 94 58 4 7 4 22 4 13 31 4 31 4 20 4 39 4 14 31 4 21 4 101 27 4 47 4 45 4 11 15 4 46 4 21 49 4 43 4 20 4 3 30 4 8 4 30 4 13 40 4 41 4 38 48 4 47 4 86 11 4 17 45 4 48 4 18 4 27 47 4 44 4 108 35 4 39 4 100 44 4 49 4 21 32 4 17 4 68 33 4 47 4 108 17 4 40 4 116 13 4 5 4 74 34 4 8 4 28 12 4 54 4 43 4 48 37 4 11 4 82 55 4 14 4 50 4 35 6 4 56 4 44 4 50 17 4 48 4 28 4 43 4 63 10 4 12 4 32 4 32 4 10 49 4 7 4 14 4 83 52 4 38 4 94 24 4 52 4 37 4 88 60 4 45 4 60 4 10 16 4 42 4 30 4 82 33 4 49 4 16 4 32 33 16 47 16 112 22 4 34 23 16 6 16 105 9 4 16 4 109 47 4 29 4 27 4 87 60 4 31 4 59 4 30 4 22 7 4 47 4 22 9 4 12 4 17 4 32 4 106 30 4 52 4 51 4 63 59 4 5 4 16 4 84 25 4 19 4 44 4 28 50 4 47 4 17 4 33 44 4 33 4 44 4 34 4 78 58 4 28 4 49 4 25 4 29 44 4 49 4 36 4 26 25 4 37 4 51 4 17 42 4 57 4 18 4 
iteration 1022 best: 1.07049 time: 303698
52 48 4 33 4 57 4 91 53 4 24 4 55 26 4 55 4 23 4 31 30 4 55 4 15 4 108 15 4 8 4 46 4 21 58 4 48 4 55 4 24 4 93 47 4 11 4 48 4 20 39 4 31 4 99 41 4 54 4 90 57 4 10 4 40 4 56 4 50 49 4 5 4 18 32 4 55 4 32 9 4 19 4 14 4 48 4 16 4 29 51 4 42 4 32 4 44 4 105 26 4 27 4 66 29 4 37 4 32 4 54 4 74 22 4 6 4 16 4 89 22 4 31 4 72 60 4 55 4 114 5 20 18 25 4 48 4 34 4 83 30 20 94 58 4 7 4 22 4 13 31 4 31 4 20 4 39 4 14 31 4 21 4 101 27 4 47 4 45 4 11 15 4 46 4 21 49 4 43 4 20 4 3 30 4 8 4 30 4 13 40 4 41 4 38 48 4 47 4 86 11 4 17 45 4 48 4 18 4 27 47 4 44 4 108 35 4 39 4 100 44 4 49 4 21 32 4 17 4 68 33 4 47 4 108 17 4 40 4 116 13 4 5 4 74 34 4 8 4 28 12 4 54 4 43 4 48 37 4 11 4 82 55 4 14 4 50 4 35 6 4 56 4 44 4 50 17 4 48 4 28 4 43 4 63 10 4 12 4 32 4 32 4 10 49 4 7 4 14 4 83 52 4 38 4 94 24 4 52 4 37 4 88 60 4 45 4 60 4 10 16 4 42 4 30 4 82 33 4 49 4 16 4 32 33 16 47 16 112 22 4 34 23 16 6 16 105 9 4 16 4 109 47 4 29 4 27 4 87 60 4 31 4 59 4 30 4 22 7 4 47 4 22 9 4 12 4 17 4 32 4 106 30 4 52 4 51 4 63 59 4 5 4 16 4 84 25 4 19 4 44 4 28 50 4 47 4 17 4 33 44 4 33 4 44 4 34 4 78 58 4 28 4 49 4 25 4 29 44 4 49 4 36 4 26 25 4 37 4 51 4 17 42 4 57 4 18 4 
iteration 1047 best: 1.07049 time: 311144
52 48 4 33 4 57 4 91 53 4 24 4 55 26 4 55 4 23 4 31 30 4 55 4 15 4 108 15 4 8 4 46 4 21 58 4 48 4 55 4 24 4 93 47 4 11 4 48 4 20 39 4 31 4 99 41 4 54 4 90 57 4 10 4 40 4 56 4 50 49 4 5 4 18 32 4 55 4 32 9 4 19 4 14 4 48 4 16 4 29 51 4 42 4 32 4 44 4 105 26 4 27 4 66 29 4 37 4 32 4 54 4 74 22 4 6 4 16 4 89 22 4 31 4 72 60 4 55 4 114 5 20 18 25 4 48 4 34 4 83 30 20 94 58 4 7 4 22 4 13 31 4 31 4 20 4 39 4 14 31 4 21 4 101 27 4 47 4 45 4 11 15 4 46 4 21 49 4 43 4 20 4 3 30 4 8 4 30 4 13 40 4 41 4 38 48 4 47 4 86 11 4 17 45 4 48 4 18 4 27 47 4 44 4 108 35 4 39 4 100 44 4 49 4 21 32 4 17 4 68 33 4 47 4 108 17 4 40 4 116 13 4 5 4 74 34 4 8 4 28 12 4 54 4 43 4 48 37 4 11 4 82 55 4 14 4 50 4 35 6 4 56 4 44 4 50 17 4 48 4 28 4 43 4 63 10 4 12 4 32 4 32 4 10 49 4 7 4 14 4 83 52 4 38 4 94 24 4 52 4 37 4 88 60 4 45 4 60 4 10 16 4 42 4 30 4 82 33 4 49 4 16 4 32 33 16 47 16 112 22 4 34 23 16 6 16 105 9 4 16 4 109 47 4 29 4 27 4 87 60 4 31 4 59 4 30 4 22 7 4 47 4 22 9 4 12 4 17 4 32 4 106 30 4 52 4 51 4 63 59 4 5 4 16 4 84 25 4 19 4 44 4 28 50 4 47 4 17 4 33 44 4 33 4 44 4 34 4 78 58 4 28 4 49 4 25 4 29 44 4 49 4 36 4 26 25 4 37 4 51 4 17 42 4 57 4 18 4 
iteration 1072 best: 1.07049 time: 318564
52 48 4 33 4 57 4 91 53 4 24 4 55 26 4 55 4 23 4 31 30 4 55 4 15 4 108 15 4 8 4 46 4 21 58 4 48 4 55 4 24 4 93 47 4 11 4 48 4 20 39 4 31 4 99 41 4 54 4 90 57 4 10 4 40 4 56 4 50 49 4 5 4 18 32 4 55 4 32 9 4 19 4 14 4 48 4 16 4 29 51 4 42 4 32 4 44 4 105 26 4 27 4 66 29 4 37 4 32 4 54 4 74 22 4 6 4 16 4 89 22 4 31 4 72 60 4 55 4 114 5 20 18 25 4 48 4 34 4 83 30 20 94 58 4 7 4 22 4 13 31 4 31 4 20 4 39 4 14 31 4 21 4 101 27 4 47 4 45 4 11 15 4 46 4 21 49 4 43 4 20 4 3 30 4 8 4 30 4 13 40 4 41 4 38 48 4 47 4 86 11 4 17 45 4 48 4 18 4 27 47 4 44 4 108 35 4 39 4 100 44 4 49 4 21 32 4 17 4 68 33 4 47 4 108 17 4 40 4 116 13 4 5 4 74 34 4 8 4 28 12 4 54 4 43 4 48 37 4 11 4 82 55 4 14 4 50 4 35 6 4 56 4 44 4 50 17 4 48 4 28 4 43 4 63 10 4 12 4 32 4 32 4 10 49 4 7 4 14 4 83 52 4 38 4 94 24 4 52 4 37 4 88 60 4 45 4 60 4 10 16 4 42 4 30 4 82 33 4 49 4 16 4 32 33 16 47 16 112 22 4 34 23 16 6 16 105 9 4 16 4 109 47 4 29 4 27 4 87 60 4 31 4 59 4 30 4 22 7 4 47 4 22 9 4 12 4 17 4 32 4 106 30 4 52 4 51 4 63 59 4 5 4 16 4 84 25 4 19 4 44 4 28 50 4 47 4 17 4 33 44 4 33 4 44 4 34 4 78 58 4 28 4 49 4 25 4 29 44 4 49 4 36 4 26 25 4 37 4 51 4 17 42 4 57 4 18 4 
iteration 1097 best: 1.07049 time: 325960
52 48 4 33 4 57 4 91 53 4 24 4 55 26 4 55 4 23 4 31 30 4 55 4 15 4 108 15 4 8 4 46 4 21 58 4 48 4 55 4 24 4 93 47 4 11 4 48 4 20 39 4 31 4 99 41 4 54 4 90 57 4 10 4 40 4 56 4 50 49 4 5 4 18 32 4 55 4 32 9 4 19 4 14 4 48 4 16 4 29 51 4 42 4 32 4 44 4 105 26 4 27 4 66 29 4 37 4 32 4 54 4 74 22 4 6 4 16 4 89 22 4 31 4 72 60 4 55 4 114 5 20 18 25 4 48 4 34 4 83 30 20 94 58 4 7 4 22 4 13 31 4 31 4 20 4 39 4 14 31 4 21 4 101 27 4 47 4 45 4 11 15 4 46 4 21 49 4 43 4 20 4 3 30 4 8 4 30 4 13 40 4 41 4 38 48 4 47 4 86 11 4 17 45 4 48 4 18 4 27 47 4 44 4 108 35 4 39 4 100 44 4 49 4 21 32 4 17 4 68 33 4 47 4 108 17 4 40 4 116 13 4 5 4 74 34 4 8 4 28 12 4 54 4 43 4 48 37 4 11 4 82 55 4 14 4 50 4 35 6 4 56 4 44 4 50 17 4 48 4 28 4 43 4 63 10 4 12 4 32 4 32 4 10 49 4 7 4 14 4 83 52 4 38 4 94 24 4 52 4 37 4 88 60 4 45 4 60 4 10 16 4 42 4 30 4 82 33 4 49 4 16 4 32 33 16 47 16 112 22 4 34 23 16 6 16 105 9 4 16 4 109 47 4 29 4 27 4 87 60 4 31 4 59 4 30 4 22 7 4 47 4 22 9 4 12 4 17 4 32 4 106 30 4 52 4 51 4 63 59 4 5 4 16 4 84 25 4 19 4 44 4 28 50 4 47 4 17 4 33 44 4 33 4 44 4 34 4 78 58 4 28 4 49 4 25 4 29 44 4 49 4 36 4 26 25 4 37 4 51 4 17 42 4 57 4 18 4 
iteration 1122 best: 1.07049 time: 333362
52 48 4 33 4 57 4 91 53 4 24 4 55 26 4 55 4 23 4 31 30 4 55 4 15 4 108 15 4 8 4 46 4 21 58 4 48 4 55 4 24 4 93 47 4 11 4 48 4 20 39 4 31 4 99 41 4 54 4 90 57 4 10 4 40 4 56 4 50 49 4 5 4 18 32 4 55 4 32 9 4 19 4 14 4 48 4 16 4 29 51 4 42 4 32 4 44 4 105 26 4 27 4 66 29 4 37 4 32 4 54 4 74 22 4 6 4 16 4 89 22 4 31 4 72 60 4 55 4 114 5 20 18 25 4 48 4 34 4 83 30 20 94 58 4 7 4 22 4 13 31 4 31 4 20 4 39 4 14 31 4 21 4 101 27 4 47 4 45 4 11 15 4 46 4 21 49 4 43 4 20 4 3 30 4 8 4 30 4 13 40 4 41 4 38 48 4 47 4 86 11 4 17 45 4 48 4 18 4 27 47 4 44 4 108 35 4 39 4 100 44 4 49 4 21 32 4 17 4 68 33 4 47 4 108 17 4 40 4 116 13 4 5 4 74 34 4 8 4 28 12 4 54 4 43 4 48 37 4 11 4 82 55 4 14 4 50 4 35 6 4 56 4 44 4 50 17 4 48 4 28 4 43 4 63 10 4 12 4 32 4 32 4 10 49 4 7 4 14 4 83 52 4 38 4 94 24 4 52 4 37 4 88 60 4 45 4 60 4 10 16 4 42 4 30 4 82 33 4 49 4 16 4 32 33 16 47 16 112 22 4 34 23 16 6 16 105 9 4 16 4 109 47 4 29 4 27 4 87 60 4 31 4 59 4 30 4 22 7 4 47 4 22 9 4 12 4 17 4 32 4 106 30 4 52 4 51 4 63 59 4 5 4 16 4 84 25 4 19 4 44 4 28 50 4 47 4 17 4 33 44 4 33 4 44 4 34 4 78 58 4 28 4 49 4 25 4 29 44 4 49 4 36 4 26 25 4 37 4 51 4 17 42 4 57 4 18 4 
iteration 1147 best: 1.07049 time: 340782
52 48 4 33 4 57 4 91 53 4 24 4 55 26 4 55 4 23 4 31 30 4 55 4 15 4 108 15 4 8 4 46 4 21 58 4 48 4 55 4 24 4 93 47 4 11 4 48 4 20 39 4 31 4 99 41 4 54 4 90 57 4 10 4 40 4 56 4 50 49 4 5 4 18 32 4 55 4 32 9 4 19 4 14 4 48 4 16 4 29 51 4 42 4 32 4 44 4 105 26 4 27 4 66 29 4 37 4 32 4 54 4 74 22 4 6 4 16 4 89 22 4 31 4 72 60 4 55 4 114 5 20 18 25 4 48 4 34 4 83 30 20 94 58 4 7 4 22 4 13 31 4 31 4 20 4 39 4 14 31 4 21 4 101 27 4 47 4 45 4 11 15 4 46 4 21 49 4 43 4 20 4 3 30 4 8 4 30 4 13 40 4 41 4 38 48 4 47 4 86 11 4 17 45 4 48 4 18 4 27 47 4 44 4 108 35 4 39 4 100 44 4 49 4 21 32 4 17 4 68 33 4 47 4 108 17 4 40 4 116 13 4 5 4 74 34 4 8 4 28 12 4 54 4 43 4 48 37 4 11 4 82 55 4 14 4 50 4 35 6 4 56 4 44 4 50 17 4 48 4 28 4 43 4 63 10 4 12 4 32 4 32 4 10 49 4 7 4 14 4 83 52 4 38 4 94 24 4 52 4 37 4 88 60 4 45 4 60 4 10 16 4 42 4 30 4 82 33 4 49 4 16 4 32 33 16 47 16 112 22 4 34 23 16 6 16 105 9 4 16 4 109 47 4 29 4 27 4 87 60 4 31 4 59 4 30 4 22 7 4 47 4 22 9 4 12 4 17 4 32 4 106 30 4 52 4 51 4 63 59 4 5 4 16 4 84 25 4 19 4 44 4 28 50 4 47 4 17 4 33 44 4 33 4 44 4 34 4 78 58 4 28 4 49 4 25 4 29 44 4 49 4 36 4 26 25 4 37 4 51 4 17 42 4 57 4 18 4 
iteration 1172 best: 1.07049 time: 348195
52 48 4 33 4 57 4 91 53 4 24 4 55 26 4 55 4 23 4 31 30 4 55 4 15 4 108 15 4 8 4 46 4 21 58 4 48 4 55 4 24 4 93 47 4 11 4 48 4 20 39 4 31 4 99 41 4 54 4 90 57 4 10 4 40 4 56 4 50 49 4 5 4 18 32 4 55 4 32 9 4 19 4 14 4 48 4 16 4 29 51 4 42 4 32 4 44 4 105 26 4 27 4 66 29 4 37 4 32 4 54 4 74 22 4 6 4 16 4 89 22 4 31 4 72 60 4 55 4 114 5 20 18 25 4 48 4 34 4 83 30 20 94 58 4 7 4 22 4 13 31 4 31 4 20 4 39 4 14 31 4 21 4 101 27 4 47 4 45 4 11 15 4 46 4 21 49 4 43 4 20 4 3 30 4 8 4 30 4 13 40 4 41 4 38 48 4 47 4 86 11 4 17 45 4 48 4 18 4 27 47 4 44 4 108 35 4 39 4 100 44 4 49 4 21 32 4 17 4 68 33 4 47 4 108 17 4 40 4 116 13 4 5 4 74 34 4 8 4 28 12 4 54 4 43 4 48 37 4 11 4 82 55 4 14 4 50 4 35 6 4 56 4 44 4 50 17 4 48 4 28 4 43 4 63 10 4 12 4 32 4 32 4 10 49 4 7 4 14 4 83 52 4 38 4 94 24 4 52 4 37 4 88 60 4 45 4 60 4 10 16 4 42 4 30 4 82 33 4 49 4 16 4 32 33 16 47 16 112 22 4 34 23 16 6 16 105 9 4 16 4 109 47 4 29 4 27 4 87 60 4 31 4 59 4 30 4 22 7 4 47 4 22 9 4 12 4 17 4 32 4 106 30 4 52 4 51 4 63 59 4 5 4 16 4 84 25 4 19 4 44 4 28 50 4 47 4 17 4 33 44 4 33 4 44 4 34 4 78 58 4 28 4 49 4 25 4 29 44 4 49 4 36 4 26 25 4 37 4 51 4 17 42 4 57 4 18 4 
iteration 1197 best: 1.07049 time: 355597
52 48 4 33 4 57 4 91 53 4 24 4 55 26 4 55 4 23 4 31 30 4 55 4 15 4 108 15 4 8 4 46 4 21 58 4 48 4 55 4 24 4 93 47 4 11 4 48 4 20 39 4 31 4 99 41 4 54 4 90 57 4 10 4 40 4 56 4 50 49 4 5 4 18 32 4 55 4 32 9 4 19 4 14 4 48 4 16 4 29 51 4 42 4 32 4 44 4 105 26 4 27 4 66 29 4 37 4 32 4 54 4 74 22 4 6 4 16 4 89 22 4 31 4 72 60 4 55 4 114 5 20 18 25 4 48 4 34 4 83 30 20 94 58 4 7 4 22 4 13 31 4 31 4 20 4 39 4 14 31 4 21 4 101 27 4 47 4 45 4 11 15 4 46 4 21 49 4 43 4 20 4 3 30 4 8 4 30 4 13 40 4 41 4 38 48 4 47 4 86 11 4 17 45 4 48 4 18 4 27 47 4 44 4 108 35 4 39 4 100 44 4 49 4 21 32 4 17 4 68 33 4 47 4 108 17 4 40 4 116 13 4 5 4 74 34 4 8 4 28 12 4 54 4 43 4 48 37 4 11 4 82 55 4 14 4 50 4 35 6 4 56 4 44 4 50 17 4 48 4 28 4 43 4 63 10 4 12 4 32 4 32 4 10 49 4 7 4 14 4 83 52 4 38 4 94 24 4 52 4 37 4 88 60 4 45 4 60 4 10 16 4 42 4 30 4 82 33 4 49 4 16 4 32 33 16 47 16 112 22 4 34 23 16 6 16 105 9 4 16 4 109 47 4 29 4 27 4 87 60 4 31 4 59 4 30 4 22 7 4 47 4 22 9 4 12 4 17 4 32 4 106 30 4 52 4 51 4 63 59 4 5 4 16 4 84 25 4 19 4 44 4 28 50 4 47 4 17 4 33 44 4 33 4 44 4 34 4 78 58 4 28 4 49 4 25 4 29 44 4 49 4 36 4 26 25 4 37 4 51 4 17 42 4 57 4 18 4 
iteration 1222 best: 1.07049 time: 363017
52 48 4 33 4 57 4 91 53 4 24 4 55 26 4 55 4 23 4 31 30 4 55 4 15 4 108 15 4 8 4 46 4 21 58 4 48 4 55 4 24 4 93 47 4 11 4 48 4 20 39 4 31 4 99 41 4 54 4 90 57 4 10 4 40 4 56 4 50 49 4 5 4 18 32 4 55 4 32 9 4 19 4 14 4 48 4 16 4 29 51 4 42 4 32 4 44 4 105 26 4 27 4 66 29 4 37 4 32 4 54 4 74 22 4 6 4 16 4 89 22 4 31 4 72 60 4 55 4 114 5 20 18 25 4 48 4 34 4 83 30 20 94 58 4 7 4 22 4 13 31 4 31 4 20 4 39 4 14 31 4 21 4 101 27 4 47 4 45 4 11 15 4 46 4 21 49 4 43 4 20 4 3 30 4 8 4 30 4 13 40 4 41 4 38 48 4 47 4 86 11 4 17 45 4 48 4 18 4 27 47 4 44 4 108 35 4 39 4 100 44 4 49 4 21 32 4 17 4 68 33 4 47 4 108 17 4 40 4 116 13 4 5 4 74 34 4 8 4 28 12 4 54 4 43 4 48 37 4 11 4 82 55 4 14 4 50 4 35 6 4 56 4 44 4 50 17 4 48 4 28 4 43 4 63 10 4 12 4 32 4 32 4 10 49 4 7 4 14 4 83 52 4 38 4 94 24 4 52 4 37 4 88 60 4 45 4 60 4 10 16 4 42 4 30 4 82 33 4 49 4 16 4 32 33 16 47 16 112 22 4 34 23 16 6 16 105 9 4 16 4 109 47 4 29 4 27 4 87 60 4 31 4 59 4 30 4 22 7 4 47 4 22 9 4 12 4 17 4 32 4 106 30 4 52 4 51 4 63 59 4 5 4 16 4 84 25 4 19 4 44 4 28 50 4 47 4 17 4 33 44 4 33 4 44 4 34 4 78 58 4 28 4 49 4 25 4 29 44 4 49 4 36 4 26 25 4 37 4 51 4 17 42 4 57 4 18 4 
iteration 1247 best: 1.07049 time: 370397
52 48 4 33 4 57 4 91 53 4 24 4 55 26 4 55 4 23 4 31 30 4 55 4 15 4 108 15 4 8 4 46 4 21 58 4 48 4 55 4 24 4 93 47 4 11 4 48 4 20 39 4 31 4 99 41 4 54 4 90 57 4 10 4 40 4 56 4 50 49 4 5 4 18 32 4 55 4 32 9 4 19 4 14 4 48 4 16 4 29 51 4 42 4 32 4 44 4 105 26 4 27 4 66 29 4 37 4 32 4 54 4 74 22 4 6 4 16 4 89 22 4 31 4 72 60 4 55 4 114 5 20 18 25 4 48 4 34 4 83 30 20 94 58 4 7 4 22 4 13 31 4 31 4 20 4 39 4 14 31 4 21 4 101 27 4 47 4 45 4 11 15 4 46 4 21 49 4 43 4 20 4 3 30 4 8 4 30 4 13 40 4 41 4 38 48 4 47 4 86 11 4 17 45 4 48 4 18 4 27 47 4 44 4 108 35 4 39 4 100 44 4 49 4 21 32 4 17 4 68 33 4 47 4 108 17 4 40 4 116 13 4 5 4 74 34 4 8 4 28 12 4 54 4 43 4 48 37 4 11 4 82 55 4 14 4 50 4 35 6 4 56 4 44 4 50 17 4 48 4 28 4 43 4 63 10 4 12 4 32 4 32 4 10 49 4 7 4 14 4 83 52 4 38 4 94 24 4 52 4 37 4 88 60 4 45 4 60 4 10 16 4 42 4 30 4 82 33 4 49 4 16 4 32 33 16 47 16 112 22 4 34 23 16 6 16 105 9 4 16 4 109 47 4 29 4 27 4 87 60 4 31 4 59 4 30 4 22 7 4 47 4 22 9 4 12 4 17 4 32 4 106 30 4 52 4 51 4 63 59 4 5 4 16 4 84 25 4 19 4 44 4 28 50 4 47 4 17 4 33 44 4 33 4 44 4 34 4 78 58 4 28 4 49 4 25 4 29 44 4 49 4 36 4 26 25 4 37 4 51 4 17 42 4 57 4 18 4 
iteration 1272 best: 1.07049 time: 377792
52 48 4 33 4 57 4 91 53 4 24 4 55 26 4 55 4 23 4 31 30 4 55 4 15 4 108 15 4 8 4 46 4 21 58 4 48 4 55 4 24 4 93 47 4 11 4 48 4 20 39 4 31 4 99 41 4 54 4 90 57 4 10 4 40 4 56 4 50 49 4 5 4 18 32 4 55 4 32 9 4 19 4 14 4 48 4 16 4 29 51 4 42 4 32 4 44 4 105 26 4 27 4 66 29 4 37 4 32 4 54 4 74 22 4 6 4 16 4 89 22 4 31 4 72 60 4 55 4 114 5 20 18 25 4 48 4 34 4 83 30 20 94 58 4 7 4 22 4 13 31 4 31 4 20 4 39 4 14 31 4 21 4 101 27 4 47 4 45 4 11 15 4 46 4 21 49 4 43 4 20 4 3 30 4 8 4 30 4 13 40 4 41 4 38 48 4 47 4 86 11 4 17 45 4 48 4 18 4 27 47 4 44 4 108 35 4 39 4 100 44 4 49 4 21 32 4 17 4 68 33 4 47 4 108 17 4 40 4 116 13 4 5 4 74 34 4 8 4 28 12 4 54 4 43 4 48 37 4 11 4 82 55 4 14 4 50 4 35 6 4 56 4 44 4 50 17 4 48 4 28 4 43 4 63 10 4 12 4 32 4 32 4 10 49 4 7 4 14 4 83 52 4 38 4 94 24 4 52 4 37 4 88 60 4 45 4 60 4 10 16 4 42 4 30 4 82 33 4 49 4 16 4 32 33 16 47 16 112 22 4 34 23 16 6 16 105 9 4 16 4 109 47 4 29 4 27 4 87 60 4 31 4 59 4 30 4 22 7 4 47 4 22 9 4 12 4 17 4 32 4 106 30 4 52 4 51 4 63 59 4 5 4 16 4 84 25 4 19 4 44 4 28 50 4 47 4 17 4 33 44 4 33 4 44 4 34 4 78 58 4 28 4 49 4 25 4 29 44 4 49 4 36 4 26 25 4 37 4 51 4 17 42 4 57 4 18 4 
iteration 1297 best: 1.07049 time: 385239
52 48 4 33 4 57 4 91 53 4 24 4 55 26 4 55 4 23 4 31 30 4 55 4 15 4 108 15 4 8 4 46 4 21 58 4 48 4 55 4 24 4 93 47 4 11 4 48 4 20 39 4 31 4 99 41 4 54 4 90 57 4 10 4 40 4 56 4 50 49 4 5 4 18 32 4 55 4 32 9 4 19 4 14 4 48 4 16 4 29 51 4 42 4 32 4 44 4 105 26 4 27 4 66 29 4 37 4 32 4 54 4 74 22 4 6 4 16 4 89 22 4 31 4 72 60 4 55 4 114 5 20 18 25 4 48 4 34 4 83 30 20 94 58 4 7 4 22 4 13 31 4 31 4 20 4 39 4 14 31 4 21 4 101 27 4 47 4 45 4 11 15 4 46 4 21 49 4 43 4 20 4 3 30 4 8 4 30 4 13 40 4 41 4 38 48 4 47 4 86 11 4 17 45 4 48 4 18 4 27 47 4 44 4 108 35 4 39 4 100 44 4 49 4 21 32 4 17 4 68 33 4 47 4 108 17 4 40 4 116 13 4 5 4 74 34 4 8 4 28 12 4 54 4 43 4 48 37 4 11 4 82 55 4 14 4 50 4 35 6 4 56 4 44 4 50 17 4 48 4 28 4 43 4 63 10 4 12 4 32 4 32 4 10 49 4 7 4 14 4 83 52 4 38 4 94 24 4 52 4 37 4 88 60 4 45 4 60 4 10 16 4 42 4 30 4 82 33 4 49 4 16 4 32 33 16 47 16 112 22 4 34 23 16 6 16 105 9 4 16 4 109 47 4 29 4 27 4 87 60 4 31 4 59 4 30 4 22 7 4 47 4 22 9 4 12 4 17 4 32 4 106 30 4 52 4 51 4 63 59 4 5 4 16 4 84 25 4 19 4 44 4 28 50 4 47 4 17 4 33 44 4 33 4 44 4 34 4 78 58 4 28 4 49 4 25 4 29 44 4 49 4 36 4 26 25 4 37 4 51 4 17 42 4 57 4 18 4 
iteration 1322 best: 1.07049 time: 392648
52 48 4 33 4 57 4 91 53 4 24 4 55 26 4 55 4 23 4 31 30 4 55 4 15 4 108 15 4 8 4 46 4 21 58 4 48 4 55 4 24 4 93 47 4 11 4 48 4 20 39 4 31 4 99 41 4 54 4 90 57 4 10 4 40 4 56 4 50 49 4 5 4 18 32 4 55 4 32 9 4 19 4 14 4 48 4 16 4 29 51 4 42 4 32 4 44 4 105 26 4 27 4 66 29 4 37 4 32 4 54 4 74 22 4 6 4 16 4 89 22 4 31 4 72 60 4 55 4 114 5 20 18 25 4 48 4 34 4 83 30 20 94 58 4 7 4 22 4 13 31 4 31 4 20 4 39 4 14 31 4 21 4 101 27 4 47 4 45 4 11 15 4 46 4 21 49 4 43 4 20 4 3 30 4 8 4 30 4 13 40 4 41 4 38 48 4 47 4 86 11 4 17 45 4 48 4 18 4 27 47 4 44 4 108 35 4 39 4 100 44 4 49 4 21 32 4 17 4 68 33 4 47 4 108 17 4 40 4 116 13 4 5 4 74 34 4 8 4 28 12 4 54 4 43 4 48 37 4 11 4 82 55 4 14 4 50 4 35 6 4 56 4 44 4 50 17 4 48 4 28 4 43 4 63 10 4 12 4 32 4 32 4 10 49 4 7 4 14 4 83 52 4 38 4 94 24 4 52 4 37 4 88 60 4 45 4 60 4 10 16 4 42 4 30 4 82 33 4 49 4 16 4 32 33 16 47 16 112 22 4 34 23 16 6 16 105 9 4 16 4 109 47 4 29 4 27 4 87 60 4 31 4 59 4 30 4 22 7 4 47 4 22 9 4 12 4 17 4 32 4 106 30 4 52 4 51 4 63 59 4 5 4 16 4 84 25 4 19 4 44 4 28 50 4 47 4 17 4 33 44 4 33 4 44 4 34 4 78 58 4 28 4 49 4 25 4 29 44 4 49 4 36 4 26 25 4 37 4 51 4 17 42 4 57 4 18 4 
iteration 1347 best: 1.07049 time: 400046
52 48 4 33 4 57 4 91 53 4 24 4 55 26 4 55 4 23 4 31 30 4 55 4 15 4 108 15 4 8 4 46 4 21 58 4 48 4 55 4 24 4 93 47 4 11 4 48 4 20 39 4 31 4 99 41 4 54 4 90 57 4 10 4 40 4 56 4 50 49 4 5 4 18 32 4 55 4 32 9 4 19 4 14 4 48 4 16 4 29 51 4 42 4 32 4 44 4 105 26 4 27 4 66 29 4 37 4 32 4 54 4 74 22 4 6 4 16 4 89 22 4 31 4 72 60 4 55 4 114 5 20 18 25 4 48 4 34 4 83 30 20 94 58 4 7 4 22 4 13 31 4 31 4 20 4 39 4 14 31 4 21 4 101 27 4 47 4 45 4 11 15 4 46 4 21 49 4 43 4 20 4 3 30 4 8 4 30 4 13 40 4 41 4 38 48 4 47 4 86 11 4 17 45 4 48 4 18 4 27 47 4 44 4 108 35 4 39 4 100 44 4 49 4 21 32 4 17 4 68 33 4 47 4 108 17 4 40 4 116 13 4 5 4 74 34 4 8 4 28 12 4 54 4 43 4 48 37 4 11 4 82 55 4 14 4 50 4 35 6 4 56 4 44 4 50 17 4 48 4 28 4 43 4 63 10 4 12 4 32 4 32 4 10 49 4 7 4 14 4 83 52 4 38 4 94 24 4 52 4 37 4 88 60 4 45 4 60 4 10 16 4 42 4 30 4 82 33 4 49 4 16 4 32 33 16 47 16 112 22 4 34 23 16 6 16 105 9 4 16 4 109 47 4 29 4 27 4 87 60 4 31 4 59 4 30 4 22 7 4 47 4 22 9 4 12 4 17 4 32 4 106 30 4 52 4 51 4 63 59 4 5 4 16 4 84 25 4 19 4 44 4 28 50 4 47 4 17 4 33 44 4 33 4 44 4 34 4 78 58 4 28 4 49 4 25 4 29 44 4 49 4 36 4 26 25 4 37 4 51 4 17 42 4 57 4 18 4 
iteration 1372 best: 1.07049 time: 407453
52 48 4 33 4 57 4 91 53 4 24 4 55 26 4 55 4 23 4 31 30 4 55 4 15 4 108 15 4 8 4 46 4 21 58 4 48 4 55 4 24 4 93 47 4 11 4 48 4 20 39 4 31 4 99 41 4 54 4 90 57 4 10 4 40 4 56 4 50 49 4 5 4 18 32 4 55 4 32 9 4 19 4 14 4 48 4 16 4 29 51 4 42 4 32 4 44 4 105 26 4 27 4 66 29 4 37 4 32 4 54 4 74 22 4 6 4 16 4 89 22 4 31 4 72 60 4 55 4 114 5 20 18 25 4 48 4 34 4 83 30 20 94 58 4 7 4 22 4 13 31 4 31 4 20 4 39 4 14 31 4 21 4 101 27 4 47 4 45 4 11 15 4 46 4 21 49 4 43 4 20 4 3 30 4 8 4 30 4 13 40 4 41 4 38 48 4 47 4 86 11 4 17 45 4 48 4 18 4 27 47 4 44 4 108 35 4 39 4 100 44 4 49 4 21 32 4 17 4 68 33 4 47 4 108 17 4 40 4 116 13 4 5 4 74 34 4 8 4 28 12 4 54 4 43 4 48 37 4 11 4 82 55 4 14 4 50 4 35 6 4 56 4 44 4 50 17 4 48 4 28 4 43 4 63 10 4 12 4 32 4 32 4 10 49 4 7 4 14 4 83 52 4 38 4 94 24 4 52 4 37 4 88 60 4 45 4 60 4 10 16 4 42 4 30 4 82 33 4 49 4 16 4 32 33 16 47 16 112 22 4 34 23 16 6 16 105 9 4 16 4 109 47 4 29 4 27 4 87 60 4 31 4 59 4 30 4 22 7 4 47 4 22 9 4 12 4 17 4 32 4 106 30 4 52 4 51 4 63 59 4 5 4 16 4 84 25 4 19 4 44 4 28 50 4 47 4 17 4 33 44 4 33 4 44 4 34 4 78 58 4 28 4 49 4 25 4 29 44 4 49 4 36 4 26 25 4 37 4 51 4 17 42 4 57 4 18 4 
iteration 1397 best: 1.07049 time: 414864
52 48 4 33 4 57 4 91 53 4 24 4 55 26 4 55 4 23 4 31 30 4 55 4 15 4 108 15 4 8 4 46 4 21 58 4 48 4 55 4 24 4 93 47 4 11 4 48 4 20 39 4 31 4 99 41 4 54 4 90 57 4 10 4 40 4 56 4 50 49 4 5 4 18 32 4 55 4 32 9 4 19 4 14 4 48 4 16 4 29 51 4 42 4 32 4 44 4 105 26 4 27 4 66 29 4 37 4 32 4 54 4 74 22 4 6 4 16 4 89 22 4 31 4 72 60 4 55 4 114 5 20 18 25 4 48 4 34 4 83 30 20 94 58 4 7 4 22 4 13 31 4 31 4 20 4 39 4 14 31 4 21 4 101 27 4 47 4 45 4 11 15 4 46 4 21 49 4 43 4 20 4 3 30 4 8 4 30 4 13 40 4 41 4 38 48 4 47 4 86 11 4 17 45 4 48 4 18 4 27 47 4 44 4 108 35 4 39 4 100 44 4 49 4 21 32 4 17 4 68 33 4 47 4 108 17 4 40 4 116 13 4 5 4 74 34 4 8 4 28 12 4 54 4 43 4 48 37 4 11 4 82 55 4 14 4 50 4 35 6 4 56 4 44 4 50 17 4 48 4 28 4 43 4 63 10 4 12 4 32 4 32 4 10 49 4 7 4 14 4 83 52 4 38 4 94 24 4 52 4 37 4 88 60 4 45 4 60 4 10 16 4 42 4 30 4 82 33 4 49 4 16 4 32 33 16 47 16 112 22 4 34 23 16 6 16 105 9 4 16 4 109 47 4 29 4 27 4 87 60 4 31 4 59 4 30 4 22 7 4 47 4 22 9 4 12 4 17 4 32 4 106 30 4 52 4 51 4 63 59 4 5 4 16 4 84 25 4 19 4 44 4 28 50 4 47 4 17 4 33 44 4 33 4 44 4 34 4 78 58 4 28 4 49 4 25 4 29 44 4 49 4 36 4 26 25 4 37 4 51 4 17 42 4 57 4 18 4 
iteration 1422 best: 1.07049 time: 422251
52 48 4 33 4 57 4 91 53 4 24 4 55 26 4 55 4 23 4 31 30 4 55 4 15 4 108 15 4 8 4 46 4 21 58 4 48 4 55 4 24 4 93 47 4 11 4 48 4 20 39 4 31 4 99 41 4 54 4 90 57 4 10 4 40 4 56 4 50 49 4 5 4 18 32 4 55 4 32 9 4 19 4 14 4 48 4 16 4 29 51 4 42 4 32 4 44 4 105 26 4 27 4 66 29 4 37 4 32 4 54 4 74 22 4 6 4 16 4 89 22 4 31 4 72 60 4 55 4 114 5 20 18 25 4 48 4 34 4 83 30 20 94 58 4 7 4 22 4 13 31 4 31 4 20 4 39 4 14 31 4 21 4 101 27 4 47 4 45 4 11 15 4 46 4 21 49 4 43 4 20 4 3 30 4 8 4 30 4 13 40 4 41 4 38 48 4 47 4 86 11 4 17 45 4 48 4 18 4 27 47 4 44 4 108 35 4 39 4 100 44 4 49 4 21 32 4 17 4 68 33 4 47 4 108 17 4 40 4 116 13 4 5 4 74 34 4 8 4 28 12 4 54 4 43 4 48 37 4 11 4 82 55 4 14 4 50 4 35 6 4 56 4 44 4 50 17 4 48 4 28 4 43 4 63 10 4 12 4 32 4 32 4 10 49 4 7 4 14 4 83 52 4 38 4 94 24 4 52 4 37 4 88 60 4 45 4 60 4 10 16 4 42 4 30 4 82 33 4 49 4 16 4 32 33 16 47 16 112 22 4 34 23 16 6 16 105 9 4 16 4 109 47 4 29 4 27 4 87 60 4 31 4 59 4 30 4 22 7 4 47 4 22 9 4 12 4 17 4 32 4 106 30 4 52 4 51 4 63 59 4 5 4 16 4 84 25 4 19 4 44 4 28 50 4 47 4 17 4 33 44 4 33 4 44 4 34 4 78 58 4 28 4 49 4 25 4 29 44 4 49 4 36 4 26 25 4 37 4 51 4 17 42 4 57 4 18 4 
iteration 1447 best: 1.07049 time: 429640
52 48 4 33 4 57 4 91 53 4 24 4 55 26 4 55 4 23 4 31 30 4 55 4 15 4 108 15 4 8 4 46 4 21 58 4 48 4 55 4 24 4 93 47 4 11 4 48 4 20 39 4 31 4 99 41 4 54 4 90 57 4 10 4 40 4 56 4 50 49 4 5 4 18 32 4 55 4 32 9 4 19 4 14 4 48 4 16 4 29 51 4 42 4 32 4 44 4 105 26 4 27 4 66 29 4 37 4 32 4 54 4 74 22 4 6 4 16 4 89 22 4 31 4 72 60 4 55 4 114 5 20 18 25 4 48 4 34 4 83 30 20 94 58 4 7 4 22 4 13 31 4 31 4 20 4 39 4 14 31 4 21 4 101 27 4 47 4 45 4 11 15 4 46 4 21 49 4 43 4 20 4 3 30 4 8 4 30 4 13 40 4 41 4 38 48 4 47 4 86 11 4 17 45 4 48 4 18 4 27 47 4 44 4 108 35 4 39 4 100 44 4 49 4 21 32 4 17 4 68 33 4 47 4 108 17 4 40 4 116 13 4 5 4 74 34 4 8 4 28 12 4 54 4 43 4 48 37 4 11 4 82 55 4 14 4 50 4 35 6 4 56 4 44 4 50 17 4 48 4 28 4 43 4 63 10 4 12 4 32 4 32 4 10 49 4 7 4 14 4 83 52 4 38 4 94 24 4 52 4 37 4 88 60 4 45 4 60 4 10 16 4 42 4 30 4 82 33 4 49 4 16 4 32 33 16 47 16 112 22 4 34 23 16 6 16 105 9 4 16 4 109 47 4 29 4 27 4 87 60 4 31 4 59 4 30 4 22 7 4 47 4 22 9 4 12 4 17 4 32 4 106 30 4 52 4 51 4 63 59 4 5 4 16 4 84 25 4 19 4 44 4 28 50 4 47 4 17 4 33 44 4 33 4 44 4 34 4 78 58 4 28 4 49 4 25 4 29 44 4 49 4 36 4 26 25 4 37 4 51 4 17 42 4 57 4 18 4 
iteration 1472 best: 1.07049 time: 437026
52 48 4 33 4 57 4 91 53 4 24 4 55 26 4 55 4 23 4 31 30 4 55 4 15 4 108 15 4 8 4 46 4 21 58 4 48 4 55 4 24 4 93 47 4 11 4 48 4 20 39 4 31 4 99 41 4 54 4 90 57 4 10 4 40 4 56 4 50 49 4 5 4 18 32 4 55 4 32 9 4 19 4 14 4 48 4 16 4 29 51 4 42 4 32 4 44 4 105 26 4 27 4 66 29 4 37 4 32 4 54 4 74 22 4 6 4 16 4 89 22 4 31 4 72 60 4 55 4 114 5 20 18 25 4 48 4 34 4 83 30 20 94 58 4 7 4 22 4 13 31 4 31 4 20 4 39 4 14 31 4 21 4 101 27 4 47 4 45 4 11 15 4 46 4 21 49 4 43 4 20 4 3 30 4 8 4 30 4 13 40 4 41 4 38 48 4 47 4 86 11 4 17 45 4 48 4 18 4 27 47 4 44 4 108 35 4 39 4 100 44 4 49 4 21 32 4 17 4 68 33 4 47 4 108 17 4 40 4 116 13 4 5 4 74 34 4 8 4 28 12 4 54 4 43 4 48 37 4 11 4 82 55 4 14 4 50 4 35 6 4 56 4 44 4 50 17 4 48 4 28 4 43 4 63 10 4 12 4 32 4 32 4 10 49 4 7 4 14 4 83 52 4 38 4 94 24 4 52 4 37 4 88 60 4 45 4 60 4 10 16 4 42 4 30 4 82 33 4 49 4 16 4 32 33 16 47 16 112 22 4 34 23 16 6 16 105 9 4 16 4 109 47 4 29 4 27 4 87 60 4 31 4 59 4 30 4 22 7 4 47 4 22 9 4 12 4 17 4 32 4 106 30 4 52 4 51 4 63 59 4 5 4 16 4 84 25 4 19 4 44 4 28 50 4 47 4 17 4 33 44 4 33 4 44 4 34 4 78 58 4 28 4 49 4 25 4 29 44 4 49 4 36 4 26 25 4 37 4 51 4 17 42 4 57 4 18 4 
iteration 1497 best: 1.07049 time: 444422
52 48 4 33 4 57 4 91 53 4 24 4 55 26 4 55 4 23 4 31 30 4 55 4 15 4 108 15 4 8 4 46 4 21 58 4 48 4 55 4 24 4 93 47 4 11 4 48 4 20 39 4 31 4 99 41 4 54 4 90 57 4 10 4 40 4 56 4 50 49 4 5 4 18 32 4 55 4 32 9 4 19 4 14 4 48 4 16 4 29 51 4 42 4 32 4 44 4 105 26 4 27 4 66 29 4 37 4 32 4 54 4 74 22 4 6 4 16 4 89 22 4 31 4 72 60 4 55 4 114 5 20 18 25 4 48 4 34 4 83 30 20 94 58 4 7 4 22 4 13 31 4 31 4 20 4 39 4 14 31 4 21 4 101 27 4 47 4 45 4 11 15 4 46 4 21 49 4 43 4 20 4 3 30 4 8 4 30 4 13 40 4 41 4 38 48 4 47 4 86 11 4 17 45 4 48 4 18 4 27 47 4 44 4 108 35 4 39 4 100 44 4 49 4 21 32 4 17 4 68 33 4 47 4 108 17 4 40 4 116 13 4 5 4 74 34 4 8 4 28 12 4 54 4 43 4 48 37 4 11 4 82 55 4 14 4 50 4 35 6 4 56 4 44 4 50 17 4 48 4 28 4 43 4 63 10 4 12 4 32 4 32 4 10 49 4 7 4 14 4 83 52 4 38 4 94 24 4 52 4 37 4 88 60 4 45 4 60 4 10 16 4 42 4 30 4 82 33 4 49 4 16 4 32 33 16 47 16 112 22 4 34 23 16 6 16 105 9 4 16 4 109 47 4 29 4 27 4 87 60 4 31 4 59 4 30 4 22 7 4 47 4 22 9 4 12 4 17 4 32 4 106 30 4 52 4 51 4 63 59 4 5 4 16 4 84 25 4 19 4 44 4 28 50 4 47 4 17 4 33 44 4 33 4 44 4 34 4 78 58 4 28 4 49 4 25 4 29 44 4 49 4 36 4 26 25 4 37 4 51 4 17 42 4 57 4 18 4 
iteration 1522 best: 1.07049 time: 451817
52 48 4 33 4 57 4 91 53 4 24 4 55 26 4 55 4 23 4 31 30 4 55 4 15 4 108 15 4 8 4 46 4 21 58 4 48 4 55 4 24 4 93 47 4 11 4 48 4 20 39 4 31 4 99 41 4 54 4 90 57 4 10 4 40 4 56 4 50 49 4 5 4 18 32 4 55 4 32 9 4 19 4 14 4 48 4 16 4 29 51 4 42 4 32 4 44 4 105 26 4 27 4 66 29 4 37 4 32 4 54 4 74 22 4 6 4 16 4 89 22 4 31 4 72 60 4 55 4 114 5 20 18 25 4 48 4 34 4 83 30 20 94 58 4 7 4 22 4 13 31 4 31 4 20 4 39 4 14 31 4 21 4 101 27 4 47 4 45 4 11 15 4 46 4 21 49 4 43 4 20 4 3 30 4 8 4 30 4 13 40 4 41 4 38 48 4 47 4 86 11 4 17 45 4 48 4 18 4 27 47 4 44 4 108 35 4 39 4 100 44 4 49 4 21 32 4 17 4 68 33 4 47 4 108 17 4 40 4 116 13 4 5 4 74 34 4 8 4 28 12 4 54 4 43 4 48 37 4 11 4 82 55 4 14 4 50 4 35 6 4 56 4 44 4 50 17 4 48 4 28 4 43 4 63 10 4 12 4 32 4 32 4 10 49 4 7 4 14 4 83 52 4 38 4 94 24 4 52 4 37 4 88 60 4 45 4 60 4 10 16 4 42 4 30 4 82 33 4 49 4 16 4 32 33 16 47 16 112 22 4 34 23 16 6 16 105 9 4 16 4 109 47 4 29 4 27 4 87 60 4 31 4 59 4 30 4 22 7 4 47 4 22 9 4 12 4 17 4 32 4 106 30 4 52 4 51 4 63 59 4 5 4 16 4 84 25 4 19 4 44 4 28 50 4 47 4 17 4 33 44 4 33 4 44 4 34 4 78 58 4 28 4 49 4 25 4 29 44 4 49 4 36 4 26 25 4 37 4 51 4 17 42 4 57 4 18 4 
iteration 1547 best: 1.07049 time: 459195
52 48 4 33 4 57 4 91 53 4 24 4 55 26 4 55 4 23 4 31 30 4 55 4 15 4 108 15 4 8 4 46 4 21 58 4 48 4 55 4 24 4 93 47 4 11 4 48 4 20 39 4 31 4 99 41 4 54 4 90 57 4 10 4 40 4 56 4 50 49 4 5 4 18 32 4 55 4 32 9 4 19 4 14 4 48 4 16 4 29 51 4 42 4 32 4 44 4 105 26 4 27 4 66 29 4 37 4 32 4 54 4 74 22 4 6 4 16 4 89 22 4 31 4 72 60 4 55 4 114 5 20 18 25 4 48 4 34 4 83 30 20 94 58 4 7 4 22 4 13 31 4 31 4 20 4 39 4 14 31 4 21 4 101 27 4 47 4 45 4 11 15 4 46 4 21 49 4 43 4 20 4 3 30 4 8 4 30 4 13 40 4 41 4 38 48 4 47 4 86 11 4 17 45 4 48 4 18 4 27 47 4 44 4 108 35 4 39 4 100 44 4 49 4 21 32 4 17 4 68 33 4 47 4 108 17 4 40 4 116 13 4 5 4 74 34 4 8 4 28 12 4 54 4 43 4 48 37 4 11 4 82 55 4 14 4 50 4 35 6 4 56 4 44 4 50 17 4 48 4 28 4 43 4 63 10 4 12 4 32 4 32 4 10 49 4 7 4 14 4 83 52 4 38 4 94 24 4 52 4 37 4 88 60 4 45 4 60 4 10 16 4 42 4 30 4 82 33 4 49 4 16 4 32 33 16 47 16 112 22 4 34 23 16 6 16 105 9 4 16 4 109 47 4 29 4 27 4 87 60 4 31 4 59 4 30 4 22 7 4 47 4 22 9 4 12 4 17 4 32 4 106 30 4 52 4 51 4 63 59 4 5 4 16 4 84 25 4 19 4 44 4 28 50 4 47 4 17 4 33 44 4 33 4 44 4 34 4 78 58 4 28 4 49 4 25 4 29 44 4 49 4 36 4 26 25 4 37 4 51 4 17 42 4 57 4 18 4 
iteration 1572 best: 1.07049 time: 466589
52 48 4 33 4 57 4 91 53 4 24 4 55 26 4 55 4 23 4 31 30 4 55 4 15 4 108 15 4 8 4 46 4 21 58 4 48 4 55 4 24 4 93 47 4 11 4 48 4 20 39 4 31 4 99 41 4 54 4 90 57 4 10 4 40 4 56 4 50 49 4 5 4 18 32 4 55 4 32 9 4 19 4 14 4 48 4 16 4 29 51 4 42 4 32 4 44 4 105 26 4 27 4 66 29 4 37 4 32 4 54 4 74 22 4 6 4 16 4 89 22 4 31 4 72 60 4 55 4 114 5 20 18 25 4 48 4 34 4 83 30 20 94 58 4 7 4 22 4 13 31 4 31 4 20 4 39 4 14 31 4 21 4 101 27 4 47 4 45 4 11 15 4 46 4 21 49 4 43 4 20 4 3 30 4 8 4 30 4 13 40 4 41 4 38 48 4 47 4 86 11 4 17 45 4 48 4 18 4 27 47 4 44 4 108 35 4 39 4 100 44 4 49 4 21 32 4 17 4 68 33 4 47 4 108 17 4 40 4 116 13 4 5 4 74 34 4 8 4 28 12 4 54 4 43 4 48 37 4 11 4 82 55 4 14 4 50 4 35 6 4 56 4 44 4 50 17 4 48 4 28 4 43 4 63 10 4 12 4 32 4 32 4 10 49 4 7 4 14 4 83 52 4 38 4 94 24 4 52 4 37 4 88 60 4 45 4 60 4 10 16 4 42 4 30 4 82 33 4 49 4 16 4 32 33 16 47 16 112 22 4 34 23 16 6 16 105 9 4 16 4 109 47 4 29 4 27 4 87 60 4 31 4 59 4 30 4 22 7 4 47 4 22 9 4 12 4 17 4 32 4 106 30 4 52 4 51 4 63 59 4 5 4 16 4 84 25 4 19 4 44 4 28 50 4 47 4 17 4 33 44 4 33 4 44 4 34 4 78 58 4 28 4 49 4 25 4 29 44 4 49 4 36 4 26 25 4 37 4 51 4 17 42 4 57 4 18 4 
iteration 1597 best: 1.07049 time: 473980
52 48 4 33 4 57 4 91 53 4 24 4 55 26 4 55 4 23 4 31 30 4 55 4 15 4 108 15 4 8 4 46 4 21 58 4 48 4 55 4 24 4 93 47 4 11 4 48 4 20 39 4 31 4 99 41 4 54 4 90 57 4 10 4 40 4 56 4 50 49 4 5 4 18 32 4 55 4 32 9 4 19 4 14 4 48 4 16 4 29 51 4 42 4 32 4 44 4 105 26 4 27 4 66 29 4 37 4 32 4 54 4 74 22 4 6 4 16 4 89 22 4 31 4 72 60 4 55 4 114 5 20 18 25 4 48 4 34 4 83 30 20 94 58 4 7 4 22 4 13 31 4 31 4 20 4 39 4 14 31 4 21 4 101 27 4 47 4 45 4 11 15 4 46 4 21 49 4 43 4 20 4 3 30 4 8 4 30 4 13 40 4 41 4 38 48 4 47 4 86 11 4 17 45 4 48 4 18 4 27 47 4 44 4 108 35 4 39 4 100 44 4 49 4 21 32 4 17 4 68 33 4 47 4 108 17 4 40 4 116 13 4 5 4 74 34 4 8 4 28 12 4 54 4 43 4 48 37 4 11 4 82 55 4 14 4 50 4 35 6 4 56 4 44 4 50 17 4 48 4 28 4 43 4 63 10 4 12 4 32 4 32 4 10 49 4 7 4 14 4 83 52 4 38 4 94 24 4 52 4 37 4 88 60 4 45 4 60 4 10 16 4 42 4 30 4 82 33 4 49 4 16 4 32 33 16 47 16 112 22 4 34 23 16 6 16 105 9 4 16 4 109 47 4 29 4 27 4 87 60 4 31 4 59 4 30 4 22 7 4 47 4 22 9 4 12 4 17 4 32 4 106 30 4 52 4 51 4 63 59 4 5 4 16 4 84 25 4 19 4 44 4 28 50 4 47 4 17 4 33 44 4 33 4 44 4 34 4 78 58 4 28 4 49 4 25 4 29 44 4 49 4 36 4 26 25 4 37 4 51 4 17 42 4 57 4 18 4 
iteration 1622 best: 1.07049 time: 481372
52 48 4 33 4 57 4 91 53 4 24 4 55 26 4 55 4 23 4 31 30 4 55 4 15 4 108 15 4 8 4 46 4 21 58 4 48 4 55 4 24 4 93 47 4 11 4 48 4 20 39 4 31 4 99 41 4 54 4 90 57 4 10 4 40 4 56 4 50 49 4 5 4 18 32 4 55 4 32 9 4 19 4 14 4 48 4 16 4 29 51 4 42 4 32 4 44 4 105 26 4 27 4 66 29 4 37 4 32 4 54 4 74 22 4 6 4 16 4 89 22 4 31 4 72 60 4 55 4 114 5 20 18 25 4 48 4 34 4 83 30 20 94 58 4 7 4 22 4 13 31 4 31 4 20 4 39 4 14 31 4 21 4 101 27 4 47 4 45 4 11 15 4 46 4 21 49 4 43 4 20 4 3 30 4 8 4 30 4 13 40 4 41 4 38 48 4 47 4 86 11 4 17 45 4 48 4 18 4 27 47 4 44 4 108 35 4 39 4 100 44 4 49 4 21 32 4 17 4 68 33 4 47 4 108 17 4 40 4 116 13 4 5 4 74 34 4 8 4 28 12 4 54 4 43 4 48 37 4 11 4 82 55 4 14 4 50 4 35 6 4 56 4 44 4 50 17 4 48 4 28 4 43 4 63 10 4 12 4 32 4 32 4 10 49 4 7 4 14 4 83 52 4 38 4 94 24 4 52 4 37 4 88 60 4 45 4 60 4 10 16 4 42 4 30 4 82 33 4 49 4 16 4 32 33 16 47 16 112 22 4 34 23 16 6 16 105 9 4 16 4 109 47 4 29 4 27 4 87 60 4 31 4 59 4 30 4 22 7 4 47 4 22 9 4 12 4 17 4 32 4 106 30 4 52 4 51 4 63 59 4 5 4 16 4 84 25 4 19 4 44 4 28 50 4 47 4 17 4 33 44 4 33 4 44 4 34 4 78 58 4 28 4 49 4 25 4 29 44 4 49 4 36 4 26 25 4 37 4 51 4 17 42 4 57 4 18 4 
iteration 1647 best: 1.07049 time: 488780
52 48 4 33 4 57 4 91 53 4 24 4 55 26 4 55 4 23 4 31 30 4 55 4 15 4 108 15 4 8 4 46 4 21 58 4 48 4 55 4 24 4 93 47 4 11 4 48 4 20 39 4 31 4 99 41 4 54 4 90 57 4 10 4 40 4 56 4 50 49 4 5 4 18 32 4 55 4 32 9 4 19 4 14 4 48 4 16 4 29 51 4 42 4 32 4 44 4 105 26 4 27 4 66 29 4 37 4 32 4 54 4 74 22 4 6 4 16 4 89 22 4 31 4 72 60 4 55 4 114 5 20 18 25 4 48 4 34 4 83 30 20 94 58 4 7 4 22 4 13 31 4 31 4 20 4 39 4 14 31 4 21 4 101 27 4 47 4 45 4 11 15 4 46 4 21 49 4 43 4 20 4 3 30 4 8 4 30 4 13 40 4 41 4 38 48 4 47 4 86 11 4 17 45 4 48 4 18 4 27 47 4 44 4 108 35 4 39 4 100 44 4 49 4 21 32 4 17 4 68 33 4 47 4 108 17 4 40 4 116 13 4 5 4 74 34 4 8 4 28 12 4 54 4 43 4 48 37 4 11 4 82 55 4 14 4 50 4 35 6 4 56 4 44 4 50 17 4 48 4 28 4 43 4 63 10 4 12 4 32 4 32 4 10 49 4 7 4 14 4 83 52 4 38 4 94 24 4 52 4 37 4 88 60 4 45 4 60 4 10 16 4 42 4 30 4 82 33 4 49 4 16 4 32 33 16 47 16 112 22 4 34 23 16 6 16 105 9 4 16 4 109 47 4 29 4 27 4 87 60 4 31 4 59 4 30 4 22 7 4 47 4 22 9 4 12 4 17 4 32 4 106 30 4 52 4 51 4 63 59 4 5 4 16 4 84 25 4 19 4 44 4 28 50 4 47 4 17 4 33 44 4 33 4 44 4 34 4 78 58 4 28 4 49 4 25 4 29 44 4 49 4 36 4 26 25 4 37 4 51 4 17 42 4 57 4 18 4 
iteration 1672 best: 1.07049 time: 496187
52 48 4 33 4 57 4 91 53 4 24 4 55 26 4 55 4 23 4 31 30 4 55 4 15 4 108 15 4 8 4 46 4 21 58 4 48 4 55 4 24 4 93 47 4 11 4 48 4 20 39 4 31 4 99 41 4 54 4 90 57 4 10 4 40 4 56 4 50 49 4 5 4 18 32 4 55 4 32 9 4 19 4 14 4 48 4 16 4 29 51 4 42 4 32 4 44 4 105 26 4 27 4 66 29 4 37 4 32 4 54 4 74 22 4 6 4 16 4 89 22 4 31 4 72 60 4 55 4 114 5 20 18 25 4 48 4 34 4 83 30 20 94 58 4 7 4 22 4 13 31 4 31 4 20 4 39 4 14 31 4 21 4 101 27 4 47 4 45 4 11 15 4 46 4 21 49 4 43 4 20 4 3 30 4 8 4 30 4 13 40 4 41 4 38 48 4 47 4 86 11 4 17 45 4 48 4 18 4 27 47 4 44 4 108 35 4 39 4 100 44 4 49 4 21 32 4 17 4 68 33 4 47 4 108 17 4 40 4 116 13 4 5 4 74 34 4 8 4 28 12 4 54 4 43 4 48 37 4 11 4 82 55 4 14 4 50 4 35 6 4 56 4 44 4 50 17 4 48 4 28 4 43 4 63 10 4 12 4 32 4 32 4 10 49 4 7 4 14 4 83 52 4 38 4 94 24 4 52 4 37 4 88 60 4 45 4 60 4 10 16 4 42 4 30 4 82 33 4 49 4 16 4 32 33 16 47 16 112 22 4 34 23 16 6 16 105 9 4 16 4 109 47 4 29 4 27 4 87 60 4 31 4 59 4 30 4 22 7 4 47 4 22 9 4 12 4 17 4 32 4 106 30 4 52 4 51 4 63 59 4 5 4 16 4 84 25 4 19 4 44 4 28 50 4 47 4 17 4 33 44 4 33 4 44 4 34 4 78 58 4 28 4 49 4 25 4 29 44 4 49 4 36 4 26 25 4 37 4 51 4 17 42 4 57 4 18 4 
iteration 1697 best: 1.07049 time: 503586
52 48 4 33 4 57 4 91 53 4 24 4 55 26 4 55 4 23 4 31 30 4 55 4 15 4 108 15 4 8 4 46 4 21 58 4 48 4 55 4 24 4 93 47 4 11 4 48 4 20 39 4 31 4 99 41 4 54 4 90 57 4 10 4 40 4 56 4 50 49 4 5 4 18 32 4 55 4 32 9 4 19 4 14 4 48 4 16 4 29 51 4 42 4 32 4 44 4 105 26 4 27 4 66 29 4 37 4 32 4 54 4 74 22 4 6 4 16 4 89 22 4 31 4 72 60 4 55 4 114 5 20 18 25 4 48 4 34 4 83 30 20 94 58 4 7 4 22 4 13 31 4 31 4 20 4 39 4 14 31 4 21 4 101 27 4 47 4 45 4 11 15 4 46 4 21 49 4 43 4 20 4 3 30 4 8 4 30 4 13 40 4 41 4 38 48 4 47 4 86 11 4 17 45 4 48 4 18 4 27 47 4 44 4 108 35 4 39 4 100 44 4 49 4 21 32 4 17 4 68 33 4 47 4 108 17 4 40 4 116 13 4 5 4 74 34 4 8 4 28 12 4 54 4 43 4 48 37 4 11 4 82 55 4 14 4 50 4 35 6 4 56 4 44 4 50 17 4 48 4 28 4 43 4 63 10 4 12 4 32 4 32 4 10 49 4 7 4 14 4 83 52 4 38 4 94 24 4 52 4 37 4 88 60 4 45 4 60 4 10 16 4 42 4 30 4 82 33 4 49 4 16 4 32 33 16 47 16 112 22 4 34 23 16 6 16 105 9 4 16 4 109 47 4 29 4 27 4 87 60 4 31 4 59 4 30 4 22 7 4 47 4 22 9 4 12 4 17 4 32 4 106 30 4 52 4 51 4 63 59 4 5 4 16 4 84 25 4 19 4 44 4 28 50 4 47 4 17 4 33 44 4 33 4 44 4 34 4 78 58 4 28 4 49 4 25 4 29 44 4 49 4 36 4 26 25 4 37 4 51 4 17 42 4 57 4 18 4 
iteration 1722 best: 1.07049 time: 511005
52 48 4 33 4 57 4 91 53 4 24 4 55 26 4 55 4 23 4 31 30 4 55 4 15 4 108 15 4 8 4 46 4 21 58 4 48 4 55 4 24 4 93 47 4 11 4 48 4 20 39 4 31 4 99 41 4 54 4 90 57 4 10 4 40 4 56 4 50 49 4 5 4 18 32 4 55 4 32 9 4 19 4 14 4 48 4 16 4 29 51 4 42 4 32 4 44 4 105 26 4 27 4 66 29 4 37 4 32 4 54 4 74 22 4 6 4 16 4 89 22 4 31 4 72 60 4 55 4 114 5 20 18 25 4 48 4 34 4 83 30 20 94 58 4 7 4 22 4 13 31 4 31 4 20 4 39 4 14 31 4 21 4 101 27 4 47 4 45 4 11 15 4 46 4 21 49 4 43 4 20 4 3 30 4 8 4 30 4 13 40 4 41 4 38 48 4 47 4 86 11 4 17 45 4 48 4 18 4 27 47 4 44 4 108 35 4 39 4 100 44 4 49 4 21 32 4 17 4 68 33 4 47 4 108 17 4 40 4 116 13 4 5 4 74 34 4 8 4 28 12 4 54 4 43 4 48 37 4 11 4 82 55 4 14 4 50 4 35 6 4 56 4 44 4 50 17 4 48 4 28 4 43 4 63 10 4 12 4 32 4 32 4 10 49 4 7 4 14 4 83 52 4 38 4 94 24 4 52 4 37 4 88 60 4 45 4 60 4 10 16 4 42 4 30 4 82 33 4 49 4 16 4 32 33 16 47 16 112 22 4 34 23 16 6 16 105 9 4 16 4 109 47 4 29 4 27 4 87 60 4 31 4 59 4 30 4 22 7 4 47 4 22 9 4 12 4 17 4 32 4 106 30 4 52 4 51 4 63 59 4 5 4 16 4 84 25 4 19 4 44 4 28 50 4 47 4 17 4 33 44 4 33 4 44 4 34 4 78 58 4 28 4 49 4 25 4 29 44 4 49 4 36 4 26 25 4 37 4 51 4 17 42 4 57 4 18 4 
iteration 1747 best: 1.07049 time: 518425
52 48 4 33 4 57 4 91 53 4 24 4 55 26 4 55 4 23 4 31 30 4 55 4 15 4 108 15 4 8 4 46 4 21 58 4 48 4 55 4 24 4 93 47 4 11 4 48 4 20 39 4 31 4 99 41 4 54 4 90 57 4 10 4 40 4 56 4 50 49 4 5 4 18 32 4 55 4 32 9 4 19 4 14 4 48 4 16 4 29 51 4 42 4 32 4 44 4 105 26 4 27 4 66 29 4 37 4 32 4 54 4 74 22 4 6 4 16 4 89 22 4 31 4 72 60 4 55 4 114 5 20 18 25 4 48 4 34 4 83 30 20 94 58 4 7 4 22 4 13 31 4 31 4 20 4 39 4 14 31 4 21 4 101 27 4 47 4 45 4 11 15 4 46 4 21 49 4 43 4 20 4 3 30 4 8 4 30 4 13 40 4 41 4 38 48 4 47 4 86 11 4 17 45 4 48 4 18 4 27 47 4 44 4 108 35 4 39 4 100 44 4 49 4 21 32 4 17 4 68 33 4 47 4 108 17 4 40 4 116 13 4 5 4 74 34 4 8 4 28 12 4 54 4 43 4 48 37 4 11 4 82 55 4 14 4 50 4 35 6 4 56 4 44 4 50 17 4 48 4 28 4 43 4 63 10 4 12 4 32 4 32 4 10 49 4 7 4 14 4 83 52 4 38 4 94 24 4 52 4 37 4 88 60 4 45 4 60 4 10 16 4 42 4 30 4 82 33 4 49 4 16 4 32 33 16 47 16 112 22 4 34 23 16 6 16 105 9 4 16 4 109 47 4 29 4 27 4 87 60 4 31 4 59 4 30 4 22 7 4 47 4 22 9 4 12 4 17 4 32 4 106 30 4 52 4 51 4 63 59 4 5 4 16 4 84 25 4 19 4 44 4 28 50 4 47 4 17 4 33 44 4 33 4 44 4 34 4 78 58 4 28 4 49 4 25 4 29 44 4 49 4 36 4 26 25 4 37 4 51 4 17 42 4 57 4 18 4 
iteration 1772 best: 1.07049 time: 525820
52 48 4 33 4 57 4 91 53 4 24 4 55 26 4 55 4 23 4 31 30 4 55 4 15 4 108 15 4 8 4 46 4 21 58 4 48 4 55 4 24 4 93 47 4 11 4 48 4 20 39 4 31 4 99 41 4 54 4 90 57 4 10 4 40 4 56 4 50 49 4 5 4 18 32 4 55 4 32 9 4 19 4 14 4 48 4 16 4 29 51 4 42 4 32 4 44 4 105 26 4 27 4 66 29 4 37 4 32 4 54 4 74 22 4 6 4 16 4 89 22 4 31 4 72 60 4 55 4 114 5 20 18 25 4 48 4 34 4 83 30 20 94 58 4 7 4 22 4 13 31 4 31 4 20 4 39 4 14 31 4 21 4 101 27 4 47 4 45 4 11 15 4 46 4 21 49 4 43 4 20 4 3 30 4 8 4 30 4 13 40 4 41 4 38 48 4 47 4 86 11 4 17 45 4 48 4 18 4 27 47 4 44 4 108 35 4 39 4 100 44 4 49 4 21 32 4 17 4 68 33 4 47 4 108 17 4 40 4 116 13 4 5 4 74 34 4 8 4 28 12 4 54 4 43 4 48 37 4 11 4 82 55 4 14 4 50 4 35 6 4 56 4 44 4 50 17 4 48 4 28 4 43 4 63 10 4 12 4 32 4 32 4 10 49 4 7 4 14 4 83 52 4 38 4 94 24 4 52 4 37 4 88 60 4 45 4 60 4 10 16 4 42 4 30 4 82 33 4 49 4 16 4 32 33 16 47 16 112 22 4 34 23 16 6 16 105 9 4 16 4 109 47 4 29 4 27 4 87 60 4 31 4 59 4 30 4 22 7 4 47 4 22 9 4 12 4 17 4 32 4 106 30 4 52 4 51 4 63 59 4 5 4 16 4 84 25 4 19 4 44 4 28 50 4 47 4 17 4 33 44 4 33 4 44 4 34 4 78 58 4 28 4 49 4 25 4 29 44 4 49 4 36 4 26 25 4 37 4 51 4 17 42 4 57 4 18 4 
iteration 1797 best: 1.07049 time: 533230
52 48 4 33 4 57 4 91 53 4 24 4 55 26 4 55 4 23 4 31 30 4 55 4 15 4 108 15 4 8 4 46 4 21 58 4 48 4 55 4 24 4 93 47 4 11 4 48 4 20 39 4 31 4 99 41 4 54 4 90 57 4 10 4 40 4 56 4 50 49 4 5 4 18 32 4 55 4 32 9 4 19 4 14 4 48 4 16 4 29 51 4 42 4 32 4 44 4 105 26 4 27 4 66 29 4 37 4 32 4 54 4 74 22 4 6 4 16 4 89 22 4 31 4 72 60 4 55 4 114 5 20 18 25 4 48 4 34 4 83 30 20 94 58 4 7 4 22 4 13 31 4 31 4 20 4 39 4 14 31 4 21 4 101 27 4 47 4 45 4 11 15 4 46 4 21 49 4 43 4 20 4 3 30 4 8 4 30 4 13 40 4 41 4 38 48 4 47 4 86 11 4 17 45 4 48 4 18 4 27 47 4 44 4 108 35 4 39 4 100 44 4 49 4 21 32 4 17 4 68 33 4 47 4 108 17 4 40 4 116 13 4 5 4 74 34 4 8 4 28 12 4 54 4 43 4 48 37 4 11 4 82 55 4 14 4 50 4 35 6 4 56 4 44 4 50 17 4 48 4 28 4 43 4 63 10 4 12 4 32 4 32 4 10 49 4 7 4 14 4 83 52 4 38 4 94 24 4 52 4 37 4 88 60 4 45 4 60 4 10 16 4 42 4 30 4 82 33 4 49 4 16 4 32 33 16 47 16 112 22 4 34 23 16 6 16 105 9 4 16 4 109 47 4 29 4 27 4 87 60 4 31 4 59 4 30 4 22 7 4 47 4 22 9 4 12 4 17 4 32 4 106 30 4 52 4 51 4 63 59 4 5 4 16 4 84 25 4 19 4 44 4 28 50 4 47 4 17 4 33 44 4 33 4 44 4 34 4 78 58 4 28 4 49 4 25 4 29 44 4 49 4 36 4 26 25 4 37 4 51 4 17 42 4 57 4 18 4 
iteration 1822 best: 1.07049 time: 540633
52 48 4 33 4 57 4 91 53 4 24 4 55 26 4 55 4 23 4 31 30 4 55 4 15 4 108 15 4 8 4 46 4 21 58 4 48 4 55 4 24 4 93 47 4 11 4 48 4 20 39 4 31 4 99 41 4 54 4 90 57 4 10 4 40 4 56 4 50 49 4 5 4 18 32 4 55 4 32 9 4 19 4 14 4 48 4 16 4 29 51 4 42 4 32 4 44 4 105 26 4 27 4 66 29 4 37 4 32 4 54 4 74 22 4 6 4 16 4 89 22 4 31 4 72 60 4 55 4 114 5 20 18 25 4 48 4 34 4 83 30 20 94 58 4 7 4 22 4 13 31 4 31 4 20 4 39 4 14 31 4 21 4 101 27 4 47 4 45 4 11 15 4 46 4 21 49 4 43 4 20 4 3 30 4 8 4 30 4 13 40 4 41 4 38 48 4 47 4 86 11 4 17 45 4 48 4 18 4 27 47 4 44 4 108 35 4 39 4 100 44 4 49 4 21 32 4 17 4 68 33 4 47 4 108 17 4 40 4 116 13 4 5 4 74 34 4 8 4 28 12 4 54 4 43 4 48 37 4 11 4 82 55 4 14 4 50 4 35 6 4 56 4 44 4 50 17 4 48 4 28 4 43 4 63 10 4 12 4 32 4 32 4 10 49 4 7 4 14 4 83 52 4 38 4 94 24 4 52 4 37 4 88 60 4 45 4 60 4 10 16 4 42 4 30 4 82 33 4 49 4 16 4 32 33 16 47 16 112 22 4 34 23 16 6 16 105 9 4 16 4 109 47 4 29 4 27 4 87 60 4 31 4 59 4 30 4 22 7 4 47 4 22 9 4 12 4 17 4 32 4 106 30 4 52 4 51 4 63 59 4 5 4 16 4 84 25 4 19 4 44 4 28 50 4 47 4 17 4 33 44 4 33 4 44 4 34 4 78 58 4 28 4 49 4 25 4 29 44 4 49 4 36 4 26 25 4 37 4 51 4 17 42 4 57 4 18 4 
iteration 1847 best: 1.07049 time: 548015
52 48 4 33 4 57 4 91 53 4 24 4 55 26 4 55 4 23 4 31 30 4 55 4 15 4 108 15 4 8 4 46 4 21 58 4 48 4 55 4 24 4 93 47 4 11 4 48 4 20 39 4 31 4 99 41 4 54 4 90 57 4 10 4 40 4 56 4 50 49 4 5 4 18 32 4 55 4 32 9 4 19 4 14 4 48 4 16 4 29 51 4 42 4 32 4 44 4 105 26 4 27 4 66 29 4 37 4 32 4 54 4 74 22 4 6 4 16 4 89 22 4 31 4 72 60 4 55 4 114 5 20 18 25 4 48 4 34 4 83 30 20 94 58 4 7 4 22 4 13 31 4 31 4 20 4 39 4 14 31 4 21 4 101 27 4 47 4 45 4 11 15 4 46 4 21 49 4 43 4 20 4 3 30 4 8 4 30 4 13 40 4 41 4 38 48 4 47 4 86 11 4 17 45 4 48 4 18 4 27 47 4 44 4 108 35 4 39 4 100 44 4 49 4 21 32 4 17 4 68 33 4 47 4 108 17 4 40 4 116 13 4 5 4 74 34 4 8 4 28 12 4 54 4 43 4 48 37 4 11 4 82 55 4 14 4 50 4 35 6 4 56 4 44 4 50 17 4 48 4 28 4 43 4 63 10 4 12 4 32 4 32 4 10 49 4 7 4 14 4 83 52 4 38 4 94 24 4 52 4 37 4 88 60 4 45 4 60 4 10 16 4 42 4 30 4 82 33 4 49 4 16 4 32 33 16 47 16 112 22 4 34 23 16 6 16 105 9 4 16 4 109 47 4 29 4 27 4 87 60 4 31 4 59 4 30 4 22 7 4 47 4 22 9 4 12 4 17 4 32 4 106 30 4 52 4 51 4 63 59 4 5 4 16 4 84 25 4 19 4 44 4 28 50 4 47 4 17 4 33 44 4 33 4 44 4 34 4 78 58 4 28 4 49 4 25 4 29 44 4 49 4 36 4 26 25 4 37 4 51 4 17 42 4 57 4 18 4 
iteration 1872 best: 1.07049 time: 555404
52 48 4 33 4 57 4 91 53 4 24 4 55 26 4 55 4 23 4 31 30 4 55 4 15 4 108 15 4 8 4 46 4 21 58 4 48 4 55 4 24 4 93 47 4 11 4 48 4 20 39 4 31 4 99 41 4 54 4 90 57 4 10 4 40 4 56 4 50 49 4 5 4 18 32 4 55 4 32 9 4 19 4 14 4 48 4 16 4 29 51 4 42 4 32 4 44 4 105 26 4 27 4 66 29 4 37 4 32 4 54 4 74 22 4 6 4 16 4 89 22 4 31 4 72 60 4 55 4 114 5 20 18 25 4 48 4 34 4 83 30 20 94 58 4 7 4 22 4 13 31 4 31 4 20 4 39 4 14 31 4 21 4 101 27 4 47 4 45 4 11 15 4 46 4 21 49 4 43 4 20 4 3 30 4 8 4 30 4 13 40 4 41 4 38 48 4 47 4 86 11 4 17 45 4 48 4 18 4 27 47 4 44 4 108 35 4 39 4 100 44 4 49 4 21 32 4 17 4 68 33 4 47 4 108 17 4 40 4 116 13 4 5 4 74 34 4 8 4 28 12 4 54 4 43 4 48 37 4 11 4 82 55 4 14 4 50 4 35 6 4 56 4 44 4 50 17 4 48 4 28 4 43 4 63 10 4 12 4 32 4 32 4 10 49 4 7 4 14 4 83 52 4 38 4 94 24 4 52 4 37 4 88 60 4 45 4 60 4 10 16 4 42 4 30 4 82 33 4 49 4 16 4 32 33 16 47 16 112 22 4 34 23 16 6 16 105 9 4 16 4 109 47 4 29 4 27 4 87 60 4 31 4 59 4 30 4 22 7 4 47 4 22 9 4 12 4 17 4 32 4 106 30 4 52 4 51 4 63 59 4 5 4 16 4 84 25 4 19 4 44 4 28 50 4 47 4 17 4 33 44 4 33 4 44 4 34 4 78 58 4 28 4 49 4 25 4 29 44 4 49 4 36 4 26 25 4 37 4 51 4 17 42 4 57 4 18 4 
iteration 1897 best: 1.07049 time: 562835
52 48 4 33 4 57 4 91 53 4 24 4 55 26 4 55 4 23 4 31 30 4 55 4 15 4 108 15 4 8 4 46 4 21 58 4 48 4 55 4 24 4 93 47 4 11 4 48 4 20 39 4 31 4 99 41 4 54 4 90 57 4 10 4 40 4 56 4 50 49 4 5 4 18 32 4 55 4 32 9 4 19 4 14 4 48 4 16 4 29 51 4 42 4 32 4 44 4 105 26 4 27 4 66 29 4 37 4 32 4 54 4 74 22 4 6 4 16 4 89 22 4 31 4 72 60 4 55 4 114 5 20 18 25 4 48 4 34 4 83 30 20 94 58 4 7 4 22 4 13 31 4 31 4 20 4 39 4 14 31 4 21 4 101 27 4 47 4 45 4 11 15 4 46 4 21 49 4 43 4 20 4 3 30 4 8 4 30 4 13 40 4 41 4 38 48 4 47 4 86 11 4 17 45 4 48 4 18 4 27 47 4 44 4 108 35 4 39 4 100 44 4 49 4 21 32 4 17 4 68 33 4 47 4 108 17 4 40 4 116 13 4 5 4 74 34 4 8 4 28 12 4 54 4 43 4 48 37 4 11 4 82 55 4 14 4 50 4 35 6 4 56 4 44 4 50 17 4 48 4 28 4 43 4 63 10 4 12 4 32 4 32 4 10 49 4 7 4 14 4 83 52 4 38 4 94 24 4 52 4 37 4 88 60 4 45 4 60 4 10 16 4 42 4 30 4 82 33 4 49 4 16 4 32 33 16 47 16 112 22 4 34 23 16 6 16 105 9 4 16 4 109 47 4 29 4 27 4 87 60 4 31 4 59 4 30 4 22 7 4 47 4 22 9 4 12 4 17 4 32 4 106 30 4 52 4 51 4 63 59 4 5 4 16 4 84 25 4 19 4 44 4 28 50 4 47 4 17 4 33 44 4 33 4 44 4 34 4 78 58 4 28 4 49 4 25 4 29 44 4 49 4 36 4 26 25 4 37 4 51 4 17 42 4 57 4 18 4 
iteration 1922 best: 1.07049 time: 570216
52 48 4 33 4 57 4 91 53 4 24 4 55 26 4 55 4 23 4 31 30 4 55 4 15 4 108 15 4 8 4 46 4 21 58 4 48 4 55 4 24 4 93 47 4 11 4 48 4 20 39 4 31 4 99 41 4 54 4 90 57 4 10 4 40 4 56 4 50 49 4 5 4 18 32 4 55 4 32 9 4 19 4 14 4 48 4 16 4 29 51 4 42 4 32 4 44 4 105 26 4 27 4 66 29 4 37 4 32 4 54 4 74 22 4 6 4 16 4 89 22 4 31 4 72 60 4 55 4 114 5 20 18 25 4 48 4 34 4 83 30 20 94 58 4 7 4 22 4 13 31 4 31 4 20 4 39 4 14 31 4 21 4 101 27 4 47 4 45 4 11 15 4 46 4 21 49 4 43 4 20 4 3 30 4 8 4 30 4 13 40 4 41 4 38 48 4 47 4 86 11 4 17 45 4 48 4 18 4 27 47 4 44 4 108 35 4 39 4 100 44 4 49 4 21 32 4 17 4 68 33 4 47 4 108 17 4 40 4 116 13 4 5 4 74 34 4 8 4 28 12 4 54 4 43 4 48 37 4 11 4 82 55 4 14 4 50 4 35 6 4 56 4 44 4 50 17 4 48 4 28 4 43 4 63 10 4 12 4 32 4 32 4 10 49 4 7 4 14 4 83 52 4 38 4 94 24 4 52 4 37 4 88 60 4 45 4 60 4 10 16 4 42 4 30 4 82 33 4 49 4 16 4 32 33 16 47 16 112 22 4 34 23 16 6 16 105 9 4 16 4 109 47 4 29 4 27 4 87 60 4 31 4 59 4 30 4 22 7 4 47 4 22 9 4 12 4 17 4 32 4 106 30 4 52 4 51 4 63 59 4 5 4 16 4 84 25 4 19 4 44 4 28 50 4 47 4 17 4 33 44 4 33 4 44 4 34 4 78 58 4 28 4 49 4 25 4 29 44 4 49 4 36 4 26 25 4 37 4 51 4 17 42 4 57 4 18 4 
iteration 1947 best: 1.07049 time: 577606
52 48 4 33 4 57 4 91 53 4 24 4 55 26 4 55 4 23 4 31 30 4 55 4 15 4 108 15 4 8 4 46 4 21 58 4 48 4 55 4 24 4 93 47 4 11 4 48 4 20 39 4 31 4 99 41 4 54 4 90 57 4 10 4 40 4 56 4 50 49 4 5 4 18 32 4 55 4 32 9 4 19 4 14 4 48 4 16 4 29 51 4 42 4 32 4 44 4 105 26 4 27 4 66 29 4 37 4 32 4 54 4 74 22 4 6 4 16 4 89 22 4 31 4 72 60 4 55 4 114 5 20 18 25 4 48 4 34 4 83 30 20 94 58 4 7 4 22 4 13 31 4 31 4 20 4 39 4 14 31 4 21 4 101 27 4 47 4 45 4 11 15 4 46 4 21 49 4 43 4 20 4 3 30 4 8 4 30 4 13 40 4 41 4 38 48 4 47 4 86 11 4 17 45 4 48 4 18 4 27 47 4 44 4 108 35 4 39 4 100 44 4 49 4 21 32 4 17 4 68 33 4 47 4 108 17 4 40 4 116 13 4 5 4 74 34 4 8 4 28 12 4 54 4 43 4 48 37 4 11 4 82 55 4 14 4 50 4 35 6 4 56 4 44 4 50 17 4 48 4 28 4 43 4 63 10 4 12 4 32 4 32 4 10 49 4 7 4 14 4 83 52 4 38 4 94 24 4 52 4 37 4 88 60 4 45 4 60 4 10 16 4 42 4 30 4 82 33 4 49 4 16 4 32 33 16 47 16 112 22 4 34 23 16 6 16 105 9 4 16 4 109 47 4 29 4 27 4 87 60 4 31 4 59 4 30 4 22 7 4 47 4 22 9 4 12 4 17 4 32 4 106 30 4 52 4 51 4 63 59 4 5 4 16 4 84 25 4 19 4 44 4 28 50 4 47 4 17 4 33 44 4 33 4 44 4 34 4 78 58 4 28 4 49 4 25 4 29 44 4 49 4 36 4 26 25 4 37 4 51 4 17 42 4 57 4 18 4 
iteration 1972 best: 1.07049 time: 585006
52 48 4 33 4 57 4 91 53 4 24 4 55 26 4 55 4 23 4 31 30 4 55 4 15 4 108 15 4 8 4 46 4 21 58 4 48 4 55 4 24 4 93 47 4 11 4 48 4 20 39 4 31 4 99 41 4 54 4 90 57 4 10 4 40 4 56 4 50 49 4 5 4 18 32 4 55 4 32 9 4 19 4 14 4 48 4 16 4 29 51 4 42 4 32 4 44 4 105 26 4 27 4 66 29 4 37 4 32 4 54 4 74 22 4 6 4 16 4 89 22 4 31 4 72 60 4 55 4 114 5 20 18 25 4 48 4 34 4 83 30 20 94 58 4 7 4 22 4 13 31 4 31 4 20 4 39 4 14 31 4 21 4 101 27 4 47 4 45 4 11 15 4 46 4 21 49 4 43 4 20 4 3 30 4 8 4 30 4 13 40 4 41 4 38 48 4 47 4 86 11 4 17 45 4 48 4 18 4 27 47 4 44 4 108 35 4 39 4 100 44 4 49 4 21 32 4 17 4 68 33 4 47 4 108 17 4 40 4 116 13 4 5 4 74 34 4 8 4 28 12 4 54 4 43 4 48 37 4 11 4 82 55 4 14 4 50 4 35 6 4 56 4 44 4 50 17 4 48 4 28 4 43 4 63 10 4 12 4 32 4 32 4 10 49 4 7 4 14 4 83 52 4 38 4 94 24 4 52 4 37 4 88 60 4 45 4 60 4 10 16 4 42 4 30 4 82 33 4 49 4 16 4 32 33 16 47 16 112 22 4 34 23 16 6 16 105 9 4 16 4 109 47 4 29 4 27 4 87 60 4 31 4 59 4 30 4 22 7 4 47 4 22 9 4 12 4 17 4 32 4 106 30 4 52 4 51 4 63 59 4 5 4 16 4 84 25 4 19 4 44 4 28 50 4 47 4 17 4 33 44 4 33 4 44 4 34 4 78 58 4 28 4 49 4 25 4 29 44 4 49 4 36 4 26 25 4 37 4 51 4 17 42 4 57 4 18 4 
iteration 1997 best: 1.07049 time: 592389
52 48 4 33 4 57 4 91 53 4 24 4 55 26 4 55 4 23 4 31 30 4 55 4 15 4 108 15 4 8 4 46 4 21 58 4 48 4 55 4 24 4 93 47 4 11 4 48 4 20 39 4 31 4 99 41 4 54 4 90 57 4 10 4 40 4 56 4 50 49 4 5 4 18 32 4 55 4 32 9 4 19 4 14 4 48 4 16 4 29 51 4 42 4 32 4 44 4 105 26 4 27 4 66 29 4 37 4 32 4 54 4 74 22 4 6 4 16 4 89 22 4 31 4 72 60 4 55 4 114 5 20 18 25 4 48 4 34 4 83 30 20 94 58 4 7 4 22 4 13 31 4 31 4 20 4 39 4 14 31 4 21 4 101 27 4 47 4 45 4 11 15 4 46 4 21 49 4 43 4 20 4 3 30 4 8 4 30 4 13 40 4 41 4 38 48 4 47 4 86 11 4 17 45 4 48 4 18 4 27 47 4 44 4 108 35 4 39 4 100 44 4 49 4 21 32 4 17 4 68 33 4 47 4 108 17 4 40 4 116 13 4 5 4 74 34 4 8 4 28 12 4 54 4 43 4 48 37 4 11 4 82 55 4 14 4 50 4 35 6 4 56 4 44 4 50 17 4 48 4 28 4 43 4 63 10 4 12 4 32 4 32 4 10 49 4 7 4 14 4 83 52 4 38 4 94 24 4 52 4 37 4 88 60 4 45 4 60 4 10 16 4 42 4 30 4 82 33 4 49 4 16 4 32 33 16 47 16 112 22 4 34 23 16 6 16 105 9 4 16 4 109 47 4 29 4 27 4 87 60 4 31 4 59 4 30 4 22 7 4 47 4 22 9 4 12 4 17 4 32 4 106 30 4 52 4 51 4 63 59 4 5 4 16 4 84 25 4 19 4 44 4 28 50 4 47 4 17 4 33 44 4 33 4 44 4 34 4 78 58 4 28 4 49 4 25 4 29 44 4 49 4 36 4 26 25 4 37 4 51 4 17 42 4 57 4 18 4 
iteration 2022 best: 1.07049 time: 599803
52 48 4 33 4 57 4 91 53 4 24 4 55 26 4 55 4 23 4 31 30 4 55 4 15 4 108 15 4 8 4 46 4 21 58 4 48 4 55 4 24 4 93 47 4 11 4 48 4 20 39 4 31 4 99 41 4 54 4 90 57 4 10 4 40 4 56 4 50 49 4 5 4 18 32 4 55 4 32 9 4 19 4 14 4 48 4 16 4 29 51 4 42 4 32 4 44 4 105 26 4 27 4 66 29 4 37 4 32 4 54 4 74 22 4 6 4 16 4 89 22 4 31 4 72 60 4 55 4 114 5 20 18 25 4 48 4 34 4 83 30 20 94 58 4 7 4 22 4 13 31 4 31 4 20 4 39 4 14 31 4 21 4 101 27 4 47 4 45 4 11 15 4 46 4 21 49 4 43 4 20 4 3 30 4 8 4 30 4 13 40 4 41 4 38 48 4 47 4 86 11 4 17 45 4 48 4 18 4 27 47 4 44 4 108 35 4 39 4 100 44 4 49 4 21 32 4 17 4 68 33 4 47 4 108 17 4 40 4 116 13 4 5 4 74 34 4 8 4 28 12 4 54 4 43 4 48 37 4 11 4 82 55 4 14 4 50 4 35 6 4 56 4 44 4 50 17 4 48 4 28 4 43 4 63 10 4 12 4 32 4 32 4 10 49 4 7 4 14 4 83 52 4 38 4 94 24 4 52 4 37 4 88 60 4 45 4 60 4 10 16 4 42 4 30 4 82 33 4 49 4 16 4 32 33 16 47 16 112 22 4 34 23 16 6 16 105 9 4 16 4 109 47 4 29 4 27 4 87 60 4 31 4 59 4 30 4 22 7 4 47 4 22 9 4 12 4 17 4 32 4 106 30 4 52 4 51 4 63 59 4 5 4 16 4 84 25 4 19 4 44 4 28 50 4 47 4 17 4 33 44 4 33 4 44 4 34 4 78 58 4 28 4 49 4 25 4 29 44 4 49 4 36 4 26 25 4 37 4 51 4 17 42 4 57 4 18 4 
Best solution: 
52 48 4 33 4 57 4 91 53 4 24 4 55 26 4 55 4 23 4 31 30 4 55 4 15 4 108 15 4 8 4 46 4 21 58 4 48 4 55 4 24 4 93 47 4 11 4 48 4 20 39 4 31 4 99 41 4 54 4 90 57 4 10 4 40 4 56 4 50 49 4 5 4 18 32 4 55 4 32 9 4 19 4 14 4 48 4 16 4 29 51 4 42 4 32 4 44 4 105 26 4 27 4 66 29 4 37 4 32 4 54 4 74 22 4 6 4 16 4 89 22 4 31 4 72 60 4 55 4 114 5 20 18 25 4 48 4 34 4 83 30 20 94 58 4 7 4 22 4 13 31 4 31 4 20 4 39 4 14 31 4 21 4 101 27 4 47 4 45 4 11 15 4 46 4 21 49 4 43 4 20 4 3 30 4 8 4 30 4 13 40 4 41 4 38 48 4 47 4 86 11 4 17 45 4 48 4 18 4 27 47 4 44 4 108 35 4 39 4 100 44 4 49 4 21 32 4 17 4 68 33 4 47 4 108 17 4 40 4 116 13 4 5 4 74 34 4 8 4 28 12 4 54 4 43 4 48 37 4 11 4 82 55 4 14 4 50 4 35 6 4 56 4 44 4 50 17 4 48 4 28 4 43 4 63 10 4 12 4 32 4 32 4 10 49 4 7 4 14 4 83 52 4 38 4 94 24 4 52 4 37 4 88 60 4 45 4 60 4 10 16 4 42 4 30 4 82 33 4 49 4 16 4 32 33 16 47 16 112 22 4 34 23 16 6 16 105 9 4 16 4 109 47 4 29 4 27 4 87 60 4 31 4 59 4 30 4 22 7 4 47 4 22 9 4 12 4 17 4 32 4 106 30 4 52 4 51 4 63 59 4 5 4 16 4 84 25 4 19 4 44 4 28 50 4 47 4 17 4 33 44 4 33 4 44 4 34 4 78 58 4 28 4 49 4 25 4 29 44 4 49 4 36 4 26 25 4 37 4 51 4 17 42 4 57 4 18 4 
Fitness: 1.07049
