iteration 15 best: 1.01479 time: 7459
33 6 8 76 14 8 56 15 8 83 35 4 44 4 37 44 4 32 4 62 15 8 18 9 4 19 4 80 34 12 88 41 8 69 34 8 112 12 8 59 29 12 56 31 4 12 4 20 33 4 5 4 15 4 38 4 81 29 4 18 4 53 4 79 39 8 80 15 8 25 22 4 14 4 2 37 16 31 16 76 19 4 16 4 12 4 48 4 66 26 4 40 4 45 4 13 22 8 36 8 71 5 4 37 4 20 4 21 4 81 25 8 85 12 4 33 4 24 4 36 4 48 13 8 80 7 4 31 25 8 19 35 8 17 5 8 3 20 4 34 4 30 4 24 14 4 9 4 63 21 4 11 4 38 4 14 51 4 17 4 59 15 4 24 4 12 4 56 37 4 52 4 80 7 4 22 4 1 26 16 14 16 80 31 26 26 4 9 4 47 25 4 19 4 16 4 82 19 4 17 4 21 28 16 19 16 21 35 35 16 4 35 4 39 8 16 49 16 85 25 4 22 4 48 4 32 28 4 35 4 8 30 4 10 4 23 4 40 32 4 36 4 34 24 15 4 58 5 49 29 4 28 37 31 4 95 8 16 40 16 76 22 4 12 4 23 4 7 26 9 15 4 21 31 48 4 37 11 4 38 4 13 4 56 9 16 5 16 89 34 4 9 4 55 36 4 21 4 43 4 14 6 4 17 22 7 4 76 19 4 9 4 6 4 41 4 43 32 4 9 4 5 4 11 4 14 42 4 24 4 6 36 40 4 17 7 4 6 4 37 4 65 28 4 36 28 17 4 71 14 4 33 5 19 4 49 37 4 34 4 69 9 59 18 4 35 33 35 4 64 36 4 37 4 101 43 4 12 4 25 4 16 4 59 38 4 32 4 6 4 19 4 68 24 4 32 4 53 26 48 22 4 13 4 50 19 4 50 4 41 4 24 4 70 46 4 29 4 19 4 44 28 4 13 4 18 4 31 11 4 5 4 7 4 21 4 19 6 4 13 4 31 4 28 4 
iteration 33 best: 1.01479 time: 14887
33 6 8 76 14 8 56 15 8 83 35 4 44 4 37 44 4 32 4 62 15 8 18 9 4 19 4 80 34 12 88 41 8 69 34 8 112 12 8 59 29 12 56 31 4 12 4 20 33 4 5 4 15 4 38 4 81 29 4 18 4 53 4 79 39 8 80 15 8 25 22 4 14 4 2 37 16 31 16 76 19 4 16 4 12 4 48 4 66 26 4 40 4 45 4 13 22 8 36 8 71 5 4 37 4 20 4 21 4 81 25 8 85 12 4 33 4 24 4 36 4 48 13 8 80 7 4 31 25 8 19 35 8 17 5 8 3 20 4 34 4 30 4 24 14 4 9 4 63 21 4 11 4 38 4 14 51 4 17 4 59 15 4 24 4 12 4 56 37 4 52 4 80 7 4 22 4 1 26 16 14 16 80 31 26 26 4 9 4 47 25 4 19 4 16 4 82 19 4 17 4 21 28 16 19 16 21 35 35 16 4 35 4 39 8 16 49 16 85 25 4 22 4 48 4 32 28 4 35 4 8 30 4 10 4 23 4 40 32 4 36 4 34 24 15 4 58 5 49 29 4 28 37 31 4 95 8 16 40 16 76 22 4 12 4 23 4 7 26 9 15 4 21 31 48 4 37 11 4 38 4 13 4 56 9 16 5 16 89 34 4 9 4 55 36 4 21 4 43 4 14 6 4 17 22 7 4 76 19 4 9 4 6 4 41 4 43 32 4 9 4 5 4 11 4 14 42 4 24 4 6 36 40 4 17 7 4 6 4 37 4 65 28 4 36 28 17 4 71 14 4 33 5 19 4 49 37 4 34 4 69 9 59 18 4 35 33 35 4 64 36 4 37 4 101 43 4 12 4 25 4 16 4 59 38 4 32 4 6 4 19 4 68 24 4 32 4 53 26 48 22 4 13 4 50 19 4 50 4 41 4 24 4 70 46 4 29 4 19 4 44 28 4 13 4 18 4 31 11 4 5 4 7 4 21 4 19 6 4 13 4 31 4 28 4 
iteration 51 best: 1.01479 time: 22266
33 6 8 76 14 8 56 15 8 83 35 4 44 4 37 44 4 32 4 62 15 8 18 9 4 19 4 80 34 12 88 41 8 69 34 8 112 12 8 59 29 12 56 31 4 12 4 20 33 4 5 4 15 4 38 4 81 29 4 18 4 53 4 79 39 8 80 15 8 25 22 4 14 4 2 37 16 31 16 76 19 4 16 4 12 4 48 4 66 26 4 40 4 45 4 13 22 8 36 8 71 5 4 37 4 20 4 21 4 81 25 8 85 12 4 33 4 24 4 36 4 48 13 8 80 7 4 31 25 8 19 35 8 17 5 8 3 20 4 34 4 30 4 24 14 4 9 4 63 21 4 11 4 38 4 14 51 4 17 4 59 15 4 24 4 12 4 56 37 4 52 4 80 7 4 22 4 1 26 16 14 16 80 31 26 26 4 9 4 47 25 4 19 4 16 4 82 19 4 17 4 21 28 16 19 16 21 35 35 16 4 35 4 39 8 16 49 16 85 25 4 22 4 48 4 32 28 4 35 4 8 30 4 10 4 23 4 40 32 4 36 4 34 24 15 4 58 5 49 29 4 28 37 31 4 95 8 16 40 16 76 22 4 12 4 23 4 7 26 9 15 4 21 31 48 4 37 11 4 38 4 13 4 56 9 16 5 16 89 34 4 9 4 55 36 4 21 4 43 4 14 6 4 17 22 7 4 76 19 4 9 4 6 4 41 4 43 32 4 9 4 5 4 11 4 14 42 4 24 4 6 36 40 4 17 7 4 6 4 37 4 65 28 4 36 28 17 4 71 14 4 33 5 19 4 49 37 4 34 4 69 9 59 18 4 35 33 35 4 64 36 4 37 4 101 43 4 12 4 25 4 16 4 59 38 4 32 4 6 4 19 4 68 24 4 32 4 53 26 48 22 4 13 4 50 19 4 50 4 41 4 24 4 70 46 4 29 4 19 4 44 28 4 13 4 18 4 31 11 4 5 4 7 4 21 4 19 6 4 13 4 31 4 28 4 
iteration 69 best: 1.01479 time: 29739
33 6 8 76 14 8 56 15 8 83 35 4 44 4 37 44 4 32 4 62 15 8 18 9 4 19 4 80 34 12 88 41 8 69 34 8 112 12 8 59 29 12 56 31 4 12 4 20 33 4 5 4 15 4 38 4 81 29 4 18 4 53 4 79 39 8 80 15 8 25 22 4 14 4 2 37 16 31 16 76 19 4 16 4 12 4 48 4 66 26 4 40 4 45 4 13 22 8 36 8 71 5 4 37 4 20 4 21 4 81 25 8 85 12 4 33 4 24 4 36 4 48 13 8 80 7 4 31 25 8 19 35 8 17 5 8 3 20 4 34 4 30 4 24 14 4 9 4 63 21 4 11 4 38 4 14 51 4 17 4 59 15 4 24 4 12 4 56 37 4 52 4 80 7 4 22 4 1 26 16 14 16 80 31 26 26 4 9 4 47 25 4 19 4 16 4 82 19 4 17 4 21 28 16 19 16 21 35 35 16 4 35 4 39 8 16 49 16 85 25 4 22 4 48 4 32 28 4 35 4 8 30 4 10 4 23 4 40 32 4 36 4 34 24 15 4 58 5 49 29 4 28 37 31 4 95 8 16 40 16 76 22 4 12 4 23 4 7 26 9 15 4 21 31 48 4 37 11 4 38 4 13 4 56 9 16 5 16 89 34 4 9 4 55 36 4 21 4 43 4 14 6 4 17 22 7 4 76 19 4 9 4 6 4 41 4 43 32 4 9 4 5 4 11 4 14 42 4 24 4 6 36 40 4 17 7 4 6 4 37 4 65 28 4 36 28 17 4 71 14 4 33 5 19 4 49 37 4 34 4 69 9 59 18 4 35 33 35 4 64 36 4 37 4 101 43 4 12 4 25 4 16 4 59 38 4 32 4 6 4 19 4 68 24 4 32 4 53 26 48 22 4 13 4 50 19 4 50 4 41 4 24 4 70 46 4 29 4 19 4 44 28 4 13 4 18 4 31 11 4 5 4 7 4 21 4 19 6 4 13 4 31 4 28 4 
iteration 87 best: 1.01479 time: 37169
33 6 8 76 14 8 56 15 8 83 35 4 44 4 37 44 4 32 4 62 15 8 18 9 4 19 4 80 34 12 88 41 8 69 34 8 112 12 8 59 29 12 56 31 4 12 4 20 33 4 5 4 15 4 38 4 81 29 4 18 4 53 4 79 39 8 80 15 8 25 22 4 14 4 2 37 16 31 16 76 19 4 16 4 12 4 48 4 66 26 4 40 4 45 4 13 22 8 36 8 71 5 4 37 4 20 4 21 4 81 25 8 85 12 4 33 4 24 4 36 4 48 13 8 80 7 4 31 25 8 19 35 8 17 5 8 3 20 4 34 4 30 4 24 14 4 9 4 63 21 4 11 4 38 4 14 51 4 17 4 59 15 4 24 4 12 4 56 37 4 52 4 80 7 4 22 4 1 26 16 14 16 80 31 26 26 4 9 4 47 25 4 19 4 16 4 82 19 4 17 4 21 28 16 19 16 21 35 35 16 4 35 4 39 8 16 49 16 85 25 4 22 4 48 4 32 28 4 35 4 8 30 4 10 4 23 4 40 32 4 36 4 34 24 15 4 58 5 49 29 4 28 37 31 4 95 8 16 40 16 76 22 4 12 4 23 4 7 26 9 15 4 21 31 48 4 37 11 4 38 4 13 4 56 9 16 5 16 89 34 4 9 4 55 36 4 21 4 43 4 14 6 4 17 22 7 4 76 19 4 9 4 6 4 41 4 43 32 4 9 4 5 4 11 4 14 42 4 24 4 6 36 40 4 17 7 4 6 4 37 4 65 28 4 36 28 17 4 71 14 4 33 5 19 4 49 37 4 34 4 69 9 59 18 4 35 33 35 4 64 36 4 37 4 101 43 4 12 4 25 4 16 4 59 38 4 32 4 6 4 19 4 68 24 4 32 4 53 26 48 22 4 13 4 50 19 4 50 4 41 4 24 4 70 46 4 29 4 19 4 44 28 4 13 4 18 4 31 11 4 5 4 7 4 21 4 19 6 4 13 4 31 4 28 4 
iteration 105 best: 1.01479 time: 44574
33 6 8 76 14 8 56 15 8 83 35 4 44 4 37 44 4 32 4 62 15 8 18 9 4 19 4 80 34 12 88 41 8 69 34 8 112 12 8 59 29 12 56 31 4 12 4 20 33 4 5 4 15 4 38 4 81 29 4 18 4 53 4 79 39 8 80 15 8 25 22 4 14 4 2 37 16 31 16 76 19 4 16 4 12 4 48 4 66 26 4 40 4 45 4 13 22 8 36 8 71 5 4 37 4 20 4 21 4 81 25 8 85 12 4 33 4 24 4 36 4 48 13 8 80 7 4 31 25 8 19 35 8 17 5 8 3 20 4 34 4 30 4 24 14 4 9 4 63 21 4 11 4 38 4 14 51 4 17 4 59 15 4 24 4 12 4 56 37 4 52 4 80 7 4 22 4 1 26 16 14 16 80 31 26 26 4 9 4 47 25 4 19 4 16 4 82 19 4 17 4 21 28 16 19 16 21 35 35 16 4 35 4 39 8 16 49 16 85 25 4 22 4 48 4 32 28 4 35 4 8 30 4 10 4 23 4 40 32 4 36 4 34 24 15 4 58 5 49 29 4 28 37 31 4 95 8 16 40 16 76 22 4 12 4 23 4 7 26 9 15 4 21 31 48 4 37 11 4 38 4 13 4 56 9 16 5 16 89 34 4 9 4 55 36 4 21 4 43 4 14 6 4 17 22 7 4 76 19 4 9 4 6 4 41 4 43 32 4 9 4 5 4 11 4 14 42 4 24 4 6 36 40 4 17 7 4 6 4 37 4 65 28 4 36 28 17 4 71 14 4 33 5 19 4 49 37 4 34 4 69 9 59 18 4 35 33 35 4 64 36 4 37 4 101 43 4 12 4 25 4 16 4 59 38 4 32 4 6 4 19 4 68 24 4 32 4 53 26 48 22 4 13 4 50 19 4 50 4 41 4 24 4 70 46 4 29 4 19 4 44 28 4 13 4 18 4 31 11 4 5 4 7 4 21 4 19 6 4 13 4 31 4 28 4 
iteration 123 best: 1.01479 time: 51990
33 6 8 76 14 8 56 15 8 83 35 4 44 4 37 44 4 32 4 62 15 8 18 9 4 19 4 80 34 12 88 41 8 69 34 8 112 12 8 59 29 12 56 31 4 12 4 20 33 4 5 4 15 4 38 4 81 29 4 18 4 53 4 79 39 8 80 15 8 25 22 4 14 4 2 37 16 31 16 76 19 4 16 4 12 4 48 4 66 26 4 40 4 45 4 13 22 8 36 8 71 5 4 37 4 20 4 21 4 81 25 8 85 12 4 33 4 24 4 36 4 48 13 8 80 7 4 31 25 8 19 35 8 17 5 8 3 20 4 34 4 30 4 24 14 4 9 4 63 21 4 11 4 38 4 14 51 4 17 4 59 15 4 24 4 12 4 56 37 4 52 4 80 7 4 22 4 1 26 16 14 16 80 31 26 26 4 9 4 47 25 4 19 4 16 4 82 19 4 17 4 21 28 16 19 16 21 35 35 16 4 35 4 39 8 16 49 16 85 25 4 22 4 48 4 32 28 4 35 4 8 30 4 10 4 23 4 40 32 4 36 4 34 24 15 4 58 5 49 29 4 28 37 31 4 95 8 16 40 16 76 22 4 12 4 23 4 7 26 9 15 4 21 31 48 4 37 11 4 38 4 13 4 56 9 16 5 16 89 34 4 9 4 55 36 4 21 4 43 4 14 6 4 17 22 7 4 76 19 4 9 4 6 4 41 4 43 32 4 9 4 5 4 11 4 14 42 4 24 4 6 36 40 4 17 7 4 6 4 37 4 65 28 4 36 28 17 4 71 14 4 33 5 19 4 49 37 4 34 4 69 9 59 18 4 35 33 35 4 64 36 4 37 4 101 43 4 12 4 25 4 16 4 59 38 4 32 4 6 4 19 4 68 24 4 32 4 53 26 48 22 4 13 4 50 19 4 50 4 41 4 24 4 70 46 4 29 4 19 4 44 28 4 13 4 18 4 31 11 4 5 4 7 4 21 4 19 6 4 13 4 31 4 28 4 
iteration 141 best: 1.01479 time: 59402
33 6 8 76 14 8 56 15 8 83 35 4 44 4 37 44 4 32 4 62 15 8 18 9 4 19 4 80 34 12 88 41 8 69 34 8 112 12 8 59 29 12 56 31 4 12 4 20 33 4 5 4 15 4 38 4 81 29 4 18 4 53 4 79 39 8 80 15 8 25 22 4 14 4 2 37 16 31 16 76 19 4 16 4 12 4 48 4 66 26 4 40 4 45 4 13 22 8 36 8 71 5 4 37 4 20 4 21 4 81 25 8 85 12 4 33 4 24 4 36 4 48 13 8 80 7 4 31 25 8 19 35 8 17 5 8 3 20 4 34 4 30 4 24 14 4 9 4 63 21 4 11 4 38 4 14 51 4 17 4 59 15 4 24 4 12 4 56 37 4 52 4 80 7 4 22 4 1 26 16 14 16 80 31 26 26 4 9 4 47 25 4 19 4 16 4 82 19 4 17 4 21 28 16 19 16 21 35 35 16 4 35 4 39 8 16 49 16 85 25 4 22 4 48 4 32 28 4 35 4 8 30 4 10 4 23 4 40 32 4 36 4 34 24 15 4 58 5 49 29 4 28 37 31 4 95 8 16 40 16 76 22 4 12 4 23 4 7 26 9 15 4 21 31 48 4 37 11 4 38 4 13 4 56 9 16 5 16 89 34 4 9 4 55 36 4 21 4 43 4 14 6 4 17 22 7 4 76 19 4 9 4 6 4 41 4 43 32 4 9 4 5 4 11 4 14 42 4 24 4 6 36 40 4 17 7 4 6 4 37 4 65 28 4 36 28 17 4 71 14 4 33 5 19 4 49 37 4 34 4 69 9 59 18 4 35 33 35 4 64 36 4 37 4 101 43 4 12 4 25 4 16 4 59 38 4 32 4 6 4 19 4 68 24 4 32 4 53 26 48 22 4 13 4 50 19 4 50 4 41 4 24 4 70 46 4 29 4 19 4 44 28 4 13 4 18 4 31 11 4 5 4 7 4 21 4 19 6 4 13 4 31 4 28 4 
iteration 159 best: 1.01479 time: 66799
33 6 8 76 14 8 56 15 8 83 35 4 44 4 37 44 4 32 4 62 15 8 18 9 4 19 4 80 34 12 88 41 8 69 34 8 112 12 8 59 29 12 56 31 4 12 4 20 33 4 5 4 15 4 38 4 81 29 4 18 4 53 4 79 39 8 80 15 8 25 22 4 14 4 2 37 16 31 16 76 19 4 16 4 12 4 48 4 66 26 4 40 4 45 4 13 22 8 36 8 71 5 4 37 4 20 4 21 4 81 25 8 85 12 4 33 4 24 4 36 4 48 13 8 80 7 4 31 25 8 19 35 8 17 5 8 3 20 4 34 4 30 4 24 14 4 9 4 63 21 4 11 4 38 4 14 51 4 17 4 59 15 4 24 4 12 4 56 37 4 52 4 80 7 4 22 4 1 26 16 14 16 80 31 26 26 4 9 4 47 25 4 19 4 16 4 82 19 4 17 4 21 28 16 19 16 21 35 35 16 4 35 4 39 8 16 49 16 85 25 4 22 4 48 4 32 28 4 35 4 8 30 4 10 4 23 4 40 32 4 36 4 34 24 15 4 58 5 49 29 4 28 37 31 4 95 8 16 40 16 76 22 4 12 4 23 4 7 26 9 15 4 21 31 48 4 37 11 4 38 4 13 4 56 9 16 5 16 89 34 4 9 4 55 36 4 21 4 43 4 14 6 4 17 22 7 4 76 19 4 9 4 6 4 41 4 43 32 4 9 4 5 4 11 4 14 42 4 24 4 6 36 40 4 17 7 4 6 4 37 4 65 28 4 36 28 17 4 71 14 4 33 5 19 4 49 37 4 34 4 69 9 59 18 4 35 33 35 4 64 36 4 37 4 101 43 4 12 4 25 4 16 4 59 38 4 32 4 6 4 19 4 68 24 4 32 4 53 26 48 22 4 13 4 50 19 4 50 4 41 4 24 4 70 46 4 29 4 19 4 44 28 4 13 4 18 4 31 11 4 5 4 7 4 21 4 19 6 4 13 4 31 4 28 4 
iteration 177 best: 1.01479 time: 74188
33 6 8 76 14 8 56 15 8 83 35 4 44 4 37 44 4 32 4 62 15 8 18 9 4 19 4 80 34 12 88 41 8 69 34 8 112 12 8 59 29 12 56 31 4 12 4 20 33 4 5 4 15 4 38 4 81 29 4 18 4 53 4 79 39 8 80 15 8 25 22 4 14 4 2 37 16 31 16 76 19 4 16 4 12 4 48 4 66 26 4 40 4 45 4 13 22 8 36 8 71 5 4 37 4 20 4 21 4 81 25 8 85 12 4 33 4 24 4 36 4 48 13 8 80 7 4 31 25 8 19 35 8 17 5 8 3 20 4 34 4 30 4 24 14 4 9 4 63 21 4 11 4 38 4 14 51 4 17 4 59 15 4 24 4 12 4 56 37 4 52 4 80 7 4 22 4 1 26 16 14 16 80 31 26 26 4 9 4 47 25 4 19 4 16 4 82 19 4 17 4 21 28 16 19 16 21 35 35 16 4 35 4 39 8 16 49 16 85 25 4 22 4 48 4 32 28 4 35 4 8 30 4 10 4 23 4 40 32 4 36 4 34 24 15 4 58 5 49 29 4 28 37 31 4 95 8 16 40 16 76 22 4 12 4 23 4 7 26 9 15 4 21 31 48 4 37 11 4 38 4 13 4 56 9 16 5 16 89 34 4 9 4 55 36 4 21 4 43 4 14 6 4 17 22 7 4 76 19 4 9 4 6 4 41 4 43 32 4 9 4 5 4 11 4 14 42 4 24 4 6 36 40 4 17 7 4 6 4 37 4 65 28 4 36 28 17 4 71 14 4 33 5 19 4 49 37 4 34 4 69 9 59 18 4 35 33 35 4 64 36 4 37 4 101 43 4 12 4 25 4 16 4 59 38 4 32 4 6 4 19 4 68 24 4 32 4 53 26 48 22 4 13 4 50 19 4 50 4 41 4 24 4 70 46 4 29 4 19 4 44 28 4 13 4 18 4 31 11 4 5 4 7 4 21 4 19 6 4 13 4 31 4 28 4 
iteration 195 best: 1.01479 time: 81587
33 6 8 76 14 8 56 15 8 83 35 4 44 4 37 44 4 32 4 62 15 8 18 9 4 19 4 80 34 12 88 41 8 69 34 8 112 12 8 59 29 12 56 31 4 12 4 20 33 4 5 4 15 4 38 4 81 29 4 18 4 53 4 79 39 8 80 15 8 25 22 4 14 4 2 37 16 31 16 76 19 4 16 4 12 4 48 4 66 26 4 40 4 45 4 13 22 8 36 8 71 5 4 37 4 20 4 21 4 81 25 8 85 12 4 33 4 24 4 36 4 48 13 8 80 7 4 31 25 8 19 35 8 17 5 8 3 20 4 34 4 30 4 24 14 4 9 4 63 21 4 11 4 38 4 14 51 4 17 4 59 15 4 24 4 12 4 56 37 4 52 4 80 7 4 22 4 1 26 16 14 16 80 31 26 26 4 9 4 47 25 4 19 4 16 4 82 19 4 17 4 21 28 16 19 16 21 35 35 16 4 35 4 39 8 16 49 16 85 25 4 22 4 48 4 32 28 4 35 4 8 30 4 10 4 23 4 40 32 4 36 4 34 24 15 4 58 5 49 29 4 28 37 31 4 95 8 16 40 16 76 22 4 12 4 23 4 7 26 9 15 4 21 31 48 4 37 11 4 38 4 13 4 56 9 16 5 16 89 34 4 9 4 55 36 4 21 4 43 4 14 6 4 17 22 7 4 76 19 4 9 4 6 4 41 4 43 32 4 9 4 5 4 11 4 14 42 4 24 4 6 36 40 4 17 7 4 6 4 37 4 65 28 4 36 28 17 4 71 14 4 33 5 19 4 49 37 4 34 4 69 9 59 18 4 35 33 35 4 64 36 4 37 4 101 43 4 12 4 25 4 16 4 59 38 4 32 4 6 4 19 4 68 24 4 32 4 53 26 48 22 4 13 4 50 19 4 50 4 41 4 24 4 70 46 4 29 4 19 4 44 28 4 13 4 18 4 31 11 4 5 4 7 4 21 4 19 6 4 13 4 31 4 28 4 
iteration 213 best: 1.01479 time: 89001
33 6 8 76 14 8 56 15 8 83 35 4 44 4 37 44 4 32 4 62 15 8 18 9 4 19 4 80 34 12 88 41 8 69 34 8 112 12 8 59 29 12 56 31 4 12 4 20 33 4 5 4 15 4 38 4 81 29 4 18 4 53 4 79 39 8 80 15 8 25 22 4 14 4 2 37 16 31 16 76 19 4 16 4 12 4 48 4 66 26 4 40 4 45 4 13 22 8 36 8 71 5 4 37 4 20 4 21 4 81 25 8 85 12 4 33 4 24 4 36 4 48 13 8 80 7 4 31 25 8 19 35 8 17 5 8 3 20 4 34 4 30 4 24 14 4 9 4 63 21 4 11 4 38 4 14 51 4 17 4 59 15 4 24 4 12 4 56 37 4 52 4 80 7 4 22 4 1 26 16 14 16 80 31 26 26 4 9 4 47 25 4 19 4 16 4 82 19 4 17 4 21 28 16 19 16 21 35 35 16 4 35 4 39 8 16 49 16 85 25 4 22 4 48 4 32 28 4 35 4 8 30 4 10 4 23 4 40 32 4 36 4 34 24 15 4 58 5 49 29 4 28 37 31 4 95 8 16 40 16 76 22 4 12 4 23 4 7 26 9 15 4 21 31 48 4 37 11 4 38 4 13 4 56 9 16 5 16 89 34 4 9 4 55 36 4 21 4 43 4 14 6 4 17 22 7 4 76 19 4 9 4 6 4 41 4 43 32 4 9 4 5 4 11 4 14 42 4 24 4 6 36 40 4 17 7 4 6 4 37 4 65 28 4 36 28 17 4 71 14 4 33 5 19 4 49 37 4 34 4 69 9 59 18 4 35 33 35 4 64 36 4 37 4 101 43 4 12 4 25 4 16 4 59 38 4 32 4 6 4 19 4 68 24 4 32 4 53 26 48 22 4 13 4 50 19 4 50 4 41 4 24 4 70 46 4 29 4 19 4 44 28 4 13 4 18 4 31 11 4 5 4 7 4 21 4 19 6 4 13 4 31 4 28 4 
iteration 231 best: 1.01479 time: 96425
33 6 8 76 14 8 56 15 8 83 35 4 44 4 37 44 4 32 4 62 15 8 18 9 4 19 4 80 34 12 88 41 8 69 34 8 112 12 8 59 29 12 56 31 4 12 4 20 33 4 5 4 15 4 38 4 81 29 4 18 4 53 4 79 39 8 80 15 8 25 22 4 14 4 2 37 16 31 16 76 19 4 16 4 12 4 48 4 66 26 4 40 4 45 4 13 22 8 36 8 71 5 4 37 4 20 4 21 4 81 25 8 85 12 4 33 4 24 4 36 4 48 13 8 80 7 4 31 25 8 19 35 8 17 5 8 3 20 4 34 4 30 4 24 14 4 9 4 63 21 4 11 4 38 4 14 51 4 17 4 59 15 4 24 4 12 4 56 37 4 52 4 80 7 4 22 4 1 26 16 14 16 80 31 26 26 4 9 4 47 25 4 19 4 16 4 82 19 4 17 4 21 28 16 19 16 21 35 35 16 4 35 4 39 8 16 49 16 85 25 4 22 4 48 4 32 28 4 35 4 8 30 4 10 4 23 4 40 32 4 36 4 34 24 15 4 58 5 49 29 4 28 37 31 4 95 8 16 40 16 76 22 4 12 4 23 4 7 26 9 15 4 21 31 48 4 37 11 4 38 4 13 4 56 9 16 5 16 89 34 4 9 4 55 36 4 21 4 43 4 14 6 4 17 22 7 4 76 19 4 9 4 6 4 41 4 43 32 4 9 4 5 4 11 4 14 42 4 24 4 6 36 40 4 17 7 4 6 4 37 4 65 28 4 36 28 17 4 71 14 4 33 5 19 4 49 37 4 34 4 69 9 59 18 4 35 33 35 4 64 36 4 37 4 101 43 4 12 4 25 4 16 4 59 38 4 32 4 6 4 19 4 68 24 4 32 4 53 26 48 22 4 13 4 50 19 4 50 4 41 4 24 4 70 46 4 29 4 19 4 44 28 4 13 4 18 4 31 11 4 5 4 7 4 21 4 19 6 4 13 4 31 4 28 4 
iteration 249 best: 1.01479 time: 103815
33 6 8 76 14 8 56 15 8 83 35 4 44 4 37 44 4 32 4 62 15 8 18 9 4 19 4 80 34 12 88 41 8 69 34 8 112 12 8 59 29 12 56 31 4 12 4 20 33 4 5 4 15 4 38 4 81 29 4 18 4 53 4 79 39 8 80 15 8 25 22 4 14 4 2 37 16 31 16 76 19 4 16 4 12 4 48 4 66 26 4 40 4 45 4 13 22 8 36 8 71 5 4 37 4 20 4 21 4 81 25 8 85 12 4 33 4 24 4 36 4 48 13 8 80 7 4 31 25 8 19 35 8 17 5 8 3 20 4 34 4 30 4 24 14 4 9 4 63 21 4 11 4 38 4 14 51 4 17 4 59 15 4 24 4 12 4 56 37 4 52 4 80 7 4 22 4 1 26 16 14 16 80 31 26 26 4 9 4 47 25 4 19 4 16 4 82 19 4 17 4 21 28 16 19 16 21 35 35 16 4 35 4 39 8 16 49 16 85 25 4 22 4 48 4 32 28 4 35 4 8 30 4 10 4 23 4 40 32 4 36 4 34 24 15 4 58 5 49 29 4 28 37 31 4 95 8 16 40 16 76 22 4 12 4 23 4 7 26 9 15 4 21 31 48 4 37 11 4 38 4 13 4 56 9 16 5 16 89 34 4 9 4 55 36 4 21 4 43 4 14 6 4 17 22 7 4 76 19 4 9 4 6 4 41 4 43 32 4 9 4 5 4 11 4 14 42 4 24 4 6 36 40 4 17 7 4 6 4 37 4 65 28 4 36 28 17 4 71 14 4 33 5 19 4 49 37 4 34 4 69 9 59 18 4 35 33 35 4 64 36 4 37 4 101 43 4 12 4 25 4 16 4 59 38 4 32 4 6 4 19 4 68 24 4 32 4 53 26 48 22 4 13 4 50 19 4 50 4 41 4 24 4 70 46 4 29 4 19 4 44 28 4 13 4 18 4 31 11 4 5 4 7 4 21 4 19 6 4 13 4 31 4 28 4 
iteration 267 best: 1.01479 time: 111204
33 6 8 76 14 8 56 15 8 83 35 4 44 4 37 44 4 32 4 62 15 8 18 9 4 19 4 80 34 12 88 41 8 69 34 8 112 12 8 59 29 12 56 31 4 12 4 20 33 4 5 4 15 4 38 4 81 29 4 18 4 53 4 79 39 8 80 15 8 25 22 4 14 4 2 37 16 31 16 76 19 4 16 4 12 4 48 4 66 26 4 40 4 45 4 13 22 8 36 8 71 5 4 37 4 20 4 21 4 81 25 8 85 12 4 33 4 24 4 36 4 48 13 8 80 7 4 31 25 8 19 35 8 17 5 8 3 20 4 34 4 30 4 24 14 4 9 4 63 21 4 11 4 38 4 14 51 4 17 4 59 15 4 24 4 12 4 56 37 4 52 4 80 7 4 22 4 1 26 16 14 16 80 31 26 26 4 9 4 47 25 4 19 4 16 4 82 19 4 17 4 21 28 16 19 16 21 35 35 16 4 35 4 39 8 16 49 16 85 25 4 22 4 48 4 32 28 4 35 4 8 30 4 10 4 23 4 40 32 4 36 4 34 24 15 4 58 5 49 29 4 28 37 31 4 95 8 16 40 16 76 22 4 12 4 23 4 7 26 9 15 4 21 31 48 4 37 11 4 38 4 13 4 56 9 16 5 16 89 34 4 9 4 55 36 4 21 4 43 4 14 6 4 17 22 7 4 76 19 4 9 4 6 4 41 4 43 32 4 9 4 5 4 11 4 14 42 4 24 4 6 36 40 4 17 7 4 6 4 37 4 65 28 4 36 28 17 4 71 14 4 33 5 19 4 49 37 4 34 4 69 9 59 18 4 35 33 35 4 64 36 4 37 4 101 43 4 12 4 25 4 16 4 59 38 4 32 4 6 4 19 4 68 24 4 32 4 53 26 48 22 4 13 4 50 19 4 50 4 41 4 24 4 70 46 4 29 4 19 4 44 28 4 13 4 18 4 31 11 4 5 4 7 4 21 4 19 6 4 13 4 31 4 28 4 
iteration 285 best: 1.01479 time: 118602
33 6 8 76 14 8 56 15 8 83 35 4 44 4 37 44 4 32 4 62 15 8 18 9 4 19 4 80 34 12 88 41 8 69 34 8 112 12 8 59 29 12 56 31 4 12 4 20 33 4 5 4 15 4 38 4 81 29 4 18 4 53 4 79 39 8 80 15 8 25 22 4 14 4 2 37 16 31 16 76 19 4 16 4 12 4 48 4 66 26 4 40 4 45 4 13 22 8 36 8 71 5 4 37 4 20 4 21 4 81 25 8 85 12 4 33 4 24 4 36 4 48 13 8 80 7 4 31 25 8 19 35 8 17 5 8 3 20 4 34 4 30 4 24 14 4 9 4 63 21 4 11 4 38 4 14 51 4 17 4 59 15 4 24 4 12 4 56 37 4 52 4 80 7 4 22 4 1 26 16 14 16 80 31 26 26 4 9 4 47 25 4 19 4 16 4 82 19 4 17 4 21 28 16 19 16 21 35 35 16 4 35 4 39 8 16 49 16 85 25 4 22 4 48 4 32 28 4 35 4 8 30 4 10 4 23 4 40 32 4 36 4 34 24 15 4 58 5 49 29 4 28 37 31 4 95 8 16 40 16 76 22 4 12 4 23 4 7 26 9 15 4 21 31 48 4 37 11 4 38 4 13 4 56 9 16 5 16 89 34 4 9 4 55 36 4 21 4 43 4 14 6 4 17 22 7 4 76 19 4 9 4 6 4 41 4 43 32 4 9 4 5 4 11 4 14 42 4 24 4 6 36 40 4 17 7 4 6 4 37 4 65 28 4 36 28 17 4 71 14 4 33 5 19 4 49 37 4 34 4 69 9 59 18 4 35 33 35 4 64 36 4 37 4 101 43 4 12 4 25 4 16 4 59 38 4 32 4 6 4 19 4 68 24 4 32 4 53 26 48 22 4 13 4 50 19 4 50 4 41 4 24 4 70 46 4 29 4 19 4 44 28 4 13 4 18 4 31 11 4 5 4 7 4 21 4 19 6 4 13 4 31 4 28 4 
iteration 303 best: 1.01479 time: 125976
33 6 8 76 14 8 56 15 8 83 35 4 44 4 37 44 4 32 4 62 15 8 18 9 4 19 4 80 34 12 88 41 8 69 34 8 112 12 8 59 29 12 56 31 4 12 4 20 33 4 5 4 15 4 38 4 81 29 4 18 4 53 4 79 39 8 80 15 8 25 22 4 14 4 2 37 16 31 16 76 19 4 16 4 12 4 48 4 66 26 4 40 4 45 4 13 22 8 36 8 71 5 4 37 4 20 4 21 4 81 25 8 85 12 4 33 4 24 4 36 4 48 13 8 80 7 4 31 25 8 19 35 8 17 5 8 3 20 4 34 4 30 4 24 14 4 9 4 63 21 4 11 4 38 4 14 51 4 17 4 59 15 4 24 4 12 4 56 37 4 52 4 80 7 4 22 4 1 26 16 14 16 80 31 26 26 4 9 4 47 25 4 19 4 16 4 82 19 4 17 4 21 28 16 19 16 21 35 35 16 4 35 4 39 8 16 49 16 85 25 4 22 4 48 4 32 28 4 35 4 8 30 4 10 4 23 4 40 32 4 36 4 34 24 15 4 58 5 49 29 4 28 37 31 4 95 8 16 40 16 76 22 4 12 4 23 4 7 26 9 15 4 21 31 48 4 37 11 4 38 4 13 4 56 9 16 5 16 89 34 4 9 4 55 36 4 21 4 43 4 14 6 4 17 22 7 4 76 19 4 9 4 6 4 41 4 43 32 4 9 4 5 4 11 4 14 42 4 24 4 6 36 40 4 17 7 4 6 4 37 4 65 28 4 36 28 17 4 71 14 4 33 5 19 4 49 37 4 34 4 69 9 59 18 4 35 33 35 4 64 36 4 37 4 101 43 4 12 4 25 4 16 4 59 38 4 32 4 6 4 19 4 68 24 4 32 4 53 26 48 22 4 13 4 50 19 4 50 4 41 4 24 4 70 46 4 29 4 19 4 44 28 4 13 4 18 4 31 11 4 5 4 7 4 21 4 19 6 4 13 4 31 4 28 4 
iteration 321 best: 1.01479 time: 133370
33 6 8 76 14 8 56 15 8 83 35 4 44 4 37 44 4 32 4 62 15 8 18 9 4 19 4 80 34 12 88 41 8 69 34 8 112 12 8 59 29 12 56 31 4 12 4 20 33 4 5 4 15 4 38 4 81 29 4 18 4 53 4 79 39 8 80 15 8 25 22 4 14 4 2 37 16 31 16 76 19 4 16 4 12 4 48 4 66 26 4 40 4 45 4 13 22 8 36 8 71 5 4 37 4 20 4 21 4 81 25 8 85 12 4 33 4 24 4 36 4 48 13 8 80 7 4 31 25 8 19 35 8 17 5 8 3 20 4 34 4 30 4 24 14 4 9 4 63 21 4 11 4 38 4 14 51 4 17 4 59 15 4 24 4 12 4 56 37 4 52 4 80 7 4 22 4 1 26 16 14 16 80 31 26 26 4 9 4 47 25 4 19 4 16 4 82 19 4 17 4 21 28 16 19 16 21 35 35 16 4 35 4 39 8 16 49 16 85 25 4 22 4 48 4 32 28 4 35 4 8 30 4 10 4 23 4 40 32 4 36 4 34 24 15 4 58 5 49 29 4 28 37 31 4 95 8 16 40 16 76 22 4 12 4 23 4 7 26 9 15 4 21 31 48 4 37 11 4 38 4 13 4 56 9 16 5 16 89 34 4 9 4 55 36 4 21 4 43 4 14 6 4 17 22 7 4 76 19 4 9 4 6 4 41 4 43 32 4 9 4 5 4 11 4 14 42 4 24 4 6 36 40 4 17 7 4 6 4 37 4 65 28 4 36 28 17 4 71 14 4 33 5 19 4 49 37 4 34 4 69 9 59 18 4 35 33 35 4 64 36 4 37 4 101 43 4 12 4 25 4 16 4 59 38 4 32 4 6 4 19 4 68 24 4 32 4 53 26 48 22 4 13 4 50 19 4 50 4 41 4 24 4 70 46 4 29 4 19 4 44 28 4 13 4 18 4 31 11 4 5 4 7 4 21 4 19 6 4 13 4 31 4 28 4 
iteration 339 best: 1.01479 time: 140776
33 6 8 76 14 8 56 15 8 83 35 4 44 4 37 44 4 32 4 62 15 8 18 9 4 19 4 80 34 12 88 41 8 69 34 8 112 12 8 59 29 12 56 31 4 12 4 20 33 4 5 4 15 4 38 4 81 29 4 18 4 53 4 79 39 8 80 15 8 25 22 4 14 4 2 37 16 31 16 76 19 4 16 4 12 4 48 4 66 26 4 40 4 45 4 13 22 8 36 8 71 5 4 37 4 20 4 21 4 81 25 8 85 12 4 33 4 24 4 36 4 48 13 8 80 7 4 31 25 8 19 35 8 17 5 8 3 20 4 34 4 30 4 24 14 4 9 4 63 21 4 11 4 38 4 14 51 4 17 4 59 15 4 24 4 12 4 56 37 4 52 4 80 7 4 22 4 1 26 16 14 16 80 31 26 26 4 9 4 47 25 4 19 4 16 4 82 19 4 17 4 21 28 16 19 16 21 35 35 16 4 35 4 39 8 16 49 16 85 25 4 22 4 48 4 32 28 4 35 4 8 30 4 10 4 23 4 40 32 4 36 4 34 24 15 4 58 5 49 29 4 28 37 31 4 95 8 16 40 16 76 22 4 12 4 23 4 7 26 9 15 4 21 31 48 4 37 11 4 38 4 13 4 56 9 16 5 16 89 34 4 9 4 55 36 4 21 4 43 4 14 6 4 17 22 7 4 76 19 4 9 4 6 4 41 4 43 32 4 9 4 5 4 11 4 14 42 4 24 4 6 36 40 4 17 7 4 6 4 37 4 65 28 4 36 28 17 4 71 14 4 33 5 19 4 49 37 4 34 4 69 9 59 18 4 35 33 35 4 64 36 4 37 4 101 43 4 12 4 25 4 16 4 59 38 4 32 4 6 4 19 4 68 24 4 32 4 53 26 48 22 4 13 4 50 19 4 50 4 41 4 24 4 70 46 4 29 4 19 4 44 28 4 13 4 18 4 31 11 4 5 4 7 4 21 4 19 6 4 13 4 31 4 28 4 
iteration 357 best: 1.01479 time: 148204
33 6 8 76 14 8 56 15 8 83 35 4 44 4 37 44 4 32 4 62 15 8 18 9 4 19 4 80 34 12 88 41 8 69 34 8 112 12 8 59 29 12 56 31 4 12 4 20 33 4 5 4 15 4 38 4 81 29 4 18 4 53 4 79 39 8 80 15 8 25 22 4 14 4 2 37 16 31 16 76 19 4 16 4 12 4 48 4 66 26 4 40 4 45 4 13 22 8 36 8 71 5 4 37 4 20 4 21 4 81 25 8 85 12 4 33 4 24 4 36 4 48 13 8 80 7 4 31 25 8 19 35 8 17 5 8 3 20 4 34 4 30 4 24 14 4 9 4 63 21 4 11 4 38 4 14 51 4 17 4 59 15 4 24 4 12 4 56 37 4 52 4 80 7 4 22 4 1 26 16 14 16 80 31 26 26 4 9 4 47 25 4 19 4 16 4 82 19 4 17 4 21 28 16 19 16 21 35 35 16 4 35 4 39 8 16 49 16 85 25 4 22 4 48 4 32 28 4 35 4 8 30 4 10 4 23 4 40 32 4 36 4 34 24 15 4 58 5 49 29 4 28 37 31 4 95 8 16 40 16 76 22 4 12 4 23 4 7 26 9 15 4 21 31 48 4 37 11 4 38 4 13 4 56 9 16 5 16 89 34 4 9 4 55 36 4 21 4 43 4 14 6 4 17 22 7 4 76 19 4 9 4 6 4 41 4 43 32 4 9 4 5 4 11 4 14 42 4 24 4 6 36 40 4 17 7 4 6 4 37 4 65 28 4 36 28 17 4 71 14 4 33 5 19 4 49 37 4 34 4 69 9 59 18 4 35 33 35 4 64 36 4 37 4 101 43 4 12 4 25 4 16 4 59 38 4 32 4 6 4 19 4 68 24 4 32 4 53 26 48 22 4 13 4 50 19 4 50 4 41 4 24 4 70 46 4 29 4 19 4 44 28 4 13 4 18 4 31 11 4 5 4 7 4 21 4 19 6 4 13 4 31 4 28 4 
iteration 375 best: 1.01479 time: 155590
33 6 8 76 14 8 56 15 8 83 35 4 44 4 37 44 4 32 4 62 15 8 18 9 4 19 4 80 34 12 88 41 8 69 34 8 112 12 8 59 29 12 56 31 4 12 4 20 33 4 5 4 15 4 38 4 81 29 4 18 4 53 4 79 39 8 80 15 8 25 22 4 14 4 2 37 16 31 16 76 19 4 16 4 12 4 48 4 66 26 4 40 4 45 4 13 22 8 36 8 71 5 4 37 4 20 4 21 4 81 25 8 85 12 4 33 4 24 4 36 4 48 13 8 80 7 4 31 25 8 19 35 8 17 5 8 3 20 4 34 4 30 4 24 14 4 9 4 63 21 4 11 4 38 4 14 51 4 17 4 59 15 4 24 4 12 4 56 37 4 52 4 80 7 4 22 4 1 26 16 14 16 80 31 26 26 4 9 4 47 25 4 19 4 16 4 82 19 4 17 4 21 28 16 19 16 21 35 35 16 4 35 4 39 8 16 49 16 85 25 4 22 4 48 4 32 28 4 35 4 8 30 4 10 4 23 4 40 32 4 36 4 34 24 15 4 58 5 49 29 4 28 37 31 4 95 8 16 40 16 76 22 4 12 4 23 4 7 26 9 15 4 21 31 48 4 37 11 4 38 4 13 4 56 9 16 5 16 89 34 4 9 4 55 36 4 21 4 43 4 14 6 4 17 22 7 4 76 19 4 9 4 6 4 41 4 43 32 4 9 4 5 4 11 4 14 42 4 24 4 6 36 40 4 17 7 4 6 4 37 4 65 28 4 36 28 17 4 71 14 4 33 5 19 4 49 37 4 34 4 69 9 59 18 4 35 33 35 4 64 36 4 37 4 101 43 4 12 4 25 4 16 4 59 38 4 32 4 6 4 19 4 68 24 4 32 4 53 26 48 22 4 13 4 50 19 4 50 4 41 4 24 4 70 46 4 29 4 19 4 44 28 4 13 4 18 4 31 11 4 5 4 7 4 21 4 19 6 4 13 4 31 4 28 4 
iteration 393 best: 1.01479 time: 162994
33 6 8 76 14 8 56 15 8 83 35 4 44 4 37 44 4 32 4 62 15 8 18 9 4 19 4 80 34 12 88 41 8 69 34 8 112 12 8 59 29 12 56 31 4 12 4 20 33 4 5 4 15 4 38 4 81 29 4 18 4 53 4 79 39 8 80 15 8 25 22 4 14 4 2 37 16 31 16 76 19 4 16 4 12 4 48 4 66 26 4 40 4 45 4 13 22 8 36 8 71 5 4 37 4 20 4 21 4 81 25 8 85 12 4 33 4 24 4 36 4 48 13 8 80 7 4 31 25 8 19 35 8 17 5 8 3 20 4 34 4 30 4 24 14 4 9 4 63 21 4 11 4 38 4 14 51 4 17 4 59 15 4 24 4 12 4 56 37 4 52 4 80 7 4 22 4 1 26 16 14 16 80 31 26 26 4 9 4 47 25 4 19 4 16 4 82 19 4 17 4 21 28 16 19 16 21 35 35 16 4 35 4 39 8 16 49 16 85 25 4 22 4 48 4 32 28 4 35 4 8 30 4 10 4 23 4 40 32 4 36 4 34 24 15 4 58 5 49 29 4 28 37 31 4 95 8 16 40 16 76 22 4 12 4 23 4 7 26 9 15 4 21 31 48 4 37 11 4 38 4 13 4 56 9 16 5 16 89 34 4 9 4 55 36 4 21 4 43 4 14 6 4 17 22 7 4 76 19 4 9 4 6 4 41 4 43 32 4 9 4 5 4 11 4 14 42 4 24 4 6 36 40 4 17 7 4 6 4 37 4 65 28 4 36 28 17 4 71 14 4 33 5 19 4 49 37 4 34 4 69 9 59 18 4 35 33 35 4 64 36 4 37 4 101 43 4 12 4 25 4 16 4 59 38 4 32 4 6 4 19 4 68 24 4 32 4 53 26 48 22 4 13 4 50 19 4 50 4 41 4 24 4 70 46 4 29 4 19 4 44 28 4 13 4 18 4 31 11 4 5 4 7 4 21 4 19 6 4 13 4 31 4 28 4 
iteration 411 best: 1.01479 time: 170418
33 6 8 76 14 8 56 15 8 83 35 4 44 4 37 44 4 32 4 62 15 8 18 9 4 19 4 80 34 12 88 41 8 69 34 8 112 12 8 59 29 12 56 31 4 12 4 20 33 4 5 4 15 4 38 4 81 29 4 18 4 53 4 79 39 8 80 15 8 25 22 4 14 4 2 37 16 31 16 76 19 4 16 4 12 4 48 4 66 26 4 40 4 45 4 13 22 8 36 8 71 5 4 37 4 20 4 21 4 81 25 8 85 12 4 33 4 24 4 36 4 48 13 8 80 7 4 31 25 8 19 35 8 17 5 8 3 20 4 34 4 30 4 24 14 4 9 4 63 21 4 11 4 38 4 14 51 4 17 4 59 15 4 24 4 12 4 56 37 4 52 4 80 7 4 22 4 1 26 16 14 16 80 31 26 26 4 9 4 47 25 4 19 4 16 4 82 19 4 17 4 21 28 16 19 16 21 35 35 16 4 35 4 39 8 16 49 16 85 25 4 22 4 48 4 32 28 4 35 4 8 30 4 10 4 23 4 40 32 4 36 4 34 24 15 4 58 5 49 29 4 28 37 31 4 95 8 16 40 16 76 22 4 12 4 23 4 7 26 9 15 4 21 31 48 4 37 11 4 38 4 13 4 56 9 16 5 16 89 34 4 9 4 55 36 4 21 4 43 4 14 6 4 17 22 7 4 76 19 4 9 4 6 4 41 4 43 32 4 9 4 5 4 11 4 14 42 4 24 4 6 36 40 4 17 7 4 6 4 37 4 65 28 4 36 28 17 4 71 14 4 33 5 19 4 49 37 4 34 4 69 9 59 18 4 35 33 35 4 64 36 4 37 4 101 43 4 12 4 25 4 16 4 59 38 4 32 4 6 4 19 4 68 24 4 32 4 53 26 48 22 4 13 4 50 19 4 50 4 41 4 24 4 70 46 4 29 4 19 4 44 28 4 13 4 18 4 31 11 4 5 4 7 4 21 4 19 6 4 13 4 31 4 28 4 
iteration 429 best: 1.01479 time: 177793
33 6 8 76 14 8 56 15 8 83 35 4 44 4 37 44 4 32 4 62 15 8 18 9 4 19 4 80 34 12 88 41 8 69 34 8 112 12 8 59 29 12 56 31 4 12 4 20 33 4 5 4 15 4 38 4 81 29 4 18 4 53 4 79 39 8 80 15 8 25 22 4 14 4 2 37 16 31 16 76 19 4 16 4 12 4 48 4 66 26 4 40 4 45 4 13 22 8 36 8 71 5 4 37 4 20 4 21 4 81 25 8 85 12 4 33 4 24 4 36 4 48 13 8 80 7 4 31 25 8 19 35 8 17 5 8 3 20 4 34 4 30 4 24 14 4 9 4 63 21 4 11 4 38 4 14 51 4 17 4 59 15 4 24 4 12 4 56 37 4 52 4 80 7 4 22 4 1 26 16 14 16 80 31 26 26 4 9 4 47 25 4 19 4 16 4 82 19 4 17 4 21 28 16 19 16 21 35 35 16 4 35 4 39 8 16 49 16 85 25 4 22 4 48 4 32 28 4 35 4 8 30 4 10 4 23 4 40 32 4 36 4 34 24 15 4 58 5 49 29 4 28 37 31 4 95 8 16 40 16 76 22 4 12 4 23 4 7 26 9 15 4 21 31 48 4 37 11 4 38 4 13 4 56 9 16 5 16 89 34 4 9 4 55 36 4 21 4 43 4 14 6 4 17 22 7 4 76 19 4 9 4 6 4 41 4 43 32 4 9 4 5 4 11 4 14 42 4 24 4 6 36 40 4 17 7 4 6 4 37 4 65 28 4 36 28 17 4 71 14 4 33 5 19 4 49 37 4 34 4 69 9 59 18 4 35 33 35 4 64 36 4 37 4 101 43 4 12 4 25 4 16 4 59 38 4 32 4 6 4 19 4 68 24 4 32 4 53 26 48 22 4 13 4 50 19 4 50 4 41 4 24 4 70 46 4 29 4 19 4 44 28 4 13 4 18 4 31 11 4 5 4 7 4 21 4 19 6 4 13 4 31 4 28 4 
iteration 447 best: 1.01479 time: 185197
33 6 8 76 14 8 56 15 8 83 35 4 44 4 37 44 4 32 4 62 15 8 18 9 4 19 4 80 34 12 88 41 8 69 34 8 112 12 8 59 29 12 56 31 4 12 4 20 33 4 5 4 15 4 38 4 81 29 4 18 4 53 4 79 39 8 80 15 8 25 22 4 14 4 2 37 16 31 16 76 19 4 16 4 12 4 48 4 66 26 4 40 4 45 4 13 22 8 36 8 71 5 4 37 4 20 4 21 4 81 25 8 85 12 4 33 4 24 4 36 4 48 13 8 80 7 4 31 25 8 19 35 8 17 5 8 3 20 4 34 4 30 4 24 14 4 9 4 63 21 4 11 4 38 4 14 51 4 17 4 59 15 4 24 4 12 4 56 37 4 52 4 80 7 4 22 4 1 26 16 14 16 80 31 26 26 4 9 4 47 25 4 19 4 16 4 82 19 4 17 4 21 28 16 19 16 21 35 35 16 4 35 4 39 8 16 49 16 85 25 4 22 4 48 4 32 28 4 35 4 8 30 4 10 4 23 4 40 32 4 36 4 34 24 15 4 58 5 49 29 4 28 37 31 4 95 8 16 40 16 76 22 4 12 4 23 4 7 26 9 15 4 21 31 48 4 37 11 4 38 4 13 4 56 9 16 5 16 89 34 4 9 4 55 36 4 21 4 43 4 14 6 4 17 22 7 4 76 19 4 9 4 6 4 41 4 43 32 4 9 4 5 4 11 4 14 42 4 24 4 6 36 40 4 17 7 4 6 4 37 4 65 28 4 36 28 17 4 71 14 4 33 5 19 4 49 37 4 34 4 69 9 59 18 4 35 33 35 4 64 36 4 37 4 101 43 4 12 4 25 4 16 4 59 38 4 32 4 6 4 19 4 68 24 4 32 4 53 26 48 22 4 13 4 50 19 4 50 4 41 4 24 4 70 46 4 29 4 19 4 44 28 4 13 4 18 4 31 11 4 5 4 7 4 21 4 19 6 4 13 4 31 4 28 4 
iteration 465 best: 1.01479 time: 192593
33 6 8 76 14 8 56 15 8 83 35 4 44 4 37 44 4 32 4 62 15 8 18 9 4 19 4 80 34 12 88 41 8 69 34 8 112 12 8 59 29 12 56 31 4 12 4 20 33 4 5 4 15 4 38 4 81 29 4 18 4 53 4 79 39 8 80 15 8 25 22 4 14 4 2 37 16 31 16 76 19 4 16 4 12 4 48 4 66 26 4 40 4 45 4 13 22 8 36 8 71 5 4 37 4 20 4 21 4 81 25 8 85 12 4 33 4 24 4 36 4 48 13 8 80 7 4 31 25 8 19 35 8 17 5 8 3 20 4 34 4 30 4 24 14 4 9 4 63 21 4 11 4 38 4 14 51 4 17 4 59 15 4 24 4 12 4 56 37 4 52 4 80 7 4 22 4 1 26 16 14 16 80 31 26 26 4 9 4 47 25 4 19 4 16 4 82 19 4 17 4 21 28 16 19 16 21 35 35 16 4 35 4 39 8 16 49 16 85 25 4 22 4 48 4 32 28 4 35 4 8 30 4 10 4 23 4 40 32 4 36 4 34 24 15 4 58 5 49 29 4 28 37 31 4 95 8 16 40 16 76 22 4 12 4 23 4 7 26 9 15 4 21 31 48 4 37 11 4 38 4 13 4 56 9 16 5 16 89 34 4 9 4 55 36 4 21 4 43 4 14 6 4 17 22 7 4 76 19 4 9 4 6 4 41 4 43 32 4 9 4 5 4 11 4 14 42 4 24 4 6 36 40 4 17 7 4 6 4 37 4 65 28 4 36 28 17 4 71 14 4 33 5 19 4 49 37 4 34 4 69 9 59 18 4 35 33 35 4 64 36 4 37 4 101 43 4 12 4 25 4 16 4 59 38 4 32 4 6 4 19 4 68 24 4 32 4 53 26 48 22 4 13 4 50 19 4 50 4 41 4 24 4 70 46 4 29 4 19 4 44 28 4 13 4 18 4 31 11 4 5 4 7 4 21 4 19 6 4 13 4 31 4 28 4 
iteration 483 best: 1.01479 time: 199994
33 6 8 76 14 8 56 15 8 83 35 4 44 4 37 44 4 32 4 62 15 8 18 9 4 19 4 80 34 12 88 41 8 69 34 8 112 12 8 59 29 12 56 31 4 12 4 20 33 4 5 4 15 4 38 4 81 29 4 18 4 53 4 79 39 8 80 15 8 25 22 4 14 4 2 37 16 31 16 76 19 4 16 4 12 4 48 4 66 26 4 40 4 45 4 13 22 8 36 8 71 5 4 37 4 20 4 21 4 81 25 8 85 12 4 33 4 24 4 36 4 48 13 8 80 7 4 31 25 8 19 35 8 17 5 8 3 20 4 34 4 30 4 24 14 4 9 4 63 21 4 11 4 38 4 14 51 4 17 4 59 15 4 24 4 12 4 56 37 4 52 4 80 7 4 22 4 1 26 16 14 16 80 31 26 26 4 9 4 47 25 4 19 4 16 4 82 19 4 17 4 21 28 16 19 16 21 35 35 16 4 35 4 39 8 16 49 16 85 25 4 22 4 48 4 32 28 4 35 4 8 30 4 10 4 23 4 40 32 4 36 4 34 24 15 4 58 5 49 29 4 28 37 31 4 95 8 16 40 16 76 22 4 12 4 23 4 7 26 9 15 4 21 31 48 4 37 11 4 38 4 13 4 56 9 16 5 16 89 34 4 9 4 55 36 4 21 4 43 4 14 6 4 17 22 7 4 76 19 4 9 4 6 4 41 4 43 32 4 9 4 5 4 11 4 14 42 4 24 4 6 36 40 4 17 7 4 6 4 37 4 65 28 4 36 28 17 4 71 14 4 33 5 19 4 49 37 4 34 4 69 9 59 18 4 35 33 35 4 64 36 4 37 4 101 43 4 12 4 25 4 16 4 59 38 4 32 4 6 4 19 4 68 24 4 32 4 53 26 48 22 4 13 4 50 19 4 50 4 41 4 24 4 70 46 4 29 4 19 4 44 28 4 13 4 18 4 31 11 4 5 4 7 4 21 4 19 6 4 13 4 31 4 28 4 
iteration 501 best: 1.01479 time: 207383
33 6 8 76 14 8 56 15 8 83 35 4 44 4 37 44 4 32 4 62 15 8 18 9 4 19 4 80 34 12 88 41 8 69 34 8 112 12 8 59 29 12 56 31 4 12 4 20 33 4 5 4 15 4 38 4 81 29 4 18 4 53 4 79 39 8 80 15 8 25 22 4 14 4 2 37 16 31 16 76 19 4 16 4 12 4 48 4 66 26 4 40 4 45 4 13 22 8 36 8 71 5 4 37 4 20 4 21 4 81 25 8 85 12 4 33 4 24 4 36 4 48 13 8 80 7 4 31 25 8 19 35 8 17 5 8 3 20 4 34 4 30 4 24 14 4 9 4 63 21 4 11 4 38 4 14 51 4 17 4 59 15 4 24 4 12 4 56 37 4 52 4 80 7 4 22 4 1 26 16 14 16 80 31 26 26 4 9 4 47 25 4 19 4 16 4 82 19 4 17 4 21 28 16 19 16 21 35 35 16 4 35 4 39 8 16 49 16 85 25 4 22 4 48 4 32 28 4 35 4 8 30 4 10 4 23 4 40 32 4 36 4 34 24 15 4 58 5 49 29 4 28 37 31 4 95 8 16 40 16 76 22 4 12 4 23 4 7 26 9 15 4 21 31 48 4 37 11 4 38 4 13 4 56 9 16 5 16 89 34 4 9 4 55 36 4 21 4 43 4 14 6 4 17 22 7 4 76 19 4 9 4 6 4 41 4 43 32 4 9 4 5 4 11 4 14 42 4 24 4 6 36 40 4 17 7 4 6 4 37 4 65 28 4 36 28 17 4 71 14 4 33 5 19 4 49 37 4 34 4 69 9 59 18 4 35 33 35 4 64 36 4 37 4 101 43 4 12 4 25 4 16 4 59 38 4 32 4 6 4 19 4 68 24 4 32 4 53 26 48 22 4 13 4 50 19 4 50 4 41 4 24 4 70 46 4 29 4 19 4 44 28 4 13 4 18 4 31 11 4 5 4 7 4 21 4 19 6 4 13 4 31 4 28 4 
iteration 519 best: 1.01479 time: 214770
33 6 8 76 14 8 56 15 8 83 35 4 44 4 37 44 4 32 4 62 15 8 18 9 4 19 4 80 34 12 88 41 8 69 34 8 112 12 8 59 29 12 56 31 4 12 4 20 33 4 5 4 15 4 38 4 81 29 4 18 4 53 4 79 39 8 80 15 8 25 22 4 14 4 2 37 16 31 16 76 19 4 16 4 12 4 48 4 66 26 4 40 4 45 4 13 22 8 36 8 71 5 4 37 4 20 4 21 4 81 25 8 85 12 4 33 4 24 4 36 4 48 13 8 80 7 4 31 25 8 19 35 8 17 5 8 3 20 4 34 4 30 4 24 14 4 9 4 63 21 4 11 4 38 4 14 51 4 17 4 59 15 4 24 4 12 4 56 37 4 52 4 80 7 4 22 4 1 26 16 14 16 80 31 26 26 4 9 4 47 25 4 19 4 16 4 82 19 4 17 4 21 28 16 19 16 21 35 35 16 4 35 4 39 8 16 49 16 85 25 4 22 4 48 4 32 28 4 35 4 8 30 4 10 4 23 4 40 32 4 36 4 34 24 15 4 58 5 49 29 4 28 37 31 4 95 8 16 40 16 76 22 4 12 4 23 4 7 26 9 15 4 21 31 48 4 37 11 4 38 4 13 4 56 9 16 5 16 89 34 4 9 4 55 36 4 21 4 43 4 14 6 4 17 22 7 4 76 19 4 9 4 6 4 41 4 43 32 4 9 4 5 4 11 4 14 42 4 24 4 6 36 40 4 17 7 4 6 4 37 4 65 28 4 36 28 17 4 71 14 4 33 5 19 4 49 37 4 34 4 69 9 59 18 4 35 33 35 4 64 36 4 37 4 101 43 4 12 4 25 4 16 4 59 38 4 32 4 6 4 19 4 68 24 4 32 4 53 26 48 22 4 13 4 50 19 4 50 4 41 4 24 4 70 46 4 29 4 19 4 44 28 4 13 4 18 4 31 11 4 5 4 7 4 21 4 19 6 4 13 4 31 4 28 4 
iteration 537 best: 1.01479 time: 222209
33 6 8 76 14 8 56 15 8 83 35 4 44 4 37 44 4 32 4 62 15 8 18 9 4 19 4 80 34 12 88 41 8 69 34 8 112 12 8 59 29 12 56 31 4 12 4 20 33 4 5 4 15 4 38 4 81 29 4 18 4 53 4 79 39 8 80 15 8 25 22 4 14 4 2 37 16 31 16 76 19 4 16 4 12 4 48 4 66 26 4 40 4 45 4 13 22 8 36 8 71 5 4 37 4 20 4 21 4 81 25 8 85 12 4 33 4 24 4 36 4 48 13 8 80 7 4 31 25 8 19 35 8 17 5 8 3 20 4 34 4 30 4 24 14 4 9 4 63 21 4 11 4 38 4 14 51 4 17 4 59 15 4 24 4 12 4 56 37 4 52 4 80 7 4 22 4 1 26 16 14 16 80 31 26 26 4 9 4 47 25 4 19 4 16 4 82 19 4 17 4 21 28 16 19 16 21 35 35 16 4 35 4 39 8 16 49 16 85 25 4 22 4 48 4 32 28 4 35 4 8 30 4 10 4 23 4 40 32 4 36 4 34 24 15 4 58 5 49 29 4 28 37 31 4 95 8 16 40 16 76 22 4 12 4 23 4 7 26 9 15 4 21 31 48 4 37 11 4 38 4 13 4 56 9 16 5 16 89 34 4 9 4 55 36 4 21 4 43 4 14 6 4 17 22 7 4 76 19 4 9 4 6 4 41 4 43 32 4 9 4 5 4 11 4 14 42 4 24 4 6 36 40 4 17 7 4 6 4 37 4 65 28 4 36 28 17 4 71 14 4 33 5 19 4 49 37 4 34 4 69 9 59 18 4 35 33 35 4 64 36 4 37 4 101 43 4 12 4 25 4 16 4 59 38 4 32 4 6 4 19 4 68 24 4 32 4 53 26 48 22 4 13 4 50 19 4 50 4 41 4 24 4 70 46 4 29 4 19 4 44 28 4 13 4 18 4 31 11 4 5 4 7 4 21 4 19 6 4 13 4 31 4 28 4 
iteration 555 best: 1.01479 time: 229603
33 6 8 76 14 8 56 15 8 83 35 4 44 4 37 44 4 32 4 62 15 8 18 9 4 19 4 80 34 12 88 41 8 69 34 8 112 12 8 59 29 12 56 31 4 12 4 20 33 4 5 4 15 4 38 4 81 29 4 18 4 53 4 79 39 8 80 15 8 25 22 4 14 4 2 37 16 31 16 76 19 4 16 4 12 4 48 4 66 26 4 40 4 45 4 13 22 8 36 8 71 5 4 37 4 20 4 21 4 81 25 8 85 12 4 33 4 24 4 36 4 48 13 8 80 7 4 31 25 8 19 35 8 17 5 8 3 20 4 34 4 30 4 24 14 4 9 4 63 21 4 11 4 38 4 14 51 4 17 4 59 15 4 24 4 12 4 56 37 4 52 4 80 7 4 22 4 1 26 16 14 16 80 31 26 26 4 9 4 47 25 4 19 4 16 4 82 19 4 17 4 21 28 16 19 16 21 35 35 16 4 35 4 39 8 16 49 16 85 25 4 22 4 48 4 32 28 4 35 4 8 30 4 10 4 23 4 40 32 4 36 4 34 24 15 4 58 5 49 29 4 28 37 31 4 95 8 16 40 16 76 22 4 12 4 23 4 7 26 9 15 4 21 31 48 4 37 11 4 38 4 13 4 56 9 16 5 16 89 34 4 9 4 55 36 4 21 4 43 4 14 6 4 17 22 7 4 76 19 4 9 4 6 4 41 4 43 32 4 9 4 5 4 11 4 14 42 4 24 4 6 36 40 4 17 7 4 6 4 37 4 65 28 4 36 28 17 4 71 14 4 33 5 19 4 49 37 4 34 4 69 9 59 18 4 35 33 35 4 64 36 4 37 4 101 43 4 12 4 25 4 16 4 59 38 4 32 4 6 4 19 4 68 24 4 32 4 53 26 48 22 4 13 4 50 19 4 50 4 41 4 24 4 70 46 4 29 4 19 4 44 28 4 13 4 18 4 31 11 4 5 4 7 4 21 4 19 6 4 13 4 31 4 28 4 
iteration 573 best: 1.01479 time: 237034
33 6 8 76 14 8 56 15 8 83 35 4 44 4 37 44 4 32 4 62 15 8 18 9 4 19 4 80 34 12 88 41 8 69 34 8 112 12 8 59 29 12 56 31 4 12 4 20 33 4 5 4 15 4 38 4 81 29 4 18 4 53 4 79 39 8 80 15 8 25 22 4 14 4 2 37 16 31 16 76 19 4 16 4 12 4 48 4 66 26 4 40 4 45 4 13 22 8 36 8 71 5 4 37 4 20 4 21 4 81 25 8 85 12 4 33 4 24 4 36 4 48 13 8 80 7 4 31 25 8 19 35 8 17 5 8 3 20 4 34 4 30 4 24 14 4 9 4 63 21 4 11 4 38 4 14 51 4 17 4 59 15 4 24 4 12 4 56 37 4 52 4 80 7 4 22 4 1 26 16 14 16 80 31 26 26 4 9 4 47 25 4 19 4 16 4 82 19 4 17 4 21 28 16 19 16 21 35 35 16 4 35 4 39 8 16 49 16 85 25 4 22 4 48 4 32 28 4 35 4 8 30 4 10 4 23 4 40 32 4 36 4 34 24 15 4 58 5 49 29 4 28 37 31 4 95 8 16 40 16 76 22 4 12 4 23 4 7 26 9 15 4 21 31 48 4 37 11 4 38 4 13 4 56 9 16 5 16 89 34 4 9 4 55 36 4 21 4 43 4 14 6 4 17 22 7 4 76 19 4 9 4 6 4 41 4 43 32 4 9 4 5 4 11 4 14 42 4 24 4 6 36 40 4 17 7 4 6 4 37 4 65 28 4 36 28 17 4 71 14 4 33 5 19 4 49 37 4 34 4 69 9 59 18 4 35 33 35 4 64 36 4 37 4 101 43 4 12 4 25 4 16 4 59 38 4 32 4 6 4 19 4 68 24 4 32 4 53 26 48 22 4 13 4 50 19 4 50 4 41 4 24 4 70 46 4 29 4 19 4 44 28 4 13 4 18 4 31 11 4 5 4 7 4 21 4 19 6 4 13 4 31 4 28 4 
iteration 591 best: 1.01479 time: 244416
33 6 8 76 14 8 56 15 8 83 35 4 44 4 37 44 4 32 4 62 15 8 18 9 4 19 4 80 34 12 88 41 8 69 34 8 112 12 8 59 29 12 56 31 4 12 4 20 33 4 5 4 15 4 38 4 81 29 4 18 4 53 4 79 39 8 80 15 8 25 22 4 14 4 2 37 16 31 16 76 19 4 16 4 12 4 48 4 66 26 4 40 4 45 4 13 22 8 36 8 71 5 4 37 4 20 4 21 4 81 25 8 85 12 4 33 4 24 4 36 4 48 13 8 80 7 4 31 25 8 19 35 8 17 5 8 3 20 4 34 4 30 4 24 14 4 9 4 63 21 4 11 4 38 4 14 51 4 17 4 59 15 4 24 4 12 4 56 37 4 52 4 80 7 4 22 4 1 26 16 14 16 80 31 26 26 4 9 4 47 25 4 19 4 16 4 82 19 4 17 4 21 28 16 19 16 21 35 35 16 4 35 4 39 8 16 49 16 85 25 4 22 4 48 4 32 28 4 35 4 8 30 4 10 4 23 4 40 32 4 36 4 34 24 15 4 58 5 49 29 4 28 37 31 4 95 8 16 40 16 76 22 4 12 4 23 4 7 26 9 15 4 21 31 48 4 37 11 4 38 4 13 4 56 9 16 5 16 89 34 4 9 4 55 36 4 21 4 43 4 14 6 4 17 22 7 4 76 19 4 9 4 6 4 41 4 43 32 4 9 4 5 4 11 4 14 42 4 24 4 6 36 40 4 17 7 4 6 4 37 4 65 28 4 36 28 17 4 71 14 4 33 5 19 4 49 37 4 34 4 69 9 59 18 4 35 33 35 4 64 36 4 37 4 101 43 4 12 4 25 4 16 4 59 38 4 32 4 6 4 19 4 68 24 4 32 4 53 26 48 22 4 13 4 50 19 4 50 4 41 4 24 4 70 46 4 29 4 19 4 44 28 4 13 4 18 4 31 11 4 5 4 7 4 21 4 19 6 4 13 4 31 4 28 4 
iteration 609 best: 1.01479 time: 251815
33 6 8 76 14 8 56 15 8 83 35 4 44 4 37 44 4 32 4 62 15 8 18 9 4 19 4 80 34 12 88 41 8 69 34 8 112 12 8 59 29 12 56 31 4 12 4 20 33 4 5 4 15 4 38 4 81 29 4 18 4 53 4 79 39 8 80 15 8 25 22 4 14 4 2 37 16 31 16 76 19 4 16 4 12 4 48 4 66 26 4 40 4 45 4 13 22 8 36 8 71 5 4 37 4 20 4 21 4 81 25 8 85 12 4 33 4 24 4 36 4 48 13 8 80 7 4 31 25 8 19 35 8 17 5 8 3 20 4 34 4 30 4 24 14 4 9 4 63 21 4 11 4 38 4 14 51 4 17 4 59 15 4 24 4 12 4 56 37 4 52 4 80 7 4 22 4 1 26 16 14 16 80 31 26 26 4 9 4 47 25 4 19 4 16 4 82 19 4 17 4 21 28 16 19 16 21 35 35 16 4 35 4 39 8 16 49 16 85 25 4 22 4 48 4 32 28 4 35 4 8 30 4 10 4 23 4 40 32 4 36 4 34 24 15 4 58 5 49 29 4 28 37 31 4 95 8 16 40 16 76 22 4 12 4 23 4 7 26 9 15 4 21 31 48 4 37 11 4 38 4 13 4 56 9 16 5 16 89 34 4 9 4 55 36 4 21 4 43 4 14 6 4 17 22 7 4 76 19 4 9 4 6 4 41 4 43 32 4 9 4 5 4 11 4 14 42 4 24 4 6 36 40 4 17 7 4 6 4 37 4 65 28 4 36 28 17 4 71 14 4 33 5 19 4 49 37 4 34 4 69 9 59 18 4 35 33 35 4 64 36 4 37 4 101 43 4 12 4 25 4 16 4 59 38 4 32 4 6 4 19 4 68 24 4 32 4 53 26 48 22 4 13 4 50 19 4 50 4 41 4 24 4 70 46 4 29 4 19 4 44 28 4 13 4 18 4 31 11 4 5 4 7 4 21 4 19 6 4 13 4 31 4 28 4 
iteration 627 best: 1.01479 time: 259202
33 6 8 76 14 8 56 15 8 83 35 4 44 4 37 44 4 32 4 62 15 8 18 9 4 19 4 80 34 12 88 41 8 69 34 8 112 12 8 59 29 12 56 31 4 12 4 20 33 4 5 4 15 4 38 4 81 29 4 18 4 53 4 79 39 8 80 15 8 25 22 4 14 4 2 37 16 31 16 76 19 4 16 4 12 4 48 4 66 26 4 40 4 45 4 13 22 8 36 8 71 5 4 37 4 20 4 21 4 81 25 8 85 12 4 33 4 24 4 36 4 48 13 8 80 7 4 31 25 8 19 35 8 17 5 8 3 20 4 34 4 30 4 24 14 4 9 4 63 21 4 11 4 38 4 14 51 4 17 4 59 15 4 24 4 12 4 56 37 4 52 4 80 7 4 22 4 1 26 16 14 16 80 31 26 26 4 9 4 47 25 4 19 4 16 4 82 19 4 17 4 21 28 16 19 16 21 35 35 16 4 35 4 39 8 16 49 16 85 25 4 22 4 48 4 32 28 4 35 4 8 30 4 10 4 23 4 40 32 4 36 4 34 24 15 4 58 5 49 29 4 28 37 31 4 95 8 16 40 16 76 22 4 12 4 23 4 7 26 9 15 4 21 31 48 4 37 11 4 38 4 13 4 56 9 16 5 16 89 34 4 9 4 55 36 4 21 4 43 4 14 6 4 17 22 7 4 76 19 4 9 4 6 4 41 4 43 32 4 9 4 5 4 11 4 14 42 4 24 4 6 36 40 4 17 7 4 6 4 37 4 65 28 4 36 28 17 4 71 14 4 33 5 19 4 49 37 4 34 4 69 9 59 18 4 35 33 35 4 64 36 4 37 4 101 43 4 12 4 25 4 16 4 59 38 4 32 4 6 4 19 4 68 24 4 32 4 53 26 48 22 4 13 4 50 19 4 50 4 41 4 24 4 70 46 4 29 4 19 4 44 28 4 13 4 18 4 31 11 4 5 4 7 4 21 4 19 6 4 13 4 31 4 28 4 
iteration 645 best: 1.01479 time: 266596
33 6 8 76 14 8 56 15 8 83 35 4 44 4 37 44 4 32 4 62 15 8 18 9 4 19 4 80 34 12 88 41 8 69 34 8 112 12 8 59 29 12 56 31 4 12 4 20 33 4 5 4 15 4 38 4 81 29 4 18 4 53 4 79 39 8 80 15 8 25 22 4 14 4 2 37 16 31 16 76 19 4 16 4 12 4 48 4 66 26 4 40 4 45 4 13 22 8 36 8 71 5 4 37 4 20 4 21 4 81 25 8 85 12 4 33 4 24 4 36 4 48 13 8 80 7 4 31 25 8 19 35 8 17 5 8 3 20 4 34 4 30 4 24 14 4 9 4 63 21 4 11 4 38 4 14 51 4 17 4 59 15 4 24 4 12 4 56 37 4 52 4 80 7 4 22 4 1 26 16 14 16 80 31 26 26 4 9 4 47 25 4 19 4 16 4 82 19 4 17 4 21 28 16 19 16 21 35 35 16 4 35 4 39 8 16 49 16 85 25 4 22 4 48 4 32 28 4 35 4 8 30 4 10 4 23 4 40 32 4 36 4 34 24 15 4 58 5 49 29 4 28 37 31 4 95 8 16 40 16 76 22 4 12 4 23 4 7 26 9 15 4 21 31 48 4 37 11 4 38 4 13 4 56 9 16 5 16 89 34 4 9 4 55 36 4 21 4 43 4 14 6 4 17 22 7 4 76 19 4 9 4 6 4 41 4 43 32 4 9 4 5 4 11 4 14 42 4 24 4 6 36 40 4 17 7 4 6 4 37 4 65 28 4 36 28 17 4 71 14 4 33 5 19 4 49 37 4 34 4 69 9 59 18 4 35 33 35 4 64 36 4 37 4 101 43 4 12 4 25 4 16 4 59 38 4 32 4 6 4 19 4 68 24 4 32 4 53 26 48 22 4 13 4 50 19 4 50 4 41 4 24 4 70 46 4 29 4 19 4 44 28 4 13 4 18 4 31 11 4 5 4 7 4 21 4 19 6 4 13 4 31 4 28 4 
iteration 663 best: 1.01479 time: 273991
33 6 8 76 14 8 56 15 8 83 35 4 44 4 37 44 4 32 4 62 15 8 18 9 4 19 4 80 34 12 88 41 8 69 34 8 112 12 8 59 29 12 56 31 4 12 4 20 33 4 5 4 15 4 38 4 81 29 4 18 4 53 4 79 39 8 80 15 8 25 22 4 14 4 2 37 16 31 16 76 19 4 16 4 12 4 48 4 66 26 4 40 4 45 4 13 22 8 36 8 71 5 4 37 4 20 4 21 4 81 25 8 85 12 4 33 4 24 4 36 4 48 13 8 80 7 4 31 25 8 19 35 8 17 5 8 3 20 4 34 4 30 4 24 14 4 9 4 63 21 4 11 4 38 4 14 51 4 17 4 59 15 4 24 4 12 4 56 37 4 52 4 80 7 4 22 4 1 26 16 14 16 80 31 26 26 4 9 4 47 25 4 19 4 16 4 82 19 4 17 4 21 28 16 19 16 21 35 35 16 4 35 4 39 8 16 49 16 85 25 4 22 4 48 4 32 28 4 35 4 8 30 4 10 4 23 4 40 32 4 36 4 34 24 15 4 58 5 49 29 4 28 37 31 4 95 8 16 40 16 76 22 4 12 4 23 4 7 26 9 15 4 21 31 48 4 37 11 4 38 4 13 4 56 9 16 5 16 89 34 4 9 4 55 36 4 21 4 43 4 14 6 4 17 22 7 4 76 19 4 9 4 6 4 41 4 43 32 4 9 4 5 4 11 4 14 42 4 24 4 6 36 40 4 17 7 4 6 4 37 4 65 28 4 36 28 17 4 71 14 4 33 5 19 4 49 37 4 34 4 69 9 59 18 4 35 33 35 4 64 36 4 37 4 101 43 4 12 4 25 4 16 4 59 38 4 32 4 6 4 19 4 68 24 4 32 4 53 26 48 22 4 13 4 50 19 4 50 4 41 4 24 4 70 46 4 29 4 19 4 44 28 4 13 4 18 4 31 11 4 5 4 7 4 21 4 19 6 4 13 4 31 4 28 4 
iteration 681 best: 1.01479 time: 281398
33 6 8 76 14 8 56 15 8 83 35 4 44 4 37 44 4 32 4 62 15 8 18 9 4 19 4 80 34 12 88 41 8 69 34 8 112 12 8 59 29 12 56 31 4 12 4 20 33 4 5 4 15 4 38 4 81 29 4 18 4 53 4 79 39 8 80 15 8 25 22 4 14 4 2 37 16 31 16 76 19 4 16 4 12 4 48 4 66 26 4 40 4 45 4 13 22 8 36 8 71 5 4 37 4 20 4 21 4 81 25 8 85 12 4 33 4 24 4 36 4 48 13 8 80 7 4 31 25 8 19 35 8 17 5 8 3 20 4 34 4 30 4 24 14 4 9 4 63 21 4 11 4 38 4 14 51 4 17 4 59 15 4 24 4 12 4 56 37 4 52 4 80 7 4 22 4 1 26 16 14 16 80 31 26 26 4 9 4 47 25 4 19 4 16 4 82 19 4 17 4 21 28 16 19 16 21 35 35 16 4 35 4 39 8 16 49 16 85 25 4 22 4 48 4 32 28 4 35 4 8 30 4 10 4 23 4 40 32 4 36 4 34 24 15 4 58 5 49 29 4 28 37 31 4 95 8 16 40 16 76 22 4 12 4 23 4 7 26 9 15 4 21 31 48 4 37 11 4 38 4 13 4 56 9 16 5 16 89 34 4 9 4 55 36 4 21 4 43 4 14 6 4 17 22 7 4 76 19 4 9 4 6 4 41 4 43 32 4 9 4 5 4 11 4 14 42 4 24 4 6 36 40 4 17 7 4 6 4 37 4 65 28 4 36 28 17 4 71 14 4 33 5 19 4 49 37 4 34 4 69 9 59 18 4 35 33 35 4 64 36 4 37 4 101 43 4 12 4 25 4 16 4 59 38 4 32 4 6 4 19 4 68 24 4 32 4 53 26 48 22 4 13 4 50 19 4 50 4 41 4 24 4 70 46 4 29 4 19 4 44 28 4 13 4 18 4 31 11 4 5 4 7 4 21 4 19 6 4 13 4 31 4 28 4 
iteration 699 best: 1.01479 time: 288812
33 6 8 76 14 8 56 15 8 83 35 4 44 4 37 44 4 32 4 62 15 8 18 9 4 19 4 80 34 12 88 41 8 69 34 8 112 12 8 59 29 12 56 31 4 12 4 20 33 4 5 4 15 4 38 4 81 29 4 18 4 53 4 79 39 8 80 15 8 25 22 4 14 4 2 37 16 31 16 76 19 4 16 4 12 4 48 4 66 26 4 40 4 45 4 13 22 8 36 8 71 5 4 37 4 20 4 21 4 81 25 8 85 12 4 33 4 24 4 36 4 48 13 8 80 7 4 31 25 8 19 35 8 17 5 8 3 20 4 34 4 30 4 24 14 4 9 4 63 21 4 11 4 38 4 14 51 4 17 4 59 15 4 24 4 12 4 56 37 4 52 4 80 7 4 22 4 1 26 16 14 16 80 31 26 26 4 9 4 47 25 4 19 4 16 4 82 19 4 17 4 21 28 16 19 16 21 35 35 16 4 35 4 39 8 16 49 16 85 25 4 22 4 48 4 32 28 4 35 4 8 30 4 10 4 23 4 40 32 4 36 4 34 24 15 4 58 5 49 29 4 28 37 31 4 95 8 16 40 16 76 22 4 12 4 23 4 7 26 9 15 4 21 31 48 4 37 11 4 38 4 13 4 56 9 16 5 16 89 34 4 9 4 55 36 4 21 4 43 4 14 6 4 17 22 7 4 76 19 4 9 4 6 4 41 4 43 32 4 9 4 5 4 11 4 14 42 4 24 4 6 36 40 4 17 7 4 6 4 37 4 65 28 4 36 28 17 4 71 14 4 33 5 19 4 49 37 4 34 4 69 9 59 18 4 35 33 35 4 64 36 4 37 4 101 43 4 12 4 25 4 16 4 59 38 4 32 4 6 4 19 4 68 24 4 32 4 53 26 48 22 4 13 4 50 19 4 50 4 41 4 24 4 70 46 4 29 4 19 4 44 28 4 13 4 18 4 31 11 4 5 4 7 4 21 4 19 6 4 13 4 31 4 28 4 
iteration 717 best: 1.01479 time: 296207
33 6 8 76 14 8 56 15 8 83 35 4 44 4 37 44 4 32 4 62 15 8 18 9 4 19 4 80 34 12 88 41 8 69 34 8 112 12 8 59 29 12 56 31 4 12 4 20 33 4 5 4 15 4 38 4 81 29 4 18 4 53 4 79 39 8 80 15 8 25 22 4 14 4 2 37 16 31 16 76 19 4 16 4 12 4 48 4 66 26 4 40 4 45 4 13 22 8 36 8 71 5 4 37 4 20 4 21 4 81 25 8 85 12 4 33 4 24 4 36 4 48 13 8 80 7 4 31 25 8 19 35 8 17 5 8 3 20 4 34 4 30 4 24 14 4 9 4 63 21 4 11 4 38 4 14 51 4 17 4 59 15 4 24 4 12 4 56 37 4 52 4 80 7 4 22 4 1 26 16 14 16 80 31 26 26 4 9 4 47 25 4 19 4 16 4 82 19 4 17 4 21 28 16 19 16 21 35 35 16 4 35 4 39 8 16 49 16 85 25 4 22 4 48 4 32 28 4 35 4 8 30 4 10 4 23 4 40 32 4 36 4 34 24 15 4 58 5 49 29 4 28 37 31 4 95 8 16 40 16 76 22 4 12 4 23 4 7 26 9 15 4 21 31 48 4 37 11 4 38 4 13 4 56 9 16 5 16 89 34 4 9 4 55 36 4 21 4 43 4 14 6 4 17 22 7 4 76 19 4 9 4 6 4 41 4 43 32 4 9 4 5 4 11 4 14 42 4 24 4 6 36 40 4 17 7 4 6 4 37 4 65 28 4 36 28 17 4 71 14 4 33 5 19 4 49 37 4 34 4 69 9 59 18 4 35 33 35 4 64 36 4 37 4 101 43 4 12 4 25 4 16 4 59 38 4 32 4 6 4 19 4 68 24 4 32 4 53 26 48 22 4 13 4 50 19 4 50 4 41 4 24 4 70 46 4 29 4 19 4 44 28 4 13 4 18 4 31 11 4 5 4 7 4 21 4 19 6 4 13 4 31 4 28 4 
iteration 735 best: 1.01479 time: 303614
33 6 8 76 14 8 56 15 8 83 35 4 44 4 37 44 4 32 4 62 15 8 18 9 4 19 4 80 34 12 88 41 8 69 34 8 112 12 8 59 29 12 56 31 4 12 4 20 33 4 5 4 15 4 38 4 81 29 4 18 4 53 4 79 39 8 80 15 8 25 22 4 14 4 2 37 16 31 16 76 19 4 16 4 12 4 48 4 66 26 4 40 4 45 4 13 22 8 36 8 71 5 4 37 4 20 4 21 4 81 25 8 85 12 4 33 4 24 4 36 4 48 13 8 80 7 4 31 25 8 19 35 8 17 5 8 3 20 4 34 4 30 4 24 14 4 9 4 63 21 4 11 4 38 4 14 51 4 17 4 59 15 4 24 4 12 4 56 37 4 52 4 80 7 4 22 4 1 26 16 14 16 80 31 26 26 4 9 4 47 25 4 19 4 16 4 82 19 4 17 4 21 28 16 19 16 21 35 35 16 4 35 4 39 8 16 49 16 85 25 4 22 4 48 4 32 28 4 35 4 8 30 4 10 4 23 4 40 32 4 36 4 34 24 15 4 58 5 49 29 4 28 37 31 4 95 8 16 40 16 76 22 4 12 4 23 4 7 26 9 15 4 21 31 48 4 37 11 4 38 4 13 4 56 9 16 5 16 89 34 4 9 4 55 36 4 21 4 43 4 14 6 4 17 22 7 4 76 19 4 9 4 6 4 41 4 43 32 4 9 4 5 4 11 4 14 42 4 24 4 6 36 40 4 17 7 4 6 4 37 4 65 28 4 36 28 17 4 71 14 4 33 5 19 4 49 37 4 34 4 69 9 59 18 4 35 33 35 4 64 36 4 37 4 101 43 4 12 4 25 4 16 4 59 38 4 32 4 6 4 19 4 68 24 4 32 4 53 26 48 22 4 13 4 50 19 4 50 4 41 4 24 4 70 46 4 29 4 19 4 44 28 4 13 4 18 4 31 11 4 5 4 7 4 21 4 19 6 4 13 4 31 4 28 4 
iteration 753 best: 1.01479 time: 311045
33 6 8 76 14 8 56 15 8 83 35 4 44 4 37 44 4 32 4 62 15 8 18 9 4 19 4 80 34 12 88 41 8 69 34 8 112 12 8 59 29 12 56 31 4 12 4 20 33 4 5 4 15 4 38 4 81 29 4 18 4 53 4 79 39 8 80 15 8 25 22 4 14 4 2 37 16 31 16 76 19 4 16 4 12 4 48 4 66 26 4 40 4 45 4 13 22 8 36 8 71 5 4 37 4 20 4 21 4 81 25 8 85 12 4 33 4 24 4 36 4 48 13 8 80 7 4 31 25 8 19 35 8 17 5 8 3 20 4 34 4 30 4 24 14 4 9 4 63 21 4 11 4 38 4 14 51 4 17 4 59 15 4 24 4 12 4 56 37 4 52 4 80 7 4 22 4 1 26 16 14 16 80 31 26 26 4 9 4 47 25 4 19 4 16 4 82 19 4 17 4 21 28 16 19 16 21 35 35 16 4 35 4 39 8 16 49 16 85 25 4 22 4 48 4 32 28 4 35 4 8 30 4 10 4 23 4 40 32 4 36 4 34 24 15 4 58 5 49 29 4 28 37 31 4 95 8 16 40 16 76 22 4 12 4 23 4 7 26 9 15 4 21 31 48 4 37 11 4 38 4 13 4 56 9 16 5 16 89 34 4 9 4 55 36 4 21 4 43 4 14 6 4 17 22 7 4 76 19 4 9 4 6 4 41 4 43 32 4 9 4 5 4 11 4 14 42 4 24 4 6 36 40 4 17 7 4 6 4 37 4 65 28 4 36 28 17 4 71 14 4 33 5 19 4 49 37 4 34 4 69 9 59 18 4 35 33 35 4 64 36 4 37 4 101 43 4 12 4 25 4 16 4 59 38 4 32 4 6 4 19 4 68 24 4 32 4 53 26 48 22 4 13 4 50 19 4 50 4 41 4 24 4 70 46 4 29 4 19 4 44 28 4 13 4 18 4 31 11 4 5 4 7 4 21 4 19 6 4 13 4 31 4 28 4 
iteration 771 best: 1.01479 time: 318447
33 6 8 76 14 8 56 15 8 83 35 4 44 4 37 44 4 32 4 62 15 8 18 9 4 19 4 80 34 12 88 41 8 69 34 8 112 12 8 59 29 12 56 31 4 12 4 20 33 4 5 4 15 4 38 4 81 29 4 18 4 53 4 79 39 8 80 15 8 25 22 4 14 4 2 37 16 31 16 76 19 4 16 4 12 4 48 4 66 26 4 40 4 45 4 13 22 8 36 8 71 5 4 37 4 20 4 21 4 81 25 8 85 12 4 33 4 24 4 36 4 48 13 8 80 7 4 31 25 8 19 35 8 17 5 8 3 20 4 34 4 30 4 24 14 4 9 4 63 21 4 11 4 38 4 14 51 4 17 4 59 15 4 24 4 12 4 56 37 4 52 4 80 7 4 22 4 1 26 16 14 16 80 31 26 26 4 9 4 47 25 4 19 4 16 4 82 19 4 17 4 21 28 16 19 16 21 35 35 16 4 35 4 39 8 16 49 16 85 25 4 22 4 48 4 32 28 4 35 4 8 30 4 10 4 23 4 40 32 4 36 4 34 24 15 4 58 5 49 29 4 28 37 31 4 95 8 16 40 16 76 22 4 12 4 23 4 7 26 9 15 4 21 31 48 4 37 11 4 38 4 13 4 56 9 16 5 16 89 34 4 9 4 55 36 4 21 4 43 4 14 6 4 17 22 7 4 76 19 4 9 4 6 4 41 4 43 32 4 9 4 5 4 11 4 14 42 4 24 4 6 36 40 4 17 7 4 6 4 37 4 65 28 4 36 28 17 4 71 14 4 33 5 19 4 49 37 4 34 4 69 9 59 18 4 35 33 35 4 64 36 4 37 4 101 43 4 12 4 25 4 16 4 59 38 4 32 4 6 4 19 4 68 24 4 32 4 53 26 48 22 4 13 4 50 19 4 50 4 41 4 24 4 70 46 4 29 4 19 4 44 28 4 13 4 18 4 31 11 4 5 4 7 4 21 4 19 6 4 13 4 31 4 28 4 
iteration 789 best: 1.01479 time: 325825
33 6 8 76 14 8 56 15 8 83 35 4 44 4 37 44 4 32 4 62 15 8 18 9 4 19 4 80 34 12 88 41 8 69 34 8 112 12 8 59 29 12 56 31 4 12 4 20 33 4 5 4 15 4 38 4 81 29 4 18 4 53 4 79 39 8 80 15 8 25 22 4 14 4 2 37 16 31 16 76 19 4 16 4 12 4 48 4 66 26 4 40 4 45 4 13 22 8 36 8 71 5 4 37 4 20 4 21 4 81 25 8 85 12 4 33 4 24 4 36 4 48 13 8 80 7 4 31 25 8 19 35 8 17 5 8 3 20 4 34 4 30 4 24 14 4 9 4 63 21 4 11 4 38 4 14 51 4 17 4 59 15 4 24 4 12 4 56 37 4 52 4 80 7 4 22 4 1 26 16 14 16 80 31 26 26 4 9 4 47 25 4 19 4 16 4 82 19 4 17 4 21 28 16 19 16 21 35 35 16 4 35 4 39 8 16 49 16 85 25 4 22 4 48 4 32 28 4 35 4 8 30 4 10 4 23 4 40 32 4 36 4 34 24 15 4 58 5 49 29 4 28 37 31 4 95 8 16 40 16 76 22 4 12 4 23 4 7 26 9 15 4 21 31 48 4 37 11 4 38 4 13 4 56 9 16 5 16 89 34 4 9 4 55 36 4 21 4 43 4 14 6 4 17 22 7 4 76 19 4 9 4 6 4 41 4 43 32 4 9 4 5 4 11 4 14 42 4 24 4 6 36 40 4 17 7 4 6 4 37 4 65 28 4 36 28 17 4 71 14 4 33 5 19 4 49 37 4 34 4 69 9 59 18 4 35 33 35 4 64 36 4 37 4 101 43 4 12 4 25 4 16 4 59 38 4 32 4 6 4 19 4 68 24 4 32 4 53 26 48 22 4 13 4 50 19 4 50 4 41 4 24 4 70 46 4 29 4 19 4 44 28 4 13 4 18 4 31 11 4 5 4 7 4 21 4 19 6 4 13 4 31 4 28 4 
iteration 807 best: 1.01479 time: 333218
33 6 8 76 14 8 56 15 8 83 35 4 44 4 37 44 4 32 4 62 15 8 18 9 4 19 4 80 34 12 88 41 8 69 34 8 112 12 8 59 29 12 56 31 4 12 4 20 33 4 5 4 15 4 38 4 81 29 4 18 4 53 4 79 39 8 80 15 8 25 22 4 14 4 2 37 16 31 16 76 19 4 16 4 12 4 48 4 66 26 4 40 4 45 4 13 22 8 36 8 71 5 4 37 4 20 4 21 4 81 25 8 85 12 4 33 4 24 4 36 4 48 13 8 80 7 4 31 25 8 19 35 8 17 5 8 3 20 4 34 4 30 4 24 14 4 9 4 63 21 4 11 4 38 4 14 51 4 17 4 59 15 4 24 4 12 4 56 37 4 52 4 80 7 4 22 4 1 26 16 14 16 80 31 26 26 4 9 4 47 25 4 19 4 16 4 82 19 4 17 4 21 28 16 19 16 21 35 35 16 4 35 4 39 8 16 49 16 85 25 4 22 4 48 4 32 28 4 35 4 8 30 4 10 4 23 4 40 32 4 36 4 34 24 15 4 58 5 49 29 4 28 37 31 4 95 8 16 40 16 76 22 4 12 4 23 4 7 26 9 15 4 21 31 48 4 37 11 4 38 4 13 4 56 9 16 5 16 89 34 4 9 4 55 36 4 21 4 43 4 14 6 4 17 22 7 4 76 19 4 9 4 6 4 41 4 43 32 4 9 4 5 4 11 4 14 42 4 24 4 6 36 40 4 17 7 4 6 4 37 4 65 28 4 36 28 17 4 71 14 4 33 5 19 4 49 37 4 34 4 69 9 59 18 4 35 33 35 4 64 36 4 37 4 101 43 4 12 4 25 4 16 4 59 38 4 32 4 6 4 19 4 68 24 4 32 4 53 26 48 22 4 13 4 50 19 4 50 4 41 4 24 4 70 46 4 29 4 19 4 44 28 4 13 4 18 4 31 11 4 5 4 7 4 21 4 19 6 4 13 4 31 4 28 4 
iteration 825 best: 1.01479 time: 340631
33 6 8 76 14 8 56 15 8 83 35 4 44 4 37 44 4 32 4 62 15 8 18 9 4 19 4 80 34 12 88 41 8 69 34 8 112 12 8 59 29 12 56 31 4 12 4 20 33 4 5 4 15 4 38 4 81 29 4 18 4 53 4 79 39 8 80 15 8 25 22 4 14 4 2 37 16 31 16 76 19 4 16 4 12 4 48 4 66 26 4 40 4 45 4 13 22 8 36 8 71 5 4 37 4 20 4 21 4 81 25 8 85 12 4 33 4 24 4 36 4 48 13 8 80 7 4 31 25 8 19 35 8 17 5 8 3 20 4 34 4 30 4 24 14 4 9 4 63 21 4 11 4 38 4 14 51 4 17 4 59 15 4 24 4 12 4 56 37 4 52 4 80 7 4 22 4 1 26 16 14 16 80 31 26 26 4 9 4 47 25 4 19 4 16 4 82 19 4 17 4 21 28 16 19 16 21 35 35 16 4 35 4 39 8 16 49 16 85 25 4 22 4 48 4 32 28 4 35 4 8 30 4 10 4 23 4 40 32 4 36 4 34 24 15 4 58 5 49 29 4 28 37 31 4 95 8 16 40 16 76 22 4 12 4 23 4 7 26 9 15 4 21 31 48 4 37 11 4 38 4 13 4 56 9 16 5 16 89 34 4 9 4 55 36 4 21 4 43 4 14 6 4 17 22 7 4 76 19 4 9 4 6 4 41 4 43 32 4 9 4 5 4 11 4 14 42 4 24 4 6 36 40 4 17 7 4 6 4 37 4 65 28 4 36 28 17 4 71 14 4 33 5 19 4 49 37 4 34 4 69 9 59 18 4 35 33 35 4 64 36 4 37 4 101 43 4 12 4 25 4 16 4 59 38 4 32 4 6 4 19 4 68 24 4 32 4 53 26 48 22 4 13 4 50 19 4 50 4 41 4 24 4 70 46 4 29 4 19 4 44 28 4 13 4 18 4 31 11 4 5 4 7 4 21 4 19 6 4 13 4 31 4 28 4 
iteration 843 best: 1.01479 time: 348022
33 6 8 76 14 8 56 15 8 83 35 4 44 4 37 44 4 32 4 62 15 8 18 9 4 19 4 80 34 12 88 41 8 69 34 8 112 12 8 59 29 12 56 31 4 12 4 20 33 4 5 4 15 4 38 4 81 29 4 18 4 53 4 79 39 8 80 15 8 25 22 4 14 4 2 37 16 31 16 76 19 4 16 4 12 4 48 4 66 26 4 40 4 45 4 13 22 8 36 8 71 5 4 37 4 20 4 21 4 81 25 8 85 12 4 33 4 24 4 36 4 48 13 8 80 7 4 31 25 8 19 35 8 17 5 8 3 20 4 34 4 30 4 24 14 4 9 4 63 21 4 11 4 38 4 14 51 4 17 4 59 15 4 24 4 12 4 56 37 4 52 4 80 7 4 22 4 1 26 16 14 16 80 31 26 26 4 9 4 47 25 4 19 4 16 4 82 19 4 17 4 21 28 16 19 16 21 35 35 16 4 35 4 39 8 16 49 16 85 25 4 22 4 48 4 32 28 4 35 4 8 30 4 10 4 23 4 40 32 4 36 4 34 24 15 4 58 5 49 29 4 28 37 31 4 95 8 16 40 16 76 22 4 12 4 23 4 7 26 9 15 4 21 31 48 4 37 11 4 38 4 13 4 56 9 16 5 16 89 34 4 9 4 55 36 4 21 4 43 4 14 6 4 17 22 7 4 76 19 4 9 4 6 4 41 4 43 32 4 9 4 5 4 11 4 14 42 4 24 4 6 36 40 4 17 7 4 6 4 37 4 65 28 4 36 28 17 4 71 14 4 33 5 19 4 49 37 4 34 4 69 9 59 18 4 35 33 35 4 64 36 4 37 4 101 43 4 12 4 25 4 16 4 59 38 4 32 4 6 4 19 4 68 24 4 32 4 53 26 48 22 4 13 4 50 19 4 50 4 41 4 24 4 70 46 4 29 4 19 4 44 28 4 13 4 18 4 31 11 4 5 4 7 4 21 4 19 6 4 13 4 31 4 28 4 
iteration 861 best: 1.01479 time: 355430
33 6 8 76 14 8 56 15 8 83 35 4 44 4 37 44 4 32 4 62 15 8 18 9 4 19 4 80 34 12 88 41 8 69 34 8 112 12 8 59 29 12 56 31 4 12 4 20 33 4 5 4 15 4 38 4 81 29 4 18 4 53 4 79 39 8 80 15 8 25 22 4 14 4 2 37 16 31 16 76 19 4 16 4 12 4 48 4 66 26 4 40 4 45 4 13 22 8 36 8 71 5 4 37 4 20 4 21 4 81 25 8 85 12 4 33 4 24 4 36 4 48 13 8 80 7 4 31 25 8 19 35 8 17 5 8 3 20 4 34 4 30 4 24 14 4 9 4 63 21 4 11 4 38 4 14 51 4 17 4 59 15 4 24 4 12 4 56 37 4 52 4 80 7 4 22 4 1 26 16 14 16 80 31 26 26 4 9 4 47 25 4 19 4 16 4 82 19 4 17 4 21 28 16 19 16 21 35 35 16 4 35 4 39 8 16 49 16 85 25 4 22 4 48 4 32 28 4 35 4 8 30 4 10 4 23 4 40 32 4 36 4 34 24 15 4 58 5 49 29 4 28 37 31 4 95 8 16 40 16 76 22 4 12 4 23 4 7 26 9 15 4 21 31 48 4 37 11 4 38 4 13 4 56 9 16 5 16 89 34 4 9 4 55 36 4 21 4 43 4 14 6 4 17 22 7 4 76 19 4 9 4 6 4 41 4 43 32 4 9 4 5 4 11 4 14 42 4 24 4 6 36 40 4 17 7 4 6 4 37 4 65 28 4 36 28 17 4 71 14 4 33 5 19 4 49 37 4 34 4 69 9 59 18 4 35 33 35 4 64 36 4 37 4 101 43 4 12 4 25 4 16 4 59 38 4 32 4 6 4 19 4 68 24 4 32 4 53 26 48 22 4 13 4 50 19 4 50 4 41 4 24 4 70 46 4 29 4 19 4 44 28 4 13 4 18 4 31 11 4 5 4 7 4 21 4 19 6 4 13 4 31 4 28 4 
iteration 879 best: 1.01479 time: 362832
33 6 8 76 14 8 56 15 8 83 35 4 44 4 37 44 4 32 4 62 15 8 18 9 4 19 4 80 34 12 88 41 8 69 34 8 112 12 8 59 29 12 56 31 4 12 4 20 33 4 5 4 15 4 38 4 81 29 4 18 4 53 4 79 39 8 80 15 8 25 22 4 14 4 2 37 16 31 16 76 19 4 16 4 12 4 48 4 66 26 4 40 4 45 4 13 22 8 36 8 71 5 4 37 4 20 4 21 4 81 25 8 85 12 4 33 4 24 4 36 4 48 13 8 80 7 4 31 25 8 19 35 8 17 5 8 3 20 4 34 4 30 4 24 14 4 9 4 63 21 4 11 4 38 4 14 51 4 17 4 59 15 4 24 4 12 4 56 37 4 52 4 80 7 4 22 4 1 26 16 14 16 80 31 26 26 4 9 4 47 25 4 19 4 16 4 82 19 4 17 4 21 28 16 19 16 21 35 35 16 4 35 4 39 8 16 49 16 85 25 4 22 4 48 4 32 28 4 35 4 8 30 4 10 4 23 4 40 32 4 36 4 34 24 15 4 58 5 49 29 4 28 37 31 4 95 8 16 40 16 76 22 4 12 4 23 4 7 26 9 15 4 21 31 48 4 37 11 4 38 4 13 4 56 9 16 5 16 89 34 4 9 4 55 36 4 21 4 43 4 14 6 4 17 22 7 4 76 19 4 9 4 6 4 41 4 43 32 4 9 4 5 4 11 4 14 42 4 24 4 6 36 40 4 17 7 4 6 4 37 4 65 28 4 36 28 17 4 71 14 4 33 5 19 4 49 37 4 34 4 69 9 59 18 4 35 33 35 4 64 36 4 37 4 101 43 4 12 4 25 4 16 4 59 38 4 32 4 6 4 19 4 68 24 4 32 4 53 26 48 22 4 13 4 50 19 4 50 4 41 4 24 4 70 46 4 29 4 19 4 44 28 4 13 4 18 4 31 11 4 5 4 7 4 21 4 19 6 4 13 4 31 4 28 4 
iteration 897 best: 1.01479 time: 370242
33 6 8 76 14 8 56 15 8 83 35 4 44 4 37 44 4 32 4 62 15 8 18 9 4 19 4 80 34 12 88 41 8 69 34 8 112 12 8 59 29 12 56 31 4 12 4 20 33 4 5 4 15 4 38 4 81 29 4 18 4 53 4 79 39 8 80 15 8 25 22 4 14 4 2 37 16 31 16 76 19 4 16 4 12 4 48 4 66 26 4 40 4 45 4 13 22 8 36 8 71 5 4 37 4 20 4 21 4 81 25 8 85 12 4 33 4 24 4 36 4 48 13 8 80 7 4 31 25 8 19 35 8 17 5 8 3 20 4 34 4 30 4 24 14 4 9 4 63 21 4 11 4 38 4 14 51 4 17 4 59 15 4 24 4 12 4 56 37 4 52 4 80 7 4 22 4 1 26 16 14 16 80 31 26 26 4 9 4 47 25 4 19 4 16 4 82 19 4 17 4 21 28 16 19 16 21 35 35 16 4 35 4 39 8 16 49 16 85 25 4 22 4 48 4 32 28 4 35 4 8 30 4 10 4 23 4 40 32 4 36 4 34 24 15 4 58 5 49 29 4 28 37 31 4 95 8 16 40 16 76 22 4 12 4 23 4 7 26 9 15 4 21 31 48 4 37 11 4 38 4 13 4 56 9 16 5 16 89 34 4 9 4 55 36 4 21 4 43 4 14 6 4 17 22 7 4 76 19 4 9 4 6 4 41 4 43 32 4 9 4 5 4 11 4 14 42 4 24 4 6 36 40 4 17 7 4 6 4 37 4 65 28 4 36 28 17 4 71 14 4 33 5 19 4 49 37 4 34 4 69 9 59 18 4 35 33 35 4 64 36 4 37 4 101 43 4 12 4 25 4 16 4 59 38 4 32 4 6 4 19 4 68 24 4 32 4 53 26 48 22 4 13 4 50 19 4 50 4 41 4 24 4 70 46 4 29 4 19 4 44 28 4 13 4 18 4 31 11 4 5 4 7 4 21 4 19 6 4 13 4 31 4 28 4 
iteration 915 best: 1.01479 time: 377636
33 6 8 76 14 8 56 15 8 83 35 4 44 4 37 44 4 32 4 62 15 8 18 9 4 19 4 80 34 12 88 41 8 69 34 8 112 12 8 59 29 12 56 31 4 12 4 20 33 4 5 4 15 4 38 4 81 29 4 18 4 53 4 79 39 8 80 15 8 25 22 4 14 4 2 37 16 31 16 76 19 4 16 4 12 4 48 4 66 26 4 40 4 45 4 13 22 8 36 8 71 5 4 37 4 20 4 21 4 81 25 8 85 12 4 33 4 24 4 36 4 48 13 8 80 7 4 31 25 8 19 35 8 17 5 8 3 20 4 34 4 30 4 24 14 4 9 4 63 21 4 11 4 38 4 14 51 4 17 4 59 15 4 24 4 12 4 56 37 4 52 4 80 7 4 22 4 1 26 16 14 16 80 31 26 26 4 9 4 47 25 4 19 4 16 4 82 19 4 17 4 21 28 16 19 16 21 35 35 16 4 35 4 39 8 16 49 16 85 25 4 22 4 48 4 32 28 4 35 4 8 30 4 10 4 23 4 40 32 4 36 4 34 24 15 4 58 5 49 29 4 28 37 31 4 95 8 16 40 16 76 22 4 12 4 23 4 7 26 9 15 4 21 31 48 4 37 11 4 38 4 13 4 56 9 16 5 16 89 34 4 9 4 55 36 4 21 4 43 4 14 6 4 17 22 7 4 76 19 4 9 4 6 4 41 4 43 32 4 9 4 5 4 11 4 14 42 4 24 4 6 36 40 4 17 7 4 6 4 37 4 65 28 4 36 28 17 4 71 14 4 33 5 19 4 49 37 4 34 4 69 9 59 18 4 35 33 35 4 64 36 4 37 4 101 43 4 12 4 25 4 16 4 59 38 4 32 4 6 4 19 4 68 24 4 32 4 53 26 48 22 4 13 4 50 19 4 50 4 41 4 24 4 70 46 4 29 4 19 4 44 28 4 13 4 18 4 31 11 4 5 4 7 4 21 4 19 6 4 13 4 31 4 28 4 
iteration 933 best: 1.01479 time: 385074
33 6 8 76 14 8 56 15 8 83 35 4 44 4 37 44 4 32 4 62 15 8 18 9 4 19 4 80 34 12 88 41 8 69 34 8 112 12 8 59 29 12 56 31 4 12 4 20 33 4 5 4 15 4 38 4 81 29 4 18 4 53 4 79 39 8 80 15 8 25 22 4 14 4 2 37 16 31 16 76 19 4 16 4 12 4 48 4 66 26 4 40 4 45 4 13 22 8 36 8 71 5 4 37 4 20 4 21 4 81 25 8 85 12 4 33 4 24 4 36 4 48 13 8 80 7 4 31 25 8 19 35 8 17 5 8 3 20 4 34 4 30 4 24 14 4 9 4 63 21 4 11 4 38 4 14 51 4 17 4 59 15 4 24 4 12 4 56 37 4 52 4 80 7 4 22 4 1 26 16 14 16 80 31 26 26 4 9 4 47 25 4 19 4 16 4 82 19 4 17 4 21 28 16 19 16 21 35 35 16 4 35 4 39 8 16 49 16 85 25 4 22 4 48 4 32 28 4 35 4 8 30 4 10 4 23 4 40 32 4 36 4 34 24 15 4 58 5 49 29 4 28 37 31 4 95 8 16 40 16 76 22 4 12 4 23 4 7 26 9 15 4 21 31 48 4 37 11 4 38 4 13 4 56 9 16 5 16 89 34 4 9 4 55 36 4 21 4 43 4 14 6 4 17 22 7 4 76 19 4 9 4 6 4 41 4 43 32 4 9 4 5 4 11 4 14 42 4 24 4 6 36 40 4 17 7 4 6 4 37 4 65 28 4 36 28 17 4 71 14 4 33 5 19 4 49 37 4 34 4 69 9 59 18 4 35 33 35 4 64 36 4 37 4 101 43 4 12 4 25 4 16 4 59 38 4 32 4 6 4 19 4 68 24 4 32 4 53 26 48 22 4 13 4 50 19 4 50 4 41 4 24 4 70 46 4 29 4 19 4 44 28 4 13 4 18 4 31 11 4 5 4 7 4 21 4 19 6 4 13 4 31 4 28 4 
iteration 951 best: 1.01479 time: 392473
33 6 8 76 14 8 56 15 8 83 35 4 44 4 37 44 4 32 4 62 15 8 18 9 4 19 4 80 34 12 88 41 8 69 34 8 112 12 8 59 29 12 56 31 4 12 4 20 33 4 5 4 15 4 38 4 81 29 4 18 4 53 4 79 39 8 80 15 8 25 22 4 14 4 2 37 16 31 16 76 19 4 16 4 12 4 48 4 66 26 4 40 4 45 4 13 22 8 36 8 71 5 4 37 4 20 4 21 4 81 25 8 85 12 4 33 4 24 4 36 4 48 13 8 80 7 4 31 25 8 19 35 8 17 5 8 3 20 4 34 4 30 4 24 14 4 9 4 63 21 4 11 4 38 4 14 51 4 17 4 59 15 4 24 4 12 4 56 37 4 52 4 80 7 4 22 4 1 26 16 14 16 80 31 26 26 4 9 4 47 25 4 19 4 16 4 82 19 4 17 4 21 28 16 19 16 21 35 35 16 4 35 4 39 8 16 49 16 85 25 4 22 4 48 4 32 28 4 35 4 8 30 4 10 4 23 4 40 32 4 36 4 34 24 15 4 58 5 49 29 4 28 37 31 4 95 8 16 40 16 76 22 4 12 4 23 4 7 26 9 15 4 21 31 48 4 37 11 4 38 4 13 4 56 9 16 5 16 89 34 4 9 4 55 36 4 21 4 43 4 14 6 4 17 22 7 4 76 19 4 9 4 6 4 41 4 43 32 4 9 4 5 4 11 4 14 42 4 24 4 6 36 40 4 17 7 4 6 4 37 4 65 28 4 36 28 17 4 71 14 4 33 5 19 4 49 37 4 34 4 69 9 59 18 4 35 33 35 4 64 36 4 37 4 101 43 4 12 4 25 4 16 4 59 38 4 32 4 6 4 19 4 68 24 4 32 4 53 26 48 22 4 13 4 50 19 4 50 4 41 4 24 4 70 46 4 29 4 19 4 44 28 4 13 4 18 4 31 11 4 5 4 7 4 21 4 19 6 4 13 4 31 4 28 4 
iteration 969 best: 1.01479 time: 399865
33 6 8 76 14 8 56 15 8 83 35 4 44 4 37 44 4 32 4 62 15 8 18 9 4 19 4 80 34 12 88 41 8 69 34 8 112 12 8 59 29 12 56 31 4 12 4 20 33 4 5 4 15 4 38 4 81 29 4 18 4 53 4 79 39 8 80 15 8 25 22 4 14 4 2 37 16 31 16 76 19 4 16 4 12 4 48 4 66 26 4 40 4 45 4 13 22 8 36 8 71 5 4 37 4 20 4 21 4 81 25 8 85 12 4 33 4 24 4 36 4 48 13 8 80 7 4 31 25 8 19 35 8 17 5 8 3 20 4 34 4 30 4 24 14 4 9 4 63 21 4 11 4 38 4 14 51 4 17 4 59 15 4 24 4 12 4 56 37 4 52 4 80 7 4 22 4 1 26 16 14 16 80 31 26 26 4 9 4 47 25 4 19 4 16 4 82 19 4 17 4 21 28 16 19 16 21 35 35 16 4 35 4 39 8 16 49 16 85 25 4 22 4 48 4 32 28 4 35 4 8 30 4 10 4 23 4 40 32 4 36 4 34 24 15 4 58 5 49 29 4 28 37 31 4 95 8 16 40 16 76 22 4 12 4 23 4 7 26 9 15 4 21 31 48 4 37 11 4 38 4 13 4 56 9 16 5 16 89 34 4 9 4 55 36 4 21 4 43 4 14 6 4 17 22 7 4 76 19 4 9 4 6 4 41 4 43 32 4 9 4 5 4 11 4 14 42 4 24 4 6 36 40 4 17 7 4 6 4 37 4 65 28 4 36 28 17 4 71 14 4 33 5 19 4 49 37 4 34 4 69 9 59 18 4 35 33 35 4 64 36 4 37 4 101 43 4 12 4 25 4 16 4 59 38 4 32 4 6 4 19 4 68 24 4 32 4 53 26 48 22 4 13 4 50 19 4 50 4 41 4 24 4 70 46 4 29 4 19 4 44 28 4 13 4 18 4 31 11 4 5 4 7 4 21 4 19 6 4 13 4 31 4 28 4 
iteration 987 best: 1.01479 time: 407262
33 6 8 76 14 8 56 15 8 83 35 4 44 4 37 44 4 32 4 62 15 8 18 9 4 19 4 80 34 12 88 41 8 69 34 8 112 12 8 59 29 12 56 31 4 12 4 20 33 4 5 4 15 4 38 4 81 29 4 18 4 53 4 79 39 8 80 15 8 25 22 4 14 4 2 37 16 31 16 76 19 4 16 4 12 4 48 4 66 26 4 40 4 45 4 13 22 8 36 8 71 5 4 37 4 20 4 21 4 81 25 8 85 12 4 33 4 24 4 36 4 48 13 8 80 7 4 31 25 8 19 35 8 17 5 8 3 20 4 34 4 30 4 24 14 4 9 4 63 21 4 11 4 38 4 14 51 4 17 4 59 15 4 24 4 12 4 56 37 4 52 4 80 7 4 22 4 1 26 16 14 16 80 31 26 26 4 9 4 47 25 4 19 4 16 4 82 19 4 17 4 21 28 16 19 16 21 35 35 16 4 35 4 39 8 16 49 16 85 25 4 22 4 48 4 32 28 4 35 4 8 30 4 10 4 23 4 40 32 4 36 4 34 24 15 4 58 5 49 29 4 28 37 31 4 95 8 16 40 16 76 22 4 12 4 23 4 7 26 9 15 4 21 31 48 4 37 11 4 38 4 13 4 56 9 16 5 16 89 34 4 9 4 55 36 4 21 4 43 4 14 6 4 17 22 7 4 76 19 4 9 4 6 4 41 4 43 32 4 9 4 5 4 11 4 14 42 4 24 4 6 36 40 4 17 7 4 6 4 37 4 65 28 4 36 28 17 4 71 14 4 33 5 19 4 49 37 4 34 4 69 9 59 18 4 35 33 35 4 64 36 4 37 4 101 43 4 12 4 25 4 16 4 59 38 4 32 4 6 4 19 4 68 24 4 32 4 53 26 48 22 4 13 4 50 19 4 50 4 41 4 24 4 70 46 4 29 4 19 4 44 28 4 13 4 18 4 31 11 4 5 4 7 4 21 4 19 6 4 13 4 31 4 28 4 
iteration 1005 best: 1.01479 time: 414640
33 6 8 76 14 8 56 15 8 83 35 4 44 4 37 44 4 32 4 62 15 8 18 9 4 19 4 80 34 12 88 41 8 69 34 8 112 12 8 59 29 12 56 31 4 12 4 20 33 4 5 4 15 4 38 4 81 29 4 18 4 53 4 79 39 8 80 15 8 25 22 4 14 4 2 37 16 31 16 76 19 4 16 4 12 4 48 4 66 26 4 40 4 45 4 13 22 8 36 8 71 5 4 37 4 20 4 21 4 81 25 8 85 12 4 33 4 24 4 36 4 48 13 8 80 7 4 31 25 8 19 35 8 17 5 8 3 20 4 34 4 30 4 24 14 4 9 4 63 21 4 11 4 38 4 14 51 4 17 4 59 15 4 24 4 12 4 56 37 4 52 4 80 7 4 22 4 1 26 16 14 16 80 31 26 26 4 9 4 47 25 4 19 4 16 4 82 19 4 17 4 21 28 16 19 16 21 35 35 16 4 35 4 39 8 16 49 16 85 25 4 22 4 48 4 32 28 4 35 4 8 30 4 10 4 23 4 40 32 4 36 4 34 24 15 4 58 5 49 29 4 28 37 31 4 95 8 16 40 16 76 22 4 12 4 23 4 7 26 9 15 4 21 31 48 4 37 11 4 38 4 13 4 56 9 16 5 16 89 34 4 9 4 55 36 4 21 4 43 4 14 6 4 17 22 7 4 76 19 4 9 4 6 4 41 4 43 32 4 9 4 5 4 11 4 14 42 4 24 4 6 36 40 4 17 7 4 6 4 37 4 65 28 4 36 28 17 4 71 14 4 33 5 19 4 49 37 4 34 4 69 9 59 18 4 35 33 35 4 64 36 4 37 4 101 43 4 12 4 25 4 16 4 59 38 4 32 4 6 4 19 4 68 24 4 32 4 53 26 48 22 4 13 4 50 19 4 50 4 41 4 24 4 70 46 4 29 4 19 4 44 28 4 13 4 18 4 31 11 4 5 4 7 4 21 4 19 6 4 13 4 31 4 28 4 
iteration 1023 best: 1.01479 time: 422035
33 6 8 76 14 8 56 15 8 83 35 4 44 4 37 44 4 32 4 62 15 8 18 9 4 19 4 80 34 12 88 41 8 69 34 8 112 12 8 59 29 12 56 31 4 12 4 20 33 4 5 4 15 4 38 4 81 29 4 18 4 53 4 79 39 8 80 15 8 25 22 4 14 4 2 37 16 31 16 76 19 4 16 4 12 4 48 4 66 26 4 40 4 45 4 13 22 8 36 8 71 5 4 37 4 20 4 21 4 81 25 8 85 12 4 33 4 24 4 36 4 48 13 8 80 7 4 31 25 8 19 35 8 17 5 8 3 20 4 34 4 30 4 24 14 4 9 4 63 21 4 11 4 38 4 14 51 4 17 4 59 15 4 24 4 12 4 56 37 4 52 4 80 7 4 22 4 1 26 16 14 16 80 31 26 26 4 9 4 47 25 4 19 4 16 4 82 19 4 17 4 21 28 16 19 16 21 35 35 16 4 35 4 39 8 16 49 16 85 25 4 22 4 48 4 32 28 4 35 4 8 30 4 10 4 23 4 40 32 4 36 4 34 24 15 4 58 5 49 29 4 28 37 31 4 95 8 16 40 16 76 22 4 12 4 23 4 7 26 9 15 4 21 31 48 4 37 11 4 38 4 13 4 56 9 16 5 16 89 34 4 9 4 55 36 4 21 4 43 4 14 6 4 17 22 7 4 76 19 4 9 4 6 4 41 4 43 32 4 9 4 5 4 11 4 14 42 4 24 4 6 36 40 4 17 7 4 6 4 37 4 65 28 4 36 28 17 4 71 14 4 33 5 19 4 49 37 4 34 4 69 9 59 18 4 35 33 35 4 64 36 4 37 4 101 43 4 12 4 25 4 16 4 59 38 4 32 4 6 4 19 4 68 24 4 32 4 53 26 48 22 4 13 4 50 19 4 50 4 41 4 24 4 70 46 4 29 4 19 4 44 28 4 13 4 18 4 31 11 4 5 4 7 4 21 4 19 6 4 13 4 31 4 28 4 
iteration 1041 best: 1.01479 time: 429405
33 6 8 76 14 8 56 15 8 83 35 4 44 4 37 44 4 32 4 62 15 8 18 9 4 19 4 80 34 12 88 41 8 69 34 8 112 12 8 59 29 12 56 31 4 12 4 20 33 4 5 4 15 4 38 4 81 29 4 18 4 53 4 79 39 8 80 15 8 25 22 4 14 4 2 37 16 31 16 76 19 4 16 4 12 4 48 4 66 26 4 40 4 45 4 13 22 8 36 8 71 5 4 37 4 20 4 21 4 81 25 8 85 12 4 33 4 24 4 36 4 48 13 8 80 7 4 31 25 8 19 35 8 17 5 8 3 20 4 34 4 30 4 24 14 4 9 4 63 21 4 11 4 38 4 14 51 4 17 4 59 15 4 24 4 12 4 56 37 4 52 4 80 7 4 22 4 1 26 16 14 16 80 31 26 26 4 9 4 47 25 4 19 4 16 4 82 19 4 17 4 21 28 16 19 16 21 35 35 16 4 35 4 39 8 16 49 16 85 25 4 22 4 48 4 32 28 4 35 4 8 30 4 10 4 23 4 40 32 4 36 4 34 24 15 4 58 5 49 29 4 28 37 31 4 95 8 16 40 16 76 22 4 12 4 23 4 7 26 9 15 4 21 31 48 4 37 11 4 38 4 13 4 56 9 16 5 16 89 34 4 9 4 55 36 4 21 4 43 4 14 6 4 17 22 7 4 76 19 4 9 4 6 4 41 4 43 32 4 9 4 5 4 11 4 14 42 4 24 4 6 36 40 4 17 7 4 6 4 37 4 65 28 4 36 28 17 4 71 14 4 33 5 19 4 49 37 4 34 4 69 9 59 18 4 35 33 35 4 64 36 4 37 4 101 43 4 12 4 25 4 16 4 59 38 4 32 4 6 4 19 4 68 24 4 32 4 53 26 48 22 4 13 4 50 19 4 50 4 41 4 24 4 70 46 4 29 4 19 4 44 28 4 13 4 18 4 31 11 4 5 4 7 4 21 4 19 6 4 13 4 31 4 28 4 
iteration 1059 best: 1.01479 time: 436800
33 6 8 76 14 8 56 15 8 83 35 4 44 4 37 44 4 32 4 62 15 8 18 9 4 19 4 80 34 12 88 41 8 69 34 8 112 12 8 59 29 12 56 31 4 12 4 20 33 4 5 4 15 4 38 4 81 29 4 18 4 53 4 79 39 8 80 15 8 25 22 4 14 4 2 37 16 31 16 76 19 4 16 4 12 4 48 4 66 26 4 40 4 45 4 13 22 8 36 8 71 5 4 37 4 20 4 21 4 81 25 8 85 12 4 33 4 24 4 36 4 48 13 8 80 7 4 31 25 8 19 35 8 17 5 8 3 20 4 34 4 30 4 24 14 4 9 4 63 21 4 11 4 38 4 14 51 4 17 4 59 15 4 24 4 12 4 56 37 4 52 4 80 7 4 22 4 1 26 16 14 16 80 31 26 26 4 9 4 47 25 4 19 4 16 4 82 19 4 17 4 21 28 16 19 16 21 35 35 16 4 35 4 39 8 16 49 16 85 25 4 22 4 48 4 32 28 4 35 4 8 30 4 10 4 23 4 40 32 4 36 4 34 24 15 4 58 5 49 29 4 28 37 31 4 95 8 16 40 16 76 22 4 12 4 23 4 7 26 9 15 4 21 31 48 4 37 11 4 38 4 13 4 56 9 16 5 16 89 34 4 9 4 55 36 4 21 4 43 4 14 6 4 17 22 7 4 76 19 4 9 4 6 4 41 4 43 32 4 9 4 5 4 11 4 14 42 4 24 4 6 36 40 4 17 7 4 6 4 37 4 65 28 4 36 28 17 4 71 14 4 33 5 19 4 49 37 4 34 4 69 9 59 18 4 35 33 35 4 64 36 4 37 4 101 43 4 12 4 25 4 16 4 59 38 4 32 4 6 4 19 4 68 24 4 32 4 53 26 48 22 4 13 4 50 19 4 50 4 41 4 24 4 70 46 4 29 4 19 4 44 28 4 13 4 18 4 31 11 4 5 4 7 4 21 4 19 6 4 13 4 31 4 28 4 
iteration 1077 best: 1.01479 time: 444196
33 6 8 76 14 8 56 15 8 83 35 4 44 4 37 44 4 32 4 62 15 8 18 9 4 19 4 80 34 12 88 41 8 69 34 8 112 12 8 59 29 12 56 31 4 12 4 20 33 4 5 4 15 4 38 4 81 29 4 18 4 53 4 79 39 8 80 15 8 25 22 4 14 4 2 37 16 31 16 76 19 4 16 4 12 4 48 4 66 26 4 40 4 45 4 13 22 8 36 8 71 5 4 37 4 20 4 21 4 81 25 8 85 12 4 33 4 24 4 36 4 48 13 8 80 7 4 31 25 8 19 35 8 17 5 8 3 20 4 34 4 30 4 24 14 4 9 4 63 21 4 11 4 38 4 14 51 4 17 4 59 15 4 24 4 12 4 56 37 4 52 4 80 7 4 22 4 1 26 16 14 16 80 31 26 26 4 9 4 47 25 4 19 4 16 4 82 19 4 17 4 21 28 16 19 16 21 35 35 16 4 35 4 39 8 16 49 16 85 25 4 22 4 48 4 32 28 4 35 4 8 30 4 10 4 23 4 40 32 4 36 4 34 24 15 4 58 5 49 29 4 28 37 31 4 95 8 16 40 16 76 22 4 12 4 23 4 7 26 9 15 4 21 31 48 4 37 11 4 38 4 13 4 56 9 16 5 16 89 34 4 9 4 55 36 4 21 4 43 4 14 6 4 17 22 7 4 76 19 4 9 4 6 4 41 4 43 32 4 9 4 5 4 11 4 14 42 4 24 4 6 36 40 4 17 7 4 6 4 37 4 65 28 4 36 28 17 4 71 14 4 33 5 19 4 49 37 4 34 4 69 9 59 18 4 35 33 35 4 64 36 4 37 4 101 43 4 12 4 25 4 16 4 59 38 4 32 4 6 4 19 4 68 24 4 32 4 53 26 48 22 4 13 4 50 19 4 50 4 41 4 24 4 70 46 4 29 4 19 4 44 28 4 13 4 18 4 31 11 4 5 4 7 4 21 4 19 6 4 13 4 31 4 28 4 
iteration 1095 best: 1.01479 time: 451594
33 6 8 76 14 8 56 15 8 83 35 4 44 4 37 44 4 32 4 62 15 8 18 9 4 19 4 80 34 12 88 41 8 69 34 8 112 12 8 59 29 12 56 31 4 12 4 20 33 4 5 4 15 4 38 4 81 29 4 18 4 53 4 79 39 8 80 15 8 25 22 4 14 4 2 37 16 31 16 76 19 4 16 4 12 4 48 4 66 26 4 40 4 45 4 13 22 8 36 8 71 5 4 37 4 20 4 21 4 81 25 8 85 12 4 33 4 24 4 36 4 48 13 8 80 7 4 31 25 8 19 35 8 17 5 8 3 20 4 34 4 30 4 24 14 4 9 4 63 21 4 11 4 38 4 14 51 4 17 4 59 15 4 24 4 12 4 56 37 4 52 4 80 7 4 22 4 1 26 16 14 16 80 31 26 26 4 9 4 47 25 4 19 4 16 4 82 19 4 17 4 21 28 16 19 16 21 35 35 16 4 35 4 39 8 16 49 16 85 25 4 22 4 48 4 32 28 4 35 4 8 30 4 10 4 23 4 40 32 4 36 4 34 24 15 4 58 5 49 29 4 28 37 31 4 95 8 16 40 16 76 22 4 12 4 23 4 7 26 9 15 4 21 31 48 4 37 11 4 38 4 13 4 56 9 16 5 16 89 34 4 9 4 55 36 4 21 4 43 4 14 6 4 17 22 7 4 76 19 4 9 4 6 4 41 4 43 32 4 9 4 5 4 11 4 14 42 4 24 4 6 36 40 4 17 7 4 6 4 37 4 65 28 4 36 28 17 4 71 14 4 33 5 19 4 49 37 4 34 4 69 9 59 18 4 35 33 35 4 64 36 4 37 4 101 43 4 12 4 25 4 16 4 59 38 4 32 4 6 4 19 4 68 24 4 32 4 53 26 48 22 4 13 4 50 19 4 50 4 41 4 24 4 70 46 4 29 4 19 4 44 28 4 13 4 18 4 31 11 4 5 4 7 4 21 4 19 6 4 13 4 31 4 28 4 
iteration 1113 best: 1.01479 time: 458985
33 6 8 76 14 8 56 15 8 83 35 4 44 4 37 44 4 32 4 62 15 8 18 9 4 19 4 80 34 12 88 41 8 69 34 8 112 12 8 59 29 12 56 31 4 12 4 20 33 4 5 4 15 4 38 4 81 29 4 18 4 53 4 79 39 8 80 15 8 25 22 4 14 4 2 37 16 31 16 76 19 4 16 4 12 4 48 4 66 26 4 40 4 45 4 13 22 8 36 8 71 5 4 37 4 20 4 21 4 81 25 8 85 12 4 33 4 24 4 36 4 48 13 8 80 7 4 31 25 8 19 35 8 17 5 8 3 20 4 34 4 30 4 24 14 4 9 4 63 21 4 11 4 38 4 14 51 4 17 4 59 15 4 24 4 12 4 56 37 4 52 4 80 7 4 22 4 1 26 16 14 16 80 31 26 26 4 9 4 47 25 4 19 4 16 4 82 19 4 17 4 21 28 16 19 16 21 35 35 16 4 35 4 39 8 16 49 16 85 25 4 22 4 48 4 32 28 4 35 4 8 30 4 10 4 23 4 40 32 4 36 4 34 24 15 4 58 5 49 29 4 28 37 31 4 95 8 16 40 16 76 22 4 12 4 23 4 7 26 9 15 4 21 31 48 4 37 11 4 38 4 13 4 56 9 16 5 16 89 34 4 9 4 55 36 4 21 4 43 4 14 6 4 17 22 7 4 76 19 4 9 4 6 4 41 4 43 32 4 9 4 5 4 11 4 14 42 4 24 4 6 36 40 4 17 7 4 6 4 37 4 65 28 4 36 28 17 4 71 14 4 33 5 19 4 49 37 4 34 4 69 9 59 18 4 35 33 35 4 64 36 4 37 4 101 43 4 12 4 25 4 16 4 59 38 4 32 4 6 4 19 4 68 24 4 32 4 53 26 48 22 4 13 4 50 19 4 50 4 41 4 24 4 70 46 4 29 4 19 4 44 28 4 13 4 18 4 31 11 4 5 4 7 4 21 4 19 6 4 13 4 31 4 28 4 
iteration 1131 best: 1.01479 time: 466384
33 6 8 76 14 8 56 15 8 83 35 4 44 4 37 44 4 32 4 62 15 8 18 9 4 19 4 80 34 12 88 41 8 69 34 8 112 12 8 59 29 12 56 31 4 12 4 20 33 4 5 4 15 4 38 4 81 29 4 18 4 53 4 79 39 8 80 15 8 25 22 4 14 4 2 37 16 31 16 76 19 4 16 4 12 4 48 4 66 26 4 40 4 45 4 13 22 8 36 8 71 5 4 37 4 20 4 21 4 81 25 8 85 12 4 33 4 24 4 36 4 48 13 8 80 7 4 31 25 8 19 35 8 17 5 8 3 20 4 34 4 30 4 24 14 4 9 4 63 21 4 11 4 38 4 14 51 4 17 4 59 15 4 24 4 12 4 56 37 4 52 4 80 7 4 22 4 1 26 16 14 16 80 31 26 26 4 9 4 47 25 4 19 4 16 4 82 19 4 17 4 21 28 16 19 16 21 35 35 16 4 35 4 39 8 16 49 16 85 25 4 22 4 48 4 32 28 4 35 4 8 30 4 10 4 23 4 40 32 4 36 4 34 24 15 4 58 5 49 29 4 28 37 31 4 95 8 16 40 16 76 22 4 12 4 23 4 7 26 9 15 4 21 31 48 4 37 11 4 38 4 13 4 56 9 16 5 16 89 34 4 9 4 55 36 4 21 4 43 4 14 6 4 17 22 7 4 76 19 4 9 4 6 4 41 4 43 32 4 9 4 5 4 11 4 14 42 4 24 4 6 36 40 4 17 7 4 6 4 37 4 65 28 4 36 28 17 4 71 14 4 33 5 19 4 49 37 4 34 4 69 9 59 18 4 35 33 35 4 64 36 4 37 4 101 43 4 12 4 25 4 16 4 59 38 4 32 4 6 4 19 4 68 24 4 32 4 53 26 48 22 4 13 4 50 19 4 50 4 41 4 24 4 70 46 4 29 4 19 4 44 28 4 13 4 18 4 31 11 4 5 4 7 4 21 4 19 6 4 13 4 31 4 28 4 
iteration 1149 best: 1.01479 time: 473781
33 6 8 76 14 8 56 15 8 83 35 4 44 4 37 44 4 32 4 62 15 8 18 9 4 19 4 80 34 12 88 41 8 69 34 8 112 12 8 59 29 12 56 31 4 12 4 20 33 4 5 4 15 4 38 4 81 29 4 18 4 53 4 79 39 8 80 15 8 25 22 4 14 4 2 37 16 31 16 76 19 4 16 4 12 4 48 4 66 26 4 40 4 45 4 13 22 8 36 8 71 5 4 37 4 20 4 21 4 81 25 8 85 12 4 33 4 24 4 36 4 48 13 8 80 7 4 31 25 8 19 35 8 17 5 8 3 20 4 34 4 30 4 24 14 4 9 4 63 21 4 11 4 38 4 14 51 4 17 4 59 15 4 24 4 12 4 56 37 4 52 4 80 7 4 22 4 1 26 16 14 16 80 31 26 26 4 9 4 47 25 4 19 4 16 4 82 19 4 17 4 21 28 16 19 16 21 35 35 16 4 35 4 39 8 16 49 16 85 25 4 22 4 48 4 32 28 4 35 4 8 30 4 10 4 23 4 40 32 4 36 4 34 24 15 4 58 5 49 29 4 28 37 31 4 95 8 16 40 16 76 22 4 12 4 23 4 7 26 9 15 4 21 31 48 4 37 11 4 38 4 13 4 56 9 16 5 16 89 34 4 9 4 55 36 4 21 4 43 4 14 6 4 17 22 7 4 76 19 4 9 4 6 4 41 4 43 32 4 9 4 5 4 11 4 14 42 4 24 4 6 36 40 4 17 7 4 6 4 37 4 65 28 4 36 28 17 4 71 14 4 33 5 19 4 49 37 4 34 4 69 9 59 18 4 35 33 35 4 64 36 4 37 4 101 43 4 12 4 25 4 16 4 59 38 4 32 4 6 4 19 4 68 24 4 32 4 53 26 48 22 4 13 4 50 19 4 50 4 41 4 24 4 70 46 4 29 4 19 4 44 28 4 13 4 18 4 31 11 4 5 4 7 4 21 4 19 6 4 13 4 31 4 28 4 
iteration 1167 best: 1.01479 time: 481165
33 6 8 76 14 8 56 15 8 83 35 4 44 4 37 44 4 32 4 62 15 8 18 9 4 19 4 80 34 12 88 41 8 69 34 8 112 12 8 59 29 12 56 31 4 12 4 20 33 4 5 4 15 4 38 4 81 29 4 18 4 53 4 79 39 8 80 15 8 25 22 4 14 4 2 37 16 31 16 76 19 4 16 4 12 4 48 4 66 26 4 40 4 45 4 13 22 8 36 8 71 5 4 37 4 20 4 21 4 81 25 8 85 12 4 33 4 24 4 36 4 48 13 8 80 7 4 31 25 8 19 35 8 17 5 8 3 20 4 34 4 30 4 24 14 4 9 4 63 21 4 11 4 38 4 14 51 4 17 4 59 15 4 24 4 12 4 56 37 4 52 4 80 7 4 22 4 1 26 16 14 16 80 31 26 26 4 9 4 47 25 4 19 4 16 4 82 19 4 17 4 21 28 16 19 16 21 35 35 16 4 35 4 39 8 16 49 16 85 25 4 22 4 48 4 32 28 4 35 4 8 30 4 10 4 23 4 40 32 4 36 4 34 24 15 4 58 5 49 29 4 28 37 31 4 95 8 16 40 16 76 22 4 12 4 23 4 7 26 9 15 4 21 31 48 4 37 11 4 38 4 13 4 56 9 16 5 16 89 34 4 9 4 55 36 4 21 4 43 4 14 6 4 17 22 7 4 76 19 4 9 4 6 4 41 4 43 32 4 9 4 5 4 11 4 14 42 4 24 4 6 36 40 4 17 7 4 6 4 37 4 65 28 4 36 28 17 4 71 14 4 33 5 19 4 49 37 4 34 4 69 9 59 18 4 35 33 35 4 64 36 4 37 4 101 43 4 12 4 25 4 16 4 59 38 4 32 4 6 4 19 4 68 24 4 32 4 53 26 48 22 4 13 4 50 19 4 50 4 41 4 24 4 70 46 4 29 4 19 4 44 28 4 13 4 18 4 31 11 4 5 4 7 4 21 4 19 6 4 13 4 31 4 28 4 
iteration 1185 best: 1.01479 time: 488546
33 6 8 76 14 8 56 15 8 83 35 4 44 4 37 44 4 32 4 62 15 8 18 9 4 19 4 80 34 12 88 41 8 69 34 8 112 12 8 59 29 12 56 31 4 12 4 20 33 4 5 4 15 4 38 4 81 29 4 18 4 53 4 79 39 8 80 15 8 25 22 4 14 4 2 37 16 31 16 76 19 4 16 4 12 4 48 4 66 26 4 40 4 45 4 13 22 8 36 8 71 5 4 37 4 20 4 21 4 81 25 8 85 12 4 33 4 24 4 36 4 48 13 8 80 7 4 31 25 8 19 35 8 17 5 8 3 20 4 34 4 30 4 24 14 4 9 4 63 21 4 11 4 38 4 14 51 4 17 4 59 15 4 24 4 12 4 56 37 4 52 4 80 7 4 22 4 1 26 16 14 16 80 31 26 26 4 9 4 47 25 4 19 4 16 4 82 19 4 17 4 21 28 16 19 16 21 35 35 16 4 35 4 39 8 16 49 16 85 25 4 22 4 48 4 32 28 4 35 4 8 30 4 10 4 23 4 40 32 4 36 4 34 24 15 4 58 5 49 29 4 28 37 31 4 95 8 16 40 16 76 22 4 12 4 23 4 7 26 9 15 4 21 31 48 4 37 11 4 38 4 13 4 56 9 16 5 16 89 34 4 9 4 55 36 4 21 4 43 4 14 6 4 17 22 7 4 76 19 4 9 4 6 4 41 4 43 32 4 9 4 5 4 11 4 14 42 4 24 4 6 36 40 4 17 7 4 6 4 37 4 65 28 4 36 28 17 4 71 14 4 33 5 19 4 49 37 4 34 4 69 9 59 18 4 35 33 35 4 64 36 4 37 4 101 43 4 12 4 25 4 16 4 59 38 4 32 4 6 4 19 4 68 24 4 32 4 53 26 48 22 4 13 4 50 19 4 50 4 41 4 24 4 70 46 4 29 4 19 4 44 28 4 13 4 18 4 31 11 4 5 4 7 4 21 4 19 6 4 13 4 31 4 28 4 
iteration 1203 best: 1.01479 time: 495953
33 6 8 76 14 8 56 15 8 83 35 4 44 4 37 44 4 32 4 62 15 8 18 9 4 19 4 80 34 12 88 41 8 69 34 8 112 12 8 59 29 12 56 31 4 12 4 20 33 4 5 4 15 4 38 4 81 29 4 18 4 53 4 79 39 8 80 15 8 25 22 4 14 4 2 37 16 31 16 76 19 4 16 4 12 4 48 4 66 26 4 40 4 45 4 13 22 8 36 8 71 5 4 37 4 20 4 21 4 81 25 8 85 12 4 33 4 24 4 36 4 48 13 8 80 7 4 31 25 8 19 35 8 17 5 8 3 20 4 34 4 30 4 24 14 4 9 4 63 21 4 11 4 38 4 14 51 4 17 4 59 15 4 24 4 12 4 56 37 4 52 4 80 7 4 22 4 1 26 16 14 16 80 31 26 26 4 9 4 47 25 4 19 4 16 4 82 19 4 17 4 21 28 16 19 16 21 35 35 16 4 35 4 39 8 16 49 16 85 25 4 22 4 48 4 32 28 4 35 4 8 30 4 10 4 23 4 40 32 4 36 4 34 24 15 4 58 5 49 29 4 28 37 31 4 95 8 16 40 16 76 22 4 12 4 23 4 7 26 9 15 4 21 31 48 4 37 11 4 38 4 13 4 56 9 16 5 16 89 34 4 9 4 55 36 4 21 4 43 4 14 6 4 17 22 7 4 76 19 4 9 4 6 4 41 4 43 32 4 9 4 5 4 11 4 14 42 4 24 4 6 36 40 4 17 7 4 6 4 37 4 65 28 4 36 28 17 4 71 14 4 33 5 19 4 49 37 4 34 4 69 9 59 18 4 35 33 35 4 64 36 4 37 4 101 43 4 12 4 25 4 16 4 59 38 4 32 4 6 4 19 4 68 24 4 32 4 53 26 48 22 4 13 4 50 19 4 50 4 41 4 24 4 70 46 4 29 4 19 4 44 28 4 13 4 18 4 31 11 4 5 4 7 4 21 4 19 6 4 13 4 31 4 28 4 
iteration 1221 best: 1.01479 time: 503335
33 6 8 76 14 8 56 15 8 83 35 4 44 4 37 44 4 32 4 62 15 8 18 9 4 19 4 80 34 12 88 41 8 69 34 8 112 12 8 59 29 12 56 31 4 12 4 20 33 4 5 4 15 4 38 4 81 29 4 18 4 53 4 79 39 8 80 15 8 25 22 4 14 4 2 37 16 31 16 76 19 4 16 4 12 4 48 4 66 26 4 40 4 45 4 13 22 8 36 8 71 5 4 37 4 20 4 21 4 81 25 8 85 12 4 33 4 24 4 36 4 48 13 8 80 7 4 31 25 8 19 35 8 17 5 8 3 20 4 34 4 30 4 24 14 4 9 4 63 21 4 11 4 38 4 14 51 4 17 4 59 15 4 24 4 12 4 56 37 4 52 4 80 7 4 22 4 1 26 16 14 16 80 31 26 26 4 9 4 47 25 4 19 4 16 4 82 19 4 17 4 21 28 16 19 16 21 35 35 16 4 35 4 39 8 16 49 16 85 25 4 22 4 48 4 32 28 4 35 4 8 30 4 10 4 23 4 40 32 4 36 4 34 24 15 4 58 5 49 29 4 28 37 31 4 95 8 16 40 16 76 22 4 12 4 23 4 7 26 9 15 4 21 31 48 4 37 11 4 38 4 13 4 56 9 16 5 16 89 34 4 9 4 55 36 4 21 4 43 4 14 6 4 17 22 7 4 76 19 4 9 4 6 4 41 4 43 32 4 9 4 5 4 11 4 14 42 4 24 4 6 36 40 4 17 7 4 6 4 37 4 65 28 4 36 28 17 4 71 14 4 33 5 19 4 49 37 4 34 4 69 9 59 18 4 35 33 35 4 64 36 4 37 4 101 43 4 12 4 25 4 16 4 59 38 4 32 4 6 4 19 4 68 24 4 32 4 53 26 48 22 4 13 4 50 19 4 50 4 41 4 24 4 70 46 4 29 4 19 4 44 28 4 13 4 18 4 31 11 4 5 4 7 4 21 4 19 6 4 13 4 31 4 28 4 
iteration 1239 best: 1.01479 time: 510742
33 6 8 76 14 8 56 15 8 83 35 4 44 4 37 44 4 32 4 62 15 8 18 9 4 19 4 80 34 12 88 41 8 69 34 8 112 12 8 59 29 12 56 31 4 12 4 20 33 4 5 4 15 4 38 4 81 29 4 18 4 53 4 79 39 8 80 15 8 25 22 4 14 4 2 37 16 31 16 76 19 4 16 4 12 4 48 4 66 26 4 40 4 45 4 13 22 8 36 8 71 5 4 37 4 20 4 21 4 81 25 8 85 12 4 33 4 24 4 36 4 48 13 8 80 7 4 31 25 8 19 35 8 17 5 8 3 20 4 34 4 30 4 24 14 4 9 4 63 21 4 11 4 38 4 14 51 4 17 4 59 15 4 24 4 12 4 56 37 4 52 4 80 7 4 22 4 1 26 16 14 16 80 31 26 26 4 9 4 47 25 4 19 4 16 4 82 19 4 17 4 21 28 16 19 16 21 35 35 16 4 35 4 39 8 16 49 16 85 25 4 22 4 48 4 32 28 4 35 4 8 30 4 10 4 23 4 40 32 4 36 4 34 24 15 4 58 5 49 29 4 28 37 31 4 95 8 16 40 16 76 22 4 12 4 23 4 7 26 9 15 4 21 31 48 4 37 11 4 38 4 13 4 56 9 16 5 16 89 34 4 9 4 55 36 4 21 4 43 4 14 6 4 17 22 7 4 76 19 4 9 4 6 4 41 4 43 32 4 9 4 5 4 11 4 14 42 4 24 4 6 36 40 4 17 7 4 6 4 37 4 65 28 4 36 28 17 4 71 14 4 33 5 19 4 49 37 4 34 4 69 9 59 18 4 35 33 35 4 64 36 4 37 4 101 43 4 12 4 25 4 16 4 59 38 4 32 4 6 4 19 4 68 24 4 32 4 53 26 48 22 4 13 4 50 19 4 50 4 41 4 24 4 70 46 4 29 4 19 4 44 28 4 13 4 18 4 31 11 4 5 4 7 4 21 4 19 6 4 13 4 31 4 28 4 
iteration 1257 best: 1.01479 time: 518157
33 6 8 76 14 8 56 15 8 83 35 4 44 4 37 44 4 32 4 62 15 8 18 9 4 19 4 80 34 12 88 41 8 69 34 8 112 12 8 59 29 12 56 31 4 12 4 20 33 4 5 4 15 4 38 4 81 29 4 18 4 53 4 79 39 8 80 15 8 25 22 4 14 4 2 37 16 31 16 76 19 4 16 4 12 4 48 4 66 26 4 40 4 45 4 13 22 8 36 8 71 5 4 37 4 20 4 21 4 81 25 8 85 12 4 33 4 24 4 36 4 48 13 8 80 7 4 31 25 8 19 35 8 17 5 8 3 20 4 34 4 30 4 24 14 4 9 4 63 21 4 11 4 38 4 14 51 4 17 4 59 15 4 24 4 12 4 56 37 4 52 4 80 7 4 22 4 1 26 16 14 16 80 31 26 26 4 9 4 47 25 4 19 4 16 4 82 19 4 17 4 21 28 16 19 16 21 35 35 16 4 35 4 39 8 16 49 16 85 25 4 22 4 48 4 32 28 4 35 4 8 30 4 10 4 23 4 40 32 4 36 4 34 24 15 4 58 5 49 29 4 28 37 31 4 95 8 16 40 16 76 22 4 12 4 23 4 7 26 9 15 4 21 31 48 4 37 11 4 38 4 13 4 56 9 16 5 16 89 34 4 9 4 55 36 4 21 4 43 4 14 6 4 17 22 7 4 76 19 4 9 4 6 4 41 4 43 32 4 9 4 5 4 11 4 14 42 4 24 4 6 36 40 4 17 7 4 6 4 37 4 65 28 4 36 28 17 4 71 14 4 33 5 19 4 49 37 4 34 4 69 9 59 18 4 35 33 35 4 64 36 4 37 4 101 43 4 12 4 25 4 16 4 59 38 4 32 4 6 4 19 4 68 24 4 32 4 53 26 48 22 4 13 4 50 19 4 50 4 41 4 24 4 70 46 4 29 4 19 4 44 28 4 13 4 18 4 31 11 4 5 4 7 4 21 4 19 6 4 13 4 31 4 28 4 
iteration 1275 best: 1.01479 time: 525564
33 6 8 76 14 8 56 15 8 83 35 4 44 4 37 44 4 32 4 62 15 8 18 9 4 19 4 80 34 12 88 41 8 69 34 8 112 12 8 59 29 12 56 31 4 12 4 20 33 4 5 4 15 4 38 4 81 29 4 18 4 53 4 79 39 8 80 15 8 25 22 4 14 4 2 37 16 31 16 76 19 4 16 4 12 4 48 4 66 26 4 40 4 45 4 13 22 8 36 8 71 5 4 37 4 20 4 21 4 81 25 8 85 12 4 33 4 24 4 36 4 48 13 8 80 7 4 31 25 8 19 35 8 17 5 8 3 20 4 34 4 30 4 24 14 4 9 4 63 21 4 11 4 38 4 14 51 4 17 4 59 15 4 24 4 12 4 56 37 4 52 4 80 7 4 22 4 1 26 16 14 16 80 31 26 26 4 9 4 47 25 4 19 4 16 4 82 19 4 17 4 21 28 16 19 16 21 35 35 16 4 35 4 39 8 16 49 16 85 25 4 22 4 48 4 32 28 4 35 4 8 30 4 10 4 23 4 40 32 4 36 4 34 24 15 4 58 5 49 29 4 28 37 31 4 95 8 16 40 16 76 22 4 12 4 23 4 7 26 9 15 4 21 31 48 4 37 11 4 38 4 13 4 56 9 16 5 16 89 34 4 9 4 55 36 4 21 4 43 4 14 6 4 17 22 7 4 76 19 4 9 4 6 4 41 4 43 32 4 9 4 5 4 11 4 14 42 4 24 4 6 36 40 4 17 7 4 6 4 37 4 65 28 4 36 28 17 4 71 14 4 33 5 19 4 49 37 4 34 4 69 9 59 18 4 35 33 35 4 64 36 4 37 4 101 43 4 12 4 25 4 16 4 59 38 4 32 4 6 4 19 4 68 24 4 32 4 53 26 48 22 4 13 4 50 19 4 50 4 41 4 24 4 70 46 4 29 4 19 4 44 28 4 13 4 18 4 31 11 4 5 4 7 4 21 4 19 6 4 13 4 31 4 28 4 
iteration 1293 best: 1.01479 time: 532967
33 6 8 76 14 8 56 15 8 83 35 4 44 4 37 44 4 32 4 62 15 8 18 9 4 19 4 80 34 12 88 41 8 69 34 8 112 12 8 59 29 12 56 31 4 12 4 20 33 4 5 4 15 4 38 4 81 29 4 18 4 53 4 79 39 8 80 15 8 25 22 4 14 4 2 37 16 31 16 76 19 4 16 4 12 4 48 4 66 26 4 40 4 45 4 13 22 8 36 8 71 5 4 37 4 20 4 21 4 81 25 8 85 12 4 33 4 24 4 36 4 48 13 8 80 7 4 31 25 8 19 35 8 17 5 8 3 20 4 34 4 30 4 24 14 4 9 4 63 21 4 11 4 38 4 14 51 4 17 4 59 15 4 24 4 12 4 56 37 4 52 4 80 7 4 22 4 1 26 16 14 16 80 31 26 26 4 9 4 47 25 4 19 4 16 4 82 19 4 17 4 21 28 16 19 16 21 35 35 16 4 35 4 39 8 16 49 16 85 25 4 22 4 48 4 32 28 4 35 4 8 30 4 10 4 23 4 40 32 4 36 4 34 24 15 4 58 5 49 29 4 28 37 31 4 95 8 16 40 16 76 22 4 12 4 23 4 7 26 9 15 4 21 31 48 4 37 11 4 38 4 13 4 56 9 16 5 16 89 34 4 9 4 55 36 4 21 4 43 4 14 6 4 17 22 7 4 76 19 4 9 4 6 4 41 4 43 32 4 9 4 5 4 11 4 14 42 4 24 4 6 36 40 4 17 7 4 6 4 37 4 65 28 4 36 28 17 4 71 14 4 33 5 19 4 49 37 4 34 4 69 9 59 18 4 35 33 35 4 64 36 4 37 4 101 43 4 12 4 25 4 16 4 59 38 4 32 4 6 4 19 4 68 24 4 32 4 53 26 48 22 4 13 4 50 19 4 50 4 41 4 24 4 70 46 4 29 4 19 4 44 28 4 13 4 18 4 31 11 4 5 4 7 4 21 4 19 6 4 13 4 31 4 28 4 
iteration 1311 best: 1.01479 time: 540389
33 6 8 76 14 8 56 15 8 83 35 4 44 4 37 44 4 32 4 62 15 8 18 9 4 19 4 80 34 12 88 41 8 69 34 8 112 12 8 59 29 12 56 31 4 12 4 20 33 4 5 4 15 4 38 4 81 29 4 18 4 53 4 79 39 8 80 15 8 25 22 4 14 4 2 37 16 31 16 76 19 4 16 4 12 4 48 4 66 26 4 40 4 45 4 13 22 8 36 8 71 5 4 37 4 20 4 21 4 81 25 8 85 12 4 33 4 24 4 36 4 48 13 8 80 7 4 31 25 8 19 35 8 17 5 8 3 20 4 34 4 30 4 24 14 4 9 4 63 21 4 11 4 38 4 14 51 4 17 4 59 15 4 24 4 12 4 56 37 4 52 4 80 7 4 22 4 1 26 16 14 16 80 31 26 26 4 9 4 47 25 4 19 4 16 4 82 19 4 17 4 21 28 16 19 16 21 35 35 16 4 35 4 39 8 16 49 16 85 25 4 22 4 48 4 32 28 4 35 4 8 30 4 10 4 23 4 40 32 4 36 4 34 24 15 4 58 5 49 29 4 28 37 31 4 95 8 16 40 16 76 22 4 12 4 23 4 7 26 9 15 4 21 31 48 4 37 11 4 38 4 13 4 56 9 16 5 16 89 34 4 9 4 55 36 4 21 4 43 4 14 6 4 17 22 7 4 76 19 4 9 4 6 4 41 4 43 32 4 9 4 5 4 11 4 14 42 4 24 4 6 36 40 4 17 7 4 6 4 37 4 65 28 4 36 28 17 4 71 14 4 33 5 19 4 49 37 4 34 4 69 9 59 18 4 35 33 35 4 64 36 4 37 4 101 43 4 12 4 25 4 16 4 59 38 4 32 4 6 4 19 4 68 24 4 32 4 53 26 48 22 4 13 4 50 19 4 50 4 41 4 24 4 70 46 4 29 4 19 4 44 28 4 13 4 18 4 31 11 4 5 4 7 4 21 4 19 6 4 13 4 31 4 28 4 
iteration 1329 best: 1.01479 time: 547804
33 6 8 76 14 8 56 15 8 83 35 4 44 4 37 44 4 32 4 62 15 8 18 9 4 19 4 80 34 12 88 41 8 69 34 8 112 12 8 59 29 12 56 31 4 12 4 20 33 4 5 4 15 4 38 4 81 29 4 18 4 53 4 79 39 8 80 15 8 25 22 4 14 4 2 37 16 31 16 76 19 4 16 4 12 4 48 4 66 26 4 40 4 45 4 13 22 8 36 8 71 5 4 37 4 20 4 21 4 81 25 8 85 12 4 33 4 24 4 36 4 48 13 8 80 7 4 31 25 8 19 35 8 17 5 8 3 20 4 34 4 30 4 24 14 4 9 4 63 21 4 11 4 38 4 14 51 4 17 4 59 15 4 24 4 12 4 56 37 4 52 4 80 7 4 22 4 1 26 16 14 16 80 31 26 26 4 9 4 47 25 4 19 4 16 4 82 19 4 17 4 21 28 16 19 16 21 35 35 16 4 35 4 39 8 16 49 16 85 25 4 22 4 48 4 32 28 4 35 4 8 30 4 10 4 23 4 40 32 4 36 4 34 24 15 4 58 5 49 29 4 28 37 31 4 95 8 16 40 16 76 22 4 12 4 23 4 7 26 9 15 4 21 31 48 4 37 11 4 38 4 13 4 56 9 16 5 16 89 34 4 9 4 55 36 4 21 4 43 4 14 6 4 17 22 7 4 76 19 4 9 4 6 4 41 4 43 32 4 9 4 5 4 11 4 14 42 4 24 4 6 36 40 4 17 7 4 6 4 37 4 65 28 4 36 28 17 4 71 14 4 33 5 19 4 49 37 4 34 4 69 9 59 18 4 35 33 35 4 64 36 4 37 4 101 43 4 12 4 25 4 16 4 59 38 4 32 4 6 4 19 4 68 24 4 32 4 53 26 48 22 4 13 4 50 19 4 50 4 41 4 24 4 70 46 4 29 4 19 4 44 28 4 13 4 18 4 31 11 4 5 4 7 4 21 4 19 6 4 13 4 31 4 28 4 
iteration 1347 best: 1.01479 time: 555224
33 6 8 76 14 8 56 15 8 83 35 4 44 4 37 44 4 32 4 62 15 8 18 9 4 19 4 80 34 12 88 41 8 69 34 8 112 12 8 59 29 12 56 31 4 12 4 20 33 4 5 4 15 4 38 4 81 29 4 18 4 53 4 79 39 8 80 15 8 25 22 4 14 4 2 37 16 31 16 76 19 4 16 4 12 4 48 4 66 26 4 40 4 45 4 13 22 8 36 8 71 5 4 37 4 20 4 21 4 81 25 8 85 12 4 33 4 24 4 36 4 48 13 8 80 7 4 31 25 8 19 35 8 17 5 8 3 20 4 34 4 30 4 24 14 4 9 4 63 21 4 11 4 38 4 14 51 4 17 4 59 15 4 24 4 12 4 56 37 4 52 4 80 7 4 22 4 1 26 16 14 16 80 31 26 26 4 9 4 47 25 4 19 4 16 4 82 19 4 17 4 21 28 16 19 16 21 35 35 16 4 35 4 39 8 16 49 16 85 25 4 22 4 48 4 32 28 4 35 4 8 30 4 10 4 23 4 40 32 4 36 4 34 24 15 4 58 5 49 29 4 28 37 31 4 95 8 16 40 16 76 22 4 12 4 23 4 7 26 9 15 4 21 31 48 4 37 11 4 38 4 13 4 56 9 16 5 16 89 34 4 9 4 55 36 4 21 4 43 4 14 6 4 17 22 7 4 76 19 4 9 4 6 4 41 4 43 32 4 9 4 5 4 11 4 14 42 4 24 4 6 36 40 4 17 7 4 6 4 37 4 65 28 4 36 28 17 4 71 14 4 33 5 19 4 49 37 4 34 4 69 9 59 18 4 35 33 35 4 64 36 4 37 4 101 43 4 12 4 25 4 16 4 59 38 4 32 4 6 4 19 4 68 24 4 32 4 53 26 48 22 4 13 4 50 19 4 50 4 41 4 24 4 70 46 4 29 4 19 4 44 28 4 13 4 18 4 31 11 4 5 4 7 4 21 4 19 6 4 13 4 31 4 28 4 
iteration 1365 best: 1.01479 time: 562636
33 6 8 76 14 8 56 15 8 83 35 4 44 4 37 44 4 32 4 62 15 8 18 9 4 19 4 80 34 12 88 41 8 69 34 8 112 12 8 59 29 12 56 31 4 12 4 20 33 4 5 4 15 4 38 4 81 29 4 18 4 53 4 79 39 8 80 15 8 25 22 4 14 4 2 37 16 31 16 76 19 4 16 4 12 4 48 4 66 26 4 40 4 45 4 13 22 8 36 8 71 5 4 37 4 20 4 21 4 81 25 8 85 12 4 33 4 24 4 36 4 48 13 8 80 7 4 31 25 8 19 35 8 17 5 8 3 20 4 34 4 30 4 24 14 4 9 4 63 21 4 11 4 38 4 14 51 4 17 4 59 15 4 24 4 12 4 56 37 4 52 4 80 7 4 22 4 1 26 16 14 16 80 31 26 26 4 9 4 47 25 4 19 4 16 4 82 19 4 17 4 21 28 16 19 16 21 35 35 16 4 35 4 39 8 16 49 16 85 25 4 22 4 48 4 32 28 4 35 4 8 30 4 10 4 23 4 40 32 4 36 4 34 24 15 4 58 5 49 29 4 28 37 31 4 95 8 16 40 16 76 22 4 12 4 23 4 7 26 9 15 4 21 31 48 4 37 11 4 38 4 13 4 56 9 16 5 16 89 34 4 9 4 55 36 4 21 4 43 4 14 6 4 17 22 7 4 76 19 4 9 4 6 4 41 4 43 32 4 9 4 5 4 11 4 14 42 4 24 4 6 36 40 4 17 7 4 6 4 37 4 65 28 4 36 28 17 4 71 14 4 33 5 19 4 49 37 4 34 4 69 9 59 18 4 35 33 35 4 64 36 4 37 4 101 43 4 12 4 25 4 16 4 59 38 4 32 4 6 4 19 4 68 24 4 32 4 53 26 48 22 4 13 4 50 19 4 50 4 41 4 24 4 70 46 4 29 4 19 4 44 28 4 13 4 18 4 31 11 4 5 4 7 4 21 4 19 6 4 13 4 31 4 28 4 
iteration 1383 best: 1.01479 time: 570040
33 6 8 76 14 8 56 15 8 83 35 4 44 4 37 44 4 32 4 62 15 8 18 9 4 19 4 80 34 12 88 41 8 69 34 8 112 12 8 59 29 12 56 31 4 12 4 20 33 4 5 4 15 4 38 4 81 29 4 18 4 53 4 79 39 8 80 15 8 25 22 4 14 4 2 37 16 31 16 76 19 4 16 4 12 4 48 4 66 26 4 40 4 45 4 13 22 8 36 8 71 5 4 37 4 20 4 21 4 81 25 8 85 12 4 33 4 24 4 36 4 48 13 8 80 7 4 31 25 8 19 35 8 17 5 8 3 20 4 34 4 30 4 24 14 4 9 4 63 21 4 11 4 38 4 14 51 4 17 4 59 15 4 24 4 12 4 56 37 4 52 4 80 7 4 22 4 1 26 16 14 16 80 31 26 26 4 9 4 47 25 4 19 4 16 4 82 19 4 17 4 21 28 16 19 16 21 35 35 16 4 35 4 39 8 16 49 16 85 25 4 22 4 48 4 32 28 4 35 4 8 30 4 10 4 23 4 40 32 4 36 4 34 24 15 4 58 5 49 29 4 28 37 31 4 95 8 16 40 16 76 22 4 12 4 23 4 7 26 9 15 4 21 31 48 4 37 11 4 38 4 13 4 56 9 16 5 16 89 34 4 9 4 55 36 4 21 4 43 4 14 6 4 17 22 7 4 76 19 4 9 4 6 4 41 4 43 32 4 9 4 5 4 11 4 14 42 4 24 4 6 36 40 4 17 7 4 6 4 37 4 65 28 4 36 28 17 4 71 14 4 33 5 19 4 49 37 4 34 4 69 9 59 18 4 35 33 35 4 64 36 4 37 4 101 43 4 12 4 25 4 16 4 59 38 4 32 4 6 4 19 4 68 24 4 32 4 53 26 48 22 4 13 4 50 19 4 50 4 41 4 24 4 70 46 4 29 4 19 4 44 28 4 13 4 18 4 31 11 4 5 4 7 4 21 4 19 6 4 13 4 31 4 28 4 
iteration 1401 best: 1.01479 time: 577433
33 6 8 76 14 8 56 15 8 83 35 4 44 4 37 44 4 32 4 62 15 8 18 9 4 19 4 80 34 12 88 41 8 69 34 8 112 12 8 59 29 12 56 31 4 12 4 20 33 4 5 4 15 4 38 4 81 29 4 18 4 53 4 79 39 8 80 15 8 25 22 4 14 4 2 37 16 31 16 76 19 4 16 4 12 4 48 4 66 26 4 40 4 45 4 13 22 8 36 8 71 5 4 37 4 20 4 21 4 81 25 8 85 12 4 33 4 24 4 36 4 48 13 8 80 7 4 31 25 8 19 35 8 17 5 8 3 20 4 34 4 30 4 24 14 4 9 4 63 21 4 11 4 38 4 14 51 4 17 4 59 15 4 24 4 12 4 56 37 4 52 4 80 7 4 22 4 1 26 16 14 16 80 31 26 26 4 9 4 47 25 4 19 4 16 4 82 19 4 17 4 21 28 16 19 16 21 35 35 16 4 35 4 39 8 16 49 16 85 25 4 22 4 48 4 32 28 4 35 4 8 30 4 10 4 23 4 40 32 4 36 4 34 24 15 4 58 5 49 29 4 28 37 31 4 95 8 16 40 16 76 22 4 12 4 23 4 7 26 9 15 4 21 31 48 4 37 11 4 38 4 13 4 56 9 16 5 16 89 34 4 9 4 55 36 4 21 4 43 4 14 6 4 17 22 7 4 76 19 4 9 4 6 4 41 4 43 32 4 9 4 5 4 11 4 14 42 4 24 4 6 36 40 4 17 7 4 6 4 37 4 65 28 4 36 28 17 4 71 14 4 33 5 19 4 49 37 4 34 4 69 9 59 18 4 35 33 35 4 64 36 4 37 4 101 43 4 12 4 25 4 16 4 59 38 4 32 4 6 4 19 4 68 24 4 32 4 53 26 48 22 4 13 4 50 19 4 50 4 41 4 24 4 70 46 4 29 4 19 4 44 28 4 13 4 18 4 31 11 4 5 4 7 4 21 4 19 6 4 13 4 31 4 28 4 
iteration 1419 best: 1.01479 time: 584814
33 6 8 76 14 8 56 15 8 83 35 4 44 4 37 44 4 32 4 62 15 8 18 9 4 19 4 80 34 12 88 41 8 69 34 8 112 12 8 59 29 12 56 31 4 12 4 20 33 4 5 4 15 4 38 4 81 29 4 18 4 53 4 79 39 8 80 15 8 25 22 4 14 4 2 37 16 31 16 76 19 4 16 4 12 4 48 4 66 26 4 40 4 45 4 13 22 8 36 8 71 5 4 37 4 20 4 21 4 81 25 8 85 12 4 33 4 24 4 36 4 48 13 8 80 7 4 31 25 8 19 35 8 17 5 8 3 20 4 34 4 30 4 24 14 4 9 4 63 21 4 11 4 38 4 14 51 4 17 4 59 15 4 24 4 12 4 56 37 4 52 4 80 7 4 22 4 1 26 16 14 16 80 31 26 26 4 9 4 47 25 4 19 4 16 4 82 19 4 17 4 21 28 16 19 16 21 35 35 16 4 35 4 39 8 16 49 16 85 25 4 22 4 48 4 32 28 4 35 4 8 30 4 10 4 23 4 40 32 4 36 4 34 24 15 4 58 5 49 29 4 28 37 31 4 95 8 16 40 16 76 22 4 12 4 23 4 7 26 9 15 4 21 31 48 4 37 11 4 38 4 13 4 56 9 16 5 16 89 34 4 9 4 55 36 4 21 4 43 4 14 6 4 17 22 7 4 76 19 4 9 4 6 4 41 4 43 32 4 9 4 5 4 11 4 14 42 4 24 4 6 36 40 4 17 7 4 6 4 37 4 65 28 4 36 28 17 4 71 14 4 33 5 19 4 49 37 4 34 4 69 9 59 18 4 35 33 35 4 64 36 4 37 4 101 43 4 12 4 25 4 16 4 59 38 4 32 4 6 4 19 4 68 24 4 32 4 53 26 48 22 4 13 4 50 19 4 50 4 41 4 24 4 70 46 4 29 4 19 4 44 28 4 13 4 18 4 31 11 4 5 4 7 4 21 4 19 6 4 13 4 31 4 28 4 
iteration 1437 best: 1.01479 time: 592218
33 6 8 76 14 8 56 15 8 83 35 4 44 4 37 44 4 32 4 62 15 8 18 9 4 19 4 80 34 12 88 41 8 69 34 8 112 12 8 59 29 12 56 31 4 12 4 20 33 4 5 4 15 4 38 4 81 29 4 18 4 53 4 79 39 8 80 15 8 25 22 4 14 4 2 37 16 31 16 76 19 4 16 4 12 4 48 4 66 26 4 40 4 45 4 13 22 8 36 8 71 5 4 37 4 20 4 21 4 81 25 8 85 12 4 33 4 24 4 36 4 48 13 8 80 7 4 31 25 8 19 35 8 17 5 8 3 20 4 34 4 30 4 24 14 4 9 4 63 21 4 11 4 38 4 14 51 4 17 4 59 15 4 24 4 12 4 56 37 4 52 4 80 7 4 22 4 1 26 16 14 16 80 31 26 26 4 9 4 47 25 4 19 4 16 4 82 19 4 17 4 21 28 16 19 16 21 35 35 16 4 35 4 39 8 16 49 16 85 25 4 22 4 48 4 32 28 4 35 4 8 30 4 10 4 23 4 40 32 4 36 4 34 24 15 4 58 5 49 29 4 28 37 31 4 95 8 16 40 16 76 22 4 12 4 23 4 7 26 9 15 4 21 31 48 4 37 11 4 38 4 13 4 56 9 16 5 16 89 34 4 9 4 55 36 4 21 4 43 4 14 6 4 17 22 7 4 76 19 4 9 4 6 4 41 4 43 32 4 9 4 5 4 11 4 14 42 4 24 4 6 36 40 4 17 7 4 6 4 37 4 65 28 4 36 28 17 4 71 14 4 33 5 19 4 49 37 4 34 4 69 9 59 18 4 35 33 35 4 64 36 4 37 4 101 43 4 12 4 25 4 16 4 59 38 4 32 4 6 4 19 4 68 24 4 32 4 53 26 48 22 4 13 4 50 19 4 50 4 41 4 24 4 70 46 4 29 4 19 4 44 28 4 13 4 18 4 31 11 4 5 4 7 4 21 4 19 6 4 13 4 31 4 28 4 
iteration 1455 best: 1.01479 time: 599569
33 6 8 76 14 8 56 15 8 83 35 4 44 4 37 44 4 32 4 62 15 8 18 9 4 19 4 80 34 12 88 41 8 69 34 8 112 12 8 59 29 12 56 31 4 12 4 20 33 4 5 4 15 4 38 4 81 29 4 18 4 53 4 79 39 8 80 15 8 25 22 4 14 4 2 37 16 31 16 76 19 4 16 4 12 4 48 4 66 26 4 40 4 45 4 13 22 8 36 8 71 5 4 37 4 20 4 21 4 81 25 8 85 12 4 33 4 24 4 36 4 48 13 8 80 7 4 31 25 8 19 35 8 17 5 8 3 20 4 34 4 30 4 24 14 4 9 4 63 21 4 11 4 38 4 14 51 4 17 4 59 15 4 24 4 12 4 56 37 4 52 4 80 7 4 22 4 1 26 16 14 16 80 31 26 26 4 9 4 47 25 4 19 4 16 4 82 19 4 17 4 21 28 16 19 16 21 35 35 16 4 35 4 39 8 16 49 16 85 25 4 22 4 48 4 32 28 4 35 4 8 30 4 10 4 23 4 40 32 4 36 4 34 24 15 4 58 5 49 29 4 28 37 31 4 95 8 16 40 16 76 22 4 12 4 23 4 7 26 9 15 4 21 31 48 4 37 11 4 38 4 13 4 56 9 16 5 16 89 34 4 9 4 55 36 4 21 4 43 4 14 6 4 17 22 7 4 76 19 4 9 4 6 4 41 4 43 32 4 9 4 5 4 11 4 14 42 4 24 4 6 36 40 4 17 7 4 6 4 37 4 65 28 4 36 28 17 4 71 14 4 33 5 19 4 49 37 4 34 4 69 9 59 18 4 35 33 35 4 64 36 4 37 4 101 43 4 12 4 25 4 16 4 59 38 4 32 4 6 4 19 4 68 24 4 32 4 53 26 48 22 4 13 4 50 19 4 50 4 41 4 24 4 70 46 4 29 4 19 4 44 28 4 13 4 18 4 31 11 4 5 4 7 4 21 4 19 6 4 13 4 31 4 28 4 
Best solution: 
33 6 8 76 14 8 56 15 8 83 35 4 44 4 37 44 4 32 4 62 15 8 18 9 4 19 4 80 34 12 88 41 8 69 34 8 112 12 8 59 29 12 56 31 4 12 4 20 33 4 5 4 15 4 38 4 81 29 4 18 4 53 4 79 39 8 80 15 8 25 22 4 14 4 2 37 16 31 16 76 19 4 16 4 12 4 48 4 66 26 4 40 4 45 4 13 22 8 36 8 71 5 4 37 4 20 4 21 4 81 25 8 85 12 4 33 4 24 4 36 4 48 13 8 80 7 4 31 25 8 19 35 8 17 5 8 3 20 4 34 4 30 4 24 14 4 9 4 63 21 4 11 4 38 4 14 51 4 17 4 59 15 4 24 4 12 4 56 37 4 52 4 80 7 4 22 4 1 26 16 14 16 80 31 26 26 4 9 4 47 25 4 19 4 16 4 82 19 4 17 4 21 28 16 19 16 21 35 35 16 4 35 4 39 8 16 49 16 85 25 4 22 4 48 4 32 28 4 35 4 8 30 4 10 4 23 4 40 32 4 36 4 34 24 15 4 58 5 49 29 4 28 37 31 4 95 8 16 40 16 76 22 4 12 4 23 4 7 26 9 15 4 21 31 48 4 37 11 4 38 4 13 4 56 9 16 5 16 89 34 4 9 4 55 36 4 21 4 43 4 14 6 4 17 22 7 4 76 19 4 9 4 6 4 41 4 43 32 4 9 4 5 4 11 4 14 42 4 24 4 6 36 40 4 17 7 4 6 4 37 4 65 28 4 36 28 17 4 71 14 4 33 5 19 4 49 37 4 34 4 69 9 59 18 4 35 33 35 4 64 36 4 37 4 101 43 4 12 4 25 4 16 4 59 38 4 32 4 6 4 19 4 68 24 4 32 4 53 26 48 22 4 13 4 50 19 4 50 4 41 4 24 4 70 46 4 29 4 19 4 44 28 4 13 4 18 4 31 11 4 5 4 7 4 21 4 19 6 4 13 4 31 4 28 4 
Fitness: 1.01479
