iteration 23 best: 0.917568 time: 7248
21 43 4 33 4 48 4 10 29 4 6 4 59 24 4 15 4 10 4 22 37 4 36 4 8 4 14 25 4 24 4 10 4 48 32 4 15 4 36 4 27 4 13 38 4 6 4 21 4 33 10 4 43 4 72 18 4 13 4 19 12 4 27 4 37 4 14 4 88 31 4 24 4 34 16 4 37 4 38 42 4 12 4 27 4 26 4 23 4 58 18 4 49 4 22 4 24 4 92 10 4 42 4 27 46 4 19 4 44 4 26 4 73 31 4 22 4 5 4 14 42 4 25 4 5 17 4 21 4 94 18 20 53 40 4 8 4 43 4 17 35 20 52 25 4 22 4 38 4 57 21 4 8 4 23 4 16 4 12 32 4 26 4 97 14 4 25 4 15 4 5 5 4 6 4 90 46 4 18 4 22 4 63 20 4 42 4 45 4 47 45 4 36 4 15 8 4 21 4 86 33 4 58 23 4 18 4 49 4 15 40 4 25 4 59 13 4 31 4 32 38 4 11 4 25 25 4 44 4 36 21 4 47 4 25 45 4 35 4 63 37 4 7 4 18 34 4 10 4 19 18 4 40 4 19 4 81 9 4 15 4 74 26 4 15 4 12 4 103 17 4 20 4 39 4 42 9 4 19 4 47 4 8 4 35 8 4 15 4 33 4 8 4 86 45 4 35 4 22 4 25 46 4 38 4 35 30 4 25 4 37 4 92 46 4 25 4 24 4 62 37 4 19 4 27 4 44 44 4 8 4 16 4 100 16 16 15 16 72 12 4 77 34 16 12 16 55 23 4 32 4 80 43 4 49 4 12 4 29 43 4 31 4 20 4 23 4 32 7 4 15 4 39 33 4 9 4 25 4 14 4 66 51 4 22 4 5 4 69 43 4 44 4 8 4 70 30 4 19 4 43 4 92 37 4 52 4 28 4 52 41 4 45 4 17 4 22 4 58 42 4 47 4 34 4 6 4 16 29 4 25 4 14 4 13 17 4 14 4 25 4 71 46 4 41 4 23 4 
iteration 50 best: 0.917568 time: 14659
21 43 4 33 4 48 4 10 29 4 6 4 59 24 4 15 4 10 4 22 37 4 36 4 8 4 14 25 4 24 4 10 4 48 32 4 15 4 36 4 27 4 13 38 4 6 4 21 4 33 10 4 43 4 72 18 4 13 4 19 12 4 27 4 37 4 14 4 88 31 4 24 4 34 16 4 37 4 38 42 4 12 4 27 4 26 4 23 4 58 18 4 49 4 22 4 24 4 92 10 4 42 4 27 46 4 19 4 44 4 26 4 73 31 4 22 4 5 4 14 42 4 25 4 5 17 4 21 4 94 18 20 53 40 4 8 4 43 4 17 35 20 52 25 4 22 4 38 4 57 21 4 8 4 23 4 16 4 12 32 4 26 4 97 14 4 25 4 15 4 5 5 4 6 4 90 46 4 18 4 22 4 63 20 4 42 4 45 4 47 45 4 36 4 15 8 4 21 4 86 33 4 58 23 4 18 4 49 4 15 40 4 25 4 59 13 4 31 4 32 38 4 11 4 25 25 4 44 4 36 21 4 47 4 25 45 4 35 4 63 37 4 7 4 18 34 4 10 4 19 18 4 40 4 19 4 81 9 4 15 4 74 26 4 15 4 12 4 103 17 4 20 4 39 4 42 9 4 19 4 47 4 8 4 35 8 4 15 4 33 4 8 4 86 45 4 35 4 22 4 25 46 4 38 4 35 30 4 25 4 37 4 92 46 4 25 4 24 4 62 37 4 19 4 27 4 44 44 4 8 4 16 4 100 16 16 15 16 72 12 4 77 34 16 12 16 55 23 4 32 4 80 43 4 49 4 12 4 29 43 4 31 4 20 4 23 4 32 7 4 15 4 39 33 4 9 4 25 4 14 4 66 51 4 22 4 5 4 69 43 4 44 4 8 4 70 30 4 19 4 43 4 92 37 4 52 4 28 4 52 41 4 45 4 17 4 22 4 58 42 4 47 4 34 4 6 4 16 29 4 25 4 14 4 13 17 4 14 4 25 4 71 46 4 41 4 23 4 
iteration 77 best: 0.917568 time: 22091
21 43 4 33 4 48 4 10 29 4 6 4 59 24 4 15 4 10 4 22 37 4 36 4 8 4 14 25 4 24 4 10 4 48 32 4 15 4 36 4 27 4 13 38 4 6 4 21 4 33 10 4 43 4 72 18 4 13 4 19 12 4 27 4 37 4 14 4 88 31 4 24 4 34 16 4 37 4 38 42 4 12 4 27 4 26 4 23 4 58 18 4 49 4 22 4 24 4 92 10 4 42 4 27 46 4 19 4 44 4 26 4 73 31 4 22 4 5 4 14 42 4 25 4 5 17 4 21 4 94 18 20 53 40 4 8 4 43 4 17 35 20 52 25 4 22 4 38 4 57 21 4 8 4 23 4 16 4 12 32 4 26 4 97 14 4 25 4 15 4 5 5 4 6 4 90 46 4 18 4 22 4 63 20 4 42 4 45 4 47 45 4 36 4 15 8 4 21 4 86 33 4 58 23 4 18 4 49 4 15 40 4 25 4 59 13 4 31 4 32 38 4 11 4 25 25 4 44 4 36 21 4 47 4 25 45 4 35 4 63 37 4 7 4 18 34 4 10 4 19 18 4 40 4 19 4 81 9 4 15 4 74 26 4 15 4 12 4 103 17 4 20 4 39 4 42 9 4 19 4 47 4 8 4 35 8 4 15 4 33 4 8 4 86 45 4 35 4 22 4 25 46 4 38 4 35 30 4 25 4 37 4 92 46 4 25 4 24 4 62 37 4 19 4 27 4 44 44 4 8 4 16 4 100 16 16 15 16 72 12 4 77 34 16 12 16 55 23 4 32 4 80 43 4 49 4 12 4 29 43 4 31 4 20 4 23 4 32 7 4 15 4 39 33 4 9 4 25 4 14 4 66 51 4 22 4 5 4 69 43 4 44 4 8 4 70 30 4 19 4 43 4 92 37 4 52 4 28 4 52 41 4 45 4 17 4 22 4 58 42 4 47 4 34 4 6 4 16 29 4 25 4 14 4 13 17 4 14 4 25 4 71 46 4 41 4 23 4 
iteration 104 best: 0.917568 time: 29546
21 43 4 33 4 48 4 10 29 4 6 4 59 24 4 15 4 10 4 22 37 4 36 4 8 4 14 25 4 24 4 10 4 48 32 4 15 4 36 4 27 4 13 38 4 6 4 21 4 33 10 4 43 4 72 18 4 13 4 19 12 4 27 4 37 4 14 4 88 31 4 24 4 34 16 4 37 4 38 42 4 12 4 27 4 26 4 23 4 58 18 4 49 4 22 4 24 4 92 10 4 42 4 27 46 4 19 4 44 4 26 4 73 31 4 22 4 5 4 14 42 4 25 4 5 17 4 21 4 94 18 20 53 40 4 8 4 43 4 17 35 20 52 25 4 22 4 38 4 57 21 4 8 4 23 4 16 4 12 32 4 26 4 97 14 4 25 4 15 4 5 5 4 6 4 90 46 4 18 4 22 4 63 20 4 42 4 45 4 47 45 4 36 4 15 8 4 21 4 86 33 4 58 23 4 18 4 49 4 15 40 4 25 4 59 13 4 31 4 32 38 4 11 4 25 25 4 44 4 36 21 4 47 4 25 45 4 35 4 63 37 4 7 4 18 34 4 10 4 19 18 4 40 4 19 4 81 9 4 15 4 74 26 4 15 4 12 4 103 17 4 20 4 39 4 42 9 4 19 4 47 4 8 4 35 8 4 15 4 33 4 8 4 86 45 4 35 4 22 4 25 46 4 38 4 35 30 4 25 4 37 4 92 46 4 25 4 24 4 62 37 4 19 4 27 4 44 44 4 8 4 16 4 100 16 16 15 16 72 12 4 77 34 16 12 16 55 23 4 32 4 80 43 4 49 4 12 4 29 43 4 31 4 20 4 23 4 32 7 4 15 4 39 33 4 9 4 25 4 14 4 66 51 4 22 4 5 4 69 43 4 44 4 8 4 70 30 4 19 4 43 4 92 37 4 52 4 28 4 52 41 4 45 4 17 4 22 4 58 42 4 47 4 34 4 6 4 16 29 4 25 4 14 4 13 17 4 14 4 25 4 71 46 4 41 4 23 4 
iteration 131 best: 0.917568 time: 36977
21 43 4 33 4 48 4 10 29 4 6 4 59 24 4 15 4 10 4 22 37 4 36 4 8 4 14 25 4 24 4 10 4 48 32 4 15 4 36 4 27 4 13 38 4 6 4 21 4 33 10 4 43 4 72 18 4 13 4 19 12 4 27 4 37 4 14 4 88 31 4 24 4 34 16 4 37 4 38 42 4 12 4 27 4 26 4 23 4 58 18 4 49 4 22 4 24 4 92 10 4 42 4 27 46 4 19 4 44 4 26 4 73 31 4 22 4 5 4 14 42 4 25 4 5 17 4 21 4 94 18 20 53 40 4 8 4 43 4 17 35 20 52 25 4 22 4 38 4 57 21 4 8 4 23 4 16 4 12 32 4 26 4 97 14 4 25 4 15 4 5 5 4 6 4 90 46 4 18 4 22 4 63 20 4 42 4 45 4 47 45 4 36 4 15 8 4 21 4 86 33 4 58 23 4 18 4 49 4 15 40 4 25 4 59 13 4 31 4 32 38 4 11 4 25 25 4 44 4 36 21 4 47 4 25 45 4 35 4 63 37 4 7 4 18 34 4 10 4 19 18 4 40 4 19 4 81 9 4 15 4 74 26 4 15 4 12 4 103 17 4 20 4 39 4 42 9 4 19 4 47 4 8 4 35 8 4 15 4 33 4 8 4 86 45 4 35 4 22 4 25 46 4 38 4 35 30 4 25 4 37 4 92 46 4 25 4 24 4 62 37 4 19 4 27 4 44 44 4 8 4 16 4 100 16 16 15 16 72 12 4 77 34 16 12 16 55 23 4 32 4 80 43 4 49 4 12 4 29 43 4 31 4 20 4 23 4 32 7 4 15 4 39 33 4 9 4 25 4 14 4 66 51 4 22 4 5 4 69 43 4 44 4 8 4 70 30 4 19 4 43 4 92 37 4 52 4 28 4 52 41 4 45 4 17 4 22 4 58 42 4 47 4 34 4 6 4 16 29 4 25 4 14 4 13 17 4 14 4 25 4 71 46 4 41 4 23 4 
iteration 158 best: 0.917568 time: 44419
21 43 4 33 4 48 4 10 29 4 6 4 59 24 4 15 4 10 4 22 37 4 36 4 8 4 14 25 4 24 4 10 4 48 32 4 15 4 36 4 27 4 13 38 4 6 4 21 4 33 10 4 43 4 72 18 4 13 4 19 12 4 27 4 37 4 14 4 88 31 4 24 4 34 16 4 37 4 38 42 4 12 4 27 4 26 4 23 4 58 18 4 49 4 22 4 24 4 92 10 4 42 4 27 46 4 19 4 44 4 26 4 73 31 4 22 4 5 4 14 42 4 25 4 5 17 4 21 4 94 18 20 53 40 4 8 4 43 4 17 35 20 52 25 4 22 4 38 4 57 21 4 8 4 23 4 16 4 12 32 4 26 4 97 14 4 25 4 15 4 5 5 4 6 4 90 46 4 18 4 22 4 63 20 4 42 4 45 4 47 45 4 36 4 15 8 4 21 4 86 33 4 58 23 4 18 4 49 4 15 40 4 25 4 59 13 4 31 4 32 38 4 11 4 25 25 4 44 4 36 21 4 47 4 25 45 4 35 4 63 37 4 7 4 18 34 4 10 4 19 18 4 40 4 19 4 81 9 4 15 4 74 26 4 15 4 12 4 103 17 4 20 4 39 4 42 9 4 19 4 47 4 8 4 35 8 4 15 4 33 4 8 4 86 45 4 35 4 22 4 25 46 4 38 4 35 30 4 25 4 37 4 92 46 4 25 4 24 4 62 37 4 19 4 27 4 44 44 4 8 4 16 4 100 16 16 15 16 72 12 4 77 34 16 12 16 55 23 4 32 4 80 43 4 49 4 12 4 29 43 4 31 4 20 4 23 4 32 7 4 15 4 39 33 4 9 4 25 4 14 4 66 51 4 22 4 5 4 69 43 4 44 4 8 4 70 30 4 19 4 43 4 92 37 4 52 4 28 4 52 41 4 45 4 17 4 22 4 58 42 4 47 4 34 4 6 4 16 29 4 25 4 14 4 13 17 4 14 4 25 4 71 46 4 41 4 23 4 
iteration 185 best: 0.917568 time: 51831
21 43 4 33 4 48 4 10 29 4 6 4 59 24 4 15 4 10 4 22 37 4 36 4 8 4 14 25 4 24 4 10 4 48 32 4 15 4 36 4 27 4 13 38 4 6 4 21 4 33 10 4 43 4 72 18 4 13 4 19 12 4 27 4 37 4 14 4 88 31 4 24 4 34 16 4 37 4 38 42 4 12 4 27 4 26 4 23 4 58 18 4 49 4 22 4 24 4 92 10 4 42 4 27 46 4 19 4 44 4 26 4 73 31 4 22 4 5 4 14 42 4 25 4 5 17 4 21 4 94 18 20 53 40 4 8 4 43 4 17 35 20 52 25 4 22 4 38 4 57 21 4 8 4 23 4 16 4 12 32 4 26 4 97 14 4 25 4 15 4 5 5 4 6 4 90 46 4 18 4 22 4 63 20 4 42 4 45 4 47 45 4 36 4 15 8 4 21 4 86 33 4 58 23 4 18 4 49 4 15 40 4 25 4 59 13 4 31 4 32 38 4 11 4 25 25 4 44 4 36 21 4 47 4 25 45 4 35 4 63 37 4 7 4 18 34 4 10 4 19 18 4 40 4 19 4 81 9 4 15 4 74 26 4 15 4 12 4 103 17 4 20 4 39 4 42 9 4 19 4 47 4 8 4 35 8 4 15 4 33 4 8 4 86 45 4 35 4 22 4 25 46 4 38 4 35 30 4 25 4 37 4 92 46 4 25 4 24 4 62 37 4 19 4 27 4 44 44 4 8 4 16 4 100 16 16 15 16 72 12 4 77 34 16 12 16 55 23 4 32 4 80 43 4 49 4 12 4 29 43 4 31 4 20 4 23 4 32 7 4 15 4 39 33 4 9 4 25 4 14 4 66 51 4 22 4 5 4 69 43 4 44 4 8 4 70 30 4 19 4 43 4 92 37 4 52 4 28 4 52 41 4 45 4 17 4 22 4 58 42 4 47 4 34 4 6 4 16 29 4 25 4 14 4 13 17 4 14 4 25 4 71 46 4 41 4 23 4 
iteration 212 best: 0.917568 time: 59227
21 43 4 33 4 48 4 10 29 4 6 4 59 24 4 15 4 10 4 22 37 4 36 4 8 4 14 25 4 24 4 10 4 48 32 4 15 4 36 4 27 4 13 38 4 6 4 21 4 33 10 4 43 4 72 18 4 13 4 19 12 4 27 4 37 4 14 4 88 31 4 24 4 34 16 4 37 4 38 42 4 12 4 27 4 26 4 23 4 58 18 4 49 4 22 4 24 4 92 10 4 42 4 27 46 4 19 4 44 4 26 4 73 31 4 22 4 5 4 14 42 4 25 4 5 17 4 21 4 94 18 20 53 40 4 8 4 43 4 17 35 20 52 25 4 22 4 38 4 57 21 4 8 4 23 4 16 4 12 32 4 26 4 97 14 4 25 4 15 4 5 5 4 6 4 90 46 4 18 4 22 4 63 20 4 42 4 45 4 47 45 4 36 4 15 8 4 21 4 86 33 4 58 23 4 18 4 49 4 15 40 4 25 4 59 13 4 31 4 32 38 4 11 4 25 25 4 44 4 36 21 4 47 4 25 45 4 35 4 63 37 4 7 4 18 34 4 10 4 19 18 4 40 4 19 4 81 9 4 15 4 74 26 4 15 4 12 4 103 17 4 20 4 39 4 42 9 4 19 4 47 4 8 4 35 8 4 15 4 33 4 8 4 86 45 4 35 4 22 4 25 46 4 38 4 35 30 4 25 4 37 4 92 46 4 25 4 24 4 62 37 4 19 4 27 4 44 44 4 8 4 16 4 100 16 16 15 16 72 12 4 77 34 16 12 16 55 23 4 32 4 80 43 4 49 4 12 4 29 43 4 31 4 20 4 23 4 32 7 4 15 4 39 33 4 9 4 25 4 14 4 66 51 4 22 4 5 4 69 43 4 44 4 8 4 70 30 4 19 4 43 4 92 37 4 52 4 28 4 52 41 4 45 4 17 4 22 4 58 42 4 47 4 34 4 6 4 16 29 4 25 4 14 4 13 17 4 14 4 25 4 71 46 4 41 4 23 4 
iteration 239 best: 0.917568 time: 66637
21 43 4 33 4 48 4 10 29 4 6 4 59 24 4 15 4 10 4 22 37 4 36 4 8 4 14 25 4 24 4 10 4 48 32 4 15 4 36 4 27 4 13 38 4 6 4 21 4 33 10 4 43 4 72 18 4 13 4 19 12 4 27 4 37 4 14 4 88 31 4 24 4 34 16 4 37 4 38 42 4 12 4 27 4 26 4 23 4 58 18 4 49 4 22 4 24 4 92 10 4 42 4 27 46 4 19 4 44 4 26 4 73 31 4 22 4 5 4 14 42 4 25 4 5 17 4 21 4 94 18 20 53 40 4 8 4 43 4 17 35 20 52 25 4 22 4 38 4 57 21 4 8 4 23 4 16 4 12 32 4 26 4 97 14 4 25 4 15 4 5 5 4 6 4 90 46 4 18 4 22 4 63 20 4 42 4 45 4 47 45 4 36 4 15 8 4 21 4 86 33 4 58 23 4 18 4 49 4 15 40 4 25 4 59 13 4 31 4 32 38 4 11 4 25 25 4 44 4 36 21 4 47 4 25 45 4 35 4 63 37 4 7 4 18 34 4 10 4 19 18 4 40 4 19 4 81 9 4 15 4 74 26 4 15 4 12 4 103 17 4 20 4 39 4 42 9 4 19 4 47 4 8 4 35 8 4 15 4 33 4 8 4 86 45 4 35 4 22 4 25 46 4 38 4 35 30 4 25 4 37 4 92 46 4 25 4 24 4 62 37 4 19 4 27 4 44 44 4 8 4 16 4 100 16 16 15 16 72 12 4 77 34 16 12 16 55 23 4 32 4 80 43 4 49 4 12 4 29 43 4 31 4 20 4 23 4 32 7 4 15 4 39 33 4 9 4 25 4 14 4 66 51 4 22 4 5 4 69 43 4 44 4 8 4 70 30 4 19 4 43 4 92 37 4 52 4 28 4 52 41 4 45 4 17 4 22 4 58 42 4 47 4 34 4 6 4 16 29 4 25 4 14 4 13 17 4 14 4 25 4 71 46 4 41 4 23 4 
iteration 266 best: 0.917568 time: 74045
21 43 4 33 4 48 4 10 29 4 6 4 59 24 4 15 4 10 4 22 37 4 36 4 8 4 14 25 4 24 4 10 4 48 32 4 15 4 36 4 27 4 13 38 4 6 4 21 4 33 10 4 43 4 72 18 4 13 4 19 12 4 27 4 37 4 14 4 88 31 4 24 4 34 16 4 37 4 38 42 4 12 4 27 4 26 4 23 4 58 18 4 49 4 22 4 24 4 92 10 4 42 4 27 46 4 19 4 44 4 26 4 73 31 4 22 4 5 4 14 42 4 25 4 5 17 4 21 4 94 18 20 53 40 4 8 4 43 4 17 35 20 52 25 4 22 4 38 4 57 21 4 8 4 23 4 16 4 12 32 4 26 4 97 14 4 25 4 15 4 5 5 4 6 4 90 46 4 18 4 22 4 63 20 4 42 4 45 4 47 45 4 36 4 15 8 4 21 4 86 33 4 58 23 4 18 4 49 4 15 40 4 25 4 59 13 4 31 4 32 38 4 11 4 25 25 4 44 4 36 21 4 47 4 25 45 4 35 4 63 37 4 7 4 18 34 4 10 4 19 18 4 40 4 19 4 81 9 4 15 4 74 26 4 15 4 12 4 103 17 4 20 4 39 4 42 9 4 19 4 47 4 8 4 35 8 4 15 4 33 4 8 4 86 45 4 35 4 22 4 25 46 4 38 4 35 30 4 25 4 37 4 92 46 4 25 4 24 4 62 37 4 19 4 27 4 44 44 4 8 4 16 4 100 16 16 15 16 72 12 4 77 34 16 12 16 55 23 4 32 4 80 43 4 49 4 12 4 29 43 4 31 4 20 4 23 4 32 7 4 15 4 39 33 4 9 4 25 4 14 4 66 51 4 22 4 5 4 69 43 4 44 4 8 4 70 30 4 19 4 43 4 92 37 4 52 4 28 4 52 41 4 45 4 17 4 22 4 58 42 4 47 4 34 4 6 4 16 29 4 25 4 14 4 13 17 4 14 4 25 4 71 46 4 41 4 23 4 
iteration 293 best: 0.917568 time: 81465
21 43 4 33 4 48 4 10 29 4 6 4 59 24 4 15 4 10 4 22 37 4 36 4 8 4 14 25 4 24 4 10 4 48 32 4 15 4 36 4 27 4 13 38 4 6 4 21 4 33 10 4 43 4 72 18 4 13 4 19 12 4 27 4 37 4 14 4 88 31 4 24 4 34 16 4 37 4 38 42 4 12 4 27 4 26 4 23 4 58 18 4 49 4 22 4 24 4 92 10 4 42 4 27 46 4 19 4 44 4 26 4 73 31 4 22 4 5 4 14 42 4 25 4 5 17 4 21 4 94 18 20 53 40 4 8 4 43 4 17 35 20 52 25 4 22 4 38 4 57 21 4 8 4 23 4 16 4 12 32 4 26 4 97 14 4 25 4 15 4 5 5 4 6 4 90 46 4 18 4 22 4 63 20 4 42 4 45 4 47 45 4 36 4 15 8 4 21 4 86 33 4 58 23 4 18 4 49 4 15 40 4 25 4 59 13 4 31 4 32 38 4 11 4 25 25 4 44 4 36 21 4 47 4 25 45 4 35 4 63 37 4 7 4 18 34 4 10 4 19 18 4 40 4 19 4 81 9 4 15 4 74 26 4 15 4 12 4 103 17 4 20 4 39 4 42 9 4 19 4 47 4 8 4 35 8 4 15 4 33 4 8 4 86 45 4 35 4 22 4 25 46 4 38 4 35 30 4 25 4 37 4 92 46 4 25 4 24 4 62 37 4 19 4 27 4 44 44 4 8 4 16 4 100 16 16 15 16 72 12 4 77 34 16 12 16 55 23 4 32 4 80 43 4 49 4 12 4 29 43 4 31 4 20 4 23 4 32 7 4 15 4 39 33 4 9 4 25 4 14 4 66 51 4 22 4 5 4 69 43 4 44 4 8 4 70 30 4 19 4 43 4 92 37 4 52 4 28 4 52 41 4 45 4 17 4 22 4 58 42 4 47 4 34 4 6 4 16 29 4 25 4 14 4 13 17 4 14 4 25 4 71 46 4 41 4 23 4 
iteration 320 best: 0.917568 time: 88875
21 43 4 33 4 48 4 10 29 4 6 4 59 24 4 15 4 10 4 22 37 4 36 4 8 4 14 25 4 24 4 10 4 48 32 4 15 4 36 4 27 4 13 38 4 6 4 21 4 33 10 4 43 4 72 18 4 13 4 19 12 4 27 4 37 4 14 4 88 31 4 24 4 34 16 4 37 4 38 42 4 12 4 27 4 26 4 23 4 58 18 4 49 4 22 4 24 4 92 10 4 42 4 27 46 4 19 4 44 4 26 4 73 31 4 22 4 5 4 14 42 4 25 4 5 17 4 21 4 94 18 20 53 40 4 8 4 43 4 17 35 20 52 25 4 22 4 38 4 57 21 4 8 4 23 4 16 4 12 32 4 26 4 97 14 4 25 4 15 4 5 5 4 6 4 90 46 4 18 4 22 4 63 20 4 42 4 45 4 47 45 4 36 4 15 8 4 21 4 86 33 4 58 23 4 18 4 49 4 15 40 4 25 4 59 13 4 31 4 32 38 4 11 4 25 25 4 44 4 36 21 4 47 4 25 45 4 35 4 63 37 4 7 4 18 34 4 10 4 19 18 4 40 4 19 4 81 9 4 15 4 74 26 4 15 4 12 4 103 17 4 20 4 39 4 42 9 4 19 4 47 4 8 4 35 8 4 15 4 33 4 8 4 86 45 4 35 4 22 4 25 46 4 38 4 35 30 4 25 4 37 4 92 46 4 25 4 24 4 62 37 4 19 4 27 4 44 44 4 8 4 16 4 100 16 16 15 16 72 12 4 77 34 16 12 16 55 23 4 32 4 80 43 4 49 4 12 4 29 43 4 31 4 20 4 23 4 32 7 4 15 4 39 33 4 9 4 25 4 14 4 66 51 4 22 4 5 4 69 43 4 44 4 8 4 70 30 4 19 4 43 4 92 37 4 52 4 28 4 52 41 4 45 4 17 4 22 4 58 42 4 47 4 34 4 6 4 16 29 4 25 4 14 4 13 17 4 14 4 25 4 71 46 4 41 4 23 4 
iteration 347 best: 0.917568 time: 96306
21 43 4 33 4 48 4 10 29 4 6 4 59 24 4 15 4 10 4 22 37 4 36 4 8 4 14 25 4 24 4 10 4 48 32 4 15 4 36 4 27 4 13 38 4 6 4 21 4 33 10 4 43 4 72 18 4 13 4 19 12 4 27 4 37 4 14 4 88 31 4 24 4 34 16 4 37 4 38 42 4 12 4 27 4 26 4 23 4 58 18 4 49 4 22 4 24 4 92 10 4 42 4 27 46 4 19 4 44 4 26 4 73 31 4 22 4 5 4 14 42 4 25 4 5 17 4 21 4 94 18 20 53 40 4 8 4 43 4 17 35 20 52 25 4 22 4 38 4 57 21 4 8 4 23 4 16 4 12 32 4 26 4 97 14 4 25 4 15 4 5 5 4 6 4 90 46 4 18 4 22 4 63 20 4 42 4 45 4 47 45 4 36 4 15 8 4 21 4 86 33 4 58 23 4 18 4 49 4 15 40 4 25 4 59 13 4 31 4 32 38 4 11 4 25 25 4 44 4 36 21 4 47 4 25 45 4 35 4 63 37 4 7 4 18 34 4 10 4 19 18 4 40 4 19 4 81 9 4 15 4 74 26 4 15 4 12 4 103 17 4 20 4 39 4 42 9 4 19 4 47 4 8 4 35 8 4 15 4 33 4 8 4 86 45 4 35 4 22 4 25 46 4 38 4 35 30 4 25 4 37 4 92 46 4 25 4 24 4 62 37 4 19 4 27 4 44 44 4 8 4 16 4 100 16 16 15 16 72 12 4 77 34 16 12 16 55 23 4 32 4 80 43 4 49 4 12 4 29 43 4 31 4 20 4 23 4 32 7 4 15 4 39 33 4 9 4 25 4 14 4 66 51 4 22 4 5 4 69 43 4 44 4 8 4 70 30 4 19 4 43 4 92 37 4 52 4 28 4 52 41 4 45 4 17 4 22 4 58 42 4 47 4 34 4 6 4 16 29 4 25 4 14 4 13 17 4 14 4 25 4 71 46 4 41 4 23 4 
iteration 374 best: 0.917568 time: 103758
21 43 4 33 4 48 4 10 29 4 6 4 59 24 4 15 4 10 4 22 37 4 36 4 8 4 14 25 4 24 4 10 4 48 32 4 15 4 36 4 27 4 13 38 4 6 4 21 4 33 10 4 43 4 72 18 4 13 4 19 12 4 27 4 37 4 14 4 88 31 4 24 4 34 16 4 37 4 38 42 4 12 4 27 4 26 4 23 4 58 18 4 49 4 22 4 24 4 92 10 4 42 4 27 46 4 19 4 44 4 26 4 73 31 4 22 4 5 4 14 42 4 25 4 5 17 4 21 4 94 18 20 53 40 4 8 4 43 4 17 35 20 52 25 4 22 4 38 4 57 21 4 8 4 23 4 16 4 12 32 4 26 4 97 14 4 25 4 15 4 5 5 4 6 4 90 46 4 18 4 22 4 63 20 4 42 4 45 4 47 45 4 36 4 15 8 4 21 4 86 33 4 58 23 4 18 4 49 4 15 40 4 25 4 59 13 4 31 4 32 38 4 11 4 25 25 4 44 4 36 21 4 47 4 25 45 4 35 4 63 37 4 7 4 18 34 4 10 4 19 18 4 40 4 19 4 81 9 4 15 4 74 26 4 15 4 12 4 103 17 4 20 4 39 4 42 9 4 19 4 47 4 8 4 35 8 4 15 4 33 4 8 4 86 45 4 35 4 22 4 25 46 4 38 4 35 30 4 25 4 37 4 92 46 4 25 4 24 4 62 37 4 19 4 27 4 44 44 4 8 4 16 4 100 16 16 15 16 72 12 4 77 34 16 12 16 55 23 4 32 4 80 43 4 49 4 12 4 29 43 4 31 4 20 4 23 4 32 7 4 15 4 39 33 4 9 4 25 4 14 4 66 51 4 22 4 5 4 69 43 4 44 4 8 4 70 30 4 19 4 43 4 92 37 4 52 4 28 4 52 41 4 45 4 17 4 22 4 58 42 4 47 4 34 4 6 4 16 29 4 25 4 14 4 13 17 4 14 4 25 4 71 46 4 41 4 23 4 
iteration 401 best: 0.917568 time: 111147
21 43 4 33 4 48 4 10 29 4 6 4 59 24 4 15 4 10 4 22 37 4 36 4 8 4 14 25 4 24 4 10 4 48 32 4 15 4 36 4 27 4 13 38 4 6 4 21 4 33 10 4 43 4 72 18 4 13 4 19 12 4 27 4 37 4 14 4 88 31 4 24 4 34 16 4 37 4 38 42 4 12 4 27 4 26 4 23 4 58 18 4 49 4 22 4 24 4 92 10 4 42 4 27 46 4 19 4 44 4 26 4 73 31 4 22 4 5 4 14 42 4 25 4 5 17 4 21 4 94 18 20 53 40 4 8 4 43 4 17 35 20 52 25 4 22 4 38 4 57 21 4 8 4 23 4 16 4 12 32 4 26 4 97 14 4 25 4 15 4 5 5 4 6 4 90 46 4 18 4 22 4 63 20 4 42 4 45 4 47 45 4 36 4 15 8 4 21 4 86 33 4 58 23 4 18 4 49 4 15 40 4 25 4 59 13 4 31 4 32 38 4 11 4 25 25 4 44 4 36 21 4 47 4 25 45 4 35 4 63 37 4 7 4 18 34 4 10 4 19 18 4 40 4 19 4 81 9 4 15 4 74 26 4 15 4 12 4 103 17 4 20 4 39 4 42 9 4 19 4 47 4 8 4 35 8 4 15 4 33 4 8 4 86 45 4 35 4 22 4 25 46 4 38 4 35 30 4 25 4 37 4 92 46 4 25 4 24 4 62 37 4 19 4 27 4 44 44 4 8 4 16 4 100 16 16 15 16 72 12 4 77 34 16 12 16 55 23 4 32 4 80 43 4 49 4 12 4 29 43 4 31 4 20 4 23 4 32 7 4 15 4 39 33 4 9 4 25 4 14 4 66 51 4 22 4 5 4 69 43 4 44 4 8 4 70 30 4 19 4 43 4 92 37 4 52 4 28 4 52 41 4 45 4 17 4 22 4 58 42 4 47 4 34 4 6 4 16 29 4 25 4 14 4 13 17 4 14 4 25 4 71 46 4 41 4 23 4 
iteration 428 best: 0.917568 time: 118550
21 43 4 33 4 48 4 10 29 4 6 4 59 24 4 15 4 10 4 22 37 4 36 4 8 4 14 25 4 24 4 10 4 48 32 4 15 4 36 4 27 4 13 38 4 6 4 21 4 33 10 4 43 4 72 18 4 13 4 19 12 4 27 4 37 4 14 4 88 31 4 24 4 34 16 4 37 4 38 42 4 12 4 27 4 26 4 23 4 58 18 4 49 4 22 4 24 4 92 10 4 42 4 27 46 4 19 4 44 4 26 4 73 31 4 22 4 5 4 14 42 4 25 4 5 17 4 21 4 94 18 20 53 40 4 8 4 43 4 17 35 20 52 25 4 22 4 38 4 57 21 4 8 4 23 4 16 4 12 32 4 26 4 97 14 4 25 4 15 4 5 5 4 6 4 90 46 4 18 4 22 4 63 20 4 42 4 45 4 47 45 4 36 4 15 8 4 21 4 86 33 4 58 23 4 18 4 49 4 15 40 4 25 4 59 13 4 31 4 32 38 4 11 4 25 25 4 44 4 36 21 4 47 4 25 45 4 35 4 63 37 4 7 4 18 34 4 10 4 19 18 4 40 4 19 4 81 9 4 15 4 74 26 4 15 4 12 4 103 17 4 20 4 39 4 42 9 4 19 4 47 4 8 4 35 8 4 15 4 33 4 8 4 86 45 4 35 4 22 4 25 46 4 38 4 35 30 4 25 4 37 4 92 46 4 25 4 24 4 62 37 4 19 4 27 4 44 44 4 8 4 16 4 100 16 16 15 16 72 12 4 77 34 16 12 16 55 23 4 32 4 80 43 4 49 4 12 4 29 43 4 31 4 20 4 23 4 32 7 4 15 4 39 33 4 9 4 25 4 14 4 66 51 4 22 4 5 4 69 43 4 44 4 8 4 70 30 4 19 4 43 4 92 37 4 52 4 28 4 52 41 4 45 4 17 4 22 4 58 42 4 47 4 34 4 6 4 16 29 4 25 4 14 4 13 17 4 14 4 25 4 71 46 4 41 4 23 4 
iteration 455 best: 0.917568 time: 125939
21 43 4 33 4 48 4 10 29 4 6 4 59 24 4 15 4 10 4 22 37 4 36 4 8 4 14 25 4 24 4 10 4 48 32 4 15 4 36 4 27 4 13 38 4 6 4 21 4 33 10 4 43 4 72 18 4 13 4 19 12 4 27 4 37 4 14 4 88 31 4 24 4 34 16 4 37 4 38 42 4 12 4 27 4 26 4 23 4 58 18 4 49 4 22 4 24 4 92 10 4 42 4 27 46 4 19 4 44 4 26 4 73 31 4 22 4 5 4 14 42 4 25 4 5 17 4 21 4 94 18 20 53 40 4 8 4 43 4 17 35 20 52 25 4 22 4 38 4 57 21 4 8 4 23 4 16 4 12 32 4 26 4 97 14 4 25 4 15 4 5 5 4 6 4 90 46 4 18 4 22 4 63 20 4 42 4 45 4 47 45 4 36 4 15 8 4 21 4 86 33 4 58 23 4 18 4 49 4 15 40 4 25 4 59 13 4 31 4 32 38 4 11 4 25 25 4 44 4 36 21 4 47 4 25 45 4 35 4 63 37 4 7 4 18 34 4 10 4 19 18 4 40 4 19 4 81 9 4 15 4 74 26 4 15 4 12 4 103 17 4 20 4 39 4 42 9 4 19 4 47 4 8 4 35 8 4 15 4 33 4 8 4 86 45 4 35 4 22 4 25 46 4 38 4 35 30 4 25 4 37 4 92 46 4 25 4 24 4 62 37 4 19 4 27 4 44 44 4 8 4 16 4 100 16 16 15 16 72 12 4 77 34 16 12 16 55 23 4 32 4 80 43 4 49 4 12 4 29 43 4 31 4 20 4 23 4 32 7 4 15 4 39 33 4 9 4 25 4 14 4 66 51 4 22 4 5 4 69 43 4 44 4 8 4 70 30 4 19 4 43 4 92 37 4 52 4 28 4 52 41 4 45 4 17 4 22 4 58 42 4 47 4 34 4 6 4 16 29 4 25 4 14 4 13 17 4 14 4 25 4 71 46 4 41 4 23 4 
iteration 482 best: 0.917568 time: 133343
21 43 4 33 4 48 4 10 29 4 6 4 59 24 4 15 4 10 4 22 37 4 36 4 8 4 14 25 4 24 4 10 4 48 32 4 15 4 36 4 27 4 13 38 4 6 4 21 4 33 10 4 43 4 72 18 4 13 4 19 12 4 27 4 37 4 14 4 88 31 4 24 4 34 16 4 37 4 38 42 4 12 4 27 4 26 4 23 4 58 18 4 49 4 22 4 24 4 92 10 4 42 4 27 46 4 19 4 44 4 26 4 73 31 4 22 4 5 4 14 42 4 25 4 5 17 4 21 4 94 18 20 53 40 4 8 4 43 4 17 35 20 52 25 4 22 4 38 4 57 21 4 8 4 23 4 16 4 12 32 4 26 4 97 14 4 25 4 15 4 5 5 4 6 4 90 46 4 18 4 22 4 63 20 4 42 4 45 4 47 45 4 36 4 15 8 4 21 4 86 33 4 58 23 4 18 4 49 4 15 40 4 25 4 59 13 4 31 4 32 38 4 11 4 25 25 4 44 4 36 21 4 47 4 25 45 4 35 4 63 37 4 7 4 18 34 4 10 4 19 18 4 40 4 19 4 81 9 4 15 4 74 26 4 15 4 12 4 103 17 4 20 4 39 4 42 9 4 19 4 47 4 8 4 35 8 4 15 4 33 4 8 4 86 45 4 35 4 22 4 25 46 4 38 4 35 30 4 25 4 37 4 92 46 4 25 4 24 4 62 37 4 19 4 27 4 44 44 4 8 4 16 4 100 16 16 15 16 72 12 4 77 34 16 12 16 55 23 4 32 4 80 43 4 49 4 12 4 29 43 4 31 4 20 4 23 4 32 7 4 15 4 39 33 4 9 4 25 4 14 4 66 51 4 22 4 5 4 69 43 4 44 4 8 4 70 30 4 19 4 43 4 92 37 4 52 4 28 4 52 41 4 45 4 17 4 22 4 58 42 4 47 4 34 4 6 4 16 29 4 25 4 14 4 13 17 4 14 4 25 4 71 46 4 41 4 23 4 
iteration 509 best: 0.917568 time: 140759
21 43 4 33 4 48 4 10 29 4 6 4 59 24 4 15 4 10 4 22 37 4 36 4 8 4 14 25 4 24 4 10 4 48 32 4 15 4 36 4 27 4 13 38 4 6 4 21 4 33 10 4 43 4 72 18 4 13 4 19 12 4 27 4 37 4 14 4 88 31 4 24 4 34 16 4 37 4 38 42 4 12 4 27 4 26 4 23 4 58 18 4 49 4 22 4 24 4 92 10 4 42 4 27 46 4 19 4 44 4 26 4 73 31 4 22 4 5 4 14 42 4 25 4 5 17 4 21 4 94 18 20 53 40 4 8 4 43 4 17 35 20 52 25 4 22 4 38 4 57 21 4 8 4 23 4 16 4 12 32 4 26 4 97 14 4 25 4 15 4 5 5 4 6 4 90 46 4 18 4 22 4 63 20 4 42 4 45 4 47 45 4 36 4 15 8 4 21 4 86 33 4 58 23 4 18 4 49 4 15 40 4 25 4 59 13 4 31 4 32 38 4 11 4 25 25 4 44 4 36 21 4 47 4 25 45 4 35 4 63 37 4 7 4 18 34 4 10 4 19 18 4 40 4 19 4 81 9 4 15 4 74 26 4 15 4 12 4 103 17 4 20 4 39 4 42 9 4 19 4 47 4 8 4 35 8 4 15 4 33 4 8 4 86 45 4 35 4 22 4 25 46 4 38 4 35 30 4 25 4 37 4 92 46 4 25 4 24 4 62 37 4 19 4 27 4 44 44 4 8 4 16 4 100 16 16 15 16 72 12 4 77 34 16 12 16 55 23 4 32 4 80 43 4 49 4 12 4 29 43 4 31 4 20 4 23 4 32 7 4 15 4 39 33 4 9 4 25 4 14 4 66 51 4 22 4 5 4 69 43 4 44 4 8 4 70 30 4 19 4 43 4 92 37 4 52 4 28 4 52 41 4 45 4 17 4 22 4 58 42 4 47 4 34 4 6 4 16 29 4 25 4 14 4 13 17 4 14 4 25 4 71 46 4 41 4 23 4 
iteration 536 best: 0.917568 time: 148191
21 43 4 33 4 48 4 10 29 4 6 4 59 24 4 15 4 10 4 22 37 4 36 4 8 4 14 25 4 24 4 10 4 48 32 4 15 4 36 4 27 4 13 38 4 6 4 21 4 33 10 4 43 4 72 18 4 13 4 19 12 4 27 4 37 4 14 4 88 31 4 24 4 34 16 4 37 4 38 42 4 12 4 27 4 26 4 23 4 58 18 4 49 4 22 4 24 4 92 10 4 42 4 27 46 4 19 4 44 4 26 4 73 31 4 22 4 5 4 14 42 4 25 4 5 17 4 21 4 94 18 20 53 40 4 8 4 43 4 17 35 20 52 25 4 22 4 38 4 57 21 4 8 4 23 4 16 4 12 32 4 26 4 97 14 4 25 4 15 4 5 5 4 6 4 90 46 4 18 4 22 4 63 20 4 42 4 45 4 47 45 4 36 4 15 8 4 21 4 86 33 4 58 23 4 18 4 49 4 15 40 4 25 4 59 13 4 31 4 32 38 4 11 4 25 25 4 44 4 36 21 4 47 4 25 45 4 35 4 63 37 4 7 4 18 34 4 10 4 19 18 4 40 4 19 4 81 9 4 15 4 74 26 4 15 4 12 4 103 17 4 20 4 39 4 42 9 4 19 4 47 4 8 4 35 8 4 15 4 33 4 8 4 86 45 4 35 4 22 4 25 46 4 38 4 35 30 4 25 4 37 4 92 46 4 25 4 24 4 62 37 4 19 4 27 4 44 44 4 8 4 16 4 100 16 16 15 16 72 12 4 77 34 16 12 16 55 23 4 32 4 80 43 4 49 4 12 4 29 43 4 31 4 20 4 23 4 32 7 4 15 4 39 33 4 9 4 25 4 14 4 66 51 4 22 4 5 4 69 43 4 44 4 8 4 70 30 4 19 4 43 4 92 37 4 52 4 28 4 52 41 4 45 4 17 4 22 4 58 42 4 47 4 34 4 6 4 16 29 4 25 4 14 4 13 17 4 14 4 25 4 71 46 4 41 4 23 4 
iteration 563 best: 0.917568 time: 155610
21 43 4 33 4 48 4 10 29 4 6 4 59 24 4 15 4 10 4 22 37 4 36 4 8 4 14 25 4 24 4 10 4 48 32 4 15 4 36 4 27 4 13 38 4 6 4 21 4 33 10 4 43 4 72 18 4 13 4 19 12 4 27 4 37 4 14 4 88 31 4 24 4 34 16 4 37 4 38 42 4 12 4 27 4 26 4 23 4 58 18 4 49 4 22 4 24 4 92 10 4 42 4 27 46 4 19 4 44 4 26 4 73 31 4 22 4 5 4 14 42 4 25 4 5 17 4 21 4 94 18 20 53 40 4 8 4 43 4 17 35 20 52 25 4 22 4 38 4 57 21 4 8 4 23 4 16 4 12 32 4 26 4 97 14 4 25 4 15 4 5 5 4 6 4 90 46 4 18 4 22 4 63 20 4 42 4 45 4 47 45 4 36 4 15 8 4 21 4 86 33 4 58 23 4 18 4 49 4 15 40 4 25 4 59 13 4 31 4 32 38 4 11 4 25 25 4 44 4 36 21 4 47 4 25 45 4 35 4 63 37 4 7 4 18 34 4 10 4 19 18 4 40 4 19 4 81 9 4 15 4 74 26 4 15 4 12 4 103 17 4 20 4 39 4 42 9 4 19 4 47 4 8 4 35 8 4 15 4 33 4 8 4 86 45 4 35 4 22 4 25 46 4 38 4 35 30 4 25 4 37 4 92 46 4 25 4 24 4 62 37 4 19 4 27 4 44 44 4 8 4 16 4 100 16 16 15 16 72 12 4 77 34 16 12 16 55 23 4 32 4 80 43 4 49 4 12 4 29 43 4 31 4 20 4 23 4 32 7 4 15 4 39 33 4 9 4 25 4 14 4 66 51 4 22 4 5 4 69 43 4 44 4 8 4 70 30 4 19 4 43 4 92 37 4 52 4 28 4 52 41 4 45 4 17 4 22 4 58 42 4 47 4 34 4 6 4 16 29 4 25 4 14 4 13 17 4 14 4 25 4 71 46 4 41 4 23 4 
iteration 590 best: 0.917568 time: 163006
21 43 4 33 4 48 4 10 29 4 6 4 59 24 4 15 4 10 4 22 37 4 36 4 8 4 14 25 4 24 4 10 4 48 32 4 15 4 36 4 27 4 13 38 4 6 4 21 4 33 10 4 43 4 72 18 4 13 4 19 12 4 27 4 37 4 14 4 88 31 4 24 4 34 16 4 37 4 38 42 4 12 4 27 4 26 4 23 4 58 18 4 49 4 22 4 24 4 92 10 4 42 4 27 46 4 19 4 44 4 26 4 73 31 4 22 4 5 4 14 42 4 25 4 5 17 4 21 4 94 18 20 53 40 4 8 4 43 4 17 35 20 52 25 4 22 4 38 4 57 21 4 8 4 23 4 16 4 12 32 4 26 4 97 14 4 25 4 15 4 5 5 4 6 4 90 46 4 18 4 22 4 63 20 4 42 4 45 4 47 45 4 36 4 15 8 4 21 4 86 33 4 58 23 4 18 4 49 4 15 40 4 25 4 59 13 4 31 4 32 38 4 11 4 25 25 4 44 4 36 21 4 47 4 25 45 4 35 4 63 37 4 7 4 18 34 4 10 4 19 18 4 40 4 19 4 81 9 4 15 4 74 26 4 15 4 12 4 103 17 4 20 4 39 4 42 9 4 19 4 47 4 8 4 35 8 4 15 4 33 4 8 4 86 45 4 35 4 22 4 25 46 4 38 4 35 30 4 25 4 37 4 92 46 4 25 4 24 4 62 37 4 19 4 27 4 44 44 4 8 4 16 4 100 16 16 15 16 72 12 4 77 34 16 12 16 55 23 4 32 4 80 43 4 49 4 12 4 29 43 4 31 4 20 4 23 4 32 7 4 15 4 39 33 4 9 4 25 4 14 4 66 51 4 22 4 5 4 69 43 4 44 4 8 4 70 30 4 19 4 43 4 92 37 4 52 4 28 4 52 41 4 45 4 17 4 22 4 58 42 4 47 4 34 4 6 4 16 29 4 25 4 14 4 13 17 4 14 4 25 4 71 46 4 41 4 23 4 
iteration 617 best: 0.917568 time: 170399
21 43 4 33 4 48 4 10 29 4 6 4 59 24 4 15 4 10 4 22 37 4 36 4 8 4 14 25 4 24 4 10 4 48 32 4 15 4 36 4 27 4 13 38 4 6 4 21 4 33 10 4 43 4 72 18 4 13 4 19 12 4 27 4 37 4 14 4 88 31 4 24 4 34 16 4 37 4 38 42 4 12 4 27 4 26 4 23 4 58 18 4 49 4 22 4 24 4 92 10 4 42 4 27 46 4 19 4 44 4 26 4 73 31 4 22 4 5 4 14 42 4 25 4 5 17 4 21 4 94 18 20 53 40 4 8 4 43 4 17 35 20 52 25 4 22 4 38 4 57 21 4 8 4 23 4 16 4 12 32 4 26 4 97 14 4 25 4 15 4 5 5 4 6 4 90 46 4 18 4 22 4 63 20 4 42 4 45 4 47 45 4 36 4 15 8 4 21 4 86 33 4 58 23 4 18 4 49 4 15 40 4 25 4 59 13 4 31 4 32 38 4 11 4 25 25 4 44 4 36 21 4 47 4 25 45 4 35 4 63 37 4 7 4 18 34 4 10 4 19 18 4 40 4 19 4 81 9 4 15 4 74 26 4 15 4 12 4 103 17 4 20 4 39 4 42 9 4 19 4 47 4 8 4 35 8 4 15 4 33 4 8 4 86 45 4 35 4 22 4 25 46 4 38 4 35 30 4 25 4 37 4 92 46 4 25 4 24 4 62 37 4 19 4 27 4 44 44 4 8 4 16 4 100 16 16 15 16 72 12 4 77 34 16 12 16 55 23 4 32 4 80 43 4 49 4 12 4 29 43 4 31 4 20 4 23 4 32 7 4 15 4 39 33 4 9 4 25 4 14 4 66 51 4 22 4 5 4 69 43 4 44 4 8 4 70 30 4 19 4 43 4 92 37 4 52 4 28 4 52 41 4 45 4 17 4 22 4 58 42 4 47 4 34 4 6 4 16 29 4 25 4 14 4 13 17 4 14 4 25 4 71 46 4 41 4 23 4 
iteration 644 best: 0.917568 time: 177782
21 43 4 33 4 48 4 10 29 4 6 4 59 24 4 15 4 10 4 22 37 4 36 4 8 4 14 25 4 24 4 10 4 48 32 4 15 4 36 4 27 4 13 38 4 6 4 21 4 33 10 4 43 4 72 18 4 13 4 19 12 4 27 4 37 4 14 4 88 31 4 24 4 34 16 4 37 4 38 42 4 12 4 27 4 26 4 23 4 58 18 4 49 4 22 4 24 4 92 10 4 42 4 27 46 4 19 4 44 4 26 4 73 31 4 22 4 5 4 14 42 4 25 4 5 17 4 21 4 94 18 20 53 40 4 8 4 43 4 17 35 20 52 25 4 22 4 38 4 57 21 4 8 4 23 4 16 4 12 32 4 26 4 97 14 4 25 4 15 4 5 5 4 6 4 90 46 4 18 4 22 4 63 20 4 42 4 45 4 47 45 4 36 4 15 8 4 21 4 86 33 4 58 23 4 18 4 49 4 15 40 4 25 4 59 13 4 31 4 32 38 4 11 4 25 25 4 44 4 36 21 4 47 4 25 45 4 35 4 63 37 4 7 4 18 34 4 10 4 19 18 4 40 4 19 4 81 9 4 15 4 74 26 4 15 4 12 4 103 17 4 20 4 39 4 42 9 4 19 4 47 4 8 4 35 8 4 15 4 33 4 8 4 86 45 4 35 4 22 4 25 46 4 38 4 35 30 4 25 4 37 4 92 46 4 25 4 24 4 62 37 4 19 4 27 4 44 44 4 8 4 16 4 100 16 16 15 16 72 12 4 77 34 16 12 16 55 23 4 32 4 80 43 4 49 4 12 4 29 43 4 31 4 20 4 23 4 32 7 4 15 4 39 33 4 9 4 25 4 14 4 66 51 4 22 4 5 4 69 43 4 44 4 8 4 70 30 4 19 4 43 4 92 37 4 52 4 28 4 52 41 4 45 4 17 4 22 4 58 42 4 47 4 34 4 6 4 16 29 4 25 4 14 4 13 17 4 14 4 25 4 71 46 4 41 4 23 4 
iteration 671 best: 0.917568 time: 185194
21 43 4 33 4 48 4 10 29 4 6 4 59 24 4 15 4 10 4 22 37 4 36 4 8 4 14 25 4 24 4 10 4 48 32 4 15 4 36 4 27 4 13 38 4 6 4 21 4 33 10 4 43 4 72 18 4 13 4 19 12 4 27 4 37 4 14 4 88 31 4 24 4 34 16 4 37 4 38 42 4 12 4 27 4 26 4 23 4 58 18 4 49 4 22 4 24 4 92 10 4 42 4 27 46 4 19 4 44 4 26 4 73 31 4 22 4 5 4 14 42 4 25 4 5 17 4 21 4 94 18 20 53 40 4 8 4 43 4 17 35 20 52 25 4 22 4 38 4 57 21 4 8 4 23 4 16 4 12 32 4 26 4 97 14 4 25 4 15 4 5 5 4 6 4 90 46 4 18 4 22 4 63 20 4 42 4 45 4 47 45 4 36 4 15 8 4 21 4 86 33 4 58 23 4 18 4 49 4 15 40 4 25 4 59 13 4 31 4 32 38 4 11 4 25 25 4 44 4 36 21 4 47 4 25 45 4 35 4 63 37 4 7 4 18 34 4 10 4 19 18 4 40 4 19 4 81 9 4 15 4 74 26 4 15 4 12 4 103 17 4 20 4 39 4 42 9 4 19 4 47 4 8 4 35 8 4 15 4 33 4 8 4 86 45 4 35 4 22 4 25 46 4 38 4 35 30 4 25 4 37 4 92 46 4 25 4 24 4 62 37 4 19 4 27 4 44 44 4 8 4 16 4 100 16 16 15 16 72 12 4 77 34 16 12 16 55 23 4 32 4 80 43 4 49 4 12 4 29 43 4 31 4 20 4 23 4 32 7 4 15 4 39 33 4 9 4 25 4 14 4 66 51 4 22 4 5 4 69 43 4 44 4 8 4 70 30 4 19 4 43 4 92 37 4 52 4 28 4 52 41 4 45 4 17 4 22 4 58 42 4 47 4 34 4 6 4 16 29 4 25 4 14 4 13 17 4 14 4 25 4 71 46 4 41 4 23 4 
iteration 698 best: 0.917568 time: 192588
21 43 4 33 4 48 4 10 29 4 6 4 59 24 4 15 4 10 4 22 37 4 36 4 8 4 14 25 4 24 4 10 4 48 32 4 15 4 36 4 27 4 13 38 4 6 4 21 4 33 10 4 43 4 72 18 4 13 4 19 12 4 27 4 37 4 14 4 88 31 4 24 4 34 16 4 37 4 38 42 4 12 4 27 4 26 4 23 4 58 18 4 49 4 22 4 24 4 92 10 4 42 4 27 46 4 19 4 44 4 26 4 73 31 4 22 4 5 4 14 42 4 25 4 5 17 4 21 4 94 18 20 53 40 4 8 4 43 4 17 35 20 52 25 4 22 4 38 4 57 21 4 8 4 23 4 16 4 12 32 4 26 4 97 14 4 25 4 15 4 5 5 4 6 4 90 46 4 18 4 22 4 63 20 4 42 4 45 4 47 45 4 36 4 15 8 4 21 4 86 33 4 58 23 4 18 4 49 4 15 40 4 25 4 59 13 4 31 4 32 38 4 11 4 25 25 4 44 4 36 21 4 47 4 25 45 4 35 4 63 37 4 7 4 18 34 4 10 4 19 18 4 40 4 19 4 81 9 4 15 4 74 26 4 15 4 12 4 103 17 4 20 4 39 4 42 9 4 19 4 47 4 8 4 35 8 4 15 4 33 4 8 4 86 45 4 35 4 22 4 25 46 4 38 4 35 30 4 25 4 37 4 92 46 4 25 4 24 4 62 37 4 19 4 27 4 44 44 4 8 4 16 4 100 16 16 15 16 72 12 4 77 34 16 12 16 55 23 4 32 4 80 43 4 49 4 12 4 29 43 4 31 4 20 4 23 4 32 7 4 15 4 39 33 4 9 4 25 4 14 4 66 51 4 22 4 5 4 69 43 4 44 4 8 4 70 30 4 19 4 43 4 92 37 4 52 4 28 4 52 41 4 45 4 17 4 22 4 58 42 4 47 4 34 4 6 4 16 29 4 25 4 14 4 13 17 4 14 4 25 4 71 46 4 41 4 23 4 
iteration 725 best: 0.917568 time: 199990
21 43 4 33 4 48 4 10 29 4 6 4 59 24 4 15 4 10 4 22 37 4 36 4 8 4 14 25 4 24 4 10 4 48 32 4 15 4 36 4 27 4 13 38 4 6 4 21 4 33 10 4 43 4 72 18 4 13 4 19 12 4 27 4 37 4 14 4 88 31 4 24 4 34 16 4 37 4 38 42 4 12 4 27 4 26 4 23 4 58 18 4 49 4 22 4 24 4 92 10 4 42 4 27 46 4 19 4 44 4 26 4 73 31 4 22 4 5 4 14 42 4 25 4 5 17 4 21 4 94 18 20 53 40 4 8 4 43 4 17 35 20 52 25 4 22 4 38 4 57 21 4 8 4 23 4 16 4 12 32 4 26 4 97 14 4 25 4 15 4 5 5 4 6 4 90 46 4 18 4 22 4 63 20 4 42 4 45 4 47 45 4 36 4 15 8 4 21 4 86 33 4 58 23 4 18 4 49 4 15 40 4 25 4 59 13 4 31 4 32 38 4 11 4 25 25 4 44 4 36 21 4 47 4 25 45 4 35 4 63 37 4 7 4 18 34 4 10 4 19 18 4 40 4 19 4 81 9 4 15 4 74 26 4 15 4 12 4 103 17 4 20 4 39 4 42 9 4 19 4 47 4 8 4 35 8 4 15 4 33 4 8 4 86 45 4 35 4 22 4 25 46 4 38 4 35 30 4 25 4 37 4 92 46 4 25 4 24 4 62 37 4 19 4 27 4 44 44 4 8 4 16 4 100 16 16 15 16 72 12 4 77 34 16 12 16 55 23 4 32 4 80 43 4 49 4 12 4 29 43 4 31 4 20 4 23 4 32 7 4 15 4 39 33 4 9 4 25 4 14 4 66 51 4 22 4 5 4 69 43 4 44 4 8 4 70 30 4 19 4 43 4 92 37 4 52 4 28 4 52 41 4 45 4 17 4 22 4 58 42 4 47 4 34 4 6 4 16 29 4 25 4 14 4 13 17 4 14 4 25 4 71 46 4 41 4 23 4 
iteration 752 best: 0.917568 time: 207376
21 43 4 33 4 48 4 10 29 4 6 4 59 24 4 15 4 10 4 22 37 4 36 4 8 4 14 25 4 24 4 10 4 48 32 4 15 4 36 4 27 4 13 38 4 6 4 21 4 33 10 4 43 4 72 18 4 13 4 19 12 4 27 4 37 4 14 4 88 31 4 24 4 34 16 4 37 4 38 42 4 12 4 27 4 26 4 23 4 58 18 4 49 4 22 4 24 4 92 10 4 42 4 27 46 4 19 4 44 4 26 4 73 31 4 22 4 5 4 14 42 4 25 4 5 17 4 21 4 94 18 20 53 40 4 8 4 43 4 17 35 20 52 25 4 22 4 38 4 57 21 4 8 4 23 4 16 4 12 32 4 26 4 97 14 4 25 4 15 4 5 5 4 6 4 90 46 4 18 4 22 4 63 20 4 42 4 45 4 47 45 4 36 4 15 8 4 21 4 86 33 4 58 23 4 18 4 49 4 15 40 4 25 4 59 13 4 31 4 32 38 4 11 4 25 25 4 44 4 36 21 4 47 4 25 45 4 35 4 63 37 4 7 4 18 34 4 10 4 19 18 4 40 4 19 4 81 9 4 15 4 74 26 4 15 4 12 4 103 17 4 20 4 39 4 42 9 4 19 4 47 4 8 4 35 8 4 15 4 33 4 8 4 86 45 4 35 4 22 4 25 46 4 38 4 35 30 4 25 4 37 4 92 46 4 25 4 24 4 62 37 4 19 4 27 4 44 44 4 8 4 16 4 100 16 16 15 16 72 12 4 77 34 16 12 16 55 23 4 32 4 80 43 4 49 4 12 4 29 43 4 31 4 20 4 23 4 32 7 4 15 4 39 33 4 9 4 25 4 14 4 66 51 4 22 4 5 4 69 43 4 44 4 8 4 70 30 4 19 4 43 4 92 37 4 52 4 28 4 52 41 4 45 4 17 4 22 4 58 42 4 47 4 34 4 6 4 16 29 4 25 4 14 4 13 17 4 14 4 25 4 71 46 4 41 4 23 4 
iteration 779 best: 0.917568 time: 214769
21 43 4 33 4 48 4 10 29 4 6 4 59 24 4 15 4 10 4 22 37 4 36 4 8 4 14 25 4 24 4 10 4 48 32 4 15 4 36 4 27 4 13 38 4 6 4 21 4 33 10 4 43 4 72 18 4 13 4 19 12 4 27 4 37 4 14 4 88 31 4 24 4 34 16 4 37 4 38 42 4 12 4 27 4 26 4 23 4 58 18 4 49 4 22 4 24 4 92 10 4 42 4 27 46 4 19 4 44 4 26 4 73 31 4 22 4 5 4 14 42 4 25 4 5 17 4 21 4 94 18 20 53 40 4 8 4 43 4 17 35 20 52 25 4 22 4 38 4 57 21 4 8 4 23 4 16 4 12 32 4 26 4 97 14 4 25 4 15 4 5 5 4 6 4 90 46 4 18 4 22 4 63 20 4 42 4 45 4 47 45 4 36 4 15 8 4 21 4 86 33 4 58 23 4 18 4 49 4 15 40 4 25 4 59 13 4 31 4 32 38 4 11 4 25 25 4 44 4 36 21 4 47 4 25 45 4 35 4 63 37 4 7 4 18 34 4 10 4 19 18 4 40 4 19 4 81 9 4 15 4 74 26 4 15 4 12 4 103 17 4 20 4 39 4 42 9 4 19 4 47 4 8 4 35 8 4 15 4 33 4 8 4 86 45 4 35 4 22 4 25 46 4 38 4 35 30 4 25 4 37 4 92 46 4 25 4 24 4 62 37 4 19 4 27 4 44 44 4 8 4 16 4 100 16 16 15 16 72 12 4 77 34 16 12 16 55 23 4 32 4 80 43 4 49 4 12 4 29 43 4 31 4 20 4 23 4 32 7 4 15 4 39 33 4 9 4 25 4 14 4 66 51 4 22 4 5 4 69 43 4 44 4 8 4 70 30 4 19 4 43 4 92 37 4 52 4 28 4 52 41 4 45 4 17 4 22 4 58 42 4 47 4 34 4 6 4 16 29 4 25 4 14 4 13 17 4 14 4 25 4 71 46 4 41 4 23 4 
iteration 806 best: 0.917568 time: 222209
21 43 4 33 4 48 4 10 29 4 6 4 59 24 4 15 4 10 4 22 37 4 36 4 8 4 14 25 4 24 4 10 4 48 32 4 15 4 36 4 27 4 13 38 4 6 4 21 4 33 10 4 43 4 72 18 4 13 4 19 12 4 27 4 37 4 14 4 88 31 4 24 4 34 16 4 37 4 38 42 4 12 4 27 4 26 4 23 4 58 18 4 49 4 22 4 24 4 92 10 4 42 4 27 46 4 19 4 44 4 26 4 73 31 4 22 4 5 4 14 42 4 25 4 5 17 4 21 4 94 18 20 53 40 4 8 4 43 4 17 35 20 52 25 4 22 4 38 4 57 21 4 8 4 23 4 16 4 12 32 4 26 4 97 14 4 25 4 15 4 5 5 4 6 4 90 46 4 18 4 22 4 63 20 4 42 4 45 4 47 45 4 36 4 15 8 4 21 4 86 33 4 58 23 4 18 4 49 4 15 40 4 25 4 59 13 4 31 4 32 38 4 11 4 25 25 4 44 4 36 21 4 47 4 25 45 4 35 4 63 37 4 7 4 18 34 4 10 4 19 18 4 40 4 19 4 81 9 4 15 4 74 26 4 15 4 12 4 103 17 4 20 4 39 4 42 9 4 19 4 47 4 8 4 35 8 4 15 4 33 4 8 4 86 45 4 35 4 22 4 25 46 4 38 4 35 30 4 25 4 37 4 92 46 4 25 4 24 4 62 37 4 19 4 27 4 44 44 4 8 4 16 4 100 16 16 15 16 72 12 4 77 34 16 12 16 55 23 4 32 4 80 43 4 49 4 12 4 29 43 4 31 4 20 4 23 4 32 7 4 15 4 39 33 4 9 4 25 4 14 4 66 51 4 22 4 5 4 69 43 4 44 4 8 4 70 30 4 19 4 43 4 92 37 4 52 4 28 4 52 41 4 45 4 17 4 22 4 58 42 4 47 4 34 4 6 4 16 29 4 25 4 14 4 13 17 4 14 4 25 4 71 46 4 41 4 23 4 
iteration 833 best: 0.917568 time: 229651
21 43 4 33 4 48 4 10 29 4 6 4 59 24 4 15 4 10 4 22 37 4 36 4 8 4 14 25 4 24 4 10 4 48 32 4 15 4 36 4 27 4 13 38 4 6 4 21 4 33 10 4 43 4 72 18 4 13 4 19 12 4 27 4 37 4 14 4 88 31 4 24 4 34 16 4 37 4 38 42 4 12 4 27 4 26 4 23 4 58 18 4 49 4 22 4 24 4 92 10 4 42 4 27 46 4 19 4 44 4 26 4 73 31 4 22 4 5 4 14 42 4 25 4 5 17 4 21 4 94 18 20 53 40 4 8 4 43 4 17 35 20 52 25 4 22 4 38 4 57 21 4 8 4 23 4 16 4 12 32 4 26 4 97 14 4 25 4 15 4 5 5 4 6 4 90 46 4 18 4 22 4 63 20 4 42 4 45 4 47 45 4 36 4 15 8 4 21 4 86 33 4 58 23 4 18 4 49 4 15 40 4 25 4 59 13 4 31 4 32 38 4 11 4 25 25 4 44 4 36 21 4 47 4 25 45 4 35 4 63 37 4 7 4 18 34 4 10 4 19 18 4 40 4 19 4 81 9 4 15 4 74 26 4 15 4 12 4 103 17 4 20 4 39 4 42 9 4 19 4 47 4 8 4 35 8 4 15 4 33 4 8 4 86 45 4 35 4 22 4 25 46 4 38 4 35 30 4 25 4 37 4 92 46 4 25 4 24 4 62 37 4 19 4 27 4 44 44 4 8 4 16 4 100 16 16 15 16 72 12 4 77 34 16 12 16 55 23 4 32 4 80 43 4 49 4 12 4 29 43 4 31 4 20 4 23 4 32 7 4 15 4 39 33 4 9 4 25 4 14 4 66 51 4 22 4 5 4 69 43 4 44 4 8 4 70 30 4 19 4 43 4 92 37 4 52 4 28 4 52 41 4 45 4 17 4 22 4 58 42 4 47 4 34 4 6 4 16 29 4 25 4 14 4 13 17 4 14 4 25 4 71 46 4 41 4 23 4 
iteration 860 best: 0.917568 time: 237096
21 43 4 33 4 48 4 10 29 4 6 4 59 24 4 15 4 10 4 22 37 4 36 4 8 4 14 25 4 24 4 10 4 48 32 4 15 4 36 4 27 4 13 38 4 6 4 21 4 33 10 4 43 4 72 18 4 13 4 19 12 4 27 4 37 4 14 4 88 31 4 24 4 34 16 4 37 4 38 42 4 12 4 27 4 26 4 23 4 58 18 4 49 4 22 4 24 4 92 10 4 42 4 27 46 4 19 4 44 4 26 4 73 31 4 22 4 5 4 14 42 4 25 4 5 17 4 21 4 94 18 20 53 40 4 8 4 43 4 17 35 20 52 25 4 22 4 38 4 57 21 4 8 4 23 4 16 4 12 32 4 26 4 97 14 4 25 4 15 4 5 5 4 6 4 90 46 4 18 4 22 4 63 20 4 42 4 45 4 47 45 4 36 4 15 8 4 21 4 86 33 4 58 23 4 18 4 49 4 15 40 4 25 4 59 13 4 31 4 32 38 4 11 4 25 25 4 44 4 36 21 4 47 4 25 45 4 35 4 63 37 4 7 4 18 34 4 10 4 19 18 4 40 4 19 4 81 9 4 15 4 74 26 4 15 4 12 4 103 17 4 20 4 39 4 42 9 4 19 4 47 4 8 4 35 8 4 15 4 33 4 8 4 86 45 4 35 4 22 4 25 46 4 38 4 35 30 4 25 4 37 4 92 46 4 25 4 24 4 62 37 4 19 4 27 4 44 44 4 8 4 16 4 100 16 16 15 16 72 12 4 77 34 16 12 16 55 23 4 32 4 80 43 4 49 4 12 4 29 43 4 31 4 20 4 23 4 32 7 4 15 4 39 33 4 9 4 25 4 14 4 66 51 4 22 4 5 4 69 43 4 44 4 8 4 70 30 4 19 4 43 4 92 37 4 52 4 28 4 52 41 4 45 4 17 4 22 4 58 42 4 47 4 34 4 6 4 16 29 4 25 4 14 4 13 17 4 14 4 25 4 71 46 4 41 4 23 4 
iteration 887 best: 0.917568 time: 244488
21 43 4 33 4 48 4 10 29 4 6 4 59 24 4 15 4 10 4 22 37 4 36 4 8 4 14 25 4 24 4 10 4 48 32 4 15 4 36 4 27 4 13 38 4 6 4 21 4 33 10 4 43 4 72 18 4 13 4 19 12 4 27 4 37 4 14 4 88 31 4 24 4 34 16 4 37 4 38 42 4 12 4 27 4 26 4 23 4 58 18 4 49 4 22 4 24 4 92 10 4 42 4 27 46 4 19 4 44 4 26 4 73 31 4 22 4 5 4 14 42 4 25 4 5 17 4 21 4 94 18 20 53 40 4 8 4 43 4 17 35 20 52 25 4 22 4 38 4 57 21 4 8 4 23 4 16 4 12 32 4 26 4 97 14 4 25 4 15 4 5 5 4 6 4 90 46 4 18 4 22 4 63 20 4 42 4 45 4 47 45 4 36 4 15 8 4 21 4 86 33 4 58 23 4 18 4 49 4 15 40 4 25 4 59 13 4 31 4 32 38 4 11 4 25 25 4 44 4 36 21 4 47 4 25 45 4 35 4 63 37 4 7 4 18 34 4 10 4 19 18 4 40 4 19 4 81 9 4 15 4 74 26 4 15 4 12 4 103 17 4 20 4 39 4 42 9 4 19 4 47 4 8 4 35 8 4 15 4 33 4 8 4 86 45 4 35 4 22 4 25 46 4 38 4 35 30 4 25 4 37 4 92 46 4 25 4 24 4 62 37 4 19 4 27 4 44 44 4 8 4 16 4 100 16 16 15 16 72 12 4 77 34 16 12 16 55 23 4 32 4 80 43 4 49 4 12 4 29 43 4 31 4 20 4 23 4 32 7 4 15 4 39 33 4 9 4 25 4 14 4 66 51 4 22 4 5 4 69 43 4 44 4 8 4 70 30 4 19 4 43 4 92 37 4 52 4 28 4 52 41 4 45 4 17 4 22 4 58 42 4 47 4 34 4 6 4 16 29 4 25 4 14 4 13 17 4 14 4 25 4 71 46 4 41 4 23 4 
iteration 914 best: 0.917568 time: 251894
21 43 4 33 4 48 4 10 29 4 6 4 59 24 4 15 4 10 4 22 37 4 36 4 8 4 14 25 4 24 4 10 4 48 32 4 15 4 36 4 27 4 13 38 4 6 4 21 4 33 10 4 43 4 72 18 4 13 4 19 12 4 27 4 37 4 14 4 88 31 4 24 4 34 16 4 37 4 38 42 4 12 4 27 4 26 4 23 4 58 18 4 49 4 22 4 24 4 92 10 4 42 4 27 46 4 19 4 44 4 26 4 73 31 4 22 4 5 4 14 42 4 25 4 5 17 4 21 4 94 18 20 53 40 4 8 4 43 4 17 35 20 52 25 4 22 4 38 4 57 21 4 8 4 23 4 16 4 12 32 4 26 4 97 14 4 25 4 15 4 5 5 4 6 4 90 46 4 18 4 22 4 63 20 4 42 4 45 4 47 45 4 36 4 15 8 4 21 4 86 33 4 58 23 4 18 4 49 4 15 40 4 25 4 59 13 4 31 4 32 38 4 11 4 25 25 4 44 4 36 21 4 47 4 25 45 4 35 4 63 37 4 7 4 18 34 4 10 4 19 18 4 40 4 19 4 81 9 4 15 4 74 26 4 15 4 12 4 103 17 4 20 4 39 4 42 9 4 19 4 47 4 8 4 35 8 4 15 4 33 4 8 4 86 45 4 35 4 22 4 25 46 4 38 4 35 30 4 25 4 37 4 92 46 4 25 4 24 4 62 37 4 19 4 27 4 44 44 4 8 4 16 4 100 16 16 15 16 72 12 4 77 34 16 12 16 55 23 4 32 4 80 43 4 49 4 12 4 29 43 4 31 4 20 4 23 4 32 7 4 15 4 39 33 4 9 4 25 4 14 4 66 51 4 22 4 5 4 69 43 4 44 4 8 4 70 30 4 19 4 43 4 92 37 4 52 4 28 4 52 41 4 45 4 17 4 22 4 58 42 4 47 4 34 4 6 4 16 29 4 25 4 14 4 13 17 4 14 4 25 4 71 46 4 41 4 23 4 
iteration 941 best: 0.917568 time: 259305
21 43 4 33 4 48 4 10 29 4 6 4 59 24 4 15 4 10 4 22 37 4 36 4 8 4 14 25 4 24 4 10 4 48 32 4 15 4 36 4 27 4 13 38 4 6 4 21 4 33 10 4 43 4 72 18 4 13 4 19 12 4 27 4 37 4 14 4 88 31 4 24 4 34 16 4 37 4 38 42 4 12 4 27 4 26 4 23 4 58 18 4 49 4 22 4 24 4 92 10 4 42 4 27 46 4 19 4 44 4 26 4 73 31 4 22 4 5 4 14 42 4 25 4 5 17 4 21 4 94 18 20 53 40 4 8 4 43 4 17 35 20 52 25 4 22 4 38 4 57 21 4 8 4 23 4 16 4 12 32 4 26 4 97 14 4 25 4 15 4 5 5 4 6 4 90 46 4 18 4 22 4 63 20 4 42 4 45 4 47 45 4 36 4 15 8 4 21 4 86 33 4 58 23 4 18 4 49 4 15 40 4 25 4 59 13 4 31 4 32 38 4 11 4 25 25 4 44 4 36 21 4 47 4 25 45 4 35 4 63 37 4 7 4 18 34 4 10 4 19 18 4 40 4 19 4 81 9 4 15 4 74 26 4 15 4 12 4 103 17 4 20 4 39 4 42 9 4 19 4 47 4 8 4 35 8 4 15 4 33 4 8 4 86 45 4 35 4 22 4 25 46 4 38 4 35 30 4 25 4 37 4 92 46 4 25 4 24 4 62 37 4 19 4 27 4 44 44 4 8 4 16 4 100 16 16 15 16 72 12 4 77 34 16 12 16 55 23 4 32 4 80 43 4 49 4 12 4 29 43 4 31 4 20 4 23 4 32 7 4 15 4 39 33 4 9 4 25 4 14 4 66 51 4 22 4 5 4 69 43 4 44 4 8 4 70 30 4 19 4 43 4 92 37 4 52 4 28 4 52 41 4 45 4 17 4 22 4 58 42 4 47 4 34 4 6 4 16 29 4 25 4 14 4 13 17 4 14 4 25 4 71 46 4 41 4 23 4 
iteration 968 best: 0.917568 time: 266682
21 43 4 33 4 48 4 10 29 4 6 4 59 24 4 15 4 10 4 22 37 4 36 4 8 4 14 25 4 24 4 10 4 48 32 4 15 4 36 4 27 4 13 38 4 6 4 21 4 33 10 4 43 4 72 18 4 13 4 19 12 4 27 4 37 4 14 4 88 31 4 24 4 34 16 4 37 4 38 42 4 12 4 27 4 26 4 23 4 58 18 4 49 4 22 4 24 4 92 10 4 42 4 27 46 4 19 4 44 4 26 4 73 31 4 22 4 5 4 14 42 4 25 4 5 17 4 21 4 94 18 20 53 40 4 8 4 43 4 17 35 20 52 25 4 22 4 38 4 57 21 4 8 4 23 4 16 4 12 32 4 26 4 97 14 4 25 4 15 4 5 5 4 6 4 90 46 4 18 4 22 4 63 20 4 42 4 45 4 47 45 4 36 4 15 8 4 21 4 86 33 4 58 23 4 18 4 49 4 15 40 4 25 4 59 13 4 31 4 32 38 4 11 4 25 25 4 44 4 36 21 4 47 4 25 45 4 35 4 63 37 4 7 4 18 34 4 10 4 19 18 4 40 4 19 4 81 9 4 15 4 74 26 4 15 4 12 4 103 17 4 20 4 39 4 42 9 4 19 4 47 4 8 4 35 8 4 15 4 33 4 8 4 86 45 4 35 4 22 4 25 46 4 38 4 35 30 4 25 4 37 4 92 46 4 25 4 24 4 62 37 4 19 4 27 4 44 44 4 8 4 16 4 100 16 16 15 16 72 12 4 77 34 16 12 16 55 23 4 32 4 80 43 4 49 4 12 4 29 43 4 31 4 20 4 23 4 32 7 4 15 4 39 33 4 9 4 25 4 14 4 66 51 4 22 4 5 4 69 43 4 44 4 8 4 70 30 4 19 4 43 4 92 37 4 52 4 28 4 52 41 4 45 4 17 4 22 4 58 42 4 47 4 34 4 6 4 16 29 4 25 4 14 4 13 17 4 14 4 25 4 71 46 4 41 4 23 4 
iteration 995 best: 0.917568 time: 274063
21 43 4 33 4 48 4 10 29 4 6 4 59 24 4 15 4 10 4 22 37 4 36 4 8 4 14 25 4 24 4 10 4 48 32 4 15 4 36 4 27 4 13 38 4 6 4 21 4 33 10 4 43 4 72 18 4 13 4 19 12 4 27 4 37 4 14 4 88 31 4 24 4 34 16 4 37 4 38 42 4 12 4 27 4 26 4 23 4 58 18 4 49 4 22 4 24 4 92 10 4 42 4 27 46 4 19 4 44 4 26 4 73 31 4 22 4 5 4 14 42 4 25 4 5 17 4 21 4 94 18 20 53 40 4 8 4 43 4 17 35 20 52 25 4 22 4 38 4 57 21 4 8 4 23 4 16 4 12 32 4 26 4 97 14 4 25 4 15 4 5 5 4 6 4 90 46 4 18 4 22 4 63 20 4 42 4 45 4 47 45 4 36 4 15 8 4 21 4 86 33 4 58 23 4 18 4 49 4 15 40 4 25 4 59 13 4 31 4 32 38 4 11 4 25 25 4 44 4 36 21 4 47 4 25 45 4 35 4 63 37 4 7 4 18 34 4 10 4 19 18 4 40 4 19 4 81 9 4 15 4 74 26 4 15 4 12 4 103 17 4 20 4 39 4 42 9 4 19 4 47 4 8 4 35 8 4 15 4 33 4 8 4 86 45 4 35 4 22 4 25 46 4 38 4 35 30 4 25 4 37 4 92 46 4 25 4 24 4 62 37 4 19 4 27 4 44 44 4 8 4 16 4 100 16 16 15 16 72 12 4 77 34 16 12 16 55 23 4 32 4 80 43 4 49 4 12 4 29 43 4 31 4 20 4 23 4 32 7 4 15 4 39 33 4 9 4 25 4 14 4 66 51 4 22 4 5 4 69 43 4 44 4 8 4 70 30 4 19 4 43 4 92 37 4 52 4 28 4 52 41 4 45 4 17 4 22 4 58 42 4 47 4 34 4 6 4 16 29 4 25 4 14 4 13 17 4 14 4 25 4 71 46 4 41 4 23 4 
iteration 1022 best: 0.917568 time: 281456
21 43 4 33 4 48 4 10 29 4 6 4 59 24 4 15 4 10 4 22 37 4 36 4 8 4 14 25 4 24 4 10 4 48 32 4 15 4 36 4 27 4 13 38 4 6 4 21 4 33 10 4 43 4 72 18 4 13 4 19 12 4 27 4 37 4 14 4 88 31 4 24 4 34 16 4 37 4 38 42 4 12 4 27 4 26 4 23 4 58 18 4 49 4 22 4 24 4 92 10 4 42 4 27 46 4 19 4 44 4 26 4 73 31 4 22 4 5 4 14 42 4 25 4 5 17 4 21 4 94 18 20 53 40 4 8 4 43 4 17 35 20 52 25 4 22 4 38 4 57 21 4 8 4 23 4 16 4 12 32 4 26 4 97 14 4 25 4 15 4 5 5 4 6 4 90 46 4 18 4 22 4 63 20 4 42 4 45 4 47 45 4 36 4 15 8 4 21 4 86 33 4 58 23 4 18 4 49 4 15 40 4 25 4 59 13 4 31 4 32 38 4 11 4 25 25 4 44 4 36 21 4 47 4 25 45 4 35 4 63 37 4 7 4 18 34 4 10 4 19 18 4 40 4 19 4 81 9 4 15 4 74 26 4 15 4 12 4 103 17 4 20 4 39 4 42 9 4 19 4 47 4 8 4 35 8 4 15 4 33 4 8 4 86 45 4 35 4 22 4 25 46 4 38 4 35 30 4 25 4 37 4 92 46 4 25 4 24 4 62 37 4 19 4 27 4 44 44 4 8 4 16 4 100 16 16 15 16 72 12 4 77 34 16 12 16 55 23 4 32 4 80 43 4 49 4 12 4 29 43 4 31 4 20 4 23 4 32 7 4 15 4 39 33 4 9 4 25 4 14 4 66 51 4 22 4 5 4 69 43 4 44 4 8 4 70 30 4 19 4 43 4 92 37 4 52 4 28 4 52 41 4 45 4 17 4 22 4 58 42 4 47 4 34 4 6 4 16 29 4 25 4 14 4 13 17 4 14 4 25 4 71 46 4 41 4 23 4 
iteration 1049 best: 0.917568 time: 288862
21 43 4 33 4 48 4 10 29 4 6 4 59 24 4 15 4 10 4 22 37 4 36 4 8 4 14 25 4 24 4 10 4 48 32 4 15 4 36 4 27 4 13 38 4 6 4 21 4 33 10 4 43 4 72 18 4 13 4 19 12 4 27 4 37 4 14 4 88 31 4 24 4 34 16 4 37 4 38 42 4 12 4 27 4 26 4 23 4 58 18 4 49 4 22 4 24 4 92 10 4 42 4 27 46 4 19 4 44 4 26 4 73 31 4 22 4 5 4 14 42 4 25 4 5 17 4 21 4 94 18 20 53 40 4 8 4 43 4 17 35 20 52 25 4 22 4 38 4 57 21 4 8 4 23 4 16 4 12 32 4 26 4 97 14 4 25 4 15 4 5 5 4 6 4 90 46 4 18 4 22 4 63 20 4 42 4 45 4 47 45 4 36 4 15 8 4 21 4 86 33 4 58 23 4 18 4 49 4 15 40 4 25 4 59 13 4 31 4 32 38 4 11 4 25 25 4 44 4 36 21 4 47 4 25 45 4 35 4 63 37 4 7 4 18 34 4 10 4 19 18 4 40 4 19 4 81 9 4 15 4 74 26 4 15 4 12 4 103 17 4 20 4 39 4 42 9 4 19 4 47 4 8 4 35 8 4 15 4 33 4 8 4 86 45 4 35 4 22 4 25 46 4 38 4 35 30 4 25 4 37 4 92 46 4 25 4 24 4 62 37 4 19 4 27 4 44 44 4 8 4 16 4 100 16 16 15 16 72 12 4 77 34 16 12 16 55 23 4 32 4 80 43 4 49 4 12 4 29 43 4 31 4 20 4 23 4 32 7 4 15 4 39 33 4 9 4 25 4 14 4 66 51 4 22 4 5 4 69 43 4 44 4 8 4 70 30 4 19 4 43 4 92 37 4 52 4 28 4 52 41 4 45 4 17 4 22 4 58 42 4 47 4 34 4 6 4 16 29 4 25 4 14 4 13 17 4 14 4 25 4 71 46 4 41 4 23 4 
iteration 1076 best: 0.917568 time: 296252
21 43 4 33 4 48 4 10 29 4 6 4 59 24 4 15 4 10 4 22 37 4 36 4 8 4 14 25 4 24 4 10 4 48 32 4 15 4 36 4 27 4 13 38 4 6 4 21 4 33 10 4 43 4 72 18 4 13 4 19 12 4 27 4 37 4 14 4 88 31 4 24 4 34 16 4 37 4 38 42 4 12 4 27 4 26 4 23 4 58 18 4 49 4 22 4 24 4 92 10 4 42 4 27 46 4 19 4 44 4 26 4 73 31 4 22 4 5 4 14 42 4 25 4 5 17 4 21 4 94 18 20 53 40 4 8 4 43 4 17 35 20 52 25 4 22 4 38 4 57 21 4 8 4 23 4 16 4 12 32 4 26 4 97 14 4 25 4 15 4 5 5 4 6 4 90 46 4 18 4 22 4 63 20 4 42 4 45 4 47 45 4 36 4 15 8 4 21 4 86 33 4 58 23 4 18 4 49 4 15 40 4 25 4 59 13 4 31 4 32 38 4 11 4 25 25 4 44 4 36 21 4 47 4 25 45 4 35 4 63 37 4 7 4 18 34 4 10 4 19 18 4 40 4 19 4 81 9 4 15 4 74 26 4 15 4 12 4 103 17 4 20 4 39 4 42 9 4 19 4 47 4 8 4 35 8 4 15 4 33 4 8 4 86 45 4 35 4 22 4 25 46 4 38 4 35 30 4 25 4 37 4 92 46 4 25 4 24 4 62 37 4 19 4 27 4 44 44 4 8 4 16 4 100 16 16 15 16 72 12 4 77 34 16 12 16 55 23 4 32 4 80 43 4 49 4 12 4 29 43 4 31 4 20 4 23 4 32 7 4 15 4 39 33 4 9 4 25 4 14 4 66 51 4 22 4 5 4 69 43 4 44 4 8 4 70 30 4 19 4 43 4 92 37 4 52 4 28 4 52 41 4 45 4 17 4 22 4 58 42 4 47 4 34 4 6 4 16 29 4 25 4 14 4 13 17 4 14 4 25 4 71 46 4 41 4 23 4 
iteration 1103 best: 0.917568 time: 303649
21 43 4 33 4 48 4 10 29 4 6 4 59 24 4 15 4 10 4 22 37 4 36 4 8 4 14 25 4 24 4 10 4 48 32 4 15 4 36 4 27 4 13 38 4 6 4 21 4 33 10 4 43 4 72 18 4 13 4 19 12 4 27 4 37 4 14 4 88 31 4 24 4 34 16 4 37 4 38 42 4 12 4 27 4 26 4 23 4 58 18 4 49 4 22 4 24 4 92 10 4 42 4 27 46 4 19 4 44 4 26 4 73 31 4 22 4 5 4 14 42 4 25 4 5 17 4 21 4 94 18 20 53 40 4 8 4 43 4 17 35 20 52 25 4 22 4 38 4 57 21 4 8 4 23 4 16 4 12 32 4 26 4 97 14 4 25 4 15 4 5 5 4 6 4 90 46 4 18 4 22 4 63 20 4 42 4 45 4 47 45 4 36 4 15 8 4 21 4 86 33 4 58 23 4 18 4 49 4 15 40 4 25 4 59 13 4 31 4 32 38 4 11 4 25 25 4 44 4 36 21 4 47 4 25 45 4 35 4 63 37 4 7 4 18 34 4 10 4 19 18 4 40 4 19 4 81 9 4 15 4 74 26 4 15 4 12 4 103 17 4 20 4 39 4 42 9 4 19 4 47 4 8 4 35 8 4 15 4 33 4 8 4 86 45 4 35 4 22 4 25 46 4 38 4 35 30 4 25 4 37 4 92 46 4 25 4 24 4 62 37 4 19 4 27 4 44 44 4 8 4 16 4 100 16 16 15 16 72 12 4 77 34 16 12 16 55 23 4 32 4 80 43 4 49 4 12 4 29 43 4 31 4 20 4 23 4 32 7 4 15 4 39 33 4 9 4 25 4 14 4 66 51 4 22 4 5 4 69 43 4 44 4 8 4 70 30 4 19 4 43 4 92 37 4 52 4 28 4 52 41 4 45 4 17 4 22 4 58 42 4 47 4 34 4 6 4 16 29 4 25 4 14 4 13 17 4 14 4 25 4 71 46 4 41 4 23 4 
iteration 1130 best: 0.917568 time: 311110
21 43 4 33 4 48 4 10 29 4 6 4 59 24 4 15 4 10 4 22 37 4 36 4 8 4 14 25 4 24 4 10 4 48 32 4 15 4 36 4 27 4 13 38 4 6 4 21 4 33 10 4 43 4 72 18 4 13 4 19 12 4 27 4 37 4 14 4 88 31 4 24 4 34 16 4 37 4 38 42 4 12 4 27 4 26 4 23 4 58 18 4 49 4 22 4 24 4 92 10 4 42 4 27 46 4 19 4 44 4 26 4 73 31 4 22 4 5 4 14 42 4 25 4 5 17 4 21 4 94 18 20 53 40 4 8 4 43 4 17 35 20 52 25 4 22 4 38 4 57 21 4 8 4 23 4 16 4 12 32 4 26 4 97 14 4 25 4 15 4 5 5 4 6 4 90 46 4 18 4 22 4 63 20 4 42 4 45 4 47 45 4 36 4 15 8 4 21 4 86 33 4 58 23 4 18 4 49 4 15 40 4 25 4 59 13 4 31 4 32 38 4 11 4 25 25 4 44 4 36 21 4 47 4 25 45 4 35 4 63 37 4 7 4 18 34 4 10 4 19 18 4 40 4 19 4 81 9 4 15 4 74 26 4 15 4 12 4 103 17 4 20 4 39 4 42 9 4 19 4 47 4 8 4 35 8 4 15 4 33 4 8 4 86 45 4 35 4 22 4 25 46 4 38 4 35 30 4 25 4 37 4 92 46 4 25 4 24 4 62 37 4 19 4 27 4 44 44 4 8 4 16 4 100 16 16 15 16 72 12 4 77 34 16 12 16 55 23 4 32 4 80 43 4 49 4 12 4 29 43 4 31 4 20 4 23 4 32 7 4 15 4 39 33 4 9 4 25 4 14 4 66 51 4 22 4 5 4 69 43 4 44 4 8 4 70 30 4 19 4 43 4 92 37 4 52 4 28 4 52 41 4 45 4 17 4 22 4 58 42 4 47 4 34 4 6 4 16 29 4 25 4 14 4 13 17 4 14 4 25 4 71 46 4 41 4 23 4 
iteration 1157 best: 0.917568 time: 318520
21 43 4 33 4 48 4 10 29 4 6 4 59 24 4 15 4 10 4 22 37 4 36 4 8 4 14 25 4 24 4 10 4 48 32 4 15 4 36 4 27 4 13 38 4 6 4 21 4 33 10 4 43 4 72 18 4 13 4 19 12 4 27 4 37 4 14 4 88 31 4 24 4 34 16 4 37 4 38 42 4 12 4 27 4 26 4 23 4 58 18 4 49 4 22 4 24 4 92 10 4 42 4 27 46 4 19 4 44 4 26 4 73 31 4 22 4 5 4 14 42 4 25 4 5 17 4 21 4 94 18 20 53 40 4 8 4 43 4 17 35 20 52 25 4 22 4 38 4 57 21 4 8 4 23 4 16 4 12 32 4 26 4 97 14 4 25 4 15 4 5 5 4 6 4 90 46 4 18 4 22 4 63 20 4 42 4 45 4 47 45 4 36 4 15 8 4 21 4 86 33 4 58 23 4 18 4 49 4 15 40 4 25 4 59 13 4 31 4 32 38 4 11 4 25 25 4 44 4 36 21 4 47 4 25 45 4 35 4 63 37 4 7 4 18 34 4 10 4 19 18 4 40 4 19 4 81 9 4 15 4 74 26 4 15 4 12 4 103 17 4 20 4 39 4 42 9 4 19 4 47 4 8 4 35 8 4 15 4 33 4 8 4 86 45 4 35 4 22 4 25 46 4 38 4 35 30 4 25 4 37 4 92 46 4 25 4 24 4 62 37 4 19 4 27 4 44 44 4 8 4 16 4 100 16 16 15 16 72 12 4 77 34 16 12 16 55 23 4 32 4 80 43 4 49 4 12 4 29 43 4 31 4 20 4 23 4 32 7 4 15 4 39 33 4 9 4 25 4 14 4 66 51 4 22 4 5 4 69 43 4 44 4 8 4 70 30 4 19 4 43 4 92 37 4 52 4 28 4 52 41 4 45 4 17 4 22 4 58 42 4 47 4 34 4 6 4 16 29 4 25 4 14 4 13 17 4 14 4 25 4 71 46 4 41 4 23 4 
iteration 1184 best: 0.917568 time: 325944
21 43 4 33 4 48 4 10 29 4 6 4 59 24 4 15 4 10 4 22 37 4 36 4 8 4 14 25 4 24 4 10 4 48 32 4 15 4 36 4 27 4 13 38 4 6 4 21 4 33 10 4 43 4 72 18 4 13 4 19 12 4 27 4 37 4 14 4 88 31 4 24 4 34 16 4 37 4 38 42 4 12 4 27 4 26 4 23 4 58 18 4 49 4 22 4 24 4 92 10 4 42 4 27 46 4 19 4 44 4 26 4 73 31 4 22 4 5 4 14 42 4 25 4 5 17 4 21 4 94 18 20 53 40 4 8 4 43 4 17 35 20 52 25 4 22 4 38 4 57 21 4 8 4 23 4 16 4 12 32 4 26 4 97 14 4 25 4 15 4 5 5 4 6 4 90 46 4 18 4 22 4 63 20 4 42 4 45 4 47 45 4 36 4 15 8 4 21 4 86 33 4 58 23 4 18 4 49 4 15 40 4 25 4 59 13 4 31 4 32 38 4 11 4 25 25 4 44 4 36 21 4 47 4 25 45 4 35 4 63 37 4 7 4 18 34 4 10 4 19 18 4 40 4 19 4 81 9 4 15 4 74 26 4 15 4 12 4 103 17 4 20 4 39 4 42 9 4 19 4 47 4 8 4 35 8 4 15 4 33 4 8 4 86 45 4 35 4 22 4 25 46 4 38 4 35 30 4 25 4 37 4 92 46 4 25 4 24 4 62 37 4 19 4 27 4 44 44 4 8 4 16 4 100 16 16 15 16 72 12 4 77 34 16 12 16 55 23 4 32 4 80 43 4 49 4 12 4 29 43 4 31 4 20 4 23 4 32 7 4 15 4 39 33 4 9 4 25 4 14 4 66 51 4 22 4 5 4 69 43 4 44 4 8 4 70 30 4 19 4 43 4 92 37 4 52 4 28 4 52 41 4 45 4 17 4 22 4 58 42 4 47 4 34 4 6 4 16 29 4 25 4 14 4 13 17 4 14 4 25 4 71 46 4 41 4 23 4 
iteration 1211 best: 0.917568 time: 333332
21 43 4 33 4 48 4 10 29 4 6 4 59 24 4 15 4 10 4 22 37 4 36 4 8 4 14 25 4 24 4 10 4 48 32 4 15 4 36 4 27 4 13 38 4 6 4 21 4 33 10 4 43 4 72 18 4 13 4 19 12 4 27 4 37 4 14 4 88 31 4 24 4 34 16 4 37 4 38 42 4 12 4 27 4 26 4 23 4 58 18 4 49 4 22 4 24 4 92 10 4 42 4 27 46 4 19 4 44 4 26 4 73 31 4 22 4 5 4 14 42 4 25 4 5 17 4 21 4 94 18 20 53 40 4 8 4 43 4 17 35 20 52 25 4 22 4 38 4 57 21 4 8 4 23 4 16 4 12 32 4 26 4 97 14 4 25 4 15 4 5 5 4 6 4 90 46 4 18 4 22 4 63 20 4 42 4 45 4 47 45 4 36 4 15 8 4 21 4 86 33 4 58 23 4 18 4 49 4 15 40 4 25 4 59 13 4 31 4 32 38 4 11 4 25 25 4 44 4 36 21 4 47 4 25 45 4 35 4 63 37 4 7 4 18 34 4 10 4 19 18 4 40 4 19 4 81 9 4 15 4 74 26 4 15 4 12 4 103 17 4 20 4 39 4 42 9 4 19 4 47 4 8 4 35 8 4 15 4 33 4 8 4 86 45 4 35 4 22 4 25 46 4 38 4 35 30 4 25 4 37 4 92 46 4 25 4 24 4 62 37 4 19 4 27 4 44 44 4 8 4 16 4 100 16 16 15 16 72 12 4 77 34 16 12 16 55 23 4 32 4 80 43 4 49 4 12 4 29 43 4 31 4 20 4 23 4 32 7 4 15 4 39 33 4 9 4 25 4 14 4 66 51 4 22 4 5 4 69 43 4 44 4 8 4 70 30 4 19 4 43 4 92 37 4 52 4 28 4 52 41 4 45 4 17 4 22 4 58 42 4 47 4 34 4 6 4 16 29 4 25 4 14 4 13 17 4 14 4 25 4 71 46 4 41 4 23 4 
iteration 1238 best: 0.917568 time: 340755
21 43 4 33 4 48 4 10 29 4 6 4 59 24 4 15 4 10 4 22 37 4 36 4 8 4 14 25 4 24 4 10 4 48 32 4 15 4 36 4 27 4 13 38 4 6 4 21 4 33 10 4 43 4 72 18 4 13 4 19 12 4 27 4 37 4 14 4 88 31 4 24 4 34 16 4 37 4 38 42 4 12 4 27 4 26 4 23 4 58 18 4 49 4 22 4 24 4 92 10 4 42 4 27 46 4 19 4 44 4 26 4 73 31 4 22 4 5 4 14 42 4 25 4 5 17 4 21 4 94 18 20 53 40 4 8 4 43 4 17 35 20 52 25 4 22 4 38 4 57 21 4 8 4 23 4 16 4 12 32 4 26 4 97 14 4 25 4 15 4 5 5 4 6 4 90 46 4 18 4 22 4 63 20 4 42 4 45 4 47 45 4 36 4 15 8 4 21 4 86 33 4 58 23 4 18 4 49 4 15 40 4 25 4 59 13 4 31 4 32 38 4 11 4 25 25 4 44 4 36 21 4 47 4 25 45 4 35 4 63 37 4 7 4 18 34 4 10 4 19 18 4 40 4 19 4 81 9 4 15 4 74 26 4 15 4 12 4 103 17 4 20 4 39 4 42 9 4 19 4 47 4 8 4 35 8 4 15 4 33 4 8 4 86 45 4 35 4 22 4 25 46 4 38 4 35 30 4 25 4 37 4 92 46 4 25 4 24 4 62 37 4 19 4 27 4 44 44 4 8 4 16 4 100 16 16 15 16 72 12 4 77 34 16 12 16 55 23 4 32 4 80 43 4 49 4 12 4 29 43 4 31 4 20 4 23 4 32 7 4 15 4 39 33 4 9 4 25 4 14 4 66 51 4 22 4 5 4 69 43 4 44 4 8 4 70 30 4 19 4 43 4 92 37 4 52 4 28 4 52 41 4 45 4 17 4 22 4 58 42 4 47 4 34 4 6 4 16 29 4 25 4 14 4 13 17 4 14 4 25 4 71 46 4 41 4 23 4 
iteration 1265 best: 0.917568 time: 348166
21 43 4 33 4 48 4 10 29 4 6 4 59 24 4 15 4 10 4 22 37 4 36 4 8 4 14 25 4 24 4 10 4 48 32 4 15 4 36 4 27 4 13 38 4 6 4 21 4 33 10 4 43 4 72 18 4 13 4 19 12 4 27 4 37 4 14 4 88 31 4 24 4 34 16 4 37 4 38 42 4 12 4 27 4 26 4 23 4 58 18 4 49 4 22 4 24 4 92 10 4 42 4 27 46 4 19 4 44 4 26 4 73 31 4 22 4 5 4 14 42 4 25 4 5 17 4 21 4 94 18 20 53 40 4 8 4 43 4 17 35 20 52 25 4 22 4 38 4 57 21 4 8 4 23 4 16 4 12 32 4 26 4 97 14 4 25 4 15 4 5 5 4 6 4 90 46 4 18 4 22 4 63 20 4 42 4 45 4 47 45 4 36 4 15 8 4 21 4 86 33 4 58 23 4 18 4 49 4 15 40 4 25 4 59 13 4 31 4 32 38 4 11 4 25 25 4 44 4 36 21 4 47 4 25 45 4 35 4 63 37 4 7 4 18 34 4 10 4 19 18 4 40 4 19 4 81 9 4 15 4 74 26 4 15 4 12 4 103 17 4 20 4 39 4 42 9 4 19 4 47 4 8 4 35 8 4 15 4 33 4 8 4 86 45 4 35 4 22 4 25 46 4 38 4 35 30 4 25 4 37 4 92 46 4 25 4 24 4 62 37 4 19 4 27 4 44 44 4 8 4 16 4 100 16 16 15 16 72 12 4 77 34 16 12 16 55 23 4 32 4 80 43 4 49 4 12 4 29 43 4 31 4 20 4 23 4 32 7 4 15 4 39 33 4 9 4 25 4 14 4 66 51 4 22 4 5 4 69 43 4 44 4 8 4 70 30 4 19 4 43 4 92 37 4 52 4 28 4 52 41 4 45 4 17 4 22 4 58 42 4 47 4 34 4 6 4 16 29 4 25 4 14 4 13 17 4 14 4 25 4 71 46 4 41 4 23 4 
iteration 1292 best: 0.917568 time: 355558
21 43 4 33 4 48 4 10 29 4 6 4 59 24 4 15 4 10 4 22 37 4 36 4 8 4 14 25 4 24 4 10 4 48 32 4 15 4 36 4 27 4 13 38 4 6 4 21 4 33 10 4 43 4 72 18 4 13 4 19 12 4 27 4 37 4 14 4 88 31 4 24 4 34 16 4 37 4 38 42 4 12 4 27 4 26 4 23 4 58 18 4 49 4 22 4 24 4 92 10 4 42 4 27 46 4 19 4 44 4 26 4 73 31 4 22 4 5 4 14 42 4 25 4 5 17 4 21 4 94 18 20 53 40 4 8 4 43 4 17 35 20 52 25 4 22 4 38 4 57 21 4 8 4 23 4 16 4 12 32 4 26 4 97 14 4 25 4 15 4 5 5 4 6 4 90 46 4 18 4 22 4 63 20 4 42 4 45 4 47 45 4 36 4 15 8 4 21 4 86 33 4 58 23 4 18 4 49 4 15 40 4 25 4 59 13 4 31 4 32 38 4 11 4 25 25 4 44 4 36 21 4 47 4 25 45 4 35 4 63 37 4 7 4 18 34 4 10 4 19 18 4 40 4 19 4 81 9 4 15 4 74 26 4 15 4 12 4 103 17 4 20 4 39 4 42 9 4 19 4 47 4 8 4 35 8 4 15 4 33 4 8 4 86 45 4 35 4 22 4 25 46 4 38 4 35 30 4 25 4 37 4 92 46 4 25 4 24 4 62 37 4 19 4 27 4 44 44 4 8 4 16 4 100 16 16 15 16 72 12 4 77 34 16 12 16 55 23 4 32 4 80 43 4 49 4 12 4 29 43 4 31 4 20 4 23 4 32 7 4 15 4 39 33 4 9 4 25 4 14 4 66 51 4 22 4 5 4 69 43 4 44 4 8 4 70 30 4 19 4 43 4 92 37 4 52 4 28 4 52 41 4 45 4 17 4 22 4 58 42 4 47 4 34 4 6 4 16 29 4 25 4 14 4 13 17 4 14 4 25 4 71 46 4 41 4 23 4 
iteration 1319 best: 0.917568 time: 362959
21 43 4 33 4 48 4 10 29 4 6 4 59 24 4 15 4 10 4 22 37 4 36 4 8 4 14 25 4 24 4 10 4 48 32 4 15 4 36 4 27 4 13 38 4 6 4 21 4 33 10 4 43 4 72 18 4 13 4 19 12 4 27 4 37 4 14 4 88 31 4 24 4 34 16 4 37 4 38 42 4 12 4 27 4 26 4 23 4 58 18 4 49 4 22 4 24 4 92 10 4 42 4 27 46 4 19 4 44 4 26 4 73 31 4 22 4 5 4 14 42 4 25 4 5 17 4 21 4 94 18 20 53 40 4 8 4 43 4 17 35 20 52 25 4 22 4 38 4 57 21 4 8 4 23 4 16 4 12 32 4 26 4 97 14 4 25 4 15 4 5 5 4 6 4 90 46 4 18 4 22 4 63 20 4 42 4 45 4 47 45 4 36 4 15 8 4 21 4 86 33 4 58 23 4 18 4 49 4 15 40 4 25 4 59 13 4 31 4 32 38 4 11 4 25 25 4 44 4 36 21 4 47 4 25 45 4 35 4 63 37 4 7 4 18 34 4 10 4 19 18 4 40 4 19 4 81 9 4 15 4 74 26 4 15 4 12 4 103 17 4 20 4 39 4 42 9 4 19 4 47 4 8 4 35 8 4 15 4 33 4 8 4 86 45 4 35 4 22 4 25 46 4 38 4 35 30 4 25 4 37 4 92 46 4 25 4 24 4 62 37 4 19 4 27 4 44 44 4 8 4 16 4 100 16 16 15 16 72 12 4 77 34 16 12 16 55 23 4 32 4 80 43 4 49 4 12 4 29 43 4 31 4 20 4 23 4 32 7 4 15 4 39 33 4 9 4 25 4 14 4 66 51 4 22 4 5 4 69 43 4 44 4 8 4 70 30 4 19 4 43 4 92 37 4 52 4 28 4 52 41 4 45 4 17 4 22 4 58 42 4 47 4 34 4 6 4 16 29 4 25 4 14 4 13 17 4 14 4 25 4 71 46 4 41 4 23 4 
iteration 1346 best: 0.917568 time: 370363
21 43 4 33 4 48 4 10 29 4 6 4 59 24 4 15 4 10 4 22 37 4 36 4 8 4 14 25 4 24 4 10 4 48 32 4 15 4 36 4 27 4 13 38 4 6 4 21 4 33 10 4 43 4 72 18 4 13 4 19 12 4 27 4 37 4 14 4 88 31 4 24 4 34 16 4 37 4 38 42 4 12 4 27 4 26 4 23 4 58 18 4 49 4 22 4 24 4 92 10 4 42 4 27 46 4 19 4 44 4 26 4 73 31 4 22 4 5 4 14 42 4 25 4 5 17 4 21 4 94 18 20 53 40 4 8 4 43 4 17 35 20 52 25 4 22 4 38 4 57 21 4 8 4 23 4 16 4 12 32 4 26 4 97 14 4 25 4 15 4 5 5 4 6 4 90 46 4 18 4 22 4 63 20 4 42 4 45 4 47 45 4 36 4 15 8 4 21 4 86 33 4 58 23 4 18 4 49 4 15 40 4 25 4 59 13 4 31 4 32 38 4 11 4 25 25 4 44 4 36 21 4 47 4 25 45 4 35 4 63 37 4 7 4 18 34 4 10 4 19 18 4 40 4 19 4 81 9 4 15 4 74 26 4 15 4 12 4 103 17 4 20 4 39 4 42 9 4 19 4 47 4 8 4 35 8 4 15 4 33 4 8 4 86 45 4 35 4 22 4 25 46 4 38 4 35 30 4 25 4 37 4 92 46 4 25 4 24 4 62 37 4 19 4 27 4 44 44 4 8 4 16 4 100 16 16 15 16 72 12 4 77 34 16 12 16 55 23 4 32 4 80 43 4 49 4 12 4 29 43 4 31 4 20 4 23 4 32 7 4 15 4 39 33 4 9 4 25 4 14 4 66 51 4 22 4 5 4 69 43 4 44 4 8 4 70 30 4 19 4 43 4 92 37 4 52 4 28 4 52 41 4 45 4 17 4 22 4 58 42 4 47 4 34 4 6 4 16 29 4 25 4 14 4 13 17 4 14 4 25 4 71 46 4 41 4 23 4 
iteration 1373 best: 0.917568 time: 377783
21 43 4 33 4 48 4 10 29 4 6 4 59 24 4 15 4 10 4 22 37 4 36 4 8 4 14 25 4 24 4 10 4 48 32 4 15 4 36 4 27 4 13 38 4 6 4 21 4 33 10 4 43 4 72 18 4 13 4 19 12 4 27 4 37 4 14 4 88 31 4 24 4 34 16 4 37 4 38 42 4 12 4 27 4 26 4 23 4 58 18 4 49 4 22 4 24 4 92 10 4 42 4 27 46 4 19 4 44 4 26 4 73 31 4 22 4 5 4 14 42 4 25 4 5 17 4 21 4 94 18 20 53 40 4 8 4 43 4 17 35 20 52 25 4 22 4 38 4 57 21 4 8 4 23 4 16 4 12 32 4 26 4 97 14 4 25 4 15 4 5 5 4 6 4 90 46 4 18 4 22 4 63 20 4 42 4 45 4 47 45 4 36 4 15 8 4 21 4 86 33 4 58 23 4 18 4 49 4 15 40 4 25 4 59 13 4 31 4 32 38 4 11 4 25 25 4 44 4 36 21 4 47 4 25 45 4 35 4 63 37 4 7 4 18 34 4 10 4 19 18 4 40 4 19 4 81 9 4 15 4 74 26 4 15 4 12 4 103 17 4 20 4 39 4 42 9 4 19 4 47 4 8 4 35 8 4 15 4 33 4 8 4 86 45 4 35 4 22 4 25 46 4 38 4 35 30 4 25 4 37 4 92 46 4 25 4 24 4 62 37 4 19 4 27 4 44 44 4 8 4 16 4 100 16 16 15 16 72 12 4 77 34 16 12 16 55 23 4 32 4 80 43 4 49 4 12 4 29 43 4 31 4 20 4 23 4 32 7 4 15 4 39 33 4 9 4 25 4 14 4 66 51 4 22 4 5 4 69 43 4 44 4 8 4 70 30 4 19 4 43 4 92 37 4 52 4 28 4 52 41 4 45 4 17 4 22 4 58 42 4 47 4 34 4 6 4 16 29 4 25 4 14 4 13 17 4 14 4 25 4 71 46 4 41 4 23 4 
iteration 1400 best: 0.917568 time: 385240
21 43 4 33 4 48 4 10 29 4 6 4 59 24 4 15 4 10 4 22 37 4 36 4 8 4 14 25 4 24 4 10 4 48 32 4 15 4 36 4 27 4 13 38 4 6 4 21 4 33 10 4 43 4 72 18 4 13 4 19 12 4 27 4 37 4 14 4 88 31 4 24 4 34 16 4 37 4 38 42 4 12 4 27 4 26 4 23 4 58 18 4 49 4 22 4 24 4 92 10 4 42 4 27 46 4 19 4 44 4 26 4 73 31 4 22 4 5 4 14 42 4 25 4 5 17 4 21 4 94 18 20 53 40 4 8 4 43 4 17 35 20 52 25 4 22 4 38 4 57 21 4 8 4 23 4 16 4 12 32 4 26 4 97 14 4 25 4 15 4 5 5 4 6 4 90 46 4 18 4 22 4 63 20 4 42 4 45 4 47 45 4 36 4 15 8 4 21 4 86 33 4 58 23 4 18 4 49 4 15 40 4 25 4 59 13 4 31 4 32 38 4 11 4 25 25 4 44 4 36 21 4 47 4 25 45 4 35 4 63 37 4 7 4 18 34 4 10 4 19 18 4 40 4 19 4 81 9 4 15 4 74 26 4 15 4 12 4 103 17 4 20 4 39 4 42 9 4 19 4 47 4 8 4 35 8 4 15 4 33 4 8 4 86 45 4 35 4 22 4 25 46 4 38 4 35 30 4 25 4 37 4 92 46 4 25 4 24 4 62 37 4 19 4 27 4 44 44 4 8 4 16 4 100 16 16 15 16 72 12 4 77 34 16 12 16 55 23 4 32 4 80 43 4 49 4 12 4 29 43 4 31 4 20 4 23 4 32 7 4 15 4 39 33 4 9 4 25 4 14 4 66 51 4 22 4 5 4 69 43 4 44 4 8 4 70 30 4 19 4 43 4 92 37 4 52 4 28 4 52 41 4 45 4 17 4 22 4 58 42 4 47 4 34 4 6 4 16 29 4 25 4 14 4 13 17 4 14 4 25 4 71 46 4 41 4 23 4 
iteration 1427 best: 0.917568 time: 392649
21 43 4 33 4 48 4 10 29 4 6 4 59 24 4 15 4 10 4 22 37 4 36 4 8 4 14 25 4 24 4 10 4 48 32 4 15 4 36 4 27 4 13 38 4 6 4 21 4 33 10 4 43 4 72 18 4 13 4 19 12 4 27 4 37 4 14 4 88 31 4 24 4 34 16 4 37 4 38 42 4 12 4 27 4 26 4 23 4 58 18 4 49 4 22 4 24 4 92 10 4 42 4 27 46 4 19 4 44 4 26 4 73 31 4 22 4 5 4 14 42 4 25 4 5 17 4 21 4 94 18 20 53 40 4 8 4 43 4 17 35 20 52 25 4 22 4 38 4 57 21 4 8 4 23 4 16 4 12 32 4 26 4 97 14 4 25 4 15 4 5 5 4 6 4 90 46 4 18 4 22 4 63 20 4 42 4 45 4 47 45 4 36 4 15 8 4 21 4 86 33 4 58 23 4 18 4 49 4 15 40 4 25 4 59 13 4 31 4 32 38 4 11 4 25 25 4 44 4 36 21 4 47 4 25 45 4 35 4 63 37 4 7 4 18 34 4 10 4 19 18 4 40 4 19 4 81 9 4 15 4 74 26 4 15 4 12 4 103 17 4 20 4 39 4 42 9 4 19 4 47 4 8 4 35 8 4 15 4 33 4 8 4 86 45 4 35 4 22 4 25 46 4 38 4 35 30 4 25 4 37 4 92 46 4 25 4 24 4 62 37 4 19 4 27 4 44 44 4 8 4 16 4 100 16 16 15 16 72 12 4 77 34 16 12 16 55 23 4 32 4 80 43 4 49 4 12 4 29 43 4 31 4 20 4 23 4 32 7 4 15 4 39 33 4 9 4 25 4 14 4 66 51 4 22 4 5 4 69 43 4 44 4 8 4 70 30 4 19 4 43 4 92 37 4 52 4 28 4 52 41 4 45 4 17 4 22 4 58 42 4 47 4 34 4 6 4 16 29 4 25 4 14 4 13 17 4 14 4 25 4 71 46 4 41 4 23 4 
iteration 1454 best: 0.917568 time: 400036
21 43 4 33 4 48 4 10 29 4 6 4 59 24 4 15 4 10 4 22 37 4 36 4 8 4 14 25 4 24 4 10 4 48 32 4 15 4 36 4 27 4 13 38 4 6 4 21 4 33 10 4 43 4 72 18 4 13 4 19 12 4 27 4 37 4 14 4 88 31 4 24 4 34 16 4 37 4 38 42 4 12 4 27 4 26 4 23 4 58 18 4 49 4 22 4 24 4 92 10 4 42 4 27 46 4 19 4 44 4 26 4 73 31 4 22 4 5 4 14 42 4 25 4 5 17 4 21 4 94 18 20 53 40 4 8 4 43 4 17 35 20 52 25 4 22 4 38 4 57 21 4 8 4 23 4 16 4 12 32 4 26 4 97 14 4 25 4 15 4 5 5 4 6 4 90 46 4 18 4 22 4 63 20 4 42 4 45 4 47 45 4 36 4 15 8 4 21 4 86 33 4 58 23 4 18 4 49 4 15 40 4 25 4 59 13 4 31 4 32 38 4 11 4 25 25 4 44 4 36 21 4 47 4 25 45 4 35 4 63 37 4 7 4 18 34 4 10 4 19 18 4 40 4 19 4 81 9 4 15 4 74 26 4 15 4 12 4 103 17 4 20 4 39 4 42 9 4 19 4 47 4 8 4 35 8 4 15 4 33 4 8 4 86 45 4 35 4 22 4 25 46 4 38 4 35 30 4 25 4 37 4 92 46 4 25 4 24 4 62 37 4 19 4 27 4 44 44 4 8 4 16 4 100 16 16 15 16 72 12 4 77 34 16 12 16 55 23 4 32 4 80 43 4 49 4 12 4 29 43 4 31 4 20 4 23 4 32 7 4 15 4 39 33 4 9 4 25 4 14 4 66 51 4 22 4 5 4 69 43 4 44 4 8 4 70 30 4 19 4 43 4 92 37 4 52 4 28 4 52 41 4 45 4 17 4 22 4 58 42 4 47 4 34 4 6 4 16 29 4 25 4 14 4 13 17 4 14 4 25 4 71 46 4 41 4 23 4 
iteration 1481 best: 0.917568 time: 407437
21 43 4 33 4 48 4 10 29 4 6 4 59 24 4 15 4 10 4 22 37 4 36 4 8 4 14 25 4 24 4 10 4 48 32 4 15 4 36 4 27 4 13 38 4 6 4 21 4 33 10 4 43 4 72 18 4 13 4 19 12 4 27 4 37 4 14 4 88 31 4 24 4 34 16 4 37 4 38 42 4 12 4 27 4 26 4 23 4 58 18 4 49 4 22 4 24 4 92 10 4 42 4 27 46 4 19 4 44 4 26 4 73 31 4 22 4 5 4 14 42 4 25 4 5 17 4 21 4 94 18 20 53 40 4 8 4 43 4 17 35 20 52 25 4 22 4 38 4 57 21 4 8 4 23 4 16 4 12 32 4 26 4 97 14 4 25 4 15 4 5 5 4 6 4 90 46 4 18 4 22 4 63 20 4 42 4 45 4 47 45 4 36 4 15 8 4 21 4 86 33 4 58 23 4 18 4 49 4 15 40 4 25 4 59 13 4 31 4 32 38 4 11 4 25 25 4 44 4 36 21 4 47 4 25 45 4 35 4 63 37 4 7 4 18 34 4 10 4 19 18 4 40 4 19 4 81 9 4 15 4 74 26 4 15 4 12 4 103 17 4 20 4 39 4 42 9 4 19 4 47 4 8 4 35 8 4 15 4 33 4 8 4 86 45 4 35 4 22 4 25 46 4 38 4 35 30 4 25 4 37 4 92 46 4 25 4 24 4 62 37 4 19 4 27 4 44 44 4 8 4 16 4 100 16 16 15 16 72 12 4 77 34 16 12 16 55 23 4 32 4 80 43 4 49 4 12 4 29 43 4 31 4 20 4 23 4 32 7 4 15 4 39 33 4 9 4 25 4 14 4 66 51 4 22 4 5 4 69 43 4 44 4 8 4 70 30 4 19 4 43 4 92 37 4 52 4 28 4 52 41 4 45 4 17 4 22 4 58 42 4 47 4 34 4 6 4 16 29 4 25 4 14 4 13 17 4 14 4 25 4 71 46 4 41 4 23 4 
iteration 1508 best: 0.917568 time: 414831
21 43 4 33 4 48 4 10 29 4 6 4 59 24 4 15 4 10 4 22 37 4 36 4 8 4 14 25 4 24 4 10 4 48 32 4 15 4 36 4 27 4 13 38 4 6 4 21 4 33 10 4 43 4 72 18 4 13 4 19 12 4 27 4 37 4 14 4 88 31 4 24 4 34 16 4 37 4 38 42 4 12 4 27 4 26 4 23 4 58 18 4 49 4 22 4 24 4 92 10 4 42 4 27 46 4 19 4 44 4 26 4 73 31 4 22 4 5 4 14 42 4 25 4 5 17 4 21 4 94 18 20 53 40 4 8 4 43 4 17 35 20 52 25 4 22 4 38 4 57 21 4 8 4 23 4 16 4 12 32 4 26 4 97 14 4 25 4 15 4 5 5 4 6 4 90 46 4 18 4 22 4 63 20 4 42 4 45 4 47 45 4 36 4 15 8 4 21 4 86 33 4 58 23 4 18 4 49 4 15 40 4 25 4 59 13 4 31 4 32 38 4 11 4 25 25 4 44 4 36 21 4 47 4 25 45 4 35 4 63 37 4 7 4 18 34 4 10 4 19 18 4 40 4 19 4 81 9 4 15 4 74 26 4 15 4 12 4 103 17 4 20 4 39 4 42 9 4 19 4 47 4 8 4 35 8 4 15 4 33 4 8 4 86 45 4 35 4 22 4 25 46 4 38 4 35 30 4 25 4 37 4 92 46 4 25 4 24 4 62 37 4 19 4 27 4 44 44 4 8 4 16 4 100 16 16 15 16 72 12 4 77 34 16 12 16 55 23 4 32 4 80 43 4 49 4 12 4 29 43 4 31 4 20 4 23 4 32 7 4 15 4 39 33 4 9 4 25 4 14 4 66 51 4 22 4 5 4 69 43 4 44 4 8 4 70 30 4 19 4 43 4 92 37 4 52 4 28 4 52 41 4 45 4 17 4 22 4 58 42 4 47 4 34 4 6 4 16 29 4 25 4 14 4 13 17 4 14 4 25 4 71 46 4 41 4 23 4 
iteration 1535 best: 0.917568 time: 422211
21 43 4 33 4 48 4 10 29 4 6 4 59 24 4 15 4 10 4 22 37 4 36 4 8 4 14 25 4 24 4 10 4 48 32 4 15 4 36 4 27 4 13 38 4 6 4 21 4 33 10 4 43 4 72 18 4 13 4 19 12 4 27 4 37 4 14 4 88 31 4 24 4 34 16 4 37 4 38 42 4 12 4 27 4 26 4 23 4 58 18 4 49 4 22 4 24 4 92 10 4 42 4 27 46 4 19 4 44 4 26 4 73 31 4 22 4 5 4 14 42 4 25 4 5 17 4 21 4 94 18 20 53 40 4 8 4 43 4 17 35 20 52 25 4 22 4 38 4 57 21 4 8 4 23 4 16 4 12 32 4 26 4 97 14 4 25 4 15 4 5 5 4 6 4 90 46 4 18 4 22 4 63 20 4 42 4 45 4 47 45 4 36 4 15 8 4 21 4 86 33 4 58 23 4 18 4 49 4 15 40 4 25 4 59 13 4 31 4 32 38 4 11 4 25 25 4 44 4 36 21 4 47 4 25 45 4 35 4 63 37 4 7 4 18 34 4 10 4 19 18 4 40 4 19 4 81 9 4 15 4 74 26 4 15 4 12 4 103 17 4 20 4 39 4 42 9 4 19 4 47 4 8 4 35 8 4 15 4 33 4 8 4 86 45 4 35 4 22 4 25 46 4 38 4 35 30 4 25 4 37 4 92 46 4 25 4 24 4 62 37 4 19 4 27 4 44 44 4 8 4 16 4 100 16 16 15 16 72 12 4 77 34 16 12 16 55 23 4 32 4 80 43 4 49 4 12 4 29 43 4 31 4 20 4 23 4 32 7 4 15 4 39 33 4 9 4 25 4 14 4 66 51 4 22 4 5 4 69 43 4 44 4 8 4 70 30 4 19 4 43 4 92 37 4 52 4 28 4 52 41 4 45 4 17 4 22 4 58 42 4 47 4 34 4 6 4 16 29 4 25 4 14 4 13 17 4 14 4 25 4 71 46 4 41 4 23 4 
iteration 1562 best: 0.917568 time: 429597
21 43 4 33 4 48 4 10 29 4 6 4 59 24 4 15 4 10 4 22 37 4 36 4 8 4 14 25 4 24 4 10 4 48 32 4 15 4 36 4 27 4 13 38 4 6 4 21 4 33 10 4 43 4 72 18 4 13 4 19 12 4 27 4 37 4 14 4 88 31 4 24 4 34 16 4 37 4 38 42 4 12 4 27 4 26 4 23 4 58 18 4 49 4 22 4 24 4 92 10 4 42 4 27 46 4 19 4 44 4 26 4 73 31 4 22 4 5 4 14 42 4 25 4 5 17 4 21 4 94 18 20 53 40 4 8 4 43 4 17 35 20 52 25 4 22 4 38 4 57 21 4 8 4 23 4 16 4 12 32 4 26 4 97 14 4 25 4 15 4 5 5 4 6 4 90 46 4 18 4 22 4 63 20 4 42 4 45 4 47 45 4 36 4 15 8 4 21 4 86 33 4 58 23 4 18 4 49 4 15 40 4 25 4 59 13 4 31 4 32 38 4 11 4 25 25 4 44 4 36 21 4 47 4 25 45 4 35 4 63 37 4 7 4 18 34 4 10 4 19 18 4 40 4 19 4 81 9 4 15 4 74 26 4 15 4 12 4 103 17 4 20 4 39 4 42 9 4 19 4 47 4 8 4 35 8 4 15 4 33 4 8 4 86 45 4 35 4 22 4 25 46 4 38 4 35 30 4 25 4 37 4 92 46 4 25 4 24 4 62 37 4 19 4 27 4 44 44 4 8 4 16 4 100 16 16 15 16 72 12 4 77 34 16 12 16 55 23 4 32 4 80 43 4 49 4 12 4 29 43 4 31 4 20 4 23 4 32 7 4 15 4 39 33 4 9 4 25 4 14 4 66 51 4 22 4 5 4 69 43 4 44 4 8 4 70 30 4 19 4 43 4 92 37 4 52 4 28 4 52 41 4 45 4 17 4 22 4 58 42 4 47 4 34 4 6 4 16 29 4 25 4 14 4 13 17 4 14 4 25 4 71 46 4 41 4 23 4 
iteration 1589 best: 0.917568 time: 436999
21 43 4 33 4 48 4 10 29 4 6 4 59 24 4 15 4 10 4 22 37 4 36 4 8 4 14 25 4 24 4 10 4 48 32 4 15 4 36 4 27 4 13 38 4 6 4 21 4 33 10 4 43 4 72 18 4 13 4 19 12 4 27 4 37 4 14 4 88 31 4 24 4 34 16 4 37 4 38 42 4 12 4 27 4 26 4 23 4 58 18 4 49 4 22 4 24 4 92 10 4 42 4 27 46 4 19 4 44 4 26 4 73 31 4 22 4 5 4 14 42 4 25 4 5 17 4 21 4 94 18 20 53 40 4 8 4 43 4 17 35 20 52 25 4 22 4 38 4 57 21 4 8 4 23 4 16 4 12 32 4 26 4 97 14 4 25 4 15 4 5 5 4 6 4 90 46 4 18 4 22 4 63 20 4 42 4 45 4 47 45 4 36 4 15 8 4 21 4 86 33 4 58 23 4 18 4 49 4 15 40 4 25 4 59 13 4 31 4 32 38 4 11 4 25 25 4 44 4 36 21 4 47 4 25 45 4 35 4 63 37 4 7 4 18 34 4 10 4 19 18 4 40 4 19 4 81 9 4 15 4 74 26 4 15 4 12 4 103 17 4 20 4 39 4 42 9 4 19 4 47 4 8 4 35 8 4 15 4 33 4 8 4 86 45 4 35 4 22 4 25 46 4 38 4 35 30 4 25 4 37 4 92 46 4 25 4 24 4 62 37 4 19 4 27 4 44 44 4 8 4 16 4 100 16 16 15 16 72 12 4 77 34 16 12 16 55 23 4 32 4 80 43 4 49 4 12 4 29 43 4 31 4 20 4 23 4 32 7 4 15 4 39 33 4 9 4 25 4 14 4 66 51 4 22 4 5 4 69 43 4 44 4 8 4 70 30 4 19 4 43 4 92 37 4 52 4 28 4 52 41 4 45 4 17 4 22 4 58 42 4 47 4 34 4 6 4 16 29 4 25 4 14 4 13 17 4 14 4 25 4 71 46 4 41 4 23 4 
iteration 1616 best: 0.917568 time: 444389
21 43 4 33 4 48 4 10 29 4 6 4 59 24 4 15 4 10 4 22 37 4 36 4 8 4 14 25 4 24 4 10 4 48 32 4 15 4 36 4 27 4 13 38 4 6 4 21 4 33 10 4 43 4 72 18 4 13 4 19 12 4 27 4 37 4 14 4 88 31 4 24 4 34 16 4 37 4 38 42 4 12 4 27 4 26 4 23 4 58 18 4 49 4 22 4 24 4 92 10 4 42 4 27 46 4 19 4 44 4 26 4 73 31 4 22 4 5 4 14 42 4 25 4 5 17 4 21 4 94 18 20 53 40 4 8 4 43 4 17 35 20 52 25 4 22 4 38 4 57 21 4 8 4 23 4 16 4 12 32 4 26 4 97 14 4 25 4 15 4 5 5 4 6 4 90 46 4 18 4 22 4 63 20 4 42 4 45 4 47 45 4 36 4 15 8 4 21 4 86 33 4 58 23 4 18 4 49 4 15 40 4 25 4 59 13 4 31 4 32 38 4 11 4 25 25 4 44 4 36 21 4 47 4 25 45 4 35 4 63 37 4 7 4 18 34 4 10 4 19 18 4 40 4 19 4 81 9 4 15 4 74 26 4 15 4 12 4 103 17 4 20 4 39 4 42 9 4 19 4 47 4 8 4 35 8 4 15 4 33 4 8 4 86 45 4 35 4 22 4 25 46 4 38 4 35 30 4 25 4 37 4 92 46 4 25 4 24 4 62 37 4 19 4 27 4 44 44 4 8 4 16 4 100 16 16 15 16 72 12 4 77 34 16 12 16 55 23 4 32 4 80 43 4 49 4 12 4 29 43 4 31 4 20 4 23 4 32 7 4 15 4 39 33 4 9 4 25 4 14 4 66 51 4 22 4 5 4 69 43 4 44 4 8 4 70 30 4 19 4 43 4 92 37 4 52 4 28 4 52 41 4 45 4 17 4 22 4 58 42 4 47 4 34 4 6 4 16 29 4 25 4 14 4 13 17 4 14 4 25 4 71 46 4 41 4 23 4 
iteration 1643 best: 0.917568 time: 451778
21 43 4 33 4 48 4 10 29 4 6 4 59 24 4 15 4 10 4 22 37 4 36 4 8 4 14 25 4 24 4 10 4 48 32 4 15 4 36 4 27 4 13 38 4 6 4 21 4 33 10 4 43 4 72 18 4 13 4 19 12 4 27 4 37 4 14 4 88 31 4 24 4 34 16 4 37 4 38 42 4 12 4 27 4 26 4 23 4 58 18 4 49 4 22 4 24 4 92 10 4 42 4 27 46 4 19 4 44 4 26 4 73 31 4 22 4 5 4 14 42 4 25 4 5 17 4 21 4 94 18 20 53 40 4 8 4 43 4 17 35 20 52 25 4 22 4 38 4 57 21 4 8 4 23 4 16 4 12 32 4 26 4 97 14 4 25 4 15 4 5 5 4 6 4 90 46 4 18 4 22 4 63 20 4 42 4 45 4 47 45 4 36 4 15 8 4 21 4 86 33 4 58 23 4 18 4 49 4 15 40 4 25 4 59 13 4 31 4 32 38 4 11 4 25 25 4 44 4 36 21 4 47 4 25 45 4 35 4 63 37 4 7 4 18 34 4 10 4 19 18 4 40 4 19 4 81 9 4 15 4 74 26 4 15 4 12 4 103 17 4 20 4 39 4 42 9 4 19 4 47 4 8 4 35 8 4 15 4 33 4 8 4 86 45 4 35 4 22 4 25 46 4 38 4 35 30 4 25 4 37 4 92 46 4 25 4 24 4 62 37 4 19 4 27 4 44 44 4 8 4 16 4 100 16 16 15 16 72 12 4 77 34 16 12 16 55 23 4 32 4 80 43 4 49 4 12 4 29 43 4 31 4 20 4 23 4 32 7 4 15 4 39 33 4 9 4 25 4 14 4 66 51 4 22 4 5 4 69 43 4 44 4 8 4 70 30 4 19 4 43 4 92 37 4 52 4 28 4 52 41 4 45 4 17 4 22 4 58 42 4 47 4 34 4 6 4 16 29 4 25 4 14 4 13 17 4 14 4 25 4 71 46 4 41 4 23 4 
iteration 1670 best: 0.917568 time: 459177
21 43 4 33 4 48 4 10 29 4 6 4 59 24 4 15 4 10 4 22 37 4 36 4 8 4 14 25 4 24 4 10 4 48 32 4 15 4 36 4 27 4 13 38 4 6 4 21 4 33 10 4 43 4 72 18 4 13 4 19 12 4 27 4 37 4 14 4 88 31 4 24 4 34 16 4 37 4 38 42 4 12 4 27 4 26 4 23 4 58 18 4 49 4 22 4 24 4 92 10 4 42 4 27 46 4 19 4 44 4 26 4 73 31 4 22 4 5 4 14 42 4 25 4 5 17 4 21 4 94 18 20 53 40 4 8 4 43 4 17 35 20 52 25 4 22 4 38 4 57 21 4 8 4 23 4 16 4 12 32 4 26 4 97 14 4 25 4 15 4 5 5 4 6 4 90 46 4 18 4 22 4 63 20 4 42 4 45 4 47 45 4 36 4 15 8 4 21 4 86 33 4 58 23 4 18 4 49 4 15 40 4 25 4 59 13 4 31 4 32 38 4 11 4 25 25 4 44 4 36 21 4 47 4 25 45 4 35 4 63 37 4 7 4 18 34 4 10 4 19 18 4 40 4 19 4 81 9 4 15 4 74 26 4 15 4 12 4 103 17 4 20 4 39 4 42 9 4 19 4 47 4 8 4 35 8 4 15 4 33 4 8 4 86 45 4 35 4 22 4 25 46 4 38 4 35 30 4 25 4 37 4 92 46 4 25 4 24 4 62 37 4 19 4 27 4 44 44 4 8 4 16 4 100 16 16 15 16 72 12 4 77 34 16 12 16 55 23 4 32 4 80 43 4 49 4 12 4 29 43 4 31 4 20 4 23 4 32 7 4 15 4 39 33 4 9 4 25 4 14 4 66 51 4 22 4 5 4 69 43 4 44 4 8 4 70 30 4 19 4 43 4 92 37 4 52 4 28 4 52 41 4 45 4 17 4 22 4 58 42 4 47 4 34 4 6 4 16 29 4 25 4 14 4 13 17 4 14 4 25 4 71 46 4 41 4 23 4 
iteration 1697 best: 0.917568 time: 466583
21 43 4 33 4 48 4 10 29 4 6 4 59 24 4 15 4 10 4 22 37 4 36 4 8 4 14 25 4 24 4 10 4 48 32 4 15 4 36 4 27 4 13 38 4 6 4 21 4 33 10 4 43 4 72 18 4 13 4 19 12 4 27 4 37 4 14 4 88 31 4 24 4 34 16 4 37 4 38 42 4 12 4 27 4 26 4 23 4 58 18 4 49 4 22 4 24 4 92 10 4 42 4 27 46 4 19 4 44 4 26 4 73 31 4 22 4 5 4 14 42 4 25 4 5 17 4 21 4 94 18 20 53 40 4 8 4 43 4 17 35 20 52 25 4 22 4 38 4 57 21 4 8 4 23 4 16 4 12 32 4 26 4 97 14 4 25 4 15 4 5 5 4 6 4 90 46 4 18 4 22 4 63 20 4 42 4 45 4 47 45 4 36 4 15 8 4 21 4 86 33 4 58 23 4 18 4 49 4 15 40 4 25 4 59 13 4 31 4 32 38 4 11 4 25 25 4 44 4 36 21 4 47 4 25 45 4 35 4 63 37 4 7 4 18 34 4 10 4 19 18 4 40 4 19 4 81 9 4 15 4 74 26 4 15 4 12 4 103 17 4 20 4 39 4 42 9 4 19 4 47 4 8 4 35 8 4 15 4 33 4 8 4 86 45 4 35 4 22 4 25 46 4 38 4 35 30 4 25 4 37 4 92 46 4 25 4 24 4 62 37 4 19 4 27 4 44 44 4 8 4 16 4 100 16 16 15 16 72 12 4 77 34 16 12 16 55 23 4 32 4 80 43 4 49 4 12 4 29 43 4 31 4 20 4 23 4 32 7 4 15 4 39 33 4 9 4 25 4 14 4 66 51 4 22 4 5 4 69 43 4 44 4 8 4 70 30 4 19 4 43 4 92 37 4 52 4 28 4 52 41 4 45 4 17 4 22 4 58 42 4 47 4 34 4 6 4 16 29 4 25 4 14 4 13 17 4 14 4 25 4 71 46 4 41 4 23 4 
iteration 1724 best: 0.917568 time: 473968
21 43 4 33 4 48 4 10 29 4 6 4 59 24 4 15 4 10 4 22 37 4 36 4 8 4 14 25 4 24 4 10 4 48 32 4 15 4 36 4 27 4 13 38 4 6 4 21 4 33 10 4 43 4 72 18 4 13 4 19 12 4 27 4 37 4 14 4 88 31 4 24 4 34 16 4 37 4 38 42 4 12 4 27 4 26 4 23 4 58 18 4 49 4 22 4 24 4 92 10 4 42 4 27 46 4 19 4 44 4 26 4 73 31 4 22 4 5 4 14 42 4 25 4 5 17 4 21 4 94 18 20 53 40 4 8 4 43 4 17 35 20 52 25 4 22 4 38 4 57 21 4 8 4 23 4 16 4 12 32 4 26 4 97 14 4 25 4 15 4 5 5 4 6 4 90 46 4 18 4 22 4 63 20 4 42 4 45 4 47 45 4 36 4 15 8 4 21 4 86 33 4 58 23 4 18 4 49 4 15 40 4 25 4 59 13 4 31 4 32 38 4 11 4 25 25 4 44 4 36 21 4 47 4 25 45 4 35 4 63 37 4 7 4 18 34 4 10 4 19 18 4 40 4 19 4 81 9 4 15 4 74 26 4 15 4 12 4 103 17 4 20 4 39 4 42 9 4 19 4 47 4 8 4 35 8 4 15 4 33 4 8 4 86 45 4 35 4 22 4 25 46 4 38 4 35 30 4 25 4 37 4 92 46 4 25 4 24 4 62 37 4 19 4 27 4 44 44 4 8 4 16 4 100 16 16 15 16 72 12 4 77 34 16 12 16 55 23 4 32 4 80 43 4 49 4 12 4 29 43 4 31 4 20 4 23 4 32 7 4 15 4 39 33 4 9 4 25 4 14 4 66 51 4 22 4 5 4 69 43 4 44 4 8 4 70 30 4 19 4 43 4 92 37 4 52 4 28 4 52 41 4 45 4 17 4 22 4 58 42 4 47 4 34 4 6 4 16 29 4 25 4 14 4 13 17 4 14 4 25 4 71 46 4 41 4 23 4 
iteration 1751 best: 0.917568 time: 481353
21 43 4 33 4 48 4 10 29 4 6 4 59 24 4 15 4 10 4 22 37 4 36 4 8 4 14 25 4 24 4 10 4 48 32 4 15 4 36 4 27 4 13 38 4 6 4 21 4 33 10 4 43 4 72 18 4 13 4 19 12 4 27 4 37 4 14 4 88 31 4 24 4 34 16 4 37 4 38 42 4 12 4 27 4 26 4 23 4 58 18 4 49 4 22 4 24 4 92 10 4 42 4 27 46 4 19 4 44 4 26 4 73 31 4 22 4 5 4 14 42 4 25 4 5 17 4 21 4 94 18 20 53 40 4 8 4 43 4 17 35 20 52 25 4 22 4 38 4 57 21 4 8 4 23 4 16 4 12 32 4 26 4 97 14 4 25 4 15 4 5 5 4 6 4 90 46 4 18 4 22 4 63 20 4 42 4 45 4 47 45 4 36 4 15 8 4 21 4 86 33 4 58 23 4 18 4 49 4 15 40 4 25 4 59 13 4 31 4 32 38 4 11 4 25 25 4 44 4 36 21 4 47 4 25 45 4 35 4 63 37 4 7 4 18 34 4 10 4 19 18 4 40 4 19 4 81 9 4 15 4 74 26 4 15 4 12 4 103 17 4 20 4 39 4 42 9 4 19 4 47 4 8 4 35 8 4 15 4 33 4 8 4 86 45 4 35 4 22 4 25 46 4 38 4 35 30 4 25 4 37 4 92 46 4 25 4 24 4 62 37 4 19 4 27 4 44 44 4 8 4 16 4 100 16 16 15 16 72 12 4 77 34 16 12 16 55 23 4 32 4 80 43 4 49 4 12 4 29 43 4 31 4 20 4 23 4 32 7 4 15 4 39 33 4 9 4 25 4 14 4 66 51 4 22 4 5 4 69 43 4 44 4 8 4 70 30 4 19 4 43 4 92 37 4 52 4 28 4 52 41 4 45 4 17 4 22 4 58 42 4 47 4 34 4 6 4 16 29 4 25 4 14 4 13 17 4 14 4 25 4 71 46 4 41 4 23 4 
iteration 1778 best: 0.917568 time: 488728
21 43 4 33 4 48 4 10 29 4 6 4 59 24 4 15 4 10 4 22 37 4 36 4 8 4 14 25 4 24 4 10 4 48 32 4 15 4 36 4 27 4 13 38 4 6 4 21 4 33 10 4 43 4 72 18 4 13 4 19 12 4 27 4 37 4 14 4 88 31 4 24 4 34 16 4 37 4 38 42 4 12 4 27 4 26 4 23 4 58 18 4 49 4 22 4 24 4 92 10 4 42 4 27 46 4 19 4 44 4 26 4 73 31 4 22 4 5 4 14 42 4 25 4 5 17 4 21 4 94 18 20 53 40 4 8 4 43 4 17 35 20 52 25 4 22 4 38 4 57 21 4 8 4 23 4 16 4 12 32 4 26 4 97 14 4 25 4 15 4 5 5 4 6 4 90 46 4 18 4 22 4 63 20 4 42 4 45 4 47 45 4 36 4 15 8 4 21 4 86 33 4 58 23 4 18 4 49 4 15 40 4 25 4 59 13 4 31 4 32 38 4 11 4 25 25 4 44 4 36 21 4 47 4 25 45 4 35 4 63 37 4 7 4 18 34 4 10 4 19 18 4 40 4 19 4 81 9 4 15 4 74 26 4 15 4 12 4 103 17 4 20 4 39 4 42 9 4 19 4 47 4 8 4 35 8 4 15 4 33 4 8 4 86 45 4 35 4 22 4 25 46 4 38 4 35 30 4 25 4 37 4 92 46 4 25 4 24 4 62 37 4 19 4 27 4 44 44 4 8 4 16 4 100 16 16 15 16 72 12 4 77 34 16 12 16 55 23 4 32 4 80 43 4 49 4 12 4 29 43 4 31 4 20 4 23 4 32 7 4 15 4 39 33 4 9 4 25 4 14 4 66 51 4 22 4 5 4 69 43 4 44 4 8 4 70 30 4 19 4 43 4 92 37 4 52 4 28 4 52 41 4 45 4 17 4 22 4 58 42 4 47 4 34 4 6 4 16 29 4 25 4 14 4 13 17 4 14 4 25 4 71 46 4 41 4 23 4 
iteration 1805 best: 0.917568 time: 496106
21 43 4 33 4 48 4 10 29 4 6 4 59 24 4 15 4 10 4 22 37 4 36 4 8 4 14 25 4 24 4 10 4 48 32 4 15 4 36 4 27 4 13 38 4 6 4 21 4 33 10 4 43 4 72 18 4 13 4 19 12 4 27 4 37 4 14 4 88 31 4 24 4 34 16 4 37 4 38 42 4 12 4 27 4 26 4 23 4 58 18 4 49 4 22 4 24 4 92 10 4 42 4 27 46 4 19 4 44 4 26 4 73 31 4 22 4 5 4 14 42 4 25 4 5 17 4 21 4 94 18 20 53 40 4 8 4 43 4 17 35 20 52 25 4 22 4 38 4 57 21 4 8 4 23 4 16 4 12 32 4 26 4 97 14 4 25 4 15 4 5 5 4 6 4 90 46 4 18 4 22 4 63 20 4 42 4 45 4 47 45 4 36 4 15 8 4 21 4 86 33 4 58 23 4 18 4 49 4 15 40 4 25 4 59 13 4 31 4 32 38 4 11 4 25 25 4 44 4 36 21 4 47 4 25 45 4 35 4 63 37 4 7 4 18 34 4 10 4 19 18 4 40 4 19 4 81 9 4 15 4 74 26 4 15 4 12 4 103 17 4 20 4 39 4 42 9 4 19 4 47 4 8 4 35 8 4 15 4 33 4 8 4 86 45 4 35 4 22 4 25 46 4 38 4 35 30 4 25 4 37 4 92 46 4 25 4 24 4 62 37 4 19 4 27 4 44 44 4 8 4 16 4 100 16 16 15 16 72 12 4 77 34 16 12 16 55 23 4 32 4 80 43 4 49 4 12 4 29 43 4 31 4 20 4 23 4 32 7 4 15 4 39 33 4 9 4 25 4 14 4 66 51 4 22 4 5 4 69 43 4 44 4 8 4 70 30 4 19 4 43 4 92 37 4 52 4 28 4 52 41 4 45 4 17 4 22 4 58 42 4 47 4 34 4 6 4 16 29 4 25 4 14 4 13 17 4 14 4 25 4 71 46 4 41 4 23 4 
iteration 1832 best: 0.917568 time: 503500
21 43 4 33 4 48 4 10 29 4 6 4 59 24 4 15 4 10 4 22 37 4 36 4 8 4 14 25 4 24 4 10 4 48 32 4 15 4 36 4 27 4 13 38 4 6 4 21 4 33 10 4 43 4 72 18 4 13 4 19 12 4 27 4 37 4 14 4 88 31 4 24 4 34 16 4 37 4 38 42 4 12 4 27 4 26 4 23 4 58 18 4 49 4 22 4 24 4 92 10 4 42 4 27 46 4 19 4 44 4 26 4 73 31 4 22 4 5 4 14 42 4 25 4 5 17 4 21 4 94 18 20 53 40 4 8 4 43 4 17 35 20 52 25 4 22 4 38 4 57 21 4 8 4 23 4 16 4 12 32 4 26 4 97 14 4 25 4 15 4 5 5 4 6 4 90 46 4 18 4 22 4 63 20 4 42 4 45 4 47 45 4 36 4 15 8 4 21 4 86 33 4 58 23 4 18 4 49 4 15 40 4 25 4 59 13 4 31 4 32 38 4 11 4 25 25 4 44 4 36 21 4 47 4 25 45 4 35 4 63 37 4 7 4 18 34 4 10 4 19 18 4 40 4 19 4 81 9 4 15 4 74 26 4 15 4 12 4 103 17 4 20 4 39 4 42 9 4 19 4 47 4 8 4 35 8 4 15 4 33 4 8 4 86 45 4 35 4 22 4 25 46 4 38 4 35 30 4 25 4 37 4 92 46 4 25 4 24 4 62 37 4 19 4 27 4 44 44 4 8 4 16 4 100 16 16 15 16 72 12 4 77 34 16 12 16 55 23 4 32 4 80 43 4 49 4 12 4 29 43 4 31 4 20 4 23 4 32 7 4 15 4 39 33 4 9 4 25 4 14 4 66 51 4 22 4 5 4 69 43 4 44 4 8 4 70 30 4 19 4 43 4 92 37 4 52 4 28 4 52 41 4 45 4 17 4 22 4 58 42 4 47 4 34 4 6 4 16 29 4 25 4 14 4 13 17 4 14 4 25 4 71 46 4 41 4 23 4 
iteration 1859 best: 0.917568 time: 510918
21 43 4 33 4 48 4 10 29 4 6 4 59 24 4 15 4 10 4 22 37 4 36 4 8 4 14 25 4 24 4 10 4 48 32 4 15 4 36 4 27 4 13 38 4 6 4 21 4 33 10 4 43 4 72 18 4 13 4 19 12 4 27 4 37 4 14 4 88 31 4 24 4 34 16 4 37 4 38 42 4 12 4 27 4 26 4 23 4 58 18 4 49 4 22 4 24 4 92 10 4 42 4 27 46 4 19 4 44 4 26 4 73 31 4 22 4 5 4 14 42 4 25 4 5 17 4 21 4 94 18 20 53 40 4 8 4 43 4 17 35 20 52 25 4 22 4 38 4 57 21 4 8 4 23 4 16 4 12 32 4 26 4 97 14 4 25 4 15 4 5 5 4 6 4 90 46 4 18 4 22 4 63 20 4 42 4 45 4 47 45 4 36 4 15 8 4 21 4 86 33 4 58 23 4 18 4 49 4 15 40 4 25 4 59 13 4 31 4 32 38 4 11 4 25 25 4 44 4 36 21 4 47 4 25 45 4 35 4 63 37 4 7 4 18 34 4 10 4 19 18 4 40 4 19 4 81 9 4 15 4 74 26 4 15 4 12 4 103 17 4 20 4 39 4 42 9 4 19 4 47 4 8 4 35 8 4 15 4 33 4 8 4 86 45 4 35 4 22 4 25 46 4 38 4 35 30 4 25 4 37 4 92 46 4 25 4 24 4 62 37 4 19 4 27 4 44 44 4 8 4 16 4 100 16 16 15 16 72 12 4 77 34 16 12 16 55 23 4 32 4 80 43 4 49 4 12 4 29 43 4 31 4 20 4 23 4 32 7 4 15 4 39 33 4 9 4 25 4 14 4 66 51 4 22 4 5 4 69 43 4 44 4 8 4 70 30 4 19 4 43 4 92 37 4 52 4 28 4 52 41 4 45 4 17 4 22 4 58 42 4 47 4 34 4 6 4 16 29 4 25 4 14 4 13 17 4 14 4 25 4 71 46 4 41 4 23 4 
iteration 1886 best: 0.917568 time: 518337
21 43 4 33 4 48 4 10 29 4 6 4 59 24 4 15 4 10 4 22 37 4 36 4 8 4 14 25 4 24 4 10 4 48 32 4 15 4 36 4 27 4 13 38 4 6 4 21 4 33 10 4 43 4 72 18 4 13 4 19 12 4 27 4 37 4 14 4 88 31 4 24 4 34 16 4 37 4 38 42 4 12 4 27 4 26 4 23 4 58 18 4 49 4 22 4 24 4 92 10 4 42 4 27 46 4 19 4 44 4 26 4 73 31 4 22 4 5 4 14 42 4 25 4 5 17 4 21 4 94 18 20 53 40 4 8 4 43 4 17 35 20 52 25 4 22 4 38 4 57 21 4 8 4 23 4 16 4 12 32 4 26 4 97 14 4 25 4 15 4 5 5 4 6 4 90 46 4 18 4 22 4 63 20 4 42 4 45 4 47 45 4 36 4 15 8 4 21 4 86 33 4 58 23 4 18 4 49 4 15 40 4 25 4 59 13 4 31 4 32 38 4 11 4 25 25 4 44 4 36 21 4 47 4 25 45 4 35 4 63 37 4 7 4 18 34 4 10 4 19 18 4 40 4 19 4 81 9 4 15 4 74 26 4 15 4 12 4 103 17 4 20 4 39 4 42 9 4 19 4 47 4 8 4 35 8 4 15 4 33 4 8 4 86 45 4 35 4 22 4 25 46 4 38 4 35 30 4 25 4 37 4 92 46 4 25 4 24 4 62 37 4 19 4 27 4 44 44 4 8 4 16 4 100 16 16 15 16 72 12 4 77 34 16 12 16 55 23 4 32 4 80 43 4 49 4 12 4 29 43 4 31 4 20 4 23 4 32 7 4 15 4 39 33 4 9 4 25 4 14 4 66 51 4 22 4 5 4 69 43 4 44 4 8 4 70 30 4 19 4 43 4 92 37 4 52 4 28 4 52 41 4 45 4 17 4 22 4 58 42 4 47 4 34 4 6 4 16 29 4 25 4 14 4 13 17 4 14 4 25 4 71 46 4 41 4 23 4 
iteration 1913 best: 0.917568 time: 525739
21 43 4 33 4 48 4 10 29 4 6 4 59 24 4 15 4 10 4 22 37 4 36 4 8 4 14 25 4 24 4 10 4 48 32 4 15 4 36 4 27 4 13 38 4 6 4 21 4 33 10 4 43 4 72 18 4 13 4 19 12 4 27 4 37 4 14 4 88 31 4 24 4 34 16 4 37 4 38 42 4 12 4 27 4 26 4 23 4 58 18 4 49 4 22 4 24 4 92 10 4 42 4 27 46 4 19 4 44 4 26 4 73 31 4 22 4 5 4 14 42 4 25 4 5 17 4 21 4 94 18 20 53 40 4 8 4 43 4 17 35 20 52 25 4 22 4 38 4 57 21 4 8 4 23 4 16 4 12 32 4 26 4 97 14 4 25 4 15 4 5 5 4 6 4 90 46 4 18 4 22 4 63 20 4 42 4 45 4 47 45 4 36 4 15 8 4 21 4 86 33 4 58 23 4 18 4 49 4 15 40 4 25 4 59 13 4 31 4 32 38 4 11 4 25 25 4 44 4 36 21 4 47 4 25 45 4 35 4 63 37 4 7 4 18 34 4 10 4 19 18 4 40 4 19 4 81 9 4 15 4 74 26 4 15 4 12 4 103 17 4 20 4 39 4 42 9 4 19 4 47 4 8 4 35 8 4 15 4 33 4 8 4 86 45 4 35 4 22 4 25 46 4 38 4 35 30 4 25 4 37 4 92 46 4 25 4 24 4 62 37 4 19 4 27 4 44 44 4 8 4 16 4 100 16 16 15 16 72 12 4 77 34 16 12 16 55 23 4 32 4 80 43 4 49 4 12 4 29 43 4 31 4 20 4 23 4 32 7 4 15 4 39 33 4 9 4 25 4 14 4 66 51 4 22 4 5 4 69 43 4 44 4 8 4 70 30 4 19 4 43 4 92 37 4 52 4 28 4 52 41 4 45 4 17 4 22 4 58 42 4 47 4 34 4 6 4 16 29 4 25 4 14 4 13 17 4 14 4 25 4 71 46 4 41 4 23 4 
iteration 1940 best: 0.917568 time: 533167
21 43 4 33 4 48 4 10 29 4 6 4 59 24 4 15 4 10 4 22 37 4 36 4 8 4 14 25 4 24 4 10 4 48 32 4 15 4 36 4 27 4 13 38 4 6 4 21 4 33 10 4 43 4 72 18 4 13 4 19 12 4 27 4 37 4 14 4 88 31 4 24 4 34 16 4 37 4 38 42 4 12 4 27 4 26 4 23 4 58 18 4 49 4 22 4 24 4 92 10 4 42 4 27 46 4 19 4 44 4 26 4 73 31 4 22 4 5 4 14 42 4 25 4 5 17 4 21 4 94 18 20 53 40 4 8 4 43 4 17 35 20 52 25 4 22 4 38 4 57 21 4 8 4 23 4 16 4 12 32 4 26 4 97 14 4 25 4 15 4 5 5 4 6 4 90 46 4 18 4 22 4 63 20 4 42 4 45 4 47 45 4 36 4 15 8 4 21 4 86 33 4 58 23 4 18 4 49 4 15 40 4 25 4 59 13 4 31 4 32 38 4 11 4 25 25 4 44 4 36 21 4 47 4 25 45 4 35 4 63 37 4 7 4 18 34 4 10 4 19 18 4 40 4 19 4 81 9 4 15 4 74 26 4 15 4 12 4 103 17 4 20 4 39 4 42 9 4 19 4 47 4 8 4 35 8 4 15 4 33 4 8 4 86 45 4 35 4 22 4 25 46 4 38 4 35 30 4 25 4 37 4 92 46 4 25 4 24 4 62 37 4 19 4 27 4 44 44 4 8 4 16 4 100 16 16 15 16 72 12 4 77 34 16 12 16 55 23 4 32 4 80 43 4 49 4 12 4 29 43 4 31 4 20 4 23 4 32 7 4 15 4 39 33 4 9 4 25 4 14 4 66 51 4 22 4 5 4 69 43 4 44 4 8 4 70 30 4 19 4 43 4 92 37 4 52 4 28 4 52 41 4 45 4 17 4 22 4 58 42 4 47 4 34 4 6 4 16 29 4 25 4 14 4 13 17 4 14 4 25 4 71 46 4 41 4 23 4 
iteration 1967 best: 0.917568 time: 540579
21 43 4 33 4 48 4 10 29 4 6 4 59 24 4 15 4 10 4 22 37 4 36 4 8 4 14 25 4 24 4 10 4 48 32 4 15 4 36 4 27 4 13 38 4 6 4 21 4 33 10 4 43 4 72 18 4 13 4 19 12 4 27 4 37 4 14 4 88 31 4 24 4 34 16 4 37 4 38 42 4 12 4 27 4 26 4 23 4 58 18 4 49 4 22 4 24 4 92 10 4 42 4 27 46 4 19 4 44 4 26 4 73 31 4 22 4 5 4 14 42 4 25 4 5 17 4 21 4 94 18 20 53 40 4 8 4 43 4 17 35 20 52 25 4 22 4 38 4 57 21 4 8 4 23 4 16 4 12 32 4 26 4 97 14 4 25 4 15 4 5 5 4 6 4 90 46 4 18 4 22 4 63 20 4 42 4 45 4 47 45 4 36 4 15 8 4 21 4 86 33 4 58 23 4 18 4 49 4 15 40 4 25 4 59 13 4 31 4 32 38 4 11 4 25 25 4 44 4 36 21 4 47 4 25 45 4 35 4 63 37 4 7 4 18 34 4 10 4 19 18 4 40 4 19 4 81 9 4 15 4 74 26 4 15 4 12 4 103 17 4 20 4 39 4 42 9 4 19 4 47 4 8 4 35 8 4 15 4 33 4 8 4 86 45 4 35 4 22 4 25 46 4 38 4 35 30 4 25 4 37 4 92 46 4 25 4 24 4 62 37 4 19 4 27 4 44 44 4 8 4 16 4 100 16 16 15 16 72 12 4 77 34 16 12 16 55 23 4 32 4 80 43 4 49 4 12 4 29 43 4 31 4 20 4 23 4 32 7 4 15 4 39 33 4 9 4 25 4 14 4 66 51 4 22 4 5 4 69 43 4 44 4 8 4 70 30 4 19 4 43 4 92 37 4 52 4 28 4 52 41 4 45 4 17 4 22 4 58 42 4 47 4 34 4 6 4 16 29 4 25 4 14 4 13 17 4 14 4 25 4 71 46 4 41 4 23 4 
iteration 1994 best: 0.917568 time: 548010
21 43 4 33 4 48 4 10 29 4 6 4 59 24 4 15 4 10 4 22 37 4 36 4 8 4 14 25 4 24 4 10 4 48 32 4 15 4 36 4 27 4 13 38 4 6 4 21 4 33 10 4 43 4 72 18 4 13 4 19 12 4 27 4 37 4 14 4 88 31 4 24 4 34 16 4 37 4 38 42 4 12 4 27 4 26 4 23 4 58 18 4 49 4 22 4 24 4 92 10 4 42 4 27 46 4 19 4 44 4 26 4 73 31 4 22 4 5 4 14 42 4 25 4 5 17 4 21 4 94 18 20 53 40 4 8 4 43 4 17 35 20 52 25 4 22 4 38 4 57 21 4 8 4 23 4 16 4 12 32 4 26 4 97 14 4 25 4 15 4 5 5 4 6 4 90 46 4 18 4 22 4 63 20 4 42 4 45 4 47 45 4 36 4 15 8 4 21 4 86 33 4 58 23 4 18 4 49 4 15 40 4 25 4 59 13 4 31 4 32 38 4 11 4 25 25 4 44 4 36 21 4 47 4 25 45 4 35 4 63 37 4 7 4 18 34 4 10 4 19 18 4 40 4 19 4 81 9 4 15 4 74 26 4 15 4 12 4 103 17 4 20 4 39 4 42 9 4 19 4 47 4 8 4 35 8 4 15 4 33 4 8 4 86 45 4 35 4 22 4 25 46 4 38 4 35 30 4 25 4 37 4 92 46 4 25 4 24 4 62 37 4 19 4 27 4 44 44 4 8 4 16 4 100 16 16 15 16 72 12 4 77 34 16 12 16 55 23 4 32 4 80 43 4 49 4 12 4 29 43 4 31 4 20 4 23 4 32 7 4 15 4 39 33 4 9 4 25 4 14 4 66 51 4 22 4 5 4 69 43 4 44 4 8 4 70 30 4 19 4 43 4 92 37 4 52 4 28 4 52 41 4 45 4 17 4 22 4 58 42 4 47 4 34 4 6 4 16 29 4 25 4 14 4 13 17 4 14 4 25 4 71 46 4 41 4 23 4 
iteration 2021 best: 0.917568 time: 555417
21 43 4 33 4 48 4 10 29 4 6 4 59 24 4 15 4 10 4 22 37 4 36 4 8 4 14 25 4 24 4 10 4 48 32 4 15 4 36 4 27 4 13 38 4 6 4 21 4 33 10 4 43 4 72 18 4 13 4 19 12 4 27 4 37 4 14 4 88 31 4 24 4 34 16 4 37 4 38 42 4 12 4 27 4 26 4 23 4 58 18 4 49 4 22 4 24 4 92 10 4 42 4 27 46 4 19 4 44 4 26 4 73 31 4 22 4 5 4 14 42 4 25 4 5 17 4 21 4 94 18 20 53 40 4 8 4 43 4 17 35 20 52 25 4 22 4 38 4 57 21 4 8 4 23 4 16 4 12 32 4 26 4 97 14 4 25 4 15 4 5 5 4 6 4 90 46 4 18 4 22 4 63 20 4 42 4 45 4 47 45 4 36 4 15 8 4 21 4 86 33 4 58 23 4 18 4 49 4 15 40 4 25 4 59 13 4 31 4 32 38 4 11 4 25 25 4 44 4 36 21 4 47 4 25 45 4 35 4 63 37 4 7 4 18 34 4 10 4 19 18 4 40 4 19 4 81 9 4 15 4 74 26 4 15 4 12 4 103 17 4 20 4 39 4 42 9 4 19 4 47 4 8 4 35 8 4 15 4 33 4 8 4 86 45 4 35 4 22 4 25 46 4 38 4 35 30 4 25 4 37 4 92 46 4 25 4 24 4 62 37 4 19 4 27 4 44 44 4 8 4 16 4 100 16 16 15 16 72 12 4 77 34 16 12 16 55 23 4 32 4 80 43 4 49 4 12 4 29 43 4 31 4 20 4 23 4 32 7 4 15 4 39 33 4 9 4 25 4 14 4 66 51 4 22 4 5 4 69 43 4 44 4 8 4 70 30 4 19 4 43 4 92 37 4 52 4 28 4 52 41 4 45 4 17 4 22 4 58 42 4 47 4 34 4 6 4 16 29 4 25 4 14 4 13 17 4 14 4 25 4 71 46 4 41 4 23 4 
iteration 2048 best: 0.917568 time: 562829
21 43 4 33 4 48 4 10 29 4 6 4 59 24 4 15 4 10 4 22 37 4 36 4 8 4 14 25 4 24 4 10 4 48 32 4 15 4 36 4 27 4 13 38 4 6 4 21 4 33 10 4 43 4 72 18 4 13 4 19 12 4 27 4 37 4 14 4 88 31 4 24 4 34 16 4 37 4 38 42 4 12 4 27 4 26 4 23 4 58 18 4 49 4 22 4 24 4 92 10 4 42 4 27 46 4 19 4 44 4 26 4 73 31 4 22 4 5 4 14 42 4 25 4 5 17 4 21 4 94 18 20 53 40 4 8 4 43 4 17 35 20 52 25 4 22 4 38 4 57 21 4 8 4 23 4 16 4 12 32 4 26 4 97 14 4 25 4 15 4 5 5 4 6 4 90 46 4 18 4 22 4 63 20 4 42 4 45 4 47 45 4 36 4 15 8 4 21 4 86 33 4 58 23 4 18 4 49 4 15 40 4 25 4 59 13 4 31 4 32 38 4 11 4 25 25 4 44 4 36 21 4 47 4 25 45 4 35 4 63 37 4 7 4 18 34 4 10 4 19 18 4 40 4 19 4 81 9 4 15 4 74 26 4 15 4 12 4 103 17 4 20 4 39 4 42 9 4 19 4 47 4 8 4 35 8 4 15 4 33 4 8 4 86 45 4 35 4 22 4 25 46 4 38 4 35 30 4 25 4 37 4 92 46 4 25 4 24 4 62 37 4 19 4 27 4 44 44 4 8 4 16 4 100 16 16 15 16 72 12 4 77 34 16 12 16 55 23 4 32 4 80 43 4 49 4 12 4 29 43 4 31 4 20 4 23 4 32 7 4 15 4 39 33 4 9 4 25 4 14 4 66 51 4 22 4 5 4 69 43 4 44 4 8 4 70 30 4 19 4 43 4 92 37 4 52 4 28 4 52 41 4 45 4 17 4 22 4 58 42 4 47 4 34 4 6 4 16 29 4 25 4 14 4 13 17 4 14 4 25 4 71 46 4 41 4 23 4 
iteration 2075 best: 0.917568 time: 570219
21 43 4 33 4 48 4 10 29 4 6 4 59 24 4 15 4 10 4 22 37 4 36 4 8 4 14 25 4 24 4 10 4 48 32 4 15 4 36 4 27 4 13 38 4 6 4 21 4 33 10 4 43 4 72 18 4 13 4 19 12 4 27 4 37 4 14 4 88 31 4 24 4 34 16 4 37 4 38 42 4 12 4 27 4 26 4 23 4 58 18 4 49 4 22 4 24 4 92 10 4 42 4 27 46 4 19 4 44 4 26 4 73 31 4 22 4 5 4 14 42 4 25 4 5 17 4 21 4 94 18 20 53 40 4 8 4 43 4 17 35 20 52 25 4 22 4 38 4 57 21 4 8 4 23 4 16 4 12 32 4 26 4 97 14 4 25 4 15 4 5 5 4 6 4 90 46 4 18 4 22 4 63 20 4 42 4 45 4 47 45 4 36 4 15 8 4 21 4 86 33 4 58 23 4 18 4 49 4 15 40 4 25 4 59 13 4 31 4 32 38 4 11 4 25 25 4 44 4 36 21 4 47 4 25 45 4 35 4 63 37 4 7 4 18 34 4 10 4 19 18 4 40 4 19 4 81 9 4 15 4 74 26 4 15 4 12 4 103 17 4 20 4 39 4 42 9 4 19 4 47 4 8 4 35 8 4 15 4 33 4 8 4 86 45 4 35 4 22 4 25 46 4 38 4 35 30 4 25 4 37 4 92 46 4 25 4 24 4 62 37 4 19 4 27 4 44 44 4 8 4 16 4 100 16 16 15 16 72 12 4 77 34 16 12 16 55 23 4 32 4 80 43 4 49 4 12 4 29 43 4 31 4 20 4 23 4 32 7 4 15 4 39 33 4 9 4 25 4 14 4 66 51 4 22 4 5 4 69 43 4 44 4 8 4 70 30 4 19 4 43 4 92 37 4 52 4 28 4 52 41 4 45 4 17 4 22 4 58 42 4 47 4 34 4 6 4 16 29 4 25 4 14 4 13 17 4 14 4 25 4 71 46 4 41 4 23 4 
iteration 2102 best: 0.917568 time: 577609
21 43 4 33 4 48 4 10 29 4 6 4 59 24 4 15 4 10 4 22 37 4 36 4 8 4 14 25 4 24 4 10 4 48 32 4 15 4 36 4 27 4 13 38 4 6 4 21 4 33 10 4 43 4 72 18 4 13 4 19 12 4 27 4 37 4 14 4 88 31 4 24 4 34 16 4 37 4 38 42 4 12 4 27 4 26 4 23 4 58 18 4 49 4 22 4 24 4 92 10 4 42 4 27 46 4 19 4 44 4 26 4 73 31 4 22 4 5 4 14 42 4 25 4 5 17 4 21 4 94 18 20 53 40 4 8 4 43 4 17 35 20 52 25 4 22 4 38 4 57 21 4 8 4 23 4 16 4 12 32 4 26 4 97 14 4 25 4 15 4 5 5 4 6 4 90 46 4 18 4 22 4 63 20 4 42 4 45 4 47 45 4 36 4 15 8 4 21 4 86 33 4 58 23 4 18 4 49 4 15 40 4 25 4 59 13 4 31 4 32 38 4 11 4 25 25 4 44 4 36 21 4 47 4 25 45 4 35 4 63 37 4 7 4 18 34 4 10 4 19 18 4 40 4 19 4 81 9 4 15 4 74 26 4 15 4 12 4 103 17 4 20 4 39 4 42 9 4 19 4 47 4 8 4 35 8 4 15 4 33 4 8 4 86 45 4 35 4 22 4 25 46 4 38 4 35 30 4 25 4 37 4 92 46 4 25 4 24 4 62 37 4 19 4 27 4 44 44 4 8 4 16 4 100 16 16 15 16 72 12 4 77 34 16 12 16 55 23 4 32 4 80 43 4 49 4 12 4 29 43 4 31 4 20 4 23 4 32 7 4 15 4 39 33 4 9 4 25 4 14 4 66 51 4 22 4 5 4 69 43 4 44 4 8 4 70 30 4 19 4 43 4 92 37 4 52 4 28 4 52 41 4 45 4 17 4 22 4 58 42 4 47 4 34 4 6 4 16 29 4 25 4 14 4 13 17 4 14 4 25 4 71 46 4 41 4 23 4 
iteration 2129 best: 0.917568 time: 585008
21 43 4 33 4 48 4 10 29 4 6 4 59 24 4 15 4 10 4 22 37 4 36 4 8 4 14 25 4 24 4 10 4 48 32 4 15 4 36 4 27 4 13 38 4 6 4 21 4 33 10 4 43 4 72 18 4 13 4 19 12 4 27 4 37 4 14 4 88 31 4 24 4 34 16 4 37 4 38 42 4 12 4 27 4 26 4 23 4 58 18 4 49 4 22 4 24 4 92 10 4 42 4 27 46 4 19 4 44 4 26 4 73 31 4 22 4 5 4 14 42 4 25 4 5 17 4 21 4 94 18 20 53 40 4 8 4 43 4 17 35 20 52 25 4 22 4 38 4 57 21 4 8 4 23 4 16 4 12 32 4 26 4 97 14 4 25 4 15 4 5 5 4 6 4 90 46 4 18 4 22 4 63 20 4 42 4 45 4 47 45 4 36 4 15 8 4 21 4 86 33 4 58 23 4 18 4 49 4 15 40 4 25 4 59 13 4 31 4 32 38 4 11 4 25 25 4 44 4 36 21 4 47 4 25 45 4 35 4 63 37 4 7 4 18 34 4 10 4 19 18 4 40 4 19 4 81 9 4 15 4 74 26 4 15 4 12 4 103 17 4 20 4 39 4 42 9 4 19 4 47 4 8 4 35 8 4 15 4 33 4 8 4 86 45 4 35 4 22 4 25 46 4 38 4 35 30 4 25 4 37 4 92 46 4 25 4 24 4 62 37 4 19 4 27 4 44 44 4 8 4 16 4 100 16 16 15 16 72 12 4 77 34 16 12 16 55 23 4 32 4 80 43 4 49 4 12 4 29 43 4 31 4 20 4 23 4 32 7 4 15 4 39 33 4 9 4 25 4 14 4 66 51 4 22 4 5 4 69 43 4 44 4 8 4 70 30 4 19 4 43 4 92 37 4 52 4 28 4 52 41 4 45 4 17 4 22 4 58 42 4 47 4 34 4 6 4 16 29 4 25 4 14 4 13 17 4 14 4 25 4 71 46 4 41 4 23 4 
iteration 2156 best: 0.917568 time: 592393
21 43 4 33 4 48 4 10 29 4 6 4 59 24 4 15 4 10 4 22 37 4 36 4 8 4 14 25 4 24 4 10 4 48 32 4 15 4 36 4 27 4 13 38 4 6 4 21 4 33 10 4 43 4 72 18 4 13 4 19 12 4 27 4 37 4 14 4 88 31 4 24 4 34 16 4 37 4 38 42 4 12 4 27 4 26 4 23 4 58 18 4 49 4 22 4 24 4 92 10 4 42 4 27 46 4 19 4 44 4 26 4 73 31 4 22 4 5 4 14 42 4 25 4 5 17 4 21 4 94 18 20 53 40 4 8 4 43 4 17 35 20 52 25 4 22 4 38 4 57 21 4 8 4 23 4 16 4 12 32 4 26 4 97 14 4 25 4 15 4 5 5 4 6 4 90 46 4 18 4 22 4 63 20 4 42 4 45 4 47 45 4 36 4 15 8 4 21 4 86 33 4 58 23 4 18 4 49 4 15 40 4 25 4 59 13 4 31 4 32 38 4 11 4 25 25 4 44 4 36 21 4 47 4 25 45 4 35 4 63 37 4 7 4 18 34 4 10 4 19 18 4 40 4 19 4 81 9 4 15 4 74 26 4 15 4 12 4 103 17 4 20 4 39 4 42 9 4 19 4 47 4 8 4 35 8 4 15 4 33 4 8 4 86 45 4 35 4 22 4 25 46 4 38 4 35 30 4 25 4 37 4 92 46 4 25 4 24 4 62 37 4 19 4 27 4 44 44 4 8 4 16 4 100 16 16 15 16 72 12 4 77 34 16 12 16 55 23 4 32 4 80 43 4 49 4 12 4 29 43 4 31 4 20 4 23 4 32 7 4 15 4 39 33 4 9 4 25 4 14 4 66 51 4 22 4 5 4 69 43 4 44 4 8 4 70 30 4 19 4 43 4 92 37 4 52 4 28 4 52 41 4 45 4 17 4 22 4 58 42 4 47 4 34 4 6 4 16 29 4 25 4 14 4 13 17 4 14 4 25 4 71 46 4 41 4 23 4 
iteration 2183 best: 0.917568 time: 599776
21 43 4 33 4 48 4 10 29 4 6 4 59 24 4 15 4 10 4 22 37 4 36 4 8 4 14 25 4 24 4 10 4 48 32 4 15 4 36 4 27 4 13 38 4 6 4 21 4 33 10 4 43 4 72 18 4 13 4 19 12 4 27 4 37 4 14 4 88 31 4 24 4 34 16 4 37 4 38 42 4 12 4 27 4 26 4 23 4 58 18 4 49 4 22 4 24 4 92 10 4 42 4 27 46 4 19 4 44 4 26 4 73 31 4 22 4 5 4 14 42 4 25 4 5 17 4 21 4 94 18 20 53 40 4 8 4 43 4 17 35 20 52 25 4 22 4 38 4 57 21 4 8 4 23 4 16 4 12 32 4 26 4 97 14 4 25 4 15 4 5 5 4 6 4 90 46 4 18 4 22 4 63 20 4 42 4 45 4 47 45 4 36 4 15 8 4 21 4 86 33 4 58 23 4 18 4 49 4 15 40 4 25 4 59 13 4 31 4 32 38 4 11 4 25 25 4 44 4 36 21 4 47 4 25 45 4 35 4 63 37 4 7 4 18 34 4 10 4 19 18 4 40 4 19 4 81 9 4 15 4 74 26 4 15 4 12 4 103 17 4 20 4 39 4 42 9 4 19 4 47 4 8 4 35 8 4 15 4 33 4 8 4 86 45 4 35 4 22 4 25 46 4 38 4 35 30 4 25 4 37 4 92 46 4 25 4 24 4 62 37 4 19 4 27 4 44 44 4 8 4 16 4 100 16 16 15 16 72 12 4 77 34 16 12 16 55 23 4 32 4 80 43 4 49 4 12 4 29 43 4 31 4 20 4 23 4 32 7 4 15 4 39 33 4 9 4 25 4 14 4 66 51 4 22 4 5 4 69 43 4 44 4 8 4 70 30 4 19 4 43 4 92 37 4 52 4 28 4 52 41 4 45 4 17 4 22 4 58 42 4 47 4 34 4 6 4 16 29 4 25 4 14 4 13 17 4 14 4 25 4 71 46 4 41 4 23 4 
Best solution: 
21 43 4 33 4 48 4 10 29 4 6 4 59 24 4 15 4 10 4 22 37 4 36 4 8 4 14 25 4 24 4 10 4 48 32 4 15 4 36 4 27 4 13 38 4 6 4 21 4 33 10 4 43 4 72 18 4 13 4 19 12 4 27 4 37 4 14 4 88 31 4 24 4 34 16 4 37 4 38 42 4 12 4 27 4 26 4 23 4 58 18 4 49 4 22 4 24 4 92 10 4 42 4 27 46 4 19 4 44 4 26 4 73 31 4 22 4 5 4 14 42 4 25 4 5 17 4 21 4 94 18 20 53 40 4 8 4 43 4 17 35 20 52 25 4 22 4 38 4 57 21 4 8 4 23 4 16 4 12 32 4 26 4 97 14 4 25 4 15 4 5 5 4 6 4 90 46 4 18 4 22 4 63 20 4 42 4 45 4 47 45 4 36 4 15 8 4 21 4 86 33 4 58 23 4 18 4 49 4 15 40 4 25 4 59 13 4 31 4 32 38 4 11 4 25 25 4 44 4 36 21 4 47 4 25 45 4 35 4 63 37 4 7 4 18 34 4 10 4 19 18 4 40 4 19 4 81 9 4 15 4 74 26 4 15 4 12 4 103 17 4 20 4 39 4 42 9 4 19 4 47 4 8 4 35 8 4 15 4 33 4 8 4 86 45 4 35 4 22 4 25 46 4 38 4 35 30 4 25 4 37 4 92 46 4 25 4 24 4 62 37 4 19 4 27 4 44 44 4 8 4 16 4 100 16 16 15 16 72 12 4 77 34 16 12 16 55 23 4 32 4 80 43 4 49 4 12 4 29 43 4 31 4 20 4 23 4 32 7 4 15 4 39 33 4 9 4 25 4 14 4 66 51 4 22 4 5 4 69 43 4 44 4 8 4 70 30 4 19 4 43 4 92 37 4 52 4 28 4 52 41 4 45 4 17 4 22 4 58 42 4 47 4 34 4 6 4 16 29 4 25 4 14 4 13 17 4 14 4 25 4 71 46 4 41 4 23 4 
Fitness: 0.917568
