iteration 21 best: 1.02792 time: 7348
50 43 4 28 4 32 4 48 26 4 8 4 82 26 4 25 4 23 4 53 9 4 17 4 25 4 25 36 4 12 4 18 4 45 26 4 41 4 23 4 23 4 87 38 4 14 4 23 4 47 24 4 26 4 55 12 4 18 4 57 26 4 20 4 25 4 40 4 74 31 4 22 4 86 34 4 42 4 71 28 4 27 4 17 4 5 4 20 4 58 35 4 40 4 34 4 25 4 98 42 4 23 4 66 24 4 40 4 30 4 40 4 38 18 4 24 4 47 4 69 28 4 33 4 36 30 4 33 4 74 19 20 56 19 4 48 4 43 4 65 25 20 76 19 4 11 4 28 4 40 35 4 32 4 28 4 26 4 19 25 4 23 4 22 28 4 29 4 27 4 51 19 4 11 4 54 14 4 33 4 24 4 71 21 4 14 4 35 4 54 27 4 29 4 78 16 4 35 4 53 38 4 99 28 4 33 4 24 4 46 31 4 31 4 56 36 4 43 4 83 42 4 42 4 82 38 4 32 4 33 9 4 31 4 25 14 4 23 4 70 37 4 37 4 67 41 4 32 4 40 30 4 35 4 36 4 63 27 4 33 4 45 21 4 27 4 23 4 48 27 4 18 4 49 4 63 28 4 28 4 27 4 29 4 65 39 4 45 4 19 4 10 4 59 27 4 12 4 22 4 31 18 4 27 4 45 24 4 43 4 19 4 57 48 4 14 4 13 4 63 34 4 39 4 30 4 40 40 4 24 4 31 4 70 33 16 30 16 31 26 4 30 31 16 14 16 75 29 4 29 4 52 43 4 41 4 8 4 35 37 4 12 4 28 4 20 4 78 35 4 16 4 53 25 4 18 4 29 4 17 4 37 22 4 22 4 14 4 48 28 4 39 4 31 4 71 17 4 37 4 29 4 59 44 4 37 4 26 4 59 22 4 40 4 28 4 27 4 75 20 4 30 4 21 4 22 4 47 28 4 32 4 23 4 76 20 4 14 4 34 4 34 33 4 25 4 16 4 
iteration 46 best: 1.02792 time: 14743
50 43 4 28 4 32 4 48 26 4 8 4 82 26 4 25 4 23 4 53 9 4 17 4 25 4 25 36 4 12 4 18 4 45 26 4 41 4 23 4 23 4 87 38 4 14 4 23 4 47 24 4 26 4 55 12 4 18 4 57 26 4 20 4 25 4 40 4 74 31 4 22 4 86 34 4 42 4 71 28 4 27 4 17 4 5 4 20 4 58 35 4 40 4 34 4 25 4 98 42 4 23 4 66 24 4 40 4 30 4 40 4 38 18 4 24 4 47 4 69 28 4 33 4 36 30 4 33 4 74 19 20 56 19 4 48 4 43 4 65 25 20 76 19 4 11 4 28 4 40 35 4 32 4 28 4 26 4 19 25 4 23 4 22 28 4 29 4 27 4 51 19 4 11 4 54 14 4 33 4 24 4 71 21 4 14 4 35 4 54 27 4 29 4 78 16 4 35 4 53 38 4 99 28 4 33 4 24 4 46 31 4 31 4 56 36 4 43 4 83 42 4 42 4 82 38 4 32 4 33 9 4 31 4 25 14 4 23 4 70 37 4 37 4 67 41 4 32 4 40 30 4 35 4 36 4 63 27 4 33 4 45 21 4 27 4 23 4 48 27 4 18 4 49 4 63 28 4 28 4 27 4 29 4 65 39 4 45 4 19 4 10 4 59 27 4 12 4 22 4 31 18 4 27 4 45 24 4 43 4 19 4 57 48 4 14 4 13 4 63 34 4 39 4 30 4 40 40 4 24 4 31 4 70 33 16 30 16 31 26 4 30 31 16 14 16 75 29 4 29 4 52 43 4 41 4 8 4 35 37 4 12 4 28 4 20 4 78 35 4 16 4 53 25 4 18 4 29 4 17 4 37 22 4 22 4 14 4 48 28 4 39 4 31 4 71 17 4 37 4 29 4 59 44 4 37 4 26 4 59 22 4 40 4 28 4 27 4 75 20 4 30 4 21 4 22 4 47 28 4 32 4 23 4 76 20 4 14 4 34 4 34 33 4 25 4 16 4 
iteration 71 best: 1.02792 time: 22167
50 43 4 28 4 32 4 48 26 4 8 4 82 26 4 25 4 23 4 53 9 4 17 4 25 4 25 36 4 12 4 18 4 45 26 4 41 4 23 4 23 4 87 38 4 14 4 23 4 47 24 4 26 4 55 12 4 18 4 57 26 4 20 4 25 4 40 4 74 31 4 22 4 86 34 4 42 4 71 28 4 27 4 17 4 5 4 20 4 58 35 4 40 4 34 4 25 4 98 42 4 23 4 66 24 4 40 4 30 4 40 4 38 18 4 24 4 47 4 69 28 4 33 4 36 30 4 33 4 74 19 20 56 19 4 48 4 43 4 65 25 20 76 19 4 11 4 28 4 40 35 4 32 4 28 4 26 4 19 25 4 23 4 22 28 4 29 4 27 4 51 19 4 11 4 54 14 4 33 4 24 4 71 21 4 14 4 35 4 54 27 4 29 4 78 16 4 35 4 53 38 4 99 28 4 33 4 24 4 46 31 4 31 4 56 36 4 43 4 83 42 4 42 4 82 38 4 32 4 33 9 4 31 4 25 14 4 23 4 70 37 4 37 4 67 41 4 32 4 40 30 4 35 4 36 4 63 27 4 33 4 45 21 4 27 4 23 4 48 27 4 18 4 49 4 63 28 4 28 4 27 4 29 4 65 39 4 45 4 19 4 10 4 59 27 4 12 4 22 4 31 18 4 27 4 45 24 4 43 4 19 4 57 48 4 14 4 13 4 63 34 4 39 4 30 4 40 40 4 24 4 31 4 70 33 16 30 16 31 26 4 30 31 16 14 16 75 29 4 29 4 52 43 4 41 4 8 4 35 37 4 12 4 28 4 20 4 78 35 4 16 4 53 25 4 18 4 29 4 17 4 37 22 4 22 4 14 4 48 28 4 39 4 31 4 71 17 4 37 4 29 4 59 44 4 37 4 26 4 59 22 4 40 4 28 4 27 4 75 20 4 30 4 21 4 22 4 47 28 4 32 4 23 4 76 20 4 14 4 34 4 34 33 4 25 4 16 4 
iteration 96 best: 1.02792 time: 29605
50 43 4 28 4 32 4 48 26 4 8 4 82 26 4 25 4 23 4 53 9 4 17 4 25 4 25 36 4 12 4 18 4 45 26 4 41 4 23 4 23 4 87 38 4 14 4 23 4 47 24 4 26 4 55 12 4 18 4 57 26 4 20 4 25 4 40 4 74 31 4 22 4 86 34 4 42 4 71 28 4 27 4 17 4 5 4 20 4 58 35 4 40 4 34 4 25 4 98 42 4 23 4 66 24 4 40 4 30 4 40 4 38 18 4 24 4 47 4 69 28 4 33 4 36 30 4 33 4 74 19 20 56 19 4 48 4 43 4 65 25 20 76 19 4 11 4 28 4 40 35 4 32 4 28 4 26 4 19 25 4 23 4 22 28 4 29 4 27 4 51 19 4 11 4 54 14 4 33 4 24 4 71 21 4 14 4 35 4 54 27 4 29 4 78 16 4 35 4 53 38 4 99 28 4 33 4 24 4 46 31 4 31 4 56 36 4 43 4 83 42 4 42 4 82 38 4 32 4 33 9 4 31 4 25 14 4 23 4 70 37 4 37 4 67 41 4 32 4 40 30 4 35 4 36 4 63 27 4 33 4 45 21 4 27 4 23 4 48 27 4 18 4 49 4 63 28 4 28 4 27 4 29 4 65 39 4 45 4 19 4 10 4 59 27 4 12 4 22 4 31 18 4 27 4 45 24 4 43 4 19 4 57 48 4 14 4 13 4 63 34 4 39 4 30 4 40 40 4 24 4 31 4 70 33 16 30 16 31 26 4 30 31 16 14 16 75 29 4 29 4 52 43 4 41 4 8 4 35 37 4 12 4 28 4 20 4 78 35 4 16 4 53 25 4 18 4 29 4 17 4 37 22 4 22 4 14 4 48 28 4 39 4 31 4 71 17 4 37 4 29 4 59 44 4 37 4 26 4 59 22 4 40 4 28 4 27 4 75 20 4 30 4 21 4 22 4 47 28 4 32 4 23 4 76 20 4 14 4 34 4 34 33 4 25 4 16 4 
iteration 121 best: 1.02792 time: 37017
50 43 4 28 4 32 4 48 26 4 8 4 82 26 4 25 4 23 4 53 9 4 17 4 25 4 25 36 4 12 4 18 4 45 26 4 41 4 23 4 23 4 87 38 4 14 4 23 4 47 24 4 26 4 55 12 4 18 4 57 26 4 20 4 25 4 40 4 74 31 4 22 4 86 34 4 42 4 71 28 4 27 4 17 4 5 4 20 4 58 35 4 40 4 34 4 25 4 98 42 4 23 4 66 24 4 40 4 30 4 40 4 38 18 4 24 4 47 4 69 28 4 33 4 36 30 4 33 4 74 19 20 56 19 4 48 4 43 4 65 25 20 76 19 4 11 4 28 4 40 35 4 32 4 28 4 26 4 19 25 4 23 4 22 28 4 29 4 27 4 51 19 4 11 4 54 14 4 33 4 24 4 71 21 4 14 4 35 4 54 27 4 29 4 78 16 4 35 4 53 38 4 99 28 4 33 4 24 4 46 31 4 31 4 56 36 4 43 4 83 42 4 42 4 82 38 4 32 4 33 9 4 31 4 25 14 4 23 4 70 37 4 37 4 67 41 4 32 4 40 30 4 35 4 36 4 63 27 4 33 4 45 21 4 27 4 23 4 48 27 4 18 4 49 4 63 28 4 28 4 27 4 29 4 65 39 4 45 4 19 4 10 4 59 27 4 12 4 22 4 31 18 4 27 4 45 24 4 43 4 19 4 57 48 4 14 4 13 4 63 34 4 39 4 30 4 40 40 4 24 4 31 4 70 33 16 30 16 31 26 4 30 31 16 14 16 75 29 4 29 4 52 43 4 41 4 8 4 35 37 4 12 4 28 4 20 4 78 35 4 16 4 53 25 4 18 4 29 4 17 4 37 22 4 22 4 14 4 48 28 4 39 4 31 4 71 17 4 37 4 29 4 59 44 4 37 4 26 4 59 22 4 40 4 28 4 27 4 75 20 4 30 4 21 4 22 4 47 28 4 32 4 23 4 76 20 4 14 4 34 4 34 33 4 25 4 16 4 
iteration 146 best: 1.02792 time: 44463
50 43 4 28 4 32 4 48 26 4 8 4 82 26 4 25 4 23 4 53 9 4 17 4 25 4 25 36 4 12 4 18 4 45 26 4 41 4 23 4 23 4 87 38 4 14 4 23 4 47 24 4 26 4 55 12 4 18 4 57 26 4 20 4 25 4 40 4 74 31 4 22 4 86 34 4 42 4 71 28 4 27 4 17 4 5 4 20 4 58 35 4 40 4 34 4 25 4 98 42 4 23 4 66 24 4 40 4 30 4 40 4 38 18 4 24 4 47 4 69 28 4 33 4 36 30 4 33 4 74 19 20 56 19 4 48 4 43 4 65 25 20 76 19 4 11 4 28 4 40 35 4 32 4 28 4 26 4 19 25 4 23 4 22 28 4 29 4 27 4 51 19 4 11 4 54 14 4 33 4 24 4 71 21 4 14 4 35 4 54 27 4 29 4 78 16 4 35 4 53 38 4 99 28 4 33 4 24 4 46 31 4 31 4 56 36 4 43 4 83 42 4 42 4 82 38 4 32 4 33 9 4 31 4 25 14 4 23 4 70 37 4 37 4 67 41 4 32 4 40 30 4 35 4 36 4 63 27 4 33 4 45 21 4 27 4 23 4 48 27 4 18 4 49 4 63 28 4 28 4 27 4 29 4 65 39 4 45 4 19 4 10 4 59 27 4 12 4 22 4 31 18 4 27 4 45 24 4 43 4 19 4 57 48 4 14 4 13 4 63 34 4 39 4 30 4 40 40 4 24 4 31 4 70 33 16 30 16 31 26 4 30 31 16 14 16 75 29 4 29 4 52 43 4 41 4 8 4 35 37 4 12 4 28 4 20 4 78 35 4 16 4 53 25 4 18 4 29 4 17 4 37 22 4 22 4 14 4 48 28 4 39 4 31 4 71 17 4 37 4 29 4 59 44 4 37 4 26 4 59 22 4 40 4 28 4 27 4 75 20 4 30 4 21 4 22 4 47 28 4 32 4 23 4 76 20 4 14 4 34 4 34 33 4 25 4 16 4 
iteration 171 best: 1.02792 time: 51875
50 43 4 28 4 32 4 48 26 4 8 4 82 26 4 25 4 23 4 53 9 4 17 4 25 4 25 36 4 12 4 18 4 45 26 4 41 4 23 4 23 4 87 38 4 14 4 23 4 47 24 4 26 4 55 12 4 18 4 57 26 4 20 4 25 4 40 4 74 31 4 22 4 86 34 4 42 4 71 28 4 27 4 17 4 5 4 20 4 58 35 4 40 4 34 4 25 4 98 42 4 23 4 66 24 4 40 4 30 4 40 4 38 18 4 24 4 47 4 69 28 4 33 4 36 30 4 33 4 74 19 20 56 19 4 48 4 43 4 65 25 20 76 19 4 11 4 28 4 40 35 4 32 4 28 4 26 4 19 25 4 23 4 22 28 4 29 4 27 4 51 19 4 11 4 54 14 4 33 4 24 4 71 21 4 14 4 35 4 54 27 4 29 4 78 16 4 35 4 53 38 4 99 28 4 33 4 24 4 46 31 4 31 4 56 36 4 43 4 83 42 4 42 4 82 38 4 32 4 33 9 4 31 4 25 14 4 23 4 70 37 4 37 4 67 41 4 32 4 40 30 4 35 4 36 4 63 27 4 33 4 45 21 4 27 4 23 4 48 27 4 18 4 49 4 63 28 4 28 4 27 4 29 4 65 39 4 45 4 19 4 10 4 59 27 4 12 4 22 4 31 18 4 27 4 45 24 4 43 4 19 4 57 48 4 14 4 13 4 63 34 4 39 4 30 4 40 40 4 24 4 31 4 70 33 16 30 16 31 26 4 30 31 16 14 16 75 29 4 29 4 52 43 4 41 4 8 4 35 37 4 12 4 28 4 20 4 78 35 4 16 4 53 25 4 18 4 29 4 17 4 37 22 4 22 4 14 4 48 28 4 39 4 31 4 71 17 4 37 4 29 4 59 44 4 37 4 26 4 59 22 4 40 4 28 4 27 4 75 20 4 30 4 21 4 22 4 47 28 4 32 4 23 4 76 20 4 14 4 34 4 34 33 4 25 4 16 4 
iteration 196 best: 1.02792 time: 59268
50 43 4 28 4 32 4 48 26 4 8 4 82 26 4 25 4 23 4 53 9 4 17 4 25 4 25 36 4 12 4 18 4 45 26 4 41 4 23 4 23 4 87 38 4 14 4 23 4 47 24 4 26 4 55 12 4 18 4 57 26 4 20 4 25 4 40 4 74 31 4 22 4 86 34 4 42 4 71 28 4 27 4 17 4 5 4 20 4 58 35 4 40 4 34 4 25 4 98 42 4 23 4 66 24 4 40 4 30 4 40 4 38 18 4 24 4 47 4 69 28 4 33 4 36 30 4 33 4 74 19 20 56 19 4 48 4 43 4 65 25 20 76 19 4 11 4 28 4 40 35 4 32 4 28 4 26 4 19 25 4 23 4 22 28 4 29 4 27 4 51 19 4 11 4 54 14 4 33 4 24 4 71 21 4 14 4 35 4 54 27 4 29 4 78 16 4 35 4 53 38 4 99 28 4 33 4 24 4 46 31 4 31 4 56 36 4 43 4 83 42 4 42 4 82 38 4 32 4 33 9 4 31 4 25 14 4 23 4 70 37 4 37 4 67 41 4 32 4 40 30 4 35 4 36 4 63 27 4 33 4 45 21 4 27 4 23 4 48 27 4 18 4 49 4 63 28 4 28 4 27 4 29 4 65 39 4 45 4 19 4 10 4 59 27 4 12 4 22 4 31 18 4 27 4 45 24 4 43 4 19 4 57 48 4 14 4 13 4 63 34 4 39 4 30 4 40 40 4 24 4 31 4 70 33 16 30 16 31 26 4 30 31 16 14 16 75 29 4 29 4 52 43 4 41 4 8 4 35 37 4 12 4 28 4 20 4 78 35 4 16 4 53 25 4 18 4 29 4 17 4 37 22 4 22 4 14 4 48 28 4 39 4 31 4 71 17 4 37 4 29 4 59 44 4 37 4 26 4 59 22 4 40 4 28 4 27 4 75 20 4 30 4 21 4 22 4 47 28 4 32 4 23 4 76 20 4 14 4 34 4 34 33 4 25 4 16 4 
iteration 221 best: 1.02792 time: 66647
50 43 4 28 4 32 4 48 26 4 8 4 82 26 4 25 4 23 4 53 9 4 17 4 25 4 25 36 4 12 4 18 4 45 26 4 41 4 23 4 23 4 87 38 4 14 4 23 4 47 24 4 26 4 55 12 4 18 4 57 26 4 20 4 25 4 40 4 74 31 4 22 4 86 34 4 42 4 71 28 4 27 4 17 4 5 4 20 4 58 35 4 40 4 34 4 25 4 98 42 4 23 4 66 24 4 40 4 30 4 40 4 38 18 4 24 4 47 4 69 28 4 33 4 36 30 4 33 4 74 19 20 56 19 4 48 4 43 4 65 25 20 76 19 4 11 4 28 4 40 35 4 32 4 28 4 26 4 19 25 4 23 4 22 28 4 29 4 27 4 51 19 4 11 4 54 14 4 33 4 24 4 71 21 4 14 4 35 4 54 27 4 29 4 78 16 4 35 4 53 38 4 99 28 4 33 4 24 4 46 31 4 31 4 56 36 4 43 4 83 42 4 42 4 82 38 4 32 4 33 9 4 31 4 25 14 4 23 4 70 37 4 37 4 67 41 4 32 4 40 30 4 35 4 36 4 63 27 4 33 4 45 21 4 27 4 23 4 48 27 4 18 4 49 4 63 28 4 28 4 27 4 29 4 65 39 4 45 4 19 4 10 4 59 27 4 12 4 22 4 31 18 4 27 4 45 24 4 43 4 19 4 57 48 4 14 4 13 4 63 34 4 39 4 30 4 40 40 4 24 4 31 4 70 33 16 30 16 31 26 4 30 31 16 14 16 75 29 4 29 4 52 43 4 41 4 8 4 35 37 4 12 4 28 4 20 4 78 35 4 16 4 53 25 4 18 4 29 4 17 4 37 22 4 22 4 14 4 48 28 4 39 4 31 4 71 17 4 37 4 29 4 59 44 4 37 4 26 4 59 22 4 40 4 28 4 27 4 75 20 4 30 4 21 4 22 4 47 28 4 32 4 23 4 76 20 4 14 4 34 4 34 33 4 25 4 16 4 
iteration 246 best: 1.02792 time: 74039
50 43 4 28 4 32 4 48 26 4 8 4 82 26 4 25 4 23 4 53 9 4 17 4 25 4 25 36 4 12 4 18 4 45 26 4 41 4 23 4 23 4 87 38 4 14 4 23 4 47 24 4 26 4 55 12 4 18 4 57 26 4 20 4 25 4 40 4 74 31 4 22 4 86 34 4 42 4 71 28 4 27 4 17 4 5 4 20 4 58 35 4 40 4 34 4 25 4 98 42 4 23 4 66 24 4 40 4 30 4 40 4 38 18 4 24 4 47 4 69 28 4 33 4 36 30 4 33 4 74 19 20 56 19 4 48 4 43 4 65 25 20 76 19 4 11 4 28 4 40 35 4 32 4 28 4 26 4 19 25 4 23 4 22 28 4 29 4 27 4 51 19 4 11 4 54 14 4 33 4 24 4 71 21 4 14 4 35 4 54 27 4 29 4 78 16 4 35 4 53 38 4 99 28 4 33 4 24 4 46 31 4 31 4 56 36 4 43 4 83 42 4 42 4 82 38 4 32 4 33 9 4 31 4 25 14 4 23 4 70 37 4 37 4 67 41 4 32 4 40 30 4 35 4 36 4 63 27 4 33 4 45 21 4 27 4 23 4 48 27 4 18 4 49 4 63 28 4 28 4 27 4 29 4 65 39 4 45 4 19 4 10 4 59 27 4 12 4 22 4 31 18 4 27 4 45 24 4 43 4 19 4 57 48 4 14 4 13 4 63 34 4 39 4 30 4 40 40 4 24 4 31 4 70 33 16 30 16 31 26 4 30 31 16 14 16 75 29 4 29 4 52 43 4 41 4 8 4 35 37 4 12 4 28 4 20 4 78 35 4 16 4 53 25 4 18 4 29 4 17 4 37 22 4 22 4 14 4 48 28 4 39 4 31 4 71 17 4 37 4 29 4 59 44 4 37 4 26 4 59 22 4 40 4 28 4 27 4 75 20 4 30 4 21 4 22 4 47 28 4 32 4 23 4 76 20 4 14 4 34 4 34 33 4 25 4 16 4 
iteration 271 best: 1.02792 time: 81446
50 43 4 28 4 32 4 48 26 4 8 4 82 26 4 25 4 23 4 53 9 4 17 4 25 4 25 36 4 12 4 18 4 45 26 4 41 4 23 4 23 4 87 38 4 14 4 23 4 47 24 4 26 4 55 12 4 18 4 57 26 4 20 4 25 4 40 4 74 31 4 22 4 86 34 4 42 4 71 28 4 27 4 17 4 5 4 20 4 58 35 4 40 4 34 4 25 4 98 42 4 23 4 66 24 4 40 4 30 4 40 4 38 18 4 24 4 47 4 69 28 4 33 4 36 30 4 33 4 74 19 20 56 19 4 48 4 43 4 65 25 20 76 19 4 11 4 28 4 40 35 4 32 4 28 4 26 4 19 25 4 23 4 22 28 4 29 4 27 4 51 19 4 11 4 54 14 4 33 4 24 4 71 21 4 14 4 35 4 54 27 4 29 4 78 16 4 35 4 53 38 4 99 28 4 33 4 24 4 46 31 4 31 4 56 36 4 43 4 83 42 4 42 4 82 38 4 32 4 33 9 4 31 4 25 14 4 23 4 70 37 4 37 4 67 41 4 32 4 40 30 4 35 4 36 4 63 27 4 33 4 45 21 4 27 4 23 4 48 27 4 18 4 49 4 63 28 4 28 4 27 4 29 4 65 39 4 45 4 19 4 10 4 59 27 4 12 4 22 4 31 18 4 27 4 45 24 4 43 4 19 4 57 48 4 14 4 13 4 63 34 4 39 4 30 4 40 40 4 24 4 31 4 70 33 16 30 16 31 26 4 30 31 16 14 16 75 29 4 29 4 52 43 4 41 4 8 4 35 37 4 12 4 28 4 20 4 78 35 4 16 4 53 25 4 18 4 29 4 17 4 37 22 4 22 4 14 4 48 28 4 39 4 31 4 71 17 4 37 4 29 4 59 44 4 37 4 26 4 59 22 4 40 4 28 4 27 4 75 20 4 30 4 21 4 22 4 47 28 4 32 4 23 4 76 20 4 14 4 34 4 34 33 4 25 4 16 4 
iteration 296 best: 1.02792 time: 88853
50 43 4 28 4 32 4 48 26 4 8 4 82 26 4 25 4 23 4 53 9 4 17 4 25 4 25 36 4 12 4 18 4 45 26 4 41 4 23 4 23 4 87 38 4 14 4 23 4 47 24 4 26 4 55 12 4 18 4 57 26 4 20 4 25 4 40 4 74 31 4 22 4 86 34 4 42 4 71 28 4 27 4 17 4 5 4 20 4 58 35 4 40 4 34 4 25 4 98 42 4 23 4 66 24 4 40 4 30 4 40 4 38 18 4 24 4 47 4 69 28 4 33 4 36 30 4 33 4 74 19 20 56 19 4 48 4 43 4 65 25 20 76 19 4 11 4 28 4 40 35 4 32 4 28 4 26 4 19 25 4 23 4 22 28 4 29 4 27 4 51 19 4 11 4 54 14 4 33 4 24 4 71 21 4 14 4 35 4 54 27 4 29 4 78 16 4 35 4 53 38 4 99 28 4 33 4 24 4 46 31 4 31 4 56 36 4 43 4 83 42 4 42 4 82 38 4 32 4 33 9 4 31 4 25 14 4 23 4 70 37 4 37 4 67 41 4 32 4 40 30 4 35 4 36 4 63 27 4 33 4 45 21 4 27 4 23 4 48 27 4 18 4 49 4 63 28 4 28 4 27 4 29 4 65 39 4 45 4 19 4 10 4 59 27 4 12 4 22 4 31 18 4 27 4 45 24 4 43 4 19 4 57 48 4 14 4 13 4 63 34 4 39 4 30 4 40 40 4 24 4 31 4 70 33 16 30 16 31 26 4 30 31 16 14 16 75 29 4 29 4 52 43 4 41 4 8 4 35 37 4 12 4 28 4 20 4 78 35 4 16 4 53 25 4 18 4 29 4 17 4 37 22 4 22 4 14 4 48 28 4 39 4 31 4 71 17 4 37 4 29 4 59 44 4 37 4 26 4 59 22 4 40 4 28 4 27 4 75 20 4 30 4 21 4 22 4 47 28 4 32 4 23 4 76 20 4 14 4 34 4 34 33 4 25 4 16 4 
iteration 321 best: 1.02792 time: 96255
50 43 4 28 4 32 4 48 26 4 8 4 82 26 4 25 4 23 4 53 9 4 17 4 25 4 25 36 4 12 4 18 4 45 26 4 41 4 23 4 23 4 87 38 4 14 4 23 4 47 24 4 26 4 55 12 4 18 4 57 26 4 20 4 25 4 40 4 74 31 4 22 4 86 34 4 42 4 71 28 4 27 4 17 4 5 4 20 4 58 35 4 40 4 34 4 25 4 98 42 4 23 4 66 24 4 40 4 30 4 40 4 38 18 4 24 4 47 4 69 28 4 33 4 36 30 4 33 4 74 19 20 56 19 4 48 4 43 4 65 25 20 76 19 4 11 4 28 4 40 35 4 32 4 28 4 26 4 19 25 4 23 4 22 28 4 29 4 27 4 51 19 4 11 4 54 14 4 33 4 24 4 71 21 4 14 4 35 4 54 27 4 29 4 78 16 4 35 4 53 38 4 99 28 4 33 4 24 4 46 31 4 31 4 56 36 4 43 4 83 42 4 42 4 82 38 4 32 4 33 9 4 31 4 25 14 4 23 4 70 37 4 37 4 67 41 4 32 4 40 30 4 35 4 36 4 63 27 4 33 4 45 21 4 27 4 23 4 48 27 4 18 4 49 4 63 28 4 28 4 27 4 29 4 65 39 4 45 4 19 4 10 4 59 27 4 12 4 22 4 31 18 4 27 4 45 24 4 43 4 19 4 57 48 4 14 4 13 4 63 34 4 39 4 30 4 40 40 4 24 4 31 4 70 33 16 30 16 31 26 4 30 31 16 14 16 75 29 4 29 4 52 43 4 41 4 8 4 35 37 4 12 4 28 4 20 4 78 35 4 16 4 53 25 4 18 4 29 4 17 4 37 22 4 22 4 14 4 48 28 4 39 4 31 4 71 17 4 37 4 29 4 59 44 4 37 4 26 4 59 22 4 40 4 28 4 27 4 75 20 4 30 4 21 4 22 4 47 28 4 32 4 23 4 76 20 4 14 4 34 4 34 33 4 25 4 16 4 
iteration 346 best: 1.02792 time: 103714
50 43 4 28 4 32 4 48 26 4 8 4 82 26 4 25 4 23 4 53 9 4 17 4 25 4 25 36 4 12 4 18 4 45 26 4 41 4 23 4 23 4 87 38 4 14 4 23 4 47 24 4 26 4 55 12 4 18 4 57 26 4 20 4 25 4 40 4 74 31 4 22 4 86 34 4 42 4 71 28 4 27 4 17 4 5 4 20 4 58 35 4 40 4 34 4 25 4 98 42 4 23 4 66 24 4 40 4 30 4 40 4 38 18 4 24 4 47 4 69 28 4 33 4 36 30 4 33 4 74 19 20 56 19 4 48 4 43 4 65 25 20 76 19 4 11 4 28 4 40 35 4 32 4 28 4 26 4 19 25 4 23 4 22 28 4 29 4 27 4 51 19 4 11 4 54 14 4 33 4 24 4 71 21 4 14 4 35 4 54 27 4 29 4 78 16 4 35 4 53 38 4 99 28 4 33 4 24 4 46 31 4 31 4 56 36 4 43 4 83 42 4 42 4 82 38 4 32 4 33 9 4 31 4 25 14 4 23 4 70 37 4 37 4 67 41 4 32 4 40 30 4 35 4 36 4 63 27 4 33 4 45 21 4 27 4 23 4 48 27 4 18 4 49 4 63 28 4 28 4 27 4 29 4 65 39 4 45 4 19 4 10 4 59 27 4 12 4 22 4 31 18 4 27 4 45 24 4 43 4 19 4 57 48 4 14 4 13 4 63 34 4 39 4 30 4 40 40 4 24 4 31 4 70 33 16 30 16 31 26 4 30 31 16 14 16 75 29 4 29 4 52 43 4 41 4 8 4 35 37 4 12 4 28 4 20 4 78 35 4 16 4 53 25 4 18 4 29 4 17 4 37 22 4 22 4 14 4 48 28 4 39 4 31 4 71 17 4 37 4 29 4 59 44 4 37 4 26 4 59 22 4 40 4 28 4 27 4 75 20 4 30 4 21 4 22 4 47 28 4 32 4 23 4 76 20 4 14 4 34 4 34 33 4 25 4 16 4 
iteration 371 best: 1.02792 time: 111093
50 43 4 28 4 32 4 48 26 4 8 4 82 26 4 25 4 23 4 53 9 4 17 4 25 4 25 36 4 12 4 18 4 45 26 4 41 4 23 4 23 4 87 38 4 14 4 23 4 47 24 4 26 4 55 12 4 18 4 57 26 4 20 4 25 4 40 4 74 31 4 22 4 86 34 4 42 4 71 28 4 27 4 17 4 5 4 20 4 58 35 4 40 4 34 4 25 4 98 42 4 23 4 66 24 4 40 4 30 4 40 4 38 18 4 24 4 47 4 69 28 4 33 4 36 30 4 33 4 74 19 20 56 19 4 48 4 43 4 65 25 20 76 19 4 11 4 28 4 40 35 4 32 4 28 4 26 4 19 25 4 23 4 22 28 4 29 4 27 4 51 19 4 11 4 54 14 4 33 4 24 4 71 21 4 14 4 35 4 54 27 4 29 4 78 16 4 35 4 53 38 4 99 28 4 33 4 24 4 46 31 4 31 4 56 36 4 43 4 83 42 4 42 4 82 38 4 32 4 33 9 4 31 4 25 14 4 23 4 70 37 4 37 4 67 41 4 32 4 40 30 4 35 4 36 4 63 27 4 33 4 45 21 4 27 4 23 4 48 27 4 18 4 49 4 63 28 4 28 4 27 4 29 4 65 39 4 45 4 19 4 10 4 59 27 4 12 4 22 4 31 18 4 27 4 45 24 4 43 4 19 4 57 48 4 14 4 13 4 63 34 4 39 4 30 4 40 40 4 24 4 31 4 70 33 16 30 16 31 26 4 30 31 16 14 16 75 29 4 29 4 52 43 4 41 4 8 4 35 37 4 12 4 28 4 20 4 78 35 4 16 4 53 25 4 18 4 29 4 17 4 37 22 4 22 4 14 4 48 28 4 39 4 31 4 71 17 4 37 4 29 4 59 44 4 37 4 26 4 59 22 4 40 4 28 4 27 4 75 20 4 30 4 21 4 22 4 47 28 4 32 4 23 4 76 20 4 14 4 34 4 34 33 4 25 4 16 4 
iteration 396 best: 1.02792 time: 118490
50 43 4 28 4 32 4 48 26 4 8 4 82 26 4 25 4 23 4 53 9 4 17 4 25 4 25 36 4 12 4 18 4 45 26 4 41 4 23 4 23 4 87 38 4 14 4 23 4 47 24 4 26 4 55 12 4 18 4 57 26 4 20 4 25 4 40 4 74 31 4 22 4 86 34 4 42 4 71 28 4 27 4 17 4 5 4 20 4 58 35 4 40 4 34 4 25 4 98 42 4 23 4 66 24 4 40 4 30 4 40 4 38 18 4 24 4 47 4 69 28 4 33 4 36 30 4 33 4 74 19 20 56 19 4 48 4 43 4 65 25 20 76 19 4 11 4 28 4 40 35 4 32 4 28 4 26 4 19 25 4 23 4 22 28 4 29 4 27 4 51 19 4 11 4 54 14 4 33 4 24 4 71 21 4 14 4 35 4 54 27 4 29 4 78 16 4 35 4 53 38 4 99 28 4 33 4 24 4 46 31 4 31 4 56 36 4 43 4 83 42 4 42 4 82 38 4 32 4 33 9 4 31 4 25 14 4 23 4 70 37 4 37 4 67 41 4 32 4 40 30 4 35 4 36 4 63 27 4 33 4 45 21 4 27 4 23 4 48 27 4 18 4 49 4 63 28 4 28 4 27 4 29 4 65 39 4 45 4 19 4 10 4 59 27 4 12 4 22 4 31 18 4 27 4 45 24 4 43 4 19 4 57 48 4 14 4 13 4 63 34 4 39 4 30 4 40 40 4 24 4 31 4 70 33 16 30 16 31 26 4 30 31 16 14 16 75 29 4 29 4 52 43 4 41 4 8 4 35 37 4 12 4 28 4 20 4 78 35 4 16 4 53 25 4 18 4 29 4 17 4 37 22 4 22 4 14 4 48 28 4 39 4 31 4 71 17 4 37 4 29 4 59 44 4 37 4 26 4 59 22 4 40 4 28 4 27 4 75 20 4 30 4 21 4 22 4 47 28 4 32 4 23 4 76 20 4 14 4 34 4 34 33 4 25 4 16 4 
iteration 421 best: 1.02792 time: 125871
50 43 4 28 4 32 4 48 26 4 8 4 82 26 4 25 4 23 4 53 9 4 17 4 25 4 25 36 4 12 4 18 4 45 26 4 41 4 23 4 23 4 87 38 4 14 4 23 4 47 24 4 26 4 55 12 4 18 4 57 26 4 20 4 25 4 40 4 74 31 4 22 4 86 34 4 42 4 71 28 4 27 4 17 4 5 4 20 4 58 35 4 40 4 34 4 25 4 98 42 4 23 4 66 24 4 40 4 30 4 40 4 38 18 4 24 4 47 4 69 28 4 33 4 36 30 4 33 4 74 19 20 56 19 4 48 4 43 4 65 25 20 76 19 4 11 4 28 4 40 35 4 32 4 28 4 26 4 19 25 4 23 4 22 28 4 29 4 27 4 51 19 4 11 4 54 14 4 33 4 24 4 71 21 4 14 4 35 4 54 27 4 29 4 78 16 4 35 4 53 38 4 99 28 4 33 4 24 4 46 31 4 31 4 56 36 4 43 4 83 42 4 42 4 82 38 4 32 4 33 9 4 31 4 25 14 4 23 4 70 37 4 37 4 67 41 4 32 4 40 30 4 35 4 36 4 63 27 4 33 4 45 21 4 27 4 23 4 48 27 4 18 4 49 4 63 28 4 28 4 27 4 29 4 65 39 4 45 4 19 4 10 4 59 27 4 12 4 22 4 31 18 4 27 4 45 24 4 43 4 19 4 57 48 4 14 4 13 4 63 34 4 39 4 30 4 40 40 4 24 4 31 4 70 33 16 30 16 31 26 4 30 31 16 14 16 75 29 4 29 4 52 43 4 41 4 8 4 35 37 4 12 4 28 4 20 4 78 35 4 16 4 53 25 4 18 4 29 4 17 4 37 22 4 22 4 14 4 48 28 4 39 4 31 4 71 17 4 37 4 29 4 59 44 4 37 4 26 4 59 22 4 40 4 28 4 27 4 75 20 4 30 4 21 4 22 4 47 28 4 32 4 23 4 76 20 4 14 4 34 4 34 33 4 25 4 16 4 
iteration 446 best: 1.02792 time: 133282
50 43 4 28 4 32 4 48 26 4 8 4 82 26 4 25 4 23 4 53 9 4 17 4 25 4 25 36 4 12 4 18 4 45 26 4 41 4 23 4 23 4 87 38 4 14 4 23 4 47 24 4 26 4 55 12 4 18 4 57 26 4 20 4 25 4 40 4 74 31 4 22 4 86 34 4 42 4 71 28 4 27 4 17 4 5 4 20 4 58 35 4 40 4 34 4 25 4 98 42 4 23 4 66 24 4 40 4 30 4 40 4 38 18 4 24 4 47 4 69 28 4 33 4 36 30 4 33 4 74 19 20 56 19 4 48 4 43 4 65 25 20 76 19 4 11 4 28 4 40 35 4 32 4 28 4 26 4 19 25 4 23 4 22 28 4 29 4 27 4 51 19 4 11 4 54 14 4 33 4 24 4 71 21 4 14 4 35 4 54 27 4 29 4 78 16 4 35 4 53 38 4 99 28 4 33 4 24 4 46 31 4 31 4 56 36 4 43 4 83 42 4 42 4 82 38 4 32 4 33 9 4 31 4 25 14 4 23 4 70 37 4 37 4 67 41 4 32 4 40 30 4 35 4 36 4 63 27 4 33 4 45 21 4 27 4 23 4 48 27 4 18 4 49 4 63 28 4 28 4 27 4 29 4 65 39 4 45 4 19 4 10 4 59 27 4 12 4 22 4 31 18 4 27 4 45 24 4 43 4 19 4 57 48 4 14 4 13 4 63 34 4 39 4 30 4 40 40 4 24 4 31 4 70 33 16 30 16 31 26 4 30 31 16 14 16 75 29 4 29 4 52 43 4 41 4 8 4 35 37 4 12 4 28 4 20 4 78 35 4 16 4 53 25 4 18 4 29 4 17 4 37 22 4 22 4 14 4 48 28 4 39 4 31 4 71 17 4 37 4 29 4 59 44 4 37 4 26 4 59 22 4 40 4 28 4 27 4 75 20 4 30 4 21 4 22 4 47 28 4 32 4 23 4 76 20 4 14 4 34 4 34 33 4 25 4 16 4 
iteration 471 best: 1.02792 time: 140681
50 43 4 28 4 32 4 48 26 4 8 4 82 26 4 25 4 23 4 53 9 4 17 4 25 4 25 36 4 12 4 18 4 45 26 4 41 4 23 4 23 4 87 38 4 14 4 23 4 47 24 4 26 4 55 12 4 18 4 57 26 4 20 4 25 4 40 4 74 31 4 22 4 86 34 4 42 4 71 28 4 27 4 17 4 5 4 20 4 58 35 4 40 4 34 4 25 4 98 42 4 23 4 66 24 4 40 4 30 4 40 4 38 18 4 24 4 47 4 69 28 4 33 4 36 30 4 33 4 74 19 20 56 19 4 48 4 43 4 65 25 20 76 19 4 11 4 28 4 40 35 4 32 4 28 4 26 4 19 25 4 23 4 22 28 4 29 4 27 4 51 19 4 11 4 54 14 4 33 4 24 4 71 21 4 14 4 35 4 54 27 4 29 4 78 16 4 35 4 53 38 4 99 28 4 33 4 24 4 46 31 4 31 4 56 36 4 43 4 83 42 4 42 4 82 38 4 32 4 33 9 4 31 4 25 14 4 23 4 70 37 4 37 4 67 41 4 32 4 40 30 4 35 4 36 4 63 27 4 33 4 45 21 4 27 4 23 4 48 27 4 18 4 49 4 63 28 4 28 4 27 4 29 4 65 39 4 45 4 19 4 10 4 59 27 4 12 4 22 4 31 18 4 27 4 45 24 4 43 4 19 4 57 48 4 14 4 13 4 63 34 4 39 4 30 4 40 40 4 24 4 31 4 70 33 16 30 16 31 26 4 30 31 16 14 16 75 29 4 29 4 52 43 4 41 4 8 4 35 37 4 12 4 28 4 20 4 78 35 4 16 4 53 25 4 18 4 29 4 17 4 37 22 4 22 4 14 4 48 28 4 39 4 31 4 71 17 4 37 4 29 4 59 44 4 37 4 26 4 59 22 4 40 4 28 4 27 4 75 20 4 30 4 21 4 22 4 47 28 4 32 4 23 4 76 20 4 14 4 34 4 34 33 4 25 4 16 4 
iteration 496 best: 1.02792 time: 148084
50 43 4 28 4 32 4 48 26 4 8 4 82 26 4 25 4 23 4 53 9 4 17 4 25 4 25 36 4 12 4 18 4 45 26 4 41 4 23 4 23 4 87 38 4 14 4 23 4 47 24 4 26 4 55 12 4 18 4 57 26 4 20 4 25 4 40 4 74 31 4 22 4 86 34 4 42 4 71 28 4 27 4 17 4 5 4 20 4 58 35 4 40 4 34 4 25 4 98 42 4 23 4 66 24 4 40 4 30 4 40 4 38 18 4 24 4 47 4 69 28 4 33 4 36 30 4 33 4 74 19 20 56 19 4 48 4 43 4 65 25 20 76 19 4 11 4 28 4 40 35 4 32 4 28 4 26 4 19 25 4 23 4 22 28 4 29 4 27 4 51 19 4 11 4 54 14 4 33 4 24 4 71 21 4 14 4 35 4 54 27 4 29 4 78 16 4 35 4 53 38 4 99 28 4 33 4 24 4 46 31 4 31 4 56 36 4 43 4 83 42 4 42 4 82 38 4 32 4 33 9 4 31 4 25 14 4 23 4 70 37 4 37 4 67 41 4 32 4 40 30 4 35 4 36 4 63 27 4 33 4 45 21 4 27 4 23 4 48 27 4 18 4 49 4 63 28 4 28 4 27 4 29 4 65 39 4 45 4 19 4 10 4 59 27 4 12 4 22 4 31 18 4 27 4 45 24 4 43 4 19 4 57 48 4 14 4 13 4 63 34 4 39 4 30 4 40 40 4 24 4 31 4 70 33 16 30 16 31 26 4 30 31 16 14 16 75 29 4 29 4 52 43 4 41 4 8 4 35 37 4 12 4 28 4 20 4 78 35 4 16 4 53 25 4 18 4 29 4 17 4 37 22 4 22 4 14 4 48 28 4 39 4 31 4 71 17 4 37 4 29 4 59 44 4 37 4 26 4 59 22 4 40 4 28 4 27 4 75 20 4 30 4 21 4 22 4 47 28 4 32 4 23 4 76 20 4 14 4 34 4 34 33 4 25 4 16 4 
iteration 521 best: 1.02792 time: 155494
50 43 4 28 4 32 4 48 26 4 8 4 82 26 4 25 4 23 4 53 9 4 17 4 25 4 25 36 4 12 4 18 4 45 26 4 41 4 23 4 23 4 87 38 4 14 4 23 4 47 24 4 26 4 55 12 4 18 4 57 26 4 20 4 25 4 40 4 74 31 4 22 4 86 34 4 42 4 71 28 4 27 4 17 4 5 4 20 4 58 35 4 40 4 34 4 25 4 98 42 4 23 4 66 24 4 40 4 30 4 40 4 38 18 4 24 4 47 4 69 28 4 33 4 36 30 4 33 4 74 19 20 56 19 4 48 4 43 4 65 25 20 76 19 4 11 4 28 4 40 35 4 32 4 28 4 26 4 19 25 4 23 4 22 28 4 29 4 27 4 51 19 4 11 4 54 14 4 33 4 24 4 71 21 4 14 4 35 4 54 27 4 29 4 78 16 4 35 4 53 38 4 99 28 4 33 4 24 4 46 31 4 31 4 56 36 4 43 4 83 42 4 42 4 82 38 4 32 4 33 9 4 31 4 25 14 4 23 4 70 37 4 37 4 67 41 4 32 4 40 30 4 35 4 36 4 63 27 4 33 4 45 21 4 27 4 23 4 48 27 4 18 4 49 4 63 28 4 28 4 27 4 29 4 65 39 4 45 4 19 4 10 4 59 27 4 12 4 22 4 31 18 4 27 4 45 24 4 43 4 19 4 57 48 4 14 4 13 4 63 34 4 39 4 30 4 40 40 4 24 4 31 4 70 33 16 30 16 31 26 4 30 31 16 14 16 75 29 4 29 4 52 43 4 41 4 8 4 35 37 4 12 4 28 4 20 4 78 35 4 16 4 53 25 4 18 4 29 4 17 4 37 22 4 22 4 14 4 48 28 4 39 4 31 4 71 17 4 37 4 29 4 59 44 4 37 4 26 4 59 22 4 40 4 28 4 27 4 75 20 4 30 4 21 4 22 4 47 28 4 32 4 23 4 76 20 4 14 4 34 4 34 33 4 25 4 16 4 
iteration 546 best: 1.02792 time: 162903
50 43 4 28 4 32 4 48 26 4 8 4 82 26 4 25 4 23 4 53 9 4 17 4 25 4 25 36 4 12 4 18 4 45 26 4 41 4 23 4 23 4 87 38 4 14 4 23 4 47 24 4 26 4 55 12 4 18 4 57 26 4 20 4 25 4 40 4 74 31 4 22 4 86 34 4 42 4 71 28 4 27 4 17 4 5 4 20 4 58 35 4 40 4 34 4 25 4 98 42 4 23 4 66 24 4 40 4 30 4 40 4 38 18 4 24 4 47 4 69 28 4 33 4 36 30 4 33 4 74 19 20 56 19 4 48 4 43 4 65 25 20 76 19 4 11 4 28 4 40 35 4 32 4 28 4 26 4 19 25 4 23 4 22 28 4 29 4 27 4 51 19 4 11 4 54 14 4 33 4 24 4 71 21 4 14 4 35 4 54 27 4 29 4 78 16 4 35 4 53 38 4 99 28 4 33 4 24 4 46 31 4 31 4 56 36 4 43 4 83 42 4 42 4 82 38 4 32 4 33 9 4 31 4 25 14 4 23 4 70 37 4 37 4 67 41 4 32 4 40 30 4 35 4 36 4 63 27 4 33 4 45 21 4 27 4 23 4 48 27 4 18 4 49 4 63 28 4 28 4 27 4 29 4 65 39 4 45 4 19 4 10 4 59 27 4 12 4 22 4 31 18 4 27 4 45 24 4 43 4 19 4 57 48 4 14 4 13 4 63 34 4 39 4 30 4 40 40 4 24 4 31 4 70 33 16 30 16 31 26 4 30 31 16 14 16 75 29 4 29 4 52 43 4 41 4 8 4 35 37 4 12 4 28 4 20 4 78 35 4 16 4 53 25 4 18 4 29 4 17 4 37 22 4 22 4 14 4 48 28 4 39 4 31 4 71 17 4 37 4 29 4 59 44 4 37 4 26 4 59 22 4 40 4 28 4 27 4 75 20 4 30 4 21 4 22 4 47 28 4 32 4 23 4 76 20 4 14 4 34 4 34 33 4 25 4 16 4 
iteration 571 best: 1.02792 time: 170314
50 43 4 28 4 32 4 48 26 4 8 4 82 26 4 25 4 23 4 53 9 4 17 4 25 4 25 36 4 12 4 18 4 45 26 4 41 4 23 4 23 4 87 38 4 14 4 23 4 47 24 4 26 4 55 12 4 18 4 57 26 4 20 4 25 4 40 4 74 31 4 22 4 86 34 4 42 4 71 28 4 27 4 17 4 5 4 20 4 58 35 4 40 4 34 4 25 4 98 42 4 23 4 66 24 4 40 4 30 4 40 4 38 18 4 24 4 47 4 69 28 4 33 4 36 30 4 33 4 74 19 20 56 19 4 48 4 43 4 65 25 20 76 19 4 11 4 28 4 40 35 4 32 4 28 4 26 4 19 25 4 23 4 22 28 4 29 4 27 4 51 19 4 11 4 54 14 4 33 4 24 4 71 21 4 14 4 35 4 54 27 4 29 4 78 16 4 35 4 53 38 4 99 28 4 33 4 24 4 46 31 4 31 4 56 36 4 43 4 83 42 4 42 4 82 38 4 32 4 33 9 4 31 4 25 14 4 23 4 70 37 4 37 4 67 41 4 32 4 40 30 4 35 4 36 4 63 27 4 33 4 45 21 4 27 4 23 4 48 27 4 18 4 49 4 63 28 4 28 4 27 4 29 4 65 39 4 45 4 19 4 10 4 59 27 4 12 4 22 4 31 18 4 27 4 45 24 4 43 4 19 4 57 48 4 14 4 13 4 63 34 4 39 4 30 4 40 40 4 24 4 31 4 70 33 16 30 16 31 26 4 30 31 16 14 16 75 29 4 29 4 52 43 4 41 4 8 4 35 37 4 12 4 28 4 20 4 78 35 4 16 4 53 25 4 18 4 29 4 17 4 37 22 4 22 4 14 4 48 28 4 39 4 31 4 71 17 4 37 4 29 4 59 44 4 37 4 26 4 59 22 4 40 4 28 4 27 4 75 20 4 30 4 21 4 22 4 47 28 4 32 4 23 4 76 20 4 14 4 34 4 34 33 4 25 4 16 4 
iteration 596 best: 1.02792 time: 177703
50 43 4 28 4 32 4 48 26 4 8 4 82 26 4 25 4 23 4 53 9 4 17 4 25 4 25 36 4 12 4 18 4 45 26 4 41 4 23 4 23 4 87 38 4 14 4 23 4 47 24 4 26 4 55 12 4 18 4 57 26 4 20 4 25 4 40 4 74 31 4 22 4 86 34 4 42 4 71 28 4 27 4 17 4 5 4 20 4 58 35 4 40 4 34 4 25 4 98 42 4 23 4 66 24 4 40 4 30 4 40 4 38 18 4 24 4 47 4 69 28 4 33 4 36 30 4 33 4 74 19 20 56 19 4 48 4 43 4 65 25 20 76 19 4 11 4 28 4 40 35 4 32 4 28 4 26 4 19 25 4 23 4 22 28 4 29 4 27 4 51 19 4 11 4 54 14 4 33 4 24 4 71 21 4 14 4 35 4 54 27 4 29 4 78 16 4 35 4 53 38 4 99 28 4 33 4 24 4 46 31 4 31 4 56 36 4 43 4 83 42 4 42 4 82 38 4 32 4 33 9 4 31 4 25 14 4 23 4 70 37 4 37 4 67 41 4 32 4 40 30 4 35 4 36 4 63 27 4 33 4 45 21 4 27 4 23 4 48 27 4 18 4 49 4 63 28 4 28 4 27 4 29 4 65 39 4 45 4 19 4 10 4 59 27 4 12 4 22 4 31 18 4 27 4 45 24 4 43 4 19 4 57 48 4 14 4 13 4 63 34 4 39 4 30 4 40 40 4 24 4 31 4 70 33 16 30 16 31 26 4 30 31 16 14 16 75 29 4 29 4 52 43 4 41 4 8 4 35 37 4 12 4 28 4 20 4 78 35 4 16 4 53 25 4 18 4 29 4 17 4 37 22 4 22 4 14 4 48 28 4 39 4 31 4 71 17 4 37 4 29 4 59 44 4 37 4 26 4 59 22 4 40 4 28 4 27 4 75 20 4 30 4 21 4 22 4 47 28 4 32 4 23 4 76 20 4 14 4 34 4 34 33 4 25 4 16 4 
iteration 621 best: 1.02792 time: 185100
50 43 4 28 4 32 4 48 26 4 8 4 82 26 4 25 4 23 4 53 9 4 17 4 25 4 25 36 4 12 4 18 4 45 26 4 41 4 23 4 23 4 87 38 4 14 4 23 4 47 24 4 26 4 55 12 4 18 4 57 26 4 20 4 25 4 40 4 74 31 4 22 4 86 34 4 42 4 71 28 4 27 4 17 4 5 4 20 4 58 35 4 40 4 34 4 25 4 98 42 4 23 4 66 24 4 40 4 30 4 40 4 38 18 4 24 4 47 4 69 28 4 33 4 36 30 4 33 4 74 19 20 56 19 4 48 4 43 4 65 25 20 76 19 4 11 4 28 4 40 35 4 32 4 28 4 26 4 19 25 4 23 4 22 28 4 29 4 27 4 51 19 4 11 4 54 14 4 33 4 24 4 71 21 4 14 4 35 4 54 27 4 29 4 78 16 4 35 4 53 38 4 99 28 4 33 4 24 4 46 31 4 31 4 56 36 4 43 4 83 42 4 42 4 82 38 4 32 4 33 9 4 31 4 25 14 4 23 4 70 37 4 37 4 67 41 4 32 4 40 30 4 35 4 36 4 63 27 4 33 4 45 21 4 27 4 23 4 48 27 4 18 4 49 4 63 28 4 28 4 27 4 29 4 65 39 4 45 4 19 4 10 4 59 27 4 12 4 22 4 31 18 4 27 4 45 24 4 43 4 19 4 57 48 4 14 4 13 4 63 34 4 39 4 30 4 40 40 4 24 4 31 4 70 33 16 30 16 31 26 4 30 31 16 14 16 75 29 4 29 4 52 43 4 41 4 8 4 35 37 4 12 4 28 4 20 4 78 35 4 16 4 53 25 4 18 4 29 4 17 4 37 22 4 22 4 14 4 48 28 4 39 4 31 4 71 17 4 37 4 29 4 59 44 4 37 4 26 4 59 22 4 40 4 28 4 27 4 75 20 4 30 4 21 4 22 4 47 28 4 32 4 23 4 76 20 4 14 4 34 4 34 33 4 25 4 16 4 
iteration 646 best: 1.02792 time: 192488
50 43 4 28 4 32 4 48 26 4 8 4 82 26 4 25 4 23 4 53 9 4 17 4 25 4 25 36 4 12 4 18 4 45 26 4 41 4 23 4 23 4 87 38 4 14 4 23 4 47 24 4 26 4 55 12 4 18 4 57 26 4 20 4 25 4 40 4 74 31 4 22 4 86 34 4 42 4 71 28 4 27 4 17 4 5 4 20 4 58 35 4 40 4 34 4 25 4 98 42 4 23 4 66 24 4 40 4 30 4 40 4 38 18 4 24 4 47 4 69 28 4 33 4 36 30 4 33 4 74 19 20 56 19 4 48 4 43 4 65 25 20 76 19 4 11 4 28 4 40 35 4 32 4 28 4 26 4 19 25 4 23 4 22 28 4 29 4 27 4 51 19 4 11 4 54 14 4 33 4 24 4 71 21 4 14 4 35 4 54 27 4 29 4 78 16 4 35 4 53 38 4 99 28 4 33 4 24 4 46 31 4 31 4 56 36 4 43 4 83 42 4 42 4 82 38 4 32 4 33 9 4 31 4 25 14 4 23 4 70 37 4 37 4 67 41 4 32 4 40 30 4 35 4 36 4 63 27 4 33 4 45 21 4 27 4 23 4 48 27 4 18 4 49 4 63 28 4 28 4 27 4 29 4 65 39 4 45 4 19 4 10 4 59 27 4 12 4 22 4 31 18 4 27 4 45 24 4 43 4 19 4 57 48 4 14 4 13 4 63 34 4 39 4 30 4 40 40 4 24 4 31 4 70 33 16 30 16 31 26 4 30 31 16 14 16 75 29 4 29 4 52 43 4 41 4 8 4 35 37 4 12 4 28 4 20 4 78 35 4 16 4 53 25 4 18 4 29 4 17 4 37 22 4 22 4 14 4 48 28 4 39 4 31 4 71 17 4 37 4 29 4 59 44 4 37 4 26 4 59 22 4 40 4 28 4 27 4 75 20 4 30 4 21 4 22 4 47 28 4 32 4 23 4 76 20 4 14 4 34 4 34 33 4 25 4 16 4 
iteration 671 best: 1.02792 time: 199887
50 43 4 28 4 32 4 48 26 4 8 4 82 26 4 25 4 23 4 53 9 4 17 4 25 4 25 36 4 12 4 18 4 45 26 4 41 4 23 4 23 4 87 38 4 14 4 23 4 47 24 4 26 4 55 12 4 18 4 57 26 4 20 4 25 4 40 4 74 31 4 22 4 86 34 4 42 4 71 28 4 27 4 17 4 5 4 20 4 58 35 4 40 4 34 4 25 4 98 42 4 23 4 66 24 4 40 4 30 4 40 4 38 18 4 24 4 47 4 69 28 4 33 4 36 30 4 33 4 74 19 20 56 19 4 48 4 43 4 65 25 20 76 19 4 11 4 28 4 40 35 4 32 4 28 4 26 4 19 25 4 23 4 22 28 4 29 4 27 4 51 19 4 11 4 54 14 4 33 4 24 4 71 21 4 14 4 35 4 54 27 4 29 4 78 16 4 35 4 53 38 4 99 28 4 33 4 24 4 46 31 4 31 4 56 36 4 43 4 83 42 4 42 4 82 38 4 32 4 33 9 4 31 4 25 14 4 23 4 70 37 4 37 4 67 41 4 32 4 40 30 4 35 4 36 4 63 27 4 33 4 45 21 4 27 4 23 4 48 27 4 18 4 49 4 63 28 4 28 4 27 4 29 4 65 39 4 45 4 19 4 10 4 59 27 4 12 4 22 4 31 18 4 27 4 45 24 4 43 4 19 4 57 48 4 14 4 13 4 63 34 4 39 4 30 4 40 40 4 24 4 31 4 70 33 16 30 16 31 26 4 30 31 16 14 16 75 29 4 29 4 52 43 4 41 4 8 4 35 37 4 12 4 28 4 20 4 78 35 4 16 4 53 25 4 18 4 29 4 17 4 37 22 4 22 4 14 4 48 28 4 39 4 31 4 71 17 4 37 4 29 4 59 44 4 37 4 26 4 59 22 4 40 4 28 4 27 4 75 20 4 30 4 21 4 22 4 47 28 4 32 4 23 4 76 20 4 14 4 34 4 34 33 4 25 4 16 4 
iteration 696 best: 1.02792 time: 207278
50 43 4 28 4 32 4 48 26 4 8 4 82 26 4 25 4 23 4 53 9 4 17 4 25 4 25 36 4 12 4 18 4 45 26 4 41 4 23 4 23 4 87 38 4 14 4 23 4 47 24 4 26 4 55 12 4 18 4 57 26 4 20 4 25 4 40 4 74 31 4 22 4 86 34 4 42 4 71 28 4 27 4 17 4 5 4 20 4 58 35 4 40 4 34 4 25 4 98 42 4 23 4 66 24 4 40 4 30 4 40 4 38 18 4 24 4 47 4 69 28 4 33 4 36 30 4 33 4 74 19 20 56 19 4 48 4 43 4 65 25 20 76 19 4 11 4 28 4 40 35 4 32 4 28 4 26 4 19 25 4 23 4 22 28 4 29 4 27 4 51 19 4 11 4 54 14 4 33 4 24 4 71 21 4 14 4 35 4 54 27 4 29 4 78 16 4 35 4 53 38 4 99 28 4 33 4 24 4 46 31 4 31 4 56 36 4 43 4 83 42 4 42 4 82 38 4 32 4 33 9 4 31 4 25 14 4 23 4 70 37 4 37 4 67 41 4 32 4 40 30 4 35 4 36 4 63 27 4 33 4 45 21 4 27 4 23 4 48 27 4 18 4 49 4 63 28 4 28 4 27 4 29 4 65 39 4 45 4 19 4 10 4 59 27 4 12 4 22 4 31 18 4 27 4 45 24 4 43 4 19 4 57 48 4 14 4 13 4 63 34 4 39 4 30 4 40 40 4 24 4 31 4 70 33 16 30 16 31 26 4 30 31 16 14 16 75 29 4 29 4 52 43 4 41 4 8 4 35 37 4 12 4 28 4 20 4 78 35 4 16 4 53 25 4 18 4 29 4 17 4 37 22 4 22 4 14 4 48 28 4 39 4 31 4 71 17 4 37 4 29 4 59 44 4 37 4 26 4 59 22 4 40 4 28 4 27 4 75 20 4 30 4 21 4 22 4 47 28 4 32 4 23 4 76 20 4 14 4 34 4 34 33 4 25 4 16 4 
iteration 721 best: 1.02792 time: 214683
50 43 4 28 4 32 4 48 26 4 8 4 82 26 4 25 4 23 4 53 9 4 17 4 25 4 25 36 4 12 4 18 4 45 26 4 41 4 23 4 23 4 87 38 4 14 4 23 4 47 24 4 26 4 55 12 4 18 4 57 26 4 20 4 25 4 40 4 74 31 4 22 4 86 34 4 42 4 71 28 4 27 4 17 4 5 4 20 4 58 35 4 40 4 34 4 25 4 98 42 4 23 4 66 24 4 40 4 30 4 40 4 38 18 4 24 4 47 4 69 28 4 33 4 36 30 4 33 4 74 19 20 56 19 4 48 4 43 4 65 25 20 76 19 4 11 4 28 4 40 35 4 32 4 28 4 26 4 19 25 4 23 4 22 28 4 29 4 27 4 51 19 4 11 4 54 14 4 33 4 24 4 71 21 4 14 4 35 4 54 27 4 29 4 78 16 4 35 4 53 38 4 99 28 4 33 4 24 4 46 31 4 31 4 56 36 4 43 4 83 42 4 42 4 82 38 4 32 4 33 9 4 31 4 25 14 4 23 4 70 37 4 37 4 67 41 4 32 4 40 30 4 35 4 36 4 63 27 4 33 4 45 21 4 27 4 23 4 48 27 4 18 4 49 4 63 28 4 28 4 27 4 29 4 65 39 4 45 4 19 4 10 4 59 27 4 12 4 22 4 31 18 4 27 4 45 24 4 43 4 19 4 57 48 4 14 4 13 4 63 34 4 39 4 30 4 40 40 4 24 4 31 4 70 33 16 30 16 31 26 4 30 31 16 14 16 75 29 4 29 4 52 43 4 41 4 8 4 35 37 4 12 4 28 4 20 4 78 35 4 16 4 53 25 4 18 4 29 4 17 4 37 22 4 22 4 14 4 48 28 4 39 4 31 4 71 17 4 37 4 29 4 59 44 4 37 4 26 4 59 22 4 40 4 28 4 27 4 75 20 4 30 4 21 4 22 4 47 28 4 32 4 23 4 76 20 4 14 4 34 4 34 33 4 25 4 16 4 
iteration 746 best: 1.02792 time: 222135
50 43 4 28 4 32 4 48 26 4 8 4 82 26 4 25 4 23 4 53 9 4 17 4 25 4 25 36 4 12 4 18 4 45 26 4 41 4 23 4 23 4 87 38 4 14 4 23 4 47 24 4 26 4 55 12 4 18 4 57 26 4 20 4 25 4 40 4 74 31 4 22 4 86 34 4 42 4 71 28 4 27 4 17 4 5 4 20 4 58 35 4 40 4 34 4 25 4 98 42 4 23 4 66 24 4 40 4 30 4 40 4 38 18 4 24 4 47 4 69 28 4 33 4 36 30 4 33 4 74 19 20 56 19 4 48 4 43 4 65 25 20 76 19 4 11 4 28 4 40 35 4 32 4 28 4 26 4 19 25 4 23 4 22 28 4 29 4 27 4 51 19 4 11 4 54 14 4 33 4 24 4 71 21 4 14 4 35 4 54 27 4 29 4 78 16 4 35 4 53 38 4 99 28 4 33 4 24 4 46 31 4 31 4 56 36 4 43 4 83 42 4 42 4 82 38 4 32 4 33 9 4 31 4 25 14 4 23 4 70 37 4 37 4 67 41 4 32 4 40 30 4 35 4 36 4 63 27 4 33 4 45 21 4 27 4 23 4 48 27 4 18 4 49 4 63 28 4 28 4 27 4 29 4 65 39 4 45 4 19 4 10 4 59 27 4 12 4 22 4 31 18 4 27 4 45 24 4 43 4 19 4 57 48 4 14 4 13 4 63 34 4 39 4 30 4 40 40 4 24 4 31 4 70 33 16 30 16 31 26 4 30 31 16 14 16 75 29 4 29 4 52 43 4 41 4 8 4 35 37 4 12 4 28 4 20 4 78 35 4 16 4 53 25 4 18 4 29 4 17 4 37 22 4 22 4 14 4 48 28 4 39 4 31 4 71 17 4 37 4 29 4 59 44 4 37 4 26 4 59 22 4 40 4 28 4 27 4 75 20 4 30 4 21 4 22 4 47 28 4 32 4 23 4 76 20 4 14 4 34 4 34 33 4 25 4 16 4 
iteration 771 best: 1.02792 time: 229571
50 43 4 28 4 32 4 48 26 4 8 4 82 26 4 25 4 23 4 53 9 4 17 4 25 4 25 36 4 12 4 18 4 45 26 4 41 4 23 4 23 4 87 38 4 14 4 23 4 47 24 4 26 4 55 12 4 18 4 57 26 4 20 4 25 4 40 4 74 31 4 22 4 86 34 4 42 4 71 28 4 27 4 17 4 5 4 20 4 58 35 4 40 4 34 4 25 4 98 42 4 23 4 66 24 4 40 4 30 4 40 4 38 18 4 24 4 47 4 69 28 4 33 4 36 30 4 33 4 74 19 20 56 19 4 48 4 43 4 65 25 20 76 19 4 11 4 28 4 40 35 4 32 4 28 4 26 4 19 25 4 23 4 22 28 4 29 4 27 4 51 19 4 11 4 54 14 4 33 4 24 4 71 21 4 14 4 35 4 54 27 4 29 4 78 16 4 35 4 53 38 4 99 28 4 33 4 24 4 46 31 4 31 4 56 36 4 43 4 83 42 4 42 4 82 38 4 32 4 33 9 4 31 4 25 14 4 23 4 70 37 4 37 4 67 41 4 32 4 40 30 4 35 4 36 4 63 27 4 33 4 45 21 4 27 4 23 4 48 27 4 18 4 49 4 63 28 4 28 4 27 4 29 4 65 39 4 45 4 19 4 10 4 59 27 4 12 4 22 4 31 18 4 27 4 45 24 4 43 4 19 4 57 48 4 14 4 13 4 63 34 4 39 4 30 4 40 40 4 24 4 31 4 70 33 16 30 16 31 26 4 30 31 16 14 16 75 29 4 29 4 52 43 4 41 4 8 4 35 37 4 12 4 28 4 20 4 78 35 4 16 4 53 25 4 18 4 29 4 17 4 37 22 4 22 4 14 4 48 28 4 39 4 31 4 71 17 4 37 4 29 4 59 44 4 37 4 26 4 59 22 4 40 4 28 4 27 4 75 20 4 30 4 21 4 22 4 47 28 4 32 4 23 4 76 20 4 14 4 34 4 34 33 4 25 4 16 4 
iteration 796 best: 1.02792 time: 237035
50 43 4 28 4 32 4 48 26 4 8 4 82 26 4 25 4 23 4 53 9 4 17 4 25 4 25 36 4 12 4 18 4 45 26 4 41 4 23 4 23 4 87 38 4 14 4 23 4 47 24 4 26 4 55 12 4 18 4 57 26 4 20 4 25 4 40 4 74 31 4 22 4 86 34 4 42 4 71 28 4 27 4 17 4 5 4 20 4 58 35 4 40 4 34 4 25 4 98 42 4 23 4 66 24 4 40 4 30 4 40 4 38 18 4 24 4 47 4 69 28 4 33 4 36 30 4 33 4 74 19 20 56 19 4 48 4 43 4 65 25 20 76 19 4 11 4 28 4 40 35 4 32 4 28 4 26 4 19 25 4 23 4 22 28 4 29 4 27 4 51 19 4 11 4 54 14 4 33 4 24 4 71 21 4 14 4 35 4 54 27 4 29 4 78 16 4 35 4 53 38 4 99 28 4 33 4 24 4 46 31 4 31 4 56 36 4 43 4 83 42 4 42 4 82 38 4 32 4 33 9 4 31 4 25 14 4 23 4 70 37 4 37 4 67 41 4 32 4 40 30 4 35 4 36 4 63 27 4 33 4 45 21 4 27 4 23 4 48 27 4 18 4 49 4 63 28 4 28 4 27 4 29 4 65 39 4 45 4 19 4 10 4 59 27 4 12 4 22 4 31 18 4 27 4 45 24 4 43 4 19 4 57 48 4 14 4 13 4 63 34 4 39 4 30 4 40 40 4 24 4 31 4 70 33 16 30 16 31 26 4 30 31 16 14 16 75 29 4 29 4 52 43 4 41 4 8 4 35 37 4 12 4 28 4 20 4 78 35 4 16 4 53 25 4 18 4 29 4 17 4 37 22 4 22 4 14 4 48 28 4 39 4 31 4 71 17 4 37 4 29 4 59 44 4 37 4 26 4 59 22 4 40 4 28 4 27 4 75 20 4 30 4 21 4 22 4 47 28 4 32 4 23 4 76 20 4 14 4 34 4 34 33 4 25 4 16 4 
iteration 821 best: 1.02792 time: 244442
50 43 4 28 4 32 4 48 26 4 8 4 82 26 4 25 4 23 4 53 9 4 17 4 25 4 25 36 4 12 4 18 4 45 26 4 41 4 23 4 23 4 87 38 4 14 4 23 4 47 24 4 26 4 55 12 4 18 4 57 26 4 20 4 25 4 40 4 74 31 4 22 4 86 34 4 42 4 71 28 4 27 4 17 4 5 4 20 4 58 35 4 40 4 34 4 25 4 98 42 4 23 4 66 24 4 40 4 30 4 40 4 38 18 4 24 4 47 4 69 28 4 33 4 36 30 4 33 4 74 19 20 56 19 4 48 4 43 4 65 25 20 76 19 4 11 4 28 4 40 35 4 32 4 28 4 26 4 19 25 4 23 4 22 28 4 29 4 27 4 51 19 4 11 4 54 14 4 33 4 24 4 71 21 4 14 4 35 4 54 27 4 29 4 78 16 4 35 4 53 38 4 99 28 4 33 4 24 4 46 31 4 31 4 56 36 4 43 4 83 42 4 42 4 82 38 4 32 4 33 9 4 31 4 25 14 4 23 4 70 37 4 37 4 67 41 4 32 4 40 30 4 35 4 36 4 63 27 4 33 4 45 21 4 27 4 23 4 48 27 4 18 4 49 4 63 28 4 28 4 27 4 29 4 65 39 4 45 4 19 4 10 4 59 27 4 12 4 22 4 31 18 4 27 4 45 24 4 43 4 19 4 57 48 4 14 4 13 4 63 34 4 39 4 30 4 40 40 4 24 4 31 4 70 33 16 30 16 31 26 4 30 31 16 14 16 75 29 4 29 4 52 43 4 41 4 8 4 35 37 4 12 4 28 4 20 4 78 35 4 16 4 53 25 4 18 4 29 4 17 4 37 22 4 22 4 14 4 48 28 4 39 4 31 4 71 17 4 37 4 29 4 59 44 4 37 4 26 4 59 22 4 40 4 28 4 27 4 75 20 4 30 4 21 4 22 4 47 28 4 32 4 23 4 76 20 4 14 4 34 4 34 33 4 25 4 16 4 
iteration 846 best: 1.02792 time: 251848
50 43 4 28 4 32 4 48 26 4 8 4 82 26 4 25 4 23 4 53 9 4 17 4 25 4 25 36 4 12 4 18 4 45 26 4 41 4 23 4 23 4 87 38 4 14 4 23 4 47 24 4 26 4 55 12 4 18 4 57 26 4 20 4 25 4 40 4 74 31 4 22 4 86 34 4 42 4 71 28 4 27 4 17 4 5 4 20 4 58 35 4 40 4 34 4 25 4 98 42 4 23 4 66 24 4 40 4 30 4 40 4 38 18 4 24 4 47 4 69 28 4 33 4 36 30 4 33 4 74 19 20 56 19 4 48 4 43 4 65 25 20 76 19 4 11 4 28 4 40 35 4 32 4 28 4 26 4 19 25 4 23 4 22 28 4 29 4 27 4 51 19 4 11 4 54 14 4 33 4 24 4 71 21 4 14 4 35 4 54 27 4 29 4 78 16 4 35 4 53 38 4 99 28 4 33 4 24 4 46 31 4 31 4 56 36 4 43 4 83 42 4 42 4 82 38 4 32 4 33 9 4 31 4 25 14 4 23 4 70 37 4 37 4 67 41 4 32 4 40 30 4 35 4 36 4 63 27 4 33 4 45 21 4 27 4 23 4 48 27 4 18 4 49 4 63 28 4 28 4 27 4 29 4 65 39 4 45 4 19 4 10 4 59 27 4 12 4 22 4 31 18 4 27 4 45 24 4 43 4 19 4 57 48 4 14 4 13 4 63 34 4 39 4 30 4 40 40 4 24 4 31 4 70 33 16 30 16 31 26 4 30 31 16 14 16 75 29 4 29 4 52 43 4 41 4 8 4 35 37 4 12 4 28 4 20 4 78 35 4 16 4 53 25 4 18 4 29 4 17 4 37 22 4 22 4 14 4 48 28 4 39 4 31 4 71 17 4 37 4 29 4 59 44 4 37 4 26 4 59 22 4 40 4 28 4 27 4 75 20 4 30 4 21 4 22 4 47 28 4 32 4 23 4 76 20 4 14 4 34 4 34 33 4 25 4 16 4 
iteration 871 best: 1.02792 time: 259236
50 43 4 28 4 32 4 48 26 4 8 4 82 26 4 25 4 23 4 53 9 4 17 4 25 4 25 36 4 12 4 18 4 45 26 4 41 4 23 4 23 4 87 38 4 14 4 23 4 47 24 4 26 4 55 12 4 18 4 57 26 4 20 4 25 4 40 4 74 31 4 22 4 86 34 4 42 4 71 28 4 27 4 17 4 5 4 20 4 58 35 4 40 4 34 4 25 4 98 42 4 23 4 66 24 4 40 4 30 4 40 4 38 18 4 24 4 47 4 69 28 4 33 4 36 30 4 33 4 74 19 20 56 19 4 48 4 43 4 65 25 20 76 19 4 11 4 28 4 40 35 4 32 4 28 4 26 4 19 25 4 23 4 22 28 4 29 4 27 4 51 19 4 11 4 54 14 4 33 4 24 4 71 21 4 14 4 35 4 54 27 4 29 4 78 16 4 35 4 53 38 4 99 28 4 33 4 24 4 46 31 4 31 4 56 36 4 43 4 83 42 4 42 4 82 38 4 32 4 33 9 4 31 4 25 14 4 23 4 70 37 4 37 4 67 41 4 32 4 40 30 4 35 4 36 4 63 27 4 33 4 45 21 4 27 4 23 4 48 27 4 18 4 49 4 63 28 4 28 4 27 4 29 4 65 39 4 45 4 19 4 10 4 59 27 4 12 4 22 4 31 18 4 27 4 45 24 4 43 4 19 4 57 48 4 14 4 13 4 63 34 4 39 4 30 4 40 40 4 24 4 31 4 70 33 16 30 16 31 26 4 30 31 16 14 16 75 29 4 29 4 52 43 4 41 4 8 4 35 37 4 12 4 28 4 20 4 78 35 4 16 4 53 25 4 18 4 29 4 17 4 37 22 4 22 4 14 4 48 28 4 39 4 31 4 71 17 4 37 4 29 4 59 44 4 37 4 26 4 59 22 4 40 4 28 4 27 4 75 20 4 30 4 21 4 22 4 47 28 4 32 4 23 4 76 20 4 14 4 34 4 34 33 4 25 4 16 4 
iteration 896 best: 1.02792 time: 266643
50 43 4 28 4 32 4 48 26 4 8 4 82 26 4 25 4 23 4 53 9 4 17 4 25 4 25 36 4 12 4 18 4 45 26 4 41 4 23 4 23 4 87 38 4 14 4 23 4 47 24 4 26 4 55 12 4 18 4 57 26 4 20 4 25 4 40 4 74 31 4 22 4 86 34 4 42 4 71 28 4 27 4 17 4 5 4 20 4 58 35 4 40 4 34 4 25 4 98 42 4 23 4 66 24 4 40 4 30 4 40 4 38 18 4 24 4 47 4 69 28 4 33 4 36 30 4 33 4 74 19 20 56 19 4 48 4 43 4 65 25 20 76 19 4 11 4 28 4 40 35 4 32 4 28 4 26 4 19 25 4 23 4 22 28 4 29 4 27 4 51 19 4 11 4 54 14 4 33 4 24 4 71 21 4 14 4 35 4 54 27 4 29 4 78 16 4 35 4 53 38 4 99 28 4 33 4 24 4 46 31 4 31 4 56 36 4 43 4 83 42 4 42 4 82 38 4 32 4 33 9 4 31 4 25 14 4 23 4 70 37 4 37 4 67 41 4 32 4 40 30 4 35 4 36 4 63 27 4 33 4 45 21 4 27 4 23 4 48 27 4 18 4 49 4 63 28 4 28 4 27 4 29 4 65 39 4 45 4 19 4 10 4 59 27 4 12 4 22 4 31 18 4 27 4 45 24 4 43 4 19 4 57 48 4 14 4 13 4 63 34 4 39 4 30 4 40 40 4 24 4 31 4 70 33 16 30 16 31 26 4 30 31 16 14 16 75 29 4 29 4 52 43 4 41 4 8 4 35 37 4 12 4 28 4 20 4 78 35 4 16 4 53 25 4 18 4 29 4 17 4 37 22 4 22 4 14 4 48 28 4 39 4 31 4 71 17 4 37 4 29 4 59 44 4 37 4 26 4 59 22 4 40 4 28 4 27 4 75 20 4 30 4 21 4 22 4 47 28 4 32 4 23 4 76 20 4 14 4 34 4 34 33 4 25 4 16 4 
iteration 921 best: 1.02792 time: 274048
50 43 4 28 4 32 4 48 26 4 8 4 82 26 4 25 4 23 4 53 9 4 17 4 25 4 25 36 4 12 4 18 4 45 26 4 41 4 23 4 23 4 87 38 4 14 4 23 4 47 24 4 26 4 55 12 4 18 4 57 26 4 20 4 25 4 40 4 74 31 4 22 4 86 34 4 42 4 71 28 4 27 4 17 4 5 4 20 4 58 35 4 40 4 34 4 25 4 98 42 4 23 4 66 24 4 40 4 30 4 40 4 38 18 4 24 4 47 4 69 28 4 33 4 36 30 4 33 4 74 19 20 56 19 4 48 4 43 4 65 25 20 76 19 4 11 4 28 4 40 35 4 32 4 28 4 26 4 19 25 4 23 4 22 28 4 29 4 27 4 51 19 4 11 4 54 14 4 33 4 24 4 71 21 4 14 4 35 4 54 27 4 29 4 78 16 4 35 4 53 38 4 99 28 4 33 4 24 4 46 31 4 31 4 56 36 4 43 4 83 42 4 42 4 82 38 4 32 4 33 9 4 31 4 25 14 4 23 4 70 37 4 37 4 67 41 4 32 4 40 30 4 35 4 36 4 63 27 4 33 4 45 21 4 27 4 23 4 48 27 4 18 4 49 4 63 28 4 28 4 27 4 29 4 65 39 4 45 4 19 4 10 4 59 27 4 12 4 22 4 31 18 4 27 4 45 24 4 43 4 19 4 57 48 4 14 4 13 4 63 34 4 39 4 30 4 40 40 4 24 4 31 4 70 33 16 30 16 31 26 4 30 31 16 14 16 75 29 4 29 4 52 43 4 41 4 8 4 35 37 4 12 4 28 4 20 4 78 35 4 16 4 53 25 4 18 4 29 4 17 4 37 22 4 22 4 14 4 48 28 4 39 4 31 4 71 17 4 37 4 29 4 59 44 4 37 4 26 4 59 22 4 40 4 28 4 27 4 75 20 4 30 4 21 4 22 4 47 28 4 32 4 23 4 76 20 4 14 4 34 4 34 33 4 25 4 16 4 
iteration 946 best: 1.02792 time: 281462
50 43 4 28 4 32 4 48 26 4 8 4 82 26 4 25 4 23 4 53 9 4 17 4 25 4 25 36 4 12 4 18 4 45 26 4 41 4 23 4 23 4 87 38 4 14 4 23 4 47 24 4 26 4 55 12 4 18 4 57 26 4 20 4 25 4 40 4 74 31 4 22 4 86 34 4 42 4 71 28 4 27 4 17 4 5 4 20 4 58 35 4 40 4 34 4 25 4 98 42 4 23 4 66 24 4 40 4 30 4 40 4 38 18 4 24 4 47 4 69 28 4 33 4 36 30 4 33 4 74 19 20 56 19 4 48 4 43 4 65 25 20 76 19 4 11 4 28 4 40 35 4 32 4 28 4 26 4 19 25 4 23 4 22 28 4 29 4 27 4 51 19 4 11 4 54 14 4 33 4 24 4 71 21 4 14 4 35 4 54 27 4 29 4 78 16 4 35 4 53 38 4 99 28 4 33 4 24 4 46 31 4 31 4 56 36 4 43 4 83 42 4 42 4 82 38 4 32 4 33 9 4 31 4 25 14 4 23 4 70 37 4 37 4 67 41 4 32 4 40 30 4 35 4 36 4 63 27 4 33 4 45 21 4 27 4 23 4 48 27 4 18 4 49 4 63 28 4 28 4 27 4 29 4 65 39 4 45 4 19 4 10 4 59 27 4 12 4 22 4 31 18 4 27 4 45 24 4 43 4 19 4 57 48 4 14 4 13 4 63 34 4 39 4 30 4 40 40 4 24 4 31 4 70 33 16 30 16 31 26 4 30 31 16 14 16 75 29 4 29 4 52 43 4 41 4 8 4 35 37 4 12 4 28 4 20 4 78 35 4 16 4 53 25 4 18 4 29 4 17 4 37 22 4 22 4 14 4 48 28 4 39 4 31 4 71 17 4 37 4 29 4 59 44 4 37 4 26 4 59 22 4 40 4 28 4 27 4 75 20 4 30 4 21 4 22 4 47 28 4 32 4 23 4 76 20 4 14 4 34 4 34 33 4 25 4 16 4 
iteration 971 best: 1.02792 time: 288889
50 43 4 28 4 32 4 48 26 4 8 4 82 26 4 25 4 23 4 53 9 4 17 4 25 4 25 36 4 12 4 18 4 45 26 4 41 4 23 4 23 4 87 38 4 14 4 23 4 47 24 4 26 4 55 12 4 18 4 57 26 4 20 4 25 4 40 4 74 31 4 22 4 86 34 4 42 4 71 28 4 27 4 17 4 5 4 20 4 58 35 4 40 4 34 4 25 4 98 42 4 23 4 66 24 4 40 4 30 4 40 4 38 18 4 24 4 47 4 69 28 4 33 4 36 30 4 33 4 74 19 20 56 19 4 48 4 43 4 65 25 20 76 19 4 11 4 28 4 40 35 4 32 4 28 4 26 4 19 25 4 23 4 22 28 4 29 4 27 4 51 19 4 11 4 54 14 4 33 4 24 4 71 21 4 14 4 35 4 54 27 4 29 4 78 16 4 35 4 53 38 4 99 28 4 33 4 24 4 46 31 4 31 4 56 36 4 43 4 83 42 4 42 4 82 38 4 32 4 33 9 4 31 4 25 14 4 23 4 70 37 4 37 4 67 41 4 32 4 40 30 4 35 4 36 4 63 27 4 33 4 45 21 4 27 4 23 4 48 27 4 18 4 49 4 63 28 4 28 4 27 4 29 4 65 39 4 45 4 19 4 10 4 59 27 4 12 4 22 4 31 18 4 27 4 45 24 4 43 4 19 4 57 48 4 14 4 13 4 63 34 4 39 4 30 4 40 40 4 24 4 31 4 70 33 16 30 16 31 26 4 30 31 16 14 16 75 29 4 29 4 52 43 4 41 4 8 4 35 37 4 12 4 28 4 20 4 78 35 4 16 4 53 25 4 18 4 29 4 17 4 37 22 4 22 4 14 4 48 28 4 39 4 31 4 71 17 4 37 4 29 4 59 44 4 37 4 26 4 59 22 4 40 4 28 4 27 4 75 20 4 30 4 21 4 22 4 47 28 4 32 4 23 4 76 20 4 14 4 34 4 34 33 4 25 4 16 4 
iteration 996 best: 1.02792 time: 296289
50 43 4 28 4 32 4 48 26 4 8 4 82 26 4 25 4 23 4 53 9 4 17 4 25 4 25 36 4 12 4 18 4 45 26 4 41 4 23 4 23 4 87 38 4 14 4 23 4 47 24 4 26 4 55 12 4 18 4 57 26 4 20 4 25 4 40 4 74 31 4 22 4 86 34 4 42 4 71 28 4 27 4 17 4 5 4 20 4 58 35 4 40 4 34 4 25 4 98 42 4 23 4 66 24 4 40 4 30 4 40 4 38 18 4 24 4 47 4 69 28 4 33 4 36 30 4 33 4 74 19 20 56 19 4 48 4 43 4 65 25 20 76 19 4 11 4 28 4 40 35 4 32 4 28 4 26 4 19 25 4 23 4 22 28 4 29 4 27 4 51 19 4 11 4 54 14 4 33 4 24 4 71 21 4 14 4 35 4 54 27 4 29 4 78 16 4 35 4 53 38 4 99 28 4 33 4 24 4 46 31 4 31 4 56 36 4 43 4 83 42 4 42 4 82 38 4 32 4 33 9 4 31 4 25 14 4 23 4 70 37 4 37 4 67 41 4 32 4 40 30 4 35 4 36 4 63 27 4 33 4 45 21 4 27 4 23 4 48 27 4 18 4 49 4 63 28 4 28 4 27 4 29 4 65 39 4 45 4 19 4 10 4 59 27 4 12 4 22 4 31 18 4 27 4 45 24 4 43 4 19 4 57 48 4 14 4 13 4 63 34 4 39 4 30 4 40 40 4 24 4 31 4 70 33 16 30 16 31 26 4 30 31 16 14 16 75 29 4 29 4 52 43 4 41 4 8 4 35 37 4 12 4 28 4 20 4 78 35 4 16 4 53 25 4 18 4 29 4 17 4 37 22 4 22 4 14 4 48 28 4 39 4 31 4 71 17 4 37 4 29 4 59 44 4 37 4 26 4 59 22 4 40 4 28 4 27 4 75 20 4 30 4 21 4 22 4 47 28 4 32 4 23 4 76 20 4 14 4 34 4 34 33 4 25 4 16 4 
iteration 1021 best: 1.02792 time: 303683
50 43 4 28 4 32 4 48 26 4 8 4 82 26 4 25 4 23 4 53 9 4 17 4 25 4 25 36 4 12 4 18 4 45 26 4 41 4 23 4 23 4 87 38 4 14 4 23 4 47 24 4 26 4 55 12 4 18 4 57 26 4 20 4 25 4 40 4 74 31 4 22 4 86 34 4 42 4 71 28 4 27 4 17 4 5 4 20 4 58 35 4 40 4 34 4 25 4 98 42 4 23 4 66 24 4 40 4 30 4 40 4 38 18 4 24 4 47 4 69 28 4 33 4 36 30 4 33 4 74 19 20 56 19 4 48 4 43 4 65 25 20 76 19 4 11 4 28 4 40 35 4 32 4 28 4 26 4 19 25 4 23 4 22 28 4 29 4 27 4 51 19 4 11 4 54 14 4 33 4 24 4 71 21 4 14 4 35 4 54 27 4 29 4 78 16 4 35 4 53 38 4 99 28 4 33 4 24 4 46 31 4 31 4 56 36 4 43 4 83 42 4 42 4 82 38 4 32 4 33 9 4 31 4 25 14 4 23 4 70 37 4 37 4 67 41 4 32 4 40 30 4 35 4 36 4 63 27 4 33 4 45 21 4 27 4 23 4 48 27 4 18 4 49 4 63 28 4 28 4 27 4 29 4 65 39 4 45 4 19 4 10 4 59 27 4 12 4 22 4 31 18 4 27 4 45 24 4 43 4 19 4 57 48 4 14 4 13 4 63 34 4 39 4 30 4 40 40 4 24 4 31 4 70 33 16 30 16 31 26 4 30 31 16 14 16 75 29 4 29 4 52 43 4 41 4 8 4 35 37 4 12 4 28 4 20 4 78 35 4 16 4 53 25 4 18 4 29 4 17 4 37 22 4 22 4 14 4 48 28 4 39 4 31 4 71 17 4 37 4 29 4 59 44 4 37 4 26 4 59 22 4 40 4 28 4 27 4 75 20 4 30 4 21 4 22 4 47 28 4 32 4 23 4 76 20 4 14 4 34 4 34 33 4 25 4 16 4 
iteration 1046 best: 1.02792 time: 311118
50 43 4 28 4 32 4 48 26 4 8 4 82 26 4 25 4 23 4 53 9 4 17 4 25 4 25 36 4 12 4 18 4 45 26 4 41 4 23 4 23 4 87 38 4 14 4 23 4 47 24 4 26 4 55 12 4 18 4 57 26 4 20 4 25 4 40 4 74 31 4 22 4 86 34 4 42 4 71 28 4 27 4 17 4 5 4 20 4 58 35 4 40 4 34 4 25 4 98 42 4 23 4 66 24 4 40 4 30 4 40 4 38 18 4 24 4 47 4 69 28 4 33 4 36 30 4 33 4 74 19 20 56 19 4 48 4 43 4 65 25 20 76 19 4 11 4 28 4 40 35 4 32 4 28 4 26 4 19 25 4 23 4 22 28 4 29 4 27 4 51 19 4 11 4 54 14 4 33 4 24 4 71 21 4 14 4 35 4 54 27 4 29 4 78 16 4 35 4 53 38 4 99 28 4 33 4 24 4 46 31 4 31 4 56 36 4 43 4 83 42 4 42 4 82 38 4 32 4 33 9 4 31 4 25 14 4 23 4 70 37 4 37 4 67 41 4 32 4 40 30 4 35 4 36 4 63 27 4 33 4 45 21 4 27 4 23 4 48 27 4 18 4 49 4 63 28 4 28 4 27 4 29 4 65 39 4 45 4 19 4 10 4 59 27 4 12 4 22 4 31 18 4 27 4 45 24 4 43 4 19 4 57 48 4 14 4 13 4 63 34 4 39 4 30 4 40 40 4 24 4 31 4 70 33 16 30 16 31 26 4 30 31 16 14 16 75 29 4 29 4 52 43 4 41 4 8 4 35 37 4 12 4 28 4 20 4 78 35 4 16 4 53 25 4 18 4 29 4 17 4 37 22 4 22 4 14 4 48 28 4 39 4 31 4 71 17 4 37 4 29 4 59 44 4 37 4 26 4 59 22 4 40 4 28 4 27 4 75 20 4 30 4 21 4 22 4 47 28 4 32 4 23 4 76 20 4 14 4 34 4 34 33 4 25 4 16 4 
iteration 1071 best: 1.02792 time: 318511
50 43 4 28 4 32 4 48 26 4 8 4 82 26 4 25 4 23 4 53 9 4 17 4 25 4 25 36 4 12 4 18 4 45 26 4 41 4 23 4 23 4 87 38 4 14 4 23 4 47 24 4 26 4 55 12 4 18 4 57 26 4 20 4 25 4 40 4 74 31 4 22 4 86 34 4 42 4 71 28 4 27 4 17 4 5 4 20 4 58 35 4 40 4 34 4 25 4 98 42 4 23 4 66 24 4 40 4 30 4 40 4 38 18 4 24 4 47 4 69 28 4 33 4 36 30 4 33 4 74 19 20 56 19 4 48 4 43 4 65 25 20 76 19 4 11 4 28 4 40 35 4 32 4 28 4 26 4 19 25 4 23 4 22 28 4 29 4 27 4 51 19 4 11 4 54 14 4 33 4 24 4 71 21 4 14 4 35 4 54 27 4 29 4 78 16 4 35 4 53 38 4 99 28 4 33 4 24 4 46 31 4 31 4 56 36 4 43 4 83 42 4 42 4 82 38 4 32 4 33 9 4 31 4 25 14 4 23 4 70 37 4 37 4 67 41 4 32 4 40 30 4 35 4 36 4 63 27 4 33 4 45 21 4 27 4 23 4 48 27 4 18 4 49 4 63 28 4 28 4 27 4 29 4 65 39 4 45 4 19 4 10 4 59 27 4 12 4 22 4 31 18 4 27 4 45 24 4 43 4 19 4 57 48 4 14 4 13 4 63 34 4 39 4 30 4 40 40 4 24 4 31 4 70 33 16 30 16 31 26 4 30 31 16 14 16 75 29 4 29 4 52 43 4 41 4 8 4 35 37 4 12 4 28 4 20 4 78 35 4 16 4 53 25 4 18 4 29 4 17 4 37 22 4 22 4 14 4 48 28 4 39 4 31 4 71 17 4 37 4 29 4 59 44 4 37 4 26 4 59 22 4 40 4 28 4 27 4 75 20 4 30 4 21 4 22 4 47 28 4 32 4 23 4 76 20 4 14 4 34 4 34 33 4 25 4 16 4 
iteration 1096 best: 1.02792 time: 325930
50 43 4 28 4 32 4 48 26 4 8 4 82 26 4 25 4 23 4 53 9 4 17 4 25 4 25 36 4 12 4 18 4 45 26 4 41 4 23 4 23 4 87 38 4 14 4 23 4 47 24 4 26 4 55 12 4 18 4 57 26 4 20 4 25 4 40 4 74 31 4 22 4 86 34 4 42 4 71 28 4 27 4 17 4 5 4 20 4 58 35 4 40 4 34 4 25 4 98 42 4 23 4 66 24 4 40 4 30 4 40 4 38 18 4 24 4 47 4 69 28 4 33 4 36 30 4 33 4 74 19 20 56 19 4 48 4 43 4 65 25 20 76 19 4 11 4 28 4 40 35 4 32 4 28 4 26 4 19 25 4 23 4 22 28 4 29 4 27 4 51 19 4 11 4 54 14 4 33 4 24 4 71 21 4 14 4 35 4 54 27 4 29 4 78 16 4 35 4 53 38 4 99 28 4 33 4 24 4 46 31 4 31 4 56 36 4 43 4 83 42 4 42 4 82 38 4 32 4 33 9 4 31 4 25 14 4 23 4 70 37 4 37 4 67 41 4 32 4 40 30 4 35 4 36 4 63 27 4 33 4 45 21 4 27 4 23 4 48 27 4 18 4 49 4 63 28 4 28 4 27 4 29 4 65 39 4 45 4 19 4 10 4 59 27 4 12 4 22 4 31 18 4 27 4 45 24 4 43 4 19 4 57 48 4 14 4 13 4 63 34 4 39 4 30 4 40 40 4 24 4 31 4 70 33 16 30 16 31 26 4 30 31 16 14 16 75 29 4 29 4 52 43 4 41 4 8 4 35 37 4 12 4 28 4 20 4 78 35 4 16 4 53 25 4 18 4 29 4 17 4 37 22 4 22 4 14 4 48 28 4 39 4 31 4 71 17 4 37 4 29 4 59 44 4 37 4 26 4 59 22 4 40 4 28 4 27 4 75 20 4 30 4 21 4 22 4 47 28 4 32 4 23 4 76 20 4 14 4 34 4 34 33 4 25 4 16 4 
iteration 1121 best: 1.02792 time: 333330
50 43 4 28 4 32 4 48 26 4 8 4 82 26 4 25 4 23 4 53 9 4 17 4 25 4 25 36 4 12 4 18 4 45 26 4 41 4 23 4 23 4 87 38 4 14 4 23 4 47 24 4 26 4 55 12 4 18 4 57 26 4 20 4 25 4 40 4 74 31 4 22 4 86 34 4 42 4 71 28 4 27 4 17 4 5 4 20 4 58 35 4 40 4 34 4 25 4 98 42 4 23 4 66 24 4 40 4 30 4 40 4 38 18 4 24 4 47 4 69 28 4 33 4 36 30 4 33 4 74 19 20 56 19 4 48 4 43 4 65 25 20 76 19 4 11 4 28 4 40 35 4 32 4 28 4 26 4 19 25 4 23 4 22 28 4 29 4 27 4 51 19 4 11 4 54 14 4 33 4 24 4 71 21 4 14 4 35 4 54 27 4 29 4 78 16 4 35 4 53 38 4 99 28 4 33 4 24 4 46 31 4 31 4 56 36 4 43 4 83 42 4 42 4 82 38 4 32 4 33 9 4 31 4 25 14 4 23 4 70 37 4 37 4 67 41 4 32 4 40 30 4 35 4 36 4 63 27 4 33 4 45 21 4 27 4 23 4 48 27 4 18 4 49 4 63 28 4 28 4 27 4 29 4 65 39 4 45 4 19 4 10 4 59 27 4 12 4 22 4 31 18 4 27 4 45 24 4 43 4 19 4 57 48 4 14 4 13 4 63 34 4 39 4 30 4 40 40 4 24 4 31 4 70 33 16 30 16 31 26 4 30 31 16 14 16 75 29 4 29 4 52 43 4 41 4 8 4 35 37 4 12 4 28 4 20 4 78 35 4 16 4 53 25 4 18 4 29 4 17 4 37 22 4 22 4 14 4 48 28 4 39 4 31 4 71 17 4 37 4 29 4 59 44 4 37 4 26 4 59 22 4 40 4 28 4 27 4 75 20 4 30 4 21 4 22 4 47 28 4 32 4 23 4 76 20 4 14 4 34 4 34 33 4 25 4 16 4 
iteration 1146 best: 1.02792 time: 340735
50 43 4 28 4 32 4 48 26 4 8 4 82 26 4 25 4 23 4 53 9 4 17 4 25 4 25 36 4 12 4 18 4 45 26 4 41 4 23 4 23 4 87 38 4 14 4 23 4 47 24 4 26 4 55 12 4 18 4 57 26 4 20 4 25 4 40 4 74 31 4 22 4 86 34 4 42 4 71 28 4 27 4 17 4 5 4 20 4 58 35 4 40 4 34 4 25 4 98 42 4 23 4 66 24 4 40 4 30 4 40 4 38 18 4 24 4 47 4 69 28 4 33 4 36 30 4 33 4 74 19 20 56 19 4 48 4 43 4 65 25 20 76 19 4 11 4 28 4 40 35 4 32 4 28 4 26 4 19 25 4 23 4 22 28 4 29 4 27 4 51 19 4 11 4 54 14 4 33 4 24 4 71 21 4 14 4 35 4 54 27 4 29 4 78 16 4 35 4 53 38 4 99 28 4 33 4 24 4 46 31 4 31 4 56 36 4 43 4 83 42 4 42 4 82 38 4 32 4 33 9 4 31 4 25 14 4 23 4 70 37 4 37 4 67 41 4 32 4 40 30 4 35 4 36 4 63 27 4 33 4 45 21 4 27 4 23 4 48 27 4 18 4 49 4 63 28 4 28 4 27 4 29 4 65 39 4 45 4 19 4 10 4 59 27 4 12 4 22 4 31 18 4 27 4 45 24 4 43 4 19 4 57 48 4 14 4 13 4 63 34 4 39 4 30 4 40 40 4 24 4 31 4 70 33 16 30 16 31 26 4 30 31 16 14 16 75 29 4 29 4 52 43 4 41 4 8 4 35 37 4 12 4 28 4 20 4 78 35 4 16 4 53 25 4 18 4 29 4 17 4 37 22 4 22 4 14 4 48 28 4 39 4 31 4 71 17 4 37 4 29 4 59 44 4 37 4 26 4 59 22 4 40 4 28 4 27 4 75 20 4 30 4 21 4 22 4 47 28 4 32 4 23 4 76 20 4 14 4 34 4 34 33 4 25 4 16 4 
iteration 1171 best: 1.02792 time: 348141
50 43 4 28 4 32 4 48 26 4 8 4 82 26 4 25 4 23 4 53 9 4 17 4 25 4 25 36 4 12 4 18 4 45 26 4 41 4 23 4 23 4 87 38 4 14 4 23 4 47 24 4 26 4 55 12 4 18 4 57 26 4 20 4 25 4 40 4 74 31 4 22 4 86 34 4 42 4 71 28 4 27 4 17 4 5 4 20 4 58 35 4 40 4 34 4 25 4 98 42 4 23 4 66 24 4 40 4 30 4 40 4 38 18 4 24 4 47 4 69 28 4 33 4 36 30 4 33 4 74 19 20 56 19 4 48 4 43 4 65 25 20 76 19 4 11 4 28 4 40 35 4 32 4 28 4 26 4 19 25 4 23 4 22 28 4 29 4 27 4 51 19 4 11 4 54 14 4 33 4 24 4 71 21 4 14 4 35 4 54 27 4 29 4 78 16 4 35 4 53 38 4 99 28 4 33 4 24 4 46 31 4 31 4 56 36 4 43 4 83 42 4 42 4 82 38 4 32 4 33 9 4 31 4 25 14 4 23 4 70 37 4 37 4 67 41 4 32 4 40 30 4 35 4 36 4 63 27 4 33 4 45 21 4 27 4 23 4 48 27 4 18 4 49 4 63 28 4 28 4 27 4 29 4 65 39 4 45 4 19 4 10 4 59 27 4 12 4 22 4 31 18 4 27 4 45 24 4 43 4 19 4 57 48 4 14 4 13 4 63 34 4 39 4 30 4 40 40 4 24 4 31 4 70 33 16 30 16 31 26 4 30 31 16 14 16 75 29 4 29 4 52 43 4 41 4 8 4 35 37 4 12 4 28 4 20 4 78 35 4 16 4 53 25 4 18 4 29 4 17 4 37 22 4 22 4 14 4 48 28 4 39 4 31 4 71 17 4 37 4 29 4 59 44 4 37 4 26 4 59 22 4 40 4 28 4 27 4 75 20 4 30 4 21 4 22 4 47 28 4 32 4 23 4 76 20 4 14 4 34 4 34 33 4 25 4 16 4 
iteration 1196 best: 1.02792 time: 355551
50 43 4 28 4 32 4 48 26 4 8 4 82 26 4 25 4 23 4 53 9 4 17 4 25 4 25 36 4 12 4 18 4 45 26 4 41 4 23 4 23 4 87 38 4 14 4 23 4 47 24 4 26 4 55 12 4 18 4 57 26 4 20 4 25 4 40 4 74 31 4 22 4 86 34 4 42 4 71 28 4 27 4 17 4 5 4 20 4 58 35 4 40 4 34 4 25 4 98 42 4 23 4 66 24 4 40 4 30 4 40 4 38 18 4 24 4 47 4 69 28 4 33 4 36 30 4 33 4 74 19 20 56 19 4 48 4 43 4 65 25 20 76 19 4 11 4 28 4 40 35 4 32 4 28 4 26 4 19 25 4 23 4 22 28 4 29 4 27 4 51 19 4 11 4 54 14 4 33 4 24 4 71 21 4 14 4 35 4 54 27 4 29 4 78 16 4 35 4 53 38 4 99 28 4 33 4 24 4 46 31 4 31 4 56 36 4 43 4 83 42 4 42 4 82 38 4 32 4 33 9 4 31 4 25 14 4 23 4 70 37 4 37 4 67 41 4 32 4 40 30 4 35 4 36 4 63 27 4 33 4 45 21 4 27 4 23 4 48 27 4 18 4 49 4 63 28 4 28 4 27 4 29 4 65 39 4 45 4 19 4 10 4 59 27 4 12 4 22 4 31 18 4 27 4 45 24 4 43 4 19 4 57 48 4 14 4 13 4 63 34 4 39 4 30 4 40 40 4 24 4 31 4 70 33 16 30 16 31 26 4 30 31 16 14 16 75 29 4 29 4 52 43 4 41 4 8 4 35 37 4 12 4 28 4 20 4 78 35 4 16 4 53 25 4 18 4 29 4 17 4 37 22 4 22 4 14 4 48 28 4 39 4 31 4 71 17 4 37 4 29 4 59 44 4 37 4 26 4 59 22 4 40 4 28 4 27 4 75 20 4 30 4 21 4 22 4 47 28 4 32 4 23 4 76 20 4 14 4 34 4 34 33 4 25 4 16 4 
iteration 1221 best: 1.02792 time: 362947
50 43 4 28 4 32 4 48 26 4 8 4 82 26 4 25 4 23 4 53 9 4 17 4 25 4 25 36 4 12 4 18 4 45 26 4 41 4 23 4 23 4 87 38 4 14 4 23 4 47 24 4 26 4 55 12 4 18 4 57 26 4 20 4 25 4 40 4 74 31 4 22 4 86 34 4 42 4 71 28 4 27 4 17 4 5 4 20 4 58 35 4 40 4 34 4 25 4 98 42 4 23 4 66 24 4 40 4 30 4 40 4 38 18 4 24 4 47 4 69 28 4 33 4 36 30 4 33 4 74 19 20 56 19 4 48 4 43 4 65 25 20 76 19 4 11 4 28 4 40 35 4 32 4 28 4 26 4 19 25 4 23 4 22 28 4 29 4 27 4 51 19 4 11 4 54 14 4 33 4 24 4 71 21 4 14 4 35 4 54 27 4 29 4 78 16 4 35 4 53 38 4 99 28 4 33 4 24 4 46 31 4 31 4 56 36 4 43 4 83 42 4 42 4 82 38 4 32 4 33 9 4 31 4 25 14 4 23 4 70 37 4 37 4 67 41 4 32 4 40 30 4 35 4 36 4 63 27 4 33 4 45 21 4 27 4 23 4 48 27 4 18 4 49 4 63 28 4 28 4 27 4 29 4 65 39 4 45 4 19 4 10 4 59 27 4 12 4 22 4 31 18 4 27 4 45 24 4 43 4 19 4 57 48 4 14 4 13 4 63 34 4 39 4 30 4 40 40 4 24 4 31 4 70 33 16 30 16 31 26 4 30 31 16 14 16 75 29 4 29 4 52 43 4 41 4 8 4 35 37 4 12 4 28 4 20 4 78 35 4 16 4 53 25 4 18 4 29 4 17 4 37 22 4 22 4 14 4 48 28 4 39 4 31 4 71 17 4 37 4 29 4 59 44 4 37 4 26 4 59 22 4 40 4 28 4 27 4 75 20 4 30 4 21 4 22 4 47 28 4 32 4 23 4 76 20 4 14 4 34 4 34 33 4 25 4 16 4 
iteration 1246 best: 1.02792 time: 370360
50 43 4 28 4 32 4 48 26 4 8 4 82 26 4 25 4 23 4 53 9 4 17 4 25 4 25 36 4 12 4 18 4 45 26 4 41 4 23 4 23 4 87 38 4 14 4 23 4 47 24 4 26 4 55 12 4 18 4 57 26 4 20 4 25 4 40 4 74 31 4 22 4 86 34 4 42 4 71 28 4 27 4 17 4 5 4 20 4 58 35 4 40 4 34 4 25 4 98 42 4 23 4 66 24 4 40 4 30 4 40 4 38 18 4 24 4 47 4 69 28 4 33 4 36 30 4 33 4 74 19 20 56 19 4 48 4 43 4 65 25 20 76 19 4 11 4 28 4 40 35 4 32 4 28 4 26 4 19 25 4 23 4 22 28 4 29 4 27 4 51 19 4 11 4 54 14 4 33 4 24 4 71 21 4 14 4 35 4 54 27 4 29 4 78 16 4 35 4 53 38 4 99 28 4 33 4 24 4 46 31 4 31 4 56 36 4 43 4 83 42 4 42 4 82 38 4 32 4 33 9 4 31 4 25 14 4 23 4 70 37 4 37 4 67 41 4 32 4 40 30 4 35 4 36 4 63 27 4 33 4 45 21 4 27 4 23 4 48 27 4 18 4 49 4 63 28 4 28 4 27 4 29 4 65 39 4 45 4 19 4 10 4 59 27 4 12 4 22 4 31 18 4 27 4 45 24 4 43 4 19 4 57 48 4 14 4 13 4 63 34 4 39 4 30 4 40 40 4 24 4 31 4 70 33 16 30 16 31 26 4 30 31 16 14 16 75 29 4 29 4 52 43 4 41 4 8 4 35 37 4 12 4 28 4 20 4 78 35 4 16 4 53 25 4 18 4 29 4 17 4 37 22 4 22 4 14 4 48 28 4 39 4 31 4 71 17 4 37 4 29 4 59 44 4 37 4 26 4 59 22 4 40 4 28 4 27 4 75 20 4 30 4 21 4 22 4 47 28 4 32 4 23 4 76 20 4 14 4 34 4 34 33 4 25 4 16 4 
iteration 1271 best: 1.02792 time: 377747
50 43 4 28 4 32 4 48 26 4 8 4 82 26 4 25 4 23 4 53 9 4 17 4 25 4 25 36 4 12 4 18 4 45 26 4 41 4 23 4 23 4 87 38 4 14 4 23 4 47 24 4 26 4 55 12 4 18 4 57 26 4 20 4 25 4 40 4 74 31 4 22 4 86 34 4 42 4 71 28 4 27 4 17 4 5 4 20 4 58 35 4 40 4 34 4 25 4 98 42 4 23 4 66 24 4 40 4 30 4 40 4 38 18 4 24 4 47 4 69 28 4 33 4 36 30 4 33 4 74 19 20 56 19 4 48 4 43 4 65 25 20 76 19 4 11 4 28 4 40 35 4 32 4 28 4 26 4 19 25 4 23 4 22 28 4 29 4 27 4 51 19 4 11 4 54 14 4 33 4 24 4 71 21 4 14 4 35 4 54 27 4 29 4 78 16 4 35 4 53 38 4 99 28 4 33 4 24 4 46 31 4 31 4 56 36 4 43 4 83 42 4 42 4 82 38 4 32 4 33 9 4 31 4 25 14 4 23 4 70 37 4 37 4 67 41 4 32 4 40 30 4 35 4 36 4 63 27 4 33 4 45 21 4 27 4 23 4 48 27 4 18 4 49 4 63 28 4 28 4 27 4 29 4 65 39 4 45 4 19 4 10 4 59 27 4 12 4 22 4 31 18 4 27 4 45 24 4 43 4 19 4 57 48 4 14 4 13 4 63 34 4 39 4 30 4 40 40 4 24 4 31 4 70 33 16 30 16 31 26 4 30 31 16 14 16 75 29 4 29 4 52 43 4 41 4 8 4 35 37 4 12 4 28 4 20 4 78 35 4 16 4 53 25 4 18 4 29 4 17 4 37 22 4 22 4 14 4 48 28 4 39 4 31 4 71 17 4 37 4 29 4 59 44 4 37 4 26 4 59 22 4 40 4 28 4 27 4 75 20 4 30 4 21 4 22 4 47 28 4 32 4 23 4 76 20 4 14 4 34 4 34 33 4 25 4 16 4 
iteration 1296 best: 1.02792 time: 385170
50 43 4 28 4 32 4 48 26 4 8 4 82 26 4 25 4 23 4 53 9 4 17 4 25 4 25 36 4 12 4 18 4 45 26 4 41 4 23 4 23 4 87 38 4 14 4 23 4 47 24 4 26 4 55 12 4 18 4 57 26 4 20 4 25 4 40 4 74 31 4 22 4 86 34 4 42 4 71 28 4 27 4 17 4 5 4 20 4 58 35 4 40 4 34 4 25 4 98 42 4 23 4 66 24 4 40 4 30 4 40 4 38 18 4 24 4 47 4 69 28 4 33 4 36 30 4 33 4 74 19 20 56 19 4 48 4 43 4 65 25 20 76 19 4 11 4 28 4 40 35 4 32 4 28 4 26 4 19 25 4 23 4 22 28 4 29 4 27 4 51 19 4 11 4 54 14 4 33 4 24 4 71 21 4 14 4 35 4 54 27 4 29 4 78 16 4 35 4 53 38 4 99 28 4 33 4 24 4 46 31 4 31 4 56 36 4 43 4 83 42 4 42 4 82 38 4 32 4 33 9 4 31 4 25 14 4 23 4 70 37 4 37 4 67 41 4 32 4 40 30 4 35 4 36 4 63 27 4 33 4 45 21 4 27 4 23 4 48 27 4 18 4 49 4 63 28 4 28 4 27 4 29 4 65 39 4 45 4 19 4 10 4 59 27 4 12 4 22 4 31 18 4 27 4 45 24 4 43 4 19 4 57 48 4 14 4 13 4 63 34 4 39 4 30 4 40 40 4 24 4 31 4 70 33 16 30 16 31 26 4 30 31 16 14 16 75 29 4 29 4 52 43 4 41 4 8 4 35 37 4 12 4 28 4 20 4 78 35 4 16 4 53 25 4 18 4 29 4 17 4 37 22 4 22 4 14 4 48 28 4 39 4 31 4 71 17 4 37 4 29 4 59 44 4 37 4 26 4 59 22 4 40 4 28 4 27 4 75 20 4 30 4 21 4 22 4 47 28 4 32 4 23 4 76 20 4 14 4 34 4 34 33 4 25 4 16 4 
iteration 1321 best: 1.02792 time: 392568
50 43 4 28 4 32 4 48 26 4 8 4 82 26 4 25 4 23 4 53 9 4 17 4 25 4 25 36 4 12 4 18 4 45 26 4 41 4 23 4 23 4 87 38 4 14 4 23 4 47 24 4 26 4 55 12 4 18 4 57 26 4 20 4 25 4 40 4 74 31 4 22 4 86 34 4 42 4 71 28 4 27 4 17 4 5 4 20 4 58 35 4 40 4 34 4 25 4 98 42 4 23 4 66 24 4 40 4 30 4 40 4 38 18 4 24 4 47 4 69 28 4 33 4 36 30 4 33 4 74 19 20 56 19 4 48 4 43 4 65 25 20 76 19 4 11 4 28 4 40 35 4 32 4 28 4 26 4 19 25 4 23 4 22 28 4 29 4 27 4 51 19 4 11 4 54 14 4 33 4 24 4 71 21 4 14 4 35 4 54 27 4 29 4 78 16 4 35 4 53 38 4 99 28 4 33 4 24 4 46 31 4 31 4 56 36 4 43 4 83 42 4 42 4 82 38 4 32 4 33 9 4 31 4 25 14 4 23 4 70 37 4 37 4 67 41 4 32 4 40 30 4 35 4 36 4 63 27 4 33 4 45 21 4 27 4 23 4 48 27 4 18 4 49 4 63 28 4 28 4 27 4 29 4 65 39 4 45 4 19 4 10 4 59 27 4 12 4 22 4 31 18 4 27 4 45 24 4 43 4 19 4 57 48 4 14 4 13 4 63 34 4 39 4 30 4 40 40 4 24 4 31 4 70 33 16 30 16 31 26 4 30 31 16 14 16 75 29 4 29 4 52 43 4 41 4 8 4 35 37 4 12 4 28 4 20 4 78 35 4 16 4 53 25 4 18 4 29 4 17 4 37 22 4 22 4 14 4 48 28 4 39 4 31 4 71 17 4 37 4 29 4 59 44 4 37 4 26 4 59 22 4 40 4 28 4 27 4 75 20 4 30 4 21 4 22 4 47 28 4 32 4 23 4 76 20 4 14 4 34 4 34 33 4 25 4 16 4 
iteration 1346 best: 1.02792 time: 399961
50 43 4 28 4 32 4 48 26 4 8 4 82 26 4 25 4 23 4 53 9 4 17 4 25 4 25 36 4 12 4 18 4 45 26 4 41 4 23 4 23 4 87 38 4 14 4 23 4 47 24 4 26 4 55 12 4 18 4 57 26 4 20 4 25 4 40 4 74 31 4 22 4 86 34 4 42 4 71 28 4 27 4 17 4 5 4 20 4 58 35 4 40 4 34 4 25 4 98 42 4 23 4 66 24 4 40 4 30 4 40 4 38 18 4 24 4 47 4 69 28 4 33 4 36 30 4 33 4 74 19 20 56 19 4 48 4 43 4 65 25 20 76 19 4 11 4 28 4 40 35 4 32 4 28 4 26 4 19 25 4 23 4 22 28 4 29 4 27 4 51 19 4 11 4 54 14 4 33 4 24 4 71 21 4 14 4 35 4 54 27 4 29 4 78 16 4 35 4 53 38 4 99 28 4 33 4 24 4 46 31 4 31 4 56 36 4 43 4 83 42 4 42 4 82 38 4 32 4 33 9 4 31 4 25 14 4 23 4 70 37 4 37 4 67 41 4 32 4 40 30 4 35 4 36 4 63 27 4 33 4 45 21 4 27 4 23 4 48 27 4 18 4 49 4 63 28 4 28 4 27 4 29 4 65 39 4 45 4 19 4 10 4 59 27 4 12 4 22 4 31 18 4 27 4 45 24 4 43 4 19 4 57 48 4 14 4 13 4 63 34 4 39 4 30 4 40 40 4 24 4 31 4 70 33 16 30 16 31 26 4 30 31 16 14 16 75 29 4 29 4 52 43 4 41 4 8 4 35 37 4 12 4 28 4 20 4 78 35 4 16 4 53 25 4 18 4 29 4 17 4 37 22 4 22 4 14 4 48 28 4 39 4 31 4 71 17 4 37 4 29 4 59 44 4 37 4 26 4 59 22 4 40 4 28 4 27 4 75 20 4 30 4 21 4 22 4 47 28 4 32 4 23 4 76 20 4 14 4 34 4 34 33 4 25 4 16 4 
iteration 1371 best: 1.02792 time: 407363
50 43 4 28 4 32 4 48 26 4 8 4 82 26 4 25 4 23 4 53 9 4 17 4 25 4 25 36 4 12 4 18 4 45 26 4 41 4 23 4 23 4 87 38 4 14 4 23 4 47 24 4 26 4 55 12 4 18 4 57 26 4 20 4 25 4 40 4 74 31 4 22 4 86 34 4 42 4 71 28 4 27 4 17 4 5 4 20 4 58 35 4 40 4 34 4 25 4 98 42 4 23 4 66 24 4 40 4 30 4 40 4 38 18 4 24 4 47 4 69 28 4 33 4 36 30 4 33 4 74 19 20 56 19 4 48 4 43 4 65 25 20 76 19 4 11 4 28 4 40 35 4 32 4 28 4 26 4 19 25 4 23 4 22 28 4 29 4 27 4 51 19 4 11 4 54 14 4 33 4 24 4 71 21 4 14 4 35 4 54 27 4 29 4 78 16 4 35 4 53 38 4 99 28 4 33 4 24 4 46 31 4 31 4 56 36 4 43 4 83 42 4 42 4 82 38 4 32 4 33 9 4 31 4 25 14 4 23 4 70 37 4 37 4 67 41 4 32 4 40 30 4 35 4 36 4 63 27 4 33 4 45 21 4 27 4 23 4 48 27 4 18 4 49 4 63 28 4 28 4 27 4 29 4 65 39 4 45 4 19 4 10 4 59 27 4 12 4 22 4 31 18 4 27 4 45 24 4 43 4 19 4 57 48 4 14 4 13 4 63 34 4 39 4 30 4 40 40 4 24 4 31 4 70 33 16 30 16 31 26 4 30 31 16 14 16 75 29 4 29 4 52 43 4 41 4 8 4 35 37 4 12 4 28 4 20 4 78 35 4 16 4 53 25 4 18 4 29 4 17 4 37 22 4 22 4 14 4 48 28 4 39 4 31 4 71 17 4 37 4 29 4 59 44 4 37 4 26 4 59 22 4 40 4 28 4 27 4 75 20 4 30 4 21 4 22 4 47 28 4 32 4 23 4 76 20 4 14 4 34 4 34 33 4 25 4 16 4 
iteration 1396 best: 1.02792 time: 414750
50 43 4 28 4 32 4 48 26 4 8 4 82 26 4 25 4 23 4 53 9 4 17 4 25 4 25 36 4 12 4 18 4 45 26 4 41 4 23 4 23 4 87 38 4 14 4 23 4 47 24 4 26 4 55 12 4 18 4 57 26 4 20 4 25 4 40 4 74 31 4 22 4 86 34 4 42 4 71 28 4 27 4 17 4 5 4 20 4 58 35 4 40 4 34 4 25 4 98 42 4 23 4 66 24 4 40 4 30 4 40 4 38 18 4 24 4 47 4 69 28 4 33 4 36 30 4 33 4 74 19 20 56 19 4 48 4 43 4 65 25 20 76 19 4 11 4 28 4 40 35 4 32 4 28 4 26 4 19 25 4 23 4 22 28 4 29 4 27 4 51 19 4 11 4 54 14 4 33 4 24 4 71 21 4 14 4 35 4 54 27 4 29 4 78 16 4 35 4 53 38 4 99 28 4 33 4 24 4 46 31 4 31 4 56 36 4 43 4 83 42 4 42 4 82 38 4 32 4 33 9 4 31 4 25 14 4 23 4 70 37 4 37 4 67 41 4 32 4 40 30 4 35 4 36 4 63 27 4 33 4 45 21 4 27 4 23 4 48 27 4 18 4 49 4 63 28 4 28 4 27 4 29 4 65 39 4 45 4 19 4 10 4 59 27 4 12 4 22 4 31 18 4 27 4 45 24 4 43 4 19 4 57 48 4 14 4 13 4 63 34 4 39 4 30 4 40 40 4 24 4 31 4 70 33 16 30 16 31 26 4 30 31 16 14 16 75 29 4 29 4 52 43 4 41 4 8 4 35 37 4 12 4 28 4 20 4 78 35 4 16 4 53 25 4 18 4 29 4 17 4 37 22 4 22 4 14 4 48 28 4 39 4 31 4 71 17 4 37 4 29 4 59 44 4 37 4 26 4 59 22 4 40 4 28 4 27 4 75 20 4 30 4 21 4 22 4 47 28 4 32 4 23 4 76 20 4 14 4 34 4 34 33 4 25 4 16 4 
iteration 1421 best: 1.02792 time: 422149
50 43 4 28 4 32 4 48 26 4 8 4 82 26 4 25 4 23 4 53 9 4 17 4 25 4 25 36 4 12 4 18 4 45 26 4 41 4 23 4 23 4 87 38 4 14 4 23 4 47 24 4 26 4 55 12 4 18 4 57 26 4 20 4 25 4 40 4 74 31 4 22 4 86 34 4 42 4 71 28 4 27 4 17 4 5 4 20 4 58 35 4 40 4 34 4 25 4 98 42 4 23 4 66 24 4 40 4 30 4 40 4 38 18 4 24 4 47 4 69 28 4 33 4 36 30 4 33 4 74 19 20 56 19 4 48 4 43 4 65 25 20 76 19 4 11 4 28 4 40 35 4 32 4 28 4 26 4 19 25 4 23 4 22 28 4 29 4 27 4 51 19 4 11 4 54 14 4 33 4 24 4 71 21 4 14 4 35 4 54 27 4 29 4 78 16 4 35 4 53 38 4 99 28 4 33 4 24 4 46 31 4 31 4 56 36 4 43 4 83 42 4 42 4 82 38 4 32 4 33 9 4 31 4 25 14 4 23 4 70 37 4 37 4 67 41 4 32 4 40 30 4 35 4 36 4 63 27 4 33 4 45 21 4 27 4 23 4 48 27 4 18 4 49 4 63 28 4 28 4 27 4 29 4 65 39 4 45 4 19 4 10 4 59 27 4 12 4 22 4 31 18 4 27 4 45 24 4 43 4 19 4 57 48 4 14 4 13 4 63 34 4 39 4 30 4 40 40 4 24 4 31 4 70 33 16 30 16 31 26 4 30 31 16 14 16 75 29 4 29 4 52 43 4 41 4 8 4 35 37 4 12 4 28 4 20 4 78 35 4 16 4 53 25 4 18 4 29 4 17 4 37 22 4 22 4 14 4 48 28 4 39 4 31 4 71 17 4 37 4 29 4 59 44 4 37 4 26 4 59 22 4 40 4 28 4 27 4 75 20 4 30 4 21 4 22 4 47 28 4 32 4 23 4 76 20 4 14 4 34 4 34 33 4 25 4 16 4 
iteration 1446 best: 1.02792 time: 429547
50 43 4 28 4 32 4 48 26 4 8 4 82 26 4 25 4 23 4 53 9 4 17 4 25 4 25 36 4 12 4 18 4 45 26 4 41 4 23 4 23 4 87 38 4 14 4 23 4 47 24 4 26 4 55 12 4 18 4 57 26 4 20 4 25 4 40 4 74 31 4 22 4 86 34 4 42 4 71 28 4 27 4 17 4 5 4 20 4 58 35 4 40 4 34 4 25 4 98 42 4 23 4 66 24 4 40 4 30 4 40 4 38 18 4 24 4 47 4 69 28 4 33 4 36 30 4 33 4 74 19 20 56 19 4 48 4 43 4 65 25 20 76 19 4 11 4 28 4 40 35 4 32 4 28 4 26 4 19 25 4 23 4 22 28 4 29 4 27 4 51 19 4 11 4 54 14 4 33 4 24 4 71 21 4 14 4 35 4 54 27 4 29 4 78 16 4 35 4 53 38 4 99 28 4 33 4 24 4 46 31 4 31 4 56 36 4 43 4 83 42 4 42 4 82 38 4 32 4 33 9 4 31 4 25 14 4 23 4 70 37 4 37 4 67 41 4 32 4 40 30 4 35 4 36 4 63 27 4 33 4 45 21 4 27 4 23 4 48 27 4 18 4 49 4 63 28 4 28 4 27 4 29 4 65 39 4 45 4 19 4 10 4 59 27 4 12 4 22 4 31 18 4 27 4 45 24 4 43 4 19 4 57 48 4 14 4 13 4 63 34 4 39 4 30 4 40 40 4 24 4 31 4 70 33 16 30 16 31 26 4 30 31 16 14 16 75 29 4 29 4 52 43 4 41 4 8 4 35 37 4 12 4 28 4 20 4 78 35 4 16 4 53 25 4 18 4 29 4 17 4 37 22 4 22 4 14 4 48 28 4 39 4 31 4 71 17 4 37 4 29 4 59 44 4 37 4 26 4 59 22 4 40 4 28 4 27 4 75 20 4 30 4 21 4 22 4 47 28 4 32 4 23 4 76 20 4 14 4 34 4 34 33 4 25 4 16 4 
iteration 1471 best: 1.02792 time: 436948
50 43 4 28 4 32 4 48 26 4 8 4 82 26 4 25 4 23 4 53 9 4 17 4 25 4 25 36 4 12 4 18 4 45 26 4 41 4 23 4 23 4 87 38 4 14 4 23 4 47 24 4 26 4 55 12 4 18 4 57 26 4 20 4 25 4 40 4 74 31 4 22 4 86 34 4 42 4 71 28 4 27 4 17 4 5 4 20 4 58 35 4 40 4 34 4 25 4 98 42 4 23 4 66 24 4 40 4 30 4 40 4 38 18 4 24 4 47 4 69 28 4 33 4 36 30 4 33 4 74 19 20 56 19 4 48 4 43 4 65 25 20 76 19 4 11 4 28 4 40 35 4 32 4 28 4 26 4 19 25 4 23 4 22 28 4 29 4 27 4 51 19 4 11 4 54 14 4 33 4 24 4 71 21 4 14 4 35 4 54 27 4 29 4 78 16 4 35 4 53 38 4 99 28 4 33 4 24 4 46 31 4 31 4 56 36 4 43 4 83 42 4 42 4 82 38 4 32 4 33 9 4 31 4 25 14 4 23 4 70 37 4 37 4 67 41 4 32 4 40 30 4 35 4 36 4 63 27 4 33 4 45 21 4 27 4 23 4 48 27 4 18 4 49 4 63 28 4 28 4 27 4 29 4 65 39 4 45 4 19 4 10 4 59 27 4 12 4 22 4 31 18 4 27 4 45 24 4 43 4 19 4 57 48 4 14 4 13 4 63 34 4 39 4 30 4 40 40 4 24 4 31 4 70 33 16 30 16 31 26 4 30 31 16 14 16 75 29 4 29 4 52 43 4 41 4 8 4 35 37 4 12 4 28 4 20 4 78 35 4 16 4 53 25 4 18 4 29 4 17 4 37 22 4 22 4 14 4 48 28 4 39 4 31 4 71 17 4 37 4 29 4 59 44 4 37 4 26 4 59 22 4 40 4 28 4 27 4 75 20 4 30 4 21 4 22 4 47 28 4 32 4 23 4 76 20 4 14 4 34 4 34 33 4 25 4 16 4 
iteration 1496 best: 1.02792 time: 444355
50 43 4 28 4 32 4 48 26 4 8 4 82 26 4 25 4 23 4 53 9 4 17 4 25 4 25 36 4 12 4 18 4 45 26 4 41 4 23 4 23 4 87 38 4 14 4 23 4 47 24 4 26 4 55 12 4 18 4 57 26 4 20 4 25 4 40 4 74 31 4 22 4 86 34 4 42 4 71 28 4 27 4 17 4 5 4 20 4 58 35 4 40 4 34 4 25 4 98 42 4 23 4 66 24 4 40 4 30 4 40 4 38 18 4 24 4 47 4 69 28 4 33 4 36 30 4 33 4 74 19 20 56 19 4 48 4 43 4 65 25 20 76 19 4 11 4 28 4 40 35 4 32 4 28 4 26 4 19 25 4 23 4 22 28 4 29 4 27 4 51 19 4 11 4 54 14 4 33 4 24 4 71 21 4 14 4 35 4 54 27 4 29 4 78 16 4 35 4 53 38 4 99 28 4 33 4 24 4 46 31 4 31 4 56 36 4 43 4 83 42 4 42 4 82 38 4 32 4 33 9 4 31 4 25 14 4 23 4 70 37 4 37 4 67 41 4 32 4 40 30 4 35 4 36 4 63 27 4 33 4 45 21 4 27 4 23 4 48 27 4 18 4 49 4 63 28 4 28 4 27 4 29 4 65 39 4 45 4 19 4 10 4 59 27 4 12 4 22 4 31 18 4 27 4 45 24 4 43 4 19 4 57 48 4 14 4 13 4 63 34 4 39 4 30 4 40 40 4 24 4 31 4 70 33 16 30 16 31 26 4 30 31 16 14 16 75 29 4 29 4 52 43 4 41 4 8 4 35 37 4 12 4 28 4 20 4 78 35 4 16 4 53 25 4 18 4 29 4 17 4 37 22 4 22 4 14 4 48 28 4 39 4 31 4 71 17 4 37 4 29 4 59 44 4 37 4 26 4 59 22 4 40 4 28 4 27 4 75 20 4 30 4 21 4 22 4 47 28 4 32 4 23 4 76 20 4 14 4 34 4 34 33 4 25 4 16 4 
iteration 1521 best: 1.02792 time: 451732
50 43 4 28 4 32 4 48 26 4 8 4 82 26 4 25 4 23 4 53 9 4 17 4 25 4 25 36 4 12 4 18 4 45 26 4 41 4 23 4 23 4 87 38 4 14 4 23 4 47 24 4 26 4 55 12 4 18 4 57 26 4 20 4 25 4 40 4 74 31 4 22 4 86 34 4 42 4 71 28 4 27 4 17 4 5 4 20 4 58 35 4 40 4 34 4 25 4 98 42 4 23 4 66 24 4 40 4 30 4 40 4 38 18 4 24 4 47 4 69 28 4 33 4 36 30 4 33 4 74 19 20 56 19 4 48 4 43 4 65 25 20 76 19 4 11 4 28 4 40 35 4 32 4 28 4 26 4 19 25 4 23 4 22 28 4 29 4 27 4 51 19 4 11 4 54 14 4 33 4 24 4 71 21 4 14 4 35 4 54 27 4 29 4 78 16 4 35 4 53 38 4 99 28 4 33 4 24 4 46 31 4 31 4 56 36 4 43 4 83 42 4 42 4 82 38 4 32 4 33 9 4 31 4 25 14 4 23 4 70 37 4 37 4 67 41 4 32 4 40 30 4 35 4 36 4 63 27 4 33 4 45 21 4 27 4 23 4 48 27 4 18 4 49 4 63 28 4 28 4 27 4 29 4 65 39 4 45 4 19 4 10 4 59 27 4 12 4 22 4 31 18 4 27 4 45 24 4 43 4 19 4 57 48 4 14 4 13 4 63 34 4 39 4 30 4 40 40 4 24 4 31 4 70 33 16 30 16 31 26 4 30 31 16 14 16 75 29 4 29 4 52 43 4 41 4 8 4 35 37 4 12 4 28 4 20 4 78 35 4 16 4 53 25 4 18 4 29 4 17 4 37 22 4 22 4 14 4 48 28 4 39 4 31 4 71 17 4 37 4 29 4 59 44 4 37 4 26 4 59 22 4 40 4 28 4 27 4 75 20 4 30 4 21 4 22 4 47 28 4 32 4 23 4 76 20 4 14 4 34 4 34 33 4 25 4 16 4 
iteration 1546 best: 1.02792 time: 459129
50 43 4 28 4 32 4 48 26 4 8 4 82 26 4 25 4 23 4 53 9 4 17 4 25 4 25 36 4 12 4 18 4 45 26 4 41 4 23 4 23 4 87 38 4 14 4 23 4 47 24 4 26 4 55 12 4 18 4 57 26 4 20 4 25 4 40 4 74 31 4 22 4 86 34 4 42 4 71 28 4 27 4 17 4 5 4 20 4 58 35 4 40 4 34 4 25 4 98 42 4 23 4 66 24 4 40 4 30 4 40 4 38 18 4 24 4 47 4 69 28 4 33 4 36 30 4 33 4 74 19 20 56 19 4 48 4 43 4 65 25 20 76 19 4 11 4 28 4 40 35 4 32 4 28 4 26 4 19 25 4 23 4 22 28 4 29 4 27 4 51 19 4 11 4 54 14 4 33 4 24 4 71 21 4 14 4 35 4 54 27 4 29 4 78 16 4 35 4 53 38 4 99 28 4 33 4 24 4 46 31 4 31 4 56 36 4 43 4 83 42 4 42 4 82 38 4 32 4 33 9 4 31 4 25 14 4 23 4 70 37 4 37 4 67 41 4 32 4 40 30 4 35 4 36 4 63 27 4 33 4 45 21 4 27 4 23 4 48 27 4 18 4 49 4 63 28 4 28 4 27 4 29 4 65 39 4 45 4 19 4 10 4 59 27 4 12 4 22 4 31 18 4 27 4 45 24 4 43 4 19 4 57 48 4 14 4 13 4 63 34 4 39 4 30 4 40 40 4 24 4 31 4 70 33 16 30 16 31 26 4 30 31 16 14 16 75 29 4 29 4 52 43 4 41 4 8 4 35 37 4 12 4 28 4 20 4 78 35 4 16 4 53 25 4 18 4 29 4 17 4 37 22 4 22 4 14 4 48 28 4 39 4 31 4 71 17 4 37 4 29 4 59 44 4 37 4 26 4 59 22 4 40 4 28 4 27 4 75 20 4 30 4 21 4 22 4 47 28 4 32 4 23 4 76 20 4 14 4 34 4 34 33 4 25 4 16 4 
iteration 1571 best: 1.02792 time: 466511
50 43 4 28 4 32 4 48 26 4 8 4 82 26 4 25 4 23 4 53 9 4 17 4 25 4 25 36 4 12 4 18 4 45 26 4 41 4 23 4 23 4 87 38 4 14 4 23 4 47 24 4 26 4 55 12 4 18 4 57 26 4 20 4 25 4 40 4 74 31 4 22 4 86 34 4 42 4 71 28 4 27 4 17 4 5 4 20 4 58 35 4 40 4 34 4 25 4 98 42 4 23 4 66 24 4 40 4 30 4 40 4 38 18 4 24 4 47 4 69 28 4 33 4 36 30 4 33 4 74 19 20 56 19 4 48 4 43 4 65 25 20 76 19 4 11 4 28 4 40 35 4 32 4 28 4 26 4 19 25 4 23 4 22 28 4 29 4 27 4 51 19 4 11 4 54 14 4 33 4 24 4 71 21 4 14 4 35 4 54 27 4 29 4 78 16 4 35 4 53 38 4 99 28 4 33 4 24 4 46 31 4 31 4 56 36 4 43 4 83 42 4 42 4 82 38 4 32 4 33 9 4 31 4 25 14 4 23 4 70 37 4 37 4 67 41 4 32 4 40 30 4 35 4 36 4 63 27 4 33 4 45 21 4 27 4 23 4 48 27 4 18 4 49 4 63 28 4 28 4 27 4 29 4 65 39 4 45 4 19 4 10 4 59 27 4 12 4 22 4 31 18 4 27 4 45 24 4 43 4 19 4 57 48 4 14 4 13 4 63 34 4 39 4 30 4 40 40 4 24 4 31 4 70 33 16 30 16 31 26 4 30 31 16 14 16 75 29 4 29 4 52 43 4 41 4 8 4 35 37 4 12 4 28 4 20 4 78 35 4 16 4 53 25 4 18 4 29 4 17 4 37 22 4 22 4 14 4 48 28 4 39 4 31 4 71 17 4 37 4 29 4 59 44 4 37 4 26 4 59 22 4 40 4 28 4 27 4 75 20 4 30 4 21 4 22 4 47 28 4 32 4 23 4 76 20 4 14 4 34 4 34 33 4 25 4 16 4 
iteration 1596 best: 1.02792 time: 473914
50 43 4 28 4 32 4 48 26 4 8 4 82 26 4 25 4 23 4 53 9 4 17 4 25 4 25 36 4 12 4 18 4 45 26 4 41 4 23 4 23 4 87 38 4 14 4 23 4 47 24 4 26 4 55 12 4 18 4 57 26 4 20 4 25 4 40 4 74 31 4 22 4 86 34 4 42 4 71 28 4 27 4 17 4 5 4 20 4 58 35 4 40 4 34 4 25 4 98 42 4 23 4 66 24 4 40 4 30 4 40 4 38 18 4 24 4 47 4 69 28 4 33 4 36 30 4 33 4 74 19 20 56 19 4 48 4 43 4 65 25 20 76 19 4 11 4 28 4 40 35 4 32 4 28 4 26 4 19 25 4 23 4 22 28 4 29 4 27 4 51 19 4 11 4 54 14 4 33 4 24 4 71 21 4 14 4 35 4 54 27 4 29 4 78 16 4 35 4 53 38 4 99 28 4 33 4 24 4 46 31 4 31 4 56 36 4 43 4 83 42 4 42 4 82 38 4 32 4 33 9 4 31 4 25 14 4 23 4 70 37 4 37 4 67 41 4 32 4 40 30 4 35 4 36 4 63 27 4 33 4 45 21 4 27 4 23 4 48 27 4 18 4 49 4 63 28 4 28 4 27 4 29 4 65 39 4 45 4 19 4 10 4 59 27 4 12 4 22 4 31 18 4 27 4 45 24 4 43 4 19 4 57 48 4 14 4 13 4 63 34 4 39 4 30 4 40 40 4 24 4 31 4 70 33 16 30 16 31 26 4 30 31 16 14 16 75 29 4 29 4 52 43 4 41 4 8 4 35 37 4 12 4 28 4 20 4 78 35 4 16 4 53 25 4 18 4 29 4 17 4 37 22 4 22 4 14 4 48 28 4 39 4 31 4 71 17 4 37 4 29 4 59 44 4 37 4 26 4 59 22 4 40 4 28 4 27 4 75 20 4 30 4 21 4 22 4 47 28 4 32 4 23 4 76 20 4 14 4 34 4 34 33 4 25 4 16 4 
iteration 1621 best: 1.02792 time: 481320
50 43 4 28 4 32 4 48 26 4 8 4 82 26 4 25 4 23 4 53 9 4 17 4 25 4 25 36 4 12 4 18 4 45 26 4 41 4 23 4 23 4 87 38 4 14 4 23 4 47 24 4 26 4 55 12 4 18 4 57 26 4 20 4 25 4 40 4 74 31 4 22 4 86 34 4 42 4 71 28 4 27 4 17 4 5 4 20 4 58 35 4 40 4 34 4 25 4 98 42 4 23 4 66 24 4 40 4 30 4 40 4 38 18 4 24 4 47 4 69 28 4 33 4 36 30 4 33 4 74 19 20 56 19 4 48 4 43 4 65 25 20 76 19 4 11 4 28 4 40 35 4 32 4 28 4 26 4 19 25 4 23 4 22 28 4 29 4 27 4 51 19 4 11 4 54 14 4 33 4 24 4 71 21 4 14 4 35 4 54 27 4 29 4 78 16 4 35 4 53 38 4 99 28 4 33 4 24 4 46 31 4 31 4 56 36 4 43 4 83 42 4 42 4 82 38 4 32 4 33 9 4 31 4 25 14 4 23 4 70 37 4 37 4 67 41 4 32 4 40 30 4 35 4 36 4 63 27 4 33 4 45 21 4 27 4 23 4 48 27 4 18 4 49 4 63 28 4 28 4 27 4 29 4 65 39 4 45 4 19 4 10 4 59 27 4 12 4 22 4 31 18 4 27 4 45 24 4 43 4 19 4 57 48 4 14 4 13 4 63 34 4 39 4 30 4 40 40 4 24 4 31 4 70 33 16 30 16 31 26 4 30 31 16 14 16 75 29 4 29 4 52 43 4 41 4 8 4 35 37 4 12 4 28 4 20 4 78 35 4 16 4 53 25 4 18 4 29 4 17 4 37 22 4 22 4 14 4 48 28 4 39 4 31 4 71 17 4 37 4 29 4 59 44 4 37 4 26 4 59 22 4 40 4 28 4 27 4 75 20 4 30 4 21 4 22 4 47 28 4 32 4 23 4 76 20 4 14 4 34 4 34 33 4 25 4 16 4 
iteration 1646 best: 1.02792 time: 488717
50 43 4 28 4 32 4 48 26 4 8 4 82 26 4 25 4 23 4 53 9 4 17 4 25 4 25 36 4 12 4 18 4 45 26 4 41 4 23 4 23 4 87 38 4 14 4 23 4 47 24 4 26 4 55 12 4 18 4 57 26 4 20 4 25 4 40 4 74 31 4 22 4 86 34 4 42 4 71 28 4 27 4 17 4 5 4 20 4 58 35 4 40 4 34 4 25 4 98 42 4 23 4 66 24 4 40 4 30 4 40 4 38 18 4 24 4 47 4 69 28 4 33 4 36 30 4 33 4 74 19 20 56 19 4 48 4 43 4 65 25 20 76 19 4 11 4 28 4 40 35 4 32 4 28 4 26 4 19 25 4 23 4 22 28 4 29 4 27 4 51 19 4 11 4 54 14 4 33 4 24 4 71 21 4 14 4 35 4 54 27 4 29 4 78 16 4 35 4 53 38 4 99 28 4 33 4 24 4 46 31 4 31 4 56 36 4 43 4 83 42 4 42 4 82 38 4 32 4 33 9 4 31 4 25 14 4 23 4 70 37 4 37 4 67 41 4 32 4 40 30 4 35 4 36 4 63 27 4 33 4 45 21 4 27 4 23 4 48 27 4 18 4 49 4 63 28 4 28 4 27 4 29 4 65 39 4 45 4 19 4 10 4 59 27 4 12 4 22 4 31 18 4 27 4 45 24 4 43 4 19 4 57 48 4 14 4 13 4 63 34 4 39 4 30 4 40 40 4 24 4 31 4 70 33 16 30 16 31 26 4 30 31 16 14 16 75 29 4 29 4 52 43 4 41 4 8 4 35 37 4 12 4 28 4 20 4 78 35 4 16 4 53 25 4 18 4 29 4 17 4 37 22 4 22 4 14 4 48 28 4 39 4 31 4 71 17 4 37 4 29 4 59 44 4 37 4 26 4 59 22 4 40 4 28 4 27 4 75 20 4 30 4 21 4 22 4 47 28 4 32 4 23 4 76 20 4 14 4 34 4 34 33 4 25 4 16 4 
iteration 1671 best: 1.02792 time: 496119
50 43 4 28 4 32 4 48 26 4 8 4 82 26 4 25 4 23 4 53 9 4 17 4 25 4 25 36 4 12 4 18 4 45 26 4 41 4 23 4 23 4 87 38 4 14 4 23 4 47 24 4 26 4 55 12 4 18 4 57 26 4 20 4 25 4 40 4 74 31 4 22 4 86 34 4 42 4 71 28 4 27 4 17 4 5 4 20 4 58 35 4 40 4 34 4 25 4 98 42 4 23 4 66 24 4 40 4 30 4 40 4 38 18 4 24 4 47 4 69 28 4 33 4 36 30 4 33 4 74 19 20 56 19 4 48 4 43 4 65 25 20 76 19 4 11 4 28 4 40 35 4 32 4 28 4 26 4 19 25 4 23 4 22 28 4 29 4 27 4 51 19 4 11 4 54 14 4 33 4 24 4 71 21 4 14 4 35 4 54 27 4 29 4 78 16 4 35 4 53 38 4 99 28 4 33 4 24 4 46 31 4 31 4 56 36 4 43 4 83 42 4 42 4 82 38 4 32 4 33 9 4 31 4 25 14 4 23 4 70 37 4 37 4 67 41 4 32 4 40 30 4 35 4 36 4 63 27 4 33 4 45 21 4 27 4 23 4 48 27 4 18 4 49 4 63 28 4 28 4 27 4 29 4 65 39 4 45 4 19 4 10 4 59 27 4 12 4 22 4 31 18 4 27 4 45 24 4 43 4 19 4 57 48 4 14 4 13 4 63 34 4 39 4 30 4 40 40 4 24 4 31 4 70 33 16 30 16 31 26 4 30 31 16 14 16 75 29 4 29 4 52 43 4 41 4 8 4 35 37 4 12 4 28 4 20 4 78 35 4 16 4 53 25 4 18 4 29 4 17 4 37 22 4 22 4 14 4 48 28 4 39 4 31 4 71 17 4 37 4 29 4 59 44 4 37 4 26 4 59 22 4 40 4 28 4 27 4 75 20 4 30 4 21 4 22 4 47 28 4 32 4 23 4 76 20 4 14 4 34 4 34 33 4 25 4 16 4 
iteration 1696 best: 1.02792 time: 503501
50 43 4 28 4 32 4 48 26 4 8 4 82 26 4 25 4 23 4 53 9 4 17 4 25 4 25 36 4 12 4 18 4 45 26 4 41 4 23 4 23 4 87 38 4 14 4 23 4 47 24 4 26 4 55 12 4 18 4 57 26 4 20 4 25 4 40 4 74 31 4 22 4 86 34 4 42 4 71 28 4 27 4 17 4 5 4 20 4 58 35 4 40 4 34 4 25 4 98 42 4 23 4 66 24 4 40 4 30 4 40 4 38 18 4 24 4 47 4 69 28 4 33 4 36 30 4 33 4 74 19 20 56 19 4 48 4 43 4 65 25 20 76 19 4 11 4 28 4 40 35 4 32 4 28 4 26 4 19 25 4 23 4 22 28 4 29 4 27 4 51 19 4 11 4 54 14 4 33 4 24 4 71 21 4 14 4 35 4 54 27 4 29 4 78 16 4 35 4 53 38 4 99 28 4 33 4 24 4 46 31 4 31 4 56 36 4 43 4 83 42 4 42 4 82 38 4 32 4 33 9 4 31 4 25 14 4 23 4 70 37 4 37 4 67 41 4 32 4 40 30 4 35 4 36 4 63 27 4 33 4 45 21 4 27 4 23 4 48 27 4 18 4 49 4 63 28 4 28 4 27 4 29 4 65 39 4 45 4 19 4 10 4 59 27 4 12 4 22 4 31 18 4 27 4 45 24 4 43 4 19 4 57 48 4 14 4 13 4 63 34 4 39 4 30 4 40 40 4 24 4 31 4 70 33 16 30 16 31 26 4 30 31 16 14 16 75 29 4 29 4 52 43 4 41 4 8 4 35 37 4 12 4 28 4 20 4 78 35 4 16 4 53 25 4 18 4 29 4 17 4 37 22 4 22 4 14 4 48 28 4 39 4 31 4 71 17 4 37 4 29 4 59 44 4 37 4 26 4 59 22 4 40 4 28 4 27 4 75 20 4 30 4 21 4 22 4 47 28 4 32 4 23 4 76 20 4 14 4 34 4 34 33 4 25 4 16 4 
iteration 1721 best: 1.02792 time: 510916
50 43 4 28 4 32 4 48 26 4 8 4 82 26 4 25 4 23 4 53 9 4 17 4 25 4 25 36 4 12 4 18 4 45 26 4 41 4 23 4 23 4 87 38 4 14 4 23 4 47 24 4 26 4 55 12 4 18 4 57 26 4 20 4 25 4 40 4 74 31 4 22 4 86 34 4 42 4 71 28 4 27 4 17 4 5 4 20 4 58 35 4 40 4 34 4 25 4 98 42 4 23 4 66 24 4 40 4 30 4 40 4 38 18 4 24 4 47 4 69 28 4 33 4 36 30 4 33 4 74 19 20 56 19 4 48 4 43 4 65 25 20 76 19 4 11 4 28 4 40 35 4 32 4 28 4 26 4 19 25 4 23 4 22 28 4 29 4 27 4 51 19 4 11 4 54 14 4 33 4 24 4 71 21 4 14 4 35 4 54 27 4 29 4 78 16 4 35 4 53 38 4 99 28 4 33 4 24 4 46 31 4 31 4 56 36 4 43 4 83 42 4 42 4 82 38 4 32 4 33 9 4 31 4 25 14 4 23 4 70 37 4 37 4 67 41 4 32 4 40 30 4 35 4 36 4 63 27 4 33 4 45 21 4 27 4 23 4 48 27 4 18 4 49 4 63 28 4 28 4 27 4 29 4 65 39 4 45 4 19 4 10 4 59 27 4 12 4 22 4 31 18 4 27 4 45 24 4 43 4 19 4 57 48 4 14 4 13 4 63 34 4 39 4 30 4 40 40 4 24 4 31 4 70 33 16 30 16 31 26 4 30 31 16 14 16 75 29 4 29 4 52 43 4 41 4 8 4 35 37 4 12 4 28 4 20 4 78 35 4 16 4 53 25 4 18 4 29 4 17 4 37 22 4 22 4 14 4 48 28 4 39 4 31 4 71 17 4 37 4 29 4 59 44 4 37 4 26 4 59 22 4 40 4 28 4 27 4 75 20 4 30 4 21 4 22 4 47 28 4 32 4 23 4 76 20 4 14 4 34 4 34 33 4 25 4 16 4 
iteration 1746 best: 1.02792 time: 518320
50 43 4 28 4 32 4 48 26 4 8 4 82 26 4 25 4 23 4 53 9 4 17 4 25 4 25 36 4 12 4 18 4 45 26 4 41 4 23 4 23 4 87 38 4 14 4 23 4 47 24 4 26 4 55 12 4 18 4 57 26 4 20 4 25 4 40 4 74 31 4 22 4 86 34 4 42 4 71 28 4 27 4 17 4 5 4 20 4 58 35 4 40 4 34 4 25 4 98 42 4 23 4 66 24 4 40 4 30 4 40 4 38 18 4 24 4 47 4 69 28 4 33 4 36 30 4 33 4 74 19 20 56 19 4 48 4 43 4 65 25 20 76 19 4 11 4 28 4 40 35 4 32 4 28 4 26 4 19 25 4 23 4 22 28 4 29 4 27 4 51 19 4 11 4 54 14 4 33 4 24 4 71 21 4 14 4 35 4 54 27 4 29 4 78 16 4 35 4 53 38 4 99 28 4 33 4 24 4 46 31 4 31 4 56 36 4 43 4 83 42 4 42 4 82 38 4 32 4 33 9 4 31 4 25 14 4 23 4 70 37 4 37 4 67 41 4 32 4 40 30 4 35 4 36 4 63 27 4 33 4 45 21 4 27 4 23 4 48 27 4 18 4 49 4 63 28 4 28 4 27 4 29 4 65 39 4 45 4 19 4 10 4 59 27 4 12 4 22 4 31 18 4 27 4 45 24 4 43 4 19 4 57 48 4 14 4 13 4 63 34 4 39 4 30 4 40 40 4 24 4 31 4 70 33 16 30 16 31 26 4 30 31 16 14 16 75 29 4 29 4 52 43 4 41 4 8 4 35 37 4 12 4 28 4 20 4 78 35 4 16 4 53 25 4 18 4 29 4 17 4 37 22 4 22 4 14 4 48 28 4 39 4 31 4 71 17 4 37 4 29 4 59 44 4 37 4 26 4 59 22 4 40 4 28 4 27 4 75 20 4 30 4 21 4 22 4 47 28 4 32 4 23 4 76 20 4 14 4 34 4 34 33 4 25 4 16 4 
iteration 1771 best: 1.02792 time: 525731
50 43 4 28 4 32 4 48 26 4 8 4 82 26 4 25 4 23 4 53 9 4 17 4 25 4 25 36 4 12 4 18 4 45 26 4 41 4 23 4 23 4 87 38 4 14 4 23 4 47 24 4 26 4 55 12 4 18 4 57 26 4 20 4 25 4 40 4 74 31 4 22 4 86 34 4 42 4 71 28 4 27 4 17 4 5 4 20 4 58 35 4 40 4 34 4 25 4 98 42 4 23 4 66 24 4 40 4 30 4 40 4 38 18 4 24 4 47 4 69 28 4 33 4 36 30 4 33 4 74 19 20 56 19 4 48 4 43 4 65 25 20 76 19 4 11 4 28 4 40 35 4 32 4 28 4 26 4 19 25 4 23 4 22 28 4 29 4 27 4 51 19 4 11 4 54 14 4 33 4 24 4 71 21 4 14 4 35 4 54 27 4 29 4 78 16 4 35 4 53 38 4 99 28 4 33 4 24 4 46 31 4 31 4 56 36 4 43 4 83 42 4 42 4 82 38 4 32 4 33 9 4 31 4 25 14 4 23 4 70 37 4 37 4 67 41 4 32 4 40 30 4 35 4 36 4 63 27 4 33 4 45 21 4 27 4 23 4 48 27 4 18 4 49 4 63 28 4 28 4 27 4 29 4 65 39 4 45 4 19 4 10 4 59 27 4 12 4 22 4 31 18 4 27 4 45 24 4 43 4 19 4 57 48 4 14 4 13 4 63 34 4 39 4 30 4 40 40 4 24 4 31 4 70 33 16 30 16 31 26 4 30 31 16 14 16 75 29 4 29 4 52 43 4 41 4 8 4 35 37 4 12 4 28 4 20 4 78 35 4 16 4 53 25 4 18 4 29 4 17 4 37 22 4 22 4 14 4 48 28 4 39 4 31 4 71 17 4 37 4 29 4 59 44 4 37 4 26 4 59 22 4 40 4 28 4 27 4 75 20 4 30 4 21 4 22 4 47 28 4 32 4 23 4 76 20 4 14 4 34 4 34 33 4 25 4 16 4 
iteration 1796 best: 1.02792 time: 533147
50 43 4 28 4 32 4 48 26 4 8 4 82 26 4 25 4 23 4 53 9 4 17 4 25 4 25 36 4 12 4 18 4 45 26 4 41 4 23 4 23 4 87 38 4 14 4 23 4 47 24 4 26 4 55 12 4 18 4 57 26 4 20 4 25 4 40 4 74 31 4 22 4 86 34 4 42 4 71 28 4 27 4 17 4 5 4 20 4 58 35 4 40 4 34 4 25 4 98 42 4 23 4 66 24 4 40 4 30 4 40 4 38 18 4 24 4 47 4 69 28 4 33 4 36 30 4 33 4 74 19 20 56 19 4 48 4 43 4 65 25 20 76 19 4 11 4 28 4 40 35 4 32 4 28 4 26 4 19 25 4 23 4 22 28 4 29 4 27 4 51 19 4 11 4 54 14 4 33 4 24 4 71 21 4 14 4 35 4 54 27 4 29 4 78 16 4 35 4 53 38 4 99 28 4 33 4 24 4 46 31 4 31 4 56 36 4 43 4 83 42 4 42 4 82 38 4 32 4 33 9 4 31 4 25 14 4 23 4 70 37 4 37 4 67 41 4 32 4 40 30 4 35 4 36 4 63 27 4 33 4 45 21 4 27 4 23 4 48 27 4 18 4 49 4 63 28 4 28 4 27 4 29 4 65 39 4 45 4 19 4 10 4 59 27 4 12 4 22 4 31 18 4 27 4 45 24 4 43 4 19 4 57 48 4 14 4 13 4 63 34 4 39 4 30 4 40 40 4 24 4 31 4 70 33 16 30 16 31 26 4 30 31 16 14 16 75 29 4 29 4 52 43 4 41 4 8 4 35 37 4 12 4 28 4 20 4 78 35 4 16 4 53 25 4 18 4 29 4 17 4 37 22 4 22 4 14 4 48 28 4 39 4 31 4 71 17 4 37 4 29 4 59 44 4 37 4 26 4 59 22 4 40 4 28 4 27 4 75 20 4 30 4 21 4 22 4 47 28 4 32 4 23 4 76 20 4 14 4 34 4 34 33 4 25 4 16 4 
iteration 1821 best: 1.02792 time: 540554
50 43 4 28 4 32 4 48 26 4 8 4 82 26 4 25 4 23 4 53 9 4 17 4 25 4 25 36 4 12 4 18 4 45 26 4 41 4 23 4 23 4 87 38 4 14 4 23 4 47 24 4 26 4 55 12 4 18 4 57 26 4 20 4 25 4 40 4 74 31 4 22 4 86 34 4 42 4 71 28 4 27 4 17 4 5 4 20 4 58 35 4 40 4 34 4 25 4 98 42 4 23 4 66 24 4 40 4 30 4 40 4 38 18 4 24 4 47 4 69 28 4 33 4 36 30 4 33 4 74 19 20 56 19 4 48 4 43 4 65 25 20 76 19 4 11 4 28 4 40 35 4 32 4 28 4 26 4 19 25 4 23 4 22 28 4 29 4 27 4 51 19 4 11 4 54 14 4 33 4 24 4 71 21 4 14 4 35 4 54 27 4 29 4 78 16 4 35 4 53 38 4 99 28 4 33 4 24 4 46 31 4 31 4 56 36 4 43 4 83 42 4 42 4 82 38 4 32 4 33 9 4 31 4 25 14 4 23 4 70 37 4 37 4 67 41 4 32 4 40 30 4 35 4 36 4 63 27 4 33 4 45 21 4 27 4 23 4 48 27 4 18 4 49 4 63 28 4 28 4 27 4 29 4 65 39 4 45 4 19 4 10 4 59 27 4 12 4 22 4 31 18 4 27 4 45 24 4 43 4 19 4 57 48 4 14 4 13 4 63 34 4 39 4 30 4 40 40 4 24 4 31 4 70 33 16 30 16 31 26 4 30 31 16 14 16 75 29 4 29 4 52 43 4 41 4 8 4 35 37 4 12 4 28 4 20 4 78 35 4 16 4 53 25 4 18 4 29 4 17 4 37 22 4 22 4 14 4 48 28 4 39 4 31 4 71 17 4 37 4 29 4 59 44 4 37 4 26 4 59 22 4 40 4 28 4 27 4 75 20 4 30 4 21 4 22 4 47 28 4 32 4 23 4 76 20 4 14 4 34 4 34 33 4 25 4 16 4 
iteration 1846 best: 1.02792 time: 547954
50 43 4 28 4 32 4 48 26 4 8 4 82 26 4 25 4 23 4 53 9 4 17 4 25 4 25 36 4 12 4 18 4 45 26 4 41 4 23 4 23 4 87 38 4 14 4 23 4 47 24 4 26 4 55 12 4 18 4 57 26 4 20 4 25 4 40 4 74 31 4 22 4 86 34 4 42 4 71 28 4 27 4 17 4 5 4 20 4 58 35 4 40 4 34 4 25 4 98 42 4 23 4 66 24 4 40 4 30 4 40 4 38 18 4 24 4 47 4 69 28 4 33 4 36 30 4 33 4 74 19 20 56 19 4 48 4 43 4 65 25 20 76 19 4 11 4 28 4 40 35 4 32 4 28 4 26 4 19 25 4 23 4 22 28 4 29 4 27 4 51 19 4 11 4 54 14 4 33 4 24 4 71 21 4 14 4 35 4 54 27 4 29 4 78 16 4 35 4 53 38 4 99 28 4 33 4 24 4 46 31 4 31 4 56 36 4 43 4 83 42 4 42 4 82 38 4 32 4 33 9 4 31 4 25 14 4 23 4 70 37 4 37 4 67 41 4 32 4 40 30 4 35 4 36 4 63 27 4 33 4 45 21 4 27 4 23 4 48 27 4 18 4 49 4 63 28 4 28 4 27 4 29 4 65 39 4 45 4 19 4 10 4 59 27 4 12 4 22 4 31 18 4 27 4 45 24 4 43 4 19 4 57 48 4 14 4 13 4 63 34 4 39 4 30 4 40 40 4 24 4 31 4 70 33 16 30 16 31 26 4 30 31 16 14 16 75 29 4 29 4 52 43 4 41 4 8 4 35 37 4 12 4 28 4 20 4 78 35 4 16 4 53 25 4 18 4 29 4 17 4 37 22 4 22 4 14 4 48 28 4 39 4 31 4 71 17 4 37 4 29 4 59 44 4 37 4 26 4 59 22 4 40 4 28 4 27 4 75 20 4 30 4 21 4 22 4 47 28 4 32 4 23 4 76 20 4 14 4 34 4 34 33 4 25 4 16 4 
iteration 1871 best: 1.02792 time: 555362
50 43 4 28 4 32 4 48 26 4 8 4 82 26 4 25 4 23 4 53 9 4 17 4 25 4 25 36 4 12 4 18 4 45 26 4 41 4 23 4 23 4 87 38 4 14 4 23 4 47 24 4 26 4 55 12 4 18 4 57 26 4 20 4 25 4 40 4 74 31 4 22 4 86 34 4 42 4 71 28 4 27 4 17 4 5 4 20 4 58 35 4 40 4 34 4 25 4 98 42 4 23 4 66 24 4 40 4 30 4 40 4 38 18 4 24 4 47 4 69 28 4 33 4 36 30 4 33 4 74 19 20 56 19 4 48 4 43 4 65 25 20 76 19 4 11 4 28 4 40 35 4 32 4 28 4 26 4 19 25 4 23 4 22 28 4 29 4 27 4 51 19 4 11 4 54 14 4 33 4 24 4 71 21 4 14 4 35 4 54 27 4 29 4 78 16 4 35 4 53 38 4 99 28 4 33 4 24 4 46 31 4 31 4 56 36 4 43 4 83 42 4 42 4 82 38 4 32 4 33 9 4 31 4 25 14 4 23 4 70 37 4 37 4 67 41 4 32 4 40 30 4 35 4 36 4 63 27 4 33 4 45 21 4 27 4 23 4 48 27 4 18 4 49 4 63 28 4 28 4 27 4 29 4 65 39 4 45 4 19 4 10 4 59 27 4 12 4 22 4 31 18 4 27 4 45 24 4 43 4 19 4 57 48 4 14 4 13 4 63 34 4 39 4 30 4 40 40 4 24 4 31 4 70 33 16 30 16 31 26 4 30 31 16 14 16 75 29 4 29 4 52 43 4 41 4 8 4 35 37 4 12 4 28 4 20 4 78 35 4 16 4 53 25 4 18 4 29 4 17 4 37 22 4 22 4 14 4 48 28 4 39 4 31 4 71 17 4 37 4 29 4 59 44 4 37 4 26 4 59 22 4 40 4 28 4 27 4 75 20 4 30 4 21 4 22 4 47 28 4 32 4 23 4 76 20 4 14 4 34 4 34 33 4 25 4 16 4 
iteration 1896 best: 1.02792 time: 562759
50 43 4 28 4 32 4 48 26 4 8 4 82 26 4 25 4 23 4 53 9 4 17 4 25 4 25 36 4 12 4 18 4 45 26 4 41 4 23 4 23 4 87 38 4 14 4 23 4 47 24 4 26 4 55 12 4 18 4 57 26 4 20 4 25 4 40 4 74 31 4 22 4 86 34 4 42 4 71 28 4 27 4 17 4 5 4 20 4 58 35 4 40 4 34 4 25 4 98 42 4 23 4 66 24 4 40 4 30 4 40 4 38 18 4 24 4 47 4 69 28 4 33 4 36 30 4 33 4 74 19 20 56 19 4 48 4 43 4 65 25 20 76 19 4 11 4 28 4 40 35 4 32 4 28 4 26 4 19 25 4 23 4 22 28 4 29 4 27 4 51 19 4 11 4 54 14 4 33 4 24 4 71 21 4 14 4 35 4 54 27 4 29 4 78 16 4 35 4 53 38 4 99 28 4 33 4 24 4 46 31 4 31 4 56 36 4 43 4 83 42 4 42 4 82 38 4 32 4 33 9 4 31 4 25 14 4 23 4 70 37 4 37 4 67 41 4 32 4 40 30 4 35 4 36 4 63 27 4 33 4 45 21 4 27 4 23 4 48 27 4 18 4 49 4 63 28 4 28 4 27 4 29 4 65 39 4 45 4 19 4 10 4 59 27 4 12 4 22 4 31 18 4 27 4 45 24 4 43 4 19 4 57 48 4 14 4 13 4 63 34 4 39 4 30 4 40 40 4 24 4 31 4 70 33 16 30 16 31 26 4 30 31 16 14 16 75 29 4 29 4 52 43 4 41 4 8 4 35 37 4 12 4 28 4 20 4 78 35 4 16 4 53 25 4 18 4 29 4 17 4 37 22 4 22 4 14 4 48 28 4 39 4 31 4 71 17 4 37 4 29 4 59 44 4 37 4 26 4 59 22 4 40 4 28 4 27 4 75 20 4 30 4 21 4 22 4 47 28 4 32 4 23 4 76 20 4 14 4 34 4 34 33 4 25 4 16 4 
iteration 1921 best: 1.02792 time: 570144
50 43 4 28 4 32 4 48 26 4 8 4 82 26 4 25 4 23 4 53 9 4 17 4 25 4 25 36 4 12 4 18 4 45 26 4 41 4 23 4 23 4 87 38 4 14 4 23 4 47 24 4 26 4 55 12 4 18 4 57 26 4 20 4 25 4 40 4 74 31 4 22 4 86 34 4 42 4 71 28 4 27 4 17 4 5 4 20 4 58 35 4 40 4 34 4 25 4 98 42 4 23 4 66 24 4 40 4 30 4 40 4 38 18 4 24 4 47 4 69 28 4 33 4 36 30 4 33 4 74 19 20 56 19 4 48 4 43 4 65 25 20 76 19 4 11 4 28 4 40 35 4 32 4 28 4 26 4 19 25 4 23 4 22 28 4 29 4 27 4 51 19 4 11 4 54 14 4 33 4 24 4 71 21 4 14 4 35 4 54 27 4 29 4 78 16 4 35 4 53 38 4 99 28 4 33 4 24 4 46 31 4 31 4 56 36 4 43 4 83 42 4 42 4 82 38 4 32 4 33 9 4 31 4 25 14 4 23 4 70 37 4 37 4 67 41 4 32 4 40 30 4 35 4 36 4 63 27 4 33 4 45 21 4 27 4 23 4 48 27 4 18 4 49 4 63 28 4 28 4 27 4 29 4 65 39 4 45 4 19 4 10 4 59 27 4 12 4 22 4 31 18 4 27 4 45 24 4 43 4 19 4 57 48 4 14 4 13 4 63 34 4 39 4 30 4 40 40 4 24 4 31 4 70 33 16 30 16 31 26 4 30 31 16 14 16 75 29 4 29 4 52 43 4 41 4 8 4 35 37 4 12 4 28 4 20 4 78 35 4 16 4 53 25 4 18 4 29 4 17 4 37 22 4 22 4 14 4 48 28 4 39 4 31 4 71 17 4 37 4 29 4 59 44 4 37 4 26 4 59 22 4 40 4 28 4 27 4 75 20 4 30 4 21 4 22 4 47 28 4 32 4 23 4 76 20 4 14 4 34 4 34 33 4 25 4 16 4 
iteration 1946 best: 1.02792 time: 577534
50 43 4 28 4 32 4 48 26 4 8 4 82 26 4 25 4 23 4 53 9 4 17 4 25 4 25 36 4 12 4 18 4 45 26 4 41 4 23 4 23 4 87 38 4 14 4 23 4 47 24 4 26 4 55 12 4 18 4 57 26 4 20 4 25 4 40 4 74 31 4 22 4 86 34 4 42 4 71 28 4 27 4 17 4 5 4 20 4 58 35 4 40 4 34 4 25 4 98 42 4 23 4 66 24 4 40 4 30 4 40 4 38 18 4 24 4 47 4 69 28 4 33 4 36 30 4 33 4 74 19 20 56 19 4 48 4 43 4 65 25 20 76 19 4 11 4 28 4 40 35 4 32 4 28 4 26 4 19 25 4 23 4 22 28 4 29 4 27 4 51 19 4 11 4 54 14 4 33 4 24 4 71 21 4 14 4 35 4 54 27 4 29 4 78 16 4 35 4 53 38 4 99 28 4 33 4 24 4 46 31 4 31 4 56 36 4 43 4 83 42 4 42 4 82 38 4 32 4 33 9 4 31 4 25 14 4 23 4 70 37 4 37 4 67 41 4 32 4 40 30 4 35 4 36 4 63 27 4 33 4 45 21 4 27 4 23 4 48 27 4 18 4 49 4 63 28 4 28 4 27 4 29 4 65 39 4 45 4 19 4 10 4 59 27 4 12 4 22 4 31 18 4 27 4 45 24 4 43 4 19 4 57 48 4 14 4 13 4 63 34 4 39 4 30 4 40 40 4 24 4 31 4 70 33 16 30 16 31 26 4 30 31 16 14 16 75 29 4 29 4 52 43 4 41 4 8 4 35 37 4 12 4 28 4 20 4 78 35 4 16 4 53 25 4 18 4 29 4 17 4 37 22 4 22 4 14 4 48 28 4 39 4 31 4 71 17 4 37 4 29 4 59 44 4 37 4 26 4 59 22 4 40 4 28 4 27 4 75 20 4 30 4 21 4 22 4 47 28 4 32 4 23 4 76 20 4 14 4 34 4 34 33 4 25 4 16 4 
iteration 1971 best: 1.02792 time: 584928
50 43 4 28 4 32 4 48 26 4 8 4 82 26 4 25 4 23 4 53 9 4 17 4 25 4 25 36 4 12 4 18 4 45 26 4 41 4 23 4 23 4 87 38 4 14 4 23 4 47 24 4 26 4 55 12 4 18 4 57 26 4 20 4 25 4 40 4 74 31 4 22 4 86 34 4 42 4 71 28 4 27 4 17 4 5 4 20 4 58 35 4 40 4 34 4 25 4 98 42 4 23 4 66 24 4 40 4 30 4 40 4 38 18 4 24 4 47 4 69 28 4 33 4 36 30 4 33 4 74 19 20 56 19 4 48 4 43 4 65 25 20 76 19 4 11 4 28 4 40 35 4 32 4 28 4 26 4 19 25 4 23 4 22 28 4 29 4 27 4 51 19 4 11 4 54 14 4 33 4 24 4 71 21 4 14 4 35 4 54 27 4 29 4 78 16 4 35 4 53 38 4 99 28 4 33 4 24 4 46 31 4 31 4 56 36 4 43 4 83 42 4 42 4 82 38 4 32 4 33 9 4 31 4 25 14 4 23 4 70 37 4 37 4 67 41 4 32 4 40 30 4 35 4 36 4 63 27 4 33 4 45 21 4 27 4 23 4 48 27 4 18 4 49 4 63 28 4 28 4 27 4 29 4 65 39 4 45 4 19 4 10 4 59 27 4 12 4 22 4 31 18 4 27 4 45 24 4 43 4 19 4 57 48 4 14 4 13 4 63 34 4 39 4 30 4 40 40 4 24 4 31 4 70 33 16 30 16 31 26 4 30 31 16 14 16 75 29 4 29 4 52 43 4 41 4 8 4 35 37 4 12 4 28 4 20 4 78 35 4 16 4 53 25 4 18 4 29 4 17 4 37 22 4 22 4 14 4 48 28 4 39 4 31 4 71 17 4 37 4 29 4 59 44 4 37 4 26 4 59 22 4 40 4 28 4 27 4 75 20 4 30 4 21 4 22 4 47 28 4 32 4 23 4 76 20 4 14 4 34 4 34 33 4 25 4 16 4 
iteration 1996 best: 1.02792 time: 592294
50 43 4 28 4 32 4 48 26 4 8 4 82 26 4 25 4 23 4 53 9 4 17 4 25 4 25 36 4 12 4 18 4 45 26 4 41 4 23 4 23 4 87 38 4 14 4 23 4 47 24 4 26 4 55 12 4 18 4 57 26 4 20 4 25 4 40 4 74 31 4 22 4 86 34 4 42 4 71 28 4 27 4 17 4 5 4 20 4 58 35 4 40 4 34 4 25 4 98 42 4 23 4 66 24 4 40 4 30 4 40 4 38 18 4 24 4 47 4 69 28 4 33 4 36 30 4 33 4 74 19 20 56 19 4 48 4 43 4 65 25 20 76 19 4 11 4 28 4 40 35 4 32 4 28 4 26 4 19 25 4 23 4 22 28 4 29 4 27 4 51 19 4 11 4 54 14 4 33 4 24 4 71 21 4 14 4 35 4 54 27 4 29 4 78 16 4 35 4 53 38 4 99 28 4 33 4 24 4 46 31 4 31 4 56 36 4 43 4 83 42 4 42 4 82 38 4 32 4 33 9 4 31 4 25 14 4 23 4 70 37 4 37 4 67 41 4 32 4 40 30 4 35 4 36 4 63 27 4 33 4 45 21 4 27 4 23 4 48 27 4 18 4 49 4 63 28 4 28 4 27 4 29 4 65 39 4 45 4 19 4 10 4 59 27 4 12 4 22 4 31 18 4 27 4 45 24 4 43 4 19 4 57 48 4 14 4 13 4 63 34 4 39 4 30 4 40 40 4 24 4 31 4 70 33 16 30 16 31 26 4 30 31 16 14 16 75 29 4 29 4 52 43 4 41 4 8 4 35 37 4 12 4 28 4 20 4 78 35 4 16 4 53 25 4 18 4 29 4 17 4 37 22 4 22 4 14 4 48 28 4 39 4 31 4 71 17 4 37 4 29 4 59 44 4 37 4 26 4 59 22 4 40 4 28 4 27 4 75 20 4 30 4 21 4 22 4 47 28 4 32 4 23 4 76 20 4 14 4 34 4 34 33 4 25 4 16 4 
iteration 2021 best: 1.02792 time: 599688
50 43 4 28 4 32 4 48 26 4 8 4 82 26 4 25 4 23 4 53 9 4 17 4 25 4 25 36 4 12 4 18 4 45 26 4 41 4 23 4 23 4 87 38 4 14 4 23 4 47 24 4 26 4 55 12 4 18 4 57 26 4 20 4 25 4 40 4 74 31 4 22 4 86 34 4 42 4 71 28 4 27 4 17 4 5 4 20 4 58 35 4 40 4 34 4 25 4 98 42 4 23 4 66 24 4 40 4 30 4 40 4 38 18 4 24 4 47 4 69 28 4 33 4 36 30 4 33 4 74 19 20 56 19 4 48 4 43 4 65 25 20 76 19 4 11 4 28 4 40 35 4 32 4 28 4 26 4 19 25 4 23 4 22 28 4 29 4 27 4 51 19 4 11 4 54 14 4 33 4 24 4 71 21 4 14 4 35 4 54 27 4 29 4 78 16 4 35 4 53 38 4 99 28 4 33 4 24 4 46 31 4 31 4 56 36 4 43 4 83 42 4 42 4 82 38 4 32 4 33 9 4 31 4 25 14 4 23 4 70 37 4 37 4 67 41 4 32 4 40 30 4 35 4 36 4 63 27 4 33 4 45 21 4 27 4 23 4 48 27 4 18 4 49 4 63 28 4 28 4 27 4 29 4 65 39 4 45 4 19 4 10 4 59 27 4 12 4 22 4 31 18 4 27 4 45 24 4 43 4 19 4 57 48 4 14 4 13 4 63 34 4 39 4 30 4 40 40 4 24 4 31 4 70 33 16 30 16 31 26 4 30 31 16 14 16 75 29 4 29 4 52 43 4 41 4 8 4 35 37 4 12 4 28 4 20 4 78 35 4 16 4 53 25 4 18 4 29 4 17 4 37 22 4 22 4 14 4 48 28 4 39 4 31 4 71 17 4 37 4 29 4 59 44 4 37 4 26 4 59 22 4 40 4 28 4 27 4 75 20 4 30 4 21 4 22 4 47 28 4 32 4 23 4 76 20 4 14 4 34 4 34 33 4 25 4 16 4 
Best solution: 
50 43 4 28 4 32 4 48 26 4 8 4 82 26 4 25 4 23 4 53 9 4 17 4 25 4 25 36 4 12 4 18 4 45 26 4 41 4 23 4 23 4 87 38 4 14 4 23 4 47 24 4 26 4 55 12 4 18 4 57 26 4 20 4 25 4 40 4 74 31 4 22 4 86 34 4 42 4 71 28 4 27 4 17 4 5 4 20 4 58 35 4 40 4 34 4 25 4 98 42 4 23 4 66 24 4 40 4 30 4 40 4 38 18 4 24 4 47 4 69 28 4 33 4 36 30 4 33 4 74 19 20 56 19 4 48 4 43 4 65 25 20 76 19 4 11 4 28 4 40 35 4 32 4 28 4 26 4 19 25 4 23 4 22 28 4 29 4 27 4 51 19 4 11 4 54 14 4 33 4 24 4 71 21 4 14 4 35 4 54 27 4 29 4 78 16 4 35 4 53 38 4 99 28 4 33 4 24 4 46 31 4 31 4 56 36 4 43 4 83 42 4 42 4 82 38 4 32 4 33 9 4 31 4 25 14 4 23 4 70 37 4 37 4 67 41 4 32 4 40 30 4 35 4 36 4 63 27 4 33 4 45 21 4 27 4 23 4 48 27 4 18 4 49 4 63 28 4 28 4 27 4 29 4 65 39 4 45 4 19 4 10 4 59 27 4 12 4 22 4 31 18 4 27 4 45 24 4 43 4 19 4 57 48 4 14 4 13 4 63 34 4 39 4 30 4 40 40 4 24 4 31 4 70 33 16 30 16 31 26 4 30 31 16 14 16 75 29 4 29 4 52 43 4 41 4 8 4 35 37 4 12 4 28 4 20 4 78 35 4 16 4 53 25 4 18 4 29 4 17 4 37 22 4 22 4 14 4 48 28 4 39 4 31 4 71 17 4 37 4 29 4 59 44 4 37 4 26 4 59 22 4 40 4 28 4 27 4 75 20 4 30 4 21 4 22 4 47 28 4 32 4 23 4 76 20 4 14 4 34 4 34 33 4 25 4 16 4 
Fitness: 1.02792
