iteration 16 best: 0.923447 time: 7592
50 21 8 0 26 8 52 47 8 55 48 4 37 4 49 38 4 5 4 36 25 8 80 27 4 16 4 19 43 12 2 5 8 70 33 8 12 5 8 71 5 12 17 7 4 10 4 34 43 4 47 4 36 4 27 4 44 23 4 8 4 23 4 41 14 8 56 25 8 62 33 4 28 4 34 36 16 54 16 13 45 4 7 4 5 4 5 4 31 47 4 6 4 6 4 114 51 8 30 8 104 28 4 49 4 23 4 41 4 96 42 8 94 25 4 57 4 15 4 33 4 83 21 8 6 5 4 80 29 8 95 5 8 72 20 8 66 55 4 25 4 7 4 33 33 4 5 4 33 58 4 26 4 30 4 39 6 4 29 4 9 7 4 34 4 52 4 74 43 4 46 4 78 5 4 6 4 97 24 16 24 16 74 18 41 5 4 35 4 56 29 4 28 4 25 4 116 23 4 6 4 58 60 16 14 16 0 14 27 10 4 29 4 98 35 16 15 16 54 42 4 48 4 32 4 91 43 4 32 4 27 31 4 32 4 44 4 78 23 4 15 4 35 44 29 4 87 18 13 10 4 7 33 36 4 24 9 16 43 16 42 6 4 26 4 8 4 116 54 5 52 4 6 15 25 4 61 14 4 11 4 36 4 20 22 16 24 16 93 48 4 24 4 94 17 4 39 4 47 4 82 30 4 8 18 38 4 52 42 4 40 4 24 4 26 4 8 12 4 28 4 40 4 47 4 81 26 4 5 4 59 9 51 4 66 8 4 7 4 29 4 44 34 4 39 24 34 4 8 40 4 20 34 52 4 15 19 4 19 4 84 28 28 23 4 33 47 14 4 6 36 4 13 4 13 33 4 14 4 7 4 6 4 54 48 4 13 4 5 4 27 4 62 9 4 6 4 30 29 23 25 4 28 4 40 37 4 22 4 57 4 5 4 45 41 4 5 4 54 4 31 29 4 12 4 5 4 13 36 4 35 4 46 4 13 4 24 7 4 30 4 9 4 26 4 
iteration 35 best: 0.905471 time: 14936
47 21 8 0 26 8 49 47 8 51 46 4 38 4 46 38 4 6 4 34 25 8 81 25 4 16 4 16 41 12 2 5 8 74 31 8 12 5 8 68 5 12 13 6 4 8 4 31 40 4 47 4 36 4 29 4 41 22 4 9 4 23 4 41 16 8 49 25 8 62 33 4 27 4 31 36 16 52 16 13 42 4 9 4 5 4 5 4 30 48 4 7 4 6 4 111 50 8 32 8 104 29 4 49 4 24 4 38 4 93 41 8 98 23 4 57 4 15 4 34 4 85 21 8 5 5 4 80 27 8 96 5 8 69 20 8 68 55 4 22 4 6 4 33 30 4 5 4 31 57 4 26 4 29 4 40 6 4 29 4 9 7 4 34 4 50 4 69 40 4 46 4 73 5 4 6 4 94 22 16 21 16 67 18 37 5 4 35 4 52 29 4 28 4 25 4 116 25 4 6 4 53 58 16 14 16 0 11 26 9 4 30 4 93 33 16 15 16 47 42 4 49 4 31 4 87 44 4 31 4 24 31 4 29 4 39 4 81 23 4 12 4 35 44 31 4 86 18 11 9 4 7 32 35 4 29 9 16 42 16 39 5 4 24 4 7 4 111 54 5 49 4 5 15 22 4 65 12 4 11 4 36 4 18 22 16 25 16 93 45 4 24 4 91 17 4 36 4 44 4 83 30 4 10 18 39 4 49 41 4 40 4 24 4 25 4 8 13 4 28 4 37 4 45 4 81 24 4 5 4 58 10 51 4 67 9 4 7 4 29 4 42 34 4 40 25 32 4 8 40 4 17 32 52 4 18 20 4 20 4 84 29 26 23 4 33 44 13 4 7 33 4 13 4 13 32 4 15 4 7 4 5 4 53 46 4 13 4 5 4 25 4 63 8 4 5 4 32 29 23 24 4 25 4 46 37 4 22 4 54 4 5 4 50 38 4 7 4 52 4 37 29 4 10 4 5 4 12 33 4 36 4 44 4 13 4 26 8 4 28 4 9 4 26 4 
iteration 54 best: 0.905471 time: 22195
47 21 8 0 26 8 49 47 8 51 46 4 38 4 46 38 4 6 4 34 25 8 81 25 4 16 4 16 41 12 2 5 8 74 31 8 12 5 8 68 5 12 13 6 4 8 4 31 40 4 47 4 36 4 29 4 41 22 4 9 4 23 4 41 16 8 49 25 8 62 33 4 27 4 31 36 16 52 16 13 42 4 9 4 5 4 5 4 30 48 4 7 4 6 4 111 50 8 32 8 104 29 4 49 4 24 4 38 4 93 41 8 98 23 4 57 4 15 4 34 4 85 21 8 5 5 4 80 27 8 96 5 8 69 20 8 68 55 4 22 4 6 4 33 30 4 5 4 31 57 4 26 4 29 4 40 6 4 29 4 9 7 4 34 4 50 4 69 40 4 46 4 73 5 4 6 4 94 22 16 21 16 67 18 37 5 4 35 4 52 29 4 28 4 25 4 116 25 4 6 4 53 58 16 14 16 0 11 26 9 4 30 4 93 33 16 15 16 47 42 4 49 4 31 4 87 44 4 31 4 24 31 4 29 4 39 4 81 23 4 12 4 35 44 31 4 86 18 11 9 4 7 32 35 4 29 9 16 42 16 39 5 4 24 4 7 4 111 54 5 49 4 5 15 22 4 65 12 4 11 4 36 4 18 22 16 25 16 93 45 4 24 4 91 17 4 36 4 44 4 83 30 4 10 18 39 4 49 41 4 40 4 24 4 25 4 8 13 4 28 4 37 4 45 4 81 24 4 5 4 58 10 51 4 67 9 4 7 4 29 4 42 34 4 40 25 32 4 8 40 4 17 32 52 4 18 20 4 20 4 84 29 26 23 4 33 44 13 4 7 33 4 13 4 13 32 4 15 4 7 4 5 4 53 46 4 13 4 5 4 25 4 63 8 4 5 4 32 29 23 24 4 25 4 46 37 4 22 4 54 4 5 4 50 38 4 7 4 52 4 37 29 4 10 4 5 4 12 33 4 36 4 44 4 13 4 26 8 4 28 4 9 4 26 4 
iteration 73 best: 0.905471 time: 29495
47 21 8 0 26 8 49 47 8 51 46 4 38 4 46 38 4 6 4 34 25 8 81 25 4 16 4 16 41 12 2 5 8 74 31 8 12 5 8 68 5 12 13 6 4 8 4 31 40 4 47 4 36 4 29 4 41 22 4 9 4 23 4 41 16 8 49 25 8 62 33 4 27 4 31 36 16 52 16 13 42 4 9 4 5 4 5 4 30 48 4 7 4 6 4 111 50 8 32 8 104 29 4 49 4 24 4 38 4 93 41 8 98 23 4 57 4 15 4 34 4 85 21 8 5 5 4 80 27 8 96 5 8 69 20 8 68 55 4 22 4 6 4 33 30 4 5 4 31 57 4 26 4 29 4 40 6 4 29 4 9 7 4 34 4 50 4 69 40 4 46 4 73 5 4 6 4 94 22 16 21 16 67 18 37 5 4 35 4 52 29 4 28 4 25 4 116 25 4 6 4 53 58 16 14 16 0 11 26 9 4 30 4 93 33 16 15 16 47 42 4 49 4 31 4 87 44 4 31 4 24 31 4 29 4 39 4 81 23 4 12 4 35 44 31 4 86 18 11 9 4 7 32 35 4 29 9 16 42 16 39 5 4 24 4 7 4 111 54 5 49 4 5 15 22 4 65 12 4 11 4 36 4 18 22 16 25 16 93 45 4 24 4 91 17 4 36 4 44 4 83 30 4 10 18 39 4 49 41 4 40 4 24 4 25 4 8 13 4 28 4 37 4 45 4 81 24 4 5 4 58 10 51 4 67 9 4 7 4 29 4 42 34 4 40 25 32 4 8 40 4 17 32 52 4 18 20 4 20 4 84 29 26 23 4 33 44 13 4 7 33 4 13 4 13 32 4 15 4 7 4 5 4 53 46 4 13 4 5 4 25 4 63 8 4 5 4 32 29 23 24 4 25 4 46 37 4 22 4 54 4 5 4 50 38 4 7 4 52 4 37 29 4 10 4 5 4 12 33 4 36 4 44 4 13 4 26 8 4 28 4 9 4 26 4 
iteration 92 best: 0.905471 time: 36776
47 21 8 0 26 8 49 47 8 51 46 4 38 4 46 38 4 6 4 34 25 8 81 25 4 16 4 16 41 12 2 5 8 74 31 8 12 5 8 68 5 12 13 6 4 8 4 31 40 4 47 4 36 4 29 4 41 22 4 9 4 23 4 41 16 8 49 25 8 62 33 4 27 4 31 36 16 52 16 13 42 4 9 4 5 4 5 4 30 48 4 7 4 6 4 111 50 8 32 8 104 29 4 49 4 24 4 38 4 93 41 8 98 23 4 57 4 15 4 34 4 85 21 8 5 5 4 80 27 8 96 5 8 69 20 8 68 55 4 22 4 6 4 33 30 4 5 4 31 57 4 26 4 29 4 40 6 4 29 4 9 7 4 34 4 50 4 69 40 4 46 4 73 5 4 6 4 94 22 16 21 16 67 18 37 5 4 35 4 52 29 4 28 4 25 4 116 25 4 6 4 53 58 16 14 16 0 11 26 9 4 30 4 93 33 16 15 16 47 42 4 49 4 31 4 87 44 4 31 4 24 31 4 29 4 39 4 81 23 4 12 4 35 44 31 4 86 18 11 9 4 7 32 35 4 29 9 16 42 16 39 5 4 24 4 7 4 111 54 5 49 4 5 15 22 4 65 12 4 11 4 36 4 18 22 16 25 16 93 45 4 24 4 91 17 4 36 4 44 4 83 30 4 10 18 39 4 49 41 4 40 4 24 4 25 4 8 13 4 28 4 37 4 45 4 81 24 4 5 4 58 10 51 4 67 9 4 7 4 29 4 42 34 4 40 25 32 4 8 40 4 17 32 52 4 18 20 4 20 4 84 29 26 23 4 33 44 13 4 7 33 4 13 4 13 32 4 15 4 7 4 5 4 53 46 4 13 4 5 4 25 4 63 8 4 5 4 32 29 23 24 4 25 4 46 37 4 22 4 54 4 5 4 50 38 4 7 4 52 4 37 29 4 10 4 5 4 12 33 4 36 4 44 4 13 4 26 8 4 28 4 9 4 26 4 
iteration 111 best: 0.905471 time: 44065
47 21 8 0 26 8 49 47 8 51 46 4 38 4 46 38 4 6 4 34 25 8 81 25 4 16 4 16 41 12 2 5 8 74 31 8 12 5 8 68 5 12 13 6 4 8 4 31 40 4 47 4 36 4 29 4 41 22 4 9 4 23 4 41 16 8 49 25 8 62 33 4 27 4 31 36 16 52 16 13 42 4 9 4 5 4 5 4 30 48 4 7 4 6 4 111 50 8 32 8 104 29 4 49 4 24 4 38 4 93 41 8 98 23 4 57 4 15 4 34 4 85 21 8 5 5 4 80 27 8 96 5 8 69 20 8 68 55 4 22 4 6 4 33 30 4 5 4 31 57 4 26 4 29 4 40 6 4 29 4 9 7 4 34 4 50 4 69 40 4 46 4 73 5 4 6 4 94 22 16 21 16 67 18 37 5 4 35 4 52 29 4 28 4 25 4 116 25 4 6 4 53 58 16 14 16 0 11 26 9 4 30 4 93 33 16 15 16 47 42 4 49 4 31 4 87 44 4 31 4 24 31 4 29 4 39 4 81 23 4 12 4 35 44 31 4 86 18 11 9 4 7 32 35 4 29 9 16 42 16 39 5 4 24 4 7 4 111 54 5 49 4 5 15 22 4 65 12 4 11 4 36 4 18 22 16 25 16 93 45 4 24 4 91 17 4 36 4 44 4 83 30 4 10 18 39 4 49 41 4 40 4 24 4 25 4 8 13 4 28 4 37 4 45 4 81 24 4 5 4 58 10 51 4 67 9 4 7 4 29 4 42 34 4 40 25 32 4 8 40 4 17 32 52 4 18 20 4 20 4 84 29 26 23 4 33 44 13 4 7 33 4 13 4 13 32 4 15 4 7 4 5 4 53 46 4 13 4 5 4 25 4 63 8 4 5 4 32 29 23 24 4 25 4 46 37 4 22 4 54 4 5 4 50 38 4 7 4 52 4 37 29 4 10 4 5 4 12 33 4 36 4 44 4 13 4 26 8 4 28 4 9 4 26 4 
iteration 130 best: 0.905471 time: 51297
47 21 8 0 26 8 49 47 8 51 46 4 38 4 46 38 4 6 4 34 25 8 81 25 4 16 4 16 41 12 2 5 8 74 31 8 12 5 8 68 5 12 13 6 4 8 4 31 40 4 47 4 36 4 29 4 41 22 4 9 4 23 4 41 16 8 49 25 8 62 33 4 27 4 31 36 16 52 16 13 42 4 9 4 5 4 5 4 30 48 4 7 4 6 4 111 50 8 32 8 104 29 4 49 4 24 4 38 4 93 41 8 98 23 4 57 4 15 4 34 4 85 21 8 5 5 4 80 27 8 96 5 8 69 20 8 68 55 4 22 4 6 4 33 30 4 5 4 31 57 4 26 4 29 4 40 6 4 29 4 9 7 4 34 4 50 4 69 40 4 46 4 73 5 4 6 4 94 22 16 21 16 67 18 37 5 4 35 4 52 29 4 28 4 25 4 116 25 4 6 4 53 58 16 14 16 0 11 26 9 4 30 4 93 33 16 15 16 47 42 4 49 4 31 4 87 44 4 31 4 24 31 4 29 4 39 4 81 23 4 12 4 35 44 31 4 86 18 11 9 4 7 32 35 4 29 9 16 42 16 39 5 4 24 4 7 4 111 54 5 49 4 5 15 22 4 65 12 4 11 4 36 4 18 22 16 25 16 93 45 4 24 4 91 17 4 36 4 44 4 83 30 4 10 18 39 4 49 41 4 40 4 24 4 25 4 8 13 4 28 4 37 4 45 4 81 24 4 5 4 58 10 51 4 67 9 4 7 4 29 4 42 34 4 40 25 32 4 8 40 4 17 32 52 4 18 20 4 20 4 84 29 26 23 4 33 44 13 4 7 33 4 13 4 13 32 4 15 4 7 4 5 4 53 46 4 13 4 5 4 25 4 63 8 4 5 4 32 29 23 24 4 25 4 46 37 4 22 4 54 4 5 4 50 38 4 7 4 52 4 37 29 4 10 4 5 4 12 33 4 36 4 44 4 13 4 26 8 4 28 4 9 4 26 4 
iteration 149 best: 0.905471 time: 58539
47 21 8 0 26 8 49 47 8 51 46 4 38 4 46 38 4 6 4 34 25 8 81 25 4 16 4 16 41 12 2 5 8 74 31 8 12 5 8 68 5 12 13 6 4 8 4 31 40 4 47 4 36 4 29 4 41 22 4 9 4 23 4 41 16 8 49 25 8 62 33 4 27 4 31 36 16 52 16 13 42 4 9 4 5 4 5 4 30 48 4 7 4 6 4 111 50 8 32 8 104 29 4 49 4 24 4 38 4 93 41 8 98 23 4 57 4 15 4 34 4 85 21 8 5 5 4 80 27 8 96 5 8 69 20 8 68 55 4 22 4 6 4 33 30 4 5 4 31 57 4 26 4 29 4 40 6 4 29 4 9 7 4 34 4 50 4 69 40 4 46 4 73 5 4 6 4 94 22 16 21 16 67 18 37 5 4 35 4 52 29 4 28 4 25 4 116 25 4 6 4 53 58 16 14 16 0 11 26 9 4 30 4 93 33 16 15 16 47 42 4 49 4 31 4 87 44 4 31 4 24 31 4 29 4 39 4 81 23 4 12 4 35 44 31 4 86 18 11 9 4 7 32 35 4 29 9 16 42 16 39 5 4 24 4 7 4 111 54 5 49 4 5 15 22 4 65 12 4 11 4 36 4 18 22 16 25 16 93 45 4 24 4 91 17 4 36 4 44 4 83 30 4 10 18 39 4 49 41 4 40 4 24 4 25 4 8 13 4 28 4 37 4 45 4 81 24 4 5 4 58 10 51 4 67 9 4 7 4 29 4 42 34 4 40 25 32 4 8 40 4 17 32 52 4 18 20 4 20 4 84 29 26 23 4 33 44 13 4 7 33 4 13 4 13 32 4 15 4 7 4 5 4 53 46 4 13 4 5 4 25 4 63 8 4 5 4 32 29 23 24 4 25 4 46 37 4 22 4 54 4 5 4 50 38 4 7 4 52 4 37 29 4 10 4 5 4 12 33 4 36 4 44 4 13 4 26 8 4 28 4 9 4 26 4 
iteration 168 best: 0.905471 time: 65811
47 21 8 0 26 8 49 47 8 51 46 4 38 4 46 38 4 6 4 34 25 8 81 25 4 16 4 16 41 12 2 5 8 74 31 8 12 5 8 68 5 12 13 6 4 8 4 31 40 4 47 4 36 4 29 4 41 22 4 9 4 23 4 41 16 8 49 25 8 62 33 4 27 4 31 36 16 52 16 13 42 4 9 4 5 4 5 4 30 48 4 7 4 6 4 111 50 8 32 8 104 29 4 49 4 24 4 38 4 93 41 8 98 23 4 57 4 15 4 34 4 85 21 8 5 5 4 80 27 8 96 5 8 69 20 8 68 55 4 22 4 6 4 33 30 4 5 4 31 57 4 26 4 29 4 40 6 4 29 4 9 7 4 34 4 50 4 69 40 4 46 4 73 5 4 6 4 94 22 16 21 16 67 18 37 5 4 35 4 52 29 4 28 4 25 4 116 25 4 6 4 53 58 16 14 16 0 11 26 9 4 30 4 93 33 16 15 16 47 42 4 49 4 31 4 87 44 4 31 4 24 31 4 29 4 39 4 81 23 4 12 4 35 44 31 4 86 18 11 9 4 7 32 35 4 29 9 16 42 16 39 5 4 24 4 7 4 111 54 5 49 4 5 15 22 4 65 12 4 11 4 36 4 18 22 16 25 16 93 45 4 24 4 91 17 4 36 4 44 4 83 30 4 10 18 39 4 49 41 4 40 4 24 4 25 4 8 13 4 28 4 37 4 45 4 81 24 4 5 4 58 10 51 4 67 9 4 7 4 29 4 42 34 4 40 25 32 4 8 40 4 17 32 52 4 18 20 4 20 4 84 29 26 23 4 33 44 13 4 7 33 4 13 4 13 32 4 15 4 7 4 5 4 53 46 4 13 4 5 4 25 4 63 8 4 5 4 32 29 23 24 4 25 4 46 37 4 22 4 54 4 5 4 50 38 4 7 4 52 4 37 29 4 10 4 5 4 12 33 4 36 4 44 4 13 4 26 8 4 28 4 9 4 26 4 
iteration 187 best: 0.905471 time: 73070
47 21 8 0 26 8 49 47 8 51 46 4 38 4 46 38 4 6 4 34 25 8 81 25 4 16 4 16 41 12 2 5 8 74 31 8 12 5 8 68 5 12 13 6 4 8 4 31 40 4 47 4 36 4 29 4 41 22 4 9 4 23 4 41 16 8 49 25 8 62 33 4 27 4 31 36 16 52 16 13 42 4 9 4 5 4 5 4 30 48 4 7 4 6 4 111 50 8 32 8 104 29 4 49 4 24 4 38 4 93 41 8 98 23 4 57 4 15 4 34 4 85 21 8 5 5 4 80 27 8 96 5 8 69 20 8 68 55 4 22 4 6 4 33 30 4 5 4 31 57 4 26 4 29 4 40 6 4 29 4 9 7 4 34 4 50 4 69 40 4 46 4 73 5 4 6 4 94 22 16 21 16 67 18 37 5 4 35 4 52 29 4 28 4 25 4 116 25 4 6 4 53 58 16 14 16 0 11 26 9 4 30 4 93 33 16 15 16 47 42 4 49 4 31 4 87 44 4 31 4 24 31 4 29 4 39 4 81 23 4 12 4 35 44 31 4 86 18 11 9 4 7 32 35 4 29 9 16 42 16 39 5 4 24 4 7 4 111 54 5 49 4 5 15 22 4 65 12 4 11 4 36 4 18 22 16 25 16 93 45 4 24 4 91 17 4 36 4 44 4 83 30 4 10 18 39 4 49 41 4 40 4 24 4 25 4 8 13 4 28 4 37 4 45 4 81 24 4 5 4 58 10 51 4 67 9 4 7 4 29 4 42 34 4 40 25 32 4 8 40 4 17 32 52 4 18 20 4 20 4 84 29 26 23 4 33 44 13 4 7 33 4 13 4 13 32 4 15 4 7 4 5 4 53 46 4 13 4 5 4 25 4 63 8 4 5 4 32 29 23 24 4 25 4 46 37 4 22 4 54 4 5 4 50 38 4 7 4 52 4 37 29 4 10 4 5 4 12 33 4 36 4 44 4 13 4 26 8 4 28 4 9 4 26 4 
iteration 206 best: 0.905471 time: 80332
47 21 8 0 26 8 49 47 8 51 46 4 38 4 46 38 4 6 4 34 25 8 81 25 4 16 4 16 41 12 2 5 8 74 31 8 12 5 8 68 5 12 13 6 4 8 4 31 40 4 47 4 36 4 29 4 41 22 4 9 4 23 4 41 16 8 49 25 8 62 33 4 27 4 31 36 16 52 16 13 42 4 9 4 5 4 5 4 30 48 4 7 4 6 4 111 50 8 32 8 104 29 4 49 4 24 4 38 4 93 41 8 98 23 4 57 4 15 4 34 4 85 21 8 5 5 4 80 27 8 96 5 8 69 20 8 68 55 4 22 4 6 4 33 30 4 5 4 31 57 4 26 4 29 4 40 6 4 29 4 9 7 4 34 4 50 4 69 40 4 46 4 73 5 4 6 4 94 22 16 21 16 67 18 37 5 4 35 4 52 29 4 28 4 25 4 116 25 4 6 4 53 58 16 14 16 0 11 26 9 4 30 4 93 33 16 15 16 47 42 4 49 4 31 4 87 44 4 31 4 24 31 4 29 4 39 4 81 23 4 12 4 35 44 31 4 86 18 11 9 4 7 32 35 4 29 9 16 42 16 39 5 4 24 4 7 4 111 54 5 49 4 5 15 22 4 65 12 4 11 4 36 4 18 22 16 25 16 93 45 4 24 4 91 17 4 36 4 44 4 83 30 4 10 18 39 4 49 41 4 40 4 24 4 25 4 8 13 4 28 4 37 4 45 4 81 24 4 5 4 58 10 51 4 67 9 4 7 4 29 4 42 34 4 40 25 32 4 8 40 4 17 32 52 4 18 20 4 20 4 84 29 26 23 4 33 44 13 4 7 33 4 13 4 13 32 4 15 4 7 4 5 4 53 46 4 13 4 5 4 25 4 63 8 4 5 4 32 29 23 24 4 25 4 46 37 4 22 4 54 4 5 4 50 38 4 7 4 52 4 37 29 4 10 4 5 4 12 33 4 36 4 44 4 13 4 26 8 4 28 4 9 4 26 4 
iteration 225 best: 0.905471 time: 87586
47 21 8 0 26 8 49 47 8 51 46 4 38 4 46 38 4 6 4 34 25 8 81 25 4 16 4 16 41 12 2 5 8 74 31 8 12 5 8 68 5 12 13 6 4 8 4 31 40 4 47 4 36 4 29 4 41 22 4 9 4 23 4 41 16 8 49 25 8 62 33 4 27 4 31 36 16 52 16 13 42 4 9 4 5 4 5 4 30 48 4 7 4 6 4 111 50 8 32 8 104 29 4 49 4 24 4 38 4 93 41 8 98 23 4 57 4 15 4 34 4 85 21 8 5 5 4 80 27 8 96 5 8 69 20 8 68 55 4 22 4 6 4 33 30 4 5 4 31 57 4 26 4 29 4 40 6 4 29 4 9 7 4 34 4 50 4 69 40 4 46 4 73 5 4 6 4 94 22 16 21 16 67 18 37 5 4 35 4 52 29 4 28 4 25 4 116 25 4 6 4 53 58 16 14 16 0 11 26 9 4 30 4 93 33 16 15 16 47 42 4 49 4 31 4 87 44 4 31 4 24 31 4 29 4 39 4 81 23 4 12 4 35 44 31 4 86 18 11 9 4 7 32 35 4 29 9 16 42 16 39 5 4 24 4 7 4 111 54 5 49 4 5 15 22 4 65 12 4 11 4 36 4 18 22 16 25 16 93 45 4 24 4 91 17 4 36 4 44 4 83 30 4 10 18 39 4 49 41 4 40 4 24 4 25 4 8 13 4 28 4 37 4 45 4 81 24 4 5 4 58 10 51 4 67 9 4 7 4 29 4 42 34 4 40 25 32 4 8 40 4 17 32 52 4 18 20 4 20 4 84 29 26 23 4 33 44 13 4 7 33 4 13 4 13 32 4 15 4 7 4 5 4 53 46 4 13 4 5 4 25 4 63 8 4 5 4 32 29 23 24 4 25 4 46 37 4 22 4 54 4 5 4 50 38 4 7 4 52 4 37 29 4 10 4 5 4 12 33 4 36 4 44 4 13 4 26 8 4 28 4 9 4 26 4 
iteration 244 best: 0.905471 time: 94842
47 21 8 0 26 8 49 47 8 51 46 4 38 4 46 38 4 6 4 34 25 8 81 25 4 16 4 16 41 12 2 5 8 74 31 8 12 5 8 68 5 12 13 6 4 8 4 31 40 4 47 4 36 4 29 4 41 22 4 9 4 23 4 41 16 8 49 25 8 62 33 4 27 4 31 36 16 52 16 13 42 4 9 4 5 4 5 4 30 48 4 7 4 6 4 111 50 8 32 8 104 29 4 49 4 24 4 38 4 93 41 8 98 23 4 57 4 15 4 34 4 85 21 8 5 5 4 80 27 8 96 5 8 69 20 8 68 55 4 22 4 6 4 33 30 4 5 4 31 57 4 26 4 29 4 40 6 4 29 4 9 7 4 34 4 50 4 69 40 4 46 4 73 5 4 6 4 94 22 16 21 16 67 18 37 5 4 35 4 52 29 4 28 4 25 4 116 25 4 6 4 53 58 16 14 16 0 11 26 9 4 30 4 93 33 16 15 16 47 42 4 49 4 31 4 87 44 4 31 4 24 31 4 29 4 39 4 81 23 4 12 4 35 44 31 4 86 18 11 9 4 7 32 35 4 29 9 16 42 16 39 5 4 24 4 7 4 111 54 5 49 4 5 15 22 4 65 12 4 11 4 36 4 18 22 16 25 16 93 45 4 24 4 91 17 4 36 4 44 4 83 30 4 10 18 39 4 49 41 4 40 4 24 4 25 4 8 13 4 28 4 37 4 45 4 81 24 4 5 4 58 10 51 4 67 9 4 7 4 29 4 42 34 4 40 25 32 4 8 40 4 17 32 52 4 18 20 4 20 4 84 29 26 23 4 33 44 13 4 7 33 4 13 4 13 32 4 15 4 7 4 5 4 53 46 4 13 4 5 4 25 4 63 8 4 5 4 32 29 23 24 4 25 4 46 37 4 22 4 54 4 5 4 50 38 4 7 4 52 4 37 29 4 10 4 5 4 12 33 4 36 4 44 4 13 4 26 8 4 28 4 9 4 26 4 
iteration 263 best: 0.905471 time: 102082
47 21 8 0 26 8 49 47 8 51 46 4 38 4 46 38 4 6 4 34 25 8 81 25 4 16 4 16 41 12 2 5 8 74 31 8 12 5 8 68 5 12 13 6 4 8 4 31 40 4 47 4 36 4 29 4 41 22 4 9 4 23 4 41 16 8 49 25 8 62 33 4 27 4 31 36 16 52 16 13 42 4 9 4 5 4 5 4 30 48 4 7 4 6 4 111 50 8 32 8 104 29 4 49 4 24 4 38 4 93 41 8 98 23 4 57 4 15 4 34 4 85 21 8 5 5 4 80 27 8 96 5 8 69 20 8 68 55 4 22 4 6 4 33 30 4 5 4 31 57 4 26 4 29 4 40 6 4 29 4 9 7 4 34 4 50 4 69 40 4 46 4 73 5 4 6 4 94 22 16 21 16 67 18 37 5 4 35 4 52 29 4 28 4 25 4 116 25 4 6 4 53 58 16 14 16 0 11 26 9 4 30 4 93 33 16 15 16 47 42 4 49 4 31 4 87 44 4 31 4 24 31 4 29 4 39 4 81 23 4 12 4 35 44 31 4 86 18 11 9 4 7 32 35 4 29 9 16 42 16 39 5 4 24 4 7 4 111 54 5 49 4 5 15 22 4 65 12 4 11 4 36 4 18 22 16 25 16 93 45 4 24 4 91 17 4 36 4 44 4 83 30 4 10 18 39 4 49 41 4 40 4 24 4 25 4 8 13 4 28 4 37 4 45 4 81 24 4 5 4 58 10 51 4 67 9 4 7 4 29 4 42 34 4 40 25 32 4 8 40 4 17 32 52 4 18 20 4 20 4 84 29 26 23 4 33 44 13 4 7 33 4 13 4 13 32 4 15 4 7 4 5 4 53 46 4 13 4 5 4 25 4 63 8 4 5 4 32 29 23 24 4 25 4 46 37 4 22 4 54 4 5 4 50 38 4 7 4 52 4 37 29 4 10 4 5 4 12 33 4 36 4 44 4 13 4 26 8 4 28 4 9 4 26 4 
iteration 282 best: 0.905471 time: 109344
47 21 8 0 26 8 49 47 8 51 46 4 38 4 46 38 4 6 4 34 25 8 81 25 4 16 4 16 41 12 2 5 8 74 31 8 12 5 8 68 5 12 13 6 4 8 4 31 40 4 47 4 36 4 29 4 41 22 4 9 4 23 4 41 16 8 49 25 8 62 33 4 27 4 31 36 16 52 16 13 42 4 9 4 5 4 5 4 30 48 4 7 4 6 4 111 50 8 32 8 104 29 4 49 4 24 4 38 4 93 41 8 98 23 4 57 4 15 4 34 4 85 21 8 5 5 4 80 27 8 96 5 8 69 20 8 68 55 4 22 4 6 4 33 30 4 5 4 31 57 4 26 4 29 4 40 6 4 29 4 9 7 4 34 4 50 4 69 40 4 46 4 73 5 4 6 4 94 22 16 21 16 67 18 37 5 4 35 4 52 29 4 28 4 25 4 116 25 4 6 4 53 58 16 14 16 0 11 26 9 4 30 4 93 33 16 15 16 47 42 4 49 4 31 4 87 44 4 31 4 24 31 4 29 4 39 4 81 23 4 12 4 35 44 31 4 86 18 11 9 4 7 32 35 4 29 9 16 42 16 39 5 4 24 4 7 4 111 54 5 49 4 5 15 22 4 65 12 4 11 4 36 4 18 22 16 25 16 93 45 4 24 4 91 17 4 36 4 44 4 83 30 4 10 18 39 4 49 41 4 40 4 24 4 25 4 8 13 4 28 4 37 4 45 4 81 24 4 5 4 58 10 51 4 67 9 4 7 4 29 4 42 34 4 40 25 32 4 8 40 4 17 32 52 4 18 20 4 20 4 84 29 26 23 4 33 44 13 4 7 33 4 13 4 13 32 4 15 4 7 4 5 4 53 46 4 13 4 5 4 25 4 63 8 4 5 4 32 29 23 24 4 25 4 46 37 4 22 4 54 4 5 4 50 38 4 7 4 52 4 37 29 4 10 4 5 4 12 33 4 36 4 44 4 13 4 26 8 4 28 4 9 4 26 4 
iteration 301 best: 0.905471 time: 116576
47 21 8 0 26 8 49 47 8 51 46 4 38 4 46 38 4 6 4 34 25 8 81 25 4 16 4 16 41 12 2 5 8 74 31 8 12 5 8 68 5 12 13 6 4 8 4 31 40 4 47 4 36 4 29 4 41 22 4 9 4 23 4 41 16 8 49 25 8 62 33 4 27 4 31 36 16 52 16 13 42 4 9 4 5 4 5 4 30 48 4 7 4 6 4 111 50 8 32 8 104 29 4 49 4 24 4 38 4 93 41 8 98 23 4 57 4 15 4 34 4 85 21 8 5 5 4 80 27 8 96 5 8 69 20 8 68 55 4 22 4 6 4 33 30 4 5 4 31 57 4 26 4 29 4 40 6 4 29 4 9 7 4 34 4 50 4 69 40 4 46 4 73 5 4 6 4 94 22 16 21 16 67 18 37 5 4 35 4 52 29 4 28 4 25 4 116 25 4 6 4 53 58 16 14 16 0 11 26 9 4 30 4 93 33 16 15 16 47 42 4 49 4 31 4 87 44 4 31 4 24 31 4 29 4 39 4 81 23 4 12 4 35 44 31 4 86 18 11 9 4 7 32 35 4 29 9 16 42 16 39 5 4 24 4 7 4 111 54 5 49 4 5 15 22 4 65 12 4 11 4 36 4 18 22 16 25 16 93 45 4 24 4 91 17 4 36 4 44 4 83 30 4 10 18 39 4 49 41 4 40 4 24 4 25 4 8 13 4 28 4 37 4 45 4 81 24 4 5 4 58 10 51 4 67 9 4 7 4 29 4 42 34 4 40 25 32 4 8 40 4 17 32 52 4 18 20 4 20 4 84 29 26 23 4 33 44 13 4 7 33 4 13 4 13 32 4 15 4 7 4 5 4 53 46 4 13 4 5 4 25 4 63 8 4 5 4 32 29 23 24 4 25 4 46 37 4 22 4 54 4 5 4 50 38 4 7 4 52 4 37 29 4 10 4 5 4 12 33 4 36 4 44 4 13 4 26 8 4 28 4 9 4 26 4 
iteration 320 best: 0.905471 time: 123835
47 21 8 0 26 8 49 47 8 51 46 4 38 4 46 38 4 6 4 34 25 8 81 25 4 16 4 16 41 12 2 5 8 74 31 8 12 5 8 68 5 12 13 6 4 8 4 31 40 4 47 4 36 4 29 4 41 22 4 9 4 23 4 41 16 8 49 25 8 62 33 4 27 4 31 36 16 52 16 13 42 4 9 4 5 4 5 4 30 48 4 7 4 6 4 111 50 8 32 8 104 29 4 49 4 24 4 38 4 93 41 8 98 23 4 57 4 15 4 34 4 85 21 8 5 5 4 80 27 8 96 5 8 69 20 8 68 55 4 22 4 6 4 33 30 4 5 4 31 57 4 26 4 29 4 40 6 4 29 4 9 7 4 34 4 50 4 69 40 4 46 4 73 5 4 6 4 94 22 16 21 16 67 18 37 5 4 35 4 52 29 4 28 4 25 4 116 25 4 6 4 53 58 16 14 16 0 11 26 9 4 30 4 93 33 16 15 16 47 42 4 49 4 31 4 87 44 4 31 4 24 31 4 29 4 39 4 81 23 4 12 4 35 44 31 4 86 18 11 9 4 7 32 35 4 29 9 16 42 16 39 5 4 24 4 7 4 111 54 5 49 4 5 15 22 4 65 12 4 11 4 36 4 18 22 16 25 16 93 45 4 24 4 91 17 4 36 4 44 4 83 30 4 10 18 39 4 49 41 4 40 4 24 4 25 4 8 13 4 28 4 37 4 45 4 81 24 4 5 4 58 10 51 4 67 9 4 7 4 29 4 42 34 4 40 25 32 4 8 40 4 17 32 52 4 18 20 4 20 4 84 29 26 23 4 33 44 13 4 7 33 4 13 4 13 32 4 15 4 7 4 5 4 53 46 4 13 4 5 4 25 4 63 8 4 5 4 32 29 23 24 4 25 4 46 37 4 22 4 54 4 5 4 50 38 4 7 4 52 4 37 29 4 10 4 5 4 12 33 4 36 4 44 4 13 4 26 8 4 28 4 9 4 26 4 
iteration 339 best: 0.905471 time: 131064
47 21 8 0 26 8 49 47 8 51 46 4 38 4 46 38 4 6 4 34 25 8 81 25 4 16 4 16 41 12 2 5 8 74 31 8 12 5 8 68 5 12 13 6 4 8 4 31 40 4 47 4 36 4 29 4 41 22 4 9 4 23 4 41 16 8 49 25 8 62 33 4 27 4 31 36 16 52 16 13 42 4 9 4 5 4 5 4 30 48 4 7 4 6 4 111 50 8 32 8 104 29 4 49 4 24 4 38 4 93 41 8 98 23 4 57 4 15 4 34 4 85 21 8 5 5 4 80 27 8 96 5 8 69 20 8 68 55 4 22 4 6 4 33 30 4 5 4 31 57 4 26 4 29 4 40 6 4 29 4 9 7 4 34 4 50 4 69 40 4 46 4 73 5 4 6 4 94 22 16 21 16 67 18 37 5 4 35 4 52 29 4 28 4 25 4 116 25 4 6 4 53 58 16 14 16 0 11 26 9 4 30 4 93 33 16 15 16 47 42 4 49 4 31 4 87 44 4 31 4 24 31 4 29 4 39 4 81 23 4 12 4 35 44 31 4 86 18 11 9 4 7 32 35 4 29 9 16 42 16 39 5 4 24 4 7 4 111 54 5 49 4 5 15 22 4 65 12 4 11 4 36 4 18 22 16 25 16 93 45 4 24 4 91 17 4 36 4 44 4 83 30 4 10 18 39 4 49 41 4 40 4 24 4 25 4 8 13 4 28 4 37 4 45 4 81 24 4 5 4 58 10 51 4 67 9 4 7 4 29 4 42 34 4 40 25 32 4 8 40 4 17 32 52 4 18 20 4 20 4 84 29 26 23 4 33 44 13 4 7 33 4 13 4 13 32 4 15 4 7 4 5 4 53 46 4 13 4 5 4 25 4 63 8 4 5 4 32 29 23 24 4 25 4 46 37 4 22 4 54 4 5 4 50 38 4 7 4 52 4 37 29 4 10 4 5 4 12 33 4 36 4 44 4 13 4 26 8 4 28 4 9 4 26 4 
iteration 358 best: 0.905471 time: 138306
47 21 8 0 26 8 49 47 8 51 46 4 38 4 46 38 4 6 4 34 25 8 81 25 4 16 4 16 41 12 2 5 8 74 31 8 12 5 8 68 5 12 13 6 4 8 4 31 40 4 47 4 36 4 29 4 41 22 4 9 4 23 4 41 16 8 49 25 8 62 33 4 27 4 31 36 16 52 16 13 42 4 9 4 5 4 5 4 30 48 4 7 4 6 4 111 50 8 32 8 104 29 4 49 4 24 4 38 4 93 41 8 98 23 4 57 4 15 4 34 4 85 21 8 5 5 4 80 27 8 96 5 8 69 20 8 68 55 4 22 4 6 4 33 30 4 5 4 31 57 4 26 4 29 4 40 6 4 29 4 9 7 4 34 4 50 4 69 40 4 46 4 73 5 4 6 4 94 22 16 21 16 67 18 37 5 4 35 4 52 29 4 28 4 25 4 116 25 4 6 4 53 58 16 14 16 0 11 26 9 4 30 4 93 33 16 15 16 47 42 4 49 4 31 4 87 44 4 31 4 24 31 4 29 4 39 4 81 23 4 12 4 35 44 31 4 86 18 11 9 4 7 32 35 4 29 9 16 42 16 39 5 4 24 4 7 4 111 54 5 49 4 5 15 22 4 65 12 4 11 4 36 4 18 22 16 25 16 93 45 4 24 4 91 17 4 36 4 44 4 83 30 4 10 18 39 4 49 41 4 40 4 24 4 25 4 8 13 4 28 4 37 4 45 4 81 24 4 5 4 58 10 51 4 67 9 4 7 4 29 4 42 34 4 40 25 32 4 8 40 4 17 32 52 4 18 20 4 20 4 84 29 26 23 4 33 44 13 4 7 33 4 13 4 13 32 4 15 4 7 4 5 4 53 46 4 13 4 5 4 25 4 63 8 4 5 4 32 29 23 24 4 25 4 46 37 4 22 4 54 4 5 4 50 38 4 7 4 52 4 37 29 4 10 4 5 4 12 33 4 36 4 44 4 13 4 26 8 4 28 4 9 4 26 4 
iteration 377 best: 0.905471 time: 145558
47 21 8 0 26 8 49 47 8 51 46 4 38 4 46 38 4 6 4 34 25 8 81 25 4 16 4 16 41 12 2 5 8 74 31 8 12 5 8 68 5 12 13 6 4 8 4 31 40 4 47 4 36 4 29 4 41 22 4 9 4 23 4 41 16 8 49 25 8 62 33 4 27 4 31 36 16 52 16 13 42 4 9 4 5 4 5 4 30 48 4 7 4 6 4 111 50 8 32 8 104 29 4 49 4 24 4 38 4 93 41 8 98 23 4 57 4 15 4 34 4 85 21 8 5 5 4 80 27 8 96 5 8 69 20 8 68 55 4 22 4 6 4 33 30 4 5 4 31 57 4 26 4 29 4 40 6 4 29 4 9 7 4 34 4 50 4 69 40 4 46 4 73 5 4 6 4 94 22 16 21 16 67 18 37 5 4 35 4 52 29 4 28 4 25 4 116 25 4 6 4 53 58 16 14 16 0 11 26 9 4 30 4 93 33 16 15 16 47 42 4 49 4 31 4 87 44 4 31 4 24 31 4 29 4 39 4 81 23 4 12 4 35 44 31 4 86 18 11 9 4 7 32 35 4 29 9 16 42 16 39 5 4 24 4 7 4 111 54 5 49 4 5 15 22 4 65 12 4 11 4 36 4 18 22 16 25 16 93 45 4 24 4 91 17 4 36 4 44 4 83 30 4 10 18 39 4 49 41 4 40 4 24 4 25 4 8 13 4 28 4 37 4 45 4 81 24 4 5 4 58 10 51 4 67 9 4 7 4 29 4 42 34 4 40 25 32 4 8 40 4 17 32 52 4 18 20 4 20 4 84 29 26 23 4 33 44 13 4 7 33 4 13 4 13 32 4 15 4 7 4 5 4 53 46 4 13 4 5 4 25 4 63 8 4 5 4 32 29 23 24 4 25 4 46 37 4 22 4 54 4 5 4 50 38 4 7 4 52 4 37 29 4 10 4 5 4 12 33 4 36 4 44 4 13 4 26 8 4 28 4 9 4 26 4 
iteration 396 best: 0.905471 time: 152825
47 21 8 0 26 8 49 47 8 51 46 4 38 4 46 38 4 6 4 34 25 8 81 25 4 16 4 16 41 12 2 5 8 74 31 8 12 5 8 68 5 12 13 6 4 8 4 31 40 4 47 4 36 4 29 4 41 22 4 9 4 23 4 41 16 8 49 25 8 62 33 4 27 4 31 36 16 52 16 13 42 4 9 4 5 4 5 4 30 48 4 7 4 6 4 111 50 8 32 8 104 29 4 49 4 24 4 38 4 93 41 8 98 23 4 57 4 15 4 34 4 85 21 8 5 5 4 80 27 8 96 5 8 69 20 8 68 55 4 22 4 6 4 33 30 4 5 4 31 57 4 26 4 29 4 40 6 4 29 4 9 7 4 34 4 50 4 69 40 4 46 4 73 5 4 6 4 94 22 16 21 16 67 18 37 5 4 35 4 52 29 4 28 4 25 4 116 25 4 6 4 53 58 16 14 16 0 11 26 9 4 30 4 93 33 16 15 16 47 42 4 49 4 31 4 87 44 4 31 4 24 31 4 29 4 39 4 81 23 4 12 4 35 44 31 4 86 18 11 9 4 7 32 35 4 29 9 16 42 16 39 5 4 24 4 7 4 111 54 5 49 4 5 15 22 4 65 12 4 11 4 36 4 18 22 16 25 16 93 45 4 24 4 91 17 4 36 4 44 4 83 30 4 10 18 39 4 49 41 4 40 4 24 4 25 4 8 13 4 28 4 37 4 45 4 81 24 4 5 4 58 10 51 4 67 9 4 7 4 29 4 42 34 4 40 25 32 4 8 40 4 17 32 52 4 18 20 4 20 4 84 29 26 23 4 33 44 13 4 7 33 4 13 4 13 32 4 15 4 7 4 5 4 53 46 4 13 4 5 4 25 4 63 8 4 5 4 32 29 23 24 4 25 4 46 37 4 22 4 54 4 5 4 50 38 4 7 4 52 4 37 29 4 10 4 5 4 12 33 4 36 4 44 4 13 4 26 8 4 28 4 9 4 26 4 
iteration 415 best: 0.905471 time: 160058
47 21 8 0 26 8 49 47 8 51 46 4 38 4 46 38 4 6 4 34 25 8 81 25 4 16 4 16 41 12 2 5 8 74 31 8 12 5 8 68 5 12 13 6 4 8 4 31 40 4 47 4 36 4 29 4 41 22 4 9 4 23 4 41 16 8 49 25 8 62 33 4 27 4 31 36 16 52 16 13 42 4 9 4 5 4 5 4 30 48 4 7 4 6 4 111 50 8 32 8 104 29 4 49 4 24 4 38 4 93 41 8 98 23 4 57 4 15 4 34 4 85 21 8 5 5 4 80 27 8 96 5 8 69 20 8 68 55 4 22 4 6 4 33 30 4 5 4 31 57 4 26 4 29 4 40 6 4 29 4 9 7 4 34 4 50 4 69 40 4 46 4 73 5 4 6 4 94 22 16 21 16 67 18 37 5 4 35 4 52 29 4 28 4 25 4 116 25 4 6 4 53 58 16 14 16 0 11 26 9 4 30 4 93 33 16 15 16 47 42 4 49 4 31 4 87 44 4 31 4 24 31 4 29 4 39 4 81 23 4 12 4 35 44 31 4 86 18 11 9 4 7 32 35 4 29 9 16 42 16 39 5 4 24 4 7 4 111 54 5 49 4 5 15 22 4 65 12 4 11 4 36 4 18 22 16 25 16 93 45 4 24 4 91 17 4 36 4 44 4 83 30 4 10 18 39 4 49 41 4 40 4 24 4 25 4 8 13 4 28 4 37 4 45 4 81 24 4 5 4 58 10 51 4 67 9 4 7 4 29 4 42 34 4 40 25 32 4 8 40 4 17 32 52 4 18 20 4 20 4 84 29 26 23 4 33 44 13 4 7 33 4 13 4 13 32 4 15 4 7 4 5 4 53 46 4 13 4 5 4 25 4 63 8 4 5 4 32 29 23 24 4 25 4 46 37 4 22 4 54 4 5 4 50 38 4 7 4 52 4 37 29 4 10 4 5 4 12 33 4 36 4 44 4 13 4 26 8 4 28 4 9 4 26 4 
iteration 434 best: 0.905471 time: 167299
47 21 8 0 26 8 49 47 8 51 46 4 38 4 46 38 4 6 4 34 25 8 81 25 4 16 4 16 41 12 2 5 8 74 31 8 12 5 8 68 5 12 13 6 4 8 4 31 40 4 47 4 36 4 29 4 41 22 4 9 4 23 4 41 16 8 49 25 8 62 33 4 27 4 31 36 16 52 16 13 42 4 9 4 5 4 5 4 30 48 4 7 4 6 4 111 50 8 32 8 104 29 4 49 4 24 4 38 4 93 41 8 98 23 4 57 4 15 4 34 4 85 21 8 5 5 4 80 27 8 96 5 8 69 20 8 68 55 4 22 4 6 4 33 30 4 5 4 31 57 4 26 4 29 4 40 6 4 29 4 9 7 4 34 4 50 4 69 40 4 46 4 73 5 4 6 4 94 22 16 21 16 67 18 37 5 4 35 4 52 29 4 28 4 25 4 116 25 4 6 4 53 58 16 14 16 0 11 26 9 4 30 4 93 33 16 15 16 47 42 4 49 4 31 4 87 44 4 31 4 24 31 4 29 4 39 4 81 23 4 12 4 35 44 31 4 86 18 11 9 4 7 32 35 4 29 9 16 42 16 39 5 4 24 4 7 4 111 54 5 49 4 5 15 22 4 65 12 4 11 4 36 4 18 22 16 25 16 93 45 4 24 4 91 17 4 36 4 44 4 83 30 4 10 18 39 4 49 41 4 40 4 24 4 25 4 8 13 4 28 4 37 4 45 4 81 24 4 5 4 58 10 51 4 67 9 4 7 4 29 4 42 34 4 40 25 32 4 8 40 4 17 32 52 4 18 20 4 20 4 84 29 26 23 4 33 44 13 4 7 33 4 13 4 13 32 4 15 4 7 4 5 4 53 46 4 13 4 5 4 25 4 63 8 4 5 4 32 29 23 24 4 25 4 46 37 4 22 4 54 4 5 4 50 38 4 7 4 52 4 37 29 4 10 4 5 4 12 33 4 36 4 44 4 13 4 26 8 4 28 4 9 4 26 4 
iteration 453 best: 0.905471 time: 174536
47 21 8 0 26 8 49 47 8 51 46 4 38 4 46 38 4 6 4 34 25 8 81 25 4 16 4 16 41 12 2 5 8 74 31 8 12 5 8 68 5 12 13 6 4 8 4 31 40 4 47 4 36 4 29 4 41 22 4 9 4 23 4 41 16 8 49 25 8 62 33 4 27 4 31 36 16 52 16 13 42 4 9 4 5 4 5 4 30 48 4 7 4 6 4 111 50 8 32 8 104 29 4 49 4 24 4 38 4 93 41 8 98 23 4 57 4 15 4 34 4 85 21 8 5 5 4 80 27 8 96 5 8 69 20 8 68 55 4 22 4 6 4 33 30 4 5 4 31 57 4 26 4 29 4 40 6 4 29 4 9 7 4 34 4 50 4 69 40 4 46 4 73 5 4 6 4 94 22 16 21 16 67 18 37 5 4 35 4 52 29 4 28 4 25 4 116 25 4 6 4 53 58 16 14 16 0 11 26 9 4 30 4 93 33 16 15 16 47 42 4 49 4 31 4 87 44 4 31 4 24 31 4 29 4 39 4 81 23 4 12 4 35 44 31 4 86 18 11 9 4 7 32 35 4 29 9 16 42 16 39 5 4 24 4 7 4 111 54 5 49 4 5 15 22 4 65 12 4 11 4 36 4 18 22 16 25 16 93 45 4 24 4 91 17 4 36 4 44 4 83 30 4 10 18 39 4 49 41 4 40 4 24 4 25 4 8 13 4 28 4 37 4 45 4 81 24 4 5 4 58 10 51 4 67 9 4 7 4 29 4 42 34 4 40 25 32 4 8 40 4 17 32 52 4 18 20 4 20 4 84 29 26 23 4 33 44 13 4 7 33 4 13 4 13 32 4 15 4 7 4 5 4 53 46 4 13 4 5 4 25 4 63 8 4 5 4 32 29 23 24 4 25 4 46 37 4 22 4 54 4 5 4 50 38 4 7 4 52 4 37 29 4 10 4 5 4 12 33 4 36 4 44 4 13 4 26 8 4 28 4 9 4 26 4 
iteration 472 best: 0.905471 time: 181780
47 21 8 0 26 8 49 47 8 51 46 4 38 4 46 38 4 6 4 34 25 8 81 25 4 16 4 16 41 12 2 5 8 74 31 8 12 5 8 68 5 12 13 6 4 8 4 31 40 4 47 4 36 4 29 4 41 22 4 9 4 23 4 41 16 8 49 25 8 62 33 4 27 4 31 36 16 52 16 13 42 4 9 4 5 4 5 4 30 48 4 7 4 6 4 111 50 8 32 8 104 29 4 49 4 24 4 38 4 93 41 8 98 23 4 57 4 15 4 34 4 85 21 8 5 5 4 80 27 8 96 5 8 69 20 8 68 55 4 22 4 6 4 33 30 4 5 4 31 57 4 26 4 29 4 40 6 4 29 4 9 7 4 34 4 50 4 69 40 4 46 4 73 5 4 6 4 94 22 16 21 16 67 18 37 5 4 35 4 52 29 4 28 4 25 4 116 25 4 6 4 53 58 16 14 16 0 11 26 9 4 30 4 93 33 16 15 16 47 42 4 49 4 31 4 87 44 4 31 4 24 31 4 29 4 39 4 81 23 4 12 4 35 44 31 4 86 18 11 9 4 7 32 35 4 29 9 16 42 16 39 5 4 24 4 7 4 111 54 5 49 4 5 15 22 4 65 12 4 11 4 36 4 18 22 16 25 16 93 45 4 24 4 91 17 4 36 4 44 4 83 30 4 10 18 39 4 49 41 4 40 4 24 4 25 4 8 13 4 28 4 37 4 45 4 81 24 4 5 4 58 10 51 4 67 9 4 7 4 29 4 42 34 4 40 25 32 4 8 40 4 17 32 52 4 18 20 4 20 4 84 29 26 23 4 33 44 13 4 7 33 4 13 4 13 32 4 15 4 7 4 5 4 53 46 4 13 4 5 4 25 4 63 8 4 5 4 32 29 23 24 4 25 4 46 37 4 22 4 54 4 5 4 50 38 4 7 4 52 4 37 29 4 10 4 5 4 12 33 4 36 4 44 4 13 4 26 8 4 28 4 9 4 26 4 
iteration 491 best: 0.905471 time: 189012
47 21 8 0 26 8 49 47 8 51 46 4 38 4 46 38 4 6 4 34 25 8 81 25 4 16 4 16 41 12 2 5 8 74 31 8 12 5 8 68 5 12 13 6 4 8 4 31 40 4 47 4 36 4 29 4 41 22 4 9 4 23 4 41 16 8 49 25 8 62 33 4 27 4 31 36 16 52 16 13 42 4 9 4 5 4 5 4 30 48 4 7 4 6 4 111 50 8 32 8 104 29 4 49 4 24 4 38 4 93 41 8 98 23 4 57 4 15 4 34 4 85 21 8 5 5 4 80 27 8 96 5 8 69 20 8 68 55 4 22 4 6 4 33 30 4 5 4 31 57 4 26 4 29 4 40 6 4 29 4 9 7 4 34 4 50 4 69 40 4 46 4 73 5 4 6 4 94 22 16 21 16 67 18 37 5 4 35 4 52 29 4 28 4 25 4 116 25 4 6 4 53 58 16 14 16 0 11 26 9 4 30 4 93 33 16 15 16 47 42 4 49 4 31 4 87 44 4 31 4 24 31 4 29 4 39 4 81 23 4 12 4 35 44 31 4 86 18 11 9 4 7 32 35 4 29 9 16 42 16 39 5 4 24 4 7 4 111 54 5 49 4 5 15 22 4 65 12 4 11 4 36 4 18 22 16 25 16 93 45 4 24 4 91 17 4 36 4 44 4 83 30 4 10 18 39 4 49 41 4 40 4 24 4 25 4 8 13 4 28 4 37 4 45 4 81 24 4 5 4 58 10 51 4 67 9 4 7 4 29 4 42 34 4 40 25 32 4 8 40 4 17 32 52 4 18 20 4 20 4 84 29 26 23 4 33 44 13 4 7 33 4 13 4 13 32 4 15 4 7 4 5 4 53 46 4 13 4 5 4 25 4 63 8 4 5 4 32 29 23 24 4 25 4 46 37 4 22 4 54 4 5 4 50 38 4 7 4 52 4 37 29 4 10 4 5 4 12 33 4 36 4 44 4 13 4 26 8 4 28 4 9 4 26 4 
iteration 510 best: 0.905471 time: 196270
47 21 8 0 26 8 49 47 8 51 46 4 38 4 46 38 4 6 4 34 25 8 81 25 4 16 4 16 41 12 2 5 8 74 31 8 12 5 8 68 5 12 13 6 4 8 4 31 40 4 47 4 36 4 29 4 41 22 4 9 4 23 4 41 16 8 49 25 8 62 33 4 27 4 31 36 16 52 16 13 42 4 9 4 5 4 5 4 30 48 4 7 4 6 4 111 50 8 32 8 104 29 4 49 4 24 4 38 4 93 41 8 98 23 4 57 4 15 4 34 4 85 21 8 5 5 4 80 27 8 96 5 8 69 20 8 68 55 4 22 4 6 4 33 30 4 5 4 31 57 4 26 4 29 4 40 6 4 29 4 9 7 4 34 4 50 4 69 40 4 46 4 73 5 4 6 4 94 22 16 21 16 67 18 37 5 4 35 4 52 29 4 28 4 25 4 116 25 4 6 4 53 58 16 14 16 0 11 26 9 4 30 4 93 33 16 15 16 47 42 4 49 4 31 4 87 44 4 31 4 24 31 4 29 4 39 4 81 23 4 12 4 35 44 31 4 86 18 11 9 4 7 32 35 4 29 9 16 42 16 39 5 4 24 4 7 4 111 54 5 49 4 5 15 22 4 65 12 4 11 4 36 4 18 22 16 25 16 93 45 4 24 4 91 17 4 36 4 44 4 83 30 4 10 18 39 4 49 41 4 40 4 24 4 25 4 8 13 4 28 4 37 4 45 4 81 24 4 5 4 58 10 51 4 67 9 4 7 4 29 4 42 34 4 40 25 32 4 8 40 4 17 32 52 4 18 20 4 20 4 84 29 26 23 4 33 44 13 4 7 33 4 13 4 13 32 4 15 4 7 4 5 4 53 46 4 13 4 5 4 25 4 63 8 4 5 4 32 29 23 24 4 25 4 46 37 4 22 4 54 4 5 4 50 38 4 7 4 52 4 37 29 4 10 4 5 4 12 33 4 36 4 44 4 13 4 26 8 4 28 4 9 4 26 4 
iteration 529 best: 0.905471 time: 203530
47 21 8 0 26 8 49 47 8 51 46 4 38 4 46 38 4 6 4 34 25 8 81 25 4 16 4 16 41 12 2 5 8 74 31 8 12 5 8 68 5 12 13 6 4 8 4 31 40 4 47 4 36 4 29 4 41 22 4 9 4 23 4 41 16 8 49 25 8 62 33 4 27 4 31 36 16 52 16 13 42 4 9 4 5 4 5 4 30 48 4 7 4 6 4 111 50 8 32 8 104 29 4 49 4 24 4 38 4 93 41 8 98 23 4 57 4 15 4 34 4 85 21 8 5 5 4 80 27 8 96 5 8 69 20 8 68 55 4 22 4 6 4 33 30 4 5 4 31 57 4 26 4 29 4 40 6 4 29 4 9 7 4 34 4 50 4 69 40 4 46 4 73 5 4 6 4 94 22 16 21 16 67 18 37 5 4 35 4 52 29 4 28 4 25 4 116 25 4 6 4 53 58 16 14 16 0 11 26 9 4 30 4 93 33 16 15 16 47 42 4 49 4 31 4 87 44 4 31 4 24 31 4 29 4 39 4 81 23 4 12 4 35 44 31 4 86 18 11 9 4 7 32 35 4 29 9 16 42 16 39 5 4 24 4 7 4 111 54 5 49 4 5 15 22 4 65 12 4 11 4 36 4 18 22 16 25 16 93 45 4 24 4 91 17 4 36 4 44 4 83 30 4 10 18 39 4 49 41 4 40 4 24 4 25 4 8 13 4 28 4 37 4 45 4 81 24 4 5 4 58 10 51 4 67 9 4 7 4 29 4 42 34 4 40 25 32 4 8 40 4 17 32 52 4 18 20 4 20 4 84 29 26 23 4 33 44 13 4 7 33 4 13 4 13 32 4 15 4 7 4 5 4 53 46 4 13 4 5 4 25 4 63 8 4 5 4 32 29 23 24 4 25 4 46 37 4 22 4 54 4 5 4 50 38 4 7 4 52 4 37 29 4 10 4 5 4 12 33 4 36 4 44 4 13 4 26 8 4 28 4 9 4 26 4 
iteration 548 best: 0.905471 time: 210776
47 21 8 0 26 8 49 47 8 51 46 4 38 4 46 38 4 6 4 34 25 8 81 25 4 16 4 16 41 12 2 5 8 74 31 8 12 5 8 68 5 12 13 6 4 8 4 31 40 4 47 4 36 4 29 4 41 22 4 9 4 23 4 41 16 8 49 25 8 62 33 4 27 4 31 36 16 52 16 13 42 4 9 4 5 4 5 4 30 48 4 7 4 6 4 111 50 8 32 8 104 29 4 49 4 24 4 38 4 93 41 8 98 23 4 57 4 15 4 34 4 85 21 8 5 5 4 80 27 8 96 5 8 69 20 8 68 55 4 22 4 6 4 33 30 4 5 4 31 57 4 26 4 29 4 40 6 4 29 4 9 7 4 34 4 50 4 69 40 4 46 4 73 5 4 6 4 94 22 16 21 16 67 18 37 5 4 35 4 52 29 4 28 4 25 4 116 25 4 6 4 53 58 16 14 16 0 11 26 9 4 30 4 93 33 16 15 16 47 42 4 49 4 31 4 87 44 4 31 4 24 31 4 29 4 39 4 81 23 4 12 4 35 44 31 4 86 18 11 9 4 7 32 35 4 29 9 16 42 16 39 5 4 24 4 7 4 111 54 5 49 4 5 15 22 4 65 12 4 11 4 36 4 18 22 16 25 16 93 45 4 24 4 91 17 4 36 4 44 4 83 30 4 10 18 39 4 49 41 4 40 4 24 4 25 4 8 13 4 28 4 37 4 45 4 81 24 4 5 4 58 10 51 4 67 9 4 7 4 29 4 42 34 4 40 25 32 4 8 40 4 17 32 52 4 18 20 4 20 4 84 29 26 23 4 33 44 13 4 7 33 4 13 4 13 32 4 15 4 7 4 5 4 53 46 4 13 4 5 4 25 4 63 8 4 5 4 32 29 23 24 4 25 4 46 37 4 22 4 54 4 5 4 50 38 4 7 4 52 4 37 29 4 10 4 5 4 12 33 4 36 4 44 4 13 4 26 8 4 28 4 9 4 26 4 
iteration 567 best: 0.905471 time: 218025
47 21 8 0 26 8 49 47 8 51 46 4 38 4 46 38 4 6 4 34 25 8 81 25 4 16 4 16 41 12 2 5 8 74 31 8 12 5 8 68 5 12 13 6 4 8 4 31 40 4 47 4 36 4 29 4 41 22 4 9 4 23 4 41 16 8 49 25 8 62 33 4 27 4 31 36 16 52 16 13 42 4 9 4 5 4 5 4 30 48 4 7 4 6 4 111 50 8 32 8 104 29 4 49 4 24 4 38 4 93 41 8 98 23 4 57 4 15 4 34 4 85 21 8 5 5 4 80 27 8 96 5 8 69 20 8 68 55 4 22 4 6 4 33 30 4 5 4 31 57 4 26 4 29 4 40 6 4 29 4 9 7 4 34 4 50 4 69 40 4 46 4 73 5 4 6 4 94 22 16 21 16 67 18 37 5 4 35 4 52 29 4 28 4 25 4 116 25 4 6 4 53 58 16 14 16 0 11 26 9 4 30 4 93 33 16 15 16 47 42 4 49 4 31 4 87 44 4 31 4 24 31 4 29 4 39 4 81 23 4 12 4 35 44 31 4 86 18 11 9 4 7 32 35 4 29 9 16 42 16 39 5 4 24 4 7 4 111 54 5 49 4 5 15 22 4 65 12 4 11 4 36 4 18 22 16 25 16 93 45 4 24 4 91 17 4 36 4 44 4 83 30 4 10 18 39 4 49 41 4 40 4 24 4 25 4 8 13 4 28 4 37 4 45 4 81 24 4 5 4 58 10 51 4 67 9 4 7 4 29 4 42 34 4 40 25 32 4 8 40 4 17 32 52 4 18 20 4 20 4 84 29 26 23 4 33 44 13 4 7 33 4 13 4 13 32 4 15 4 7 4 5 4 53 46 4 13 4 5 4 25 4 63 8 4 5 4 32 29 23 24 4 25 4 46 37 4 22 4 54 4 5 4 50 38 4 7 4 52 4 37 29 4 10 4 5 4 12 33 4 36 4 44 4 13 4 26 8 4 28 4 9 4 26 4 
iteration 586 best: 0.905471 time: 225298
47 21 8 0 26 8 49 47 8 51 46 4 38 4 46 38 4 6 4 34 25 8 81 25 4 16 4 16 41 12 2 5 8 74 31 8 12 5 8 68 5 12 13 6 4 8 4 31 40 4 47 4 36 4 29 4 41 22 4 9 4 23 4 41 16 8 49 25 8 62 33 4 27 4 31 36 16 52 16 13 42 4 9 4 5 4 5 4 30 48 4 7 4 6 4 111 50 8 32 8 104 29 4 49 4 24 4 38 4 93 41 8 98 23 4 57 4 15 4 34 4 85 21 8 5 5 4 80 27 8 96 5 8 69 20 8 68 55 4 22 4 6 4 33 30 4 5 4 31 57 4 26 4 29 4 40 6 4 29 4 9 7 4 34 4 50 4 69 40 4 46 4 73 5 4 6 4 94 22 16 21 16 67 18 37 5 4 35 4 52 29 4 28 4 25 4 116 25 4 6 4 53 58 16 14 16 0 11 26 9 4 30 4 93 33 16 15 16 47 42 4 49 4 31 4 87 44 4 31 4 24 31 4 29 4 39 4 81 23 4 12 4 35 44 31 4 86 18 11 9 4 7 32 35 4 29 9 16 42 16 39 5 4 24 4 7 4 111 54 5 49 4 5 15 22 4 65 12 4 11 4 36 4 18 22 16 25 16 93 45 4 24 4 91 17 4 36 4 44 4 83 30 4 10 18 39 4 49 41 4 40 4 24 4 25 4 8 13 4 28 4 37 4 45 4 81 24 4 5 4 58 10 51 4 67 9 4 7 4 29 4 42 34 4 40 25 32 4 8 40 4 17 32 52 4 18 20 4 20 4 84 29 26 23 4 33 44 13 4 7 33 4 13 4 13 32 4 15 4 7 4 5 4 53 46 4 13 4 5 4 25 4 63 8 4 5 4 32 29 23 24 4 25 4 46 37 4 22 4 54 4 5 4 50 38 4 7 4 52 4 37 29 4 10 4 5 4 12 33 4 36 4 44 4 13 4 26 8 4 28 4 9 4 26 4 
iteration 605 best: 0.905471 time: 232574
47 21 8 0 26 8 49 47 8 51 46 4 38 4 46 38 4 6 4 34 25 8 81 25 4 16 4 16 41 12 2 5 8 74 31 8 12 5 8 68 5 12 13 6 4 8 4 31 40 4 47 4 36 4 29 4 41 22 4 9 4 23 4 41 16 8 49 25 8 62 33 4 27 4 31 36 16 52 16 13 42 4 9 4 5 4 5 4 30 48 4 7 4 6 4 111 50 8 32 8 104 29 4 49 4 24 4 38 4 93 41 8 98 23 4 57 4 15 4 34 4 85 21 8 5 5 4 80 27 8 96 5 8 69 20 8 68 55 4 22 4 6 4 33 30 4 5 4 31 57 4 26 4 29 4 40 6 4 29 4 9 7 4 34 4 50 4 69 40 4 46 4 73 5 4 6 4 94 22 16 21 16 67 18 37 5 4 35 4 52 29 4 28 4 25 4 116 25 4 6 4 53 58 16 14 16 0 11 26 9 4 30 4 93 33 16 15 16 47 42 4 49 4 31 4 87 44 4 31 4 24 31 4 29 4 39 4 81 23 4 12 4 35 44 31 4 86 18 11 9 4 7 32 35 4 29 9 16 42 16 39 5 4 24 4 7 4 111 54 5 49 4 5 15 22 4 65 12 4 11 4 36 4 18 22 16 25 16 93 45 4 24 4 91 17 4 36 4 44 4 83 30 4 10 18 39 4 49 41 4 40 4 24 4 25 4 8 13 4 28 4 37 4 45 4 81 24 4 5 4 58 10 51 4 67 9 4 7 4 29 4 42 34 4 40 25 32 4 8 40 4 17 32 52 4 18 20 4 20 4 84 29 26 23 4 33 44 13 4 7 33 4 13 4 13 32 4 15 4 7 4 5 4 53 46 4 13 4 5 4 25 4 63 8 4 5 4 32 29 23 24 4 25 4 46 37 4 22 4 54 4 5 4 50 38 4 7 4 52 4 37 29 4 10 4 5 4 12 33 4 36 4 44 4 13 4 26 8 4 28 4 9 4 26 4 
iteration 624 best: 0.905471 time: 239864
47 21 8 0 26 8 49 47 8 51 46 4 38 4 46 38 4 6 4 34 25 8 81 25 4 16 4 16 41 12 2 5 8 74 31 8 12 5 8 68 5 12 13 6 4 8 4 31 40 4 47 4 36 4 29 4 41 22 4 9 4 23 4 41 16 8 49 25 8 62 33 4 27 4 31 36 16 52 16 13 42 4 9 4 5 4 5 4 30 48 4 7 4 6 4 111 50 8 32 8 104 29 4 49 4 24 4 38 4 93 41 8 98 23 4 57 4 15 4 34 4 85 21 8 5 5 4 80 27 8 96 5 8 69 20 8 68 55 4 22 4 6 4 33 30 4 5 4 31 57 4 26 4 29 4 40 6 4 29 4 9 7 4 34 4 50 4 69 40 4 46 4 73 5 4 6 4 94 22 16 21 16 67 18 37 5 4 35 4 52 29 4 28 4 25 4 116 25 4 6 4 53 58 16 14 16 0 11 26 9 4 30 4 93 33 16 15 16 47 42 4 49 4 31 4 87 44 4 31 4 24 31 4 29 4 39 4 81 23 4 12 4 35 44 31 4 86 18 11 9 4 7 32 35 4 29 9 16 42 16 39 5 4 24 4 7 4 111 54 5 49 4 5 15 22 4 65 12 4 11 4 36 4 18 22 16 25 16 93 45 4 24 4 91 17 4 36 4 44 4 83 30 4 10 18 39 4 49 41 4 40 4 24 4 25 4 8 13 4 28 4 37 4 45 4 81 24 4 5 4 58 10 51 4 67 9 4 7 4 29 4 42 34 4 40 25 32 4 8 40 4 17 32 52 4 18 20 4 20 4 84 29 26 23 4 33 44 13 4 7 33 4 13 4 13 32 4 15 4 7 4 5 4 53 46 4 13 4 5 4 25 4 63 8 4 5 4 32 29 23 24 4 25 4 46 37 4 22 4 54 4 5 4 50 38 4 7 4 52 4 37 29 4 10 4 5 4 12 33 4 36 4 44 4 13 4 26 8 4 28 4 9 4 26 4 
iteration 643 best: 0.905471 time: 247119
47 21 8 0 26 8 49 47 8 51 46 4 38 4 46 38 4 6 4 34 25 8 81 25 4 16 4 16 41 12 2 5 8 74 31 8 12 5 8 68 5 12 13 6 4 8 4 31 40 4 47 4 36 4 29 4 41 22 4 9 4 23 4 41 16 8 49 25 8 62 33 4 27 4 31 36 16 52 16 13 42 4 9 4 5 4 5 4 30 48 4 7 4 6 4 111 50 8 32 8 104 29 4 49 4 24 4 38 4 93 41 8 98 23 4 57 4 15 4 34 4 85 21 8 5 5 4 80 27 8 96 5 8 69 20 8 68 55 4 22 4 6 4 33 30 4 5 4 31 57 4 26 4 29 4 40 6 4 29 4 9 7 4 34 4 50 4 69 40 4 46 4 73 5 4 6 4 94 22 16 21 16 67 18 37 5 4 35 4 52 29 4 28 4 25 4 116 25 4 6 4 53 58 16 14 16 0 11 26 9 4 30 4 93 33 16 15 16 47 42 4 49 4 31 4 87 44 4 31 4 24 31 4 29 4 39 4 81 23 4 12 4 35 44 31 4 86 18 11 9 4 7 32 35 4 29 9 16 42 16 39 5 4 24 4 7 4 111 54 5 49 4 5 15 22 4 65 12 4 11 4 36 4 18 22 16 25 16 93 45 4 24 4 91 17 4 36 4 44 4 83 30 4 10 18 39 4 49 41 4 40 4 24 4 25 4 8 13 4 28 4 37 4 45 4 81 24 4 5 4 58 10 51 4 67 9 4 7 4 29 4 42 34 4 40 25 32 4 8 40 4 17 32 52 4 18 20 4 20 4 84 29 26 23 4 33 44 13 4 7 33 4 13 4 13 32 4 15 4 7 4 5 4 53 46 4 13 4 5 4 25 4 63 8 4 5 4 32 29 23 24 4 25 4 46 37 4 22 4 54 4 5 4 50 38 4 7 4 52 4 37 29 4 10 4 5 4 12 33 4 36 4 44 4 13 4 26 8 4 28 4 9 4 26 4 
iteration 662 best: 0.905471 time: 254390
47 21 8 0 26 8 49 47 8 51 46 4 38 4 46 38 4 6 4 34 25 8 81 25 4 16 4 16 41 12 2 5 8 74 31 8 12 5 8 68 5 12 13 6 4 8 4 31 40 4 47 4 36 4 29 4 41 22 4 9 4 23 4 41 16 8 49 25 8 62 33 4 27 4 31 36 16 52 16 13 42 4 9 4 5 4 5 4 30 48 4 7 4 6 4 111 50 8 32 8 104 29 4 49 4 24 4 38 4 93 41 8 98 23 4 57 4 15 4 34 4 85 21 8 5 5 4 80 27 8 96 5 8 69 20 8 68 55 4 22 4 6 4 33 30 4 5 4 31 57 4 26 4 29 4 40 6 4 29 4 9 7 4 34 4 50 4 69 40 4 46 4 73 5 4 6 4 94 22 16 21 16 67 18 37 5 4 35 4 52 29 4 28 4 25 4 116 25 4 6 4 53 58 16 14 16 0 11 26 9 4 30 4 93 33 16 15 16 47 42 4 49 4 31 4 87 44 4 31 4 24 31 4 29 4 39 4 81 23 4 12 4 35 44 31 4 86 18 11 9 4 7 32 35 4 29 9 16 42 16 39 5 4 24 4 7 4 111 54 5 49 4 5 15 22 4 65 12 4 11 4 36 4 18 22 16 25 16 93 45 4 24 4 91 17 4 36 4 44 4 83 30 4 10 18 39 4 49 41 4 40 4 24 4 25 4 8 13 4 28 4 37 4 45 4 81 24 4 5 4 58 10 51 4 67 9 4 7 4 29 4 42 34 4 40 25 32 4 8 40 4 17 32 52 4 18 20 4 20 4 84 29 26 23 4 33 44 13 4 7 33 4 13 4 13 32 4 15 4 7 4 5 4 53 46 4 13 4 5 4 25 4 63 8 4 5 4 32 29 23 24 4 25 4 46 37 4 22 4 54 4 5 4 50 38 4 7 4 52 4 37 29 4 10 4 5 4 12 33 4 36 4 44 4 13 4 26 8 4 28 4 9 4 26 4 
iteration 681 best: 0.905471 time: 261633
47 21 8 0 26 8 49 47 8 51 46 4 38 4 46 38 4 6 4 34 25 8 81 25 4 16 4 16 41 12 2 5 8 74 31 8 12 5 8 68 5 12 13 6 4 8 4 31 40 4 47 4 36 4 29 4 41 22 4 9 4 23 4 41 16 8 49 25 8 62 33 4 27 4 31 36 16 52 16 13 42 4 9 4 5 4 5 4 30 48 4 7 4 6 4 111 50 8 32 8 104 29 4 49 4 24 4 38 4 93 41 8 98 23 4 57 4 15 4 34 4 85 21 8 5 5 4 80 27 8 96 5 8 69 20 8 68 55 4 22 4 6 4 33 30 4 5 4 31 57 4 26 4 29 4 40 6 4 29 4 9 7 4 34 4 50 4 69 40 4 46 4 73 5 4 6 4 94 22 16 21 16 67 18 37 5 4 35 4 52 29 4 28 4 25 4 116 25 4 6 4 53 58 16 14 16 0 11 26 9 4 30 4 93 33 16 15 16 47 42 4 49 4 31 4 87 44 4 31 4 24 31 4 29 4 39 4 81 23 4 12 4 35 44 31 4 86 18 11 9 4 7 32 35 4 29 9 16 42 16 39 5 4 24 4 7 4 111 54 5 49 4 5 15 22 4 65 12 4 11 4 36 4 18 22 16 25 16 93 45 4 24 4 91 17 4 36 4 44 4 83 30 4 10 18 39 4 49 41 4 40 4 24 4 25 4 8 13 4 28 4 37 4 45 4 81 24 4 5 4 58 10 51 4 67 9 4 7 4 29 4 42 34 4 40 25 32 4 8 40 4 17 32 52 4 18 20 4 20 4 84 29 26 23 4 33 44 13 4 7 33 4 13 4 13 32 4 15 4 7 4 5 4 53 46 4 13 4 5 4 25 4 63 8 4 5 4 32 29 23 24 4 25 4 46 37 4 22 4 54 4 5 4 50 38 4 7 4 52 4 37 29 4 10 4 5 4 12 33 4 36 4 44 4 13 4 26 8 4 28 4 9 4 26 4 
iteration 700 best: 0.905471 time: 268884
47 21 8 0 26 8 49 47 8 51 46 4 38 4 46 38 4 6 4 34 25 8 81 25 4 16 4 16 41 12 2 5 8 74 31 8 12 5 8 68 5 12 13 6 4 8 4 31 40 4 47 4 36 4 29 4 41 22 4 9 4 23 4 41 16 8 49 25 8 62 33 4 27 4 31 36 16 52 16 13 42 4 9 4 5 4 5 4 30 48 4 7 4 6 4 111 50 8 32 8 104 29 4 49 4 24 4 38 4 93 41 8 98 23 4 57 4 15 4 34 4 85 21 8 5 5 4 80 27 8 96 5 8 69 20 8 68 55 4 22 4 6 4 33 30 4 5 4 31 57 4 26 4 29 4 40 6 4 29 4 9 7 4 34 4 50 4 69 40 4 46 4 73 5 4 6 4 94 22 16 21 16 67 18 37 5 4 35 4 52 29 4 28 4 25 4 116 25 4 6 4 53 58 16 14 16 0 11 26 9 4 30 4 93 33 16 15 16 47 42 4 49 4 31 4 87 44 4 31 4 24 31 4 29 4 39 4 81 23 4 12 4 35 44 31 4 86 18 11 9 4 7 32 35 4 29 9 16 42 16 39 5 4 24 4 7 4 111 54 5 49 4 5 15 22 4 65 12 4 11 4 36 4 18 22 16 25 16 93 45 4 24 4 91 17 4 36 4 44 4 83 30 4 10 18 39 4 49 41 4 40 4 24 4 25 4 8 13 4 28 4 37 4 45 4 81 24 4 5 4 58 10 51 4 67 9 4 7 4 29 4 42 34 4 40 25 32 4 8 40 4 17 32 52 4 18 20 4 20 4 84 29 26 23 4 33 44 13 4 7 33 4 13 4 13 32 4 15 4 7 4 5 4 53 46 4 13 4 5 4 25 4 63 8 4 5 4 32 29 23 24 4 25 4 46 37 4 22 4 54 4 5 4 50 38 4 7 4 52 4 37 29 4 10 4 5 4 12 33 4 36 4 44 4 13 4 26 8 4 28 4 9 4 26 4 
iteration 719 best: 0.905471 time: 276131
47 21 8 0 26 8 49 47 8 51 46 4 38 4 46 38 4 6 4 34 25 8 81 25 4 16 4 16 41 12 2 5 8 74 31 8 12 5 8 68 5 12 13 6 4 8 4 31 40 4 47 4 36 4 29 4 41 22 4 9 4 23 4 41 16 8 49 25 8 62 33 4 27 4 31 36 16 52 16 13 42 4 9 4 5 4 5 4 30 48 4 7 4 6 4 111 50 8 32 8 104 29 4 49 4 24 4 38 4 93 41 8 98 23 4 57 4 15 4 34 4 85 21 8 5 5 4 80 27 8 96 5 8 69 20 8 68 55 4 22 4 6 4 33 30 4 5 4 31 57 4 26 4 29 4 40 6 4 29 4 9 7 4 34 4 50 4 69 40 4 46 4 73 5 4 6 4 94 22 16 21 16 67 18 37 5 4 35 4 52 29 4 28 4 25 4 116 25 4 6 4 53 58 16 14 16 0 11 26 9 4 30 4 93 33 16 15 16 47 42 4 49 4 31 4 87 44 4 31 4 24 31 4 29 4 39 4 81 23 4 12 4 35 44 31 4 86 18 11 9 4 7 32 35 4 29 9 16 42 16 39 5 4 24 4 7 4 111 54 5 49 4 5 15 22 4 65 12 4 11 4 36 4 18 22 16 25 16 93 45 4 24 4 91 17 4 36 4 44 4 83 30 4 10 18 39 4 49 41 4 40 4 24 4 25 4 8 13 4 28 4 37 4 45 4 81 24 4 5 4 58 10 51 4 67 9 4 7 4 29 4 42 34 4 40 25 32 4 8 40 4 17 32 52 4 18 20 4 20 4 84 29 26 23 4 33 44 13 4 7 33 4 13 4 13 32 4 15 4 7 4 5 4 53 46 4 13 4 5 4 25 4 63 8 4 5 4 32 29 23 24 4 25 4 46 37 4 22 4 54 4 5 4 50 38 4 7 4 52 4 37 29 4 10 4 5 4 12 33 4 36 4 44 4 13 4 26 8 4 28 4 9 4 26 4 
iteration 738 best: 0.905471 time: 283374
47 21 8 0 26 8 49 47 8 51 46 4 38 4 46 38 4 6 4 34 25 8 81 25 4 16 4 16 41 12 2 5 8 74 31 8 12 5 8 68 5 12 13 6 4 8 4 31 40 4 47 4 36 4 29 4 41 22 4 9 4 23 4 41 16 8 49 25 8 62 33 4 27 4 31 36 16 52 16 13 42 4 9 4 5 4 5 4 30 48 4 7 4 6 4 111 50 8 32 8 104 29 4 49 4 24 4 38 4 93 41 8 98 23 4 57 4 15 4 34 4 85 21 8 5 5 4 80 27 8 96 5 8 69 20 8 68 55 4 22 4 6 4 33 30 4 5 4 31 57 4 26 4 29 4 40 6 4 29 4 9 7 4 34 4 50 4 69 40 4 46 4 73 5 4 6 4 94 22 16 21 16 67 18 37 5 4 35 4 52 29 4 28 4 25 4 116 25 4 6 4 53 58 16 14 16 0 11 26 9 4 30 4 93 33 16 15 16 47 42 4 49 4 31 4 87 44 4 31 4 24 31 4 29 4 39 4 81 23 4 12 4 35 44 31 4 86 18 11 9 4 7 32 35 4 29 9 16 42 16 39 5 4 24 4 7 4 111 54 5 49 4 5 15 22 4 65 12 4 11 4 36 4 18 22 16 25 16 93 45 4 24 4 91 17 4 36 4 44 4 83 30 4 10 18 39 4 49 41 4 40 4 24 4 25 4 8 13 4 28 4 37 4 45 4 81 24 4 5 4 58 10 51 4 67 9 4 7 4 29 4 42 34 4 40 25 32 4 8 40 4 17 32 52 4 18 20 4 20 4 84 29 26 23 4 33 44 13 4 7 33 4 13 4 13 32 4 15 4 7 4 5 4 53 46 4 13 4 5 4 25 4 63 8 4 5 4 32 29 23 24 4 25 4 46 37 4 22 4 54 4 5 4 50 38 4 7 4 52 4 37 29 4 10 4 5 4 12 33 4 36 4 44 4 13 4 26 8 4 28 4 9 4 26 4 
iteration 757 best: 0.905471 time: 290624
47 21 8 0 26 8 49 47 8 51 46 4 38 4 46 38 4 6 4 34 25 8 81 25 4 16 4 16 41 12 2 5 8 74 31 8 12 5 8 68 5 12 13 6 4 8 4 31 40 4 47 4 36 4 29 4 41 22 4 9 4 23 4 41 16 8 49 25 8 62 33 4 27 4 31 36 16 52 16 13 42 4 9 4 5 4 5 4 30 48 4 7 4 6 4 111 50 8 32 8 104 29 4 49 4 24 4 38 4 93 41 8 98 23 4 57 4 15 4 34 4 85 21 8 5 5 4 80 27 8 96 5 8 69 20 8 68 55 4 22 4 6 4 33 30 4 5 4 31 57 4 26 4 29 4 40 6 4 29 4 9 7 4 34 4 50 4 69 40 4 46 4 73 5 4 6 4 94 22 16 21 16 67 18 37 5 4 35 4 52 29 4 28 4 25 4 116 25 4 6 4 53 58 16 14 16 0 11 26 9 4 30 4 93 33 16 15 16 47 42 4 49 4 31 4 87 44 4 31 4 24 31 4 29 4 39 4 81 23 4 12 4 35 44 31 4 86 18 11 9 4 7 32 35 4 29 9 16 42 16 39 5 4 24 4 7 4 111 54 5 49 4 5 15 22 4 65 12 4 11 4 36 4 18 22 16 25 16 93 45 4 24 4 91 17 4 36 4 44 4 83 30 4 10 18 39 4 49 41 4 40 4 24 4 25 4 8 13 4 28 4 37 4 45 4 81 24 4 5 4 58 10 51 4 67 9 4 7 4 29 4 42 34 4 40 25 32 4 8 40 4 17 32 52 4 18 20 4 20 4 84 29 26 23 4 33 44 13 4 7 33 4 13 4 13 32 4 15 4 7 4 5 4 53 46 4 13 4 5 4 25 4 63 8 4 5 4 32 29 23 24 4 25 4 46 37 4 22 4 54 4 5 4 50 38 4 7 4 52 4 37 29 4 10 4 5 4 12 33 4 36 4 44 4 13 4 26 8 4 28 4 9 4 26 4 
iteration 776 best: 0.905471 time: 297877
47 21 8 0 26 8 49 47 8 51 46 4 38 4 46 38 4 6 4 34 25 8 81 25 4 16 4 16 41 12 2 5 8 74 31 8 12 5 8 68 5 12 13 6 4 8 4 31 40 4 47 4 36 4 29 4 41 22 4 9 4 23 4 41 16 8 49 25 8 62 33 4 27 4 31 36 16 52 16 13 42 4 9 4 5 4 5 4 30 48 4 7 4 6 4 111 50 8 32 8 104 29 4 49 4 24 4 38 4 93 41 8 98 23 4 57 4 15 4 34 4 85 21 8 5 5 4 80 27 8 96 5 8 69 20 8 68 55 4 22 4 6 4 33 30 4 5 4 31 57 4 26 4 29 4 40 6 4 29 4 9 7 4 34 4 50 4 69 40 4 46 4 73 5 4 6 4 94 22 16 21 16 67 18 37 5 4 35 4 52 29 4 28 4 25 4 116 25 4 6 4 53 58 16 14 16 0 11 26 9 4 30 4 93 33 16 15 16 47 42 4 49 4 31 4 87 44 4 31 4 24 31 4 29 4 39 4 81 23 4 12 4 35 44 31 4 86 18 11 9 4 7 32 35 4 29 9 16 42 16 39 5 4 24 4 7 4 111 54 5 49 4 5 15 22 4 65 12 4 11 4 36 4 18 22 16 25 16 93 45 4 24 4 91 17 4 36 4 44 4 83 30 4 10 18 39 4 49 41 4 40 4 24 4 25 4 8 13 4 28 4 37 4 45 4 81 24 4 5 4 58 10 51 4 67 9 4 7 4 29 4 42 34 4 40 25 32 4 8 40 4 17 32 52 4 18 20 4 20 4 84 29 26 23 4 33 44 13 4 7 33 4 13 4 13 32 4 15 4 7 4 5 4 53 46 4 13 4 5 4 25 4 63 8 4 5 4 32 29 23 24 4 25 4 46 37 4 22 4 54 4 5 4 50 38 4 7 4 52 4 37 29 4 10 4 5 4 12 33 4 36 4 44 4 13 4 26 8 4 28 4 9 4 26 4 
iteration 795 best: 0.905471 time: 305146
47 21 8 0 26 8 49 47 8 51 46 4 38 4 46 38 4 6 4 34 25 8 81 25 4 16 4 16 41 12 2 5 8 74 31 8 12 5 8 68 5 12 13 6 4 8 4 31 40 4 47 4 36 4 29 4 41 22 4 9 4 23 4 41 16 8 49 25 8 62 33 4 27 4 31 36 16 52 16 13 42 4 9 4 5 4 5 4 30 48 4 7 4 6 4 111 50 8 32 8 104 29 4 49 4 24 4 38 4 93 41 8 98 23 4 57 4 15 4 34 4 85 21 8 5 5 4 80 27 8 96 5 8 69 20 8 68 55 4 22 4 6 4 33 30 4 5 4 31 57 4 26 4 29 4 40 6 4 29 4 9 7 4 34 4 50 4 69 40 4 46 4 73 5 4 6 4 94 22 16 21 16 67 18 37 5 4 35 4 52 29 4 28 4 25 4 116 25 4 6 4 53 58 16 14 16 0 11 26 9 4 30 4 93 33 16 15 16 47 42 4 49 4 31 4 87 44 4 31 4 24 31 4 29 4 39 4 81 23 4 12 4 35 44 31 4 86 18 11 9 4 7 32 35 4 29 9 16 42 16 39 5 4 24 4 7 4 111 54 5 49 4 5 15 22 4 65 12 4 11 4 36 4 18 22 16 25 16 93 45 4 24 4 91 17 4 36 4 44 4 83 30 4 10 18 39 4 49 41 4 40 4 24 4 25 4 8 13 4 28 4 37 4 45 4 81 24 4 5 4 58 10 51 4 67 9 4 7 4 29 4 42 34 4 40 25 32 4 8 40 4 17 32 52 4 18 20 4 20 4 84 29 26 23 4 33 44 13 4 7 33 4 13 4 13 32 4 15 4 7 4 5 4 53 46 4 13 4 5 4 25 4 63 8 4 5 4 32 29 23 24 4 25 4 46 37 4 22 4 54 4 5 4 50 38 4 7 4 52 4 37 29 4 10 4 5 4 12 33 4 36 4 44 4 13 4 26 8 4 28 4 9 4 26 4 
iteration 814 best: 0.905471 time: 312446
47 21 8 0 26 8 49 47 8 51 46 4 38 4 46 38 4 6 4 34 25 8 81 25 4 16 4 16 41 12 2 5 8 74 31 8 12 5 8 68 5 12 13 6 4 8 4 31 40 4 47 4 36 4 29 4 41 22 4 9 4 23 4 41 16 8 49 25 8 62 33 4 27 4 31 36 16 52 16 13 42 4 9 4 5 4 5 4 30 48 4 7 4 6 4 111 50 8 32 8 104 29 4 49 4 24 4 38 4 93 41 8 98 23 4 57 4 15 4 34 4 85 21 8 5 5 4 80 27 8 96 5 8 69 20 8 68 55 4 22 4 6 4 33 30 4 5 4 31 57 4 26 4 29 4 40 6 4 29 4 9 7 4 34 4 50 4 69 40 4 46 4 73 5 4 6 4 94 22 16 21 16 67 18 37 5 4 35 4 52 29 4 28 4 25 4 116 25 4 6 4 53 58 16 14 16 0 11 26 9 4 30 4 93 33 16 15 16 47 42 4 49 4 31 4 87 44 4 31 4 24 31 4 29 4 39 4 81 23 4 12 4 35 44 31 4 86 18 11 9 4 7 32 35 4 29 9 16 42 16 39 5 4 24 4 7 4 111 54 5 49 4 5 15 22 4 65 12 4 11 4 36 4 18 22 16 25 16 93 45 4 24 4 91 17 4 36 4 44 4 83 30 4 10 18 39 4 49 41 4 40 4 24 4 25 4 8 13 4 28 4 37 4 45 4 81 24 4 5 4 58 10 51 4 67 9 4 7 4 29 4 42 34 4 40 25 32 4 8 40 4 17 32 52 4 18 20 4 20 4 84 29 26 23 4 33 44 13 4 7 33 4 13 4 13 32 4 15 4 7 4 5 4 53 46 4 13 4 5 4 25 4 63 8 4 5 4 32 29 23 24 4 25 4 46 37 4 22 4 54 4 5 4 50 38 4 7 4 52 4 37 29 4 10 4 5 4 12 33 4 36 4 44 4 13 4 26 8 4 28 4 9 4 26 4 
iteration 833 best: 0.905471 time: 319678
47 21 8 0 26 8 49 47 8 51 46 4 38 4 46 38 4 6 4 34 25 8 81 25 4 16 4 16 41 12 2 5 8 74 31 8 12 5 8 68 5 12 13 6 4 8 4 31 40 4 47 4 36 4 29 4 41 22 4 9 4 23 4 41 16 8 49 25 8 62 33 4 27 4 31 36 16 52 16 13 42 4 9 4 5 4 5 4 30 48 4 7 4 6 4 111 50 8 32 8 104 29 4 49 4 24 4 38 4 93 41 8 98 23 4 57 4 15 4 34 4 85 21 8 5 5 4 80 27 8 96 5 8 69 20 8 68 55 4 22 4 6 4 33 30 4 5 4 31 57 4 26 4 29 4 40 6 4 29 4 9 7 4 34 4 50 4 69 40 4 46 4 73 5 4 6 4 94 22 16 21 16 67 18 37 5 4 35 4 52 29 4 28 4 25 4 116 25 4 6 4 53 58 16 14 16 0 11 26 9 4 30 4 93 33 16 15 16 47 42 4 49 4 31 4 87 44 4 31 4 24 31 4 29 4 39 4 81 23 4 12 4 35 44 31 4 86 18 11 9 4 7 32 35 4 29 9 16 42 16 39 5 4 24 4 7 4 111 54 5 49 4 5 15 22 4 65 12 4 11 4 36 4 18 22 16 25 16 93 45 4 24 4 91 17 4 36 4 44 4 83 30 4 10 18 39 4 49 41 4 40 4 24 4 25 4 8 13 4 28 4 37 4 45 4 81 24 4 5 4 58 10 51 4 67 9 4 7 4 29 4 42 34 4 40 25 32 4 8 40 4 17 32 52 4 18 20 4 20 4 84 29 26 23 4 33 44 13 4 7 33 4 13 4 13 32 4 15 4 7 4 5 4 53 46 4 13 4 5 4 25 4 63 8 4 5 4 32 29 23 24 4 25 4 46 37 4 22 4 54 4 5 4 50 38 4 7 4 52 4 37 29 4 10 4 5 4 12 33 4 36 4 44 4 13 4 26 8 4 28 4 9 4 26 4 
iteration 852 best: 0.905471 time: 326918
47 21 8 0 26 8 49 47 8 51 46 4 38 4 46 38 4 6 4 34 25 8 81 25 4 16 4 16 41 12 2 5 8 74 31 8 12 5 8 68 5 12 13 6 4 8 4 31 40 4 47 4 36 4 29 4 41 22 4 9 4 23 4 41 16 8 49 25 8 62 33 4 27 4 31 36 16 52 16 13 42 4 9 4 5 4 5 4 30 48 4 7 4 6 4 111 50 8 32 8 104 29 4 49 4 24 4 38 4 93 41 8 98 23 4 57 4 15 4 34 4 85 21 8 5 5 4 80 27 8 96 5 8 69 20 8 68 55 4 22 4 6 4 33 30 4 5 4 31 57 4 26 4 29 4 40 6 4 29 4 9 7 4 34 4 50 4 69 40 4 46 4 73 5 4 6 4 94 22 16 21 16 67 18 37 5 4 35 4 52 29 4 28 4 25 4 116 25 4 6 4 53 58 16 14 16 0 11 26 9 4 30 4 93 33 16 15 16 47 42 4 49 4 31 4 87 44 4 31 4 24 31 4 29 4 39 4 81 23 4 12 4 35 44 31 4 86 18 11 9 4 7 32 35 4 29 9 16 42 16 39 5 4 24 4 7 4 111 54 5 49 4 5 15 22 4 65 12 4 11 4 36 4 18 22 16 25 16 93 45 4 24 4 91 17 4 36 4 44 4 83 30 4 10 18 39 4 49 41 4 40 4 24 4 25 4 8 13 4 28 4 37 4 45 4 81 24 4 5 4 58 10 51 4 67 9 4 7 4 29 4 42 34 4 40 25 32 4 8 40 4 17 32 52 4 18 20 4 20 4 84 29 26 23 4 33 44 13 4 7 33 4 13 4 13 32 4 15 4 7 4 5 4 53 46 4 13 4 5 4 25 4 63 8 4 5 4 32 29 23 24 4 25 4 46 37 4 22 4 54 4 5 4 50 38 4 7 4 52 4 37 29 4 10 4 5 4 12 33 4 36 4 44 4 13 4 26 8 4 28 4 9 4 26 4 
iteration 871 best: 0.905471 time: 334143
47 21 8 0 26 8 49 47 8 51 46 4 38 4 46 38 4 6 4 34 25 8 81 25 4 16 4 16 41 12 2 5 8 74 31 8 12 5 8 68 5 12 13 6 4 8 4 31 40 4 47 4 36 4 29 4 41 22 4 9 4 23 4 41 16 8 49 25 8 62 33 4 27 4 31 36 16 52 16 13 42 4 9 4 5 4 5 4 30 48 4 7 4 6 4 111 50 8 32 8 104 29 4 49 4 24 4 38 4 93 41 8 98 23 4 57 4 15 4 34 4 85 21 8 5 5 4 80 27 8 96 5 8 69 20 8 68 55 4 22 4 6 4 33 30 4 5 4 31 57 4 26 4 29 4 40 6 4 29 4 9 7 4 34 4 50 4 69 40 4 46 4 73 5 4 6 4 94 22 16 21 16 67 18 37 5 4 35 4 52 29 4 28 4 25 4 116 25 4 6 4 53 58 16 14 16 0 11 26 9 4 30 4 93 33 16 15 16 47 42 4 49 4 31 4 87 44 4 31 4 24 31 4 29 4 39 4 81 23 4 12 4 35 44 31 4 86 18 11 9 4 7 32 35 4 29 9 16 42 16 39 5 4 24 4 7 4 111 54 5 49 4 5 15 22 4 65 12 4 11 4 36 4 18 22 16 25 16 93 45 4 24 4 91 17 4 36 4 44 4 83 30 4 10 18 39 4 49 41 4 40 4 24 4 25 4 8 13 4 28 4 37 4 45 4 81 24 4 5 4 58 10 51 4 67 9 4 7 4 29 4 42 34 4 40 25 32 4 8 40 4 17 32 52 4 18 20 4 20 4 84 29 26 23 4 33 44 13 4 7 33 4 13 4 13 32 4 15 4 7 4 5 4 53 46 4 13 4 5 4 25 4 63 8 4 5 4 32 29 23 24 4 25 4 46 37 4 22 4 54 4 5 4 50 38 4 7 4 52 4 37 29 4 10 4 5 4 12 33 4 36 4 44 4 13 4 26 8 4 28 4 9 4 26 4 
iteration 890 best: 0.905471 time: 341401
47 21 8 0 26 8 49 47 8 51 46 4 38 4 46 38 4 6 4 34 25 8 81 25 4 16 4 16 41 12 2 5 8 74 31 8 12 5 8 68 5 12 13 6 4 8 4 31 40 4 47 4 36 4 29 4 41 22 4 9 4 23 4 41 16 8 49 25 8 62 33 4 27 4 31 36 16 52 16 13 42 4 9 4 5 4 5 4 30 48 4 7 4 6 4 111 50 8 32 8 104 29 4 49 4 24 4 38 4 93 41 8 98 23 4 57 4 15 4 34 4 85 21 8 5 5 4 80 27 8 96 5 8 69 20 8 68 55 4 22 4 6 4 33 30 4 5 4 31 57 4 26 4 29 4 40 6 4 29 4 9 7 4 34 4 50 4 69 40 4 46 4 73 5 4 6 4 94 22 16 21 16 67 18 37 5 4 35 4 52 29 4 28 4 25 4 116 25 4 6 4 53 58 16 14 16 0 11 26 9 4 30 4 93 33 16 15 16 47 42 4 49 4 31 4 87 44 4 31 4 24 31 4 29 4 39 4 81 23 4 12 4 35 44 31 4 86 18 11 9 4 7 32 35 4 29 9 16 42 16 39 5 4 24 4 7 4 111 54 5 49 4 5 15 22 4 65 12 4 11 4 36 4 18 22 16 25 16 93 45 4 24 4 91 17 4 36 4 44 4 83 30 4 10 18 39 4 49 41 4 40 4 24 4 25 4 8 13 4 28 4 37 4 45 4 81 24 4 5 4 58 10 51 4 67 9 4 7 4 29 4 42 34 4 40 25 32 4 8 40 4 17 32 52 4 18 20 4 20 4 84 29 26 23 4 33 44 13 4 7 33 4 13 4 13 32 4 15 4 7 4 5 4 53 46 4 13 4 5 4 25 4 63 8 4 5 4 32 29 23 24 4 25 4 46 37 4 22 4 54 4 5 4 50 38 4 7 4 52 4 37 29 4 10 4 5 4 12 33 4 36 4 44 4 13 4 26 8 4 28 4 9 4 26 4 
iteration 909 best: 0.905471 time: 348668
47 21 8 0 26 8 49 47 8 51 46 4 38 4 46 38 4 6 4 34 25 8 81 25 4 16 4 16 41 12 2 5 8 74 31 8 12 5 8 68 5 12 13 6 4 8 4 31 40 4 47 4 36 4 29 4 41 22 4 9 4 23 4 41 16 8 49 25 8 62 33 4 27 4 31 36 16 52 16 13 42 4 9 4 5 4 5 4 30 48 4 7 4 6 4 111 50 8 32 8 104 29 4 49 4 24 4 38 4 93 41 8 98 23 4 57 4 15 4 34 4 85 21 8 5 5 4 80 27 8 96 5 8 69 20 8 68 55 4 22 4 6 4 33 30 4 5 4 31 57 4 26 4 29 4 40 6 4 29 4 9 7 4 34 4 50 4 69 40 4 46 4 73 5 4 6 4 94 22 16 21 16 67 18 37 5 4 35 4 52 29 4 28 4 25 4 116 25 4 6 4 53 58 16 14 16 0 11 26 9 4 30 4 93 33 16 15 16 47 42 4 49 4 31 4 87 44 4 31 4 24 31 4 29 4 39 4 81 23 4 12 4 35 44 31 4 86 18 11 9 4 7 32 35 4 29 9 16 42 16 39 5 4 24 4 7 4 111 54 5 49 4 5 15 22 4 65 12 4 11 4 36 4 18 22 16 25 16 93 45 4 24 4 91 17 4 36 4 44 4 83 30 4 10 18 39 4 49 41 4 40 4 24 4 25 4 8 13 4 28 4 37 4 45 4 81 24 4 5 4 58 10 51 4 67 9 4 7 4 29 4 42 34 4 40 25 32 4 8 40 4 17 32 52 4 18 20 4 20 4 84 29 26 23 4 33 44 13 4 7 33 4 13 4 13 32 4 15 4 7 4 5 4 53 46 4 13 4 5 4 25 4 63 8 4 5 4 32 29 23 24 4 25 4 46 37 4 22 4 54 4 5 4 50 38 4 7 4 52 4 37 29 4 10 4 5 4 12 33 4 36 4 44 4 13 4 26 8 4 28 4 9 4 26 4 
iteration 928 best: 0.905471 time: 355918
47 21 8 0 26 8 49 47 8 51 46 4 38 4 46 38 4 6 4 34 25 8 81 25 4 16 4 16 41 12 2 5 8 74 31 8 12 5 8 68 5 12 13 6 4 8 4 31 40 4 47 4 36 4 29 4 41 22 4 9 4 23 4 41 16 8 49 25 8 62 33 4 27 4 31 36 16 52 16 13 42 4 9 4 5 4 5 4 30 48 4 7 4 6 4 111 50 8 32 8 104 29 4 49 4 24 4 38 4 93 41 8 98 23 4 57 4 15 4 34 4 85 21 8 5 5 4 80 27 8 96 5 8 69 20 8 68 55 4 22 4 6 4 33 30 4 5 4 31 57 4 26 4 29 4 40 6 4 29 4 9 7 4 34 4 50 4 69 40 4 46 4 73 5 4 6 4 94 22 16 21 16 67 18 37 5 4 35 4 52 29 4 28 4 25 4 116 25 4 6 4 53 58 16 14 16 0 11 26 9 4 30 4 93 33 16 15 16 47 42 4 49 4 31 4 87 44 4 31 4 24 31 4 29 4 39 4 81 23 4 12 4 35 44 31 4 86 18 11 9 4 7 32 35 4 29 9 16 42 16 39 5 4 24 4 7 4 111 54 5 49 4 5 15 22 4 65 12 4 11 4 36 4 18 22 16 25 16 93 45 4 24 4 91 17 4 36 4 44 4 83 30 4 10 18 39 4 49 41 4 40 4 24 4 25 4 8 13 4 28 4 37 4 45 4 81 24 4 5 4 58 10 51 4 67 9 4 7 4 29 4 42 34 4 40 25 32 4 8 40 4 17 32 52 4 18 20 4 20 4 84 29 26 23 4 33 44 13 4 7 33 4 13 4 13 32 4 15 4 7 4 5 4 53 46 4 13 4 5 4 25 4 63 8 4 5 4 32 29 23 24 4 25 4 46 37 4 22 4 54 4 5 4 50 38 4 7 4 52 4 37 29 4 10 4 5 4 12 33 4 36 4 44 4 13 4 26 8 4 28 4 9 4 26 4 
iteration 947 best: 0.905471 time: 363162
47 21 8 0 26 8 49 47 8 51 46 4 38 4 46 38 4 6 4 34 25 8 81 25 4 16 4 16 41 12 2 5 8 74 31 8 12 5 8 68 5 12 13 6 4 8 4 31 40 4 47 4 36 4 29 4 41 22 4 9 4 23 4 41 16 8 49 25 8 62 33 4 27 4 31 36 16 52 16 13 42 4 9 4 5 4 5 4 30 48 4 7 4 6 4 111 50 8 32 8 104 29 4 49 4 24 4 38 4 93 41 8 98 23 4 57 4 15 4 34 4 85 21 8 5 5 4 80 27 8 96 5 8 69 20 8 68 55 4 22 4 6 4 33 30 4 5 4 31 57 4 26 4 29 4 40 6 4 29 4 9 7 4 34 4 50 4 69 40 4 46 4 73 5 4 6 4 94 22 16 21 16 67 18 37 5 4 35 4 52 29 4 28 4 25 4 116 25 4 6 4 53 58 16 14 16 0 11 26 9 4 30 4 93 33 16 15 16 47 42 4 49 4 31 4 87 44 4 31 4 24 31 4 29 4 39 4 81 23 4 12 4 35 44 31 4 86 18 11 9 4 7 32 35 4 29 9 16 42 16 39 5 4 24 4 7 4 111 54 5 49 4 5 15 22 4 65 12 4 11 4 36 4 18 22 16 25 16 93 45 4 24 4 91 17 4 36 4 44 4 83 30 4 10 18 39 4 49 41 4 40 4 24 4 25 4 8 13 4 28 4 37 4 45 4 81 24 4 5 4 58 10 51 4 67 9 4 7 4 29 4 42 34 4 40 25 32 4 8 40 4 17 32 52 4 18 20 4 20 4 84 29 26 23 4 33 44 13 4 7 33 4 13 4 13 32 4 15 4 7 4 5 4 53 46 4 13 4 5 4 25 4 63 8 4 5 4 32 29 23 24 4 25 4 46 37 4 22 4 54 4 5 4 50 38 4 7 4 52 4 37 29 4 10 4 5 4 12 33 4 36 4 44 4 13 4 26 8 4 28 4 9 4 26 4 
iteration 966 best: 0.905471 time: 370398
47 21 8 0 26 8 49 47 8 51 46 4 38 4 46 38 4 6 4 34 25 8 81 25 4 16 4 16 41 12 2 5 8 74 31 8 12 5 8 68 5 12 13 6 4 8 4 31 40 4 47 4 36 4 29 4 41 22 4 9 4 23 4 41 16 8 49 25 8 62 33 4 27 4 31 36 16 52 16 13 42 4 9 4 5 4 5 4 30 48 4 7 4 6 4 111 50 8 32 8 104 29 4 49 4 24 4 38 4 93 41 8 98 23 4 57 4 15 4 34 4 85 21 8 5 5 4 80 27 8 96 5 8 69 20 8 68 55 4 22 4 6 4 33 30 4 5 4 31 57 4 26 4 29 4 40 6 4 29 4 9 7 4 34 4 50 4 69 40 4 46 4 73 5 4 6 4 94 22 16 21 16 67 18 37 5 4 35 4 52 29 4 28 4 25 4 116 25 4 6 4 53 58 16 14 16 0 11 26 9 4 30 4 93 33 16 15 16 47 42 4 49 4 31 4 87 44 4 31 4 24 31 4 29 4 39 4 81 23 4 12 4 35 44 31 4 86 18 11 9 4 7 32 35 4 29 9 16 42 16 39 5 4 24 4 7 4 111 54 5 49 4 5 15 22 4 65 12 4 11 4 36 4 18 22 16 25 16 93 45 4 24 4 91 17 4 36 4 44 4 83 30 4 10 18 39 4 49 41 4 40 4 24 4 25 4 8 13 4 28 4 37 4 45 4 81 24 4 5 4 58 10 51 4 67 9 4 7 4 29 4 42 34 4 40 25 32 4 8 40 4 17 32 52 4 18 20 4 20 4 84 29 26 23 4 33 44 13 4 7 33 4 13 4 13 32 4 15 4 7 4 5 4 53 46 4 13 4 5 4 25 4 63 8 4 5 4 32 29 23 24 4 25 4 46 37 4 22 4 54 4 5 4 50 38 4 7 4 52 4 37 29 4 10 4 5 4 12 33 4 36 4 44 4 13 4 26 8 4 28 4 9 4 26 4 
iteration 985 best: 0.905471 time: 377651
47 21 8 0 26 8 49 47 8 51 46 4 38 4 46 38 4 6 4 34 25 8 81 25 4 16 4 16 41 12 2 5 8 74 31 8 12 5 8 68 5 12 13 6 4 8 4 31 40 4 47 4 36 4 29 4 41 22 4 9 4 23 4 41 16 8 49 25 8 62 33 4 27 4 31 36 16 52 16 13 42 4 9 4 5 4 5 4 30 48 4 7 4 6 4 111 50 8 32 8 104 29 4 49 4 24 4 38 4 93 41 8 98 23 4 57 4 15 4 34 4 85 21 8 5 5 4 80 27 8 96 5 8 69 20 8 68 55 4 22 4 6 4 33 30 4 5 4 31 57 4 26 4 29 4 40 6 4 29 4 9 7 4 34 4 50 4 69 40 4 46 4 73 5 4 6 4 94 22 16 21 16 67 18 37 5 4 35 4 52 29 4 28 4 25 4 116 25 4 6 4 53 58 16 14 16 0 11 26 9 4 30 4 93 33 16 15 16 47 42 4 49 4 31 4 87 44 4 31 4 24 31 4 29 4 39 4 81 23 4 12 4 35 44 31 4 86 18 11 9 4 7 32 35 4 29 9 16 42 16 39 5 4 24 4 7 4 111 54 5 49 4 5 15 22 4 65 12 4 11 4 36 4 18 22 16 25 16 93 45 4 24 4 91 17 4 36 4 44 4 83 30 4 10 18 39 4 49 41 4 40 4 24 4 25 4 8 13 4 28 4 37 4 45 4 81 24 4 5 4 58 10 51 4 67 9 4 7 4 29 4 42 34 4 40 25 32 4 8 40 4 17 32 52 4 18 20 4 20 4 84 29 26 23 4 33 44 13 4 7 33 4 13 4 13 32 4 15 4 7 4 5 4 53 46 4 13 4 5 4 25 4 63 8 4 5 4 32 29 23 24 4 25 4 46 37 4 22 4 54 4 5 4 50 38 4 7 4 52 4 37 29 4 10 4 5 4 12 33 4 36 4 44 4 13 4 26 8 4 28 4 9 4 26 4 
iteration 1004 best: 0.905471 time: 384896
47 21 8 0 26 8 49 47 8 51 46 4 38 4 46 38 4 6 4 34 25 8 81 25 4 16 4 16 41 12 2 5 8 74 31 8 12 5 8 68 5 12 13 6 4 8 4 31 40 4 47 4 36 4 29 4 41 22 4 9 4 23 4 41 16 8 49 25 8 62 33 4 27 4 31 36 16 52 16 13 42 4 9 4 5 4 5 4 30 48 4 7 4 6 4 111 50 8 32 8 104 29 4 49 4 24 4 38 4 93 41 8 98 23 4 57 4 15 4 34 4 85 21 8 5 5 4 80 27 8 96 5 8 69 20 8 68 55 4 22 4 6 4 33 30 4 5 4 31 57 4 26 4 29 4 40 6 4 29 4 9 7 4 34 4 50 4 69 40 4 46 4 73 5 4 6 4 94 22 16 21 16 67 18 37 5 4 35 4 52 29 4 28 4 25 4 116 25 4 6 4 53 58 16 14 16 0 11 26 9 4 30 4 93 33 16 15 16 47 42 4 49 4 31 4 87 44 4 31 4 24 31 4 29 4 39 4 81 23 4 12 4 35 44 31 4 86 18 11 9 4 7 32 35 4 29 9 16 42 16 39 5 4 24 4 7 4 111 54 5 49 4 5 15 22 4 65 12 4 11 4 36 4 18 22 16 25 16 93 45 4 24 4 91 17 4 36 4 44 4 83 30 4 10 18 39 4 49 41 4 40 4 24 4 25 4 8 13 4 28 4 37 4 45 4 81 24 4 5 4 58 10 51 4 67 9 4 7 4 29 4 42 34 4 40 25 32 4 8 40 4 17 32 52 4 18 20 4 20 4 84 29 26 23 4 33 44 13 4 7 33 4 13 4 13 32 4 15 4 7 4 5 4 53 46 4 13 4 5 4 25 4 63 8 4 5 4 32 29 23 24 4 25 4 46 37 4 22 4 54 4 5 4 50 38 4 7 4 52 4 37 29 4 10 4 5 4 12 33 4 36 4 44 4 13 4 26 8 4 28 4 9 4 26 4 
iteration 1023 best: 0.905471 time: 392128
47 21 8 0 26 8 49 47 8 51 46 4 38 4 46 38 4 6 4 34 25 8 81 25 4 16 4 16 41 12 2 5 8 74 31 8 12 5 8 68 5 12 13 6 4 8 4 31 40 4 47 4 36 4 29 4 41 22 4 9 4 23 4 41 16 8 49 25 8 62 33 4 27 4 31 36 16 52 16 13 42 4 9 4 5 4 5 4 30 48 4 7 4 6 4 111 50 8 32 8 104 29 4 49 4 24 4 38 4 93 41 8 98 23 4 57 4 15 4 34 4 85 21 8 5 5 4 80 27 8 96 5 8 69 20 8 68 55 4 22 4 6 4 33 30 4 5 4 31 57 4 26 4 29 4 40 6 4 29 4 9 7 4 34 4 50 4 69 40 4 46 4 73 5 4 6 4 94 22 16 21 16 67 18 37 5 4 35 4 52 29 4 28 4 25 4 116 25 4 6 4 53 58 16 14 16 0 11 26 9 4 30 4 93 33 16 15 16 47 42 4 49 4 31 4 87 44 4 31 4 24 31 4 29 4 39 4 81 23 4 12 4 35 44 31 4 86 18 11 9 4 7 32 35 4 29 9 16 42 16 39 5 4 24 4 7 4 111 54 5 49 4 5 15 22 4 65 12 4 11 4 36 4 18 22 16 25 16 93 45 4 24 4 91 17 4 36 4 44 4 83 30 4 10 18 39 4 49 41 4 40 4 24 4 25 4 8 13 4 28 4 37 4 45 4 81 24 4 5 4 58 10 51 4 67 9 4 7 4 29 4 42 34 4 40 25 32 4 8 40 4 17 32 52 4 18 20 4 20 4 84 29 26 23 4 33 44 13 4 7 33 4 13 4 13 32 4 15 4 7 4 5 4 53 46 4 13 4 5 4 25 4 63 8 4 5 4 32 29 23 24 4 25 4 46 37 4 22 4 54 4 5 4 50 38 4 7 4 52 4 37 29 4 10 4 5 4 12 33 4 36 4 44 4 13 4 26 8 4 28 4 9 4 26 4 
iteration 1042 best: 0.905471 time: 399382
47 21 8 0 26 8 49 47 8 51 46 4 38 4 46 38 4 6 4 34 25 8 81 25 4 16 4 16 41 12 2 5 8 74 31 8 12 5 8 68 5 12 13 6 4 8 4 31 40 4 47 4 36 4 29 4 41 22 4 9 4 23 4 41 16 8 49 25 8 62 33 4 27 4 31 36 16 52 16 13 42 4 9 4 5 4 5 4 30 48 4 7 4 6 4 111 50 8 32 8 104 29 4 49 4 24 4 38 4 93 41 8 98 23 4 57 4 15 4 34 4 85 21 8 5 5 4 80 27 8 96 5 8 69 20 8 68 55 4 22 4 6 4 33 30 4 5 4 31 57 4 26 4 29 4 40 6 4 29 4 9 7 4 34 4 50 4 69 40 4 46 4 73 5 4 6 4 94 22 16 21 16 67 18 37 5 4 35 4 52 29 4 28 4 25 4 116 25 4 6 4 53 58 16 14 16 0 11 26 9 4 30 4 93 33 16 15 16 47 42 4 49 4 31 4 87 44 4 31 4 24 31 4 29 4 39 4 81 23 4 12 4 35 44 31 4 86 18 11 9 4 7 32 35 4 29 9 16 42 16 39 5 4 24 4 7 4 111 54 5 49 4 5 15 22 4 65 12 4 11 4 36 4 18 22 16 25 16 93 45 4 24 4 91 17 4 36 4 44 4 83 30 4 10 18 39 4 49 41 4 40 4 24 4 25 4 8 13 4 28 4 37 4 45 4 81 24 4 5 4 58 10 51 4 67 9 4 7 4 29 4 42 34 4 40 25 32 4 8 40 4 17 32 52 4 18 20 4 20 4 84 29 26 23 4 33 44 13 4 7 33 4 13 4 13 32 4 15 4 7 4 5 4 53 46 4 13 4 5 4 25 4 63 8 4 5 4 32 29 23 24 4 25 4 46 37 4 22 4 54 4 5 4 50 38 4 7 4 52 4 37 29 4 10 4 5 4 12 33 4 36 4 44 4 13 4 26 8 4 28 4 9 4 26 4 
iteration 1061 best: 0.905471 time: 406611
47 21 8 0 26 8 49 47 8 51 46 4 38 4 46 38 4 6 4 34 25 8 81 25 4 16 4 16 41 12 2 5 8 74 31 8 12 5 8 68 5 12 13 6 4 8 4 31 40 4 47 4 36 4 29 4 41 22 4 9 4 23 4 41 16 8 49 25 8 62 33 4 27 4 31 36 16 52 16 13 42 4 9 4 5 4 5 4 30 48 4 7 4 6 4 111 50 8 32 8 104 29 4 49 4 24 4 38 4 93 41 8 98 23 4 57 4 15 4 34 4 85 21 8 5 5 4 80 27 8 96 5 8 69 20 8 68 55 4 22 4 6 4 33 30 4 5 4 31 57 4 26 4 29 4 40 6 4 29 4 9 7 4 34 4 50 4 69 40 4 46 4 73 5 4 6 4 94 22 16 21 16 67 18 37 5 4 35 4 52 29 4 28 4 25 4 116 25 4 6 4 53 58 16 14 16 0 11 26 9 4 30 4 93 33 16 15 16 47 42 4 49 4 31 4 87 44 4 31 4 24 31 4 29 4 39 4 81 23 4 12 4 35 44 31 4 86 18 11 9 4 7 32 35 4 29 9 16 42 16 39 5 4 24 4 7 4 111 54 5 49 4 5 15 22 4 65 12 4 11 4 36 4 18 22 16 25 16 93 45 4 24 4 91 17 4 36 4 44 4 83 30 4 10 18 39 4 49 41 4 40 4 24 4 25 4 8 13 4 28 4 37 4 45 4 81 24 4 5 4 58 10 51 4 67 9 4 7 4 29 4 42 34 4 40 25 32 4 8 40 4 17 32 52 4 18 20 4 20 4 84 29 26 23 4 33 44 13 4 7 33 4 13 4 13 32 4 15 4 7 4 5 4 53 46 4 13 4 5 4 25 4 63 8 4 5 4 32 29 23 24 4 25 4 46 37 4 22 4 54 4 5 4 50 38 4 7 4 52 4 37 29 4 10 4 5 4 12 33 4 36 4 44 4 13 4 26 8 4 28 4 9 4 26 4 
iteration 1080 best: 0.905471 time: 413837
47 21 8 0 26 8 49 47 8 51 46 4 38 4 46 38 4 6 4 34 25 8 81 25 4 16 4 16 41 12 2 5 8 74 31 8 12 5 8 68 5 12 13 6 4 8 4 31 40 4 47 4 36 4 29 4 41 22 4 9 4 23 4 41 16 8 49 25 8 62 33 4 27 4 31 36 16 52 16 13 42 4 9 4 5 4 5 4 30 48 4 7 4 6 4 111 50 8 32 8 104 29 4 49 4 24 4 38 4 93 41 8 98 23 4 57 4 15 4 34 4 85 21 8 5 5 4 80 27 8 96 5 8 69 20 8 68 55 4 22 4 6 4 33 30 4 5 4 31 57 4 26 4 29 4 40 6 4 29 4 9 7 4 34 4 50 4 69 40 4 46 4 73 5 4 6 4 94 22 16 21 16 67 18 37 5 4 35 4 52 29 4 28 4 25 4 116 25 4 6 4 53 58 16 14 16 0 11 26 9 4 30 4 93 33 16 15 16 47 42 4 49 4 31 4 87 44 4 31 4 24 31 4 29 4 39 4 81 23 4 12 4 35 44 31 4 86 18 11 9 4 7 32 35 4 29 9 16 42 16 39 5 4 24 4 7 4 111 54 5 49 4 5 15 22 4 65 12 4 11 4 36 4 18 22 16 25 16 93 45 4 24 4 91 17 4 36 4 44 4 83 30 4 10 18 39 4 49 41 4 40 4 24 4 25 4 8 13 4 28 4 37 4 45 4 81 24 4 5 4 58 10 51 4 67 9 4 7 4 29 4 42 34 4 40 25 32 4 8 40 4 17 32 52 4 18 20 4 20 4 84 29 26 23 4 33 44 13 4 7 33 4 13 4 13 32 4 15 4 7 4 5 4 53 46 4 13 4 5 4 25 4 63 8 4 5 4 32 29 23 24 4 25 4 46 37 4 22 4 54 4 5 4 50 38 4 7 4 52 4 37 29 4 10 4 5 4 12 33 4 36 4 44 4 13 4 26 8 4 28 4 9 4 26 4 
iteration 1099 best: 0.905471 time: 421066
47 21 8 0 26 8 49 47 8 51 46 4 38 4 46 38 4 6 4 34 25 8 81 25 4 16 4 16 41 12 2 5 8 74 31 8 12 5 8 68 5 12 13 6 4 8 4 31 40 4 47 4 36 4 29 4 41 22 4 9 4 23 4 41 16 8 49 25 8 62 33 4 27 4 31 36 16 52 16 13 42 4 9 4 5 4 5 4 30 48 4 7 4 6 4 111 50 8 32 8 104 29 4 49 4 24 4 38 4 93 41 8 98 23 4 57 4 15 4 34 4 85 21 8 5 5 4 80 27 8 96 5 8 69 20 8 68 55 4 22 4 6 4 33 30 4 5 4 31 57 4 26 4 29 4 40 6 4 29 4 9 7 4 34 4 50 4 69 40 4 46 4 73 5 4 6 4 94 22 16 21 16 67 18 37 5 4 35 4 52 29 4 28 4 25 4 116 25 4 6 4 53 58 16 14 16 0 11 26 9 4 30 4 93 33 16 15 16 47 42 4 49 4 31 4 87 44 4 31 4 24 31 4 29 4 39 4 81 23 4 12 4 35 44 31 4 86 18 11 9 4 7 32 35 4 29 9 16 42 16 39 5 4 24 4 7 4 111 54 5 49 4 5 15 22 4 65 12 4 11 4 36 4 18 22 16 25 16 93 45 4 24 4 91 17 4 36 4 44 4 83 30 4 10 18 39 4 49 41 4 40 4 24 4 25 4 8 13 4 28 4 37 4 45 4 81 24 4 5 4 58 10 51 4 67 9 4 7 4 29 4 42 34 4 40 25 32 4 8 40 4 17 32 52 4 18 20 4 20 4 84 29 26 23 4 33 44 13 4 7 33 4 13 4 13 32 4 15 4 7 4 5 4 53 46 4 13 4 5 4 25 4 63 8 4 5 4 32 29 23 24 4 25 4 46 37 4 22 4 54 4 5 4 50 38 4 7 4 52 4 37 29 4 10 4 5 4 12 33 4 36 4 44 4 13 4 26 8 4 28 4 9 4 26 4 
iteration 1118 best: 0.905471 time: 428297
47 21 8 0 26 8 49 47 8 51 46 4 38 4 46 38 4 6 4 34 25 8 81 25 4 16 4 16 41 12 2 5 8 74 31 8 12 5 8 68 5 12 13 6 4 8 4 31 40 4 47 4 36 4 29 4 41 22 4 9 4 23 4 41 16 8 49 25 8 62 33 4 27 4 31 36 16 52 16 13 42 4 9 4 5 4 5 4 30 48 4 7 4 6 4 111 50 8 32 8 104 29 4 49 4 24 4 38 4 93 41 8 98 23 4 57 4 15 4 34 4 85 21 8 5 5 4 80 27 8 96 5 8 69 20 8 68 55 4 22 4 6 4 33 30 4 5 4 31 57 4 26 4 29 4 40 6 4 29 4 9 7 4 34 4 50 4 69 40 4 46 4 73 5 4 6 4 94 22 16 21 16 67 18 37 5 4 35 4 52 29 4 28 4 25 4 116 25 4 6 4 53 58 16 14 16 0 11 26 9 4 30 4 93 33 16 15 16 47 42 4 49 4 31 4 87 44 4 31 4 24 31 4 29 4 39 4 81 23 4 12 4 35 44 31 4 86 18 11 9 4 7 32 35 4 29 9 16 42 16 39 5 4 24 4 7 4 111 54 5 49 4 5 15 22 4 65 12 4 11 4 36 4 18 22 16 25 16 93 45 4 24 4 91 17 4 36 4 44 4 83 30 4 10 18 39 4 49 41 4 40 4 24 4 25 4 8 13 4 28 4 37 4 45 4 81 24 4 5 4 58 10 51 4 67 9 4 7 4 29 4 42 34 4 40 25 32 4 8 40 4 17 32 52 4 18 20 4 20 4 84 29 26 23 4 33 44 13 4 7 33 4 13 4 13 32 4 15 4 7 4 5 4 53 46 4 13 4 5 4 25 4 63 8 4 5 4 32 29 23 24 4 25 4 46 37 4 22 4 54 4 5 4 50 38 4 7 4 52 4 37 29 4 10 4 5 4 12 33 4 36 4 44 4 13 4 26 8 4 28 4 9 4 26 4 
iteration 1137 best: 0.905471 time: 435551
47 21 8 0 26 8 49 47 8 51 46 4 38 4 46 38 4 6 4 34 25 8 81 25 4 16 4 16 41 12 2 5 8 74 31 8 12 5 8 68 5 12 13 6 4 8 4 31 40 4 47 4 36 4 29 4 41 22 4 9 4 23 4 41 16 8 49 25 8 62 33 4 27 4 31 36 16 52 16 13 42 4 9 4 5 4 5 4 30 48 4 7 4 6 4 111 50 8 32 8 104 29 4 49 4 24 4 38 4 93 41 8 98 23 4 57 4 15 4 34 4 85 21 8 5 5 4 80 27 8 96 5 8 69 20 8 68 55 4 22 4 6 4 33 30 4 5 4 31 57 4 26 4 29 4 40 6 4 29 4 9 7 4 34 4 50 4 69 40 4 46 4 73 5 4 6 4 94 22 16 21 16 67 18 37 5 4 35 4 52 29 4 28 4 25 4 116 25 4 6 4 53 58 16 14 16 0 11 26 9 4 30 4 93 33 16 15 16 47 42 4 49 4 31 4 87 44 4 31 4 24 31 4 29 4 39 4 81 23 4 12 4 35 44 31 4 86 18 11 9 4 7 32 35 4 29 9 16 42 16 39 5 4 24 4 7 4 111 54 5 49 4 5 15 22 4 65 12 4 11 4 36 4 18 22 16 25 16 93 45 4 24 4 91 17 4 36 4 44 4 83 30 4 10 18 39 4 49 41 4 40 4 24 4 25 4 8 13 4 28 4 37 4 45 4 81 24 4 5 4 58 10 51 4 67 9 4 7 4 29 4 42 34 4 40 25 32 4 8 40 4 17 32 52 4 18 20 4 20 4 84 29 26 23 4 33 44 13 4 7 33 4 13 4 13 32 4 15 4 7 4 5 4 53 46 4 13 4 5 4 25 4 63 8 4 5 4 32 29 23 24 4 25 4 46 37 4 22 4 54 4 5 4 50 38 4 7 4 52 4 37 29 4 10 4 5 4 12 33 4 36 4 44 4 13 4 26 8 4 28 4 9 4 26 4 
iteration 1156 best: 0.905471 time: 442771
47 21 8 0 26 8 49 47 8 51 46 4 38 4 46 38 4 6 4 34 25 8 81 25 4 16 4 16 41 12 2 5 8 74 31 8 12 5 8 68 5 12 13 6 4 8 4 31 40 4 47 4 36 4 29 4 41 22 4 9 4 23 4 41 16 8 49 25 8 62 33 4 27 4 31 36 16 52 16 13 42 4 9 4 5 4 5 4 30 48 4 7 4 6 4 111 50 8 32 8 104 29 4 49 4 24 4 38 4 93 41 8 98 23 4 57 4 15 4 34 4 85 21 8 5 5 4 80 27 8 96 5 8 69 20 8 68 55 4 22 4 6 4 33 30 4 5 4 31 57 4 26 4 29 4 40 6 4 29 4 9 7 4 34 4 50 4 69 40 4 46 4 73 5 4 6 4 94 22 16 21 16 67 18 37 5 4 35 4 52 29 4 28 4 25 4 116 25 4 6 4 53 58 16 14 16 0 11 26 9 4 30 4 93 33 16 15 16 47 42 4 49 4 31 4 87 44 4 31 4 24 31 4 29 4 39 4 81 23 4 12 4 35 44 31 4 86 18 11 9 4 7 32 35 4 29 9 16 42 16 39 5 4 24 4 7 4 111 54 5 49 4 5 15 22 4 65 12 4 11 4 36 4 18 22 16 25 16 93 45 4 24 4 91 17 4 36 4 44 4 83 30 4 10 18 39 4 49 41 4 40 4 24 4 25 4 8 13 4 28 4 37 4 45 4 81 24 4 5 4 58 10 51 4 67 9 4 7 4 29 4 42 34 4 40 25 32 4 8 40 4 17 32 52 4 18 20 4 20 4 84 29 26 23 4 33 44 13 4 7 33 4 13 4 13 32 4 15 4 7 4 5 4 53 46 4 13 4 5 4 25 4 63 8 4 5 4 32 29 23 24 4 25 4 46 37 4 22 4 54 4 5 4 50 38 4 7 4 52 4 37 29 4 10 4 5 4 12 33 4 36 4 44 4 13 4 26 8 4 28 4 9 4 26 4 
iteration 1175 best: 0.905471 time: 450032
47 21 8 0 26 8 49 47 8 51 46 4 38 4 46 38 4 6 4 34 25 8 81 25 4 16 4 16 41 12 2 5 8 74 31 8 12 5 8 68 5 12 13 6 4 8 4 31 40 4 47 4 36 4 29 4 41 22 4 9 4 23 4 41 16 8 49 25 8 62 33 4 27 4 31 36 16 52 16 13 42 4 9 4 5 4 5 4 30 48 4 7 4 6 4 111 50 8 32 8 104 29 4 49 4 24 4 38 4 93 41 8 98 23 4 57 4 15 4 34 4 85 21 8 5 5 4 80 27 8 96 5 8 69 20 8 68 55 4 22 4 6 4 33 30 4 5 4 31 57 4 26 4 29 4 40 6 4 29 4 9 7 4 34 4 50 4 69 40 4 46 4 73 5 4 6 4 94 22 16 21 16 67 18 37 5 4 35 4 52 29 4 28 4 25 4 116 25 4 6 4 53 58 16 14 16 0 11 26 9 4 30 4 93 33 16 15 16 47 42 4 49 4 31 4 87 44 4 31 4 24 31 4 29 4 39 4 81 23 4 12 4 35 44 31 4 86 18 11 9 4 7 32 35 4 29 9 16 42 16 39 5 4 24 4 7 4 111 54 5 49 4 5 15 22 4 65 12 4 11 4 36 4 18 22 16 25 16 93 45 4 24 4 91 17 4 36 4 44 4 83 30 4 10 18 39 4 49 41 4 40 4 24 4 25 4 8 13 4 28 4 37 4 45 4 81 24 4 5 4 58 10 51 4 67 9 4 7 4 29 4 42 34 4 40 25 32 4 8 40 4 17 32 52 4 18 20 4 20 4 84 29 26 23 4 33 44 13 4 7 33 4 13 4 13 32 4 15 4 7 4 5 4 53 46 4 13 4 5 4 25 4 63 8 4 5 4 32 29 23 24 4 25 4 46 37 4 22 4 54 4 5 4 50 38 4 7 4 52 4 37 29 4 10 4 5 4 12 33 4 36 4 44 4 13 4 26 8 4 28 4 9 4 26 4 
iteration 1194 best: 0.905471 time: 457274
47 21 8 0 26 8 49 47 8 51 46 4 38 4 46 38 4 6 4 34 25 8 81 25 4 16 4 16 41 12 2 5 8 74 31 8 12 5 8 68 5 12 13 6 4 8 4 31 40 4 47 4 36 4 29 4 41 22 4 9 4 23 4 41 16 8 49 25 8 62 33 4 27 4 31 36 16 52 16 13 42 4 9 4 5 4 5 4 30 48 4 7 4 6 4 111 50 8 32 8 104 29 4 49 4 24 4 38 4 93 41 8 98 23 4 57 4 15 4 34 4 85 21 8 5 5 4 80 27 8 96 5 8 69 20 8 68 55 4 22 4 6 4 33 30 4 5 4 31 57 4 26 4 29 4 40 6 4 29 4 9 7 4 34 4 50 4 69 40 4 46 4 73 5 4 6 4 94 22 16 21 16 67 18 37 5 4 35 4 52 29 4 28 4 25 4 116 25 4 6 4 53 58 16 14 16 0 11 26 9 4 30 4 93 33 16 15 16 47 42 4 49 4 31 4 87 44 4 31 4 24 31 4 29 4 39 4 81 23 4 12 4 35 44 31 4 86 18 11 9 4 7 32 35 4 29 9 16 42 16 39 5 4 24 4 7 4 111 54 5 49 4 5 15 22 4 65 12 4 11 4 36 4 18 22 16 25 16 93 45 4 24 4 91 17 4 36 4 44 4 83 30 4 10 18 39 4 49 41 4 40 4 24 4 25 4 8 13 4 28 4 37 4 45 4 81 24 4 5 4 58 10 51 4 67 9 4 7 4 29 4 42 34 4 40 25 32 4 8 40 4 17 32 52 4 18 20 4 20 4 84 29 26 23 4 33 44 13 4 7 33 4 13 4 13 32 4 15 4 7 4 5 4 53 46 4 13 4 5 4 25 4 63 8 4 5 4 32 29 23 24 4 25 4 46 37 4 22 4 54 4 5 4 50 38 4 7 4 52 4 37 29 4 10 4 5 4 12 33 4 36 4 44 4 13 4 26 8 4 28 4 9 4 26 4 
iteration 1213 best: 0.905471 time: 464518
47 21 8 0 26 8 49 47 8 51 46 4 38 4 46 38 4 6 4 34 25 8 81 25 4 16 4 16 41 12 2 5 8 74 31 8 12 5 8 68 5 12 13 6 4 8 4 31 40 4 47 4 36 4 29 4 41 22 4 9 4 23 4 41 16 8 49 25 8 62 33 4 27 4 31 36 16 52 16 13 42 4 9 4 5 4 5 4 30 48 4 7 4 6 4 111 50 8 32 8 104 29 4 49 4 24 4 38 4 93 41 8 98 23 4 57 4 15 4 34 4 85 21 8 5 5 4 80 27 8 96 5 8 69 20 8 68 55 4 22 4 6 4 33 30 4 5 4 31 57 4 26 4 29 4 40 6 4 29 4 9 7 4 34 4 50 4 69 40 4 46 4 73 5 4 6 4 94 22 16 21 16 67 18 37 5 4 35 4 52 29 4 28 4 25 4 116 25 4 6 4 53 58 16 14 16 0 11 26 9 4 30 4 93 33 16 15 16 47 42 4 49 4 31 4 87 44 4 31 4 24 31 4 29 4 39 4 81 23 4 12 4 35 44 31 4 86 18 11 9 4 7 32 35 4 29 9 16 42 16 39 5 4 24 4 7 4 111 54 5 49 4 5 15 22 4 65 12 4 11 4 36 4 18 22 16 25 16 93 45 4 24 4 91 17 4 36 4 44 4 83 30 4 10 18 39 4 49 41 4 40 4 24 4 25 4 8 13 4 28 4 37 4 45 4 81 24 4 5 4 58 10 51 4 67 9 4 7 4 29 4 42 34 4 40 25 32 4 8 40 4 17 32 52 4 18 20 4 20 4 84 29 26 23 4 33 44 13 4 7 33 4 13 4 13 32 4 15 4 7 4 5 4 53 46 4 13 4 5 4 25 4 63 8 4 5 4 32 29 23 24 4 25 4 46 37 4 22 4 54 4 5 4 50 38 4 7 4 52 4 37 29 4 10 4 5 4 12 33 4 36 4 44 4 13 4 26 8 4 28 4 9 4 26 4 
iteration 1232 best: 0.905471 time: 471787
47 21 8 0 26 8 49 47 8 51 46 4 38 4 46 38 4 6 4 34 25 8 81 25 4 16 4 16 41 12 2 5 8 74 31 8 12 5 8 68 5 12 13 6 4 8 4 31 40 4 47 4 36 4 29 4 41 22 4 9 4 23 4 41 16 8 49 25 8 62 33 4 27 4 31 36 16 52 16 13 42 4 9 4 5 4 5 4 30 48 4 7 4 6 4 111 50 8 32 8 104 29 4 49 4 24 4 38 4 93 41 8 98 23 4 57 4 15 4 34 4 85 21 8 5 5 4 80 27 8 96 5 8 69 20 8 68 55 4 22 4 6 4 33 30 4 5 4 31 57 4 26 4 29 4 40 6 4 29 4 9 7 4 34 4 50 4 69 40 4 46 4 73 5 4 6 4 94 22 16 21 16 67 18 37 5 4 35 4 52 29 4 28 4 25 4 116 25 4 6 4 53 58 16 14 16 0 11 26 9 4 30 4 93 33 16 15 16 47 42 4 49 4 31 4 87 44 4 31 4 24 31 4 29 4 39 4 81 23 4 12 4 35 44 31 4 86 18 11 9 4 7 32 35 4 29 9 16 42 16 39 5 4 24 4 7 4 111 54 5 49 4 5 15 22 4 65 12 4 11 4 36 4 18 22 16 25 16 93 45 4 24 4 91 17 4 36 4 44 4 83 30 4 10 18 39 4 49 41 4 40 4 24 4 25 4 8 13 4 28 4 37 4 45 4 81 24 4 5 4 58 10 51 4 67 9 4 7 4 29 4 42 34 4 40 25 32 4 8 40 4 17 32 52 4 18 20 4 20 4 84 29 26 23 4 33 44 13 4 7 33 4 13 4 13 32 4 15 4 7 4 5 4 53 46 4 13 4 5 4 25 4 63 8 4 5 4 32 29 23 24 4 25 4 46 37 4 22 4 54 4 5 4 50 38 4 7 4 52 4 37 29 4 10 4 5 4 12 33 4 36 4 44 4 13 4 26 8 4 28 4 9 4 26 4 
iteration 1251 best: 0.905471 time: 479030
47 21 8 0 26 8 49 47 8 51 46 4 38 4 46 38 4 6 4 34 25 8 81 25 4 16 4 16 41 12 2 5 8 74 31 8 12 5 8 68 5 12 13 6 4 8 4 31 40 4 47 4 36 4 29 4 41 22 4 9 4 23 4 41 16 8 49 25 8 62 33 4 27 4 31 36 16 52 16 13 42 4 9 4 5 4 5 4 30 48 4 7 4 6 4 111 50 8 32 8 104 29 4 49 4 24 4 38 4 93 41 8 98 23 4 57 4 15 4 34 4 85 21 8 5 5 4 80 27 8 96 5 8 69 20 8 68 55 4 22 4 6 4 33 30 4 5 4 31 57 4 26 4 29 4 40 6 4 29 4 9 7 4 34 4 50 4 69 40 4 46 4 73 5 4 6 4 94 22 16 21 16 67 18 37 5 4 35 4 52 29 4 28 4 25 4 116 25 4 6 4 53 58 16 14 16 0 11 26 9 4 30 4 93 33 16 15 16 47 42 4 49 4 31 4 87 44 4 31 4 24 31 4 29 4 39 4 81 23 4 12 4 35 44 31 4 86 18 11 9 4 7 32 35 4 29 9 16 42 16 39 5 4 24 4 7 4 111 54 5 49 4 5 15 22 4 65 12 4 11 4 36 4 18 22 16 25 16 93 45 4 24 4 91 17 4 36 4 44 4 83 30 4 10 18 39 4 49 41 4 40 4 24 4 25 4 8 13 4 28 4 37 4 45 4 81 24 4 5 4 58 10 51 4 67 9 4 7 4 29 4 42 34 4 40 25 32 4 8 40 4 17 32 52 4 18 20 4 20 4 84 29 26 23 4 33 44 13 4 7 33 4 13 4 13 32 4 15 4 7 4 5 4 53 46 4 13 4 5 4 25 4 63 8 4 5 4 32 29 23 24 4 25 4 46 37 4 22 4 54 4 5 4 50 38 4 7 4 52 4 37 29 4 10 4 5 4 12 33 4 36 4 44 4 13 4 26 8 4 28 4 9 4 26 4 
iteration 1270 best: 0.905471 time: 486279
47 21 8 0 26 8 49 47 8 51 46 4 38 4 46 38 4 6 4 34 25 8 81 25 4 16 4 16 41 12 2 5 8 74 31 8 12 5 8 68 5 12 13 6 4 8 4 31 40 4 47 4 36 4 29 4 41 22 4 9 4 23 4 41 16 8 49 25 8 62 33 4 27 4 31 36 16 52 16 13 42 4 9 4 5 4 5 4 30 48 4 7 4 6 4 111 50 8 32 8 104 29 4 49 4 24 4 38 4 93 41 8 98 23 4 57 4 15 4 34 4 85 21 8 5 5 4 80 27 8 96 5 8 69 20 8 68 55 4 22 4 6 4 33 30 4 5 4 31 57 4 26 4 29 4 40 6 4 29 4 9 7 4 34 4 50 4 69 40 4 46 4 73 5 4 6 4 94 22 16 21 16 67 18 37 5 4 35 4 52 29 4 28 4 25 4 116 25 4 6 4 53 58 16 14 16 0 11 26 9 4 30 4 93 33 16 15 16 47 42 4 49 4 31 4 87 44 4 31 4 24 31 4 29 4 39 4 81 23 4 12 4 35 44 31 4 86 18 11 9 4 7 32 35 4 29 9 16 42 16 39 5 4 24 4 7 4 111 54 5 49 4 5 15 22 4 65 12 4 11 4 36 4 18 22 16 25 16 93 45 4 24 4 91 17 4 36 4 44 4 83 30 4 10 18 39 4 49 41 4 40 4 24 4 25 4 8 13 4 28 4 37 4 45 4 81 24 4 5 4 58 10 51 4 67 9 4 7 4 29 4 42 34 4 40 25 32 4 8 40 4 17 32 52 4 18 20 4 20 4 84 29 26 23 4 33 44 13 4 7 33 4 13 4 13 32 4 15 4 7 4 5 4 53 46 4 13 4 5 4 25 4 63 8 4 5 4 32 29 23 24 4 25 4 46 37 4 22 4 54 4 5 4 50 38 4 7 4 52 4 37 29 4 10 4 5 4 12 33 4 36 4 44 4 13 4 26 8 4 28 4 9 4 26 4 
iteration 1289 best: 0.905471 time: 493518
47 21 8 0 26 8 49 47 8 51 46 4 38 4 46 38 4 6 4 34 25 8 81 25 4 16 4 16 41 12 2 5 8 74 31 8 12 5 8 68 5 12 13 6 4 8 4 31 40 4 47 4 36 4 29 4 41 22 4 9 4 23 4 41 16 8 49 25 8 62 33 4 27 4 31 36 16 52 16 13 42 4 9 4 5 4 5 4 30 48 4 7 4 6 4 111 50 8 32 8 104 29 4 49 4 24 4 38 4 93 41 8 98 23 4 57 4 15 4 34 4 85 21 8 5 5 4 80 27 8 96 5 8 69 20 8 68 55 4 22 4 6 4 33 30 4 5 4 31 57 4 26 4 29 4 40 6 4 29 4 9 7 4 34 4 50 4 69 40 4 46 4 73 5 4 6 4 94 22 16 21 16 67 18 37 5 4 35 4 52 29 4 28 4 25 4 116 25 4 6 4 53 58 16 14 16 0 11 26 9 4 30 4 93 33 16 15 16 47 42 4 49 4 31 4 87 44 4 31 4 24 31 4 29 4 39 4 81 23 4 12 4 35 44 31 4 86 18 11 9 4 7 32 35 4 29 9 16 42 16 39 5 4 24 4 7 4 111 54 5 49 4 5 15 22 4 65 12 4 11 4 36 4 18 22 16 25 16 93 45 4 24 4 91 17 4 36 4 44 4 83 30 4 10 18 39 4 49 41 4 40 4 24 4 25 4 8 13 4 28 4 37 4 45 4 81 24 4 5 4 58 10 51 4 67 9 4 7 4 29 4 42 34 4 40 25 32 4 8 40 4 17 32 52 4 18 20 4 20 4 84 29 26 23 4 33 44 13 4 7 33 4 13 4 13 32 4 15 4 7 4 5 4 53 46 4 13 4 5 4 25 4 63 8 4 5 4 32 29 23 24 4 25 4 46 37 4 22 4 54 4 5 4 50 38 4 7 4 52 4 37 29 4 10 4 5 4 12 33 4 36 4 44 4 13 4 26 8 4 28 4 9 4 26 4 
iteration 1308 best: 0.905471 time: 500746
47 21 8 0 26 8 49 47 8 51 46 4 38 4 46 38 4 6 4 34 25 8 81 25 4 16 4 16 41 12 2 5 8 74 31 8 12 5 8 68 5 12 13 6 4 8 4 31 40 4 47 4 36 4 29 4 41 22 4 9 4 23 4 41 16 8 49 25 8 62 33 4 27 4 31 36 16 52 16 13 42 4 9 4 5 4 5 4 30 48 4 7 4 6 4 111 50 8 32 8 104 29 4 49 4 24 4 38 4 93 41 8 98 23 4 57 4 15 4 34 4 85 21 8 5 5 4 80 27 8 96 5 8 69 20 8 68 55 4 22 4 6 4 33 30 4 5 4 31 57 4 26 4 29 4 40 6 4 29 4 9 7 4 34 4 50 4 69 40 4 46 4 73 5 4 6 4 94 22 16 21 16 67 18 37 5 4 35 4 52 29 4 28 4 25 4 116 25 4 6 4 53 58 16 14 16 0 11 26 9 4 30 4 93 33 16 15 16 47 42 4 49 4 31 4 87 44 4 31 4 24 31 4 29 4 39 4 81 23 4 12 4 35 44 31 4 86 18 11 9 4 7 32 35 4 29 9 16 42 16 39 5 4 24 4 7 4 111 54 5 49 4 5 15 22 4 65 12 4 11 4 36 4 18 22 16 25 16 93 45 4 24 4 91 17 4 36 4 44 4 83 30 4 10 18 39 4 49 41 4 40 4 24 4 25 4 8 13 4 28 4 37 4 45 4 81 24 4 5 4 58 10 51 4 67 9 4 7 4 29 4 42 34 4 40 25 32 4 8 40 4 17 32 52 4 18 20 4 20 4 84 29 26 23 4 33 44 13 4 7 33 4 13 4 13 32 4 15 4 7 4 5 4 53 46 4 13 4 5 4 25 4 63 8 4 5 4 32 29 23 24 4 25 4 46 37 4 22 4 54 4 5 4 50 38 4 7 4 52 4 37 29 4 10 4 5 4 12 33 4 36 4 44 4 13 4 26 8 4 28 4 9 4 26 4 
iteration 1327 best: 0.905471 time: 507983
47 21 8 0 26 8 49 47 8 51 46 4 38 4 46 38 4 6 4 34 25 8 81 25 4 16 4 16 41 12 2 5 8 74 31 8 12 5 8 68 5 12 13 6 4 8 4 31 40 4 47 4 36 4 29 4 41 22 4 9 4 23 4 41 16 8 49 25 8 62 33 4 27 4 31 36 16 52 16 13 42 4 9 4 5 4 5 4 30 48 4 7 4 6 4 111 50 8 32 8 104 29 4 49 4 24 4 38 4 93 41 8 98 23 4 57 4 15 4 34 4 85 21 8 5 5 4 80 27 8 96 5 8 69 20 8 68 55 4 22 4 6 4 33 30 4 5 4 31 57 4 26 4 29 4 40 6 4 29 4 9 7 4 34 4 50 4 69 40 4 46 4 73 5 4 6 4 94 22 16 21 16 67 18 37 5 4 35 4 52 29 4 28 4 25 4 116 25 4 6 4 53 58 16 14 16 0 11 26 9 4 30 4 93 33 16 15 16 47 42 4 49 4 31 4 87 44 4 31 4 24 31 4 29 4 39 4 81 23 4 12 4 35 44 31 4 86 18 11 9 4 7 32 35 4 29 9 16 42 16 39 5 4 24 4 7 4 111 54 5 49 4 5 15 22 4 65 12 4 11 4 36 4 18 22 16 25 16 93 45 4 24 4 91 17 4 36 4 44 4 83 30 4 10 18 39 4 49 41 4 40 4 24 4 25 4 8 13 4 28 4 37 4 45 4 81 24 4 5 4 58 10 51 4 67 9 4 7 4 29 4 42 34 4 40 25 32 4 8 40 4 17 32 52 4 18 20 4 20 4 84 29 26 23 4 33 44 13 4 7 33 4 13 4 13 32 4 15 4 7 4 5 4 53 46 4 13 4 5 4 25 4 63 8 4 5 4 32 29 23 24 4 25 4 46 37 4 22 4 54 4 5 4 50 38 4 7 4 52 4 37 29 4 10 4 5 4 12 33 4 36 4 44 4 13 4 26 8 4 28 4 9 4 26 4 
iteration 1346 best: 0.905471 time: 515264
47 21 8 0 26 8 49 47 8 51 46 4 38 4 46 38 4 6 4 34 25 8 81 25 4 16 4 16 41 12 2 5 8 74 31 8 12 5 8 68 5 12 13 6 4 8 4 31 40 4 47 4 36 4 29 4 41 22 4 9 4 23 4 41 16 8 49 25 8 62 33 4 27 4 31 36 16 52 16 13 42 4 9 4 5 4 5 4 30 48 4 7 4 6 4 111 50 8 32 8 104 29 4 49 4 24 4 38 4 93 41 8 98 23 4 57 4 15 4 34 4 85 21 8 5 5 4 80 27 8 96 5 8 69 20 8 68 55 4 22 4 6 4 33 30 4 5 4 31 57 4 26 4 29 4 40 6 4 29 4 9 7 4 34 4 50 4 69 40 4 46 4 73 5 4 6 4 94 22 16 21 16 67 18 37 5 4 35 4 52 29 4 28 4 25 4 116 25 4 6 4 53 58 16 14 16 0 11 26 9 4 30 4 93 33 16 15 16 47 42 4 49 4 31 4 87 44 4 31 4 24 31 4 29 4 39 4 81 23 4 12 4 35 44 31 4 86 18 11 9 4 7 32 35 4 29 9 16 42 16 39 5 4 24 4 7 4 111 54 5 49 4 5 15 22 4 65 12 4 11 4 36 4 18 22 16 25 16 93 45 4 24 4 91 17 4 36 4 44 4 83 30 4 10 18 39 4 49 41 4 40 4 24 4 25 4 8 13 4 28 4 37 4 45 4 81 24 4 5 4 58 10 51 4 67 9 4 7 4 29 4 42 34 4 40 25 32 4 8 40 4 17 32 52 4 18 20 4 20 4 84 29 26 23 4 33 44 13 4 7 33 4 13 4 13 32 4 15 4 7 4 5 4 53 46 4 13 4 5 4 25 4 63 8 4 5 4 32 29 23 24 4 25 4 46 37 4 22 4 54 4 5 4 50 38 4 7 4 52 4 37 29 4 10 4 5 4 12 33 4 36 4 44 4 13 4 26 8 4 28 4 9 4 26 4 
iteration 1365 best: 0.905471 time: 522520
47 21 8 0 26 8 49 47 8 51 46 4 38 4 46 38 4 6 4 34 25 8 81 25 4 16 4 16 41 12 2 5 8 74 31 8 12 5 8 68 5 12 13 6 4 8 4 31 40 4 47 4 36 4 29 4 41 22 4 9 4 23 4 41 16 8 49 25 8 62 33 4 27 4 31 36 16 52 16 13 42 4 9 4 5 4 5 4 30 48 4 7 4 6 4 111 50 8 32 8 104 29 4 49 4 24 4 38 4 93 41 8 98 23 4 57 4 15 4 34 4 85 21 8 5 5 4 80 27 8 96 5 8 69 20 8 68 55 4 22 4 6 4 33 30 4 5 4 31 57 4 26 4 29 4 40 6 4 29 4 9 7 4 34 4 50 4 69 40 4 46 4 73 5 4 6 4 94 22 16 21 16 67 18 37 5 4 35 4 52 29 4 28 4 25 4 116 25 4 6 4 53 58 16 14 16 0 11 26 9 4 30 4 93 33 16 15 16 47 42 4 49 4 31 4 87 44 4 31 4 24 31 4 29 4 39 4 81 23 4 12 4 35 44 31 4 86 18 11 9 4 7 32 35 4 29 9 16 42 16 39 5 4 24 4 7 4 111 54 5 49 4 5 15 22 4 65 12 4 11 4 36 4 18 22 16 25 16 93 45 4 24 4 91 17 4 36 4 44 4 83 30 4 10 18 39 4 49 41 4 40 4 24 4 25 4 8 13 4 28 4 37 4 45 4 81 24 4 5 4 58 10 51 4 67 9 4 7 4 29 4 42 34 4 40 25 32 4 8 40 4 17 32 52 4 18 20 4 20 4 84 29 26 23 4 33 44 13 4 7 33 4 13 4 13 32 4 15 4 7 4 5 4 53 46 4 13 4 5 4 25 4 63 8 4 5 4 32 29 23 24 4 25 4 46 37 4 22 4 54 4 5 4 50 38 4 7 4 52 4 37 29 4 10 4 5 4 12 33 4 36 4 44 4 13 4 26 8 4 28 4 9 4 26 4 
iteration 1384 best: 0.905471 time: 529790
47 21 8 0 26 8 49 47 8 51 46 4 38 4 46 38 4 6 4 34 25 8 81 25 4 16 4 16 41 12 2 5 8 74 31 8 12 5 8 68 5 12 13 6 4 8 4 31 40 4 47 4 36 4 29 4 41 22 4 9 4 23 4 41 16 8 49 25 8 62 33 4 27 4 31 36 16 52 16 13 42 4 9 4 5 4 5 4 30 48 4 7 4 6 4 111 50 8 32 8 104 29 4 49 4 24 4 38 4 93 41 8 98 23 4 57 4 15 4 34 4 85 21 8 5 5 4 80 27 8 96 5 8 69 20 8 68 55 4 22 4 6 4 33 30 4 5 4 31 57 4 26 4 29 4 40 6 4 29 4 9 7 4 34 4 50 4 69 40 4 46 4 73 5 4 6 4 94 22 16 21 16 67 18 37 5 4 35 4 52 29 4 28 4 25 4 116 25 4 6 4 53 58 16 14 16 0 11 26 9 4 30 4 93 33 16 15 16 47 42 4 49 4 31 4 87 44 4 31 4 24 31 4 29 4 39 4 81 23 4 12 4 35 44 31 4 86 18 11 9 4 7 32 35 4 29 9 16 42 16 39 5 4 24 4 7 4 111 54 5 49 4 5 15 22 4 65 12 4 11 4 36 4 18 22 16 25 16 93 45 4 24 4 91 17 4 36 4 44 4 83 30 4 10 18 39 4 49 41 4 40 4 24 4 25 4 8 13 4 28 4 37 4 45 4 81 24 4 5 4 58 10 51 4 67 9 4 7 4 29 4 42 34 4 40 25 32 4 8 40 4 17 32 52 4 18 20 4 20 4 84 29 26 23 4 33 44 13 4 7 33 4 13 4 13 32 4 15 4 7 4 5 4 53 46 4 13 4 5 4 25 4 63 8 4 5 4 32 29 23 24 4 25 4 46 37 4 22 4 54 4 5 4 50 38 4 7 4 52 4 37 29 4 10 4 5 4 12 33 4 36 4 44 4 13 4 26 8 4 28 4 9 4 26 4 
iteration 1403 best: 0.905471 time: 537042
47 21 8 0 26 8 49 47 8 51 46 4 38 4 46 38 4 6 4 34 25 8 81 25 4 16 4 16 41 12 2 5 8 74 31 8 12 5 8 68 5 12 13 6 4 8 4 31 40 4 47 4 36 4 29 4 41 22 4 9 4 23 4 41 16 8 49 25 8 62 33 4 27 4 31 36 16 52 16 13 42 4 9 4 5 4 5 4 30 48 4 7 4 6 4 111 50 8 32 8 104 29 4 49 4 24 4 38 4 93 41 8 98 23 4 57 4 15 4 34 4 85 21 8 5 5 4 80 27 8 96 5 8 69 20 8 68 55 4 22 4 6 4 33 30 4 5 4 31 57 4 26 4 29 4 40 6 4 29 4 9 7 4 34 4 50 4 69 40 4 46 4 73 5 4 6 4 94 22 16 21 16 67 18 37 5 4 35 4 52 29 4 28 4 25 4 116 25 4 6 4 53 58 16 14 16 0 11 26 9 4 30 4 93 33 16 15 16 47 42 4 49 4 31 4 87 44 4 31 4 24 31 4 29 4 39 4 81 23 4 12 4 35 44 31 4 86 18 11 9 4 7 32 35 4 29 9 16 42 16 39 5 4 24 4 7 4 111 54 5 49 4 5 15 22 4 65 12 4 11 4 36 4 18 22 16 25 16 93 45 4 24 4 91 17 4 36 4 44 4 83 30 4 10 18 39 4 49 41 4 40 4 24 4 25 4 8 13 4 28 4 37 4 45 4 81 24 4 5 4 58 10 51 4 67 9 4 7 4 29 4 42 34 4 40 25 32 4 8 40 4 17 32 52 4 18 20 4 20 4 84 29 26 23 4 33 44 13 4 7 33 4 13 4 13 32 4 15 4 7 4 5 4 53 46 4 13 4 5 4 25 4 63 8 4 5 4 32 29 23 24 4 25 4 46 37 4 22 4 54 4 5 4 50 38 4 7 4 52 4 37 29 4 10 4 5 4 12 33 4 36 4 44 4 13 4 26 8 4 28 4 9 4 26 4 
iteration 1422 best: 0.905471 time: 544310
47 21 8 0 26 8 49 47 8 51 46 4 38 4 46 38 4 6 4 34 25 8 81 25 4 16 4 16 41 12 2 5 8 74 31 8 12 5 8 68 5 12 13 6 4 8 4 31 40 4 47 4 36 4 29 4 41 22 4 9 4 23 4 41 16 8 49 25 8 62 33 4 27 4 31 36 16 52 16 13 42 4 9 4 5 4 5 4 30 48 4 7 4 6 4 111 50 8 32 8 104 29 4 49 4 24 4 38 4 93 41 8 98 23 4 57 4 15 4 34 4 85 21 8 5 5 4 80 27 8 96 5 8 69 20 8 68 55 4 22 4 6 4 33 30 4 5 4 31 57 4 26 4 29 4 40 6 4 29 4 9 7 4 34 4 50 4 69 40 4 46 4 73 5 4 6 4 94 22 16 21 16 67 18 37 5 4 35 4 52 29 4 28 4 25 4 116 25 4 6 4 53 58 16 14 16 0 11 26 9 4 30 4 93 33 16 15 16 47 42 4 49 4 31 4 87 44 4 31 4 24 31 4 29 4 39 4 81 23 4 12 4 35 44 31 4 86 18 11 9 4 7 32 35 4 29 9 16 42 16 39 5 4 24 4 7 4 111 54 5 49 4 5 15 22 4 65 12 4 11 4 36 4 18 22 16 25 16 93 45 4 24 4 91 17 4 36 4 44 4 83 30 4 10 18 39 4 49 41 4 40 4 24 4 25 4 8 13 4 28 4 37 4 45 4 81 24 4 5 4 58 10 51 4 67 9 4 7 4 29 4 42 34 4 40 25 32 4 8 40 4 17 32 52 4 18 20 4 20 4 84 29 26 23 4 33 44 13 4 7 33 4 13 4 13 32 4 15 4 7 4 5 4 53 46 4 13 4 5 4 25 4 63 8 4 5 4 32 29 23 24 4 25 4 46 37 4 22 4 54 4 5 4 50 38 4 7 4 52 4 37 29 4 10 4 5 4 12 33 4 36 4 44 4 13 4 26 8 4 28 4 9 4 26 4 
iteration 1441 best: 0.905471 time: 551548
47 21 8 0 26 8 49 47 8 51 46 4 38 4 46 38 4 6 4 34 25 8 81 25 4 16 4 16 41 12 2 5 8 74 31 8 12 5 8 68 5 12 13 6 4 8 4 31 40 4 47 4 36 4 29 4 41 22 4 9 4 23 4 41 16 8 49 25 8 62 33 4 27 4 31 36 16 52 16 13 42 4 9 4 5 4 5 4 30 48 4 7 4 6 4 111 50 8 32 8 104 29 4 49 4 24 4 38 4 93 41 8 98 23 4 57 4 15 4 34 4 85 21 8 5 5 4 80 27 8 96 5 8 69 20 8 68 55 4 22 4 6 4 33 30 4 5 4 31 57 4 26 4 29 4 40 6 4 29 4 9 7 4 34 4 50 4 69 40 4 46 4 73 5 4 6 4 94 22 16 21 16 67 18 37 5 4 35 4 52 29 4 28 4 25 4 116 25 4 6 4 53 58 16 14 16 0 11 26 9 4 30 4 93 33 16 15 16 47 42 4 49 4 31 4 87 44 4 31 4 24 31 4 29 4 39 4 81 23 4 12 4 35 44 31 4 86 18 11 9 4 7 32 35 4 29 9 16 42 16 39 5 4 24 4 7 4 111 54 5 49 4 5 15 22 4 65 12 4 11 4 36 4 18 22 16 25 16 93 45 4 24 4 91 17 4 36 4 44 4 83 30 4 10 18 39 4 49 41 4 40 4 24 4 25 4 8 13 4 28 4 37 4 45 4 81 24 4 5 4 58 10 51 4 67 9 4 7 4 29 4 42 34 4 40 25 32 4 8 40 4 17 32 52 4 18 20 4 20 4 84 29 26 23 4 33 44 13 4 7 33 4 13 4 13 32 4 15 4 7 4 5 4 53 46 4 13 4 5 4 25 4 63 8 4 5 4 32 29 23 24 4 25 4 46 37 4 22 4 54 4 5 4 50 38 4 7 4 52 4 37 29 4 10 4 5 4 12 33 4 36 4 44 4 13 4 26 8 4 28 4 9 4 26 4 
iteration 1460 best: 0.905471 time: 558796
47 21 8 0 26 8 49 47 8 51 46 4 38 4 46 38 4 6 4 34 25 8 81 25 4 16 4 16 41 12 2 5 8 74 31 8 12 5 8 68 5 12 13 6 4 8 4 31 40 4 47 4 36 4 29 4 41 22 4 9 4 23 4 41 16 8 49 25 8 62 33 4 27 4 31 36 16 52 16 13 42 4 9 4 5 4 5 4 30 48 4 7 4 6 4 111 50 8 32 8 104 29 4 49 4 24 4 38 4 93 41 8 98 23 4 57 4 15 4 34 4 85 21 8 5 5 4 80 27 8 96 5 8 69 20 8 68 55 4 22 4 6 4 33 30 4 5 4 31 57 4 26 4 29 4 40 6 4 29 4 9 7 4 34 4 50 4 69 40 4 46 4 73 5 4 6 4 94 22 16 21 16 67 18 37 5 4 35 4 52 29 4 28 4 25 4 116 25 4 6 4 53 58 16 14 16 0 11 26 9 4 30 4 93 33 16 15 16 47 42 4 49 4 31 4 87 44 4 31 4 24 31 4 29 4 39 4 81 23 4 12 4 35 44 31 4 86 18 11 9 4 7 32 35 4 29 9 16 42 16 39 5 4 24 4 7 4 111 54 5 49 4 5 15 22 4 65 12 4 11 4 36 4 18 22 16 25 16 93 45 4 24 4 91 17 4 36 4 44 4 83 30 4 10 18 39 4 49 41 4 40 4 24 4 25 4 8 13 4 28 4 37 4 45 4 81 24 4 5 4 58 10 51 4 67 9 4 7 4 29 4 42 34 4 40 25 32 4 8 40 4 17 32 52 4 18 20 4 20 4 84 29 26 23 4 33 44 13 4 7 33 4 13 4 13 32 4 15 4 7 4 5 4 53 46 4 13 4 5 4 25 4 63 8 4 5 4 32 29 23 24 4 25 4 46 37 4 22 4 54 4 5 4 50 38 4 7 4 52 4 37 29 4 10 4 5 4 12 33 4 36 4 44 4 13 4 26 8 4 28 4 9 4 26 4 
iteration 1479 best: 0.905471 time: 566056
47 21 8 0 26 8 49 47 8 51 46 4 38 4 46 38 4 6 4 34 25 8 81 25 4 16 4 16 41 12 2 5 8 74 31 8 12 5 8 68 5 12 13 6 4 8 4 31 40 4 47 4 36 4 29 4 41 22 4 9 4 23 4 41 16 8 49 25 8 62 33 4 27 4 31 36 16 52 16 13 42 4 9 4 5 4 5 4 30 48 4 7 4 6 4 111 50 8 32 8 104 29 4 49 4 24 4 38 4 93 41 8 98 23 4 57 4 15 4 34 4 85 21 8 5 5 4 80 27 8 96 5 8 69 20 8 68 55 4 22 4 6 4 33 30 4 5 4 31 57 4 26 4 29 4 40 6 4 29 4 9 7 4 34 4 50 4 69 40 4 46 4 73 5 4 6 4 94 22 16 21 16 67 18 37 5 4 35 4 52 29 4 28 4 25 4 116 25 4 6 4 53 58 16 14 16 0 11 26 9 4 30 4 93 33 16 15 16 47 42 4 49 4 31 4 87 44 4 31 4 24 31 4 29 4 39 4 81 23 4 12 4 35 44 31 4 86 18 11 9 4 7 32 35 4 29 9 16 42 16 39 5 4 24 4 7 4 111 54 5 49 4 5 15 22 4 65 12 4 11 4 36 4 18 22 16 25 16 93 45 4 24 4 91 17 4 36 4 44 4 83 30 4 10 18 39 4 49 41 4 40 4 24 4 25 4 8 13 4 28 4 37 4 45 4 81 24 4 5 4 58 10 51 4 67 9 4 7 4 29 4 42 34 4 40 25 32 4 8 40 4 17 32 52 4 18 20 4 20 4 84 29 26 23 4 33 44 13 4 7 33 4 13 4 13 32 4 15 4 7 4 5 4 53 46 4 13 4 5 4 25 4 63 8 4 5 4 32 29 23 24 4 25 4 46 37 4 22 4 54 4 5 4 50 38 4 7 4 52 4 37 29 4 10 4 5 4 12 33 4 36 4 44 4 13 4 26 8 4 28 4 9 4 26 4 
iteration 1498 best: 0.905471 time: 573278
47 21 8 0 26 8 49 47 8 51 46 4 38 4 46 38 4 6 4 34 25 8 81 25 4 16 4 16 41 12 2 5 8 74 31 8 12 5 8 68 5 12 13 6 4 8 4 31 40 4 47 4 36 4 29 4 41 22 4 9 4 23 4 41 16 8 49 25 8 62 33 4 27 4 31 36 16 52 16 13 42 4 9 4 5 4 5 4 30 48 4 7 4 6 4 111 50 8 32 8 104 29 4 49 4 24 4 38 4 93 41 8 98 23 4 57 4 15 4 34 4 85 21 8 5 5 4 80 27 8 96 5 8 69 20 8 68 55 4 22 4 6 4 33 30 4 5 4 31 57 4 26 4 29 4 40 6 4 29 4 9 7 4 34 4 50 4 69 40 4 46 4 73 5 4 6 4 94 22 16 21 16 67 18 37 5 4 35 4 52 29 4 28 4 25 4 116 25 4 6 4 53 58 16 14 16 0 11 26 9 4 30 4 93 33 16 15 16 47 42 4 49 4 31 4 87 44 4 31 4 24 31 4 29 4 39 4 81 23 4 12 4 35 44 31 4 86 18 11 9 4 7 32 35 4 29 9 16 42 16 39 5 4 24 4 7 4 111 54 5 49 4 5 15 22 4 65 12 4 11 4 36 4 18 22 16 25 16 93 45 4 24 4 91 17 4 36 4 44 4 83 30 4 10 18 39 4 49 41 4 40 4 24 4 25 4 8 13 4 28 4 37 4 45 4 81 24 4 5 4 58 10 51 4 67 9 4 7 4 29 4 42 34 4 40 25 32 4 8 40 4 17 32 52 4 18 20 4 20 4 84 29 26 23 4 33 44 13 4 7 33 4 13 4 13 32 4 15 4 7 4 5 4 53 46 4 13 4 5 4 25 4 63 8 4 5 4 32 29 23 24 4 25 4 46 37 4 22 4 54 4 5 4 50 38 4 7 4 52 4 37 29 4 10 4 5 4 12 33 4 36 4 44 4 13 4 26 8 4 28 4 9 4 26 4 
iteration 1517 best: 0.905471 time: 580509
47 21 8 0 26 8 49 47 8 51 46 4 38 4 46 38 4 6 4 34 25 8 81 25 4 16 4 16 41 12 2 5 8 74 31 8 12 5 8 68 5 12 13 6 4 8 4 31 40 4 47 4 36 4 29 4 41 22 4 9 4 23 4 41 16 8 49 25 8 62 33 4 27 4 31 36 16 52 16 13 42 4 9 4 5 4 5 4 30 48 4 7 4 6 4 111 50 8 32 8 104 29 4 49 4 24 4 38 4 93 41 8 98 23 4 57 4 15 4 34 4 85 21 8 5 5 4 80 27 8 96 5 8 69 20 8 68 55 4 22 4 6 4 33 30 4 5 4 31 57 4 26 4 29 4 40 6 4 29 4 9 7 4 34 4 50 4 69 40 4 46 4 73 5 4 6 4 94 22 16 21 16 67 18 37 5 4 35 4 52 29 4 28 4 25 4 116 25 4 6 4 53 58 16 14 16 0 11 26 9 4 30 4 93 33 16 15 16 47 42 4 49 4 31 4 87 44 4 31 4 24 31 4 29 4 39 4 81 23 4 12 4 35 44 31 4 86 18 11 9 4 7 32 35 4 29 9 16 42 16 39 5 4 24 4 7 4 111 54 5 49 4 5 15 22 4 65 12 4 11 4 36 4 18 22 16 25 16 93 45 4 24 4 91 17 4 36 4 44 4 83 30 4 10 18 39 4 49 41 4 40 4 24 4 25 4 8 13 4 28 4 37 4 45 4 81 24 4 5 4 58 10 51 4 67 9 4 7 4 29 4 42 34 4 40 25 32 4 8 40 4 17 32 52 4 18 20 4 20 4 84 29 26 23 4 33 44 13 4 7 33 4 13 4 13 32 4 15 4 7 4 5 4 53 46 4 13 4 5 4 25 4 63 8 4 5 4 32 29 23 24 4 25 4 46 37 4 22 4 54 4 5 4 50 38 4 7 4 52 4 37 29 4 10 4 5 4 12 33 4 36 4 44 4 13 4 26 8 4 28 4 9 4 26 4 
iteration 1536 best: 0.905471 time: 587733
47 21 8 0 26 8 49 47 8 51 46 4 38 4 46 38 4 6 4 34 25 8 81 25 4 16 4 16 41 12 2 5 8 74 31 8 12 5 8 68 5 12 13 6 4 8 4 31 40 4 47 4 36 4 29 4 41 22 4 9 4 23 4 41 16 8 49 25 8 62 33 4 27 4 31 36 16 52 16 13 42 4 9 4 5 4 5 4 30 48 4 7 4 6 4 111 50 8 32 8 104 29 4 49 4 24 4 38 4 93 41 8 98 23 4 57 4 15 4 34 4 85 21 8 5 5 4 80 27 8 96 5 8 69 20 8 68 55 4 22 4 6 4 33 30 4 5 4 31 57 4 26 4 29 4 40 6 4 29 4 9 7 4 34 4 50 4 69 40 4 46 4 73 5 4 6 4 94 22 16 21 16 67 18 37 5 4 35 4 52 29 4 28 4 25 4 116 25 4 6 4 53 58 16 14 16 0 11 26 9 4 30 4 93 33 16 15 16 47 42 4 49 4 31 4 87 44 4 31 4 24 31 4 29 4 39 4 81 23 4 12 4 35 44 31 4 86 18 11 9 4 7 32 35 4 29 9 16 42 16 39 5 4 24 4 7 4 111 54 5 49 4 5 15 22 4 65 12 4 11 4 36 4 18 22 16 25 16 93 45 4 24 4 91 17 4 36 4 44 4 83 30 4 10 18 39 4 49 41 4 40 4 24 4 25 4 8 13 4 28 4 37 4 45 4 81 24 4 5 4 58 10 51 4 67 9 4 7 4 29 4 42 34 4 40 25 32 4 8 40 4 17 32 52 4 18 20 4 20 4 84 29 26 23 4 33 44 13 4 7 33 4 13 4 13 32 4 15 4 7 4 5 4 53 46 4 13 4 5 4 25 4 63 8 4 5 4 32 29 23 24 4 25 4 46 37 4 22 4 54 4 5 4 50 38 4 7 4 52 4 37 29 4 10 4 5 4 12 33 4 36 4 44 4 13 4 26 8 4 28 4 9 4 26 4 
iteration 1555 best: 0.905471 time: 594969
47 21 8 0 26 8 49 47 8 51 46 4 38 4 46 38 4 6 4 34 25 8 81 25 4 16 4 16 41 12 2 5 8 74 31 8 12 5 8 68 5 12 13 6 4 8 4 31 40 4 47 4 36 4 29 4 41 22 4 9 4 23 4 41 16 8 49 25 8 62 33 4 27 4 31 36 16 52 16 13 42 4 9 4 5 4 5 4 30 48 4 7 4 6 4 111 50 8 32 8 104 29 4 49 4 24 4 38 4 93 41 8 98 23 4 57 4 15 4 34 4 85 21 8 5 5 4 80 27 8 96 5 8 69 20 8 68 55 4 22 4 6 4 33 30 4 5 4 31 57 4 26 4 29 4 40 6 4 29 4 9 7 4 34 4 50 4 69 40 4 46 4 73 5 4 6 4 94 22 16 21 16 67 18 37 5 4 35 4 52 29 4 28 4 25 4 116 25 4 6 4 53 58 16 14 16 0 11 26 9 4 30 4 93 33 16 15 16 47 42 4 49 4 31 4 87 44 4 31 4 24 31 4 29 4 39 4 81 23 4 12 4 35 44 31 4 86 18 11 9 4 7 32 35 4 29 9 16 42 16 39 5 4 24 4 7 4 111 54 5 49 4 5 15 22 4 65 12 4 11 4 36 4 18 22 16 25 16 93 45 4 24 4 91 17 4 36 4 44 4 83 30 4 10 18 39 4 49 41 4 40 4 24 4 25 4 8 13 4 28 4 37 4 45 4 81 24 4 5 4 58 10 51 4 67 9 4 7 4 29 4 42 34 4 40 25 32 4 8 40 4 17 32 52 4 18 20 4 20 4 84 29 26 23 4 33 44 13 4 7 33 4 13 4 13 32 4 15 4 7 4 5 4 53 46 4 13 4 5 4 25 4 63 8 4 5 4 32 29 23 24 4 25 4 46 37 4 22 4 54 4 5 4 50 38 4 7 4 52 4 37 29 4 10 4 5 4 12 33 4 36 4 44 4 13 4 26 8 4 28 4 9 4 26 4 
iteration 1574 best: 0.905471 time: 602205
47 21 8 0 26 8 49 47 8 51 46 4 38 4 46 38 4 6 4 34 25 8 81 25 4 16 4 16 41 12 2 5 8 74 31 8 12 5 8 68 5 12 13 6 4 8 4 31 40 4 47 4 36 4 29 4 41 22 4 9 4 23 4 41 16 8 49 25 8 62 33 4 27 4 31 36 16 52 16 13 42 4 9 4 5 4 5 4 30 48 4 7 4 6 4 111 50 8 32 8 104 29 4 49 4 24 4 38 4 93 41 8 98 23 4 57 4 15 4 34 4 85 21 8 5 5 4 80 27 8 96 5 8 69 20 8 68 55 4 22 4 6 4 33 30 4 5 4 31 57 4 26 4 29 4 40 6 4 29 4 9 7 4 34 4 50 4 69 40 4 46 4 73 5 4 6 4 94 22 16 21 16 67 18 37 5 4 35 4 52 29 4 28 4 25 4 116 25 4 6 4 53 58 16 14 16 0 11 26 9 4 30 4 93 33 16 15 16 47 42 4 49 4 31 4 87 44 4 31 4 24 31 4 29 4 39 4 81 23 4 12 4 35 44 31 4 86 18 11 9 4 7 32 35 4 29 9 16 42 16 39 5 4 24 4 7 4 111 54 5 49 4 5 15 22 4 65 12 4 11 4 36 4 18 22 16 25 16 93 45 4 24 4 91 17 4 36 4 44 4 83 30 4 10 18 39 4 49 41 4 40 4 24 4 25 4 8 13 4 28 4 37 4 45 4 81 24 4 5 4 58 10 51 4 67 9 4 7 4 29 4 42 34 4 40 25 32 4 8 40 4 17 32 52 4 18 20 4 20 4 84 29 26 23 4 33 44 13 4 7 33 4 13 4 13 32 4 15 4 7 4 5 4 53 46 4 13 4 5 4 25 4 63 8 4 5 4 32 29 23 24 4 25 4 46 37 4 22 4 54 4 5 4 50 38 4 7 4 52 4 37 29 4 10 4 5 4 12 33 4 36 4 44 4 13 4 26 8 4 28 4 9 4 26 4 
Best solution: 
47 21 8 0 26 8 49 47 8 51 46 4 38 4 46 38 4 6 4 34 25 8 81 25 4 16 4 16 41 12 2 5 8 74 31 8 12 5 8 68 5 12 13 6 4 8 4 31 40 4 47 4 36 4 29 4 41 22 4 9 4 23 4 41 16 8 49 25 8 62 33 4 27 4 31 36 16 52 16 13 42 4 9 4 5 4 5 4 30 48 4 7 4 6 4 111 50 8 32 8 104 29 4 49 4 24 4 38 4 93 41 8 98 23 4 57 4 15 4 34 4 85 21 8 5 5 4 80 27 8 96 5 8 69 20 8 68 55 4 22 4 6 4 33 30 4 5 4 31 57 4 26 4 29 4 40 6 4 29 4 9 7 4 34 4 50 4 69 40 4 46 4 73 5 4 6 4 94 22 16 21 16 67 18 37 5 4 35 4 52 29 4 28 4 25 4 116 25 4 6 4 53 58 16 14 16 0 11 26 9 4 30 4 93 33 16 15 16 47 42 4 49 4 31 4 87 44 4 31 4 24 31 4 29 4 39 4 81 23 4 12 4 35 44 31 4 86 18 11 9 4 7 32 35 4 29 9 16 42 16 39 5 4 24 4 7 4 111 54 5 49 4 5 15 22 4 65 12 4 11 4 36 4 18 22 16 25 16 93 45 4 24 4 91 17 4 36 4 44 4 83 30 4 10 18 39 4 49 41 4 40 4 24 4 25 4 8 13 4 28 4 37 4 45 4 81 24 4 5 4 58 10 51 4 67 9 4 7 4 29 4 42 34 4 40 25 32 4 8 40 4 17 32 52 4 18 20 4 20 4 84 29 26 23 4 33 44 13 4 7 33 4 13 4 13 32 4 15 4 7 4 5 4 53 46 4 13 4 5 4 25 4 63 8 4 5 4 32 29 23 24 4 25 4 46 37 4 22 4 54 4 5 4 50 38 4 7 4 52 4 37 29 4 10 4 5 4 12 33 4 36 4 44 4 13 4 26 8 4 28 4 9 4 26 4 
Fitness: 0.905471
