iteration 16 best: 0.893771 time: 7453
75 21 8 61 13 8 57 31 8 28 16 4 33 4 37 27 4 41 4 67 48 8 79 34 4 38 4 59 45 12 102 33 8 5 5 8 92 22 8 12 40 12 72 18 4 14 4 28 58 4 12 4 14 4 56 4 42 20 4 23 4 26 4 119 60 8 73 30 8 82 29 4 40 4 22 37 16 26 16 45 47 4 18 4 20 4 32 4 58 45 4 39 4 28 4 46 25 8 37 8 10 5 4 21 4 25 4 34 4 62 39 8 19 5 4 19 4 12 4 21 4 16 17 8 9 36 4 29 21 8 56 47 8 89 5 8 74 36 4 13 4 38 4 38 14 4 42 4 88 5 4 13 4 34 4 93 17 4 33 4 21 30 4 38 4 22 4 68 16 4 49 4 12 29 4 30 4 67 29 16 5 16 27 33 41 16 4 30 4 119 42 4 7 4 17 4 71 52 4 8 4 0 27 16 5 16 87 21 53 21 4 42 4 12 53 16 34 16 95 14 4 12 4 17 4 10 47 4 35 4 3 29 4 38 4 51 4 58 38 4 47 4 54 23 41 4 51 45 25 32 4 56 22 39 4 0 41 16 5 16 38 16 4 14 4 27 4 74 5 18 38 4 15 28 10 4 84 5 4 44 4 5 4 19 51 16 21 16 98 40 4 26 4 16 48 4 18 4 18 4 39 24 4 25 9 12 4 111 26 4 29 4 43 4 5 4 30 29 4 16 4 18 4 19 4 117 43 4 32 4 32 5 44 4 71 12 4 12 4 55 4 7 25 4 10 5 5 4 81 43 4 18 31 9 4 73 36 4 37 4 33 37 5 43 4 22 9 19 4 73 41 4 26 4 58 59 4 18 4 9 4 32 4 42 52 4 21 4 23 4 17 4 35 16 4 5 4 33 36 14 31 4 42 4 47 32 4 23 4 12 4 35 4 72 41 4 41 4 51 4 56 46 4 39 4 16 4 115 13 4 20 4 23 4 32 4 104 51 4 39 4 38 4 13 4 
iteration 35 best: 0.893771 time: 14825
75 21 8 61 13 8 57 31 8 28 16 4 33 4 37 27 4 41 4 67 48 8 79 34 4 38 4 59 45 12 102 33 8 5 5 8 92 22 8 12 40 12 72 18 4 14 4 28 58 4 12 4 14 4 56 4 42 20 4 23 4 26 4 119 60 8 73 30 8 82 29 4 40 4 22 37 16 26 16 45 47 4 18 4 20 4 32 4 58 45 4 39 4 28 4 46 25 8 37 8 10 5 4 21 4 25 4 34 4 62 39 8 19 5 4 19 4 12 4 21 4 16 17 8 9 36 4 29 21 8 56 47 8 89 5 8 74 36 4 13 4 38 4 38 14 4 42 4 88 5 4 13 4 34 4 93 17 4 33 4 21 30 4 38 4 22 4 68 16 4 49 4 12 29 4 30 4 67 29 16 5 16 27 33 41 16 4 30 4 119 42 4 7 4 17 4 71 52 4 8 4 0 27 16 5 16 87 21 53 21 4 42 4 12 53 16 34 16 95 14 4 12 4 17 4 10 47 4 35 4 3 29 4 38 4 51 4 58 38 4 47 4 54 23 41 4 51 45 25 32 4 56 22 39 4 0 41 16 5 16 38 16 4 14 4 27 4 74 5 18 38 4 15 28 10 4 84 5 4 44 4 5 4 19 51 16 21 16 98 40 4 26 4 16 48 4 18 4 18 4 39 24 4 25 9 12 4 111 26 4 29 4 43 4 5 4 30 29 4 16 4 18 4 19 4 117 43 4 32 4 32 5 44 4 71 12 4 12 4 55 4 7 25 4 10 5 5 4 81 43 4 18 31 9 4 73 36 4 37 4 33 37 5 43 4 22 9 19 4 73 41 4 26 4 58 59 4 18 4 9 4 32 4 42 52 4 21 4 23 4 17 4 35 16 4 5 4 33 36 14 31 4 42 4 47 32 4 23 4 12 4 35 4 72 41 4 41 4 51 4 56 46 4 39 4 16 4 115 13 4 20 4 23 4 32 4 104 51 4 39 4 38 4 13 4 
iteration 54 best: 0.893771 time: 22185
75 21 8 61 13 8 57 31 8 28 16 4 33 4 37 27 4 41 4 67 48 8 79 34 4 38 4 59 45 12 102 33 8 5 5 8 92 22 8 12 40 12 72 18 4 14 4 28 58 4 12 4 14 4 56 4 42 20 4 23 4 26 4 119 60 8 73 30 8 82 29 4 40 4 22 37 16 26 16 45 47 4 18 4 20 4 32 4 58 45 4 39 4 28 4 46 25 8 37 8 10 5 4 21 4 25 4 34 4 62 39 8 19 5 4 19 4 12 4 21 4 16 17 8 9 36 4 29 21 8 56 47 8 89 5 8 74 36 4 13 4 38 4 38 14 4 42 4 88 5 4 13 4 34 4 93 17 4 33 4 21 30 4 38 4 22 4 68 16 4 49 4 12 29 4 30 4 67 29 16 5 16 27 33 41 16 4 30 4 119 42 4 7 4 17 4 71 52 4 8 4 0 27 16 5 16 87 21 53 21 4 42 4 12 53 16 34 16 95 14 4 12 4 17 4 10 47 4 35 4 3 29 4 38 4 51 4 58 38 4 47 4 54 23 41 4 51 45 25 32 4 56 22 39 4 0 41 16 5 16 38 16 4 14 4 27 4 74 5 18 38 4 15 28 10 4 84 5 4 44 4 5 4 19 51 16 21 16 98 40 4 26 4 16 48 4 18 4 18 4 39 24 4 25 9 12 4 111 26 4 29 4 43 4 5 4 30 29 4 16 4 18 4 19 4 117 43 4 32 4 32 5 44 4 71 12 4 12 4 55 4 7 25 4 10 5 5 4 81 43 4 18 31 9 4 73 36 4 37 4 33 37 5 43 4 22 9 19 4 73 41 4 26 4 58 59 4 18 4 9 4 32 4 42 52 4 21 4 23 4 17 4 35 16 4 5 4 33 36 14 31 4 42 4 47 32 4 23 4 12 4 35 4 72 41 4 41 4 51 4 56 46 4 39 4 16 4 115 13 4 20 4 23 4 32 4 104 51 4 39 4 38 4 13 4 
iteration 73 best: 0.893771 time: 29581
75 21 8 61 13 8 57 31 8 28 16 4 33 4 37 27 4 41 4 67 48 8 79 34 4 38 4 59 45 12 102 33 8 5 5 8 92 22 8 12 40 12 72 18 4 14 4 28 58 4 12 4 14 4 56 4 42 20 4 23 4 26 4 119 60 8 73 30 8 82 29 4 40 4 22 37 16 26 16 45 47 4 18 4 20 4 32 4 58 45 4 39 4 28 4 46 25 8 37 8 10 5 4 21 4 25 4 34 4 62 39 8 19 5 4 19 4 12 4 21 4 16 17 8 9 36 4 29 21 8 56 47 8 89 5 8 74 36 4 13 4 38 4 38 14 4 42 4 88 5 4 13 4 34 4 93 17 4 33 4 21 30 4 38 4 22 4 68 16 4 49 4 12 29 4 30 4 67 29 16 5 16 27 33 41 16 4 30 4 119 42 4 7 4 17 4 71 52 4 8 4 0 27 16 5 16 87 21 53 21 4 42 4 12 53 16 34 16 95 14 4 12 4 17 4 10 47 4 35 4 3 29 4 38 4 51 4 58 38 4 47 4 54 23 41 4 51 45 25 32 4 56 22 39 4 0 41 16 5 16 38 16 4 14 4 27 4 74 5 18 38 4 15 28 10 4 84 5 4 44 4 5 4 19 51 16 21 16 98 40 4 26 4 16 48 4 18 4 18 4 39 24 4 25 9 12 4 111 26 4 29 4 43 4 5 4 30 29 4 16 4 18 4 19 4 117 43 4 32 4 32 5 44 4 71 12 4 12 4 55 4 7 25 4 10 5 5 4 81 43 4 18 31 9 4 73 36 4 37 4 33 37 5 43 4 22 9 19 4 73 41 4 26 4 58 59 4 18 4 9 4 32 4 42 52 4 21 4 23 4 17 4 35 16 4 5 4 33 36 14 31 4 42 4 47 32 4 23 4 12 4 35 4 72 41 4 41 4 51 4 56 46 4 39 4 16 4 115 13 4 20 4 23 4 32 4 104 51 4 39 4 38 4 13 4 
iteration 92 best: 0.893771 time: 36926
75 21 8 61 13 8 57 31 8 28 16 4 33 4 37 27 4 41 4 67 48 8 79 34 4 38 4 59 45 12 102 33 8 5 5 8 92 22 8 12 40 12 72 18 4 14 4 28 58 4 12 4 14 4 56 4 42 20 4 23 4 26 4 119 60 8 73 30 8 82 29 4 40 4 22 37 16 26 16 45 47 4 18 4 20 4 32 4 58 45 4 39 4 28 4 46 25 8 37 8 10 5 4 21 4 25 4 34 4 62 39 8 19 5 4 19 4 12 4 21 4 16 17 8 9 36 4 29 21 8 56 47 8 89 5 8 74 36 4 13 4 38 4 38 14 4 42 4 88 5 4 13 4 34 4 93 17 4 33 4 21 30 4 38 4 22 4 68 16 4 49 4 12 29 4 30 4 67 29 16 5 16 27 33 41 16 4 30 4 119 42 4 7 4 17 4 71 52 4 8 4 0 27 16 5 16 87 21 53 21 4 42 4 12 53 16 34 16 95 14 4 12 4 17 4 10 47 4 35 4 3 29 4 38 4 51 4 58 38 4 47 4 54 23 41 4 51 45 25 32 4 56 22 39 4 0 41 16 5 16 38 16 4 14 4 27 4 74 5 18 38 4 15 28 10 4 84 5 4 44 4 5 4 19 51 16 21 16 98 40 4 26 4 16 48 4 18 4 18 4 39 24 4 25 9 12 4 111 26 4 29 4 43 4 5 4 30 29 4 16 4 18 4 19 4 117 43 4 32 4 32 5 44 4 71 12 4 12 4 55 4 7 25 4 10 5 5 4 81 43 4 18 31 9 4 73 36 4 37 4 33 37 5 43 4 22 9 19 4 73 41 4 26 4 58 59 4 18 4 9 4 32 4 42 52 4 21 4 23 4 17 4 35 16 4 5 4 33 36 14 31 4 42 4 47 32 4 23 4 12 4 35 4 72 41 4 41 4 51 4 56 46 4 39 4 16 4 115 13 4 20 4 23 4 32 4 104 51 4 39 4 38 4 13 4 
iteration 111 best: 0.893771 time: 44287
75 21 8 61 13 8 57 31 8 28 16 4 33 4 37 27 4 41 4 67 48 8 79 34 4 38 4 59 45 12 102 33 8 5 5 8 92 22 8 12 40 12 72 18 4 14 4 28 58 4 12 4 14 4 56 4 42 20 4 23 4 26 4 119 60 8 73 30 8 82 29 4 40 4 22 37 16 26 16 45 47 4 18 4 20 4 32 4 58 45 4 39 4 28 4 46 25 8 37 8 10 5 4 21 4 25 4 34 4 62 39 8 19 5 4 19 4 12 4 21 4 16 17 8 9 36 4 29 21 8 56 47 8 89 5 8 74 36 4 13 4 38 4 38 14 4 42 4 88 5 4 13 4 34 4 93 17 4 33 4 21 30 4 38 4 22 4 68 16 4 49 4 12 29 4 30 4 67 29 16 5 16 27 33 41 16 4 30 4 119 42 4 7 4 17 4 71 52 4 8 4 0 27 16 5 16 87 21 53 21 4 42 4 12 53 16 34 16 95 14 4 12 4 17 4 10 47 4 35 4 3 29 4 38 4 51 4 58 38 4 47 4 54 23 41 4 51 45 25 32 4 56 22 39 4 0 41 16 5 16 38 16 4 14 4 27 4 74 5 18 38 4 15 28 10 4 84 5 4 44 4 5 4 19 51 16 21 16 98 40 4 26 4 16 48 4 18 4 18 4 39 24 4 25 9 12 4 111 26 4 29 4 43 4 5 4 30 29 4 16 4 18 4 19 4 117 43 4 32 4 32 5 44 4 71 12 4 12 4 55 4 7 25 4 10 5 5 4 81 43 4 18 31 9 4 73 36 4 37 4 33 37 5 43 4 22 9 19 4 73 41 4 26 4 58 59 4 18 4 9 4 32 4 42 52 4 21 4 23 4 17 4 35 16 4 5 4 33 36 14 31 4 42 4 47 32 4 23 4 12 4 35 4 72 41 4 41 4 51 4 56 46 4 39 4 16 4 115 13 4 20 4 23 4 32 4 104 51 4 39 4 38 4 13 4 
iteration 130 best: 0.893771 time: 51650
75 21 8 61 13 8 57 31 8 28 16 4 33 4 37 27 4 41 4 67 48 8 79 34 4 38 4 59 45 12 102 33 8 5 5 8 92 22 8 12 40 12 72 18 4 14 4 28 58 4 12 4 14 4 56 4 42 20 4 23 4 26 4 119 60 8 73 30 8 82 29 4 40 4 22 37 16 26 16 45 47 4 18 4 20 4 32 4 58 45 4 39 4 28 4 46 25 8 37 8 10 5 4 21 4 25 4 34 4 62 39 8 19 5 4 19 4 12 4 21 4 16 17 8 9 36 4 29 21 8 56 47 8 89 5 8 74 36 4 13 4 38 4 38 14 4 42 4 88 5 4 13 4 34 4 93 17 4 33 4 21 30 4 38 4 22 4 68 16 4 49 4 12 29 4 30 4 67 29 16 5 16 27 33 41 16 4 30 4 119 42 4 7 4 17 4 71 52 4 8 4 0 27 16 5 16 87 21 53 21 4 42 4 12 53 16 34 16 95 14 4 12 4 17 4 10 47 4 35 4 3 29 4 38 4 51 4 58 38 4 47 4 54 23 41 4 51 45 25 32 4 56 22 39 4 0 41 16 5 16 38 16 4 14 4 27 4 74 5 18 38 4 15 28 10 4 84 5 4 44 4 5 4 19 51 16 21 16 98 40 4 26 4 16 48 4 18 4 18 4 39 24 4 25 9 12 4 111 26 4 29 4 43 4 5 4 30 29 4 16 4 18 4 19 4 117 43 4 32 4 32 5 44 4 71 12 4 12 4 55 4 7 25 4 10 5 5 4 81 43 4 18 31 9 4 73 36 4 37 4 33 37 5 43 4 22 9 19 4 73 41 4 26 4 58 59 4 18 4 9 4 32 4 42 52 4 21 4 23 4 17 4 35 16 4 5 4 33 36 14 31 4 42 4 47 32 4 23 4 12 4 35 4 72 41 4 41 4 51 4 56 46 4 39 4 16 4 115 13 4 20 4 23 4 32 4 104 51 4 39 4 38 4 13 4 
iteration 149 best: 0.893771 time: 58998
75 21 8 61 13 8 57 31 8 28 16 4 33 4 37 27 4 41 4 67 48 8 79 34 4 38 4 59 45 12 102 33 8 5 5 8 92 22 8 12 40 12 72 18 4 14 4 28 58 4 12 4 14 4 56 4 42 20 4 23 4 26 4 119 60 8 73 30 8 82 29 4 40 4 22 37 16 26 16 45 47 4 18 4 20 4 32 4 58 45 4 39 4 28 4 46 25 8 37 8 10 5 4 21 4 25 4 34 4 62 39 8 19 5 4 19 4 12 4 21 4 16 17 8 9 36 4 29 21 8 56 47 8 89 5 8 74 36 4 13 4 38 4 38 14 4 42 4 88 5 4 13 4 34 4 93 17 4 33 4 21 30 4 38 4 22 4 68 16 4 49 4 12 29 4 30 4 67 29 16 5 16 27 33 41 16 4 30 4 119 42 4 7 4 17 4 71 52 4 8 4 0 27 16 5 16 87 21 53 21 4 42 4 12 53 16 34 16 95 14 4 12 4 17 4 10 47 4 35 4 3 29 4 38 4 51 4 58 38 4 47 4 54 23 41 4 51 45 25 32 4 56 22 39 4 0 41 16 5 16 38 16 4 14 4 27 4 74 5 18 38 4 15 28 10 4 84 5 4 44 4 5 4 19 51 16 21 16 98 40 4 26 4 16 48 4 18 4 18 4 39 24 4 25 9 12 4 111 26 4 29 4 43 4 5 4 30 29 4 16 4 18 4 19 4 117 43 4 32 4 32 5 44 4 71 12 4 12 4 55 4 7 25 4 10 5 5 4 81 43 4 18 31 9 4 73 36 4 37 4 33 37 5 43 4 22 9 19 4 73 41 4 26 4 58 59 4 18 4 9 4 32 4 42 52 4 21 4 23 4 17 4 35 16 4 5 4 33 36 14 31 4 42 4 47 32 4 23 4 12 4 35 4 72 41 4 41 4 51 4 56 46 4 39 4 16 4 115 13 4 20 4 23 4 32 4 104 51 4 39 4 38 4 13 4 
iteration 168 best: 0.893771 time: 66288
75 21 8 61 13 8 57 31 8 28 16 4 33 4 37 27 4 41 4 67 48 8 79 34 4 38 4 59 45 12 102 33 8 5 5 8 92 22 8 12 40 12 72 18 4 14 4 28 58 4 12 4 14 4 56 4 42 20 4 23 4 26 4 119 60 8 73 30 8 82 29 4 40 4 22 37 16 26 16 45 47 4 18 4 20 4 32 4 58 45 4 39 4 28 4 46 25 8 37 8 10 5 4 21 4 25 4 34 4 62 39 8 19 5 4 19 4 12 4 21 4 16 17 8 9 36 4 29 21 8 56 47 8 89 5 8 74 36 4 13 4 38 4 38 14 4 42 4 88 5 4 13 4 34 4 93 17 4 33 4 21 30 4 38 4 22 4 68 16 4 49 4 12 29 4 30 4 67 29 16 5 16 27 33 41 16 4 30 4 119 42 4 7 4 17 4 71 52 4 8 4 0 27 16 5 16 87 21 53 21 4 42 4 12 53 16 34 16 95 14 4 12 4 17 4 10 47 4 35 4 3 29 4 38 4 51 4 58 38 4 47 4 54 23 41 4 51 45 25 32 4 56 22 39 4 0 41 16 5 16 38 16 4 14 4 27 4 74 5 18 38 4 15 28 10 4 84 5 4 44 4 5 4 19 51 16 21 16 98 40 4 26 4 16 48 4 18 4 18 4 39 24 4 25 9 12 4 111 26 4 29 4 43 4 5 4 30 29 4 16 4 18 4 19 4 117 43 4 32 4 32 5 44 4 71 12 4 12 4 55 4 7 25 4 10 5 5 4 81 43 4 18 31 9 4 73 36 4 37 4 33 37 5 43 4 22 9 19 4 73 41 4 26 4 58 59 4 18 4 9 4 32 4 42 52 4 21 4 23 4 17 4 35 16 4 5 4 33 36 14 31 4 42 4 47 32 4 23 4 12 4 35 4 72 41 4 41 4 51 4 56 46 4 39 4 16 4 115 13 4 20 4 23 4 32 4 104 51 4 39 4 38 4 13 4 
iteration 187 best: 0.893771 time: 73632
75 21 8 61 13 8 57 31 8 28 16 4 33 4 37 27 4 41 4 67 48 8 79 34 4 38 4 59 45 12 102 33 8 5 5 8 92 22 8 12 40 12 72 18 4 14 4 28 58 4 12 4 14 4 56 4 42 20 4 23 4 26 4 119 60 8 73 30 8 82 29 4 40 4 22 37 16 26 16 45 47 4 18 4 20 4 32 4 58 45 4 39 4 28 4 46 25 8 37 8 10 5 4 21 4 25 4 34 4 62 39 8 19 5 4 19 4 12 4 21 4 16 17 8 9 36 4 29 21 8 56 47 8 89 5 8 74 36 4 13 4 38 4 38 14 4 42 4 88 5 4 13 4 34 4 93 17 4 33 4 21 30 4 38 4 22 4 68 16 4 49 4 12 29 4 30 4 67 29 16 5 16 27 33 41 16 4 30 4 119 42 4 7 4 17 4 71 52 4 8 4 0 27 16 5 16 87 21 53 21 4 42 4 12 53 16 34 16 95 14 4 12 4 17 4 10 47 4 35 4 3 29 4 38 4 51 4 58 38 4 47 4 54 23 41 4 51 45 25 32 4 56 22 39 4 0 41 16 5 16 38 16 4 14 4 27 4 74 5 18 38 4 15 28 10 4 84 5 4 44 4 5 4 19 51 16 21 16 98 40 4 26 4 16 48 4 18 4 18 4 39 24 4 25 9 12 4 111 26 4 29 4 43 4 5 4 30 29 4 16 4 18 4 19 4 117 43 4 32 4 32 5 44 4 71 12 4 12 4 55 4 7 25 4 10 5 5 4 81 43 4 18 31 9 4 73 36 4 37 4 33 37 5 43 4 22 9 19 4 73 41 4 26 4 58 59 4 18 4 9 4 32 4 42 52 4 21 4 23 4 17 4 35 16 4 5 4 33 36 14 31 4 42 4 47 32 4 23 4 12 4 35 4 72 41 4 41 4 51 4 56 46 4 39 4 16 4 115 13 4 20 4 23 4 32 4 104 51 4 39 4 38 4 13 4 
iteration 206 best: 0.893771 time: 80979
75 21 8 61 13 8 57 31 8 28 16 4 33 4 37 27 4 41 4 67 48 8 79 34 4 38 4 59 45 12 102 33 8 5 5 8 92 22 8 12 40 12 72 18 4 14 4 28 58 4 12 4 14 4 56 4 42 20 4 23 4 26 4 119 60 8 73 30 8 82 29 4 40 4 22 37 16 26 16 45 47 4 18 4 20 4 32 4 58 45 4 39 4 28 4 46 25 8 37 8 10 5 4 21 4 25 4 34 4 62 39 8 19 5 4 19 4 12 4 21 4 16 17 8 9 36 4 29 21 8 56 47 8 89 5 8 74 36 4 13 4 38 4 38 14 4 42 4 88 5 4 13 4 34 4 93 17 4 33 4 21 30 4 38 4 22 4 68 16 4 49 4 12 29 4 30 4 67 29 16 5 16 27 33 41 16 4 30 4 119 42 4 7 4 17 4 71 52 4 8 4 0 27 16 5 16 87 21 53 21 4 42 4 12 53 16 34 16 95 14 4 12 4 17 4 10 47 4 35 4 3 29 4 38 4 51 4 58 38 4 47 4 54 23 41 4 51 45 25 32 4 56 22 39 4 0 41 16 5 16 38 16 4 14 4 27 4 74 5 18 38 4 15 28 10 4 84 5 4 44 4 5 4 19 51 16 21 16 98 40 4 26 4 16 48 4 18 4 18 4 39 24 4 25 9 12 4 111 26 4 29 4 43 4 5 4 30 29 4 16 4 18 4 19 4 117 43 4 32 4 32 5 44 4 71 12 4 12 4 55 4 7 25 4 10 5 5 4 81 43 4 18 31 9 4 73 36 4 37 4 33 37 5 43 4 22 9 19 4 73 41 4 26 4 58 59 4 18 4 9 4 32 4 42 52 4 21 4 23 4 17 4 35 16 4 5 4 33 36 14 31 4 42 4 47 32 4 23 4 12 4 35 4 72 41 4 41 4 51 4 56 46 4 39 4 16 4 115 13 4 20 4 23 4 32 4 104 51 4 39 4 38 4 13 4 
iteration 225 best: 0.893771 time: 88339
75 21 8 61 13 8 57 31 8 28 16 4 33 4 37 27 4 41 4 67 48 8 79 34 4 38 4 59 45 12 102 33 8 5 5 8 92 22 8 12 40 12 72 18 4 14 4 28 58 4 12 4 14 4 56 4 42 20 4 23 4 26 4 119 60 8 73 30 8 82 29 4 40 4 22 37 16 26 16 45 47 4 18 4 20 4 32 4 58 45 4 39 4 28 4 46 25 8 37 8 10 5 4 21 4 25 4 34 4 62 39 8 19 5 4 19 4 12 4 21 4 16 17 8 9 36 4 29 21 8 56 47 8 89 5 8 74 36 4 13 4 38 4 38 14 4 42 4 88 5 4 13 4 34 4 93 17 4 33 4 21 30 4 38 4 22 4 68 16 4 49 4 12 29 4 30 4 67 29 16 5 16 27 33 41 16 4 30 4 119 42 4 7 4 17 4 71 52 4 8 4 0 27 16 5 16 87 21 53 21 4 42 4 12 53 16 34 16 95 14 4 12 4 17 4 10 47 4 35 4 3 29 4 38 4 51 4 58 38 4 47 4 54 23 41 4 51 45 25 32 4 56 22 39 4 0 41 16 5 16 38 16 4 14 4 27 4 74 5 18 38 4 15 28 10 4 84 5 4 44 4 5 4 19 51 16 21 16 98 40 4 26 4 16 48 4 18 4 18 4 39 24 4 25 9 12 4 111 26 4 29 4 43 4 5 4 30 29 4 16 4 18 4 19 4 117 43 4 32 4 32 5 44 4 71 12 4 12 4 55 4 7 25 4 10 5 5 4 81 43 4 18 31 9 4 73 36 4 37 4 33 37 5 43 4 22 9 19 4 73 41 4 26 4 58 59 4 18 4 9 4 32 4 42 52 4 21 4 23 4 17 4 35 16 4 5 4 33 36 14 31 4 42 4 47 32 4 23 4 12 4 35 4 72 41 4 41 4 51 4 56 46 4 39 4 16 4 115 13 4 20 4 23 4 32 4 104 51 4 39 4 38 4 13 4 
iteration 244 best: 0.893771 time: 95683
75 21 8 61 13 8 57 31 8 28 16 4 33 4 37 27 4 41 4 67 48 8 79 34 4 38 4 59 45 12 102 33 8 5 5 8 92 22 8 12 40 12 72 18 4 14 4 28 58 4 12 4 14 4 56 4 42 20 4 23 4 26 4 119 60 8 73 30 8 82 29 4 40 4 22 37 16 26 16 45 47 4 18 4 20 4 32 4 58 45 4 39 4 28 4 46 25 8 37 8 10 5 4 21 4 25 4 34 4 62 39 8 19 5 4 19 4 12 4 21 4 16 17 8 9 36 4 29 21 8 56 47 8 89 5 8 74 36 4 13 4 38 4 38 14 4 42 4 88 5 4 13 4 34 4 93 17 4 33 4 21 30 4 38 4 22 4 68 16 4 49 4 12 29 4 30 4 67 29 16 5 16 27 33 41 16 4 30 4 119 42 4 7 4 17 4 71 52 4 8 4 0 27 16 5 16 87 21 53 21 4 42 4 12 53 16 34 16 95 14 4 12 4 17 4 10 47 4 35 4 3 29 4 38 4 51 4 58 38 4 47 4 54 23 41 4 51 45 25 32 4 56 22 39 4 0 41 16 5 16 38 16 4 14 4 27 4 74 5 18 38 4 15 28 10 4 84 5 4 44 4 5 4 19 51 16 21 16 98 40 4 26 4 16 48 4 18 4 18 4 39 24 4 25 9 12 4 111 26 4 29 4 43 4 5 4 30 29 4 16 4 18 4 19 4 117 43 4 32 4 32 5 44 4 71 12 4 12 4 55 4 7 25 4 10 5 5 4 81 43 4 18 31 9 4 73 36 4 37 4 33 37 5 43 4 22 9 19 4 73 41 4 26 4 58 59 4 18 4 9 4 32 4 42 52 4 21 4 23 4 17 4 35 16 4 5 4 33 36 14 31 4 42 4 47 32 4 23 4 12 4 35 4 72 41 4 41 4 51 4 56 46 4 39 4 16 4 115 13 4 20 4 23 4 32 4 104 51 4 39 4 38 4 13 4 
iteration 263 best: 0.893771 time: 103038
75 21 8 61 13 8 57 31 8 28 16 4 33 4 37 27 4 41 4 67 48 8 79 34 4 38 4 59 45 12 102 33 8 5 5 8 92 22 8 12 40 12 72 18 4 14 4 28 58 4 12 4 14 4 56 4 42 20 4 23 4 26 4 119 60 8 73 30 8 82 29 4 40 4 22 37 16 26 16 45 47 4 18 4 20 4 32 4 58 45 4 39 4 28 4 46 25 8 37 8 10 5 4 21 4 25 4 34 4 62 39 8 19 5 4 19 4 12 4 21 4 16 17 8 9 36 4 29 21 8 56 47 8 89 5 8 74 36 4 13 4 38 4 38 14 4 42 4 88 5 4 13 4 34 4 93 17 4 33 4 21 30 4 38 4 22 4 68 16 4 49 4 12 29 4 30 4 67 29 16 5 16 27 33 41 16 4 30 4 119 42 4 7 4 17 4 71 52 4 8 4 0 27 16 5 16 87 21 53 21 4 42 4 12 53 16 34 16 95 14 4 12 4 17 4 10 47 4 35 4 3 29 4 38 4 51 4 58 38 4 47 4 54 23 41 4 51 45 25 32 4 56 22 39 4 0 41 16 5 16 38 16 4 14 4 27 4 74 5 18 38 4 15 28 10 4 84 5 4 44 4 5 4 19 51 16 21 16 98 40 4 26 4 16 48 4 18 4 18 4 39 24 4 25 9 12 4 111 26 4 29 4 43 4 5 4 30 29 4 16 4 18 4 19 4 117 43 4 32 4 32 5 44 4 71 12 4 12 4 55 4 7 25 4 10 5 5 4 81 43 4 18 31 9 4 73 36 4 37 4 33 37 5 43 4 22 9 19 4 73 41 4 26 4 58 59 4 18 4 9 4 32 4 42 52 4 21 4 23 4 17 4 35 16 4 5 4 33 36 14 31 4 42 4 47 32 4 23 4 12 4 35 4 72 41 4 41 4 51 4 56 46 4 39 4 16 4 115 13 4 20 4 23 4 32 4 104 51 4 39 4 38 4 13 4 
iteration 282 best: 0.893771 time: 110409
75 21 8 61 13 8 57 31 8 28 16 4 33 4 37 27 4 41 4 67 48 8 79 34 4 38 4 59 45 12 102 33 8 5 5 8 92 22 8 12 40 12 72 18 4 14 4 28 58 4 12 4 14 4 56 4 42 20 4 23 4 26 4 119 60 8 73 30 8 82 29 4 40 4 22 37 16 26 16 45 47 4 18 4 20 4 32 4 58 45 4 39 4 28 4 46 25 8 37 8 10 5 4 21 4 25 4 34 4 62 39 8 19 5 4 19 4 12 4 21 4 16 17 8 9 36 4 29 21 8 56 47 8 89 5 8 74 36 4 13 4 38 4 38 14 4 42 4 88 5 4 13 4 34 4 93 17 4 33 4 21 30 4 38 4 22 4 68 16 4 49 4 12 29 4 30 4 67 29 16 5 16 27 33 41 16 4 30 4 119 42 4 7 4 17 4 71 52 4 8 4 0 27 16 5 16 87 21 53 21 4 42 4 12 53 16 34 16 95 14 4 12 4 17 4 10 47 4 35 4 3 29 4 38 4 51 4 58 38 4 47 4 54 23 41 4 51 45 25 32 4 56 22 39 4 0 41 16 5 16 38 16 4 14 4 27 4 74 5 18 38 4 15 28 10 4 84 5 4 44 4 5 4 19 51 16 21 16 98 40 4 26 4 16 48 4 18 4 18 4 39 24 4 25 9 12 4 111 26 4 29 4 43 4 5 4 30 29 4 16 4 18 4 19 4 117 43 4 32 4 32 5 44 4 71 12 4 12 4 55 4 7 25 4 10 5 5 4 81 43 4 18 31 9 4 73 36 4 37 4 33 37 5 43 4 22 9 19 4 73 41 4 26 4 58 59 4 18 4 9 4 32 4 42 52 4 21 4 23 4 17 4 35 16 4 5 4 33 36 14 31 4 42 4 47 32 4 23 4 12 4 35 4 72 41 4 41 4 51 4 56 46 4 39 4 16 4 115 13 4 20 4 23 4 32 4 104 51 4 39 4 38 4 13 4 
iteration 301 best: 0.893771 time: 117736
75 21 8 61 13 8 57 31 8 28 16 4 33 4 37 27 4 41 4 67 48 8 79 34 4 38 4 59 45 12 102 33 8 5 5 8 92 22 8 12 40 12 72 18 4 14 4 28 58 4 12 4 14 4 56 4 42 20 4 23 4 26 4 119 60 8 73 30 8 82 29 4 40 4 22 37 16 26 16 45 47 4 18 4 20 4 32 4 58 45 4 39 4 28 4 46 25 8 37 8 10 5 4 21 4 25 4 34 4 62 39 8 19 5 4 19 4 12 4 21 4 16 17 8 9 36 4 29 21 8 56 47 8 89 5 8 74 36 4 13 4 38 4 38 14 4 42 4 88 5 4 13 4 34 4 93 17 4 33 4 21 30 4 38 4 22 4 68 16 4 49 4 12 29 4 30 4 67 29 16 5 16 27 33 41 16 4 30 4 119 42 4 7 4 17 4 71 52 4 8 4 0 27 16 5 16 87 21 53 21 4 42 4 12 53 16 34 16 95 14 4 12 4 17 4 10 47 4 35 4 3 29 4 38 4 51 4 58 38 4 47 4 54 23 41 4 51 45 25 32 4 56 22 39 4 0 41 16 5 16 38 16 4 14 4 27 4 74 5 18 38 4 15 28 10 4 84 5 4 44 4 5 4 19 51 16 21 16 98 40 4 26 4 16 48 4 18 4 18 4 39 24 4 25 9 12 4 111 26 4 29 4 43 4 5 4 30 29 4 16 4 18 4 19 4 117 43 4 32 4 32 5 44 4 71 12 4 12 4 55 4 7 25 4 10 5 5 4 81 43 4 18 31 9 4 73 36 4 37 4 33 37 5 43 4 22 9 19 4 73 41 4 26 4 58 59 4 18 4 9 4 32 4 42 52 4 21 4 23 4 17 4 35 16 4 5 4 33 36 14 31 4 42 4 47 32 4 23 4 12 4 35 4 72 41 4 41 4 51 4 56 46 4 39 4 16 4 115 13 4 20 4 23 4 32 4 104 51 4 39 4 38 4 13 4 
iteration 320 best: 0.893771 time: 125069
75 21 8 61 13 8 57 31 8 28 16 4 33 4 37 27 4 41 4 67 48 8 79 34 4 38 4 59 45 12 102 33 8 5 5 8 92 22 8 12 40 12 72 18 4 14 4 28 58 4 12 4 14 4 56 4 42 20 4 23 4 26 4 119 60 8 73 30 8 82 29 4 40 4 22 37 16 26 16 45 47 4 18 4 20 4 32 4 58 45 4 39 4 28 4 46 25 8 37 8 10 5 4 21 4 25 4 34 4 62 39 8 19 5 4 19 4 12 4 21 4 16 17 8 9 36 4 29 21 8 56 47 8 89 5 8 74 36 4 13 4 38 4 38 14 4 42 4 88 5 4 13 4 34 4 93 17 4 33 4 21 30 4 38 4 22 4 68 16 4 49 4 12 29 4 30 4 67 29 16 5 16 27 33 41 16 4 30 4 119 42 4 7 4 17 4 71 52 4 8 4 0 27 16 5 16 87 21 53 21 4 42 4 12 53 16 34 16 95 14 4 12 4 17 4 10 47 4 35 4 3 29 4 38 4 51 4 58 38 4 47 4 54 23 41 4 51 45 25 32 4 56 22 39 4 0 41 16 5 16 38 16 4 14 4 27 4 74 5 18 38 4 15 28 10 4 84 5 4 44 4 5 4 19 51 16 21 16 98 40 4 26 4 16 48 4 18 4 18 4 39 24 4 25 9 12 4 111 26 4 29 4 43 4 5 4 30 29 4 16 4 18 4 19 4 117 43 4 32 4 32 5 44 4 71 12 4 12 4 55 4 7 25 4 10 5 5 4 81 43 4 18 31 9 4 73 36 4 37 4 33 37 5 43 4 22 9 19 4 73 41 4 26 4 58 59 4 18 4 9 4 32 4 42 52 4 21 4 23 4 17 4 35 16 4 5 4 33 36 14 31 4 42 4 47 32 4 23 4 12 4 35 4 72 41 4 41 4 51 4 56 46 4 39 4 16 4 115 13 4 20 4 23 4 32 4 104 51 4 39 4 38 4 13 4 
iteration 339 best: 0.893771 time: 132386
75 21 8 61 13 8 57 31 8 28 16 4 33 4 37 27 4 41 4 67 48 8 79 34 4 38 4 59 45 12 102 33 8 5 5 8 92 22 8 12 40 12 72 18 4 14 4 28 58 4 12 4 14 4 56 4 42 20 4 23 4 26 4 119 60 8 73 30 8 82 29 4 40 4 22 37 16 26 16 45 47 4 18 4 20 4 32 4 58 45 4 39 4 28 4 46 25 8 37 8 10 5 4 21 4 25 4 34 4 62 39 8 19 5 4 19 4 12 4 21 4 16 17 8 9 36 4 29 21 8 56 47 8 89 5 8 74 36 4 13 4 38 4 38 14 4 42 4 88 5 4 13 4 34 4 93 17 4 33 4 21 30 4 38 4 22 4 68 16 4 49 4 12 29 4 30 4 67 29 16 5 16 27 33 41 16 4 30 4 119 42 4 7 4 17 4 71 52 4 8 4 0 27 16 5 16 87 21 53 21 4 42 4 12 53 16 34 16 95 14 4 12 4 17 4 10 47 4 35 4 3 29 4 38 4 51 4 58 38 4 47 4 54 23 41 4 51 45 25 32 4 56 22 39 4 0 41 16 5 16 38 16 4 14 4 27 4 74 5 18 38 4 15 28 10 4 84 5 4 44 4 5 4 19 51 16 21 16 98 40 4 26 4 16 48 4 18 4 18 4 39 24 4 25 9 12 4 111 26 4 29 4 43 4 5 4 30 29 4 16 4 18 4 19 4 117 43 4 32 4 32 5 44 4 71 12 4 12 4 55 4 7 25 4 10 5 5 4 81 43 4 18 31 9 4 73 36 4 37 4 33 37 5 43 4 22 9 19 4 73 41 4 26 4 58 59 4 18 4 9 4 32 4 42 52 4 21 4 23 4 17 4 35 16 4 5 4 33 36 14 31 4 42 4 47 32 4 23 4 12 4 35 4 72 41 4 41 4 51 4 56 46 4 39 4 16 4 115 13 4 20 4 23 4 32 4 104 51 4 39 4 38 4 13 4 
iteration 358 best: 0.893771 time: 139724
75 21 8 61 13 8 57 31 8 28 16 4 33 4 37 27 4 41 4 67 48 8 79 34 4 38 4 59 45 12 102 33 8 5 5 8 92 22 8 12 40 12 72 18 4 14 4 28 58 4 12 4 14 4 56 4 42 20 4 23 4 26 4 119 60 8 73 30 8 82 29 4 40 4 22 37 16 26 16 45 47 4 18 4 20 4 32 4 58 45 4 39 4 28 4 46 25 8 37 8 10 5 4 21 4 25 4 34 4 62 39 8 19 5 4 19 4 12 4 21 4 16 17 8 9 36 4 29 21 8 56 47 8 89 5 8 74 36 4 13 4 38 4 38 14 4 42 4 88 5 4 13 4 34 4 93 17 4 33 4 21 30 4 38 4 22 4 68 16 4 49 4 12 29 4 30 4 67 29 16 5 16 27 33 41 16 4 30 4 119 42 4 7 4 17 4 71 52 4 8 4 0 27 16 5 16 87 21 53 21 4 42 4 12 53 16 34 16 95 14 4 12 4 17 4 10 47 4 35 4 3 29 4 38 4 51 4 58 38 4 47 4 54 23 41 4 51 45 25 32 4 56 22 39 4 0 41 16 5 16 38 16 4 14 4 27 4 74 5 18 38 4 15 28 10 4 84 5 4 44 4 5 4 19 51 16 21 16 98 40 4 26 4 16 48 4 18 4 18 4 39 24 4 25 9 12 4 111 26 4 29 4 43 4 5 4 30 29 4 16 4 18 4 19 4 117 43 4 32 4 32 5 44 4 71 12 4 12 4 55 4 7 25 4 10 5 5 4 81 43 4 18 31 9 4 73 36 4 37 4 33 37 5 43 4 22 9 19 4 73 41 4 26 4 58 59 4 18 4 9 4 32 4 42 52 4 21 4 23 4 17 4 35 16 4 5 4 33 36 14 31 4 42 4 47 32 4 23 4 12 4 35 4 72 41 4 41 4 51 4 56 46 4 39 4 16 4 115 13 4 20 4 23 4 32 4 104 51 4 39 4 38 4 13 4 
iteration 377 best: 0.893771 time: 147078
75 21 8 61 13 8 57 31 8 28 16 4 33 4 37 27 4 41 4 67 48 8 79 34 4 38 4 59 45 12 102 33 8 5 5 8 92 22 8 12 40 12 72 18 4 14 4 28 58 4 12 4 14 4 56 4 42 20 4 23 4 26 4 119 60 8 73 30 8 82 29 4 40 4 22 37 16 26 16 45 47 4 18 4 20 4 32 4 58 45 4 39 4 28 4 46 25 8 37 8 10 5 4 21 4 25 4 34 4 62 39 8 19 5 4 19 4 12 4 21 4 16 17 8 9 36 4 29 21 8 56 47 8 89 5 8 74 36 4 13 4 38 4 38 14 4 42 4 88 5 4 13 4 34 4 93 17 4 33 4 21 30 4 38 4 22 4 68 16 4 49 4 12 29 4 30 4 67 29 16 5 16 27 33 41 16 4 30 4 119 42 4 7 4 17 4 71 52 4 8 4 0 27 16 5 16 87 21 53 21 4 42 4 12 53 16 34 16 95 14 4 12 4 17 4 10 47 4 35 4 3 29 4 38 4 51 4 58 38 4 47 4 54 23 41 4 51 45 25 32 4 56 22 39 4 0 41 16 5 16 38 16 4 14 4 27 4 74 5 18 38 4 15 28 10 4 84 5 4 44 4 5 4 19 51 16 21 16 98 40 4 26 4 16 48 4 18 4 18 4 39 24 4 25 9 12 4 111 26 4 29 4 43 4 5 4 30 29 4 16 4 18 4 19 4 117 43 4 32 4 32 5 44 4 71 12 4 12 4 55 4 7 25 4 10 5 5 4 81 43 4 18 31 9 4 73 36 4 37 4 33 37 5 43 4 22 9 19 4 73 41 4 26 4 58 59 4 18 4 9 4 32 4 42 52 4 21 4 23 4 17 4 35 16 4 5 4 33 36 14 31 4 42 4 47 32 4 23 4 12 4 35 4 72 41 4 41 4 51 4 56 46 4 39 4 16 4 115 13 4 20 4 23 4 32 4 104 51 4 39 4 38 4 13 4 
iteration 396 best: 0.893771 time: 154448
75 21 8 61 13 8 57 31 8 28 16 4 33 4 37 27 4 41 4 67 48 8 79 34 4 38 4 59 45 12 102 33 8 5 5 8 92 22 8 12 40 12 72 18 4 14 4 28 58 4 12 4 14 4 56 4 42 20 4 23 4 26 4 119 60 8 73 30 8 82 29 4 40 4 22 37 16 26 16 45 47 4 18 4 20 4 32 4 58 45 4 39 4 28 4 46 25 8 37 8 10 5 4 21 4 25 4 34 4 62 39 8 19 5 4 19 4 12 4 21 4 16 17 8 9 36 4 29 21 8 56 47 8 89 5 8 74 36 4 13 4 38 4 38 14 4 42 4 88 5 4 13 4 34 4 93 17 4 33 4 21 30 4 38 4 22 4 68 16 4 49 4 12 29 4 30 4 67 29 16 5 16 27 33 41 16 4 30 4 119 42 4 7 4 17 4 71 52 4 8 4 0 27 16 5 16 87 21 53 21 4 42 4 12 53 16 34 16 95 14 4 12 4 17 4 10 47 4 35 4 3 29 4 38 4 51 4 58 38 4 47 4 54 23 41 4 51 45 25 32 4 56 22 39 4 0 41 16 5 16 38 16 4 14 4 27 4 74 5 18 38 4 15 28 10 4 84 5 4 44 4 5 4 19 51 16 21 16 98 40 4 26 4 16 48 4 18 4 18 4 39 24 4 25 9 12 4 111 26 4 29 4 43 4 5 4 30 29 4 16 4 18 4 19 4 117 43 4 32 4 32 5 44 4 71 12 4 12 4 55 4 7 25 4 10 5 5 4 81 43 4 18 31 9 4 73 36 4 37 4 33 37 5 43 4 22 9 19 4 73 41 4 26 4 58 59 4 18 4 9 4 32 4 42 52 4 21 4 23 4 17 4 35 16 4 5 4 33 36 14 31 4 42 4 47 32 4 23 4 12 4 35 4 72 41 4 41 4 51 4 56 46 4 39 4 16 4 115 13 4 20 4 23 4 32 4 104 51 4 39 4 38 4 13 4 
iteration 415 best: 0.893771 time: 161761
75 21 8 61 13 8 57 31 8 28 16 4 33 4 37 27 4 41 4 67 48 8 79 34 4 38 4 59 45 12 102 33 8 5 5 8 92 22 8 12 40 12 72 18 4 14 4 28 58 4 12 4 14 4 56 4 42 20 4 23 4 26 4 119 60 8 73 30 8 82 29 4 40 4 22 37 16 26 16 45 47 4 18 4 20 4 32 4 58 45 4 39 4 28 4 46 25 8 37 8 10 5 4 21 4 25 4 34 4 62 39 8 19 5 4 19 4 12 4 21 4 16 17 8 9 36 4 29 21 8 56 47 8 89 5 8 74 36 4 13 4 38 4 38 14 4 42 4 88 5 4 13 4 34 4 93 17 4 33 4 21 30 4 38 4 22 4 68 16 4 49 4 12 29 4 30 4 67 29 16 5 16 27 33 41 16 4 30 4 119 42 4 7 4 17 4 71 52 4 8 4 0 27 16 5 16 87 21 53 21 4 42 4 12 53 16 34 16 95 14 4 12 4 17 4 10 47 4 35 4 3 29 4 38 4 51 4 58 38 4 47 4 54 23 41 4 51 45 25 32 4 56 22 39 4 0 41 16 5 16 38 16 4 14 4 27 4 74 5 18 38 4 15 28 10 4 84 5 4 44 4 5 4 19 51 16 21 16 98 40 4 26 4 16 48 4 18 4 18 4 39 24 4 25 9 12 4 111 26 4 29 4 43 4 5 4 30 29 4 16 4 18 4 19 4 117 43 4 32 4 32 5 44 4 71 12 4 12 4 55 4 7 25 4 10 5 5 4 81 43 4 18 31 9 4 73 36 4 37 4 33 37 5 43 4 22 9 19 4 73 41 4 26 4 58 59 4 18 4 9 4 32 4 42 52 4 21 4 23 4 17 4 35 16 4 5 4 33 36 14 31 4 42 4 47 32 4 23 4 12 4 35 4 72 41 4 41 4 51 4 56 46 4 39 4 16 4 115 13 4 20 4 23 4 32 4 104 51 4 39 4 38 4 13 4 
iteration 434 best: 0.893771 time: 169121
75 21 8 61 13 8 57 31 8 28 16 4 33 4 37 27 4 41 4 67 48 8 79 34 4 38 4 59 45 12 102 33 8 5 5 8 92 22 8 12 40 12 72 18 4 14 4 28 58 4 12 4 14 4 56 4 42 20 4 23 4 26 4 119 60 8 73 30 8 82 29 4 40 4 22 37 16 26 16 45 47 4 18 4 20 4 32 4 58 45 4 39 4 28 4 46 25 8 37 8 10 5 4 21 4 25 4 34 4 62 39 8 19 5 4 19 4 12 4 21 4 16 17 8 9 36 4 29 21 8 56 47 8 89 5 8 74 36 4 13 4 38 4 38 14 4 42 4 88 5 4 13 4 34 4 93 17 4 33 4 21 30 4 38 4 22 4 68 16 4 49 4 12 29 4 30 4 67 29 16 5 16 27 33 41 16 4 30 4 119 42 4 7 4 17 4 71 52 4 8 4 0 27 16 5 16 87 21 53 21 4 42 4 12 53 16 34 16 95 14 4 12 4 17 4 10 47 4 35 4 3 29 4 38 4 51 4 58 38 4 47 4 54 23 41 4 51 45 25 32 4 56 22 39 4 0 41 16 5 16 38 16 4 14 4 27 4 74 5 18 38 4 15 28 10 4 84 5 4 44 4 5 4 19 51 16 21 16 98 40 4 26 4 16 48 4 18 4 18 4 39 24 4 25 9 12 4 111 26 4 29 4 43 4 5 4 30 29 4 16 4 18 4 19 4 117 43 4 32 4 32 5 44 4 71 12 4 12 4 55 4 7 25 4 10 5 5 4 81 43 4 18 31 9 4 73 36 4 37 4 33 37 5 43 4 22 9 19 4 73 41 4 26 4 58 59 4 18 4 9 4 32 4 42 52 4 21 4 23 4 17 4 35 16 4 5 4 33 36 14 31 4 42 4 47 32 4 23 4 12 4 35 4 72 41 4 41 4 51 4 56 46 4 39 4 16 4 115 13 4 20 4 23 4 32 4 104 51 4 39 4 38 4 13 4 
iteration 453 best: 0.893771 time: 176467
75 21 8 61 13 8 57 31 8 28 16 4 33 4 37 27 4 41 4 67 48 8 79 34 4 38 4 59 45 12 102 33 8 5 5 8 92 22 8 12 40 12 72 18 4 14 4 28 58 4 12 4 14 4 56 4 42 20 4 23 4 26 4 119 60 8 73 30 8 82 29 4 40 4 22 37 16 26 16 45 47 4 18 4 20 4 32 4 58 45 4 39 4 28 4 46 25 8 37 8 10 5 4 21 4 25 4 34 4 62 39 8 19 5 4 19 4 12 4 21 4 16 17 8 9 36 4 29 21 8 56 47 8 89 5 8 74 36 4 13 4 38 4 38 14 4 42 4 88 5 4 13 4 34 4 93 17 4 33 4 21 30 4 38 4 22 4 68 16 4 49 4 12 29 4 30 4 67 29 16 5 16 27 33 41 16 4 30 4 119 42 4 7 4 17 4 71 52 4 8 4 0 27 16 5 16 87 21 53 21 4 42 4 12 53 16 34 16 95 14 4 12 4 17 4 10 47 4 35 4 3 29 4 38 4 51 4 58 38 4 47 4 54 23 41 4 51 45 25 32 4 56 22 39 4 0 41 16 5 16 38 16 4 14 4 27 4 74 5 18 38 4 15 28 10 4 84 5 4 44 4 5 4 19 51 16 21 16 98 40 4 26 4 16 48 4 18 4 18 4 39 24 4 25 9 12 4 111 26 4 29 4 43 4 5 4 30 29 4 16 4 18 4 19 4 117 43 4 32 4 32 5 44 4 71 12 4 12 4 55 4 7 25 4 10 5 5 4 81 43 4 18 31 9 4 73 36 4 37 4 33 37 5 43 4 22 9 19 4 73 41 4 26 4 58 59 4 18 4 9 4 32 4 42 52 4 21 4 23 4 17 4 35 16 4 5 4 33 36 14 31 4 42 4 47 32 4 23 4 12 4 35 4 72 41 4 41 4 51 4 56 46 4 39 4 16 4 115 13 4 20 4 23 4 32 4 104 51 4 39 4 38 4 13 4 
iteration 472 best: 0.893771 time: 183819
75 21 8 61 13 8 57 31 8 28 16 4 33 4 37 27 4 41 4 67 48 8 79 34 4 38 4 59 45 12 102 33 8 5 5 8 92 22 8 12 40 12 72 18 4 14 4 28 58 4 12 4 14 4 56 4 42 20 4 23 4 26 4 119 60 8 73 30 8 82 29 4 40 4 22 37 16 26 16 45 47 4 18 4 20 4 32 4 58 45 4 39 4 28 4 46 25 8 37 8 10 5 4 21 4 25 4 34 4 62 39 8 19 5 4 19 4 12 4 21 4 16 17 8 9 36 4 29 21 8 56 47 8 89 5 8 74 36 4 13 4 38 4 38 14 4 42 4 88 5 4 13 4 34 4 93 17 4 33 4 21 30 4 38 4 22 4 68 16 4 49 4 12 29 4 30 4 67 29 16 5 16 27 33 41 16 4 30 4 119 42 4 7 4 17 4 71 52 4 8 4 0 27 16 5 16 87 21 53 21 4 42 4 12 53 16 34 16 95 14 4 12 4 17 4 10 47 4 35 4 3 29 4 38 4 51 4 58 38 4 47 4 54 23 41 4 51 45 25 32 4 56 22 39 4 0 41 16 5 16 38 16 4 14 4 27 4 74 5 18 38 4 15 28 10 4 84 5 4 44 4 5 4 19 51 16 21 16 98 40 4 26 4 16 48 4 18 4 18 4 39 24 4 25 9 12 4 111 26 4 29 4 43 4 5 4 30 29 4 16 4 18 4 19 4 117 43 4 32 4 32 5 44 4 71 12 4 12 4 55 4 7 25 4 10 5 5 4 81 43 4 18 31 9 4 73 36 4 37 4 33 37 5 43 4 22 9 19 4 73 41 4 26 4 58 59 4 18 4 9 4 32 4 42 52 4 21 4 23 4 17 4 35 16 4 5 4 33 36 14 31 4 42 4 47 32 4 23 4 12 4 35 4 72 41 4 41 4 51 4 56 46 4 39 4 16 4 115 13 4 20 4 23 4 32 4 104 51 4 39 4 38 4 13 4 
iteration 491 best: 0.893771 time: 191167
75 21 8 61 13 8 57 31 8 28 16 4 33 4 37 27 4 41 4 67 48 8 79 34 4 38 4 59 45 12 102 33 8 5 5 8 92 22 8 12 40 12 72 18 4 14 4 28 58 4 12 4 14 4 56 4 42 20 4 23 4 26 4 119 60 8 73 30 8 82 29 4 40 4 22 37 16 26 16 45 47 4 18 4 20 4 32 4 58 45 4 39 4 28 4 46 25 8 37 8 10 5 4 21 4 25 4 34 4 62 39 8 19 5 4 19 4 12 4 21 4 16 17 8 9 36 4 29 21 8 56 47 8 89 5 8 74 36 4 13 4 38 4 38 14 4 42 4 88 5 4 13 4 34 4 93 17 4 33 4 21 30 4 38 4 22 4 68 16 4 49 4 12 29 4 30 4 67 29 16 5 16 27 33 41 16 4 30 4 119 42 4 7 4 17 4 71 52 4 8 4 0 27 16 5 16 87 21 53 21 4 42 4 12 53 16 34 16 95 14 4 12 4 17 4 10 47 4 35 4 3 29 4 38 4 51 4 58 38 4 47 4 54 23 41 4 51 45 25 32 4 56 22 39 4 0 41 16 5 16 38 16 4 14 4 27 4 74 5 18 38 4 15 28 10 4 84 5 4 44 4 5 4 19 51 16 21 16 98 40 4 26 4 16 48 4 18 4 18 4 39 24 4 25 9 12 4 111 26 4 29 4 43 4 5 4 30 29 4 16 4 18 4 19 4 117 43 4 32 4 32 5 44 4 71 12 4 12 4 55 4 7 25 4 10 5 5 4 81 43 4 18 31 9 4 73 36 4 37 4 33 37 5 43 4 22 9 19 4 73 41 4 26 4 58 59 4 18 4 9 4 32 4 42 52 4 21 4 23 4 17 4 35 16 4 5 4 33 36 14 31 4 42 4 47 32 4 23 4 12 4 35 4 72 41 4 41 4 51 4 56 46 4 39 4 16 4 115 13 4 20 4 23 4 32 4 104 51 4 39 4 38 4 13 4 
iteration 510 best: 0.893771 time: 198518
75 21 8 61 13 8 57 31 8 28 16 4 33 4 37 27 4 41 4 67 48 8 79 34 4 38 4 59 45 12 102 33 8 5 5 8 92 22 8 12 40 12 72 18 4 14 4 28 58 4 12 4 14 4 56 4 42 20 4 23 4 26 4 119 60 8 73 30 8 82 29 4 40 4 22 37 16 26 16 45 47 4 18 4 20 4 32 4 58 45 4 39 4 28 4 46 25 8 37 8 10 5 4 21 4 25 4 34 4 62 39 8 19 5 4 19 4 12 4 21 4 16 17 8 9 36 4 29 21 8 56 47 8 89 5 8 74 36 4 13 4 38 4 38 14 4 42 4 88 5 4 13 4 34 4 93 17 4 33 4 21 30 4 38 4 22 4 68 16 4 49 4 12 29 4 30 4 67 29 16 5 16 27 33 41 16 4 30 4 119 42 4 7 4 17 4 71 52 4 8 4 0 27 16 5 16 87 21 53 21 4 42 4 12 53 16 34 16 95 14 4 12 4 17 4 10 47 4 35 4 3 29 4 38 4 51 4 58 38 4 47 4 54 23 41 4 51 45 25 32 4 56 22 39 4 0 41 16 5 16 38 16 4 14 4 27 4 74 5 18 38 4 15 28 10 4 84 5 4 44 4 5 4 19 51 16 21 16 98 40 4 26 4 16 48 4 18 4 18 4 39 24 4 25 9 12 4 111 26 4 29 4 43 4 5 4 30 29 4 16 4 18 4 19 4 117 43 4 32 4 32 5 44 4 71 12 4 12 4 55 4 7 25 4 10 5 5 4 81 43 4 18 31 9 4 73 36 4 37 4 33 37 5 43 4 22 9 19 4 73 41 4 26 4 58 59 4 18 4 9 4 32 4 42 52 4 21 4 23 4 17 4 35 16 4 5 4 33 36 14 31 4 42 4 47 32 4 23 4 12 4 35 4 72 41 4 41 4 51 4 56 46 4 39 4 16 4 115 13 4 20 4 23 4 32 4 104 51 4 39 4 38 4 13 4 
iteration 529 best: 0.893771 time: 205849
75 21 8 61 13 8 57 31 8 28 16 4 33 4 37 27 4 41 4 67 48 8 79 34 4 38 4 59 45 12 102 33 8 5 5 8 92 22 8 12 40 12 72 18 4 14 4 28 58 4 12 4 14 4 56 4 42 20 4 23 4 26 4 119 60 8 73 30 8 82 29 4 40 4 22 37 16 26 16 45 47 4 18 4 20 4 32 4 58 45 4 39 4 28 4 46 25 8 37 8 10 5 4 21 4 25 4 34 4 62 39 8 19 5 4 19 4 12 4 21 4 16 17 8 9 36 4 29 21 8 56 47 8 89 5 8 74 36 4 13 4 38 4 38 14 4 42 4 88 5 4 13 4 34 4 93 17 4 33 4 21 30 4 38 4 22 4 68 16 4 49 4 12 29 4 30 4 67 29 16 5 16 27 33 41 16 4 30 4 119 42 4 7 4 17 4 71 52 4 8 4 0 27 16 5 16 87 21 53 21 4 42 4 12 53 16 34 16 95 14 4 12 4 17 4 10 47 4 35 4 3 29 4 38 4 51 4 58 38 4 47 4 54 23 41 4 51 45 25 32 4 56 22 39 4 0 41 16 5 16 38 16 4 14 4 27 4 74 5 18 38 4 15 28 10 4 84 5 4 44 4 5 4 19 51 16 21 16 98 40 4 26 4 16 48 4 18 4 18 4 39 24 4 25 9 12 4 111 26 4 29 4 43 4 5 4 30 29 4 16 4 18 4 19 4 117 43 4 32 4 32 5 44 4 71 12 4 12 4 55 4 7 25 4 10 5 5 4 81 43 4 18 31 9 4 73 36 4 37 4 33 37 5 43 4 22 9 19 4 73 41 4 26 4 58 59 4 18 4 9 4 32 4 42 52 4 21 4 23 4 17 4 35 16 4 5 4 33 36 14 31 4 42 4 47 32 4 23 4 12 4 35 4 72 41 4 41 4 51 4 56 46 4 39 4 16 4 115 13 4 20 4 23 4 32 4 104 51 4 39 4 38 4 13 4 
iteration 548 best: 0.893771 time: 213211
75 21 8 61 13 8 57 31 8 28 16 4 33 4 37 27 4 41 4 67 48 8 79 34 4 38 4 59 45 12 102 33 8 5 5 8 92 22 8 12 40 12 72 18 4 14 4 28 58 4 12 4 14 4 56 4 42 20 4 23 4 26 4 119 60 8 73 30 8 82 29 4 40 4 22 37 16 26 16 45 47 4 18 4 20 4 32 4 58 45 4 39 4 28 4 46 25 8 37 8 10 5 4 21 4 25 4 34 4 62 39 8 19 5 4 19 4 12 4 21 4 16 17 8 9 36 4 29 21 8 56 47 8 89 5 8 74 36 4 13 4 38 4 38 14 4 42 4 88 5 4 13 4 34 4 93 17 4 33 4 21 30 4 38 4 22 4 68 16 4 49 4 12 29 4 30 4 67 29 16 5 16 27 33 41 16 4 30 4 119 42 4 7 4 17 4 71 52 4 8 4 0 27 16 5 16 87 21 53 21 4 42 4 12 53 16 34 16 95 14 4 12 4 17 4 10 47 4 35 4 3 29 4 38 4 51 4 58 38 4 47 4 54 23 41 4 51 45 25 32 4 56 22 39 4 0 41 16 5 16 38 16 4 14 4 27 4 74 5 18 38 4 15 28 10 4 84 5 4 44 4 5 4 19 51 16 21 16 98 40 4 26 4 16 48 4 18 4 18 4 39 24 4 25 9 12 4 111 26 4 29 4 43 4 5 4 30 29 4 16 4 18 4 19 4 117 43 4 32 4 32 5 44 4 71 12 4 12 4 55 4 7 25 4 10 5 5 4 81 43 4 18 31 9 4 73 36 4 37 4 33 37 5 43 4 22 9 19 4 73 41 4 26 4 58 59 4 18 4 9 4 32 4 42 52 4 21 4 23 4 17 4 35 16 4 5 4 33 36 14 31 4 42 4 47 32 4 23 4 12 4 35 4 72 41 4 41 4 51 4 56 46 4 39 4 16 4 115 13 4 20 4 23 4 32 4 104 51 4 39 4 38 4 13 4 
iteration 567 best: 0.893771 time: 220592
75 21 8 61 13 8 57 31 8 28 16 4 33 4 37 27 4 41 4 67 48 8 79 34 4 38 4 59 45 12 102 33 8 5 5 8 92 22 8 12 40 12 72 18 4 14 4 28 58 4 12 4 14 4 56 4 42 20 4 23 4 26 4 119 60 8 73 30 8 82 29 4 40 4 22 37 16 26 16 45 47 4 18 4 20 4 32 4 58 45 4 39 4 28 4 46 25 8 37 8 10 5 4 21 4 25 4 34 4 62 39 8 19 5 4 19 4 12 4 21 4 16 17 8 9 36 4 29 21 8 56 47 8 89 5 8 74 36 4 13 4 38 4 38 14 4 42 4 88 5 4 13 4 34 4 93 17 4 33 4 21 30 4 38 4 22 4 68 16 4 49 4 12 29 4 30 4 67 29 16 5 16 27 33 41 16 4 30 4 119 42 4 7 4 17 4 71 52 4 8 4 0 27 16 5 16 87 21 53 21 4 42 4 12 53 16 34 16 95 14 4 12 4 17 4 10 47 4 35 4 3 29 4 38 4 51 4 58 38 4 47 4 54 23 41 4 51 45 25 32 4 56 22 39 4 0 41 16 5 16 38 16 4 14 4 27 4 74 5 18 38 4 15 28 10 4 84 5 4 44 4 5 4 19 51 16 21 16 98 40 4 26 4 16 48 4 18 4 18 4 39 24 4 25 9 12 4 111 26 4 29 4 43 4 5 4 30 29 4 16 4 18 4 19 4 117 43 4 32 4 32 5 44 4 71 12 4 12 4 55 4 7 25 4 10 5 5 4 81 43 4 18 31 9 4 73 36 4 37 4 33 37 5 43 4 22 9 19 4 73 41 4 26 4 58 59 4 18 4 9 4 32 4 42 52 4 21 4 23 4 17 4 35 16 4 5 4 33 36 14 31 4 42 4 47 32 4 23 4 12 4 35 4 72 41 4 41 4 51 4 56 46 4 39 4 16 4 115 13 4 20 4 23 4 32 4 104 51 4 39 4 38 4 13 4 
iteration 586 best: 0.893771 time: 227974
75 21 8 61 13 8 57 31 8 28 16 4 33 4 37 27 4 41 4 67 48 8 79 34 4 38 4 59 45 12 102 33 8 5 5 8 92 22 8 12 40 12 72 18 4 14 4 28 58 4 12 4 14 4 56 4 42 20 4 23 4 26 4 119 60 8 73 30 8 82 29 4 40 4 22 37 16 26 16 45 47 4 18 4 20 4 32 4 58 45 4 39 4 28 4 46 25 8 37 8 10 5 4 21 4 25 4 34 4 62 39 8 19 5 4 19 4 12 4 21 4 16 17 8 9 36 4 29 21 8 56 47 8 89 5 8 74 36 4 13 4 38 4 38 14 4 42 4 88 5 4 13 4 34 4 93 17 4 33 4 21 30 4 38 4 22 4 68 16 4 49 4 12 29 4 30 4 67 29 16 5 16 27 33 41 16 4 30 4 119 42 4 7 4 17 4 71 52 4 8 4 0 27 16 5 16 87 21 53 21 4 42 4 12 53 16 34 16 95 14 4 12 4 17 4 10 47 4 35 4 3 29 4 38 4 51 4 58 38 4 47 4 54 23 41 4 51 45 25 32 4 56 22 39 4 0 41 16 5 16 38 16 4 14 4 27 4 74 5 18 38 4 15 28 10 4 84 5 4 44 4 5 4 19 51 16 21 16 98 40 4 26 4 16 48 4 18 4 18 4 39 24 4 25 9 12 4 111 26 4 29 4 43 4 5 4 30 29 4 16 4 18 4 19 4 117 43 4 32 4 32 5 44 4 71 12 4 12 4 55 4 7 25 4 10 5 5 4 81 43 4 18 31 9 4 73 36 4 37 4 33 37 5 43 4 22 9 19 4 73 41 4 26 4 58 59 4 18 4 9 4 32 4 42 52 4 21 4 23 4 17 4 35 16 4 5 4 33 36 14 31 4 42 4 47 32 4 23 4 12 4 35 4 72 41 4 41 4 51 4 56 46 4 39 4 16 4 115 13 4 20 4 23 4 32 4 104 51 4 39 4 38 4 13 4 
iteration 605 best: 0.893771 time: 235356
75 21 8 61 13 8 57 31 8 28 16 4 33 4 37 27 4 41 4 67 48 8 79 34 4 38 4 59 45 12 102 33 8 5 5 8 92 22 8 12 40 12 72 18 4 14 4 28 58 4 12 4 14 4 56 4 42 20 4 23 4 26 4 119 60 8 73 30 8 82 29 4 40 4 22 37 16 26 16 45 47 4 18 4 20 4 32 4 58 45 4 39 4 28 4 46 25 8 37 8 10 5 4 21 4 25 4 34 4 62 39 8 19 5 4 19 4 12 4 21 4 16 17 8 9 36 4 29 21 8 56 47 8 89 5 8 74 36 4 13 4 38 4 38 14 4 42 4 88 5 4 13 4 34 4 93 17 4 33 4 21 30 4 38 4 22 4 68 16 4 49 4 12 29 4 30 4 67 29 16 5 16 27 33 41 16 4 30 4 119 42 4 7 4 17 4 71 52 4 8 4 0 27 16 5 16 87 21 53 21 4 42 4 12 53 16 34 16 95 14 4 12 4 17 4 10 47 4 35 4 3 29 4 38 4 51 4 58 38 4 47 4 54 23 41 4 51 45 25 32 4 56 22 39 4 0 41 16 5 16 38 16 4 14 4 27 4 74 5 18 38 4 15 28 10 4 84 5 4 44 4 5 4 19 51 16 21 16 98 40 4 26 4 16 48 4 18 4 18 4 39 24 4 25 9 12 4 111 26 4 29 4 43 4 5 4 30 29 4 16 4 18 4 19 4 117 43 4 32 4 32 5 44 4 71 12 4 12 4 55 4 7 25 4 10 5 5 4 81 43 4 18 31 9 4 73 36 4 37 4 33 37 5 43 4 22 9 19 4 73 41 4 26 4 58 59 4 18 4 9 4 32 4 42 52 4 21 4 23 4 17 4 35 16 4 5 4 33 36 14 31 4 42 4 47 32 4 23 4 12 4 35 4 72 41 4 41 4 51 4 56 46 4 39 4 16 4 115 13 4 20 4 23 4 32 4 104 51 4 39 4 38 4 13 4 
iteration 624 best: 0.893771 time: 242709
75 21 8 61 13 8 57 31 8 28 16 4 33 4 37 27 4 41 4 67 48 8 79 34 4 38 4 59 45 12 102 33 8 5 5 8 92 22 8 12 40 12 72 18 4 14 4 28 58 4 12 4 14 4 56 4 42 20 4 23 4 26 4 119 60 8 73 30 8 82 29 4 40 4 22 37 16 26 16 45 47 4 18 4 20 4 32 4 58 45 4 39 4 28 4 46 25 8 37 8 10 5 4 21 4 25 4 34 4 62 39 8 19 5 4 19 4 12 4 21 4 16 17 8 9 36 4 29 21 8 56 47 8 89 5 8 74 36 4 13 4 38 4 38 14 4 42 4 88 5 4 13 4 34 4 93 17 4 33 4 21 30 4 38 4 22 4 68 16 4 49 4 12 29 4 30 4 67 29 16 5 16 27 33 41 16 4 30 4 119 42 4 7 4 17 4 71 52 4 8 4 0 27 16 5 16 87 21 53 21 4 42 4 12 53 16 34 16 95 14 4 12 4 17 4 10 47 4 35 4 3 29 4 38 4 51 4 58 38 4 47 4 54 23 41 4 51 45 25 32 4 56 22 39 4 0 41 16 5 16 38 16 4 14 4 27 4 74 5 18 38 4 15 28 10 4 84 5 4 44 4 5 4 19 51 16 21 16 98 40 4 26 4 16 48 4 18 4 18 4 39 24 4 25 9 12 4 111 26 4 29 4 43 4 5 4 30 29 4 16 4 18 4 19 4 117 43 4 32 4 32 5 44 4 71 12 4 12 4 55 4 7 25 4 10 5 5 4 81 43 4 18 31 9 4 73 36 4 37 4 33 37 5 43 4 22 9 19 4 73 41 4 26 4 58 59 4 18 4 9 4 32 4 42 52 4 21 4 23 4 17 4 35 16 4 5 4 33 36 14 31 4 42 4 47 32 4 23 4 12 4 35 4 72 41 4 41 4 51 4 56 46 4 39 4 16 4 115 13 4 20 4 23 4 32 4 104 51 4 39 4 38 4 13 4 
iteration 643 best: 0.893771 time: 250056
75 21 8 61 13 8 57 31 8 28 16 4 33 4 37 27 4 41 4 67 48 8 79 34 4 38 4 59 45 12 102 33 8 5 5 8 92 22 8 12 40 12 72 18 4 14 4 28 58 4 12 4 14 4 56 4 42 20 4 23 4 26 4 119 60 8 73 30 8 82 29 4 40 4 22 37 16 26 16 45 47 4 18 4 20 4 32 4 58 45 4 39 4 28 4 46 25 8 37 8 10 5 4 21 4 25 4 34 4 62 39 8 19 5 4 19 4 12 4 21 4 16 17 8 9 36 4 29 21 8 56 47 8 89 5 8 74 36 4 13 4 38 4 38 14 4 42 4 88 5 4 13 4 34 4 93 17 4 33 4 21 30 4 38 4 22 4 68 16 4 49 4 12 29 4 30 4 67 29 16 5 16 27 33 41 16 4 30 4 119 42 4 7 4 17 4 71 52 4 8 4 0 27 16 5 16 87 21 53 21 4 42 4 12 53 16 34 16 95 14 4 12 4 17 4 10 47 4 35 4 3 29 4 38 4 51 4 58 38 4 47 4 54 23 41 4 51 45 25 32 4 56 22 39 4 0 41 16 5 16 38 16 4 14 4 27 4 74 5 18 38 4 15 28 10 4 84 5 4 44 4 5 4 19 51 16 21 16 98 40 4 26 4 16 48 4 18 4 18 4 39 24 4 25 9 12 4 111 26 4 29 4 43 4 5 4 30 29 4 16 4 18 4 19 4 117 43 4 32 4 32 5 44 4 71 12 4 12 4 55 4 7 25 4 10 5 5 4 81 43 4 18 31 9 4 73 36 4 37 4 33 37 5 43 4 22 9 19 4 73 41 4 26 4 58 59 4 18 4 9 4 32 4 42 52 4 21 4 23 4 17 4 35 16 4 5 4 33 36 14 31 4 42 4 47 32 4 23 4 12 4 35 4 72 41 4 41 4 51 4 56 46 4 39 4 16 4 115 13 4 20 4 23 4 32 4 104 51 4 39 4 38 4 13 4 
iteration 662 best: 0.893771 time: 257402
75 21 8 61 13 8 57 31 8 28 16 4 33 4 37 27 4 41 4 67 48 8 79 34 4 38 4 59 45 12 102 33 8 5 5 8 92 22 8 12 40 12 72 18 4 14 4 28 58 4 12 4 14 4 56 4 42 20 4 23 4 26 4 119 60 8 73 30 8 82 29 4 40 4 22 37 16 26 16 45 47 4 18 4 20 4 32 4 58 45 4 39 4 28 4 46 25 8 37 8 10 5 4 21 4 25 4 34 4 62 39 8 19 5 4 19 4 12 4 21 4 16 17 8 9 36 4 29 21 8 56 47 8 89 5 8 74 36 4 13 4 38 4 38 14 4 42 4 88 5 4 13 4 34 4 93 17 4 33 4 21 30 4 38 4 22 4 68 16 4 49 4 12 29 4 30 4 67 29 16 5 16 27 33 41 16 4 30 4 119 42 4 7 4 17 4 71 52 4 8 4 0 27 16 5 16 87 21 53 21 4 42 4 12 53 16 34 16 95 14 4 12 4 17 4 10 47 4 35 4 3 29 4 38 4 51 4 58 38 4 47 4 54 23 41 4 51 45 25 32 4 56 22 39 4 0 41 16 5 16 38 16 4 14 4 27 4 74 5 18 38 4 15 28 10 4 84 5 4 44 4 5 4 19 51 16 21 16 98 40 4 26 4 16 48 4 18 4 18 4 39 24 4 25 9 12 4 111 26 4 29 4 43 4 5 4 30 29 4 16 4 18 4 19 4 117 43 4 32 4 32 5 44 4 71 12 4 12 4 55 4 7 25 4 10 5 5 4 81 43 4 18 31 9 4 73 36 4 37 4 33 37 5 43 4 22 9 19 4 73 41 4 26 4 58 59 4 18 4 9 4 32 4 42 52 4 21 4 23 4 17 4 35 16 4 5 4 33 36 14 31 4 42 4 47 32 4 23 4 12 4 35 4 72 41 4 41 4 51 4 56 46 4 39 4 16 4 115 13 4 20 4 23 4 32 4 104 51 4 39 4 38 4 13 4 
iteration 681 best: 0.893771 time: 264735
75 21 8 61 13 8 57 31 8 28 16 4 33 4 37 27 4 41 4 67 48 8 79 34 4 38 4 59 45 12 102 33 8 5 5 8 92 22 8 12 40 12 72 18 4 14 4 28 58 4 12 4 14 4 56 4 42 20 4 23 4 26 4 119 60 8 73 30 8 82 29 4 40 4 22 37 16 26 16 45 47 4 18 4 20 4 32 4 58 45 4 39 4 28 4 46 25 8 37 8 10 5 4 21 4 25 4 34 4 62 39 8 19 5 4 19 4 12 4 21 4 16 17 8 9 36 4 29 21 8 56 47 8 89 5 8 74 36 4 13 4 38 4 38 14 4 42 4 88 5 4 13 4 34 4 93 17 4 33 4 21 30 4 38 4 22 4 68 16 4 49 4 12 29 4 30 4 67 29 16 5 16 27 33 41 16 4 30 4 119 42 4 7 4 17 4 71 52 4 8 4 0 27 16 5 16 87 21 53 21 4 42 4 12 53 16 34 16 95 14 4 12 4 17 4 10 47 4 35 4 3 29 4 38 4 51 4 58 38 4 47 4 54 23 41 4 51 45 25 32 4 56 22 39 4 0 41 16 5 16 38 16 4 14 4 27 4 74 5 18 38 4 15 28 10 4 84 5 4 44 4 5 4 19 51 16 21 16 98 40 4 26 4 16 48 4 18 4 18 4 39 24 4 25 9 12 4 111 26 4 29 4 43 4 5 4 30 29 4 16 4 18 4 19 4 117 43 4 32 4 32 5 44 4 71 12 4 12 4 55 4 7 25 4 10 5 5 4 81 43 4 18 31 9 4 73 36 4 37 4 33 37 5 43 4 22 9 19 4 73 41 4 26 4 58 59 4 18 4 9 4 32 4 42 52 4 21 4 23 4 17 4 35 16 4 5 4 33 36 14 31 4 42 4 47 32 4 23 4 12 4 35 4 72 41 4 41 4 51 4 56 46 4 39 4 16 4 115 13 4 20 4 23 4 32 4 104 51 4 39 4 38 4 13 4 
iteration 700 best: 0.893771 time: 272090
75 21 8 61 13 8 57 31 8 28 16 4 33 4 37 27 4 41 4 67 48 8 79 34 4 38 4 59 45 12 102 33 8 5 5 8 92 22 8 12 40 12 72 18 4 14 4 28 58 4 12 4 14 4 56 4 42 20 4 23 4 26 4 119 60 8 73 30 8 82 29 4 40 4 22 37 16 26 16 45 47 4 18 4 20 4 32 4 58 45 4 39 4 28 4 46 25 8 37 8 10 5 4 21 4 25 4 34 4 62 39 8 19 5 4 19 4 12 4 21 4 16 17 8 9 36 4 29 21 8 56 47 8 89 5 8 74 36 4 13 4 38 4 38 14 4 42 4 88 5 4 13 4 34 4 93 17 4 33 4 21 30 4 38 4 22 4 68 16 4 49 4 12 29 4 30 4 67 29 16 5 16 27 33 41 16 4 30 4 119 42 4 7 4 17 4 71 52 4 8 4 0 27 16 5 16 87 21 53 21 4 42 4 12 53 16 34 16 95 14 4 12 4 17 4 10 47 4 35 4 3 29 4 38 4 51 4 58 38 4 47 4 54 23 41 4 51 45 25 32 4 56 22 39 4 0 41 16 5 16 38 16 4 14 4 27 4 74 5 18 38 4 15 28 10 4 84 5 4 44 4 5 4 19 51 16 21 16 98 40 4 26 4 16 48 4 18 4 18 4 39 24 4 25 9 12 4 111 26 4 29 4 43 4 5 4 30 29 4 16 4 18 4 19 4 117 43 4 32 4 32 5 44 4 71 12 4 12 4 55 4 7 25 4 10 5 5 4 81 43 4 18 31 9 4 73 36 4 37 4 33 37 5 43 4 22 9 19 4 73 41 4 26 4 58 59 4 18 4 9 4 32 4 42 52 4 21 4 23 4 17 4 35 16 4 5 4 33 36 14 31 4 42 4 47 32 4 23 4 12 4 35 4 72 41 4 41 4 51 4 56 46 4 39 4 16 4 115 13 4 20 4 23 4 32 4 104 51 4 39 4 38 4 13 4 
iteration 719 best: 0.893771 time: 279404
75 21 8 61 13 8 57 31 8 28 16 4 33 4 37 27 4 41 4 67 48 8 79 34 4 38 4 59 45 12 102 33 8 5 5 8 92 22 8 12 40 12 72 18 4 14 4 28 58 4 12 4 14 4 56 4 42 20 4 23 4 26 4 119 60 8 73 30 8 82 29 4 40 4 22 37 16 26 16 45 47 4 18 4 20 4 32 4 58 45 4 39 4 28 4 46 25 8 37 8 10 5 4 21 4 25 4 34 4 62 39 8 19 5 4 19 4 12 4 21 4 16 17 8 9 36 4 29 21 8 56 47 8 89 5 8 74 36 4 13 4 38 4 38 14 4 42 4 88 5 4 13 4 34 4 93 17 4 33 4 21 30 4 38 4 22 4 68 16 4 49 4 12 29 4 30 4 67 29 16 5 16 27 33 41 16 4 30 4 119 42 4 7 4 17 4 71 52 4 8 4 0 27 16 5 16 87 21 53 21 4 42 4 12 53 16 34 16 95 14 4 12 4 17 4 10 47 4 35 4 3 29 4 38 4 51 4 58 38 4 47 4 54 23 41 4 51 45 25 32 4 56 22 39 4 0 41 16 5 16 38 16 4 14 4 27 4 74 5 18 38 4 15 28 10 4 84 5 4 44 4 5 4 19 51 16 21 16 98 40 4 26 4 16 48 4 18 4 18 4 39 24 4 25 9 12 4 111 26 4 29 4 43 4 5 4 30 29 4 16 4 18 4 19 4 117 43 4 32 4 32 5 44 4 71 12 4 12 4 55 4 7 25 4 10 5 5 4 81 43 4 18 31 9 4 73 36 4 37 4 33 37 5 43 4 22 9 19 4 73 41 4 26 4 58 59 4 18 4 9 4 32 4 42 52 4 21 4 23 4 17 4 35 16 4 5 4 33 36 14 31 4 42 4 47 32 4 23 4 12 4 35 4 72 41 4 41 4 51 4 56 46 4 39 4 16 4 115 13 4 20 4 23 4 32 4 104 51 4 39 4 38 4 13 4 
iteration 738 best: 0.893771 time: 286728
75 21 8 61 13 8 57 31 8 28 16 4 33 4 37 27 4 41 4 67 48 8 79 34 4 38 4 59 45 12 102 33 8 5 5 8 92 22 8 12 40 12 72 18 4 14 4 28 58 4 12 4 14 4 56 4 42 20 4 23 4 26 4 119 60 8 73 30 8 82 29 4 40 4 22 37 16 26 16 45 47 4 18 4 20 4 32 4 58 45 4 39 4 28 4 46 25 8 37 8 10 5 4 21 4 25 4 34 4 62 39 8 19 5 4 19 4 12 4 21 4 16 17 8 9 36 4 29 21 8 56 47 8 89 5 8 74 36 4 13 4 38 4 38 14 4 42 4 88 5 4 13 4 34 4 93 17 4 33 4 21 30 4 38 4 22 4 68 16 4 49 4 12 29 4 30 4 67 29 16 5 16 27 33 41 16 4 30 4 119 42 4 7 4 17 4 71 52 4 8 4 0 27 16 5 16 87 21 53 21 4 42 4 12 53 16 34 16 95 14 4 12 4 17 4 10 47 4 35 4 3 29 4 38 4 51 4 58 38 4 47 4 54 23 41 4 51 45 25 32 4 56 22 39 4 0 41 16 5 16 38 16 4 14 4 27 4 74 5 18 38 4 15 28 10 4 84 5 4 44 4 5 4 19 51 16 21 16 98 40 4 26 4 16 48 4 18 4 18 4 39 24 4 25 9 12 4 111 26 4 29 4 43 4 5 4 30 29 4 16 4 18 4 19 4 117 43 4 32 4 32 5 44 4 71 12 4 12 4 55 4 7 25 4 10 5 5 4 81 43 4 18 31 9 4 73 36 4 37 4 33 37 5 43 4 22 9 19 4 73 41 4 26 4 58 59 4 18 4 9 4 32 4 42 52 4 21 4 23 4 17 4 35 16 4 5 4 33 36 14 31 4 42 4 47 32 4 23 4 12 4 35 4 72 41 4 41 4 51 4 56 46 4 39 4 16 4 115 13 4 20 4 23 4 32 4 104 51 4 39 4 38 4 13 4 
iteration 757 best: 0.893771 time: 294066
75 21 8 61 13 8 57 31 8 28 16 4 33 4 37 27 4 41 4 67 48 8 79 34 4 38 4 59 45 12 102 33 8 5 5 8 92 22 8 12 40 12 72 18 4 14 4 28 58 4 12 4 14 4 56 4 42 20 4 23 4 26 4 119 60 8 73 30 8 82 29 4 40 4 22 37 16 26 16 45 47 4 18 4 20 4 32 4 58 45 4 39 4 28 4 46 25 8 37 8 10 5 4 21 4 25 4 34 4 62 39 8 19 5 4 19 4 12 4 21 4 16 17 8 9 36 4 29 21 8 56 47 8 89 5 8 74 36 4 13 4 38 4 38 14 4 42 4 88 5 4 13 4 34 4 93 17 4 33 4 21 30 4 38 4 22 4 68 16 4 49 4 12 29 4 30 4 67 29 16 5 16 27 33 41 16 4 30 4 119 42 4 7 4 17 4 71 52 4 8 4 0 27 16 5 16 87 21 53 21 4 42 4 12 53 16 34 16 95 14 4 12 4 17 4 10 47 4 35 4 3 29 4 38 4 51 4 58 38 4 47 4 54 23 41 4 51 45 25 32 4 56 22 39 4 0 41 16 5 16 38 16 4 14 4 27 4 74 5 18 38 4 15 28 10 4 84 5 4 44 4 5 4 19 51 16 21 16 98 40 4 26 4 16 48 4 18 4 18 4 39 24 4 25 9 12 4 111 26 4 29 4 43 4 5 4 30 29 4 16 4 18 4 19 4 117 43 4 32 4 32 5 44 4 71 12 4 12 4 55 4 7 25 4 10 5 5 4 81 43 4 18 31 9 4 73 36 4 37 4 33 37 5 43 4 22 9 19 4 73 41 4 26 4 58 59 4 18 4 9 4 32 4 42 52 4 21 4 23 4 17 4 35 16 4 5 4 33 36 14 31 4 42 4 47 32 4 23 4 12 4 35 4 72 41 4 41 4 51 4 56 46 4 39 4 16 4 115 13 4 20 4 23 4 32 4 104 51 4 39 4 38 4 13 4 
iteration 776 best: 0.893771 time: 301399
75 21 8 61 13 8 57 31 8 28 16 4 33 4 37 27 4 41 4 67 48 8 79 34 4 38 4 59 45 12 102 33 8 5 5 8 92 22 8 12 40 12 72 18 4 14 4 28 58 4 12 4 14 4 56 4 42 20 4 23 4 26 4 119 60 8 73 30 8 82 29 4 40 4 22 37 16 26 16 45 47 4 18 4 20 4 32 4 58 45 4 39 4 28 4 46 25 8 37 8 10 5 4 21 4 25 4 34 4 62 39 8 19 5 4 19 4 12 4 21 4 16 17 8 9 36 4 29 21 8 56 47 8 89 5 8 74 36 4 13 4 38 4 38 14 4 42 4 88 5 4 13 4 34 4 93 17 4 33 4 21 30 4 38 4 22 4 68 16 4 49 4 12 29 4 30 4 67 29 16 5 16 27 33 41 16 4 30 4 119 42 4 7 4 17 4 71 52 4 8 4 0 27 16 5 16 87 21 53 21 4 42 4 12 53 16 34 16 95 14 4 12 4 17 4 10 47 4 35 4 3 29 4 38 4 51 4 58 38 4 47 4 54 23 41 4 51 45 25 32 4 56 22 39 4 0 41 16 5 16 38 16 4 14 4 27 4 74 5 18 38 4 15 28 10 4 84 5 4 44 4 5 4 19 51 16 21 16 98 40 4 26 4 16 48 4 18 4 18 4 39 24 4 25 9 12 4 111 26 4 29 4 43 4 5 4 30 29 4 16 4 18 4 19 4 117 43 4 32 4 32 5 44 4 71 12 4 12 4 55 4 7 25 4 10 5 5 4 81 43 4 18 31 9 4 73 36 4 37 4 33 37 5 43 4 22 9 19 4 73 41 4 26 4 58 59 4 18 4 9 4 32 4 42 52 4 21 4 23 4 17 4 35 16 4 5 4 33 36 14 31 4 42 4 47 32 4 23 4 12 4 35 4 72 41 4 41 4 51 4 56 46 4 39 4 16 4 115 13 4 20 4 23 4 32 4 104 51 4 39 4 38 4 13 4 
iteration 795 best: 0.893771 time: 308799
75 21 8 61 13 8 57 31 8 28 16 4 33 4 37 27 4 41 4 67 48 8 79 34 4 38 4 59 45 12 102 33 8 5 5 8 92 22 8 12 40 12 72 18 4 14 4 28 58 4 12 4 14 4 56 4 42 20 4 23 4 26 4 119 60 8 73 30 8 82 29 4 40 4 22 37 16 26 16 45 47 4 18 4 20 4 32 4 58 45 4 39 4 28 4 46 25 8 37 8 10 5 4 21 4 25 4 34 4 62 39 8 19 5 4 19 4 12 4 21 4 16 17 8 9 36 4 29 21 8 56 47 8 89 5 8 74 36 4 13 4 38 4 38 14 4 42 4 88 5 4 13 4 34 4 93 17 4 33 4 21 30 4 38 4 22 4 68 16 4 49 4 12 29 4 30 4 67 29 16 5 16 27 33 41 16 4 30 4 119 42 4 7 4 17 4 71 52 4 8 4 0 27 16 5 16 87 21 53 21 4 42 4 12 53 16 34 16 95 14 4 12 4 17 4 10 47 4 35 4 3 29 4 38 4 51 4 58 38 4 47 4 54 23 41 4 51 45 25 32 4 56 22 39 4 0 41 16 5 16 38 16 4 14 4 27 4 74 5 18 38 4 15 28 10 4 84 5 4 44 4 5 4 19 51 16 21 16 98 40 4 26 4 16 48 4 18 4 18 4 39 24 4 25 9 12 4 111 26 4 29 4 43 4 5 4 30 29 4 16 4 18 4 19 4 117 43 4 32 4 32 5 44 4 71 12 4 12 4 55 4 7 25 4 10 5 5 4 81 43 4 18 31 9 4 73 36 4 37 4 33 37 5 43 4 22 9 19 4 73 41 4 26 4 58 59 4 18 4 9 4 32 4 42 52 4 21 4 23 4 17 4 35 16 4 5 4 33 36 14 31 4 42 4 47 32 4 23 4 12 4 35 4 72 41 4 41 4 51 4 56 46 4 39 4 16 4 115 13 4 20 4 23 4 32 4 104 51 4 39 4 38 4 13 4 
iteration 814 best: 0.893771 time: 316156
75 21 8 61 13 8 57 31 8 28 16 4 33 4 37 27 4 41 4 67 48 8 79 34 4 38 4 59 45 12 102 33 8 5 5 8 92 22 8 12 40 12 72 18 4 14 4 28 58 4 12 4 14 4 56 4 42 20 4 23 4 26 4 119 60 8 73 30 8 82 29 4 40 4 22 37 16 26 16 45 47 4 18 4 20 4 32 4 58 45 4 39 4 28 4 46 25 8 37 8 10 5 4 21 4 25 4 34 4 62 39 8 19 5 4 19 4 12 4 21 4 16 17 8 9 36 4 29 21 8 56 47 8 89 5 8 74 36 4 13 4 38 4 38 14 4 42 4 88 5 4 13 4 34 4 93 17 4 33 4 21 30 4 38 4 22 4 68 16 4 49 4 12 29 4 30 4 67 29 16 5 16 27 33 41 16 4 30 4 119 42 4 7 4 17 4 71 52 4 8 4 0 27 16 5 16 87 21 53 21 4 42 4 12 53 16 34 16 95 14 4 12 4 17 4 10 47 4 35 4 3 29 4 38 4 51 4 58 38 4 47 4 54 23 41 4 51 45 25 32 4 56 22 39 4 0 41 16 5 16 38 16 4 14 4 27 4 74 5 18 38 4 15 28 10 4 84 5 4 44 4 5 4 19 51 16 21 16 98 40 4 26 4 16 48 4 18 4 18 4 39 24 4 25 9 12 4 111 26 4 29 4 43 4 5 4 30 29 4 16 4 18 4 19 4 117 43 4 32 4 32 5 44 4 71 12 4 12 4 55 4 7 25 4 10 5 5 4 81 43 4 18 31 9 4 73 36 4 37 4 33 37 5 43 4 22 9 19 4 73 41 4 26 4 58 59 4 18 4 9 4 32 4 42 52 4 21 4 23 4 17 4 35 16 4 5 4 33 36 14 31 4 42 4 47 32 4 23 4 12 4 35 4 72 41 4 41 4 51 4 56 46 4 39 4 16 4 115 13 4 20 4 23 4 32 4 104 51 4 39 4 38 4 13 4 
iteration 833 best: 0.893771 time: 323516
75 21 8 61 13 8 57 31 8 28 16 4 33 4 37 27 4 41 4 67 48 8 79 34 4 38 4 59 45 12 102 33 8 5 5 8 92 22 8 12 40 12 72 18 4 14 4 28 58 4 12 4 14 4 56 4 42 20 4 23 4 26 4 119 60 8 73 30 8 82 29 4 40 4 22 37 16 26 16 45 47 4 18 4 20 4 32 4 58 45 4 39 4 28 4 46 25 8 37 8 10 5 4 21 4 25 4 34 4 62 39 8 19 5 4 19 4 12 4 21 4 16 17 8 9 36 4 29 21 8 56 47 8 89 5 8 74 36 4 13 4 38 4 38 14 4 42 4 88 5 4 13 4 34 4 93 17 4 33 4 21 30 4 38 4 22 4 68 16 4 49 4 12 29 4 30 4 67 29 16 5 16 27 33 41 16 4 30 4 119 42 4 7 4 17 4 71 52 4 8 4 0 27 16 5 16 87 21 53 21 4 42 4 12 53 16 34 16 95 14 4 12 4 17 4 10 47 4 35 4 3 29 4 38 4 51 4 58 38 4 47 4 54 23 41 4 51 45 25 32 4 56 22 39 4 0 41 16 5 16 38 16 4 14 4 27 4 74 5 18 38 4 15 28 10 4 84 5 4 44 4 5 4 19 51 16 21 16 98 40 4 26 4 16 48 4 18 4 18 4 39 24 4 25 9 12 4 111 26 4 29 4 43 4 5 4 30 29 4 16 4 18 4 19 4 117 43 4 32 4 32 5 44 4 71 12 4 12 4 55 4 7 25 4 10 5 5 4 81 43 4 18 31 9 4 73 36 4 37 4 33 37 5 43 4 22 9 19 4 73 41 4 26 4 58 59 4 18 4 9 4 32 4 42 52 4 21 4 23 4 17 4 35 16 4 5 4 33 36 14 31 4 42 4 47 32 4 23 4 12 4 35 4 72 41 4 41 4 51 4 56 46 4 39 4 16 4 115 13 4 20 4 23 4 32 4 104 51 4 39 4 38 4 13 4 
iteration 852 best: 0.893771 time: 330872
75 21 8 61 13 8 57 31 8 28 16 4 33 4 37 27 4 41 4 67 48 8 79 34 4 38 4 59 45 12 102 33 8 5 5 8 92 22 8 12 40 12 72 18 4 14 4 28 58 4 12 4 14 4 56 4 42 20 4 23 4 26 4 119 60 8 73 30 8 82 29 4 40 4 22 37 16 26 16 45 47 4 18 4 20 4 32 4 58 45 4 39 4 28 4 46 25 8 37 8 10 5 4 21 4 25 4 34 4 62 39 8 19 5 4 19 4 12 4 21 4 16 17 8 9 36 4 29 21 8 56 47 8 89 5 8 74 36 4 13 4 38 4 38 14 4 42 4 88 5 4 13 4 34 4 93 17 4 33 4 21 30 4 38 4 22 4 68 16 4 49 4 12 29 4 30 4 67 29 16 5 16 27 33 41 16 4 30 4 119 42 4 7 4 17 4 71 52 4 8 4 0 27 16 5 16 87 21 53 21 4 42 4 12 53 16 34 16 95 14 4 12 4 17 4 10 47 4 35 4 3 29 4 38 4 51 4 58 38 4 47 4 54 23 41 4 51 45 25 32 4 56 22 39 4 0 41 16 5 16 38 16 4 14 4 27 4 74 5 18 38 4 15 28 10 4 84 5 4 44 4 5 4 19 51 16 21 16 98 40 4 26 4 16 48 4 18 4 18 4 39 24 4 25 9 12 4 111 26 4 29 4 43 4 5 4 30 29 4 16 4 18 4 19 4 117 43 4 32 4 32 5 44 4 71 12 4 12 4 55 4 7 25 4 10 5 5 4 81 43 4 18 31 9 4 73 36 4 37 4 33 37 5 43 4 22 9 19 4 73 41 4 26 4 58 59 4 18 4 9 4 32 4 42 52 4 21 4 23 4 17 4 35 16 4 5 4 33 36 14 31 4 42 4 47 32 4 23 4 12 4 35 4 72 41 4 41 4 51 4 56 46 4 39 4 16 4 115 13 4 20 4 23 4 32 4 104 51 4 39 4 38 4 13 4 
iteration 871 best: 0.893771 time: 338182
75 21 8 61 13 8 57 31 8 28 16 4 33 4 37 27 4 41 4 67 48 8 79 34 4 38 4 59 45 12 102 33 8 5 5 8 92 22 8 12 40 12 72 18 4 14 4 28 58 4 12 4 14 4 56 4 42 20 4 23 4 26 4 119 60 8 73 30 8 82 29 4 40 4 22 37 16 26 16 45 47 4 18 4 20 4 32 4 58 45 4 39 4 28 4 46 25 8 37 8 10 5 4 21 4 25 4 34 4 62 39 8 19 5 4 19 4 12 4 21 4 16 17 8 9 36 4 29 21 8 56 47 8 89 5 8 74 36 4 13 4 38 4 38 14 4 42 4 88 5 4 13 4 34 4 93 17 4 33 4 21 30 4 38 4 22 4 68 16 4 49 4 12 29 4 30 4 67 29 16 5 16 27 33 41 16 4 30 4 119 42 4 7 4 17 4 71 52 4 8 4 0 27 16 5 16 87 21 53 21 4 42 4 12 53 16 34 16 95 14 4 12 4 17 4 10 47 4 35 4 3 29 4 38 4 51 4 58 38 4 47 4 54 23 41 4 51 45 25 32 4 56 22 39 4 0 41 16 5 16 38 16 4 14 4 27 4 74 5 18 38 4 15 28 10 4 84 5 4 44 4 5 4 19 51 16 21 16 98 40 4 26 4 16 48 4 18 4 18 4 39 24 4 25 9 12 4 111 26 4 29 4 43 4 5 4 30 29 4 16 4 18 4 19 4 117 43 4 32 4 32 5 44 4 71 12 4 12 4 55 4 7 25 4 10 5 5 4 81 43 4 18 31 9 4 73 36 4 37 4 33 37 5 43 4 22 9 19 4 73 41 4 26 4 58 59 4 18 4 9 4 32 4 42 52 4 21 4 23 4 17 4 35 16 4 5 4 33 36 14 31 4 42 4 47 32 4 23 4 12 4 35 4 72 41 4 41 4 51 4 56 46 4 39 4 16 4 115 13 4 20 4 23 4 32 4 104 51 4 39 4 38 4 13 4 
iteration 890 best: 0.893771 time: 345550
75 21 8 61 13 8 57 31 8 28 16 4 33 4 37 27 4 41 4 67 48 8 79 34 4 38 4 59 45 12 102 33 8 5 5 8 92 22 8 12 40 12 72 18 4 14 4 28 58 4 12 4 14 4 56 4 42 20 4 23 4 26 4 119 60 8 73 30 8 82 29 4 40 4 22 37 16 26 16 45 47 4 18 4 20 4 32 4 58 45 4 39 4 28 4 46 25 8 37 8 10 5 4 21 4 25 4 34 4 62 39 8 19 5 4 19 4 12 4 21 4 16 17 8 9 36 4 29 21 8 56 47 8 89 5 8 74 36 4 13 4 38 4 38 14 4 42 4 88 5 4 13 4 34 4 93 17 4 33 4 21 30 4 38 4 22 4 68 16 4 49 4 12 29 4 30 4 67 29 16 5 16 27 33 41 16 4 30 4 119 42 4 7 4 17 4 71 52 4 8 4 0 27 16 5 16 87 21 53 21 4 42 4 12 53 16 34 16 95 14 4 12 4 17 4 10 47 4 35 4 3 29 4 38 4 51 4 58 38 4 47 4 54 23 41 4 51 45 25 32 4 56 22 39 4 0 41 16 5 16 38 16 4 14 4 27 4 74 5 18 38 4 15 28 10 4 84 5 4 44 4 5 4 19 51 16 21 16 98 40 4 26 4 16 48 4 18 4 18 4 39 24 4 25 9 12 4 111 26 4 29 4 43 4 5 4 30 29 4 16 4 18 4 19 4 117 43 4 32 4 32 5 44 4 71 12 4 12 4 55 4 7 25 4 10 5 5 4 81 43 4 18 31 9 4 73 36 4 37 4 33 37 5 43 4 22 9 19 4 73 41 4 26 4 58 59 4 18 4 9 4 32 4 42 52 4 21 4 23 4 17 4 35 16 4 5 4 33 36 14 31 4 42 4 47 32 4 23 4 12 4 35 4 72 41 4 41 4 51 4 56 46 4 39 4 16 4 115 13 4 20 4 23 4 32 4 104 51 4 39 4 38 4 13 4 
iteration 909 best: 0.893771 time: 352892
75 21 8 61 13 8 57 31 8 28 16 4 33 4 37 27 4 41 4 67 48 8 79 34 4 38 4 59 45 12 102 33 8 5 5 8 92 22 8 12 40 12 72 18 4 14 4 28 58 4 12 4 14 4 56 4 42 20 4 23 4 26 4 119 60 8 73 30 8 82 29 4 40 4 22 37 16 26 16 45 47 4 18 4 20 4 32 4 58 45 4 39 4 28 4 46 25 8 37 8 10 5 4 21 4 25 4 34 4 62 39 8 19 5 4 19 4 12 4 21 4 16 17 8 9 36 4 29 21 8 56 47 8 89 5 8 74 36 4 13 4 38 4 38 14 4 42 4 88 5 4 13 4 34 4 93 17 4 33 4 21 30 4 38 4 22 4 68 16 4 49 4 12 29 4 30 4 67 29 16 5 16 27 33 41 16 4 30 4 119 42 4 7 4 17 4 71 52 4 8 4 0 27 16 5 16 87 21 53 21 4 42 4 12 53 16 34 16 95 14 4 12 4 17 4 10 47 4 35 4 3 29 4 38 4 51 4 58 38 4 47 4 54 23 41 4 51 45 25 32 4 56 22 39 4 0 41 16 5 16 38 16 4 14 4 27 4 74 5 18 38 4 15 28 10 4 84 5 4 44 4 5 4 19 51 16 21 16 98 40 4 26 4 16 48 4 18 4 18 4 39 24 4 25 9 12 4 111 26 4 29 4 43 4 5 4 30 29 4 16 4 18 4 19 4 117 43 4 32 4 32 5 44 4 71 12 4 12 4 55 4 7 25 4 10 5 5 4 81 43 4 18 31 9 4 73 36 4 37 4 33 37 5 43 4 22 9 19 4 73 41 4 26 4 58 59 4 18 4 9 4 32 4 42 52 4 21 4 23 4 17 4 35 16 4 5 4 33 36 14 31 4 42 4 47 32 4 23 4 12 4 35 4 72 41 4 41 4 51 4 56 46 4 39 4 16 4 115 13 4 20 4 23 4 32 4 104 51 4 39 4 38 4 13 4 
iteration 928 best: 0.893771 time: 360245
75 21 8 61 13 8 57 31 8 28 16 4 33 4 37 27 4 41 4 67 48 8 79 34 4 38 4 59 45 12 102 33 8 5 5 8 92 22 8 12 40 12 72 18 4 14 4 28 58 4 12 4 14 4 56 4 42 20 4 23 4 26 4 119 60 8 73 30 8 82 29 4 40 4 22 37 16 26 16 45 47 4 18 4 20 4 32 4 58 45 4 39 4 28 4 46 25 8 37 8 10 5 4 21 4 25 4 34 4 62 39 8 19 5 4 19 4 12 4 21 4 16 17 8 9 36 4 29 21 8 56 47 8 89 5 8 74 36 4 13 4 38 4 38 14 4 42 4 88 5 4 13 4 34 4 93 17 4 33 4 21 30 4 38 4 22 4 68 16 4 49 4 12 29 4 30 4 67 29 16 5 16 27 33 41 16 4 30 4 119 42 4 7 4 17 4 71 52 4 8 4 0 27 16 5 16 87 21 53 21 4 42 4 12 53 16 34 16 95 14 4 12 4 17 4 10 47 4 35 4 3 29 4 38 4 51 4 58 38 4 47 4 54 23 41 4 51 45 25 32 4 56 22 39 4 0 41 16 5 16 38 16 4 14 4 27 4 74 5 18 38 4 15 28 10 4 84 5 4 44 4 5 4 19 51 16 21 16 98 40 4 26 4 16 48 4 18 4 18 4 39 24 4 25 9 12 4 111 26 4 29 4 43 4 5 4 30 29 4 16 4 18 4 19 4 117 43 4 32 4 32 5 44 4 71 12 4 12 4 55 4 7 25 4 10 5 5 4 81 43 4 18 31 9 4 73 36 4 37 4 33 37 5 43 4 22 9 19 4 73 41 4 26 4 58 59 4 18 4 9 4 32 4 42 52 4 21 4 23 4 17 4 35 16 4 5 4 33 36 14 31 4 42 4 47 32 4 23 4 12 4 35 4 72 41 4 41 4 51 4 56 46 4 39 4 16 4 115 13 4 20 4 23 4 32 4 104 51 4 39 4 38 4 13 4 
iteration 947 best: 0.893771 time: 367611
75 21 8 61 13 8 57 31 8 28 16 4 33 4 37 27 4 41 4 67 48 8 79 34 4 38 4 59 45 12 102 33 8 5 5 8 92 22 8 12 40 12 72 18 4 14 4 28 58 4 12 4 14 4 56 4 42 20 4 23 4 26 4 119 60 8 73 30 8 82 29 4 40 4 22 37 16 26 16 45 47 4 18 4 20 4 32 4 58 45 4 39 4 28 4 46 25 8 37 8 10 5 4 21 4 25 4 34 4 62 39 8 19 5 4 19 4 12 4 21 4 16 17 8 9 36 4 29 21 8 56 47 8 89 5 8 74 36 4 13 4 38 4 38 14 4 42 4 88 5 4 13 4 34 4 93 17 4 33 4 21 30 4 38 4 22 4 68 16 4 49 4 12 29 4 30 4 67 29 16 5 16 27 33 41 16 4 30 4 119 42 4 7 4 17 4 71 52 4 8 4 0 27 16 5 16 87 21 53 21 4 42 4 12 53 16 34 16 95 14 4 12 4 17 4 10 47 4 35 4 3 29 4 38 4 51 4 58 38 4 47 4 54 23 41 4 51 45 25 32 4 56 22 39 4 0 41 16 5 16 38 16 4 14 4 27 4 74 5 18 38 4 15 28 10 4 84 5 4 44 4 5 4 19 51 16 21 16 98 40 4 26 4 16 48 4 18 4 18 4 39 24 4 25 9 12 4 111 26 4 29 4 43 4 5 4 30 29 4 16 4 18 4 19 4 117 43 4 32 4 32 5 44 4 71 12 4 12 4 55 4 7 25 4 10 5 5 4 81 43 4 18 31 9 4 73 36 4 37 4 33 37 5 43 4 22 9 19 4 73 41 4 26 4 58 59 4 18 4 9 4 32 4 42 52 4 21 4 23 4 17 4 35 16 4 5 4 33 36 14 31 4 42 4 47 32 4 23 4 12 4 35 4 72 41 4 41 4 51 4 56 46 4 39 4 16 4 115 13 4 20 4 23 4 32 4 104 51 4 39 4 38 4 13 4 
iteration 966 best: 0.893771 time: 374976
75 21 8 61 13 8 57 31 8 28 16 4 33 4 37 27 4 41 4 67 48 8 79 34 4 38 4 59 45 12 102 33 8 5 5 8 92 22 8 12 40 12 72 18 4 14 4 28 58 4 12 4 14 4 56 4 42 20 4 23 4 26 4 119 60 8 73 30 8 82 29 4 40 4 22 37 16 26 16 45 47 4 18 4 20 4 32 4 58 45 4 39 4 28 4 46 25 8 37 8 10 5 4 21 4 25 4 34 4 62 39 8 19 5 4 19 4 12 4 21 4 16 17 8 9 36 4 29 21 8 56 47 8 89 5 8 74 36 4 13 4 38 4 38 14 4 42 4 88 5 4 13 4 34 4 93 17 4 33 4 21 30 4 38 4 22 4 68 16 4 49 4 12 29 4 30 4 67 29 16 5 16 27 33 41 16 4 30 4 119 42 4 7 4 17 4 71 52 4 8 4 0 27 16 5 16 87 21 53 21 4 42 4 12 53 16 34 16 95 14 4 12 4 17 4 10 47 4 35 4 3 29 4 38 4 51 4 58 38 4 47 4 54 23 41 4 51 45 25 32 4 56 22 39 4 0 41 16 5 16 38 16 4 14 4 27 4 74 5 18 38 4 15 28 10 4 84 5 4 44 4 5 4 19 51 16 21 16 98 40 4 26 4 16 48 4 18 4 18 4 39 24 4 25 9 12 4 111 26 4 29 4 43 4 5 4 30 29 4 16 4 18 4 19 4 117 43 4 32 4 32 5 44 4 71 12 4 12 4 55 4 7 25 4 10 5 5 4 81 43 4 18 31 9 4 73 36 4 37 4 33 37 5 43 4 22 9 19 4 73 41 4 26 4 58 59 4 18 4 9 4 32 4 42 52 4 21 4 23 4 17 4 35 16 4 5 4 33 36 14 31 4 42 4 47 32 4 23 4 12 4 35 4 72 41 4 41 4 51 4 56 46 4 39 4 16 4 115 13 4 20 4 23 4 32 4 104 51 4 39 4 38 4 13 4 
iteration 985 best: 0.893771 time: 382302
75 21 8 61 13 8 57 31 8 28 16 4 33 4 37 27 4 41 4 67 48 8 79 34 4 38 4 59 45 12 102 33 8 5 5 8 92 22 8 12 40 12 72 18 4 14 4 28 58 4 12 4 14 4 56 4 42 20 4 23 4 26 4 119 60 8 73 30 8 82 29 4 40 4 22 37 16 26 16 45 47 4 18 4 20 4 32 4 58 45 4 39 4 28 4 46 25 8 37 8 10 5 4 21 4 25 4 34 4 62 39 8 19 5 4 19 4 12 4 21 4 16 17 8 9 36 4 29 21 8 56 47 8 89 5 8 74 36 4 13 4 38 4 38 14 4 42 4 88 5 4 13 4 34 4 93 17 4 33 4 21 30 4 38 4 22 4 68 16 4 49 4 12 29 4 30 4 67 29 16 5 16 27 33 41 16 4 30 4 119 42 4 7 4 17 4 71 52 4 8 4 0 27 16 5 16 87 21 53 21 4 42 4 12 53 16 34 16 95 14 4 12 4 17 4 10 47 4 35 4 3 29 4 38 4 51 4 58 38 4 47 4 54 23 41 4 51 45 25 32 4 56 22 39 4 0 41 16 5 16 38 16 4 14 4 27 4 74 5 18 38 4 15 28 10 4 84 5 4 44 4 5 4 19 51 16 21 16 98 40 4 26 4 16 48 4 18 4 18 4 39 24 4 25 9 12 4 111 26 4 29 4 43 4 5 4 30 29 4 16 4 18 4 19 4 117 43 4 32 4 32 5 44 4 71 12 4 12 4 55 4 7 25 4 10 5 5 4 81 43 4 18 31 9 4 73 36 4 37 4 33 37 5 43 4 22 9 19 4 73 41 4 26 4 58 59 4 18 4 9 4 32 4 42 52 4 21 4 23 4 17 4 35 16 4 5 4 33 36 14 31 4 42 4 47 32 4 23 4 12 4 35 4 72 41 4 41 4 51 4 56 46 4 39 4 16 4 115 13 4 20 4 23 4 32 4 104 51 4 39 4 38 4 13 4 
iteration 1004 best: 0.893771 time: 389637
75 21 8 61 13 8 57 31 8 28 16 4 33 4 37 27 4 41 4 67 48 8 79 34 4 38 4 59 45 12 102 33 8 5 5 8 92 22 8 12 40 12 72 18 4 14 4 28 58 4 12 4 14 4 56 4 42 20 4 23 4 26 4 119 60 8 73 30 8 82 29 4 40 4 22 37 16 26 16 45 47 4 18 4 20 4 32 4 58 45 4 39 4 28 4 46 25 8 37 8 10 5 4 21 4 25 4 34 4 62 39 8 19 5 4 19 4 12 4 21 4 16 17 8 9 36 4 29 21 8 56 47 8 89 5 8 74 36 4 13 4 38 4 38 14 4 42 4 88 5 4 13 4 34 4 93 17 4 33 4 21 30 4 38 4 22 4 68 16 4 49 4 12 29 4 30 4 67 29 16 5 16 27 33 41 16 4 30 4 119 42 4 7 4 17 4 71 52 4 8 4 0 27 16 5 16 87 21 53 21 4 42 4 12 53 16 34 16 95 14 4 12 4 17 4 10 47 4 35 4 3 29 4 38 4 51 4 58 38 4 47 4 54 23 41 4 51 45 25 32 4 56 22 39 4 0 41 16 5 16 38 16 4 14 4 27 4 74 5 18 38 4 15 28 10 4 84 5 4 44 4 5 4 19 51 16 21 16 98 40 4 26 4 16 48 4 18 4 18 4 39 24 4 25 9 12 4 111 26 4 29 4 43 4 5 4 30 29 4 16 4 18 4 19 4 117 43 4 32 4 32 5 44 4 71 12 4 12 4 55 4 7 25 4 10 5 5 4 81 43 4 18 31 9 4 73 36 4 37 4 33 37 5 43 4 22 9 19 4 73 41 4 26 4 58 59 4 18 4 9 4 32 4 42 52 4 21 4 23 4 17 4 35 16 4 5 4 33 36 14 31 4 42 4 47 32 4 23 4 12 4 35 4 72 41 4 41 4 51 4 56 46 4 39 4 16 4 115 13 4 20 4 23 4 32 4 104 51 4 39 4 38 4 13 4 
iteration 1023 best: 0.893771 time: 396955
75 21 8 61 13 8 57 31 8 28 16 4 33 4 37 27 4 41 4 67 48 8 79 34 4 38 4 59 45 12 102 33 8 5 5 8 92 22 8 12 40 12 72 18 4 14 4 28 58 4 12 4 14 4 56 4 42 20 4 23 4 26 4 119 60 8 73 30 8 82 29 4 40 4 22 37 16 26 16 45 47 4 18 4 20 4 32 4 58 45 4 39 4 28 4 46 25 8 37 8 10 5 4 21 4 25 4 34 4 62 39 8 19 5 4 19 4 12 4 21 4 16 17 8 9 36 4 29 21 8 56 47 8 89 5 8 74 36 4 13 4 38 4 38 14 4 42 4 88 5 4 13 4 34 4 93 17 4 33 4 21 30 4 38 4 22 4 68 16 4 49 4 12 29 4 30 4 67 29 16 5 16 27 33 41 16 4 30 4 119 42 4 7 4 17 4 71 52 4 8 4 0 27 16 5 16 87 21 53 21 4 42 4 12 53 16 34 16 95 14 4 12 4 17 4 10 47 4 35 4 3 29 4 38 4 51 4 58 38 4 47 4 54 23 41 4 51 45 25 32 4 56 22 39 4 0 41 16 5 16 38 16 4 14 4 27 4 74 5 18 38 4 15 28 10 4 84 5 4 44 4 5 4 19 51 16 21 16 98 40 4 26 4 16 48 4 18 4 18 4 39 24 4 25 9 12 4 111 26 4 29 4 43 4 5 4 30 29 4 16 4 18 4 19 4 117 43 4 32 4 32 5 44 4 71 12 4 12 4 55 4 7 25 4 10 5 5 4 81 43 4 18 31 9 4 73 36 4 37 4 33 37 5 43 4 22 9 19 4 73 41 4 26 4 58 59 4 18 4 9 4 32 4 42 52 4 21 4 23 4 17 4 35 16 4 5 4 33 36 14 31 4 42 4 47 32 4 23 4 12 4 35 4 72 41 4 41 4 51 4 56 46 4 39 4 16 4 115 13 4 20 4 23 4 32 4 104 51 4 39 4 38 4 13 4 
iteration 1042 best: 0.893771 time: 404282
75 21 8 61 13 8 57 31 8 28 16 4 33 4 37 27 4 41 4 67 48 8 79 34 4 38 4 59 45 12 102 33 8 5 5 8 92 22 8 12 40 12 72 18 4 14 4 28 58 4 12 4 14 4 56 4 42 20 4 23 4 26 4 119 60 8 73 30 8 82 29 4 40 4 22 37 16 26 16 45 47 4 18 4 20 4 32 4 58 45 4 39 4 28 4 46 25 8 37 8 10 5 4 21 4 25 4 34 4 62 39 8 19 5 4 19 4 12 4 21 4 16 17 8 9 36 4 29 21 8 56 47 8 89 5 8 74 36 4 13 4 38 4 38 14 4 42 4 88 5 4 13 4 34 4 93 17 4 33 4 21 30 4 38 4 22 4 68 16 4 49 4 12 29 4 30 4 67 29 16 5 16 27 33 41 16 4 30 4 119 42 4 7 4 17 4 71 52 4 8 4 0 27 16 5 16 87 21 53 21 4 42 4 12 53 16 34 16 95 14 4 12 4 17 4 10 47 4 35 4 3 29 4 38 4 51 4 58 38 4 47 4 54 23 41 4 51 45 25 32 4 56 22 39 4 0 41 16 5 16 38 16 4 14 4 27 4 74 5 18 38 4 15 28 10 4 84 5 4 44 4 5 4 19 51 16 21 16 98 40 4 26 4 16 48 4 18 4 18 4 39 24 4 25 9 12 4 111 26 4 29 4 43 4 5 4 30 29 4 16 4 18 4 19 4 117 43 4 32 4 32 5 44 4 71 12 4 12 4 55 4 7 25 4 10 5 5 4 81 43 4 18 31 9 4 73 36 4 37 4 33 37 5 43 4 22 9 19 4 73 41 4 26 4 58 59 4 18 4 9 4 32 4 42 52 4 21 4 23 4 17 4 35 16 4 5 4 33 36 14 31 4 42 4 47 32 4 23 4 12 4 35 4 72 41 4 41 4 51 4 56 46 4 39 4 16 4 115 13 4 20 4 23 4 32 4 104 51 4 39 4 38 4 13 4 
iteration 1061 best: 0.893771 time: 411620
75 21 8 61 13 8 57 31 8 28 16 4 33 4 37 27 4 41 4 67 48 8 79 34 4 38 4 59 45 12 102 33 8 5 5 8 92 22 8 12 40 12 72 18 4 14 4 28 58 4 12 4 14 4 56 4 42 20 4 23 4 26 4 119 60 8 73 30 8 82 29 4 40 4 22 37 16 26 16 45 47 4 18 4 20 4 32 4 58 45 4 39 4 28 4 46 25 8 37 8 10 5 4 21 4 25 4 34 4 62 39 8 19 5 4 19 4 12 4 21 4 16 17 8 9 36 4 29 21 8 56 47 8 89 5 8 74 36 4 13 4 38 4 38 14 4 42 4 88 5 4 13 4 34 4 93 17 4 33 4 21 30 4 38 4 22 4 68 16 4 49 4 12 29 4 30 4 67 29 16 5 16 27 33 41 16 4 30 4 119 42 4 7 4 17 4 71 52 4 8 4 0 27 16 5 16 87 21 53 21 4 42 4 12 53 16 34 16 95 14 4 12 4 17 4 10 47 4 35 4 3 29 4 38 4 51 4 58 38 4 47 4 54 23 41 4 51 45 25 32 4 56 22 39 4 0 41 16 5 16 38 16 4 14 4 27 4 74 5 18 38 4 15 28 10 4 84 5 4 44 4 5 4 19 51 16 21 16 98 40 4 26 4 16 48 4 18 4 18 4 39 24 4 25 9 12 4 111 26 4 29 4 43 4 5 4 30 29 4 16 4 18 4 19 4 117 43 4 32 4 32 5 44 4 71 12 4 12 4 55 4 7 25 4 10 5 5 4 81 43 4 18 31 9 4 73 36 4 37 4 33 37 5 43 4 22 9 19 4 73 41 4 26 4 58 59 4 18 4 9 4 32 4 42 52 4 21 4 23 4 17 4 35 16 4 5 4 33 36 14 31 4 42 4 47 32 4 23 4 12 4 35 4 72 41 4 41 4 51 4 56 46 4 39 4 16 4 115 13 4 20 4 23 4 32 4 104 51 4 39 4 38 4 13 4 
iteration 1080 best: 0.893771 time: 418937
75 21 8 61 13 8 57 31 8 28 16 4 33 4 37 27 4 41 4 67 48 8 79 34 4 38 4 59 45 12 102 33 8 5 5 8 92 22 8 12 40 12 72 18 4 14 4 28 58 4 12 4 14 4 56 4 42 20 4 23 4 26 4 119 60 8 73 30 8 82 29 4 40 4 22 37 16 26 16 45 47 4 18 4 20 4 32 4 58 45 4 39 4 28 4 46 25 8 37 8 10 5 4 21 4 25 4 34 4 62 39 8 19 5 4 19 4 12 4 21 4 16 17 8 9 36 4 29 21 8 56 47 8 89 5 8 74 36 4 13 4 38 4 38 14 4 42 4 88 5 4 13 4 34 4 93 17 4 33 4 21 30 4 38 4 22 4 68 16 4 49 4 12 29 4 30 4 67 29 16 5 16 27 33 41 16 4 30 4 119 42 4 7 4 17 4 71 52 4 8 4 0 27 16 5 16 87 21 53 21 4 42 4 12 53 16 34 16 95 14 4 12 4 17 4 10 47 4 35 4 3 29 4 38 4 51 4 58 38 4 47 4 54 23 41 4 51 45 25 32 4 56 22 39 4 0 41 16 5 16 38 16 4 14 4 27 4 74 5 18 38 4 15 28 10 4 84 5 4 44 4 5 4 19 51 16 21 16 98 40 4 26 4 16 48 4 18 4 18 4 39 24 4 25 9 12 4 111 26 4 29 4 43 4 5 4 30 29 4 16 4 18 4 19 4 117 43 4 32 4 32 5 44 4 71 12 4 12 4 55 4 7 25 4 10 5 5 4 81 43 4 18 31 9 4 73 36 4 37 4 33 37 5 43 4 22 9 19 4 73 41 4 26 4 58 59 4 18 4 9 4 32 4 42 52 4 21 4 23 4 17 4 35 16 4 5 4 33 36 14 31 4 42 4 47 32 4 23 4 12 4 35 4 72 41 4 41 4 51 4 56 46 4 39 4 16 4 115 13 4 20 4 23 4 32 4 104 51 4 39 4 38 4 13 4 
iteration 1099 best: 0.893771 time: 426254
75 21 8 61 13 8 57 31 8 28 16 4 33 4 37 27 4 41 4 67 48 8 79 34 4 38 4 59 45 12 102 33 8 5 5 8 92 22 8 12 40 12 72 18 4 14 4 28 58 4 12 4 14 4 56 4 42 20 4 23 4 26 4 119 60 8 73 30 8 82 29 4 40 4 22 37 16 26 16 45 47 4 18 4 20 4 32 4 58 45 4 39 4 28 4 46 25 8 37 8 10 5 4 21 4 25 4 34 4 62 39 8 19 5 4 19 4 12 4 21 4 16 17 8 9 36 4 29 21 8 56 47 8 89 5 8 74 36 4 13 4 38 4 38 14 4 42 4 88 5 4 13 4 34 4 93 17 4 33 4 21 30 4 38 4 22 4 68 16 4 49 4 12 29 4 30 4 67 29 16 5 16 27 33 41 16 4 30 4 119 42 4 7 4 17 4 71 52 4 8 4 0 27 16 5 16 87 21 53 21 4 42 4 12 53 16 34 16 95 14 4 12 4 17 4 10 47 4 35 4 3 29 4 38 4 51 4 58 38 4 47 4 54 23 41 4 51 45 25 32 4 56 22 39 4 0 41 16 5 16 38 16 4 14 4 27 4 74 5 18 38 4 15 28 10 4 84 5 4 44 4 5 4 19 51 16 21 16 98 40 4 26 4 16 48 4 18 4 18 4 39 24 4 25 9 12 4 111 26 4 29 4 43 4 5 4 30 29 4 16 4 18 4 19 4 117 43 4 32 4 32 5 44 4 71 12 4 12 4 55 4 7 25 4 10 5 5 4 81 43 4 18 31 9 4 73 36 4 37 4 33 37 5 43 4 22 9 19 4 73 41 4 26 4 58 59 4 18 4 9 4 32 4 42 52 4 21 4 23 4 17 4 35 16 4 5 4 33 36 14 31 4 42 4 47 32 4 23 4 12 4 35 4 72 41 4 41 4 51 4 56 46 4 39 4 16 4 115 13 4 20 4 23 4 32 4 104 51 4 39 4 38 4 13 4 
iteration 1118 best: 0.893771 time: 433572
75 21 8 61 13 8 57 31 8 28 16 4 33 4 37 27 4 41 4 67 48 8 79 34 4 38 4 59 45 12 102 33 8 5 5 8 92 22 8 12 40 12 72 18 4 14 4 28 58 4 12 4 14 4 56 4 42 20 4 23 4 26 4 119 60 8 73 30 8 82 29 4 40 4 22 37 16 26 16 45 47 4 18 4 20 4 32 4 58 45 4 39 4 28 4 46 25 8 37 8 10 5 4 21 4 25 4 34 4 62 39 8 19 5 4 19 4 12 4 21 4 16 17 8 9 36 4 29 21 8 56 47 8 89 5 8 74 36 4 13 4 38 4 38 14 4 42 4 88 5 4 13 4 34 4 93 17 4 33 4 21 30 4 38 4 22 4 68 16 4 49 4 12 29 4 30 4 67 29 16 5 16 27 33 41 16 4 30 4 119 42 4 7 4 17 4 71 52 4 8 4 0 27 16 5 16 87 21 53 21 4 42 4 12 53 16 34 16 95 14 4 12 4 17 4 10 47 4 35 4 3 29 4 38 4 51 4 58 38 4 47 4 54 23 41 4 51 45 25 32 4 56 22 39 4 0 41 16 5 16 38 16 4 14 4 27 4 74 5 18 38 4 15 28 10 4 84 5 4 44 4 5 4 19 51 16 21 16 98 40 4 26 4 16 48 4 18 4 18 4 39 24 4 25 9 12 4 111 26 4 29 4 43 4 5 4 30 29 4 16 4 18 4 19 4 117 43 4 32 4 32 5 44 4 71 12 4 12 4 55 4 7 25 4 10 5 5 4 81 43 4 18 31 9 4 73 36 4 37 4 33 37 5 43 4 22 9 19 4 73 41 4 26 4 58 59 4 18 4 9 4 32 4 42 52 4 21 4 23 4 17 4 35 16 4 5 4 33 36 14 31 4 42 4 47 32 4 23 4 12 4 35 4 72 41 4 41 4 51 4 56 46 4 39 4 16 4 115 13 4 20 4 23 4 32 4 104 51 4 39 4 38 4 13 4 
iteration 1137 best: 0.893771 time: 440875
75 21 8 61 13 8 57 31 8 28 16 4 33 4 37 27 4 41 4 67 48 8 79 34 4 38 4 59 45 12 102 33 8 5 5 8 92 22 8 12 40 12 72 18 4 14 4 28 58 4 12 4 14 4 56 4 42 20 4 23 4 26 4 119 60 8 73 30 8 82 29 4 40 4 22 37 16 26 16 45 47 4 18 4 20 4 32 4 58 45 4 39 4 28 4 46 25 8 37 8 10 5 4 21 4 25 4 34 4 62 39 8 19 5 4 19 4 12 4 21 4 16 17 8 9 36 4 29 21 8 56 47 8 89 5 8 74 36 4 13 4 38 4 38 14 4 42 4 88 5 4 13 4 34 4 93 17 4 33 4 21 30 4 38 4 22 4 68 16 4 49 4 12 29 4 30 4 67 29 16 5 16 27 33 41 16 4 30 4 119 42 4 7 4 17 4 71 52 4 8 4 0 27 16 5 16 87 21 53 21 4 42 4 12 53 16 34 16 95 14 4 12 4 17 4 10 47 4 35 4 3 29 4 38 4 51 4 58 38 4 47 4 54 23 41 4 51 45 25 32 4 56 22 39 4 0 41 16 5 16 38 16 4 14 4 27 4 74 5 18 38 4 15 28 10 4 84 5 4 44 4 5 4 19 51 16 21 16 98 40 4 26 4 16 48 4 18 4 18 4 39 24 4 25 9 12 4 111 26 4 29 4 43 4 5 4 30 29 4 16 4 18 4 19 4 117 43 4 32 4 32 5 44 4 71 12 4 12 4 55 4 7 25 4 10 5 5 4 81 43 4 18 31 9 4 73 36 4 37 4 33 37 5 43 4 22 9 19 4 73 41 4 26 4 58 59 4 18 4 9 4 32 4 42 52 4 21 4 23 4 17 4 35 16 4 5 4 33 36 14 31 4 42 4 47 32 4 23 4 12 4 35 4 72 41 4 41 4 51 4 56 46 4 39 4 16 4 115 13 4 20 4 23 4 32 4 104 51 4 39 4 38 4 13 4 
iteration 1156 best: 0.893771 time: 448229
75 21 8 61 13 8 57 31 8 28 16 4 33 4 37 27 4 41 4 67 48 8 79 34 4 38 4 59 45 12 102 33 8 5 5 8 92 22 8 12 40 12 72 18 4 14 4 28 58 4 12 4 14 4 56 4 42 20 4 23 4 26 4 119 60 8 73 30 8 82 29 4 40 4 22 37 16 26 16 45 47 4 18 4 20 4 32 4 58 45 4 39 4 28 4 46 25 8 37 8 10 5 4 21 4 25 4 34 4 62 39 8 19 5 4 19 4 12 4 21 4 16 17 8 9 36 4 29 21 8 56 47 8 89 5 8 74 36 4 13 4 38 4 38 14 4 42 4 88 5 4 13 4 34 4 93 17 4 33 4 21 30 4 38 4 22 4 68 16 4 49 4 12 29 4 30 4 67 29 16 5 16 27 33 41 16 4 30 4 119 42 4 7 4 17 4 71 52 4 8 4 0 27 16 5 16 87 21 53 21 4 42 4 12 53 16 34 16 95 14 4 12 4 17 4 10 47 4 35 4 3 29 4 38 4 51 4 58 38 4 47 4 54 23 41 4 51 45 25 32 4 56 22 39 4 0 41 16 5 16 38 16 4 14 4 27 4 74 5 18 38 4 15 28 10 4 84 5 4 44 4 5 4 19 51 16 21 16 98 40 4 26 4 16 48 4 18 4 18 4 39 24 4 25 9 12 4 111 26 4 29 4 43 4 5 4 30 29 4 16 4 18 4 19 4 117 43 4 32 4 32 5 44 4 71 12 4 12 4 55 4 7 25 4 10 5 5 4 81 43 4 18 31 9 4 73 36 4 37 4 33 37 5 43 4 22 9 19 4 73 41 4 26 4 58 59 4 18 4 9 4 32 4 42 52 4 21 4 23 4 17 4 35 16 4 5 4 33 36 14 31 4 42 4 47 32 4 23 4 12 4 35 4 72 41 4 41 4 51 4 56 46 4 39 4 16 4 115 13 4 20 4 23 4 32 4 104 51 4 39 4 38 4 13 4 
iteration 1175 best: 0.893771 time: 455551
75 21 8 61 13 8 57 31 8 28 16 4 33 4 37 27 4 41 4 67 48 8 79 34 4 38 4 59 45 12 102 33 8 5 5 8 92 22 8 12 40 12 72 18 4 14 4 28 58 4 12 4 14 4 56 4 42 20 4 23 4 26 4 119 60 8 73 30 8 82 29 4 40 4 22 37 16 26 16 45 47 4 18 4 20 4 32 4 58 45 4 39 4 28 4 46 25 8 37 8 10 5 4 21 4 25 4 34 4 62 39 8 19 5 4 19 4 12 4 21 4 16 17 8 9 36 4 29 21 8 56 47 8 89 5 8 74 36 4 13 4 38 4 38 14 4 42 4 88 5 4 13 4 34 4 93 17 4 33 4 21 30 4 38 4 22 4 68 16 4 49 4 12 29 4 30 4 67 29 16 5 16 27 33 41 16 4 30 4 119 42 4 7 4 17 4 71 52 4 8 4 0 27 16 5 16 87 21 53 21 4 42 4 12 53 16 34 16 95 14 4 12 4 17 4 10 47 4 35 4 3 29 4 38 4 51 4 58 38 4 47 4 54 23 41 4 51 45 25 32 4 56 22 39 4 0 41 16 5 16 38 16 4 14 4 27 4 74 5 18 38 4 15 28 10 4 84 5 4 44 4 5 4 19 51 16 21 16 98 40 4 26 4 16 48 4 18 4 18 4 39 24 4 25 9 12 4 111 26 4 29 4 43 4 5 4 30 29 4 16 4 18 4 19 4 117 43 4 32 4 32 5 44 4 71 12 4 12 4 55 4 7 25 4 10 5 5 4 81 43 4 18 31 9 4 73 36 4 37 4 33 37 5 43 4 22 9 19 4 73 41 4 26 4 58 59 4 18 4 9 4 32 4 42 52 4 21 4 23 4 17 4 35 16 4 5 4 33 36 14 31 4 42 4 47 32 4 23 4 12 4 35 4 72 41 4 41 4 51 4 56 46 4 39 4 16 4 115 13 4 20 4 23 4 32 4 104 51 4 39 4 38 4 13 4 
iteration 1194 best: 0.893771 time: 462912
75 21 8 61 13 8 57 31 8 28 16 4 33 4 37 27 4 41 4 67 48 8 79 34 4 38 4 59 45 12 102 33 8 5 5 8 92 22 8 12 40 12 72 18 4 14 4 28 58 4 12 4 14 4 56 4 42 20 4 23 4 26 4 119 60 8 73 30 8 82 29 4 40 4 22 37 16 26 16 45 47 4 18 4 20 4 32 4 58 45 4 39 4 28 4 46 25 8 37 8 10 5 4 21 4 25 4 34 4 62 39 8 19 5 4 19 4 12 4 21 4 16 17 8 9 36 4 29 21 8 56 47 8 89 5 8 74 36 4 13 4 38 4 38 14 4 42 4 88 5 4 13 4 34 4 93 17 4 33 4 21 30 4 38 4 22 4 68 16 4 49 4 12 29 4 30 4 67 29 16 5 16 27 33 41 16 4 30 4 119 42 4 7 4 17 4 71 52 4 8 4 0 27 16 5 16 87 21 53 21 4 42 4 12 53 16 34 16 95 14 4 12 4 17 4 10 47 4 35 4 3 29 4 38 4 51 4 58 38 4 47 4 54 23 41 4 51 45 25 32 4 56 22 39 4 0 41 16 5 16 38 16 4 14 4 27 4 74 5 18 38 4 15 28 10 4 84 5 4 44 4 5 4 19 51 16 21 16 98 40 4 26 4 16 48 4 18 4 18 4 39 24 4 25 9 12 4 111 26 4 29 4 43 4 5 4 30 29 4 16 4 18 4 19 4 117 43 4 32 4 32 5 44 4 71 12 4 12 4 55 4 7 25 4 10 5 5 4 81 43 4 18 31 9 4 73 36 4 37 4 33 37 5 43 4 22 9 19 4 73 41 4 26 4 58 59 4 18 4 9 4 32 4 42 52 4 21 4 23 4 17 4 35 16 4 5 4 33 36 14 31 4 42 4 47 32 4 23 4 12 4 35 4 72 41 4 41 4 51 4 56 46 4 39 4 16 4 115 13 4 20 4 23 4 32 4 104 51 4 39 4 38 4 13 4 
iteration 1213 best: 0.893771 time: 470253
75 21 8 61 13 8 57 31 8 28 16 4 33 4 37 27 4 41 4 67 48 8 79 34 4 38 4 59 45 12 102 33 8 5 5 8 92 22 8 12 40 12 72 18 4 14 4 28 58 4 12 4 14 4 56 4 42 20 4 23 4 26 4 119 60 8 73 30 8 82 29 4 40 4 22 37 16 26 16 45 47 4 18 4 20 4 32 4 58 45 4 39 4 28 4 46 25 8 37 8 10 5 4 21 4 25 4 34 4 62 39 8 19 5 4 19 4 12 4 21 4 16 17 8 9 36 4 29 21 8 56 47 8 89 5 8 74 36 4 13 4 38 4 38 14 4 42 4 88 5 4 13 4 34 4 93 17 4 33 4 21 30 4 38 4 22 4 68 16 4 49 4 12 29 4 30 4 67 29 16 5 16 27 33 41 16 4 30 4 119 42 4 7 4 17 4 71 52 4 8 4 0 27 16 5 16 87 21 53 21 4 42 4 12 53 16 34 16 95 14 4 12 4 17 4 10 47 4 35 4 3 29 4 38 4 51 4 58 38 4 47 4 54 23 41 4 51 45 25 32 4 56 22 39 4 0 41 16 5 16 38 16 4 14 4 27 4 74 5 18 38 4 15 28 10 4 84 5 4 44 4 5 4 19 51 16 21 16 98 40 4 26 4 16 48 4 18 4 18 4 39 24 4 25 9 12 4 111 26 4 29 4 43 4 5 4 30 29 4 16 4 18 4 19 4 117 43 4 32 4 32 5 44 4 71 12 4 12 4 55 4 7 25 4 10 5 5 4 81 43 4 18 31 9 4 73 36 4 37 4 33 37 5 43 4 22 9 19 4 73 41 4 26 4 58 59 4 18 4 9 4 32 4 42 52 4 21 4 23 4 17 4 35 16 4 5 4 33 36 14 31 4 42 4 47 32 4 23 4 12 4 35 4 72 41 4 41 4 51 4 56 46 4 39 4 16 4 115 13 4 20 4 23 4 32 4 104 51 4 39 4 38 4 13 4 
iteration 1232 best: 0.893771 time: 477611
75 21 8 61 13 8 57 31 8 28 16 4 33 4 37 27 4 41 4 67 48 8 79 34 4 38 4 59 45 12 102 33 8 5 5 8 92 22 8 12 40 12 72 18 4 14 4 28 58 4 12 4 14 4 56 4 42 20 4 23 4 26 4 119 60 8 73 30 8 82 29 4 40 4 22 37 16 26 16 45 47 4 18 4 20 4 32 4 58 45 4 39 4 28 4 46 25 8 37 8 10 5 4 21 4 25 4 34 4 62 39 8 19 5 4 19 4 12 4 21 4 16 17 8 9 36 4 29 21 8 56 47 8 89 5 8 74 36 4 13 4 38 4 38 14 4 42 4 88 5 4 13 4 34 4 93 17 4 33 4 21 30 4 38 4 22 4 68 16 4 49 4 12 29 4 30 4 67 29 16 5 16 27 33 41 16 4 30 4 119 42 4 7 4 17 4 71 52 4 8 4 0 27 16 5 16 87 21 53 21 4 42 4 12 53 16 34 16 95 14 4 12 4 17 4 10 47 4 35 4 3 29 4 38 4 51 4 58 38 4 47 4 54 23 41 4 51 45 25 32 4 56 22 39 4 0 41 16 5 16 38 16 4 14 4 27 4 74 5 18 38 4 15 28 10 4 84 5 4 44 4 5 4 19 51 16 21 16 98 40 4 26 4 16 48 4 18 4 18 4 39 24 4 25 9 12 4 111 26 4 29 4 43 4 5 4 30 29 4 16 4 18 4 19 4 117 43 4 32 4 32 5 44 4 71 12 4 12 4 55 4 7 25 4 10 5 5 4 81 43 4 18 31 9 4 73 36 4 37 4 33 37 5 43 4 22 9 19 4 73 41 4 26 4 58 59 4 18 4 9 4 32 4 42 52 4 21 4 23 4 17 4 35 16 4 5 4 33 36 14 31 4 42 4 47 32 4 23 4 12 4 35 4 72 41 4 41 4 51 4 56 46 4 39 4 16 4 115 13 4 20 4 23 4 32 4 104 51 4 39 4 38 4 13 4 
iteration 1251 best: 0.893771 time: 484950
75 21 8 61 13 8 57 31 8 28 16 4 33 4 37 27 4 41 4 67 48 8 79 34 4 38 4 59 45 12 102 33 8 5 5 8 92 22 8 12 40 12 72 18 4 14 4 28 58 4 12 4 14 4 56 4 42 20 4 23 4 26 4 119 60 8 73 30 8 82 29 4 40 4 22 37 16 26 16 45 47 4 18 4 20 4 32 4 58 45 4 39 4 28 4 46 25 8 37 8 10 5 4 21 4 25 4 34 4 62 39 8 19 5 4 19 4 12 4 21 4 16 17 8 9 36 4 29 21 8 56 47 8 89 5 8 74 36 4 13 4 38 4 38 14 4 42 4 88 5 4 13 4 34 4 93 17 4 33 4 21 30 4 38 4 22 4 68 16 4 49 4 12 29 4 30 4 67 29 16 5 16 27 33 41 16 4 30 4 119 42 4 7 4 17 4 71 52 4 8 4 0 27 16 5 16 87 21 53 21 4 42 4 12 53 16 34 16 95 14 4 12 4 17 4 10 47 4 35 4 3 29 4 38 4 51 4 58 38 4 47 4 54 23 41 4 51 45 25 32 4 56 22 39 4 0 41 16 5 16 38 16 4 14 4 27 4 74 5 18 38 4 15 28 10 4 84 5 4 44 4 5 4 19 51 16 21 16 98 40 4 26 4 16 48 4 18 4 18 4 39 24 4 25 9 12 4 111 26 4 29 4 43 4 5 4 30 29 4 16 4 18 4 19 4 117 43 4 32 4 32 5 44 4 71 12 4 12 4 55 4 7 25 4 10 5 5 4 81 43 4 18 31 9 4 73 36 4 37 4 33 37 5 43 4 22 9 19 4 73 41 4 26 4 58 59 4 18 4 9 4 32 4 42 52 4 21 4 23 4 17 4 35 16 4 5 4 33 36 14 31 4 42 4 47 32 4 23 4 12 4 35 4 72 41 4 41 4 51 4 56 46 4 39 4 16 4 115 13 4 20 4 23 4 32 4 104 51 4 39 4 38 4 13 4 
iteration 1270 best: 0.893771 time: 492284
75 21 8 61 13 8 57 31 8 28 16 4 33 4 37 27 4 41 4 67 48 8 79 34 4 38 4 59 45 12 102 33 8 5 5 8 92 22 8 12 40 12 72 18 4 14 4 28 58 4 12 4 14 4 56 4 42 20 4 23 4 26 4 119 60 8 73 30 8 82 29 4 40 4 22 37 16 26 16 45 47 4 18 4 20 4 32 4 58 45 4 39 4 28 4 46 25 8 37 8 10 5 4 21 4 25 4 34 4 62 39 8 19 5 4 19 4 12 4 21 4 16 17 8 9 36 4 29 21 8 56 47 8 89 5 8 74 36 4 13 4 38 4 38 14 4 42 4 88 5 4 13 4 34 4 93 17 4 33 4 21 30 4 38 4 22 4 68 16 4 49 4 12 29 4 30 4 67 29 16 5 16 27 33 41 16 4 30 4 119 42 4 7 4 17 4 71 52 4 8 4 0 27 16 5 16 87 21 53 21 4 42 4 12 53 16 34 16 95 14 4 12 4 17 4 10 47 4 35 4 3 29 4 38 4 51 4 58 38 4 47 4 54 23 41 4 51 45 25 32 4 56 22 39 4 0 41 16 5 16 38 16 4 14 4 27 4 74 5 18 38 4 15 28 10 4 84 5 4 44 4 5 4 19 51 16 21 16 98 40 4 26 4 16 48 4 18 4 18 4 39 24 4 25 9 12 4 111 26 4 29 4 43 4 5 4 30 29 4 16 4 18 4 19 4 117 43 4 32 4 32 5 44 4 71 12 4 12 4 55 4 7 25 4 10 5 5 4 81 43 4 18 31 9 4 73 36 4 37 4 33 37 5 43 4 22 9 19 4 73 41 4 26 4 58 59 4 18 4 9 4 32 4 42 52 4 21 4 23 4 17 4 35 16 4 5 4 33 36 14 31 4 42 4 47 32 4 23 4 12 4 35 4 72 41 4 41 4 51 4 56 46 4 39 4 16 4 115 13 4 20 4 23 4 32 4 104 51 4 39 4 38 4 13 4 
iteration 1289 best: 0.893771 time: 499616
75 21 8 61 13 8 57 31 8 28 16 4 33 4 37 27 4 41 4 67 48 8 79 34 4 38 4 59 45 12 102 33 8 5 5 8 92 22 8 12 40 12 72 18 4 14 4 28 58 4 12 4 14 4 56 4 42 20 4 23 4 26 4 119 60 8 73 30 8 82 29 4 40 4 22 37 16 26 16 45 47 4 18 4 20 4 32 4 58 45 4 39 4 28 4 46 25 8 37 8 10 5 4 21 4 25 4 34 4 62 39 8 19 5 4 19 4 12 4 21 4 16 17 8 9 36 4 29 21 8 56 47 8 89 5 8 74 36 4 13 4 38 4 38 14 4 42 4 88 5 4 13 4 34 4 93 17 4 33 4 21 30 4 38 4 22 4 68 16 4 49 4 12 29 4 30 4 67 29 16 5 16 27 33 41 16 4 30 4 119 42 4 7 4 17 4 71 52 4 8 4 0 27 16 5 16 87 21 53 21 4 42 4 12 53 16 34 16 95 14 4 12 4 17 4 10 47 4 35 4 3 29 4 38 4 51 4 58 38 4 47 4 54 23 41 4 51 45 25 32 4 56 22 39 4 0 41 16 5 16 38 16 4 14 4 27 4 74 5 18 38 4 15 28 10 4 84 5 4 44 4 5 4 19 51 16 21 16 98 40 4 26 4 16 48 4 18 4 18 4 39 24 4 25 9 12 4 111 26 4 29 4 43 4 5 4 30 29 4 16 4 18 4 19 4 117 43 4 32 4 32 5 44 4 71 12 4 12 4 55 4 7 25 4 10 5 5 4 81 43 4 18 31 9 4 73 36 4 37 4 33 37 5 43 4 22 9 19 4 73 41 4 26 4 58 59 4 18 4 9 4 32 4 42 52 4 21 4 23 4 17 4 35 16 4 5 4 33 36 14 31 4 42 4 47 32 4 23 4 12 4 35 4 72 41 4 41 4 51 4 56 46 4 39 4 16 4 115 13 4 20 4 23 4 32 4 104 51 4 39 4 38 4 13 4 
iteration 1308 best: 0.893771 time: 506920
75 21 8 61 13 8 57 31 8 28 16 4 33 4 37 27 4 41 4 67 48 8 79 34 4 38 4 59 45 12 102 33 8 5 5 8 92 22 8 12 40 12 72 18 4 14 4 28 58 4 12 4 14 4 56 4 42 20 4 23 4 26 4 119 60 8 73 30 8 82 29 4 40 4 22 37 16 26 16 45 47 4 18 4 20 4 32 4 58 45 4 39 4 28 4 46 25 8 37 8 10 5 4 21 4 25 4 34 4 62 39 8 19 5 4 19 4 12 4 21 4 16 17 8 9 36 4 29 21 8 56 47 8 89 5 8 74 36 4 13 4 38 4 38 14 4 42 4 88 5 4 13 4 34 4 93 17 4 33 4 21 30 4 38 4 22 4 68 16 4 49 4 12 29 4 30 4 67 29 16 5 16 27 33 41 16 4 30 4 119 42 4 7 4 17 4 71 52 4 8 4 0 27 16 5 16 87 21 53 21 4 42 4 12 53 16 34 16 95 14 4 12 4 17 4 10 47 4 35 4 3 29 4 38 4 51 4 58 38 4 47 4 54 23 41 4 51 45 25 32 4 56 22 39 4 0 41 16 5 16 38 16 4 14 4 27 4 74 5 18 38 4 15 28 10 4 84 5 4 44 4 5 4 19 51 16 21 16 98 40 4 26 4 16 48 4 18 4 18 4 39 24 4 25 9 12 4 111 26 4 29 4 43 4 5 4 30 29 4 16 4 18 4 19 4 117 43 4 32 4 32 5 44 4 71 12 4 12 4 55 4 7 25 4 10 5 5 4 81 43 4 18 31 9 4 73 36 4 37 4 33 37 5 43 4 22 9 19 4 73 41 4 26 4 58 59 4 18 4 9 4 32 4 42 52 4 21 4 23 4 17 4 35 16 4 5 4 33 36 14 31 4 42 4 47 32 4 23 4 12 4 35 4 72 41 4 41 4 51 4 56 46 4 39 4 16 4 115 13 4 20 4 23 4 32 4 104 51 4 39 4 38 4 13 4 
iteration 1327 best: 0.893771 time: 514247
75 21 8 61 13 8 57 31 8 28 16 4 33 4 37 27 4 41 4 67 48 8 79 34 4 38 4 59 45 12 102 33 8 5 5 8 92 22 8 12 40 12 72 18 4 14 4 28 58 4 12 4 14 4 56 4 42 20 4 23 4 26 4 119 60 8 73 30 8 82 29 4 40 4 22 37 16 26 16 45 47 4 18 4 20 4 32 4 58 45 4 39 4 28 4 46 25 8 37 8 10 5 4 21 4 25 4 34 4 62 39 8 19 5 4 19 4 12 4 21 4 16 17 8 9 36 4 29 21 8 56 47 8 89 5 8 74 36 4 13 4 38 4 38 14 4 42 4 88 5 4 13 4 34 4 93 17 4 33 4 21 30 4 38 4 22 4 68 16 4 49 4 12 29 4 30 4 67 29 16 5 16 27 33 41 16 4 30 4 119 42 4 7 4 17 4 71 52 4 8 4 0 27 16 5 16 87 21 53 21 4 42 4 12 53 16 34 16 95 14 4 12 4 17 4 10 47 4 35 4 3 29 4 38 4 51 4 58 38 4 47 4 54 23 41 4 51 45 25 32 4 56 22 39 4 0 41 16 5 16 38 16 4 14 4 27 4 74 5 18 38 4 15 28 10 4 84 5 4 44 4 5 4 19 51 16 21 16 98 40 4 26 4 16 48 4 18 4 18 4 39 24 4 25 9 12 4 111 26 4 29 4 43 4 5 4 30 29 4 16 4 18 4 19 4 117 43 4 32 4 32 5 44 4 71 12 4 12 4 55 4 7 25 4 10 5 5 4 81 43 4 18 31 9 4 73 36 4 37 4 33 37 5 43 4 22 9 19 4 73 41 4 26 4 58 59 4 18 4 9 4 32 4 42 52 4 21 4 23 4 17 4 35 16 4 5 4 33 36 14 31 4 42 4 47 32 4 23 4 12 4 35 4 72 41 4 41 4 51 4 56 46 4 39 4 16 4 115 13 4 20 4 23 4 32 4 104 51 4 39 4 38 4 13 4 
iteration 1346 best: 0.893771 time: 521558
75 21 8 61 13 8 57 31 8 28 16 4 33 4 37 27 4 41 4 67 48 8 79 34 4 38 4 59 45 12 102 33 8 5 5 8 92 22 8 12 40 12 72 18 4 14 4 28 58 4 12 4 14 4 56 4 42 20 4 23 4 26 4 119 60 8 73 30 8 82 29 4 40 4 22 37 16 26 16 45 47 4 18 4 20 4 32 4 58 45 4 39 4 28 4 46 25 8 37 8 10 5 4 21 4 25 4 34 4 62 39 8 19 5 4 19 4 12 4 21 4 16 17 8 9 36 4 29 21 8 56 47 8 89 5 8 74 36 4 13 4 38 4 38 14 4 42 4 88 5 4 13 4 34 4 93 17 4 33 4 21 30 4 38 4 22 4 68 16 4 49 4 12 29 4 30 4 67 29 16 5 16 27 33 41 16 4 30 4 119 42 4 7 4 17 4 71 52 4 8 4 0 27 16 5 16 87 21 53 21 4 42 4 12 53 16 34 16 95 14 4 12 4 17 4 10 47 4 35 4 3 29 4 38 4 51 4 58 38 4 47 4 54 23 41 4 51 45 25 32 4 56 22 39 4 0 41 16 5 16 38 16 4 14 4 27 4 74 5 18 38 4 15 28 10 4 84 5 4 44 4 5 4 19 51 16 21 16 98 40 4 26 4 16 48 4 18 4 18 4 39 24 4 25 9 12 4 111 26 4 29 4 43 4 5 4 30 29 4 16 4 18 4 19 4 117 43 4 32 4 32 5 44 4 71 12 4 12 4 55 4 7 25 4 10 5 5 4 81 43 4 18 31 9 4 73 36 4 37 4 33 37 5 43 4 22 9 19 4 73 41 4 26 4 58 59 4 18 4 9 4 32 4 42 52 4 21 4 23 4 17 4 35 16 4 5 4 33 36 14 31 4 42 4 47 32 4 23 4 12 4 35 4 72 41 4 41 4 51 4 56 46 4 39 4 16 4 115 13 4 20 4 23 4 32 4 104 51 4 39 4 38 4 13 4 
iteration 1365 best: 0.893771 time: 528910
75 21 8 61 13 8 57 31 8 28 16 4 33 4 37 27 4 41 4 67 48 8 79 34 4 38 4 59 45 12 102 33 8 5 5 8 92 22 8 12 40 12 72 18 4 14 4 28 58 4 12 4 14 4 56 4 42 20 4 23 4 26 4 119 60 8 73 30 8 82 29 4 40 4 22 37 16 26 16 45 47 4 18 4 20 4 32 4 58 45 4 39 4 28 4 46 25 8 37 8 10 5 4 21 4 25 4 34 4 62 39 8 19 5 4 19 4 12 4 21 4 16 17 8 9 36 4 29 21 8 56 47 8 89 5 8 74 36 4 13 4 38 4 38 14 4 42 4 88 5 4 13 4 34 4 93 17 4 33 4 21 30 4 38 4 22 4 68 16 4 49 4 12 29 4 30 4 67 29 16 5 16 27 33 41 16 4 30 4 119 42 4 7 4 17 4 71 52 4 8 4 0 27 16 5 16 87 21 53 21 4 42 4 12 53 16 34 16 95 14 4 12 4 17 4 10 47 4 35 4 3 29 4 38 4 51 4 58 38 4 47 4 54 23 41 4 51 45 25 32 4 56 22 39 4 0 41 16 5 16 38 16 4 14 4 27 4 74 5 18 38 4 15 28 10 4 84 5 4 44 4 5 4 19 51 16 21 16 98 40 4 26 4 16 48 4 18 4 18 4 39 24 4 25 9 12 4 111 26 4 29 4 43 4 5 4 30 29 4 16 4 18 4 19 4 117 43 4 32 4 32 5 44 4 71 12 4 12 4 55 4 7 25 4 10 5 5 4 81 43 4 18 31 9 4 73 36 4 37 4 33 37 5 43 4 22 9 19 4 73 41 4 26 4 58 59 4 18 4 9 4 32 4 42 52 4 21 4 23 4 17 4 35 16 4 5 4 33 36 14 31 4 42 4 47 32 4 23 4 12 4 35 4 72 41 4 41 4 51 4 56 46 4 39 4 16 4 115 13 4 20 4 23 4 32 4 104 51 4 39 4 38 4 13 4 
iteration 1384 best: 0.893771 time: 536266
75 21 8 61 13 8 57 31 8 28 16 4 33 4 37 27 4 41 4 67 48 8 79 34 4 38 4 59 45 12 102 33 8 5 5 8 92 22 8 12 40 12 72 18 4 14 4 28 58 4 12 4 14 4 56 4 42 20 4 23 4 26 4 119 60 8 73 30 8 82 29 4 40 4 22 37 16 26 16 45 47 4 18 4 20 4 32 4 58 45 4 39 4 28 4 46 25 8 37 8 10 5 4 21 4 25 4 34 4 62 39 8 19 5 4 19 4 12 4 21 4 16 17 8 9 36 4 29 21 8 56 47 8 89 5 8 74 36 4 13 4 38 4 38 14 4 42 4 88 5 4 13 4 34 4 93 17 4 33 4 21 30 4 38 4 22 4 68 16 4 49 4 12 29 4 30 4 67 29 16 5 16 27 33 41 16 4 30 4 119 42 4 7 4 17 4 71 52 4 8 4 0 27 16 5 16 87 21 53 21 4 42 4 12 53 16 34 16 95 14 4 12 4 17 4 10 47 4 35 4 3 29 4 38 4 51 4 58 38 4 47 4 54 23 41 4 51 45 25 32 4 56 22 39 4 0 41 16 5 16 38 16 4 14 4 27 4 74 5 18 38 4 15 28 10 4 84 5 4 44 4 5 4 19 51 16 21 16 98 40 4 26 4 16 48 4 18 4 18 4 39 24 4 25 9 12 4 111 26 4 29 4 43 4 5 4 30 29 4 16 4 18 4 19 4 117 43 4 32 4 32 5 44 4 71 12 4 12 4 55 4 7 25 4 10 5 5 4 81 43 4 18 31 9 4 73 36 4 37 4 33 37 5 43 4 22 9 19 4 73 41 4 26 4 58 59 4 18 4 9 4 32 4 42 52 4 21 4 23 4 17 4 35 16 4 5 4 33 36 14 31 4 42 4 47 32 4 23 4 12 4 35 4 72 41 4 41 4 51 4 56 46 4 39 4 16 4 115 13 4 20 4 23 4 32 4 104 51 4 39 4 38 4 13 4 
iteration 1403 best: 0.893771 time: 543603
75 21 8 61 13 8 57 31 8 28 16 4 33 4 37 27 4 41 4 67 48 8 79 34 4 38 4 59 45 12 102 33 8 5 5 8 92 22 8 12 40 12 72 18 4 14 4 28 58 4 12 4 14 4 56 4 42 20 4 23 4 26 4 119 60 8 73 30 8 82 29 4 40 4 22 37 16 26 16 45 47 4 18 4 20 4 32 4 58 45 4 39 4 28 4 46 25 8 37 8 10 5 4 21 4 25 4 34 4 62 39 8 19 5 4 19 4 12 4 21 4 16 17 8 9 36 4 29 21 8 56 47 8 89 5 8 74 36 4 13 4 38 4 38 14 4 42 4 88 5 4 13 4 34 4 93 17 4 33 4 21 30 4 38 4 22 4 68 16 4 49 4 12 29 4 30 4 67 29 16 5 16 27 33 41 16 4 30 4 119 42 4 7 4 17 4 71 52 4 8 4 0 27 16 5 16 87 21 53 21 4 42 4 12 53 16 34 16 95 14 4 12 4 17 4 10 47 4 35 4 3 29 4 38 4 51 4 58 38 4 47 4 54 23 41 4 51 45 25 32 4 56 22 39 4 0 41 16 5 16 38 16 4 14 4 27 4 74 5 18 38 4 15 28 10 4 84 5 4 44 4 5 4 19 51 16 21 16 98 40 4 26 4 16 48 4 18 4 18 4 39 24 4 25 9 12 4 111 26 4 29 4 43 4 5 4 30 29 4 16 4 18 4 19 4 117 43 4 32 4 32 5 44 4 71 12 4 12 4 55 4 7 25 4 10 5 5 4 81 43 4 18 31 9 4 73 36 4 37 4 33 37 5 43 4 22 9 19 4 73 41 4 26 4 58 59 4 18 4 9 4 32 4 42 52 4 21 4 23 4 17 4 35 16 4 5 4 33 36 14 31 4 42 4 47 32 4 23 4 12 4 35 4 72 41 4 41 4 51 4 56 46 4 39 4 16 4 115 13 4 20 4 23 4 32 4 104 51 4 39 4 38 4 13 4 
iteration 1422 best: 0.893771 time: 550941
75 21 8 61 13 8 57 31 8 28 16 4 33 4 37 27 4 41 4 67 48 8 79 34 4 38 4 59 45 12 102 33 8 5 5 8 92 22 8 12 40 12 72 18 4 14 4 28 58 4 12 4 14 4 56 4 42 20 4 23 4 26 4 119 60 8 73 30 8 82 29 4 40 4 22 37 16 26 16 45 47 4 18 4 20 4 32 4 58 45 4 39 4 28 4 46 25 8 37 8 10 5 4 21 4 25 4 34 4 62 39 8 19 5 4 19 4 12 4 21 4 16 17 8 9 36 4 29 21 8 56 47 8 89 5 8 74 36 4 13 4 38 4 38 14 4 42 4 88 5 4 13 4 34 4 93 17 4 33 4 21 30 4 38 4 22 4 68 16 4 49 4 12 29 4 30 4 67 29 16 5 16 27 33 41 16 4 30 4 119 42 4 7 4 17 4 71 52 4 8 4 0 27 16 5 16 87 21 53 21 4 42 4 12 53 16 34 16 95 14 4 12 4 17 4 10 47 4 35 4 3 29 4 38 4 51 4 58 38 4 47 4 54 23 41 4 51 45 25 32 4 56 22 39 4 0 41 16 5 16 38 16 4 14 4 27 4 74 5 18 38 4 15 28 10 4 84 5 4 44 4 5 4 19 51 16 21 16 98 40 4 26 4 16 48 4 18 4 18 4 39 24 4 25 9 12 4 111 26 4 29 4 43 4 5 4 30 29 4 16 4 18 4 19 4 117 43 4 32 4 32 5 44 4 71 12 4 12 4 55 4 7 25 4 10 5 5 4 81 43 4 18 31 9 4 73 36 4 37 4 33 37 5 43 4 22 9 19 4 73 41 4 26 4 58 59 4 18 4 9 4 32 4 42 52 4 21 4 23 4 17 4 35 16 4 5 4 33 36 14 31 4 42 4 47 32 4 23 4 12 4 35 4 72 41 4 41 4 51 4 56 46 4 39 4 16 4 115 13 4 20 4 23 4 32 4 104 51 4 39 4 38 4 13 4 
iteration 1441 best: 0.893771 time: 558295
75 21 8 61 13 8 57 31 8 28 16 4 33 4 37 27 4 41 4 67 48 8 79 34 4 38 4 59 45 12 102 33 8 5 5 8 92 22 8 12 40 12 72 18 4 14 4 28 58 4 12 4 14 4 56 4 42 20 4 23 4 26 4 119 60 8 73 30 8 82 29 4 40 4 22 37 16 26 16 45 47 4 18 4 20 4 32 4 58 45 4 39 4 28 4 46 25 8 37 8 10 5 4 21 4 25 4 34 4 62 39 8 19 5 4 19 4 12 4 21 4 16 17 8 9 36 4 29 21 8 56 47 8 89 5 8 74 36 4 13 4 38 4 38 14 4 42 4 88 5 4 13 4 34 4 93 17 4 33 4 21 30 4 38 4 22 4 68 16 4 49 4 12 29 4 30 4 67 29 16 5 16 27 33 41 16 4 30 4 119 42 4 7 4 17 4 71 52 4 8 4 0 27 16 5 16 87 21 53 21 4 42 4 12 53 16 34 16 95 14 4 12 4 17 4 10 47 4 35 4 3 29 4 38 4 51 4 58 38 4 47 4 54 23 41 4 51 45 25 32 4 56 22 39 4 0 41 16 5 16 38 16 4 14 4 27 4 74 5 18 38 4 15 28 10 4 84 5 4 44 4 5 4 19 51 16 21 16 98 40 4 26 4 16 48 4 18 4 18 4 39 24 4 25 9 12 4 111 26 4 29 4 43 4 5 4 30 29 4 16 4 18 4 19 4 117 43 4 32 4 32 5 44 4 71 12 4 12 4 55 4 7 25 4 10 5 5 4 81 43 4 18 31 9 4 73 36 4 37 4 33 37 5 43 4 22 9 19 4 73 41 4 26 4 58 59 4 18 4 9 4 32 4 42 52 4 21 4 23 4 17 4 35 16 4 5 4 33 36 14 31 4 42 4 47 32 4 23 4 12 4 35 4 72 41 4 41 4 51 4 56 46 4 39 4 16 4 115 13 4 20 4 23 4 32 4 104 51 4 39 4 38 4 13 4 
iteration 1460 best: 0.893771 time: 565632
75 21 8 61 13 8 57 31 8 28 16 4 33 4 37 27 4 41 4 67 48 8 79 34 4 38 4 59 45 12 102 33 8 5 5 8 92 22 8 12 40 12 72 18 4 14 4 28 58 4 12 4 14 4 56 4 42 20 4 23 4 26 4 119 60 8 73 30 8 82 29 4 40 4 22 37 16 26 16 45 47 4 18 4 20 4 32 4 58 45 4 39 4 28 4 46 25 8 37 8 10 5 4 21 4 25 4 34 4 62 39 8 19 5 4 19 4 12 4 21 4 16 17 8 9 36 4 29 21 8 56 47 8 89 5 8 74 36 4 13 4 38 4 38 14 4 42 4 88 5 4 13 4 34 4 93 17 4 33 4 21 30 4 38 4 22 4 68 16 4 49 4 12 29 4 30 4 67 29 16 5 16 27 33 41 16 4 30 4 119 42 4 7 4 17 4 71 52 4 8 4 0 27 16 5 16 87 21 53 21 4 42 4 12 53 16 34 16 95 14 4 12 4 17 4 10 47 4 35 4 3 29 4 38 4 51 4 58 38 4 47 4 54 23 41 4 51 45 25 32 4 56 22 39 4 0 41 16 5 16 38 16 4 14 4 27 4 74 5 18 38 4 15 28 10 4 84 5 4 44 4 5 4 19 51 16 21 16 98 40 4 26 4 16 48 4 18 4 18 4 39 24 4 25 9 12 4 111 26 4 29 4 43 4 5 4 30 29 4 16 4 18 4 19 4 117 43 4 32 4 32 5 44 4 71 12 4 12 4 55 4 7 25 4 10 5 5 4 81 43 4 18 31 9 4 73 36 4 37 4 33 37 5 43 4 22 9 19 4 73 41 4 26 4 58 59 4 18 4 9 4 32 4 42 52 4 21 4 23 4 17 4 35 16 4 5 4 33 36 14 31 4 42 4 47 32 4 23 4 12 4 35 4 72 41 4 41 4 51 4 56 46 4 39 4 16 4 115 13 4 20 4 23 4 32 4 104 51 4 39 4 38 4 13 4 
iteration 1479 best: 0.893771 time: 572978
75 21 8 61 13 8 57 31 8 28 16 4 33 4 37 27 4 41 4 67 48 8 79 34 4 38 4 59 45 12 102 33 8 5 5 8 92 22 8 12 40 12 72 18 4 14 4 28 58 4 12 4 14 4 56 4 42 20 4 23 4 26 4 119 60 8 73 30 8 82 29 4 40 4 22 37 16 26 16 45 47 4 18 4 20 4 32 4 58 45 4 39 4 28 4 46 25 8 37 8 10 5 4 21 4 25 4 34 4 62 39 8 19 5 4 19 4 12 4 21 4 16 17 8 9 36 4 29 21 8 56 47 8 89 5 8 74 36 4 13 4 38 4 38 14 4 42 4 88 5 4 13 4 34 4 93 17 4 33 4 21 30 4 38 4 22 4 68 16 4 49 4 12 29 4 30 4 67 29 16 5 16 27 33 41 16 4 30 4 119 42 4 7 4 17 4 71 52 4 8 4 0 27 16 5 16 87 21 53 21 4 42 4 12 53 16 34 16 95 14 4 12 4 17 4 10 47 4 35 4 3 29 4 38 4 51 4 58 38 4 47 4 54 23 41 4 51 45 25 32 4 56 22 39 4 0 41 16 5 16 38 16 4 14 4 27 4 74 5 18 38 4 15 28 10 4 84 5 4 44 4 5 4 19 51 16 21 16 98 40 4 26 4 16 48 4 18 4 18 4 39 24 4 25 9 12 4 111 26 4 29 4 43 4 5 4 30 29 4 16 4 18 4 19 4 117 43 4 32 4 32 5 44 4 71 12 4 12 4 55 4 7 25 4 10 5 5 4 81 43 4 18 31 9 4 73 36 4 37 4 33 37 5 43 4 22 9 19 4 73 41 4 26 4 58 59 4 18 4 9 4 32 4 42 52 4 21 4 23 4 17 4 35 16 4 5 4 33 36 14 31 4 42 4 47 32 4 23 4 12 4 35 4 72 41 4 41 4 51 4 56 46 4 39 4 16 4 115 13 4 20 4 23 4 32 4 104 51 4 39 4 38 4 13 4 
iteration 1498 best: 0.893771 time: 580312
75 21 8 61 13 8 57 31 8 28 16 4 33 4 37 27 4 41 4 67 48 8 79 34 4 38 4 59 45 12 102 33 8 5 5 8 92 22 8 12 40 12 72 18 4 14 4 28 58 4 12 4 14 4 56 4 42 20 4 23 4 26 4 119 60 8 73 30 8 82 29 4 40 4 22 37 16 26 16 45 47 4 18 4 20 4 32 4 58 45 4 39 4 28 4 46 25 8 37 8 10 5 4 21 4 25 4 34 4 62 39 8 19 5 4 19 4 12 4 21 4 16 17 8 9 36 4 29 21 8 56 47 8 89 5 8 74 36 4 13 4 38 4 38 14 4 42 4 88 5 4 13 4 34 4 93 17 4 33 4 21 30 4 38 4 22 4 68 16 4 49 4 12 29 4 30 4 67 29 16 5 16 27 33 41 16 4 30 4 119 42 4 7 4 17 4 71 52 4 8 4 0 27 16 5 16 87 21 53 21 4 42 4 12 53 16 34 16 95 14 4 12 4 17 4 10 47 4 35 4 3 29 4 38 4 51 4 58 38 4 47 4 54 23 41 4 51 45 25 32 4 56 22 39 4 0 41 16 5 16 38 16 4 14 4 27 4 74 5 18 38 4 15 28 10 4 84 5 4 44 4 5 4 19 51 16 21 16 98 40 4 26 4 16 48 4 18 4 18 4 39 24 4 25 9 12 4 111 26 4 29 4 43 4 5 4 30 29 4 16 4 18 4 19 4 117 43 4 32 4 32 5 44 4 71 12 4 12 4 55 4 7 25 4 10 5 5 4 81 43 4 18 31 9 4 73 36 4 37 4 33 37 5 43 4 22 9 19 4 73 41 4 26 4 58 59 4 18 4 9 4 32 4 42 52 4 21 4 23 4 17 4 35 16 4 5 4 33 36 14 31 4 42 4 47 32 4 23 4 12 4 35 4 72 41 4 41 4 51 4 56 46 4 39 4 16 4 115 13 4 20 4 23 4 32 4 104 51 4 39 4 38 4 13 4 
iteration 1517 best: 0.893771 time: 587649
75 21 8 61 13 8 57 31 8 28 16 4 33 4 37 27 4 41 4 67 48 8 79 34 4 38 4 59 45 12 102 33 8 5 5 8 92 22 8 12 40 12 72 18 4 14 4 28 58 4 12 4 14 4 56 4 42 20 4 23 4 26 4 119 60 8 73 30 8 82 29 4 40 4 22 37 16 26 16 45 47 4 18 4 20 4 32 4 58 45 4 39 4 28 4 46 25 8 37 8 10 5 4 21 4 25 4 34 4 62 39 8 19 5 4 19 4 12 4 21 4 16 17 8 9 36 4 29 21 8 56 47 8 89 5 8 74 36 4 13 4 38 4 38 14 4 42 4 88 5 4 13 4 34 4 93 17 4 33 4 21 30 4 38 4 22 4 68 16 4 49 4 12 29 4 30 4 67 29 16 5 16 27 33 41 16 4 30 4 119 42 4 7 4 17 4 71 52 4 8 4 0 27 16 5 16 87 21 53 21 4 42 4 12 53 16 34 16 95 14 4 12 4 17 4 10 47 4 35 4 3 29 4 38 4 51 4 58 38 4 47 4 54 23 41 4 51 45 25 32 4 56 22 39 4 0 41 16 5 16 38 16 4 14 4 27 4 74 5 18 38 4 15 28 10 4 84 5 4 44 4 5 4 19 51 16 21 16 98 40 4 26 4 16 48 4 18 4 18 4 39 24 4 25 9 12 4 111 26 4 29 4 43 4 5 4 30 29 4 16 4 18 4 19 4 117 43 4 32 4 32 5 44 4 71 12 4 12 4 55 4 7 25 4 10 5 5 4 81 43 4 18 31 9 4 73 36 4 37 4 33 37 5 43 4 22 9 19 4 73 41 4 26 4 58 59 4 18 4 9 4 32 4 42 52 4 21 4 23 4 17 4 35 16 4 5 4 33 36 14 31 4 42 4 47 32 4 23 4 12 4 35 4 72 41 4 41 4 51 4 56 46 4 39 4 16 4 115 13 4 20 4 23 4 32 4 104 51 4 39 4 38 4 13 4 
iteration 1536 best: 0.893771 time: 594992
75 21 8 61 13 8 57 31 8 28 16 4 33 4 37 27 4 41 4 67 48 8 79 34 4 38 4 59 45 12 102 33 8 5 5 8 92 22 8 12 40 12 72 18 4 14 4 28 58 4 12 4 14 4 56 4 42 20 4 23 4 26 4 119 60 8 73 30 8 82 29 4 40 4 22 37 16 26 16 45 47 4 18 4 20 4 32 4 58 45 4 39 4 28 4 46 25 8 37 8 10 5 4 21 4 25 4 34 4 62 39 8 19 5 4 19 4 12 4 21 4 16 17 8 9 36 4 29 21 8 56 47 8 89 5 8 74 36 4 13 4 38 4 38 14 4 42 4 88 5 4 13 4 34 4 93 17 4 33 4 21 30 4 38 4 22 4 68 16 4 49 4 12 29 4 30 4 67 29 16 5 16 27 33 41 16 4 30 4 119 42 4 7 4 17 4 71 52 4 8 4 0 27 16 5 16 87 21 53 21 4 42 4 12 53 16 34 16 95 14 4 12 4 17 4 10 47 4 35 4 3 29 4 38 4 51 4 58 38 4 47 4 54 23 41 4 51 45 25 32 4 56 22 39 4 0 41 16 5 16 38 16 4 14 4 27 4 74 5 18 38 4 15 28 10 4 84 5 4 44 4 5 4 19 51 16 21 16 98 40 4 26 4 16 48 4 18 4 18 4 39 24 4 25 9 12 4 111 26 4 29 4 43 4 5 4 30 29 4 16 4 18 4 19 4 117 43 4 32 4 32 5 44 4 71 12 4 12 4 55 4 7 25 4 10 5 5 4 81 43 4 18 31 9 4 73 36 4 37 4 33 37 5 43 4 22 9 19 4 73 41 4 26 4 58 59 4 18 4 9 4 32 4 42 52 4 21 4 23 4 17 4 35 16 4 5 4 33 36 14 31 4 42 4 47 32 4 23 4 12 4 35 4 72 41 4 41 4 51 4 56 46 4 39 4 16 4 115 13 4 20 4 23 4 32 4 104 51 4 39 4 38 4 13 4 
iteration 1555 best: 0.893771 time: 602329
75 21 8 61 13 8 57 31 8 28 16 4 33 4 37 27 4 41 4 67 48 8 79 34 4 38 4 59 45 12 102 33 8 5 5 8 92 22 8 12 40 12 72 18 4 14 4 28 58 4 12 4 14 4 56 4 42 20 4 23 4 26 4 119 60 8 73 30 8 82 29 4 40 4 22 37 16 26 16 45 47 4 18 4 20 4 32 4 58 45 4 39 4 28 4 46 25 8 37 8 10 5 4 21 4 25 4 34 4 62 39 8 19 5 4 19 4 12 4 21 4 16 17 8 9 36 4 29 21 8 56 47 8 89 5 8 74 36 4 13 4 38 4 38 14 4 42 4 88 5 4 13 4 34 4 93 17 4 33 4 21 30 4 38 4 22 4 68 16 4 49 4 12 29 4 30 4 67 29 16 5 16 27 33 41 16 4 30 4 119 42 4 7 4 17 4 71 52 4 8 4 0 27 16 5 16 87 21 53 21 4 42 4 12 53 16 34 16 95 14 4 12 4 17 4 10 47 4 35 4 3 29 4 38 4 51 4 58 38 4 47 4 54 23 41 4 51 45 25 32 4 56 22 39 4 0 41 16 5 16 38 16 4 14 4 27 4 74 5 18 38 4 15 28 10 4 84 5 4 44 4 5 4 19 51 16 21 16 98 40 4 26 4 16 48 4 18 4 18 4 39 24 4 25 9 12 4 111 26 4 29 4 43 4 5 4 30 29 4 16 4 18 4 19 4 117 43 4 32 4 32 5 44 4 71 12 4 12 4 55 4 7 25 4 10 5 5 4 81 43 4 18 31 9 4 73 36 4 37 4 33 37 5 43 4 22 9 19 4 73 41 4 26 4 58 59 4 18 4 9 4 32 4 42 52 4 21 4 23 4 17 4 35 16 4 5 4 33 36 14 31 4 42 4 47 32 4 23 4 12 4 35 4 72 41 4 41 4 51 4 56 46 4 39 4 16 4 115 13 4 20 4 23 4 32 4 104 51 4 39 4 38 4 13 4 
Best solution: 
75 21 8 61 13 8 57 31 8 28 16 4 33 4 37 27 4 41 4 67 48 8 79 34 4 38 4 59 45 12 102 33 8 5 5 8 92 22 8 12 40 12 72 18 4 14 4 28 58 4 12 4 14 4 56 4 42 20 4 23 4 26 4 119 60 8 73 30 8 82 29 4 40 4 22 37 16 26 16 45 47 4 18 4 20 4 32 4 58 45 4 39 4 28 4 46 25 8 37 8 10 5 4 21 4 25 4 34 4 62 39 8 19 5 4 19 4 12 4 21 4 16 17 8 9 36 4 29 21 8 56 47 8 89 5 8 74 36 4 13 4 38 4 38 14 4 42 4 88 5 4 13 4 34 4 93 17 4 33 4 21 30 4 38 4 22 4 68 16 4 49 4 12 29 4 30 4 67 29 16 5 16 27 33 41 16 4 30 4 119 42 4 7 4 17 4 71 52 4 8 4 0 27 16 5 16 87 21 53 21 4 42 4 12 53 16 34 16 95 14 4 12 4 17 4 10 47 4 35 4 3 29 4 38 4 51 4 58 38 4 47 4 54 23 41 4 51 45 25 32 4 56 22 39 4 0 41 16 5 16 38 16 4 14 4 27 4 74 5 18 38 4 15 28 10 4 84 5 4 44 4 5 4 19 51 16 21 16 98 40 4 26 4 16 48 4 18 4 18 4 39 24 4 25 9 12 4 111 26 4 29 4 43 4 5 4 30 29 4 16 4 18 4 19 4 117 43 4 32 4 32 5 44 4 71 12 4 12 4 55 4 7 25 4 10 5 5 4 81 43 4 18 31 9 4 73 36 4 37 4 33 37 5 43 4 22 9 19 4 73 41 4 26 4 58 59 4 18 4 9 4 32 4 42 52 4 21 4 23 4 17 4 35 16 4 5 4 33 36 14 31 4 42 4 47 32 4 23 4 12 4 35 4 72 41 4 41 4 51 4 56 46 4 39 4 16 4 115 13 4 20 4 23 4 32 4 104 51 4 39 4 38 4 13 4 
Fitness: 0.893771
