iteration 16 best: 1.01058 time: 7472
81 24 8 43 26 8 45 36 8 45 22 4 50 4 51 27 4 38 4 25 34 8 19 27 4 36 4 68 57 12 17 54 8 7 6 8 36 41 8 65 41 12 106 60 4 21 4 4 13 4 39 4 5 4 43 4 9 17 4 57 4 42 4 81 15 8 58 55 8 9 39 4 39 4 43 25 16 28 16 49 27 4 14 4 24 4 15 4 90 41 4 5 4 7 4 51 13 8 31 8 92 34 4 52 4 33 4 12 4 47 20 8 74 33 4 22 4 52 4 29 4 0 23 8 27 38 4 98 16 8 11 48 8 49 37 8 94 36 4 41 4 5 4 75 6 4 20 4 60 28 4 33 4 22 4 39 18 4 9 4 0 11 4 38 4 29 4 71 50 4 52 4 112 10 4 13 4 48 5 16 24 16 92 52 22 50 4 9 4 119 35 4 40 4 43 4 108 48 4 7 4 95 22 16 33 16 68 27 40 14 4 52 4 42 48 16 49 16 83 35 4 10 4 43 4 110 32 4 14 4 54 19 4 47 4 30 4 0 26 4 32 4 49 23 5 4 70 22 40 21 4 15 14 6 4 41 40 16 16 16 76 11 4 26 4 16 4 63 32 36 46 4 8 8 39 4 90 56 4 33 4 50 4 41 19 16 9 16 46 35 4 27 4 0 44 4 60 4 25 4 52 46 4 14 35 45 4 117 49 4 39 4 47 4 34 4 58 53 4 36 4 56 4 56 4 21 16 4 5 4 39 23 20 4 76 24 4 17 4 47 4 5 14 4 5 35 37 4 27 39 4 9 24 43 4 83 16 4 30 4 50 41 5 5 4 25 11 34 4 22 9 4 24 4 113 41 4 25 4 23 4 26 4 78 55 4 38 4 23 4 8 4 5 43 4 20 4 27 32 48 43 4 20 4 51 37 4 57 4 60 4 37 4 42 11 4 10 4 39 4 59 42 4 52 4 56 4 60 55 4 40 4 27 4 9 4 0 20 4 43 4 13 4 33 4 
iteration 35 best: 1.01058 time: 14994
81 24 8 43 26 8 45 36 8 45 22 4 50 4 51 27 4 38 4 25 34 8 19 27 4 36 4 68 57 12 17 54 8 7 6 8 36 41 8 65 41 12 106 60 4 21 4 4 13 4 39 4 5 4 43 4 9 17 4 57 4 42 4 81 15 8 58 55 8 9 39 4 39 4 43 25 16 28 16 49 27 4 14 4 24 4 15 4 90 41 4 5 4 7 4 51 13 8 31 8 92 34 4 52 4 33 4 12 4 47 20 8 74 33 4 22 4 52 4 29 4 0 23 8 27 38 4 98 16 8 11 48 8 49 37 8 94 36 4 41 4 5 4 75 6 4 20 4 60 28 4 33 4 22 4 39 18 4 9 4 0 11 4 38 4 29 4 71 50 4 52 4 112 10 4 13 4 48 5 16 24 16 92 52 22 50 4 9 4 119 35 4 40 4 43 4 108 48 4 7 4 95 22 16 33 16 68 27 40 14 4 52 4 42 48 16 49 16 83 35 4 10 4 43 4 110 32 4 14 4 54 19 4 47 4 30 4 0 26 4 32 4 49 23 5 4 70 22 40 21 4 15 14 6 4 41 40 16 16 16 76 11 4 26 4 16 4 63 32 36 46 4 8 8 39 4 90 56 4 33 4 50 4 41 19 16 9 16 46 35 4 27 4 0 44 4 60 4 25 4 52 46 4 14 35 45 4 117 49 4 39 4 47 4 34 4 58 53 4 36 4 56 4 56 4 21 16 4 5 4 39 23 20 4 76 24 4 17 4 47 4 5 14 4 5 35 37 4 27 39 4 9 24 43 4 83 16 4 30 4 50 41 5 5 4 25 11 34 4 22 9 4 24 4 113 41 4 25 4 23 4 26 4 78 55 4 38 4 23 4 8 4 5 43 4 20 4 27 32 48 43 4 20 4 51 37 4 57 4 60 4 37 4 42 11 4 10 4 39 4 59 42 4 52 4 56 4 60 55 4 40 4 27 4 9 4 0 20 4 43 4 13 4 33 4 
iteration 54 best: 1.01058 time: 22535
81 24 8 43 26 8 45 36 8 45 22 4 50 4 51 27 4 38 4 25 34 8 19 27 4 36 4 68 57 12 17 54 8 7 6 8 36 41 8 65 41 12 106 60 4 21 4 4 13 4 39 4 5 4 43 4 9 17 4 57 4 42 4 81 15 8 58 55 8 9 39 4 39 4 43 25 16 28 16 49 27 4 14 4 24 4 15 4 90 41 4 5 4 7 4 51 13 8 31 8 92 34 4 52 4 33 4 12 4 47 20 8 74 33 4 22 4 52 4 29 4 0 23 8 27 38 4 98 16 8 11 48 8 49 37 8 94 36 4 41 4 5 4 75 6 4 20 4 60 28 4 33 4 22 4 39 18 4 9 4 0 11 4 38 4 29 4 71 50 4 52 4 112 10 4 13 4 48 5 16 24 16 92 52 22 50 4 9 4 119 35 4 40 4 43 4 108 48 4 7 4 95 22 16 33 16 68 27 40 14 4 52 4 42 48 16 49 16 83 35 4 10 4 43 4 110 32 4 14 4 54 19 4 47 4 30 4 0 26 4 32 4 49 23 5 4 70 22 40 21 4 15 14 6 4 41 40 16 16 16 76 11 4 26 4 16 4 63 32 36 46 4 8 8 39 4 90 56 4 33 4 50 4 41 19 16 9 16 46 35 4 27 4 0 44 4 60 4 25 4 52 46 4 14 35 45 4 117 49 4 39 4 47 4 34 4 58 53 4 36 4 56 4 56 4 21 16 4 5 4 39 23 20 4 76 24 4 17 4 47 4 5 14 4 5 35 37 4 27 39 4 9 24 43 4 83 16 4 30 4 50 41 5 5 4 25 11 34 4 22 9 4 24 4 113 41 4 25 4 23 4 26 4 78 55 4 38 4 23 4 8 4 5 43 4 20 4 27 32 48 43 4 20 4 51 37 4 57 4 60 4 37 4 42 11 4 10 4 39 4 59 42 4 52 4 56 4 60 55 4 40 4 27 4 9 4 0 20 4 43 4 13 4 33 4 
iteration 73 best: 1.01058 time: 30085
81 24 8 43 26 8 45 36 8 45 22 4 50 4 51 27 4 38 4 25 34 8 19 27 4 36 4 68 57 12 17 54 8 7 6 8 36 41 8 65 41 12 106 60 4 21 4 4 13 4 39 4 5 4 43 4 9 17 4 57 4 42 4 81 15 8 58 55 8 9 39 4 39 4 43 25 16 28 16 49 27 4 14 4 24 4 15 4 90 41 4 5 4 7 4 51 13 8 31 8 92 34 4 52 4 33 4 12 4 47 20 8 74 33 4 22 4 52 4 29 4 0 23 8 27 38 4 98 16 8 11 48 8 49 37 8 94 36 4 41 4 5 4 75 6 4 20 4 60 28 4 33 4 22 4 39 18 4 9 4 0 11 4 38 4 29 4 71 50 4 52 4 112 10 4 13 4 48 5 16 24 16 92 52 22 50 4 9 4 119 35 4 40 4 43 4 108 48 4 7 4 95 22 16 33 16 68 27 40 14 4 52 4 42 48 16 49 16 83 35 4 10 4 43 4 110 32 4 14 4 54 19 4 47 4 30 4 0 26 4 32 4 49 23 5 4 70 22 40 21 4 15 14 6 4 41 40 16 16 16 76 11 4 26 4 16 4 63 32 36 46 4 8 8 39 4 90 56 4 33 4 50 4 41 19 16 9 16 46 35 4 27 4 0 44 4 60 4 25 4 52 46 4 14 35 45 4 117 49 4 39 4 47 4 34 4 58 53 4 36 4 56 4 56 4 21 16 4 5 4 39 23 20 4 76 24 4 17 4 47 4 5 14 4 5 35 37 4 27 39 4 9 24 43 4 83 16 4 30 4 50 41 5 5 4 25 11 34 4 22 9 4 24 4 113 41 4 25 4 23 4 26 4 78 55 4 38 4 23 4 8 4 5 43 4 20 4 27 32 48 43 4 20 4 51 37 4 57 4 60 4 37 4 42 11 4 10 4 39 4 59 42 4 52 4 56 4 60 55 4 40 4 27 4 9 4 0 20 4 43 4 13 4 33 4 
iteration 92 best: 1.01058 time: 37617
81 24 8 43 26 8 45 36 8 45 22 4 50 4 51 27 4 38 4 25 34 8 19 27 4 36 4 68 57 12 17 54 8 7 6 8 36 41 8 65 41 12 106 60 4 21 4 4 13 4 39 4 5 4 43 4 9 17 4 57 4 42 4 81 15 8 58 55 8 9 39 4 39 4 43 25 16 28 16 49 27 4 14 4 24 4 15 4 90 41 4 5 4 7 4 51 13 8 31 8 92 34 4 52 4 33 4 12 4 47 20 8 74 33 4 22 4 52 4 29 4 0 23 8 27 38 4 98 16 8 11 48 8 49 37 8 94 36 4 41 4 5 4 75 6 4 20 4 60 28 4 33 4 22 4 39 18 4 9 4 0 11 4 38 4 29 4 71 50 4 52 4 112 10 4 13 4 48 5 16 24 16 92 52 22 50 4 9 4 119 35 4 40 4 43 4 108 48 4 7 4 95 22 16 33 16 68 27 40 14 4 52 4 42 48 16 49 16 83 35 4 10 4 43 4 110 32 4 14 4 54 19 4 47 4 30 4 0 26 4 32 4 49 23 5 4 70 22 40 21 4 15 14 6 4 41 40 16 16 16 76 11 4 26 4 16 4 63 32 36 46 4 8 8 39 4 90 56 4 33 4 50 4 41 19 16 9 16 46 35 4 27 4 0 44 4 60 4 25 4 52 46 4 14 35 45 4 117 49 4 39 4 47 4 34 4 58 53 4 36 4 56 4 56 4 21 16 4 5 4 39 23 20 4 76 24 4 17 4 47 4 5 14 4 5 35 37 4 27 39 4 9 24 43 4 83 16 4 30 4 50 41 5 5 4 25 11 34 4 22 9 4 24 4 113 41 4 25 4 23 4 26 4 78 55 4 38 4 23 4 8 4 5 43 4 20 4 27 32 48 43 4 20 4 51 37 4 57 4 60 4 37 4 42 11 4 10 4 39 4 59 42 4 52 4 56 4 60 55 4 40 4 27 4 9 4 0 20 4 43 4 13 4 33 4 
iteration 111 best: 1.01058 time: 45149
81 24 8 43 26 8 45 36 8 45 22 4 50 4 51 27 4 38 4 25 34 8 19 27 4 36 4 68 57 12 17 54 8 7 6 8 36 41 8 65 41 12 106 60 4 21 4 4 13 4 39 4 5 4 43 4 9 17 4 57 4 42 4 81 15 8 58 55 8 9 39 4 39 4 43 25 16 28 16 49 27 4 14 4 24 4 15 4 90 41 4 5 4 7 4 51 13 8 31 8 92 34 4 52 4 33 4 12 4 47 20 8 74 33 4 22 4 52 4 29 4 0 23 8 27 38 4 98 16 8 11 48 8 49 37 8 94 36 4 41 4 5 4 75 6 4 20 4 60 28 4 33 4 22 4 39 18 4 9 4 0 11 4 38 4 29 4 71 50 4 52 4 112 10 4 13 4 48 5 16 24 16 92 52 22 50 4 9 4 119 35 4 40 4 43 4 108 48 4 7 4 95 22 16 33 16 68 27 40 14 4 52 4 42 48 16 49 16 83 35 4 10 4 43 4 110 32 4 14 4 54 19 4 47 4 30 4 0 26 4 32 4 49 23 5 4 70 22 40 21 4 15 14 6 4 41 40 16 16 16 76 11 4 26 4 16 4 63 32 36 46 4 8 8 39 4 90 56 4 33 4 50 4 41 19 16 9 16 46 35 4 27 4 0 44 4 60 4 25 4 52 46 4 14 35 45 4 117 49 4 39 4 47 4 34 4 58 53 4 36 4 56 4 56 4 21 16 4 5 4 39 23 20 4 76 24 4 17 4 47 4 5 14 4 5 35 37 4 27 39 4 9 24 43 4 83 16 4 30 4 50 41 5 5 4 25 11 34 4 22 9 4 24 4 113 41 4 25 4 23 4 26 4 78 55 4 38 4 23 4 8 4 5 43 4 20 4 27 32 48 43 4 20 4 51 37 4 57 4 60 4 37 4 42 11 4 10 4 39 4 59 42 4 52 4 56 4 60 55 4 40 4 27 4 9 4 0 20 4 43 4 13 4 33 4 
iteration 130 best: 1.01058 time: 52669
81 24 8 43 26 8 45 36 8 45 22 4 50 4 51 27 4 38 4 25 34 8 19 27 4 36 4 68 57 12 17 54 8 7 6 8 36 41 8 65 41 12 106 60 4 21 4 4 13 4 39 4 5 4 43 4 9 17 4 57 4 42 4 81 15 8 58 55 8 9 39 4 39 4 43 25 16 28 16 49 27 4 14 4 24 4 15 4 90 41 4 5 4 7 4 51 13 8 31 8 92 34 4 52 4 33 4 12 4 47 20 8 74 33 4 22 4 52 4 29 4 0 23 8 27 38 4 98 16 8 11 48 8 49 37 8 94 36 4 41 4 5 4 75 6 4 20 4 60 28 4 33 4 22 4 39 18 4 9 4 0 11 4 38 4 29 4 71 50 4 52 4 112 10 4 13 4 48 5 16 24 16 92 52 22 50 4 9 4 119 35 4 40 4 43 4 108 48 4 7 4 95 22 16 33 16 68 27 40 14 4 52 4 42 48 16 49 16 83 35 4 10 4 43 4 110 32 4 14 4 54 19 4 47 4 30 4 0 26 4 32 4 49 23 5 4 70 22 40 21 4 15 14 6 4 41 40 16 16 16 76 11 4 26 4 16 4 63 32 36 46 4 8 8 39 4 90 56 4 33 4 50 4 41 19 16 9 16 46 35 4 27 4 0 44 4 60 4 25 4 52 46 4 14 35 45 4 117 49 4 39 4 47 4 34 4 58 53 4 36 4 56 4 56 4 21 16 4 5 4 39 23 20 4 76 24 4 17 4 47 4 5 14 4 5 35 37 4 27 39 4 9 24 43 4 83 16 4 30 4 50 41 5 5 4 25 11 34 4 22 9 4 24 4 113 41 4 25 4 23 4 26 4 78 55 4 38 4 23 4 8 4 5 43 4 20 4 27 32 48 43 4 20 4 51 37 4 57 4 60 4 37 4 42 11 4 10 4 39 4 59 42 4 52 4 56 4 60 55 4 40 4 27 4 9 4 0 20 4 43 4 13 4 33 4 
iteration 149 best: 1.01058 time: 60175
81 24 8 43 26 8 45 36 8 45 22 4 50 4 51 27 4 38 4 25 34 8 19 27 4 36 4 68 57 12 17 54 8 7 6 8 36 41 8 65 41 12 106 60 4 21 4 4 13 4 39 4 5 4 43 4 9 17 4 57 4 42 4 81 15 8 58 55 8 9 39 4 39 4 43 25 16 28 16 49 27 4 14 4 24 4 15 4 90 41 4 5 4 7 4 51 13 8 31 8 92 34 4 52 4 33 4 12 4 47 20 8 74 33 4 22 4 52 4 29 4 0 23 8 27 38 4 98 16 8 11 48 8 49 37 8 94 36 4 41 4 5 4 75 6 4 20 4 60 28 4 33 4 22 4 39 18 4 9 4 0 11 4 38 4 29 4 71 50 4 52 4 112 10 4 13 4 48 5 16 24 16 92 52 22 50 4 9 4 119 35 4 40 4 43 4 108 48 4 7 4 95 22 16 33 16 68 27 40 14 4 52 4 42 48 16 49 16 83 35 4 10 4 43 4 110 32 4 14 4 54 19 4 47 4 30 4 0 26 4 32 4 49 23 5 4 70 22 40 21 4 15 14 6 4 41 40 16 16 16 76 11 4 26 4 16 4 63 32 36 46 4 8 8 39 4 90 56 4 33 4 50 4 41 19 16 9 16 46 35 4 27 4 0 44 4 60 4 25 4 52 46 4 14 35 45 4 117 49 4 39 4 47 4 34 4 58 53 4 36 4 56 4 56 4 21 16 4 5 4 39 23 20 4 76 24 4 17 4 47 4 5 14 4 5 35 37 4 27 39 4 9 24 43 4 83 16 4 30 4 50 41 5 5 4 25 11 34 4 22 9 4 24 4 113 41 4 25 4 23 4 26 4 78 55 4 38 4 23 4 8 4 5 43 4 20 4 27 32 48 43 4 20 4 51 37 4 57 4 60 4 37 4 42 11 4 10 4 39 4 59 42 4 52 4 56 4 60 55 4 40 4 27 4 9 4 0 20 4 43 4 13 4 33 4 
iteration 168 best: 1.01058 time: 67682
81 24 8 43 26 8 45 36 8 45 22 4 50 4 51 27 4 38 4 25 34 8 19 27 4 36 4 68 57 12 17 54 8 7 6 8 36 41 8 65 41 12 106 60 4 21 4 4 13 4 39 4 5 4 43 4 9 17 4 57 4 42 4 81 15 8 58 55 8 9 39 4 39 4 43 25 16 28 16 49 27 4 14 4 24 4 15 4 90 41 4 5 4 7 4 51 13 8 31 8 92 34 4 52 4 33 4 12 4 47 20 8 74 33 4 22 4 52 4 29 4 0 23 8 27 38 4 98 16 8 11 48 8 49 37 8 94 36 4 41 4 5 4 75 6 4 20 4 60 28 4 33 4 22 4 39 18 4 9 4 0 11 4 38 4 29 4 71 50 4 52 4 112 10 4 13 4 48 5 16 24 16 92 52 22 50 4 9 4 119 35 4 40 4 43 4 108 48 4 7 4 95 22 16 33 16 68 27 40 14 4 52 4 42 48 16 49 16 83 35 4 10 4 43 4 110 32 4 14 4 54 19 4 47 4 30 4 0 26 4 32 4 49 23 5 4 70 22 40 21 4 15 14 6 4 41 40 16 16 16 76 11 4 26 4 16 4 63 32 36 46 4 8 8 39 4 90 56 4 33 4 50 4 41 19 16 9 16 46 35 4 27 4 0 44 4 60 4 25 4 52 46 4 14 35 45 4 117 49 4 39 4 47 4 34 4 58 53 4 36 4 56 4 56 4 21 16 4 5 4 39 23 20 4 76 24 4 17 4 47 4 5 14 4 5 35 37 4 27 39 4 9 24 43 4 83 16 4 30 4 50 41 5 5 4 25 11 34 4 22 9 4 24 4 113 41 4 25 4 23 4 26 4 78 55 4 38 4 23 4 8 4 5 43 4 20 4 27 32 48 43 4 20 4 51 37 4 57 4 60 4 37 4 42 11 4 10 4 39 4 59 42 4 52 4 56 4 60 55 4 40 4 27 4 9 4 0 20 4 43 4 13 4 33 4 
iteration 187 best: 1.01058 time: 75198
81 24 8 43 26 8 45 36 8 45 22 4 50 4 51 27 4 38 4 25 34 8 19 27 4 36 4 68 57 12 17 54 8 7 6 8 36 41 8 65 41 12 106 60 4 21 4 4 13 4 39 4 5 4 43 4 9 17 4 57 4 42 4 81 15 8 58 55 8 9 39 4 39 4 43 25 16 28 16 49 27 4 14 4 24 4 15 4 90 41 4 5 4 7 4 51 13 8 31 8 92 34 4 52 4 33 4 12 4 47 20 8 74 33 4 22 4 52 4 29 4 0 23 8 27 38 4 98 16 8 11 48 8 49 37 8 94 36 4 41 4 5 4 75 6 4 20 4 60 28 4 33 4 22 4 39 18 4 9 4 0 11 4 38 4 29 4 71 50 4 52 4 112 10 4 13 4 48 5 16 24 16 92 52 22 50 4 9 4 119 35 4 40 4 43 4 108 48 4 7 4 95 22 16 33 16 68 27 40 14 4 52 4 42 48 16 49 16 83 35 4 10 4 43 4 110 32 4 14 4 54 19 4 47 4 30 4 0 26 4 32 4 49 23 5 4 70 22 40 21 4 15 14 6 4 41 40 16 16 16 76 11 4 26 4 16 4 63 32 36 46 4 8 8 39 4 90 56 4 33 4 50 4 41 19 16 9 16 46 35 4 27 4 0 44 4 60 4 25 4 52 46 4 14 35 45 4 117 49 4 39 4 47 4 34 4 58 53 4 36 4 56 4 56 4 21 16 4 5 4 39 23 20 4 76 24 4 17 4 47 4 5 14 4 5 35 37 4 27 39 4 9 24 43 4 83 16 4 30 4 50 41 5 5 4 25 11 34 4 22 9 4 24 4 113 41 4 25 4 23 4 26 4 78 55 4 38 4 23 4 8 4 5 43 4 20 4 27 32 48 43 4 20 4 51 37 4 57 4 60 4 37 4 42 11 4 10 4 39 4 59 42 4 52 4 56 4 60 55 4 40 4 27 4 9 4 0 20 4 43 4 13 4 33 4 
iteration 206 best: 1.01058 time: 82706
81 24 8 43 26 8 45 36 8 45 22 4 50 4 51 27 4 38 4 25 34 8 19 27 4 36 4 68 57 12 17 54 8 7 6 8 36 41 8 65 41 12 106 60 4 21 4 4 13 4 39 4 5 4 43 4 9 17 4 57 4 42 4 81 15 8 58 55 8 9 39 4 39 4 43 25 16 28 16 49 27 4 14 4 24 4 15 4 90 41 4 5 4 7 4 51 13 8 31 8 92 34 4 52 4 33 4 12 4 47 20 8 74 33 4 22 4 52 4 29 4 0 23 8 27 38 4 98 16 8 11 48 8 49 37 8 94 36 4 41 4 5 4 75 6 4 20 4 60 28 4 33 4 22 4 39 18 4 9 4 0 11 4 38 4 29 4 71 50 4 52 4 112 10 4 13 4 48 5 16 24 16 92 52 22 50 4 9 4 119 35 4 40 4 43 4 108 48 4 7 4 95 22 16 33 16 68 27 40 14 4 52 4 42 48 16 49 16 83 35 4 10 4 43 4 110 32 4 14 4 54 19 4 47 4 30 4 0 26 4 32 4 49 23 5 4 70 22 40 21 4 15 14 6 4 41 40 16 16 16 76 11 4 26 4 16 4 63 32 36 46 4 8 8 39 4 90 56 4 33 4 50 4 41 19 16 9 16 46 35 4 27 4 0 44 4 60 4 25 4 52 46 4 14 35 45 4 117 49 4 39 4 47 4 34 4 58 53 4 36 4 56 4 56 4 21 16 4 5 4 39 23 20 4 76 24 4 17 4 47 4 5 14 4 5 35 37 4 27 39 4 9 24 43 4 83 16 4 30 4 50 41 5 5 4 25 11 34 4 22 9 4 24 4 113 41 4 25 4 23 4 26 4 78 55 4 38 4 23 4 8 4 5 43 4 20 4 27 32 48 43 4 20 4 51 37 4 57 4 60 4 37 4 42 11 4 10 4 39 4 59 42 4 52 4 56 4 60 55 4 40 4 27 4 9 4 0 20 4 43 4 13 4 33 4 
iteration 225 best: 1.01058 time: 90238
81 24 8 43 26 8 45 36 8 45 22 4 50 4 51 27 4 38 4 25 34 8 19 27 4 36 4 68 57 12 17 54 8 7 6 8 36 41 8 65 41 12 106 60 4 21 4 4 13 4 39 4 5 4 43 4 9 17 4 57 4 42 4 81 15 8 58 55 8 9 39 4 39 4 43 25 16 28 16 49 27 4 14 4 24 4 15 4 90 41 4 5 4 7 4 51 13 8 31 8 92 34 4 52 4 33 4 12 4 47 20 8 74 33 4 22 4 52 4 29 4 0 23 8 27 38 4 98 16 8 11 48 8 49 37 8 94 36 4 41 4 5 4 75 6 4 20 4 60 28 4 33 4 22 4 39 18 4 9 4 0 11 4 38 4 29 4 71 50 4 52 4 112 10 4 13 4 48 5 16 24 16 92 52 22 50 4 9 4 119 35 4 40 4 43 4 108 48 4 7 4 95 22 16 33 16 68 27 40 14 4 52 4 42 48 16 49 16 83 35 4 10 4 43 4 110 32 4 14 4 54 19 4 47 4 30 4 0 26 4 32 4 49 23 5 4 70 22 40 21 4 15 14 6 4 41 40 16 16 16 76 11 4 26 4 16 4 63 32 36 46 4 8 8 39 4 90 56 4 33 4 50 4 41 19 16 9 16 46 35 4 27 4 0 44 4 60 4 25 4 52 46 4 14 35 45 4 117 49 4 39 4 47 4 34 4 58 53 4 36 4 56 4 56 4 21 16 4 5 4 39 23 20 4 76 24 4 17 4 47 4 5 14 4 5 35 37 4 27 39 4 9 24 43 4 83 16 4 30 4 50 41 5 5 4 25 11 34 4 22 9 4 24 4 113 41 4 25 4 23 4 26 4 78 55 4 38 4 23 4 8 4 5 43 4 20 4 27 32 48 43 4 20 4 51 37 4 57 4 60 4 37 4 42 11 4 10 4 39 4 59 42 4 52 4 56 4 60 55 4 40 4 27 4 9 4 0 20 4 43 4 13 4 33 4 
iteration 244 best: 1.01058 time: 97735
81 24 8 43 26 8 45 36 8 45 22 4 50 4 51 27 4 38 4 25 34 8 19 27 4 36 4 68 57 12 17 54 8 7 6 8 36 41 8 65 41 12 106 60 4 21 4 4 13 4 39 4 5 4 43 4 9 17 4 57 4 42 4 81 15 8 58 55 8 9 39 4 39 4 43 25 16 28 16 49 27 4 14 4 24 4 15 4 90 41 4 5 4 7 4 51 13 8 31 8 92 34 4 52 4 33 4 12 4 47 20 8 74 33 4 22 4 52 4 29 4 0 23 8 27 38 4 98 16 8 11 48 8 49 37 8 94 36 4 41 4 5 4 75 6 4 20 4 60 28 4 33 4 22 4 39 18 4 9 4 0 11 4 38 4 29 4 71 50 4 52 4 112 10 4 13 4 48 5 16 24 16 92 52 22 50 4 9 4 119 35 4 40 4 43 4 108 48 4 7 4 95 22 16 33 16 68 27 40 14 4 52 4 42 48 16 49 16 83 35 4 10 4 43 4 110 32 4 14 4 54 19 4 47 4 30 4 0 26 4 32 4 49 23 5 4 70 22 40 21 4 15 14 6 4 41 40 16 16 16 76 11 4 26 4 16 4 63 32 36 46 4 8 8 39 4 90 56 4 33 4 50 4 41 19 16 9 16 46 35 4 27 4 0 44 4 60 4 25 4 52 46 4 14 35 45 4 117 49 4 39 4 47 4 34 4 58 53 4 36 4 56 4 56 4 21 16 4 5 4 39 23 20 4 76 24 4 17 4 47 4 5 14 4 5 35 37 4 27 39 4 9 24 43 4 83 16 4 30 4 50 41 5 5 4 25 11 34 4 22 9 4 24 4 113 41 4 25 4 23 4 26 4 78 55 4 38 4 23 4 8 4 5 43 4 20 4 27 32 48 43 4 20 4 51 37 4 57 4 60 4 37 4 42 11 4 10 4 39 4 59 42 4 52 4 56 4 60 55 4 40 4 27 4 9 4 0 20 4 43 4 13 4 33 4 
iteration 263 best: 1.01058 time: 105258
81 24 8 43 26 8 45 36 8 45 22 4 50 4 51 27 4 38 4 25 34 8 19 27 4 36 4 68 57 12 17 54 8 7 6 8 36 41 8 65 41 12 106 60 4 21 4 4 13 4 39 4 5 4 43 4 9 17 4 57 4 42 4 81 15 8 58 55 8 9 39 4 39 4 43 25 16 28 16 49 27 4 14 4 24 4 15 4 90 41 4 5 4 7 4 51 13 8 31 8 92 34 4 52 4 33 4 12 4 47 20 8 74 33 4 22 4 52 4 29 4 0 23 8 27 38 4 98 16 8 11 48 8 49 37 8 94 36 4 41 4 5 4 75 6 4 20 4 60 28 4 33 4 22 4 39 18 4 9 4 0 11 4 38 4 29 4 71 50 4 52 4 112 10 4 13 4 48 5 16 24 16 92 52 22 50 4 9 4 119 35 4 40 4 43 4 108 48 4 7 4 95 22 16 33 16 68 27 40 14 4 52 4 42 48 16 49 16 83 35 4 10 4 43 4 110 32 4 14 4 54 19 4 47 4 30 4 0 26 4 32 4 49 23 5 4 70 22 40 21 4 15 14 6 4 41 40 16 16 16 76 11 4 26 4 16 4 63 32 36 46 4 8 8 39 4 90 56 4 33 4 50 4 41 19 16 9 16 46 35 4 27 4 0 44 4 60 4 25 4 52 46 4 14 35 45 4 117 49 4 39 4 47 4 34 4 58 53 4 36 4 56 4 56 4 21 16 4 5 4 39 23 20 4 76 24 4 17 4 47 4 5 14 4 5 35 37 4 27 39 4 9 24 43 4 83 16 4 30 4 50 41 5 5 4 25 11 34 4 22 9 4 24 4 113 41 4 25 4 23 4 26 4 78 55 4 38 4 23 4 8 4 5 43 4 20 4 27 32 48 43 4 20 4 51 37 4 57 4 60 4 37 4 42 11 4 10 4 39 4 59 42 4 52 4 56 4 60 55 4 40 4 27 4 9 4 0 20 4 43 4 13 4 33 4 
iteration 282 best: 1.01058 time: 112760
81 24 8 43 26 8 45 36 8 45 22 4 50 4 51 27 4 38 4 25 34 8 19 27 4 36 4 68 57 12 17 54 8 7 6 8 36 41 8 65 41 12 106 60 4 21 4 4 13 4 39 4 5 4 43 4 9 17 4 57 4 42 4 81 15 8 58 55 8 9 39 4 39 4 43 25 16 28 16 49 27 4 14 4 24 4 15 4 90 41 4 5 4 7 4 51 13 8 31 8 92 34 4 52 4 33 4 12 4 47 20 8 74 33 4 22 4 52 4 29 4 0 23 8 27 38 4 98 16 8 11 48 8 49 37 8 94 36 4 41 4 5 4 75 6 4 20 4 60 28 4 33 4 22 4 39 18 4 9 4 0 11 4 38 4 29 4 71 50 4 52 4 112 10 4 13 4 48 5 16 24 16 92 52 22 50 4 9 4 119 35 4 40 4 43 4 108 48 4 7 4 95 22 16 33 16 68 27 40 14 4 52 4 42 48 16 49 16 83 35 4 10 4 43 4 110 32 4 14 4 54 19 4 47 4 30 4 0 26 4 32 4 49 23 5 4 70 22 40 21 4 15 14 6 4 41 40 16 16 16 76 11 4 26 4 16 4 63 32 36 46 4 8 8 39 4 90 56 4 33 4 50 4 41 19 16 9 16 46 35 4 27 4 0 44 4 60 4 25 4 52 46 4 14 35 45 4 117 49 4 39 4 47 4 34 4 58 53 4 36 4 56 4 56 4 21 16 4 5 4 39 23 20 4 76 24 4 17 4 47 4 5 14 4 5 35 37 4 27 39 4 9 24 43 4 83 16 4 30 4 50 41 5 5 4 25 11 34 4 22 9 4 24 4 113 41 4 25 4 23 4 26 4 78 55 4 38 4 23 4 8 4 5 43 4 20 4 27 32 48 43 4 20 4 51 37 4 57 4 60 4 37 4 42 11 4 10 4 39 4 59 42 4 52 4 56 4 60 55 4 40 4 27 4 9 4 0 20 4 43 4 13 4 33 4 
iteration 301 best: 1.01058 time: 120248
81 24 8 43 26 8 45 36 8 45 22 4 50 4 51 27 4 38 4 25 34 8 19 27 4 36 4 68 57 12 17 54 8 7 6 8 36 41 8 65 41 12 106 60 4 21 4 4 13 4 39 4 5 4 43 4 9 17 4 57 4 42 4 81 15 8 58 55 8 9 39 4 39 4 43 25 16 28 16 49 27 4 14 4 24 4 15 4 90 41 4 5 4 7 4 51 13 8 31 8 92 34 4 52 4 33 4 12 4 47 20 8 74 33 4 22 4 52 4 29 4 0 23 8 27 38 4 98 16 8 11 48 8 49 37 8 94 36 4 41 4 5 4 75 6 4 20 4 60 28 4 33 4 22 4 39 18 4 9 4 0 11 4 38 4 29 4 71 50 4 52 4 112 10 4 13 4 48 5 16 24 16 92 52 22 50 4 9 4 119 35 4 40 4 43 4 108 48 4 7 4 95 22 16 33 16 68 27 40 14 4 52 4 42 48 16 49 16 83 35 4 10 4 43 4 110 32 4 14 4 54 19 4 47 4 30 4 0 26 4 32 4 49 23 5 4 70 22 40 21 4 15 14 6 4 41 40 16 16 16 76 11 4 26 4 16 4 63 32 36 46 4 8 8 39 4 90 56 4 33 4 50 4 41 19 16 9 16 46 35 4 27 4 0 44 4 60 4 25 4 52 46 4 14 35 45 4 117 49 4 39 4 47 4 34 4 58 53 4 36 4 56 4 56 4 21 16 4 5 4 39 23 20 4 76 24 4 17 4 47 4 5 14 4 5 35 37 4 27 39 4 9 24 43 4 83 16 4 30 4 50 41 5 5 4 25 11 34 4 22 9 4 24 4 113 41 4 25 4 23 4 26 4 78 55 4 38 4 23 4 8 4 5 43 4 20 4 27 32 48 43 4 20 4 51 37 4 57 4 60 4 37 4 42 11 4 10 4 39 4 59 42 4 52 4 56 4 60 55 4 40 4 27 4 9 4 0 20 4 43 4 13 4 33 4 
iteration 320 best: 1.01058 time: 127765
81 24 8 43 26 8 45 36 8 45 22 4 50 4 51 27 4 38 4 25 34 8 19 27 4 36 4 68 57 12 17 54 8 7 6 8 36 41 8 65 41 12 106 60 4 21 4 4 13 4 39 4 5 4 43 4 9 17 4 57 4 42 4 81 15 8 58 55 8 9 39 4 39 4 43 25 16 28 16 49 27 4 14 4 24 4 15 4 90 41 4 5 4 7 4 51 13 8 31 8 92 34 4 52 4 33 4 12 4 47 20 8 74 33 4 22 4 52 4 29 4 0 23 8 27 38 4 98 16 8 11 48 8 49 37 8 94 36 4 41 4 5 4 75 6 4 20 4 60 28 4 33 4 22 4 39 18 4 9 4 0 11 4 38 4 29 4 71 50 4 52 4 112 10 4 13 4 48 5 16 24 16 92 52 22 50 4 9 4 119 35 4 40 4 43 4 108 48 4 7 4 95 22 16 33 16 68 27 40 14 4 52 4 42 48 16 49 16 83 35 4 10 4 43 4 110 32 4 14 4 54 19 4 47 4 30 4 0 26 4 32 4 49 23 5 4 70 22 40 21 4 15 14 6 4 41 40 16 16 16 76 11 4 26 4 16 4 63 32 36 46 4 8 8 39 4 90 56 4 33 4 50 4 41 19 16 9 16 46 35 4 27 4 0 44 4 60 4 25 4 52 46 4 14 35 45 4 117 49 4 39 4 47 4 34 4 58 53 4 36 4 56 4 56 4 21 16 4 5 4 39 23 20 4 76 24 4 17 4 47 4 5 14 4 5 35 37 4 27 39 4 9 24 43 4 83 16 4 30 4 50 41 5 5 4 25 11 34 4 22 9 4 24 4 113 41 4 25 4 23 4 26 4 78 55 4 38 4 23 4 8 4 5 43 4 20 4 27 32 48 43 4 20 4 51 37 4 57 4 60 4 37 4 42 11 4 10 4 39 4 59 42 4 52 4 56 4 60 55 4 40 4 27 4 9 4 0 20 4 43 4 13 4 33 4 
iteration 339 best: 1.01058 time: 135272
81 24 8 43 26 8 45 36 8 45 22 4 50 4 51 27 4 38 4 25 34 8 19 27 4 36 4 68 57 12 17 54 8 7 6 8 36 41 8 65 41 12 106 60 4 21 4 4 13 4 39 4 5 4 43 4 9 17 4 57 4 42 4 81 15 8 58 55 8 9 39 4 39 4 43 25 16 28 16 49 27 4 14 4 24 4 15 4 90 41 4 5 4 7 4 51 13 8 31 8 92 34 4 52 4 33 4 12 4 47 20 8 74 33 4 22 4 52 4 29 4 0 23 8 27 38 4 98 16 8 11 48 8 49 37 8 94 36 4 41 4 5 4 75 6 4 20 4 60 28 4 33 4 22 4 39 18 4 9 4 0 11 4 38 4 29 4 71 50 4 52 4 112 10 4 13 4 48 5 16 24 16 92 52 22 50 4 9 4 119 35 4 40 4 43 4 108 48 4 7 4 95 22 16 33 16 68 27 40 14 4 52 4 42 48 16 49 16 83 35 4 10 4 43 4 110 32 4 14 4 54 19 4 47 4 30 4 0 26 4 32 4 49 23 5 4 70 22 40 21 4 15 14 6 4 41 40 16 16 16 76 11 4 26 4 16 4 63 32 36 46 4 8 8 39 4 90 56 4 33 4 50 4 41 19 16 9 16 46 35 4 27 4 0 44 4 60 4 25 4 52 46 4 14 35 45 4 117 49 4 39 4 47 4 34 4 58 53 4 36 4 56 4 56 4 21 16 4 5 4 39 23 20 4 76 24 4 17 4 47 4 5 14 4 5 35 37 4 27 39 4 9 24 43 4 83 16 4 30 4 50 41 5 5 4 25 11 34 4 22 9 4 24 4 113 41 4 25 4 23 4 26 4 78 55 4 38 4 23 4 8 4 5 43 4 20 4 27 32 48 43 4 20 4 51 37 4 57 4 60 4 37 4 42 11 4 10 4 39 4 59 42 4 52 4 56 4 60 55 4 40 4 27 4 9 4 0 20 4 43 4 13 4 33 4 
iteration 358 best: 1.01058 time: 142821
81 24 8 43 26 8 45 36 8 45 22 4 50 4 51 27 4 38 4 25 34 8 19 27 4 36 4 68 57 12 17 54 8 7 6 8 36 41 8 65 41 12 106 60 4 21 4 4 13 4 39 4 5 4 43 4 9 17 4 57 4 42 4 81 15 8 58 55 8 9 39 4 39 4 43 25 16 28 16 49 27 4 14 4 24 4 15 4 90 41 4 5 4 7 4 51 13 8 31 8 92 34 4 52 4 33 4 12 4 47 20 8 74 33 4 22 4 52 4 29 4 0 23 8 27 38 4 98 16 8 11 48 8 49 37 8 94 36 4 41 4 5 4 75 6 4 20 4 60 28 4 33 4 22 4 39 18 4 9 4 0 11 4 38 4 29 4 71 50 4 52 4 112 10 4 13 4 48 5 16 24 16 92 52 22 50 4 9 4 119 35 4 40 4 43 4 108 48 4 7 4 95 22 16 33 16 68 27 40 14 4 52 4 42 48 16 49 16 83 35 4 10 4 43 4 110 32 4 14 4 54 19 4 47 4 30 4 0 26 4 32 4 49 23 5 4 70 22 40 21 4 15 14 6 4 41 40 16 16 16 76 11 4 26 4 16 4 63 32 36 46 4 8 8 39 4 90 56 4 33 4 50 4 41 19 16 9 16 46 35 4 27 4 0 44 4 60 4 25 4 52 46 4 14 35 45 4 117 49 4 39 4 47 4 34 4 58 53 4 36 4 56 4 56 4 21 16 4 5 4 39 23 20 4 76 24 4 17 4 47 4 5 14 4 5 35 37 4 27 39 4 9 24 43 4 83 16 4 30 4 50 41 5 5 4 25 11 34 4 22 9 4 24 4 113 41 4 25 4 23 4 26 4 78 55 4 38 4 23 4 8 4 5 43 4 20 4 27 32 48 43 4 20 4 51 37 4 57 4 60 4 37 4 42 11 4 10 4 39 4 59 42 4 52 4 56 4 60 55 4 40 4 27 4 9 4 0 20 4 43 4 13 4 33 4 
iteration 377 best: 1.01058 time: 150348
81 24 8 43 26 8 45 36 8 45 22 4 50 4 51 27 4 38 4 25 34 8 19 27 4 36 4 68 57 12 17 54 8 7 6 8 36 41 8 65 41 12 106 60 4 21 4 4 13 4 39 4 5 4 43 4 9 17 4 57 4 42 4 81 15 8 58 55 8 9 39 4 39 4 43 25 16 28 16 49 27 4 14 4 24 4 15 4 90 41 4 5 4 7 4 51 13 8 31 8 92 34 4 52 4 33 4 12 4 47 20 8 74 33 4 22 4 52 4 29 4 0 23 8 27 38 4 98 16 8 11 48 8 49 37 8 94 36 4 41 4 5 4 75 6 4 20 4 60 28 4 33 4 22 4 39 18 4 9 4 0 11 4 38 4 29 4 71 50 4 52 4 112 10 4 13 4 48 5 16 24 16 92 52 22 50 4 9 4 119 35 4 40 4 43 4 108 48 4 7 4 95 22 16 33 16 68 27 40 14 4 52 4 42 48 16 49 16 83 35 4 10 4 43 4 110 32 4 14 4 54 19 4 47 4 30 4 0 26 4 32 4 49 23 5 4 70 22 40 21 4 15 14 6 4 41 40 16 16 16 76 11 4 26 4 16 4 63 32 36 46 4 8 8 39 4 90 56 4 33 4 50 4 41 19 16 9 16 46 35 4 27 4 0 44 4 60 4 25 4 52 46 4 14 35 45 4 117 49 4 39 4 47 4 34 4 58 53 4 36 4 56 4 56 4 21 16 4 5 4 39 23 20 4 76 24 4 17 4 47 4 5 14 4 5 35 37 4 27 39 4 9 24 43 4 83 16 4 30 4 50 41 5 5 4 25 11 34 4 22 9 4 24 4 113 41 4 25 4 23 4 26 4 78 55 4 38 4 23 4 8 4 5 43 4 20 4 27 32 48 43 4 20 4 51 37 4 57 4 60 4 37 4 42 11 4 10 4 39 4 59 42 4 52 4 56 4 60 55 4 40 4 27 4 9 4 0 20 4 43 4 13 4 33 4 
iteration 396 best: 1.01058 time: 157884
81 24 8 43 26 8 45 36 8 45 22 4 50 4 51 27 4 38 4 25 34 8 19 27 4 36 4 68 57 12 17 54 8 7 6 8 36 41 8 65 41 12 106 60 4 21 4 4 13 4 39 4 5 4 43 4 9 17 4 57 4 42 4 81 15 8 58 55 8 9 39 4 39 4 43 25 16 28 16 49 27 4 14 4 24 4 15 4 90 41 4 5 4 7 4 51 13 8 31 8 92 34 4 52 4 33 4 12 4 47 20 8 74 33 4 22 4 52 4 29 4 0 23 8 27 38 4 98 16 8 11 48 8 49 37 8 94 36 4 41 4 5 4 75 6 4 20 4 60 28 4 33 4 22 4 39 18 4 9 4 0 11 4 38 4 29 4 71 50 4 52 4 112 10 4 13 4 48 5 16 24 16 92 52 22 50 4 9 4 119 35 4 40 4 43 4 108 48 4 7 4 95 22 16 33 16 68 27 40 14 4 52 4 42 48 16 49 16 83 35 4 10 4 43 4 110 32 4 14 4 54 19 4 47 4 30 4 0 26 4 32 4 49 23 5 4 70 22 40 21 4 15 14 6 4 41 40 16 16 16 76 11 4 26 4 16 4 63 32 36 46 4 8 8 39 4 90 56 4 33 4 50 4 41 19 16 9 16 46 35 4 27 4 0 44 4 60 4 25 4 52 46 4 14 35 45 4 117 49 4 39 4 47 4 34 4 58 53 4 36 4 56 4 56 4 21 16 4 5 4 39 23 20 4 76 24 4 17 4 47 4 5 14 4 5 35 37 4 27 39 4 9 24 43 4 83 16 4 30 4 50 41 5 5 4 25 11 34 4 22 9 4 24 4 113 41 4 25 4 23 4 26 4 78 55 4 38 4 23 4 8 4 5 43 4 20 4 27 32 48 43 4 20 4 51 37 4 57 4 60 4 37 4 42 11 4 10 4 39 4 59 42 4 52 4 56 4 60 55 4 40 4 27 4 9 4 0 20 4 43 4 13 4 33 4 
iteration 415 best: 1.01058 time: 165417
81 24 8 43 26 8 45 36 8 45 22 4 50 4 51 27 4 38 4 25 34 8 19 27 4 36 4 68 57 12 17 54 8 7 6 8 36 41 8 65 41 12 106 60 4 21 4 4 13 4 39 4 5 4 43 4 9 17 4 57 4 42 4 81 15 8 58 55 8 9 39 4 39 4 43 25 16 28 16 49 27 4 14 4 24 4 15 4 90 41 4 5 4 7 4 51 13 8 31 8 92 34 4 52 4 33 4 12 4 47 20 8 74 33 4 22 4 52 4 29 4 0 23 8 27 38 4 98 16 8 11 48 8 49 37 8 94 36 4 41 4 5 4 75 6 4 20 4 60 28 4 33 4 22 4 39 18 4 9 4 0 11 4 38 4 29 4 71 50 4 52 4 112 10 4 13 4 48 5 16 24 16 92 52 22 50 4 9 4 119 35 4 40 4 43 4 108 48 4 7 4 95 22 16 33 16 68 27 40 14 4 52 4 42 48 16 49 16 83 35 4 10 4 43 4 110 32 4 14 4 54 19 4 47 4 30 4 0 26 4 32 4 49 23 5 4 70 22 40 21 4 15 14 6 4 41 40 16 16 16 76 11 4 26 4 16 4 63 32 36 46 4 8 8 39 4 90 56 4 33 4 50 4 41 19 16 9 16 46 35 4 27 4 0 44 4 60 4 25 4 52 46 4 14 35 45 4 117 49 4 39 4 47 4 34 4 58 53 4 36 4 56 4 56 4 21 16 4 5 4 39 23 20 4 76 24 4 17 4 47 4 5 14 4 5 35 37 4 27 39 4 9 24 43 4 83 16 4 30 4 50 41 5 5 4 25 11 34 4 22 9 4 24 4 113 41 4 25 4 23 4 26 4 78 55 4 38 4 23 4 8 4 5 43 4 20 4 27 32 48 43 4 20 4 51 37 4 57 4 60 4 37 4 42 11 4 10 4 39 4 59 42 4 52 4 56 4 60 55 4 40 4 27 4 9 4 0 20 4 43 4 13 4 33 4 
iteration 434 best: 1.01058 time: 172943
81 24 8 43 26 8 45 36 8 45 22 4 50 4 51 27 4 38 4 25 34 8 19 27 4 36 4 68 57 12 17 54 8 7 6 8 36 41 8 65 41 12 106 60 4 21 4 4 13 4 39 4 5 4 43 4 9 17 4 57 4 42 4 81 15 8 58 55 8 9 39 4 39 4 43 25 16 28 16 49 27 4 14 4 24 4 15 4 90 41 4 5 4 7 4 51 13 8 31 8 92 34 4 52 4 33 4 12 4 47 20 8 74 33 4 22 4 52 4 29 4 0 23 8 27 38 4 98 16 8 11 48 8 49 37 8 94 36 4 41 4 5 4 75 6 4 20 4 60 28 4 33 4 22 4 39 18 4 9 4 0 11 4 38 4 29 4 71 50 4 52 4 112 10 4 13 4 48 5 16 24 16 92 52 22 50 4 9 4 119 35 4 40 4 43 4 108 48 4 7 4 95 22 16 33 16 68 27 40 14 4 52 4 42 48 16 49 16 83 35 4 10 4 43 4 110 32 4 14 4 54 19 4 47 4 30 4 0 26 4 32 4 49 23 5 4 70 22 40 21 4 15 14 6 4 41 40 16 16 16 76 11 4 26 4 16 4 63 32 36 46 4 8 8 39 4 90 56 4 33 4 50 4 41 19 16 9 16 46 35 4 27 4 0 44 4 60 4 25 4 52 46 4 14 35 45 4 117 49 4 39 4 47 4 34 4 58 53 4 36 4 56 4 56 4 21 16 4 5 4 39 23 20 4 76 24 4 17 4 47 4 5 14 4 5 35 37 4 27 39 4 9 24 43 4 83 16 4 30 4 50 41 5 5 4 25 11 34 4 22 9 4 24 4 113 41 4 25 4 23 4 26 4 78 55 4 38 4 23 4 8 4 5 43 4 20 4 27 32 48 43 4 20 4 51 37 4 57 4 60 4 37 4 42 11 4 10 4 39 4 59 42 4 52 4 56 4 60 55 4 40 4 27 4 9 4 0 20 4 43 4 13 4 33 4 
iteration 453 best: 1.01058 time: 180431
81 24 8 43 26 8 45 36 8 45 22 4 50 4 51 27 4 38 4 25 34 8 19 27 4 36 4 68 57 12 17 54 8 7 6 8 36 41 8 65 41 12 106 60 4 21 4 4 13 4 39 4 5 4 43 4 9 17 4 57 4 42 4 81 15 8 58 55 8 9 39 4 39 4 43 25 16 28 16 49 27 4 14 4 24 4 15 4 90 41 4 5 4 7 4 51 13 8 31 8 92 34 4 52 4 33 4 12 4 47 20 8 74 33 4 22 4 52 4 29 4 0 23 8 27 38 4 98 16 8 11 48 8 49 37 8 94 36 4 41 4 5 4 75 6 4 20 4 60 28 4 33 4 22 4 39 18 4 9 4 0 11 4 38 4 29 4 71 50 4 52 4 112 10 4 13 4 48 5 16 24 16 92 52 22 50 4 9 4 119 35 4 40 4 43 4 108 48 4 7 4 95 22 16 33 16 68 27 40 14 4 52 4 42 48 16 49 16 83 35 4 10 4 43 4 110 32 4 14 4 54 19 4 47 4 30 4 0 26 4 32 4 49 23 5 4 70 22 40 21 4 15 14 6 4 41 40 16 16 16 76 11 4 26 4 16 4 63 32 36 46 4 8 8 39 4 90 56 4 33 4 50 4 41 19 16 9 16 46 35 4 27 4 0 44 4 60 4 25 4 52 46 4 14 35 45 4 117 49 4 39 4 47 4 34 4 58 53 4 36 4 56 4 56 4 21 16 4 5 4 39 23 20 4 76 24 4 17 4 47 4 5 14 4 5 35 37 4 27 39 4 9 24 43 4 83 16 4 30 4 50 41 5 5 4 25 11 34 4 22 9 4 24 4 113 41 4 25 4 23 4 26 4 78 55 4 38 4 23 4 8 4 5 43 4 20 4 27 32 48 43 4 20 4 51 37 4 57 4 60 4 37 4 42 11 4 10 4 39 4 59 42 4 52 4 56 4 60 55 4 40 4 27 4 9 4 0 20 4 43 4 13 4 33 4 
iteration 472 best: 1.01058 time: 187964
81 24 8 43 26 8 45 36 8 45 22 4 50 4 51 27 4 38 4 25 34 8 19 27 4 36 4 68 57 12 17 54 8 7 6 8 36 41 8 65 41 12 106 60 4 21 4 4 13 4 39 4 5 4 43 4 9 17 4 57 4 42 4 81 15 8 58 55 8 9 39 4 39 4 43 25 16 28 16 49 27 4 14 4 24 4 15 4 90 41 4 5 4 7 4 51 13 8 31 8 92 34 4 52 4 33 4 12 4 47 20 8 74 33 4 22 4 52 4 29 4 0 23 8 27 38 4 98 16 8 11 48 8 49 37 8 94 36 4 41 4 5 4 75 6 4 20 4 60 28 4 33 4 22 4 39 18 4 9 4 0 11 4 38 4 29 4 71 50 4 52 4 112 10 4 13 4 48 5 16 24 16 92 52 22 50 4 9 4 119 35 4 40 4 43 4 108 48 4 7 4 95 22 16 33 16 68 27 40 14 4 52 4 42 48 16 49 16 83 35 4 10 4 43 4 110 32 4 14 4 54 19 4 47 4 30 4 0 26 4 32 4 49 23 5 4 70 22 40 21 4 15 14 6 4 41 40 16 16 16 76 11 4 26 4 16 4 63 32 36 46 4 8 8 39 4 90 56 4 33 4 50 4 41 19 16 9 16 46 35 4 27 4 0 44 4 60 4 25 4 52 46 4 14 35 45 4 117 49 4 39 4 47 4 34 4 58 53 4 36 4 56 4 56 4 21 16 4 5 4 39 23 20 4 76 24 4 17 4 47 4 5 14 4 5 35 37 4 27 39 4 9 24 43 4 83 16 4 30 4 50 41 5 5 4 25 11 34 4 22 9 4 24 4 113 41 4 25 4 23 4 26 4 78 55 4 38 4 23 4 8 4 5 43 4 20 4 27 32 48 43 4 20 4 51 37 4 57 4 60 4 37 4 42 11 4 10 4 39 4 59 42 4 52 4 56 4 60 55 4 40 4 27 4 9 4 0 20 4 43 4 13 4 33 4 
iteration 491 best: 1.01058 time: 195468
81 24 8 43 26 8 45 36 8 45 22 4 50 4 51 27 4 38 4 25 34 8 19 27 4 36 4 68 57 12 17 54 8 7 6 8 36 41 8 65 41 12 106 60 4 21 4 4 13 4 39 4 5 4 43 4 9 17 4 57 4 42 4 81 15 8 58 55 8 9 39 4 39 4 43 25 16 28 16 49 27 4 14 4 24 4 15 4 90 41 4 5 4 7 4 51 13 8 31 8 92 34 4 52 4 33 4 12 4 47 20 8 74 33 4 22 4 52 4 29 4 0 23 8 27 38 4 98 16 8 11 48 8 49 37 8 94 36 4 41 4 5 4 75 6 4 20 4 60 28 4 33 4 22 4 39 18 4 9 4 0 11 4 38 4 29 4 71 50 4 52 4 112 10 4 13 4 48 5 16 24 16 92 52 22 50 4 9 4 119 35 4 40 4 43 4 108 48 4 7 4 95 22 16 33 16 68 27 40 14 4 52 4 42 48 16 49 16 83 35 4 10 4 43 4 110 32 4 14 4 54 19 4 47 4 30 4 0 26 4 32 4 49 23 5 4 70 22 40 21 4 15 14 6 4 41 40 16 16 16 76 11 4 26 4 16 4 63 32 36 46 4 8 8 39 4 90 56 4 33 4 50 4 41 19 16 9 16 46 35 4 27 4 0 44 4 60 4 25 4 52 46 4 14 35 45 4 117 49 4 39 4 47 4 34 4 58 53 4 36 4 56 4 56 4 21 16 4 5 4 39 23 20 4 76 24 4 17 4 47 4 5 14 4 5 35 37 4 27 39 4 9 24 43 4 83 16 4 30 4 50 41 5 5 4 25 11 34 4 22 9 4 24 4 113 41 4 25 4 23 4 26 4 78 55 4 38 4 23 4 8 4 5 43 4 20 4 27 32 48 43 4 20 4 51 37 4 57 4 60 4 37 4 42 11 4 10 4 39 4 59 42 4 52 4 56 4 60 55 4 40 4 27 4 9 4 0 20 4 43 4 13 4 33 4 
iteration 510 best: 1.01058 time: 202988
81 24 8 43 26 8 45 36 8 45 22 4 50 4 51 27 4 38 4 25 34 8 19 27 4 36 4 68 57 12 17 54 8 7 6 8 36 41 8 65 41 12 106 60 4 21 4 4 13 4 39 4 5 4 43 4 9 17 4 57 4 42 4 81 15 8 58 55 8 9 39 4 39 4 43 25 16 28 16 49 27 4 14 4 24 4 15 4 90 41 4 5 4 7 4 51 13 8 31 8 92 34 4 52 4 33 4 12 4 47 20 8 74 33 4 22 4 52 4 29 4 0 23 8 27 38 4 98 16 8 11 48 8 49 37 8 94 36 4 41 4 5 4 75 6 4 20 4 60 28 4 33 4 22 4 39 18 4 9 4 0 11 4 38 4 29 4 71 50 4 52 4 112 10 4 13 4 48 5 16 24 16 92 52 22 50 4 9 4 119 35 4 40 4 43 4 108 48 4 7 4 95 22 16 33 16 68 27 40 14 4 52 4 42 48 16 49 16 83 35 4 10 4 43 4 110 32 4 14 4 54 19 4 47 4 30 4 0 26 4 32 4 49 23 5 4 70 22 40 21 4 15 14 6 4 41 40 16 16 16 76 11 4 26 4 16 4 63 32 36 46 4 8 8 39 4 90 56 4 33 4 50 4 41 19 16 9 16 46 35 4 27 4 0 44 4 60 4 25 4 52 46 4 14 35 45 4 117 49 4 39 4 47 4 34 4 58 53 4 36 4 56 4 56 4 21 16 4 5 4 39 23 20 4 76 24 4 17 4 47 4 5 14 4 5 35 37 4 27 39 4 9 24 43 4 83 16 4 30 4 50 41 5 5 4 25 11 34 4 22 9 4 24 4 113 41 4 25 4 23 4 26 4 78 55 4 38 4 23 4 8 4 5 43 4 20 4 27 32 48 43 4 20 4 51 37 4 57 4 60 4 37 4 42 11 4 10 4 39 4 59 42 4 52 4 56 4 60 55 4 40 4 27 4 9 4 0 20 4 43 4 13 4 33 4 
iteration 529 best: 1.01058 time: 210502
81 24 8 43 26 8 45 36 8 45 22 4 50 4 51 27 4 38 4 25 34 8 19 27 4 36 4 68 57 12 17 54 8 7 6 8 36 41 8 65 41 12 106 60 4 21 4 4 13 4 39 4 5 4 43 4 9 17 4 57 4 42 4 81 15 8 58 55 8 9 39 4 39 4 43 25 16 28 16 49 27 4 14 4 24 4 15 4 90 41 4 5 4 7 4 51 13 8 31 8 92 34 4 52 4 33 4 12 4 47 20 8 74 33 4 22 4 52 4 29 4 0 23 8 27 38 4 98 16 8 11 48 8 49 37 8 94 36 4 41 4 5 4 75 6 4 20 4 60 28 4 33 4 22 4 39 18 4 9 4 0 11 4 38 4 29 4 71 50 4 52 4 112 10 4 13 4 48 5 16 24 16 92 52 22 50 4 9 4 119 35 4 40 4 43 4 108 48 4 7 4 95 22 16 33 16 68 27 40 14 4 52 4 42 48 16 49 16 83 35 4 10 4 43 4 110 32 4 14 4 54 19 4 47 4 30 4 0 26 4 32 4 49 23 5 4 70 22 40 21 4 15 14 6 4 41 40 16 16 16 76 11 4 26 4 16 4 63 32 36 46 4 8 8 39 4 90 56 4 33 4 50 4 41 19 16 9 16 46 35 4 27 4 0 44 4 60 4 25 4 52 46 4 14 35 45 4 117 49 4 39 4 47 4 34 4 58 53 4 36 4 56 4 56 4 21 16 4 5 4 39 23 20 4 76 24 4 17 4 47 4 5 14 4 5 35 37 4 27 39 4 9 24 43 4 83 16 4 30 4 50 41 5 5 4 25 11 34 4 22 9 4 24 4 113 41 4 25 4 23 4 26 4 78 55 4 38 4 23 4 8 4 5 43 4 20 4 27 32 48 43 4 20 4 51 37 4 57 4 60 4 37 4 42 11 4 10 4 39 4 59 42 4 52 4 56 4 60 55 4 40 4 27 4 9 4 0 20 4 43 4 13 4 33 4 
iteration 548 best: 1.01058 time: 218033
81 24 8 43 26 8 45 36 8 45 22 4 50 4 51 27 4 38 4 25 34 8 19 27 4 36 4 68 57 12 17 54 8 7 6 8 36 41 8 65 41 12 106 60 4 21 4 4 13 4 39 4 5 4 43 4 9 17 4 57 4 42 4 81 15 8 58 55 8 9 39 4 39 4 43 25 16 28 16 49 27 4 14 4 24 4 15 4 90 41 4 5 4 7 4 51 13 8 31 8 92 34 4 52 4 33 4 12 4 47 20 8 74 33 4 22 4 52 4 29 4 0 23 8 27 38 4 98 16 8 11 48 8 49 37 8 94 36 4 41 4 5 4 75 6 4 20 4 60 28 4 33 4 22 4 39 18 4 9 4 0 11 4 38 4 29 4 71 50 4 52 4 112 10 4 13 4 48 5 16 24 16 92 52 22 50 4 9 4 119 35 4 40 4 43 4 108 48 4 7 4 95 22 16 33 16 68 27 40 14 4 52 4 42 48 16 49 16 83 35 4 10 4 43 4 110 32 4 14 4 54 19 4 47 4 30 4 0 26 4 32 4 49 23 5 4 70 22 40 21 4 15 14 6 4 41 40 16 16 16 76 11 4 26 4 16 4 63 32 36 46 4 8 8 39 4 90 56 4 33 4 50 4 41 19 16 9 16 46 35 4 27 4 0 44 4 60 4 25 4 52 46 4 14 35 45 4 117 49 4 39 4 47 4 34 4 58 53 4 36 4 56 4 56 4 21 16 4 5 4 39 23 20 4 76 24 4 17 4 47 4 5 14 4 5 35 37 4 27 39 4 9 24 43 4 83 16 4 30 4 50 41 5 5 4 25 11 34 4 22 9 4 24 4 113 41 4 25 4 23 4 26 4 78 55 4 38 4 23 4 8 4 5 43 4 20 4 27 32 48 43 4 20 4 51 37 4 57 4 60 4 37 4 42 11 4 10 4 39 4 59 42 4 52 4 56 4 60 55 4 40 4 27 4 9 4 0 20 4 43 4 13 4 33 4 
iteration 567 best: 1.01058 time: 225576
81 24 8 43 26 8 45 36 8 45 22 4 50 4 51 27 4 38 4 25 34 8 19 27 4 36 4 68 57 12 17 54 8 7 6 8 36 41 8 65 41 12 106 60 4 21 4 4 13 4 39 4 5 4 43 4 9 17 4 57 4 42 4 81 15 8 58 55 8 9 39 4 39 4 43 25 16 28 16 49 27 4 14 4 24 4 15 4 90 41 4 5 4 7 4 51 13 8 31 8 92 34 4 52 4 33 4 12 4 47 20 8 74 33 4 22 4 52 4 29 4 0 23 8 27 38 4 98 16 8 11 48 8 49 37 8 94 36 4 41 4 5 4 75 6 4 20 4 60 28 4 33 4 22 4 39 18 4 9 4 0 11 4 38 4 29 4 71 50 4 52 4 112 10 4 13 4 48 5 16 24 16 92 52 22 50 4 9 4 119 35 4 40 4 43 4 108 48 4 7 4 95 22 16 33 16 68 27 40 14 4 52 4 42 48 16 49 16 83 35 4 10 4 43 4 110 32 4 14 4 54 19 4 47 4 30 4 0 26 4 32 4 49 23 5 4 70 22 40 21 4 15 14 6 4 41 40 16 16 16 76 11 4 26 4 16 4 63 32 36 46 4 8 8 39 4 90 56 4 33 4 50 4 41 19 16 9 16 46 35 4 27 4 0 44 4 60 4 25 4 52 46 4 14 35 45 4 117 49 4 39 4 47 4 34 4 58 53 4 36 4 56 4 56 4 21 16 4 5 4 39 23 20 4 76 24 4 17 4 47 4 5 14 4 5 35 37 4 27 39 4 9 24 43 4 83 16 4 30 4 50 41 5 5 4 25 11 34 4 22 9 4 24 4 113 41 4 25 4 23 4 26 4 78 55 4 38 4 23 4 8 4 5 43 4 20 4 27 32 48 43 4 20 4 51 37 4 57 4 60 4 37 4 42 11 4 10 4 39 4 59 42 4 52 4 56 4 60 55 4 40 4 27 4 9 4 0 20 4 43 4 13 4 33 4 
iteration 586 best: 1.01058 time: 233121
81 24 8 43 26 8 45 36 8 45 22 4 50 4 51 27 4 38 4 25 34 8 19 27 4 36 4 68 57 12 17 54 8 7 6 8 36 41 8 65 41 12 106 60 4 21 4 4 13 4 39 4 5 4 43 4 9 17 4 57 4 42 4 81 15 8 58 55 8 9 39 4 39 4 43 25 16 28 16 49 27 4 14 4 24 4 15 4 90 41 4 5 4 7 4 51 13 8 31 8 92 34 4 52 4 33 4 12 4 47 20 8 74 33 4 22 4 52 4 29 4 0 23 8 27 38 4 98 16 8 11 48 8 49 37 8 94 36 4 41 4 5 4 75 6 4 20 4 60 28 4 33 4 22 4 39 18 4 9 4 0 11 4 38 4 29 4 71 50 4 52 4 112 10 4 13 4 48 5 16 24 16 92 52 22 50 4 9 4 119 35 4 40 4 43 4 108 48 4 7 4 95 22 16 33 16 68 27 40 14 4 52 4 42 48 16 49 16 83 35 4 10 4 43 4 110 32 4 14 4 54 19 4 47 4 30 4 0 26 4 32 4 49 23 5 4 70 22 40 21 4 15 14 6 4 41 40 16 16 16 76 11 4 26 4 16 4 63 32 36 46 4 8 8 39 4 90 56 4 33 4 50 4 41 19 16 9 16 46 35 4 27 4 0 44 4 60 4 25 4 52 46 4 14 35 45 4 117 49 4 39 4 47 4 34 4 58 53 4 36 4 56 4 56 4 21 16 4 5 4 39 23 20 4 76 24 4 17 4 47 4 5 14 4 5 35 37 4 27 39 4 9 24 43 4 83 16 4 30 4 50 41 5 5 4 25 11 34 4 22 9 4 24 4 113 41 4 25 4 23 4 26 4 78 55 4 38 4 23 4 8 4 5 43 4 20 4 27 32 48 43 4 20 4 51 37 4 57 4 60 4 37 4 42 11 4 10 4 39 4 59 42 4 52 4 56 4 60 55 4 40 4 27 4 9 4 0 20 4 43 4 13 4 33 4 
iteration 605 best: 1.01058 time: 240662
81 24 8 43 26 8 45 36 8 45 22 4 50 4 51 27 4 38 4 25 34 8 19 27 4 36 4 68 57 12 17 54 8 7 6 8 36 41 8 65 41 12 106 60 4 21 4 4 13 4 39 4 5 4 43 4 9 17 4 57 4 42 4 81 15 8 58 55 8 9 39 4 39 4 43 25 16 28 16 49 27 4 14 4 24 4 15 4 90 41 4 5 4 7 4 51 13 8 31 8 92 34 4 52 4 33 4 12 4 47 20 8 74 33 4 22 4 52 4 29 4 0 23 8 27 38 4 98 16 8 11 48 8 49 37 8 94 36 4 41 4 5 4 75 6 4 20 4 60 28 4 33 4 22 4 39 18 4 9 4 0 11 4 38 4 29 4 71 50 4 52 4 112 10 4 13 4 48 5 16 24 16 92 52 22 50 4 9 4 119 35 4 40 4 43 4 108 48 4 7 4 95 22 16 33 16 68 27 40 14 4 52 4 42 48 16 49 16 83 35 4 10 4 43 4 110 32 4 14 4 54 19 4 47 4 30 4 0 26 4 32 4 49 23 5 4 70 22 40 21 4 15 14 6 4 41 40 16 16 16 76 11 4 26 4 16 4 63 32 36 46 4 8 8 39 4 90 56 4 33 4 50 4 41 19 16 9 16 46 35 4 27 4 0 44 4 60 4 25 4 52 46 4 14 35 45 4 117 49 4 39 4 47 4 34 4 58 53 4 36 4 56 4 56 4 21 16 4 5 4 39 23 20 4 76 24 4 17 4 47 4 5 14 4 5 35 37 4 27 39 4 9 24 43 4 83 16 4 30 4 50 41 5 5 4 25 11 34 4 22 9 4 24 4 113 41 4 25 4 23 4 26 4 78 55 4 38 4 23 4 8 4 5 43 4 20 4 27 32 48 43 4 20 4 51 37 4 57 4 60 4 37 4 42 11 4 10 4 39 4 59 42 4 52 4 56 4 60 55 4 40 4 27 4 9 4 0 20 4 43 4 13 4 33 4 
iteration 624 best: 1.01058 time: 248159
81 24 8 43 26 8 45 36 8 45 22 4 50 4 51 27 4 38 4 25 34 8 19 27 4 36 4 68 57 12 17 54 8 7 6 8 36 41 8 65 41 12 106 60 4 21 4 4 13 4 39 4 5 4 43 4 9 17 4 57 4 42 4 81 15 8 58 55 8 9 39 4 39 4 43 25 16 28 16 49 27 4 14 4 24 4 15 4 90 41 4 5 4 7 4 51 13 8 31 8 92 34 4 52 4 33 4 12 4 47 20 8 74 33 4 22 4 52 4 29 4 0 23 8 27 38 4 98 16 8 11 48 8 49 37 8 94 36 4 41 4 5 4 75 6 4 20 4 60 28 4 33 4 22 4 39 18 4 9 4 0 11 4 38 4 29 4 71 50 4 52 4 112 10 4 13 4 48 5 16 24 16 92 52 22 50 4 9 4 119 35 4 40 4 43 4 108 48 4 7 4 95 22 16 33 16 68 27 40 14 4 52 4 42 48 16 49 16 83 35 4 10 4 43 4 110 32 4 14 4 54 19 4 47 4 30 4 0 26 4 32 4 49 23 5 4 70 22 40 21 4 15 14 6 4 41 40 16 16 16 76 11 4 26 4 16 4 63 32 36 46 4 8 8 39 4 90 56 4 33 4 50 4 41 19 16 9 16 46 35 4 27 4 0 44 4 60 4 25 4 52 46 4 14 35 45 4 117 49 4 39 4 47 4 34 4 58 53 4 36 4 56 4 56 4 21 16 4 5 4 39 23 20 4 76 24 4 17 4 47 4 5 14 4 5 35 37 4 27 39 4 9 24 43 4 83 16 4 30 4 50 41 5 5 4 25 11 34 4 22 9 4 24 4 113 41 4 25 4 23 4 26 4 78 55 4 38 4 23 4 8 4 5 43 4 20 4 27 32 48 43 4 20 4 51 37 4 57 4 60 4 37 4 42 11 4 10 4 39 4 59 42 4 52 4 56 4 60 55 4 40 4 27 4 9 4 0 20 4 43 4 13 4 33 4 
iteration 643 best: 1.01058 time: 255682
81 24 8 43 26 8 45 36 8 45 22 4 50 4 51 27 4 38 4 25 34 8 19 27 4 36 4 68 57 12 17 54 8 7 6 8 36 41 8 65 41 12 106 60 4 21 4 4 13 4 39 4 5 4 43 4 9 17 4 57 4 42 4 81 15 8 58 55 8 9 39 4 39 4 43 25 16 28 16 49 27 4 14 4 24 4 15 4 90 41 4 5 4 7 4 51 13 8 31 8 92 34 4 52 4 33 4 12 4 47 20 8 74 33 4 22 4 52 4 29 4 0 23 8 27 38 4 98 16 8 11 48 8 49 37 8 94 36 4 41 4 5 4 75 6 4 20 4 60 28 4 33 4 22 4 39 18 4 9 4 0 11 4 38 4 29 4 71 50 4 52 4 112 10 4 13 4 48 5 16 24 16 92 52 22 50 4 9 4 119 35 4 40 4 43 4 108 48 4 7 4 95 22 16 33 16 68 27 40 14 4 52 4 42 48 16 49 16 83 35 4 10 4 43 4 110 32 4 14 4 54 19 4 47 4 30 4 0 26 4 32 4 49 23 5 4 70 22 40 21 4 15 14 6 4 41 40 16 16 16 76 11 4 26 4 16 4 63 32 36 46 4 8 8 39 4 90 56 4 33 4 50 4 41 19 16 9 16 46 35 4 27 4 0 44 4 60 4 25 4 52 46 4 14 35 45 4 117 49 4 39 4 47 4 34 4 58 53 4 36 4 56 4 56 4 21 16 4 5 4 39 23 20 4 76 24 4 17 4 47 4 5 14 4 5 35 37 4 27 39 4 9 24 43 4 83 16 4 30 4 50 41 5 5 4 25 11 34 4 22 9 4 24 4 113 41 4 25 4 23 4 26 4 78 55 4 38 4 23 4 8 4 5 43 4 20 4 27 32 48 43 4 20 4 51 37 4 57 4 60 4 37 4 42 11 4 10 4 39 4 59 42 4 52 4 56 4 60 55 4 40 4 27 4 9 4 0 20 4 43 4 13 4 33 4 
iteration 662 best: 1.01058 time: 263189
81 24 8 43 26 8 45 36 8 45 22 4 50 4 51 27 4 38 4 25 34 8 19 27 4 36 4 68 57 12 17 54 8 7 6 8 36 41 8 65 41 12 106 60 4 21 4 4 13 4 39 4 5 4 43 4 9 17 4 57 4 42 4 81 15 8 58 55 8 9 39 4 39 4 43 25 16 28 16 49 27 4 14 4 24 4 15 4 90 41 4 5 4 7 4 51 13 8 31 8 92 34 4 52 4 33 4 12 4 47 20 8 74 33 4 22 4 52 4 29 4 0 23 8 27 38 4 98 16 8 11 48 8 49 37 8 94 36 4 41 4 5 4 75 6 4 20 4 60 28 4 33 4 22 4 39 18 4 9 4 0 11 4 38 4 29 4 71 50 4 52 4 112 10 4 13 4 48 5 16 24 16 92 52 22 50 4 9 4 119 35 4 40 4 43 4 108 48 4 7 4 95 22 16 33 16 68 27 40 14 4 52 4 42 48 16 49 16 83 35 4 10 4 43 4 110 32 4 14 4 54 19 4 47 4 30 4 0 26 4 32 4 49 23 5 4 70 22 40 21 4 15 14 6 4 41 40 16 16 16 76 11 4 26 4 16 4 63 32 36 46 4 8 8 39 4 90 56 4 33 4 50 4 41 19 16 9 16 46 35 4 27 4 0 44 4 60 4 25 4 52 46 4 14 35 45 4 117 49 4 39 4 47 4 34 4 58 53 4 36 4 56 4 56 4 21 16 4 5 4 39 23 20 4 76 24 4 17 4 47 4 5 14 4 5 35 37 4 27 39 4 9 24 43 4 83 16 4 30 4 50 41 5 5 4 25 11 34 4 22 9 4 24 4 113 41 4 25 4 23 4 26 4 78 55 4 38 4 23 4 8 4 5 43 4 20 4 27 32 48 43 4 20 4 51 37 4 57 4 60 4 37 4 42 11 4 10 4 39 4 59 42 4 52 4 56 4 60 55 4 40 4 27 4 9 4 0 20 4 43 4 13 4 33 4 
iteration 681 best: 1.01058 time: 270692
81 24 8 43 26 8 45 36 8 45 22 4 50 4 51 27 4 38 4 25 34 8 19 27 4 36 4 68 57 12 17 54 8 7 6 8 36 41 8 65 41 12 106 60 4 21 4 4 13 4 39 4 5 4 43 4 9 17 4 57 4 42 4 81 15 8 58 55 8 9 39 4 39 4 43 25 16 28 16 49 27 4 14 4 24 4 15 4 90 41 4 5 4 7 4 51 13 8 31 8 92 34 4 52 4 33 4 12 4 47 20 8 74 33 4 22 4 52 4 29 4 0 23 8 27 38 4 98 16 8 11 48 8 49 37 8 94 36 4 41 4 5 4 75 6 4 20 4 60 28 4 33 4 22 4 39 18 4 9 4 0 11 4 38 4 29 4 71 50 4 52 4 112 10 4 13 4 48 5 16 24 16 92 52 22 50 4 9 4 119 35 4 40 4 43 4 108 48 4 7 4 95 22 16 33 16 68 27 40 14 4 52 4 42 48 16 49 16 83 35 4 10 4 43 4 110 32 4 14 4 54 19 4 47 4 30 4 0 26 4 32 4 49 23 5 4 70 22 40 21 4 15 14 6 4 41 40 16 16 16 76 11 4 26 4 16 4 63 32 36 46 4 8 8 39 4 90 56 4 33 4 50 4 41 19 16 9 16 46 35 4 27 4 0 44 4 60 4 25 4 52 46 4 14 35 45 4 117 49 4 39 4 47 4 34 4 58 53 4 36 4 56 4 56 4 21 16 4 5 4 39 23 20 4 76 24 4 17 4 47 4 5 14 4 5 35 37 4 27 39 4 9 24 43 4 83 16 4 30 4 50 41 5 5 4 25 11 34 4 22 9 4 24 4 113 41 4 25 4 23 4 26 4 78 55 4 38 4 23 4 8 4 5 43 4 20 4 27 32 48 43 4 20 4 51 37 4 57 4 60 4 37 4 42 11 4 10 4 39 4 59 42 4 52 4 56 4 60 55 4 40 4 27 4 9 4 0 20 4 43 4 13 4 33 4 
iteration 700 best: 1.01058 time: 278216
81 24 8 43 26 8 45 36 8 45 22 4 50 4 51 27 4 38 4 25 34 8 19 27 4 36 4 68 57 12 17 54 8 7 6 8 36 41 8 65 41 12 106 60 4 21 4 4 13 4 39 4 5 4 43 4 9 17 4 57 4 42 4 81 15 8 58 55 8 9 39 4 39 4 43 25 16 28 16 49 27 4 14 4 24 4 15 4 90 41 4 5 4 7 4 51 13 8 31 8 92 34 4 52 4 33 4 12 4 47 20 8 74 33 4 22 4 52 4 29 4 0 23 8 27 38 4 98 16 8 11 48 8 49 37 8 94 36 4 41 4 5 4 75 6 4 20 4 60 28 4 33 4 22 4 39 18 4 9 4 0 11 4 38 4 29 4 71 50 4 52 4 112 10 4 13 4 48 5 16 24 16 92 52 22 50 4 9 4 119 35 4 40 4 43 4 108 48 4 7 4 95 22 16 33 16 68 27 40 14 4 52 4 42 48 16 49 16 83 35 4 10 4 43 4 110 32 4 14 4 54 19 4 47 4 30 4 0 26 4 32 4 49 23 5 4 70 22 40 21 4 15 14 6 4 41 40 16 16 16 76 11 4 26 4 16 4 63 32 36 46 4 8 8 39 4 90 56 4 33 4 50 4 41 19 16 9 16 46 35 4 27 4 0 44 4 60 4 25 4 52 46 4 14 35 45 4 117 49 4 39 4 47 4 34 4 58 53 4 36 4 56 4 56 4 21 16 4 5 4 39 23 20 4 76 24 4 17 4 47 4 5 14 4 5 35 37 4 27 39 4 9 24 43 4 83 16 4 30 4 50 41 5 5 4 25 11 34 4 22 9 4 24 4 113 41 4 25 4 23 4 26 4 78 55 4 38 4 23 4 8 4 5 43 4 20 4 27 32 48 43 4 20 4 51 37 4 57 4 60 4 37 4 42 11 4 10 4 39 4 59 42 4 52 4 56 4 60 55 4 40 4 27 4 9 4 0 20 4 43 4 13 4 33 4 
iteration 719 best: 1.01058 time: 285718
81 24 8 43 26 8 45 36 8 45 22 4 50 4 51 27 4 38 4 25 34 8 19 27 4 36 4 68 57 12 17 54 8 7 6 8 36 41 8 65 41 12 106 60 4 21 4 4 13 4 39 4 5 4 43 4 9 17 4 57 4 42 4 81 15 8 58 55 8 9 39 4 39 4 43 25 16 28 16 49 27 4 14 4 24 4 15 4 90 41 4 5 4 7 4 51 13 8 31 8 92 34 4 52 4 33 4 12 4 47 20 8 74 33 4 22 4 52 4 29 4 0 23 8 27 38 4 98 16 8 11 48 8 49 37 8 94 36 4 41 4 5 4 75 6 4 20 4 60 28 4 33 4 22 4 39 18 4 9 4 0 11 4 38 4 29 4 71 50 4 52 4 112 10 4 13 4 48 5 16 24 16 92 52 22 50 4 9 4 119 35 4 40 4 43 4 108 48 4 7 4 95 22 16 33 16 68 27 40 14 4 52 4 42 48 16 49 16 83 35 4 10 4 43 4 110 32 4 14 4 54 19 4 47 4 30 4 0 26 4 32 4 49 23 5 4 70 22 40 21 4 15 14 6 4 41 40 16 16 16 76 11 4 26 4 16 4 63 32 36 46 4 8 8 39 4 90 56 4 33 4 50 4 41 19 16 9 16 46 35 4 27 4 0 44 4 60 4 25 4 52 46 4 14 35 45 4 117 49 4 39 4 47 4 34 4 58 53 4 36 4 56 4 56 4 21 16 4 5 4 39 23 20 4 76 24 4 17 4 47 4 5 14 4 5 35 37 4 27 39 4 9 24 43 4 83 16 4 30 4 50 41 5 5 4 25 11 34 4 22 9 4 24 4 113 41 4 25 4 23 4 26 4 78 55 4 38 4 23 4 8 4 5 43 4 20 4 27 32 48 43 4 20 4 51 37 4 57 4 60 4 37 4 42 11 4 10 4 39 4 59 42 4 52 4 56 4 60 55 4 40 4 27 4 9 4 0 20 4 43 4 13 4 33 4 
iteration 738 best: 1.01058 time: 293227
81 24 8 43 26 8 45 36 8 45 22 4 50 4 51 27 4 38 4 25 34 8 19 27 4 36 4 68 57 12 17 54 8 7 6 8 36 41 8 65 41 12 106 60 4 21 4 4 13 4 39 4 5 4 43 4 9 17 4 57 4 42 4 81 15 8 58 55 8 9 39 4 39 4 43 25 16 28 16 49 27 4 14 4 24 4 15 4 90 41 4 5 4 7 4 51 13 8 31 8 92 34 4 52 4 33 4 12 4 47 20 8 74 33 4 22 4 52 4 29 4 0 23 8 27 38 4 98 16 8 11 48 8 49 37 8 94 36 4 41 4 5 4 75 6 4 20 4 60 28 4 33 4 22 4 39 18 4 9 4 0 11 4 38 4 29 4 71 50 4 52 4 112 10 4 13 4 48 5 16 24 16 92 52 22 50 4 9 4 119 35 4 40 4 43 4 108 48 4 7 4 95 22 16 33 16 68 27 40 14 4 52 4 42 48 16 49 16 83 35 4 10 4 43 4 110 32 4 14 4 54 19 4 47 4 30 4 0 26 4 32 4 49 23 5 4 70 22 40 21 4 15 14 6 4 41 40 16 16 16 76 11 4 26 4 16 4 63 32 36 46 4 8 8 39 4 90 56 4 33 4 50 4 41 19 16 9 16 46 35 4 27 4 0 44 4 60 4 25 4 52 46 4 14 35 45 4 117 49 4 39 4 47 4 34 4 58 53 4 36 4 56 4 56 4 21 16 4 5 4 39 23 20 4 76 24 4 17 4 47 4 5 14 4 5 35 37 4 27 39 4 9 24 43 4 83 16 4 30 4 50 41 5 5 4 25 11 34 4 22 9 4 24 4 113 41 4 25 4 23 4 26 4 78 55 4 38 4 23 4 8 4 5 43 4 20 4 27 32 48 43 4 20 4 51 37 4 57 4 60 4 37 4 42 11 4 10 4 39 4 59 42 4 52 4 56 4 60 55 4 40 4 27 4 9 4 0 20 4 43 4 13 4 33 4 
iteration 757 best: 1.01058 time: 300720
81 24 8 43 26 8 45 36 8 45 22 4 50 4 51 27 4 38 4 25 34 8 19 27 4 36 4 68 57 12 17 54 8 7 6 8 36 41 8 65 41 12 106 60 4 21 4 4 13 4 39 4 5 4 43 4 9 17 4 57 4 42 4 81 15 8 58 55 8 9 39 4 39 4 43 25 16 28 16 49 27 4 14 4 24 4 15 4 90 41 4 5 4 7 4 51 13 8 31 8 92 34 4 52 4 33 4 12 4 47 20 8 74 33 4 22 4 52 4 29 4 0 23 8 27 38 4 98 16 8 11 48 8 49 37 8 94 36 4 41 4 5 4 75 6 4 20 4 60 28 4 33 4 22 4 39 18 4 9 4 0 11 4 38 4 29 4 71 50 4 52 4 112 10 4 13 4 48 5 16 24 16 92 52 22 50 4 9 4 119 35 4 40 4 43 4 108 48 4 7 4 95 22 16 33 16 68 27 40 14 4 52 4 42 48 16 49 16 83 35 4 10 4 43 4 110 32 4 14 4 54 19 4 47 4 30 4 0 26 4 32 4 49 23 5 4 70 22 40 21 4 15 14 6 4 41 40 16 16 16 76 11 4 26 4 16 4 63 32 36 46 4 8 8 39 4 90 56 4 33 4 50 4 41 19 16 9 16 46 35 4 27 4 0 44 4 60 4 25 4 52 46 4 14 35 45 4 117 49 4 39 4 47 4 34 4 58 53 4 36 4 56 4 56 4 21 16 4 5 4 39 23 20 4 76 24 4 17 4 47 4 5 14 4 5 35 37 4 27 39 4 9 24 43 4 83 16 4 30 4 50 41 5 5 4 25 11 34 4 22 9 4 24 4 113 41 4 25 4 23 4 26 4 78 55 4 38 4 23 4 8 4 5 43 4 20 4 27 32 48 43 4 20 4 51 37 4 57 4 60 4 37 4 42 11 4 10 4 39 4 59 42 4 52 4 56 4 60 55 4 40 4 27 4 9 4 0 20 4 43 4 13 4 33 4 
iteration 776 best: 1.01058 time: 308266
81 24 8 43 26 8 45 36 8 45 22 4 50 4 51 27 4 38 4 25 34 8 19 27 4 36 4 68 57 12 17 54 8 7 6 8 36 41 8 65 41 12 106 60 4 21 4 4 13 4 39 4 5 4 43 4 9 17 4 57 4 42 4 81 15 8 58 55 8 9 39 4 39 4 43 25 16 28 16 49 27 4 14 4 24 4 15 4 90 41 4 5 4 7 4 51 13 8 31 8 92 34 4 52 4 33 4 12 4 47 20 8 74 33 4 22 4 52 4 29 4 0 23 8 27 38 4 98 16 8 11 48 8 49 37 8 94 36 4 41 4 5 4 75 6 4 20 4 60 28 4 33 4 22 4 39 18 4 9 4 0 11 4 38 4 29 4 71 50 4 52 4 112 10 4 13 4 48 5 16 24 16 92 52 22 50 4 9 4 119 35 4 40 4 43 4 108 48 4 7 4 95 22 16 33 16 68 27 40 14 4 52 4 42 48 16 49 16 83 35 4 10 4 43 4 110 32 4 14 4 54 19 4 47 4 30 4 0 26 4 32 4 49 23 5 4 70 22 40 21 4 15 14 6 4 41 40 16 16 16 76 11 4 26 4 16 4 63 32 36 46 4 8 8 39 4 90 56 4 33 4 50 4 41 19 16 9 16 46 35 4 27 4 0 44 4 60 4 25 4 52 46 4 14 35 45 4 117 49 4 39 4 47 4 34 4 58 53 4 36 4 56 4 56 4 21 16 4 5 4 39 23 20 4 76 24 4 17 4 47 4 5 14 4 5 35 37 4 27 39 4 9 24 43 4 83 16 4 30 4 50 41 5 5 4 25 11 34 4 22 9 4 24 4 113 41 4 25 4 23 4 26 4 78 55 4 38 4 23 4 8 4 5 43 4 20 4 27 32 48 43 4 20 4 51 37 4 57 4 60 4 37 4 42 11 4 10 4 39 4 59 42 4 52 4 56 4 60 55 4 40 4 27 4 9 4 0 20 4 43 4 13 4 33 4 
iteration 795 best: 1.01058 time: 315796
81 24 8 43 26 8 45 36 8 45 22 4 50 4 51 27 4 38 4 25 34 8 19 27 4 36 4 68 57 12 17 54 8 7 6 8 36 41 8 65 41 12 106 60 4 21 4 4 13 4 39 4 5 4 43 4 9 17 4 57 4 42 4 81 15 8 58 55 8 9 39 4 39 4 43 25 16 28 16 49 27 4 14 4 24 4 15 4 90 41 4 5 4 7 4 51 13 8 31 8 92 34 4 52 4 33 4 12 4 47 20 8 74 33 4 22 4 52 4 29 4 0 23 8 27 38 4 98 16 8 11 48 8 49 37 8 94 36 4 41 4 5 4 75 6 4 20 4 60 28 4 33 4 22 4 39 18 4 9 4 0 11 4 38 4 29 4 71 50 4 52 4 112 10 4 13 4 48 5 16 24 16 92 52 22 50 4 9 4 119 35 4 40 4 43 4 108 48 4 7 4 95 22 16 33 16 68 27 40 14 4 52 4 42 48 16 49 16 83 35 4 10 4 43 4 110 32 4 14 4 54 19 4 47 4 30 4 0 26 4 32 4 49 23 5 4 70 22 40 21 4 15 14 6 4 41 40 16 16 16 76 11 4 26 4 16 4 63 32 36 46 4 8 8 39 4 90 56 4 33 4 50 4 41 19 16 9 16 46 35 4 27 4 0 44 4 60 4 25 4 52 46 4 14 35 45 4 117 49 4 39 4 47 4 34 4 58 53 4 36 4 56 4 56 4 21 16 4 5 4 39 23 20 4 76 24 4 17 4 47 4 5 14 4 5 35 37 4 27 39 4 9 24 43 4 83 16 4 30 4 50 41 5 5 4 25 11 34 4 22 9 4 24 4 113 41 4 25 4 23 4 26 4 78 55 4 38 4 23 4 8 4 5 43 4 20 4 27 32 48 43 4 20 4 51 37 4 57 4 60 4 37 4 42 11 4 10 4 39 4 59 42 4 52 4 56 4 60 55 4 40 4 27 4 9 4 0 20 4 43 4 13 4 33 4 
iteration 814 best: 1.01058 time: 323299
81 24 8 43 26 8 45 36 8 45 22 4 50 4 51 27 4 38 4 25 34 8 19 27 4 36 4 68 57 12 17 54 8 7 6 8 36 41 8 65 41 12 106 60 4 21 4 4 13 4 39 4 5 4 43 4 9 17 4 57 4 42 4 81 15 8 58 55 8 9 39 4 39 4 43 25 16 28 16 49 27 4 14 4 24 4 15 4 90 41 4 5 4 7 4 51 13 8 31 8 92 34 4 52 4 33 4 12 4 47 20 8 74 33 4 22 4 52 4 29 4 0 23 8 27 38 4 98 16 8 11 48 8 49 37 8 94 36 4 41 4 5 4 75 6 4 20 4 60 28 4 33 4 22 4 39 18 4 9 4 0 11 4 38 4 29 4 71 50 4 52 4 112 10 4 13 4 48 5 16 24 16 92 52 22 50 4 9 4 119 35 4 40 4 43 4 108 48 4 7 4 95 22 16 33 16 68 27 40 14 4 52 4 42 48 16 49 16 83 35 4 10 4 43 4 110 32 4 14 4 54 19 4 47 4 30 4 0 26 4 32 4 49 23 5 4 70 22 40 21 4 15 14 6 4 41 40 16 16 16 76 11 4 26 4 16 4 63 32 36 46 4 8 8 39 4 90 56 4 33 4 50 4 41 19 16 9 16 46 35 4 27 4 0 44 4 60 4 25 4 52 46 4 14 35 45 4 117 49 4 39 4 47 4 34 4 58 53 4 36 4 56 4 56 4 21 16 4 5 4 39 23 20 4 76 24 4 17 4 47 4 5 14 4 5 35 37 4 27 39 4 9 24 43 4 83 16 4 30 4 50 41 5 5 4 25 11 34 4 22 9 4 24 4 113 41 4 25 4 23 4 26 4 78 55 4 38 4 23 4 8 4 5 43 4 20 4 27 32 48 43 4 20 4 51 37 4 57 4 60 4 37 4 42 11 4 10 4 39 4 59 42 4 52 4 56 4 60 55 4 40 4 27 4 9 4 0 20 4 43 4 13 4 33 4 
iteration 833 best: 1.01058 time: 330811
81 24 8 43 26 8 45 36 8 45 22 4 50 4 51 27 4 38 4 25 34 8 19 27 4 36 4 68 57 12 17 54 8 7 6 8 36 41 8 65 41 12 106 60 4 21 4 4 13 4 39 4 5 4 43 4 9 17 4 57 4 42 4 81 15 8 58 55 8 9 39 4 39 4 43 25 16 28 16 49 27 4 14 4 24 4 15 4 90 41 4 5 4 7 4 51 13 8 31 8 92 34 4 52 4 33 4 12 4 47 20 8 74 33 4 22 4 52 4 29 4 0 23 8 27 38 4 98 16 8 11 48 8 49 37 8 94 36 4 41 4 5 4 75 6 4 20 4 60 28 4 33 4 22 4 39 18 4 9 4 0 11 4 38 4 29 4 71 50 4 52 4 112 10 4 13 4 48 5 16 24 16 92 52 22 50 4 9 4 119 35 4 40 4 43 4 108 48 4 7 4 95 22 16 33 16 68 27 40 14 4 52 4 42 48 16 49 16 83 35 4 10 4 43 4 110 32 4 14 4 54 19 4 47 4 30 4 0 26 4 32 4 49 23 5 4 70 22 40 21 4 15 14 6 4 41 40 16 16 16 76 11 4 26 4 16 4 63 32 36 46 4 8 8 39 4 90 56 4 33 4 50 4 41 19 16 9 16 46 35 4 27 4 0 44 4 60 4 25 4 52 46 4 14 35 45 4 117 49 4 39 4 47 4 34 4 58 53 4 36 4 56 4 56 4 21 16 4 5 4 39 23 20 4 76 24 4 17 4 47 4 5 14 4 5 35 37 4 27 39 4 9 24 43 4 83 16 4 30 4 50 41 5 5 4 25 11 34 4 22 9 4 24 4 113 41 4 25 4 23 4 26 4 78 55 4 38 4 23 4 8 4 5 43 4 20 4 27 32 48 43 4 20 4 51 37 4 57 4 60 4 37 4 42 11 4 10 4 39 4 59 42 4 52 4 56 4 60 55 4 40 4 27 4 9 4 0 20 4 43 4 13 4 33 4 
iteration 852 best: 1.01058 time: 338341
81 24 8 43 26 8 45 36 8 45 22 4 50 4 51 27 4 38 4 25 34 8 19 27 4 36 4 68 57 12 17 54 8 7 6 8 36 41 8 65 41 12 106 60 4 21 4 4 13 4 39 4 5 4 43 4 9 17 4 57 4 42 4 81 15 8 58 55 8 9 39 4 39 4 43 25 16 28 16 49 27 4 14 4 24 4 15 4 90 41 4 5 4 7 4 51 13 8 31 8 92 34 4 52 4 33 4 12 4 47 20 8 74 33 4 22 4 52 4 29 4 0 23 8 27 38 4 98 16 8 11 48 8 49 37 8 94 36 4 41 4 5 4 75 6 4 20 4 60 28 4 33 4 22 4 39 18 4 9 4 0 11 4 38 4 29 4 71 50 4 52 4 112 10 4 13 4 48 5 16 24 16 92 52 22 50 4 9 4 119 35 4 40 4 43 4 108 48 4 7 4 95 22 16 33 16 68 27 40 14 4 52 4 42 48 16 49 16 83 35 4 10 4 43 4 110 32 4 14 4 54 19 4 47 4 30 4 0 26 4 32 4 49 23 5 4 70 22 40 21 4 15 14 6 4 41 40 16 16 16 76 11 4 26 4 16 4 63 32 36 46 4 8 8 39 4 90 56 4 33 4 50 4 41 19 16 9 16 46 35 4 27 4 0 44 4 60 4 25 4 52 46 4 14 35 45 4 117 49 4 39 4 47 4 34 4 58 53 4 36 4 56 4 56 4 21 16 4 5 4 39 23 20 4 76 24 4 17 4 47 4 5 14 4 5 35 37 4 27 39 4 9 24 43 4 83 16 4 30 4 50 41 5 5 4 25 11 34 4 22 9 4 24 4 113 41 4 25 4 23 4 26 4 78 55 4 38 4 23 4 8 4 5 43 4 20 4 27 32 48 43 4 20 4 51 37 4 57 4 60 4 37 4 42 11 4 10 4 39 4 59 42 4 52 4 56 4 60 55 4 40 4 27 4 9 4 0 20 4 43 4 13 4 33 4 
iteration 871 best: 1.01058 time: 345855
81 24 8 43 26 8 45 36 8 45 22 4 50 4 51 27 4 38 4 25 34 8 19 27 4 36 4 68 57 12 17 54 8 7 6 8 36 41 8 65 41 12 106 60 4 21 4 4 13 4 39 4 5 4 43 4 9 17 4 57 4 42 4 81 15 8 58 55 8 9 39 4 39 4 43 25 16 28 16 49 27 4 14 4 24 4 15 4 90 41 4 5 4 7 4 51 13 8 31 8 92 34 4 52 4 33 4 12 4 47 20 8 74 33 4 22 4 52 4 29 4 0 23 8 27 38 4 98 16 8 11 48 8 49 37 8 94 36 4 41 4 5 4 75 6 4 20 4 60 28 4 33 4 22 4 39 18 4 9 4 0 11 4 38 4 29 4 71 50 4 52 4 112 10 4 13 4 48 5 16 24 16 92 52 22 50 4 9 4 119 35 4 40 4 43 4 108 48 4 7 4 95 22 16 33 16 68 27 40 14 4 52 4 42 48 16 49 16 83 35 4 10 4 43 4 110 32 4 14 4 54 19 4 47 4 30 4 0 26 4 32 4 49 23 5 4 70 22 40 21 4 15 14 6 4 41 40 16 16 16 76 11 4 26 4 16 4 63 32 36 46 4 8 8 39 4 90 56 4 33 4 50 4 41 19 16 9 16 46 35 4 27 4 0 44 4 60 4 25 4 52 46 4 14 35 45 4 117 49 4 39 4 47 4 34 4 58 53 4 36 4 56 4 56 4 21 16 4 5 4 39 23 20 4 76 24 4 17 4 47 4 5 14 4 5 35 37 4 27 39 4 9 24 43 4 83 16 4 30 4 50 41 5 5 4 25 11 34 4 22 9 4 24 4 113 41 4 25 4 23 4 26 4 78 55 4 38 4 23 4 8 4 5 43 4 20 4 27 32 48 43 4 20 4 51 37 4 57 4 60 4 37 4 42 11 4 10 4 39 4 59 42 4 52 4 56 4 60 55 4 40 4 27 4 9 4 0 20 4 43 4 13 4 33 4 
iteration 890 best: 1.01058 time: 353389
81 24 8 43 26 8 45 36 8 45 22 4 50 4 51 27 4 38 4 25 34 8 19 27 4 36 4 68 57 12 17 54 8 7 6 8 36 41 8 65 41 12 106 60 4 21 4 4 13 4 39 4 5 4 43 4 9 17 4 57 4 42 4 81 15 8 58 55 8 9 39 4 39 4 43 25 16 28 16 49 27 4 14 4 24 4 15 4 90 41 4 5 4 7 4 51 13 8 31 8 92 34 4 52 4 33 4 12 4 47 20 8 74 33 4 22 4 52 4 29 4 0 23 8 27 38 4 98 16 8 11 48 8 49 37 8 94 36 4 41 4 5 4 75 6 4 20 4 60 28 4 33 4 22 4 39 18 4 9 4 0 11 4 38 4 29 4 71 50 4 52 4 112 10 4 13 4 48 5 16 24 16 92 52 22 50 4 9 4 119 35 4 40 4 43 4 108 48 4 7 4 95 22 16 33 16 68 27 40 14 4 52 4 42 48 16 49 16 83 35 4 10 4 43 4 110 32 4 14 4 54 19 4 47 4 30 4 0 26 4 32 4 49 23 5 4 70 22 40 21 4 15 14 6 4 41 40 16 16 16 76 11 4 26 4 16 4 63 32 36 46 4 8 8 39 4 90 56 4 33 4 50 4 41 19 16 9 16 46 35 4 27 4 0 44 4 60 4 25 4 52 46 4 14 35 45 4 117 49 4 39 4 47 4 34 4 58 53 4 36 4 56 4 56 4 21 16 4 5 4 39 23 20 4 76 24 4 17 4 47 4 5 14 4 5 35 37 4 27 39 4 9 24 43 4 83 16 4 30 4 50 41 5 5 4 25 11 34 4 22 9 4 24 4 113 41 4 25 4 23 4 26 4 78 55 4 38 4 23 4 8 4 5 43 4 20 4 27 32 48 43 4 20 4 51 37 4 57 4 60 4 37 4 42 11 4 10 4 39 4 59 42 4 52 4 56 4 60 55 4 40 4 27 4 9 4 0 20 4 43 4 13 4 33 4 
iteration 909 best: 1.01058 time: 360896
81 24 8 43 26 8 45 36 8 45 22 4 50 4 51 27 4 38 4 25 34 8 19 27 4 36 4 68 57 12 17 54 8 7 6 8 36 41 8 65 41 12 106 60 4 21 4 4 13 4 39 4 5 4 43 4 9 17 4 57 4 42 4 81 15 8 58 55 8 9 39 4 39 4 43 25 16 28 16 49 27 4 14 4 24 4 15 4 90 41 4 5 4 7 4 51 13 8 31 8 92 34 4 52 4 33 4 12 4 47 20 8 74 33 4 22 4 52 4 29 4 0 23 8 27 38 4 98 16 8 11 48 8 49 37 8 94 36 4 41 4 5 4 75 6 4 20 4 60 28 4 33 4 22 4 39 18 4 9 4 0 11 4 38 4 29 4 71 50 4 52 4 112 10 4 13 4 48 5 16 24 16 92 52 22 50 4 9 4 119 35 4 40 4 43 4 108 48 4 7 4 95 22 16 33 16 68 27 40 14 4 52 4 42 48 16 49 16 83 35 4 10 4 43 4 110 32 4 14 4 54 19 4 47 4 30 4 0 26 4 32 4 49 23 5 4 70 22 40 21 4 15 14 6 4 41 40 16 16 16 76 11 4 26 4 16 4 63 32 36 46 4 8 8 39 4 90 56 4 33 4 50 4 41 19 16 9 16 46 35 4 27 4 0 44 4 60 4 25 4 52 46 4 14 35 45 4 117 49 4 39 4 47 4 34 4 58 53 4 36 4 56 4 56 4 21 16 4 5 4 39 23 20 4 76 24 4 17 4 47 4 5 14 4 5 35 37 4 27 39 4 9 24 43 4 83 16 4 30 4 50 41 5 5 4 25 11 34 4 22 9 4 24 4 113 41 4 25 4 23 4 26 4 78 55 4 38 4 23 4 8 4 5 43 4 20 4 27 32 48 43 4 20 4 51 37 4 57 4 60 4 37 4 42 11 4 10 4 39 4 59 42 4 52 4 56 4 60 55 4 40 4 27 4 9 4 0 20 4 43 4 13 4 33 4 
iteration 928 best: 1.01058 time: 368406
81 24 8 43 26 8 45 36 8 45 22 4 50 4 51 27 4 38 4 25 34 8 19 27 4 36 4 68 57 12 17 54 8 7 6 8 36 41 8 65 41 12 106 60 4 21 4 4 13 4 39 4 5 4 43 4 9 17 4 57 4 42 4 81 15 8 58 55 8 9 39 4 39 4 43 25 16 28 16 49 27 4 14 4 24 4 15 4 90 41 4 5 4 7 4 51 13 8 31 8 92 34 4 52 4 33 4 12 4 47 20 8 74 33 4 22 4 52 4 29 4 0 23 8 27 38 4 98 16 8 11 48 8 49 37 8 94 36 4 41 4 5 4 75 6 4 20 4 60 28 4 33 4 22 4 39 18 4 9 4 0 11 4 38 4 29 4 71 50 4 52 4 112 10 4 13 4 48 5 16 24 16 92 52 22 50 4 9 4 119 35 4 40 4 43 4 108 48 4 7 4 95 22 16 33 16 68 27 40 14 4 52 4 42 48 16 49 16 83 35 4 10 4 43 4 110 32 4 14 4 54 19 4 47 4 30 4 0 26 4 32 4 49 23 5 4 70 22 40 21 4 15 14 6 4 41 40 16 16 16 76 11 4 26 4 16 4 63 32 36 46 4 8 8 39 4 90 56 4 33 4 50 4 41 19 16 9 16 46 35 4 27 4 0 44 4 60 4 25 4 52 46 4 14 35 45 4 117 49 4 39 4 47 4 34 4 58 53 4 36 4 56 4 56 4 21 16 4 5 4 39 23 20 4 76 24 4 17 4 47 4 5 14 4 5 35 37 4 27 39 4 9 24 43 4 83 16 4 30 4 50 41 5 5 4 25 11 34 4 22 9 4 24 4 113 41 4 25 4 23 4 26 4 78 55 4 38 4 23 4 8 4 5 43 4 20 4 27 32 48 43 4 20 4 51 37 4 57 4 60 4 37 4 42 11 4 10 4 39 4 59 42 4 52 4 56 4 60 55 4 40 4 27 4 9 4 0 20 4 43 4 13 4 33 4 
iteration 947 best: 1.01058 time: 375908
81 24 8 43 26 8 45 36 8 45 22 4 50 4 51 27 4 38 4 25 34 8 19 27 4 36 4 68 57 12 17 54 8 7 6 8 36 41 8 65 41 12 106 60 4 21 4 4 13 4 39 4 5 4 43 4 9 17 4 57 4 42 4 81 15 8 58 55 8 9 39 4 39 4 43 25 16 28 16 49 27 4 14 4 24 4 15 4 90 41 4 5 4 7 4 51 13 8 31 8 92 34 4 52 4 33 4 12 4 47 20 8 74 33 4 22 4 52 4 29 4 0 23 8 27 38 4 98 16 8 11 48 8 49 37 8 94 36 4 41 4 5 4 75 6 4 20 4 60 28 4 33 4 22 4 39 18 4 9 4 0 11 4 38 4 29 4 71 50 4 52 4 112 10 4 13 4 48 5 16 24 16 92 52 22 50 4 9 4 119 35 4 40 4 43 4 108 48 4 7 4 95 22 16 33 16 68 27 40 14 4 52 4 42 48 16 49 16 83 35 4 10 4 43 4 110 32 4 14 4 54 19 4 47 4 30 4 0 26 4 32 4 49 23 5 4 70 22 40 21 4 15 14 6 4 41 40 16 16 16 76 11 4 26 4 16 4 63 32 36 46 4 8 8 39 4 90 56 4 33 4 50 4 41 19 16 9 16 46 35 4 27 4 0 44 4 60 4 25 4 52 46 4 14 35 45 4 117 49 4 39 4 47 4 34 4 58 53 4 36 4 56 4 56 4 21 16 4 5 4 39 23 20 4 76 24 4 17 4 47 4 5 14 4 5 35 37 4 27 39 4 9 24 43 4 83 16 4 30 4 50 41 5 5 4 25 11 34 4 22 9 4 24 4 113 41 4 25 4 23 4 26 4 78 55 4 38 4 23 4 8 4 5 43 4 20 4 27 32 48 43 4 20 4 51 37 4 57 4 60 4 37 4 42 11 4 10 4 39 4 59 42 4 52 4 56 4 60 55 4 40 4 27 4 9 4 0 20 4 43 4 13 4 33 4 
iteration 966 best: 1.01058 time: 383440
81 24 8 43 26 8 45 36 8 45 22 4 50 4 51 27 4 38 4 25 34 8 19 27 4 36 4 68 57 12 17 54 8 7 6 8 36 41 8 65 41 12 106 60 4 21 4 4 13 4 39 4 5 4 43 4 9 17 4 57 4 42 4 81 15 8 58 55 8 9 39 4 39 4 43 25 16 28 16 49 27 4 14 4 24 4 15 4 90 41 4 5 4 7 4 51 13 8 31 8 92 34 4 52 4 33 4 12 4 47 20 8 74 33 4 22 4 52 4 29 4 0 23 8 27 38 4 98 16 8 11 48 8 49 37 8 94 36 4 41 4 5 4 75 6 4 20 4 60 28 4 33 4 22 4 39 18 4 9 4 0 11 4 38 4 29 4 71 50 4 52 4 112 10 4 13 4 48 5 16 24 16 92 52 22 50 4 9 4 119 35 4 40 4 43 4 108 48 4 7 4 95 22 16 33 16 68 27 40 14 4 52 4 42 48 16 49 16 83 35 4 10 4 43 4 110 32 4 14 4 54 19 4 47 4 30 4 0 26 4 32 4 49 23 5 4 70 22 40 21 4 15 14 6 4 41 40 16 16 16 76 11 4 26 4 16 4 63 32 36 46 4 8 8 39 4 90 56 4 33 4 50 4 41 19 16 9 16 46 35 4 27 4 0 44 4 60 4 25 4 52 46 4 14 35 45 4 117 49 4 39 4 47 4 34 4 58 53 4 36 4 56 4 56 4 21 16 4 5 4 39 23 20 4 76 24 4 17 4 47 4 5 14 4 5 35 37 4 27 39 4 9 24 43 4 83 16 4 30 4 50 41 5 5 4 25 11 34 4 22 9 4 24 4 113 41 4 25 4 23 4 26 4 78 55 4 38 4 23 4 8 4 5 43 4 20 4 27 32 48 43 4 20 4 51 37 4 57 4 60 4 37 4 42 11 4 10 4 39 4 59 42 4 52 4 56 4 60 55 4 40 4 27 4 9 4 0 20 4 43 4 13 4 33 4 
iteration 985 best: 1.01058 time: 390956
81 24 8 43 26 8 45 36 8 45 22 4 50 4 51 27 4 38 4 25 34 8 19 27 4 36 4 68 57 12 17 54 8 7 6 8 36 41 8 65 41 12 106 60 4 21 4 4 13 4 39 4 5 4 43 4 9 17 4 57 4 42 4 81 15 8 58 55 8 9 39 4 39 4 43 25 16 28 16 49 27 4 14 4 24 4 15 4 90 41 4 5 4 7 4 51 13 8 31 8 92 34 4 52 4 33 4 12 4 47 20 8 74 33 4 22 4 52 4 29 4 0 23 8 27 38 4 98 16 8 11 48 8 49 37 8 94 36 4 41 4 5 4 75 6 4 20 4 60 28 4 33 4 22 4 39 18 4 9 4 0 11 4 38 4 29 4 71 50 4 52 4 112 10 4 13 4 48 5 16 24 16 92 52 22 50 4 9 4 119 35 4 40 4 43 4 108 48 4 7 4 95 22 16 33 16 68 27 40 14 4 52 4 42 48 16 49 16 83 35 4 10 4 43 4 110 32 4 14 4 54 19 4 47 4 30 4 0 26 4 32 4 49 23 5 4 70 22 40 21 4 15 14 6 4 41 40 16 16 16 76 11 4 26 4 16 4 63 32 36 46 4 8 8 39 4 90 56 4 33 4 50 4 41 19 16 9 16 46 35 4 27 4 0 44 4 60 4 25 4 52 46 4 14 35 45 4 117 49 4 39 4 47 4 34 4 58 53 4 36 4 56 4 56 4 21 16 4 5 4 39 23 20 4 76 24 4 17 4 47 4 5 14 4 5 35 37 4 27 39 4 9 24 43 4 83 16 4 30 4 50 41 5 5 4 25 11 34 4 22 9 4 24 4 113 41 4 25 4 23 4 26 4 78 55 4 38 4 23 4 8 4 5 43 4 20 4 27 32 48 43 4 20 4 51 37 4 57 4 60 4 37 4 42 11 4 10 4 39 4 59 42 4 52 4 56 4 60 55 4 40 4 27 4 9 4 0 20 4 43 4 13 4 33 4 
iteration 1004 best: 1.01058 time: 398453
81 24 8 43 26 8 45 36 8 45 22 4 50 4 51 27 4 38 4 25 34 8 19 27 4 36 4 68 57 12 17 54 8 7 6 8 36 41 8 65 41 12 106 60 4 21 4 4 13 4 39 4 5 4 43 4 9 17 4 57 4 42 4 81 15 8 58 55 8 9 39 4 39 4 43 25 16 28 16 49 27 4 14 4 24 4 15 4 90 41 4 5 4 7 4 51 13 8 31 8 92 34 4 52 4 33 4 12 4 47 20 8 74 33 4 22 4 52 4 29 4 0 23 8 27 38 4 98 16 8 11 48 8 49 37 8 94 36 4 41 4 5 4 75 6 4 20 4 60 28 4 33 4 22 4 39 18 4 9 4 0 11 4 38 4 29 4 71 50 4 52 4 112 10 4 13 4 48 5 16 24 16 92 52 22 50 4 9 4 119 35 4 40 4 43 4 108 48 4 7 4 95 22 16 33 16 68 27 40 14 4 52 4 42 48 16 49 16 83 35 4 10 4 43 4 110 32 4 14 4 54 19 4 47 4 30 4 0 26 4 32 4 49 23 5 4 70 22 40 21 4 15 14 6 4 41 40 16 16 16 76 11 4 26 4 16 4 63 32 36 46 4 8 8 39 4 90 56 4 33 4 50 4 41 19 16 9 16 46 35 4 27 4 0 44 4 60 4 25 4 52 46 4 14 35 45 4 117 49 4 39 4 47 4 34 4 58 53 4 36 4 56 4 56 4 21 16 4 5 4 39 23 20 4 76 24 4 17 4 47 4 5 14 4 5 35 37 4 27 39 4 9 24 43 4 83 16 4 30 4 50 41 5 5 4 25 11 34 4 22 9 4 24 4 113 41 4 25 4 23 4 26 4 78 55 4 38 4 23 4 8 4 5 43 4 20 4 27 32 48 43 4 20 4 51 37 4 57 4 60 4 37 4 42 11 4 10 4 39 4 59 42 4 52 4 56 4 60 55 4 40 4 27 4 9 4 0 20 4 43 4 13 4 33 4 
iteration 1023 best: 1.01058 time: 405968
81 24 8 43 26 8 45 36 8 45 22 4 50 4 51 27 4 38 4 25 34 8 19 27 4 36 4 68 57 12 17 54 8 7 6 8 36 41 8 65 41 12 106 60 4 21 4 4 13 4 39 4 5 4 43 4 9 17 4 57 4 42 4 81 15 8 58 55 8 9 39 4 39 4 43 25 16 28 16 49 27 4 14 4 24 4 15 4 90 41 4 5 4 7 4 51 13 8 31 8 92 34 4 52 4 33 4 12 4 47 20 8 74 33 4 22 4 52 4 29 4 0 23 8 27 38 4 98 16 8 11 48 8 49 37 8 94 36 4 41 4 5 4 75 6 4 20 4 60 28 4 33 4 22 4 39 18 4 9 4 0 11 4 38 4 29 4 71 50 4 52 4 112 10 4 13 4 48 5 16 24 16 92 52 22 50 4 9 4 119 35 4 40 4 43 4 108 48 4 7 4 95 22 16 33 16 68 27 40 14 4 52 4 42 48 16 49 16 83 35 4 10 4 43 4 110 32 4 14 4 54 19 4 47 4 30 4 0 26 4 32 4 49 23 5 4 70 22 40 21 4 15 14 6 4 41 40 16 16 16 76 11 4 26 4 16 4 63 32 36 46 4 8 8 39 4 90 56 4 33 4 50 4 41 19 16 9 16 46 35 4 27 4 0 44 4 60 4 25 4 52 46 4 14 35 45 4 117 49 4 39 4 47 4 34 4 58 53 4 36 4 56 4 56 4 21 16 4 5 4 39 23 20 4 76 24 4 17 4 47 4 5 14 4 5 35 37 4 27 39 4 9 24 43 4 83 16 4 30 4 50 41 5 5 4 25 11 34 4 22 9 4 24 4 113 41 4 25 4 23 4 26 4 78 55 4 38 4 23 4 8 4 5 43 4 20 4 27 32 48 43 4 20 4 51 37 4 57 4 60 4 37 4 42 11 4 10 4 39 4 59 42 4 52 4 56 4 60 55 4 40 4 27 4 9 4 0 20 4 43 4 13 4 33 4 
iteration 1042 best: 1.01058 time: 413490
81 24 8 43 26 8 45 36 8 45 22 4 50 4 51 27 4 38 4 25 34 8 19 27 4 36 4 68 57 12 17 54 8 7 6 8 36 41 8 65 41 12 106 60 4 21 4 4 13 4 39 4 5 4 43 4 9 17 4 57 4 42 4 81 15 8 58 55 8 9 39 4 39 4 43 25 16 28 16 49 27 4 14 4 24 4 15 4 90 41 4 5 4 7 4 51 13 8 31 8 92 34 4 52 4 33 4 12 4 47 20 8 74 33 4 22 4 52 4 29 4 0 23 8 27 38 4 98 16 8 11 48 8 49 37 8 94 36 4 41 4 5 4 75 6 4 20 4 60 28 4 33 4 22 4 39 18 4 9 4 0 11 4 38 4 29 4 71 50 4 52 4 112 10 4 13 4 48 5 16 24 16 92 52 22 50 4 9 4 119 35 4 40 4 43 4 108 48 4 7 4 95 22 16 33 16 68 27 40 14 4 52 4 42 48 16 49 16 83 35 4 10 4 43 4 110 32 4 14 4 54 19 4 47 4 30 4 0 26 4 32 4 49 23 5 4 70 22 40 21 4 15 14 6 4 41 40 16 16 16 76 11 4 26 4 16 4 63 32 36 46 4 8 8 39 4 90 56 4 33 4 50 4 41 19 16 9 16 46 35 4 27 4 0 44 4 60 4 25 4 52 46 4 14 35 45 4 117 49 4 39 4 47 4 34 4 58 53 4 36 4 56 4 56 4 21 16 4 5 4 39 23 20 4 76 24 4 17 4 47 4 5 14 4 5 35 37 4 27 39 4 9 24 43 4 83 16 4 30 4 50 41 5 5 4 25 11 34 4 22 9 4 24 4 113 41 4 25 4 23 4 26 4 78 55 4 38 4 23 4 8 4 5 43 4 20 4 27 32 48 43 4 20 4 51 37 4 57 4 60 4 37 4 42 11 4 10 4 39 4 59 42 4 52 4 56 4 60 55 4 40 4 27 4 9 4 0 20 4 43 4 13 4 33 4 
iteration 1061 best: 1.01058 time: 421010
81 24 8 43 26 8 45 36 8 45 22 4 50 4 51 27 4 38 4 25 34 8 19 27 4 36 4 68 57 12 17 54 8 7 6 8 36 41 8 65 41 12 106 60 4 21 4 4 13 4 39 4 5 4 43 4 9 17 4 57 4 42 4 81 15 8 58 55 8 9 39 4 39 4 43 25 16 28 16 49 27 4 14 4 24 4 15 4 90 41 4 5 4 7 4 51 13 8 31 8 92 34 4 52 4 33 4 12 4 47 20 8 74 33 4 22 4 52 4 29 4 0 23 8 27 38 4 98 16 8 11 48 8 49 37 8 94 36 4 41 4 5 4 75 6 4 20 4 60 28 4 33 4 22 4 39 18 4 9 4 0 11 4 38 4 29 4 71 50 4 52 4 112 10 4 13 4 48 5 16 24 16 92 52 22 50 4 9 4 119 35 4 40 4 43 4 108 48 4 7 4 95 22 16 33 16 68 27 40 14 4 52 4 42 48 16 49 16 83 35 4 10 4 43 4 110 32 4 14 4 54 19 4 47 4 30 4 0 26 4 32 4 49 23 5 4 70 22 40 21 4 15 14 6 4 41 40 16 16 16 76 11 4 26 4 16 4 63 32 36 46 4 8 8 39 4 90 56 4 33 4 50 4 41 19 16 9 16 46 35 4 27 4 0 44 4 60 4 25 4 52 46 4 14 35 45 4 117 49 4 39 4 47 4 34 4 58 53 4 36 4 56 4 56 4 21 16 4 5 4 39 23 20 4 76 24 4 17 4 47 4 5 14 4 5 35 37 4 27 39 4 9 24 43 4 83 16 4 30 4 50 41 5 5 4 25 11 34 4 22 9 4 24 4 113 41 4 25 4 23 4 26 4 78 55 4 38 4 23 4 8 4 5 43 4 20 4 27 32 48 43 4 20 4 51 37 4 57 4 60 4 37 4 42 11 4 10 4 39 4 59 42 4 52 4 56 4 60 55 4 40 4 27 4 9 4 0 20 4 43 4 13 4 33 4 
iteration 1080 best: 1.01058 time: 428512
81 24 8 43 26 8 45 36 8 45 22 4 50 4 51 27 4 38 4 25 34 8 19 27 4 36 4 68 57 12 17 54 8 7 6 8 36 41 8 65 41 12 106 60 4 21 4 4 13 4 39 4 5 4 43 4 9 17 4 57 4 42 4 81 15 8 58 55 8 9 39 4 39 4 43 25 16 28 16 49 27 4 14 4 24 4 15 4 90 41 4 5 4 7 4 51 13 8 31 8 92 34 4 52 4 33 4 12 4 47 20 8 74 33 4 22 4 52 4 29 4 0 23 8 27 38 4 98 16 8 11 48 8 49 37 8 94 36 4 41 4 5 4 75 6 4 20 4 60 28 4 33 4 22 4 39 18 4 9 4 0 11 4 38 4 29 4 71 50 4 52 4 112 10 4 13 4 48 5 16 24 16 92 52 22 50 4 9 4 119 35 4 40 4 43 4 108 48 4 7 4 95 22 16 33 16 68 27 40 14 4 52 4 42 48 16 49 16 83 35 4 10 4 43 4 110 32 4 14 4 54 19 4 47 4 30 4 0 26 4 32 4 49 23 5 4 70 22 40 21 4 15 14 6 4 41 40 16 16 16 76 11 4 26 4 16 4 63 32 36 46 4 8 8 39 4 90 56 4 33 4 50 4 41 19 16 9 16 46 35 4 27 4 0 44 4 60 4 25 4 52 46 4 14 35 45 4 117 49 4 39 4 47 4 34 4 58 53 4 36 4 56 4 56 4 21 16 4 5 4 39 23 20 4 76 24 4 17 4 47 4 5 14 4 5 35 37 4 27 39 4 9 24 43 4 83 16 4 30 4 50 41 5 5 4 25 11 34 4 22 9 4 24 4 113 41 4 25 4 23 4 26 4 78 55 4 38 4 23 4 8 4 5 43 4 20 4 27 32 48 43 4 20 4 51 37 4 57 4 60 4 37 4 42 11 4 10 4 39 4 59 42 4 52 4 56 4 60 55 4 40 4 27 4 9 4 0 20 4 43 4 13 4 33 4 
iteration 1099 best: 1.01058 time: 436025
81 24 8 43 26 8 45 36 8 45 22 4 50 4 51 27 4 38 4 25 34 8 19 27 4 36 4 68 57 12 17 54 8 7 6 8 36 41 8 65 41 12 106 60 4 21 4 4 13 4 39 4 5 4 43 4 9 17 4 57 4 42 4 81 15 8 58 55 8 9 39 4 39 4 43 25 16 28 16 49 27 4 14 4 24 4 15 4 90 41 4 5 4 7 4 51 13 8 31 8 92 34 4 52 4 33 4 12 4 47 20 8 74 33 4 22 4 52 4 29 4 0 23 8 27 38 4 98 16 8 11 48 8 49 37 8 94 36 4 41 4 5 4 75 6 4 20 4 60 28 4 33 4 22 4 39 18 4 9 4 0 11 4 38 4 29 4 71 50 4 52 4 112 10 4 13 4 48 5 16 24 16 92 52 22 50 4 9 4 119 35 4 40 4 43 4 108 48 4 7 4 95 22 16 33 16 68 27 40 14 4 52 4 42 48 16 49 16 83 35 4 10 4 43 4 110 32 4 14 4 54 19 4 47 4 30 4 0 26 4 32 4 49 23 5 4 70 22 40 21 4 15 14 6 4 41 40 16 16 16 76 11 4 26 4 16 4 63 32 36 46 4 8 8 39 4 90 56 4 33 4 50 4 41 19 16 9 16 46 35 4 27 4 0 44 4 60 4 25 4 52 46 4 14 35 45 4 117 49 4 39 4 47 4 34 4 58 53 4 36 4 56 4 56 4 21 16 4 5 4 39 23 20 4 76 24 4 17 4 47 4 5 14 4 5 35 37 4 27 39 4 9 24 43 4 83 16 4 30 4 50 41 5 5 4 25 11 34 4 22 9 4 24 4 113 41 4 25 4 23 4 26 4 78 55 4 38 4 23 4 8 4 5 43 4 20 4 27 32 48 43 4 20 4 51 37 4 57 4 60 4 37 4 42 11 4 10 4 39 4 59 42 4 52 4 56 4 60 55 4 40 4 27 4 9 4 0 20 4 43 4 13 4 33 4 
iteration 1118 best: 1.01058 time: 443534
81 24 8 43 26 8 45 36 8 45 22 4 50 4 51 27 4 38 4 25 34 8 19 27 4 36 4 68 57 12 17 54 8 7 6 8 36 41 8 65 41 12 106 60 4 21 4 4 13 4 39 4 5 4 43 4 9 17 4 57 4 42 4 81 15 8 58 55 8 9 39 4 39 4 43 25 16 28 16 49 27 4 14 4 24 4 15 4 90 41 4 5 4 7 4 51 13 8 31 8 92 34 4 52 4 33 4 12 4 47 20 8 74 33 4 22 4 52 4 29 4 0 23 8 27 38 4 98 16 8 11 48 8 49 37 8 94 36 4 41 4 5 4 75 6 4 20 4 60 28 4 33 4 22 4 39 18 4 9 4 0 11 4 38 4 29 4 71 50 4 52 4 112 10 4 13 4 48 5 16 24 16 92 52 22 50 4 9 4 119 35 4 40 4 43 4 108 48 4 7 4 95 22 16 33 16 68 27 40 14 4 52 4 42 48 16 49 16 83 35 4 10 4 43 4 110 32 4 14 4 54 19 4 47 4 30 4 0 26 4 32 4 49 23 5 4 70 22 40 21 4 15 14 6 4 41 40 16 16 16 76 11 4 26 4 16 4 63 32 36 46 4 8 8 39 4 90 56 4 33 4 50 4 41 19 16 9 16 46 35 4 27 4 0 44 4 60 4 25 4 52 46 4 14 35 45 4 117 49 4 39 4 47 4 34 4 58 53 4 36 4 56 4 56 4 21 16 4 5 4 39 23 20 4 76 24 4 17 4 47 4 5 14 4 5 35 37 4 27 39 4 9 24 43 4 83 16 4 30 4 50 41 5 5 4 25 11 34 4 22 9 4 24 4 113 41 4 25 4 23 4 26 4 78 55 4 38 4 23 4 8 4 5 43 4 20 4 27 32 48 43 4 20 4 51 37 4 57 4 60 4 37 4 42 11 4 10 4 39 4 59 42 4 52 4 56 4 60 55 4 40 4 27 4 9 4 0 20 4 43 4 13 4 33 4 
iteration 1137 best: 1.01058 time: 451048
81 24 8 43 26 8 45 36 8 45 22 4 50 4 51 27 4 38 4 25 34 8 19 27 4 36 4 68 57 12 17 54 8 7 6 8 36 41 8 65 41 12 106 60 4 21 4 4 13 4 39 4 5 4 43 4 9 17 4 57 4 42 4 81 15 8 58 55 8 9 39 4 39 4 43 25 16 28 16 49 27 4 14 4 24 4 15 4 90 41 4 5 4 7 4 51 13 8 31 8 92 34 4 52 4 33 4 12 4 47 20 8 74 33 4 22 4 52 4 29 4 0 23 8 27 38 4 98 16 8 11 48 8 49 37 8 94 36 4 41 4 5 4 75 6 4 20 4 60 28 4 33 4 22 4 39 18 4 9 4 0 11 4 38 4 29 4 71 50 4 52 4 112 10 4 13 4 48 5 16 24 16 92 52 22 50 4 9 4 119 35 4 40 4 43 4 108 48 4 7 4 95 22 16 33 16 68 27 40 14 4 52 4 42 48 16 49 16 83 35 4 10 4 43 4 110 32 4 14 4 54 19 4 47 4 30 4 0 26 4 32 4 49 23 5 4 70 22 40 21 4 15 14 6 4 41 40 16 16 16 76 11 4 26 4 16 4 63 32 36 46 4 8 8 39 4 90 56 4 33 4 50 4 41 19 16 9 16 46 35 4 27 4 0 44 4 60 4 25 4 52 46 4 14 35 45 4 117 49 4 39 4 47 4 34 4 58 53 4 36 4 56 4 56 4 21 16 4 5 4 39 23 20 4 76 24 4 17 4 47 4 5 14 4 5 35 37 4 27 39 4 9 24 43 4 83 16 4 30 4 50 41 5 5 4 25 11 34 4 22 9 4 24 4 113 41 4 25 4 23 4 26 4 78 55 4 38 4 23 4 8 4 5 43 4 20 4 27 32 48 43 4 20 4 51 37 4 57 4 60 4 37 4 42 11 4 10 4 39 4 59 42 4 52 4 56 4 60 55 4 40 4 27 4 9 4 0 20 4 43 4 13 4 33 4 
iteration 1156 best: 1.01058 time: 458580
81 24 8 43 26 8 45 36 8 45 22 4 50 4 51 27 4 38 4 25 34 8 19 27 4 36 4 68 57 12 17 54 8 7 6 8 36 41 8 65 41 12 106 60 4 21 4 4 13 4 39 4 5 4 43 4 9 17 4 57 4 42 4 81 15 8 58 55 8 9 39 4 39 4 43 25 16 28 16 49 27 4 14 4 24 4 15 4 90 41 4 5 4 7 4 51 13 8 31 8 92 34 4 52 4 33 4 12 4 47 20 8 74 33 4 22 4 52 4 29 4 0 23 8 27 38 4 98 16 8 11 48 8 49 37 8 94 36 4 41 4 5 4 75 6 4 20 4 60 28 4 33 4 22 4 39 18 4 9 4 0 11 4 38 4 29 4 71 50 4 52 4 112 10 4 13 4 48 5 16 24 16 92 52 22 50 4 9 4 119 35 4 40 4 43 4 108 48 4 7 4 95 22 16 33 16 68 27 40 14 4 52 4 42 48 16 49 16 83 35 4 10 4 43 4 110 32 4 14 4 54 19 4 47 4 30 4 0 26 4 32 4 49 23 5 4 70 22 40 21 4 15 14 6 4 41 40 16 16 16 76 11 4 26 4 16 4 63 32 36 46 4 8 8 39 4 90 56 4 33 4 50 4 41 19 16 9 16 46 35 4 27 4 0 44 4 60 4 25 4 52 46 4 14 35 45 4 117 49 4 39 4 47 4 34 4 58 53 4 36 4 56 4 56 4 21 16 4 5 4 39 23 20 4 76 24 4 17 4 47 4 5 14 4 5 35 37 4 27 39 4 9 24 43 4 83 16 4 30 4 50 41 5 5 4 25 11 34 4 22 9 4 24 4 113 41 4 25 4 23 4 26 4 78 55 4 38 4 23 4 8 4 5 43 4 20 4 27 32 48 43 4 20 4 51 37 4 57 4 60 4 37 4 42 11 4 10 4 39 4 59 42 4 52 4 56 4 60 55 4 40 4 27 4 9 4 0 20 4 43 4 13 4 33 4 
iteration 1175 best: 1.01058 time: 466095
81 24 8 43 26 8 45 36 8 45 22 4 50 4 51 27 4 38 4 25 34 8 19 27 4 36 4 68 57 12 17 54 8 7 6 8 36 41 8 65 41 12 106 60 4 21 4 4 13 4 39 4 5 4 43 4 9 17 4 57 4 42 4 81 15 8 58 55 8 9 39 4 39 4 43 25 16 28 16 49 27 4 14 4 24 4 15 4 90 41 4 5 4 7 4 51 13 8 31 8 92 34 4 52 4 33 4 12 4 47 20 8 74 33 4 22 4 52 4 29 4 0 23 8 27 38 4 98 16 8 11 48 8 49 37 8 94 36 4 41 4 5 4 75 6 4 20 4 60 28 4 33 4 22 4 39 18 4 9 4 0 11 4 38 4 29 4 71 50 4 52 4 112 10 4 13 4 48 5 16 24 16 92 52 22 50 4 9 4 119 35 4 40 4 43 4 108 48 4 7 4 95 22 16 33 16 68 27 40 14 4 52 4 42 48 16 49 16 83 35 4 10 4 43 4 110 32 4 14 4 54 19 4 47 4 30 4 0 26 4 32 4 49 23 5 4 70 22 40 21 4 15 14 6 4 41 40 16 16 16 76 11 4 26 4 16 4 63 32 36 46 4 8 8 39 4 90 56 4 33 4 50 4 41 19 16 9 16 46 35 4 27 4 0 44 4 60 4 25 4 52 46 4 14 35 45 4 117 49 4 39 4 47 4 34 4 58 53 4 36 4 56 4 56 4 21 16 4 5 4 39 23 20 4 76 24 4 17 4 47 4 5 14 4 5 35 37 4 27 39 4 9 24 43 4 83 16 4 30 4 50 41 5 5 4 25 11 34 4 22 9 4 24 4 113 41 4 25 4 23 4 26 4 78 55 4 38 4 23 4 8 4 5 43 4 20 4 27 32 48 43 4 20 4 51 37 4 57 4 60 4 37 4 42 11 4 10 4 39 4 59 42 4 52 4 56 4 60 55 4 40 4 27 4 9 4 0 20 4 43 4 13 4 33 4 
iteration 1194 best: 1.01058 time: 473635
81 24 8 43 26 8 45 36 8 45 22 4 50 4 51 27 4 38 4 25 34 8 19 27 4 36 4 68 57 12 17 54 8 7 6 8 36 41 8 65 41 12 106 60 4 21 4 4 13 4 39 4 5 4 43 4 9 17 4 57 4 42 4 81 15 8 58 55 8 9 39 4 39 4 43 25 16 28 16 49 27 4 14 4 24 4 15 4 90 41 4 5 4 7 4 51 13 8 31 8 92 34 4 52 4 33 4 12 4 47 20 8 74 33 4 22 4 52 4 29 4 0 23 8 27 38 4 98 16 8 11 48 8 49 37 8 94 36 4 41 4 5 4 75 6 4 20 4 60 28 4 33 4 22 4 39 18 4 9 4 0 11 4 38 4 29 4 71 50 4 52 4 112 10 4 13 4 48 5 16 24 16 92 52 22 50 4 9 4 119 35 4 40 4 43 4 108 48 4 7 4 95 22 16 33 16 68 27 40 14 4 52 4 42 48 16 49 16 83 35 4 10 4 43 4 110 32 4 14 4 54 19 4 47 4 30 4 0 26 4 32 4 49 23 5 4 70 22 40 21 4 15 14 6 4 41 40 16 16 16 76 11 4 26 4 16 4 63 32 36 46 4 8 8 39 4 90 56 4 33 4 50 4 41 19 16 9 16 46 35 4 27 4 0 44 4 60 4 25 4 52 46 4 14 35 45 4 117 49 4 39 4 47 4 34 4 58 53 4 36 4 56 4 56 4 21 16 4 5 4 39 23 20 4 76 24 4 17 4 47 4 5 14 4 5 35 37 4 27 39 4 9 24 43 4 83 16 4 30 4 50 41 5 5 4 25 11 34 4 22 9 4 24 4 113 41 4 25 4 23 4 26 4 78 55 4 38 4 23 4 8 4 5 43 4 20 4 27 32 48 43 4 20 4 51 37 4 57 4 60 4 37 4 42 11 4 10 4 39 4 59 42 4 52 4 56 4 60 55 4 40 4 27 4 9 4 0 20 4 43 4 13 4 33 4 
iteration 1213 best: 1.01058 time: 481158
81 24 8 43 26 8 45 36 8 45 22 4 50 4 51 27 4 38 4 25 34 8 19 27 4 36 4 68 57 12 17 54 8 7 6 8 36 41 8 65 41 12 106 60 4 21 4 4 13 4 39 4 5 4 43 4 9 17 4 57 4 42 4 81 15 8 58 55 8 9 39 4 39 4 43 25 16 28 16 49 27 4 14 4 24 4 15 4 90 41 4 5 4 7 4 51 13 8 31 8 92 34 4 52 4 33 4 12 4 47 20 8 74 33 4 22 4 52 4 29 4 0 23 8 27 38 4 98 16 8 11 48 8 49 37 8 94 36 4 41 4 5 4 75 6 4 20 4 60 28 4 33 4 22 4 39 18 4 9 4 0 11 4 38 4 29 4 71 50 4 52 4 112 10 4 13 4 48 5 16 24 16 92 52 22 50 4 9 4 119 35 4 40 4 43 4 108 48 4 7 4 95 22 16 33 16 68 27 40 14 4 52 4 42 48 16 49 16 83 35 4 10 4 43 4 110 32 4 14 4 54 19 4 47 4 30 4 0 26 4 32 4 49 23 5 4 70 22 40 21 4 15 14 6 4 41 40 16 16 16 76 11 4 26 4 16 4 63 32 36 46 4 8 8 39 4 90 56 4 33 4 50 4 41 19 16 9 16 46 35 4 27 4 0 44 4 60 4 25 4 52 46 4 14 35 45 4 117 49 4 39 4 47 4 34 4 58 53 4 36 4 56 4 56 4 21 16 4 5 4 39 23 20 4 76 24 4 17 4 47 4 5 14 4 5 35 37 4 27 39 4 9 24 43 4 83 16 4 30 4 50 41 5 5 4 25 11 34 4 22 9 4 24 4 113 41 4 25 4 23 4 26 4 78 55 4 38 4 23 4 8 4 5 43 4 20 4 27 32 48 43 4 20 4 51 37 4 57 4 60 4 37 4 42 11 4 10 4 39 4 59 42 4 52 4 56 4 60 55 4 40 4 27 4 9 4 0 20 4 43 4 13 4 33 4 
iteration 1232 best: 1.01058 time: 488661
81 24 8 43 26 8 45 36 8 45 22 4 50 4 51 27 4 38 4 25 34 8 19 27 4 36 4 68 57 12 17 54 8 7 6 8 36 41 8 65 41 12 106 60 4 21 4 4 13 4 39 4 5 4 43 4 9 17 4 57 4 42 4 81 15 8 58 55 8 9 39 4 39 4 43 25 16 28 16 49 27 4 14 4 24 4 15 4 90 41 4 5 4 7 4 51 13 8 31 8 92 34 4 52 4 33 4 12 4 47 20 8 74 33 4 22 4 52 4 29 4 0 23 8 27 38 4 98 16 8 11 48 8 49 37 8 94 36 4 41 4 5 4 75 6 4 20 4 60 28 4 33 4 22 4 39 18 4 9 4 0 11 4 38 4 29 4 71 50 4 52 4 112 10 4 13 4 48 5 16 24 16 92 52 22 50 4 9 4 119 35 4 40 4 43 4 108 48 4 7 4 95 22 16 33 16 68 27 40 14 4 52 4 42 48 16 49 16 83 35 4 10 4 43 4 110 32 4 14 4 54 19 4 47 4 30 4 0 26 4 32 4 49 23 5 4 70 22 40 21 4 15 14 6 4 41 40 16 16 16 76 11 4 26 4 16 4 63 32 36 46 4 8 8 39 4 90 56 4 33 4 50 4 41 19 16 9 16 46 35 4 27 4 0 44 4 60 4 25 4 52 46 4 14 35 45 4 117 49 4 39 4 47 4 34 4 58 53 4 36 4 56 4 56 4 21 16 4 5 4 39 23 20 4 76 24 4 17 4 47 4 5 14 4 5 35 37 4 27 39 4 9 24 43 4 83 16 4 30 4 50 41 5 5 4 25 11 34 4 22 9 4 24 4 113 41 4 25 4 23 4 26 4 78 55 4 38 4 23 4 8 4 5 43 4 20 4 27 32 48 43 4 20 4 51 37 4 57 4 60 4 37 4 42 11 4 10 4 39 4 59 42 4 52 4 56 4 60 55 4 40 4 27 4 9 4 0 20 4 43 4 13 4 33 4 
iteration 1251 best: 1.01058 time: 496168
81 24 8 43 26 8 45 36 8 45 22 4 50 4 51 27 4 38 4 25 34 8 19 27 4 36 4 68 57 12 17 54 8 7 6 8 36 41 8 65 41 12 106 60 4 21 4 4 13 4 39 4 5 4 43 4 9 17 4 57 4 42 4 81 15 8 58 55 8 9 39 4 39 4 43 25 16 28 16 49 27 4 14 4 24 4 15 4 90 41 4 5 4 7 4 51 13 8 31 8 92 34 4 52 4 33 4 12 4 47 20 8 74 33 4 22 4 52 4 29 4 0 23 8 27 38 4 98 16 8 11 48 8 49 37 8 94 36 4 41 4 5 4 75 6 4 20 4 60 28 4 33 4 22 4 39 18 4 9 4 0 11 4 38 4 29 4 71 50 4 52 4 112 10 4 13 4 48 5 16 24 16 92 52 22 50 4 9 4 119 35 4 40 4 43 4 108 48 4 7 4 95 22 16 33 16 68 27 40 14 4 52 4 42 48 16 49 16 83 35 4 10 4 43 4 110 32 4 14 4 54 19 4 47 4 30 4 0 26 4 32 4 49 23 5 4 70 22 40 21 4 15 14 6 4 41 40 16 16 16 76 11 4 26 4 16 4 63 32 36 46 4 8 8 39 4 90 56 4 33 4 50 4 41 19 16 9 16 46 35 4 27 4 0 44 4 60 4 25 4 52 46 4 14 35 45 4 117 49 4 39 4 47 4 34 4 58 53 4 36 4 56 4 56 4 21 16 4 5 4 39 23 20 4 76 24 4 17 4 47 4 5 14 4 5 35 37 4 27 39 4 9 24 43 4 83 16 4 30 4 50 41 5 5 4 25 11 34 4 22 9 4 24 4 113 41 4 25 4 23 4 26 4 78 55 4 38 4 23 4 8 4 5 43 4 20 4 27 32 48 43 4 20 4 51 37 4 57 4 60 4 37 4 42 11 4 10 4 39 4 59 42 4 52 4 56 4 60 55 4 40 4 27 4 9 4 0 20 4 43 4 13 4 33 4 
iteration 1270 best: 1.01058 time: 503698
81 24 8 43 26 8 45 36 8 45 22 4 50 4 51 27 4 38 4 25 34 8 19 27 4 36 4 68 57 12 17 54 8 7 6 8 36 41 8 65 41 12 106 60 4 21 4 4 13 4 39 4 5 4 43 4 9 17 4 57 4 42 4 81 15 8 58 55 8 9 39 4 39 4 43 25 16 28 16 49 27 4 14 4 24 4 15 4 90 41 4 5 4 7 4 51 13 8 31 8 92 34 4 52 4 33 4 12 4 47 20 8 74 33 4 22 4 52 4 29 4 0 23 8 27 38 4 98 16 8 11 48 8 49 37 8 94 36 4 41 4 5 4 75 6 4 20 4 60 28 4 33 4 22 4 39 18 4 9 4 0 11 4 38 4 29 4 71 50 4 52 4 112 10 4 13 4 48 5 16 24 16 92 52 22 50 4 9 4 119 35 4 40 4 43 4 108 48 4 7 4 95 22 16 33 16 68 27 40 14 4 52 4 42 48 16 49 16 83 35 4 10 4 43 4 110 32 4 14 4 54 19 4 47 4 30 4 0 26 4 32 4 49 23 5 4 70 22 40 21 4 15 14 6 4 41 40 16 16 16 76 11 4 26 4 16 4 63 32 36 46 4 8 8 39 4 90 56 4 33 4 50 4 41 19 16 9 16 46 35 4 27 4 0 44 4 60 4 25 4 52 46 4 14 35 45 4 117 49 4 39 4 47 4 34 4 58 53 4 36 4 56 4 56 4 21 16 4 5 4 39 23 20 4 76 24 4 17 4 47 4 5 14 4 5 35 37 4 27 39 4 9 24 43 4 83 16 4 30 4 50 41 5 5 4 25 11 34 4 22 9 4 24 4 113 41 4 25 4 23 4 26 4 78 55 4 38 4 23 4 8 4 5 43 4 20 4 27 32 48 43 4 20 4 51 37 4 57 4 60 4 37 4 42 11 4 10 4 39 4 59 42 4 52 4 56 4 60 55 4 40 4 27 4 9 4 0 20 4 43 4 13 4 33 4 
iteration 1289 best: 1.01058 time: 511216
81 24 8 43 26 8 45 36 8 45 22 4 50 4 51 27 4 38 4 25 34 8 19 27 4 36 4 68 57 12 17 54 8 7 6 8 36 41 8 65 41 12 106 60 4 21 4 4 13 4 39 4 5 4 43 4 9 17 4 57 4 42 4 81 15 8 58 55 8 9 39 4 39 4 43 25 16 28 16 49 27 4 14 4 24 4 15 4 90 41 4 5 4 7 4 51 13 8 31 8 92 34 4 52 4 33 4 12 4 47 20 8 74 33 4 22 4 52 4 29 4 0 23 8 27 38 4 98 16 8 11 48 8 49 37 8 94 36 4 41 4 5 4 75 6 4 20 4 60 28 4 33 4 22 4 39 18 4 9 4 0 11 4 38 4 29 4 71 50 4 52 4 112 10 4 13 4 48 5 16 24 16 92 52 22 50 4 9 4 119 35 4 40 4 43 4 108 48 4 7 4 95 22 16 33 16 68 27 40 14 4 52 4 42 48 16 49 16 83 35 4 10 4 43 4 110 32 4 14 4 54 19 4 47 4 30 4 0 26 4 32 4 49 23 5 4 70 22 40 21 4 15 14 6 4 41 40 16 16 16 76 11 4 26 4 16 4 63 32 36 46 4 8 8 39 4 90 56 4 33 4 50 4 41 19 16 9 16 46 35 4 27 4 0 44 4 60 4 25 4 52 46 4 14 35 45 4 117 49 4 39 4 47 4 34 4 58 53 4 36 4 56 4 56 4 21 16 4 5 4 39 23 20 4 76 24 4 17 4 47 4 5 14 4 5 35 37 4 27 39 4 9 24 43 4 83 16 4 30 4 50 41 5 5 4 25 11 34 4 22 9 4 24 4 113 41 4 25 4 23 4 26 4 78 55 4 38 4 23 4 8 4 5 43 4 20 4 27 32 48 43 4 20 4 51 37 4 57 4 60 4 37 4 42 11 4 10 4 39 4 59 42 4 52 4 56 4 60 55 4 40 4 27 4 9 4 0 20 4 43 4 13 4 33 4 
iteration 1308 best: 1.01058 time: 518754
81 24 8 43 26 8 45 36 8 45 22 4 50 4 51 27 4 38 4 25 34 8 19 27 4 36 4 68 57 12 17 54 8 7 6 8 36 41 8 65 41 12 106 60 4 21 4 4 13 4 39 4 5 4 43 4 9 17 4 57 4 42 4 81 15 8 58 55 8 9 39 4 39 4 43 25 16 28 16 49 27 4 14 4 24 4 15 4 90 41 4 5 4 7 4 51 13 8 31 8 92 34 4 52 4 33 4 12 4 47 20 8 74 33 4 22 4 52 4 29 4 0 23 8 27 38 4 98 16 8 11 48 8 49 37 8 94 36 4 41 4 5 4 75 6 4 20 4 60 28 4 33 4 22 4 39 18 4 9 4 0 11 4 38 4 29 4 71 50 4 52 4 112 10 4 13 4 48 5 16 24 16 92 52 22 50 4 9 4 119 35 4 40 4 43 4 108 48 4 7 4 95 22 16 33 16 68 27 40 14 4 52 4 42 48 16 49 16 83 35 4 10 4 43 4 110 32 4 14 4 54 19 4 47 4 30 4 0 26 4 32 4 49 23 5 4 70 22 40 21 4 15 14 6 4 41 40 16 16 16 76 11 4 26 4 16 4 63 32 36 46 4 8 8 39 4 90 56 4 33 4 50 4 41 19 16 9 16 46 35 4 27 4 0 44 4 60 4 25 4 52 46 4 14 35 45 4 117 49 4 39 4 47 4 34 4 58 53 4 36 4 56 4 56 4 21 16 4 5 4 39 23 20 4 76 24 4 17 4 47 4 5 14 4 5 35 37 4 27 39 4 9 24 43 4 83 16 4 30 4 50 41 5 5 4 25 11 34 4 22 9 4 24 4 113 41 4 25 4 23 4 26 4 78 55 4 38 4 23 4 8 4 5 43 4 20 4 27 32 48 43 4 20 4 51 37 4 57 4 60 4 37 4 42 11 4 10 4 39 4 59 42 4 52 4 56 4 60 55 4 40 4 27 4 9 4 0 20 4 43 4 13 4 33 4 
iteration 1327 best: 1.01058 time: 526296
81 24 8 43 26 8 45 36 8 45 22 4 50 4 51 27 4 38 4 25 34 8 19 27 4 36 4 68 57 12 17 54 8 7 6 8 36 41 8 65 41 12 106 60 4 21 4 4 13 4 39 4 5 4 43 4 9 17 4 57 4 42 4 81 15 8 58 55 8 9 39 4 39 4 43 25 16 28 16 49 27 4 14 4 24 4 15 4 90 41 4 5 4 7 4 51 13 8 31 8 92 34 4 52 4 33 4 12 4 47 20 8 74 33 4 22 4 52 4 29 4 0 23 8 27 38 4 98 16 8 11 48 8 49 37 8 94 36 4 41 4 5 4 75 6 4 20 4 60 28 4 33 4 22 4 39 18 4 9 4 0 11 4 38 4 29 4 71 50 4 52 4 112 10 4 13 4 48 5 16 24 16 92 52 22 50 4 9 4 119 35 4 40 4 43 4 108 48 4 7 4 95 22 16 33 16 68 27 40 14 4 52 4 42 48 16 49 16 83 35 4 10 4 43 4 110 32 4 14 4 54 19 4 47 4 30 4 0 26 4 32 4 49 23 5 4 70 22 40 21 4 15 14 6 4 41 40 16 16 16 76 11 4 26 4 16 4 63 32 36 46 4 8 8 39 4 90 56 4 33 4 50 4 41 19 16 9 16 46 35 4 27 4 0 44 4 60 4 25 4 52 46 4 14 35 45 4 117 49 4 39 4 47 4 34 4 58 53 4 36 4 56 4 56 4 21 16 4 5 4 39 23 20 4 76 24 4 17 4 47 4 5 14 4 5 35 37 4 27 39 4 9 24 43 4 83 16 4 30 4 50 41 5 5 4 25 11 34 4 22 9 4 24 4 113 41 4 25 4 23 4 26 4 78 55 4 38 4 23 4 8 4 5 43 4 20 4 27 32 48 43 4 20 4 51 37 4 57 4 60 4 37 4 42 11 4 10 4 39 4 59 42 4 52 4 56 4 60 55 4 40 4 27 4 9 4 0 20 4 43 4 13 4 33 4 
iteration 1346 best: 1.01058 time: 533819
81 24 8 43 26 8 45 36 8 45 22 4 50 4 51 27 4 38 4 25 34 8 19 27 4 36 4 68 57 12 17 54 8 7 6 8 36 41 8 65 41 12 106 60 4 21 4 4 13 4 39 4 5 4 43 4 9 17 4 57 4 42 4 81 15 8 58 55 8 9 39 4 39 4 43 25 16 28 16 49 27 4 14 4 24 4 15 4 90 41 4 5 4 7 4 51 13 8 31 8 92 34 4 52 4 33 4 12 4 47 20 8 74 33 4 22 4 52 4 29 4 0 23 8 27 38 4 98 16 8 11 48 8 49 37 8 94 36 4 41 4 5 4 75 6 4 20 4 60 28 4 33 4 22 4 39 18 4 9 4 0 11 4 38 4 29 4 71 50 4 52 4 112 10 4 13 4 48 5 16 24 16 92 52 22 50 4 9 4 119 35 4 40 4 43 4 108 48 4 7 4 95 22 16 33 16 68 27 40 14 4 52 4 42 48 16 49 16 83 35 4 10 4 43 4 110 32 4 14 4 54 19 4 47 4 30 4 0 26 4 32 4 49 23 5 4 70 22 40 21 4 15 14 6 4 41 40 16 16 16 76 11 4 26 4 16 4 63 32 36 46 4 8 8 39 4 90 56 4 33 4 50 4 41 19 16 9 16 46 35 4 27 4 0 44 4 60 4 25 4 52 46 4 14 35 45 4 117 49 4 39 4 47 4 34 4 58 53 4 36 4 56 4 56 4 21 16 4 5 4 39 23 20 4 76 24 4 17 4 47 4 5 14 4 5 35 37 4 27 39 4 9 24 43 4 83 16 4 30 4 50 41 5 5 4 25 11 34 4 22 9 4 24 4 113 41 4 25 4 23 4 26 4 78 55 4 38 4 23 4 8 4 5 43 4 20 4 27 32 48 43 4 20 4 51 37 4 57 4 60 4 37 4 42 11 4 10 4 39 4 59 42 4 52 4 56 4 60 55 4 40 4 27 4 9 4 0 20 4 43 4 13 4 33 4 
iteration 1365 best: 1.01058 time: 541331
81 24 8 43 26 8 45 36 8 45 22 4 50 4 51 27 4 38 4 25 34 8 19 27 4 36 4 68 57 12 17 54 8 7 6 8 36 41 8 65 41 12 106 60 4 21 4 4 13 4 39 4 5 4 43 4 9 17 4 57 4 42 4 81 15 8 58 55 8 9 39 4 39 4 43 25 16 28 16 49 27 4 14 4 24 4 15 4 90 41 4 5 4 7 4 51 13 8 31 8 92 34 4 52 4 33 4 12 4 47 20 8 74 33 4 22 4 52 4 29 4 0 23 8 27 38 4 98 16 8 11 48 8 49 37 8 94 36 4 41 4 5 4 75 6 4 20 4 60 28 4 33 4 22 4 39 18 4 9 4 0 11 4 38 4 29 4 71 50 4 52 4 112 10 4 13 4 48 5 16 24 16 92 52 22 50 4 9 4 119 35 4 40 4 43 4 108 48 4 7 4 95 22 16 33 16 68 27 40 14 4 52 4 42 48 16 49 16 83 35 4 10 4 43 4 110 32 4 14 4 54 19 4 47 4 30 4 0 26 4 32 4 49 23 5 4 70 22 40 21 4 15 14 6 4 41 40 16 16 16 76 11 4 26 4 16 4 63 32 36 46 4 8 8 39 4 90 56 4 33 4 50 4 41 19 16 9 16 46 35 4 27 4 0 44 4 60 4 25 4 52 46 4 14 35 45 4 117 49 4 39 4 47 4 34 4 58 53 4 36 4 56 4 56 4 21 16 4 5 4 39 23 20 4 76 24 4 17 4 47 4 5 14 4 5 35 37 4 27 39 4 9 24 43 4 83 16 4 30 4 50 41 5 5 4 25 11 34 4 22 9 4 24 4 113 41 4 25 4 23 4 26 4 78 55 4 38 4 23 4 8 4 5 43 4 20 4 27 32 48 43 4 20 4 51 37 4 57 4 60 4 37 4 42 11 4 10 4 39 4 59 42 4 52 4 56 4 60 55 4 40 4 27 4 9 4 0 20 4 43 4 13 4 33 4 
iteration 1384 best: 1.01058 time: 548844
81 24 8 43 26 8 45 36 8 45 22 4 50 4 51 27 4 38 4 25 34 8 19 27 4 36 4 68 57 12 17 54 8 7 6 8 36 41 8 65 41 12 106 60 4 21 4 4 13 4 39 4 5 4 43 4 9 17 4 57 4 42 4 81 15 8 58 55 8 9 39 4 39 4 43 25 16 28 16 49 27 4 14 4 24 4 15 4 90 41 4 5 4 7 4 51 13 8 31 8 92 34 4 52 4 33 4 12 4 47 20 8 74 33 4 22 4 52 4 29 4 0 23 8 27 38 4 98 16 8 11 48 8 49 37 8 94 36 4 41 4 5 4 75 6 4 20 4 60 28 4 33 4 22 4 39 18 4 9 4 0 11 4 38 4 29 4 71 50 4 52 4 112 10 4 13 4 48 5 16 24 16 92 52 22 50 4 9 4 119 35 4 40 4 43 4 108 48 4 7 4 95 22 16 33 16 68 27 40 14 4 52 4 42 48 16 49 16 83 35 4 10 4 43 4 110 32 4 14 4 54 19 4 47 4 30 4 0 26 4 32 4 49 23 5 4 70 22 40 21 4 15 14 6 4 41 40 16 16 16 76 11 4 26 4 16 4 63 32 36 46 4 8 8 39 4 90 56 4 33 4 50 4 41 19 16 9 16 46 35 4 27 4 0 44 4 60 4 25 4 52 46 4 14 35 45 4 117 49 4 39 4 47 4 34 4 58 53 4 36 4 56 4 56 4 21 16 4 5 4 39 23 20 4 76 24 4 17 4 47 4 5 14 4 5 35 37 4 27 39 4 9 24 43 4 83 16 4 30 4 50 41 5 5 4 25 11 34 4 22 9 4 24 4 113 41 4 25 4 23 4 26 4 78 55 4 38 4 23 4 8 4 5 43 4 20 4 27 32 48 43 4 20 4 51 37 4 57 4 60 4 37 4 42 11 4 10 4 39 4 59 42 4 52 4 56 4 60 55 4 40 4 27 4 9 4 0 20 4 43 4 13 4 33 4 
iteration 1403 best: 1.01058 time: 556351
81 24 8 43 26 8 45 36 8 45 22 4 50 4 51 27 4 38 4 25 34 8 19 27 4 36 4 68 57 12 17 54 8 7 6 8 36 41 8 65 41 12 106 60 4 21 4 4 13 4 39 4 5 4 43 4 9 17 4 57 4 42 4 81 15 8 58 55 8 9 39 4 39 4 43 25 16 28 16 49 27 4 14 4 24 4 15 4 90 41 4 5 4 7 4 51 13 8 31 8 92 34 4 52 4 33 4 12 4 47 20 8 74 33 4 22 4 52 4 29 4 0 23 8 27 38 4 98 16 8 11 48 8 49 37 8 94 36 4 41 4 5 4 75 6 4 20 4 60 28 4 33 4 22 4 39 18 4 9 4 0 11 4 38 4 29 4 71 50 4 52 4 112 10 4 13 4 48 5 16 24 16 92 52 22 50 4 9 4 119 35 4 40 4 43 4 108 48 4 7 4 95 22 16 33 16 68 27 40 14 4 52 4 42 48 16 49 16 83 35 4 10 4 43 4 110 32 4 14 4 54 19 4 47 4 30 4 0 26 4 32 4 49 23 5 4 70 22 40 21 4 15 14 6 4 41 40 16 16 16 76 11 4 26 4 16 4 63 32 36 46 4 8 8 39 4 90 56 4 33 4 50 4 41 19 16 9 16 46 35 4 27 4 0 44 4 60 4 25 4 52 46 4 14 35 45 4 117 49 4 39 4 47 4 34 4 58 53 4 36 4 56 4 56 4 21 16 4 5 4 39 23 20 4 76 24 4 17 4 47 4 5 14 4 5 35 37 4 27 39 4 9 24 43 4 83 16 4 30 4 50 41 5 5 4 25 11 34 4 22 9 4 24 4 113 41 4 25 4 23 4 26 4 78 55 4 38 4 23 4 8 4 5 43 4 20 4 27 32 48 43 4 20 4 51 37 4 57 4 60 4 37 4 42 11 4 10 4 39 4 59 42 4 52 4 56 4 60 55 4 40 4 27 4 9 4 0 20 4 43 4 13 4 33 4 
iteration 1422 best: 1.01058 time: 563885
81 24 8 43 26 8 45 36 8 45 22 4 50 4 51 27 4 38 4 25 34 8 19 27 4 36 4 68 57 12 17 54 8 7 6 8 36 41 8 65 41 12 106 60 4 21 4 4 13 4 39 4 5 4 43 4 9 17 4 57 4 42 4 81 15 8 58 55 8 9 39 4 39 4 43 25 16 28 16 49 27 4 14 4 24 4 15 4 90 41 4 5 4 7 4 51 13 8 31 8 92 34 4 52 4 33 4 12 4 47 20 8 74 33 4 22 4 52 4 29 4 0 23 8 27 38 4 98 16 8 11 48 8 49 37 8 94 36 4 41 4 5 4 75 6 4 20 4 60 28 4 33 4 22 4 39 18 4 9 4 0 11 4 38 4 29 4 71 50 4 52 4 112 10 4 13 4 48 5 16 24 16 92 52 22 50 4 9 4 119 35 4 40 4 43 4 108 48 4 7 4 95 22 16 33 16 68 27 40 14 4 52 4 42 48 16 49 16 83 35 4 10 4 43 4 110 32 4 14 4 54 19 4 47 4 30 4 0 26 4 32 4 49 23 5 4 70 22 40 21 4 15 14 6 4 41 40 16 16 16 76 11 4 26 4 16 4 63 32 36 46 4 8 8 39 4 90 56 4 33 4 50 4 41 19 16 9 16 46 35 4 27 4 0 44 4 60 4 25 4 52 46 4 14 35 45 4 117 49 4 39 4 47 4 34 4 58 53 4 36 4 56 4 56 4 21 16 4 5 4 39 23 20 4 76 24 4 17 4 47 4 5 14 4 5 35 37 4 27 39 4 9 24 43 4 83 16 4 30 4 50 41 5 5 4 25 11 34 4 22 9 4 24 4 113 41 4 25 4 23 4 26 4 78 55 4 38 4 23 4 8 4 5 43 4 20 4 27 32 48 43 4 20 4 51 37 4 57 4 60 4 37 4 42 11 4 10 4 39 4 59 42 4 52 4 56 4 60 55 4 40 4 27 4 9 4 0 20 4 43 4 13 4 33 4 
iteration 1441 best: 1.01058 time: 571405
81 24 8 43 26 8 45 36 8 45 22 4 50 4 51 27 4 38 4 25 34 8 19 27 4 36 4 68 57 12 17 54 8 7 6 8 36 41 8 65 41 12 106 60 4 21 4 4 13 4 39 4 5 4 43 4 9 17 4 57 4 42 4 81 15 8 58 55 8 9 39 4 39 4 43 25 16 28 16 49 27 4 14 4 24 4 15 4 90 41 4 5 4 7 4 51 13 8 31 8 92 34 4 52 4 33 4 12 4 47 20 8 74 33 4 22 4 52 4 29 4 0 23 8 27 38 4 98 16 8 11 48 8 49 37 8 94 36 4 41 4 5 4 75 6 4 20 4 60 28 4 33 4 22 4 39 18 4 9 4 0 11 4 38 4 29 4 71 50 4 52 4 112 10 4 13 4 48 5 16 24 16 92 52 22 50 4 9 4 119 35 4 40 4 43 4 108 48 4 7 4 95 22 16 33 16 68 27 40 14 4 52 4 42 48 16 49 16 83 35 4 10 4 43 4 110 32 4 14 4 54 19 4 47 4 30 4 0 26 4 32 4 49 23 5 4 70 22 40 21 4 15 14 6 4 41 40 16 16 16 76 11 4 26 4 16 4 63 32 36 46 4 8 8 39 4 90 56 4 33 4 50 4 41 19 16 9 16 46 35 4 27 4 0 44 4 60 4 25 4 52 46 4 14 35 45 4 117 49 4 39 4 47 4 34 4 58 53 4 36 4 56 4 56 4 21 16 4 5 4 39 23 20 4 76 24 4 17 4 47 4 5 14 4 5 35 37 4 27 39 4 9 24 43 4 83 16 4 30 4 50 41 5 5 4 25 11 34 4 22 9 4 24 4 113 41 4 25 4 23 4 26 4 78 55 4 38 4 23 4 8 4 5 43 4 20 4 27 32 48 43 4 20 4 51 37 4 57 4 60 4 37 4 42 11 4 10 4 39 4 59 42 4 52 4 56 4 60 55 4 40 4 27 4 9 4 0 20 4 43 4 13 4 33 4 
iteration 1460 best: 1.01058 time: 578918
81 24 8 43 26 8 45 36 8 45 22 4 50 4 51 27 4 38 4 25 34 8 19 27 4 36 4 68 57 12 17 54 8 7 6 8 36 41 8 65 41 12 106 60 4 21 4 4 13 4 39 4 5 4 43 4 9 17 4 57 4 42 4 81 15 8 58 55 8 9 39 4 39 4 43 25 16 28 16 49 27 4 14 4 24 4 15 4 90 41 4 5 4 7 4 51 13 8 31 8 92 34 4 52 4 33 4 12 4 47 20 8 74 33 4 22 4 52 4 29 4 0 23 8 27 38 4 98 16 8 11 48 8 49 37 8 94 36 4 41 4 5 4 75 6 4 20 4 60 28 4 33 4 22 4 39 18 4 9 4 0 11 4 38 4 29 4 71 50 4 52 4 112 10 4 13 4 48 5 16 24 16 92 52 22 50 4 9 4 119 35 4 40 4 43 4 108 48 4 7 4 95 22 16 33 16 68 27 40 14 4 52 4 42 48 16 49 16 83 35 4 10 4 43 4 110 32 4 14 4 54 19 4 47 4 30 4 0 26 4 32 4 49 23 5 4 70 22 40 21 4 15 14 6 4 41 40 16 16 16 76 11 4 26 4 16 4 63 32 36 46 4 8 8 39 4 90 56 4 33 4 50 4 41 19 16 9 16 46 35 4 27 4 0 44 4 60 4 25 4 52 46 4 14 35 45 4 117 49 4 39 4 47 4 34 4 58 53 4 36 4 56 4 56 4 21 16 4 5 4 39 23 20 4 76 24 4 17 4 47 4 5 14 4 5 35 37 4 27 39 4 9 24 43 4 83 16 4 30 4 50 41 5 5 4 25 11 34 4 22 9 4 24 4 113 41 4 25 4 23 4 26 4 78 55 4 38 4 23 4 8 4 5 43 4 20 4 27 32 48 43 4 20 4 51 37 4 57 4 60 4 37 4 42 11 4 10 4 39 4 59 42 4 52 4 56 4 60 55 4 40 4 27 4 9 4 0 20 4 43 4 13 4 33 4 
iteration 1479 best: 1.01058 time: 586428
81 24 8 43 26 8 45 36 8 45 22 4 50 4 51 27 4 38 4 25 34 8 19 27 4 36 4 68 57 12 17 54 8 7 6 8 36 41 8 65 41 12 106 60 4 21 4 4 13 4 39 4 5 4 43 4 9 17 4 57 4 42 4 81 15 8 58 55 8 9 39 4 39 4 43 25 16 28 16 49 27 4 14 4 24 4 15 4 90 41 4 5 4 7 4 51 13 8 31 8 92 34 4 52 4 33 4 12 4 47 20 8 74 33 4 22 4 52 4 29 4 0 23 8 27 38 4 98 16 8 11 48 8 49 37 8 94 36 4 41 4 5 4 75 6 4 20 4 60 28 4 33 4 22 4 39 18 4 9 4 0 11 4 38 4 29 4 71 50 4 52 4 112 10 4 13 4 48 5 16 24 16 92 52 22 50 4 9 4 119 35 4 40 4 43 4 108 48 4 7 4 95 22 16 33 16 68 27 40 14 4 52 4 42 48 16 49 16 83 35 4 10 4 43 4 110 32 4 14 4 54 19 4 47 4 30 4 0 26 4 32 4 49 23 5 4 70 22 40 21 4 15 14 6 4 41 40 16 16 16 76 11 4 26 4 16 4 63 32 36 46 4 8 8 39 4 90 56 4 33 4 50 4 41 19 16 9 16 46 35 4 27 4 0 44 4 60 4 25 4 52 46 4 14 35 45 4 117 49 4 39 4 47 4 34 4 58 53 4 36 4 56 4 56 4 21 16 4 5 4 39 23 20 4 76 24 4 17 4 47 4 5 14 4 5 35 37 4 27 39 4 9 24 43 4 83 16 4 30 4 50 41 5 5 4 25 11 34 4 22 9 4 24 4 113 41 4 25 4 23 4 26 4 78 55 4 38 4 23 4 8 4 5 43 4 20 4 27 32 48 43 4 20 4 51 37 4 57 4 60 4 37 4 42 11 4 10 4 39 4 59 42 4 52 4 56 4 60 55 4 40 4 27 4 9 4 0 20 4 43 4 13 4 33 4 
iteration 1498 best: 1.01058 time: 593945
81 24 8 43 26 8 45 36 8 45 22 4 50 4 51 27 4 38 4 25 34 8 19 27 4 36 4 68 57 12 17 54 8 7 6 8 36 41 8 65 41 12 106 60 4 21 4 4 13 4 39 4 5 4 43 4 9 17 4 57 4 42 4 81 15 8 58 55 8 9 39 4 39 4 43 25 16 28 16 49 27 4 14 4 24 4 15 4 90 41 4 5 4 7 4 51 13 8 31 8 92 34 4 52 4 33 4 12 4 47 20 8 74 33 4 22 4 52 4 29 4 0 23 8 27 38 4 98 16 8 11 48 8 49 37 8 94 36 4 41 4 5 4 75 6 4 20 4 60 28 4 33 4 22 4 39 18 4 9 4 0 11 4 38 4 29 4 71 50 4 52 4 112 10 4 13 4 48 5 16 24 16 92 52 22 50 4 9 4 119 35 4 40 4 43 4 108 48 4 7 4 95 22 16 33 16 68 27 40 14 4 52 4 42 48 16 49 16 83 35 4 10 4 43 4 110 32 4 14 4 54 19 4 47 4 30 4 0 26 4 32 4 49 23 5 4 70 22 40 21 4 15 14 6 4 41 40 16 16 16 76 11 4 26 4 16 4 63 32 36 46 4 8 8 39 4 90 56 4 33 4 50 4 41 19 16 9 16 46 35 4 27 4 0 44 4 60 4 25 4 52 46 4 14 35 45 4 117 49 4 39 4 47 4 34 4 58 53 4 36 4 56 4 56 4 21 16 4 5 4 39 23 20 4 76 24 4 17 4 47 4 5 14 4 5 35 37 4 27 39 4 9 24 43 4 83 16 4 30 4 50 41 5 5 4 25 11 34 4 22 9 4 24 4 113 41 4 25 4 23 4 26 4 78 55 4 38 4 23 4 8 4 5 43 4 20 4 27 32 48 43 4 20 4 51 37 4 57 4 60 4 37 4 42 11 4 10 4 39 4 59 42 4 52 4 56 4 60 55 4 40 4 27 4 9 4 0 20 4 43 4 13 4 33 4 
iteration 1517 best: 1.01058 time: 601466
81 24 8 43 26 8 45 36 8 45 22 4 50 4 51 27 4 38 4 25 34 8 19 27 4 36 4 68 57 12 17 54 8 7 6 8 36 41 8 65 41 12 106 60 4 21 4 4 13 4 39 4 5 4 43 4 9 17 4 57 4 42 4 81 15 8 58 55 8 9 39 4 39 4 43 25 16 28 16 49 27 4 14 4 24 4 15 4 90 41 4 5 4 7 4 51 13 8 31 8 92 34 4 52 4 33 4 12 4 47 20 8 74 33 4 22 4 52 4 29 4 0 23 8 27 38 4 98 16 8 11 48 8 49 37 8 94 36 4 41 4 5 4 75 6 4 20 4 60 28 4 33 4 22 4 39 18 4 9 4 0 11 4 38 4 29 4 71 50 4 52 4 112 10 4 13 4 48 5 16 24 16 92 52 22 50 4 9 4 119 35 4 40 4 43 4 108 48 4 7 4 95 22 16 33 16 68 27 40 14 4 52 4 42 48 16 49 16 83 35 4 10 4 43 4 110 32 4 14 4 54 19 4 47 4 30 4 0 26 4 32 4 49 23 5 4 70 22 40 21 4 15 14 6 4 41 40 16 16 16 76 11 4 26 4 16 4 63 32 36 46 4 8 8 39 4 90 56 4 33 4 50 4 41 19 16 9 16 46 35 4 27 4 0 44 4 60 4 25 4 52 46 4 14 35 45 4 117 49 4 39 4 47 4 34 4 58 53 4 36 4 56 4 56 4 21 16 4 5 4 39 23 20 4 76 24 4 17 4 47 4 5 14 4 5 35 37 4 27 39 4 9 24 43 4 83 16 4 30 4 50 41 5 5 4 25 11 34 4 22 9 4 24 4 113 41 4 25 4 23 4 26 4 78 55 4 38 4 23 4 8 4 5 43 4 20 4 27 32 48 43 4 20 4 51 37 4 57 4 60 4 37 4 42 11 4 10 4 39 4 59 42 4 52 4 56 4 60 55 4 40 4 27 4 9 4 0 20 4 43 4 13 4 33 4 
Best solution: 
81 24 8 43 26 8 45 36 8 45 22 4 50 4 51 27 4 38 4 25 34 8 19 27 4 36 4 68 57 12 17 54 8 7 6 8 36 41 8 65 41 12 106 60 4 21 4 4 13 4 39 4 5 4 43 4 9 17 4 57 4 42 4 81 15 8 58 55 8 9 39 4 39 4 43 25 16 28 16 49 27 4 14 4 24 4 15 4 90 41 4 5 4 7 4 51 13 8 31 8 92 34 4 52 4 33 4 12 4 47 20 8 74 33 4 22 4 52 4 29 4 0 23 8 27 38 4 98 16 8 11 48 8 49 37 8 94 36 4 41 4 5 4 75 6 4 20 4 60 28 4 33 4 22 4 39 18 4 9 4 0 11 4 38 4 29 4 71 50 4 52 4 112 10 4 13 4 48 5 16 24 16 92 52 22 50 4 9 4 119 35 4 40 4 43 4 108 48 4 7 4 95 22 16 33 16 68 27 40 14 4 52 4 42 48 16 49 16 83 35 4 10 4 43 4 110 32 4 14 4 54 19 4 47 4 30 4 0 26 4 32 4 49 23 5 4 70 22 40 21 4 15 14 6 4 41 40 16 16 16 76 11 4 26 4 16 4 63 32 36 46 4 8 8 39 4 90 56 4 33 4 50 4 41 19 16 9 16 46 35 4 27 4 0 44 4 60 4 25 4 52 46 4 14 35 45 4 117 49 4 39 4 47 4 34 4 58 53 4 36 4 56 4 56 4 21 16 4 5 4 39 23 20 4 76 24 4 17 4 47 4 5 14 4 5 35 37 4 27 39 4 9 24 43 4 83 16 4 30 4 50 41 5 5 4 25 11 34 4 22 9 4 24 4 113 41 4 25 4 23 4 26 4 78 55 4 38 4 23 4 8 4 5 43 4 20 4 27 32 48 43 4 20 4 51 37 4 57 4 60 4 37 4 42 11 4 10 4 39 4 59 42 4 52 4 56 4 60 55 4 40 4 27 4 9 4 0 20 4 43 4 13 4 33 4 
Fitness: 1.01058
