iteration 16 best: 0.871237 time: 7334
43 21 8 56 22 8 65 49 8 76 23 4 51 4 35 25 4 22 4 6 49 8 104 41 4 9 4 103 37 12 100 11 8 112 23 8 1 5 8 60 32 12 101 6 4 54 4 73 26 4 18 4 12 4 56 4 21 5 4 29 4 11 4 57 53 8 51 23 8 9 48 4 41 4 72 32 16 25 16 9 45 4 54 4 52 4 5 4 86 30 4 21 4 33 4 6 16 8 20 8 5 30 4 23 4 23 4 15 4 104 52 8 48 21 4 49 4 27 4 17 4 22 25 8 29 50 4 53 27 8 64 5 8 51 13 8 86 35 4 6 4 24 4 49 21 4 40 4 70 21 4 12 4 12 4 27 37 4 8 4 98 44 4 15 4 28 4 92 23 4 44 4 15 28 4 18 4 100 14 16 40 16 48 22 39 16 4 32 4 27 46 4 11 4 26 4 23 48 4 49 4 54 34 16 23 16 87 33 13 5 4 42 4 80 48 16 45 16 73 38 4 36 4 16 4 56 15 4 5 4 71 29 4 11 4 18 4 11 39 4 54 4 20 33 45 4 40 30 31 38 4 33 49 57 4 79 21 16 18 16 76 7 4 44 4 8 4 34 44 42 36 4 36 35 19 4 9 21 4 7 4 10 4 112 6 16 23 16 71 9 4 42 4 42 48 4 19 4 20 4 41 43 4 30 39 40 4 57 41 4 12 4 28 4 43 4 10 39 4 22 4 24 4 17 4 33 50 4 9 4 9 36 22 4 49 16 4 6 4 39 4 69 26 4 11 54 55 4 66 24 4 13 28 29 4 11 24 4 20 4 59 9 9 44 4 42 19 25 4 66 35 4 49 4 75 55 4 5 4 30 4 22 4 21 53 4 48 4 18 4 51 4 92 20 4 7 4 79 40 8 6 4 50 4 88 15 4 14 4 7 4 5 4 70 31 4 15 4 15 4 94 47 4 30 4 54 4 70 35 4 38 4 6 4 44 4 70 19 4 14 4 8 4 7 4 
iteration 36 best: 0.871237 time: 14803
43 21 8 56 22 8 65 49 8 76 23 4 51 4 35 25 4 22 4 6 49 8 104 41 4 9 4 103 37 12 100 11 8 112 23 8 1 5 8 60 32 12 101 6 4 54 4 73 26 4 18 4 12 4 56 4 21 5 4 29 4 11 4 57 53 8 51 23 8 9 48 4 41 4 72 32 16 25 16 9 45 4 54 4 52 4 5 4 86 30 4 21 4 33 4 6 16 8 20 8 5 30 4 23 4 23 4 15 4 104 52 8 48 21 4 49 4 27 4 17 4 22 25 8 29 50 4 53 27 8 64 5 8 51 13 8 86 35 4 6 4 24 4 49 21 4 40 4 70 21 4 12 4 12 4 27 37 4 8 4 98 44 4 15 4 28 4 92 23 4 44 4 15 28 4 18 4 100 14 16 40 16 48 22 39 16 4 32 4 27 46 4 11 4 26 4 23 48 4 49 4 54 34 16 23 16 87 33 13 5 4 42 4 80 48 16 45 16 73 38 4 36 4 16 4 56 15 4 5 4 71 29 4 11 4 18 4 11 39 4 54 4 20 33 45 4 40 30 31 38 4 33 49 57 4 79 21 16 18 16 76 7 4 44 4 8 4 34 44 42 36 4 36 35 19 4 9 21 4 7 4 10 4 112 6 16 23 16 71 9 4 42 4 42 48 4 19 4 20 4 41 43 4 30 39 40 4 57 41 4 12 4 28 4 43 4 10 39 4 22 4 24 4 17 4 33 50 4 9 4 9 36 22 4 49 16 4 6 4 39 4 69 26 4 11 54 55 4 66 24 4 13 28 29 4 11 24 4 20 4 59 9 9 44 4 42 19 25 4 66 35 4 49 4 75 55 4 5 4 30 4 22 4 21 53 4 48 4 18 4 51 4 92 20 4 7 4 79 40 8 6 4 50 4 88 15 4 14 4 7 4 5 4 70 31 4 15 4 15 4 94 47 4 30 4 54 4 70 35 4 38 4 6 4 44 4 70 19 4 14 4 8 4 7 4 
iteration 56 best: 0.871237 time: 22197
43 21 8 56 22 8 65 49 8 76 23 4 51 4 35 25 4 22 4 6 49 8 104 41 4 9 4 103 37 12 100 11 8 112 23 8 1 5 8 60 32 12 101 6 4 54 4 73 26 4 18 4 12 4 56 4 21 5 4 29 4 11 4 57 53 8 51 23 8 9 48 4 41 4 72 32 16 25 16 9 45 4 54 4 52 4 5 4 86 30 4 21 4 33 4 6 16 8 20 8 5 30 4 23 4 23 4 15 4 104 52 8 48 21 4 49 4 27 4 17 4 22 25 8 29 50 4 53 27 8 64 5 8 51 13 8 86 35 4 6 4 24 4 49 21 4 40 4 70 21 4 12 4 12 4 27 37 4 8 4 98 44 4 15 4 28 4 92 23 4 44 4 15 28 4 18 4 100 14 16 40 16 48 22 39 16 4 32 4 27 46 4 11 4 26 4 23 48 4 49 4 54 34 16 23 16 87 33 13 5 4 42 4 80 48 16 45 16 73 38 4 36 4 16 4 56 15 4 5 4 71 29 4 11 4 18 4 11 39 4 54 4 20 33 45 4 40 30 31 38 4 33 49 57 4 79 21 16 18 16 76 7 4 44 4 8 4 34 44 42 36 4 36 35 19 4 9 21 4 7 4 10 4 112 6 16 23 16 71 9 4 42 4 42 48 4 19 4 20 4 41 43 4 30 39 40 4 57 41 4 12 4 28 4 43 4 10 39 4 22 4 24 4 17 4 33 50 4 9 4 9 36 22 4 49 16 4 6 4 39 4 69 26 4 11 54 55 4 66 24 4 13 28 29 4 11 24 4 20 4 59 9 9 44 4 42 19 25 4 66 35 4 49 4 75 55 4 5 4 30 4 22 4 21 53 4 48 4 18 4 51 4 92 20 4 7 4 79 40 8 6 4 50 4 88 15 4 14 4 7 4 5 4 70 31 4 15 4 15 4 94 47 4 30 4 54 4 70 35 4 38 4 6 4 44 4 70 19 4 14 4 8 4 7 4 
iteration 76 best: 0.871237 time: 29646
43 21 8 56 22 8 65 49 8 76 23 4 51 4 35 25 4 22 4 6 49 8 104 41 4 9 4 103 37 12 100 11 8 112 23 8 1 5 8 60 32 12 101 6 4 54 4 73 26 4 18 4 12 4 56 4 21 5 4 29 4 11 4 57 53 8 51 23 8 9 48 4 41 4 72 32 16 25 16 9 45 4 54 4 52 4 5 4 86 30 4 21 4 33 4 6 16 8 20 8 5 30 4 23 4 23 4 15 4 104 52 8 48 21 4 49 4 27 4 17 4 22 25 8 29 50 4 53 27 8 64 5 8 51 13 8 86 35 4 6 4 24 4 49 21 4 40 4 70 21 4 12 4 12 4 27 37 4 8 4 98 44 4 15 4 28 4 92 23 4 44 4 15 28 4 18 4 100 14 16 40 16 48 22 39 16 4 32 4 27 46 4 11 4 26 4 23 48 4 49 4 54 34 16 23 16 87 33 13 5 4 42 4 80 48 16 45 16 73 38 4 36 4 16 4 56 15 4 5 4 71 29 4 11 4 18 4 11 39 4 54 4 20 33 45 4 40 30 31 38 4 33 49 57 4 79 21 16 18 16 76 7 4 44 4 8 4 34 44 42 36 4 36 35 19 4 9 21 4 7 4 10 4 112 6 16 23 16 71 9 4 42 4 42 48 4 19 4 20 4 41 43 4 30 39 40 4 57 41 4 12 4 28 4 43 4 10 39 4 22 4 24 4 17 4 33 50 4 9 4 9 36 22 4 49 16 4 6 4 39 4 69 26 4 11 54 55 4 66 24 4 13 28 29 4 11 24 4 20 4 59 9 9 44 4 42 19 25 4 66 35 4 49 4 75 55 4 5 4 30 4 22 4 21 53 4 48 4 18 4 51 4 92 20 4 7 4 79 40 8 6 4 50 4 88 15 4 14 4 7 4 5 4 70 31 4 15 4 15 4 94 47 4 30 4 54 4 70 35 4 38 4 6 4 44 4 70 19 4 14 4 8 4 7 4 
iteration 96 best: 0.871237 time: 37085
43 21 8 56 22 8 65 49 8 76 23 4 51 4 35 25 4 22 4 6 49 8 104 41 4 9 4 103 37 12 100 11 8 112 23 8 1 5 8 60 32 12 101 6 4 54 4 73 26 4 18 4 12 4 56 4 21 5 4 29 4 11 4 57 53 8 51 23 8 9 48 4 41 4 72 32 16 25 16 9 45 4 54 4 52 4 5 4 86 30 4 21 4 33 4 6 16 8 20 8 5 30 4 23 4 23 4 15 4 104 52 8 48 21 4 49 4 27 4 17 4 22 25 8 29 50 4 53 27 8 64 5 8 51 13 8 86 35 4 6 4 24 4 49 21 4 40 4 70 21 4 12 4 12 4 27 37 4 8 4 98 44 4 15 4 28 4 92 23 4 44 4 15 28 4 18 4 100 14 16 40 16 48 22 39 16 4 32 4 27 46 4 11 4 26 4 23 48 4 49 4 54 34 16 23 16 87 33 13 5 4 42 4 80 48 16 45 16 73 38 4 36 4 16 4 56 15 4 5 4 71 29 4 11 4 18 4 11 39 4 54 4 20 33 45 4 40 30 31 38 4 33 49 57 4 79 21 16 18 16 76 7 4 44 4 8 4 34 44 42 36 4 36 35 19 4 9 21 4 7 4 10 4 112 6 16 23 16 71 9 4 42 4 42 48 4 19 4 20 4 41 43 4 30 39 40 4 57 41 4 12 4 28 4 43 4 10 39 4 22 4 24 4 17 4 33 50 4 9 4 9 36 22 4 49 16 4 6 4 39 4 69 26 4 11 54 55 4 66 24 4 13 28 29 4 11 24 4 20 4 59 9 9 44 4 42 19 25 4 66 35 4 49 4 75 55 4 5 4 30 4 22 4 21 53 4 48 4 18 4 51 4 92 20 4 7 4 79 40 8 6 4 50 4 88 15 4 14 4 7 4 5 4 70 31 4 15 4 15 4 94 47 4 30 4 54 4 70 35 4 38 4 6 4 44 4 70 19 4 14 4 8 4 7 4 
iteration 116 best: 0.871237 time: 44531
43 21 8 56 22 8 65 49 8 76 23 4 51 4 35 25 4 22 4 6 49 8 104 41 4 9 4 103 37 12 100 11 8 112 23 8 1 5 8 60 32 12 101 6 4 54 4 73 26 4 18 4 12 4 56 4 21 5 4 29 4 11 4 57 53 8 51 23 8 9 48 4 41 4 72 32 16 25 16 9 45 4 54 4 52 4 5 4 86 30 4 21 4 33 4 6 16 8 20 8 5 30 4 23 4 23 4 15 4 104 52 8 48 21 4 49 4 27 4 17 4 22 25 8 29 50 4 53 27 8 64 5 8 51 13 8 86 35 4 6 4 24 4 49 21 4 40 4 70 21 4 12 4 12 4 27 37 4 8 4 98 44 4 15 4 28 4 92 23 4 44 4 15 28 4 18 4 100 14 16 40 16 48 22 39 16 4 32 4 27 46 4 11 4 26 4 23 48 4 49 4 54 34 16 23 16 87 33 13 5 4 42 4 80 48 16 45 16 73 38 4 36 4 16 4 56 15 4 5 4 71 29 4 11 4 18 4 11 39 4 54 4 20 33 45 4 40 30 31 38 4 33 49 57 4 79 21 16 18 16 76 7 4 44 4 8 4 34 44 42 36 4 36 35 19 4 9 21 4 7 4 10 4 112 6 16 23 16 71 9 4 42 4 42 48 4 19 4 20 4 41 43 4 30 39 40 4 57 41 4 12 4 28 4 43 4 10 39 4 22 4 24 4 17 4 33 50 4 9 4 9 36 22 4 49 16 4 6 4 39 4 69 26 4 11 54 55 4 66 24 4 13 28 29 4 11 24 4 20 4 59 9 9 44 4 42 19 25 4 66 35 4 49 4 75 55 4 5 4 30 4 22 4 21 53 4 48 4 18 4 51 4 92 20 4 7 4 79 40 8 6 4 50 4 88 15 4 14 4 7 4 5 4 70 31 4 15 4 15 4 94 47 4 30 4 54 4 70 35 4 38 4 6 4 44 4 70 19 4 14 4 8 4 7 4 
iteration 136 best: 0.871237 time: 51966
43 21 8 56 22 8 65 49 8 76 23 4 51 4 35 25 4 22 4 6 49 8 104 41 4 9 4 103 37 12 100 11 8 112 23 8 1 5 8 60 32 12 101 6 4 54 4 73 26 4 18 4 12 4 56 4 21 5 4 29 4 11 4 57 53 8 51 23 8 9 48 4 41 4 72 32 16 25 16 9 45 4 54 4 52 4 5 4 86 30 4 21 4 33 4 6 16 8 20 8 5 30 4 23 4 23 4 15 4 104 52 8 48 21 4 49 4 27 4 17 4 22 25 8 29 50 4 53 27 8 64 5 8 51 13 8 86 35 4 6 4 24 4 49 21 4 40 4 70 21 4 12 4 12 4 27 37 4 8 4 98 44 4 15 4 28 4 92 23 4 44 4 15 28 4 18 4 100 14 16 40 16 48 22 39 16 4 32 4 27 46 4 11 4 26 4 23 48 4 49 4 54 34 16 23 16 87 33 13 5 4 42 4 80 48 16 45 16 73 38 4 36 4 16 4 56 15 4 5 4 71 29 4 11 4 18 4 11 39 4 54 4 20 33 45 4 40 30 31 38 4 33 49 57 4 79 21 16 18 16 76 7 4 44 4 8 4 34 44 42 36 4 36 35 19 4 9 21 4 7 4 10 4 112 6 16 23 16 71 9 4 42 4 42 48 4 19 4 20 4 41 43 4 30 39 40 4 57 41 4 12 4 28 4 43 4 10 39 4 22 4 24 4 17 4 33 50 4 9 4 9 36 22 4 49 16 4 6 4 39 4 69 26 4 11 54 55 4 66 24 4 13 28 29 4 11 24 4 20 4 59 9 9 44 4 42 19 25 4 66 35 4 49 4 75 55 4 5 4 30 4 22 4 21 53 4 48 4 18 4 51 4 92 20 4 7 4 79 40 8 6 4 50 4 88 15 4 14 4 7 4 5 4 70 31 4 15 4 15 4 94 47 4 30 4 54 4 70 35 4 38 4 6 4 44 4 70 19 4 14 4 8 4 7 4 
iteration 156 best: 0.871237 time: 59400
43 21 8 56 22 8 65 49 8 76 23 4 51 4 35 25 4 22 4 6 49 8 104 41 4 9 4 103 37 12 100 11 8 112 23 8 1 5 8 60 32 12 101 6 4 54 4 73 26 4 18 4 12 4 56 4 21 5 4 29 4 11 4 57 53 8 51 23 8 9 48 4 41 4 72 32 16 25 16 9 45 4 54 4 52 4 5 4 86 30 4 21 4 33 4 6 16 8 20 8 5 30 4 23 4 23 4 15 4 104 52 8 48 21 4 49 4 27 4 17 4 22 25 8 29 50 4 53 27 8 64 5 8 51 13 8 86 35 4 6 4 24 4 49 21 4 40 4 70 21 4 12 4 12 4 27 37 4 8 4 98 44 4 15 4 28 4 92 23 4 44 4 15 28 4 18 4 100 14 16 40 16 48 22 39 16 4 32 4 27 46 4 11 4 26 4 23 48 4 49 4 54 34 16 23 16 87 33 13 5 4 42 4 80 48 16 45 16 73 38 4 36 4 16 4 56 15 4 5 4 71 29 4 11 4 18 4 11 39 4 54 4 20 33 45 4 40 30 31 38 4 33 49 57 4 79 21 16 18 16 76 7 4 44 4 8 4 34 44 42 36 4 36 35 19 4 9 21 4 7 4 10 4 112 6 16 23 16 71 9 4 42 4 42 48 4 19 4 20 4 41 43 4 30 39 40 4 57 41 4 12 4 28 4 43 4 10 39 4 22 4 24 4 17 4 33 50 4 9 4 9 36 22 4 49 16 4 6 4 39 4 69 26 4 11 54 55 4 66 24 4 13 28 29 4 11 24 4 20 4 59 9 9 44 4 42 19 25 4 66 35 4 49 4 75 55 4 5 4 30 4 22 4 21 53 4 48 4 18 4 51 4 92 20 4 7 4 79 40 8 6 4 50 4 88 15 4 14 4 7 4 5 4 70 31 4 15 4 15 4 94 47 4 30 4 54 4 70 35 4 38 4 6 4 44 4 70 19 4 14 4 8 4 7 4 
iteration 176 best: 0.871237 time: 66807
43 21 8 56 22 8 65 49 8 76 23 4 51 4 35 25 4 22 4 6 49 8 104 41 4 9 4 103 37 12 100 11 8 112 23 8 1 5 8 60 32 12 101 6 4 54 4 73 26 4 18 4 12 4 56 4 21 5 4 29 4 11 4 57 53 8 51 23 8 9 48 4 41 4 72 32 16 25 16 9 45 4 54 4 52 4 5 4 86 30 4 21 4 33 4 6 16 8 20 8 5 30 4 23 4 23 4 15 4 104 52 8 48 21 4 49 4 27 4 17 4 22 25 8 29 50 4 53 27 8 64 5 8 51 13 8 86 35 4 6 4 24 4 49 21 4 40 4 70 21 4 12 4 12 4 27 37 4 8 4 98 44 4 15 4 28 4 92 23 4 44 4 15 28 4 18 4 100 14 16 40 16 48 22 39 16 4 32 4 27 46 4 11 4 26 4 23 48 4 49 4 54 34 16 23 16 87 33 13 5 4 42 4 80 48 16 45 16 73 38 4 36 4 16 4 56 15 4 5 4 71 29 4 11 4 18 4 11 39 4 54 4 20 33 45 4 40 30 31 38 4 33 49 57 4 79 21 16 18 16 76 7 4 44 4 8 4 34 44 42 36 4 36 35 19 4 9 21 4 7 4 10 4 112 6 16 23 16 71 9 4 42 4 42 48 4 19 4 20 4 41 43 4 30 39 40 4 57 41 4 12 4 28 4 43 4 10 39 4 22 4 24 4 17 4 33 50 4 9 4 9 36 22 4 49 16 4 6 4 39 4 69 26 4 11 54 55 4 66 24 4 13 28 29 4 11 24 4 20 4 59 9 9 44 4 42 19 25 4 66 35 4 49 4 75 55 4 5 4 30 4 22 4 21 53 4 48 4 18 4 51 4 92 20 4 7 4 79 40 8 6 4 50 4 88 15 4 14 4 7 4 5 4 70 31 4 15 4 15 4 94 47 4 30 4 54 4 70 35 4 38 4 6 4 44 4 70 19 4 14 4 8 4 7 4 
iteration 196 best: 0.871237 time: 74227
43 21 8 56 22 8 65 49 8 76 23 4 51 4 35 25 4 22 4 6 49 8 104 41 4 9 4 103 37 12 100 11 8 112 23 8 1 5 8 60 32 12 101 6 4 54 4 73 26 4 18 4 12 4 56 4 21 5 4 29 4 11 4 57 53 8 51 23 8 9 48 4 41 4 72 32 16 25 16 9 45 4 54 4 52 4 5 4 86 30 4 21 4 33 4 6 16 8 20 8 5 30 4 23 4 23 4 15 4 104 52 8 48 21 4 49 4 27 4 17 4 22 25 8 29 50 4 53 27 8 64 5 8 51 13 8 86 35 4 6 4 24 4 49 21 4 40 4 70 21 4 12 4 12 4 27 37 4 8 4 98 44 4 15 4 28 4 92 23 4 44 4 15 28 4 18 4 100 14 16 40 16 48 22 39 16 4 32 4 27 46 4 11 4 26 4 23 48 4 49 4 54 34 16 23 16 87 33 13 5 4 42 4 80 48 16 45 16 73 38 4 36 4 16 4 56 15 4 5 4 71 29 4 11 4 18 4 11 39 4 54 4 20 33 45 4 40 30 31 38 4 33 49 57 4 79 21 16 18 16 76 7 4 44 4 8 4 34 44 42 36 4 36 35 19 4 9 21 4 7 4 10 4 112 6 16 23 16 71 9 4 42 4 42 48 4 19 4 20 4 41 43 4 30 39 40 4 57 41 4 12 4 28 4 43 4 10 39 4 22 4 24 4 17 4 33 50 4 9 4 9 36 22 4 49 16 4 6 4 39 4 69 26 4 11 54 55 4 66 24 4 13 28 29 4 11 24 4 20 4 59 9 9 44 4 42 19 25 4 66 35 4 49 4 75 55 4 5 4 30 4 22 4 21 53 4 48 4 18 4 51 4 92 20 4 7 4 79 40 8 6 4 50 4 88 15 4 14 4 7 4 5 4 70 31 4 15 4 15 4 94 47 4 30 4 54 4 70 35 4 38 4 6 4 44 4 70 19 4 14 4 8 4 7 4 
iteration 216 best: 0.871237 time: 81660
43 21 8 56 22 8 65 49 8 76 23 4 51 4 35 25 4 22 4 6 49 8 104 41 4 9 4 103 37 12 100 11 8 112 23 8 1 5 8 60 32 12 101 6 4 54 4 73 26 4 18 4 12 4 56 4 21 5 4 29 4 11 4 57 53 8 51 23 8 9 48 4 41 4 72 32 16 25 16 9 45 4 54 4 52 4 5 4 86 30 4 21 4 33 4 6 16 8 20 8 5 30 4 23 4 23 4 15 4 104 52 8 48 21 4 49 4 27 4 17 4 22 25 8 29 50 4 53 27 8 64 5 8 51 13 8 86 35 4 6 4 24 4 49 21 4 40 4 70 21 4 12 4 12 4 27 37 4 8 4 98 44 4 15 4 28 4 92 23 4 44 4 15 28 4 18 4 100 14 16 40 16 48 22 39 16 4 32 4 27 46 4 11 4 26 4 23 48 4 49 4 54 34 16 23 16 87 33 13 5 4 42 4 80 48 16 45 16 73 38 4 36 4 16 4 56 15 4 5 4 71 29 4 11 4 18 4 11 39 4 54 4 20 33 45 4 40 30 31 38 4 33 49 57 4 79 21 16 18 16 76 7 4 44 4 8 4 34 44 42 36 4 36 35 19 4 9 21 4 7 4 10 4 112 6 16 23 16 71 9 4 42 4 42 48 4 19 4 20 4 41 43 4 30 39 40 4 57 41 4 12 4 28 4 43 4 10 39 4 22 4 24 4 17 4 33 50 4 9 4 9 36 22 4 49 16 4 6 4 39 4 69 26 4 11 54 55 4 66 24 4 13 28 29 4 11 24 4 20 4 59 9 9 44 4 42 19 25 4 66 35 4 49 4 75 55 4 5 4 30 4 22 4 21 53 4 48 4 18 4 51 4 92 20 4 7 4 79 40 8 6 4 50 4 88 15 4 14 4 7 4 5 4 70 31 4 15 4 15 4 94 47 4 30 4 54 4 70 35 4 38 4 6 4 44 4 70 19 4 14 4 8 4 7 4 
iteration 236 best: 0.871237 time: 89067
43 21 8 56 22 8 65 49 8 76 23 4 51 4 35 25 4 22 4 6 49 8 104 41 4 9 4 103 37 12 100 11 8 112 23 8 1 5 8 60 32 12 101 6 4 54 4 73 26 4 18 4 12 4 56 4 21 5 4 29 4 11 4 57 53 8 51 23 8 9 48 4 41 4 72 32 16 25 16 9 45 4 54 4 52 4 5 4 86 30 4 21 4 33 4 6 16 8 20 8 5 30 4 23 4 23 4 15 4 104 52 8 48 21 4 49 4 27 4 17 4 22 25 8 29 50 4 53 27 8 64 5 8 51 13 8 86 35 4 6 4 24 4 49 21 4 40 4 70 21 4 12 4 12 4 27 37 4 8 4 98 44 4 15 4 28 4 92 23 4 44 4 15 28 4 18 4 100 14 16 40 16 48 22 39 16 4 32 4 27 46 4 11 4 26 4 23 48 4 49 4 54 34 16 23 16 87 33 13 5 4 42 4 80 48 16 45 16 73 38 4 36 4 16 4 56 15 4 5 4 71 29 4 11 4 18 4 11 39 4 54 4 20 33 45 4 40 30 31 38 4 33 49 57 4 79 21 16 18 16 76 7 4 44 4 8 4 34 44 42 36 4 36 35 19 4 9 21 4 7 4 10 4 112 6 16 23 16 71 9 4 42 4 42 48 4 19 4 20 4 41 43 4 30 39 40 4 57 41 4 12 4 28 4 43 4 10 39 4 22 4 24 4 17 4 33 50 4 9 4 9 36 22 4 49 16 4 6 4 39 4 69 26 4 11 54 55 4 66 24 4 13 28 29 4 11 24 4 20 4 59 9 9 44 4 42 19 25 4 66 35 4 49 4 75 55 4 5 4 30 4 22 4 21 53 4 48 4 18 4 51 4 92 20 4 7 4 79 40 8 6 4 50 4 88 15 4 14 4 7 4 5 4 70 31 4 15 4 15 4 94 47 4 30 4 54 4 70 35 4 38 4 6 4 44 4 70 19 4 14 4 8 4 7 4 
iteration 256 best: 0.871237 time: 96476
43 21 8 56 22 8 65 49 8 76 23 4 51 4 35 25 4 22 4 6 49 8 104 41 4 9 4 103 37 12 100 11 8 112 23 8 1 5 8 60 32 12 101 6 4 54 4 73 26 4 18 4 12 4 56 4 21 5 4 29 4 11 4 57 53 8 51 23 8 9 48 4 41 4 72 32 16 25 16 9 45 4 54 4 52 4 5 4 86 30 4 21 4 33 4 6 16 8 20 8 5 30 4 23 4 23 4 15 4 104 52 8 48 21 4 49 4 27 4 17 4 22 25 8 29 50 4 53 27 8 64 5 8 51 13 8 86 35 4 6 4 24 4 49 21 4 40 4 70 21 4 12 4 12 4 27 37 4 8 4 98 44 4 15 4 28 4 92 23 4 44 4 15 28 4 18 4 100 14 16 40 16 48 22 39 16 4 32 4 27 46 4 11 4 26 4 23 48 4 49 4 54 34 16 23 16 87 33 13 5 4 42 4 80 48 16 45 16 73 38 4 36 4 16 4 56 15 4 5 4 71 29 4 11 4 18 4 11 39 4 54 4 20 33 45 4 40 30 31 38 4 33 49 57 4 79 21 16 18 16 76 7 4 44 4 8 4 34 44 42 36 4 36 35 19 4 9 21 4 7 4 10 4 112 6 16 23 16 71 9 4 42 4 42 48 4 19 4 20 4 41 43 4 30 39 40 4 57 41 4 12 4 28 4 43 4 10 39 4 22 4 24 4 17 4 33 50 4 9 4 9 36 22 4 49 16 4 6 4 39 4 69 26 4 11 54 55 4 66 24 4 13 28 29 4 11 24 4 20 4 59 9 9 44 4 42 19 25 4 66 35 4 49 4 75 55 4 5 4 30 4 22 4 21 53 4 48 4 18 4 51 4 92 20 4 7 4 79 40 8 6 4 50 4 88 15 4 14 4 7 4 5 4 70 31 4 15 4 15 4 94 47 4 30 4 54 4 70 35 4 38 4 6 4 44 4 70 19 4 14 4 8 4 7 4 
iteration 276 best: 0.871237 time: 103904
43 21 8 56 22 8 65 49 8 76 23 4 51 4 35 25 4 22 4 6 49 8 104 41 4 9 4 103 37 12 100 11 8 112 23 8 1 5 8 60 32 12 101 6 4 54 4 73 26 4 18 4 12 4 56 4 21 5 4 29 4 11 4 57 53 8 51 23 8 9 48 4 41 4 72 32 16 25 16 9 45 4 54 4 52 4 5 4 86 30 4 21 4 33 4 6 16 8 20 8 5 30 4 23 4 23 4 15 4 104 52 8 48 21 4 49 4 27 4 17 4 22 25 8 29 50 4 53 27 8 64 5 8 51 13 8 86 35 4 6 4 24 4 49 21 4 40 4 70 21 4 12 4 12 4 27 37 4 8 4 98 44 4 15 4 28 4 92 23 4 44 4 15 28 4 18 4 100 14 16 40 16 48 22 39 16 4 32 4 27 46 4 11 4 26 4 23 48 4 49 4 54 34 16 23 16 87 33 13 5 4 42 4 80 48 16 45 16 73 38 4 36 4 16 4 56 15 4 5 4 71 29 4 11 4 18 4 11 39 4 54 4 20 33 45 4 40 30 31 38 4 33 49 57 4 79 21 16 18 16 76 7 4 44 4 8 4 34 44 42 36 4 36 35 19 4 9 21 4 7 4 10 4 112 6 16 23 16 71 9 4 42 4 42 48 4 19 4 20 4 41 43 4 30 39 40 4 57 41 4 12 4 28 4 43 4 10 39 4 22 4 24 4 17 4 33 50 4 9 4 9 36 22 4 49 16 4 6 4 39 4 69 26 4 11 54 55 4 66 24 4 13 28 29 4 11 24 4 20 4 59 9 9 44 4 42 19 25 4 66 35 4 49 4 75 55 4 5 4 30 4 22 4 21 53 4 48 4 18 4 51 4 92 20 4 7 4 79 40 8 6 4 50 4 88 15 4 14 4 7 4 5 4 70 31 4 15 4 15 4 94 47 4 30 4 54 4 70 35 4 38 4 6 4 44 4 70 19 4 14 4 8 4 7 4 
iteration 296 best: 0.871237 time: 111328
43 21 8 56 22 8 65 49 8 76 23 4 51 4 35 25 4 22 4 6 49 8 104 41 4 9 4 103 37 12 100 11 8 112 23 8 1 5 8 60 32 12 101 6 4 54 4 73 26 4 18 4 12 4 56 4 21 5 4 29 4 11 4 57 53 8 51 23 8 9 48 4 41 4 72 32 16 25 16 9 45 4 54 4 52 4 5 4 86 30 4 21 4 33 4 6 16 8 20 8 5 30 4 23 4 23 4 15 4 104 52 8 48 21 4 49 4 27 4 17 4 22 25 8 29 50 4 53 27 8 64 5 8 51 13 8 86 35 4 6 4 24 4 49 21 4 40 4 70 21 4 12 4 12 4 27 37 4 8 4 98 44 4 15 4 28 4 92 23 4 44 4 15 28 4 18 4 100 14 16 40 16 48 22 39 16 4 32 4 27 46 4 11 4 26 4 23 48 4 49 4 54 34 16 23 16 87 33 13 5 4 42 4 80 48 16 45 16 73 38 4 36 4 16 4 56 15 4 5 4 71 29 4 11 4 18 4 11 39 4 54 4 20 33 45 4 40 30 31 38 4 33 49 57 4 79 21 16 18 16 76 7 4 44 4 8 4 34 44 42 36 4 36 35 19 4 9 21 4 7 4 10 4 112 6 16 23 16 71 9 4 42 4 42 48 4 19 4 20 4 41 43 4 30 39 40 4 57 41 4 12 4 28 4 43 4 10 39 4 22 4 24 4 17 4 33 50 4 9 4 9 36 22 4 49 16 4 6 4 39 4 69 26 4 11 54 55 4 66 24 4 13 28 29 4 11 24 4 20 4 59 9 9 44 4 42 19 25 4 66 35 4 49 4 75 55 4 5 4 30 4 22 4 21 53 4 48 4 18 4 51 4 92 20 4 7 4 79 40 8 6 4 50 4 88 15 4 14 4 7 4 5 4 70 31 4 15 4 15 4 94 47 4 30 4 54 4 70 35 4 38 4 6 4 44 4 70 19 4 14 4 8 4 7 4 
iteration 316 best: 0.871237 time: 118714
43 21 8 56 22 8 65 49 8 76 23 4 51 4 35 25 4 22 4 6 49 8 104 41 4 9 4 103 37 12 100 11 8 112 23 8 1 5 8 60 32 12 101 6 4 54 4 73 26 4 18 4 12 4 56 4 21 5 4 29 4 11 4 57 53 8 51 23 8 9 48 4 41 4 72 32 16 25 16 9 45 4 54 4 52 4 5 4 86 30 4 21 4 33 4 6 16 8 20 8 5 30 4 23 4 23 4 15 4 104 52 8 48 21 4 49 4 27 4 17 4 22 25 8 29 50 4 53 27 8 64 5 8 51 13 8 86 35 4 6 4 24 4 49 21 4 40 4 70 21 4 12 4 12 4 27 37 4 8 4 98 44 4 15 4 28 4 92 23 4 44 4 15 28 4 18 4 100 14 16 40 16 48 22 39 16 4 32 4 27 46 4 11 4 26 4 23 48 4 49 4 54 34 16 23 16 87 33 13 5 4 42 4 80 48 16 45 16 73 38 4 36 4 16 4 56 15 4 5 4 71 29 4 11 4 18 4 11 39 4 54 4 20 33 45 4 40 30 31 38 4 33 49 57 4 79 21 16 18 16 76 7 4 44 4 8 4 34 44 42 36 4 36 35 19 4 9 21 4 7 4 10 4 112 6 16 23 16 71 9 4 42 4 42 48 4 19 4 20 4 41 43 4 30 39 40 4 57 41 4 12 4 28 4 43 4 10 39 4 22 4 24 4 17 4 33 50 4 9 4 9 36 22 4 49 16 4 6 4 39 4 69 26 4 11 54 55 4 66 24 4 13 28 29 4 11 24 4 20 4 59 9 9 44 4 42 19 25 4 66 35 4 49 4 75 55 4 5 4 30 4 22 4 21 53 4 48 4 18 4 51 4 92 20 4 7 4 79 40 8 6 4 50 4 88 15 4 14 4 7 4 5 4 70 31 4 15 4 15 4 94 47 4 30 4 54 4 70 35 4 38 4 6 4 44 4 70 19 4 14 4 8 4 7 4 
iteration 336 best: 0.871237 time: 126092
43 21 8 56 22 8 65 49 8 76 23 4 51 4 35 25 4 22 4 6 49 8 104 41 4 9 4 103 37 12 100 11 8 112 23 8 1 5 8 60 32 12 101 6 4 54 4 73 26 4 18 4 12 4 56 4 21 5 4 29 4 11 4 57 53 8 51 23 8 9 48 4 41 4 72 32 16 25 16 9 45 4 54 4 52 4 5 4 86 30 4 21 4 33 4 6 16 8 20 8 5 30 4 23 4 23 4 15 4 104 52 8 48 21 4 49 4 27 4 17 4 22 25 8 29 50 4 53 27 8 64 5 8 51 13 8 86 35 4 6 4 24 4 49 21 4 40 4 70 21 4 12 4 12 4 27 37 4 8 4 98 44 4 15 4 28 4 92 23 4 44 4 15 28 4 18 4 100 14 16 40 16 48 22 39 16 4 32 4 27 46 4 11 4 26 4 23 48 4 49 4 54 34 16 23 16 87 33 13 5 4 42 4 80 48 16 45 16 73 38 4 36 4 16 4 56 15 4 5 4 71 29 4 11 4 18 4 11 39 4 54 4 20 33 45 4 40 30 31 38 4 33 49 57 4 79 21 16 18 16 76 7 4 44 4 8 4 34 44 42 36 4 36 35 19 4 9 21 4 7 4 10 4 112 6 16 23 16 71 9 4 42 4 42 48 4 19 4 20 4 41 43 4 30 39 40 4 57 41 4 12 4 28 4 43 4 10 39 4 22 4 24 4 17 4 33 50 4 9 4 9 36 22 4 49 16 4 6 4 39 4 69 26 4 11 54 55 4 66 24 4 13 28 29 4 11 24 4 20 4 59 9 9 44 4 42 19 25 4 66 35 4 49 4 75 55 4 5 4 30 4 22 4 21 53 4 48 4 18 4 51 4 92 20 4 7 4 79 40 8 6 4 50 4 88 15 4 14 4 7 4 5 4 70 31 4 15 4 15 4 94 47 4 30 4 54 4 70 35 4 38 4 6 4 44 4 70 19 4 14 4 8 4 7 4 
iteration 356 best: 0.871237 time: 133519
43 21 8 56 22 8 65 49 8 76 23 4 51 4 35 25 4 22 4 6 49 8 104 41 4 9 4 103 37 12 100 11 8 112 23 8 1 5 8 60 32 12 101 6 4 54 4 73 26 4 18 4 12 4 56 4 21 5 4 29 4 11 4 57 53 8 51 23 8 9 48 4 41 4 72 32 16 25 16 9 45 4 54 4 52 4 5 4 86 30 4 21 4 33 4 6 16 8 20 8 5 30 4 23 4 23 4 15 4 104 52 8 48 21 4 49 4 27 4 17 4 22 25 8 29 50 4 53 27 8 64 5 8 51 13 8 86 35 4 6 4 24 4 49 21 4 40 4 70 21 4 12 4 12 4 27 37 4 8 4 98 44 4 15 4 28 4 92 23 4 44 4 15 28 4 18 4 100 14 16 40 16 48 22 39 16 4 32 4 27 46 4 11 4 26 4 23 48 4 49 4 54 34 16 23 16 87 33 13 5 4 42 4 80 48 16 45 16 73 38 4 36 4 16 4 56 15 4 5 4 71 29 4 11 4 18 4 11 39 4 54 4 20 33 45 4 40 30 31 38 4 33 49 57 4 79 21 16 18 16 76 7 4 44 4 8 4 34 44 42 36 4 36 35 19 4 9 21 4 7 4 10 4 112 6 16 23 16 71 9 4 42 4 42 48 4 19 4 20 4 41 43 4 30 39 40 4 57 41 4 12 4 28 4 43 4 10 39 4 22 4 24 4 17 4 33 50 4 9 4 9 36 22 4 49 16 4 6 4 39 4 69 26 4 11 54 55 4 66 24 4 13 28 29 4 11 24 4 20 4 59 9 9 44 4 42 19 25 4 66 35 4 49 4 75 55 4 5 4 30 4 22 4 21 53 4 48 4 18 4 51 4 92 20 4 7 4 79 40 8 6 4 50 4 88 15 4 14 4 7 4 5 4 70 31 4 15 4 15 4 94 47 4 30 4 54 4 70 35 4 38 4 6 4 44 4 70 19 4 14 4 8 4 7 4 
iteration 376 best: 0.871237 time: 140950
43 21 8 56 22 8 65 49 8 76 23 4 51 4 35 25 4 22 4 6 49 8 104 41 4 9 4 103 37 12 100 11 8 112 23 8 1 5 8 60 32 12 101 6 4 54 4 73 26 4 18 4 12 4 56 4 21 5 4 29 4 11 4 57 53 8 51 23 8 9 48 4 41 4 72 32 16 25 16 9 45 4 54 4 52 4 5 4 86 30 4 21 4 33 4 6 16 8 20 8 5 30 4 23 4 23 4 15 4 104 52 8 48 21 4 49 4 27 4 17 4 22 25 8 29 50 4 53 27 8 64 5 8 51 13 8 86 35 4 6 4 24 4 49 21 4 40 4 70 21 4 12 4 12 4 27 37 4 8 4 98 44 4 15 4 28 4 92 23 4 44 4 15 28 4 18 4 100 14 16 40 16 48 22 39 16 4 32 4 27 46 4 11 4 26 4 23 48 4 49 4 54 34 16 23 16 87 33 13 5 4 42 4 80 48 16 45 16 73 38 4 36 4 16 4 56 15 4 5 4 71 29 4 11 4 18 4 11 39 4 54 4 20 33 45 4 40 30 31 38 4 33 49 57 4 79 21 16 18 16 76 7 4 44 4 8 4 34 44 42 36 4 36 35 19 4 9 21 4 7 4 10 4 112 6 16 23 16 71 9 4 42 4 42 48 4 19 4 20 4 41 43 4 30 39 40 4 57 41 4 12 4 28 4 43 4 10 39 4 22 4 24 4 17 4 33 50 4 9 4 9 36 22 4 49 16 4 6 4 39 4 69 26 4 11 54 55 4 66 24 4 13 28 29 4 11 24 4 20 4 59 9 9 44 4 42 19 25 4 66 35 4 49 4 75 55 4 5 4 30 4 22 4 21 53 4 48 4 18 4 51 4 92 20 4 7 4 79 40 8 6 4 50 4 88 15 4 14 4 7 4 5 4 70 31 4 15 4 15 4 94 47 4 30 4 54 4 70 35 4 38 4 6 4 44 4 70 19 4 14 4 8 4 7 4 
iteration 396 best: 0.871237 time: 148347
43 21 8 56 22 8 65 49 8 76 23 4 51 4 35 25 4 22 4 6 49 8 104 41 4 9 4 103 37 12 100 11 8 112 23 8 1 5 8 60 32 12 101 6 4 54 4 73 26 4 18 4 12 4 56 4 21 5 4 29 4 11 4 57 53 8 51 23 8 9 48 4 41 4 72 32 16 25 16 9 45 4 54 4 52 4 5 4 86 30 4 21 4 33 4 6 16 8 20 8 5 30 4 23 4 23 4 15 4 104 52 8 48 21 4 49 4 27 4 17 4 22 25 8 29 50 4 53 27 8 64 5 8 51 13 8 86 35 4 6 4 24 4 49 21 4 40 4 70 21 4 12 4 12 4 27 37 4 8 4 98 44 4 15 4 28 4 92 23 4 44 4 15 28 4 18 4 100 14 16 40 16 48 22 39 16 4 32 4 27 46 4 11 4 26 4 23 48 4 49 4 54 34 16 23 16 87 33 13 5 4 42 4 80 48 16 45 16 73 38 4 36 4 16 4 56 15 4 5 4 71 29 4 11 4 18 4 11 39 4 54 4 20 33 45 4 40 30 31 38 4 33 49 57 4 79 21 16 18 16 76 7 4 44 4 8 4 34 44 42 36 4 36 35 19 4 9 21 4 7 4 10 4 112 6 16 23 16 71 9 4 42 4 42 48 4 19 4 20 4 41 43 4 30 39 40 4 57 41 4 12 4 28 4 43 4 10 39 4 22 4 24 4 17 4 33 50 4 9 4 9 36 22 4 49 16 4 6 4 39 4 69 26 4 11 54 55 4 66 24 4 13 28 29 4 11 24 4 20 4 59 9 9 44 4 42 19 25 4 66 35 4 49 4 75 55 4 5 4 30 4 22 4 21 53 4 48 4 18 4 51 4 92 20 4 7 4 79 40 8 6 4 50 4 88 15 4 14 4 7 4 5 4 70 31 4 15 4 15 4 94 47 4 30 4 54 4 70 35 4 38 4 6 4 44 4 70 19 4 14 4 8 4 7 4 
iteration 416 best: 0.871237 time: 155758
43 21 8 56 22 8 65 49 8 76 23 4 51 4 35 25 4 22 4 6 49 8 104 41 4 9 4 103 37 12 100 11 8 112 23 8 1 5 8 60 32 12 101 6 4 54 4 73 26 4 18 4 12 4 56 4 21 5 4 29 4 11 4 57 53 8 51 23 8 9 48 4 41 4 72 32 16 25 16 9 45 4 54 4 52 4 5 4 86 30 4 21 4 33 4 6 16 8 20 8 5 30 4 23 4 23 4 15 4 104 52 8 48 21 4 49 4 27 4 17 4 22 25 8 29 50 4 53 27 8 64 5 8 51 13 8 86 35 4 6 4 24 4 49 21 4 40 4 70 21 4 12 4 12 4 27 37 4 8 4 98 44 4 15 4 28 4 92 23 4 44 4 15 28 4 18 4 100 14 16 40 16 48 22 39 16 4 32 4 27 46 4 11 4 26 4 23 48 4 49 4 54 34 16 23 16 87 33 13 5 4 42 4 80 48 16 45 16 73 38 4 36 4 16 4 56 15 4 5 4 71 29 4 11 4 18 4 11 39 4 54 4 20 33 45 4 40 30 31 38 4 33 49 57 4 79 21 16 18 16 76 7 4 44 4 8 4 34 44 42 36 4 36 35 19 4 9 21 4 7 4 10 4 112 6 16 23 16 71 9 4 42 4 42 48 4 19 4 20 4 41 43 4 30 39 40 4 57 41 4 12 4 28 4 43 4 10 39 4 22 4 24 4 17 4 33 50 4 9 4 9 36 22 4 49 16 4 6 4 39 4 69 26 4 11 54 55 4 66 24 4 13 28 29 4 11 24 4 20 4 59 9 9 44 4 42 19 25 4 66 35 4 49 4 75 55 4 5 4 30 4 22 4 21 53 4 48 4 18 4 51 4 92 20 4 7 4 79 40 8 6 4 50 4 88 15 4 14 4 7 4 5 4 70 31 4 15 4 15 4 94 47 4 30 4 54 4 70 35 4 38 4 6 4 44 4 70 19 4 14 4 8 4 7 4 
iteration 436 best: 0.871237 time: 163191
43 21 8 56 22 8 65 49 8 76 23 4 51 4 35 25 4 22 4 6 49 8 104 41 4 9 4 103 37 12 100 11 8 112 23 8 1 5 8 60 32 12 101 6 4 54 4 73 26 4 18 4 12 4 56 4 21 5 4 29 4 11 4 57 53 8 51 23 8 9 48 4 41 4 72 32 16 25 16 9 45 4 54 4 52 4 5 4 86 30 4 21 4 33 4 6 16 8 20 8 5 30 4 23 4 23 4 15 4 104 52 8 48 21 4 49 4 27 4 17 4 22 25 8 29 50 4 53 27 8 64 5 8 51 13 8 86 35 4 6 4 24 4 49 21 4 40 4 70 21 4 12 4 12 4 27 37 4 8 4 98 44 4 15 4 28 4 92 23 4 44 4 15 28 4 18 4 100 14 16 40 16 48 22 39 16 4 32 4 27 46 4 11 4 26 4 23 48 4 49 4 54 34 16 23 16 87 33 13 5 4 42 4 80 48 16 45 16 73 38 4 36 4 16 4 56 15 4 5 4 71 29 4 11 4 18 4 11 39 4 54 4 20 33 45 4 40 30 31 38 4 33 49 57 4 79 21 16 18 16 76 7 4 44 4 8 4 34 44 42 36 4 36 35 19 4 9 21 4 7 4 10 4 112 6 16 23 16 71 9 4 42 4 42 48 4 19 4 20 4 41 43 4 30 39 40 4 57 41 4 12 4 28 4 43 4 10 39 4 22 4 24 4 17 4 33 50 4 9 4 9 36 22 4 49 16 4 6 4 39 4 69 26 4 11 54 55 4 66 24 4 13 28 29 4 11 24 4 20 4 59 9 9 44 4 42 19 25 4 66 35 4 49 4 75 55 4 5 4 30 4 22 4 21 53 4 48 4 18 4 51 4 92 20 4 7 4 79 40 8 6 4 50 4 88 15 4 14 4 7 4 5 4 70 31 4 15 4 15 4 94 47 4 30 4 54 4 70 35 4 38 4 6 4 44 4 70 19 4 14 4 8 4 7 4 
iteration 456 best: 0.871237 time: 170617
43 21 8 56 22 8 65 49 8 76 23 4 51 4 35 25 4 22 4 6 49 8 104 41 4 9 4 103 37 12 100 11 8 112 23 8 1 5 8 60 32 12 101 6 4 54 4 73 26 4 18 4 12 4 56 4 21 5 4 29 4 11 4 57 53 8 51 23 8 9 48 4 41 4 72 32 16 25 16 9 45 4 54 4 52 4 5 4 86 30 4 21 4 33 4 6 16 8 20 8 5 30 4 23 4 23 4 15 4 104 52 8 48 21 4 49 4 27 4 17 4 22 25 8 29 50 4 53 27 8 64 5 8 51 13 8 86 35 4 6 4 24 4 49 21 4 40 4 70 21 4 12 4 12 4 27 37 4 8 4 98 44 4 15 4 28 4 92 23 4 44 4 15 28 4 18 4 100 14 16 40 16 48 22 39 16 4 32 4 27 46 4 11 4 26 4 23 48 4 49 4 54 34 16 23 16 87 33 13 5 4 42 4 80 48 16 45 16 73 38 4 36 4 16 4 56 15 4 5 4 71 29 4 11 4 18 4 11 39 4 54 4 20 33 45 4 40 30 31 38 4 33 49 57 4 79 21 16 18 16 76 7 4 44 4 8 4 34 44 42 36 4 36 35 19 4 9 21 4 7 4 10 4 112 6 16 23 16 71 9 4 42 4 42 48 4 19 4 20 4 41 43 4 30 39 40 4 57 41 4 12 4 28 4 43 4 10 39 4 22 4 24 4 17 4 33 50 4 9 4 9 36 22 4 49 16 4 6 4 39 4 69 26 4 11 54 55 4 66 24 4 13 28 29 4 11 24 4 20 4 59 9 9 44 4 42 19 25 4 66 35 4 49 4 75 55 4 5 4 30 4 22 4 21 53 4 48 4 18 4 51 4 92 20 4 7 4 79 40 8 6 4 50 4 88 15 4 14 4 7 4 5 4 70 31 4 15 4 15 4 94 47 4 30 4 54 4 70 35 4 38 4 6 4 44 4 70 19 4 14 4 8 4 7 4 
iteration 476 best: 0.871237 time: 178028
43 21 8 56 22 8 65 49 8 76 23 4 51 4 35 25 4 22 4 6 49 8 104 41 4 9 4 103 37 12 100 11 8 112 23 8 1 5 8 60 32 12 101 6 4 54 4 73 26 4 18 4 12 4 56 4 21 5 4 29 4 11 4 57 53 8 51 23 8 9 48 4 41 4 72 32 16 25 16 9 45 4 54 4 52 4 5 4 86 30 4 21 4 33 4 6 16 8 20 8 5 30 4 23 4 23 4 15 4 104 52 8 48 21 4 49 4 27 4 17 4 22 25 8 29 50 4 53 27 8 64 5 8 51 13 8 86 35 4 6 4 24 4 49 21 4 40 4 70 21 4 12 4 12 4 27 37 4 8 4 98 44 4 15 4 28 4 92 23 4 44 4 15 28 4 18 4 100 14 16 40 16 48 22 39 16 4 32 4 27 46 4 11 4 26 4 23 48 4 49 4 54 34 16 23 16 87 33 13 5 4 42 4 80 48 16 45 16 73 38 4 36 4 16 4 56 15 4 5 4 71 29 4 11 4 18 4 11 39 4 54 4 20 33 45 4 40 30 31 38 4 33 49 57 4 79 21 16 18 16 76 7 4 44 4 8 4 34 44 42 36 4 36 35 19 4 9 21 4 7 4 10 4 112 6 16 23 16 71 9 4 42 4 42 48 4 19 4 20 4 41 43 4 30 39 40 4 57 41 4 12 4 28 4 43 4 10 39 4 22 4 24 4 17 4 33 50 4 9 4 9 36 22 4 49 16 4 6 4 39 4 69 26 4 11 54 55 4 66 24 4 13 28 29 4 11 24 4 20 4 59 9 9 44 4 42 19 25 4 66 35 4 49 4 75 55 4 5 4 30 4 22 4 21 53 4 48 4 18 4 51 4 92 20 4 7 4 79 40 8 6 4 50 4 88 15 4 14 4 7 4 5 4 70 31 4 15 4 15 4 94 47 4 30 4 54 4 70 35 4 38 4 6 4 44 4 70 19 4 14 4 8 4 7 4 
iteration 496 best: 0.871237 time: 185428
43 21 8 56 22 8 65 49 8 76 23 4 51 4 35 25 4 22 4 6 49 8 104 41 4 9 4 103 37 12 100 11 8 112 23 8 1 5 8 60 32 12 101 6 4 54 4 73 26 4 18 4 12 4 56 4 21 5 4 29 4 11 4 57 53 8 51 23 8 9 48 4 41 4 72 32 16 25 16 9 45 4 54 4 52 4 5 4 86 30 4 21 4 33 4 6 16 8 20 8 5 30 4 23 4 23 4 15 4 104 52 8 48 21 4 49 4 27 4 17 4 22 25 8 29 50 4 53 27 8 64 5 8 51 13 8 86 35 4 6 4 24 4 49 21 4 40 4 70 21 4 12 4 12 4 27 37 4 8 4 98 44 4 15 4 28 4 92 23 4 44 4 15 28 4 18 4 100 14 16 40 16 48 22 39 16 4 32 4 27 46 4 11 4 26 4 23 48 4 49 4 54 34 16 23 16 87 33 13 5 4 42 4 80 48 16 45 16 73 38 4 36 4 16 4 56 15 4 5 4 71 29 4 11 4 18 4 11 39 4 54 4 20 33 45 4 40 30 31 38 4 33 49 57 4 79 21 16 18 16 76 7 4 44 4 8 4 34 44 42 36 4 36 35 19 4 9 21 4 7 4 10 4 112 6 16 23 16 71 9 4 42 4 42 48 4 19 4 20 4 41 43 4 30 39 40 4 57 41 4 12 4 28 4 43 4 10 39 4 22 4 24 4 17 4 33 50 4 9 4 9 36 22 4 49 16 4 6 4 39 4 69 26 4 11 54 55 4 66 24 4 13 28 29 4 11 24 4 20 4 59 9 9 44 4 42 19 25 4 66 35 4 49 4 75 55 4 5 4 30 4 22 4 21 53 4 48 4 18 4 51 4 92 20 4 7 4 79 40 8 6 4 50 4 88 15 4 14 4 7 4 5 4 70 31 4 15 4 15 4 94 47 4 30 4 54 4 70 35 4 38 4 6 4 44 4 70 19 4 14 4 8 4 7 4 
iteration 516 best: 0.871237 time: 192853
43 21 8 56 22 8 65 49 8 76 23 4 51 4 35 25 4 22 4 6 49 8 104 41 4 9 4 103 37 12 100 11 8 112 23 8 1 5 8 60 32 12 101 6 4 54 4 73 26 4 18 4 12 4 56 4 21 5 4 29 4 11 4 57 53 8 51 23 8 9 48 4 41 4 72 32 16 25 16 9 45 4 54 4 52 4 5 4 86 30 4 21 4 33 4 6 16 8 20 8 5 30 4 23 4 23 4 15 4 104 52 8 48 21 4 49 4 27 4 17 4 22 25 8 29 50 4 53 27 8 64 5 8 51 13 8 86 35 4 6 4 24 4 49 21 4 40 4 70 21 4 12 4 12 4 27 37 4 8 4 98 44 4 15 4 28 4 92 23 4 44 4 15 28 4 18 4 100 14 16 40 16 48 22 39 16 4 32 4 27 46 4 11 4 26 4 23 48 4 49 4 54 34 16 23 16 87 33 13 5 4 42 4 80 48 16 45 16 73 38 4 36 4 16 4 56 15 4 5 4 71 29 4 11 4 18 4 11 39 4 54 4 20 33 45 4 40 30 31 38 4 33 49 57 4 79 21 16 18 16 76 7 4 44 4 8 4 34 44 42 36 4 36 35 19 4 9 21 4 7 4 10 4 112 6 16 23 16 71 9 4 42 4 42 48 4 19 4 20 4 41 43 4 30 39 40 4 57 41 4 12 4 28 4 43 4 10 39 4 22 4 24 4 17 4 33 50 4 9 4 9 36 22 4 49 16 4 6 4 39 4 69 26 4 11 54 55 4 66 24 4 13 28 29 4 11 24 4 20 4 59 9 9 44 4 42 19 25 4 66 35 4 49 4 75 55 4 5 4 30 4 22 4 21 53 4 48 4 18 4 51 4 92 20 4 7 4 79 40 8 6 4 50 4 88 15 4 14 4 7 4 5 4 70 31 4 15 4 15 4 94 47 4 30 4 54 4 70 35 4 38 4 6 4 44 4 70 19 4 14 4 8 4 7 4 
iteration 536 best: 0.871237 time: 200265
43 21 8 56 22 8 65 49 8 76 23 4 51 4 35 25 4 22 4 6 49 8 104 41 4 9 4 103 37 12 100 11 8 112 23 8 1 5 8 60 32 12 101 6 4 54 4 73 26 4 18 4 12 4 56 4 21 5 4 29 4 11 4 57 53 8 51 23 8 9 48 4 41 4 72 32 16 25 16 9 45 4 54 4 52 4 5 4 86 30 4 21 4 33 4 6 16 8 20 8 5 30 4 23 4 23 4 15 4 104 52 8 48 21 4 49 4 27 4 17 4 22 25 8 29 50 4 53 27 8 64 5 8 51 13 8 86 35 4 6 4 24 4 49 21 4 40 4 70 21 4 12 4 12 4 27 37 4 8 4 98 44 4 15 4 28 4 92 23 4 44 4 15 28 4 18 4 100 14 16 40 16 48 22 39 16 4 32 4 27 46 4 11 4 26 4 23 48 4 49 4 54 34 16 23 16 87 33 13 5 4 42 4 80 48 16 45 16 73 38 4 36 4 16 4 56 15 4 5 4 71 29 4 11 4 18 4 11 39 4 54 4 20 33 45 4 40 30 31 38 4 33 49 57 4 79 21 16 18 16 76 7 4 44 4 8 4 34 44 42 36 4 36 35 19 4 9 21 4 7 4 10 4 112 6 16 23 16 71 9 4 42 4 42 48 4 19 4 20 4 41 43 4 30 39 40 4 57 41 4 12 4 28 4 43 4 10 39 4 22 4 24 4 17 4 33 50 4 9 4 9 36 22 4 49 16 4 6 4 39 4 69 26 4 11 54 55 4 66 24 4 13 28 29 4 11 24 4 20 4 59 9 9 44 4 42 19 25 4 66 35 4 49 4 75 55 4 5 4 30 4 22 4 21 53 4 48 4 18 4 51 4 92 20 4 7 4 79 40 8 6 4 50 4 88 15 4 14 4 7 4 5 4 70 31 4 15 4 15 4 94 47 4 30 4 54 4 70 35 4 38 4 6 4 44 4 70 19 4 14 4 8 4 7 4 
iteration 556 best: 0.871237 time: 207659
43 21 8 56 22 8 65 49 8 76 23 4 51 4 35 25 4 22 4 6 49 8 104 41 4 9 4 103 37 12 100 11 8 112 23 8 1 5 8 60 32 12 101 6 4 54 4 73 26 4 18 4 12 4 56 4 21 5 4 29 4 11 4 57 53 8 51 23 8 9 48 4 41 4 72 32 16 25 16 9 45 4 54 4 52 4 5 4 86 30 4 21 4 33 4 6 16 8 20 8 5 30 4 23 4 23 4 15 4 104 52 8 48 21 4 49 4 27 4 17 4 22 25 8 29 50 4 53 27 8 64 5 8 51 13 8 86 35 4 6 4 24 4 49 21 4 40 4 70 21 4 12 4 12 4 27 37 4 8 4 98 44 4 15 4 28 4 92 23 4 44 4 15 28 4 18 4 100 14 16 40 16 48 22 39 16 4 32 4 27 46 4 11 4 26 4 23 48 4 49 4 54 34 16 23 16 87 33 13 5 4 42 4 80 48 16 45 16 73 38 4 36 4 16 4 56 15 4 5 4 71 29 4 11 4 18 4 11 39 4 54 4 20 33 45 4 40 30 31 38 4 33 49 57 4 79 21 16 18 16 76 7 4 44 4 8 4 34 44 42 36 4 36 35 19 4 9 21 4 7 4 10 4 112 6 16 23 16 71 9 4 42 4 42 48 4 19 4 20 4 41 43 4 30 39 40 4 57 41 4 12 4 28 4 43 4 10 39 4 22 4 24 4 17 4 33 50 4 9 4 9 36 22 4 49 16 4 6 4 39 4 69 26 4 11 54 55 4 66 24 4 13 28 29 4 11 24 4 20 4 59 9 9 44 4 42 19 25 4 66 35 4 49 4 75 55 4 5 4 30 4 22 4 21 53 4 48 4 18 4 51 4 92 20 4 7 4 79 40 8 6 4 50 4 88 15 4 14 4 7 4 5 4 70 31 4 15 4 15 4 94 47 4 30 4 54 4 70 35 4 38 4 6 4 44 4 70 19 4 14 4 8 4 7 4 
iteration 576 best: 0.871237 time: 215040
43 21 8 56 22 8 65 49 8 76 23 4 51 4 35 25 4 22 4 6 49 8 104 41 4 9 4 103 37 12 100 11 8 112 23 8 1 5 8 60 32 12 101 6 4 54 4 73 26 4 18 4 12 4 56 4 21 5 4 29 4 11 4 57 53 8 51 23 8 9 48 4 41 4 72 32 16 25 16 9 45 4 54 4 52 4 5 4 86 30 4 21 4 33 4 6 16 8 20 8 5 30 4 23 4 23 4 15 4 104 52 8 48 21 4 49 4 27 4 17 4 22 25 8 29 50 4 53 27 8 64 5 8 51 13 8 86 35 4 6 4 24 4 49 21 4 40 4 70 21 4 12 4 12 4 27 37 4 8 4 98 44 4 15 4 28 4 92 23 4 44 4 15 28 4 18 4 100 14 16 40 16 48 22 39 16 4 32 4 27 46 4 11 4 26 4 23 48 4 49 4 54 34 16 23 16 87 33 13 5 4 42 4 80 48 16 45 16 73 38 4 36 4 16 4 56 15 4 5 4 71 29 4 11 4 18 4 11 39 4 54 4 20 33 45 4 40 30 31 38 4 33 49 57 4 79 21 16 18 16 76 7 4 44 4 8 4 34 44 42 36 4 36 35 19 4 9 21 4 7 4 10 4 112 6 16 23 16 71 9 4 42 4 42 48 4 19 4 20 4 41 43 4 30 39 40 4 57 41 4 12 4 28 4 43 4 10 39 4 22 4 24 4 17 4 33 50 4 9 4 9 36 22 4 49 16 4 6 4 39 4 69 26 4 11 54 55 4 66 24 4 13 28 29 4 11 24 4 20 4 59 9 9 44 4 42 19 25 4 66 35 4 49 4 75 55 4 5 4 30 4 22 4 21 53 4 48 4 18 4 51 4 92 20 4 7 4 79 40 8 6 4 50 4 88 15 4 14 4 7 4 5 4 70 31 4 15 4 15 4 94 47 4 30 4 54 4 70 35 4 38 4 6 4 44 4 70 19 4 14 4 8 4 7 4 
iteration 596 best: 0.871237 time: 222476
43 21 8 56 22 8 65 49 8 76 23 4 51 4 35 25 4 22 4 6 49 8 104 41 4 9 4 103 37 12 100 11 8 112 23 8 1 5 8 60 32 12 101 6 4 54 4 73 26 4 18 4 12 4 56 4 21 5 4 29 4 11 4 57 53 8 51 23 8 9 48 4 41 4 72 32 16 25 16 9 45 4 54 4 52 4 5 4 86 30 4 21 4 33 4 6 16 8 20 8 5 30 4 23 4 23 4 15 4 104 52 8 48 21 4 49 4 27 4 17 4 22 25 8 29 50 4 53 27 8 64 5 8 51 13 8 86 35 4 6 4 24 4 49 21 4 40 4 70 21 4 12 4 12 4 27 37 4 8 4 98 44 4 15 4 28 4 92 23 4 44 4 15 28 4 18 4 100 14 16 40 16 48 22 39 16 4 32 4 27 46 4 11 4 26 4 23 48 4 49 4 54 34 16 23 16 87 33 13 5 4 42 4 80 48 16 45 16 73 38 4 36 4 16 4 56 15 4 5 4 71 29 4 11 4 18 4 11 39 4 54 4 20 33 45 4 40 30 31 38 4 33 49 57 4 79 21 16 18 16 76 7 4 44 4 8 4 34 44 42 36 4 36 35 19 4 9 21 4 7 4 10 4 112 6 16 23 16 71 9 4 42 4 42 48 4 19 4 20 4 41 43 4 30 39 40 4 57 41 4 12 4 28 4 43 4 10 39 4 22 4 24 4 17 4 33 50 4 9 4 9 36 22 4 49 16 4 6 4 39 4 69 26 4 11 54 55 4 66 24 4 13 28 29 4 11 24 4 20 4 59 9 9 44 4 42 19 25 4 66 35 4 49 4 75 55 4 5 4 30 4 22 4 21 53 4 48 4 18 4 51 4 92 20 4 7 4 79 40 8 6 4 50 4 88 15 4 14 4 7 4 5 4 70 31 4 15 4 15 4 94 47 4 30 4 54 4 70 35 4 38 4 6 4 44 4 70 19 4 14 4 8 4 7 4 
iteration 616 best: 0.871237 time: 229871
43 21 8 56 22 8 65 49 8 76 23 4 51 4 35 25 4 22 4 6 49 8 104 41 4 9 4 103 37 12 100 11 8 112 23 8 1 5 8 60 32 12 101 6 4 54 4 73 26 4 18 4 12 4 56 4 21 5 4 29 4 11 4 57 53 8 51 23 8 9 48 4 41 4 72 32 16 25 16 9 45 4 54 4 52 4 5 4 86 30 4 21 4 33 4 6 16 8 20 8 5 30 4 23 4 23 4 15 4 104 52 8 48 21 4 49 4 27 4 17 4 22 25 8 29 50 4 53 27 8 64 5 8 51 13 8 86 35 4 6 4 24 4 49 21 4 40 4 70 21 4 12 4 12 4 27 37 4 8 4 98 44 4 15 4 28 4 92 23 4 44 4 15 28 4 18 4 100 14 16 40 16 48 22 39 16 4 32 4 27 46 4 11 4 26 4 23 48 4 49 4 54 34 16 23 16 87 33 13 5 4 42 4 80 48 16 45 16 73 38 4 36 4 16 4 56 15 4 5 4 71 29 4 11 4 18 4 11 39 4 54 4 20 33 45 4 40 30 31 38 4 33 49 57 4 79 21 16 18 16 76 7 4 44 4 8 4 34 44 42 36 4 36 35 19 4 9 21 4 7 4 10 4 112 6 16 23 16 71 9 4 42 4 42 48 4 19 4 20 4 41 43 4 30 39 40 4 57 41 4 12 4 28 4 43 4 10 39 4 22 4 24 4 17 4 33 50 4 9 4 9 36 22 4 49 16 4 6 4 39 4 69 26 4 11 54 55 4 66 24 4 13 28 29 4 11 24 4 20 4 59 9 9 44 4 42 19 25 4 66 35 4 49 4 75 55 4 5 4 30 4 22 4 21 53 4 48 4 18 4 51 4 92 20 4 7 4 79 40 8 6 4 50 4 88 15 4 14 4 7 4 5 4 70 31 4 15 4 15 4 94 47 4 30 4 54 4 70 35 4 38 4 6 4 44 4 70 19 4 14 4 8 4 7 4 
iteration 636 best: 0.871237 time: 237305
43 21 8 56 22 8 65 49 8 76 23 4 51 4 35 25 4 22 4 6 49 8 104 41 4 9 4 103 37 12 100 11 8 112 23 8 1 5 8 60 32 12 101 6 4 54 4 73 26 4 18 4 12 4 56 4 21 5 4 29 4 11 4 57 53 8 51 23 8 9 48 4 41 4 72 32 16 25 16 9 45 4 54 4 52 4 5 4 86 30 4 21 4 33 4 6 16 8 20 8 5 30 4 23 4 23 4 15 4 104 52 8 48 21 4 49 4 27 4 17 4 22 25 8 29 50 4 53 27 8 64 5 8 51 13 8 86 35 4 6 4 24 4 49 21 4 40 4 70 21 4 12 4 12 4 27 37 4 8 4 98 44 4 15 4 28 4 92 23 4 44 4 15 28 4 18 4 100 14 16 40 16 48 22 39 16 4 32 4 27 46 4 11 4 26 4 23 48 4 49 4 54 34 16 23 16 87 33 13 5 4 42 4 80 48 16 45 16 73 38 4 36 4 16 4 56 15 4 5 4 71 29 4 11 4 18 4 11 39 4 54 4 20 33 45 4 40 30 31 38 4 33 49 57 4 79 21 16 18 16 76 7 4 44 4 8 4 34 44 42 36 4 36 35 19 4 9 21 4 7 4 10 4 112 6 16 23 16 71 9 4 42 4 42 48 4 19 4 20 4 41 43 4 30 39 40 4 57 41 4 12 4 28 4 43 4 10 39 4 22 4 24 4 17 4 33 50 4 9 4 9 36 22 4 49 16 4 6 4 39 4 69 26 4 11 54 55 4 66 24 4 13 28 29 4 11 24 4 20 4 59 9 9 44 4 42 19 25 4 66 35 4 49 4 75 55 4 5 4 30 4 22 4 21 53 4 48 4 18 4 51 4 92 20 4 7 4 79 40 8 6 4 50 4 88 15 4 14 4 7 4 5 4 70 31 4 15 4 15 4 94 47 4 30 4 54 4 70 35 4 38 4 6 4 44 4 70 19 4 14 4 8 4 7 4 
iteration 656 best: 0.871237 time: 244718
43 21 8 56 22 8 65 49 8 76 23 4 51 4 35 25 4 22 4 6 49 8 104 41 4 9 4 103 37 12 100 11 8 112 23 8 1 5 8 60 32 12 101 6 4 54 4 73 26 4 18 4 12 4 56 4 21 5 4 29 4 11 4 57 53 8 51 23 8 9 48 4 41 4 72 32 16 25 16 9 45 4 54 4 52 4 5 4 86 30 4 21 4 33 4 6 16 8 20 8 5 30 4 23 4 23 4 15 4 104 52 8 48 21 4 49 4 27 4 17 4 22 25 8 29 50 4 53 27 8 64 5 8 51 13 8 86 35 4 6 4 24 4 49 21 4 40 4 70 21 4 12 4 12 4 27 37 4 8 4 98 44 4 15 4 28 4 92 23 4 44 4 15 28 4 18 4 100 14 16 40 16 48 22 39 16 4 32 4 27 46 4 11 4 26 4 23 48 4 49 4 54 34 16 23 16 87 33 13 5 4 42 4 80 48 16 45 16 73 38 4 36 4 16 4 56 15 4 5 4 71 29 4 11 4 18 4 11 39 4 54 4 20 33 45 4 40 30 31 38 4 33 49 57 4 79 21 16 18 16 76 7 4 44 4 8 4 34 44 42 36 4 36 35 19 4 9 21 4 7 4 10 4 112 6 16 23 16 71 9 4 42 4 42 48 4 19 4 20 4 41 43 4 30 39 40 4 57 41 4 12 4 28 4 43 4 10 39 4 22 4 24 4 17 4 33 50 4 9 4 9 36 22 4 49 16 4 6 4 39 4 69 26 4 11 54 55 4 66 24 4 13 28 29 4 11 24 4 20 4 59 9 9 44 4 42 19 25 4 66 35 4 49 4 75 55 4 5 4 30 4 22 4 21 53 4 48 4 18 4 51 4 92 20 4 7 4 79 40 8 6 4 50 4 88 15 4 14 4 7 4 5 4 70 31 4 15 4 15 4 94 47 4 30 4 54 4 70 35 4 38 4 6 4 44 4 70 19 4 14 4 8 4 7 4 
iteration 676 best: 0.871237 time: 252130
43 21 8 56 22 8 65 49 8 76 23 4 51 4 35 25 4 22 4 6 49 8 104 41 4 9 4 103 37 12 100 11 8 112 23 8 1 5 8 60 32 12 101 6 4 54 4 73 26 4 18 4 12 4 56 4 21 5 4 29 4 11 4 57 53 8 51 23 8 9 48 4 41 4 72 32 16 25 16 9 45 4 54 4 52 4 5 4 86 30 4 21 4 33 4 6 16 8 20 8 5 30 4 23 4 23 4 15 4 104 52 8 48 21 4 49 4 27 4 17 4 22 25 8 29 50 4 53 27 8 64 5 8 51 13 8 86 35 4 6 4 24 4 49 21 4 40 4 70 21 4 12 4 12 4 27 37 4 8 4 98 44 4 15 4 28 4 92 23 4 44 4 15 28 4 18 4 100 14 16 40 16 48 22 39 16 4 32 4 27 46 4 11 4 26 4 23 48 4 49 4 54 34 16 23 16 87 33 13 5 4 42 4 80 48 16 45 16 73 38 4 36 4 16 4 56 15 4 5 4 71 29 4 11 4 18 4 11 39 4 54 4 20 33 45 4 40 30 31 38 4 33 49 57 4 79 21 16 18 16 76 7 4 44 4 8 4 34 44 42 36 4 36 35 19 4 9 21 4 7 4 10 4 112 6 16 23 16 71 9 4 42 4 42 48 4 19 4 20 4 41 43 4 30 39 40 4 57 41 4 12 4 28 4 43 4 10 39 4 22 4 24 4 17 4 33 50 4 9 4 9 36 22 4 49 16 4 6 4 39 4 69 26 4 11 54 55 4 66 24 4 13 28 29 4 11 24 4 20 4 59 9 9 44 4 42 19 25 4 66 35 4 49 4 75 55 4 5 4 30 4 22 4 21 53 4 48 4 18 4 51 4 92 20 4 7 4 79 40 8 6 4 50 4 88 15 4 14 4 7 4 5 4 70 31 4 15 4 15 4 94 47 4 30 4 54 4 70 35 4 38 4 6 4 44 4 70 19 4 14 4 8 4 7 4 
iteration 696 best: 0.871237 time: 259552
43 21 8 56 22 8 65 49 8 76 23 4 51 4 35 25 4 22 4 6 49 8 104 41 4 9 4 103 37 12 100 11 8 112 23 8 1 5 8 60 32 12 101 6 4 54 4 73 26 4 18 4 12 4 56 4 21 5 4 29 4 11 4 57 53 8 51 23 8 9 48 4 41 4 72 32 16 25 16 9 45 4 54 4 52 4 5 4 86 30 4 21 4 33 4 6 16 8 20 8 5 30 4 23 4 23 4 15 4 104 52 8 48 21 4 49 4 27 4 17 4 22 25 8 29 50 4 53 27 8 64 5 8 51 13 8 86 35 4 6 4 24 4 49 21 4 40 4 70 21 4 12 4 12 4 27 37 4 8 4 98 44 4 15 4 28 4 92 23 4 44 4 15 28 4 18 4 100 14 16 40 16 48 22 39 16 4 32 4 27 46 4 11 4 26 4 23 48 4 49 4 54 34 16 23 16 87 33 13 5 4 42 4 80 48 16 45 16 73 38 4 36 4 16 4 56 15 4 5 4 71 29 4 11 4 18 4 11 39 4 54 4 20 33 45 4 40 30 31 38 4 33 49 57 4 79 21 16 18 16 76 7 4 44 4 8 4 34 44 42 36 4 36 35 19 4 9 21 4 7 4 10 4 112 6 16 23 16 71 9 4 42 4 42 48 4 19 4 20 4 41 43 4 30 39 40 4 57 41 4 12 4 28 4 43 4 10 39 4 22 4 24 4 17 4 33 50 4 9 4 9 36 22 4 49 16 4 6 4 39 4 69 26 4 11 54 55 4 66 24 4 13 28 29 4 11 24 4 20 4 59 9 9 44 4 42 19 25 4 66 35 4 49 4 75 55 4 5 4 30 4 22 4 21 53 4 48 4 18 4 51 4 92 20 4 7 4 79 40 8 6 4 50 4 88 15 4 14 4 7 4 5 4 70 31 4 15 4 15 4 94 47 4 30 4 54 4 70 35 4 38 4 6 4 44 4 70 19 4 14 4 8 4 7 4 
iteration 716 best: 0.871237 time: 266983
43 21 8 56 22 8 65 49 8 76 23 4 51 4 35 25 4 22 4 6 49 8 104 41 4 9 4 103 37 12 100 11 8 112 23 8 1 5 8 60 32 12 101 6 4 54 4 73 26 4 18 4 12 4 56 4 21 5 4 29 4 11 4 57 53 8 51 23 8 9 48 4 41 4 72 32 16 25 16 9 45 4 54 4 52 4 5 4 86 30 4 21 4 33 4 6 16 8 20 8 5 30 4 23 4 23 4 15 4 104 52 8 48 21 4 49 4 27 4 17 4 22 25 8 29 50 4 53 27 8 64 5 8 51 13 8 86 35 4 6 4 24 4 49 21 4 40 4 70 21 4 12 4 12 4 27 37 4 8 4 98 44 4 15 4 28 4 92 23 4 44 4 15 28 4 18 4 100 14 16 40 16 48 22 39 16 4 32 4 27 46 4 11 4 26 4 23 48 4 49 4 54 34 16 23 16 87 33 13 5 4 42 4 80 48 16 45 16 73 38 4 36 4 16 4 56 15 4 5 4 71 29 4 11 4 18 4 11 39 4 54 4 20 33 45 4 40 30 31 38 4 33 49 57 4 79 21 16 18 16 76 7 4 44 4 8 4 34 44 42 36 4 36 35 19 4 9 21 4 7 4 10 4 112 6 16 23 16 71 9 4 42 4 42 48 4 19 4 20 4 41 43 4 30 39 40 4 57 41 4 12 4 28 4 43 4 10 39 4 22 4 24 4 17 4 33 50 4 9 4 9 36 22 4 49 16 4 6 4 39 4 69 26 4 11 54 55 4 66 24 4 13 28 29 4 11 24 4 20 4 59 9 9 44 4 42 19 25 4 66 35 4 49 4 75 55 4 5 4 30 4 22 4 21 53 4 48 4 18 4 51 4 92 20 4 7 4 79 40 8 6 4 50 4 88 15 4 14 4 7 4 5 4 70 31 4 15 4 15 4 94 47 4 30 4 54 4 70 35 4 38 4 6 4 44 4 70 19 4 14 4 8 4 7 4 
iteration 736 best: 0.871237 time: 274394
43 21 8 56 22 8 65 49 8 76 23 4 51 4 35 25 4 22 4 6 49 8 104 41 4 9 4 103 37 12 100 11 8 112 23 8 1 5 8 60 32 12 101 6 4 54 4 73 26 4 18 4 12 4 56 4 21 5 4 29 4 11 4 57 53 8 51 23 8 9 48 4 41 4 72 32 16 25 16 9 45 4 54 4 52 4 5 4 86 30 4 21 4 33 4 6 16 8 20 8 5 30 4 23 4 23 4 15 4 104 52 8 48 21 4 49 4 27 4 17 4 22 25 8 29 50 4 53 27 8 64 5 8 51 13 8 86 35 4 6 4 24 4 49 21 4 40 4 70 21 4 12 4 12 4 27 37 4 8 4 98 44 4 15 4 28 4 92 23 4 44 4 15 28 4 18 4 100 14 16 40 16 48 22 39 16 4 32 4 27 46 4 11 4 26 4 23 48 4 49 4 54 34 16 23 16 87 33 13 5 4 42 4 80 48 16 45 16 73 38 4 36 4 16 4 56 15 4 5 4 71 29 4 11 4 18 4 11 39 4 54 4 20 33 45 4 40 30 31 38 4 33 49 57 4 79 21 16 18 16 76 7 4 44 4 8 4 34 44 42 36 4 36 35 19 4 9 21 4 7 4 10 4 112 6 16 23 16 71 9 4 42 4 42 48 4 19 4 20 4 41 43 4 30 39 40 4 57 41 4 12 4 28 4 43 4 10 39 4 22 4 24 4 17 4 33 50 4 9 4 9 36 22 4 49 16 4 6 4 39 4 69 26 4 11 54 55 4 66 24 4 13 28 29 4 11 24 4 20 4 59 9 9 44 4 42 19 25 4 66 35 4 49 4 75 55 4 5 4 30 4 22 4 21 53 4 48 4 18 4 51 4 92 20 4 7 4 79 40 8 6 4 50 4 88 15 4 14 4 7 4 5 4 70 31 4 15 4 15 4 94 47 4 30 4 54 4 70 35 4 38 4 6 4 44 4 70 19 4 14 4 8 4 7 4 
iteration 756 best: 0.871237 time: 281786
43 21 8 56 22 8 65 49 8 76 23 4 51 4 35 25 4 22 4 6 49 8 104 41 4 9 4 103 37 12 100 11 8 112 23 8 1 5 8 60 32 12 101 6 4 54 4 73 26 4 18 4 12 4 56 4 21 5 4 29 4 11 4 57 53 8 51 23 8 9 48 4 41 4 72 32 16 25 16 9 45 4 54 4 52 4 5 4 86 30 4 21 4 33 4 6 16 8 20 8 5 30 4 23 4 23 4 15 4 104 52 8 48 21 4 49 4 27 4 17 4 22 25 8 29 50 4 53 27 8 64 5 8 51 13 8 86 35 4 6 4 24 4 49 21 4 40 4 70 21 4 12 4 12 4 27 37 4 8 4 98 44 4 15 4 28 4 92 23 4 44 4 15 28 4 18 4 100 14 16 40 16 48 22 39 16 4 32 4 27 46 4 11 4 26 4 23 48 4 49 4 54 34 16 23 16 87 33 13 5 4 42 4 80 48 16 45 16 73 38 4 36 4 16 4 56 15 4 5 4 71 29 4 11 4 18 4 11 39 4 54 4 20 33 45 4 40 30 31 38 4 33 49 57 4 79 21 16 18 16 76 7 4 44 4 8 4 34 44 42 36 4 36 35 19 4 9 21 4 7 4 10 4 112 6 16 23 16 71 9 4 42 4 42 48 4 19 4 20 4 41 43 4 30 39 40 4 57 41 4 12 4 28 4 43 4 10 39 4 22 4 24 4 17 4 33 50 4 9 4 9 36 22 4 49 16 4 6 4 39 4 69 26 4 11 54 55 4 66 24 4 13 28 29 4 11 24 4 20 4 59 9 9 44 4 42 19 25 4 66 35 4 49 4 75 55 4 5 4 30 4 22 4 21 53 4 48 4 18 4 51 4 92 20 4 7 4 79 40 8 6 4 50 4 88 15 4 14 4 7 4 5 4 70 31 4 15 4 15 4 94 47 4 30 4 54 4 70 35 4 38 4 6 4 44 4 70 19 4 14 4 8 4 7 4 
iteration 776 best: 0.871237 time: 289185
43 21 8 56 22 8 65 49 8 76 23 4 51 4 35 25 4 22 4 6 49 8 104 41 4 9 4 103 37 12 100 11 8 112 23 8 1 5 8 60 32 12 101 6 4 54 4 73 26 4 18 4 12 4 56 4 21 5 4 29 4 11 4 57 53 8 51 23 8 9 48 4 41 4 72 32 16 25 16 9 45 4 54 4 52 4 5 4 86 30 4 21 4 33 4 6 16 8 20 8 5 30 4 23 4 23 4 15 4 104 52 8 48 21 4 49 4 27 4 17 4 22 25 8 29 50 4 53 27 8 64 5 8 51 13 8 86 35 4 6 4 24 4 49 21 4 40 4 70 21 4 12 4 12 4 27 37 4 8 4 98 44 4 15 4 28 4 92 23 4 44 4 15 28 4 18 4 100 14 16 40 16 48 22 39 16 4 32 4 27 46 4 11 4 26 4 23 48 4 49 4 54 34 16 23 16 87 33 13 5 4 42 4 80 48 16 45 16 73 38 4 36 4 16 4 56 15 4 5 4 71 29 4 11 4 18 4 11 39 4 54 4 20 33 45 4 40 30 31 38 4 33 49 57 4 79 21 16 18 16 76 7 4 44 4 8 4 34 44 42 36 4 36 35 19 4 9 21 4 7 4 10 4 112 6 16 23 16 71 9 4 42 4 42 48 4 19 4 20 4 41 43 4 30 39 40 4 57 41 4 12 4 28 4 43 4 10 39 4 22 4 24 4 17 4 33 50 4 9 4 9 36 22 4 49 16 4 6 4 39 4 69 26 4 11 54 55 4 66 24 4 13 28 29 4 11 24 4 20 4 59 9 9 44 4 42 19 25 4 66 35 4 49 4 75 55 4 5 4 30 4 22 4 21 53 4 48 4 18 4 51 4 92 20 4 7 4 79 40 8 6 4 50 4 88 15 4 14 4 7 4 5 4 70 31 4 15 4 15 4 94 47 4 30 4 54 4 70 35 4 38 4 6 4 44 4 70 19 4 14 4 8 4 7 4 
iteration 796 best: 0.871237 time: 296578
43 21 8 56 22 8 65 49 8 76 23 4 51 4 35 25 4 22 4 6 49 8 104 41 4 9 4 103 37 12 100 11 8 112 23 8 1 5 8 60 32 12 101 6 4 54 4 73 26 4 18 4 12 4 56 4 21 5 4 29 4 11 4 57 53 8 51 23 8 9 48 4 41 4 72 32 16 25 16 9 45 4 54 4 52 4 5 4 86 30 4 21 4 33 4 6 16 8 20 8 5 30 4 23 4 23 4 15 4 104 52 8 48 21 4 49 4 27 4 17 4 22 25 8 29 50 4 53 27 8 64 5 8 51 13 8 86 35 4 6 4 24 4 49 21 4 40 4 70 21 4 12 4 12 4 27 37 4 8 4 98 44 4 15 4 28 4 92 23 4 44 4 15 28 4 18 4 100 14 16 40 16 48 22 39 16 4 32 4 27 46 4 11 4 26 4 23 48 4 49 4 54 34 16 23 16 87 33 13 5 4 42 4 80 48 16 45 16 73 38 4 36 4 16 4 56 15 4 5 4 71 29 4 11 4 18 4 11 39 4 54 4 20 33 45 4 40 30 31 38 4 33 49 57 4 79 21 16 18 16 76 7 4 44 4 8 4 34 44 42 36 4 36 35 19 4 9 21 4 7 4 10 4 112 6 16 23 16 71 9 4 42 4 42 48 4 19 4 20 4 41 43 4 30 39 40 4 57 41 4 12 4 28 4 43 4 10 39 4 22 4 24 4 17 4 33 50 4 9 4 9 36 22 4 49 16 4 6 4 39 4 69 26 4 11 54 55 4 66 24 4 13 28 29 4 11 24 4 20 4 59 9 9 44 4 42 19 25 4 66 35 4 49 4 75 55 4 5 4 30 4 22 4 21 53 4 48 4 18 4 51 4 92 20 4 7 4 79 40 8 6 4 50 4 88 15 4 14 4 7 4 5 4 70 31 4 15 4 15 4 94 47 4 30 4 54 4 70 35 4 38 4 6 4 44 4 70 19 4 14 4 8 4 7 4 
iteration 816 best: 0.871237 time: 303988
43 21 8 56 22 8 65 49 8 76 23 4 51 4 35 25 4 22 4 6 49 8 104 41 4 9 4 103 37 12 100 11 8 112 23 8 1 5 8 60 32 12 101 6 4 54 4 73 26 4 18 4 12 4 56 4 21 5 4 29 4 11 4 57 53 8 51 23 8 9 48 4 41 4 72 32 16 25 16 9 45 4 54 4 52 4 5 4 86 30 4 21 4 33 4 6 16 8 20 8 5 30 4 23 4 23 4 15 4 104 52 8 48 21 4 49 4 27 4 17 4 22 25 8 29 50 4 53 27 8 64 5 8 51 13 8 86 35 4 6 4 24 4 49 21 4 40 4 70 21 4 12 4 12 4 27 37 4 8 4 98 44 4 15 4 28 4 92 23 4 44 4 15 28 4 18 4 100 14 16 40 16 48 22 39 16 4 32 4 27 46 4 11 4 26 4 23 48 4 49 4 54 34 16 23 16 87 33 13 5 4 42 4 80 48 16 45 16 73 38 4 36 4 16 4 56 15 4 5 4 71 29 4 11 4 18 4 11 39 4 54 4 20 33 45 4 40 30 31 38 4 33 49 57 4 79 21 16 18 16 76 7 4 44 4 8 4 34 44 42 36 4 36 35 19 4 9 21 4 7 4 10 4 112 6 16 23 16 71 9 4 42 4 42 48 4 19 4 20 4 41 43 4 30 39 40 4 57 41 4 12 4 28 4 43 4 10 39 4 22 4 24 4 17 4 33 50 4 9 4 9 36 22 4 49 16 4 6 4 39 4 69 26 4 11 54 55 4 66 24 4 13 28 29 4 11 24 4 20 4 59 9 9 44 4 42 19 25 4 66 35 4 49 4 75 55 4 5 4 30 4 22 4 21 53 4 48 4 18 4 51 4 92 20 4 7 4 79 40 8 6 4 50 4 88 15 4 14 4 7 4 5 4 70 31 4 15 4 15 4 94 47 4 30 4 54 4 70 35 4 38 4 6 4 44 4 70 19 4 14 4 8 4 7 4 
iteration 836 best: 0.871237 time: 311407
43 21 8 56 22 8 65 49 8 76 23 4 51 4 35 25 4 22 4 6 49 8 104 41 4 9 4 103 37 12 100 11 8 112 23 8 1 5 8 60 32 12 101 6 4 54 4 73 26 4 18 4 12 4 56 4 21 5 4 29 4 11 4 57 53 8 51 23 8 9 48 4 41 4 72 32 16 25 16 9 45 4 54 4 52 4 5 4 86 30 4 21 4 33 4 6 16 8 20 8 5 30 4 23 4 23 4 15 4 104 52 8 48 21 4 49 4 27 4 17 4 22 25 8 29 50 4 53 27 8 64 5 8 51 13 8 86 35 4 6 4 24 4 49 21 4 40 4 70 21 4 12 4 12 4 27 37 4 8 4 98 44 4 15 4 28 4 92 23 4 44 4 15 28 4 18 4 100 14 16 40 16 48 22 39 16 4 32 4 27 46 4 11 4 26 4 23 48 4 49 4 54 34 16 23 16 87 33 13 5 4 42 4 80 48 16 45 16 73 38 4 36 4 16 4 56 15 4 5 4 71 29 4 11 4 18 4 11 39 4 54 4 20 33 45 4 40 30 31 38 4 33 49 57 4 79 21 16 18 16 76 7 4 44 4 8 4 34 44 42 36 4 36 35 19 4 9 21 4 7 4 10 4 112 6 16 23 16 71 9 4 42 4 42 48 4 19 4 20 4 41 43 4 30 39 40 4 57 41 4 12 4 28 4 43 4 10 39 4 22 4 24 4 17 4 33 50 4 9 4 9 36 22 4 49 16 4 6 4 39 4 69 26 4 11 54 55 4 66 24 4 13 28 29 4 11 24 4 20 4 59 9 9 44 4 42 19 25 4 66 35 4 49 4 75 55 4 5 4 30 4 22 4 21 53 4 48 4 18 4 51 4 92 20 4 7 4 79 40 8 6 4 50 4 88 15 4 14 4 7 4 5 4 70 31 4 15 4 15 4 94 47 4 30 4 54 4 70 35 4 38 4 6 4 44 4 70 19 4 14 4 8 4 7 4 
iteration 856 best: 0.871237 time: 318828
43 21 8 56 22 8 65 49 8 76 23 4 51 4 35 25 4 22 4 6 49 8 104 41 4 9 4 103 37 12 100 11 8 112 23 8 1 5 8 60 32 12 101 6 4 54 4 73 26 4 18 4 12 4 56 4 21 5 4 29 4 11 4 57 53 8 51 23 8 9 48 4 41 4 72 32 16 25 16 9 45 4 54 4 52 4 5 4 86 30 4 21 4 33 4 6 16 8 20 8 5 30 4 23 4 23 4 15 4 104 52 8 48 21 4 49 4 27 4 17 4 22 25 8 29 50 4 53 27 8 64 5 8 51 13 8 86 35 4 6 4 24 4 49 21 4 40 4 70 21 4 12 4 12 4 27 37 4 8 4 98 44 4 15 4 28 4 92 23 4 44 4 15 28 4 18 4 100 14 16 40 16 48 22 39 16 4 32 4 27 46 4 11 4 26 4 23 48 4 49 4 54 34 16 23 16 87 33 13 5 4 42 4 80 48 16 45 16 73 38 4 36 4 16 4 56 15 4 5 4 71 29 4 11 4 18 4 11 39 4 54 4 20 33 45 4 40 30 31 38 4 33 49 57 4 79 21 16 18 16 76 7 4 44 4 8 4 34 44 42 36 4 36 35 19 4 9 21 4 7 4 10 4 112 6 16 23 16 71 9 4 42 4 42 48 4 19 4 20 4 41 43 4 30 39 40 4 57 41 4 12 4 28 4 43 4 10 39 4 22 4 24 4 17 4 33 50 4 9 4 9 36 22 4 49 16 4 6 4 39 4 69 26 4 11 54 55 4 66 24 4 13 28 29 4 11 24 4 20 4 59 9 9 44 4 42 19 25 4 66 35 4 49 4 75 55 4 5 4 30 4 22 4 21 53 4 48 4 18 4 51 4 92 20 4 7 4 79 40 8 6 4 50 4 88 15 4 14 4 7 4 5 4 70 31 4 15 4 15 4 94 47 4 30 4 54 4 70 35 4 38 4 6 4 44 4 70 19 4 14 4 8 4 7 4 
iteration 876 best: 0.871237 time: 326269
43 21 8 56 22 8 65 49 8 76 23 4 51 4 35 25 4 22 4 6 49 8 104 41 4 9 4 103 37 12 100 11 8 112 23 8 1 5 8 60 32 12 101 6 4 54 4 73 26 4 18 4 12 4 56 4 21 5 4 29 4 11 4 57 53 8 51 23 8 9 48 4 41 4 72 32 16 25 16 9 45 4 54 4 52 4 5 4 86 30 4 21 4 33 4 6 16 8 20 8 5 30 4 23 4 23 4 15 4 104 52 8 48 21 4 49 4 27 4 17 4 22 25 8 29 50 4 53 27 8 64 5 8 51 13 8 86 35 4 6 4 24 4 49 21 4 40 4 70 21 4 12 4 12 4 27 37 4 8 4 98 44 4 15 4 28 4 92 23 4 44 4 15 28 4 18 4 100 14 16 40 16 48 22 39 16 4 32 4 27 46 4 11 4 26 4 23 48 4 49 4 54 34 16 23 16 87 33 13 5 4 42 4 80 48 16 45 16 73 38 4 36 4 16 4 56 15 4 5 4 71 29 4 11 4 18 4 11 39 4 54 4 20 33 45 4 40 30 31 38 4 33 49 57 4 79 21 16 18 16 76 7 4 44 4 8 4 34 44 42 36 4 36 35 19 4 9 21 4 7 4 10 4 112 6 16 23 16 71 9 4 42 4 42 48 4 19 4 20 4 41 43 4 30 39 40 4 57 41 4 12 4 28 4 43 4 10 39 4 22 4 24 4 17 4 33 50 4 9 4 9 36 22 4 49 16 4 6 4 39 4 69 26 4 11 54 55 4 66 24 4 13 28 29 4 11 24 4 20 4 59 9 9 44 4 42 19 25 4 66 35 4 49 4 75 55 4 5 4 30 4 22 4 21 53 4 48 4 18 4 51 4 92 20 4 7 4 79 40 8 6 4 50 4 88 15 4 14 4 7 4 5 4 70 31 4 15 4 15 4 94 47 4 30 4 54 4 70 35 4 38 4 6 4 44 4 70 19 4 14 4 8 4 7 4 
iteration 896 best: 0.871237 time: 333647
43 21 8 56 22 8 65 49 8 76 23 4 51 4 35 25 4 22 4 6 49 8 104 41 4 9 4 103 37 12 100 11 8 112 23 8 1 5 8 60 32 12 101 6 4 54 4 73 26 4 18 4 12 4 56 4 21 5 4 29 4 11 4 57 53 8 51 23 8 9 48 4 41 4 72 32 16 25 16 9 45 4 54 4 52 4 5 4 86 30 4 21 4 33 4 6 16 8 20 8 5 30 4 23 4 23 4 15 4 104 52 8 48 21 4 49 4 27 4 17 4 22 25 8 29 50 4 53 27 8 64 5 8 51 13 8 86 35 4 6 4 24 4 49 21 4 40 4 70 21 4 12 4 12 4 27 37 4 8 4 98 44 4 15 4 28 4 92 23 4 44 4 15 28 4 18 4 100 14 16 40 16 48 22 39 16 4 32 4 27 46 4 11 4 26 4 23 48 4 49 4 54 34 16 23 16 87 33 13 5 4 42 4 80 48 16 45 16 73 38 4 36 4 16 4 56 15 4 5 4 71 29 4 11 4 18 4 11 39 4 54 4 20 33 45 4 40 30 31 38 4 33 49 57 4 79 21 16 18 16 76 7 4 44 4 8 4 34 44 42 36 4 36 35 19 4 9 21 4 7 4 10 4 112 6 16 23 16 71 9 4 42 4 42 48 4 19 4 20 4 41 43 4 30 39 40 4 57 41 4 12 4 28 4 43 4 10 39 4 22 4 24 4 17 4 33 50 4 9 4 9 36 22 4 49 16 4 6 4 39 4 69 26 4 11 54 55 4 66 24 4 13 28 29 4 11 24 4 20 4 59 9 9 44 4 42 19 25 4 66 35 4 49 4 75 55 4 5 4 30 4 22 4 21 53 4 48 4 18 4 51 4 92 20 4 7 4 79 40 8 6 4 50 4 88 15 4 14 4 7 4 5 4 70 31 4 15 4 15 4 94 47 4 30 4 54 4 70 35 4 38 4 6 4 44 4 70 19 4 14 4 8 4 7 4 
iteration 916 best: 0.871237 time: 341068
43 21 8 56 22 8 65 49 8 76 23 4 51 4 35 25 4 22 4 6 49 8 104 41 4 9 4 103 37 12 100 11 8 112 23 8 1 5 8 60 32 12 101 6 4 54 4 73 26 4 18 4 12 4 56 4 21 5 4 29 4 11 4 57 53 8 51 23 8 9 48 4 41 4 72 32 16 25 16 9 45 4 54 4 52 4 5 4 86 30 4 21 4 33 4 6 16 8 20 8 5 30 4 23 4 23 4 15 4 104 52 8 48 21 4 49 4 27 4 17 4 22 25 8 29 50 4 53 27 8 64 5 8 51 13 8 86 35 4 6 4 24 4 49 21 4 40 4 70 21 4 12 4 12 4 27 37 4 8 4 98 44 4 15 4 28 4 92 23 4 44 4 15 28 4 18 4 100 14 16 40 16 48 22 39 16 4 32 4 27 46 4 11 4 26 4 23 48 4 49 4 54 34 16 23 16 87 33 13 5 4 42 4 80 48 16 45 16 73 38 4 36 4 16 4 56 15 4 5 4 71 29 4 11 4 18 4 11 39 4 54 4 20 33 45 4 40 30 31 38 4 33 49 57 4 79 21 16 18 16 76 7 4 44 4 8 4 34 44 42 36 4 36 35 19 4 9 21 4 7 4 10 4 112 6 16 23 16 71 9 4 42 4 42 48 4 19 4 20 4 41 43 4 30 39 40 4 57 41 4 12 4 28 4 43 4 10 39 4 22 4 24 4 17 4 33 50 4 9 4 9 36 22 4 49 16 4 6 4 39 4 69 26 4 11 54 55 4 66 24 4 13 28 29 4 11 24 4 20 4 59 9 9 44 4 42 19 25 4 66 35 4 49 4 75 55 4 5 4 30 4 22 4 21 53 4 48 4 18 4 51 4 92 20 4 7 4 79 40 8 6 4 50 4 88 15 4 14 4 7 4 5 4 70 31 4 15 4 15 4 94 47 4 30 4 54 4 70 35 4 38 4 6 4 44 4 70 19 4 14 4 8 4 7 4 
iteration 936 best: 0.871237 time: 348502
43 21 8 56 22 8 65 49 8 76 23 4 51 4 35 25 4 22 4 6 49 8 104 41 4 9 4 103 37 12 100 11 8 112 23 8 1 5 8 60 32 12 101 6 4 54 4 73 26 4 18 4 12 4 56 4 21 5 4 29 4 11 4 57 53 8 51 23 8 9 48 4 41 4 72 32 16 25 16 9 45 4 54 4 52 4 5 4 86 30 4 21 4 33 4 6 16 8 20 8 5 30 4 23 4 23 4 15 4 104 52 8 48 21 4 49 4 27 4 17 4 22 25 8 29 50 4 53 27 8 64 5 8 51 13 8 86 35 4 6 4 24 4 49 21 4 40 4 70 21 4 12 4 12 4 27 37 4 8 4 98 44 4 15 4 28 4 92 23 4 44 4 15 28 4 18 4 100 14 16 40 16 48 22 39 16 4 32 4 27 46 4 11 4 26 4 23 48 4 49 4 54 34 16 23 16 87 33 13 5 4 42 4 80 48 16 45 16 73 38 4 36 4 16 4 56 15 4 5 4 71 29 4 11 4 18 4 11 39 4 54 4 20 33 45 4 40 30 31 38 4 33 49 57 4 79 21 16 18 16 76 7 4 44 4 8 4 34 44 42 36 4 36 35 19 4 9 21 4 7 4 10 4 112 6 16 23 16 71 9 4 42 4 42 48 4 19 4 20 4 41 43 4 30 39 40 4 57 41 4 12 4 28 4 43 4 10 39 4 22 4 24 4 17 4 33 50 4 9 4 9 36 22 4 49 16 4 6 4 39 4 69 26 4 11 54 55 4 66 24 4 13 28 29 4 11 24 4 20 4 59 9 9 44 4 42 19 25 4 66 35 4 49 4 75 55 4 5 4 30 4 22 4 21 53 4 48 4 18 4 51 4 92 20 4 7 4 79 40 8 6 4 50 4 88 15 4 14 4 7 4 5 4 70 31 4 15 4 15 4 94 47 4 30 4 54 4 70 35 4 38 4 6 4 44 4 70 19 4 14 4 8 4 7 4 
iteration 956 best: 0.871237 time: 355932
43 21 8 56 22 8 65 49 8 76 23 4 51 4 35 25 4 22 4 6 49 8 104 41 4 9 4 103 37 12 100 11 8 112 23 8 1 5 8 60 32 12 101 6 4 54 4 73 26 4 18 4 12 4 56 4 21 5 4 29 4 11 4 57 53 8 51 23 8 9 48 4 41 4 72 32 16 25 16 9 45 4 54 4 52 4 5 4 86 30 4 21 4 33 4 6 16 8 20 8 5 30 4 23 4 23 4 15 4 104 52 8 48 21 4 49 4 27 4 17 4 22 25 8 29 50 4 53 27 8 64 5 8 51 13 8 86 35 4 6 4 24 4 49 21 4 40 4 70 21 4 12 4 12 4 27 37 4 8 4 98 44 4 15 4 28 4 92 23 4 44 4 15 28 4 18 4 100 14 16 40 16 48 22 39 16 4 32 4 27 46 4 11 4 26 4 23 48 4 49 4 54 34 16 23 16 87 33 13 5 4 42 4 80 48 16 45 16 73 38 4 36 4 16 4 56 15 4 5 4 71 29 4 11 4 18 4 11 39 4 54 4 20 33 45 4 40 30 31 38 4 33 49 57 4 79 21 16 18 16 76 7 4 44 4 8 4 34 44 42 36 4 36 35 19 4 9 21 4 7 4 10 4 112 6 16 23 16 71 9 4 42 4 42 48 4 19 4 20 4 41 43 4 30 39 40 4 57 41 4 12 4 28 4 43 4 10 39 4 22 4 24 4 17 4 33 50 4 9 4 9 36 22 4 49 16 4 6 4 39 4 69 26 4 11 54 55 4 66 24 4 13 28 29 4 11 24 4 20 4 59 9 9 44 4 42 19 25 4 66 35 4 49 4 75 55 4 5 4 30 4 22 4 21 53 4 48 4 18 4 51 4 92 20 4 7 4 79 40 8 6 4 50 4 88 15 4 14 4 7 4 5 4 70 31 4 15 4 15 4 94 47 4 30 4 54 4 70 35 4 38 4 6 4 44 4 70 19 4 14 4 8 4 7 4 
iteration 976 best: 0.871237 time: 363338
43 21 8 56 22 8 65 49 8 76 23 4 51 4 35 25 4 22 4 6 49 8 104 41 4 9 4 103 37 12 100 11 8 112 23 8 1 5 8 60 32 12 101 6 4 54 4 73 26 4 18 4 12 4 56 4 21 5 4 29 4 11 4 57 53 8 51 23 8 9 48 4 41 4 72 32 16 25 16 9 45 4 54 4 52 4 5 4 86 30 4 21 4 33 4 6 16 8 20 8 5 30 4 23 4 23 4 15 4 104 52 8 48 21 4 49 4 27 4 17 4 22 25 8 29 50 4 53 27 8 64 5 8 51 13 8 86 35 4 6 4 24 4 49 21 4 40 4 70 21 4 12 4 12 4 27 37 4 8 4 98 44 4 15 4 28 4 92 23 4 44 4 15 28 4 18 4 100 14 16 40 16 48 22 39 16 4 32 4 27 46 4 11 4 26 4 23 48 4 49 4 54 34 16 23 16 87 33 13 5 4 42 4 80 48 16 45 16 73 38 4 36 4 16 4 56 15 4 5 4 71 29 4 11 4 18 4 11 39 4 54 4 20 33 45 4 40 30 31 38 4 33 49 57 4 79 21 16 18 16 76 7 4 44 4 8 4 34 44 42 36 4 36 35 19 4 9 21 4 7 4 10 4 112 6 16 23 16 71 9 4 42 4 42 48 4 19 4 20 4 41 43 4 30 39 40 4 57 41 4 12 4 28 4 43 4 10 39 4 22 4 24 4 17 4 33 50 4 9 4 9 36 22 4 49 16 4 6 4 39 4 69 26 4 11 54 55 4 66 24 4 13 28 29 4 11 24 4 20 4 59 9 9 44 4 42 19 25 4 66 35 4 49 4 75 55 4 5 4 30 4 22 4 21 53 4 48 4 18 4 51 4 92 20 4 7 4 79 40 8 6 4 50 4 88 15 4 14 4 7 4 5 4 70 31 4 15 4 15 4 94 47 4 30 4 54 4 70 35 4 38 4 6 4 44 4 70 19 4 14 4 8 4 7 4 
iteration 996 best: 0.871237 time: 370798
43 21 8 56 22 8 65 49 8 76 23 4 51 4 35 25 4 22 4 6 49 8 104 41 4 9 4 103 37 12 100 11 8 112 23 8 1 5 8 60 32 12 101 6 4 54 4 73 26 4 18 4 12 4 56 4 21 5 4 29 4 11 4 57 53 8 51 23 8 9 48 4 41 4 72 32 16 25 16 9 45 4 54 4 52 4 5 4 86 30 4 21 4 33 4 6 16 8 20 8 5 30 4 23 4 23 4 15 4 104 52 8 48 21 4 49 4 27 4 17 4 22 25 8 29 50 4 53 27 8 64 5 8 51 13 8 86 35 4 6 4 24 4 49 21 4 40 4 70 21 4 12 4 12 4 27 37 4 8 4 98 44 4 15 4 28 4 92 23 4 44 4 15 28 4 18 4 100 14 16 40 16 48 22 39 16 4 32 4 27 46 4 11 4 26 4 23 48 4 49 4 54 34 16 23 16 87 33 13 5 4 42 4 80 48 16 45 16 73 38 4 36 4 16 4 56 15 4 5 4 71 29 4 11 4 18 4 11 39 4 54 4 20 33 45 4 40 30 31 38 4 33 49 57 4 79 21 16 18 16 76 7 4 44 4 8 4 34 44 42 36 4 36 35 19 4 9 21 4 7 4 10 4 112 6 16 23 16 71 9 4 42 4 42 48 4 19 4 20 4 41 43 4 30 39 40 4 57 41 4 12 4 28 4 43 4 10 39 4 22 4 24 4 17 4 33 50 4 9 4 9 36 22 4 49 16 4 6 4 39 4 69 26 4 11 54 55 4 66 24 4 13 28 29 4 11 24 4 20 4 59 9 9 44 4 42 19 25 4 66 35 4 49 4 75 55 4 5 4 30 4 22 4 21 53 4 48 4 18 4 51 4 92 20 4 7 4 79 40 8 6 4 50 4 88 15 4 14 4 7 4 5 4 70 31 4 15 4 15 4 94 47 4 30 4 54 4 70 35 4 38 4 6 4 44 4 70 19 4 14 4 8 4 7 4 
iteration 1016 best: 0.871237 time: 378211
43 21 8 56 22 8 65 49 8 76 23 4 51 4 35 25 4 22 4 6 49 8 104 41 4 9 4 103 37 12 100 11 8 112 23 8 1 5 8 60 32 12 101 6 4 54 4 73 26 4 18 4 12 4 56 4 21 5 4 29 4 11 4 57 53 8 51 23 8 9 48 4 41 4 72 32 16 25 16 9 45 4 54 4 52 4 5 4 86 30 4 21 4 33 4 6 16 8 20 8 5 30 4 23 4 23 4 15 4 104 52 8 48 21 4 49 4 27 4 17 4 22 25 8 29 50 4 53 27 8 64 5 8 51 13 8 86 35 4 6 4 24 4 49 21 4 40 4 70 21 4 12 4 12 4 27 37 4 8 4 98 44 4 15 4 28 4 92 23 4 44 4 15 28 4 18 4 100 14 16 40 16 48 22 39 16 4 32 4 27 46 4 11 4 26 4 23 48 4 49 4 54 34 16 23 16 87 33 13 5 4 42 4 80 48 16 45 16 73 38 4 36 4 16 4 56 15 4 5 4 71 29 4 11 4 18 4 11 39 4 54 4 20 33 45 4 40 30 31 38 4 33 49 57 4 79 21 16 18 16 76 7 4 44 4 8 4 34 44 42 36 4 36 35 19 4 9 21 4 7 4 10 4 112 6 16 23 16 71 9 4 42 4 42 48 4 19 4 20 4 41 43 4 30 39 40 4 57 41 4 12 4 28 4 43 4 10 39 4 22 4 24 4 17 4 33 50 4 9 4 9 36 22 4 49 16 4 6 4 39 4 69 26 4 11 54 55 4 66 24 4 13 28 29 4 11 24 4 20 4 59 9 9 44 4 42 19 25 4 66 35 4 49 4 75 55 4 5 4 30 4 22 4 21 53 4 48 4 18 4 51 4 92 20 4 7 4 79 40 8 6 4 50 4 88 15 4 14 4 7 4 5 4 70 31 4 15 4 15 4 94 47 4 30 4 54 4 70 35 4 38 4 6 4 44 4 70 19 4 14 4 8 4 7 4 
iteration 1036 best: 0.871237 time: 385660
43 21 8 56 22 8 65 49 8 76 23 4 51 4 35 25 4 22 4 6 49 8 104 41 4 9 4 103 37 12 100 11 8 112 23 8 1 5 8 60 32 12 101 6 4 54 4 73 26 4 18 4 12 4 56 4 21 5 4 29 4 11 4 57 53 8 51 23 8 9 48 4 41 4 72 32 16 25 16 9 45 4 54 4 52 4 5 4 86 30 4 21 4 33 4 6 16 8 20 8 5 30 4 23 4 23 4 15 4 104 52 8 48 21 4 49 4 27 4 17 4 22 25 8 29 50 4 53 27 8 64 5 8 51 13 8 86 35 4 6 4 24 4 49 21 4 40 4 70 21 4 12 4 12 4 27 37 4 8 4 98 44 4 15 4 28 4 92 23 4 44 4 15 28 4 18 4 100 14 16 40 16 48 22 39 16 4 32 4 27 46 4 11 4 26 4 23 48 4 49 4 54 34 16 23 16 87 33 13 5 4 42 4 80 48 16 45 16 73 38 4 36 4 16 4 56 15 4 5 4 71 29 4 11 4 18 4 11 39 4 54 4 20 33 45 4 40 30 31 38 4 33 49 57 4 79 21 16 18 16 76 7 4 44 4 8 4 34 44 42 36 4 36 35 19 4 9 21 4 7 4 10 4 112 6 16 23 16 71 9 4 42 4 42 48 4 19 4 20 4 41 43 4 30 39 40 4 57 41 4 12 4 28 4 43 4 10 39 4 22 4 24 4 17 4 33 50 4 9 4 9 36 22 4 49 16 4 6 4 39 4 69 26 4 11 54 55 4 66 24 4 13 28 29 4 11 24 4 20 4 59 9 9 44 4 42 19 25 4 66 35 4 49 4 75 55 4 5 4 30 4 22 4 21 53 4 48 4 18 4 51 4 92 20 4 7 4 79 40 8 6 4 50 4 88 15 4 14 4 7 4 5 4 70 31 4 15 4 15 4 94 47 4 30 4 54 4 70 35 4 38 4 6 4 44 4 70 19 4 14 4 8 4 7 4 
iteration 1056 best: 0.871237 time: 393045
43 21 8 56 22 8 65 49 8 76 23 4 51 4 35 25 4 22 4 6 49 8 104 41 4 9 4 103 37 12 100 11 8 112 23 8 1 5 8 60 32 12 101 6 4 54 4 73 26 4 18 4 12 4 56 4 21 5 4 29 4 11 4 57 53 8 51 23 8 9 48 4 41 4 72 32 16 25 16 9 45 4 54 4 52 4 5 4 86 30 4 21 4 33 4 6 16 8 20 8 5 30 4 23 4 23 4 15 4 104 52 8 48 21 4 49 4 27 4 17 4 22 25 8 29 50 4 53 27 8 64 5 8 51 13 8 86 35 4 6 4 24 4 49 21 4 40 4 70 21 4 12 4 12 4 27 37 4 8 4 98 44 4 15 4 28 4 92 23 4 44 4 15 28 4 18 4 100 14 16 40 16 48 22 39 16 4 32 4 27 46 4 11 4 26 4 23 48 4 49 4 54 34 16 23 16 87 33 13 5 4 42 4 80 48 16 45 16 73 38 4 36 4 16 4 56 15 4 5 4 71 29 4 11 4 18 4 11 39 4 54 4 20 33 45 4 40 30 31 38 4 33 49 57 4 79 21 16 18 16 76 7 4 44 4 8 4 34 44 42 36 4 36 35 19 4 9 21 4 7 4 10 4 112 6 16 23 16 71 9 4 42 4 42 48 4 19 4 20 4 41 43 4 30 39 40 4 57 41 4 12 4 28 4 43 4 10 39 4 22 4 24 4 17 4 33 50 4 9 4 9 36 22 4 49 16 4 6 4 39 4 69 26 4 11 54 55 4 66 24 4 13 28 29 4 11 24 4 20 4 59 9 9 44 4 42 19 25 4 66 35 4 49 4 75 55 4 5 4 30 4 22 4 21 53 4 48 4 18 4 51 4 92 20 4 7 4 79 40 8 6 4 50 4 88 15 4 14 4 7 4 5 4 70 31 4 15 4 15 4 94 47 4 30 4 54 4 70 35 4 38 4 6 4 44 4 70 19 4 14 4 8 4 7 4 
iteration 1076 best: 0.871237 time: 400437
43 21 8 56 22 8 65 49 8 76 23 4 51 4 35 25 4 22 4 6 49 8 104 41 4 9 4 103 37 12 100 11 8 112 23 8 1 5 8 60 32 12 101 6 4 54 4 73 26 4 18 4 12 4 56 4 21 5 4 29 4 11 4 57 53 8 51 23 8 9 48 4 41 4 72 32 16 25 16 9 45 4 54 4 52 4 5 4 86 30 4 21 4 33 4 6 16 8 20 8 5 30 4 23 4 23 4 15 4 104 52 8 48 21 4 49 4 27 4 17 4 22 25 8 29 50 4 53 27 8 64 5 8 51 13 8 86 35 4 6 4 24 4 49 21 4 40 4 70 21 4 12 4 12 4 27 37 4 8 4 98 44 4 15 4 28 4 92 23 4 44 4 15 28 4 18 4 100 14 16 40 16 48 22 39 16 4 32 4 27 46 4 11 4 26 4 23 48 4 49 4 54 34 16 23 16 87 33 13 5 4 42 4 80 48 16 45 16 73 38 4 36 4 16 4 56 15 4 5 4 71 29 4 11 4 18 4 11 39 4 54 4 20 33 45 4 40 30 31 38 4 33 49 57 4 79 21 16 18 16 76 7 4 44 4 8 4 34 44 42 36 4 36 35 19 4 9 21 4 7 4 10 4 112 6 16 23 16 71 9 4 42 4 42 48 4 19 4 20 4 41 43 4 30 39 40 4 57 41 4 12 4 28 4 43 4 10 39 4 22 4 24 4 17 4 33 50 4 9 4 9 36 22 4 49 16 4 6 4 39 4 69 26 4 11 54 55 4 66 24 4 13 28 29 4 11 24 4 20 4 59 9 9 44 4 42 19 25 4 66 35 4 49 4 75 55 4 5 4 30 4 22 4 21 53 4 48 4 18 4 51 4 92 20 4 7 4 79 40 8 6 4 50 4 88 15 4 14 4 7 4 5 4 70 31 4 15 4 15 4 94 47 4 30 4 54 4 70 35 4 38 4 6 4 44 4 70 19 4 14 4 8 4 7 4 
iteration 1096 best: 0.871237 time: 407881
43 21 8 56 22 8 65 49 8 76 23 4 51 4 35 25 4 22 4 6 49 8 104 41 4 9 4 103 37 12 100 11 8 112 23 8 1 5 8 60 32 12 101 6 4 54 4 73 26 4 18 4 12 4 56 4 21 5 4 29 4 11 4 57 53 8 51 23 8 9 48 4 41 4 72 32 16 25 16 9 45 4 54 4 52 4 5 4 86 30 4 21 4 33 4 6 16 8 20 8 5 30 4 23 4 23 4 15 4 104 52 8 48 21 4 49 4 27 4 17 4 22 25 8 29 50 4 53 27 8 64 5 8 51 13 8 86 35 4 6 4 24 4 49 21 4 40 4 70 21 4 12 4 12 4 27 37 4 8 4 98 44 4 15 4 28 4 92 23 4 44 4 15 28 4 18 4 100 14 16 40 16 48 22 39 16 4 32 4 27 46 4 11 4 26 4 23 48 4 49 4 54 34 16 23 16 87 33 13 5 4 42 4 80 48 16 45 16 73 38 4 36 4 16 4 56 15 4 5 4 71 29 4 11 4 18 4 11 39 4 54 4 20 33 45 4 40 30 31 38 4 33 49 57 4 79 21 16 18 16 76 7 4 44 4 8 4 34 44 42 36 4 36 35 19 4 9 21 4 7 4 10 4 112 6 16 23 16 71 9 4 42 4 42 48 4 19 4 20 4 41 43 4 30 39 40 4 57 41 4 12 4 28 4 43 4 10 39 4 22 4 24 4 17 4 33 50 4 9 4 9 36 22 4 49 16 4 6 4 39 4 69 26 4 11 54 55 4 66 24 4 13 28 29 4 11 24 4 20 4 59 9 9 44 4 42 19 25 4 66 35 4 49 4 75 55 4 5 4 30 4 22 4 21 53 4 48 4 18 4 51 4 92 20 4 7 4 79 40 8 6 4 50 4 88 15 4 14 4 7 4 5 4 70 31 4 15 4 15 4 94 47 4 30 4 54 4 70 35 4 38 4 6 4 44 4 70 19 4 14 4 8 4 7 4 
iteration 1116 best: 0.871237 time: 415254
43 21 8 56 22 8 65 49 8 76 23 4 51 4 35 25 4 22 4 6 49 8 104 41 4 9 4 103 37 12 100 11 8 112 23 8 1 5 8 60 32 12 101 6 4 54 4 73 26 4 18 4 12 4 56 4 21 5 4 29 4 11 4 57 53 8 51 23 8 9 48 4 41 4 72 32 16 25 16 9 45 4 54 4 52 4 5 4 86 30 4 21 4 33 4 6 16 8 20 8 5 30 4 23 4 23 4 15 4 104 52 8 48 21 4 49 4 27 4 17 4 22 25 8 29 50 4 53 27 8 64 5 8 51 13 8 86 35 4 6 4 24 4 49 21 4 40 4 70 21 4 12 4 12 4 27 37 4 8 4 98 44 4 15 4 28 4 92 23 4 44 4 15 28 4 18 4 100 14 16 40 16 48 22 39 16 4 32 4 27 46 4 11 4 26 4 23 48 4 49 4 54 34 16 23 16 87 33 13 5 4 42 4 80 48 16 45 16 73 38 4 36 4 16 4 56 15 4 5 4 71 29 4 11 4 18 4 11 39 4 54 4 20 33 45 4 40 30 31 38 4 33 49 57 4 79 21 16 18 16 76 7 4 44 4 8 4 34 44 42 36 4 36 35 19 4 9 21 4 7 4 10 4 112 6 16 23 16 71 9 4 42 4 42 48 4 19 4 20 4 41 43 4 30 39 40 4 57 41 4 12 4 28 4 43 4 10 39 4 22 4 24 4 17 4 33 50 4 9 4 9 36 22 4 49 16 4 6 4 39 4 69 26 4 11 54 55 4 66 24 4 13 28 29 4 11 24 4 20 4 59 9 9 44 4 42 19 25 4 66 35 4 49 4 75 55 4 5 4 30 4 22 4 21 53 4 48 4 18 4 51 4 92 20 4 7 4 79 40 8 6 4 50 4 88 15 4 14 4 7 4 5 4 70 31 4 15 4 15 4 94 47 4 30 4 54 4 70 35 4 38 4 6 4 44 4 70 19 4 14 4 8 4 7 4 
iteration 1136 best: 0.871237 time: 422663
43 21 8 56 22 8 65 49 8 76 23 4 51 4 35 25 4 22 4 6 49 8 104 41 4 9 4 103 37 12 100 11 8 112 23 8 1 5 8 60 32 12 101 6 4 54 4 73 26 4 18 4 12 4 56 4 21 5 4 29 4 11 4 57 53 8 51 23 8 9 48 4 41 4 72 32 16 25 16 9 45 4 54 4 52 4 5 4 86 30 4 21 4 33 4 6 16 8 20 8 5 30 4 23 4 23 4 15 4 104 52 8 48 21 4 49 4 27 4 17 4 22 25 8 29 50 4 53 27 8 64 5 8 51 13 8 86 35 4 6 4 24 4 49 21 4 40 4 70 21 4 12 4 12 4 27 37 4 8 4 98 44 4 15 4 28 4 92 23 4 44 4 15 28 4 18 4 100 14 16 40 16 48 22 39 16 4 32 4 27 46 4 11 4 26 4 23 48 4 49 4 54 34 16 23 16 87 33 13 5 4 42 4 80 48 16 45 16 73 38 4 36 4 16 4 56 15 4 5 4 71 29 4 11 4 18 4 11 39 4 54 4 20 33 45 4 40 30 31 38 4 33 49 57 4 79 21 16 18 16 76 7 4 44 4 8 4 34 44 42 36 4 36 35 19 4 9 21 4 7 4 10 4 112 6 16 23 16 71 9 4 42 4 42 48 4 19 4 20 4 41 43 4 30 39 40 4 57 41 4 12 4 28 4 43 4 10 39 4 22 4 24 4 17 4 33 50 4 9 4 9 36 22 4 49 16 4 6 4 39 4 69 26 4 11 54 55 4 66 24 4 13 28 29 4 11 24 4 20 4 59 9 9 44 4 42 19 25 4 66 35 4 49 4 75 55 4 5 4 30 4 22 4 21 53 4 48 4 18 4 51 4 92 20 4 7 4 79 40 8 6 4 50 4 88 15 4 14 4 7 4 5 4 70 31 4 15 4 15 4 94 47 4 30 4 54 4 70 35 4 38 4 6 4 44 4 70 19 4 14 4 8 4 7 4 
iteration 1156 best: 0.871237 time: 430065
43 21 8 56 22 8 65 49 8 76 23 4 51 4 35 25 4 22 4 6 49 8 104 41 4 9 4 103 37 12 100 11 8 112 23 8 1 5 8 60 32 12 101 6 4 54 4 73 26 4 18 4 12 4 56 4 21 5 4 29 4 11 4 57 53 8 51 23 8 9 48 4 41 4 72 32 16 25 16 9 45 4 54 4 52 4 5 4 86 30 4 21 4 33 4 6 16 8 20 8 5 30 4 23 4 23 4 15 4 104 52 8 48 21 4 49 4 27 4 17 4 22 25 8 29 50 4 53 27 8 64 5 8 51 13 8 86 35 4 6 4 24 4 49 21 4 40 4 70 21 4 12 4 12 4 27 37 4 8 4 98 44 4 15 4 28 4 92 23 4 44 4 15 28 4 18 4 100 14 16 40 16 48 22 39 16 4 32 4 27 46 4 11 4 26 4 23 48 4 49 4 54 34 16 23 16 87 33 13 5 4 42 4 80 48 16 45 16 73 38 4 36 4 16 4 56 15 4 5 4 71 29 4 11 4 18 4 11 39 4 54 4 20 33 45 4 40 30 31 38 4 33 49 57 4 79 21 16 18 16 76 7 4 44 4 8 4 34 44 42 36 4 36 35 19 4 9 21 4 7 4 10 4 112 6 16 23 16 71 9 4 42 4 42 48 4 19 4 20 4 41 43 4 30 39 40 4 57 41 4 12 4 28 4 43 4 10 39 4 22 4 24 4 17 4 33 50 4 9 4 9 36 22 4 49 16 4 6 4 39 4 69 26 4 11 54 55 4 66 24 4 13 28 29 4 11 24 4 20 4 59 9 9 44 4 42 19 25 4 66 35 4 49 4 75 55 4 5 4 30 4 22 4 21 53 4 48 4 18 4 51 4 92 20 4 7 4 79 40 8 6 4 50 4 88 15 4 14 4 7 4 5 4 70 31 4 15 4 15 4 94 47 4 30 4 54 4 70 35 4 38 4 6 4 44 4 70 19 4 14 4 8 4 7 4 
iteration 1176 best: 0.871237 time: 437458
43 21 8 56 22 8 65 49 8 76 23 4 51 4 35 25 4 22 4 6 49 8 104 41 4 9 4 103 37 12 100 11 8 112 23 8 1 5 8 60 32 12 101 6 4 54 4 73 26 4 18 4 12 4 56 4 21 5 4 29 4 11 4 57 53 8 51 23 8 9 48 4 41 4 72 32 16 25 16 9 45 4 54 4 52 4 5 4 86 30 4 21 4 33 4 6 16 8 20 8 5 30 4 23 4 23 4 15 4 104 52 8 48 21 4 49 4 27 4 17 4 22 25 8 29 50 4 53 27 8 64 5 8 51 13 8 86 35 4 6 4 24 4 49 21 4 40 4 70 21 4 12 4 12 4 27 37 4 8 4 98 44 4 15 4 28 4 92 23 4 44 4 15 28 4 18 4 100 14 16 40 16 48 22 39 16 4 32 4 27 46 4 11 4 26 4 23 48 4 49 4 54 34 16 23 16 87 33 13 5 4 42 4 80 48 16 45 16 73 38 4 36 4 16 4 56 15 4 5 4 71 29 4 11 4 18 4 11 39 4 54 4 20 33 45 4 40 30 31 38 4 33 49 57 4 79 21 16 18 16 76 7 4 44 4 8 4 34 44 42 36 4 36 35 19 4 9 21 4 7 4 10 4 112 6 16 23 16 71 9 4 42 4 42 48 4 19 4 20 4 41 43 4 30 39 40 4 57 41 4 12 4 28 4 43 4 10 39 4 22 4 24 4 17 4 33 50 4 9 4 9 36 22 4 49 16 4 6 4 39 4 69 26 4 11 54 55 4 66 24 4 13 28 29 4 11 24 4 20 4 59 9 9 44 4 42 19 25 4 66 35 4 49 4 75 55 4 5 4 30 4 22 4 21 53 4 48 4 18 4 51 4 92 20 4 7 4 79 40 8 6 4 50 4 88 15 4 14 4 7 4 5 4 70 31 4 15 4 15 4 94 47 4 30 4 54 4 70 35 4 38 4 6 4 44 4 70 19 4 14 4 8 4 7 4 
iteration 1196 best: 0.871237 time: 444864
43 21 8 56 22 8 65 49 8 76 23 4 51 4 35 25 4 22 4 6 49 8 104 41 4 9 4 103 37 12 100 11 8 112 23 8 1 5 8 60 32 12 101 6 4 54 4 73 26 4 18 4 12 4 56 4 21 5 4 29 4 11 4 57 53 8 51 23 8 9 48 4 41 4 72 32 16 25 16 9 45 4 54 4 52 4 5 4 86 30 4 21 4 33 4 6 16 8 20 8 5 30 4 23 4 23 4 15 4 104 52 8 48 21 4 49 4 27 4 17 4 22 25 8 29 50 4 53 27 8 64 5 8 51 13 8 86 35 4 6 4 24 4 49 21 4 40 4 70 21 4 12 4 12 4 27 37 4 8 4 98 44 4 15 4 28 4 92 23 4 44 4 15 28 4 18 4 100 14 16 40 16 48 22 39 16 4 32 4 27 46 4 11 4 26 4 23 48 4 49 4 54 34 16 23 16 87 33 13 5 4 42 4 80 48 16 45 16 73 38 4 36 4 16 4 56 15 4 5 4 71 29 4 11 4 18 4 11 39 4 54 4 20 33 45 4 40 30 31 38 4 33 49 57 4 79 21 16 18 16 76 7 4 44 4 8 4 34 44 42 36 4 36 35 19 4 9 21 4 7 4 10 4 112 6 16 23 16 71 9 4 42 4 42 48 4 19 4 20 4 41 43 4 30 39 40 4 57 41 4 12 4 28 4 43 4 10 39 4 22 4 24 4 17 4 33 50 4 9 4 9 36 22 4 49 16 4 6 4 39 4 69 26 4 11 54 55 4 66 24 4 13 28 29 4 11 24 4 20 4 59 9 9 44 4 42 19 25 4 66 35 4 49 4 75 55 4 5 4 30 4 22 4 21 53 4 48 4 18 4 51 4 92 20 4 7 4 79 40 8 6 4 50 4 88 15 4 14 4 7 4 5 4 70 31 4 15 4 15 4 94 47 4 30 4 54 4 70 35 4 38 4 6 4 44 4 70 19 4 14 4 8 4 7 4 
iteration 1216 best: 0.871237 time: 452271
43 21 8 56 22 8 65 49 8 76 23 4 51 4 35 25 4 22 4 6 49 8 104 41 4 9 4 103 37 12 100 11 8 112 23 8 1 5 8 60 32 12 101 6 4 54 4 73 26 4 18 4 12 4 56 4 21 5 4 29 4 11 4 57 53 8 51 23 8 9 48 4 41 4 72 32 16 25 16 9 45 4 54 4 52 4 5 4 86 30 4 21 4 33 4 6 16 8 20 8 5 30 4 23 4 23 4 15 4 104 52 8 48 21 4 49 4 27 4 17 4 22 25 8 29 50 4 53 27 8 64 5 8 51 13 8 86 35 4 6 4 24 4 49 21 4 40 4 70 21 4 12 4 12 4 27 37 4 8 4 98 44 4 15 4 28 4 92 23 4 44 4 15 28 4 18 4 100 14 16 40 16 48 22 39 16 4 32 4 27 46 4 11 4 26 4 23 48 4 49 4 54 34 16 23 16 87 33 13 5 4 42 4 80 48 16 45 16 73 38 4 36 4 16 4 56 15 4 5 4 71 29 4 11 4 18 4 11 39 4 54 4 20 33 45 4 40 30 31 38 4 33 49 57 4 79 21 16 18 16 76 7 4 44 4 8 4 34 44 42 36 4 36 35 19 4 9 21 4 7 4 10 4 112 6 16 23 16 71 9 4 42 4 42 48 4 19 4 20 4 41 43 4 30 39 40 4 57 41 4 12 4 28 4 43 4 10 39 4 22 4 24 4 17 4 33 50 4 9 4 9 36 22 4 49 16 4 6 4 39 4 69 26 4 11 54 55 4 66 24 4 13 28 29 4 11 24 4 20 4 59 9 9 44 4 42 19 25 4 66 35 4 49 4 75 55 4 5 4 30 4 22 4 21 53 4 48 4 18 4 51 4 92 20 4 7 4 79 40 8 6 4 50 4 88 15 4 14 4 7 4 5 4 70 31 4 15 4 15 4 94 47 4 30 4 54 4 70 35 4 38 4 6 4 44 4 70 19 4 14 4 8 4 7 4 
iteration 1236 best: 0.871237 time: 459678
43 21 8 56 22 8 65 49 8 76 23 4 51 4 35 25 4 22 4 6 49 8 104 41 4 9 4 103 37 12 100 11 8 112 23 8 1 5 8 60 32 12 101 6 4 54 4 73 26 4 18 4 12 4 56 4 21 5 4 29 4 11 4 57 53 8 51 23 8 9 48 4 41 4 72 32 16 25 16 9 45 4 54 4 52 4 5 4 86 30 4 21 4 33 4 6 16 8 20 8 5 30 4 23 4 23 4 15 4 104 52 8 48 21 4 49 4 27 4 17 4 22 25 8 29 50 4 53 27 8 64 5 8 51 13 8 86 35 4 6 4 24 4 49 21 4 40 4 70 21 4 12 4 12 4 27 37 4 8 4 98 44 4 15 4 28 4 92 23 4 44 4 15 28 4 18 4 100 14 16 40 16 48 22 39 16 4 32 4 27 46 4 11 4 26 4 23 48 4 49 4 54 34 16 23 16 87 33 13 5 4 42 4 80 48 16 45 16 73 38 4 36 4 16 4 56 15 4 5 4 71 29 4 11 4 18 4 11 39 4 54 4 20 33 45 4 40 30 31 38 4 33 49 57 4 79 21 16 18 16 76 7 4 44 4 8 4 34 44 42 36 4 36 35 19 4 9 21 4 7 4 10 4 112 6 16 23 16 71 9 4 42 4 42 48 4 19 4 20 4 41 43 4 30 39 40 4 57 41 4 12 4 28 4 43 4 10 39 4 22 4 24 4 17 4 33 50 4 9 4 9 36 22 4 49 16 4 6 4 39 4 69 26 4 11 54 55 4 66 24 4 13 28 29 4 11 24 4 20 4 59 9 9 44 4 42 19 25 4 66 35 4 49 4 75 55 4 5 4 30 4 22 4 21 53 4 48 4 18 4 51 4 92 20 4 7 4 79 40 8 6 4 50 4 88 15 4 14 4 7 4 5 4 70 31 4 15 4 15 4 94 47 4 30 4 54 4 70 35 4 38 4 6 4 44 4 70 19 4 14 4 8 4 7 4 
iteration 1256 best: 0.871237 time: 467079
43 21 8 56 22 8 65 49 8 76 23 4 51 4 35 25 4 22 4 6 49 8 104 41 4 9 4 103 37 12 100 11 8 112 23 8 1 5 8 60 32 12 101 6 4 54 4 73 26 4 18 4 12 4 56 4 21 5 4 29 4 11 4 57 53 8 51 23 8 9 48 4 41 4 72 32 16 25 16 9 45 4 54 4 52 4 5 4 86 30 4 21 4 33 4 6 16 8 20 8 5 30 4 23 4 23 4 15 4 104 52 8 48 21 4 49 4 27 4 17 4 22 25 8 29 50 4 53 27 8 64 5 8 51 13 8 86 35 4 6 4 24 4 49 21 4 40 4 70 21 4 12 4 12 4 27 37 4 8 4 98 44 4 15 4 28 4 92 23 4 44 4 15 28 4 18 4 100 14 16 40 16 48 22 39 16 4 32 4 27 46 4 11 4 26 4 23 48 4 49 4 54 34 16 23 16 87 33 13 5 4 42 4 80 48 16 45 16 73 38 4 36 4 16 4 56 15 4 5 4 71 29 4 11 4 18 4 11 39 4 54 4 20 33 45 4 40 30 31 38 4 33 49 57 4 79 21 16 18 16 76 7 4 44 4 8 4 34 44 42 36 4 36 35 19 4 9 21 4 7 4 10 4 112 6 16 23 16 71 9 4 42 4 42 48 4 19 4 20 4 41 43 4 30 39 40 4 57 41 4 12 4 28 4 43 4 10 39 4 22 4 24 4 17 4 33 50 4 9 4 9 36 22 4 49 16 4 6 4 39 4 69 26 4 11 54 55 4 66 24 4 13 28 29 4 11 24 4 20 4 59 9 9 44 4 42 19 25 4 66 35 4 49 4 75 55 4 5 4 30 4 22 4 21 53 4 48 4 18 4 51 4 92 20 4 7 4 79 40 8 6 4 50 4 88 15 4 14 4 7 4 5 4 70 31 4 15 4 15 4 94 47 4 30 4 54 4 70 35 4 38 4 6 4 44 4 70 19 4 14 4 8 4 7 4 
iteration 1276 best: 0.871237 time: 474500
43 21 8 56 22 8 65 49 8 76 23 4 51 4 35 25 4 22 4 6 49 8 104 41 4 9 4 103 37 12 100 11 8 112 23 8 1 5 8 60 32 12 101 6 4 54 4 73 26 4 18 4 12 4 56 4 21 5 4 29 4 11 4 57 53 8 51 23 8 9 48 4 41 4 72 32 16 25 16 9 45 4 54 4 52 4 5 4 86 30 4 21 4 33 4 6 16 8 20 8 5 30 4 23 4 23 4 15 4 104 52 8 48 21 4 49 4 27 4 17 4 22 25 8 29 50 4 53 27 8 64 5 8 51 13 8 86 35 4 6 4 24 4 49 21 4 40 4 70 21 4 12 4 12 4 27 37 4 8 4 98 44 4 15 4 28 4 92 23 4 44 4 15 28 4 18 4 100 14 16 40 16 48 22 39 16 4 32 4 27 46 4 11 4 26 4 23 48 4 49 4 54 34 16 23 16 87 33 13 5 4 42 4 80 48 16 45 16 73 38 4 36 4 16 4 56 15 4 5 4 71 29 4 11 4 18 4 11 39 4 54 4 20 33 45 4 40 30 31 38 4 33 49 57 4 79 21 16 18 16 76 7 4 44 4 8 4 34 44 42 36 4 36 35 19 4 9 21 4 7 4 10 4 112 6 16 23 16 71 9 4 42 4 42 48 4 19 4 20 4 41 43 4 30 39 40 4 57 41 4 12 4 28 4 43 4 10 39 4 22 4 24 4 17 4 33 50 4 9 4 9 36 22 4 49 16 4 6 4 39 4 69 26 4 11 54 55 4 66 24 4 13 28 29 4 11 24 4 20 4 59 9 9 44 4 42 19 25 4 66 35 4 49 4 75 55 4 5 4 30 4 22 4 21 53 4 48 4 18 4 51 4 92 20 4 7 4 79 40 8 6 4 50 4 88 15 4 14 4 7 4 5 4 70 31 4 15 4 15 4 94 47 4 30 4 54 4 70 35 4 38 4 6 4 44 4 70 19 4 14 4 8 4 7 4 
iteration 1296 best: 0.871237 time: 481895
43 21 8 56 22 8 65 49 8 76 23 4 51 4 35 25 4 22 4 6 49 8 104 41 4 9 4 103 37 12 100 11 8 112 23 8 1 5 8 60 32 12 101 6 4 54 4 73 26 4 18 4 12 4 56 4 21 5 4 29 4 11 4 57 53 8 51 23 8 9 48 4 41 4 72 32 16 25 16 9 45 4 54 4 52 4 5 4 86 30 4 21 4 33 4 6 16 8 20 8 5 30 4 23 4 23 4 15 4 104 52 8 48 21 4 49 4 27 4 17 4 22 25 8 29 50 4 53 27 8 64 5 8 51 13 8 86 35 4 6 4 24 4 49 21 4 40 4 70 21 4 12 4 12 4 27 37 4 8 4 98 44 4 15 4 28 4 92 23 4 44 4 15 28 4 18 4 100 14 16 40 16 48 22 39 16 4 32 4 27 46 4 11 4 26 4 23 48 4 49 4 54 34 16 23 16 87 33 13 5 4 42 4 80 48 16 45 16 73 38 4 36 4 16 4 56 15 4 5 4 71 29 4 11 4 18 4 11 39 4 54 4 20 33 45 4 40 30 31 38 4 33 49 57 4 79 21 16 18 16 76 7 4 44 4 8 4 34 44 42 36 4 36 35 19 4 9 21 4 7 4 10 4 112 6 16 23 16 71 9 4 42 4 42 48 4 19 4 20 4 41 43 4 30 39 40 4 57 41 4 12 4 28 4 43 4 10 39 4 22 4 24 4 17 4 33 50 4 9 4 9 36 22 4 49 16 4 6 4 39 4 69 26 4 11 54 55 4 66 24 4 13 28 29 4 11 24 4 20 4 59 9 9 44 4 42 19 25 4 66 35 4 49 4 75 55 4 5 4 30 4 22 4 21 53 4 48 4 18 4 51 4 92 20 4 7 4 79 40 8 6 4 50 4 88 15 4 14 4 7 4 5 4 70 31 4 15 4 15 4 94 47 4 30 4 54 4 70 35 4 38 4 6 4 44 4 70 19 4 14 4 8 4 7 4 
iteration 1316 best: 0.871237 time: 489265
43 21 8 56 22 8 65 49 8 76 23 4 51 4 35 25 4 22 4 6 49 8 104 41 4 9 4 103 37 12 100 11 8 112 23 8 1 5 8 60 32 12 101 6 4 54 4 73 26 4 18 4 12 4 56 4 21 5 4 29 4 11 4 57 53 8 51 23 8 9 48 4 41 4 72 32 16 25 16 9 45 4 54 4 52 4 5 4 86 30 4 21 4 33 4 6 16 8 20 8 5 30 4 23 4 23 4 15 4 104 52 8 48 21 4 49 4 27 4 17 4 22 25 8 29 50 4 53 27 8 64 5 8 51 13 8 86 35 4 6 4 24 4 49 21 4 40 4 70 21 4 12 4 12 4 27 37 4 8 4 98 44 4 15 4 28 4 92 23 4 44 4 15 28 4 18 4 100 14 16 40 16 48 22 39 16 4 32 4 27 46 4 11 4 26 4 23 48 4 49 4 54 34 16 23 16 87 33 13 5 4 42 4 80 48 16 45 16 73 38 4 36 4 16 4 56 15 4 5 4 71 29 4 11 4 18 4 11 39 4 54 4 20 33 45 4 40 30 31 38 4 33 49 57 4 79 21 16 18 16 76 7 4 44 4 8 4 34 44 42 36 4 36 35 19 4 9 21 4 7 4 10 4 112 6 16 23 16 71 9 4 42 4 42 48 4 19 4 20 4 41 43 4 30 39 40 4 57 41 4 12 4 28 4 43 4 10 39 4 22 4 24 4 17 4 33 50 4 9 4 9 36 22 4 49 16 4 6 4 39 4 69 26 4 11 54 55 4 66 24 4 13 28 29 4 11 24 4 20 4 59 9 9 44 4 42 19 25 4 66 35 4 49 4 75 55 4 5 4 30 4 22 4 21 53 4 48 4 18 4 51 4 92 20 4 7 4 79 40 8 6 4 50 4 88 15 4 14 4 7 4 5 4 70 31 4 15 4 15 4 94 47 4 30 4 54 4 70 35 4 38 4 6 4 44 4 70 19 4 14 4 8 4 7 4 
iteration 1336 best: 0.871237 time: 496653
43 21 8 56 22 8 65 49 8 76 23 4 51 4 35 25 4 22 4 6 49 8 104 41 4 9 4 103 37 12 100 11 8 112 23 8 1 5 8 60 32 12 101 6 4 54 4 73 26 4 18 4 12 4 56 4 21 5 4 29 4 11 4 57 53 8 51 23 8 9 48 4 41 4 72 32 16 25 16 9 45 4 54 4 52 4 5 4 86 30 4 21 4 33 4 6 16 8 20 8 5 30 4 23 4 23 4 15 4 104 52 8 48 21 4 49 4 27 4 17 4 22 25 8 29 50 4 53 27 8 64 5 8 51 13 8 86 35 4 6 4 24 4 49 21 4 40 4 70 21 4 12 4 12 4 27 37 4 8 4 98 44 4 15 4 28 4 92 23 4 44 4 15 28 4 18 4 100 14 16 40 16 48 22 39 16 4 32 4 27 46 4 11 4 26 4 23 48 4 49 4 54 34 16 23 16 87 33 13 5 4 42 4 80 48 16 45 16 73 38 4 36 4 16 4 56 15 4 5 4 71 29 4 11 4 18 4 11 39 4 54 4 20 33 45 4 40 30 31 38 4 33 49 57 4 79 21 16 18 16 76 7 4 44 4 8 4 34 44 42 36 4 36 35 19 4 9 21 4 7 4 10 4 112 6 16 23 16 71 9 4 42 4 42 48 4 19 4 20 4 41 43 4 30 39 40 4 57 41 4 12 4 28 4 43 4 10 39 4 22 4 24 4 17 4 33 50 4 9 4 9 36 22 4 49 16 4 6 4 39 4 69 26 4 11 54 55 4 66 24 4 13 28 29 4 11 24 4 20 4 59 9 9 44 4 42 19 25 4 66 35 4 49 4 75 55 4 5 4 30 4 22 4 21 53 4 48 4 18 4 51 4 92 20 4 7 4 79 40 8 6 4 50 4 88 15 4 14 4 7 4 5 4 70 31 4 15 4 15 4 94 47 4 30 4 54 4 70 35 4 38 4 6 4 44 4 70 19 4 14 4 8 4 7 4 
iteration 1356 best: 0.871237 time: 504048
43 21 8 56 22 8 65 49 8 76 23 4 51 4 35 25 4 22 4 6 49 8 104 41 4 9 4 103 37 12 100 11 8 112 23 8 1 5 8 60 32 12 101 6 4 54 4 73 26 4 18 4 12 4 56 4 21 5 4 29 4 11 4 57 53 8 51 23 8 9 48 4 41 4 72 32 16 25 16 9 45 4 54 4 52 4 5 4 86 30 4 21 4 33 4 6 16 8 20 8 5 30 4 23 4 23 4 15 4 104 52 8 48 21 4 49 4 27 4 17 4 22 25 8 29 50 4 53 27 8 64 5 8 51 13 8 86 35 4 6 4 24 4 49 21 4 40 4 70 21 4 12 4 12 4 27 37 4 8 4 98 44 4 15 4 28 4 92 23 4 44 4 15 28 4 18 4 100 14 16 40 16 48 22 39 16 4 32 4 27 46 4 11 4 26 4 23 48 4 49 4 54 34 16 23 16 87 33 13 5 4 42 4 80 48 16 45 16 73 38 4 36 4 16 4 56 15 4 5 4 71 29 4 11 4 18 4 11 39 4 54 4 20 33 45 4 40 30 31 38 4 33 49 57 4 79 21 16 18 16 76 7 4 44 4 8 4 34 44 42 36 4 36 35 19 4 9 21 4 7 4 10 4 112 6 16 23 16 71 9 4 42 4 42 48 4 19 4 20 4 41 43 4 30 39 40 4 57 41 4 12 4 28 4 43 4 10 39 4 22 4 24 4 17 4 33 50 4 9 4 9 36 22 4 49 16 4 6 4 39 4 69 26 4 11 54 55 4 66 24 4 13 28 29 4 11 24 4 20 4 59 9 9 44 4 42 19 25 4 66 35 4 49 4 75 55 4 5 4 30 4 22 4 21 53 4 48 4 18 4 51 4 92 20 4 7 4 79 40 8 6 4 50 4 88 15 4 14 4 7 4 5 4 70 31 4 15 4 15 4 94 47 4 30 4 54 4 70 35 4 38 4 6 4 44 4 70 19 4 14 4 8 4 7 4 
iteration 1376 best: 0.871237 time: 511490
43 21 8 56 22 8 65 49 8 76 23 4 51 4 35 25 4 22 4 6 49 8 104 41 4 9 4 103 37 12 100 11 8 112 23 8 1 5 8 60 32 12 101 6 4 54 4 73 26 4 18 4 12 4 56 4 21 5 4 29 4 11 4 57 53 8 51 23 8 9 48 4 41 4 72 32 16 25 16 9 45 4 54 4 52 4 5 4 86 30 4 21 4 33 4 6 16 8 20 8 5 30 4 23 4 23 4 15 4 104 52 8 48 21 4 49 4 27 4 17 4 22 25 8 29 50 4 53 27 8 64 5 8 51 13 8 86 35 4 6 4 24 4 49 21 4 40 4 70 21 4 12 4 12 4 27 37 4 8 4 98 44 4 15 4 28 4 92 23 4 44 4 15 28 4 18 4 100 14 16 40 16 48 22 39 16 4 32 4 27 46 4 11 4 26 4 23 48 4 49 4 54 34 16 23 16 87 33 13 5 4 42 4 80 48 16 45 16 73 38 4 36 4 16 4 56 15 4 5 4 71 29 4 11 4 18 4 11 39 4 54 4 20 33 45 4 40 30 31 38 4 33 49 57 4 79 21 16 18 16 76 7 4 44 4 8 4 34 44 42 36 4 36 35 19 4 9 21 4 7 4 10 4 112 6 16 23 16 71 9 4 42 4 42 48 4 19 4 20 4 41 43 4 30 39 40 4 57 41 4 12 4 28 4 43 4 10 39 4 22 4 24 4 17 4 33 50 4 9 4 9 36 22 4 49 16 4 6 4 39 4 69 26 4 11 54 55 4 66 24 4 13 28 29 4 11 24 4 20 4 59 9 9 44 4 42 19 25 4 66 35 4 49 4 75 55 4 5 4 30 4 22 4 21 53 4 48 4 18 4 51 4 92 20 4 7 4 79 40 8 6 4 50 4 88 15 4 14 4 7 4 5 4 70 31 4 15 4 15 4 94 47 4 30 4 54 4 70 35 4 38 4 6 4 44 4 70 19 4 14 4 8 4 7 4 
iteration 1396 best: 0.871237 time: 518902
43 21 8 56 22 8 65 49 8 76 23 4 51 4 35 25 4 22 4 6 49 8 104 41 4 9 4 103 37 12 100 11 8 112 23 8 1 5 8 60 32 12 101 6 4 54 4 73 26 4 18 4 12 4 56 4 21 5 4 29 4 11 4 57 53 8 51 23 8 9 48 4 41 4 72 32 16 25 16 9 45 4 54 4 52 4 5 4 86 30 4 21 4 33 4 6 16 8 20 8 5 30 4 23 4 23 4 15 4 104 52 8 48 21 4 49 4 27 4 17 4 22 25 8 29 50 4 53 27 8 64 5 8 51 13 8 86 35 4 6 4 24 4 49 21 4 40 4 70 21 4 12 4 12 4 27 37 4 8 4 98 44 4 15 4 28 4 92 23 4 44 4 15 28 4 18 4 100 14 16 40 16 48 22 39 16 4 32 4 27 46 4 11 4 26 4 23 48 4 49 4 54 34 16 23 16 87 33 13 5 4 42 4 80 48 16 45 16 73 38 4 36 4 16 4 56 15 4 5 4 71 29 4 11 4 18 4 11 39 4 54 4 20 33 45 4 40 30 31 38 4 33 49 57 4 79 21 16 18 16 76 7 4 44 4 8 4 34 44 42 36 4 36 35 19 4 9 21 4 7 4 10 4 112 6 16 23 16 71 9 4 42 4 42 48 4 19 4 20 4 41 43 4 30 39 40 4 57 41 4 12 4 28 4 43 4 10 39 4 22 4 24 4 17 4 33 50 4 9 4 9 36 22 4 49 16 4 6 4 39 4 69 26 4 11 54 55 4 66 24 4 13 28 29 4 11 24 4 20 4 59 9 9 44 4 42 19 25 4 66 35 4 49 4 75 55 4 5 4 30 4 22 4 21 53 4 48 4 18 4 51 4 92 20 4 7 4 79 40 8 6 4 50 4 88 15 4 14 4 7 4 5 4 70 31 4 15 4 15 4 94 47 4 30 4 54 4 70 35 4 38 4 6 4 44 4 70 19 4 14 4 8 4 7 4 
iteration 1416 best: 0.871237 time: 526335
43 21 8 56 22 8 65 49 8 76 23 4 51 4 35 25 4 22 4 6 49 8 104 41 4 9 4 103 37 12 100 11 8 112 23 8 1 5 8 60 32 12 101 6 4 54 4 73 26 4 18 4 12 4 56 4 21 5 4 29 4 11 4 57 53 8 51 23 8 9 48 4 41 4 72 32 16 25 16 9 45 4 54 4 52 4 5 4 86 30 4 21 4 33 4 6 16 8 20 8 5 30 4 23 4 23 4 15 4 104 52 8 48 21 4 49 4 27 4 17 4 22 25 8 29 50 4 53 27 8 64 5 8 51 13 8 86 35 4 6 4 24 4 49 21 4 40 4 70 21 4 12 4 12 4 27 37 4 8 4 98 44 4 15 4 28 4 92 23 4 44 4 15 28 4 18 4 100 14 16 40 16 48 22 39 16 4 32 4 27 46 4 11 4 26 4 23 48 4 49 4 54 34 16 23 16 87 33 13 5 4 42 4 80 48 16 45 16 73 38 4 36 4 16 4 56 15 4 5 4 71 29 4 11 4 18 4 11 39 4 54 4 20 33 45 4 40 30 31 38 4 33 49 57 4 79 21 16 18 16 76 7 4 44 4 8 4 34 44 42 36 4 36 35 19 4 9 21 4 7 4 10 4 112 6 16 23 16 71 9 4 42 4 42 48 4 19 4 20 4 41 43 4 30 39 40 4 57 41 4 12 4 28 4 43 4 10 39 4 22 4 24 4 17 4 33 50 4 9 4 9 36 22 4 49 16 4 6 4 39 4 69 26 4 11 54 55 4 66 24 4 13 28 29 4 11 24 4 20 4 59 9 9 44 4 42 19 25 4 66 35 4 49 4 75 55 4 5 4 30 4 22 4 21 53 4 48 4 18 4 51 4 92 20 4 7 4 79 40 8 6 4 50 4 88 15 4 14 4 7 4 5 4 70 31 4 15 4 15 4 94 47 4 30 4 54 4 70 35 4 38 4 6 4 44 4 70 19 4 14 4 8 4 7 4 
iteration 1436 best: 0.871237 time: 533758
43 21 8 56 22 8 65 49 8 76 23 4 51 4 35 25 4 22 4 6 49 8 104 41 4 9 4 103 37 12 100 11 8 112 23 8 1 5 8 60 32 12 101 6 4 54 4 73 26 4 18 4 12 4 56 4 21 5 4 29 4 11 4 57 53 8 51 23 8 9 48 4 41 4 72 32 16 25 16 9 45 4 54 4 52 4 5 4 86 30 4 21 4 33 4 6 16 8 20 8 5 30 4 23 4 23 4 15 4 104 52 8 48 21 4 49 4 27 4 17 4 22 25 8 29 50 4 53 27 8 64 5 8 51 13 8 86 35 4 6 4 24 4 49 21 4 40 4 70 21 4 12 4 12 4 27 37 4 8 4 98 44 4 15 4 28 4 92 23 4 44 4 15 28 4 18 4 100 14 16 40 16 48 22 39 16 4 32 4 27 46 4 11 4 26 4 23 48 4 49 4 54 34 16 23 16 87 33 13 5 4 42 4 80 48 16 45 16 73 38 4 36 4 16 4 56 15 4 5 4 71 29 4 11 4 18 4 11 39 4 54 4 20 33 45 4 40 30 31 38 4 33 49 57 4 79 21 16 18 16 76 7 4 44 4 8 4 34 44 42 36 4 36 35 19 4 9 21 4 7 4 10 4 112 6 16 23 16 71 9 4 42 4 42 48 4 19 4 20 4 41 43 4 30 39 40 4 57 41 4 12 4 28 4 43 4 10 39 4 22 4 24 4 17 4 33 50 4 9 4 9 36 22 4 49 16 4 6 4 39 4 69 26 4 11 54 55 4 66 24 4 13 28 29 4 11 24 4 20 4 59 9 9 44 4 42 19 25 4 66 35 4 49 4 75 55 4 5 4 30 4 22 4 21 53 4 48 4 18 4 51 4 92 20 4 7 4 79 40 8 6 4 50 4 88 15 4 14 4 7 4 5 4 70 31 4 15 4 15 4 94 47 4 30 4 54 4 70 35 4 38 4 6 4 44 4 70 19 4 14 4 8 4 7 4 
iteration 1456 best: 0.871237 time: 541197
43 21 8 56 22 8 65 49 8 76 23 4 51 4 35 25 4 22 4 6 49 8 104 41 4 9 4 103 37 12 100 11 8 112 23 8 1 5 8 60 32 12 101 6 4 54 4 73 26 4 18 4 12 4 56 4 21 5 4 29 4 11 4 57 53 8 51 23 8 9 48 4 41 4 72 32 16 25 16 9 45 4 54 4 52 4 5 4 86 30 4 21 4 33 4 6 16 8 20 8 5 30 4 23 4 23 4 15 4 104 52 8 48 21 4 49 4 27 4 17 4 22 25 8 29 50 4 53 27 8 64 5 8 51 13 8 86 35 4 6 4 24 4 49 21 4 40 4 70 21 4 12 4 12 4 27 37 4 8 4 98 44 4 15 4 28 4 92 23 4 44 4 15 28 4 18 4 100 14 16 40 16 48 22 39 16 4 32 4 27 46 4 11 4 26 4 23 48 4 49 4 54 34 16 23 16 87 33 13 5 4 42 4 80 48 16 45 16 73 38 4 36 4 16 4 56 15 4 5 4 71 29 4 11 4 18 4 11 39 4 54 4 20 33 45 4 40 30 31 38 4 33 49 57 4 79 21 16 18 16 76 7 4 44 4 8 4 34 44 42 36 4 36 35 19 4 9 21 4 7 4 10 4 112 6 16 23 16 71 9 4 42 4 42 48 4 19 4 20 4 41 43 4 30 39 40 4 57 41 4 12 4 28 4 43 4 10 39 4 22 4 24 4 17 4 33 50 4 9 4 9 36 22 4 49 16 4 6 4 39 4 69 26 4 11 54 55 4 66 24 4 13 28 29 4 11 24 4 20 4 59 9 9 44 4 42 19 25 4 66 35 4 49 4 75 55 4 5 4 30 4 22 4 21 53 4 48 4 18 4 51 4 92 20 4 7 4 79 40 8 6 4 50 4 88 15 4 14 4 7 4 5 4 70 31 4 15 4 15 4 94 47 4 30 4 54 4 70 35 4 38 4 6 4 44 4 70 19 4 14 4 8 4 7 4 
iteration 1476 best: 0.871237 time: 548614
43 21 8 56 22 8 65 49 8 76 23 4 51 4 35 25 4 22 4 6 49 8 104 41 4 9 4 103 37 12 100 11 8 112 23 8 1 5 8 60 32 12 101 6 4 54 4 73 26 4 18 4 12 4 56 4 21 5 4 29 4 11 4 57 53 8 51 23 8 9 48 4 41 4 72 32 16 25 16 9 45 4 54 4 52 4 5 4 86 30 4 21 4 33 4 6 16 8 20 8 5 30 4 23 4 23 4 15 4 104 52 8 48 21 4 49 4 27 4 17 4 22 25 8 29 50 4 53 27 8 64 5 8 51 13 8 86 35 4 6 4 24 4 49 21 4 40 4 70 21 4 12 4 12 4 27 37 4 8 4 98 44 4 15 4 28 4 92 23 4 44 4 15 28 4 18 4 100 14 16 40 16 48 22 39 16 4 32 4 27 46 4 11 4 26 4 23 48 4 49 4 54 34 16 23 16 87 33 13 5 4 42 4 80 48 16 45 16 73 38 4 36 4 16 4 56 15 4 5 4 71 29 4 11 4 18 4 11 39 4 54 4 20 33 45 4 40 30 31 38 4 33 49 57 4 79 21 16 18 16 76 7 4 44 4 8 4 34 44 42 36 4 36 35 19 4 9 21 4 7 4 10 4 112 6 16 23 16 71 9 4 42 4 42 48 4 19 4 20 4 41 43 4 30 39 40 4 57 41 4 12 4 28 4 43 4 10 39 4 22 4 24 4 17 4 33 50 4 9 4 9 36 22 4 49 16 4 6 4 39 4 69 26 4 11 54 55 4 66 24 4 13 28 29 4 11 24 4 20 4 59 9 9 44 4 42 19 25 4 66 35 4 49 4 75 55 4 5 4 30 4 22 4 21 53 4 48 4 18 4 51 4 92 20 4 7 4 79 40 8 6 4 50 4 88 15 4 14 4 7 4 5 4 70 31 4 15 4 15 4 94 47 4 30 4 54 4 70 35 4 38 4 6 4 44 4 70 19 4 14 4 8 4 7 4 
iteration 1496 best: 0.871237 time: 556012
43 21 8 56 22 8 65 49 8 76 23 4 51 4 35 25 4 22 4 6 49 8 104 41 4 9 4 103 37 12 100 11 8 112 23 8 1 5 8 60 32 12 101 6 4 54 4 73 26 4 18 4 12 4 56 4 21 5 4 29 4 11 4 57 53 8 51 23 8 9 48 4 41 4 72 32 16 25 16 9 45 4 54 4 52 4 5 4 86 30 4 21 4 33 4 6 16 8 20 8 5 30 4 23 4 23 4 15 4 104 52 8 48 21 4 49 4 27 4 17 4 22 25 8 29 50 4 53 27 8 64 5 8 51 13 8 86 35 4 6 4 24 4 49 21 4 40 4 70 21 4 12 4 12 4 27 37 4 8 4 98 44 4 15 4 28 4 92 23 4 44 4 15 28 4 18 4 100 14 16 40 16 48 22 39 16 4 32 4 27 46 4 11 4 26 4 23 48 4 49 4 54 34 16 23 16 87 33 13 5 4 42 4 80 48 16 45 16 73 38 4 36 4 16 4 56 15 4 5 4 71 29 4 11 4 18 4 11 39 4 54 4 20 33 45 4 40 30 31 38 4 33 49 57 4 79 21 16 18 16 76 7 4 44 4 8 4 34 44 42 36 4 36 35 19 4 9 21 4 7 4 10 4 112 6 16 23 16 71 9 4 42 4 42 48 4 19 4 20 4 41 43 4 30 39 40 4 57 41 4 12 4 28 4 43 4 10 39 4 22 4 24 4 17 4 33 50 4 9 4 9 36 22 4 49 16 4 6 4 39 4 69 26 4 11 54 55 4 66 24 4 13 28 29 4 11 24 4 20 4 59 9 9 44 4 42 19 25 4 66 35 4 49 4 75 55 4 5 4 30 4 22 4 21 53 4 48 4 18 4 51 4 92 20 4 7 4 79 40 8 6 4 50 4 88 15 4 14 4 7 4 5 4 70 31 4 15 4 15 4 94 47 4 30 4 54 4 70 35 4 38 4 6 4 44 4 70 19 4 14 4 8 4 7 4 
iteration 1516 best: 0.871237 time: 563438
43 21 8 56 22 8 65 49 8 76 23 4 51 4 35 25 4 22 4 6 49 8 104 41 4 9 4 103 37 12 100 11 8 112 23 8 1 5 8 60 32 12 101 6 4 54 4 73 26 4 18 4 12 4 56 4 21 5 4 29 4 11 4 57 53 8 51 23 8 9 48 4 41 4 72 32 16 25 16 9 45 4 54 4 52 4 5 4 86 30 4 21 4 33 4 6 16 8 20 8 5 30 4 23 4 23 4 15 4 104 52 8 48 21 4 49 4 27 4 17 4 22 25 8 29 50 4 53 27 8 64 5 8 51 13 8 86 35 4 6 4 24 4 49 21 4 40 4 70 21 4 12 4 12 4 27 37 4 8 4 98 44 4 15 4 28 4 92 23 4 44 4 15 28 4 18 4 100 14 16 40 16 48 22 39 16 4 32 4 27 46 4 11 4 26 4 23 48 4 49 4 54 34 16 23 16 87 33 13 5 4 42 4 80 48 16 45 16 73 38 4 36 4 16 4 56 15 4 5 4 71 29 4 11 4 18 4 11 39 4 54 4 20 33 45 4 40 30 31 38 4 33 49 57 4 79 21 16 18 16 76 7 4 44 4 8 4 34 44 42 36 4 36 35 19 4 9 21 4 7 4 10 4 112 6 16 23 16 71 9 4 42 4 42 48 4 19 4 20 4 41 43 4 30 39 40 4 57 41 4 12 4 28 4 43 4 10 39 4 22 4 24 4 17 4 33 50 4 9 4 9 36 22 4 49 16 4 6 4 39 4 69 26 4 11 54 55 4 66 24 4 13 28 29 4 11 24 4 20 4 59 9 9 44 4 42 19 25 4 66 35 4 49 4 75 55 4 5 4 30 4 22 4 21 53 4 48 4 18 4 51 4 92 20 4 7 4 79 40 8 6 4 50 4 88 15 4 14 4 7 4 5 4 70 31 4 15 4 15 4 94 47 4 30 4 54 4 70 35 4 38 4 6 4 44 4 70 19 4 14 4 8 4 7 4 
iteration 1536 best: 0.871237 time: 570850
43 21 8 56 22 8 65 49 8 76 23 4 51 4 35 25 4 22 4 6 49 8 104 41 4 9 4 103 37 12 100 11 8 112 23 8 1 5 8 60 32 12 101 6 4 54 4 73 26 4 18 4 12 4 56 4 21 5 4 29 4 11 4 57 53 8 51 23 8 9 48 4 41 4 72 32 16 25 16 9 45 4 54 4 52 4 5 4 86 30 4 21 4 33 4 6 16 8 20 8 5 30 4 23 4 23 4 15 4 104 52 8 48 21 4 49 4 27 4 17 4 22 25 8 29 50 4 53 27 8 64 5 8 51 13 8 86 35 4 6 4 24 4 49 21 4 40 4 70 21 4 12 4 12 4 27 37 4 8 4 98 44 4 15 4 28 4 92 23 4 44 4 15 28 4 18 4 100 14 16 40 16 48 22 39 16 4 32 4 27 46 4 11 4 26 4 23 48 4 49 4 54 34 16 23 16 87 33 13 5 4 42 4 80 48 16 45 16 73 38 4 36 4 16 4 56 15 4 5 4 71 29 4 11 4 18 4 11 39 4 54 4 20 33 45 4 40 30 31 38 4 33 49 57 4 79 21 16 18 16 76 7 4 44 4 8 4 34 44 42 36 4 36 35 19 4 9 21 4 7 4 10 4 112 6 16 23 16 71 9 4 42 4 42 48 4 19 4 20 4 41 43 4 30 39 40 4 57 41 4 12 4 28 4 43 4 10 39 4 22 4 24 4 17 4 33 50 4 9 4 9 36 22 4 49 16 4 6 4 39 4 69 26 4 11 54 55 4 66 24 4 13 28 29 4 11 24 4 20 4 59 9 9 44 4 42 19 25 4 66 35 4 49 4 75 55 4 5 4 30 4 22 4 21 53 4 48 4 18 4 51 4 92 20 4 7 4 79 40 8 6 4 50 4 88 15 4 14 4 7 4 5 4 70 31 4 15 4 15 4 94 47 4 30 4 54 4 70 35 4 38 4 6 4 44 4 70 19 4 14 4 8 4 7 4 
iteration 1556 best: 0.871237 time: 578225
43 21 8 56 22 8 65 49 8 76 23 4 51 4 35 25 4 22 4 6 49 8 104 41 4 9 4 103 37 12 100 11 8 112 23 8 1 5 8 60 32 12 101 6 4 54 4 73 26 4 18 4 12 4 56 4 21 5 4 29 4 11 4 57 53 8 51 23 8 9 48 4 41 4 72 32 16 25 16 9 45 4 54 4 52 4 5 4 86 30 4 21 4 33 4 6 16 8 20 8 5 30 4 23 4 23 4 15 4 104 52 8 48 21 4 49 4 27 4 17 4 22 25 8 29 50 4 53 27 8 64 5 8 51 13 8 86 35 4 6 4 24 4 49 21 4 40 4 70 21 4 12 4 12 4 27 37 4 8 4 98 44 4 15 4 28 4 92 23 4 44 4 15 28 4 18 4 100 14 16 40 16 48 22 39 16 4 32 4 27 46 4 11 4 26 4 23 48 4 49 4 54 34 16 23 16 87 33 13 5 4 42 4 80 48 16 45 16 73 38 4 36 4 16 4 56 15 4 5 4 71 29 4 11 4 18 4 11 39 4 54 4 20 33 45 4 40 30 31 38 4 33 49 57 4 79 21 16 18 16 76 7 4 44 4 8 4 34 44 42 36 4 36 35 19 4 9 21 4 7 4 10 4 112 6 16 23 16 71 9 4 42 4 42 48 4 19 4 20 4 41 43 4 30 39 40 4 57 41 4 12 4 28 4 43 4 10 39 4 22 4 24 4 17 4 33 50 4 9 4 9 36 22 4 49 16 4 6 4 39 4 69 26 4 11 54 55 4 66 24 4 13 28 29 4 11 24 4 20 4 59 9 9 44 4 42 19 25 4 66 35 4 49 4 75 55 4 5 4 30 4 22 4 21 53 4 48 4 18 4 51 4 92 20 4 7 4 79 40 8 6 4 50 4 88 15 4 14 4 7 4 5 4 70 31 4 15 4 15 4 94 47 4 30 4 54 4 70 35 4 38 4 6 4 44 4 70 19 4 14 4 8 4 7 4 
iteration 1576 best: 0.871237 time: 585620
43 21 8 56 22 8 65 49 8 76 23 4 51 4 35 25 4 22 4 6 49 8 104 41 4 9 4 103 37 12 100 11 8 112 23 8 1 5 8 60 32 12 101 6 4 54 4 73 26 4 18 4 12 4 56 4 21 5 4 29 4 11 4 57 53 8 51 23 8 9 48 4 41 4 72 32 16 25 16 9 45 4 54 4 52 4 5 4 86 30 4 21 4 33 4 6 16 8 20 8 5 30 4 23 4 23 4 15 4 104 52 8 48 21 4 49 4 27 4 17 4 22 25 8 29 50 4 53 27 8 64 5 8 51 13 8 86 35 4 6 4 24 4 49 21 4 40 4 70 21 4 12 4 12 4 27 37 4 8 4 98 44 4 15 4 28 4 92 23 4 44 4 15 28 4 18 4 100 14 16 40 16 48 22 39 16 4 32 4 27 46 4 11 4 26 4 23 48 4 49 4 54 34 16 23 16 87 33 13 5 4 42 4 80 48 16 45 16 73 38 4 36 4 16 4 56 15 4 5 4 71 29 4 11 4 18 4 11 39 4 54 4 20 33 45 4 40 30 31 38 4 33 49 57 4 79 21 16 18 16 76 7 4 44 4 8 4 34 44 42 36 4 36 35 19 4 9 21 4 7 4 10 4 112 6 16 23 16 71 9 4 42 4 42 48 4 19 4 20 4 41 43 4 30 39 40 4 57 41 4 12 4 28 4 43 4 10 39 4 22 4 24 4 17 4 33 50 4 9 4 9 36 22 4 49 16 4 6 4 39 4 69 26 4 11 54 55 4 66 24 4 13 28 29 4 11 24 4 20 4 59 9 9 44 4 42 19 25 4 66 35 4 49 4 75 55 4 5 4 30 4 22 4 21 53 4 48 4 18 4 51 4 92 20 4 7 4 79 40 8 6 4 50 4 88 15 4 14 4 7 4 5 4 70 31 4 15 4 15 4 94 47 4 30 4 54 4 70 35 4 38 4 6 4 44 4 70 19 4 14 4 8 4 7 4 
iteration 1596 best: 0.871237 time: 592990
43 21 8 56 22 8 65 49 8 76 23 4 51 4 35 25 4 22 4 6 49 8 104 41 4 9 4 103 37 12 100 11 8 112 23 8 1 5 8 60 32 12 101 6 4 54 4 73 26 4 18 4 12 4 56 4 21 5 4 29 4 11 4 57 53 8 51 23 8 9 48 4 41 4 72 32 16 25 16 9 45 4 54 4 52 4 5 4 86 30 4 21 4 33 4 6 16 8 20 8 5 30 4 23 4 23 4 15 4 104 52 8 48 21 4 49 4 27 4 17 4 22 25 8 29 50 4 53 27 8 64 5 8 51 13 8 86 35 4 6 4 24 4 49 21 4 40 4 70 21 4 12 4 12 4 27 37 4 8 4 98 44 4 15 4 28 4 92 23 4 44 4 15 28 4 18 4 100 14 16 40 16 48 22 39 16 4 32 4 27 46 4 11 4 26 4 23 48 4 49 4 54 34 16 23 16 87 33 13 5 4 42 4 80 48 16 45 16 73 38 4 36 4 16 4 56 15 4 5 4 71 29 4 11 4 18 4 11 39 4 54 4 20 33 45 4 40 30 31 38 4 33 49 57 4 79 21 16 18 16 76 7 4 44 4 8 4 34 44 42 36 4 36 35 19 4 9 21 4 7 4 10 4 112 6 16 23 16 71 9 4 42 4 42 48 4 19 4 20 4 41 43 4 30 39 40 4 57 41 4 12 4 28 4 43 4 10 39 4 22 4 24 4 17 4 33 50 4 9 4 9 36 22 4 49 16 4 6 4 39 4 69 26 4 11 54 55 4 66 24 4 13 28 29 4 11 24 4 20 4 59 9 9 44 4 42 19 25 4 66 35 4 49 4 75 55 4 5 4 30 4 22 4 21 53 4 48 4 18 4 51 4 92 20 4 7 4 79 40 8 6 4 50 4 88 15 4 14 4 7 4 5 4 70 31 4 15 4 15 4 94 47 4 30 4 54 4 70 35 4 38 4 6 4 44 4 70 19 4 14 4 8 4 7 4 
iteration 1616 best: 0.871237 time: 600368
43 21 8 56 22 8 65 49 8 76 23 4 51 4 35 25 4 22 4 6 49 8 104 41 4 9 4 103 37 12 100 11 8 112 23 8 1 5 8 60 32 12 101 6 4 54 4 73 26 4 18 4 12 4 56 4 21 5 4 29 4 11 4 57 53 8 51 23 8 9 48 4 41 4 72 32 16 25 16 9 45 4 54 4 52 4 5 4 86 30 4 21 4 33 4 6 16 8 20 8 5 30 4 23 4 23 4 15 4 104 52 8 48 21 4 49 4 27 4 17 4 22 25 8 29 50 4 53 27 8 64 5 8 51 13 8 86 35 4 6 4 24 4 49 21 4 40 4 70 21 4 12 4 12 4 27 37 4 8 4 98 44 4 15 4 28 4 92 23 4 44 4 15 28 4 18 4 100 14 16 40 16 48 22 39 16 4 32 4 27 46 4 11 4 26 4 23 48 4 49 4 54 34 16 23 16 87 33 13 5 4 42 4 80 48 16 45 16 73 38 4 36 4 16 4 56 15 4 5 4 71 29 4 11 4 18 4 11 39 4 54 4 20 33 45 4 40 30 31 38 4 33 49 57 4 79 21 16 18 16 76 7 4 44 4 8 4 34 44 42 36 4 36 35 19 4 9 21 4 7 4 10 4 112 6 16 23 16 71 9 4 42 4 42 48 4 19 4 20 4 41 43 4 30 39 40 4 57 41 4 12 4 28 4 43 4 10 39 4 22 4 24 4 17 4 33 50 4 9 4 9 36 22 4 49 16 4 6 4 39 4 69 26 4 11 54 55 4 66 24 4 13 28 29 4 11 24 4 20 4 59 9 9 44 4 42 19 25 4 66 35 4 49 4 75 55 4 5 4 30 4 22 4 21 53 4 48 4 18 4 51 4 92 20 4 7 4 79 40 8 6 4 50 4 88 15 4 14 4 7 4 5 4 70 31 4 15 4 15 4 94 47 4 30 4 54 4 70 35 4 38 4 6 4 44 4 70 19 4 14 4 8 4 7 4 
Best solution: 
43 21 8 56 22 8 65 49 8 76 23 4 51 4 35 25 4 22 4 6 49 8 104 41 4 9 4 103 37 12 100 11 8 112 23 8 1 5 8 60 32 12 101 6 4 54 4 73 26 4 18 4 12 4 56 4 21 5 4 29 4 11 4 57 53 8 51 23 8 9 48 4 41 4 72 32 16 25 16 9 45 4 54 4 52 4 5 4 86 30 4 21 4 33 4 6 16 8 20 8 5 30 4 23 4 23 4 15 4 104 52 8 48 21 4 49 4 27 4 17 4 22 25 8 29 50 4 53 27 8 64 5 8 51 13 8 86 35 4 6 4 24 4 49 21 4 40 4 70 21 4 12 4 12 4 27 37 4 8 4 98 44 4 15 4 28 4 92 23 4 44 4 15 28 4 18 4 100 14 16 40 16 48 22 39 16 4 32 4 27 46 4 11 4 26 4 23 48 4 49 4 54 34 16 23 16 87 33 13 5 4 42 4 80 48 16 45 16 73 38 4 36 4 16 4 56 15 4 5 4 71 29 4 11 4 18 4 11 39 4 54 4 20 33 45 4 40 30 31 38 4 33 49 57 4 79 21 16 18 16 76 7 4 44 4 8 4 34 44 42 36 4 36 35 19 4 9 21 4 7 4 10 4 112 6 16 23 16 71 9 4 42 4 42 48 4 19 4 20 4 41 43 4 30 39 40 4 57 41 4 12 4 28 4 43 4 10 39 4 22 4 24 4 17 4 33 50 4 9 4 9 36 22 4 49 16 4 6 4 39 4 69 26 4 11 54 55 4 66 24 4 13 28 29 4 11 24 4 20 4 59 9 9 44 4 42 19 25 4 66 35 4 49 4 75 55 4 5 4 30 4 22 4 21 53 4 48 4 18 4 51 4 92 20 4 7 4 79 40 8 6 4 50 4 88 15 4 14 4 7 4 5 4 70 31 4 15 4 15 4 94 47 4 30 4 54 4 70 35 4 38 4 6 4 44 4 70 19 4 14 4 8 4 7 4 
Fitness: 0.871237
