iteration 16 best: 0.893198 time: 7452
56 17 8 78 38 8 2 35 8 41 36 4 25 4 73 46 4 30 4 43 25 8 60 8 4 33 4 104 8 12 34 35 8 37 37 8 0 15 8 78 27 12 87 43 4 13 4 57 27 4 42 4 26 4 33 4 50 19 4 18 4 17 4 104 23 8 50 30 8 48 28 4 40 4 106 14 16 16 16 6 5 4 24 4 16 4 16 4 61 24 4 21 4 12 4 41 18 8 37 8 36 48 4 26 4 16 4 19 4 14 13 8 89 51 4 6 4 34 4 19 4 61 11 8 38 18 4 70 33 8 83 9 8 57 18 8 70 19 4 6 4 32 4 73 38 4 21 4 12 14 4 23 4 28 4 89 20 4 7 4 109 5 4 9 4 17 4 93 13 4 28 4 72 15 4 18 4 81 30 16 14 16 57 33 9 30 4 11 4 61 24 4 9 4 12 4 56 13 4 20 4 7 38 16 28 16 55 5 34 11 4 24 4 96 17 16 34 16 48 16 4 21 4 14 4 38 33 4 53 4 88 27 4 25 4 41 4 96 31 4 19 4 26 15 34 4 71 37 48 27 4 26 28 11 4 60 33 16 29 16 89 38 4 32 4 44 4 1 16 40 20 4 31 11 5 4 43 25 4 18 4 19 4 97 20 16 13 16 37 40 4 17 4 103 7 4 47 4 5 4 53 28 4 33 43 31 4 43 18 4 36 4 41 4 29 4 60 27 4 5 4 45 4 19 4 1 32 4 28 4 16 38 27 4 35 30 4 5 4 41 4 27 23 4 45 28 17 4 80 35 4 14 28 9 4 72 28 4 18 4 91 20 8 9 4 35 24 45 4 0 24 4 27 4 6 45 4 11 4 7 4 16 4 44 16 4 14 4 9 4 33 4 92 22 4 15 4 26 15 7 12 4 40 4 22 40 4 34 4 13 4 29 4 21 20 4 11 4 12 4 77 19 4 22 4 28 4 76 24 4 5 4 36 4 17 4 107 54 4 25 4 17 4 26 4 
iteration 35 best: 0.893198 time: 14660
56 17 8 78 38 8 2 35 8 41 36 4 25 4 73 46 4 30 4 43 25 8 60 8 4 33 4 104 8 12 34 35 8 37 37 8 0 15 8 78 27 12 87 43 4 13 4 57 27 4 42 4 26 4 33 4 50 19 4 18 4 17 4 104 23 8 50 30 8 48 28 4 40 4 106 14 16 16 16 6 5 4 24 4 16 4 16 4 61 24 4 21 4 12 4 41 18 8 37 8 36 48 4 26 4 16 4 19 4 14 13 8 89 51 4 6 4 34 4 19 4 61 11 8 38 18 4 70 33 8 83 9 8 57 18 8 70 19 4 6 4 32 4 73 38 4 21 4 12 14 4 23 4 28 4 89 20 4 7 4 109 5 4 9 4 17 4 93 13 4 28 4 72 15 4 18 4 81 30 16 14 16 57 33 9 30 4 11 4 61 24 4 9 4 12 4 56 13 4 20 4 7 38 16 28 16 55 5 34 11 4 24 4 96 17 16 34 16 48 16 4 21 4 14 4 38 33 4 53 4 88 27 4 25 4 41 4 96 31 4 19 4 26 15 34 4 71 37 48 27 4 26 28 11 4 60 33 16 29 16 89 38 4 32 4 44 4 1 16 40 20 4 31 11 5 4 43 25 4 18 4 19 4 97 20 16 13 16 37 40 4 17 4 103 7 4 47 4 5 4 53 28 4 33 43 31 4 43 18 4 36 4 41 4 29 4 60 27 4 5 4 45 4 19 4 1 32 4 28 4 16 38 27 4 35 30 4 5 4 41 4 27 23 4 45 28 17 4 80 35 4 14 28 9 4 72 28 4 18 4 91 20 8 9 4 35 24 45 4 0 24 4 27 4 6 45 4 11 4 7 4 16 4 44 16 4 14 4 9 4 33 4 92 22 4 15 4 26 15 7 12 4 40 4 22 40 4 34 4 13 4 29 4 21 20 4 11 4 12 4 77 19 4 22 4 28 4 76 24 4 5 4 36 4 17 4 107 54 4 25 4 17 4 26 4 
iteration 55 best: 0.893198 time: 22217
56 17 8 78 38 8 2 35 8 41 36 4 25 4 73 46 4 30 4 43 25 8 60 8 4 33 4 104 8 12 34 35 8 37 37 8 0 15 8 78 27 12 87 43 4 13 4 57 27 4 42 4 26 4 33 4 50 19 4 18 4 17 4 104 23 8 50 30 8 48 28 4 40 4 106 14 16 16 16 6 5 4 24 4 16 4 16 4 61 24 4 21 4 12 4 41 18 8 37 8 36 48 4 26 4 16 4 19 4 14 13 8 89 51 4 6 4 34 4 19 4 61 11 8 38 18 4 70 33 8 83 9 8 57 18 8 70 19 4 6 4 32 4 73 38 4 21 4 12 14 4 23 4 28 4 89 20 4 7 4 109 5 4 9 4 17 4 93 13 4 28 4 72 15 4 18 4 81 30 16 14 16 57 33 9 30 4 11 4 61 24 4 9 4 12 4 56 13 4 20 4 7 38 16 28 16 55 5 34 11 4 24 4 96 17 16 34 16 48 16 4 21 4 14 4 38 33 4 53 4 88 27 4 25 4 41 4 96 31 4 19 4 26 15 34 4 71 37 48 27 4 26 28 11 4 60 33 16 29 16 89 38 4 32 4 44 4 1 16 40 20 4 31 11 5 4 43 25 4 18 4 19 4 97 20 16 13 16 37 40 4 17 4 103 7 4 47 4 5 4 53 28 4 33 43 31 4 43 18 4 36 4 41 4 29 4 60 27 4 5 4 45 4 19 4 1 32 4 28 4 16 38 27 4 35 30 4 5 4 41 4 27 23 4 45 28 17 4 80 35 4 14 28 9 4 72 28 4 18 4 91 20 8 9 4 35 24 45 4 0 24 4 27 4 6 45 4 11 4 7 4 16 4 44 16 4 14 4 9 4 33 4 92 22 4 15 4 26 15 7 12 4 40 4 22 40 4 34 4 13 4 29 4 21 20 4 11 4 12 4 77 19 4 22 4 28 4 76 24 4 5 4 36 4 17 4 107 54 4 25 4 17 4 26 4 
iteration 74 best: 0.893198 time: 29460
56 17 8 78 38 8 2 35 8 41 36 4 25 4 73 46 4 30 4 43 25 8 60 8 4 33 4 104 8 12 34 35 8 37 37 8 0 15 8 78 27 12 87 43 4 13 4 57 27 4 42 4 26 4 33 4 50 19 4 18 4 17 4 104 23 8 50 30 8 48 28 4 40 4 106 14 16 16 16 6 5 4 24 4 16 4 16 4 61 24 4 21 4 12 4 41 18 8 37 8 36 48 4 26 4 16 4 19 4 14 13 8 89 51 4 6 4 34 4 19 4 61 11 8 38 18 4 70 33 8 83 9 8 57 18 8 70 19 4 6 4 32 4 73 38 4 21 4 12 14 4 23 4 28 4 89 20 4 7 4 109 5 4 9 4 17 4 93 13 4 28 4 72 15 4 18 4 81 30 16 14 16 57 33 9 30 4 11 4 61 24 4 9 4 12 4 56 13 4 20 4 7 38 16 28 16 55 5 34 11 4 24 4 96 17 16 34 16 48 16 4 21 4 14 4 38 33 4 53 4 88 27 4 25 4 41 4 96 31 4 19 4 26 15 34 4 71 37 48 27 4 26 28 11 4 60 33 16 29 16 89 38 4 32 4 44 4 1 16 40 20 4 31 11 5 4 43 25 4 18 4 19 4 97 20 16 13 16 37 40 4 17 4 103 7 4 47 4 5 4 53 28 4 33 43 31 4 43 18 4 36 4 41 4 29 4 60 27 4 5 4 45 4 19 4 1 32 4 28 4 16 38 27 4 35 30 4 5 4 41 4 27 23 4 45 28 17 4 80 35 4 14 28 9 4 72 28 4 18 4 91 20 8 9 4 35 24 45 4 0 24 4 27 4 6 45 4 11 4 7 4 16 4 44 16 4 14 4 9 4 33 4 92 22 4 15 4 26 15 7 12 4 40 4 22 40 4 34 4 13 4 29 4 21 20 4 11 4 12 4 77 19 4 22 4 28 4 76 24 4 5 4 36 4 17 4 107 54 4 25 4 17 4 26 4 
iteration 94 best: 0.893198 time: 37036
56 17 8 78 38 8 2 35 8 41 36 4 25 4 73 46 4 30 4 43 25 8 60 8 4 33 4 104 8 12 34 35 8 37 37 8 0 15 8 78 27 12 87 43 4 13 4 57 27 4 42 4 26 4 33 4 50 19 4 18 4 17 4 104 23 8 50 30 8 48 28 4 40 4 106 14 16 16 16 6 5 4 24 4 16 4 16 4 61 24 4 21 4 12 4 41 18 8 37 8 36 48 4 26 4 16 4 19 4 14 13 8 89 51 4 6 4 34 4 19 4 61 11 8 38 18 4 70 33 8 83 9 8 57 18 8 70 19 4 6 4 32 4 73 38 4 21 4 12 14 4 23 4 28 4 89 20 4 7 4 109 5 4 9 4 17 4 93 13 4 28 4 72 15 4 18 4 81 30 16 14 16 57 33 9 30 4 11 4 61 24 4 9 4 12 4 56 13 4 20 4 7 38 16 28 16 55 5 34 11 4 24 4 96 17 16 34 16 48 16 4 21 4 14 4 38 33 4 53 4 88 27 4 25 4 41 4 96 31 4 19 4 26 15 34 4 71 37 48 27 4 26 28 11 4 60 33 16 29 16 89 38 4 32 4 44 4 1 16 40 20 4 31 11 5 4 43 25 4 18 4 19 4 97 20 16 13 16 37 40 4 17 4 103 7 4 47 4 5 4 53 28 4 33 43 31 4 43 18 4 36 4 41 4 29 4 60 27 4 5 4 45 4 19 4 1 32 4 28 4 16 38 27 4 35 30 4 5 4 41 4 27 23 4 45 28 17 4 80 35 4 14 28 9 4 72 28 4 18 4 91 20 8 9 4 35 24 45 4 0 24 4 27 4 6 45 4 11 4 7 4 16 4 44 16 4 14 4 9 4 33 4 92 22 4 15 4 26 15 7 12 4 40 4 22 40 4 34 4 13 4 29 4 21 20 4 11 4 12 4 77 19 4 22 4 28 4 76 24 4 5 4 36 4 17 4 107 54 4 25 4 17 4 26 4 
iteration 113 best: 0.893198 time: 44238
56 17 8 78 38 8 2 35 8 41 36 4 25 4 73 46 4 30 4 43 25 8 60 8 4 33 4 104 8 12 34 35 8 37 37 8 0 15 8 78 27 12 87 43 4 13 4 57 27 4 42 4 26 4 33 4 50 19 4 18 4 17 4 104 23 8 50 30 8 48 28 4 40 4 106 14 16 16 16 6 5 4 24 4 16 4 16 4 61 24 4 21 4 12 4 41 18 8 37 8 36 48 4 26 4 16 4 19 4 14 13 8 89 51 4 6 4 34 4 19 4 61 11 8 38 18 4 70 33 8 83 9 8 57 18 8 70 19 4 6 4 32 4 73 38 4 21 4 12 14 4 23 4 28 4 89 20 4 7 4 109 5 4 9 4 17 4 93 13 4 28 4 72 15 4 18 4 81 30 16 14 16 57 33 9 30 4 11 4 61 24 4 9 4 12 4 56 13 4 20 4 7 38 16 28 16 55 5 34 11 4 24 4 96 17 16 34 16 48 16 4 21 4 14 4 38 33 4 53 4 88 27 4 25 4 41 4 96 31 4 19 4 26 15 34 4 71 37 48 27 4 26 28 11 4 60 33 16 29 16 89 38 4 32 4 44 4 1 16 40 20 4 31 11 5 4 43 25 4 18 4 19 4 97 20 16 13 16 37 40 4 17 4 103 7 4 47 4 5 4 53 28 4 33 43 31 4 43 18 4 36 4 41 4 29 4 60 27 4 5 4 45 4 19 4 1 32 4 28 4 16 38 27 4 35 30 4 5 4 41 4 27 23 4 45 28 17 4 80 35 4 14 28 9 4 72 28 4 18 4 91 20 8 9 4 35 24 45 4 0 24 4 27 4 6 45 4 11 4 7 4 16 4 44 16 4 14 4 9 4 33 4 92 22 4 15 4 26 15 7 12 4 40 4 22 40 4 34 4 13 4 29 4 21 20 4 11 4 12 4 77 19 4 22 4 28 4 76 24 4 5 4 36 4 17 4 107 54 4 25 4 17 4 26 4 
iteration 133 best: 0.893198 time: 51779
56 17 8 78 38 8 2 35 8 41 36 4 25 4 73 46 4 30 4 43 25 8 60 8 4 33 4 104 8 12 34 35 8 37 37 8 0 15 8 78 27 12 87 43 4 13 4 57 27 4 42 4 26 4 33 4 50 19 4 18 4 17 4 104 23 8 50 30 8 48 28 4 40 4 106 14 16 16 16 6 5 4 24 4 16 4 16 4 61 24 4 21 4 12 4 41 18 8 37 8 36 48 4 26 4 16 4 19 4 14 13 8 89 51 4 6 4 34 4 19 4 61 11 8 38 18 4 70 33 8 83 9 8 57 18 8 70 19 4 6 4 32 4 73 38 4 21 4 12 14 4 23 4 28 4 89 20 4 7 4 109 5 4 9 4 17 4 93 13 4 28 4 72 15 4 18 4 81 30 16 14 16 57 33 9 30 4 11 4 61 24 4 9 4 12 4 56 13 4 20 4 7 38 16 28 16 55 5 34 11 4 24 4 96 17 16 34 16 48 16 4 21 4 14 4 38 33 4 53 4 88 27 4 25 4 41 4 96 31 4 19 4 26 15 34 4 71 37 48 27 4 26 28 11 4 60 33 16 29 16 89 38 4 32 4 44 4 1 16 40 20 4 31 11 5 4 43 25 4 18 4 19 4 97 20 16 13 16 37 40 4 17 4 103 7 4 47 4 5 4 53 28 4 33 43 31 4 43 18 4 36 4 41 4 29 4 60 27 4 5 4 45 4 19 4 1 32 4 28 4 16 38 27 4 35 30 4 5 4 41 4 27 23 4 45 28 17 4 80 35 4 14 28 9 4 72 28 4 18 4 91 20 8 9 4 35 24 45 4 0 24 4 27 4 6 45 4 11 4 7 4 16 4 44 16 4 14 4 9 4 33 4 92 22 4 15 4 26 15 7 12 4 40 4 22 40 4 34 4 13 4 29 4 21 20 4 11 4 12 4 77 19 4 22 4 28 4 76 24 4 5 4 36 4 17 4 107 54 4 25 4 17 4 26 4 
iteration 153 best: 0.893198 time: 59318
56 17 8 78 38 8 2 35 8 41 36 4 25 4 73 46 4 30 4 43 25 8 60 8 4 33 4 104 8 12 34 35 8 37 37 8 0 15 8 78 27 12 87 43 4 13 4 57 27 4 42 4 26 4 33 4 50 19 4 18 4 17 4 104 23 8 50 30 8 48 28 4 40 4 106 14 16 16 16 6 5 4 24 4 16 4 16 4 61 24 4 21 4 12 4 41 18 8 37 8 36 48 4 26 4 16 4 19 4 14 13 8 89 51 4 6 4 34 4 19 4 61 11 8 38 18 4 70 33 8 83 9 8 57 18 8 70 19 4 6 4 32 4 73 38 4 21 4 12 14 4 23 4 28 4 89 20 4 7 4 109 5 4 9 4 17 4 93 13 4 28 4 72 15 4 18 4 81 30 16 14 16 57 33 9 30 4 11 4 61 24 4 9 4 12 4 56 13 4 20 4 7 38 16 28 16 55 5 34 11 4 24 4 96 17 16 34 16 48 16 4 21 4 14 4 38 33 4 53 4 88 27 4 25 4 41 4 96 31 4 19 4 26 15 34 4 71 37 48 27 4 26 28 11 4 60 33 16 29 16 89 38 4 32 4 44 4 1 16 40 20 4 31 11 5 4 43 25 4 18 4 19 4 97 20 16 13 16 37 40 4 17 4 103 7 4 47 4 5 4 53 28 4 33 43 31 4 43 18 4 36 4 41 4 29 4 60 27 4 5 4 45 4 19 4 1 32 4 28 4 16 38 27 4 35 30 4 5 4 41 4 27 23 4 45 28 17 4 80 35 4 14 28 9 4 72 28 4 18 4 91 20 8 9 4 35 24 45 4 0 24 4 27 4 6 45 4 11 4 7 4 16 4 44 16 4 14 4 9 4 33 4 92 22 4 15 4 26 15 7 12 4 40 4 22 40 4 34 4 13 4 29 4 21 20 4 11 4 12 4 77 19 4 22 4 28 4 76 24 4 5 4 36 4 17 4 107 54 4 25 4 17 4 26 4 
iteration 173 best: 0.893198 time: 66864
56 17 8 78 38 8 2 35 8 41 36 4 25 4 73 46 4 30 4 43 25 8 60 8 4 33 4 104 8 12 34 35 8 37 37 8 0 15 8 78 27 12 87 43 4 13 4 57 27 4 42 4 26 4 33 4 50 19 4 18 4 17 4 104 23 8 50 30 8 48 28 4 40 4 106 14 16 16 16 6 5 4 24 4 16 4 16 4 61 24 4 21 4 12 4 41 18 8 37 8 36 48 4 26 4 16 4 19 4 14 13 8 89 51 4 6 4 34 4 19 4 61 11 8 38 18 4 70 33 8 83 9 8 57 18 8 70 19 4 6 4 32 4 73 38 4 21 4 12 14 4 23 4 28 4 89 20 4 7 4 109 5 4 9 4 17 4 93 13 4 28 4 72 15 4 18 4 81 30 16 14 16 57 33 9 30 4 11 4 61 24 4 9 4 12 4 56 13 4 20 4 7 38 16 28 16 55 5 34 11 4 24 4 96 17 16 34 16 48 16 4 21 4 14 4 38 33 4 53 4 88 27 4 25 4 41 4 96 31 4 19 4 26 15 34 4 71 37 48 27 4 26 28 11 4 60 33 16 29 16 89 38 4 32 4 44 4 1 16 40 20 4 31 11 5 4 43 25 4 18 4 19 4 97 20 16 13 16 37 40 4 17 4 103 7 4 47 4 5 4 53 28 4 33 43 31 4 43 18 4 36 4 41 4 29 4 60 27 4 5 4 45 4 19 4 1 32 4 28 4 16 38 27 4 35 30 4 5 4 41 4 27 23 4 45 28 17 4 80 35 4 14 28 9 4 72 28 4 18 4 91 20 8 9 4 35 24 45 4 0 24 4 27 4 6 45 4 11 4 7 4 16 4 44 16 4 14 4 9 4 33 4 92 22 4 15 4 26 15 7 12 4 40 4 22 40 4 34 4 13 4 29 4 21 20 4 11 4 12 4 77 19 4 22 4 28 4 76 24 4 5 4 36 4 17 4 107 54 4 25 4 17 4 26 4 
iteration 193 best: 0.893198 time: 74391
56 17 8 78 38 8 2 35 8 41 36 4 25 4 73 46 4 30 4 43 25 8 60 8 4 33 4 104 8 12 34 35 8 37 37 8 0 15 8 78 27 12 87 43 4 13 4 57 27 4 42 4 26 4 33 4 50 19 4 18 4 17 4 104 23 8 50 30 8 48 28 4 40 4 106 14 16 16 16 6 5 4 24 4 16 4 16 4 61 24 4 21 4 12 4 41 18 8 37 8 36 48 4 26 4 16 4 19 4 14 13 8 89 51 4 6 4 34 4 19 4 61 11 8 38 18 4 70 33 8 83 9 8 57 18 8 70 19 4 6 4 32 4 73 38 4 21 4 12 14 4 23 4 28 4 89 20 4 7 4 109 5 4 9 4 17 4 93 13 4 28 4 72 15 4 18 4 81 30 16 14 16 57 33 9 30 4 11 4 61 24 4 9 4 12 4 56 13 4 20 4 7 38 16 28 16 55 5 34 11 4 24 4 96 17 16 34 16 48 16 4 21 4 14 4 38 33 4 53 4 88 27 4 25 4 41 4 96 31 4 19 4 26 15 34 4 71 37 48 27 4 26 28 11 4 60 33 16 29 16 89 38 4 32 4 44 4 1 16 40 20 4 31 11 5 4 43 25 4 18 4 19 4 97 20 16 13 16 37 40 4 17 4 103 7 4 47 4 5 4 53 28 4 33 43 31 4 43 18 4 36 4 41 4 29 4 60 27 4 5 4 45 4 19 4 1 32 4 28 4 16 38 27 4 35 30 4 5 4 41 4 27 23 4 45 28 17 4 80 35 4 14 28 9 4 72 28 4 18 4 91 20 8 9 4 35 24 45 4 0 24 4 27 4 6 45 4 11 4 7 4 16 4 44 16 4 14 4 9 4 33 4 92 22 4 15 4 26 15 7 12 4 40 4 22 40 4 34 4 13 4 29 4 21 20 4 11 4 12 4 77 19 4 22 4 28 4 76 24 4 5 4 36 4 17 4 107 54 4 25 4 17 4 26 4 
iteration 213 best: 0.893198 time: 81957
56 17 8 78 38 8 2 35 8 41 36 4 25 4 73 46 4 30 4 43 25 8 60 8 4 33 4 104 8 12 34 35 8 37 37 8 0 15 8 78 27 12 87 43 4 13 4 57 27 4 42 4 26 4 33 4 50 19 4 18 4 17 4 104 23 8 50 30 8 48 28 4 40 4 106 14 16 16 16 6 5 4 24 4 16 4 16 4 61 24 4 21 4 12 4 41 18 8 37 8 36 48 4 26 4 16 4 19 4 14 13 8 89 51 4 6 4 34 4 19 4 61 11 8 38 18 4 70 33 8 83 9 8 57 18 8 70 19 4 6 4 32 4 73 38 4 21 4 12 14 4 23 4 28 4 89 20 4 7 4 109 5 4 9 4 17 4 93 13 4 28 4 72 15 4 18 4 81 30 16 14 16 57 33 9 30 4 11 4 61 24 4 9 4 12 4 56 13 4 20 4 7 38 16 28 16 55 5 34 11 4 24 4 96 17 16 34 16 48 16 4 21 4 14 4 38 33 4 53 4 88 27 4 25 4 41 4 96 31 4 19 4 26 15 34 4 71 37 48 27 4 26 28 11 4 60 33 16 29 16 89 38 4 32 4 44 4 1 16 40 20 4 31 11 5 4 43 25 4 18 4 19 4 97 20 16 13 16 37 40 4 17 4 103 7 4 47 4 5 4 53 28 4 33 43 31 4 43 18 4 36 4 41 4 29 4 60 27 4 5 4 45 4 19 4 1 32 4 28 4 16 38 27 4 35 30 4 5 4 41 4 27 23 4 45 28 17 4 80 35 4 14 28 9 4 72 28 4 18 4 91 20 8 9 4 35 24 45 4 0 24 4 27 4 6 45 4 11 4 7 4 16 4 44 16 4 14 4 9 4 33 4 92 22 4 15 4 26 15 7 12 4 40 4 22 40 4 34 4 13 4 29 4 21 20 4 11 4 12 4 77 19 4 22 4 28 4 76 24 4 5 4 36 4 17 4 107 54 4 25 4 17 4 26 4 
iteration 233 best: 0.893198 time: 89504
56 17 8 78 38 8 2 35 8 41 36 4 25 4 73 46 4 30 4 43 25 8 60 8 4 33 4 104 8 12 34 35 8 37 37 8 0 15 8 78 27 12 87 43 4 13 4 57 27 4 42 4 26 4 33 4 50 19 4 18 4 17 4 104 23 8 50 30 8 48 28 4 40 4 106 14 16 16 16 6 5 4 24 4 16 4 16 4 61 24 4 21 4 12 4 41 18 8 37 8 36 48 4 26 4 16 4 19 4 14 13 8 89 51 4 6 4 34 4 19 4 61 11 8 38 18 4 70 33 8 83 9 8 57 18 8 70 19 4 6 4 32 4 73 38 4 21 4 12 14 4 23 4 28 4 89 20 4 7 4 109 5 4 9 4 17 4 93 13 4 28 4 72 15 4 18 4 81 30 16 14 16 57 33 9 30 4 11 4 61 24 4 9 4 12 4 56 13 4 20 4 7 38 16 28 16 55 5 34 11 4 24 4 96 17 16 34 16 48 16 4 21 4 14 4 38 33 4 53 4 88 27 4 25 4 41 4 96 31 4 19 4 26 15 34 4 71 37 48 27 4 26 28 11 4 60 33 16 29 16 89 38 4 32 4 44 4 1 16 40 20 4 31 11 5 4 43 25 4 18 4 19 4 97 20 16 13 16 37 40 4 17 4 103 7 4 47 4 5 4 53 28 4 33 43 31 4 43 18 4 36 4 41 4 29 4 60 27 4 5 4 45 4 19 4 1 32 4 28 4 16 38 27 4 35 30 4 5 4 41 4 27 23 4 45 28 17 4 80 35 4 14 28 9 4 72 28 4 18 4 91 20 8 9 4 35 24 45 4 0 24 4 27 4 6 45 4 11 4 7 4 16 4 44 16 4 14 4 9 4 33 4 92 22 4 15 4 26 15 7 12 4 40 4 22 40 4 34 4 13 4 29 4 21 20 4 11 4 12 4 77 19 4 22 4 28 4 76 24 4 5 4 36 4 17 4 107 54 4 25 4 17 4 26 4 
iteration 253 best: 0.893198 time: 97060
56 17 8 78 38 8 2 35 8 41 36 4 25 4 73 46 4 30 4 43 25 8 60 8 4 33 4 104 8 12 34 35 8 37 37 8 0 15 8 78 27 12 87 43 4 13 4 57 27 4 42 4 26 4 33 4 50 19 4 18 4 17 4 104 23 8 50 30 8 48 28 4 40 4 106 14 16 16 16 6 5 4 24 4 16 4 16 4 61 24 4 21 4 12 4 41 18 8 37 8 36 48 4 26 4 16 4 19 4 14 13 8 89 51 4 6 4 34 4 19 4 61 11 8 38 18 4 70 33 8 83 9 8 57 18 8 70 19 4 6 4 32 4 73 38 4 21 4 12 14 4 23 4 28 4 89 20 4 7 4 109 5 4 9 4 17 4 93 13 4 28 4 72 15 4 18 4 81 30 16 14 16 57 33 9 30 4 11 4 61 24 4 9 4 12 4 56 13 4 20 4 7 38 16 28 16 55 5 34 11 4 24 4 96 17 16 34 16 48 16 4 21 4 14 4 38 33 4 53 4 88 27 4 25 4 41 4 96 31 4 19 4 26 15 34 4 71 37 48 27 4 26 28 11 4 60 33 16 29 16 89 38 4 32 4 44 4 1 16 40 20 4 31 11 5 4 43 25 4 18 4 19 4 97 20 16 13 16 37 40 4 17 4 103 7 4 47 4 5 4 53 28 4 33 43 31 4 43 18 4 36 4 41 4 29 4 60 27 4 5 4 45 4 19 4 1 32 4 28 4 16 38 27 4 35 30 4 5 4 41 4 27 23 4 45 28 17 4 80 35 4 14 28 9 4 72 28 4 18 4 91 20 8 9 4 35 24 45 4 0 24 4 27 4 6 45 4 11 4 7 4 16 4 44 16 4 14 4 9 4 33 4 92 22 4 15 4 26 15 7 12 4 40 4 22 40 4 34 4 13 4 29 4 21 20 4 11 4 12 4 77 19 4 22 4 28 4 76 24 4 5 4 36 4 17 4 107 54 4 25 4 17 4 26 4 
iteration 272 best: 0.893198 time: 104261
56 17 8 78 38 8 2 35 8 41 36 4 25 4 73 46 4 30 4 43 25 8 60 8 4 33 4 104 8 12 34 35 8 37 37 8 0 15 8 78 27 12 87 43 4 13 4 57 27 4 42 4 26 4 33 4 50 19 4 18 4 17 4 104 23 8 50 30 8 48 28 4 40 4 106 14 16 16 16 6 5 4 24 4 16 4 16 4 61 24 4 21 4 12 4 41 18 8 37 8 36 48 4 26 4 16 4 19 4 14 13 8 89 51 4 6 4 34 4 19 4 61 11 8 38 18 4 70 33 8 83 9 8 57 18 8 70 19 4 6 4 32 4 73 38 4 21 4 12 14 4 23 4 28 4 89 20 4 7 4 109 5 4 9 4 17 4 93 13 4 28 4 72 15 4 18 4 81 30 16 14 16 57 33 9 30 4 11 4 61 24 4 9 4 12 4 56 13 4 20 4 7 38 16 28 16 55 5 34 11 4 24 4 96 17 16 34 16 48 16 4 21 4 14 4 38 33 4 53 4 88 27 4 25 4 41 4 96 31 4 19 4 26 15 34 4 71 37 48 27 4 26 28 11 4 60 33 16 29 16 89 38 4 32 4 44 4 1 16 40 20 4 31 11 5 4 43 25 4 18 4 19 4 97 20 16 13 16 37 40 4 17 4 103 7 4 47 4 5 4 53 28 4 33 43 31 4 43 18 4 36 4 41 4 29 4 60 27 4 5 4 45 4 19 4 1 32 4 28 4 16 38 27 4 35 30 4 5 4 41 4 27 23 4 45 28 17 4 80 35 4 14 28 9 4 72 28 4 18 4 91 20 8 9 4 35 24 45 4 0 24 4 27 4 6 45 4 11 4 7 4 16 4 44 16 4 14 4 9 4 33 4 92 22 4 15 4 26 15 7 12 4 40 4 22 40 4 34 4 13 4 29 4 21 20 4 11 4 12 4 77 19 4 22 4 28 4 76 24 4 5 4 36 4 17 4 107 54 4 25 4 17 4 26 4 
iteration 292 best: 0.893198 time: 111810
56 17 8 78 38 8 2 35 8 41 36 4 25 4 73 46 4 30 4 43 25 8 60 8 4 33 4 104 8 12 34 35 8 37 37 8 0 15 8 78 27 12 87 43 4 13 4 57 27 4 42 4 26 4 33 4 50 19 4 18 4 17 4 104 23 8 50 30 8 48 28 4 40 4 106 14 16 16 16 6 5 4 24 4 16 4 16 4 61 24 4 21 4 12 4 41 18 8 37 8 36 48 4 26 4 16 4 19 4 14 13 8 89 51 4 6 4 34 4 19 4 61 11 8 38 18 4 70 33 8 83 9 8 57 18 8 70 19 4 6 4 32 4 73 38 4 21 4 12 14 4 23 4 28 4 89 20 4 7 4 109 5 4 9 4 17 4 93 13 4 28 4 72 15 4 18 4 81 30 16 14 16 57 33 9 30 4 11 4 61 24 4 9 4 12 4 56 13 4 20 4 7 38 16 28 16 55 5 34 11 4 24 4 96 17 16 34 16 48 16 4 21 4 14 4 38 33 4 53 4 88 27 4 25 4 41 4 96 31 4 19 4 26 15 34 4 71 37 48 27 4 26 28 11 4 60 33 16 29 16 89 38 4 32 4 44 4 1 16 40 20 4 31 11 5 4 43 25 4 18 4 19 4 97 20 16 13 16 37 40 4 17 4 103 7 4 47 4 5 4 53 28 4 33 43 31 4 43 18 4 36 4 41 4 29 4 60 27 4 5 4 45 4 19 4 1 32 4 28 4 16 38 27 4 35 30 4 5 4 41 4 27 23 4 45 28 17 4 80 35 4 14 28 9 4 72 28 4 18 4 91 20 8 9 4 35 24 45 4 0 24 4 27 4 6 45 4 11 4 7 4 16 4 44 16 4 14 4 9 4 33 4 92 22 4 15 4 26 15 7 12 4 40 4 22 40 4 34 4 13 4 29 4 21 20 4 11 4 12 4 77 19 4 22 4 28 4 76 24 4 5 4 36 4 17 4 107 54 4 25 4 17 4 26 4 
iteration 312 best: 0.893198 time: 119374
56 17 8 78 38 8 2 35 8 41 36 4 25 4 73 46 4 30 4 43 25 8 60 8 4 33 4 104 8 12 34 35 8 37 37 8 0 15 8 78 27 12 87 43 4 13 4 57 27 4 42 4 26 4 33 4 50 19 4 18 4 17 4 104 23 8 50 30 8 48 28 4 40 4 106 14 16 16 16 6 5 4 24 4 16 4 16 4 61 24 4 21 4 12 4 41 18 8 37 8 36 48 4 26 4 16 4 19 4 14 13 8 89 51 4 6 4 34 4 19 4 61 11 8 38 18 4 70 33 8 83 9 8 57 18 8 70 19 4 6 4 32 4 73 38 4 21 4 12 14 4 23 4 28 4 89 20 4 7 4 109 5 4 9 4 17 4 93 13 4 28 4 72 15 4 18 4 81 30 16 14 16 57 33 9 30 4 11 4 61 24 4 9 4 12 4 56 13 4 20 4 7 38 16 28 16 55 5 34 11 4 24 4 96 17 16 34 16 48 16 4 21 4 14 4 38 33 4 53 4 88 27 4 25 4 41 4 96 31 4 19 4 26 15 34 4 71 37 48 27 4 26 28 11 4 60 33 16 29 16 89 38 4 32 4 44 4 1 16 40 20 4 31 11 5 4 43 25 4 18 4 19 4 97 20 16 13 16 37 40 4 17 4 103 7 4 47 4 5 4 53 28 4 33 43 31 4 43 18 4 36 4 41 4 29 4 60 27 4 5 4 45 4 19 4 1 32 4 28 4 16 38 27 4 35 30 4 5 4 41 4 27 23 4 45 28 17 4 80 35 4 14 28 9 4 72 28 4 18 4 91 20 8 9 4 35 24 45 4 0 24 4 27 4 6 45 4 11 4 7 4 16 4 44 16 4 14 4 9 4 33 4 92 22 4 15 4 26 15 7 12 4 40 4 22 40 4 34 4 13 4 29 4 21 20 4 11 4 12 4 77 19 4 22 4 28 4 76 24 4 5 4 36 4 17 4 107 54 4 25 4 17 4 26 4 
iteration 332 best: 0.893198 time: 126920
56 17 8 78 38 8 2 35 8 41 36 4 25 4 73 46 4 30 4 43 25 8 60 8 4 33 4 104 8 12 34 35 8 37 37 8 0 15 8 78 27 12 87 43 4 13 4 57 27 4 42 4 26 4 33 4 50 19 4 18 4 17 4 104 23 8 50 30 8 48 28 4 40 4 106 14 16 16 16 6 5 4 24 4 16 4 16 4 61 24 4 21 4 12 4 41 18 8 37 8 36 48 4 26 4 16 4 19 4 14 13 8 89 51 4 6 4 34 4 19 4 61 11 8 38 18 4 70 33 8 83 9 8 57 18 8 70 19 4 6 4 32 4 73 38 4 21 4 12 14 4 23 4 28 4 89 20 4 7 4 109 5 4 9 4 17 4 93 13 4 28 4 72 15 4 18 4 81 30 16 14 16 57 33 9 30 4 11 4 61 24 4 9 4 12 4 56 13 4 20 4 7 38 16 28 16 55 5 34 11 4 24 4 96 17 16 34 16 48 16 4 21 4 14 4 38 33 4 53 4 88 27 4 25 4 41 4 96 31 4 19 4 26 15 34 4 71 37 48 27 4 26 28 11 4 60 33 16 29 16 89 38 4 32 4 44 4 1 16 40 20 4 31 11 5 4 43 25 4 18 4 19 4 97 20 16 13 16 37 40 4 17 4 103 7 4 47 4 5 4 53 28 4 33 43 31 4 43 18 4 36 4 41 4 29 4 60 27 4 5 4 45 4 19 4 1 32 4 28 4 16 38 27 4 35 30 4 5 4 41 4 27 23 4 45 28 17 4 80 35 4 14 28 9 4 72 28 4 18 4 91 20 8 9 4 35 24 45 4 0 24 4 27 4 6 45 4 11 4 7 4 16 4 44 16 4 14 4 9 4 33 4 92 22 4 15 4 26 15 7 12 4 40 4 22 40 4 34 4 13 4 29 4 21 20 4 11 4 12 4 77 19 4 22 4 28 4 76 24 4 5 4 36 4 17 4 107 54 4 25 4 17 4 26 4 
iteration 352 best: 0.893198 time: 134482
56 17 8 78 38 8 2 35 8 41 36 4 25 4 73 46 4 30 4 43 25 8 60 8 4 33 4 104 8 12 34 35 8 37 37 8 0 15 8 78 27 12 87 43 4 13 4 57 27 4 42 4 26 4 33 4 50 19 4 18 4 17 4 104 23 8 50 30 8 48 28 4 40 4 106 14 16 16 16 6 5 4 24 4 16 4 16 4 61 24 4 21 4 12 4 41 18 8 37 8 36 48 4 26 4 16 4 19 4 14 13 8 89 51 4 6 4 34 4 19 4 61 11 8 38 18 4 70 33 8 83 9 8 57 18 8 70 19 4 6 4 32 4 73 38 4 21 4 12 14 4 23 4 28 4 89 20 4 7 4 109 5 4 9 4 17 4 93 13 4 28 4 72 15 4 18 4 81 30 16 14 16 57 33 9 30 4 11 4 61 24 4 9 4 12 4 56 13 4 20 4 7 38 16 28 16 55 5 34 11 4 24 4 96 17 16 34 16 48 16 4 21 4 14 4 38 33 4 53 4 88 27 4 25 4 41 4 96 31 4 19 4 26 15 34 4 71 37 48 27 4 26 28 11 4 60 33 16 29 16 89 38 4 32 4 44 4 1 16 40 20 4 31 11 5 4 43 25 4 18 4 19 4 97 20 16 13 16 37 40 4 17 4 103 7 4 47 4 5 4 53 28 4 33 43 31 4 43 18 4 36 4 41 4 29 4 60 27 4 5 4 45 4 19 4 1 32 4 28 4 16 38 27 4 35 30 4 5 4 41 4 27 23 4 45 28 17 4 80 35 4 14 28 9 4 72 28 4 18 4 91 20 8 9 4 35 24 45 4 0 24 4 27 4 6 45 4 11 4 7 4 16 4 44 16 4 14 4 9 4 33 4 92 22 4 15 4 26 15 7 12 4 40 4 22 40 4 34 4 13 4 29 4 21 20 4 11 4 12 4 77 19 4 22 4 28 4 76 24 4 5 4 36 4 17 4 107 54 4 25 4 17 4 26 4 
iteration 372 best: 0.893198 time: 142042
56 17 8 78 38 8 2 35 8 41 36 4 25 4 73 46 4 30 4 43 25 8 60 8 4 33 4 104 8 12 34 35 8 37 37 8 0 15 8 78 27 12 87 43 4 13 4 57 27 4 42 4 26 4 33 4 50 19 4 18 4 17 4 104 23 8 50 30 8 48 28 4 40 4 106 14 16 16 16 6 5 4 24 4 16 4 16 4 61 24 4 21 4 12 4 41 18 8 37 8 36 48 4 26 4 16 4 19 4 14 13 8 89 51 4 6 4 34 4 19 4 61 11 8 38 18 4 70 33 8 83 9 8 57 18 8 70 19 4 6 4 32 4 73 38 4 21 4 12 14 4 23 4 28 4 89 20 4 7 4 109 5 4 9 4 17 4 93 13 4 28 4 72 15 4 18 4 81 30 16 14 16 57 33 9 30 4 11 4 61 24 4 9 4 12 4 56 13 4 20 4 7 38 16 28 16 55 5 34 11 4 24 4 96 17 16 34 16 48 16 4 21 4 14 4 38 33 4 53 4 88 27 4 25 4 41 4 96 31 4 19 4 26 15 34 4 71 37 48 27 4 26 28 11 4 60 33 16 29 16 89 38 4 32 4 44 4 1 16 40 20 4 31 11 5 4 43 25 4 18 4 19 4 97 20 16 13 16 37 40 4 17 4 103 7 4 47 4 5 4 53 28 4 33 43 31 4 43 18 4 36 4 41 4 29 4 60 27 4 5 4 45 4 19 4 1 32 4 28 4 16 38 27 4 35 30 4 5 4 41 4 27 23 4 45 28 17 4 80 35 4 14 28 9 4 72 28 4 18 4 91 20 8 9 4 35 24 45 4 0 24 4 27 4 6 45 4 11 4 7 4 16 4 44 16 4 14 4 9 4 33 4 92 22 4 15 4 26 15 7 12 4 40 4 22 40 4 34 4 13 4 29 4 21 20 4 11 4 12 4 77 19 4 22 4 28 4 76 24 4 5 4 36 4 17 4 107 54 4 25 4 17 4 26 4 
iteration 392 best: 0.893198 time: 149585
56 17 8 78 38 8 2 35 8 41 36 4 25 4 73 46 4 30 4 43 25 8 60 8 4 33 4 104 8 12 34 35 8 37 37 8 0 15 8 78 27 12 87 43 4 13 4 57 27 4 42 4 26 4 33 4 50 19 4 18 4 17 4 104 23 8 50 30 8 48 28 4 40 4 106 14 16 16 16 6 5 4 24 4 16 4 16 4 61 24 4 21 4 12 4 41 18 8 37 8 36 48 4 26 4 16 4 19 4 14 13 8 89 51 4 6 4 34 4 19 4 61 11 8 38 18 4 70 33 8 83 9 8 57 18 8 70 19 4 6 4 32 4 73 38 4 21 4 12 14 4 23 4 28 4 89 20 4 7 4 109 5 4 9 4 17 4 93 13 4 28 4 72 15 4 18 4 81 30 16 14 16 57 33 9 30 4 11 4 61 24 4 9 4 12 4 56 13 4 20 4 7 38 16 28 16 55 5 34 11 4 24 4 96 17 16 34 16 48 16 4 21 4 14 4 38 33 4 53 4 88 27 4 25 4 41 4 96 31 4 19 4 26 15 34 4 71 37 48 27 4 26 28 11 4 60 33 16 29 16 89 38 4 32 4 44 4 1 16 40 20 4 31 11 5 4 43 25 4 18 4 19 4 97 20 16 13 16 37 40 4 17 4 103 7 4 47 4 5 4 53 28 4 33 43 31 4 43 18 4 36 4 41 4 29 4 60 27 4 5 4 45 4 19 4 1 32 4 28 4 16 38 27 4 35 30 4 5 4 41 4 27 23 4 45 28 17 4 80 35 4 14 28 9 4 72 28 4 18 4 91 20 8 9 4 35 24 45 4 0 24 4 27 4 6 45 4 11 4 7 4 16 4 44 16 4 14 4 9 4 33 4 92 22 4 15 4 26 15 7 12 4 40 4 22 40 4 34 4 13 4 29 4 21 20 4 11 4 12 4 77 19 4 22 4 28 4 76 24 4 5 4 36 4 17 4 107 54 4 25 4 17 4 26 4 
iteration 412 best: 0.893198 time: 157134
56 17 8 78 38 8 2 35 8 41 36 4 25 4 73 46 4 30 4 43 25 8 60 8 4 33 4 104 8 12 34 35 8 37 37 8 0 15 8 78 27 12 87 43 4 13 4 57 27 4 42 4 26 4 33 4 50 19 4 18 4 17 4 104 23 8 50 30 8 48 28 4 40 4 106 14 16 16 16 6 5 4 24 4 16 4 16 4 61 24 4 21 4 12 4 41 18 8 37 8 36 48 4 26 4 16 4 19 4 14 13 8 89 51 4 6 4 34 4 19 4 61 11 8 38 18 4 70 33 8 83 9 8 57 18 8 70 19 4 6 4 32 4 73 38 4 21 4 12 14 4 23 4 28 4 89 20 4 7 4 109 5 4 9 4 17 4 93 13 4 28 4 72 15 4 18 4 81 30 16 14 16 57 33 9 30 4 11 4 61 24 4 9 4 12 4 56 13 4 20 4 7 38 16 28 16 55 5 34 11 4 24 4 96 17 16 34 16 48 16 4 21 4 14 4 38 33 4 53 4 88 27 4 25 4 41 4 96 31 4 19 4 26 15 34 4 71 37 48 27 4 26 28 11 4 60 33 16 29 16 89 38 4 32 4 44 4 1 16 40 20 4 31 11 5 4 43 25 4 18 4 19 4 97 20 16 13 16 37 40 4 17 4 103 7 4 47 4 5 4 53 28 4 33 43 31 4 43 18 4 36 4 41 4 29 4 60 27 4 5 4 45 4 19 4 1 32 4 28 4 16 38 27 4 35 30 4 5 4 41 4 27 23 4 45 28 17 4 80 35 4 14 28 9 4 72 28 4 18 4 91 20 8 9 4 35 24 45 4 0 24 4 27 4 6 45 4 11 4 7 4 16 4 44 16 4 14 4 9 4 33 4 92 22 4 15 4 26 15 7 12 4 40 4 22 40 4 34 4 13 4 29 4 21 20 4 11 4 12 4 77 19 4 22 4 28 4 76 24 4 5 4 36 4 17 4 107 54 4 25 4 17 4 26 4 
iteration 432 best: 0.893198 time: 164679
56 17 8 78 38 8 2 35 8 41 36 4 25 4 73 46 4 30 4 43 25 8 60 8 4 33 4 104 8 12 34 35 8 37 37 8 0 15 8 78 27 12 87 43 4 13 4 57 27 4 42 4 26 4 33 4 50 19 4 18 4 17 4 104 23 8 50 30 8 48 28 4 40 4 106 14 16 16 16 6 5 4 24 4 16 4 16 4 61 24 4 21 4 12 4 41 18 8 37 8 36 48 4 26 4 16 4 19 4 14 13 8 89 51 4 6 4 34 4 19 4 61 11 8 38 18 4 70 33 8 83 9 8 57 18 8 70 19 4 6 4 32 4 73 38 4 21 4 12 14 4 23 4 28 4 89 20 4 7 4 109 5 4 9 4 17 4 93 13 4 28 4 72 15 4 18 4 81 30 16 14 16 57 33 9 30 4 11 4 61 24 4 9 4 12 4 56 13 4 20 4 7 38 16 28 16 55 5 34 11 4 24 4 96 17 16 34 16 48 16 4 21 4 14 4 38 33 4 53 4 88 27 4 25 4 41 4 96 31 4 19 4 26 15 34 4 71 37 48 27 4 26 28 11 4 60 33 16 29 16 89 38 4 32 4 44 4 1 16 40 20 4 31 11 5 4 43 25 4 18 4 19 4 97 20 16 13 16 37 40 4 17 4 103 7 4 47 4 5 4 53 28 4 33 43 31 4 43 18 4 36 4 41 4 29 4 60 27 4 5 4 45 4 19 4 1 32 4 28 4 16 38 27 4 35 30 4 5 4 41 4 27 23 4 45 28 17 4 80 35 4 14 28 9 4 72 28 4 18 4 91 20 8 9 4 35 24 45 4 0 24 4 27 4 6 45 4 11 4 7 4 16 4 44 16 4 14 4 9 4 33 4 92 22 4 15 4 26 15 7 12 4 40 4 22 40 4 34 4 13 4 29 4 21 20 4 11 4 12 4 77 19 4 22 4 28 4 76 24 4 5 4 36 4 17 4 107 54 4 25 4 17 4 26 4 
iteration 452 best: 0.893198 time: 172234
56 17 8 78 38 8 2 35 8 41 36 4 25 4 73 46 4 30 4 43 25 8 60 8 4 33 4 104 8 12 34 35 8 37 37 8 0 15 8 78 27 12 87 43 4 13 4 57 27 4 42 4 26 4 33 4 50 19 4 18 4 17 4 104 23 8 50 30 8 48 28 4 40 4 106 14 16 16 16 6 5 4 24 4 16 4 16 4 61 24 4 21 4 12 4 41 18 8 37 8 36 48 4 26 4 16 4 19 4 14 13 8 89 51 4 6 4 34 4 19 4 61 11 8 38 18 4 70 33 8 83 9 8 57 18 8 70 19 4 6 4 32 4 73 38 4 21 4 12 14 4 23 4 28 4 89 20 4 7 4 109 5 4 9 4 17 4 93 13 4 28 4 72 15 4 18 4 81 30 16 14 16 57 33 9 30 4 11 4 61 24 4 9 4 12 4 56 13 4 20 4 7 38 16 28 16 55 5 34 11 4 24 4 96 17 16 34 16 48 16 4 21 4 14 4 38 33 4 53 4 88 27 4 25 4 41 4 96 31 4 19 4 26 15 34 4 71 37 48 27 4 26 28 11 4 60 33 16 29 16 89 38 4 32 4 44 4 1 16 40 20 4 31 11 5 4 43 25 4 18 4 19 4 97 20 16 13 16 37 40 4 17 4 103 7 4 47 4 5 4 53 28 4 33 43 31 4 43 18 4 36 4 41 4 29 4 60 27 4 5 4 45 4 19 4 1 32 4 28 4 16 38 27 4 35 30 4 5 4 41 4 27 23 4 45 28 17 4 80 35 4 14 28 9 4 72 28 4 18 4 91 20 8 9 4 35 24 45 4 0 24 4 27 4 6 45 4 11 4 7 4 16 4 44 16 4 14 4 9 4 33 4 92 22 4 15 4 26 15 7 12 4 40 4 22 40 4 34 4 13 4 29 4 21 20 4 11 4 12 4 77 19 4 22 4 28 4 76 24 4 5 4 36 4 17 4 107 54 4 25 4 17 4 26 4 
iteration 472 best: 0.893198 time: 179781
56 17 8 78 38 8 2 35 8 41 36 4 25 4 73 46 4 30 4 43 25 8 60 8 4 33 4 104 8 12 34 35 8 37 37 8 0 15 8 78 27 12 87 43 4 13 4 57 27 4 42 4 26 4 33 4 50 19 4 18 4 17 4 104 23 8 50 30 8 48 28 4 40 4 106 14 16 16 16 6 5 4 24 4 16 4 16 4 61 24 4 21 4 12 4 41 18 8 37 8 36 48 4 26 4 16 4 19 4 14 13 8 89 51 4 6 4 34 4 19 4 61 11 8 38 18 4 70 33 8 83 9 8 57 18 8 70 19 4 6 4 32 4 73 38 4 21 4 12 14 4 23 4 28 4 89 20 4 7 4 109 5 4 9 4 17 4 93 13 4 28 4 72 15 4 18 4 81 30 16 14 16 57 33 9 30 4 11 4 61 24 4 9 4 12 4 56 13 4 20 4 7 38 16 28 16 55 5 34 11 4 24 4 96 17 16 34 16 48 16 4 21 4 14 4 38 33 4 53 4 88 27 4 25 4 41 4 96 31 4 19 4 26 15 34 4 71 37 48 27 4 26 28 11 4 60 33 16 29 16 89 38 4 32 4 44 4 1 16 40 20 4 31 11 5 4 43 25 4 18 4 19 4 97 20 16 13 16 37 40 4 17 4 103 7 4 47 4 5 4 53 28 4 33 43 31 4 43 18 4 36 4 41 4 29 4 60 27 4 5 4 45 4 19 4 1 32 4 28 4 16 38 27 4 35 30 4 5 4 41 4 27 23 4 45 28 17 4 80 35 4 14 28 9 4 72 28 4 18 4 91 20 8 9 4 35 24 45 4 0 24 4 27 4 6 45 4 11 4 7 4 16 4 44 16 4 14 4 9 4 33 4 92 22 4 15 4 26 15 7 12 4 40 4 22 40 4 34 4 13 4 29 4 21 20 4 11 4 12 4 77 19 4 22 4 28 4 76 24 4 5 4 36 4 17 4 107 54 4 25 4 17 4 26 4 
iteration 492 best: 0.893198 time: 187317
56 17 8 78 38 8 2 35 8 41 36 4 25 4 73 46 4 30 4 43 25 8 60 8 4 33 4 104 8 12 34 35 8 37 37 8 0 15 8 78 27 12 87 43 4 13 4 57 27 4 42 4 26 4 33 4 50 19 4 18 4 17 4 104 23 8 50 30 8 48 28 4 40 4 106 14 16 16 16 6 5 4 24 4 16 4 16 4 61 24 4 21 4 12 4 41 18 8 37 8 36 48 4 26 4 16 4 19 4 14 13 8 89 51 4 6 4 34 4 19 4 61 11 8 38 18 4 70 33 8 83 9 8 57 18 8 70 19 4 6 4 32 4 73 38 4 21 4 12 14 4 23 4 28 4 89 20 4 7 4 109 5 4 9 4 17 4 93 13 4 28 4 72 15 4 18 4 81 30 16 14 16 57 33 9 30 4 11 4 61 24 4 9 4 12 4 56 13 4 20 4 7 38 16 28 16 55 5 34 11 4 24 4 96 17 16 34 16 48 16 4 21 4 14 4 38 33 4 53 4 88 27 4 25 4 41 4 96 31 4 19 4 26 15 34 4 71 37 48 27 4 26 28 11 4 60 33 16 29 16 89 38 4 32 4 44 4 1 16 40 20 4 31 11 5 4 43 25 4 18 4 19 4 97 20 16 13 16 37 40 4 17 4 103 7 4 47 4 5 4 53 28 4 33 43 31 4 43 18 4 36 4 41 4 29 4 60 27 4 5 4 45 4 19 4 1 32 4 28 4 16 38 27 4 35 30 4 5 4 41 4 27 23 4 45 28 17 4 80 35 4 14 28 9 4 72 28 4 18 4 91 20 8 9 4 35 24 45 4 0 24 4 27 4 6 45 4 11 4 7 4 16 4 44 16 4 14 4 9 4 33 4 92 22 4 15 4 26 15 7 12 4 40 4 22 40 4 34 4 13 4 29 4 21 20 4 11 4 12 4 77 19 4 22 4 28 4 76 24 4 5 4 36 4 17 4 107 54 4 25 4 17 4 26 4 
iteration 512 best: 0.893198 time: 194894
56 17 8 78 38 8 2 35 8 41 36 4 25 4 73 46 4 30 4 43 25 8 60 8 4 33 4 104 8 12 34 35 8 37 37 8 0 15 8 78 27 12 87 43 4 13 4 57 27 4 42 4 26 4 33 4 50 19 4 18 4 17 4 104 23 8 50 30 8 48 28 4 40 4 106 14 16 16 16 6 5 4 24 4 16 4 16 4 61 24 4 21 4 12 4 41 18 8 37 8 36 48 4 26 4 16 4 19 4 14 13 8 89 51 4 6 4 34 4 19 4 61 11 8 38 18 4 70 33 8 83 9 8 57 18 8 70 19 4 6 4 32 4 73 38 4 21 4 12 14 4 23 4 28 4 89 20 4 7 4 109 5 4 9 4 17 4 93 13 4 28 4 72 15 4 18 4 81 30 16 14 16 57 33 9 30 4 11 4 61 24 4 9 4 12 4 56 13 4 20 4 7 38 16 28 16 55 5 34 11 4 24 4 96 17 16 34 16 48 16 4 21 4 14 4 38 33 4 53 4 88 27 4 25 4 41 4 96 31 4 19 4 26 15 34 4 71 37 48 27 4 26 28 11 4 60 33 16 29 16 89 38 4 32 4 44 4 1 16 40 20 4 31 11 5 4 43 25 4 18 4 19 4 97 20 16 13 16 37 40 4 17 4 103 7 4 47 4 5 4 53 28 4 33 43 31 4 43 18 4 36 4 41 4 29 4 60 27 4 5 4 45 4 19 4 1 32 4 28 4 16 38 27 4 35 30 4 5 4 41 4 27 23 4 45 28 17 4 80 35 4 14 28 9 4 72 28 4 18 4 91 20 8 9 4 35 24 45 4 0 24 4 27 4 6 45 4 11 4 7 4 16 4 44 16 4 14 4 9 4 33 4 92 22 4 15 4 26 15 7 12 4 40 4 22 40 4 34 4 13 4 29 4 21 20 4 11 4 12 4 77 19 4 22 4 28 4 76 24 4 5 4 36 4 17 4 107 54 4 25 4 17 4 26 4 
iteration 532 best: 0.893198 time: 202445
56 17 8 78 38 8 2 35 8 41 36 4 25 4 73 46 4 30 4 43 25 8 60 8 4 33 4 104 8 12 34 35 8 37 37 8 0 15 8 78 27 12 87 43 4 13 4 57 27 4 42 4 26 4 33 4 50 19 4 18 4 17 4 104 23 8 50 30 8 48 28 4 40 4 106 14 16 16 16 6 5 4 24 4 16 4 16 4 61 24 4 21 4 12 4 41 18 8 37 8 36 48 4 26 4 16 4 19 4 14 13 8 89 51 4 6 4 34 4 19 4 61 11 8 38 18 4 70 33 8 83 9 8 57 18 8 70 19 4 6 4 32 4 73 38 4 21 4 12 14 4 23 4 28 4 89 20 4 7 4 109 5 4 9 4 17 4 93 13 4 28 4 72 15 4 18 4 81 30 16 14 16 57 33 9 30 4 11 4 61 24 4 9 4 12 4 56 13 4 20 4 7 38 16 28 16 55 5 34 11 4 24 4 96 17 16 34 16 48 16 4 21 4 14 4 38 33 4 53 4 88 27 4 25 4 41 4 96 31 4 19 4 26 15 34 4 71 37 48 27 4 26 28 11 4 60 33 16 29 16 89 38 4 32 4 44 4 1 16 40 20 4 31 11 5 4 43 25 4 18 4 19 4 97 20 16 13 16 37 40 4 17 4 103 7 4 47 4 5 4 53 28 4 33 43 31 4 43 18 4 36 4 41 4 29 4 60 27 4 5 4 45 4 19 4 1 32 4 28 4 16 38 27 4 35 30 4 5 4 41 4 27 23 4 45 28 17 4 80 35 4 14 28 9 4 72 28 4 18 4 91 20 8 9 4 35 24 45 4 0 24 4 27 4 6 45 4 11 4 7 4 16 4 44 16 4 14 4 9 4 33 4 92 22 4 15 4 26 15 7 12 4 40 4 22 40 4 34 4 13 4 29 4 21 20 4 11 4 12 4 77 19 4 22 4 28 4 76 24 4 5 4 36 4 17 4 107 54 4 25 4 17 4 26 4 
iteration 552 best: 0.893198 time: 209973
56 17 8 78 38 8 2 35 8 41 36 4 25 4 73 46 4 30 4 43 25 8 60 8 4 33 4 104 8 12 34 35 8 37 37 8 0 15 8 78 27 12 87 43 4 13 4 57 27 4 42 4 26 4 33 4 50 19 4 18 4 17 4 104 23 8 50 30 8 48 28 4 40 4 106 14 16 16 16 6 5 4 24 4 16 4 16 4 61 24 4 21 4 12 4 41 18 8 37 8 36 48 4 26 4 16 4 19 4 14 13 8 89 51 4 6 4 34 4 19 4 61 11 8 38 18 4 70 33 8 83 9 8 57 18 8 70 19 4 6 4 32 4 73 38 4 21 4 12 14 4 23 4 28 4 89 20 4 7 4 109 5 4 9 4 17 4 93 13 4 28 4 72 15 4 18 4 81 30 16 14 16 57 33 9 30 4 11 4 61 24 4 9 4 12 4 56 13 4 20 4 7 38 16 28 16 55 5 34 11 4 24 4 96 17 16 34 16 48 16 4 21 4 14 4 38 33 4 53 4 88 27 4 25 4 41 4 96 31 4 19 4 26 15 34 4 71 37 48 27 4 26 28 11 4 60 33 16 29 16 89 38 4 32 4 44 4 1 16 40 20 4 31 11 5 4 43 25 4 18 4 19 4 97 20 16 13 16 37 40 4 17 4 103 7 4 47 4 5 4 53 28 4 33 43 31 4 43 18 4 36 4 41 4 29 4 60 27 4 5 4 45 4 19 4 1 32 4 28 4 16 38 27 4 35 30 4 5 4 41 4 27 23 4 45 28 17 4 80 35 4 14 28 9 4 72 28 4 18 4 91 20 8 9 4 35 24 45 4 0 24 4 27 4 6 45 4 11 4 7 4 16 4 44 16 4 14 4 9 4 33 4 92 22 4 15 4 26 15 7 12 4 40 4 22 40 4 34 4 13 4 29 4 21 20 4 11 4 12 4 77 19 4 22 4 28 4 76 24 4 5 4 36 4 17 4 107 54 4 25 4 17 4 26 4 
iteration 572 best: 0.893198 time: 217533
56 17 8 78 38 8 2 35 8 41 36 4 25 4 73 46 4 30 4 43 25 8 60 8 4 33 4 104 8 12 34 35 8 37 37 8 0 15 8 78 27 12 87 43 4 13 4 57 27 4 42 4 26 4 33 4 50 19 4 18 4 17 4 104 23 8 50 30 8 48 28 4 40 4 106 14 16 16 16 6 5 4 24 4 16 4 16 4 61 24 4 21 4 12 4 41 18 8 37 8 36 48 4 26 4 16 4 19 4 14 13 8 89 51 4 6 4 34 4 19 4 61 11 8 38 18 4 70 33 8 83 9 8 57 18 8 70 19 4 6 4 32 4 73 38 4 21 4 12 14 4 23 4 28 4 89 20 4 7 4 109 5 4 9 4 17 4 93 13 4 28 4 72 15 4 18 4 81 30 16 14 16 57 33 9 30 4 11 4 61 24 4 9 4 12 4 56 13 4 20 4 7 38 16 28 16 55 5 34 11 4 24 4 96 17 16 34 16 48 16 4 21 4 14 4 38 33 4 53 4 88 27 4 25 4 41 4 96 31 4 19 4 26 15 34 4 71 37 48 27 4 26 28 11 4 60 33 16 29 16 89 38 4 32 4 44 4 1 16 40 20 4 31 11 5 4 43 25 4 18 4 19 4 97 20 16 13 16 37 40 4 17 4 103 7 4 47 4 5 4 53 28 4 33 43 31 4 43 18 4 36 4 41 4 29 4 60 27 4 5 4 45 4 19 4 1 32 4 28 4 16 38 27 4 35 30 4 5 4 41 4 27 23 4 45 28 17 4 80 35 4 14 28 9 4 72 28 4 18 4 91 20 8 9 4 35 24 45 4 0 24 4 27 4 6 45 4 11 4 7 4 16 4 44 16 4 14 4 9 4 33 4 92 22 4 15 4 26 15 7 12 4 40 4 22 40 4 34 4 13 4 29 4 21 20 4 11 4 12 4 77 19 4 22 4 28 4 76 24 4 5 4 36 4 17 4 107 54 4 25 4 17 4 26 4 
iteration 591 best: 0.893198 time: 224746
56 17 8 78 38 8 2 35 8 41 36 4 25 4 73 46 4 30 4 43 25 8 60 8 4 33 4 104 8 12 34 35 8 37 37 8 0 15 8 78 27 12 87 43 4 13 4 57 27 4 42 4 26 4 33 4 50 19 4 18 4 17 4 104 23 8 50 30 8 48 28 4 40 4 106 14 16 16 16 6 5 4 24 4 16 4 16 4 61 24 4 21 4 12 4 41 18 8 37 8 36 48 4 26 4 16 4 19 4 14 13 8 89 51 4 6 4 34 4 19 4 61 11 8 38 18 4 70 33 8 83 9 8 57 18 8 70 19 4 6 4 32 4 73 38 4 21 4 12 14 4 23 4 28 4 89 20 4 7 4 109 5 4 9 4 17 4 93 13 4 28 4 72 15 4 18 4 81 30 16 14 16 57 33 9 30 4 11 4 61 24 4 9 4 12 4 56 13 4 20 4 7 38 16 28 16 55 5 34 11 4 24 4 96 17 16 34 16 48 16 4 21 4 14 4 38 33 4 53 4 88 27 4 25 4 41 4 96 31 4 19 4 26 15 34 4 71 37 48 27 4 26 28 11 4 60 33 16 29 16 89 38 4 32 4 44 4 1 16 40 20 4 31 11 5 4 43 25 4 18 4 19 4 97 20 16 13 16 37 40 4 17 4 103 7 4 47 4 5 4 53 28 4 33 43 31 4 43 18 4 36 4 41 4 29 4 60 27 4 5 4 45 4 19 4 1 32 4 28 4 16 38 27 4 35 30 4 5 4 41 4 27 23 4 45 28 17 4 80 35 4 14 28 9 4 72 28 4 18 4 91 20 8 9 4 35 24 45 4 0 24 4 27 4 6 45 4 11 4 7 4 16 4 44 16 4 14 4 9 4 33 4 92 22 4 15 4 26 15 7 12 4 40 4 22 40 4 34 4 13 4 29 4 21 20 4 11 4 12 4 77 19 4 22 4 28 4 76 24 4 5 4 36 4 17 4 107 54 4 25 4 17 4 26 4 
iteration 611 best: 0.893198 time: 232314
56 17 8 78 38 8 2 35 8 41 36 4 25 4 73 46 4 30 4 43 25 8 60 8 4 33 4 104 8 12 34 35 8 37 37 8 0 15 8 78 27 12 87 43 4 13 4 57 27 4 42 4 26 4 33 4 50 19 4 18 4 17 4 104 23 8 50 30 8 48 28 4 40 4 106 14 16 16 16 6 5 4 24 4 16 4 16 4 61 24 4 21 4 12 4 41 18 8 37 8 36 48 4 26 4 16 4 19 4 14 13 8 89 51 4 6 4 34 4 19 4 61 11 8 38 18 4 70 33 8 83 9 8 57 18 8 70 19 4 6 4 32 4 73 38 4 21 4 12 14 4 23 4 28 4 89 20 4 7 4 109 5 4 9 4 17 4 93 13 4 28 4 72 15 4 18 4 81 30 16 14 16 57 33 9 30 4 11 4 61 24 4 9 4 12 4 56 13 4 20 4 7 38 16 28 16 55 5 34 11 4 24 4 96 17 16 34 16 48 16 4 21 4 14 4 38 33 4 53 4 88 27 4 25 4 41 4 96 31 4 19 4 26 15 34 4 71 37 48 27 4 26 28 11 4 60 33 16 29 16 89 38 4 32 4 44 4 1 16 40 20 4 31 11 5 4 43 25 4 18 4 19 4 97 20 16 13 16 37 40 4 17 4 103 7 4 47 4 5 4 53 28 4 33 43 31 4 43 18 4 36 4 41 4 29 4 60 27 4 5 4 45 4 19 4 1 32 4 28 4 16 38 27 4 35 30 4 5 4 41 4 27 23 4 45 28 17 4 80 35 4 14 28 9 4 72 28 4 18 4 91 20 8 9 4 35 24 45 4 0 24 4 27 4 6 45 4 11 4 7 4 16 4 44 16 4 14 4 9 4 33 4 92 22 4 15 4 26 15 7 12 4 40 4 22 40 4 34 4 13 4 29 4 21 20 4 11 4 12 4 77 19 4 22 4 28 4 76 24 4 5 4 36 4 17 4 107 54 4 25 4 17 4 26 4 
iteration 630 best: 0.893198 time: 239524
56 17 8 78 38 8 2 35 8 41 36 4 25 4 73 46 4 30 4 43 25 8 60 8 4 33 4 104 8 12 34 35 8 37 37 8 0 15 8 78 27 12 87 43 4 13 4 57 27 4 42 4 26 4 33 4 50 19 4 18 4 17 4 104 23 8 50 30 8 48 28 4 40 4 106 14 16 16 16 6 5 4 24 4 16 4 16 4 61 24 4 21 4 12 4 41 18 8 37 8 36 48 4 26 4 16 4 19 4 14 13 8 89 51 4 6 4 34 4 19 4 61 11 8 38 18 4 70 33 8 83 9 8 57 18 8 70 19 4 6 4 32 4 73 38 4 21 4 12 14 4 23 4 28 4 89 20 4 7 4 109 5 4 9 4 17 4 93 13 4 28 4 72 15 4 18 4 81 30 16 14 16 57 33 9 30 4 11 4 61 24 4 9 4 12 4 56 13 4 20 4 7 38 16 28 16 55 5 34 11 4 24 4 96 17 16 34 16 48 16 4 21 4 14 4 38 33 4 53 4 88 27 4 25 4 41 4 96 31 4 19 4 26 15 34 4 71 37 48 27 4 26 28 11 4 60 33 16 29 16 89 38 4 32 4 44 4 1 16 40 20 4 31 11 5 4 43 25 4 18 4 19 4 97 20 16 13 16 37 40 4 17 4 103 7 4 47 4 5 4 53 28 4 33 43 31 4 43 18 4 36 4 41 4 29 4 60 27 4 5 4 45 4 19 4 1 32 4 28 4 16 38 27 4 35 30 4 5 4 41 4 27 23 4 45 28 17 4 80 35 4 14 28 9 4 72 28 4 18 4 91 20 8 9 4 35 24 45 4 0 24 4 27 4 6 45 4 11 4 7 4 16 4 44 16 4 14 4 9 4 33 4 92 22 4 15 4 26 15 7 12 4 40 4 22 40 4 34 4 13 4 29 4 21 20 4 11 4 12 4 77 19 4 22 4 28 4 76 24 4 5 4 36 4 17 4 107 54 4 25 4 17 4 26 4 
iteration 650 best: 0.893198 time: 247072
56 17 8 78 38 8 2 35 8 41 36 4 25 4 73 46 4 30 4 43 25 8 60 8 4 33 4 104 8 12 34 35 8 37 37 8 0 15 8 78 27 12 87 43 4 13 4 57 27 4 42 4 26 4 33 4 50 19 4 18 4 17 4 104 23 8 50 30 8 48 28 4 40 4 106 14 16 16 16 6 5 4 24 4 16 4 16 4 61 24 4 21 4 12 4 41 18 8 37 8 36 48 4 26 4 16 4 19 4 14 13 8 89 51 4 6 4 34 4 19 4 61 11 8 38 18 4 70 33 8 83 9 8 57 18 8 70 19 4 6 4 32 4 73 38 4 21 4 12 14 4 23 4 28 4 89 20 4 7 4 109 5 4 9 4 17 4 93 13 4 28 4 72 15 4 18 4 81 30 16 14 16 57 33 9 30 4 11 4 61 24 4 9 4 12 4 56 13 4 20 4 7 38 16 28 16 55 5 34 11 4 24 4 96 17 16 34 16 48 16 4 21 4 14 4 38 33 4 53 4 88 27 4 25 4 41 4 96 31 4 19 4 26 15 34 4 71 37 48 27 4 26 28 11 4 60 33 16 29 16 89 38 4 32 4 44 4 1 16 40 20 4 31 11 5 4 43 25 4 18 4 19 4 97 20 16 13 16 37 40 4 17 4 103 7 4 47 4 5 4 53 28 4 33 43 31 4 43 18 4 36 4 41 4 29 4 60 27 4 5 4 45 4 19 4 1 32 4 28 4 16 38 27 4 35 30 4 5 4 41 4 27 23 4 45 28 17 4 80 35 4 14 28 9 4 72 28 4 18 4 91 20 8 9 4 35 24 45 4 0 24 4 27 4 6 45 4 11 4 7 4 16 4 44 16 4 14 4 9 4 33 4 92 22 4 15 4 26 15 7 12 4 40 4 22 40 4 34 4 13 4 29 4 21 20 4 11 4 12 4 77 19 4 22 4 28 4 76 24 4 5 4 36 4 17 4 107 54 4 25 4 17 4 26 4 
iteration 670 best: 0.893198 time: 254622
56 17 8 78 38 8 2 35 8 41 36 4 25 4 73 46 4 30 4 43 25 8 60 8 4 33 4 104 8 12 34 35 8 37 37 8 0 15 8 78 27 12 87 43 4 13 4 57 27 4 42 4 26 4 33 4 50 19 4 18 4 17 4 104 23 8 50 30 8 48 28 4 40 4 106 14 16 16 16 6 5 4 24 4 16 4 16 4 61 24 4 21 4 12 4 41 18 8 37 8 36 48 4 26 4 16 4 19 4 14 13 8 89 51 4 6 4 34 4 19 4 61 11 8 38 18 4 70 33 8 83 9 8 57 18 8 70 19 4 6 4 32 4 73 38 4 21 4 12 14 4 23 4 28 4 89 20 4 7 4 109 5 4 9 4 17 4 93 13 4 28 4 72 15 4 18 4 81 30 16 14 16 57 33 9 30 4 11 4 61 24 4 9 4 12 4 56 13 4 20 4 7 38 16 28 16 55 5 34 11 4 24 4 96 17 16 34 16 48 16 4 21 4 14 4 38 33 4 53 4 88 27 4 25 4 41 4 96 31 4 19 4 26 15 34 4 71 37 48 27 4 26 28 11 4 60 33 16 29 16 89 38 4 32 4 44 4 1 16 40 20 4 31 11 5 4 43 25 4 18 4 19 4 97 20 16 13 16 37 40 4 17 4 103 7 4 47 4 5 4 53 28 4 33 43 31 4 43 18 4 36 4 41 4 29 4 60 27 4 5 4 45 4 19 4 1 32 4 28 4 16 38 27 4 35 30 4 5 4 41 4 27 23 4 45 28 17 4 80 35 4 14 28 9 4 72 28 4 18 4 91 20 8 9 4 35 24 45 4 0 24 4 27 4 6 45 4 11 4 7 4 16 4 44 16 4 14 4 9 4 33 4 92 22 4 15 4 26 15 7 12 4 40 4 22 40 4 34 4 13 4 29 4 21 20 4 11 4 12 4 77 19 4 22 4 28 4 76 24 4 5 4 36 4 17 4 107 54 4 25 4 17 4 26 4 
iteration 690 best: 0.893198 time: 262160
56 17 8 78 38 8 2 35 8 41 36 4 25 4 73 46 4 30 4 43 25 8 60 8 4 33 4 104 8 12 34 35 8 37 37 8 0 15 8 78 27 12 87 43 4 13 4 57 27 4 42 4 26 4 33 4 50 19 4 18 4 17 4 104 23 8 50 30 8 48 28 4 40 4 106 14 16 16 16 6 5 4 24 4 16 4 16 4 61 24 4 21 4 12 4 41 18 8 37 8 36 48 4 26 4 16 4 19 4 14 13 8 89 51 4 6 4 34 4 19 4 61 11 8 38 18 4 70 33 8 83 9 8 57 18 8 70 19 4 6 4 32 4 73 38 4 21 4 12 14 4 23 4 28 4 89 20 4 7 4 109 5 4 9 4 17 4 93 13 4 28 4 72 15 4 18 4 81 30 16 14 16 57 33 9 30 4 11 4 61 24 4 9 4 12 4 56 13 4 20 4 7 38 16 28 16 55 5 34 11 4 24 4 96 17 16 34 16 48 16 4 21 4 14 4 38 33 4 53 4 88 27 4 25 4 41 4 96 31 4 19 4 26 15 34 4 71 37 48 27 4 26 28 11 4 60 33 16 29 16 89 38 4 32 4 44 4 1 16 40 20 4 31 11 5 4 43 25 4 18 4 19 4 97 20 16 13 16 37 40 4 17 4 103 7 4 47 4 5 4 53 28 4 33 43 31 4 43 18 4 36 4 41 4 29 4 60 27 4 5 4 45 4 19 4 1 32 4 28 4 16 38 27 4 35 30 4 5 4 41 4 27 23 4 45 28 17 4 80 35 4 14 28 9 4 72 28 4 18 4 91 20 8 9 4 35 24 45 4 0 24 4 27 4 6 45 4 11 4 7 4 16 4 44 16 4 14 4 9 4 33 4 92 22 4 15 4 26 15 7 12 4 40 4 22 40 4 34 4 13 4 29 4 21 20 4 11 4 12 4 77 19 4 22 4 28 4 76 24 4 5 4 36 4 17 4 107 54 4 25 4 17 4 26 4 
iteration 710 best: 0.893198 time: 269687
56 17 8 78 38 8 2 35 8 41 36 4 25 4 73 46 4 30 4 43 25 8 60 8 4 33 4 104 8 12 34 35 8 37 37 8 0 15 8 78 27 12 87 43 4 13 4 57 27 4 42 4 26 4 33 4 50 19 4 18 4 17 4 104 23 8 50 30 8 48 28 4 40 4 106 14 16 16 16 6 5 4 24 4 16 4 16 4 61 24 4 21 4 12 4 41 18 8 37 8 36 48 4 26 4 16 4 19 4 14 13 8 89 51 4 6 4 34 4 19 4 61 11 8 38 18 4 70 33 8 83 9 8 57 18 8 70 19 4 6 4 32 4 73 38 4 21 4 12 14 4 23 4 28 4 89 20 4 7 4 109 5 4 9 4 17 4 93 13 4 28 4 72 15 4 18 4 81 30 16 14 16 57 33 9 30 4 11 4 61 24 4 9 4 12 4 56 13 4 20 4 7 38 16 28 16 55 5 34 11 4 24 4 96 17 16 34 16 48 16 4 21 4 14 4 38 33 4 53 4 88 27 4 25 4 41 4 96 31 4 19 4 26 15 34 4 71 37 48 27 4 26 28 11 4 60 33 16 29 16 89 38 4 32 4 44 4 1 16 40 20 4 31 11 5 4 43 25 4 18 4 19 4 97 20 16 13 16 37 40 4 17 4 103 7 4 47 4 5 4 53 28 4 33 43 31 4 43 18 4 36 4 41 4 29 4 60 27 4 5 4 45 4 19 4 1 32 4 28 4 16 38 27 4 35 30 4 5 4 41 4 27 23 4 45 28 17 4 80 35 4 14 28 9 4 72 28 4 18 4 91 20 8 9 4 35 24 45 4 0 24 4 27 4 6 45 4 11 4 7 4 16 4 44 16 4 14 4 9 4 33 4 92 22 4 15 4 26 15 7 12 4 40 4 22 40 4 34 4 13 4 29 4 21 20 4 11 4 12 4 77 19 4 22 4 28 4 76 24 4 5 4 36 4 17 4 107 54 4 25 4 17 4 26 4 
iteration 730 best: 0.893198 time: 277226
56 17 8 78 38 8 2 35 8 41 36 4 25 4 73 46 4 30 4 43 25 8 60 8 4 33 4 104 8 12 34 35 8 37 37 8 0 15 8 78 27 12 87 43 4 13 4 57 27 4 42 4 26 4 33 4 50 19 4 18 4 17 4 104 23 8 50 30 8 48 28 4 40 4 106 14 16 16 16 6 5 4 24 4 16 4 16 4 61 24 4 21 4 12 4 41 18 8 37 8 36 48 4 26 4 16 4 19 4 14 13 8 89 51 4 6 4 34 4 19 4 61 11 8 38 18 4 70 33 8 83 9 8 57 18 8 70 19 4 6 4 32 4 73 38 4 21 4 12 14 4 23 4 28 4 89 20 4 7 4 109 5 4 9 4 17 4 93 13 4 28 4 72 15 4 18 4 81 30 16 14 16 57 33 9 30 4 11 4 61 24 4 9 4 12 4 56 13 4 20 4 7 38 16 28 16 55 5 34 11 4 24 4 96 17 16 34 16 48 16 4 21 4 14 4 38 33 4 53 4 88 27 4 25 4 41 4 96 31 4 19 4 26 15 34 4 71 37 48 27 4 26 28 11 4 60 33 16 29 16 89 38 4 32 4 44 4 1 16 40 20 4 31 11 5 4 43 25 4 18 4 19 4 97 20 16 13 16 37 40 4 17 4 103 7 4 47 4 5 4 53 28 4 33 43 31 4 43 18 4 36 4 41 4 29 4 60 27 4 5 4 45 4 19 4 1 32 4 28 4 16 38 27 4 35 30 4 5 4 41 4 27 23 4 45 28 17 4 80 35 4 14 28 9 4 72 28 4 18 4 91 20 8 9 4 35 24 45 4 0 24 4 27 4 6 45 4 11 4 7 4 16 4 44 16 4 14 4 9 4 33 4 92 22 4 15 4 26 15 7 12 4 40 4 22 40 4 34 4 13 4 29 4 21 20 4 11 4 12 4 77 19 4 22 4 28 4 76 24 4 5 4 36 4 17 4 107 54 4 25 4 17 4 26 4 
iteration 750 best: 0.893198 time: 284782
56 17 8 78 38 8 2 35 8 41 36 4 25 4 73 46 4 30 4 43 25 8 60 8 4 33 4 104 8 12 34 35 8 37 37 8 0 15 8 78 27 12 87 43 4 13 4 57 27 4 42 4 26 4 33 4 50 19 4 18 4 17 4 104 23 8 50 30 8 48 28 4 40 4 106 14 16 16 16 6 5 4 24 4 16 4 16 4 61 24 4 21 4 12 4 41 18 8 37 8 36 48 4 26 4 16 4 19 4 14 13 8 89 51 4 6 4 34 4 19 4 61 11 8 38 18 4 70 33 8 83 9 8 57 18 8 70 19 4 6 4 32 4 73 38 4 21 4 12 14 4 23 4 28 4 89 20 4 7 4 109 5 4 9 4 17 4 93 13 4 28 4 72 15 4 18 4 81 30 16 14 16 57 33 9 30 4 11 4 61 24 4 9 4 12 4 56 13 4 20 4 7 38 16 28 16 55 5 34 11 4 24 4 96 17 16 34 16 48 16 4 21 4 14 4 38 33 4 53 4 88 27 4 25 4 41 4 96 31 4 19 4 26 15 34 4 71 37 48 27 4 26 28 11 4 60 33 16 29 16 89 38 4 32 4 44 4 1 16 40 20 4 31 11 5 4 43 25 4 18 4 19 4 97 20 16 13 16 37 40 4 17 4 103 7 4 47 4 5 4 53 28 4 33 43 31 4 43 18 4 36 4 41 4 29 4 60 27 4 5 4 45 4 19 4 1 32 4 28 4 16 38 27 4 35 30 4 5 4 41 4 27 23 4 45 28 17 4 80 35 4 14 28 9 4 72 28 4 18 4 91 20 8 9 4 35 24 45 4 0 24 4 27 4 6 45 4 11 4 7 4 16 4 44 16 4 14 4 9 4 33 4 92 22 4 15 4 26 15 7 12 4 40 4 22 40 4 34 4 13 4 29 4 21 20 4 11 4 12 4 77 19 4 22 4 28 4 76 24 4 5 4 36 4 17 4 107 54 4 25 4 17 4 26 4 
iteration 770 best: 0.893198 time: 292344
56 17 8 78 38 8 2 35 8 41 36 4 25 4 73 46 4 30 4 43 25 8 60 8 4 33 4 104 8 12 34 35 8 37 37 8 0 15 8 78 27 12 87 43 4 13 4 57 27 4 42 4 26 4 33 4 50 19 4 18 4 17 4 104 23 8 50 30 8 48 28 4 40 4 106 14 16 16 16 6 5 4 24 4 16 4 16 4 61 24 4 21 4 12 4 41 18 8 37 8 36 48 4 26 4 16 4 19 4 14 13 8 89 51 4 6 4 34 4 19 4 61 11 8 38 18 4 70 33 8 83 9 8 57 18 8 70 19 4 6 4 32 4 73 38 4 21 4 12 14 4 23 4 28 4 89 20 4 7 4 109 5 4 9 4 17 4 93 13 4 28 4 72 15 4 18 4 81 30 16 14 16 57 33 9 30 4 11 4 61 24 4 9 4 12 4 56 13 4 20 4 7 38 16 28 16 55 5 34 11 4 24 4 96 17 16 34 16 48 16 4 21 4 14 4 38 33 4 53 4 88 27 4 25 4 41 4 96 31 4 19 4 26 15 34 4 71 37 48 27 4 26 28 11 4 60 33 16 29 16 89 38 4 32 4 44 4 1 16 40 20 4 31 11 5 4 43 25 4 18 4 19 4 97 20 16 13 16 37 40 4 17 4 103 7 4 47 4 5 4 53 28 4 33 43 31 4 43 18 4 36 4 41 4 29 4 60 27 4 5 4 45 4 19 4 1 32 4 28 4 16 38 27 4 35 30 4 5 4 41 4 27 23 4 45 28 17 4 80 35 4 14 28 9 4 72 28 4 18 4 91 20 8 9 4 35 24 45 4 0 24 4 27 4 6 45 4 11 4 7 4 16 4 44 16 4 14 4 9 4 33 4 92 22 4 15 4 26 15 7 12 4 40 4 22 40 4 34 4 13 4 29 4 21 20 4 11 4 12 4 77 19 4 22 4 28 4 76 24 4 5 4 36 4 17 4 107 54 4 25 4 17 4 26 4 
iteration 790 best: 0.893198 time: 299879
56 17 8 78 38 8 2 35 8 41 36 4 25 4 73 46 4 30 4 43 25 8 60 8 4 33 4 104 8 12 34 35 8 37 37 8 0 15 8 78 27 12 87 43 4 13 4 57 27 4 42 4 26 4 33 4 50 19 4 18 4 17 4 104 23 8 50 30 8 48 28 4 40 4 106 14 16 16 16 6 5 4 24 4 16 4 16 4 61 24 4 21 4 12 4 41 18 8 37 8 36 48 4 26 4 16 4 19 4 14 13 8 89 51 4 6 4 34 4 19 4 61 11 8 38 18 4 70 33 8 83 9 8 57 18 8 70 19 4 6 4 32 4 73 38 4 21 4 12 14 4 23 4 28 4 89 20 4 7 4 109 5 4 9 4 17 4 93 13 4 28 4 72 15 4 18 4 81 30 16 14 16 57 33 9 30 4 11 4 61 24 4 9 4 12 4 56 13 4 20 4 7 38 16 28 16 55 5 34 11 4 24 4 96 17 16 34 16 48 16 4 21 4 14 4 38 33 4 53 4 88 27 4 25 4 41 4 96 31 4 19 4 26 15 34 4 71 37 48 27 4 26 28 11 4 60 33 16 29 16 89 38 4 32 4 44 4 1 16 40 20 4 31 11 5 4 43 25 4 18 4 19 4 97 20 16 13 16 37 40 4 17 4 103 7 4 47 4 5 4 53 28 4 33 43 31 4 43 18 4 36 4 41 4 29 4 60 27 4 5 4 45 4 19 4 1 32 4 28 4 16 38 27 4 35 30 4 5 4 41 4 27 23 4 45 28 17 4 80 35 4 14 28 9 4 72 28 4 18 4 91 20 8 9 4 35 24 45 4 0 24 4 27 4 6 45 4 11 4 7 4 16 4 44 16 4 14 4 9 4 33 4 92 22 4 15 4 26 15 7 12 4 40 4 22 40 4 34 4 13 4 29 4 21 20 4 11 4 12 4 77 19 4 22 4 28 4 76 24 4 5 4 36 4 17 4 107 54 4 25 4 17 4 26 4 
iteration 810 best: 0.893198 time: 307439
56 17 8 78 38 8 2 35 8 41 36 4 25 4 73 46 4 30 4 43 25 8 60 8 4 33 4 104 8 12 34 35 8 37 37 8 0 15 8 78 27 12 87 43 4 13 4 57 27 4 42 4 26 4 33 4 50 19 4 18 4 17 4 104 23 8 50 30 8 48 28 4 40 4 106 14 16 16 16 6 5 4 24 4 16 4 16 4 61 24 4 21 4 12 4 41 18 8 37 8 36 48 4 26 4 16 4 19 4 14 13 8 89 51 4 6 4 34 4 19 4 61 11 8 38 18 4 70 33 8 83 9 8 57 18 8 70 19 4 6 4 32 4 73 38 4 21 4 12 14 4 23 4 28 4 89 20 4 7 4 109 5 4 9 4 17 4 93 13 4 28 4 72 15 4 18 4 81 30 16 14 16 57 33 9 30 4 11 4 61 24 4 9 4 12 4 56 13 4 20 4 7 38 16 28 16 55 5 34 11 4 24 4 96 17 16 34 16 48 16 4 21 4 14 4 38 33 4 53 4 88 27 4 25 4 41 4 96 31 4 19 4 26 15 34 4 71 37 48 27 4 26 28 11 4 60 33 16 29 16 89 38 4 32 4 44 4 1 16 40 20 4 31 11 5 4 43 25 4 18 4 19 4 97 20 16 13 16 37 40 4 17 4 103 7 4 47 4 5 4 53 28 4 33 43 31 4 43 18 4 36 4 41 4 29 4 60 27 4 5 4 45 4 19 4 1 32 4 28 4 16 38 27 4 35 30 4 5 4 41 4 27 23 4 45 28 17 4 80 35 4 14 28 9 4 72 28 4 18 4 91 20 8 9 4 35 24 45 4 0 24 4 27 4 6 45 4 11 4 7 4 16 4 44 16 4 14 4 9 4 33 4 92 22 4 15 4 26 15 7 12 4 40 4 22 40 4 34 4 13 4 29 4 21 20 4 11 4 12 4 77 19 4 22 4 28 4 76 24 4 5 4 36 4 17 4 107 54 4 25 4 17 4 26 4 
iteration 829 best: 0.893198 time: 314653
56 17 8 78 38 8 2 35 8 41 36 4 25 4 73 46 4 30 4 43 25 8 60 8 4 33 4 104 8 12 34 35 8 37 37 8 0 15 8 78 27 12 87 43 4 13 4 57 27 4 42 4 26 4 33 4 50 19 4 18 4 17 4 104 23 8 50 30 8 48 28 4 40 4 106 14 16 16 16 6 5 4 24 4 16 4 16 4 61 24 4 21 4 12 4 41 18 8 37 8 36 48 4 26 4 16 4 19 4 14 13 8 89 51 4 6 4 34 4 19 4 61 11 8 38 18 4 70 33 8 83 9 8 57 18 8 70 19 4 6 4 32 4 73 38 4 21 4 12 14 4 23 4 28 4 89 20 4 7 4 109 5 4 9 4 17 4 93 13 4 28 4 72 15 4 18 4 81 30 16 14 16 57 33 9 30 4 11 4 61 24 4 9 4 12 4 56 13 4 20 4 7 38 16 28 16 55 5 34 11 4 24 4 96 17 16 34 16 48 16 4 21 4 14 4 38 33 4 53 4 88 27 4 25 4 41 4 96 31 4 19 4 26 15 34 4 71 37 48 27 4 26 28 11 4 60 33 16 29 16 89 38 4 32 4 44 4 1 16 40 20 4 31 11 5 4 43 25 4 18 4 19 4 97 20 16 13 16 37 40 4 17 4 103 7 4 47 4 5 4 53 28 4 33 43 31 4 43 18 4 36 4 41 4 29 4 60 27 4 5 4 45 4 19 4 1 32 4 28 4 16 38 27 4 35 30 4 5 4 41 4 27 23 4 45 28 17 4 80 35 4 14 28 9 4 72 28 4 18 4 91 20 8 9 4 35 24 45 4 0 24 4 27 4 6 45 4 11 4 7 4 16 4 44 16 4 14 4 9 4 33 4 92 22 4 15 4 26 15 7 12 4 40 4 22 40 4 34 4 13 4 29 4 21 20 4 11 4 12 4 77 19 4 22 4 28 4 76 24 4 5 4 36 4 17 4 107 54 4 25 4 17 4 26 4 
iteration 849 best: 0.893198 time: 322195
56 17 8 78 38 8 2 35 8 41 36 4 25 4 73 46 4 30 4 43 25 8 60 8 4 33 4 104 8 12 34 35 8 37 37 8 0 15 8 78 27 12 87 43 4 13 4 57 27 4 42 4 26 4 33 4 50 19 4 18 4 17 4 104 23 8 50 30 8 48 28 4 40 4 106 14 16 16 16 6 5 4 24 4 16 4 16 4 61 24 4 21 4 12 4 41 18 8 37 8 36 48 4 26 4 16 4 19 4 14 13 8 89 51 4 6 4 34 4 19 4 61 11 8 38 18 4 70 33 8 83 9 8 57 18 8 70 19 4 6 4 32 4 73 38 4 21 4 12 14 4 23 4 28 4 89 20 4 7 4 109 5 4 9 4 17 4 93 13 4 28 4 72 15 4 18 4 81 30 16 14 16 57 33 9 30 4 11 4 61 24 4 9 4 12 4 56 13 4 20 4 7 38 16 28 16 55 5 34 11 4 24 4 96 17 16 34 16 48 16 4 21 4 14 4 38 33 4 53 4 88 27 4 25 4 41 4 96 31 4 19 4 26 15 34 4 71 37 48 27 4 26 28 11 4 60 33 16 29 16 89 38 4 32 4 44 4 1 16 40 20 4 31 11 5 4 43 25 4 18 4 19 4 97 20 16 13 16 37 40 4 17 4 103 7 4 47 4 5 4 53 28 4 33 43 31 4 43 18 4 36 4 41 4 29 4 60 27 4 5 4 45 4 19 4 1 32 4 28 4 16 38 27 4 35 30 4 5 4 41 4 27 23 4 45 28 17 4 80 35 4 14 28 9 4 72 28 4 18 4 91 20 8 9 4 35 24 45 4 0 24 4 27 4 6 45 4 11 4 7 4 16 4 44 16 4 14 4 9 4 33 4 92 22 4 15 4 26 15 7 12 4 40 4 22 40 4 34 4 13 4 29 4 21 20 4 11 4 12 4 77 19 4 22 4 28 4 76 24 4 5 4 36 4 17 4 107 54 4 25 4 17 4 26 4 
iteration 869 best: 0.893198 time: 329763
56 17 8 78 38 8 2 35 8 41 36 4 25 4 73 46 4 30 4 43 25 8 60 8 4 33 4 104 8 12 34 35 8 37 37 8 0 15 8 78 27 12 87 43 4 13 4 57 27 4 42 4 26 4 33 4 50 19 4 18 4 17 4 104 23 8 50 30 8 48 28 4 40 4 106 14 16 16 16 6 5 4 24 4 16 4 16 4 61 24 4 21 4 12 4 41 18 8 37 8 36 48 4 26 4 16 4 19 4 14 13 8 89 51 4 6 4 34 4 19 4 61 11 8 38 18 4 70 33 8 83 9 8 57 18 8 70 19 4 6 4 32 4 73 38 4 21 4 12 14 4 23 4 28 4 89 20 4 7 4 109 5 4 9 4 17 4 93 13 4 28 4 72 15 4 18 4 81 30 16 14 16 57 33 9 30 4 11 4 61 24 4 9 4 12 4 56 13 4 20 4 7 38 16 28 16 55 5 34 11 4 24 4 96 17 16 34 16 48 16 4 21 4 14 4 38 33 4 53 4 88 27 4 25 4 41 4 96 31 4 19 4 26 15 34 4 71 37 48 27 4 26 28 11 4 60 33 16 29 16 89 38 4 32 4 44 4 1 16 40 20 4 31 11 5 4 43 25 4 18 4 19 4 97 20 16 13 16 37 40 4 17 4 103 7 4 47 4 5 4 53 28 4 33 43 31 4 43 18 4 36 4 41 4 29 4 60 27 4 5 4 45 4 19 4 1 32 4 28 4 16 38 27 4 35 30 4 5 4 41 4 27 23 4 45 28 17 4 80 35 4 14 28 9 4 72 28 4 18 4 91 20 8 9 4 35 24 45 4 0 24 4 27 4 6 45 4 11 4 7 4 16 4 44 16 4 14 4 9 4 33 4 92 22 4 15 4 26 15 7 12 4 40 4 22 40 4 34 4 13 4 29 4 21 20 4 11 4 12 4 77 19 4 22 4 28 4 76 24 4 5 4 36 4 17 4 107 54 4 25 4 17 4 26 4 
iteration 889 best: 0.893198 time: 337314
56 17 8 78 38 8 2 35 8 41 36 4 25 4 73 46 4 30 4 43 25 8 60 8 4 33 4 104 8 12 34 35 8 37 37 8 0 15 8 78 27 12 87 43 4 13 4 57 27 4 42 4 26 4 33 4 50 19 4 18 4 17 4 104 23 8 50 30 8 48 28 4 40 4 106 14 16 16 16 6 5 4 24 4 16 4 16 4 61 24 4 21 4 12 4 41 18 8 37 8 36 48 4 26 4 16 4 19 4 14 13 8 89 51 4 6 4 34 4 19 4 61 11 8 38 18 4 70 33 8 83 9 8 57 18 8 70 19 4 6 4 32 4 73 38 4 21 4 12 14 4 23 4 28 4 89 20 4 7 4 109 5 4 9 4 17 4 93 13 4 28 4 72 15 4 18 4 81 30 16 14 16 57 33 9 30 4 11 4 61 24 4 9 4 12 4 56 13 4 20 4 7 38 16 28 16 55 5 34 11 4 24 4 96 17 16 34 16 48 16 4 21 4 14 4 38 33 4 53 4 88 27 4 25 4 41 4 96 31 4 19 4 26 15 34 4 71 37 48 27 4 26 28 11 4 60 33 16 29 16 89 38 4 32 4 44 4 1 16 40 20 4 31 11 5 4 43 25 4 18 4 19 4 97 20 16 13 16 37 40 4 17 4 103 7 4 47 4 5 4 53 28 4 33 43 31 4 43 18 4 36 4 41 4 29 4 60 27 4 5 4 45 4 19 4 1 32 4 28 4 16 38 27 4 35 30 4 5 4 41 4 27 23 4 45 28 17 4 80 35 4 14 28 9 4 72 28 4 18 4 91 20 8 9 4 35 24 45 4 0 24 4 27 4 6 45 4 11 4 7 4 16 4 44 16 4 14 4 9 4 33 4 92 22 4 15 4 26 15 7 12 4 40 4 22 40 4 34 4 13 4 29 4 21 20 4 11 4 12 4 77 19 4 22 4 28 4 76 24 4 5 4 36 4 17 4 107 54 4 25 4 17 4 26 4 
iteration 909 best: 0.893198 time: 344853
56 17 8 78 38 8 2 35 8 41 36 4 25 4 73 46 4 30 4 43 25 8 60 8 4 33 4 104 8 12 34 35 8 37 37 8 0 15 8 78 27 12 87 43 4 13 4 57 27 4 42 4 26 4 33 4 50 19 4 18 4 17 4 104 23 8 50 30 8 48 28 4 40 4 106 14 16 16 16 6 5 4 24 4 16 4 16 4 61 24 4 21 4 12 4 41 18 8 37 8 36 48 4 26 4 16 4 19 4 14 13 8 89 51 4 6 4 34 4 19 4 61 11 8 38 18 4 70 33 8 83 9 8 57 18 8 70 19 4 6 4 32 4 73 38 4 21 4 12 14 4 23 4 28 4 89 20 4 7 4 109 5 4 9 4 17 4 93 13 4 28 4 72 15 4 18 4 81 30 16 14 16 57 33 9 30 4 11 4 61 24 4 9 4 12 4 56 13 4 20 4 7 38 16 28 16 55 5 34 11 4 24 4 96 17 16 34 16 48 16 4 21 4 14 4 38 33 4 53 4 88 27 4 25 4 41 4 96 31 4 19 4 26 15 34 4 71 37 48 27 4 26 28 11 4 60 33 16 29 16 89 38 4 32 4 44 4 1 16 40 20 4 31 11 5 4 43 25 4 18 4 19 4 97 20 16 13 16 37 40 4 17 4 103 7 4 47 4 5 4 53 28 4 33 43 31 4 43 18 4 36 4 41 4 29 4 60 27 4 5 4 45 4 19 4 1 32 4 28 4 16 38 27 4 35 30 4 5 4 41 4 27 23 4 45 28 17 4 80 35 4 14 28 9 4 72 28 4 18 4 91 20 8 9 4 35 24 45 4 0 24 4 27 4 6 45 4 11 4 7 4 16 4 44 16 4 14 4 9 4 33 4 92 22 4 15 4 26 15 7 12 4 40 4 22 40 4 34 4 13 4 29 4 21 20 4 11 4 12 4 77 19 4 22 4 28 4 76 24 4 5 4 36 4 17 4 107 54 4 25 4 17 4 26 4 
iteration 929 best: 0.893198 time: 352392
56 17 8 78 38 8 2 35 8 41 36 4 25 4 73 46 4 30 4 43 25 8 60 8 4 33 4 104 8 12 34 35 8 37 37 8 0 15 8 78 27 12 87 43 4 13 4 57 27 4 42 4 26 4 33 4 50 19 4 18 4 17 4 104 23 8 50 30 8 48 28 4 40 4 106 14 16 16 16 6 5 4 24 4 16 4 16 4 61 24 4 21 4 12 4 41 18 8 37 8 36 48 4 26 4 16 4 19 4 14 13 8 89 51 4 6 4 34 4 19 4 61 11 8 38 18 4 70 33 8 83 9 8 57 18 8 70 19 4 6 4 32 4 73 38 4 21 4 12 14 4 23 4 28 4 89 20 4 7 4 109 5 4 9 4 17 4 93 13 4 28 4 72 15 4 18 4 81 30 16 14 16 57 33 9 30 4 11 4 61 24 4 9 4 12 4 56 13 4 20 4 7 38 16 28 16 55 5 34 11 4 24 4 96 17 16 34 16 48 16 4 21 4 14 4 38 33 4 53 4 88 27 4 25 4 41 4 96 31 4 19 4 26 15 34 4 71 37 48 27 4 26 28 11 4 60 33 16 29 16 89 38 4 32 4 44 4 1 16 40 20 4 31 11 5 4 43 25 4 18 4 19 4 97 20 16 13 16 37 40 4 17 4 103 7 4 47 4 5 4 53 28 4 33 43 31 4 43 18 4 36 4 41 4 29 4 60 27 4 5 4 45 4 19 4 1 32 4 28 4 16 38 27 4 35 30 4 5 4 41 4 27 23 4 45 28 17 4 80 35 4 14 28 9 4 72 28 4 18 4 91 20 8 9 4 35 24 45 4 0 24 4 27 4 6 45 4 11 4 7 4 16 4 44 16 4 14 4 9 4 33 4 92 22 4 15 4 26 15 7 12 4 40 4 22 40 4 34 4 13 4 29 4 21 20 4 11 4 12 4 77 19 4 22 4 28 4 76 24 4 5 4 36 4 17 4 107 54 4 25 4 17 4 26 4 
iteration 949 best: 0.893198 time: 359925
56 17 8 78 38 8 2 35 8 41 36 4 25 4 73 46 4 30 4 43 25 8 60 8 4 33 4 104 8 12 34 35 8 37 37 8 0 15 8 78 27 12 87 43 4 13 4 57 27 4 42 4 26 4 33 4 50 19 4 18 4 17 4 104 23 8 50 30 8 48 28 4 40 4 106 14 16 16 16 6 5 4 24 4 16 4 16 4 61 24 4 21 4 12 4 41 18 8 37 8 36 48 4 26 4 16 4 19 4 14 13 8 89 51 4 6 4 34 4 19 4 61 11 8 38 18 4 70 33 8 83 9 8 57 18 8 70 19 4 6 4 32 4 73 38 4 21 4 12 14 4 23 4 28 4 89 20 4 7 4 109 5 4 9 4 17 4 93 13 4 28 4 72 15 4 18 4 81 30 16 14 16 57 33 9 30 4 11 4 61 24 4 9 4 12 4 56 13 4 20 4 7 38 16 28 16 55 5 34 11 4 24 4 96 17 16 34 16 48 16 4 21 4 14 4 38 33 4 53 4 88 27 4 25 4 41 4 96 31 4 19 4 26 15 34 4 71 37 48 27 4 26 28 11 4 60 33 16 29 16 89 38 4 32 4 44 4 1 16 40 20 4 31 11 5 4 43 25 4 18 4 19 4 97 20 16 13 16 37 40 4 17 4 103 7 4 47 4 5 4 53 28 4 33 43 31 4 43 18 4 36 4 41 4 29 4 60 27 4 5 4 45 4 19 4 1 32 4 28 4 16 38 27 4 35 30 4 5 4 41 4 27 23 4 45 28 17 4 80 35 4 14 28 9 4 72 28 4 18 4 91 20 8 9 4 35 24 45 4 0 24 4 27 4 6 45 4 11 4 7 4 16 4 44 16 4 14 4 9 4 33 4 92 22 4 15 4 26 15 7 12 4 40 4 22 40 4 34 4 13 4 29 4 21 20 4 11 4 12 4 77 19 4 22 4 28 4 76 24 4 5 4 36 4 17 4 107 54 4 25 4 17 4 26 4 
iteration 969 best: 0.893198 time: 367444
56 17 8 78 38 8 2 35 8 41 36 4 25 4 73 46 4 30 4 43 25 8 60 8 4 33 4 104 8 12 34 35 8 37 37 8 0 15 8 78 27 12 87 43 4 13 4 57 27 4 42 4 26 4 33 4 50 19 4 18 4 17 4 104 23 8 50 30 8 48 28 4 40 4 106 14 16 16 16 6 5 4 24 4 16 4 16 4 61 24 4 21 4 12 4 41 18 8 37 8 36 48 4 26 4 16 4 19 4 14 13 8 89 51 4 6 4 34 4 19 4 61 11 8 38 18 4 70 33 8 83 9 8 57 18 8 70 19 4 6 4 32 4 73 38 4 21 4 12 14 4 23 4 28 4 89 20 4 7 4 109 5 4 9 4 17 4 93 13 4 28 4 72 15 4 18 4 81 30 16 14 16 57 33 9 30 4 11 4 61 24 4 9 4 12 4 56 13 4 20 4 7 38 16 28 16 55 5 34 11 4 24 4 96 17 16 34 16 48 16 4 21 4 14 4 38 33 4 53 4 88 27 4 25 4 41 4 96 31 4 19 4 26 15 34 4 71 37 48 27 4 26 28 11 4 60 33 16 29 16 89 38 4 32 4 44 4 1 16 40 20 4 31 11 5 4 43 25 4 18 4 19 4 97 20 16 13 16 37 40 4 17 4 103 7 4 47 4 5 4 53 28 4 33 43 31 4 43 18 4 36 4 41 4 29 4 60 27 4 5 4 45 4 19 4 1 32 4 28 4 16 38 27 4 35 30 4 5 4 41 4 27 23 4 45 28 17 4 80 35 4 14 28 9 4 72 28 4 18 4 91 20 8 9 4 35 24 45 4 0 24 4 27 4 6 45 4 11 4 7 4 16 4 44 16 4 14 4 9 4 33 4 92 22 4 15 4 26 15 7 12 4 40 4 22 40 4 34 4 13 4 29 4 21 20 4 11 4 12 4 77 19 4 22 4 28 4 76 24 4 5 4 36 4 17 4 107 54 4 25 4 17 4 26 4 
iteration 989 best: 0.893198 time: 375000
56 17 8 78 38 8 2 35 8 41 36 4 25 4 73 46 4 30 4 43 25 8 60 8 4 33 4 104 8 12 34 35 8 37 37 8 0 15 8 78 27 12 87 43 4 13 4 57 27 4 42 4 26 4 33 4 50 19 4 18 4 17 4 104 23 8 50 30 8 48 28 4 40 4 106 14 16 16 16 6 5 4 24 4 16 4 16 4 61 24 4 21 4 12 4 41 18 8 37 8 36 48 4 26 4 16 4 19 4 14 13 8 89 51 4 6 4 34 4 19 4 61 11 8 38 18 4 70 33 8 83 9 8 57 18 8 70 19 4 6 4 32 4 73 38 4 21 4 12 14 4 23 4 28 4 89 20 4 7 4 109 5 4 9 4 17 4 93 13 4 28 4 72 15 4 18 4 81 30 16 14 16 57 33 9 30 4 11 4 61 24 4 9 4 12 4 56 13 4 20 4 7 38 16 28 16 55 5 34 11 4 24 4 96 17 16 34 16 48 16 4 21 4 14 4 38 33 4 53 4 88 27 4 25 4 41 4 96 31 4 19 4 26 15 34 4 71 37 48 27 4 26 28 11 4 60 33 16 29 16 89 38 4 32 4 44 4 1 16 40 20 4 31 11 5 4 43 25 4 18 4 19 4 97 20 16 13 16 37 40 4 17 4 103 7 4 47 4 5 4 53 28 4 33 43 31 4 43 18 4 36 4 41 4 29 4 60 27 4 5 4 45 4 19 4 1 32 4 28 4 16 38 27 4 35 30 4 5 4 41 4 27 23 4 45 28 17 4 80 35 4 14 28 9 4 72 28 4 18 4 91 20 8 9 4 35 24 45 4 0 24 4 27 4 6 45 4 11 4 7 4 16 4 44 16 4 14 4 9 4 33 4 92 22 4 15 4 26 15 7 12 4 40 4 22 40 4 34 4 13 4 29 4 21 20 4 11 4 12 4 77 19 4 22 4 28 4 76 24 4 5 4 36 4 17 4 107 54 4 25 4 17 4 26 4 
iteration 1009 best: 0.893198 time: 382566
56 17 8 78 38 8 2 35 8 41 36 4 25 4 73 46 4 30 4 43 25 8 60 8 4 33 4 104 8 12 34 35 8 37 37 8 0 15 8 78 27 12 87 43 4 13 4 57 27 4 42 4 26 4 33 4 50 19 4 18 4 17 4 104 23 8 50 30 8 48 28 4 40 4 106 14 16 16 16 6 5 4 24 4 16 4 16 4 61 24 4 21 4 12 4 41 18 8 37 8 36 48 4 26 4 16 4 19 4 14 13 8 89 51 4 6 4 34 4 19 4 61 11 8 38 18 4 70 33 8 83 9 8 57 18 8 70 19 4 6 4 32 4 73 38 4 21 4 12 14 4 23 4 28 4 89 20 4 7 4 109 5 4 9 4 17 4 93 13 4 28 4 72 15 4 18 4 81 30 16 14 16 57 33 9 30 4 11 4 61 24 4 9 4 12 4 56 13 4 20 4 7 38 16 28 16 55 5 34 11 4 24 4 96 17 16 34 16 48 16 4 21 4 14 4 38 33 4 53 4 88 27 4 25 4 41 4 96 31 4 19 4 26 15 34 4 71 37 48 27 4 26 28 11 4 60 33 16 29 16 89 38 4 32 4 44 4 1 16 40 20 4 31 11 5 4 43 25 4 18 4 19 4 97 20 16 13 16 37 40 4 17 4 103 7 4 47 4 5 4 53 28 4 33 43 31 4 43 18 4 36 4 41 4 29 4 60 27 4 5 4 45 4 19 4 1 32 4 28 4 16 38 27 4 35 30 4 5 4 41 4 27 23 4 45 28 17 4 80 35 4 14 28 9 4 72 28 4 18 4 91 20 8 9 4 35 24 45 4 0 24 4 27 4 6 45 4 11 4 7 4 16 4 44 16 4 14 4 9 4 33 4 92 22 4 15 4 26 15 7 12 4 40 4 22 40 4 34 4 13 4 29 4 21 20 4 11 4 12 4 77 19 4 22 4 28 4 76 24 4 5 4 36 4 17 4 107 54 4 25 4 17 4 26 4 
iteration 1029 best: 0.893198 time: 390115
56 17 8 78 38 8 2 35 8 41 36 4 25 4 73 46 4 30 4 43 25 8 60 8 4 33 4 104 8 12 34 35 8 37 37 8 0 15 8 78 27 12 87 43 4 13 4 57 27 4 42 4 26 4 33 4 50 19 4 18 4 17 4 104 23 8 50 30 8 48 28 4 40 4 106 14 16 16 16 6 5 4 24 4 16 4 16 4 61 24 4 21 4 12 4 41 18 8 37 8 36 48 4 26 4 16 4 19 4 14 13 8 89 51 4 6 4 34 4 19 4 61 11 8 38 18 4 70 33 8 83 9 8 57 18 8 70 19 4 6 4 32 4 73 38 4 21 4 12 14 4 23 4 28 4 89 20 4 7 4 109 5 4 9 4 17 4 93 13 4 28 4 72 15 4 18 4 81 30 16 14 16 57 33 9 30 4 11 4 61 24 4 9 4 12 4 56 13 4 20 4 7 38 16 28 16 55 5 34 11 4 24 4 96 17 16 34 16 48 16 4 21 4 14 4 38 33 4 53 4 88 27 4 25 4 41 4 96 31 4 19 4 26 15 34 4 71 37 48 27 4 26 28 11 4 60 33 16 29 16 89 38 4 32 4 44 4 1 16 40 20 4 31 11 5 4 43 25 4 18 4 19 4 97 20 16 13 16 37 40 4 17 4 103 7 4 47 4 5 4 53 28 4 33 43 31 4 43 18 4 36 4 41 4 29 4 60 27 4 5 4 45 4 19 4 1 32 4 28 4 16 38 27 4 35 30 4 5 4 41 4 27 23 4 45 28 17 4 80 35 4 14 28 9 4 72 28 4 18 4 91 20 8 9 4 35 24 45 4 0 24 4 27 4 6 45 4 11 4 7 4 16 4 44 16 4 14 4 9 4 33 4 92 22 4 15 4 26 15 7 12 4 40 4 22 40 4 34 4 13 4 29 4 21 20 4 11 4 12 4 77 19 4 22 4 28 4 76 24 4 5 4 36 4 17 4 107 54 4 25 4 17 4 26 4 
iteration 1049 best: 0.893198 time: 397666
56 17 8 78 38 8 2 35 8 41 36 4 25 4 73 46 4 30 4 43 25 8 60 8 4 33 4 104 8 12 34 35 8 37 37 8 0 15 8 78 27 12 87 43 4 13 4 57 27 4 42 4 26 4 33 4 50 19 4 18 4 17 4 104 23 8 50 30 8 48 28 4 40 4 106 14 16 16 16 6 5 4 24 4 16 4 16 4 61 24 4 21 4 12 4 41 18 8 37 8 36 48 4 26 4 16 4 19 4 14 13 8 89 51 4 6 4 34 4 19 4 61 11 8 38 18 4 70 33 8 83 9 8 57 18 8 70 19 4 6 4 32 4 73 38 4 21 4 12 14 4 23 4 28 4 89 20 4 7 4 109 5 4 9 4 17 4 93 13 4 28 4 72 15 4 18 4 81 30 16 14 16 57 33 9 30 4 11 4 61 24 4 9 4 12 4 56 13 4 20 4 7 38 16 28 16 55 5 34 11 4 24 4 96 17 16 34 16 48 16 4 21 4 14 4 38 33 4 53 4 88 27 4 25 4 41 4 96 31 4 19 4 26 15 34 4 71 37 48 27 4 26 28 11 4 60 33 16 29 16 89 38 4 32 4 44 4 1 16 40 20 4 31 11 5 4 43 25 4 18 4 19 4 97 20 16 13 16 37 40 4 17 4 103 7 4 47 4 5 4 53 28 4 33 43 31 4 43 18 4 36 4 41 4 29 4 60 27 4 5 4 45 4 19 4 1 32 4 28 4 16 38 27 4 35 30 4 5 4 41 4 27 23 4 45 28 17 4 80 35 4 14 28 9 4 72 28 4 18 4 91 20 8 9 4 35 24 45 4 0 24 4 27 4 6 45 4 11 4 7 4 16 4 44 16 4 14 4 9 4 33 4 92 22 4 15 4 26 15 7 12 4 40 4 22 40 4 34 4 13 4 29 4 21 20 4 11 4 12 4 77 19 4 22 4 28 4 76 24 4 5 4 36 4 17 4 107 54 4 25 4 17 4 26 4 
iteration 1069 best: 0.893198 time: 405223
56 17 8 78 38 8 2 35 8 41 36 4 25 4 73 46 4 30 4 43 25 8 60 8 4 33 4 104 8 12 34 35 8 37 37 8 0 15 8 78 27 12 87 43 4 13 4 57 27 4 42 4 26 4 33 4 50 19 4 18 4 17 4 104 23 8 50 30 8 48 28 4 40 4 106 14 16 16 16 6 5 4 24 4 16 4 16 4 61 24 4 21 4 12 4 41 18 8 37 8 36 48 4 26 4 16 4 19 4 14 13 8 89 51 4 6 4 34 4 19 4 61 11 8 38 18 4 70 33 8 83 9 8 57 18 8 70 19 4 6 4 32 4 73 38 4 21 4 12 14 4 23 4 28 4 89 20 4 7 4 109 5 4 9 4 17 4 93 13 4 28 4 72 15 4 18 4 81 30 16 14 16 57 33 9 30 4 11 4 61 24 4 9 4 12 4 56 13 4 20 4 7 38 16 28 16 55 5 34 11 4 24 4 96 17 16 34 16 48 16 4 21 4 14 4 38 33 4 53 4 88 27 4 25 4 41 4 96 31 4 19 4 26 15 34 4 71 37 48 27 4 26 28 11 4 60 33 16 29 16 89 38 4 32 4 44 4 1 16 40 20 4 31 11 5 4 43 25 4 18 4 19 4 97 20 16 13 16 37 40 4 17 4 103 7 4 47 4 5 4 53 28 4 33 43 31 4 43 18 4 36 4 41 4 29 4 60 27 4 5 4 45 4 19 4 1 32 4 28 4 16 38 27 4 35 30 4 5 4 41 4 27 23 4 45 28 17 4 80 35 4 14 28 9 4 72 28 4 18 4 91 20 8 9 4 35 24 45 4 0 24 4 27 4 6 45 4 11 4 7 4 16 4 44 16 4 14 4 9 4 33 4 92 22 4 15 4 26 15 7 12 4 40 4 22 40 4 34 4 13 4 29 4 21 20 4 11 4 12 4 77 19 4 22 4 28 4 76 24 4 5 4 36 4 17 4 107 54 4 25 4 17 4 26 4 
iteration 1089 best: 0.893198 time: 412757
56 17 8 78 38 8 2 35 8 41 36 4 25 4 73 46 4 30 4 43 25 8 60 8 4 33 4 104 8 12 34 35 8 37 37 8 0 15 8 78 27 12 87 43 4 13 4 57 27 4 42 4 26 4 33 4 50 19 4 18 4 17 4 104 23 8 50 30 8 48 28 4 40 4 106 14 16 16 16 6 5 4 24 4 16 4 16 4 61 24 4 21 4 12 4 41 18 8 37 8 36 48 4 26 4 16 4 19 4 14 13 8 89 51 4 6 4 34 4 19 4 61 11 8 38 18 4 70 33 8 83 9 8 57 18 8 70 19 4 6 4 32 4 73 38 4 21 4 12 14 4 23 4 28 4 89 20 4 7 4 109 5 4 9 4 17 4 93 13 4 28 4 72 15 4 18 4 81 30 16 14 16 57 33 9 30 4 11 4 61 24 4 9 4 12 4 56 13 4 20 4 7 38 16 28 16 55 5 34 11 4 24 4 96 17 16 34 16 48 16 4 21 4 14 4 38 33 4 53 4 88 27 4 25 4 41 4 96 31 4 19 4 26 15 34 4 71 37 48 27 4 26 28 11 4 60 33 16 29 16 89 38 4 32 4 44 4 1 16 40 20 4 31 11 5 4 43 25 4 18 4 19 4 97 20 16 13 16 37 40 4 17 4 103 7 4 47 4 5 4 53 28 4 33 43 31 4 43 18 4 36 4 41 4 29 4 60 27 4 5 4 45 4 19 4 1 32 4 28 4 16 38 27 4 35 30 4 5 4 41 4 27 23 4 45 28 17 4 80 35 4 14 28 9 4 72 28 4 18 4 91 20 8 9 4 35 24 45 4 0 24 4 27 4 6 45 4 11 4 7 4 16 4 44 16 4 14 4 9 4 33 4 92 22 4 15 4 26 15 7 12 4 40 4 22 40 4 34 4 13 4 29 4 21 20 4 11 4 12 4 77 19 4 22 4 28 4 76 24 4 5 4 36 4 17 4 107 54 4 25 4 17 4 26 4 
iteration 1109 best: 0.893198 time: 420268
56 17 8 78 38 8 2 35 8 41 36 4 25 4 73 46 4 30 4 43 25 8 60 8 4 33 4 104 8 12 34 35 8 37 37 8 0 15 8 78 27 12 87 43 4 13 4 57 27 4 42 4 26 4 33 4 50 19 4 18 4 17 4 104 23 8 50 30 8 48 28 4 40 4 106 14 16 16 16 6 5 4 24 4 16 4 16 4 61 24 4 21 4 12 4 41 18 8 37 8 36 48 4 26 4 16 4 19 4 14 13 8 89 51 4 6 4 34 4 19 4 61 11 8 38 18 4 70 33 8 83 9 8 57 18 8 70 19 4 6 4 32 4 73 38 4 21 4 12 14 4 23 4 28 4 89 20 4 7 4 109 5 4 9 4 17 4 93 13 4 28 4 72 15 4 18 4 81 30 16 14 16 57 33 9 30 4 11 4 61 24 4 9 4 12 4 56 13 4 20 4 7 38 16 28 16 55 5 34 11 4 24 4 96 17 16 34 16 48 16 4 21 4 14 4 38 33 4 53 4 88 27 4 25 4 41 4 96 31 4 19 4 26 15 34 4 71 37 48 27 4 26 28 11 4 60 33 16 29 16 89 38 4 32 4 44 4 1 16 40 20 4 31 11 5 4 43 25 4 18 4 19 4 97 20 16 13 16 37 40 4 17 4 103 7 4 47 4 5 4 53 28 4 33 43 31 4 43 18 4 36 4 41 4 29 4 60 27 4 5 4 45 4 19 4 1 32 4 28 4 16 38 27 4 35 30 4 5 4 41 4 27 23 4 45 28 17 4 80 35 4 14 28 9 4 72 28 4 18 4 91 20 8 9 4 35 24 45 4 0 24 4 27 4 6 45 4 11 4 7 4 16 4 44 16 4 14 4 9 4 33 4 92 22 4 15 4 26 15 7 12 4 40 4 22 40 4 34 4 13 4 29 4 21 20 4 11 4 12 4 77 19 4 22 4 28 4 76 24 4 5 4 36 4 17 4 107 54 4 25 4 17 4 26 4 
iteration 1129 best: 0.893198 time: 427804
56 17 8 78 38 8 2 35 8 41 36 4 25 4 73 46 4 30 4 43 25 8 60 8 4 33 4 104 8 12 34 35 8 37 37 8 0 15 8 78 27 12 87 43 4 13 4 57 27 4 42 4 26 4 33 4 50 19 4 18 4 17 4 104 23 8 50 30 8 48 28 4 40 4 106 14 16 16 16 6 5 4 24 4 16 4 16 4 61 24 4 21 4 12 4 41 18 8 37 8 36 48 4 26 4 16 4 19 4 14 13 8 89 51 4 6 4 34 4 19 4 61 11 8 38 18 4 70 33 8 83 9 8 57 18 8 70 19 4 6 4 32 4 73 38 4 21 4 12 14 4 23 4 28 4 89 20 4 7 4 109 5 4 9 4 17 4 93 13 4 28 4 72 15 4 18 4 81 30 16 14 16 57 33 9 30 4 11 4 61 24 4 9 4 12 4 56 13 4 20 4 7 38 16 28 16 55 5 34 11 4 24 4 96 17 16 34 16 48 16 4 21 4 14 4 38 33 4 53 4 88 27 4 25 4 41 4 96 31 4 19 4 26 15 34 4 71 37 48 27 4 26 28 11 4 60 33 16 29 16 89 38 4 32 4 44 4 1 16 40 20 4 31 11 5 4 43 25 4 18 4 19 4 97 20 16 13 16 37 40 4 17 4 103 7 4 47 4 5 4 53 28 4 33 43 31 4 43 18 4 36 4 41 4 29 4 60 27 4 5 4 45 4 19 4 1 32 4 28 4 16 38 27 4 35 30 4 5 4 41 4 27 23 4 45 28 17 4 80 35 4 14 28 9 4 72 28 4 18 4 91 20 8 9 4 35 24 45 4 0 24 4 27 4 6 45 4 11 4 7 4 16 4 44 16 4 14 4 9 4 33 4 92 22 4 15 4 26 15 7 12 4 40 4 22 40 4 34 4 13 4 29 4 21 20 4 11 4 12 4 77 19 4 22 4 28 4 76 24 4 5 4 36 4 17 4 107 54 4 25 4 17 4 26 4 
iteration 1149 best: 0.893198 time: 435349
56 17 8 78 38 8 2 35 8 41 36 4 25 4 73 46 4 30 4 43 25 8 60 8 4 33 4 104 8 12 34 35 8 37 37 8 0 15 8 78 27 12 87 43 4 13 4 57 27 4 42 4 26 4 33 4 50 19 4 18 4 17 4 104 23 8 50 30 8 48 28 4 40 4 106 14 16 16 16 6 5 4 24 4 16 4 16 4 61 24 4 21 4 12 4 41 18 8 37 8 36 48 4 26 4 16 4 19 4 14 13 8 89 51 4 6 4 34 4 19 4 61 11 8 38 18 4 70 33 8 83 9 8 57 18 8 70 19 4 6 4 32 4 73 38 4 21 4 12 14 4 23 4 28 4 89 20 4 7 4 109 5 4 9 4 17 4 93 13 4 28 4 72 15 4 18 4 81 30 16 14 16 57 33 9 30 4 11 4 61 24 4 9 4 12 4 56 13 4 20 4 7 38 16 28 16 55 5 34 11 4 24 4 96 17 16 34 16 48 16 4 21 4 14 4 38 33 4 53 4 88 27 4 25 4 41 4 96 31 4 19 4 26 15 34 4 71 37 48 27 4 26 28 11 4 60 33 16 29 16 89 38 4 32 4 44 4 1 16 40 20 4 31 11 5 4 43 25 4 18 4 19 4 97 20 16 13 16 37 40 4 17 4 103 7 4 47 4 5 4 53 28 4 33 43 31 4 43 18 4 36 4 41 4 29 4 60 27 4 5 4 45 4 19 4 1 32 4 28 4 16 38 27 4 35 30 4 5 4 41 4 27 23 4 45 28 17 4 80 35 4 14 28 9 4 72 28 4 18 4 91 20 8 9 4 35 24 45 4 0 24 4 27 4 6 45 4 11 4 7 4 16 4 44 16 4 14 4 9 4 33 4 92 22 4 15 4 26 15 7 12 4 40 4 22 40 4 34 4 13 4 29 4 21 20 4 11 4 12 4 77 19 4 22 4 28 4 76 24 4 5 4 36 4 17 4 107 54 4 25 4 17 4 26 4 
iteration 1169 best: 0.893198 time: 442900
56 17 8 78 38 8 2 35 8 41 36 4 25 4 73 46 4 30 4 43 25 8 60 8 4 33 4 104 8 12 34 35 8 37 37 8 0 15 8 78 27 12 87 43 4 13 4 57 27 4 42 4 26 4 33 4 50 19 4 18 4 17 4 104 23 8 50 30 8 48 28 4 40 4 106 14 16 16 16 6 5 4 24 4 16 4 16 4 61 24 4 21 4 12 4 41 18 8 37 8 36 48 4 26 4 16 4 19 4 14 13 8 89 51 4 6 4 34 4 19 4 61 11 8 38 18 4 70 33 8 83 9 8 57 18 8 70 19 4 6 4 32 4 73 38 4 21 4 12 14 4 23 4 28 4 89 20 4 7 4 109 5 4 9 4 17 4 93 13 4 28 4 72 15 4 18 4 81 30 16 14 16 57 33 9 30 4 11 4 61 24 4 9 4 12 4 56 13 4 20 4 7 38 16 28 16 55 5 34 11 4 24 4 96 17 16 34 16 48 16 4 21 4 14 4 38 33 4 53 4 88 27 4 25 4 41 4 96 31 4 19 4 26 15 34 4 71 37 48 27 4 26 28 11 4 60 33 16 29 16 89 38 4 32 4 44 4 1 16 40 20 4 31 11 5 4 43 25 4 18 4 19 4 97 20 16 13 16 37 40 4 17 4 103 7 4 47 4 5 4 53 28 4 33 43 31 4 43 18 4 36 4 41 4 29 4 60 27 4 5 4 45 4 19 4 1 32 4 28 4 16 38 27 4 35 30 4 5 4 41 4 27 23 4 45 28 17 4 80 35 4 14 28 9 4 72 28 4 18 4 91 20 8 9 4 35 24 45 4 0 24 4 27 4 6 45 4 11 4 7 4 16 4 44 16 4 14 4 9 4 33 4 92 22 4 15 4 26 15 7 12 4 40 4 22 40 4 34 4 13 4 29 4 21 20 4 11 4 12 4 77 19 4 22 4 28 4 76 24 4 5 4 36 4 17 4 107 54 4 25 4 17 4 26 4 
iteration 1189 best: 0.893198 time: 450433
56 17 8 78 38 8 2 35 8 41 36 4 25 4 73 46 4 30 4 43 25 8 60 8 4 33 4 104 8 12 34 35 8 37 37 8 0 15 8 78 27 12 87 43 4 13 4 57 27 4 42 4 26 4 33 4 50 19 4 18 4 17 4 104 23 8 50 30 8 48 28 4 40 4 106 14 16 16 16 6 5 4 24 4 16 4 16 4 61 24 4 21 4 12 4 41 18 8 37 8 36 48 4 26 4 16 4 19 4 14 13 8 89 51 4 6 4 34 4 19 4 61 11 8 38 18 4 70 33 8 83 9 8 57 18 8 70 19 4 6 4 32 4 73 38 4 21 4 12 14 4 23 4 28 4 89 20 4 7 4 109 5 4 9 4 17 4 93 13 4 28 4 72 15 4 18 4 81 30 16 14 16 57 33 9 30 4 11 4 61 24 4 9 4 12 4 56 13 4 20 4 7 38 16 28 16 55 5 34 11 4 24 4 96 17 16 34 16 48 16 4 21 4 14 4 38 33 4 53 4 88 27 4 25 4 41 4 96 31 4 19 4 26 15 34 4 71 37 48 27 4 26 28 11 4 60 33 16 29 16 89 38 4 32 4 44 4 1 16 40 20 4 31 11 5 4 43 25 4 18 4 19 4 97 20 16 13 16 37 40 4 17 4 103 7 4 47 4 5 4 53 28 4 33 43 31 4 43 18 4 36 4 41 4 29 4 60 27 4 5 4 45 4 19 4 1 32 4 28 4 16 38 27 4 35 30 4 5 4 41 4 27 23 4 45 28 17 4 80 35 4 14 28 9 4 72 28 4 18 4 91 20 8 9 4 35 24 45 4 0 24 4 27 4 6 45 4 11 4 7 4 16 4 44 16 4 14 4 9 4 33 4 92 22 4 15 4 26 15 7 12 4 40 4 22 40 4 34 4 13 4 29 4 21 20 4 11 4 12 4 77 19 4 22 4 28 4 76 24 4 5 4 36 4 17 4 107 54 4 25 4 17 4 26 4 
iteration 1209 best: 0.893198 time: 457998
56 17 8 78 38 8 2 35 8 41 36 4 25 4 73 46 4 30 4 43 25 8 60 8 4 33 4 104 8 12 34 35 8 37 37 8 0 15 8 78 27 12 87 43 4 13 4 57 27 4 42 4 26 4 33 4 50 19 4 18 4 17 4 104 23 8 50 30 8 48 28 4 40 4 106 14 16 16 16 6 5 4 24 4 16 4 16 4 61 24 4 21 4 12 4 41 18 8 37 8 36 48 4 26 4 16 4 19 4 14 13 8 89 51 4 6 4 34 4 19 4 61 11 8 38 18 4 70 33 8 83 9 8 57 18 8 70 19 4 6 4 32 4 73 38 4 21 4 12 14 4 23 4 28 4 89 20 4 7 4 109 5 4 9 4 17 4 93 13 4 28 4 72 15 4 18 4 81 30 16 14 16 57 33 9 30 4 11 4 61 24 4 9 4 12 4 56 13 4 20 4 7 38 16 28 16 55 5 34 11 4 24 4 96 17 16 34 16 48 16 4 21 4 14 4 38 33 4 53 4 88 27 4 25 4 41 4 96 31 4 19 4 26 15 34 4 71 37 48 27 4 26 28 11 4 60 33 16 29 16 89 38 4 32 4 44 4 1 16 40 20 4 31 11 5 4 43 25 4 18 4 19 4 97 20 16 13 16 37 40 4 17 4 103 7 4 47 4 5 4 53 28 4 33 43 31 4 43 18 4 36 4 41 4 29 4 60 27 4 5 4 45 4 19 4 1 32 4 28 4 16 38 27 4 35 30 4 5 4 41 4 27 23 4 45 28 17 4 80 35 4 14 28 9 4 72 28 4 18 4 91 20 8 9 4 35 24 45 4 0 24 4 27 4 6 45 4 11 4 7 4 16 4 44 16 4 14 4 9 4 33 4 92 22 4 15 4 26 15 7 12 4 40 4 22 40 4 34 4 13 4 29 4 21 20 4 11 4 12 4 77 19 4 22 4 28 4 76 24 4 5 4 36 4 17 4 107 54 4 25 4 17 4 26 4 
iteration 1229 best: 0.893198 time: 465561
56 17 8 78 38 8 2 35 8 41 36 4 25 4 73 46 4 30 4 43 25 8 60 8 4 33 4 104 8 12 34 35 8 37 37 8 0 15 8 78 27 12 87 43 4 13 4 57 27 4 42 4 26 4 33 4 50 19 4 18 4 17 4 104 23 8 50 30 8 48 28 4 40 4 106 14 16 16 16 6 5 4 24 4 16 4 16 4 61 24 4 21 4 12 4 41 18 8 37 8 36 48 4 26 4 16 4 19 4 14 13 8 89 51 4 6 4 34 4 19 4 61 11 8 38 18 4 70 33 8 83 9 8 57 18 8 70 19 4 6 4 32 4 73 38 4 21 4 12 14 4 23 4 28 4 89 20 4 7 4 109 5 4 9 4 17 4 93 13 4 28 4 72 15 4 18 4 81 30 16 14 16 57 33 9 30 4 11 4 61 24 4 9 4 12 4 56 13 4 20 4 7 38 16 28 16 55 5 34 11 4 24 4 96 17 16 34 16 48 16 4 21 4 14 4 38 33 4 53 4 88 27 4 25 4 41 4 96 31 4 19 4 26 15 34 4 71 37 48 27 4 26 28 11 4 60 33 16 29 16 89 38 4 32 4 44 4 1 16 40 20 4 31 11 5 4 43 25 4 18 4 19 4 97 20 16 13 16 37 40 4 17 4 103 7 4 47 4 5 4 53 28 4 33 43 31 4 43 18 4 36 4 41 4 29 4 60 27 4 5 4 45 4 19 4 1 32 4 28 4 16 38 27 4 35 30 4 5 4 41 4 27 23 4 45 28 17 4 80 35 4 14 28 9 4 72 28 4 18 4 91 20 8 9 4 35 24 45 4 0 24 4 27 4 6 45 4 11 4 7 4 16 4 44 16 4 14 4 9 4 33 4 92 22 4 15 4 26 15 7 12 4 40 4 22 40 4 34 4 13 4 29 4 21 20 4 11 4 12 4 77 19 4 22 4 28 4 76 24 4 5 4 36 4 17 4 107 54 4 25 4 17 4 26 4 
iteration 1249 best: 0.893198 time: 473121
56 17 8 78 38 8 2 35 8 41 36 4 25 4 73 46 4 30 4 43 25 8 60 8 4 33 4 104 8 12 34 35 8 37 37 8 0 15 8 78 27 12 87 43 4 13 4 57 27 4 42 4 26 4 33 4 50 19 4 18 4 17 4 104 23 8 50 30 8 48 28 4 40 4 106 14 16 16 16 6 5 4 24 4 16 4 16 4 61 24 4 21 4 12 4 41 18 8 37 8 36 48 4 26 4 16 4 19 4 14 13 8 89 51 4 6 4 34 4 19 4 61 11 8 38 18 4 70 33 8 83 9 8 57 18 8 70 19 4 6 4 32 4 73 38 4 21 4 12 14 4 23 4 28 4 89 20 4 7 4 109 5 4 9 4 17 4 93 13 4 28 4 72 15 4 18 4 81 30 16 14 16 57 33 9 30 4 11 4 61 24 4 9 4 12 4 56 13 4 20 4 7 38 16 28 16 55 5 34 11 4 24 4 96 17 16 34 16 48 16 4 21 4 14 4 38 33 4 53 4 88 27 4 25 4 41 4 96 31 4 19 4 26 15 34 4 71 37 48 27 4 26 28 11 4 60 33 16 29 16 89 38 4 32 4 44 4 1 16 40 20 4 31 11 5 4 43 25 4 18 4 19 4 97 20 16 13 16 37 40 4 17 4 103 7 4 47 4 5 4 53 28 4 33 43 31 4 43 18 4 36 4 41 4 29 4 60 27 4 5 4 45 4 19 4 1 32 4 28 4 16 38 27 4 35 30 4 5 4 41 4 27 23 4 45 28 17 4 80 35 4 14 28 9 4 72 28 4 18 4 91 20 8 9 4 35 24 45 4 0 24 4 27 4 6 45 4 11 4 7 4 16 4 44 16 4 14 4 9 4 33 4 92 22 4 15 4 26 15 7 12 4 40 4 22 40 4 34 4 13 4 29 4 21 20 4 11 4 12 4 77 19 4 22 4 28 4 76 24 4 5 4 36 4 17 4 107 54 4 25 4 17 4 26 4 
iteration 1269 best: 0.893198 time: 480685
56 17 8 78 38 8 2 35 8 41 36 4 25 4 73 46 4 30 4 43 25 8 60 8 4 33 4 104 8 12 34 35 8 37 37 8 0 15 8 78 27 12 87 43 4 13 4 57 27 4 42 4 26 4 33 4 50 19 4 18 4 17 4 104 23 8 50 30 8 48 28 4 40 4 106 14 16 16 16 6 5 4 24 4 16 4 16 4 61 24 4 21 4 12 4 41 18 8 37 8 36 48 4 26 4 16 4 19 4 14 13 8 89 51 4 6 4 34 4 19 4 61 11 8 38 18 4 70 33 8 83 9 8 57 18 8 70 19 4 6 4 32 4 73 38 4 21 4 12 14 4 23 4 28 4 89 20 4 7 4 109 5 4 9 4 17 4 93 13 4 28 4 72 15 4 18 4 81 30 16 14 16 57 33 9 30 4 11 4 61 24 4 9 4 12 4 56 13 4 20 4 7 38 16 28 16 55 5 34 11 4 24 4 96 17 16 34 16 48 16 4 21 4 14 4 38 33 4 53 4 88 27 4 25 4 41 4 96 31 4 19 4 26 15 34 4 71 37 48 27 4 26 28 11 4 60 33 16 29 16 89 38 4 32 4 44 4 1 16 40 20 4 31 11 5 4 43 25 4 18 4 19 4 97 20 16 13 16 37 40 4 17 4 103 7 4 47 4 5 4 53 28 4 33 43 31 4 43 18 4 36 4 41 4 29 4 60 27 4 5 4 45 4 19 4 1 32 4 28 4 16 38 27 4 35 30 4 5 4 41 4 27 23 4 45 28 17 4 80 35 4 14 28 9 4 72 28 4 18 4 91 20 8 9 4 35 24 45 4 0 24 4 27 4 6 45 4 11 4 7 4 16 4 44 16 4 14 4 9 4 33 4 92 22 4 15 4 26 15 7 12 4 40 4 22 40 4 34 4 13 4 29 4 21 20 4 11 4 12 4 77 19 4 22 4 28 4 76 24 4 5 4 36 4 17 4 107 54 4 25 4 17 4 26 4 
iteration 1289 best: 0.893198 time: 488239
56 17 8 78 38 8 2 35 8 41 36 4 25 4 73 46 4 30 4 43 25 8 60 8 4 33 4 104 8 12 34 35 8 37 37 8 0 15 8 78 27 12 87 43 4 13 4 57 27 4 42 4 26 4 33 4 50 19 4 18 4 17 4 104 23 8 50 30 8 48 28 4 40 4 106 14 16 16 16 6 5 4 24 4 16 4 16 4 61 24 4 21 4 12 4 41 18 8 37 8 36 48 4 26 4 16 4 19 4 14 13 8 89 51 4 6 4 34 4 19 4 61 11 8 38 18 4 70 33 8 83 9 8 57 18 8 70 19 4 6 4 32 4 73 38 4 21 4 12 14 4 23 4 28 4 89 20 4 7 4 109 5 4 9 4 17 4 93 13 4 28 4 72 15 4 18 4 81 30 16 14 16 57 33 9 30 4 11 4 61 24 4 9 4 12 4 56 13 4 20 4 7 38 16 28 16 55 5 34 11 4 24 4 96 17 16 34 16 48 16 4 21 4 14 4 38 33 4 53 4 88 27 4 25 4 41 4 96 31 4 19 4 26 15 34 4 71 37 48 27 4 26 28 11 4 60 33 16 29 16 89 38 4 32 4 44 4 1 16 40 20 4 31 11 5 4 43 25 4 18 4 19 4 97 20 16 13 16 37 40 4 17 4 103 7 4 47 4 5 4 53 28 4 33 43 31 4 43 18 4 36 4 41 4 29 4 60 27 4 5 4 45 4 19 4 1 32 4 28 4 16 38 27 4 35 30 4 5 4 41 4 27 23 4 45 28 17 4 80 35 4 14 28 9 4 72 28 4 18 4 91 20 8 9 4 35 24 45 4 0 24 4 27 4 6 45 4 11 4 7 4 16 4 44 16 4 14 4 9 4 33 4 92 22 4 15 4 26 15 7 12 4 40 4 22 40 4 34 4 13 4 29 4 21 20 4 11 4 12 4 77 19 4 22 4 28 4 76 24 4 5 4 36 4 17 4 107 54 4 25 4 17 4 26 4 
iteration 1309 best: 0.893198 time: 495796
56 17 8 78 38 8 2 35 8 41 36 4 25 4 73 46 4 30 4 43 25 8 60 8 4 33 4 104 8 12 34 35 8 37 37 8 0 15 8 78 27 12 87 43 4 13 4 57 27 4 42 4 26 4 33 4 50 19 4 18 4 17 4 104 23 8 50 30 8 48 28 4 40 4 106 14 16 16 16 6 5 4 24 4 16 4 16 4 61 24 4 21 4 12 4 41 18 8 37 8 36 48 4 26 4 16 4 19 4 14 13 8 89 51 4 6 4 34 4 19 4 61 11 8 38 18 4 70 33 8 83 9 8 57 18 8 70 19 4 6 4 32 4 73 38 4 21 4 12 14 4 23 4 28 4 89 20 4 7 4 109 5 4 9 4 17 4 93 13 4 28 4 72 15 4 18 4 81 30 16 14 16 57 33 9 30 4 11 4 61 24 4 9 4 12 4 56 13 4 20 4 7 38 16 28 16 55 5 34 11 4 24 4 96 17 16 34 16 48 16 4 21 4 14 4 38 33 4 53 4 88 27 4 25 4 41 4 96 31 4 19 4 26 15 34 4 71 37 48 27 4 26 28 11 4 60 33 16 29 16 89 38 4 32 4 44 4 1 16 40 20 4 31 11 5 4 43 25 4 18 4 19 4 97 20 16 13 16 37 40 4 17 4 103 7 4 47 4 5 4 53 28 4 33 43 31 4 43 18 4 36 4 41 4 29 4 60 27 4 5 4 45 4 19 4 1 32 4 28 4 16 38 27 4 35 30 4 5 4 41 4 27 23 4 45 28 17 4 80 35 4 14 28 9 4 72 28 4 18 4 91 20 8 9 4 35 24 45 4 0 24 4 27 4 6 45 4 11 4 7 4 16 4 44 16 4 14 4 9 4 33 4 92 22 4 15 4 26 15 7 12 4 40 4 22 40 4 34 4 13 4 29 4 21 20 4 11 4 12 4 77 19 4 22 4 28 4 76 24 4 5 4 36 4 17 4 107 54 4 25 4 17 4 26 4 
iteration 1329 best: 0.893198 time: 503369
56 17 8 78 38 8 2 35 8 41 36 4 25 4 73 46 4 30 4 43 25 8 60 8 4 33 4 104 8 12 34 35 8 37 37 8 0 15 8 78 27 12 87 43 4 13 4 57 27 4 42 4 26 4 33 4 50 19 4 18 4 17 4 104 23 8 50 30 8 48 28 4 40 4 106 14 16 16 16 6 5 4 24 4 16 4 16 4 61 24 4 21 4 12 4 41 18 8 37 8 36 48 4 26 4 16 4 19 4 14 13 8 89 51 4 6 4 34 4 19 4 61 11 8 38 18 4 70 33 8 83 9 8 57 18 8 70 19 4 6 4 32 4 73 38 4 21 4 12 14 4 23 4 28 4 89 20 4 7 4 109 5 4 9 4 17 4 93 13 4 28 4 72 15 4 18 4 81 30 16 14 16 57 33 9 30 4 11 4 61 24 4 9 4 12 4 56 13 4 20 4 7 38 16 28 16 55 5 34 11 4 24 4 96 17 16 34 16 48 16 4 21 4 14 4 38 33 4 53 4 88 27 4 25 4 41 4 96 31 4 19 4 26 15 34 4 71 37 48 27 4 26 28 11 4 60 33 16 29 16 89 38 4 32 4 44 4 1 16 40 20 4 31 11 5 4 43 25 4 18 4 19 4 97 20 16 13 16 37 40 4 17 4 103 7 4 47 4 5 4 53 28 4 33 43 31 4 43 18 4 36 4 41 4 29 4 60 27 4 5 4 45 4 19 4 1 32 4 28 4 16 38 27 4 35 30 4 5 4 41 4 27 23 4 45 28 17 4 80 35 4 14 28 9 4 72 28 4 18 4 91 20 8 9 4 35 24 45 4 0 24 4 27 4 6 45 4 11 4 7 4 16 4 44 16 4 14 4 9 4 33 4 92 22 4 15 4 26 15 7 12 4 40 4 22 40 4 34 4 13 4 29 4 21 20 4 11 4 12 4 77 19 4 22 4 28 4 76 24 4 5 4 36 4 17 4 107 54 4 25 4 17 4 26 4 
iteration 1349 best: 0.893198 time: 510927
56 17 8 78 38 8 2 35 8 41 36 4 25 4 73 46 4 30 4 43 25 8 60 8 4 33 4 104 8 12 34 35 8 37 37 8 0 15 8 78 27 12 87 43 4 13 4 57 27 4 42 4 26 4 33 4 50 19 4 18 4 17 4 104 23 8 50 30 8 48 28 4 40 4 106 14 16 16 16 6 5 4 24 4 16 4 16 4 61 24 4 21 4 12 4 41 18 8 37 8 36 48 4 26 4 16 4 19 4 14 13 8 89 51 4 6 4 34 4 19 4 61 11 8 38 18 4 70 33 8 83 9 8 57 18 8 70 19 4 6 4 32 4 73 38 4 21 4 12 14 4 23 4 28 4 89 20 4 7 4 109 5 4 9 4 17 4 93 13 4 28 4 72 15 4 18 4 81 30 16 14 16 57 33 9 30 4 11 4 61 24 4 9 4 12 4 56 13 4 20 4 7 38 16 28 16 55 5 34 11 4 24 4 96 17 16 34 16 48 16 4 21 4 14 4 38 33 4 53 4 88 27 4 25 4 41 4 96 31 4 19 4 26 15 34 4 71 37 48 27 4 26 28 11 4 60 33 16 29 16 89 38 4 32 4 44 4 1 16 40 20 4 31 11 5 4 43 25 4 18 4 19 4 97 20 16 13 16 37 40 4 17 4 103 7 4 47 4 5 4 53 28 4 33 43 31 4 43 18 4 36 4 41 4 29 4 60 27 4 5 4 45 4 19 4 1 32 4 28 4 16 38 27 4 35 30 4 5 4 41 4 27 23 4 45 28 17 4 80 35 4 14 28 9 4 72 28 4 18 4 91 20 8 9 4 35 24 45 4 0 24 4 27 4 6 45 4 11 4 7 4 16 4 44 16 4 14 4 9 4 33 4 92 22 4 15 4 26 15 7 12 4 40 4 22 40 4 34 4 13 4 29 4 21 20 4 11 4 12 4 77 19 4 22 4 28 4 76 24 4 5 4 36 4 17 4 107 54 4 25 4 17 4 26 4 
iteration 1369 best: 0.893198 time: 518491
56 17 8 78 38 8 2 35 8 41 36 4 25 4 73 46 4 30 4 43 25 8 60 8 4 33 4 104 8 12 34 35 8 37 37 8 0 15 8 78 27 12 87 43 4 13 4 57 27 4 42 4 26 4 33 4 50 19 4 18 4 17 4 104 23 8 50 30 8 48 28 4 40 4 106 14 16 16 16 6 5 4 24 4 16 4 16 4 61 24 4 21 4 12 4 41 18 8 37 8 36 48 4 26 4 16 4 19 4 14 13 8 89 51 4 6 4 34 4 19 4 61 11 8 38 18 4 70 33 8 83 9 8 57 18 8 70 19 4 6 4 32 4 73 38 4 21 4 12 14 4 23 4 28 4 89 20 4 7 4 109 5 4 9 4 17 4 93 13 4 28 4 72 15 4 18 4 81 30 16 14 16 57 33 9 30 4 11 4 61 24 4 9 4 12 4 56 13 4 20 4 7 38 16 28 16 55 5 34 11 4 24 4 96 17 16 34 16 48 16 4 21 4 14 4 38 33 4 53 4 88 27 4 25 4 41 4 96 31 4 19 4 26 15 34 4 71 37 48 27 4 26 28 11 4 60 33 16 29 16 89 38 4 32 4 44 4 1 16 40 20 4 31 11 5 4 43 25 4 18 4 19 4 97 20 16 13 16 37 40 4 17 4 103 7 4 47 4 5 4 53 28 4 33 43 31 4 43 18 4 36 4 41 4 29 4 60 27 4 5 4 45 4 19 4 1 32 4 28 4 16 38 27 4 35 30 4 5 4 41 4 27 23 4 45 28 17 4 80 35 4 14 28 9 4 72 28 4 18 4 91 20 8 9 4 35 24 45 4 0 24 4 27 4 6 45 4 11 4 7 4 16 4 44 16 4 14 4 9 4 33 4 92 22 4 15 4 26 15 7 12 4 40 4 22 40 4 34 4 13 4 29 4 21 20 4 11 4 12 4 77 19 4 22 4 28 4 76 24 4 5 4 36 4 17 4 107 54 4 25 4 17 4 26 4 
iteration 1389 best: 0.893198 time: 526044
56 17 8 78 38 8 2 35 8 41 36 4 25 4 73 46 4 30 4 43 25 8 60 8 4 33 4 104 8 12 34 35 8 37 37 8 0 15 8 78 27 12 87 43 4 13 4 57 27 4 42 4 26 4 33 4 50 19 4 18 4 17 4 104 23 8 50 30 8 48 28 4 40 4 106 14 16 16 16 6 5 4 24 4 16 4 16 4 61 24 4 21 4 12 4 41 18 8 37 8 36 48 4 26 4 16 4 19 4 14 13 8 89 51 4 6 4 34 4 19 4 61 11 8 38 18 4 70 33 8 83 9 8 57 18 8 70 19 4 6 4 32 4 73 38 4 21 4 12 14 4 23 4 28 4 89 20 4 7 4 109 5 4 9 4 17 4 93 13 4 28 4 72 15 4 18 4 81 30 16 14 16 57 33 9 30 4 11 4 61 24 4 9 4 12 4 56 13 4 20 4 7 38 16 28 16 55 5 34 11 4 24 4 96 17 16 34 16 48 16 4 21 4 14 4 38 33 4 53 4 88 27 4 25 4 41 4 96 31 4 19 4 26 15 34 4 71 37 48 27 4 26 28 11 4 60 33 16 29 16 89 38 4 32 4 44 4 1 16 40 20 4 31 11 5 4 43 25 4 18 4 19 4 97 20 16 13 16 37 40 4 17 4 103 7 4 47 4 5 4 53 28 4 33 43 31 4 43 18 4 36 4 41 4 29 4 60 27 4 5 4 45 4 19 4 1 32 4 28 4 16 38 27 4 35 30 4 5 4 41 4 27 23 4 45 28 17 4 80 35 4 14 28 9 4 72 28 4 18 4 91 20 8 9 4 35 24 45 4 0 24 4 27 4 6 45 4 11 4 7 4 16 4 44 16 4 14 4 9 4 33 4 92 22 4 15 4 26 15 7 12 4 40 4 22 40 4 34 4 13 4 29 4 21 20 4 11 4 12 4 77 19 4 22 4 28 4 76 24 4 5 4 36 4 17 4 107 54 4 25 4 17 4 26 4 
iteration 1409 best: 0.893198 time: 533607
56 17 8 78 38 8 2 35 8 41 36 4 25 4 73 46 4 30 4 43 25 8 60 8 4 33 4 104 8 12 34 35 8 37 37 8 0 15 8 78 27 12 87 43 4 13 4 57 27 4 42 4 26 4 33 4 50 19 4 18 4 17 4 104 23 8 50 30 8 48 28 4 40 4 106 14 16 16 16 6 5 4 24 4 16 4 16 4 61 24 4 21 4 12 4 41 18 8 37 8 36 48 4 26 4 16 4 19 4 14 13 8 89 51 4 6 4 34 4 19 4 61 11 8 38 18 4 70 33 8 83 9 8 57 18 8 70 19 4 6 4 32 4 73 38 4 21 4 12 14 4 23 4 28 4 89 20 4 7 4 109 5 4 9 4 17 4 93 13 4 28 4 72 15 4 18 4 81 30 16 14 16 57 33 9 30 4 11 4 61 24 4 9 4 12 4 56 13 4 20 4 7 38 16 28 16 55 5 34 11 4 24 4 96 17 16 34 16 48 16 4 21 4 14 4 38 33 4 53 4 88 27 4 25 4 41 4 96 31 4 19 4 26 15 34 4 71 37 48 27 4 26 28 11 4 60 33 16 29 16 89 38 4 32 4 44 4 1 16 40 20 4 31 11 5 4 43 25 4 18 4 19 4 97 20 16 13 16 37 40 4 17 4 103 7 4 47 4 5 4 53 28 4 33 43 31 4 43 18 4 36 4 41 4 29 4 60 27 4 5 4 45 4 19 4 1 32 4 28 4 16 38 27 4 35 30 4 5 4 41 4 27 23 4 45 28 17 4 80 35 4 14 28 9 4 72 28 4 18 4 91 20 8 9 4 35 24 45 4 0 24 4 27 4 6 45 4 11 4 7 4 16 4 44 16 4 14 4 9 4 33 4 92 22 4 15 4 26 15 7 12 4 40 4 22 40 4 34 4 13 4 29 4 21 20 4 11 4 12 4 77 19 4 22 4 28 4 76 24 4 5 4 36 4 17 4 107 54 4 25 4 17 4 26 4 
iteration 1429 best: 0.893198 time: 541169
56 17 8 78 38 8 2 35 8 41 36 4 25 4 73 46 4 30 4 43 25 8 60 8 4 33 4 104 8 12 34 35 8 37 37 8 0 15 8 78 27 12 87 43 4 13 4 57 27 4 42 4 26 4 33 4 50 19 4 18 4 17 4 104 23 8 50 30 8 48 28 4 40 4 106 14 16 16 16 6 5 4 24 4 16 4 16 4 61 24 4 21 4 12 4 41 18 8 37 8 36 48 4 26 4 16 4 19 4 14 13 8 89 51 4 6 4 34 4 19 4 61 11 8 38 18 4 70 33 8 83 9 8 57 18 8 70 19 4 6 4 32 4 73 38 4 21 4 12 14 4 23 4 28 4 89 20 4 7 4 109 5 4 9 4 17 4 93 13 4 28 4 72 15 4 18 4 81 30 16 14 16 57 33 9 30 4 11 4 61 24 4 9 4 12 4 56 13 4 20 4 7 38 16 28 16 55 5 34 11 4 24 4 96 17 16 34 16 48 16 4 21 4 14 4 38 33 4 53 4 88 27 4 25 4 41 4 96 31 4 19 4 26 15 34 4 71 37 48 27 4 26 28 11 4 60 33 16 29 16 89 38 4 32 4 44 4 1 16 40 20 4 31 11 5 4 43 25 4 18 4 19 4 97 20 16 13 16 37 40 4 17 4 103 7 4 47 4 5 4 53 28 4 33 43 31 4 43 18 4 36 4 41 4 29 4 60 27 4 5 4 45 4 19 4 1 32 4 28 4 16 38 27 4 35 30 4 5 4 41 4 27 23 4 45 28 17 4 80 35 4 14 28 9 4 72 28 4 18 4 91 20 8 9 4 35 24 45 4 0 24 4 27 4 6 45 4 11 4 7 4 16 4 44 16 4 14 4 9 4 33 4 92 22 4 15 4 26 15 7 12 4 40 4 22 40 4 34 4 13 4 29 4 21 20 4 11 4 12 4 77 19 4 22 4 28 4 76 24 4 5 4 36 4 17 4 107 54 4 25 4 17 4 26 4 
iteration 1449 best: 0.893198 time: 548718
56 17 8 78 38 8 2 35 8 41 36 4 25 4 73 46 4 30 4 43 25 8 60 8 4 33 4 104 8 12 34 35 8 37 37 8 0 15 8 78 27 12 87 43 4 13 4 57 27 4 42 4 26 4 33 4 50 19 4 18 4 17 4 104 23 8 50 30 8 48 28 4 40 4 106 14 16 16 16 6 5 4 24 4 16 4 16 4 61 24 4 21 4 12 4 41 18 8 37 8 36 48 4 26 4 16 4 19 4 14 13 8 89 51 4 6 4 34 4 19 4 61 11 8 38 18 4 70 33 8 83 9 8 57 18 8 70 19 4 6 4 32 4 73 38 4 21 4 12 14 4 23 4 28 4 89 20 4 7 4 109 5 4 9 4 17 4 93 13 4 28 4 72 15 4 18 4 81 30 16 14 16 57 33 9 30 4 11 4 61 24 4 9 4 12 4 56 13 4 20 4 7 38 16 28 16 55 5 34 11 4 24 4 96 17 16 34 16 48 16 4 21 4 14 4 38 33 4 53 4 88 27 4 25 4 41 4 96 31 4 19 4 26 15 34 4 71 37 48 27 4 26 28 11 4 60 33 16 29 16 89 38 4 32 4 44 4 1 16 40 20 4 31 11 5 4 43 25 4 18 4 19 4 97 20 16 13 16 37 40 4 17 4 103 7 4 47 4 5 4 53 28 4 33 43 31 4 43 18 4 36 4 41 4 29 4 60 27 4 5 4 45 4 19 4 1 32 4 28 4 16 38 27 4 35 30 4 5 4 41 4 27 23 4 45 28 17 4 80 35 4 14 28 9 4 72 28 4 18 4 91 20 8 9 4 35 24 45 4 0 24 4 27 4 6 45 4 11 4 7 4 16 4 44 16 4 14 4 9 4 33 4 92 22 4 15 4 26 15 7 12 4 40 4 22 40 4 34 4 13 4 29 4 21 20 4 11 4 12 4 77 19 4 22 4 28 4 76 24 4 5 4 36 4 17 4 107 54 4 25 4 17 4 26 4 
iteration 1469 best: 0.893198 time: 556295
56 17 8 78 38 8 2 35 8 41 36 4 25 4 73 46 4 30 4 43 25 8 60 8 4 33 4 104 8 12 34 35 8 37 37 8 0 15 8 78 27 12 87 43 4 13 4 57 27 4 42 4 26 4 33 4 50 19 4 18 4 17 4 104 23 8 50 30 8 48 28 4 40 4 106 14 16 16 16 6 5 4 24 4 16 4 16 4 61 24 4 21 4 12 4 41 18 8 37 8 36 48 4 26 4 16 4 19 4 14 13 8 89 51 4 6 4 34 4 19 4 61 11 8 38 18 4 70 33 8 83 9 8 57 18 8 70 19 4 6 4 32 4 73 38 4 21 4 12 14 4 23 4 28 4 89 20 4 7 4 109 5 4 9 4 17 4 93 13 4 28 4 72 15 4 18 4 81 30 16 14 16 57 33 9 30 4 11 4 61 24 4 9 4 12 4 56 13 4 20 4 7 38 16 28 16 55 5 34 11 4 24 4 96 17 16 34 16 48 16 4 21 4 14 4 38 33 4 53 4 88 27 4 25 4 41 4 96 31 4 19 4 26 15 34 4 71 37 48 27 4 26 28 11 4 60 33 16 29 16 89 38 4 32 4 44 4 1 16 40 20 4 31 11 5 4 43 25 4 18 4 19 4 97 20 16 13 16 37 40 4 17 4 103 7 4 47 4 5 4 53 28 4 33 43 31 4 43 18 4 36 4 41 4 29 4 60 27 4 5 4 45 4 19 4 1 32 4 28 4 16 38 27 4 35 30 4 5 4 41 4 27 23 4 45 28 17 4 80 35 4 14 28 9 4 72 28 4 18 4 91 20 8 9 4 35 24 45 4 0 24 4 27 4 6 45 4 11 4 7 4 16 4 44 16 4 14 4 9 4 33 4 92 22 4 15 4 26 15 7 12 4 40 4 22 40 4 34 4 13 4 29 4 21 20 4 11 4 12 4 77 19 4 22 4 28 4 76 24 4 5 4 36 4 17 4 107 54 4 25 4 17 4 26 4 
iteration 1489 best: 0.893198 time: 563858
56 17 8 78 38 8 2 35 8 41 36 4 25 4 73 46 4 30 4 43 25 8 60 8 4 33 4 104 8 12 34 35 8 37 37 8 0 15 8 78 27 12 87 43 4 13 4 57 27 4 42 4 26 4 33 4 50 19 4 18 4 17 4 104 23 8 50 30 8 48 28 4 40 4 106 14 16 16 16 6 5 4 24 4 16 4 16 4 61 24 4 21 4 12 4 41 18 8 37 8 36 48 4 26 4 16 4 19 4 14 13 8 89 51 4 6 4 34 4 19 4 61 11 8 38 18 4 70 33 8 83 9 8 57 18 8 70 19 4 6 4 32 4 73 38 4 21 4 12 14 4 23 4 28 4 89 20 4 7 4 109 5 4 9 4 17 4 93 13 4 28 4 72 15 4 18 4 81 30 16 14 16 57 33 9 30 4 11 4 61 24 4 9 4 12 4 56 13 4 20 4 7 38 16 28 16 55 5 34 11 4 24 4 96 17 16 34 16 48 16 4 21 4 14 4 38 33 4 53 4 88 27 4 25 4 41 4 96 31 4 19 4 26 15 34 4 71 37 48 27 4 26 28 11 4 60 33 16 29 16 89 38 4 32 4 44 4 1 16 40 20 4 31 11 5 4 43 25 4 18 4 19 4 97 20 16 13 16 37 40 4 17 4 103 7 4 47 4 5 4 53 28 4 33 43 31 4 43 18 4 36 4 41 4 29 4 60 27 4 5 4 45 4 19 4 1 32 4 28 4 16 38 27 4 35 30 4 5 4 41 4 27 23 4 45 28 17 4 80 35 4 14 28 9 4 72 28 4 18 4 91 20 8 9 4 35 24 45 4 0 24 4 27 4 6 45 4 11 4 7 4 16 4 44 16 4 14 4 9 4 33 4 92 22 4 15 4 26 15 7 12 4 40 4 22 40 4 34 4 13 4 29 4 21 20 4 11 4 12 4 77 19 4 22 4 28 4 76 24 4 5 4 36 4 17 4 107 54 4 25 4 17 4 26 4 
iteration 1509 best: 0.893198 time: 571394
56 17 8 78 38 8 2 35 8 41 36 4 25 4 73 46 4 30 4 43 25 8 60 8 4 33 4 104 8 12 34 35 8 37 37 8 0 15 8 78 27 12 87 43 4 13 4 57 27 4 42 4 26 4 33 4 50 19 4 18 4 17 4 104 23 8 50 30 8 48 28 4 40 4 106 14 16 16 16 6 5 4 24 4 16 4 16 4 61 24 4 21 4 12 4 41 18 8 37 8 36 48 4 26 4 16 4 19 4 14 13 8 89 51 4 6 4 34 4 19 4 61 11 8 38 18 4 70 33 8 83 9 8 57 18 8 70 19 4 6 4 32 4 73 38 4 21 4 12 14 4 23 4 28 4 89 20 4 7 4 109 5 4 9 4 17 4 93 13 4 28 4 72 15 4 18 4 81 30 16 14 16 57 33 9 30 4 11 4 61 24 4 9 4 12 4 56 13 4 20 4 7 38 16 28 16 55 5 34 11 4 24 4 96 17 16 34 16 48 16 4 21 4 14 4 38 33 4 53 4 88 27 4 25 4 41 4 96 31 4 19 4 26 15 34 4 71 37 48 27 4 26 28 11 4 60 33 16 29 16 89 38 4 32 4 44 4 1 16 40 20 4 31 11 5 4 43 25 4 18 4 19 4 97 20 16 13 16 37 40 4 17 4 103 7 4 47 4 5 4 53 28 4 33 43 31 4 43 18 4 36 4 41 4 29 4 60 27 4 5 4 45 4 19 4 1 32 4 28 4 16 38 27 4 35 30 4 5 4 41 4 27 23 4 45 28 17 4 80 35 4 14 28 9 4 72 28 4 18 4 91 20 8 9 4 35 24 45 4 0 24 4 27 4 6 45 4 11 4 7 4 16 4 44 16 4 14 4 9 4 33 4 92 22 4 15 4 26 15 7 12 4 40 4 22 40 4 34 4 13 4 29 4 21 20 4 11 4 12 4 77 19 4 22 4 28 4 76 24 4 5 4 36 4 17 4 107 54 4 25 4 17 4 26 4 
iteration 1529 best: 0.893198 time: 578913
56 17 8 78 38 8 2 35 8 41 36 4 25 4 73 46 4 30 4 43 25 8 60 8 4 33 4 104 8 12 34 35 8 37 37 8 0 15 8 78 27 12 87 43 4 13 4 57 27 4 42 4 26 4 33 4 50 19 4 18 4 17 4 104 23 8 50 30 8 48 28 4 40 4 106 14 16 16 16 6 5 4 24 4 16 4 16 4 61 24 4 21 4 12 4 41 18 8 37 8 36 48 4 26 4 16 4 19 4 14 13 8 89 51 4 6 4 34 4 19 4 61 11 8 38 18 4 70 33 8 83 9 8 57 18 8 70 19 4 6 4 32 4 73 38 4 21 4 12 14 4 23 4 28 4 89 20 4 7 4 109 5 4 9 4 17 4 93 13 4 28 4 72 15 4 18 4 81 30 16 14 16 57 33 9 30 4 11 4 61 24 4 9 4 12 4 56 13 4 20 4 7 38 16 28 16 55 5 34 11 4 24 4 96 17 16 34 16 48 16 4 21 4 14 4 38 33 4 53 4 88 27 4 25 4 41 4 96 31 4 19 4 26 15 34 4 71 37 48 27 4 26 28 11 4 60 33 16 29 16 89 38 4 32 4 44 4 1 16 40 20 4 31 11 5 4 43 25 4 18 4 19 4 97 20 16 13 16 37 40 4 17 4 103 7 4 47 4 5 4 53 28 4 33 43 31 4 43 18 4 36 4 41 4 29 4 60 27 4 5 4 45 4 19 4 1 32 4 28 4 16 38 27 4 35 30 4 5 4 41 4 27 23 4 45 28 17 4 80 35 4 14 28 9 4 72 28 4 18 4 91 20 8 9 4 35 24 45 4 0 24 4 27 4 6 45 4 11 4 7 4 16 4 44 16 4 14 4 9 4 33 4 92 22 4 15 4 26 15 7 12 4 40 4 22 40 4 34 4 13 4 29 4 21 20 4 11 4 12 4 77 19 4 22 4 28 4 76 24 4 5 4 36 4 17 4 107 54 4 25 4 17 4 26 4 
iteration 1549 best: 0.893198 time: 586459
56 17 8 78 38 8 2 35 8 41 36 4 25 4 73 46 4 30 4 43 25 8 60 8 4 33 4 104 8 12 34 35 8 37 37 8 0 15 8 78 27 12 87 43 4 13 4 57 27 4 42 4 26 4 33 4 50 19 4 18 4 17 4 104 23 8 50 30 8 48 28 4 40 4 106 14 16 16 16 6 5 4 24 4 16 4 16 4 61 24 4 21 4 12 4 41 18 8 37 8 36 48 4 26 4 16 4 19 4 14 13 8 89 51 4 6 4 34 4 19 4 61 11 8 38 18 4 70 33 8 83 9 8 57 18 8 70 19 4 6 4 32 4 73 38 4 21 4 12 14 4 23 4 28 4 89 20 4 7 4 109 5 4 9 4 17 4 93 13 4 28 4 72 15 4 18 4 81 30 16 14 16 57 33 9 30 4 11 4 61 24 4 9 4 12 4 56 13 4 20 4 7 38 16 28 16 55 5 34 11 4 24 4 96 17 16 34 16 48 16 4 21 4 14 4 38 33 4 53 4 88 27 4 25 4 41 4 96 31 4 19 4 26 15 34 4 71 37 48 27 4 26 28 11 4 60 33 16 29 16 89 38 4 32 4 44 4 1 16 40 20 4 31 11 5 4 43 25 4 18 4 19 4 97 20 16 13 16 37 40 4 17 4 103 7 4 47 4 5 4 53 28 4 33 43 31 4 43 18 4 36 4 41 4 29 4 60 27 4 5 4 45 4 19 4 1 32 4 28 4 16 38 27 4 35 30 4 5 4 41 4 27 23 4 45 28 17 4 80 35 4 14 28 9 4 72 28 4 18 4 91 20 8 9 4 35 24 45 4 0 24 4 27 4 6 45 4 11 4 7 4 16 4 44 16 4 14 4 9 4 33 4 92 22 4 15 4 26 15 7 12 4 40 4 22 40 4 34 4 13 4 29 4 21 20 4 11 4 12 4 77 19 4 22 4 28 4 76 24 4 5 4 36 4 17 4 107 54 4 25 4 17 4 26 4 
iteration 1569 best: 0.893198 time: 593983
56 17 8 78 38 8 2 35 8 41 36 4 25 4 73 46 4 30 4 43 25 8 60 8 4 33 4 104 8 12 34 35 8 37 37 8 0 15 8 78 27 12 87 43 4 13 4 57 27 4 42 4 26 4 33 4 50 19 4 18 4 17 4 104 23 8 50 30 8 48 28 4 40 4 106 14 16 16 16 6 5 4 24 4 16 4 16 4 61 24 4 21 4 12 4 41 18 8 37 8 36 48 4 26 4 16 4 19 4 14 13 8 89 51 4 6 4 34 4 19 4 61 11 8 38 18 4 70 33 8 83 9 8 57 18 8 70 19 4 6 4 32 4 73 38 4 21 4 12 14 4 23 4 28 4 89 20 4 7 4 109 5 4 9 4 17 4 93 13 4 28 4 72 15 4 18 4 81 30 16 14 16 57 33 9 30 4 11 4 61 24 4 9 4 12 4 56 13 4 20 4 7 38 16 28 16 55 5 34 11 4 24 4 96 17 16 34 16 48 16 4 21 4 14 4 38 33 4 53 4 88 27 4 25 4 41 4 96 31 4 19 4 26 15 34 4 71 37 48 27 4 26 28 11 4 60 33 16 29 16 89 38 4 32 4 44 4 1 16 40 20 4 31 11 5 4 43 25 4 18 4 19 4 97 20 16 13 16 37 40 4 17 4 103 7 4 47 4 5 4 53 28 4 33 43 31 4 43 18 4 36 4 41 4 29 4 60 27 4 5 4 45 4 19 4 1 32 4 28 4 16 38 27 4 35 30 4 5 4 41 4 27 23 4 45 28 17 4 80 35 4 14 28 9 4 72 28 4 18 4 91 20 8 9 4 35 24 45 4 0 24 4 27 4 6 45 4 11 4 7 4 16 4 44 16 4 14 4 9 4 33 4 92 22 4 15 4 26 15 7 12 4 40 4 22 40 4 34 4 13 4 29 4 21 20 4 11 4 12 4 77 19 4 22 4 28 4 76 24 4 5 4 36 4 17 4 107 54 4 25 4 17 4 26 4 
iteration 1589 best: 0.893198 time: 601505
56 17 8 78 38 8 2 35 8 41 36 4 25 4 73 46 4 30 4 43 25 8 60 8 4 33 4 104 8 12 34 35 8 37 37 8 0 15 8 78 27 12 87 43 4 13 4 57 27 4 42 4 26 4 33 4 50 19 4 18 4 17 4 104 23 8 50 30 8 48 28 4 40 4 106 14 16 16 16 6 5 4 24 4 16 4 16 4 61 24 4 21 4 12 4 41 18 8 37 8 36 48 4 26 4 16 4 19 4 14 13 8 89 51 4 6 4 34 4 19 4 61 11 8 38 18 4 70 33 8 83 9 8 57 18 8 70 19 4 6 4 32 4 73 38 4 21 4 12 14 4 23 4 28 4 89 20 4 7 4 109 5 4 9 4 17 4 93 13 4 28 4 72 15 4 18 4 81 30 16 14 16 57 33 9 30 4 11 4 61 24 4 9 4 12 4 56 13 4 20 4 7 38 16 28 16 55 5 34 11 4 24 4 96 17 16 34 16 48 16 4 21 4 14 4 38 33 4 53 4 88 27 4 25 4 41 4 96 31 4 19 4 26 15 34 4 71 37 48 27 4 26 28 11 4 60 33 16 29 16 89 38 4 32 4 44 4 1 16 40 20 4 31 11 5 4 43 25 4 18 4 19 4 97 20 16 13 16 37 40 4 17 4 103 7 4 47 4 5 4 53 28 4 33 43 31 4 43 18 4 36 4 41 4 29 4 60 27 4 5 4 45 4 19 4 1 32 4 28 4 16 38 27 4 35 30 4 5 4 41 4 27 23 4 45 28 17 4 80 35 4 14 28 9 4 72 28 4 18 4 91 20 8 9 4 35 24 45 4 0 24 4 27 4 6 45 4 11 4 7 4 16 4 44 16 4 14 4 9 4 33 4 92 22 4 15 4 26 15 7 12 4 40 4 22 40 4 34 4 13 4 29 4 21 20 4 11 4 12 4 77 19 4 22 4 28 4 76 24 4 5 4 36 4 17 4 107 54 4 25 4 17 4 26 4 
Best solution: 
56 17 8 78 38 8 2 35 8 41 36 4 25 4 73 46 4 30 4 43 25 8 60 8 4 33 4 104 8 12 34 35 8 37 37 8 0 15 8 78 27 12 87 43 4 13 4 57 27 4 42 4 26 4 33 4 50 19 4 18 4 17 4 104 23 8 50 30 8 48 28 4 40 4 106 14 16 16 16 6 5 4 24 4 16 4 16 4 61 24 4 21 4 12 4 41 18 8 37 8 36 48 4 26 4 16 4 19 4 14 13 8 89 51 4 6 4 34 4 19 4 61 11 8 38 18 4 70 33 8 83 9 8 57 18 8 70 19 4 6 4 32 4 73 38 4 21 4 12 14 4 23 4 28 4 89 20 4 7 4 109 5 4 9 4 17 4 93 13 4 28 4 72 15 4 18 4 81 30 16 14 16 57 33 9 30 4 11 4 61 24 4 9 4 12 4 56 13 4 20 4 7 38 16 28 16 55 5 34 11 4 24 4 96 17 16 34 16 48 16 4 21 4 14 4 38 33 4 53 4 88 27 4 25 4 41 4 96 31 4 19 4 26 15 34 4 71 37 48 27 4 26 28 11 4 60 33 16 29 16 89 38 4 32 4 44 4 1 16 40 20 4 31 11 5 4 43 25 4 18 4 19 4 97 20 16 13 16 37 40 4 17 4 103 7 4 47 4 5 4 53 28 4 33 43 31 4 43 18 4 36 4 41 4 29 4 60 27 4 5 4 45 4 19 4 1 32 4 28 4 16 38 27 4 35 30 4 5 4 41 4 27 23 4 45 28 17 4 80 35 4 14 28 9 4 72 28 4 18 4 91 20 8 9 4 35 24 45 4 0 24 4 27 4 6 45 4 11 4 7 4 16 4 44 16 4 14 4 9 4 33 4 92 22 4 15 4 26 15 7 12 4 40 4 22 40 4 34 4 13 4 29 4 21 20 4 11 4 12 4 77 19 4 22 4 28 4 76 24 4 5 4 36 4 17 4 107 54 4 25 4 17 4 26 4 
Fitness: 0.893198
