iteration 1049 best: 1.37759 time: 7202
78 42 4 7 4 12 4 1 7 4 57 4 111 7 4 55 4 21 4 56 57 4 49 4 27 4 57 28 4 21 4 16 4 67 55 4 33 4 40 4 7 4 34 43 4 46 4 26 4 12 23 4 23 4 83 48 4 12 4 97 51 4 14 4 54 4 7 4 14 50 4 23 4 70 47 4 59 4 114 53 4 9 4 56 4 48 4 26 4 33 8 4 6 4 41 4 23 4 110 27 4 31 4 114 32 4 36 4 22 4 20 4 13 19 4 11 4 53 4 36 14 4 43 4 71 19 4 51 4 78 14 20 96 9 4 5 4 27 4 49 27 20 80 33 4 16 4 28 4 62 50 4 50 4 6 4 15 4 115 38 4 19 4 55 23 4 36 4 19 4 16 17 4 15 4 55 58 4 29 4 27 4 8 25 4 40 4 12 4 41 49 4 31 4 100 49 4 53 4 70 5 4 34 41 4 37 4 32 4 98 42 4 10 4 114 50 4 14 4 65 12 4 10 4 54 19 4 28 4 110 30 4 37 4 110 38 4 17 4 7 59 4 6 4 53 34 4 37 4 24 19 4 37 4 8 4 52 15 4 22 4 22 39 4 28 4 42 4 84 37 4 35 4 20 4 89 32 4 21 4 52 4 37 4 107 16 4 30 4 12 4 28 4 97 11 4 18 4 50 4 85 49 4 14 4 116 13 4 59 4 11 4 65 21 4 55 4 45 4 1 37 4 56 4 11 4 27 17 4 20 4 29 4 75 54 16 48 16 54 11 4 115 56 16 21 16 92 7 4 33 4 2 16 4 9 4 15 4 55 17 4 12 4 46 4 5 4 9 41 4 37 4 10 6 4 33 4 46 4 45 4 2 48 4 56 4 35 4 14 31 4 24 4 32 4 32 21 4 39 4 54 4 75 54 4 54 4 22 4 38 11 4 57 4 57 4 57 4 45 7 4 13 4 53 4 26 4 83 41 4 55 4 36 4 31 14 4 11 4 9 4 49 36 4 36 4 51 4 
iteration 2131 best: 1.32681 time: 14406
78 42 4 7 4 12 4 1 5 4 57 4 111 7 4 55 4 21 4 56 57 4 49 4 27 4 57 28 4 21 4 16 4 67 55 4 33 4 40 4 7 4 34 43 4 46 4 26 4 12 23 4 23 4 83 48 4 12 4 97 51 4 14 4 54 4 7 4 14 50 4 23 4 70 47 4 59 4 114 53 4 9 4 56 4 48 4 26 4 33 8 4 6 4 41 4 23 4 110 27 4 31 4 114 32 4 36 4 17 4 20 4 13 19 4 11 4 53 4 36 14 4 43 4 66 19 4 51 4 78 14 20 96 7 4 5 4 27 4 49 27 20 80 33 4 16 4 28 4 62 50 4 50 4 6 4 15 4 115 38 4 19 4 55 23 4 36 4 19 4 16 17 4 15 4 55 58 4 29 4 27 4 8 25 4 40 4 12 4 41 49 4 31 4 100 49 4 53 4 70 5 4 34 41 4 37 4 32 4 98 42 4 14 4 114 50 4 18 4 65 12 4 10 4 53 19 4 28 4 110 30 4 37 4 110 38 4 17 4 7 59 4 6 4 53 34 4 37 4 21 19 4 37 4 8 4 52 15 4 22 4 22 39 4 28 4 42 4 84 37 4 35 4 20 4 89 32 4 21 4 52 4 37 4 107 16 4 30 4 12 4 28 4 97 11 4 18 4 50 4 85 50 4 14 4 116 13 4 59 4 11 4 65 21 4 55 4 45 4 1 37 4 56 4 11 4 27 17 4 20 4 29 4 75 54 16 48 16 54 11 4 115 56 16 21 16 92 7 4 34 4 2 16 4 9 4 15 4 55 17 4 12 4 46 4 5 4 9 41 4 37 4 10 6 4 33 4 46 4 45 4 2 48 4 56 4 35 4 14 31 4 24 4 32 4 32 21 4 39 4 54 4 75 54 4 54 4 22 4 38 11 4 57 4 57 4 59 4 45 7 4 13 4 53 4 26 4 83 41 4 55 4 36 4 31 14 4 11 4 9 4 49 36 4 36 4 51 4 
iteration 3075 best: 1.32681 time: 21608
78 42 4 7 4 12 4 1 5 4 57 4 111 7 4 55 4 21 4 56 57 4 49 4 27 4 57 28 4 21 4 16 4 67 55 4 33 4 40 4 7 4 34 43 4 46 4 26 4 12 23 4 23 4 83 48 4 12 4 97 51 4 14 4 54 4 7 4 14 50 4 23 4 70 47 4 59 4 114 53 4 9 4 56 4 48 4 26 4 33 8 4 6 4 41 4 23 4 110 27 4 31 4 114 32 4 36 4 17 4 20 4 13 19 4 11 4 53 4 36 14 4 43 4 66 19 4 51 4 78 14 20 96 7 4 5 4 27 4 49 27 20 80 33 4 16 4 28 4 62 50 4 50 4 6 4 15 4 115 38 4 19 4 55 23 4 36 4 19 4 16 17 4 15 4 55 58 4 29 4 27 4 8 25 4 40 4 12 4 41 49 4 31 4 100 49 4 53 4 70 5 4 34 41 4 37 4 32 4 98 42 4 14 4 114 50 4 18 4 65 12 4 10 4 53 19 4 28 4 110 30 4 37 4 110 38 4 17 4 7 59 4 6 4 53 34 4 37 4 21 19 4 37 4 8 4 52 15 4 22 4 22 39 4 28 4 42 4 84 37 4 35 4 20 4 89 32 4 21 4 52 4 37 4 107 16 4 30 4 12 4 28 4 97 11 4 18 4 50 4 85 50 4 14 4 116 13 4 59 4 11 4 65 21 4 55 4 45 4 1 37 4 56 4 11 4 27 17 4 20 4 29 4 75 54 16 48 16 54 11 4 115 56 16 21 16 92 7 4 34 4 2 16 4 9 4 15 4 55 17 4 12 4 46 4 5 4 9 41 4 37 4 10 6 4 33 4 46 4 45 4 2 48 4 56 4 35 4 14 31 4 24 4 32 4 32 21 4 39 4 54 4 75 54 4 54 4 22 4 38 11 4 57 4 57 4 59 4 45 7 4 13 4 53 4 26 4 83 41 4 55 4 36 4 31 14 4 11 4 9 4 49 36 4 36 4 51 4 
iteration 4134 best: 1.3268 time: 28809
78 42 4 7 4 12 4 1 5 4 57 4 111 7 4 55 4 21 4 56 57 4 49 4 27 4 57 28 4 21 4 16 4 67 55 4 33 4 40 4 7 4 34 43 4 46 4 26 4 12 23 4 23 4 83 48 4 12 4 97 51 4 14 4 54 4 7 4 14 50 4 23 4 70 47 4 59 4 114 53 4 9 4 56 4 48 4 26 4 33 8 4 6 4 41 4 23 4 110 27 4 31 4 114 32 4 36 4 17 4 20 4 13 19 4 11 4 53 4 36 14 4 53 4 66 19 4 51 4 78 14 20 96 7 4 5 4 27 4 49 27 20 80 33 4 16 4 28 4 62 50 4 50 4 6 4 15 4 115 38 4 19 4 55 23 4 36 4 19 4 16 17 4 15 4 55 58 4 29 4 27 4 8 25 4 40 4 12 4 41 49 4 31 4 100 49 4 53 4 70 5 4 34 41 4 37 4 32 4 98 42 4 14 4 114 50 4 18 4 65 12 4 10 4 53 19 4 28 4 110 30 4 37 4 110 38 4 17 4 7 59 4 6 4 53 34 4 37 4 21 19 4 37 4 8 4 52 15 4 22 4 22 39 4 28 4 42 4 84 37 4 35 4 20 4 89 32 4 21 4 52 4 37 4 107 16 4 30 4 12 4 28 4 97 11 4 18 4 50 4 85 50 4 14 4 116 13 4 59 4 11 4 65 21 4 55 4 45 4 1 37 4 56 4 11 4 27 17 4 20 4 29 4 75 54 16 48 16 54 11 4 115 56 16 21 16 92 7 4 34 4 2 16 4 9 4 15 4 55 17 4 12 4 46 4 5 4 9 41 4 37 4 10 6 4 33 4 46 4 45 4 2 48 4 56 4 35 4 14 31 4 24 4 32 4 32 21 4 39 4 54 4 75 54 4 54 4 22 4 38 11 4 57 4 57 4 59 4 45 7 4 13 4 53 4 26 4 83 41 4 55 4 36 4 31 14 4 11 4 9 4 49 36 4 36 4 51 4 
iteration 5193 best: 1.32679 time: 36010
78 42 4 7 4 12 4 1 5 4 57 4 111 7 4 55 4 21 4 56 57 4 49 4 27 4 57 28 4 21 4 16 4 67 55 4 33 4 40 4 7 4 34 43 4 46 4 26 4 12 23 4 23 4 83 48 4 12 4 97 51 4 14 4 54 4 7 4 14 50 4 23 4 70 47 4 59 4 114 53 4 9 4 56 4 48 4 26 4 33 8 4 6 4 41 4 23 4 110 27 4 31 4 114 32 4 36 4 17 4 20 4 13 19 4 11 4 53 4 36 14 4 53 4 66 19 4 51 4 78 14 20 96 7 4 5 4 27 4 49 27 20 80 33 4 16 4 28 4 62 50 4 50 4 6 4 15 4 115 38 4 19 4 55 23 4 36 4 19 4 16 17 4 15 4 55 58 4 29 4 27 4 8 25 4 40 4 12 4 41 49 4 31 4 100 49 4 53 4 70 5 4 34 41 4 37 4 32 4 98 53 4 14 4 114 50 4 18 4 65 12 4 10 4 53 19 4 28 4 110 30 4 37 4 110 38 4 17 4 7 59 4 6 4 53 34 4 37 4 21 19 4 37 4 8 4 52 15 4 22 4 22 39 4 28 4 42 4 84 37 4 35 4 20 4 89 32 4 21 4 52 4 37 4 107 16 4 30 4 12 4 28 4 97 11 4 18 4 50 4 85 50 4 14 4 116 13 4 59 4 11 4 65 21 4 55 4 45 4 1 37 4 56 4 11 4 27 17 4 20 4 29 4 75 54 16 48 16 54 11 4 115 56 16 21 16 92 7 4 34 4 2 16 4 9 4 15 4 55 17 4 12 4 46 4 5 4 9 41 4 37 4 10 6 4 33 4 46 4 45 4 2 48 4 56 4 35 4 14 31 4 24 4 32 4 32 21 4 39 4 54 4 75 54 4 54 4 22 4 38 11 4 57 4 57 4 59 4 45 7 4 13 4 53 4 26 4 83 41 4 55 4 36 4 31 14 4 11 4 9 4 49 36 4 36 4 51 4 
iteration 6265 best: 1.32679 time: 43214
78 42 4 7 4 12 4 1 5 4 57 4 111 7 4 55 4 21 4 56 57 4 49 4 27 4 57 28 4 21 4 16 4 67 55 4 33 4 40 4 7 4 34 43 4 46 4 26 4 12 23 4 23 4 83 48 4 12 4 97 51 4 14 4 54 4 7 4 14 50 4 23 4 70 47 4 59 4 114 53 4 9 4 56 4 48 4 26 4 33 8 4 6 4 41 4 23 4 110 27 4 31 4 114 32 4 36 4 17 4 20 4 13 19 4 11 4 53 4 36 14 4 53 4 66 19 4 51 4 78 14 20 96 7 4 5 4 27 4 49 27 20 80 33 4 16 4 28 4 62 50 4 50 4 6 4 15 4 115 38 4 19 4 55 23 4 36 4 19 4 16 17 4 15 4 55 58 4 29 4 27 4 8 25 4 40 4 12 4 41 49 4 31 4 100 49 4 53 4 70 5 4 34 41 4 37 4 32 4 98 53 4 14 4 114 50 4 18 4 65 12 4 10 4 53 19 4 28 4 110 30 4 37 4 110 38 4 17 4 7 59 4 6 4 53 34 4 37 4 21 19 4 37 4 8 4 52 15 4 22 4 22 39 4 28 4 42 4 84 37 4 35 4 20 4 89 32 4 21 4 52 4 37 4 107 16 4 30 4 12 4 28 4 97 11 4 18 4 50 4 85 50 4 14 4 116 13 4 59 4 11 4 65 21 4 55 4 45 4 1 37 4 56 4 11 4 27 17 4 20 4 29 4 75 54 16 48 16 54 11 4 115 56 16 21 16 92 7 4 34 4 2 16 4 9 4 15 4 55 17 4 12 4 46 4 5 4 9 41 4 37 4 10 6 4 33 4 46 4 45 4 2 48 4 56 4 35 4 14 31 4 24 4 32 4 32 21 4 39 4 54 4 75 54 4 54 4 22 4 38 11 4 57 4 57 4 59 4 45 7 4 13 4 53 4 26 4 83 41 4 55 4 36 4 31 14 4 11 4 9 4 49 36 4 36 4 51 4 
iteration 7343 best: 1.32663 time: 50419
78 42 4 7 4 12 4 1 5 4 57 4 111 7 4 55 4 21 4 56 57 4 49 4 27 4 57 28 4 21 4 16 4 67 55 4 33 4 40 4 7 4 34 43 4 46 4 26 4 12 23 4 23 4 83 48 4 12 4 97 51 4 14 4 54 4 7 4 14 50 4 23 4 70 47 4 59 4 114 53 4 9 4 56 4 48 4 26 4 33 8 4 6 4 41 4 23 4 110 27 4 31 4 114 32 4 36 4 17 4 20 4 13 19 4 11 4 53 4 36 14 4 53 4 66 18 4 51 4 78 14 20 96 7 4 5 4 27 4 49 27 20 80 33 4 16 4 28 4 62 50 4 50 4 6 4 15 4 115 38 4 19 4 55 23 4 36 4 19 4 16 17 4 15 4 55 58 4 29 4 27 4 8 25 4 40 4 12 4 41 49 4 31 4 100 49 4 53 4 70 5 4 34 41 4 37 4 32 4 98 53 4 14 4 114 50 4 18 4 65 12 4 10 4 53 19 4 28 4 110 30 4 37 4 110 38 4 17 4 7 59 4 6 4 53 34 4 37 4 21 19 4 37 4 8 4 52 15 4 22 4 22 39 4 28 4 42 4 84 37 4 35 4 20 4 89 32 4 21 4 52 4 37 4 107 16 4 30 4 12 4 28 4 97 11 4 18 4 50 4 85 50 4 14 4 116 13 4 59 4 11 4 65 21 4 55 4 45 4 1 37 4 56 4 11 4 27 17 4 20 4 29 4 75 54 16 48 16 54 11 4 115 56 16 21 16 92 7 4 34 4 2 16 4 9 4 15 4 55 17 4 12 4 46 4 5 4 9 41 4 37 4 10 6 4 33 4 46 4 45 4 2 48 4 56 4 35 4 14 31 4 24 4 32 4 32 21 4 39 4 54 4 75 54 4 54 4 22 4 38 11 4 57 4 57 4 59 4 45 7 4 13 4 53 4 26 4 83 41 4 55 4 36 4 31 14 4 11 4 9 4 49 36 4 36 4 51 4 
iteration 8420 best: 1.32662 time: 57624
78 42 4 7 4 12 4 1 5 4 57 4 111 7 4 55 4 21 4 56 57 4 49 4 27 4 57 28 4 21 4 16 4 67 55 4 33 4 40 4 7 4 34 43 4 46 4 26 4 12 23 4 23 4 83 48 4 12 4 97 51 4 14 4 54 4 7 4 14 50 4 23 4 70 47 4 59 4 114 53 4 9 4 56 4 48 4 26 4 33 8 4 6 4 41 4 23 4 110 27 4 31 4 114 32 4 36 4 17 4 20 4 13 19 4 11 4 53 4 36 14 4 53 4 66 18 4 51 4 78 14 20 96 7 4 5 4 27 4 49 27 20 80 33 4 16 4 28 4 62 50 4 50 4 6 4 15 4 115 38 4 19 4 55 23 4 36 4 19 4 16 17 4 15 4 55 58 4 29 4 27 4 8 25 4 40 4 12 4 41 49 4 31 4 100 49 4 53 4 70 5 4 34 41 4 37 4 32 4 98 53 4 22 4 114 50 4 18 4 65 12 4 10 4 53 19 4 28 4 110 30 4 37 4 110 38 4 17 4 7 59 4 6 4 53 34 4 37 4 21 19 4 37 4 8 4 52 15 4 22 4 22 39 4 28 4 42 4 84 37 4 35 4 20 4 89 32 4 21 4 52 4 37 4 107 16 4 30 4 12 4 28 4 97 11 4 18 4 50 4 85 50 4 14 4 116 13 4 59 4 11 4 65 21 4 55 4 45 4 1 37 4 56 4 11 4 27 17 4 20 4 29 4 75 54 16 48 16 54 11 4 115 56 16 21 16 92 7 4 34 4 2 16 4 9 4 15 4 55 17 4 12 4 46 4 5 4 9 41 4 37 4 10 6 4 33 4 46 4 45 4 2 48 4 56 4 35 4 14 31 4 24 4 32 4 32 21 4 39 4 54 4 75 54 4 54 4 22 4 38 11 4 57 4 57 4 59 4 45 7 4 13 4 53 4 26 4 83 41 4 55 4 36 4 31 14 4 11 4 9 4 49 36 4 36 4 51 4 
iteration 9499 best: 1.32525 time: 64830
78 42 4 7 4 12 4 1 5 4 57 4 111 7 4 55 4 21 4 56 57 4 49 4 27 4 57 28 4 21 4 16 4 67 55 4 33 4 40 4 7 4 34 43 4 46 4 26 4 12 23 4 23 4 83 48 4 12 4 97 51 4 14 4 54 4 7 4 14 50 4 23 4 70 47 4 59 4 114 53 4 9 4 56 4 48 4 26 4 33 8 4 6 4 41 4 23 4 110 27 4 31 4 114 32 4 36 4 17 4 20 4 13 19 4 11 4 53 4 36 14 4 53 4 67 18 4 51 4 78 14 20 96 7 4 5 4 27 4 49 27 20 80 33 4 16 4 28 4 62 50 4 50 4 6 4 15 4 115 38 4 19 4 55 23 4 36 4 19 4 16 17 4 15 4 55 58 4 29 4 27 4 8 25 4 40 4 12 4 41 49 4 31 4 100 49 4 53 4 70 5 4 34 41 4 37 4 32 4 98 53 4 22 4 114 50 4 18 4 65 12 4 10 4 53 19 4 28 4 110 30 4 37 4 110 38 4 17 4 7 59 4 6 4 53 34 4 37 4 21 19 4 37 4 8 4 52 15 4 22 4 22 39 4 28 4 42 4 84 37 4 35 4 20 4 89 32 4 21 4 52 4 37 4 107 16 4 30 4 12 4 28 4 97 11 4 18 4 50 4 85 50 4 14 4 116 13 4 59 4 11 4 65 21 4 55 4 45 4 1 37 4 56 4 11 4 27 17 4 20 4 29 4 75 54 16 48 16 54 11 4 115 56 16 21 16 92 7 4 34 4 2 16 4 9 4 15 4 55 17 4 12 4 46 4 5 4 9 41 4 37 4 10 6 4 33 4 46 4 45 4 2 48 4 56 4 35 4 14 31 4 24 4 32 4 32 21 4 39 4 54 4 75 54 4 54 4 22 4 38 11 4 57 4 57 4 59 4 45 7 4 13 4 53 4 26 4 83 41 4 55 4 36 4 31 14 4 11 4 9 4 49 36 4 36 4 51 4 
iteration 10578 best: 1.32348 time: 72034
78 42 4 7 4 12 4 1 5 4 57 4 111 7 4 55 4 21 4 56 57 4 49 4 27 4 57 28 4 21 4 16 4 67 55 4 33 4 40 4 7 4 34 43 4 46 4 26 4 12 23 4 23 4 83 48 4 12 4 97 51 4 14 4 54 4 7 4 14 50 4 23 4 70 47 4 59 4 114 53 4 9 4 56 4 48 4 26 4 33 8 4 6 4 41 4 23 4 110 27 4 31 4 114 32 4 36 4 17 4 20 4 13 19 4 11 4 53 4 36 14 4 53 4 67 18 4 51 4 78 14 20 96 7 4 5 4 27 4 49 27 20 80 33 4 16 4 28 4 62 50 4 50 4 6 4 15 4 115 38 4 19 4 55 23 4 36 4 19 4 16 17 4 15 4 55 58 4 29 4 27 4 8 25 4 40 4 12 4 41 49 4 31 4 100 49 4 53 4 70 5 4 34 41 4 37 4 32 4 98 53 4 22 4 114 50 4 18 4 65 12 4 10 4 53 19 4 28 4 110 30 4 37 4 110 38 4 17 4 7 59 4 6 4 53 34 4 37 4 21 19 4 37 4 8 4 52 15 4 22 4 22 39 4 28 4 42 4 84 37 4 35 4 20 4 89 32 4 21 4 52 4 37 4 107 16 4 30 4 12 4 28 4 97 11 4 18 4 50 4 89 50 4 14 4 116 13 4 59 4 11 4 65 21 4 55 4 45 4 1 37 4 56 4 11 4 27 17 4 20 4 29 4 75 54 16 48 16 54 11 4 115 56 16 21 16 92 7 4 34 4 2 16 4 9 4 15 4 55 17 4 12 4 46 4 5 4 9 41 4 37 4 10 6 4 33 4 46 4 45 4 2 48 4 56 4 35 4 14 31 4 24 4 32 4 32 21 4 39 4 54 4 75 54 4 54 4 22 4 38 11 4 57 4 57 4 59 4 45 7 4 13 4 53 4 26 4 83 41 4 55 4 36 4 31 14 4 11 4 9 4 49 36 4 36 4 51 4 
iteration 11679 best: 1.26721 time: 79235
78 42 4 7 4 12 4 1 5 4 57 4 111 7 4 55 4 21 4 56 57 4 49 4 27 4 57 28 4 21 4 16 4 67 56 4 33 4 40 4 7 4 34 43 4 46 4 26 4 12 23 4 23 4 83 48 4 12 4 97 51 4 14 4 54 4 7 4 14 50 4 23 4 70 47 4 60 4 114 53 4 9 4 56 4 48 4 26 4 33 8 4 6 4 41 4 23 4 110 27 4 31 4 114 32 4 36 4 17 4 20 4 13 19 4 11 4 53 4 36 14 4 56 4 67 18 4 51 4 78 14 20 96 7 4 5 4 27 4 49 27 20 80 33 4 16 4 28 4 62 50 4 50 4 6 4 15 4 115 38 4 19 4 55 23 4 36 4 19 4 16 17 4 15 4 55 58 4 29 4 27 4 8 25 4 40 4 12 4 41 49 4 31 4 100 49 4 53 4 70 5 4 34 41 4 37 4 32 4 98 53 4 22 4 114 50 4 18 4 65 12 4 10 4 53 19 4 28 4 110 30 4 37 4 110 38 4 17 4 10 59 4 6 4 53 34 4 37 4 21 19 4 37 4 8 4 52 15 4 22 4 22 39 4 28 4 42 4 84 37 4 35 4 22 4 89 32 4 21 4 52 4 37 4 107 16 4 30 4 12 4 24 4 97 11 4 18 4 50 4 92 50 4 14 4 116 13 4 59 4 11 4 65 21 4 55 4 45 4 1 34 4 56 4 11 4 27 17 4 20 4 29 4 75 54 16 48 16 54 11 4 115 56 16 21 16 92 7 4 34 4 2 16 4 9 4 15 4 55 23 4 7 4 46 4 5 4 9 41 4 37 4 10 6 4 33 4 48 4 45 4 2 48 4 56 4 35 4 14 31 4 24 4 32 4 32 21 4 39 4 54 4 75 54 4 54 4 22 4 38 11 4 57 4 57 4 59 4 45 7 4 13 4 53 4 26 4 83 41 4 55 4 36 4 31 14 4 11 4 9 4 49 36 4 36 4 51 4 
iteration 12793 best: 1.25896 time: 86437
78 42 4 7 4 12 4 1 5 4 57 4 111 7 4 55 4 21 4 56 57 4 49 4 27 4 57 28 4 21 4 16 4 67 56 4 33 4 40 4 7 4 34 43 4 46 4 26 4 12 23 4 23 4 83 48 4 12 4 97 51 4 14 4 54 4 7 4 14 50 4 23 4 70 47 4 60 4 114 53 4 9 4 56 4 54 4 26 4 33 8 4 6 4 41 4 23 4 110 27 4 31 4 114 32 4 36 4 17 4 20 4 13 19 4 11 4 53 4 36 14 4 56 4 67 18 4 51 4 78 14 20 96 7 4 5 4 27 4 49 27 20 80 33 4 16 4 28 4 62 50 4 50 4 6 4 15 4 115 38 4 19 4 55 23 4 36 4 19 4 16 17 4 15 4 55 58 4 29 4 27 4 8 25 4 40 4 12 4 41 49 4 31 4 100 49 4 53 4 70 5 4 34 41 4 37 4 32 4 98 53 4 22 4 114 50 4 18 4 65 12 4 10 4 53 19 4 28 4 110 30 4 37 4 110 38 4 17 4 10 59 4 6 4 53 34 4 37 4 21 19 4 37 4 8 4 52 15 4 22 4 22 39 4 28 4 42 4 84 37 4 35 4 22 4 89 32 4 21 4 52 4 37 4 107 16 4 30 4 12 4 24 4 97 11 4 18 4 50 4 94 54 4 14 4 116 13 4 59 4 11 4 65 21 4 55 4 45 4 1 34 4 56 4 11 4 27 17 4 20 4 29 4 75 54 16 48 16 54 11 4 115 56 16 21 16 92 7 4 34 4 2 16 4 9 4 15 4 55 23 4 7 4 46 4 5 4 9 41 4 37 4 10 6 4 33 4 48 4 45 4 2 48 4 56 4 35 4 14 31 4 24 4 32 4 31 21 4 39 4 54 4 75 54 4 54 4 22 4 38 11 4 57 4 57 4 59 4 45 7 4 13 4 53 4 26 4 83 41 4 55 4 36 4 31 14 4 11 4 9 4 49 36 4 36 4 51 4 
iteration 13904 best: 1.25896 time: 93639
78 42 4 7 4 12 4 1 5 4 57 4 111 7 4 55 4 21 4 56 57 4 49 4 27 4 57 28 4 21 4 16 4 67 56 4 33 4 40 4 7 4 34 43 4 46 4 26 4 12 23 4 23 4 83 48 4 12 4 97 51 4 14 4 54 4 7 4 14 50 4 23 4 70 47 4 60 4 114 53 4 9 4 56 4 54 4 26 4 33 8 4 6 4 41 4 23 4 110 27 4 31 4 114 32 4 36 4 17 4 20 4 13 19 4 11 4 53 4 36 14 4 56 4 67 18 4 51 4 78 14 20 96 7 4 5 4 27 4 49 27 20 80 33 4 16 4 28 4 62 50 4 50 4 6 4 15 4 115 38 4 19 4 55 23 4 36 4 19 4 16 17 4 15 4 55 58 4 29 4 27 4 8 25 4 40 4 12 4 41 49 4 31 4 100 49 4 53 4 70 5 4 34 41 4 37 4 32 4 98 53 4 22 4 114 50 4 18 4 65 12 4 10 4 53 19 4 28 4 110 30 4 37 4 110 38 4 17 4 10 59 4 6 4 53 34 4 37 4 21 19 4 37 4 8 4 52 15 4 22 4 22 39 4 28 4 42 4 84 37 4 35 4 22 4 89 32 4 21 4 52 4 37 4 107 16 4 30 4 12 4 24 4 97 11 4 18 4 50 4 94 54 4 14 4 116 13 4 59 4 11 4 65 21 4 55 4 45 4 1 34 4 56 4 11 4 27 17 4 20 4 29 4 75 54 16 48 16 54 11 4 115 56 16 21 16 92 7 4 34 4 2 16 4 9 4 15 4 55 23 4 7 4 46 4 5 4 9 41 4 37 4 10 6 4 33 4 48 4 45 4 2 48 4 56 4 35 4 14 31 4 24 4 32 4 31 21 4 39 4 54 4 75 54 4 54 4 22 4 38 11 4 57 4 57 4 59 4 45 7 4 13 4 53 4 26 4 83 41 4 55 4 36 4 31 14 4 11 4 9 4 49 36 4 36 4 51 4 
iteration 15018 best: 1.25846 time: 100841
78 42 4 7 4 12 4 1 5 4 57 4 111 7 4 55 4 21 4 56 57 4 49 4 27 4 57 28 4 21 4 16 4 67 56 4 33 4 40 4 7 4 34 43 4 46 4 26 4 12 23 4 23 4 83 48 4 12 4 97 51 4 14 4 54 4 7 4 14 50 4 23 4 70 47 4 60 4 114 53 4 9 4 56 4 54 4 26 4 33 8 4 6 4 41 4 23 4 110 27 4 31 4 114 32 4 36 4 17 4 20 4 13 19 4 11 4 53 4 36 23 4 56 4 67 18 4 51 4 78 14 20 96 7 4 5 4 27 4 49 27 20 80 33 4 16 4 28 4 62 50 4 50 4 6 4 15 4 115 38 4 19 4 55 23 4 36 4 19 4 16 17 4 15 4 55 58 4 29 4 27 4 8 25 4 40 4 12 4 41 49 4 31 4 100 49 4 53 4 70 5 4 34 41 4 37 4 32 4 98 53 4 24 4 114 50 4 18 4 65 12 4 10 4 53 19 4 28 4 110 30 4 37 4 110 38 4 17 4 10 59 4 6 4 53 34 4 37 4 21 19 4 37 4 8 4 52 15 4 22 4 22 39 4 28 4 42 4 84 37 4 35 4 22 4 89 32 4 21 4 52 4 37 4 107 16 4 30 4 12 4 24 4 97 11 4 18 4 50 4 94 54 4 14 4 116 13 4 55 4 11 4 65 21 4 55 4 45 4 1 34 4 56 4 11 4 27 17 4 20 4 29 4 75 54 16 48 16 54 11 4 115 56 16 21 16 92 7 4 34 4 2 16 4 9 4 15 4 55 23 4 7 4 46 4 5 4 9 41 4 37 4 10 6 4 33 4 48 4 45 4 2 48 4 56 4 35 4 14 31 4 24 4 32 4 31 21 4 39 4 54 4 75 54 4 54 4 22 4 38 11 4 57 4 57 4 59 4 45 7 4 13 4 53 4 26 4 83 41 4 55 4 36 4 31 14 4 11 4 9 4 49 36 4 36 4 51 4 
iteration 16142 best: 1.23938 time: 108043
78 42 4 7 4 12 4 1 5 4 57 4 111 7 4 55 4 21 4 56 54 4 49 4 27 4 57 28 4 21 4 16 4 67 56 4 33 4 40 4 7 4 34 43 4 46 4 26 4 12 23 4 23 4 85 48 4 12 4 97 51 4 14 4 54 4 7 4 14 50 4 23 4 70 47 4 60 4 114 53 4 9 4 56 4 54 4 26 4 33 8 4 6 4 41 4 23 4 110 27 4 31 4 114 32 4 36 4 17 4 20 4 13 19 4 11 4 53 4 36 23 4 56 4 64 18 4 51 4 78 14 20 96 7 4 5 4 27 4 49 27 20 80 33 4 16 4 28 4 62 50 4 50 4 6 4 15 4 115 38 4 19 4 55 23 4 36 4 19 4 16 17 4 15 4 55 58 4 29 4 27 4 8 25 4 40 4 12 4 41 49 4 31 4 100 49 4 53 4 70 8 4 34 41 4 37 4 32 4 98 53 4 28 4 114 50 4 18 4 65 12 4 10 4 53 19 4 28 4 110 30 4 37 4 110 38 4 17 4 10 59 4 6 4 53 34 4 37 4 21 19 4 37 4 8 4 52 15 4 22 4 22 39 4 28 4 42 4 84 37 4 35 4 26 4 89 32 4 21 4 52 4 37 4 107 16 4 26 4 12 4 24 4 97 11 4 18 4 50 4 94 54 4 14 4 116 13 4 55 4 11 4 65 21 4 55 4 45 4 1 34 4 56 4 11 4 27 17 4 20 4 29 4 75 54 16 48 16 54 11 4 115 60 16 18 16 92 7 4 34 4 2 16 4 9 4 15 4 55 23 4 7 4 46 4 5 4 9 41 4 37 4 10 6 4 33 4 48 4 45 4 2 48 4 56 4 35 4 14 31 4 24 4 32 4 31 21 4 39 4 54 4 75 54 4 54 4 22 4 38 11 4 57 4 57 4 59 4 45 7 4 13 4 53 4 26 4 83 41 4 55 4 36 4 31 14 4 11 4 9 4 49 36 4 36 4 51 4 
iteration 17262 best: 1.23508 time: 115250
78 42 4 7 4 12 4 1 5 4 57 4 111 7 4 55 4 21 4 56 54 4 49 4 27 4 57 28 4 21 4 16 4 67 56 4 33 4 40 4 7 4 34 43 4 46 4 26 4 12 23 4 23 4 85 48 4 12 4 97 51 4 14 4 54 4 7 4 14 50 4 23 4 70 47 4 60 4 114 53 4 9 4 56 4 54 4 26 4 33 8 4 6 4 41 4 23 4 110 27 4 31 4 114 32 4 36 4 17 4 20 4 13 19 4 11 4 53 4 36 23 4 56 4 64 18 4 51 4 78 14 20 96 7 4 5 4 27 4 49 27 20 80 33 4 16 4 28 4 62 50 4 50 4 6 4 15 4 115 38 4 19 4 55 23 4 36 4 19 4 16 17 4 15 4 55 58 4 29 4 27 4 8 25 4 40 4 12 4 41 49 4 31 4 100 49 4 53 4 70 8 4 34 41 4 37 4 32 4 98 53 4 28 4 114 50 4 18 4 65 12 4 10 4 53 19 4 28 4 110 30 4 37 4 110 38 4 17 4 10 59 4 6 4 53 34 4 37 4 21 19 4 37 4 8 4 52 15 4 22 4 22 39 4 28 4 42 4 84 37 4 35 4 26 4 89 32 4 21 4 52 4 37 4 107 16 4 26 4 12 4 24 4 97 11 4 18 4 50 4 94 54 4 14 4 116 13 4 55 4 11 4 65 21 4 55 4 45 4 1 34 4 56 4 11 4 27 17 4 20 4 29 4 75 54 16 48 16 54 11 4 115 60 16 18 16 92 7 4 34 4 2 16 4 9 4 15 4 55 23 4 7 4 46 4 5 4 9 41 4 37 4 10 6 4 32 4 48 4 45 4 2 48 4 56 4 35 4 14 31 4 24 4 32 4 31 21 4 39 4 54 4 75 54 4 54 4 22 4 38 11 4 57 4 57 4 59 4 45 7 4 13 4 53 4 26 4 83 41 4 55 4 36 4 31 14 4 11 4 9 4 49 36 4 36 4 51 4 
iteration 18386 best: 1.22957 time: 122453
78 42 4 7 4 12 4 1 5 4 57 4 111 7 4 55 4 21 4 56 54 4 49 4 27 4 57 28 4 21 4 16 4 67 56 4 33 4 40 4 7 4 34 43 4 46 4 26 4 12 23 4 23 4 85 48 4 12 4 97 51 4 14 4 54 4 7 4 14 50 4 23 4 70 47 4 60 4 114 53 4 9 4 56 4 54 4 26 4 33 8 4 6 4 41 4 23 4 110 27 4 31 4 114 32 4 36 4 17 4 20 4 13 19 4 11 4 53 4 36 23 4 56 4 64 18 4 51 4 78 14 20 96 7 4 5 4 27 4 49 27 20 80 33 4 16 4 28 4 62 50 4 50 4 6 4 15 4 115 38 4 19 4 55 23 4 36 4 19 4 16 17 4 15 4 55 58 4 29 4 27 4 8 25 4 40 4 12 4 41 49 4 31 4 100 49 4 53 4 70 12 4 34 41 4 37 4 32 4 98 53 4 28 4 114 50 4 18 4 65 12 4 10 4 53 19 4 28 4 110 30 4 37 4 110 38 4 17 4 10 59 4 6 4 53 34 4 37 4 21 19 4 37 4 8 4 52 15 4 22 4 22 39 4 28 4 42 4 84 37 4 35 4 26 4 89 32 4 20 4 52 4 37 4 107 16 4 26 4 12 4 24 4 97 11 4 18 4 50 4 94 54 4 14 4 116 13 4 55 4 11 4 65 21 4 55 4 45 4 1 34 4 56 4 11 4 27 17 4 20 4 29 4 75 54 16 48 16 54 11 4 115 60 16 18 16 92 7 4 34 4 2 16 4 9 4 15 4 55 23 4 7 4 46 4 5 4 9 41 4 37 4 10 6 4 32 4 48 4 45 4 2 48 4 56 4 35 4 14 31 4 24 4 32 4 31 21 4 39 4 54 4 75 54 4 54 4 22 4 38 11 4 57 4 57 4 59 4 45 7 4 13 4 53 4 26 4 83 41 4 55 4 36 4 31 14 4 11 4 9 4 49 36 4 36 4 51 4 
iteration 19507 best: 1.22488 time: 129655
78 42 4 7 4 12 4 1 5 4 57 4 111 7 4 55 4 21 4 56 54 4 49 4 27 4 57 28 4 21 4 16 4 67 56 4 33 4 40 4 7 4 34 43 4 46 4 26 4 12 23 4 23 4 85 48 4 12 4 97 51 4 14 4 54 4 7 4 14 50 4 23 4 70 47 4 60 4 114 53 4 9 4 56 4 54 4 26 4 33 8 4 6 4 41 4 23 4 110 27 4 31 4 114 32 4 36 4 17 4 20 4 13 19 4 11 4 53 4 36 23 4 56 4 64 18 4 51 4 78 14 20 96 7 4 5 4 27 4 49 27 20 80 33 4 16 4 32 4 62 50 4 50 4 6 4 15 4 115 38 4 19 4 55 23 4 36 4 19 4 16 17 4 15 4 55 58 4 29 4 27 4 8 25 4 40 4 12 4 41 49 4 31 4 100 49 4 53 4 70 12 4 34 41 4 37 4 32 4 98 53 4 28 4 114 50 4 18 4 65 12 4 10 4 53 19 4 28 4 110 30 4 37 4 110 38 4 17 4 10 59 4 6 4 53 34 4 37 4 21 19 4 37 4 8 4 52 15 4 22 4 22 39 4 28 4 42 4 84 37 4 35 4 26 4 89 32 4 20 4 52 4 37 4 107 16 4 26 4 12 4 24 4 97 11 4 18 4 50 4 94 54 4 14 4 116 13 4 55 4 11 4 65 21 4 55 4 45 4 1 34 4 56 4 11 4 27 17 4 20 4 29 4 75 54 16 48 16 54 11 4 115 60 16 18 16 92 7 4 34 4 2 16 4 9 4 15 4 55 23 4 7 4 46 4 5 4 9 41 4 37 4 10 6 4 32 4 48 4 45 4 2 48 4 56 4 35 4 14 31 4 24 4 32 4 31 21 4 39 4 54 4 75 54 4 54 4 22 4 38 20 4 57 4 57 4 59 4 45 7 4 13 4 53 4 26 4 83 41 4 55 4 36 4 31 14 4 11 4 9 4 49 36 4 36 4 51 4 
iteration 20642 best: 1.19436 time: 136859
78 42 4 7 4 12 4 1 5 4 57 4 111 7 4 55 4 21 4 56 54 4 49 4 27 4 57 28 4 21 4 16 4 67 56 4 33 4 40 4 7 4 34 43 4 46 4 26 4 12 23 4 23 4 80 48 4 12 4 97 51 4 14 4 52 4 7 4 14 50 4 23 4 70 53 4 60 4 114 53 4 9 4 56 4 54 4 26 4 33 8 4 6 4 41 4 23 4 110 27 4 31 4 114 32 4 36 4 17 4 20 4 13 19 4 11 4 53 4 36 23 4 56 4 64 18 4 51 4 78 14 20 96 7 4 5 4 27 4 49 27 20 80 33 4 16 4 32 4 62 50 4 50 4 6 4 15 4 115 38 4 19 4 55 23 4 36 4 19 4 16 17 4 15 4 55 58 4 29 4 27 4 8 25 4 40 4 12 4 41 49 4 31 4 100 49 4 53 4 70 12 4 34 41 4 37 4 32 4 98 54 4 28 4 114 50 4 18 4 65 12 4 10 4 53 19 4 28 4 110 30 4 37 4 110 38 4 17 4 10 59 4 6 4 53 32 4 37 4 21 19 4 37 4 8 4 52 15 4 22 4 22 39 4 28 4 42 4 84 37 4 35 4 26 4 89 32 4 20 4 52 4 37 4 107 16 4 26 4 12 4 24 4 97 11 4 18 4 50 4 94 55 4 14 4 116 13 4 55 4 11 4 65 21 4 55 4 45 4 1 34 4 56 4 11 4 27 17 4 17 4 29 4 75 54 16 48 16 54 11 4 115 60 16 18 16 92 7 4 34 4 2 16 4 9 4 15 4 55 23 4 7 4 46 4 5 4 9 41 4 37 4 10 6 4 32 4 48 4 45 4 2 48 4 56 4 35 4 14 31 4 24 4 32 4 31 21 4 39 4 54 4 75 54 4 54 4 22 4 38 20 4 57 4 57 4 59 4 45 7 4 13 4 53 4 26 4 83 41 4 55 4 36 4 31 14 4 11 4 9 4 49 36 4 36 4 51 4 
iteration 21785 best: 1.19259 time: 144065
78 42 4 7 4 12 4 1 5 4 57 4 111 7 4 55 4 21 4 56 54 4 49 4 27 4 57 28 4 21 4 16 4 67 56 4 33 4 40 4 7 4 34 43 4 46 4 26 4 12 23 4 23 4 80 48 4 12 4 97 51 4 14 4 52 4 7 4 14 50 4 23 4 70 57 4 60 4 114 53 4 9 4 56 4 54 4 26 4 33 8 4 6 4 41 4 23 4 110 27 4 31 4 114 32 4 36 4 17 4 20 4 13 19 4 11 4 53 4 36 23 4 56 4 64 18 4 51 4 78 14 20 96 7 4 5 4 27 4 49 27 20 80 33 4 16 4 32 4 62 50 4 50 4 6 4 15 4 115 38 4 19 4 55 23 4 36 4 19 4 16 17 4 15 4 55 58 4 29 4 27 4 8 25 4 40 4 12 4 41 49 4 31 4 100 49 4 53 4 70 18 4 34 41 4 37 4 32 4 98 54 4 28 4 114 50 4 18 4 65 12 4 10 4 53 19 4 28 4 110 30 4 37 4 110 38 4 17 4 10 59 4 6 4 53 32 4 37 4 21 19 4 37 4 8 4 52 15 4 22 4 22 39 4 28 4 42 4 84 37 4 35 4 26 4 89 32 4 20 4 52 4 37 4 107 16 4 26 4 12 4 24 4 97 11 4 18 4 50 4 94 55 4 14 4 116 13 4 55 4 11 4 61 21 4 55 4 45 4 1 34 4 56 4 11 4 27 17 4 17 4 29 4 75 54 16 48 16 54 11 4 115 60 16 18 16 92 7 4 34 4 2 16 4 9 4 15 4 55 23 4 7 4 46 4 5 4 9 41 4 37 4 10 6 4 32 4 48 4 45 4 2 48 4 56 4 35 4 14 31 4 24 4 32 4 31 21 4 39 4 54 4 75 54 4 54 4 22 4 38 20 4 57 4 57 4 59 4 45 7 4 13 4 53 4 26 4 83 41 4 55 4 36 4 31 14 4 11 4 9 4 49 36 4 36 4 51 4 
iteration 22921 best: 1.19259 time: 151271
78 42 4 7 4 12 4 1 5 4 57 4 111 7 4 55 4 21 4 56 54 4 49 4 27 4 57 28 4 21 4 16 4 67 56 4 33 4 40 4 7 4 34 43 4 46 4 26 4 12 23 4 23 4 80 48 4 12 4 97 51 4 14 4 52 4 7 4 14 50 4 23 4 70 57 4 60 4 114 53 4 9 4 56 4 54 4 26 4 33 8 4 6 4 41 4 23 4 110 27 4 31 4 114 32 4 36 4 17 4 20 4 13 19 4 11 4 53 4 36 23 4 56 4 64 18 4 51 4 78 14 20 96 7 4 5 4 27 4 49 27 20 80 33 4 16 4 32 4 62 50 4 50 4 6 4 15 4 115 38 4 19 4 55 23 4 36 4 19 4 16 17 4 15 4 55 58 4 29 4 27 4 8 25 4 40 4 12 4 41 49 4 31 4 100 49 4 53 4 70 18 4 34 41 4 37 4 32 4 98 54 4 28 4 114 50 4 18 4 65 12 4 10 4 53 19 4 28 4 110 30 4 37 4 110 38 4 17 4 10 59 4 6 4 53 32 4 37 4 21 19 4 37 4 8 4 52 15 4 22 4 22 39 4 28 4 42 4 84 37 4 35 4 26 4 89 32 4 20 4 52 4 37 4 107 16 4 26 4 12 4 24 4 97 11 4 18 4 50 4 94 55 4 14 4 116 13 4 55 4 11 4 61 21 4 55 4 45 4 1 34 4 56 4 11 4 27 17 4 17 4 29 4 75 54 16 48 16 54 11 4 115 60 16 18 16 92 7 4 34 4 2 16 4 9 4 15 4 55 23 4 7 4 46 4 5 4 9 41 4 37 4 10 6 4 32 4 48 4 45 4 2 48 4 56 4 35 4 14 31 4 24 4 32 4 31 21 4 39 4 54 4 75 54 4 54 4 22 4 38 20 4 57 4 57 4 59 4 45 7 4 13 4 53 4 26 4 83 41 4 55 4 36 4 31 14 4 11 4 9 4 49 36 4 36 4 51 4 
iteration 24059 best: 1.19152 time: 158475
78 42 4 7 4 12 4 1 5 4 57 4 111 7 4 55 4 21 4 56 54 4 49 4 27 4 57 28 4 21 4 16 4 67 56 4 33 4 40 4 7 4 34 43 4 46 4 26 4 12 23 4 23 4 80 48 4 12 4 97 51 4 14 4 52 4 7 4 14 50 4 23 4 70 57 4 60 4 114 53 4 9 4 56 4 54 4 26 4 33 8 4 6 4 41 4 23 4 110 27 4 31 4 114 32 4 36 4 17 4 20 4 13 19 4 11 4 53 4 36 23 4 56 4 64 18 4 49 4 78 14 20 96 7 4 5 4 27 4 49 27 20 80 33 4 16 4 32 4 62 50 4 50 4 6 4 15 4 115 38 4 19 4 55 23 4 36 4 19 4 16 17 4 15 4 55 58 4 29 4 27 4 8 25 4 40 4 12 4 41 49 4 31 4 100 49 4 53 4 70 18 4 34 41 4 37 4 32 4 98 54 4 28 4 114 50 4 18 4 65 12 4 10 4 53 19 4 28 4 110 30 4 37 4 110 38 4 17 4 10 59 4 6 4 53 32 4 37 4 21 19 4 37 4 8 4 52 15 4 22 4 22 39 4 28 4 42 4 84 37 4 35 4 26 4 89 32 4 20 4 52 4 37 4 107 16 4 26 4 12 4 24 4 97 11 4 18 4 50 4 94 55 4 14 4 116 13 4 55 4 11 4 61 21 4 55 4 45 4 1 34 4 56 4 11 4 27 17 4 17 4 29 4 75 54 16 48 16 54 11 4 115 60 16 18 16 92 7 4 34 4 2 16 4 9 4 15 4 55 23 4 7 4 46 4 5 4 9 41 4 37 4 10 6 4 32 4 48 4 45 4 2 48 4 56 4 35 4 14 31 4 24 4 32 4 31 21 4 39 4 54 4 75 54 4 54 4 22 4 38 20 4 57 4 57 4 59 4 45 7 4 13 4 53 4 26 4 83 41 4 55 4 36 4 31 14 4 11 4 9 4 49 36 4 36 4 51 4 
iteration 25200 best: 1.19151 time: 165676
78 42 4 7 4 12 4 1 5 4 57 4 111 7 4 55 4 21 4 56 54 4 49 4 27 4 57 28 4 21 4 16 4 67 56 4 33 4 40 4 7 4 34 43 4 46 4 26 4 12 23 4 23 4 80 48 4 12 4 97 51 4 14 4 52 4 7 4 14 50 4 23 4 70 57 4 60 4 114 53 4 9 4 56 4 54 4 26 4 33 8 4 6 4 41 4 23 4 110 27 4 31 4 114 32 4 36 4 17 4 20 4 13 19 4 11 4 53 4 36 23 4 56 4 64 18 4 49 4 78 14 20 96 7 4 5 4 27 4 49 27 20 80 33 4 16 4 32 4 62 50 4 50 4 6 4 15 4 115 38 4 19 4 55 23 4 36 4 19 4 16 17 4 15 4 55 58 4 29 4 27 4 8 25 4 40 4 12 4 41 49 4 31 4 100 49 4 53 4 70 18 4 34 41 4 37 4 32 4 98 54 4 28 4 114 50 4 18 4 65 20 4 10 4 53 19 4 28 4 110 30 4 37 4 110 38 4 17 4 10 59 4 6 4 53 32 4 37 4 21 19 4 37 4 8 4 52 15 4 22 4 22 39 4 28 4 42 4 84 37 4 35 4 26 4 89 32 4 20 4 52 4 37 4 107 16 4 26 4 12 4 24 4 97 11 4 18 4 50 4 94 55 4 14 4 116 13 4 55 4 11 4 61 21 4 55 4 45 4 1 34 4 56 4 11 4 27 17 4 17 4 29 4 75 54 16 48 16 54 11 4 115 60 16 18 16 92 7 4 34 4 2 16 4 9 4 15 4 55 23 4 7 4 46 4 5 4 9 41 4 37 4 10 6 4 32 4 48 4 45 4 2 48 4 56 4 35 4 14 31 4 24 4 32 4 31 21 4 39 4 54 4 75 54 4 54 4 22 4 38 20 4 57 4 57 4 59 4 45 7 4 13 4 53 4 26 4 83 41 4 55 4 36 4 31 14 4 11 4 9 4 49 36 4 36 4 51 4 
iteration 26337 best: 1.19078 time: 172878
78 42 4 7 4 12 4 1 5 4 57 4 111 7 4 55 4 21 4 56 54 4 49 4 27 4 57 28 4 21 4 16 4 67 56 4 33 4 40 4 7 4 34 43 4 46 4 26 4 12 23 4 23 4 80 48 4 12 4 97 51 4 14 4 52 4 7 4 14 50 4 23 4 70 57 4 60 4 114 53 4 9 4 56 4 54 4 26 4 33 8 4 6 4 41 4 23 4 110 27 4 31 4 114 32 4 36 4 17 4 20 4 13 19 4 11 4 53 4 36 23 4 56 4 64 18 4 49 4 78 14 20 96 7 4 5 4 27 4 49 27 20 80 33 4 16 4 32 4 62 50 4 50 4 6 4 15 4 115 38 4 19 4 55 23 4 36 4 19 4 16 17 4 15 4 55 58 4 29 4 27 4 8 25 4 40 4 12 4 41 49 4 31 4 100 49 4 53 4 70 18 4 34 41 4 37 4 32 4 98 54 4 28 4 114 50 4 18 4 65 20 4 10 4 53 19 4 28 4 110 30 4 37 4 110 38 4 17 4 10 59 4 6 4 53 32 4 37 4 21 19 4 37 4 8 4 52 15 4 22 4 22 39 4 28 4 42 4 84 37 4 35 4 26 4 89 32 4 20 4 52 4 37 4 107 16 4 26 4 12 4 24 4 97 11 4 18 4 50 4 94 52 4 14 4 116 13 4 55 4 11 4 61 21 4 55 4 45 4 1 34 4 56 4 11 4 27 17 4 17 4 29 4 75 54 16 48 16 54 11 4 115 60 16 18 16 92 7 4 34 4 2 16 4 9 4 15 4 55 23 4 7 4 46 4 5 4 9 41 4 37 4 10 6 4 32 4 48 4 45 4 2 48 4 56 4 35 4 14 31 4 24 4 32 4 31 21 4 39 4 54 4 75 54 4 54 4 22 4 38 20 4 57 4 57 4 59 4 45 7 4 13 4 53 4 26 4 83 41 4 55 4 36 4 31 14 4 11 4 9 4 49 36 4 36 4 51 4 
iteration 27475 best: 1.19077 time: 180080
78 42 4 7 4 12 4 1 5 4 57 4 111 7 4 55 4 21 4 56 54 4 49 4 27 4 57 28 4 21 4 16 4 67 56 4 33 4 40 4 7 4 34 43 4 46 4 26 4 12 23 4 23 4 80 48 4 12 4 97 51 4 14 4 52 4 7 4 14 50 4 23 4 70 57 4 60 4 114 53 4 9 4 56 4 54 4 26 4 33 8 4 6 4 41 4 23 4 110 27 4 31 4 114 32 4 36 4 17 4 20 4 13 19 4 11 4 53 4 36 23 4 56 4 64 18 4 49 4 78 14 20 96 7 4 5 4 27 4 49 27 20 80 33 4 16 4 32 4 62 50 4 50 4 6 4 15 4 115 38 4 19 4 55 23 4 36 4 19 4 16 17 4 15 4 55 58 4 29 4 27 4 8 25 4 40 4 12 4 41 49 4 31 4 100 49 4 53 4 70 18 4 34 41 4 37 4 32 4 98 54 4 28 4 114 50 4 18 4 65 24 4 10 4 53 19 4 28 4 110 30 4 37 4 110 38 4 17 4 10 59 4 6 4 53 32 4 37 4 21 19 4 37 4 8 4 52 15 4 22 4 22 39 4 28 4 42 4 84 37 4 35 4 26 4 89 32 4 20 4 52 4 37 4 107 16 4 26 4 12 4 24 4 97 11 4 18 4 50 4 94 52 4 14 4 116 13 4 55 4 11 4 61 21 4 55 4 45 4 1 34 4 56 4 11 4 27 17 4 17 4 29 4 75 54 16 48 16 54 11 4 115 60 16 18 16 92 7 4 34 4 2 16 4 9 4 15 4 55 23 4 7 4 46 4 5 4 9 41 4 37 4 10 6 4 32 4 48 4 45 4 2 48 4 56 4 35 4 14 31 4 24 4 32 4 31 21 4 39 4 54 4 75 54 4 54 4 22 4 38 20 4 57 4 57 4 59 4 45 7 4 13 4 53 4 26 4 83 41 4 55 4 36 4 31 14 4 11 4 9 4 49 36 4 36 4 51 4 
iteration 28610 best: 1.19077 time: 187284
78 42 4 7 4 12 4 1 5 4 57 4 111 7 4 55 4 21 4 56 54 4 49 4 27 4 57 28 4 21 4 16 4 67 56 4 33 4 40 4 7 4 34 43 4 46 4 26 4 12 23 4 23 4 80 48 4 12 4 97 51 4 14 4 52 4 7 4 14 50 4 23 4 70 57 4 60 4 114 53 4 9 4 56 4 54 4 26 4 33 8 4 6 4 41 4 23 4 110 27 4 31 4 114 32 4 36 4 17 4 20 4 13 19 4 11 4 53 4 36 23 4 56 4 64 18 4 49 4 78 14 20 96 7 4 5 4 27 4 49 27 20 80 33 4 16 4 32 4 62 50 4 50 4 6 4 15 4 115 38 4 19 4 55 23 4 36 4 19 4 16 17 4 15 4 55 58 4 29 4 27 4 8 25 4 40 4 12 4 41 49 4 31 4 100 49 4 53 4 70 18 4 34 41 4 37 4 32 4 98 54 4 28 4 114 50 4 18 4 65 24 4 10 4 53 19 4 28 4 110 30 4 37 4 110 38 4 17 4 10 59 4 6 4 53 32 4 37 4 21 19 4 37 4 8 4 52 15 4 22 4 22 39 4 28 4 42 4 84 37 4 35 4 26 4 89 32 4 20 4 52 4 37 4 107 16 4 26 4 12 4 24 4 97 11 4 18 4 50 4 94 52 4 14 4 116 13 4 55 4 11 4 61 21 4 55 4 45 4 1 34 4 56 4 11 4 27 17 4 17 4 29 4 75 54 16 48 16 54 11 4 115 60 16 18 16 92 7 4 34 4 2 16 4 9 4 15 4 55 23 4 7 4 46 4 5 4 9 41 4 37 4 10 6 4 32 4 48 4 45 4 2 48 4 56 4 35 4 14 31 4 24 4 32 4 31 21 4 39 4 54 4 75 54 4 54 4 22 4 38 20 4 57 4 57 4 59 4 45 7 4 13 4 53 4 26 4 83 41 4 55 4 36 4 31 14 4 11 4 9 4 49 36 4 36 4 51 4 
iteration 29748 best: 1.19076 time: 194487
78 42 4 7 4 12 4 1 5 4 57 4 111 7 4 55 4 21 4 56 54 4 49 4 27 4 57 28 4 21 4 16 4 67 56 4 33 4 40 4 7 4 34 43 4 46 4 26 4 12 23 4 23 4 80 48 4 12 4 97 51 4 14 4 52 4 7 4 14 50 4 23 4 70 57 4 60 4 114 53 4 9 4 56 4 54 4 26 4 33 8 4 6 4 41 4 23 4 110 27 4 31 4 114 32 4 36 4 17 4 20 4 13 19 4 11 4 53 4 36 35 4 56 4 64 18 4 49 4 78 14 20 96 7 4 5 4 27 4 49 27 20 80 33 4 16 4 32 4 62 50 4 50 4 6 4 15 4 115 38 4 19 4 55 23 4 36 4 19 4 16 17 4 15 4 55 58 4 29 4 27 4 8 25 4 40 4 12 4 41 49 4 31 4 100 49 4 53 4 70 18 4 34 41 4 37 4 32 4 98 54 4 28 4 114 50 4 18 4 65 24 4 10 4 53 19 4 28 4 110 30 4 37 4 110 38 4 17 4 10 59 4 6 4 53 32 4 37 4 21 19 4 37 4 8 4 52 15 4 22 4 22 39 4 28 4 42 4 84 37 4 35 4 26 4 89 32 4 20 4 52 4 37 4 107 16 4 26 4 12 4 24 4 97 11 4 18 4 50 4 94 52 4 14 4 116 13 4 55 4 11 4 61 21 4 55 4 45 4 1 34 4 56 4 11 4 27 17 4 17 4 29 4 75 54 16 48 16 54 11 4 115 60 16 18 16 92 7 4 34 4 2 16 4 9 4 15 4 55 23 4 7 4 46 4 5 4 9 41 4 37 4 10 6 4 32 4 48 4 45 4 2 48 4 56 4 35 4 14 31 4 24 4 32 4 31 21 4 39 4 54 4 75 54 4 54 4 22 4 38 20 4 57 4 57 4 59 4 45 7 4 13 4 53 4 26 4 83 41 4 55 4 36 4 31 14 4 11 4 9 4 49 36 4 36 4 51 4 
iteration 30887 best: 1.1892 time: 201688
78 42 4 7 4 12 4 1 5 4 57 4 111 7 4 55 4 21 4 56 54 4 49 4 27 4 57 28 4 21 4 16 4 67 56 4 33 4 40 4 7 4 34 43 4 46 4 26 4 12 23 4 23 4 80 48 4 12 4 97 51 4 14 4 52 4 7 4 14 50 4 23 4 70 57 4 60 4 114 53 4 9 4 56 4 54 4 26 4 33 8 4 6 4 41 4 23 4 110 27 4 31 4 114 32 4 36 4 17 4 20 4 13 19 4 11 4 53 4 36 35 4 56 4 72 18 4 49 4 78 14 20 96 7 4 5 4 27 4 49 27 20 80 33 4 16 4 32 4 62 50 4 50 4 6 4 15 4 115 38 4 19 4 55 23 4 36 4 19 4 16 17 4 15 4 55 58 4 29 4 27 4 8 25 4 40 4 12 4 41 49 4 31 4 100 49 4 53 4 70 18 4 34 41 4 37 4 32 4 98 54 4 28 4 114 50 4 18 4 65 24 4 10 4 53 19 4 28 4 110 30 4 37 4 110 38 4 17 4 10 59 4 6 4 53 32 4 37 4 21 19 4 37 4 8 4 52 15 4 22 4 22 39 4 28 4 42 4 84 37 4 35 4 26 4 89 32 4 20 4 52 4 37 4 107 16 4 26 4 12 4 24 4 97 11 4 18 4 50 4 94 52 4 14 4 116 13 4 55 4 11 4 61 21 4 55 4 45 4 1 34 4 56 4 11 4 27 17 4 17 4 29 4 75 54 16 48 16 54 11 4 115 60 16 18 16 92 7 4 34 4 2 16 4 9 4 15 4 55 23 4 7 4 46 4 5 4 9 41 4 37 4 10 6 4 32 4 48 4 45 4 2 48 4 56 4 35 4 14 31 4 24 4 32 4 31 21 4 39 4 54 4 75 54 4 54 4 22 4 38 20 4 57 4 57 4 59 4 45 7 4 13 4 53 4 26 4 83 41 4 55 4 36 4 31 14 4 11 4 9 4 49 36 4 36 4 51 4 
iteration 32026 best: 1.1892 time: 208891
78 42 4 7 4 12 4 1 5 4 57 4 111 7 4 55 4 21 4 56 54 4 49 4 27 4 57 28 4 21 4 16 4 67 56 4 33 4 40 4 7 4 34 43 4 46 4 26 4 12 23 4 23 4 80 48 4 12 4 97 51 4 14 4 52 4 7 4 14 50 4 23 4 70 57 4 60 4 114 53 4 9 4 56 4 54 4 26 4 33 8 4 6 4 41 4 23 4 110 27 4 31 4 114 32 4 36 4 17 4 20 4 13 19 4 11 4 53 4 36 35 4 56 4 72 18 4 49 4 78 14 20 96 7 4 5 4 27 4 49 27 20 80 33 4 16 4 32 4 62 50 4 50 4 6 4 15 4 115 38 4 19 4 55 23 4 36 4 19 4 16 17 4 15 4 55 58 4 29 4 27 4 8 25 4 40 4 12 4 41 49 4 31 4 100 49 4 53 4 70 18 4 34 41 4 37 4 32 4 98 54 4 28 4 114 50 4 18 4 65 24 4 10 4 53 19 4 28 4 110 30 4 37 4 110 38 4 17 4 10 59 4 6 4 53 32 4 37 4 21 19 4 37 4 8 4 52 15 4 22 4 22 39 4 28 4 42 4 84 37 4 35 4 26 4 89 32 4 20 4 52 4 37 4 107 16 4 26 4 12 4 24 4 97 11 4 18 4 50 4 94 52 4 14 4 116 13 4 55 4 11 4 61 21 4 55 4 45 4 1 34 4 56 4 11 4 27 17 4 17 4 29 4 75 54 16 48 16 54 11 4 115 60 16 18 16 92 7 4 34 4 2 16 4 9 4 15 4 55 23 4 7 4 46 4 5 4 9 41 4 37 4 10 6 4 32 4 48 4 45 4 2 48 4 56 4 35 4 14 31 4 24 4 32 4 31 21 4 39 4 54 4 75 54 4 54 4 22 4 38 20 4 57 4 57 4 59 4 45 7 4 13 4 53 4 26 4 83 41 4 55 4 36 4 31 14 4 11 4 9 4 49 36 4 36 4 51 4 
iteration 33163 best: 1.18919 time: 216097
78 42 4 7 4 12 4 1 5 4 57 4 111 7 4 55 4 21 4 56 54 4 49 4 27 4 57 28 4 21 4 16 4 67 56 4 33 4 40 4 7 4 34 43 4 46 4 26 4 12 23 4 23 4 80 48 4 12 4 97 51 4 14 4 52 4 7 4 14 50 4 23 4 70 57 4 60 4 114 53 4 9 4 56 4 54 4 26 4 33 8 4 6 4 41 4 23 4 110 27 4 31 4 114 32 4 36 4 17 4 20 4 13 19 4 11 4 53 4 36 35 4 56 4 72 18 4 49 4 78 14 20 96 7 4 5 4 27 4 49 27 20 80 33 4 16 4 32 4 62 50 4 50 4 6 4 15 4 115 38 4 19 4 55 23 4 36 4 19 4 16 17 4 15 4 55 58 4 29 4 27 4 8 25 4 40 4 12 4 41 49 4 31 4 100 49 4 53 4 70 18 4 34 41 4 37 4 32 4 98 54 4 28 4 114 50 4 18 4 65 36 4 10 4 53 19 4 28 4 110 30 4 37 4 110 38 4 17 4 10 59 4 6 4 53 32 4 37 4 21 19 4 37 4 8 4 52 15 4 22 4 22 39 4 28 4 42 4 84 37 4 35 4 26 4 89 32 4 20 4 52 4 37 4 107 16 4 26 4 12 4 24 4 97 11 4 18 4 50 4 94 52 4 14 4 116 13 4 55 4 11 4 61 21 4 55 4 45 4 1 34 4 56 4 11 4 27 17 4 17 4 29 4 75 54 16 48 16 54 11 4 115 60 16 18 16 92 7 4 34 4 2 16 4 9 4 15 4 55 23 4 7 4 46 4 5 4 9 41 4 37 4 10 6 4 32 4 48 4 45 4 2 48 4 56 4 35 4 14 31 4 24 4 32 4 31 21 4 39 4 54 4 75 54 4 54 4 22 4 38 20 4 57 4 57 4 59 4 45 7 4 13 4 53 4 26 4 83 41 4 55 4 36 4 31 14 4 11 4 9 4 49 36 4 36 4 51 4 
iteration 34295 best: 1.18919 time: 223301
78 42 4 7 4 12 4 1 5 4 57 4 111 7 4 55 4 21 4 56 54 4 49 4 27 4 57 28 4 21 4 16 4 67 56 4 33 4 40 4 7 4 34 43 4 46 4 26 4 12 23 4 23 4 80 48 4 12 4 97 51 4 14 4 52 4 7 4 14 50 4 23 4 70 57 4 60 4 114 53 4 9 4 56 4 54 4 26 4 33 8 4 6 4 41 4 23 4 110 27 4 31 4 114 32 4 36 4 17 4 20 4 13 19 4 11 4 53 4 36 35 4 56 4 72 18 4 49 4 78 14 20 96 7 4 5 4 27 4 49 27 20 80 33 4 16 4 32 4 62 50 4 50 4 6 4 15 4 115 38 4 19 4 55 23 4 36 4 19 4 16 17 4 15 4 55 58 4 29 4 27 4 8 25 4 40 4 12 4 41 49 4 31 4 100 49 4 53 4 70 18 4 34 41 4 37 4 32 4 98 54 4 28 4 114 50 4 18 4 65 36 4 10 4 53 19 4 28 4 110 30 4 37 4 110 38 4 17 4 10 59 4 6 4 53 32 4 37 4 21 19 4 37 4 8 4 52 15 4 22 4 22 39 4 28 4 42 4 84 37 4 35 4 26 4 89 32 4 20 4 52 4 37 4 107 16 4 26 4 12 4 24 4 97 11 4 18 4 50 4 94 52 4 14 4 116 13 4 55 4 11 4 61 21 4 55 4 45 4 1 34 4 56 4 11 4 27 17 4 17 4 29 4 75 54 16 48 16 54 11 4 115 60 16 18 16 92 7 4 34 4 2 16 4 9 4 15 4 55 23 4 7 4 46 4 5 4 9 41 4 37 4 10 6 4 32 4 48 4 45 4 2 48 4 56 4 35 4 14 31 4 24 4 32 4 31 21 4 39 4 54 4 75 54 4 54 4 22 4 38 20 4 57 4 57 4 59 4 45 7 4 13 4 53 4 26 4 83 41 4 55 4 36 4 31 14 4 11 4 9 4 49 36 4 36 4 51 4 
iteration 35428 best: 1.18919 time: 230504
78 42 4 7 4 12 4 1 5 4 57 4 111 7 4 55 4 21 4 56 54 4 49 4 27 4 57 28 4 21 4 16 4 67 56 4 33 4 40 4 7 4 34 43 4 46 4 26 4 12 23 4 23 4 80 48 4 12 4 97 51 4 14 4 52 4 7 4 14 50 4 23 4 70 57 4 60 4 114 53 4 9 4 56 4 54 4 26 4 33 8 4 6 4 41 4 23 4 110 27 4 31 4 114 32 4 36 4 17 4 20 4 13 19 4 11 4 53 4 36 35 4 56 4 72 18 4 49 4 78 14 20 96 7 4 5 4 27 4 49 27 20 80 33 4 16 4 32 4 62 50 4 50 4 6 4 15 4 115 38 4 19 4 55 23 4 36 4 19 4 16 17 4 15 4 55 58 4 29 4 27 4 8 25 4 40 4 12 4 41 49 4 31 4 100 49 4 53 4 70 18 4 34 41 4 37 4 32 4 98 54 4 28 4 114 50 4 18 4 65 36 4 10 4 53 19 4 28 4 110 30 4 37 4 110 38 4 17 4 10 59 4 6 4 53 32 4 37 4 21 19 4 37 4 8 4 52 15 4 22 4 22 39 4 28 4 42 4 84 37 4 35 4 26 4 89 32 4 20 4 52 4 37 4 107 16 4 26 4 12 4 24 4 97 11 4 18 4 50 4 94 52 4 14 4 116 13 4 55 4 11 4 61 21 4 55 4 45 4 1 34 4 56 4 11 4 27 17 4 17 4 29 4 75 54 16 48 16 54 11 4 115 60 16 18 16 92 7 4 34 4 2 16 4 9 4 15 4 55 23 4 7 4 46 4 5 4 9 41 4 37 4 10 6 4 32 4 48 4 45 4 2 48 4 56 4 35 4 14 31 4 24 4 32 4 31 21 4 39 4 54 4 75 54 4 54 4 22 4 38 20 4 57 4 57 4 59 4 45 7 4 13 4 53 4 26 4 83 41 4 55 4 36 4 31 14 4 11 4 9 4 49 36 4 36 4 51 4 
iteration 36568 best: 1.18918 time: 237707
78 42 4 7 4 12 4 1 5 4 57 4 111 7 4 55 4 21 4 56 54 4 49 4 27 4 57 28 4 21 4 16 4 67 56 4 33 4 40 4 7 4 34 43 4 46 4 26 4 12 23 4 23 4 80 48 4 12 4 97 51 4 14 4 52 4 7 4 14 50 4 23 4 70 57 4 60 4 114 53 4 9 4 56 4 54 4 26 4 33 8 4 6 4 41 4 23 4 110 27 4 31 4 114 32 4 36 4 17 4 20 4 13 19 4 11 4 53 4 36 35 4 56 4 72 18 4 49 4 78 14 20 96 7 4 5 4 27 4 49 27 20 80 33 4 16 4 32 4 62 50 4 50 4 6 4 15 4 115 38 4 19 4 55 23 4 36 4 19 4 16 17 4 15 4 55 58 4 29 4 27 4 8 25 4 40 4 12 4 41 49 4 31 4 100 49 4 53 4 70 18 4 34 41 4 37 4 32 4 98 54 4 28 4 114 50 4 18 4 65 36 4 27 4 53 19 4 28 4 110 30 4 37 4 110 38 4 17 4 10 59 4 6 4 53 32 4 37 4 21 19 4 37 4 8 4 52 15 4 22 4 22 39 4 28 4 42 4 84 37 4 35 4 26 4 89 32 4 20 4 52 4 37 4 107 16 4 26 4 12 4 24 4 97 11 4 18 4 50 4 94 52 4 14 4 116 13 4 55 4 11 4 61 21 4 55 4 45 4 1 34 4 56 4 11 4 27 17 4 17 4 29 4 75 54 16 48 16 54 11 4 115 60 16 18 16 92 7 4 34 4 2 16 4 9 4 15 4 55 23 4 7 4 46 4 5 4 9 41 4 37 4 10 6 4 32 4 48 4 45 4 2 48 4 56 4 35 4 14 31 4 24 4 32 4 31 21 4 39 4 54 4 75 54 4 54 4 22 4 38 20 4 57 4 57 4 59 4 45 7 4 13 4 53 4 26 4 83 41 4 55 4 36 4 31 14 4 11 4 9 4 49 36 4 36 4 51 4 
iteration 37709 best: 1.18917 time: 244913
78 42 4 7 4 12 4 1 5 4 57 4 111 7 4 55 4 21 4 56 54 4 49 4 27 4 57 28 4 21 4 16 4 67 56 4 33 4 40 4 7 4 34 43 4 46 4 26 4 12 23 4 23 4 80 48 4 12 4 97 51 4 14 4 52 4 7 4 14 50 4 23 4 70 57 4 60 4 114 53 4 9 4 56 4 54 4 26 4 33 8 4 6 4 41 4 23 4 110 27 4 31 4 114 32 4 36 4 17 4 20 4 13 19 4 11 4 53 4 36 43 4 56 4 72 18 4 49 4 78 14 20 96 7 4 5 4 27 4 49 27 20 80 33 4 16 4 32 4 62 50 4 50 4 6 4 15 4 115 38 4 19 4 55 23 4 36 4 19 4 16 17 4 15 4 55 58 4 29 4 27 4 8 25 4 40 4 12 4 41 49 4 31 4 100 49 4 53 4 70 18 4 34 41 4 37 4 32 4 98 54 4 28 4 114 50 4 18 4 65 36 4 27 4 53 19 4 28 4 110 30 4 37 4 110 38 4 17 4 10 59 4 6 4 53 32 4 37 4 21 19 4 37 4 8 4 52 15 4 22 4 22 39 4 28 4 42 4 84 37 4 35 4 26 4 89 32 4 20 4 52 4 37 4 107 16 4 26 4 12 4 24 4 97 11 4 18 4 50 4 94 52 4 14 4 116 13 4 55 4 11 4 61 21 4 55 4 45 4 1 34 4 56 4 11 4 27 17 4 17 4 29 4 75 54 16 48 16 54 11 4 115 60 16 18 16 92 7 4 34 4 2 16 4 9 4 15 4 55 23 4 7 4 46 4 5 4 9 41 4 37 4 10 6 4 32 4 48 4 45 4 2 48 4 56 4 35 4 14 31 4 24 4 32 4 31 21 4 39 4 54 4 75 54 4 54 4 22 4 38 20 4 57 4 57 4 59 4 45 7 4 13 4 53 4 26 4 83 41 4 55 4 36 4 31 14 4 11 4 9 4 49 36 4 36 4 51 4 
iteration 38847 best: 1.18917 time: 252120
78 42 4 7 4 12 4 1 5 4 57 4 111 7 4 55 4 21 4 56 54 4 49 4 27 4 57 28 4 21 4 16 4 67 56 4 33 4 40 4 7 4 34 43 4 46 4 26 4 12 23 4 23 4 80 48 4 12 4 97 51 4 14 4 52 4 7 4 14 50 4 23 4 70 57 4 60 4 114 53 4 9 4 56 4 54 4 26 4 33 8 4 6 4 41 4 23 4 110 27 4 31 4 114 32 4 36 4 17 4 20 4 13 19 4 11 4 53 4 36 43 4 56 4 72 18 4 49 4 78 14 20 96 7 4 5 4 27 4 49 27 20 80 33 4 16 4 32 4 62 50 4 50 4 6 4 15 4 115 38 4 19 4 55 23 4 36 4 19 4 16 17 4 15 4 55 58 4 29 4 27 4 8 25 4 40 4 12 4 41 49 4 31 4 100 49 4 53 4 70 18 4 34 41 4 37 4 32 4 98 54 4 28 4 114 50 4 18 4 65 36 4 27 4 53 19 4 28 4 110 30 4 37 4 110 38 4 17 4 10 59 4 6 4 53 32 4 37 4 21 19 4 37 4 8 4 52 15 4 22 4 22 39 4 28 4 42 4 84 37 4 35 4 26 4 89 32 4 20 4 52 4 37 4 107 16 4 26 4 12 4 24 4 97 11 4 18 4 50 4 94 52 4 14 4 116 13 4 55 4 11 4 61 21 4 55 4 45 4 1 34 4 56 4 11 4 27 17 4 17 4 29 4 75 54 16 48 16 54 11 4 115 60 16 18 16 92 7 4 34 4 2 16 4 9 4 15 4 55 23 4 7 4 46 4 5 4 9 41 4 37 4 10 6 4 32 4 48 4 45 4 2 48 4 56 4 35 4 14 31 4 24 4 32 4 31 21 4 39 4 54 4 75 54 4 54 4 22 4 38 20 4 57 4 57 4 59 4 45 7 4 13 4 53 4 26 4 83 41 4 55 4 36 4 31 14 4 11 4 9 4 49 36 4 36 4 51 4 
iteration 39985 best: 1.18916 time: 259323
78 42 4 7 4 12 4 1 5 4 57 4 111 7 4 55 4 21 4 56 54 4 49 4 27 4 57 28 4 21 4 16 4 67 56 4 33 4 40 4 7 4 34 43 4 46 4 26 4 12 23 4 23 4 80 48 4 12 4 97 51 4 14 4 52 4 7 4 14 50 4 23 4 70 57 4 60 4 114 53 4 9 4 56 4 54 4 26 4 33 8 4 6 4 41 4 23 4 110 27 4 31 4 114 32 4 36 4 17 4 20 4 13 19 4 11 4 53 4 36 43 4 56 4 72 18 4 49 4 78 14 20 96 7 4 5 4 27 4 49 27 20 80 33 4 16 4 32 4 62 50 4 50 4 6 4 15 4 115 38 4 19 4 55 23 4 36 4 19 4 16 17 4 15 4 55 58 4 29 4 27 4 8 25 4 40 4 12 4 41 49 4 31 4 100 49 4 53 4 70 31 4 34 41 4 37 4 32 4 98 54 4 28 4 114 50 4 18 4 65 36 4 27 4 53 19 4 28 4 110 30 4 37 4 110 38 4 17 4 10 59 4 6 4 53 32 4 37 4 21 19 4 37 4 8 4 52 15 4 22 4 22 39 4 28 4 42 4 84 37 4 35 4 26 4 89 32 4 20 4 52 4 37 4 107 16 4 26 4 12 4 24 4 97 11 4 18 4 50 4 94 52 4 14 4 116 13 4 55 4 11 4 61 21 4 55 4 45 4 1 34 4 56 4 11 4 27 17 4 17 4 29 4 75 54 16 48 16 54 11 4 115 60 16 18 16 92 7 4 34 4 2 16 4 9 4 15 4 55 23 4 7 4 46 4 5 4 9 41 4 37 4 10 6 4 32 4 48 4 45 4 2 48 4 56 4 35 4 14 31 4 24 4 32 4 31 21 4 39 4 54 4 75 54 4 54 4 22 4 38 20 4 57 4 57 4 59 4 45 7 4 13 4 53 4 26 4 83 41 4 55 4 36 4 31 14 4 11 4 9 4 49 36 4 36 4 51 4 
iteration 41124 best: 1.18916 time: 266526
78 42 4 7 4 12 4 1 5 4 57 4 111 7 4 55 4 21 4 56 54 4 49 4 27 4 57 28 4 21 4 16 4 67 56 4 33 4 40 4 7 4 34 43 4 46 4 26 4 12 23 4 23 4 80 48 4 12 4 97 51 4 14 4 52 4 7 4 14 50 4 23 4 70 57 4 60 4 114 53 4 9 4 56 4 54 4 26 4 33 8 4 6 4 41 4 23 4 110 27 4 31 4 114 32 4 36 4 17 4 20 4 13 19 4 11 4 53 4 36 43 4 56 4 72 18 4 49 4 78 14 20 96 7 4 5 4 27 4 49 27 20 80 33 4 16 4 32 4 62 50 4 50 4 6 4 15 4 115 38 4 19 4 55 23 4 36 4 19 4 16 17 4 15 4 55 58 4 29 4 27 4 8 25 4 40 4 12 4 41 49 4 31 4 100 49 4 53 4 70 31 4 34 41 4 37 4 32 4 98 54 4 28 4 114 50 4 18 4 65 36 4 27 4 53 19 4 28 4 110 30 4 37 4 110 38 4 17 4 10 59 4 6 4 53 32 4 37 4 21 19 4 37 4 8 4 52 15 4 22 4 22 39 4 28 4 42 4 84 37 4 35 4 26 4 89 32 4 20 4 52 4 37 4 107 16 4 26 4 12 4 24 4 97 11 4 18 4 50 4 94 52 4 14 4 116 13 4 55 4 11 4 61 21 4 55 4 45 4 1 34 4 56 4 11 4 27 17 4 17 4 29 4 75 54 16 48 16 54 11 4 115 60 16 18 16 92 7 4 34 4 2 16 4 9 4 15 4 55 23 4 7 4 46 4 5 4 9 41 4 37 4 10 6 4 32 4 48 4 45 4 2 48 4 56 4 35 4 14 31 4 24 4 32 4 31 21 4 39 4 54 4 75 54 4 54 4 22 4 38 20 4 57 4 57 4 59 4 45 7 4 13 4 53 4 26 4 83 41 4 55 4 36 4 31 14 4 11 4 9 4 49 36 4 36 4 51 4 
iteration 42268 best: 1.18915 time: 273732
78 42 4 7 4 12 4 1 5 4 57 4 111 7 4 55 4 21 4 56 54 4 49 4 27 4 57 28 4 21 4 16 4 67 56 4 33 4 40 4 7 4 34 43 4 46 4 26 4 12 23 4 23 4 80 48 4 12 4 97 51 4 14 4 52 4 7 4 14 50 4 23 4 70 57 4 60 4 114 53 4 9 4 56 4 54 4 26 4 33 8 4 6 4 41 4 23 4 110 27 4 31 4 114 32 4 36 4 17 4 20 4 13 19 4 11 4 53 4 36 43 4 56 4 72 18 4 49 4 78 14 20 96 7 4 5 4 27 4 49 27 20 80 33 4 16 4 32 4 62 50 4 50 4 6 4 15 4 115 38 4 19 4 55 23 4 36 4 19 4 16 17 4 15 4 55 58 4 29 4 27 4 8 25 4 40 4 12 4 41 49 4 31 4 100 49 4 53 4 70 31 4 34 41 4 37 4 32 4 98 54 4 28 4 114 50 4 18 4 65 48 4 27 4 53 19 4 28 4 110 30 4 37 4 110 38 4 17 4 10 59 4 6 4 53 32 4 37 4 21 19 4 37 4 8 4 52 15 4 22 4 22 39 4 28 4 42 4 84 37 4 35 4 26 4 89 32 4 20 4 52 4 37 4 107 16 4 26 4 12 4 24 4 97 11 4 18 4 50 4 94 52 4 14 4 116 13 4 55 4 11 4 61 21 4 55 4 45 4 1 34 4 56 4 11 4 27 17 4 17 4 29 4 75 54 16 48 16 54 11 4 115 60 16 18 16 92 7 4 34 4 2 16 4 9 4 15 4 55 23 4 7 4 46 4 5 4 9 41 4 37 4 10 6 4 32 4 48 4 45 4 2 48 4 56 4 35 4 14 31 4 24 4 32 4 31 21 4 39 4 54 4 75 54 4 54 4 22 4 38 20 4 57 4 57 4 59 4 45 7 4 13 4 53 4 26 4 83 41 4 55 4 36 4 31 14 4 11 4 9 4 49 36 4 36 4 51 4 
iteration 43405 best: 1.18915 time: 280936
78 42 4 7 4 12 4 1 5 4 57 4 111 7 4 55 4 21 4 56 54 4 49 4 27 4 57 28 4 21 4 16 4 67 56 4 33 4 40 4 7 4 34 43 4 46 4 26 4 12 23 4 23 4 80 48 4 12 4 97 51 4 14 4 52 4 7 4 14 50 4 23 4 70 57 4 60 4 114 53 4 9 4 56 4 54 4 26 4 33 8 4 6 4 41 4 23 4 110 27 4 31 4 114 32 4 36 4 17 4 20 4 13 19 4 11 4 53 4 36 43 4 56 4 72 18 4 49 4 78 14 20 96 7 4 5 4 27 4 49 27 20 80 33 4 16 4 32 4 62 50 4 50 4 6 4 15 4 115 38 4 19 4 55 23 4 36 4 19 4 16 17 4 15 4 55 58 4 29 4 27 4 8 25 4 40 4 12 4 41 49 4 31 4 100 49 4 53 4 70 31 4 34 41 4 37 4 32 4 98 54 4 28 4 114 50 4 18 4 65 48 4 27 4 53 19 4 28 4 110 30 4 37 4 110 38 4 17 4 10 59 4 6 4 53 32 4 37 4 21 19 4 37 4 8 4 52 15 4 22 4 22 39 4 28 4 42 4 84 37 4 35 4 26 4 89 32 4 20 4 52 4 37 4 107 16 4 26 4 12 4 24 4 97 11 4 18 4 50 4 94 52 4 14 4 116 13 4 55 4 11 4 61 21 4 55 4 45 4 1 34 4 56 4 11 4 27 17 4 17 4 29 4 75 54 16 48 16 54 11 4 115 60 16 18 16 92 7 4 34 4 2 16 4 9 4 15 4 55 23 4 7 4 46 4 5 4 9 41 4 37 4 10 6 4 32 4 48 4 45 4 2 48 4 56 4 35 4 14 31 4 24 4 32 4 31 21 4 39 4 54 4 75 54 4 54 4 22 4 38 20 4 57 4 57 4 59 4 45 7 4 13 4 53 4 26 4 83 41 4 55 4 36 4 31 14 4 11 4 9 4 49 36 4 36 4 51 4 
iteration 44542 best: 1.18914 time: 288137
78 42 4 7 4 12 4 1 5 4 57 4 111 7 4 55 4 21 4 56 54 4 49 4 27 4 57 28 4 21 4 16 4 67 56 4 33 4 40 4 7 4 34 43 4 46 4 26 4 12 23 4 23 4 80 48 4 12 4 97 51 4 14 4 52 4 7 4 14 50 4 23 4 70 57 4 60 4 114 53 4 9 4 56 4 54 4 26 4 33 8 4 6 4 41 4 23 4 110 27 4 31 4 114 32 4 36 4 17 4 20 4 13 19 4 11 4 53 4 36 43 4 56 4 72 18 4 49 4 78 14 20 96 7 4 5 4 27 4 49 27 20 80 33 4 16 4 32 4 62 50 4 50 4 6 4 15 4 115 38 4 19 4 55 23 4 36 4 19 4 16 17 4 15 4 55 58 4 29 4 27 4 8 25 4 40 4 12 4 41 49 4 31 4 100 49 4 53 4 70 31 4 34 41 4 37 4 32 4 98 54 4 40 4 114 50 4 18 4 65 48 4 27 4 53 19 4 28 4 110 30 4 37 4 110 38 4 17 4 10 59 4 6 4 53 32 4 37 4 21 19 4 37 4 8 4 52 15 4 22 4 22 39 4 28 4 42 4 84 37 4 35 4 26 4 89 32 4 20 4 52 4 37 4 107 16 4 26 4 12 4 24 4 97 11 4 18 4 50 4 94 52 4 14 4 116 13 4 55 4 11 4 61 21 4 55 4 45 4 1 34 4 56 4 11 4 27 17 4 17 4 29 4 75 54 16 48 16 54 11 4 115 60 16 18 16 92 7 4 34 4 2 16 4 9 4 15 4 55 23 4 7 4 46 4 5 4 9 41 4 37 4 10 6 4 32 4 48 4 45 4 2 48 4 56 4 35 4 14 31 4 24 4 32 4 31 21 4 39 4 54 4 75 54 4 54 4 22 4 38 20 4 57 4 57 4 59 4 45 7 4 13 4 53 4 26 4 83 41 4 55 4 36 4 31 14 4 11 4 9 4 49 36 4 36 4 51 4 
iteration 45684 best: 1.18914 time: 295339
78 42 4 7 4 12 4 1 5 4 57 4 111 7 4 55 4 21 4 56 54 4 49 4 27 4 57 28 4 21 4 16 4 67 56 4 33 4 40 4 7 4 34 43 4 46 4 26 4 12 23 4 23 4 80 48 4 12 4 97 51 4 14 4 52 4 7 4 14 50 4 23 4 70 57 4 60 4 114 53 4 9 4 56 4 54 4 26 4 33 8 4 6 4 41 4 23 4 110 27 4 31 4 114 32 4 36 4 17 4 20 4 13 19 4 11 4 53 4 36 43 4 56 4 72 18 4 49 4 78 14 20 96 7 4 5 4 27 4 49 27 20 80 33 4 16 4 32 4 62 50 4 50 4 6 4 15 4 115 38 4 19 4 55 23 4 36 4 19 4 16 17 4 15 4 55 58 4 29 4 27 4 8 25 4 40 4 12 4 41 49 4 31 4 100 49 4 53 4 70 31 4 34 41 4 37 4 32 4 98 54 4 40 4 114 50 4 18 4 65 48 4 27 4 53 19 4 28 4 110 30 4 37 4 110 38 4 17 4 10 59 4 6 4 53 32 4 37 4 21 19 4 37 4 8 4 52 15 4 22 4 22 39 4 28 4 42 4 84 37 4 35 4 26 4 89 32 4 20 4 52 4 37 4 107 16 4 26 4 12 4 24 4 97 11 4 18 4 50 4 94 52 4 14 4 116 13 4 55 4 11 4 61 21 4 55 4 45 4 1 34 4 56 4 11 4 27 17 4 17 4 29 4 75 54 16 48 16 54 11 4 115 60 16 18 16 92 7 4 34 4 2 16 4 9 4 15 4 55 23 4 7 4 46 4 5 4 9 41 4 37 4 10 6 4 32 4 48 4 45 4 2 48 4 56 4 35 4 14 31 4 24 4 32 4 31 21 4 39 4 54 4 75 54 4 54 4 22 4 38 20 4 57 4 57 4 59 4 45 7 4 13 4 53 4 26 4 83 41 4 55 4 36 4 31 14 4 11 4 9 4 49 36 4 36 4 51 4 
iteration 46825 best: 1.18913 time: 302543
78 42 4 7 4 12 4 1 5 4 57 4 111 7 4 55 4 21 4 56 54 4 49 4 27 4 57 28 4 21 4 16 4 67 56 4 33 4 40 4 7 4 34 43 4 46 4 26 4 12 23 4 23 4 80 48 4 12 4 97 51 4 14 4 52 4 7 4 14 50 4 23 4 70 57 4 60 4 114 53 4 9 4 56 4 54 4 26 4 33 8 4 6 4 41 4 23 4 110 27 4 31 4 114 32 4 36 4 17 4 20 4 13 19 4 11 4 53 4 36 43 4 56 4 72 18 4 49 4 78 14 20 96 7 4 5 4 27 4 49 27 20 80 33 4 16 4 32 4 62 50 4 50 4 6 4 15 4 115 38 4 19 4 55 23 4 36 4 19 4 16 17 4 15 4 55 58 4 29 4 27 4 8 25 4 40 4 12 4 41 49 4 31 4 100 49 4 53 4 70 31 4 34 41 4 37 4 32 4 98 54 4 40 4 114 50 4 18 4 65 48 4 38 4 53 19 4 28 4 110 30 4 37 4 110 38 4 17 4 10 59 4 6 4 53 32 4 37 4 21 19 4 37 4 8 4 52 15 4 22 4 22 39 4 28 4 42 4 84 37 4 35 4 26 4 89 32 4 20 4 52 4 37 4 107 16 4 26 4 12 4 24 4 97 11 4 18 4 50 4 94 52 4 14 4 116 13 4 55 4 11 4 61 21 4 55 4 45 4 1 34 4 56 4 11 4 27 17 4 17 4 29 4 75 54 16 48 16 54 11 4 115 60 16 18 16 92 7 4 34 4 2 16 4 9 4 15 4 55 23 4 7 4 46 4 5 4 9 41 4 37 4 10 6 4 32 4 48 4 45 4 2 48 4 56 4 35 4 14 31 4 24 4 32 4 31 21 4 39 4 54 4 75 54 4 54 4 22 4 38 20 4 57 4 57 4 59 4 45 7 4 13 4 53 4 26 4 83 41 4 55 4 36 4 31 14 4 11 4 9 4 49 36 4 36 4 51 4 
iteration 47953 best: 1.18913 time: 309745
78 42 4 7 4 12 4 1 5 4 57 4 111 7 4 55 4 21 4 56 54 4 49 4 27 4 57 28 4 21 4 16 4 67 56 4 33 4 40 4 7 4 34 43 4 46 4 26 4 12 23 4 23 4 80 48 4 12 4 97 51 4 14 4 52 4 7 4 14 50 4 23 4 70 57 4 60 4 114 53 4 9 4 56 4 54 4 26 4 33 8 4 6 4 41 4 23 4 110 27 4 31 4 114 32 4 36 4 17 4 20 4 13 19 4 11 4 53 4 36 43 4 56 4 72 18 4 49 4 78 14 20 96 7 4 5 4 27 4 49 27 20 80 33 4 16 4 32 4 62 50 4 50 4 6 4 15 4 115 38 4 19 4 55 23 4 36 4 19 4 16 17 4 15 4 55 58 4 29 4 27 4 8 25 4 40 4 12 4 41 49 4 31 4 100 49 4 53 4 70 31 4 34 41 4 37 4 32 4 98 54 4 40 4 114 50 4 18 4 65 48 4 38 4 53 19 4 28 4 110 30 4 37 4 110 38 4 17 4 10 59 4 6 4 53 32 4 37 4 21 19 4 37 4 8 4 52 15 4 22 4 22 39 4 28 4 42 4 84 37 4 35 4 26 4 89 32 4 20 4 52 4 37 4 107 16 4 26 4 12 4 24 4 97 11 4 18 4 50 4 94 52 4 14 4 116 13 4 55 4 11 4 61 21 4 55 4 45 4 1 34 4 56 4 11 4 27 17 4 17 4 29 4 75 54 16 48 16 54 11 4 115 60 16 18 16 92 7 4 34 4 2 16 4 9 4 15 4 55 23 4 7 4 46 4 5 4 9 41 4 37 4 10 6 4 32 4 48 4 45 4 2 48 4 56 4 35 4 14 31 4 24 4 32 4 31 21 4 39 4 54 4 75 54 4 54 4 22 4 38 20 4 57 4 57 4 59 4 45 7 4 13 4 53 4 26 4 83 41 4 55 4 36 4 31 14 4 11 4 9 4 49 36 4 36 4 51 4 
iteration 49085 best: 1.18912 time: 316947
78 42 4 7 4 12 4 1 5 4 57 4 111 7 4 55 4 21 4 56 54 4 49 4 27 4 57 28 4 21 4 16 4 67 56 4 33 4 40 4 7 4 34 43 4 46 4 26 4 12 23 4 23 4 80 48 4 12 4 97 51 4 14 4 52 4 7 4 14 50 4 23 4 70 57 4 60 4 114 53 4 9 4 56 4 54 4 26 4 33 8 4 6 4 41 4 23 4 110 27 4 31 4 114 32 4 36 4 17 4 20 4 13 19 4 11 4 53 4 36 59 4 56 4 72 18 4 49 4 78 14 20 96 7 4 5 4 27 4 49 27 20 80 33 4 16 4 32 4 62 50 4 50 4 6 4 15 4 115 38 4 19 4 55 23 4 36 4 19 4 16 17 4 15 4 55 58 4 29 4 27 4 8 25 4 40 4 12 4 41 49 4 31 4 100 49 4 53 4 70 31 4 34 41 4 37 4 32 4 98 54 4 40 4 114 50 4 18 4 65 48 4 38 4 53 19 4 28 4 110 30 4 37 4 110 38 4 17 4 10 59 4 6 4 53 32 4 37 4 21 19 4 37 4 8 4 52 15 4 22 4 22 39 4 28 4 42 4 84 37 4 35 4 26 4 89 32 4 20 4 52 4 37 4 107 16 4 26 4 12 4 24 4 97 11 4 18 4 50 4 94 52 4 14 4 116 13 4 55 4 11 4 61 21 4 55 4 45 4 1 34 4 56 4 11 4 27 17 4 17 4 29 4 75 54 16 48 16 54 11 4 115 60 16 18 16 92 7 4 34 4 2 16 4 9 4 15 4 55 23 4 7 4 46 4 5 4 9 41 4 37 4 10 6 4 32 4 48 4 45 4 2 48 4 56 4 35 4 14 31 4 24 4 32 4 31 21 4 39 4 54 4 75 54 4 54 4 22 4 38 20 4 57 4 57 4 59 4 45 7 4 13 4 53 4 26 4 83 41 4 55 4 36 4 31 14 4 11 4 9 4 49 36 4 36 4 51 4 
iteration 50224 best: 1.18912 time: 324149
78 42 4 7 4 12 4 1 5 4 57 4 111 7 4 55 4 21 4 56 54 4 49 4 27 4 57 28 4 21 4 16 4 67 56 4 33 4 40 4 7 4 34 43 4 46 4 26 4 12 23 4 23 4 80 48 4 12 4 97 51 4 14 4 52 4 7 4 14 50 4 23 4 70 57 4 60 4 114 53 4 9 4 56 4 54 4 26 4 33 8 4 6 4 41 4 23 4 110 27 4 31 4 114 32 4 36 4 17 4 20 4 13 19 4 11 4 53 4 36 59 4 56 4 72 18 4 49 4 78 14 20 96 7 4 5 4 27 4 49 27 20 80 33 4 16 4 32 4 62 50 4 50 4 6 4 15 4 115 38 4 19 4 55 23 4 36 4 19 4 16 17 4 15 4 55 58 4 29 4 27 4 8 25 4 40 4 12 4 41 49 4 31 4 100 49 4 53 4 70 31 4 34 41 4 37 4 32 4 98 54 4 40 4 114 50 4 18 4 65 48 4 38 4 53 19 4 28 4 110 30 4 37 4 110 38 4 17 4 10 59 4 6 4 53 32 4 37 4 21 19 4 37 4 8 4 52 15 4 22 4 22 39 4 28 4 42 4 84 37 4 35 4 26 4 89 32 4 20 4 52 4 37 4 107 16 4 26 4 12 4 24 4 97 11 4 18 4 50 4 94 52 4 14 4 116 13 4 55 4 11 4 61 21 4 55 4 45 4 1 34 4 56 4 11 4 27 17 4 17 4 29 4 75 54 16 48 16 54 11 4 115 60 16 18 16 92 7 4 34 4 2 16 4 9 4 15 4 55 23 4 7 4 46 4 5 4 9 41 4 37 4 10 6 4 32 4 48 4 45 4 2 48 4 56 4 35 4 14 31 4 24 4 32 4 31 21 4 39 4 54 4 75 54 4 54 4 22 4 38 20 4 57 4 57 4 59 4 45 7 4 13 4 53 4 26 4 83 41 4 55 4 36 4 31 14 4 11 4 9 4 49 36 4 36 4 51 4 
iteration 51362 best: 1.18911 time: 331356
78 42 4 7 4 12 4 1 5 4 57 4 111 7 4 55 4 21 4 56 54 4 49 4 27 4 57 28 4 21 4 16 4 67 56 4 33 4 40 4 7 4 34 43 4 46 4 26 4 12 23 4 23 4 80 48 4 12 4 97 51 4 14 4 52 4 7 4 14 50 4 23 4 70 57 4 60 4 114 53 4 9 4 56 4 54 4 26 4 33 8 4 6 4 41 4 23 4 110 27 4 31 4 114 32 4 36 4 17 4 20 4 13 19 4 11 4 53 4 36 59 4 56 4 72 18 4 49 4 78 14 20 96 7 4 5 4 27 4 49 27 20 80 33 4 16 4 32 4 62 50 4 50 4 6 4 15 4 115 38 4 19 4 55 23 4 36 4 19 4 16 17 4 15 4 55 58 4 29 4 27 4 8 25 4 40 4 12 4 41 49 4 31 4 100 49 4 53 4 70 45 4 34 41 4 37 4 32 4 98 54 4 40 4 114 50 4 18 4 65 48 4 38 4 53 19 4 28 4 110 30 4 37 4 110 38 4 17 4 10 59 4 6 4 53 32 4 37 4 21 19 4 37 4 8 4 52 15 4 22 4 22 39 4 28 4 42 4 84 37 4 35 4 26 4 89 32 4 20 4 52 4 37 4 107 16 4 26 4 12 4 24 4 97 11 4 18 4 50 4 94 52 4 14 4 116 13 4 55 4 11 4 61 21 4 55 4 45 4 1 34 4 56 4 11 4 27 17 4 17 4 29 4 75 54 16 48 16 54 11 4 115 60 16 18 16 92 7 4 34 4 2 16 4 9 4 15 4 55 23 4 7 4 46 4 5 4 9 41 4 37 4 10 6 4 32 4 48 4 45 4 2 48 4 56 4 35 4 14 31 4 24 4 32 4 31 21 4 39 4 54 4 75 54 4 54 4 22 4 38 20 4 57 4 57 4 59 4 45 7 4 13 4 53 4 26 4 83 41 4 55 4 36 4 31 14 4 11 4 9 4 49 36 4 36 4 51 4 
iteration 52499 best: 1.1891 time: 338557
78 42 4 7 4 12 4 1 5 4 57 4 111 7 4 55 4 21 4 56 54 4 49 4 27 4 57 28 4 21 4 16 4 67 56 4 33 4 40 4 7 4 34 43 4 46 4 26 4 12 23 4 23 4 80 48 4 12 4 97 51 4 14 4 52 4 7 4 14 50 4 23 4 70 57 4 60 4 114 53 4 9 4 56 4 54 4 26 4 33 8 4 6 4 41 4 23 4 110 27 4 31 4 114 32 4 36 4 17 4 20 4 13 19 4 11 4 53 4 36 59 4 56 4 72 18 4 49 4 78 14 20 96 7 4 5 4 27 4 49 27 20 80 33 4 16 4 32 4 62 50 4 50 4 6 4 15 4 115 38 4 19 4 55 23 4 36 4 19 4 16 17 4 15 4 55 58 4 29 4 27 4 8 25 4 40 4 12 4 41 49 4 31 4 100 49 4 53 4 70 45 4 34 41 4 37 4 32 4 98 54 4 46 4 114 50 4 18 4 65 48 4 38 4 53 19 4 28 4 110 30 4 37 4 110 38 4 17 4 10 59 4 6 4 53 32 4 37 4 21 19 4 37 4 8 4 52 15 4 22 4 22 39 4 28 4 42 4 84 37 4 35 4 26 4 89 32 4 20 4 52 4 37 4 107 16 4 26 4 12 4 24 4 97 11 4 18 4 50 4 94 52 4 14 4 116 13 4 55 4 11 4 61 21 4 55 4 45 4 1 34 4 56 4 11 4 27 17 4 17 4 29 4 75 54 16 48 16 54 11 4 115 60 16 18 16 92 7 4 34 4 2 16 4 9 4 15 4 55 23 4 7 4 46 4 5 4 9 41 4 37 4 10 6 4 32 4 48 4 45 4 2 48 4 56 4 35 4 14 31 4 24 4 32 4 31 21 4 39 4 54 4 75 54 4 54 4 22 4 38 20 4 57 4 57 4 59 4 45 7 4 13 4 53 4 26 4 83 41 4 55 4 36 4 31 14 4 11 4 9 4 49 36 4 36 4 51 4 
iteration 53635 best: 1.1891 time: 345759
78 42 4 7 4 12 4 1 5 4 57 4 111 7 4 55 4 21 4 56 54 4 49 4 27 4 57 28 4 21 4 16 4 67 56 4 33 4 40 4 7 4 34 43 4 46 4 26 4 12 23 4 23 4 80 48 4 12 4 97 51 4 14 4 52 4 7 4 14 50 4 23 4 70 57 4 60 4 114 53 4 9 4 56 4 54 4 26 4 33 8 4 6 4 41 4 23 4 110 27 4 31 4 114 32 4 36 4 17 4 20 4 13 19 4 11 4 53 4 36 59 4 56 4 72 18 4 49 4 78 14 20 96 7 4 5 4 27 4 49 27 20 80 33 4 16 4 32 4 62 50 4 50 4 6 4 15 4 115 38 4 19 4 55 23 4 36 4 19 4 16 17 4 15 4 55 58 4 29 4 27 4 8 25 4 40 4 12 4 41 49 4 31 4 100 49 4 53 4 70 45 4 34 41 4 37 4 32 4 98 54 4 46 4 114 50 4 18 4 65 48 4 38 4 53 19 4 28 4 110 30 4 37 4 110 38 4 17 4 10 59 4 6 4 53 32 4 37 4 21 19 4 37 4 8 4 52 15 4 22 4 22 39 4 28 4 42 4 84 37 4 35 4 26 4 89 32 4 20 4 52 4 37 4 107 16 4 26 4 12 4 24 4 97 11 4 18 4 50 4 94 52 4 14 4 116 13 4 55 4 11 4 61 21 4 55 4 45 4 1 34 4 56 4 11 4 27 17 4 17 4 29 4 75 54 16 48 16 54 11 4 115 60 16 18 16 92 7 4 34 4 2 16 4 9 4 15 4 55 23 4 7 4 46 4 5 4 9 41 4 37 4 10 6 4 32 4 48 4 45 4 2 48 4 56 4 35 4 14 31 4 24 4 32 4 31 21 4 39 4 54 4 75 54 4 54 4 22 4 38 20 4 57 4 57 4 59 4 45 7 4 13 4 53 4 26 4 83 41 4 55 4 36 4 31 14 4 11 4 9 4 49 36 4 36 4 51 4 
iteration 54770 best: 1.1891 time: 352965
78 42 4 7 4 12 4 1 5 4 57 4 111 7 4 55 4 21 4 56 54 4 49 4 27 4 57 28 4 21 4 16 4 67 56 4 33 4 40 4 7 4 34 43 4 46 4 26 4 12 23 4 23 4 80 48 4 12 4 97 51 4 14 4 52 4 7 4 14 50 4 23 4 70 57 4 60 4 114 53 4 9 4 56 4 54 4 26 4 33 8 4 6 4 41 4 23 4 110 27 4 31 4 114 32 4 36 4 17 4 20 4 13 19 4 11 4 53 4 36 59 4 56 4 72 18 4 49 4 78 14 20 96 7 4 5 4 27 4 49 27 20 80 33 4 16 4 32 4 62 50 4 50 4 6 4 15 4 115 38 4 19 4 55 23 4 36 4 19 4 16 17 4 15 4 55 58 4 29 4 27 4 8 25 4 40 4 12 4 41 49 4 31 4 100 49 4 53 4 70 45 4 34 41 4 37 4 32 4 98 54 4 46 4 114 50 4 18 4 65 48 4 38 4 53 19 4 28 4 110 30 4 37 4 110 38 4 17 4 10 59 4 6 4 53 32 4 37 4 21 19 4 37 4 8 4 52 15 4 22 4 22 39 4 28 4 42 4 84 37 4 35 4 26 4 89 32 4 20 4 52 4 37 4 107 16 4 26 4 12 4 24 4 97 11 4 18 4 50 4 94 52 4 14 4 116 13 4 55 4 11 4 61 21 4 55 4 45 4 1 34 4 56 4 11 4 27 17 4 17 4 29 4 75 54 16 48 16 54 11 4 115 60 16 18 16 92 7 4 34 4 2 16 4 9 4 15 4 55 23 4 7 4 46 4 5 4 9 41 4 37 4 10 6 4 32 4 48 4 45 4 2 48 4 56 4 35 4 14 31 4 24 4 32 4 31 21 4 39 4 54 4 75 54 4 54 4 22 4 38 20 4 57 4 57 4 59 4 45 7 4 13 4 53 4 26 4 83 41 4 55 4 36 4 31 14 4 11 4 9 4 49 36 4 36 4 51 4 
iteration 55904 best: 1.18909 time: 360166
78 42 4 7 4 12 4 1 5 4 57 4 111 7 4 55 4 21 4 56 54 4 49 4 27 4 57 28 4 21 4 16 4 67 56 4 33 4 40 4 7 4 34 43 4 46 4 26 4 12 23 4 23 4 80 48 4 12 4 97 51 4 14 4 52 4 7 4 14 50 4 23 4 70 57 4 60 4 114 53 4 9 4 56 4 54 4 26 4 33 8 4 6 4 41 4 23 4 110 27 4 31 4 114 32 4 36 4 17 4 20 4 13 19 4 11 4 53 4 36 59 4 56 4 72 18 4 49 4 78 14 20 96 7 4 5 4 27 4 49 27 20 80 33 4 16 4 32 4 62 50 4 50 4 6 4 15 4 115 38 4 19 4 55 23 4 36 4 19 4 16 17 4 15 4 55 58 4 29 4 27 4 8 25 4 40 4 12 4 41 49 4 31 4 100 49 4 53 4 70 45 4 34 41 4 37 4 32 4 98 54 4 46 4 114 50 4 18 4 65 60 4 38 4 53 19 4 28 4 110 30 4 37 4 110 38 4 17 4 10 59 4 6 4 53 32 4 37 4 21 19 4 37 4 8 4 52 15 4 22 4 22 39 4 28 4 42 4 84 37 4 35 4 26 4 89 32 4 20 4 52 4 37 4 107 16 4 26 4 12 4 24 4 97 11 4 18 4 50 4 94 52 4 14 4 116 13 4 55 4 11 4 61 21 4 55 4 45 4 1 34 4 56 4 11 4 27 17 4 17 4 29 4 75 54 16 48 16 54 11 4 115 60 16 18 16 92 7 4 34 4 2 16 4 9 4 15 4 55 23 4 7 4 46 4 5 4 9 41 4 37 4 10 6 4 32 4 48 4 45 4 2 48 4 56 4 35 4 14 31 4 24 4 32 4 31 21 4 39 4 54 4 75 54 4 54 4 22 4 38 20 4 57 4 57 4 59 4 45 7 4 13 4 53 4 26 4 83 41 4 55 4 36 4 31 14 4 11 4 9 4 49 36 4 36 4 51 4 
iteration 57041 best: 1.18909 time: 367372
78 42 4 7 4 12 4 1 5 4 57 4 111 7 4 55 4 21 4 56 54 4 49 4 27 4 57 28 4 21 4 16 4 67 56 4 33 4 40 4 7 4 34 43 4 46 4 26 4 12 23 4 23 4 80 48 4 12 4 97 51 4 14 4 52 4 7 4 14 50 4 23 4 70 57 4 60 4 114 53 4 9 4 56 4 54 4 26 4 33 8 4 6 4 41 4 23 4 110 27 4 31 4 114 32 4 36 4 17 4 20 4 13 19 4 11 4 53 4 36 59 4 56 4 72 18 4 49 4 78 14 20 96 7 4 5 4 27 4 49 27 20 80 33 4 16 4 32 4 62 50 4 50 4 6 4 15 4 115 38 4 19 4 55 23 4 36 4 19 4 16 17 4 15 4 55 58 4 29 4 27 4 8 25 4 40 4 12 4 41 49 4 31 4 100 49 4 53 4 70 45 4 34 41 4 37 4 32 4 98 54 4 46 4 114 50 4 18 4 65 60 4 38 4 53 19 4 28 4 110 30 4 37 4 110 38 4 17 4 10 59 4 6 4 53 32 4 37 4 21 19 4 37 4 8 4 52 15 4 22 4 22 39 4 28 4 42 4 84 37 4 35 4 26 4 89 32 4 20 4 52 4 37 4 107 16 4 26 4 12 4 24 4 97 11 4 18 4 50 4 94 52 4 14 4 116 13 4 55 4 11 4 61 21 4 55 4 45 4 1 34 4 56 4 11 4 27 17 4 17 4 29 4 75 54 16 48 16 54 11 4 115 60 16 18 16 92 7 4 34 4 2 16 4 9 4 15 4 55 23 4 7 4 46 4 5 4 9 41 4 37 4 10 6 4 32 4 48 4 45 4 2 48 4 56 4 35 4 14 31 4 24 4 32 4 31 21 4 39 4 54 4 75 54 4 54 4 22 4 38 20 4 57 4 57 4 59 4 45 7 4 13 4 53 4 26 4 83 41 4 55 4 36 4 31 14 4 11 4 9 4 49 36 4 36 4 51 4 
iteration 58175 best: 1.18908 time: 374574
78 42 4 7 4 12 4 1 5 4 57 4 111 7 4 55 4 21 4 56 54 4 49 4 27 4 57 28 4 21 4 16 4 67 56 4 33 4 40 4 7 4 34 43 4 46 4 26 4 12 23 4 23 4 80 48 4 12 4 97 51 4 14 4 52 4 7 4 14 50 4 23 4 70 57 4 60 4 114 53 4 9 4 56 4 54 4 26 4 33 8 4 6 4 41 4 23 4 110 27 4 31 4 114 32 4 36 4 17 4 20 4 13 19 4 11 4 53 4 36 59 4 56 4 72 18 4 49 4 78 14 20 96 7 4 5 4 27 4 49 27 20 80 33 4 16 4 32 4 62 50 4 50 4 6 4 15 4 115 38 4 19 4 55 23 4 36 4 19 4 16 17 4 15 4 55 58 4 29 4 27 4 8 25 4 40 4 12 4 41 49 4 31 4 100 49 4 53 4 70 45 4 34 41 4 37 4 32 4 98 54 4 46 4 114 50 4 18 4 65 60 4 55 4 53 19 4 28 4 110 30 4 37 4 110 38 4 17 4 10 59 4 6 4 53 32 4 37 4 21 19 4 37 4 8 4 52 15 4 22 4 22 39 4 28 4 42 4 84 37 4 35 4 26 4 89 32 4 20 4 52 4 37 4 107 16 4 26 4 12 4 24 4 97 11 4 18 4 50 4 94 52 4 14 4 116 13 4 55 4 11 4 61 21 4 55 4 45 4 1 34 4 56 4 11 4 27 17 4 17 4 29 4 75 54 16 48 16 54 11 4 115 60 16 18 16 92 7 4 34 4 2 16 4 9 4 15 4 55 23 4 7 4 46 4 5 4 9 41 4 37 4 10 6 4 32 4 48 4 45 4 2 48 4 56 4 35 4 14 31 4 24 4 32 4 31 21 4 39 4 54 4 75 54 4 54 4 22 4 38 20 4 57 4 57 4 59 4 45 7 4 13 4 53 4 26 4 83 41 4 55 4 36 4 31 14 4 11 4 9 4 49 36 4 36 4 51 4 
iteration 59315 best: 1.18908 time: 381779
78 42 4 7 4 12 4 1 5 4 57 4 111 7 4 55 4 21 4 56 54 4 49 4 27 4 57 28 4 21 4 16 4 67 56 4 33 4 40 4 7 4 34 43 4 46 4 26 4 12 23 4 23 4 80 48 4 12 4 97 51 4 14 4 52 4 7 4 14 50 4 23 4 70 57 4 60 4 114 53 4 9 4 56 4 54 4 26 4 33 8 4 6 4 41 4 23 4 110 27 4 31 4 114 32 4 36 4 17 4 20 4 13 19 4 11 4 53 4 36 59 4 56 4 72 18 4 49 4 78 14 20 96 7 4 5 4 27 4 49 27 20 80 33 4 16 4 32 4 62 50 4 50 4 6 4 15 4 115 38 4 19 4 55 23 4 36 4 19 4 16 17 4 15 4 55 58 4 29 4 27 4 8 25 4 40 4 12 4 41 49 4 31 4 100 49 4 53 4 70 45 4 34 41 4 37 4 32 4 98 54 4 46 4 114 50 4 18 4 65 60 4 55 4 53 19 4 28 4 110 30 4 37 4 110 38 4 17 4 10 59 4 6 4 53 32 4 37 4 21 19 4 37 4 8 4 52 15 4 22 4 22 39 4 28 4 42 4 84 37 4 35 4 26 4 89 32 4 20 4 52 4 37 4 107 16 4 26 4 12 4 24 4 97 11 4 18 4 50 4 94 52 4 14 4 116 13 4 55 4 11 4 61 21 4 55 4 45 4 1 34 4 56 4 11 4 27 17 4 17 4 29 4 75 54 16 48 16 54 11 4 115 60 16 18 16 92 7 4 34 4 2 16 4 9 4 15 4 55 23 4 7 4 46 4 5 4 9 41 4 37 4 10 6 4 32 4 48 4 45 4 2 48 4 56 4 35 4 14 31 4 24 4 32 4 31 21 4 39 4 54 4 75 54 4 54 4 22 4 38 20 4 57 4 57 4 59 4 45 7 4 13 4 53 4 26 4 83 41 4 55 4 36 4 31 14 4 11 4 9 4 49 36 4 36 4 51 4 
iteration 60454 best: 1.18907 time: 388985
78 42 4 7 4 12 4 1 5 4 57 4 111 7 4 55 4 21 4 56 54 4 49 4 27 4 57 28 4 21 4 16 4 67 56 4 33 4 40 4 7 4 34 43 4 46 4 26 4 12 23 4 23 4 80 48 4 12 4 97 51 4 14 4 52 4 7 4 14 50 4 23 4 70 57 4 60 4 114 53 4 9 4 56 4 54 4 26 4 33 8 4 6 4 41 4 23 4 110 27 4 31 4 114 32 4 36 4 17 4 20 4 13 19 4 11 4 53 4 36 59 4 56 4 72 18 4 49 4 78 14 20 96 7 4 5 4 27 4 49 27 20 80 33 4 16 4 32 4 62 50 4 50 4 6 4 15 4 115 38 4 19 4 55 23 4 36 4 19 4 16 17 4 15 4 55 58 4 29 4 27 4 8 25 4 40 4 12 4 41 49 4 31 4 100 49 4 53 4 70 53 4 34 41 4 37 4 32 4 98 54 4 46 4 114 50 4 18 4 65 60 4 55 4 53 19 4 28 4 110 30 4 37 4 110 38 4 17 4 10 59 4 6 4 53 32 4 37 4 21 19 4 37 4 8 4 52 15 4 22 4 22 39 4 28 4 42 4 84 37 4 35 4 26 4 89 32 4 20 4 52 4 37 4 107 16 4 26 4 12 4 24 4 97 11 4 18 4 50 4 94 52 4 14 4 116 13 4 55 4 11 4 61 21 4 55 4 45 4 1 34 4 56 4 11 4 27 17 4 17 4 29 4 75 54 16 48 16 54 11 4 115 60 16 18 16 92 7 4 34 4 2 16 4 9 4 15 4 55 23 4 7 4 46 4 5 4 9 41 4 37 4 10 6 4 32 4 48 4 45 4 2 48 4 56 4 35 4 14 31 4 24 4 32 4 31 21 4 39 4 54 4 75 54 4 54 4 22 4 38 20 4 57 4 57 4 59 4 45 7 4 13 4 53 4 26 4 83 41 4 55 4 36 4 31 14 4 11 4 9 4 49 36 4 36 4 51 4 
iteration 61594 best: 1.18907 time: 396191
78 42 4 7 4 12 4 1 5 4 57 4 111 7 4 55 4 21 4 56 54 4 49 4 27 4 57 28 4 21 4 16 4 67 56 4 33 4 40 4 7 4 34 43 4 46 4 26 4 12 23 4 23 4 80 48 4 12 4 97 51 4 14 4 52 4 7 4 14 50 4 23 4 70 57 4 60 4 114 53 4 9 4 56 4 54 4 26 4 33 8 4 6 4 41 4 23 4 110 27 4 31 4 114 32 4 36 4 17 4 20 4 13 19 4 11 4 53 4 36 59 4 56 4 72 18 4 49 4 78 14 20 96 7 4 5 4 27 4 49 27 20 80 33 4 16 4 32 4 62 50 4 50 4 6 4 15 4 115 38 4 19 4 55 23 4 36 4 19 4 16 17 4 15 4 55 58 4 29 4 27 4 8 25 4 40 4 12 4 41 49 4 31 4 100 49 4 53 4 70 53 4 34 41 4 37 4 32 4 98 54 4 46 4 114 50 4 18 4 65 60 4 55 4 53 19 4 28 4 110 30 4 37 4 110 38 4 17 4 10 59 4 6 4 53 32 4 37 4 21 19 4 37 4 8 4 52 15 4 22 4 22 39 4 28 4 42 4 84 37 4 35 4 26 4 89 32 4 20 4 52 4 37 4 107 16 4 26 4 12 4 24 4 97 11 4 18 4 50 4 94 52 4 14 4 116 13 4 55 4 11 4 61 21 4 55 4 45 4 1 34 4 56 4 11 4 27 17 4 17 4 29 4 75 54 16 48 16 54 11 4 115 60 16 18 16 92 7 4 34 4 2 16 4 9 4 15 4 55 23 4 7 4 46 4 5 4 9 41 4 37 4 10 6 4 32 4 48 4 45 4 2 48 4 56 4 35 4 14 31 4 24 4 32 4 31 21 4 39 4 54 4 75 54 4 54 4 22 4 38 20 4 57 4 57 4 59 4 45 7 4 13 4 53 4 26 4 83 41 4 55 4 36 4 31 14 4 11 4 9 4 49 36 4 36 4 51 4 
iteration 62728 best: 1.18906 time: 403392
78 42 4 7 4 12 4 1 5 4 57 4 111 7 4 55 4 21 4 56 54 4 49 4 27 4 57 28 4 21 4 16 4 67 56 4 33 4 40 4 7 4 34 43 4 46 4 26 4 12 23 4 23 4 80 48 4 12 4 97 51 4 14 4 52 4 7 4 14 50 4 23 4 70 57 4 60 4 114 53 4 9 4 56 4 54 4 26 4 33 8 4 6 4 41 4 23 4 110 27 4 31 4 114 32 4 36 4 17 4 20 4 13 19 4 11 4 53 4 36 59 4 56 4 72 18 4 49 4 78 14 20 96 7 4 5 4 27 4 49 27 20 80 33 4 16 4 32 4 62 50 4 50 4 6 4 15 4 115 38 4 19 4 55 23 4 36 4 19 4 16 17 4 15 4 55 58 4 29 4 27 4 8 25 4 40 4 12 4 41 49 4 31 4 100 49 4 53 4 70 53 4 34 41 4 37 4 32 4 98 54 4 60 4 114 50 4 18 4 65 60 4 55 4 53 19 4 28 4 110 30 4 37 4 110 38 4 17 4 10 59 4 6 4 53 32 4 37 4 21 19 4 37 4 8 4 52 15 4 22 4 22 39 4 28 4 42 4 84 37 4 35 4 26 4 89 32 4 20 4 52 4 37 4 107 16 4 26 4 12 4 24 4 97 11 4 18 4 50 4 94 52 4 14 4 116 13 4 55 4 11 4 61 21 4 55 4 45 4 1 34 4 56 4 11 4 27 17 4 17 4 29 4 75 54 16 48 16 54 11 4 115 60 16 18 16 92 7 4 34 4 2 16 4 9 4 15 4 55 23 4 7 4 46 4 5 4 9 41 4 37 4 10 6 4 32 4 48 4 45 4 2 48 4 56 4 35 4 14 31 4 24 4 32 4 31 21 4 39 4 54 4 75 54 4 54 4 22 4 38 20 4 57 4 57 4 59 4 45 7 4 13 4 53 4 26 4 83 41 4 55 4 36 4 31 14 4 11 4 9 4 49 36 4 36 4 51 4 
iteration 63865 best: 1.18906 time: 410595
78 42 4 7 4 12 4 1 5 4 57 4 111 7 4 55 4 21 4 56 54 4 49 4 27 4 57 28 4 21 4 16 4 67 56 4 33 4 40 4 7 4 34 43 4 46 4 26 4 12 23 4 23 4 80 48 4 12 4 97 51 4 14 4 52 4 7 4 14 50 4 23 4 70 57 4 60 4 114 53 4 9 4 56 4 54 4 26 4 33 8 4 6 4 41 4 23 4 110 27 4 31 4 114 32 4 36 4 17 4 20 4 13 19 4 11 4 53 4 36 59 4 56 4 72 18 4 49 4 78 14 20 96 7 4 5 4 27 4 49 27 20 80 33 4 16 4 32 4 62 50 4 50 4 6 4 15 4 115 38 4 19 4 55 23 4 36 4 19 4 16 17 4 15 4 55 58 4 29 4 27 4 8 25 4 40 4 12 4 41 49 4 31 4 100 49 4 53 4 70 53 4 34 41 4 37 4 32 4 98 54 4 60 4 114 50 4 18 4 65 60 4 55 4 53 19 4 28 4 110 30 4 37 4 110 38 4 17 4 10 59 4 6 4 53 32 4 37 4 21 19 4 37 4 8 4 52 15 4 22 4 22 39 4 28 4 42 4 84 37 4 35 4 26 4 89 32 4 20 4 52 4 37 4 107 16 4 26 4 12 4 24 4 97 11 4 18 4 50 4 94 52 4 14 4 116 13 4 55 4 11 4 61 21 4 55 4 45 4 1 34 4 56 4 11 4 27 17 4 17 4 29 4 75 54 16 48 16 54 11 4 115 60 16 18 16 92 7 4 34 4 2 16 4 9 4 15 4 55 23 4 7 4 46 4 5 4 9 41 4 37 4 10 6 4 32 4 48 4 45 4 2 48 4 56 4 35 4 14 31 4 24 4 32 4 31 21 4 39 4 54 4 75 54 4 54 4 22 4 38 20 4 57 4 57 4 59 4 45 7 4 13 4 53 4 26 4 83 41 4 55 4 36 4 31 14 4 11 4 9 4 49 36 4 36 4 51 4 
iteration 65002 best: 1.18906 time: 417802
78 42 4 7 4 12 4 1 5 4 57 4 111 7 4 55 4 21 4 56 54 4 49 4 27 4 57 28 4 21 4 16 4 67 56 4 33 4 40 4 7 4 34 43 4 46 4 26 4 12 23 4 23 4 80 48 4 12 4 97 51 4 14 4 52 4 7 4 14 50 4 23 4 70 57 4 60 4 114 53 4 9 4 56 4 54 4 26 4 33 8 4 6 4 41 4 23 4 110 27 4 31 4 114 32 4 36 4 17 4 20 4 13 19 4 11 4 53 4 36 59 4 56 4 72 18 4 49 4 78 14 20 96 7 4 5 4 27 4 49 27 20 80 33 4 16 4 32 4 62 50 4 50 4 6 4 15 4 115 38 4 19 4 55 23 4 36 4 19 4 16 17 4 15 4 55 58 4 29 4 27 4 8 25 4 40 4 12 4 41 49 4 31 4 100 49 4 53 4 70 53 4 34 41 4 37 4 32 4 98 54 4 60 4 114 50 4 18 4 65 60 4 55 4 53 19 4 28 4 110 30 4 37 4 110 38 4 17 4 10 59 4 6 4 53 32 4 37 4 21 19 4 37 4 8 4 52 15 4 22 4 22 39 4 28 4 42 4 84 37 4 35 4 26 4 89 32 4 20 4 52 4 37 4 107 16 4 26 4 12 4 24 4 97 11 4 18 4 50 4 94 52 4 14 4 116 13 4 55 4 11 4 61 21 4 55 4 45 4 1 34 4 56 4 11 4 27 17 4 17 4 29 4 75 54 16 48 16 54 11 4 115 60 16 18 16 92 7 4 34 4 2 16 4 9 4 15 4 55 23 4 7 4 46 4 5 4 9 41 4 37 4 10 6 4 32 4 48 4 45 4 2 48 4 56 4 35 4 14 31 4 24 4 32 4 31 21 4 39 4 54 4 75 54 4 54 4 22 4 38 20 4 57 4 57 4 59 4 45 7 4 13 4 53 4 26 4 83 41 4 55 4 36 4 31 14 4 11 4 9 4 49 36 4 36 4 51 4 
iteration 66136 best: 1.18906 time: 425005
78 42 4 7 4 12 4 1 5 4 57 4 111 7 4 55 4 21 4 56 54 4 49 4 27 4 57 28 4 21 4 16 4 67 56 4 33 4 40 4 7 4 34 43 4 46 4 26 4 12 23 4 23 4 80 48 4 12 4 97 51 4 14 4 52 4 7 4 14 50 4 23 4 70 57 4 60 4 114 53 4 9 4 56 4 54 4 26 4 33 8 4 6 4 41 4 23 4 110 27 4 31 4 114 32 4 36 4 17 4 20 4 13 19 4 11 4 53 4 36 59 4 56 4 72 18 4 49 4 78 14 20 96 7 4 5 4 27 4 49 27 20 80 33 4 16 4 32 4 62 50 4 50 4 6 4 15 4 115 38 4 19 4 55 23 4 36 4 19 4 16 17 4 15 4 55 58 4 29 4 27 4 8 25 4 40 4 12 4 41 49 4 31 4 100 49 4 53 4 70 53 4 34 41 4 37 4 32 4 98 54 4 60 4 114 50 4 18 4 65 60 4 55 4 53 19 4 28 4 110 30 4 37 4 110 38 4 17 4 10 59 4 6 4 53 32 4 37 4 21 19 4 37 4 8 4 52 15 4 22 4 22 39 4 28 4 42 4 84 37 4 35 4 26 4 89 32 4 20 4 52 4 37 4 107 16 4 26 4 12 4 24 4 97 11 4 18 4 50 4 94 52 4 14 4 116 13 4 55 4 11 4 61 21 4 55 4 45 4 1 34 4 56 4 11 4 27 17 4 17 4 29 4 75 54 16 48 16 54 11 4 115 60 16 18 16 92 7 4 34 4 2 16 4 9 4 15 4 55 23 4 7 4 46 4 5 4 9 41 4 37 4 10 6 4 32 4 48 4 45 4 2 48 4 56 4 35 4 14 31 4 24 4 32 4 31 21 4 39 4 54 4 75 54 4 54 4 22 4 38 20 4 57 4 57 4 59 4 45 7 4 13 4 53 4 26 4 83 41 4 55 4 36 4 31 14 4 11 4 9 4 49 36 4 36 4 51 4 
iteration 67275 best: 1.18906 time: 432210
78 42 4 7 4 12 4 1 5 4 57 4 111 7 4 55 4 21 4 56 54 4 49 4 27 4 57 28 4 21 4 16 4 67 56 4 33 4 40 4 7 4 34 43 4 46 4 26 4 12 23 4 23 4 80 48 4 12 4 97 51 4 14 4 52 4 7 4 14 50 4 23 4 70 57 4 60 4 114 53 4 9 4 56 4 54 4 26 4 33 8 4 6 4 41 4 23 4 110 27 4 31 4 114 32 4 36 4 17 4 20 4 13 19 4 11 4 53 4 36 59 4 56 4 72 18 4 49 4 78 14 20 96 7 4 5 4 27 4 49 27 20 80 33 4 16 4 32 4 62 50 4 50 4 6 4 15 4 115 38 4 19 4 55 23 4 36 4 19 4 16 17 4 15 4 55 58 4 29 4 27 4 8 25 4 40 4 12 4 41 49 4 31 4 100 49 4 53 4 70 53 4 34 41 4 37 4 32 4 98 54 4 60 4 114 50 4 18 4 65 60 4 55 4 53 19 4 28 4 110 30 4 37 4 110 38 4 17 4 10 59 4 6 4 53 32 4 37 4 21 19 4 37 4 8 4 52 15 4 22 4 22 39 4 28 4 42 4 84 37 4 35 4 26 4 89 32 4 20 4 52 4 37 4 107 16 4 26 4 12 4 24 4 97 11 4 18 4 50 4 94 52 4 14 4 116 13 4 55 4 11 4 61 21 4 55 4 45 4 1 34 4 56 4 11 4 27 17 4 17 4 29 4 75 54 16 48 16 54 11 4 115 60 16 18 16 92 7 4 34 4 2 16 4 9 4 15 4 55 23 4 7 4 46 4 5 4 9 41 4 37 4 10 6 4 32 4 48 4 45 4 2 48 4 56 4 35 4 14 31 4 24 4 32 4 31 21 4 39 4 54 4 75 54 4 54 4 22 4 38 20 4 57 4 57 4 59 4 45 7 4 13 4 53 4 26 4 83 41 4 55 4 36 4 31 14 4 11 4 9 4 49 36 4 36 4 51 4 
iteration 68405 best: 1.18906 time: 439416
78 42 4 7 4 12 4 1 5 4 57 4 111 7 4 55 4 21 4 56 54 4 49 4 27 4 57 28 4 21 4 16 4 67 56 4 33 4 40 4 7 4 34 43 4 46 4 26 4 12 23 4 23 4 80 48 4 12 4 97 51 4 14 4 52 4 7 4 14 50 4 23 4 70 57 4 60 4 114 53 4 9 4 56 4 54 4 26 4 33 8 4 6 4 41 4 23 4 110 27 4 31 4 114 32 4 36 4 17 4 20 4 13 19 4 11 4 53 4 36 59 4 56 4 72 18 4 49 4 78 14 20 96 7 4 5 4 27 4 49 27 20 80 33 4 16 4 32 4 62 50 4 50 4 6 4 15 4 115 38 4 19 4 55 23 4 36 4 19 4 16 17 4 15 4 55 58 4 29 4 27 4 8 25 4 40 4 12 4 41 49 4 31 4 100 49 4 53 4 70 53 4 34 41 4 37 4 32 4 98 54 4 60 4 114 50 4 18 4 65 60 4 55 4 53 19 4 28 4 110 30 4 37 4 110 38 4 17 4 10 59 4 6 4 53 32 4 37 4 21 19 4 37 4 8 4 52 15 4 22 4 22 39 4 28 4 42 4 84 37 4 35 4 26 4 89 32 4 20 4 52 4 37 4 107 16 4 26 4 12 4 24 4 97 11 4 18 4 50 4 94 52 4 14 4 116 13 4 55 4 11 4 61 21 4 55 4 45 4 1 34 4 56 4 11 4 27 17 4 17 4 29 4 75 54 16 48 16 54 11 4 115 60 16 18 16 92 7 4 34 4 2 16 4 9 4 15 4 55 23 4 7 4 46 4 5 4 9 41 4 37 4 10 6 4 32 4 48 4 45 4 2 48 4 56 4 35 4 14 31 4 24 4 32 4 31 21 4 39 4 54 4 75 54 4 54 4 22 4 38 20 4 57 4 57 4 59 4 45 7 4 13 4 53 4 26 4 83 41 4 55 4 36 4 31 14 4 11 4 9 4 49 36 4 36 4 51 4 
iteration 69540 best: 1.18906 time: 446619
78 42 4 7 4 12 4 1 5 4 57 4 111 7 4 55 4 21 4 56 54 4 49 4 27 4 57 28 4 21 4 16 4 67 56 4 33 4 40 4 7 4 34 43 4 46 4 26 4 12 23 4 23 4 80 48 4 12 4 97 51 4 14 4 52 4 7 4 14 50 4 23 4 70 57 4 60 4 114 53 4 9 4 56 4 54 4 26 4 33 8 4 6 4 41 4 23 4 110 27 4 31 4 114 32 4 36 4 17 4 20 4 13 19 4 11 4 53 4 36 59 4 56 4 72 18 4 49 4 78 14 20 96 7 4 5 4 27 4 49 27 20 80 33 4 16 4 32 4 62 50 4 50 4 6 4 15 4 115 38 4 19 4 55 23 4 36 4 19 4 16 17 4 15 4 55 58 4 29 4 27 4 8 25 4 40 4 12 4 41 49 4 31 4 100 49 4 53 4 70 53 4 34 41 4 37 4 32 4 98 54 4 60 4 114 50 4 18 4 65 60 4 55 4 53 19 4 28 4 110 30 4 37 4 110 38 4 17 4 10 59 4 6 4 53 32 4 37 4 21 19 4 37 4 8 4 52 15 4 22 4 22 39 4 28 4 42 4 84 37 4 35 4 26 4 89 32 4 20 4 52 4 37 4 107 16 4 26 4 12 4 24 4 97 11 4 18 4 50 4 94 52 4 14 4 116 13 4 55 4 11 4 61 21 4 55 4 45 4 1 34 4 56 4 11 4 27 17 4 17 4 29 4 75 54 16 48 16 54 11 4 115 60 16 18 16 92 7 4 34 4 2 16 4 9 4 15 4 55 23 4 7 4 46 4 5 4 9 41 4 37 4 10 6 4 32 4 48 4 45 4 2 48 4 56 4 35 4 14 31 4 24 4 32 4 31 21 4 39 4 54 4 75 54 4 54 4 22 4 38 20 4 57 4 57 4 59 4 45 7 4 13 4 53 4 26 4 83 41 4 55 4 36 4 31 14 4 11 4 9 4 49 36 4 36 4 51 4 
iteration 70671 best: 1.18906 time: 453822
78 42 4 7 4 12 4 1 5 4 57 4 111 7 4 55 4 21 4 56 54 4 49 4 27 4 57 28 4 21 4 16 4 67 56 4 33 4 40 4 7 4 34 43 4 46 4 26 4 12 23 4 23 4 80 48 4 12 4 97 51 4 14 4 52 4 7 4 14 50 4 23 4 70 57 4 60 4 114 53 4 9 4 56 4 54 4 26 4 33 8 4 6 4 41 4 23 4 110 27 4 31 4 114 32 4 36 4 17 4 20 4 13 19 4 11 4 53 4 36 59 4 56 4 72 18 4 49 4 78 14 20 96 7 4 5 4 27 4 49 27 20 80 33 4 16 4 32 4 62 50 4 50 4 6 4 15 4 115 38 4 19 4 55 23 4 36 4 19 4 16 17 4 15 4 55 58 4 29 4 27 4 8 25 4 40 4 12 4 41 49 4 31 4 100 49 4 53 4 70 53 4 34 41 4 37 4 32 4 98 54 4 60 4 114 50 4 18 4 65 60 4 55 4 53 19 4 28 4 110 30 4 37 4 110 38 4 17 4 10 59 4 6 4 53 32 4 37 4 21 19 4 37 4 8 4 52 15 4 22 4 22 39 4 28 4 42 4 84 37 4 35 4 26 4 89 32 4 20 4 52 4 37 4 107 16 4 26 4 12 4 24 4 97 11 4 18 4 50 4 94 52 4 14 4 116 13 4 55 4 11 4 61 21 4 55 4 45 4 1 34 4 56 4 11 4 27 17 4 17 4 29 4 75 54 16 48 16 54 11 4 115 60 16 18 16 92 7 4 34 4 2 16 4 9 4 15 4 55 23 4 7 4 46 4 5 4 9 41 4 37 4 10 6 4 32 4 48 4 45 4 2 48 4 56 4 35 4 14 31 4 24 4 32 4 31 21 4 39 4 54 4 75 54 4 54 4 22 4 38 20 4 57 4 57 4 59 4 45 7 4 13 4 53 4 26 4 83 41 4 55 4 36 4 31 14 4 11 4 9 4 49 36 4 36 4 51 4 
iteration 71816 best: 1.15839 time: 461025
78 42 4 7 4 12 4 1 5 4 57 4 106 7 4 55 4 21 4 56 54 4 49 4 27 4 57 28 4 21 4 16 4 67 56 4 33 4 40 4 7 4 34 43 4 46 4 26 4 12 23 4 23 4 83 48 4 12 4 97 51 4 14 4 52 4 7 4 14 50 4 23 4 70 57 4 60 4 114 53 4 9 4 56 4 54 4 26 4 33 8 4 6 4 41 4 23 4 110 27 4 31 4 114 36 4 36 4 17 4 20 4 13 19 4 11 4 53 4 36 59 4 56 4 67 18 4 49 4 78 14 20 96 7 4 5 4 27 4 49 27 20 80 33 4 16 4 32 4 62 50 4 50 4 6 4 15 4 115 38 4 19 4 55 23 4 36 4 19 4 16 17 4 15 4 55 58 4 29 4 27 4 8 25 4 40 4 12 4 41 49 4 31 4 100 49 4 53 4 70 53 4 34 41 4 37 4 32 4 98 54 4 60 4 114 50 4 18 4 65 60 4 55 4 53 19 4 28 4 110 30 4 37 4 110 38 4 17 4 10 59 4 6 4 53 32 4 5 4 21 20 4 32 4 8 4 52 15 4 22 4 22 39 4 28 4 42 4 84 37 4 35 4 26 4 89 32 4 20 4 52 4 37 4 107 16 4 26 4 12 4 24 4 97 11 4 18 4 50 4 94 52 4 14 4 116 13 4 55 4 11 4 61 21 4 55 4 45 4 1 34 4 56 4 11 4 27 17 4 17 4 29 4 75 54 16 48 16 54 15 4 115 60 16 18 16 92 7 4 34 4 2 16 4 9 4 15 4 55 23 4 7 4 46 4 5 4 9 41 4 37 4 10 6 4 32 4 48 4 45 4 2 48 4 56 4 35 4 14 31 4 24 4 32 4 31 21 4 39 4 54 4 75 54 4 54 4 22 4 38 20 4 57 4 57 4 59 4 45 7 4 13 4 53 4 26 4 83 41 4 55 4 36 4 31 14 4 11 4 9 4 49 36 4 36 4 51 4 
iteration 72985 best: 1.15839 time: 468226
78 42 4 7 4 12 4 1 5 4 57 4 106 7 4 55 4 21 4 56 54 4 49 4 27 4 57 28 4 21 4 16 4 67 56 4 33 4 40 4 7 4 34 43 4 46 4 26 4 12 23 4 23 4 83 48 4 12 4 97 51 4 14 4 52 4 7 4 14 50 4 23 4 70 57 4 60 4 114 53 4 9 4 56 4 54 4 26 4 33 8 4 6 4 41 4 23 4 110 27 4 31 4 114 36 4 36 4 17 4 20 4 13 19 4 11 4 53 4 36 59 4 56 4 67 18 4 49 4 78 14 20 96 7 4 5 4 27 4 49 27 20 80 33 4 16 4 32 4 62 50 4 50 4 6 4 15 4 115 38 4 19 4 55 23 4 36 4 19 4 16 17 4 15 4 55 58 4 29 4 27 4 8 25 4 40 4 12 4 41 49 4 31 4 100 49 4 53 4 70 53 4 34 41 4 37 4 32 4 98 54 4 60 4 114 50 4 18 4 65 60 4 55 4 53 19 4 28 4 110 30 4 37 4 110 38 4 17 4 10 59 4 6 4 53 32 4 5 4 21 20 4 32 4 8 4 52 15 4 22 4 22 39 4 28 4 42 4 84 37 4 35 4 26 4 89 32 4 20 4 52 4 37 4 107 16 4 26 4 12 4 24 4 97 11 4 18 4 50 4 94 52 4 14 4 116 13 4 55 4 11 4 61 21 4 55 4 45 4 1 34 4 56 4 11 4 27 17 4 17 4 29 4 75 54 16 48 16 54 15 4 115 60 16 18 16 92 7 4 34 4 2 16 4 9 4 15 4 55 23 4 7 4 46 4 5 4 9 41 4 37 4 10 6 4 32 4 48 4 45 4 2 48 4 56 4 35 4 14 31 4 24 4 32 4 31 21 4 39 4 54 4 75 54 4 54 4 22 4 38 20 4 57 4 57 4 59 4 45 7 4 13 4 53 4 26 4 83 41 4 55 4 36 4 31 14 4 11 4 9 4 49 36 4 36 4 51 4 
iteration 74174 best: 1.09975 time: 475431
78 42 4 5 4 12 4 1 5 4 57 4 106 7 4 55 4 21 4 56 54 4 49 4 27 4 57 28 4 21 4 16 4 67 56 4 33 4 40 4 7 4 34 43 4 46 4 26 4 12 23 4 23 4 83 48 4 12 4 97 51 4 14 4 52 4 7 4 14 50 4 23 4 70 57 4 60 4 114 53 4 9 4 56 4 54 4 26 4 33 8 4 6 4 41 4 23 4 110 27 4 31 4 114 36 4 36 4 17 4 20 4 13 19 4 11 4 53 4 36 59 4 56 4 67 18 4 49 4 78 14 20 96 7 4 5 4 27 4 49 27 20 80 33 4 16 4 32 4 62 50 4 50 4 6 4 15 4 115 38 4 19 4 55 23 4 36 4 19 4 16 17 4 15 4 55 58 4 29 4 27 4 8 25 4 40 4 12 4 41 49 4 31 4 100 49 4 53 4 70 53 4 34 41 4 37 4 32 4 98 54 4 60 4 114 50 4 18 4 65 60 4 56 4 53 19 4 28 4 110 30 4 35 4 110 38 4 17 4 10 59 4 6 4 53 32 4 5 4 21 20 4 32 4 8 4 52 15 4 22 4 22 39 4 28 4 42 4 85 37 4 35 4 26 4 89 32 4 20 4 52 4 37 4 107 16 4 26 4 12 4 24 4 97 11 4 18 4 50 4 94 52 4 14 4 116 16 4 55 4 14 4 61 21 4 55 4 45 4 1 34 4 56 4 11 4 27 17 4 17 4 29 4 75 54 16 48 16 54 15 4 115 60 16 18 16 92 7 4 34 4 11 16 4 9 4 15 4 55 23 4 7 4 46 4 5 4 9 41 4 37 4 10 6 4 32 4 48 4 45 4 2 48 4 56 4 35 4 14 31 4 24 4 32 4 31 21 4 39 4 54 4 75 54 4 54 4 22 4 38 20 4 57 4 57 4 59 4 45 7 4 13 4 53 4 26 4 83 41 4 55 4 36 4 31 14 4 11 4 9 4 49 36 4 36 4 51 4 
iteration 75365 best: 1.09975 time: 482635
78 42 4 5 4 12 4 1 5 4 57 4 106 7 4 55 4 21 4 56 54 4 49 4 27 4 57 28 4 21 4 16 4 67 56 4 33 4 40 4 7 4 34 43 4 46 4 26 4 12 23 4 23 4 83 48 4 12 4 97 51 4 14 4 52 4 7 4 14 50 4 23 4 70 57 4 60 4 114 53 4 9 4 56 4 54 4 26 4 33 8 4 6 4 41 4 23 4 110 27 4 31 4 114 36 4 36 4 17 4 20 4 13 19 4 11 4 53 4 36 59 4 56 4 67 18 4 49 4 78 14 20 96 7 4 5 4 27 4 49 27 20 80 33 4 16 4 32 4 62 50 4 50 4 6 4 15 4 115 38 4 19 4 55 23 4 36 4 19 4 16 17 4 15 4 55 58 4 29 4 27 4 8 25 4 40 4 12 4 41 49 4 31 4 100 49 4 53 4 70 53 4 34 41 4 37 4 32 4 98 54 4 60 4 114 50 4 18 4 65 60 4 56 4 53 19 4 28 4 110 30 4 35 4 110 38 4 17 4 10 59 4 6 4 53 32 4 5 4 21 20 4 32 4 8 4 52 15 4 22 4 22 39 4 28 4 42 4 85 37 4 35 4 26 4 89 32 4 20 4 52 4 37 4 107 16 4 26 4 12 4 24 4 97 11 4 18 4 50 4 94 52 4 14 4 116 16 4 55 4 14 4 61 21 4 55 4 45 4 1 34 4 56 4 11 4 27 17 4 17 4 29 4 75 54 16 48 16 54 15 4 115 60 16 18 16 92 7 4 34 4 11 16 4 9 4 15 4 55 23 4 7 4 46 4 5 4 9 41 4 37 4 10 6 4 32 4 48 4 45 4 2 48 4 56 4 35 4 14 31 4 24 4 32 4 31 21 4 39 4 54 4 75 54 4 54 4 22 4 38 20 4 57 4 57 4 59 4 45 7 4 13 4 53 4 26 4 83 41 4 55 4 36 4 31 14 4 11 4 9 4 49 36 4 36 4 51 4 
iteration 76561 best: 1.09975 time: 489841
78 42 4 5 4 12 4 1 5 4 57 4 106 7 4 55 4 21 4 56 54 4 49 4 27 4 57 28 4 21 4 16 4 67 56 4 33 4 40 4 7 4 34 43 4 46 4 26 4 12 23 4 23 4 83 48 4 12 4 97 51 4 14 4 52 4 7 4 14 50 4 23 4 70 57 4 60 4 114 53 4 9 4 56 4 54 4 26 4 33 8 4 6 4 41 4 23 4 110 27 4 31 4 114 36 4 36 4 17 4 20 4 13 19 4 11 4 53 4 36 59 4 56 4 67 18 4 49 4 78 14 20 96 7 4 5 4 27 4 49 27 20 80 33 4 16 4 32 4 62 50 4 50 4 6 4 15 4 115 38 4 19 4 55 23 4 36 4 19 4 16 17 4 15 4 55 58 4 29 4 27 4 8 25 4 40 4 12 4 41 49 4 31 4 100 49 4 53 4 70 53 4 34 41 4 37 4 32 4 98 54 4 60 4 114 50 4 18 4 65 60 4 56 4 53 19 4 28 4 110 30 4 35 4 110 38 4 17 4 10 59 4 6 4 53 32 4 5 4 21 20 4 32 4 8 4 52 15 4 22 4 22 39 4 28 4 42 4 85 37 4 35 4 26 4 89 32 4 20 4 52 4 37 4 107 16 4 26 4 12 4 24 4 97 11 4 18 4 50 4 94 52 4 14 4 116 16 4 55 4 14 4 61 21 4 55 4 45 4 1 34 4 56 4 11 4 27 17 4 17 4 29 4 75 54 16 48 16 54 15 4 115 60 16 18 16 92 7 4 34 4 11 16 4 9 4 15 4 55 23 4 7 4 46 4 5 4 9 41 4 37 4 10 6 4 32 4 48 4 45 4 2 48 4 56 4 35 4 14 31 4 24 4 32 4 31 21 4 39 4 54 4 75 54 4 54 4 22 4 38 20 4 57 4 57 4 59 4 45 7 4 13 4 53 4 26 4 83 41 4 55 4 36 4 31 14 4 11 4 9 4 49 36 4 36 4 51 4 
iteration 77758 best: 1.08202 time: 497044
78 42 4 5 4 12 4 1 5 4 54 4 106 7 4 55 4 21 4 56 54 4 49 4 27 4 57 28 4 21 4 16 4 67 56 4 33 4 40 4 7 4 34 43 4 46 4 26 4 12 23 4 23 4 83 48 4 12 4 97 51 4 14 4 52 4 7 4 14 50 4 23 4 70 57 4 60 4 114 53 4 9 4 56 4 54 4 26 4 33 8 4 6 4 41 4 23 4 110 27 4 31 4 114 36 4 36 4 17 4 20 4 13 19 4 11 4 53 4 36 59 4 56 4 67 18 4 49 4 78 14 20 96 7 4 5 4 27 4 49 27 20 80 33 4 16 4 32 4 62 50 4 50 4 6 4 15 4 115 40 4 19 4 55 23 4 36 4 19 4 16 17 4 15 4 55 58 4 29 4 27 4 8 25 4 40 4 12 4 41 49 4 31 4 100 49 4 53 4 70 53 4 34 41 4 37 4 32 4 98 54 4 60 4 114 50 4 18 4 65 60 4 56 4 53 19 4 28 4 110 30 4 35 4 110 38 4 17 4 10 59 4 6 4 53 32 4 5 4 21 20 4 32 4 8 4 52 15 4 22 4 22 39 4 28 4 42 4 85 37 4 35 4 26 4 89 32 4 20 4 52 4 37 4 107 16 4 26 4 12 4 24 4 97 11 4 18 4 50 4 94 52 4 13 4 116 16 4 55 4 14 4 61 21 4 55 4 45 4 1 34 4 56 4 11 4 27 17 4 17 4 29 4 75 54 16 48 16 54 15 4 115 60 16 18 16 92 7 4 34 4 11 16 4 9 4 15 4 55 23 4 7 4 31 4 5 4 9 41 4 37 4 7 6 4 32 4 48 4 45 4 2 48 4 56 4 35 4 14 31 4 24 4 32 4 31 21 4 39 4 54 4 75 54 4 52 4 22 4 38 20 4 57 4 57 4 59 4 45 8 4 13 4 53 4 26 4 83 41 4 55 4 36 4 31 14 4 11 4 9 4 49 36 4 36 4 51 4 
iteration 78970 best: 1.06816 time: 504249
78 42 4 5 4 12 4 1 5 4 54 4 106 7 4 55 4 21 4 56 54 4 49 4 22 4 57 28 4 21 4 16 4 67 56 4 33 4 40 4 7 4 34 43 4 46 4 26 4 12 23 4 23 4 83 48 4 12 4 97 51 4 14 4 52 4 7 4 14 50 4 23 4 70 60 4 60 4 114 53 4 9 4 56 4 54 4 26 4 33 8 4 6 4 41 4 23 4 110 27 4 31 4 114 36 4 36 4 17 4 20 4 13 19 4 11 4 53 4 36 59 4 56 4 67 18 4 49 4 78 14 20 96 7 4 5 4 27 4 49 27 20 80 33 4 16 4 32 4 62 50 4 50 4 6 4 15 4 115 40 4 19 4 55 23 4 36 4 19 4 16 17 4 15 4 55 58 4 29 4 27 4 8 25 4 40 4 12 4 41 49 4 31 4 100 49 4 53 4 70 53 4 34 41 4 37 4 32 4 98 54 4 60 4 114 50 4 18 4 65 60 4 56 4 53 19 4 28 4 110 30 4 35 4 110 38 4 17 4 10 59 4 6 4 53 32 4 5 4 21 20 4 32 4 8 4 52 15 4 22 4 22 39 4 28 4 42 4 85 37 4 35 4 26 4 89 32 4 20 4 52 4 37 4 107 16 4 26 4 12 4 24 4 97 11 4 18 4 50 4 94 52 4 13 4 116 16 4 55 4 14 4 61 21 4 55 4 45 4 1 34 4 56 4 15 4 27 17 4 17 4 29 4 75 54 16 48 16 54 15 4 115 60 16 18 16 92 7 4 34 4 11 16 4 9 4 15 4 55 23 4 7 4 31 4 5 4 9 41 4 37 4 7 6 4 32 4 48 4 45 4 2 48 4 56 4 35 4 14 31 4 24 4 32 4 31 21 4 39 4 54 4 75 54 4 52 4 22 4 38 20 4 57 4 57 4 59 4 45 8 4 13 4 53 4 26 4 83 41 4 55 4 36 4 31 14 4 11 4 9 4 49 36 4 36 4 51 4 
iteration 80182 best: 1.05989 time: 511451
78 42 4 5 4 12 4 1 5 4 54 4 106 7 4 55 4 21 4 56 54 4 49 4 22 4 57 28 4 21 4 16 4 67 56 4 33 4 40 4 7 4 34 43 4 46 4 26 4 12 23 4 23 4 83 48 4 12 4 97 51 4 14 4 52 4 7 4 14 50 4 23 4 70 60 4 60 4 114 53 4 9 4 56 4 54 4 26 4 33 8 4 6 4 41 4 23 4 110 27 4 31 4 114 36 4 36 4 17 4 20 4 13 19 4 11 4 53 4 36 59 4 56 4 69 18 4 49 4 78 14 20 96 7 4 5 4 27 4 49 27 20 80 33 4 16 4 33 4 62 50 4 50 4 6 4 15 4 115 40 4 19 4 55 23 4 36 4 19 4 16 17 4 15 4 55 58 4 29 4 27 4 8 25 4 40 4 12 4 41 49 4 31 4 100 49 4 53 4 70 54 4 34 41 4 37 4 32 4 98 57 4 60 4 114 48 4 18 4 65 60 4 56 4 53 19 4 28 4 110 30 4 35 4 110 38 4 17 4 10 59 4 6 4 53 32 4 5 4 21 20 4 32 4 8 4 52 15 4 22 4 22 39 4 28 4 42 4 85 37 4 35 4 26 4 89 32 4 20 4 52 4 37 4 107 16 4 26 4 12 4 24 4 97 11 4 18 4 50 4 94 52 4 13 4 116 16 4 55 4 14 4 61 21 4 55 4 44 4 1 34 4 56 4 15 4 27 17 4 17 4 29 4 75 54 16 51 16 54 15 4 115 60 16 18 16 92 7 4 34 4 11 16 4 9 4 15 4 55 23 4 7 4 31 4 5 4 9 41 4 37 4 7 6 4 32 4 48 4 45 4 2 48 4 56 4 35 4 14 31 4 24 4 32 4 31 21 4 39 4 54 4 75 54 4 52 4 22 4 38 20 4 57 4 57 4 59 4 45 8 4 13 4 53 4 26 4 83 41 4 55 4 36 4 31 13 4 10 4 9 4 49 36 4 36 4 51 4 
iteration 81392 best: 1.05825 time: 518653
78 42 4 5 4 12 4 1 5 4 54 4 106 7 4 55 4 21 4 56 54 4 49 4 22 4 57 28 4 21 4 16 4 67 56 4 33 4 40 4 7 4 34 43 4 46 4 26 4 12 23 4 23 4 83 48 4 12 4 97 51 4 14 4 52 4 7 4 14 50 4 23 4 70 60 4 60 4 114 53 4 9 4 56 4 54 4 26 4 33 8 4 6 4 41 4 23 4 110 27 4 31 4 114 36 4 36 4 17 4 20 4 13 19 4 11 4 53 4 36 59 4 56 4 69 18 4 49 4 78 14 20 96 7 4 5 4 27 4 49 27 20 80 33 4 16 4 33 4 62 50 4 50 4 6 4 15 4 115 40 4 19 4 55 23 4 36 4 19 4 16 17 4 15 4 55 58 4 29 4 27 4 8 25 4 40 4 12 4 41 49 4 31 4 100 49 4 53 4 70 54 4 34 41 4 37 4 32 4 98 57 4 60 4 114 48 4 18 4 65 60 4 56 4 53 19 4 28 4 110 30 4 35 4 110 38 4 17 4 10 59 4 6 4 53 32 4 5 4 21 20 4 32 4 8 4 52 15 4 22 4 22 39 4 28 4 42 4 85 37 4 35 4 26 4 89 32 4 20 4 52 4 37 4 107 16 4 26 4 12 4 24 4 97 11 4 18 4 50 4 94 52 4 15 4 116 16 4 55 4 14 4 61 21 4 55 4 44 4 1 34 4 56 4 15 4 27 17 4 17 4 29 4 75 54 16 51 16 54 15 4 115 60 16 18 16 92 7 4 34 4 11 16 4 9 4 15 4 55 23 4 7 4 31 4 5 4 9 41 4 37 4 7 6 4 32 4 48 4 45 4 2 48 4 56 4 35 4 14 31 4 24 4 32 4 31 21 4 39 4 54 4 75 54 4 52 4 25 4 38 20 4 57 4 57 4 59 4 45 8 4 13 4 53 4 26 4 83 41 4 55 4 36 4 31 13 4 10 4 9 4 49 36 4 36 4 51 4 
iteration 82609 best: 1.05825 time: 525855
78 42 4 5 4 12 4 1 5 4 54 4 106 7 4 55 4 21 4 56 54 4 49 4 22 4 57 28 4 21 4 16 4 67 56 4 33 4 40 4 7 4 34 43 4 46 4 26 4 12 23 4 23 4 83 48 4 12 4 97 51 4 14 4 52 4 7 4 14 50 4 23 4 70 60 4 60 4 114 53 4 9 4 56 4 54 4 26 4 33 8 4 6 4 41 4 23 4 110 27 4 31 4 114 36 4 36 4 17 4 20 4 13 19 4 11 4 53 4 36 59 4 56 4 69 18 4 49 4 78 14 20 96 7 4 5 4 27 4 49 27 20 80 33 4 16 4 33 4 62 50 4 50 4 6 4 15 4 115 40 4 19 4 55 23 4 36 4 19 4 16 17 4 15 4 55 58 4 29 4 27 4 8 25 4 40 4 12 4 41 49 4 31 4 100 49 4 53 4 70 54 4 34 41 4 37 4 32 4 98 57 4 60 4 114 48 4 18 4 65 60 4 56 4 53 19 4 28 4 110 30 4 35 4 110 38 4 17 4 10 59 4 6 4 53 32 4 5 4 21 20 4 32 4 8 4 52 15 4 22 4 22 39 4 28 4 42 4 85 37 4 35 4 26 4 89 32 4 20 4 52 4 37 4 107 16 4 26 4 12 4 24 4 97 11 4 18 4 50 4 94 52 4 15 4 116 16 4 55 4 14 4 61 21 4 55 4 44 4 1 34 4 56 4 15 4 27 17 4 17 4 29 4 75 54 16 51 16 54 15 4 115 60 16 18 16 92 7 4 34 4 11 16 4 9 4 15 4 55 23 4 7 4 31 4 5 4 9 41 4 37 4 7 6 4 32 4 48 4 45 4 2 48 4 56 4 35 4 14 31 4 24 4 32 4 31 21 4 39 4 54 4 75 54 4 52 4 25 4 38 20 4 57 4 57 4 59 4 45 8 4 13 4 53 4 26 4 83 41 4 55 4 36 4 31 13 4 10 4 9 4 49 36 4 36 4 51 4 
iteration 83835 best: 1.0219 time: 533057
78 42 4 5 4 12 4 1 5 4 54 4 106 7 4 55 4 21 4 52 54 4 49 4 22 4 57 28 4 21 4 16 4 67 56 4 33 4 40 4 7 4 34 43 4 46 4 21 4 12 23 4 23 4 83 48 4 12 4 97 51 4 14 4 52 4 7 4 14 50 4 23 4 70 60 4 60 4 114 53 4 9 4 56 4 54 4 26 4 33 8 4 6 4 41 4 23 4 110 27 4 31 4 114 36 4 36 4 17 4 20 4 13 19 4 11 4 53 4 36 59 4 56 4 69 22 4 47 4 78 14 20 96 7 4 5 4 27 4 49 27 20 80 36 4 15 4 33 4 62 50 4 50 4 6 4 15 4 117 42 4 19 4 55 23 4 36 4 19 4 16 17 4 15 4 55 58 4 29 4 27 4 8 25 4 40 4 12 4 41 49 4 31 4 100 49 4 53 4 70 54 4 34 41 4 37 4 32 4 98 60 4 60 4 114 48 4 27 4 65 60 4 56 4 53 19 4 28 4 110 30 4 35 4 110 38 4 17 4 10 59 4 6 4 53 32 4 5 4 21 20 4 32 4 8 4 52 15 4 22 4 22 39 4 28 4 42 4 85 37 4 35 4 26 4 89 32 4 19 4 52 4 37 4 107 16 4 26 4 12 4 24 4 97 11 4 18 4 50 4 89 52 4 10 4 116 16 4 55 4 14 4 61 21 4 55 4 44 4 1 34 4 56 4 15 4 27 17 4 17 4 29 4 73 54 16 51 16 54 19 4 115 60 16 18 16 92 7 4 34 4 11 16 4 9 4 15 4 55 23 4 7 4 31 4 5 4 9 41 4 37 4 7 6 4 32 4 48 4 45 4 2 48 4 56 4 35 4 14 31 4 24 4 32 4 31 21 4 39 4 54 4 75 54 4 52 4 25 4 38 20 4 57 4 57 4 59 4 45 8 4 13 4 53 4 26 4 83 41 4 55 4 36 4 31 13 4 10 4 9 4 49 36 4 36 4 51 4 
iteration 85061 best: 1.0219 time: 540259
78 42 4 5 4 12 4 1 5 4 54 4 106 7 4 55 4 21 4 52 54 4 49 4 22 4 57 28 4 21 4 16 4 67 56 4 33 4 40 4 7 4 34 43 4 46 4 21 4 12 23 4 23 4 83 48 4 12 4 97 51 4 14 4 52 4 7 4 14 50 4 23 4 70 60 4 60 4 114 53 4 9 4 56 4 54 4 26 4 33 8 4 6 4 41 4 23 4 110 27 4 31 4 114 36 4 36 4 17 4 20 4 13 19 4 11 4 53 4 36 59 4 56 4 69 22 4 47 4 78 14 20 96 7 4 5 4 27 4 49 27 20 80 36 4 15 4 33 4 62 50 4 50 4 6 4 15 4 117 42 4 19 4 55 23 4 36 4 19 4 16 17 4 15 4 55 58 4 29 4 27 4 8 25 4 40 4 12 4 41 49 4 31 4 100 49 4 53 4 70 54 4 34 41 4 37 4 32 4 98 60 4 60 4 114 48 4 27 4 65 60 4 56 4 53 19 4 28 4 110 30 4 35 4 110 38 4 17 4 10 59 4 6 4 53 32 4 5 4 21 20 4 32 4 8 4 52 15 4 22 4 22 39 4 28 4 42 4 85 37 4 35 4 26 4 89 32 4 19 4 52 4 37 4 107 16 4 26 4 12 4 24 4 97 11 4 18 4 50 4 89 52 4 10 4 116 16 4 55 4 14 4 61 21 4 55 4 44 4 1 34 4 56 4 15 4 27 17 4 17 4 29 4 73 54 16 51 16 54 19 4 115 60 16 18 16 92 7 4 34 4 11 16 4 9 4 15 4 55 23 4 7 4 31 4 5 4 9 41 4 37 4 7 6 4 32 4 48 4 45 4 2 48 4 56 4 35 4 14 31 4 24 4 32 4 31 21 4 39 4 54 4 75 54 4 52 4 25 4 38 20 4 57 4 57 4 59 4 45 8 4 13 4 53 4 26 4 83 41 4 55 4 36 4 31 13 4 10 4 9 4 49 36 4 36 4 51 4 
iteration 86288 best: 1.02097 time: 547461
78 42 4 5 4 12 4 1 5 4 54 4 106 7 4 55 4 21 4 52 54 4 49 4 22 4 57 28 4 21 4 16 4 67 56 4 33 4 40 4 7 4 34 43 4 46 4 21 4 12 23 4 23 4 83 48 4 12 4 97 51 4 14 4 52 4 7 4 14 50 4 23 4 70 60 4 60 4 114 53 4 9 4 56 4 54 4 26 4 33 8 4 6 4 41 4 23 4 110 27 4 31 4 114 36 4 36 4 17 4 20 4 13 19 4 11 4 53 4 36 59 4 60 4 67 22 4 47 4 78 14 20 96 7 4 5 4 27 4 49 27 20 80 36 4 15 4 33 4 62 50 4 50 4 6 4 15 4 117 42 4 19 4 55 23 4 36 4 19 4 16 17 4 15 4 55 58 4 29 4 27 4 8 25 4 40 4 12 4 41 49 4 31 4 100 49 4 53 4 70 54 4 34 41 4 37 4 32 4 98 60 4 60 4 114 48 4 27 4 65 60 4 56 4 53 19 4 28 4 110 30 4 35 4 110 38 4 17 4 10 59 4 6 4 53 32 4 5 4 21 20 4 32 4 8 4 52 15 4 22 4 22 39 4 28 4 42 4 85 37 4 35 4 26 4 89 32 4 19 4 52 4 37 4 107 16 4 26 4 12 4 24 4 97 11 4 18 4 50 4 89 52 4 10 4 116 16 4 55 4 14 4 69 21 4 55 4 44 4 1 34 4 56 4 15 4 27 17 4 17 4 29 4 73 54 16 51 16 54 19 4 115 60 16 18 16 92 7 4 34 4 11 16 4 9 4 15 4 55 23 4 7 4 31 4 5 4 9 41 4 37 4 7 6 4 32 4 48 4 45 4 2 48 4 56 4 35 4 14 31 4 24 4 32 4 31 21 4 39 4 54 4 75 54 4 52 4 25 4 38 20 4 57 4 57 4 59 4 45 8 4 13 4 53 4 26 4 83 41 4 55 4 36 4 31 13 4 10 4 9 4 49 36 4 36 4 51 4 
iteration 87521 best: 1.02097 time: 554662
78 42 4 5 4 12 4 1 5 4 54 4 106 7 4 55 4 21 4 52 54 4 49 4 22 4 57 28 4 21 4 16 4 67 56 4 33 4 40 4 7 4 34 43 4 46 4 21 4 12 23 4 23 4 83 48 4 12 4 97 51 4 14 4 52 4 7 4 14 50 4 23 4 70 60 4 60 4 114 53 4 9 4 56 4 54 4 26 4 33 8 4 6 4 41 4 23 4 110 27 4 31 4 114 36 4 36 4 17 4 20 4 13 19 4 11 4 53 4 36 59 4 60 4 67 22 4 47 4 78 14 20 96 7 4 5 4 27 4 49 27 20 80 36 4 15 4 33 4 62 50 4 50 4 6 4 15 4 117 42 4 19 4 55 23 4 36 4 19 4 16 17 4 15 4 55 58 4 29 4 27 4 8 25 4 40 4 12 4 41 49 4 31 4 100 49 4 53 4 70 54 4 34 41 4 37 4 32 4 98 60 4 60 4 114 48 4 27 4 65 60 4 56 4 53 19 4 28 4 110 30 4 35 4 110 38 4 17 4 10 59 4 6 4 53 32 4 5 4 21 20 4 32 4 8 4 52 15 4 22 4 22 39 4 28 4 42 4 85 37 4 35 4 26 4 89 32 4 19 4 52 4 37 4 107 16 4 26 4 12 4 24 4 97 11 4 18 4 50 4 89 52 4 10 4 116 16 4 55 4 14 4 69 21 4 55 4 44 4 1 34 4 56 4 15 4 27 17 4 17 4 29 4 73 54 16 51 16 54 19 4 115 60 16 18 16 92 7 4 34 4 11 16 4 9 4 15 4 55 23 4 7 4 31 4 5 4 9 41 4 37 4 7 6 4 32 4 48 4 45 4 2 48 4 56 4 35 4 14 31 4 24 4 32 4 31 21 4 39 4 54 4 75 54 4 52 4 25 4 38 20 4 57 4 57 4 59 4 45 8 4 13 4 53 4 26 4 83 41 4 55 4 36 4 31 13 4 10 4 9 4 49 36 4 36 4 51 4 
iteration 88748 best: 1.019 time: 561865
78 42 4 5 4 12 4 1 5 4 54 4 106 7 4 55 4 21 4 52 54 4 49 4 22 4 57 28 4 21 4 16 4 67 56 4 33 4 40 4 7 4 34 43 4 46 4 21 4 12 23 4 23 4 83 48 4 12 4 97 51 4 14 4 52 4 7 4 14 50 4 23 4 70 60 4 60 4 114 53 4 9 4 56 4 54 4 26 4 33 8 4 6 4 41 4 23 4 110 27 4 31 4 114 36 4 36 4 17 4 20 4 13 19 4 11 4 53 4 36 59 4 60 4 67 22 4 44 4 78 14 20 96 7 4 5 4 27 4 49 27 20 83 36 4 15 4 33 4 62 50 4 50 4 6 4 15 4 117 42 4 19 4 55 23 4 36 4 19 4 16 17 4 15 4 55 58 4 29 4 27 4 8 25 4 40 4 12 4 41 49 4 31 4 100 49 4 53 4 70 57 4 34 41 4 37 4 32 4 98 60 4 60 4 114 48 4 27 4 65 60 4 56 4 53 19 4 28 4 110 30 4 35 4 110 38 4 17 4 10 59 4 6 4 53 32 4 5 4 21 20 4 32 4 8 4 52 15 4 22 4 22 39 4 28 4 42 4 85 37 4 35 4 26 4 89 32 4 19 4 52 4 37 4 107 16 4 26 4 12 4 24 4 97 11 4 18 4 50 4 89 52 4 10 4 116 16 4 55 4 14 4 69 21 4 60 4 44 4 1 34 4 56 4 15 4 27 17 4 17 4 29 4 73 54 16 51 16 54 19 4 115 60 16 18 16 92 7 4 34 4 11 16 4 9 4 15 4 55 23 4 7 4 31 4 5 4 9 41 4 37 4 7 6 4 32 4 48 4 45 4 2 48 4 56 4 35 4 14 31 4 24 4 32 4 31 21 4 39 4 54 4 75 54 4 52 4 25 4 38 20 4 57 4 57 4 59 4 45 8 4 13 4 53 4 26 4 83 41 4 55 4 36 4 31 13 4 10 4 9 4 49 36 4 36 4 51 4 
iteration 89977 best: 1.019 time: 569067
78 42 4 5 4 12 4 1 5 4 54 4 106 7 4 55 4 21 4 52 54 4 49 4 22 4 57 28 4 21 4 16 4 67 56 4 33 4 40 4 7 4 34 43 4 46 4 21 4 12 23 4 23 4 83 48 4 12 4 97 51 4 14 4 52 4 7 4 14 50 4 23 4 70 60 4 60 4 114 53 4 9 4 56 4 54 4 26 4 33 8 4 6 4 41 4 23 4 110 27 4 31 4 114 36 4 36 4 17 4 20 4 13 19 4 11 4 53 4 36 59 4 60 4 67 22 4 44 4 78 14 20 96 7 4 5 4 27 4 49 27 20 83 36 4 15 4 33 4 62 50 4 50 4 6 4 15 4 117 42 4 19 4 55 23 4 36 4 19 4 16 17 4 15 4 55 58 4 29 4 27 4 8 25 4 40 4 12 4 41 49 4 31 4 100 49 4 53 4 70 57 4 34 41 4 37 4 32 4 98 60 4 60 4 114 48 4 27 4 65 60 4 56 4 53 19 4 28 4 110 30 4 35 4 110 38 4 17 4 10 59 4 6 4 53 32 4 5 4 21 20 4 32 4 8 4 52 15 4 22 4 22 39 4 28 4 42 4 85 37 4 35 4 26 4 89 32 4 19 4 52 4 37 4 107 16 4 26 4 12 4 24 4 97 11 4 18 4 50 4 89 52 4 10 4 116 16 4 55 4 14 4 69 21 4 60 4 44 4 1 34 4 56 4 15 4 27 17 4 17 4 29 4 73 54 16 51 16 54 19 4 115 60 16 18 16 92 7 4 34 4 11 16 4 9 4 15 4 55 23 4 7 4 31 4 5 4 9 41 4 37 4 7 6 4 32 4 48 4 45 4 2 48 4 56 4 35 4 14 31 4 24 4 32 4 31 21 4 39 4 54 4 75 54 4 52 4 25 4 38 20 4 57 4 57 4 59 4 45 8 4 13 4 53 4 26 4 83 41 4 55 4 36 4 31 13 4 10 4 9 4 49 36 4 36 4 51 4 
iteration 91208 best: 1.019 time: 576271
78 42 4 5 4 12 4 1 5 4 54 4 106 7 4 55 4 21 4 52 54 4 49 4 22 4 57 28 4 21 4 16 4 67 56 4 33 4 40 4 7 4 34 43 4 46 4 21 4 12 23 4 23 4 83 48 4 12 4 97 51 4 14 4 52 4 7 4 14 50 4 23 4 70 60 4 60 4 114 53 4 9 4 56 4 54 4 26 4 33 8 4 6 4 41 4 23 4 110 27 4 31 4 114 36 4 36 4 17 4 20 4 13 19 4 11 4 53 4 36 59 4 60 4 67 22 4 44 4 78 14 20 96 7 4 5 4 27 4 49 27 20 83 36 4 15 4 33 4 62 50 4 50 4 6 4 15 4 117 42 4 19 4 55 23 4 36 4 19 4 16 17 4 15 4 55 58 4 29 4 27 4 8 25 4 40 4 12 4 41 49 4 31 4 100 49 4 53 4 70 57 4 34 41 4 37 4 32 4 98 60 4 60 4 114 48 4 27 4 65 60 4 56 4 53 19 4 28 4 110 30 4 35 4 110 38 4 17 4 10 59 4 6 4 53 32 4 5 4 21 20 4 32 4 8 4 52 15 4 22 4 22 39 4 28 4 42 4 85 37 4 35 4 26 4 89 32 4 19 4 52 4 37 4 107 16 4 26 4 12 4 24 4 97 11 4 18 4 50 4 89 52 4 10 4 116 16 4 55 4 14 4 69 21 4 60 4 44 4 1 34 4 56 4 15 4 27 17 4 17 4 29 4 73 54 16 51 16 54 19 4 115 60 16 18 16 92 7 4 34 4 11 16 4 9 4 15 4 55 23 4 7 4 31 4 5 4 9 41 4 37 4 7 6 4 32 4 48 4 45 4 2 48 4 56 4 35 4 14 31 4 24 4 32 4 31 21 4 39 4 54 4 75 54 4 52 4 25 4 38 20 4 57 4 57 4 59 4 45 8 4 13 4 53 4 26 4 83 41 4 55 4 36 4 31 13 4 10 4 9 4 49 36 4 36 4 51 4 
iteration 92436 best: 1.0169 time: 583477
78 42 4 5 4 12 4 1 5 4 54 4 106 7 4 55 4 21 4 52 54 4 49 4 22 4 57 28 4 21 4 16 4 67 56 4 33 4 40 4 7 4 34 43 4 46 4 21 4 12 23 4 23 4 83 60 4 12 4 97 51 4 14 4 52 4 7 4 14 50 4 23 4 70 60 4 60 4 114 53 4 9 4 56 4 54 4 26 4 33 8 4 6 4 41 4 23 4 110 27 4 31 4 114 36 4 36 4 17 4 20 4 13 19 4 11 4 53 4 36 59 4 60 4 70 22 4 44 4 78 14 20 96 7 4 5 4 27 4 49 27 20 83 36 4 15 4 33 4 62 50 4 50 4 6 4 15 4 117 42 4 19 4 55 23 4 36 4 19 4 16 17 4 15 4 55 58 4 29 4 27 4 8 25 4 40 4 12 4 41 49 4 31 4 100 49 4 53 4 70 57 4 34 41 4 37 4 32 4 98 60 4 60 4 114 48 4 27 4 65 60 4 56 4 53 19 4 28 4 110 30 4 35 4 110 38 4 17 4 10 59 4 6 4 53 32 4 5 4 21 20 4 32 4 8 4 52 15 4 22 4 22 39 4 28 4 42 4 85 37 4 35 4 26 4 89 32 4 19 4 52 4 37 4 107 16 4 26 4 12 4 24 4 97 11 4 18 4 50 4 89 52 4 10 4 116 16 4 55 4 14 4 69 21 4 60 4 44 4 1 34 4 56 4 15 4 27 17 4 17 4 29 4 73 54 16 51 16 54 19 4 115 60 16 18 16 92 7 4 34 4 11 16 4 9 4 15 4 55 23 4 7 4 31 4 5 4 9 41 4 37 4 7 6 4 32 4 48 4 45 4 2 48 4 56 4 35 4 14 31 4 24 4 32 4 31 21 4 39 4 54 4 75 54 4 52 4 25 4 38 20 4 57 4 57 4 59 4 45 8 4 13 4 53 4 26 4 83 41 4 55 4 36 4 31 13 4 10 4 9 4 49 36 4 36 4 51 4 
iteration 93664 best: 1.01689 time: 590682
78 42 4 5 4 12 4 1 5 4 54 4 106 7 4 55 4 21 4 52 54 4 49 4 22 4 57 28 4 21 4 16 4 67 56 4 33 4 40 4 7 4 34 43 4 46 4 21 4 12 23 4 23 4 83 60 4 12 4 97 51 4 14 4 52 4 7 4 14 50 4 23 4 70 60 4 60 4 114 53 4 9 4 56 4 54 4 26 4 33 8 4 6 4 41 4 23 4 110 27 4 31 4 114 36 4 36 4 17 4 20 4 13 19 4 11 4 53 4 36 59 4 60 4 70 22 4 44 4 78 14 20 96 7 4 5 4 27 4 49 27 20 83 36 4 15 4 33 4 62 50 4 50 4 6 4 15 4 117 42 4 19 4 55 23 4 36 4 19 4 16 17 4 15 4 55 58 4 29 4 27 4 8 25 4 40 4 12 4 41 49 4 31 4 100 49 4 53 4 70 57 4 34 41 4 37 4 32 4 98 60 4 60 4 114 48 4 27 4 65 60 4 60 4 53 19 4 28 4 110 30 4 35 4 110 38 4 17 4 10 59 4 6 4 53 32 4 5 4 21 20 4 32 4 8 4 52 15 4 22 4 22 39 4 28 4 42 4 85 37 4 35 4 26 4 89 32 4 19 4 52 4 37 4 107 16 4 26 4 12 4 24 4 97 11 4 18 4 50 4 89 52 4 10 4 116 16 4 55 4 14 4 69 21 4 60 4 44 4 1 34 4 56 4 15 4 27 17 4 17 4 29 4 73 54 16 51 16 54 19 4 115 60 16 18 16 92 7 4 34 4 11 16 4 9 4 15 4 55 23 4 7 4 31 4 5 4 9 41 4 37 4 7 6 4 32 4 48 4 45 4 2 48 4 56 4 35 4 14 31 4 24 4 32 4 31 21 4 39 4 54 4 75 54 4 52 4 25 4 38 20 4 57 4 57 4 59 4 45 8 4 13 4 53 4 26 4 83 41 4 55 4 36 4 31 13 4 10 4 9 4 49 36 4 36 4 51 4 
iteration 94897 best: 1.01689 time: 597888
78 42 4 5 4 12 4 1 5 4 54 4 106 7 4 55 4 21 4 52 54 4 49 4 22 4 57 28 4 21 4 16 4 67 56 4 33 4 40 4 7 4 34 43 4 46 4 21 4 12 23 4 23 4 83 60 4 12 4 97 51 4 14 4 52 4 7 4 14 50 4 23 4 70 60 4 60 4 114 53 4 9 4 56 4 54 4 26 4 33 8 4 6 4 41 4 23 4 110 27 4 31 4 114 36 4 36 4 17 4 20 4 13 19 4 11 4 53 4 36 59 4 60 4 70 22 4 44 4 78 14 20 96 7 4 5 4 27 4 49 27 20 83 36 4 15 4 33 4 62 50 4 50 4 6 4 15 4 117 42 4 19 4 55 23 4 36 4 19 4 16 17 4 15 4 55 58 4 29 4 27 4 8 25 4 40 4 12 4 41 49 4 31 4 100 49 4 53 4 70 57 4 34 41 4 37 4 32 4 98 60 4 60 4 114 48 4 27 4 65 60 4 60 4 53 19 4 28 4 110 30 4 35 4 110 38 4 17 4 10 59 4 6 4 53 32 4 5 4 21 20 4 32 4 8 4 52 15 4 22 4 22 39 4 28 4 42 4 85 37 4 35 4 26 4 89 32 4 19 4 52 4 37 4 107 16 4 26 4 12 4 24 4 97 11 4 18 4 50 4 89 52 4 10 4 116 16 4 55 4 14 4 69 21 4 60 4 44 4 1 34 4 56 4 15 4 27 17 4 17 4 29 4 73 54 16 51 16 54 19 4 115 60 16 18 16 92 7 4 34 4 11 16 4 9 4 15 4 55 23 4 7 4 31 4 5 4 9 41 4 37 4 7 6 4 32 4 48 4 45 4 2 48 4 56 4 35 4 14 31 4 24 4 32 4 31 21 4 39 4 54 4 75 54 4 52 4 25 4 38 20 4 57 4 57 4 59 4 45 8 4 13 4 53 4 26 4 83 41 4 55 4 36 4 31 13 4 10 4 9 4 49 36 4 36 4 51 4 
Best solution: 
78 42 4 5 4 12 4 1 5 4 54 4 106 7 4 55 4 21 4 52 54 4 49 4 22 4 57 28 4 21 4 16 4 67 56 4 33 4 40 4 7 4 34 43 4 46 4 21 4 12 23 4 23 4 83 60 4 12 4 97 51 4 14 4 52 4 7 4 14 50 4 23 4 70 60 4 60 4 114 53 4 9 4 56 4 54 4 26 4 33 8 4 6 4 41 4 23 4 110 27 4 31 4 114 36 4 36 4 17 4 20 4 13 19 4 11 4 53 4 36 59 4 60 4 70 22 4 44 4 78 14 20 96 7 4 5 4 27 4 49 27 20 83 36 4 15 4 33 4 62 50 4 50 4 6 4 15 4 117 42 4 19 4 55 23 4 36 4 19 4 16 17 4 15 4 55 58 4 29 4 27 4 8 25 4 40 4 12 4 41 49 4 31 4 100 49 4 53 4 70 57 4 34 41 4 37 4 32 4 98 60 4 60 4 114 48 4 27 4 65 60 4 60 4 53 19 4 28 4 110 30 4 35 4 110 38 4 17 4 10 59 4 6 4 53 32 4 5 4 21 20 4 32 4 8 4 52 15 4 22 4 22 39 4 28 4 42 4 85 37 4 35 4 26 4 89 32 4 19 4 52 4 37 4 107 16 4 26 4 12 4 24 4 97 11 4 18 4 50 4 89 52 4 10 4 116 16 4 55 4 14 4 69 21 4 60 4 44 4 1 34 4 56 4 15 4 27 17 4 17 4 29 4 73 54 16 51 16 54 19 4 115 60 16 18 16 92 7 4 34 4 11 16 4 9 4 15 4 55 23 4 7 4 31 4 5 4 9 41 4 37 4 7 6 4 32 4 48 4 45 4 2 48 4 56 4 35 4 14 31 4 24 4 32 4 31 21 4 39 4 54 4 75 54 4 52 4 25 4 38 20 4 57 4 57 4 59 4 45 8 4 13 4 53 4 26 4 83 41 4 55 4 36 4 31 13 4 10 4 9 4 49 36 4 36 4 51 4 
Fitness: 1.01689
