iteration 9 best: 1.35993 leader: 1.35993 time: 7221
119 24 8 0 37 8 34 33 8 0 48 4 5 4 0 24 4 60 4 43 26 8 97 37 4 60 4 15 48 12 77 41 8 24 7 8 98 49 8 119 5 12 92 5 4 32 4 63 19 4 60 4 60 4 5 4 17 25 4 9 4 28 4 64 7 8 0 5 8 112 5 4 56 4 119 11 16 55 16 51 31 4 47 4 60 4 34 4 103 45 4 60 4 9 4 49 46 8 5 8 39 5 4 5 4 33 4 9 4 6 60 8 70 60 4 5 4 5 4 21 4 26 22 8 0 60 4 23 60 8 18 5 8 38 39 8 98 30 4 44 4 15 4 119 5 4 47 4 4 60 4 49 4 5 4 119 10 4 47 4 117 36 4 12 4 19 4 91 60 4 44 4 0 14 4 5 4 71 17 16 5 16 58 56 26 46 4 15 4 119 33 4 22 4 5 4 33 24 4 45 4 0 5 16 47 16 73 25 32 60 4 35 4 0 24 16 33 16 44 35 4 44 4 16 4 62 5 4 60 4 31 14 4 11 4 37 4 65 23 4 42 4 60 52 39 4 66 5 5 46 4 60 9 60 4 113 40 16 7 16 119 60 4 25 4 39 4 76 13 43 20 4 5 58 5 4 17 29 4 22 4 5 4 49 60 16 45 16 34 41 4 27 4 94 38 4 50 4 20 4 96 21 4 48 60 36 4 0 60 4 38 4 25 4 22 4 82 60 4 60 4 24 4 21 4 99 20 4 31 4 13 28 60 4 25 26 4 45 4 33 4 107 28 4 5 60 23 4 81 22 4 43 32 60 4 0 35 4 60 4 74 51 51 32 4 46 35 5 4 119 16 4 14 4 82 50 4 5 4 5 4 38 4 56 51 4 60 4 56 4 30 4 69 36 4 26 4 50 22 39 37 4 24 4 119 41 4 59 4 49 4 30 4 17 60 4 28 4 28 4 109 37 4 38 4 60 4 0 30 4 46 4 38 4 51 4 36 6 4 44 4 41 4 34 4 
iteration 18 best: 1.35993 leader: 1.35993 time: 14883
119 24 8 0 37 8 34 33 8 0 48 4 5 4 0 24 4 60 4 43 26 8 97 37 4 60 4 15 48 12 77 41 8 24 7 8 98 49 8 119 5 12 92 5 4 32 4 63 19 4 60 4 60 4 5 4 17 25 4 9 4 28 4 64 7 8 0 5 8 112 5 4 56 4 119 11 16 55 16 51 31 4 47 4 60 4 34 4 103 45 4 60 4 9 4 49 46 8 5 8 39 5 4 5 4 33 4 9 4 6 60 8 70 60 4 5 4 5 4 21 4 26 22 8 0 60 4 23 60 8 18 5 8 38 39 8 98 30 4 44 4 15 4 119 5 4 47 4 4 60 4 49 4 5 4 119 10 4 47 4 117 36 4 12 4 19 4 91 60 4 44 4 0 14 4 5 4 71 17 16 5 16 58 56 26 46 4 15 4 119 33 4 22 4 5 4 33 24 4 45 4 0 5 16 47 16 73 25 32 60 4 35 4 0 24 16 33 16 44 35 4 44 4 16 4 62 5 4 60 4 31 14 4 11 4 37 4 65 23 4 42 4 60 52 39 4 66 5 5 46 4 60 9 60 4 113 40 16 7 16 119 60 4 25 4 39 4 76 13 43 20 4 5 58 5 4 17 29 4 22 4 5 4 49 60 16 45 16 34 41 4 27 4 94 38 4 50 4 20 4 96 21 4 48 60 36 4 0 60 4 38 4 25 4 22 4 82 60 4 60 4 24 4 21 4 99 20 4 31 4 13 28 60 4 25 26 4 45 4 33 4 107 28 4 5 60 23 4 81 22 4 43 32 60 4 0 35 4 60 4 74 51 51 32 4 46 35 5 4 119 16 4 14 4 82 50 4 5 4 5 4 38 4 56 51 4 60 4 56 4 30 4 69 36 4 26 4 50 22 39 37 4 24 4 119 41 4 59 4 49 4 30 4 17 60 4 28 4 28 4 109 37 4 38 4 60 4 0 30 4 46 4 38 4 51 4 36 6 4 44 4 41 4 34 4 
iteration 27 best: 1.35993 leader: 1.35993 time: 22577
119 24 8 0 37 8 34 33 8 0 48 4 5 4 0 24 4 60 4 43 26 8 97 37 4 60 4 15 48 12 77 41 8 24 7 8 98 49 8 119 5 12 92 5 4 32 4 63 19 4 60 4 60 4 5 4 17 25 4 9 4 28 4 64 7 8 0 5 8 112 5 4 56 4 119 11 16 55 16 51 31 4 47 4 60 4 34 4 103 45 4 60 4 9 4 49 46 8 5 8 39 5 4 5 4 33 4 9 4 6 60 8 70 60 4 5 4 5 4 21 4 26 22 8 0 60 4 23 60 8 18 5 8 38 39 8 98 30 4 44 4 15 4 119 5 4 47 4 4 60 4 49 4 5 4 119 10 4 47 4 117 36 4 12 4 19 4 91 60 4 44 4 0 14 4 5 4 71 17 16 5 16 58 56 26 46 4 15 4 119 33 4 22 4 5 4 33 24 4 45 4 0 5 16 47 16 73 25 32 60 4 35 4 0 24 16 33 16 44 35 4 44 4 16 4 62 5 4 60 4 31 14 4 11 4 37 4 65 23 4 42 4 60 52 39 4 66 5 5 46 4 60 9 60 4 113 40 16 7 16 119 60 4 25 4 39 4 76 13 43 20 4 5 58 5 4 17 29 4 22 4 5 4 49 60 16 45 16 34 41 4 27 4 94 38 4 50 4 20 4 96 21 4 48 60 36 4 0 60 4 38 4 25 4 22 4 82 60 4 60 4 24 4 21 4 99 20 4 31 4 13 28 60 4 25 26 4 45 4 33 4 107 28 4 5 60 23 4 81 22 4 43 32 60 4 0 35 4 60 4 74 51 51 32 4 46 35 5 4 119 16 4 14 4 82 50 4 5 4 5 4 38 4 56 51 4 60 4 56 4 30 4 69 36 4 26 4 50 22 39 37 4 24 4 119 41 4 59 4 49 4 30 4 17 60 4 28 4 28 4 109 37 4 38 4 60 4 0 30 4 46 4 38 4 51 4 36 6 4 44 4 41 4 34 4 
iteration 36 best: 1.35993 leader: 1.35993 time: 30400
119 24 8 0 37 8 34 33 8 0 48 4 5 4 0 24 4 60 4 43 26 8 97 37 4 60 4 15 48 12 77 41 8 24 7 8 98 49 8 119 5 12 92 5 4 32 4 63 19 4 60 4 60 4 5 4 17 25 4 9 4 28 4 64 7 8 0 5 8 112 5 4 56 4 119 11 16 55 16 51 31 4 47 4 60 4 34 4 103 45 4 60 4 9 4 49 46 8 5 8 39 5 4 5 4 33 4 9 4 6 60 8 70 60 4 5 4 5 4 21 4 26 22 8 0 60 4 23 60 8 18 5 8 38 39 8 98 30 4 44 4 15 4 119 5 4 47 4 4 60 4 49 4 5 4 119 10 4 47 4 117 36 4 12 4 19 4 91 60 4 44 4 0 14 4 5 4 71 17 16 5 16 58 56 26 46 4 15 4 119 33 4 22 4 5 4 33 24 4 45 4 0 5 16 47 16 73 25 32 60 4 35 4 0 24 16 33 16 44 35 4 44 4 16 4 62 5 4 60 4 31 14 4 11 4 37 4 65 23 4 42 4 60 52 39 4 66 5 5 46 4 60 9 60 4 113 40 16 7 16 119 60 4 25 4 39 4 76 13 43 20 4 5 58 5 4 17 29 4 22 4 5 4 49 60 16 45 16 34 41 4 27 4 94 38 4 50 4 20 4 96 21 4 48 60 36 4 0 60 4 38 4 25 4 22 4 82 60 4 60 4 24 4 21 4 99 20 4 31 4 13 28 60 4 25 26 4 45 4 33 4 107 28 4 5 60 23 4 81 22 4 43 32 60 4 0 35 4 60 4 74 51 51 32 4 46 35 5 4 119 16 4 14 4 82 50 4 5 4 5 4 38 4 56 51 4 60 4 56 4 30 4 69 36 4 26 4 50 22 39 37 4 24 4 119 41 4 59 4 49 4 30 4 17 60 4 28 4 28 4 109 37 4 38 4 60 4 0 30 4 46 4 38 4 51 4 36 6 4 44 4 41 4 34 4 
iteration 45 best: 1.35993 leader: 1.35993 time: 38192
119 24 8 0 37 8 34 33 8 0 48 4 5 4 0 24 4 60 4 43 26 8 97 37 4 60 4 15 48 12 77 41 8 24 7 8 98 49 8 119 5 12 92 5 4 32 4 63 19 4 60 4 60 4 5 4 17 25 4 9 4 28 4 64 7 8 0 5 8 112 5 4 56 4 119 11 16 55 16 51 31 4 47 4 60 4 34 4 103 45 4 60 4 9 4 49 46 8 5 8 39 5 4 5 4 33 4 9 4 6 60 8 70 60 4 5 4 5 4 21 4 26 22 8 0 60 4 23 60 8 18 5 8 38 39 8 98 30 4 44 4 15 4 119 5 4 47 4 4 60 4 49 4 5 4 119 10 4 47 4 117 36 4 12 4 19 4 91 60 4 44 4 0 14 4 5 4 71 17 16 5 16 58 56 26 46 4 15 4 119 33 4 22 4 5 4 33 24 4 45 4 0 5 16 47 16 73 25 32 60 4 35 4 0 24 16 33 16 44 35 4 44 4 16 4 62 5 4 60 4 31 14 4 11 4 37 4 65 23 4 42 4 60 52 39 4 66 5 5 46 4 60 9 60 4 113 40 16 7 16 119 60 4 25 4 39 4 76 13 43 20 4 5 58 5 4 17 29 4 22 4 5 4 49 60 16 45 16 34 41 4 27 4 94 38 4 50 4 20 4 96 21 4 48 60 36 4 0 60 4 38 4 25 4 22 4 82 60 4 60 4 24 4 21 4 99 20 4 31 4 13 28 60 4 25 26 4 45 4 33 4 107 28 4 5 60 23 4 81 22 4 43 32 60 4 0 35 4 60 4 74 51 51 32 4 46 35 5 4 119 16 4 14 4 82 50 4 5 4 5 4 38 4 56 51 4 60 4 56 4 30 4 69 36 4 26 4 50 22 39 37 4 24 4 119 41 4 59 4 49 4 30 4 17 60 4 28 4 28 4 109 37 4 38 4 60 4 0 30 4 46 4 38 4 51 4 36 6 4 44 4 41 4 34 4 
iteration 54 best: 1.35993 leader: 1.35993 time: 45967
119 24 8 0 37 8 34 33 8 0 48 4 5 4 0 24 4 60 4 43 26 8 97 37 4 60 4 15 48 12 77 41 8 24 7 8 98 49 8 119 5 12 92 5 4 32 4 63 19 4 60 4 60 4 5 4 17 25 4 9 4 28 4 64 7 8 0 5 8 112 5 4 56 4 119 11 16 55 16 51 31 4 47 4 60 4 34 4 103 45 4 60 4 9 4 49 46 8 5 8 39 5 4 5 4 33 4 9 4 6 60 8 70 60 4 5 4 5 4 21 4 26 22 8 0 60 4 23 60 8 18 5 8 38 39 8 98 30 4 44 4 15 4 119 5 4 47 4 4 60 4 49 4 5 4 119 10 4 47 4 117 36 4 12 4 19 4 91 60 4 44 4 0 14 4 5 4 71 17 16 5 16 58 56 26 46 4 15 4 119 33 4 22 4 5 4 33 24 4 45 4 0 5 16 47 16 73 25 32 60 4 35 4 0 24 16 33 16 44 35 4 44 4 16 4 62 5 4 60 4 31 14 4 11 4 37 4 65 23 4 42 4 60 52 39 4 66 5 5 46 4 60 9 60 4 113 40 16 7 16 119 60 4 25 4 39 4 76 13 43 20 4 5 58 5 4 17 29 4 22 4 5 4 49 60 16 45 16 34 41 4 27 4 94 38 4 50 4 20 4 96 21 4 48 60 36 4 0 60 4 38 4 25 4 22 4 82 60 4 60 4 24 4 21 4 99 20 4 31 4 13 28 60 4 25 26 4 45 4 33 4 107 28 4 5 60 23 4 81 22 4 43 32 60 4 0 35 4 60 4 74 51 51 32 4 46 35 5 4 119 16 4 14 4 82 50 4 5 4 5 4 38 4 56 51 4 60 4 56 4 30 4 69 36 4 26 4 50 22 39 37 4 24 4 119 41 4 59 4 49 4 30 4 17 60 4 28 4 28 4 109 37 4 38 4 60 4 0 30 4 46 4 38 4 51 4 36 6 4 44 4 41 4 34 4 
iteration 63 best: 1.35993 leader: 1.35993 time: 53551
119 24 8 0 37 8 34 33 8 0 48 4 5 4 0 24 4 60 4 43 26 8 97 37 4 60 4 15 48 12 77 41 8 24 7 8 98 49 8 119 5 12 92 5 4 32 4 63 19 4 60 4 60 4 5 4 17 25 4 9 4 28 4 64 7 8 0 5 8 112 5 4 56 4 119 11 16 55 16 51 31 4 47 4 60 4 34 4 103 45 4 60 4 9 4 49 46 8 5 8 39 5 4 5 4 33 4 9 4 6 60 8 70 60 4 5 4 5 4 21 4 26 22 8 0 60 4 23 60 8 18 5 8 38 39 8 98 30 4 44 4 15 4 119 5 4 47 4 4 60 4 49 4 5 4 119 10 4 47 4 117 36 4 12 4 19 4 91 60 4 44 4 0 14 4 5 4 71 17 16 5 16 58 56 26 46 4 15 4 119 33 4 22 4 5 4 33 24 4 45 4 0 5 16 47 16 73 25 32 60 4 35 4 0 24 16 33 16 44 35 4 44 4 16 4 62 5 4 60 4 31 14 4 11 4 37 4 65 23 4 42 4 60 52 39 4 66 5 5 46 4 60 9 60 4 113 40 16 7 16 119 60 4 25 4 39 4 76 13 43 20 4 5 58 5 4 17 29 4 22 4 5 4 49 60 16 45 16 34 41 4 27 4 94 38 4 50 4 20 4 96 21 4 48 60 36 4 0 60 4 38 4 25 4 22 4 82 60 4 60 4 24 4 21 4 99 20 4 31 4 13 28 60 4 25 26 4 45 4 33 4 107 28 4 5 60 23 4 81 22 4 43 32 60 4 0 35 4 60 4 74 51 51 32 4 46 35 5 4 119 16 4 14 4 82 50 4 5 4 5 4 38 4 56 51 4 60 4 56 4 30 4 69 36 4 26 4 50 22 39 37 4 24 4 119 41 4 59 4 49 4 30 4 17 60 4 28 4 28 4 109 37 4 38 4 60 4 0 30 4 46 4 38 4 51 4 36 6 4 44 4 41 4 34 4 
iteration 72 best: 1.35993 leader: 1.35993 time: 61147
119 24 8 0 37 8 34 33 8 0 48 4 5 4 0 24 4 60 4 43 26 8 97 37 4 60 4 15 48 12 77 41 8 24 7 8 98 49 8 119 5 12 92 5 4 32 4 63 19 4 60 4 60 4 5 4 17 25 4 9 4 28 4 64 7 8 0 5 8 112 5 4 56 4 119 11 16 55 16 51 31 4 47 4 60 4 34 4 103 45 4 60 4 9 4 49 46 8 5 8 39 5 4 5 4 33 4 9 4 6 60 8 70 60 4 5 4 5 4 21 4 26 22 8 0 60 4 23 60 8 18 5 8 38 39 8 98 30 4 44 4 15 4 119 5 4 47 4 4 60 4 49 4 5 4 119 10 4 47 4 117 36 4 12 4 19 4 91 60 4 44 4 0 14 4 5 4 71 17 16 5 16 58 56 26 46 4 15 4 119 33 4 22 4 5 4 33 24 4 45 4 0 5 16 47 16 73 25 32 60 4 35 4 0 24 16 33 16 44 35 4 44 4 16 4 62 5 4 60 4 31 14 4 11 4 37 4 65 23 4 42 4 60 52 39 4 66 5 5 46 4 60 9 60 4 113 40 16 7 16 119 60 4 25 4 39 4 76 13 43 20 4 5 58 5 4 17 29 4 22 4 5 4 49 60 16 45 16 34 41 4 27 4 94 38 4 50 4 20 4 96 21 4 48 60 36 4 0 60 4 38 4 25 4 22 4 82 60 4 60 4 24 4 21 4 99 20 4 31 4 13 28 60 4 25 26 4 45 4 33 4 107 28 4 5 60 23 4 81 22 4 43 32 60 4 0 35 4 60 4 74 51 51 32 4 46 35 5 4 119 16 4 14 4 82 50 4 5 4 5 4 38 4 56 51 4 60 4 56 4 30 4 69 36 4 26 4 50 22 39 37 4 24 4 119 41 4 59 4 49 4 30 4 17 60 4 28 4 28 4 109 37 4 38 4 60 4 0 30 4 46 4 38 4 51 4 36 6 4 44 4 41 4 34 4 
iteration 81 best: 1.35993 leader: 1.35993 time: 68700
119 24 8 0 37 8 34 33 8 0 48 4 5 4 0 24 4 60 4 43 26 8 97 37 4 60 4 15 48 12 77 41 8 24 7 8 98 49 8 119 5 12 92 5 4 32 4 63 19 4 60 4 60 4 5 4 17 25 4 9 4 28 4 64 7 8 0 5 8 112 5 4 56 4 119 11 16 55 16 51 31 4 47 4 60 4 34 4 103 45 4 60 4 9 4 49 46 8 5 8 39 5 4 5 4 33 4 9 4 6 60 8 70 60 4 5 4 5 4 21 4 26 22 8 0 60 4 23 60 8 18 5 8 38 39 8 98 30 4 44 4 15 4 119 5 4 47 4 4 60 4 49 4 5 4 119 10 4 47 4 117 36 4 12 4 19 4 91 60 4 44 4 0 14 4 5 4 71 17 16 5 16 58 56 26 46 4 15 4 119 33 4 22 4 5 4 33 24 4 45 4 0 5 16 47 16 73 25 32 60 4 35 4 0 24 16 33 16 44 35 4 44 4 16 4 62 5 4 60 4 31 14 4 11 4 37 4 65 23 4 42 4 60 52 39 4 66 5 5 46 4 60 9 60 4 113 40 16 7 16 119 60 4 25 4 39 4 76 13 43 20 4 5 58 5 4 17 29 4 22 4 5 4 49 60 16 45 16 34 41 4 27 4 94 38 4 50 4 20 4 96 21 4 48 60 36 4 0 60 4 38 4 25 4 22 4 82 60 4 60 4 24 4 21 4 99 20 4 31 4 13 28 60 4 25 26 4 45 4 33 4 107 28 4 5 60 23 4 81 22 4 43 32 60 4 0 35 4 60 4 74 51 51 32 4 46 35 5 4 119 16 4 14 4 82 50 4 5 4 5 4 38 4 56 51 4 60 4 56 4 30 4 69 36 4 26 4 50 22 39 37 4 24 4 119 41 4 59 4 49 4 30 4 17 60 4 28 4 28 4 109 37 4 38 4 60 4 0 30 4 46 4 38 4 51 4 36 6 4 44 4 41 4 34 4 
iteration 90 best: 1.35993 leader: 1.35993 time: 76244
119 24 8 0 37 8 34 33 8 0 48 4 5 4 0 24 4 60 4 43 26 8 97 37 4 60 4 15 48 12 77 41 8 24 7 8 98 49 8 119 5 12 92 5 4 32 4 63 19 4 60 4 60 4 5 4 17 25 4 9 4 28 4 64 7 8 0 5 8 112 5 4 56 4 119 11 16 55 16 51 31 4 47 4 60 4 34 4 103 45 4 60 4 9 4 49 46 8 5 8 39 5 4 5 4 33 4 9 4 6 60 8 70 60 4 5 4 5 4 21 4 26 22 8 0 60 4 23 60 8 18 5 8 38 39 8 98 30 4 44 4 15 4 119 5 4 47 4 4 60 4 49 4 5 4 119 10 4 47 4 117 36 4 12 4 19 4 91 60 4 44 4 0 14 4 5 4 71 17 16 5 16 58 56 26 46 4 15 4 119 33 4 22 4 5 4 33 24 4 45 4 0 5 16 47 16 73 25 32 60 4 35 4 0 24 16 33 16 44 35 4 44 4 16 4 62 5 4 60 4 31 14 4 11 4 37 4 65 23 4 42 4 60 52 39 4 66 5 5 46 4 60 9 60 4 113 40 16 7 16 119 60 4 25 4 39 4 76 13 43 20 4 5 58 5 4 17 29 4 22 4 5 4 49 60 16 45 16 34 41 4 27 4 94 38 4 50 4 20 4 96 21 4 48 60 36 4 0 60 4 38 4 25 4 22 4 82 60 4 60 4 24 4 21 4 99 20 4 31 4 13 28 60 4 25 26 4 45 4 33 4 107 28 4 5 60 23 4 81 22 4 43 32 60 4 0 35 4 60 4 74 51 51 32 4 46 35 5 4 119 16 4 14 4 82 50 4 5 4 5 4 38 4 56 51 4 60 4 56 4 30 4 69 36 4 26 4 50 22 39 37 4 24 4 119 41 4 59 4 49 4 30 4 17 60 4 28 4 28 4 109 37 4 38 4 60 4 0 30 4 46 4 38 4 51 4 36 6 4 44 4 41 4 34 4 
iteration 99 best: 1.35993 leader: 1.35993 time: 83835
119 24 8 0 37 8 34 33 8 0 48 4 5 4 0 24 4 60 4 43 26 8 97 37 4 60 4 15 48 12 77 41 8 24 7 8 98 49 8 119 5 12 92 5 4 32 4 63 19 4 60 4 60 4 5 4 17 25 4 9 4 28 4 64 7 8 0 5 8 112 5 4 56 4 119 11 16 55 16 51 31 4 47 4 60 4 34 4 103 45 4 60 4 9 4 49 46 8 5 8 39 5 4 5 4 33 4 9 4 6 60 8 70 60 4 5 4 5 4 21 4 26 22 8 0 60 4 23 60 8 18 5 8 38 39 8 98 30 4 44 4 15 4 119 5 4 47 4 4 60 4 49 4 5 4 119 10 4 47 4 117 36 4 12 4 19 4 91 60 4 44 4 0 14 4 5 4 71 17 16 5 16 58 56 26 46 4 15 4 119 33 4 22 4 5 4 33 24 4 45 4 0 5 16 47 16 73 25 32 60 4 35 4 0 24 16 33 16 44 35 4 44 4 16 4 62 5 4 60 4 31 14 4 11 4 37 4 65 23 4 42 4 60 52 39 4 66 5 5 46 4 60 9 60 4 113 40 16 7 16 119 60 4 25 4 39 4 76 13 43 20 4 5 58 5 4 17 29 4 22 4 5 4 49 60 16 45 16 34 41 4 27 4 94 38 4 50 4 20 4 96 21 4 48 60 36 4 0 60 4 38 4 25 4 22 4 82 60 4 60 4 24 4 21 4 99 20 4 31 4 13 28 60 4 25 26 4 45 4 33 4 107 28 4 5 60 23 4 81 22 4 43 32 60 4 0 35 4 60 4 74 51 51 32 4 46 35 5 4 119 16 4 14 4 82 50 4 5 4 5 4 38 4 56 51 4 60 4 56 4 30 4 69 36 4 26 4 50 22 39 37 4 24 4 119 41 4 59 4 49 4 30 4 17 60 4 28 4 28 4 109 37 4 38 4 60 4 0 30 4 46 4 38 4 51 4 36 6 4 44 4 41 4 34 4 
iteration 108 best: 1.35993 leader: 1.35993 time: 91456
119 24 8 0 37 8 34 33 8 0 48 4 5 4 0 24 4 60 4 43 26 8 97 37 4 60 4 15 48 12 77 41 8 24 7 8 98 49 8 119 5 12 92 5 4 32 4 63 19 4 60 4 60 4 5 4 17 25 4 9 4 28 4 64 7 8 0 5 8 112 5 4 56 4 119 11 16 55 16 51 31 4 47 4 60 4 34 4 103 45 4 60 4 9 4 49 46 8 5 8 39 5 4 5 4 33 4 9 4 6 60 8 70 60 4 5 4 5 4 21 4 26 22 8 0 60 4 23 60 8 18 5 8 38 39 8 98 30 4 44 4 15 4 119 5 4 47 4 4 60 4 49 4 5 4 119 10 4 47 4 117 36 4 12 4 19 4 91 60 4 44 4 0 14 4 5 4 71 17 16 5 16 58 56 26 46 4 15 4 119 33 4 22 4 5 4 33 24 4 45 4 0 5 16 47 16 73 25 32 60 4 35 4 0 24 16 33 16 44 35 4 44 4 16 4 62 5 4 60 4 31 14 4 11 4 37 4 65 23 4 42 4 60 52 39 4 66 5 5 46 4 60 9 60 4 113 40 16 7 16 119 60 4 25 4 39 4 76 13 43 20 4 5 58 5 4 17 29 4 22 4 5 4 49 60 16 45 16 34 41 4 27 4 94 38 4 50 4 20 4 96 21 4 48 60 36 4 0 60 4 38 4 25 4 22 4 82 60 4 60 4 24 4 21 4 99 20 4 31 4 13 28 60 4 25 26 4 45 4 33 4 107 28 4 5 60 23 4 81 22 4 43 32 60 4 0 35 4 60 4 74 51 51 32 4 46 35 5 4 119 16 4 14 4 82 50 4 5 4 5 4 38 4 56 51 4 60 4 56 4 30 4 69 36 4 26 4 50 22 39 37 4 24 4 119 41 4 59 4 49 4 30 4 17 60 4 28 4 28 4 109 37 4 38 4 60 4 0 30 4 46 4 38 4 51 4 36 6 4 44 4 41 4 34 4 
iteration 117 best: 1.35993 leader: 1.35993 time: 99002
119 24 8 0 37 8 34 33 8 0 48 4 5 4 0 24 4 60 4 43 26 8 97 37 4 60 4 15 48 12 77 41 8 24 7 8 98 49 8 119 5 12 92 5 4 32 4 63 19 4 60 4 60 4 5 4 17 25 4 9 4 28 4 64 7 8 0 5 8 112 5 4 56 4 119 11 16 55 16 51 31 4 47 4 60 4 34 4 103 45 4 60 4 9 4 49 46 8 5 8 39 5 4 5 4 33 4 9 4 6 60 8 70 60 4 5 4 5 4 21 4 26 22 8 0 60 4 23 60 8 18 5 8 38 39 8 98 30 4 44 4 15 4 119 5 4 47 4 4 60 4 49 4 5 4 119 10 4 47 4 117 36 4 12 4 19 4 91 60 4 44 4 0 14 4 5 4 71 17 16 5 16 58 56 26 46 4 15 4 119 33 4 22 4 5 4 33 24 4 45 4 0 5 16 47 16 73 25 32 60 4 35 4 0 24 16 33 16 44 35 4 44 4 16 4 62 5 4 60 4 31 14 4 11 4 37 4 65 23 4 42 4 60 52 39 4 66 5 5 46 4 60 9 60 4 113 40 16 7 16 119 60 4 25 4 39 4 76 13 43 20 4 5 58 5 4 17 29 4 22 4 5 4 49 60 16 45 16 34 41 4 27 4 94 38 4 50 4 20 4 96 21 4 48 60 36 4 0 60 4 38 4 25 4 22 4 82 60 4 60 4 24 4 21 4 99 20 4 31 4 13 28 60 4 25 26 4 45 4 33 4 107 28 4 5 60 23 4 81 22 4 43 32 60 4 0 35 4 60 4 74 51 51 32 4 46 35 5 4 119 16 4 14 4 82 50 4 5 4 5 4 38 4 56 51 4 60 4 56 4 30 4 69 36 4 26 4 50 22 39 37 4 24 4 119 41 4 59 4 49 4 30 4 17 60 4 28 4 28 4 109 37 4 38 4 60 4 0 30 4 46 4 38 4 51 4 36 6 4 44 4 41 4 34 4 
iteration 126 best: 1.35993 leader: 1.35993 time: 106538
119 24 8 0 37 8 34 33 8 0 48 4 5 4 0 24 4 60 4 43 26 8 97 37 4 60 4 15 48 12 77 41 8 24 7 8 98 49 8 119 5 12 92 5 4 32 4 63 19 4 60 4 60 4 5 4 17 25 4 9 4 28 4 64 7 8 0 5 8 112 5 4 56 4 119 11 16 55 16 51 31 4 47 4 60 4 34 4 103 45 4 60 4 9 4 49 46 8 5 8 39 5 4 5 4 33 4 9 4 6 60 8 70 60 4 5 4 5 4 21 4 26 22 8 0 60 4 23 60 8 18 5 8 38 39 8 98 30 4 44 4 15 4 119 5 4 47 4 4 60 4 49 4 5 4 119 10 4 47 4 117 36 4 12 4 19 4 91 60 4 44 4 0 14 4 5 4 71 17 16 5 16 58 56 26 46 4 15 4 119 33 4 22 4 5 4 33 24 4 45 4 0 5 16 47 16 73 25 32 60 4 35 4 0 24 16 33 16 44 35 4 44 4 16 4 62 5 4 60 4 31 14 4 11 4 37 4 65 23 4 42 4 60 52 39 4 66 5 5 46 4 60 9 60 4 113 40 16 7 16 119 60 4 25 4 39 4 76 13 43 20 4 5 58 5 4 17 29 4 22 4 5 4 49 60 16 45 16 34 41 4 27 4 94 38 4 50 4 20 4 96 21 4 48 60 36 4 0 60 4 38 4 25 4 22 4 82 60 4 60 4 24 4 21 4 99 20 4 31 4 13 28 60 4 25 26 4 45 4 33 4 107 28 4 5 60 23 4 81 22 4 43 32 60 4 0 35 4 60 4 74 51 51 32 4 46 35 5 4 119 16 4 14 4 82 50 4 5 4 5 4 38 4 56 51 4 60 4 56 4 30 4 69 36 4 26 4 50 22 39 37 4 24 4 119 41 4 59 4 49 4 30 4 17 60 4 28 4 28 4 109 37 4 38 4 60 4 0 30 4 46 4 38 4 51 4 36 6 4 44 4 41 4 34 4 
iteration 135 best: 1.35993 leader: 1.35993 time: 114085
119 24 8 0 37 8 34 33 8 0 48 4 5 4 0 24 4 60 4 43 26 8 97 37 4 60 4 15 48 12 77 41 8 24 7 8 98 49 8 119 5 12 92 5 4 32 4 63 19 4 60 4 60 4 5 4 17 25 4 9 4 28 4 64 7 8 0 5 8 112 5 4 56 4 119 11 16 55 16 51 31 4 47 4 60 4 34 4 103 45 4 60 4 9 4 49 46 8 5 8 39 5 4 5 4 33 4 9 4 6 60 8 70 60 4 5 4 5 4 21 4 26 22 8 0 60 4 23 60 8 18 5 8 38 39 8 98 30 4 44 4 15 4 119 5 4 47 4 4 60 4 49 4 5 4 119 10 4 47 4 117 36 4 12 4 19 4 91 60 4 44 4 0 14 4 5 4 71 17 16 5 16 58 56 26 46 4 15 4 119 33 4 22 4 5 4 33 24 4 45 4 0 5 16 47 16 73 25 32 60 4 35 4 0 24 16 33 16 44 35 4 44 4 16 4 62 5 4 60 4 31 14 4 11 4 37 4 65 23 4 42 4 60 52 39 4 66 5 5 46 4 60 9 60 4 113 40 16 7 16 119 60 4 25 4 39 4 76 13 43 20 4 5 58 5 4 17 29 4 22 4 5 4 49 60 16 45 16 34 41 4 27 4 94 38 4 50 4 20 4 96 21 4 48 60 36 4 0 60 4 38 4 25 4 22 4 82 60 4 60 4 24 4 21 4 99 20 4 31 4 13 28 60 4 25 26 4 45 4 33 4 107 28 4 5 60 23 4 81 22 4 43 32 60 4 0 35 4 60 4 74 51 51 32 4 46 35 5 4 119 16 4 14 4 82 50 4 5 4 5 4 38 4 56 51 4 60 4 56 4 30 4 69 36 4 26 4 50 22 39 37 4 24 4 119 41 4 59 4 49 4 30 4 17 60 4 28 4 28 4 109 37 4 38 4 60 4 0 30 4 46 4 38 4 51 4 36 6 4 44 4 41 4 34 4 
iteration 144 best: 1.35993 leader: 1.35993 time: 121635
119 24 8 0 37 8 34 33 8 0 48 4 5 4 0 24 4 60 4 43 26 8 97 37 4 60 4 15 48 12 77 41 8 24 7 8 98 49 8 119 5 12 92 5 4 32 4 63 19 4 60 4 60 4 5 4 17 25 4 9 4 28 4 64 7 8 0 5 8 112 5 4 56 4 119 11 16 55 16 51 31 4 47 4 60 4 34 4 103 45 4 60 4 9 4 49 46 8 5 8 39 5 4 5 4 33 4 9 4 6 60 8 70 60 4 5 4 5 4 21 4 26 22 8 0 60 4 23 60 8 18 5 8 38 39 8 98 30 4 44 4 15 4 119 5 4 47 4 4 60 4 49 4 5 4 119 10 4 47 4 117 36 4 12 4 19 4 91 60 4 44 4 0 14 4 5 4 71 17 16 5 16 58 56 26 46 4 15 4 119 33 4 22 4 5 4 33 24 4 45 4 0 5 16 47 16 73 25 32 60 4 35 4 0 24 16 33 16 44 35 4 44 4 16 4 62 5 4 60 4 31 14 4 11 4 37 4 65 23 4 42 4 60 52 39 4 66 5 5 46 4 60 9 60 4 113 40 16 7 16 119 60 4 25 4 39 4 76 13 43 20 4 5 58 5 4 17 29 4 22 4 5 4 49 60 16 45 16 34 41 4 27 4 94 38 4 50 4 20 4 96 21 4 48 60 36 4 0 60 4 38 4 25 4 22 4 82 60 4 60 4 24 4 21 4 99 20 4 31 4 13 28 60 4 25 26 4 45 4 33 4 107 28 4 5 60 23 4 81 22 4 43 32 60 4 0 35 4 60 4 74 51 51 32 4 46 35 5 4 119 16 4 14 4 82 50 4 5 4 5 4 38 4 56 51 4 60 4 56 4 30 4 69 36 4 26 4 50 22 39 37 4 24 4 119 41 4 59 4 49 4 30 4 17 60 4 28 4 28 4 109 37 4 38 4 60 4 0 30 4 46 4 38 4 51 4 36 6 4 44 4 41 4 34 4 
iteration 153 best: 1.35993 leader: 1.35993 time: 129198
119 24 8 0 37 8 34 33 8 0 48 4 5 4 0 24 4 60 4 43 26 8 97 37 4 60 4 15 48 12 77 41 8 24 7 8 98 49 8 119 5 12 92 5 4 32 4 63 19 4 60 4 60 4 5 4 17 25 4 9 4 28 4 64 7 8 0 5 8 112 5 4 56 4 119 11 16 55 16 51 31 4 47 4 60 4 34 4 103 45 4 60 4 9 4 49 46 8 5 8 39 5 4 5 4 33 4 9 4 6 60 8 70 60 4 5 4 5 4 21 4 26 22 8 0 60 4 23 60 8 18 5 8 38 39 8 98 30 4 44 4 15 4 119 5 4 47 4 4 60 4 49 4 5 4 119 10 4 47 4 117 36 4 12 4 19 4 91 60 4 44 4 0 14 4 5 4 71 17 16 5 16 58 56 26 46 4 15 4 119 33 4 22 4 5 4 33 24 4 45 4 0 5 16 47 16 73 25 32 60 4 35 4 0 24 16 33 16 44 35 4 44 4 16 4 62 5 4 60 4 31 14 4 11 4 37 4 65 23 4 42 4 60 52 39 4 66 5 5 46 4 60 9 60 4 113 40 16 7 16 119 60 4 25 4 39 4 76 13 43 20 4 5 58 5 4 17 29 4 22 4 5 4 49 60 16 45 16 34 41 4 27 4 94 38 4 50 4 20 4 96 21 4 48 60 36 4 0 60 4 38 4 25 4 22 4 82 60 4 60 4 24 4 21 4 99 20 4 31 4 13 28 60 4 25 26 4 45 4 33 4 107 28 4 5 60 23 4 81 22 4 43 32 60 4 0 35 4 60 4 74 51 51 32 4 46 35 5 4 119 16 4 14 4 82 50 4 5 4 5 4 38 4 56 51 4 60 4 56 4 30 4 69 36 4 26 4 50 22 39 37 4 24 4 119 41 4 59 4 49 4 30 4 17 60 4 28 4 28 4 109 37 4 38 4 60 4 0 30 4 46 4 38 4 51 4 36 6 4 44 4 41 4 34 4 
iteration 162 best: 1.35993 leader: 1.35993 time: 136751
119 24 8 0 37 8 34 33 8 0 48 4 5 4 0 24 4 60 4 43 26 8 97 37 4 60 4 15 48 12 77 41 8 24 7 8 98 49 8 119 5 12 92 5 4 32 4 63 19 4 60 4 60 4 5 4 17 25 4 9 4 28 4 64 7 8 0 5 8 112 5 4 56 4 119 11 16 55 16 51 31 4 47 4 60 4 34 4 103 45 4 60 4 9 4 49 46 8 5 8 39 5 4 5 4 33 4 9 4 6 60 8 70 60 4 5 4 5 4 21 4 26 22 8 0 60 4 23 60 8 18 5 8 38 39 8 98 30 4 44 4 15 4 119 5 4 47 4 4 60 4 49 4 5 4 119 10 4 47 4 117 36 4 12 4 19 4 91 60 4 44 4 0 14 4 5 4 71 17 16 5 16 58 56 26 46 4 15 4 119 33 4 22 4 5 4 33 24 4 45 4 0 5 16 47 16 73 25 32 60 4 35 4 0 24 16 33 16 44 35 4 44 4 16 4 62 5 4 60 4 31 14 4 11 4 37 4 65 23 4 42 4 60 52 39 4 66 5 5 46 4 60 9 60 4 113 40 16 7 16 119 60 4 25 4 39 4 76 13 43 20 4 5 58 5 4 17 29 4 22 4 5 4 49 60 16 45 16 34 41 4 27 4 94 38 4 50 4 20 4 96 21 4 48 60 36 4 0 60 4 38 4 25 4 22 4 82 60 4 60 4 24 4 21 4 99 20 4 31 4 13 28 60 4 25 26 4 45 4 33 4 107 28 4 5 60 23 4 81 22 4 43 32 60 4 0 35 4 60 4 74 51 51 32 4 46 35 5 4 119 16 4 14 4 82 50 4 5 4 5 4 38 4 56 51 4 60 4 56 4 30 4 69 36 4 26 4 50 22 39 37 4 24 4 119 41 4 59 4 49 4 30 4 17 60 4 28 4 28 4 109 37 4 38 4 60 4 0 30 4 46 4 38 4 51 4 36 6 4 44 4 41 4 34 4 
iteration 171 best: 1.35993 leader: 1.35993 time: 144300
119 24 8 0 37 8 34 33 8 0 48 4 5 4 0 24 4 60 4 43 26 8 97 37 4 60 4 15 48 12 77 41 8 24 7 8 98 49 8 119 5 12 92 5 4 32 4 63 19 4 60 4 60 4 5 4 17 25 4 9 4 28 4 64 7 8 0 5 8 112 5 4 56 4 119 11 16 55 16 51 31 4 47 4 60 4 34 4 103 45 4 60 4 9 4 49 46 8 5 8 39 5 4 5 4 33 4 9 4 6 60 8 70 60 4 5 4 5 4 21 4 26 22 8 0 60 4 23 60 8 18 5 8 38 39 8 98 30 4 44 4 15 4 119 5 4 47 4 4 60 4 49 4 5 4 119 10 4 47 4 117 36 4 12 4 19 4 91 60 4 44 4 0 14 4 5 4 71 17 16 5 16 58 56 26 46 4 15 4 119 33 4 22 4 5 4 33 24 4 45 4 0 5 16 47 16 73 25 32 60 4 35 4 0 24 16 33 16 44 35 4 44 4 16 4 62 5 4 60 4 31 14 4 11 4 37 4 65 23 4 42 4 60 52 39 4 66 5 5 46 4 60 9 60 4 113 40 16 7 16 119 60 4 25 4 39 4 76 13 43 20 4 5 58 5 4 17 29 4 22 4 5 4 49 60 16 45 16 34 41 4 27 4 94 38 4 50 4 20 4 96 21 4 48 60 36 4 0 60 4 38 4 25 4 22 4 82 60 4 60 4 24 4 21 4 99 20 4 31 4 13 28 60 4 25 26 4 45 4 33 4 107 28 4 5 60 23 4 81 22 4 43 32 60 4 0 35 4 60 4 74 51 51 32 4 46 35 5 4 119 16 4 14 4 82 50 4 5 4 5 4 38 4 56 51 4 60 4 56 4 30 4 69 36 4 26 4 50 22 39 37 4 24 4 119 41 4 59 4 49 4 30 4 17 60 4 28 4 28 4 109 37 4 38 4 60 4 0 30 4 46 4 38 4 51 4 36 6 4 44 4 41 4 34 4 
iteration 180 best: 1.35993 leader: 1.35993 time: 151892
119 24 8 0 37 8 34 33 8 0 48 4 5 4 0 24 4 60 4 43 26 8 97 37 4 60 4 15 48 12 77 41 8 24 7 8 98 49 8 119 5 12 92 5 4 32 4 63 19 4 60 4 60 4 5 4 17 25 4 9 4 28 4 64 7 8 0 5 8 112 5 4 56 4 119 11 16 55 16 51 31 4 47 4 60 4 34 4 103 45 4 60 4 9 4 49 46 8 5 8 39 5 4 5 4 33 4 9 4 6 60 8 70 60 4 5 4 5 4 21 4 26 22 8 0 60 4 23 60 8 18 5 8 38 39 8 98 30 4 44 4 15 4 119 5 4 47 4 4 60 4 49 4 5 4 119 10 4 47 4 117 36 4 12 4 19 4 91 60 4 44 4 0 14 4 5 4 71 17 16 5 16 58 56 26 46 4 15 4 119 33 4 22 4 5 4 33 24 4 45 4 0 5 16 47 16 73 25 32 60 4 35 4 0 24 16 33 16 44 35 4 44 4 16 4 62 5 4 60 4 31 14 4 11 4 37 4 65 23 4 42 4 60 52 39 4 66 5 5 46 4 60 9 60 4 113 40 16 7 16 119 60 4 25 4 39 4 76 13 43 20 4 5 58 5 4 17 29 4 22 4 5 4 49 60 16 45 16 34 41 4 27 4 94 38 4 50 4 20 4 96 21 4 48 60 36 4 0 60 4 38 4 25 4 22 4 82 60 4 60 4 24 4 21 4 99 20 4 31 4 13 28 60 4 25 26 4 45 4 33 4 107 28 4 5 60 23 4 81 22 4 43 32 60 4 0 35 4 60 4 74 51 51 32 4 46 35 5 4 119 16 4 14 4 82 50 4 5 4 5 4 38 4 56 51 4 60 4 56 4 30 4 69 36 4 26 4 50 22 39 37 4 24 4 119 41 4 59 4 49 4 30 4 17 60 4 28 4 28 4 109 37 4 38 4 60 4 0 30 4 46 4 38 4 51 4 36 6 4 44 4 41 4 34 4 
iteration 189 best: 1.35993 leader: 1.35993 time: 159569
119 24 8 0 37 8 34 33 8 0 48 4 5 4 0 24 4 60 4 43 26 8 97 37 4 60 4 15 48 12 77 41 8 24 7 8 98 49 8 119 5 12 92 5 4 32 4 63 19 4 60 4 60 4 5 4 17 25 4 9 4 28 4 64 7 8 0 5 8 112 5 4 56 4 119 11 16 55 16 51 31 4 47 4 60 4 34 4 103 45 4 60 4 9 4 49 46 8 5 8 39 5 4 5 4 33 4 9 4 6 60 8 70 60 4 5 4 5 4 21 4 26 22 8 0 60 4 23 60 8 18 5 8 38 39 8 98 30 4 44 4 15 4 119 5 4 47 4 4 60 4 49 4 5 4 119 10 4 47 4 117 36 4 12 4 19 4 91 60 4 44 4 0 14 4 5 4 71 17 16 5 16 58 56 26 46 4 15 4 119 33 4 22 4 5 4 33 24 4 45 4 0 5 16 47 16 73 25 32 60 4 35 4 0 24 16 33 16 44 35 4 44 4 16 4 62 5 4 60 4 31 14 4 11 4 37 4 65 23 4 42 4 60 52 39 4 66 5 5 46 4 60 9 60 4 113 40 16 7 16 119 60 4 25 4 39 4 76 13 43 20 4 5 58 5 4 17 29 4 22 4 5 4 49 60 16 45 16 34 41 4 27 4 94 38 4 50 4 20 4 96 21 4 48 60 36 4 0 60 4 38 4 25 4 22 4 82 60 4 60 4 24 4 21 4 99 20 4 31 4 13 28 60 4 25 26 4 45 4 33 4 107 28 4 5 60 23 4 81 22 4 43 32 60 4 0 35 4 60 4 74 51 51 32 4 46 35 5 4 119 16 4 14 4 82 50 4 5 4 5 4 38 4 56 51 4 60 4 56 4 30 4 69 36 4 26 4 50 22 39 37 4 24 4 119 41 4 59 4 49 4 30 4 17 60 4 28 4 28 4 109 37 4 38 4 60 4 0 30 4 46 4 38 4 51 4 36 6 4 44 4 41 4 34 4 
iteration 198 best: 1.35993 leader: 1.35993 time: 167275
119 24 8 0 37 8 34 33 8 0 48 4 5 4 0 24 4 60 4 43 26 8 97 37 4 60 4 15 48 12 77 41 8 24 7 8 98 49 8 119 5 12 92 5 4 32 4 63 19 4 60 4 60 4 5 4 17 25 4 9 4 28 4 64 7 8 0 5 8 112 5 4 56 4 119 11 16 55 16 51 31 4 47 4 60 4 34 4 103 45 4 60 4 9 4 49 46 8 5 8 39 5 4 5 4 33 4 9 4 6 60 8 70 60 4 5 4 5 4 21 4 26 22 8 0 60 4 23 60 8 18 5 8 38 39 8 98 30 4 44 4 15 4 119 5 4 47 4 4 60 4 49 4 5 4 119 10 4 47 4 117 36 4 12 4 19 4 91 60 4 44 4 0 14 4 5 4 71 17 16 5 16 58 56 26 46 4 15 4 119 33 4 22 4 5 4 33 24 4 45 4 0 5 16 47 16 73 25 32 60 4 35 4 0 24 16 33 16 44 35 4 44 4 16 4 62 5 4 60 4 31 14 4 11 4 37 4 65 23 4 42 4 60 52 39 4 66 5 5 46 4 60 9 60 4 113 40 16 7 16 119 60 4 25 4 39 4 76 13 43 20 4 5 58 5 4 17 29 4 22 4 5 4 49 60 16 45 16 34 41 4 27 4 94 38 4 50 4 20 4 96 21 4 48 60 36 4 0 60 4 38 4 25 4 22 4 82 60 4 60 4 24 4 21 4 99 20 4 31 4 13 28 60 4 25 26 4 45 4 33 4 107 28 4 5 60 23 4 81 22 4 43 32 60 4 0 35 4 60 4 74 51 51 32 4 46 35 5 4 119 16 4 14 4 82 50 4 5 4 5 4 38 4 56 51 4 60 4 56 4 30 4 69 36 4 26 4 50 22 39 37 4 24 4 119 41 4 59 4 49 4 30 4 17 60 4 28 4 28 4 109 37 4 38 4 60 4 0 30 4 46 4 38 4 51 4 36 6 4 44 4 41 4 34 4 
iteration 207 best: 1.35993 leader: 1.35993 time: 174865
119 24 8 0 37 8 34 33 8 0 48 4 5 4 0 24 4 60 4 43 26 8 97 37 4 60 4 15 48 12 77 41 8 24 7 8 98 49 8 119 5 12 92 5 4 32 4 63 19 4 60 4 60 4 5 4 17 25 4 9 4 28 4 64 7 8 0 5 8 112 5 4 56 4 119 11 16 55 16 51 31 4 47 4 60 4 34 4 103 45 4 60 4 9 4 49 46 8 5 8 39 5 4 5 4 33 4 9 4 6 60 8 70 60 4 5 4 5 4 21 4 26 22 8 0 60 4 23 60 8 18 5 8 38 39 8 98 30 4 44 4 15 4 119 5 4 47 4 4 60 4 49 4 5 4 119 10 4 47 4 117 36 4 12 4 19 4 91 60 4 44 4 0 14 4 5 4 71 17 16 5 16 58 56 26 46 4 15 4 119 33 4 22 4 5 4 33 24 4 45 4 0 5 16 47 16 73 25 32 60 4 35 4 0 24 16 33 16 44 35 4 44 4 16 4 62 5 4 60 4 31 14 4 11 4 37 4 65 23 4 42 4 60 52 39 4 66 5 5 46 4 60 9 60 4 113 40 16 7 16 119 60 4 25 4 39 4 76 13 43 20 4 5 58 5 4 17 29 4 22 4 5 4 49 60 16 45 16 34 41 4 27 4 94 38 4 50 4 20 4 96 21 4 48 60 36 4 0 60 4 38 4 25 4 22 4 82 60 4 60 4 24 4 21 4 99 20 4 31 4 13 28 60 4 25 26 4 45 4 33 4 107 28 4 5 60 23 4 81 22 4 43 32 60 4 0 35 4 60 4 74 51 51 32 4 46 35 5 4 119 16 4 14 4 82 50 4 5 4 5 4 38 4 56 51 4 60 4 56 4 30 4 69 36 4 26 4 50 22 39 37 4 24 4 119 41 4 59 4 49 4 30 4 17 60 4 28 4 28 4 109 37 4 38 4 60 4 0 30 4 46 4 38 4 51 4 36 6 4 44 4 41 4 34 4 
iteration 216 best: 1.35993 leader: 1.35993 time: 182558
119 24 8 0 37 8 34 33 8 0 48 4 5 4 0 24 4 60 4 43 26 8 97 37 4 60 4 15 48 12 77 41 8 24 7 8 98 49 8 119 5 12 92 5 4 32 4 63 19 4 60 4 60 4 5 4 17 25 4 9 4 28 4 64 7 8 0 5 8 112 5 4 56 4 119 11 16 55 16 51 31 4 47 4 60 4 34 4 103 45 4 60 4 9 4 49 46 8 5 8 39 5 4 5 4 33 4 9 4 6 60 8 70 60 4 5 4 5 4 21 4 26 22 8 0 60 4 23 60 8 18 5 8 38 39 8 98 30 4 44 4 15 4 119 5 4 47 4 4 60 4 49 4 5 4 119 10 4 47 4 117 36 4 12 4 19 4 91 60 4 44 4 0 14 4 5 4 71 17 16 5 16 58 56 26 46 4 15 4 119 33 4 22 4 5 4 33 24 4 45 4 0 5 16 47 16 73 25 32 60 4 35 4 0 24 16 33 16 44 35 4 44 4 16 4 62 5 4 60 4 31 14 4 11 4 37 4 65 23 4 42 4 60 52 39 4 66 5 5 46 4 60 9 60 4 113 40 16 7 16 119 60 4 25 4 39 4 76 13 43 20 4 5 58 5 4 17 29 4 22 4 5 4 49 60 16 45 16 34 41 4 27 4 94 38 4 50 4 20 4 96 21 4 48 60 36 4 0 60 4 38 4 25 4 22 4 82 60 4 60 4 24 4 21 4 99 20 4 31 4 13 28 60 4 25 26 4 45 4 33 4 107 28 4 5 60 23 4 81 22 4 43 32 60 4 0 35 4 60 4 74 51 51 32 4 46 35 5 4 119 16 4 14 4 82 50 4 5 4 5 4 38 4 56 51 4 60 4 56 4 30 4 69 36 4 26 4 50 22 39 37 4 24 4 119 41 4 59 4 49 4 30 4 17 60 4 28 4 28 4 109 37 4 38 4 60 4 0 30 4 46 4 38 4 51 4 36 6 4 44 4 41 4 34 4 
iteration 225 best: 1.35993 leader: 1.35993 time: 190102
119 24 8 0 37 8 34 33 8 0 48 4 5 4 0 24 4 60 4 43 26 8 97 37 4 60 4 15 48 12 77 41 8 24 7 8 98 49 8 119 5 12 92 5 4 32 4 63 19 4 60 4 60 4 5 4 17 25 4 9 4 28 4 64 7 8 0 5 8 112 5 4 56 4 119 11 16 55 16 51 31 4 47 4 60 4 34 4 103 45 4 60 4 9 4 49 46 8 5 8 39 5 4 5 4 33 4 9 4 6 60 8 70 60 4 5 4 5 4 21 4 26 22 8 0 60 4 23 60 8 18 5 8 38 39 8 98 30 4 44 4 15 4 119 5 4 47 4 4 60 4 49 4 5 4 119 10 4 47 4 117 36 4 12 4 19 4 91 60 4 44 4 0 14 4 5 4 71 17 16 5 16 58 56 26 46 4 15 4 119 33 4 22 4 5 4 33 24 4 45 4 0 5 16 47 16 73 25 32 60 4 35 4 0 24 16 33 16 44 35 4 44 4 16 4 62 5 4 60 4 31 14 4 11 4 37 4 65 23 4 42 4 60 52 39 4 66 5 5 46 4 60 9 60 4 113 40 16 7 16 119 60 4 25 4 39 4 76 13 43 20 4 5 58 5 4 17 29 4 22 4 5 4 49 60 16 45 16 34 41 4 27 4 94 38 4 50 4 20 4 96 21 4 48 60 36 4 0 60 4 38 4 25 4 22 4 82 60 4 60 4 24 4 21 4 99 20 4 31 4 13 28 60 4 25 26 4 45 4 33 4 107 28 4 5 60 23 4 81 22 4 43 32 60 4 0 35 4 60 4 74 51 51 32 4 46 35 5 4 119 16 4 14 4 82 50 4 5 4 5 4 38 4 56 51 4 60 4 56 4 30 4 69 36 4 26 4 50 22 39 37 4 24 4 119 41 4 59 4 49 4 30 4 17 60 4 28 4 28 4 109 37 4 38 4 60 4 0 30 4 46 4 38 4 51 4 36 6 4 44 4 41 4 34 4 
iteration 234 best: 1.35993 leader: 1.35993 time: 197711
119 24 8 0 37 8 34 33 8 0 48 4 5 4 0 24 4 60 4 43 26 8 97 37 4 60 4 15 48 12 77 41 8 24 7 8 98 49 8 119 5 12 92 5 4 32 4 63 19 4 60 4 60 4 5 4 17 25 4 9 4 28 4 64 7 8 0 5 8 112 5 4 56 4 119 11 16 55 16 51 31 4 47 4 60 4 34 4 103 45 4 60 4 9 4 49 46 8 5 8 39 5 4 5 4 33 4 9 4 6 60 8 70 60 4 5 4 5 4 21 4 26 22 8 0 60 4 23 60 8 18 5 8 38 39 8 98 30 4 44 4 15 4 119 5 4 47 4 4 60 4 49 4 5 4 119 10 4 47 4 117 36 4 12 4 19 4 91 60 4 44 4 0 14 4 5 4 71 17 16 5 16 58 56 26 46 4 15 4 119 33 4 22 4 5 4 33 24 4 45 4 0 5 16 47 16 73 25 32 60 4 35 4 0 24 16 33 16 44 35 4 44 4 16 4 62 5 4 60 4 31 14 4 11 4 37 4 65 23 4 42 4 60 52 39 4 66 5 5 46 4 60 9 60 4 113 40 16 7 16 119 60 4 25 4 39 4 76 13 43 20 4 5 58 5 4 17 29 4 22 4 5 4 49 60 16 45 16 34 41 4 27 4 94 38 4 50 4 20 4 96 21 4 48 60 36 4 0 60 4 38 4 25 4 22 4 82 60 4 60 4 24 4 21 4 99 20 4 31 4 13 28 60 4 25 26 4 45 4 33 4 107 28 4 5 60 23 4 81 22 4 43 32 60 4 0 35 4 60 4 74 51 51 32 4 46 35 5 4 119 16 4 14 4 82 50 4 5 4 5 4 38 4 56 51 4 60 4 56 4 30 4 69 36 4 26 4 50 22 39 37 4 24 4 119 41 4 59 4 49 4 30 4 17 60 4 28 4 28 4 109 37 4 38 4 60 4 0 30 4 46 4 38 4 51 4 36 6 4 44 4 41 4 34 4 
iteration 243 best: 1.35993 leader: 1.35993 time: 205304
119 24 8 0 37 8 34 33 8 0 48 4 5 4 0 24 4 60 4 43 26 8 97 37 4 60 4 15 48 12 77 41 8 24 7 8 98 49 8 119 5 12 92 5 4 32 4 63 19 4 60 4 60 4 5 4 17 25 4 9 4 28 4 64 7 8 0 5 8 112 5 4 56 4 119 11 16 55 16 51 31 4 47 4 60 4 34 4 103 45 4 60 4 9 4 49 46 8 5 8 39 5 4 5 4 33 4 9 4 6 60 8 70 60 4 5 4 5 4 21 4 26 22 8 0 60 4 23 60 8 18 5 8 38 39 8 98 30 4 44 4 15 4 119 5 4 47 4 4 60 4 49 4 5 4 119 10 4 47 4 117 36 4 12 4 19 4 91 60 4 44 4 0 14 4 5 4 71 17 16 5 16 58 56 26 46 4 15 4 119 33 4 22 4 5 4 33 24 4 45 4 0 5 16 47 16 73 25 32 60 4 35 4 0 24 16 33 16 44 35 4 44 4 16 4 62 5 4 60 4 31 14 4 11 4 37 4 65 23 4 42 4 60 52 39 4 66 5 5 46 4 60 9 60 4 113 40 16 7 16 119 60 4 25 4 39 4 76 13 43 20 4 5 58 5 4 17 29 4 22 4 5 4 49 60 16 45 16 34 41 4 27 4 94 38 4 50 4 20 4 96 21 4 48 60 36 4 0 60 4 38 4 25 4 22 4 82 60 4 60 4 24 4 21 4 99 20 4 31 4 13 28 60 4 25 26 4 45 4 33 4 107 28 4 5 60 23 4 81 22 4 43 32 60 4 0 35 4 60 4 74 51 51 32 4 46 35 5 4 119 16 4 14 4 82 50 4 5 4 5 4 38 4 56 51 4 60 4 56 4 30 4 69 36 4 26 4 50 22 39 37 4 24 4 119 41 4 59 4 49 4 30 4 17 60 4 28 4 28 4 109 37 4 38 4 60 4 0 30 4 46 4 38 4 51 4 36 6 4 44 4 41 4 34 4 
iteration 252 best: 1.35993 leader: 1.35993 time: 212838
119 24 8 0 37 8 34 33 8 0 48 4 5 4 0 24 4 60 4 43 26 8 97 37 4 60 4 15 48 12 77 41 8 24 7 8 98 49 8 119 5 12 92 5 4 32 4 63 19 4 60 4 60 4 5 4 17 25 4 9 4 28 4 64 7 8 0 5 8 112 5 4 56 4 119 11 16 55 16 51 31 4 47 4 60 4 34 4 103 45 4 60 4 9 4 49 46 8 5 8 39 5 4 5 4 33 4 9 4 6 60 8 70 60 4 5 4 5 4 21 4 26 22 8 0 60 4 23 60 8 18 5 8 38 39 8 98 30 4 44 4 15 4 119 5 4 47 4 4 60 4 49 4 5 4 119 10 4 47 4 117 36 4 12 4 19 4 91 60 4 44 4 0 14 4 5 4 71 17 16 5 16 58 56 26 46 4 15 4 119 33 4 22 4 5 4 33 24 4 45 4 0 5 16 47 16 73 25 32 60 4 35 4 0 24 16 33 16 44 35 4 44 4 16 4 62 5 4 60 4 31 14 4 11 4 37 4 65 23 4 42 4 60 52 39 4 66 5 5 46 4 60 9 60 4 113 40 16 7 16 119 60 4 25 4 39 4 76 13 43 20 4 5 58 5 4 17 29 4 22 4 5 4 49 60 16 45 16 34 41 4 27 4 94 38 4 50 4 20 4 96 21 4 48 60 36 4 0 60 4 38 4 25 4 22 4 82 60 4 60 4 24 4 21 4 99 20 4 31 4 13 28 60 4 25 26 4 45 4 33 4 107 28 4 5 60 23 4 81 22 4 43 32 60 4 0 35 4 60 4 74 51 51 32 4 46 35 5 4 119 16 4 14 4 82 50 4 5 4 5 4 38 4 56 51 4 60 4 56 4 30 4 69 36 4 26 4 50 22 39 37 4 24 4 119 41 4 59 4 49 4 30 4 17 60 4 28 4 28 4 109 37 4 38 4 60 4 0 30 4 46 4 38 4 51 4 36 6 4 44 4 41 4 34 4 
iteration 261 best: 1.35993 leader: 1.35993 time: 220389
119 24 8 0 37 8 34 33 8 0 48 4 5 4 0 24 4 60 4 43 26 8 97 37 4 60 4 15 48 12 77 41 8 24 7 8 98 49 8 119 5 12 92 5 4 32 4 63 19 4 60 4 60 4 5 4 17 25 4 9 4 28 4 64 7 8 0 5 8 112 5 4 56 4 119 11 16 55 16 51 31 4 47 4 60 4 34 4 103 45 4 60 4 9 4 49 46 8 5 8 39 5 4 5 4 33 4 9 4 6 60 8 70 60 4 5 4 5 4 21 4 26 22 8 0 60 4 23 60 8 18 5 8 38 39 8 98 30 4 44 4 15 4 119 5 4 47 4 4 60 4 49 4 5 4 119 10 4 47 4 117 36 4 12 4 19 4 91 60 4 44 4 0 14 4 5 4 71 17 16 5 16 58 56 26 46 4 15 4 119 33 4 22 4 5 4 33 24 4 45 4 0 5 16 47 16 73 25 32 60 4 35 4 0 24 16 33 16 44 35 4 44 4 16 4 62 5 4 60 4 31 14 4 11 4 37 4 65 23 4 42 4 60 52 39 4 66 5 5 46 4 60 9 60 4 113 40 16 7 16 119 60 4 25 4 39 4 76 13 43 20 4 5 58 5 4 17 29 4 22 4 5 4 49 60 16 45 16 34 41 4 27 4 94 38 4 50 4 20 4 96 21 4 48 60 36 4 0 60 4 38 4 25 4 22 4 82 60 4 60 4 24 4 21 4 99 20 4 31 4 13 28 60 4 25 26 4 45 4 33 4 107 28 4 5 60 23 4 81 22 4 43 32 60 4 0 35 4 60 4 74 51 51 32 4 46 35 5 4 119 16 4 14 4 82 50 4 5 4 5 4 38 4 56 51 4 60 4 56 4 30 4 69 36 4 26 4 50 22 39 37 4 24 4 119 41 4 59 4 49 4 30 4 17 60 4 28 4 28 4 109 37 4 38 4 60 4 0 30 4 46 4 38 4 51 4 36 6 4 44 4 41 4 34 4 
iteration 270 best: 1.35993 leader: 1.35993 time: 227965
119 24 8 0 37 8 34 33 8 0 48 4 5 4 0 24 4 60 4 43 26 8 97 37 4 60 4 15 48 12 77 41 8 24 7 8 98 49 8 119 5 12 92 5 4 32 4 63 19 4 60 4 60 4 5 4 17 25 4 9 4 28 4 64 7 8 0 5 8 112 5 4 56 4 119 11 16 55 16 51 31 4 47 4 60 4 34 4 103 45 4 60 4 9 4 49 46 8 5 8 39 5 4 5 4 33 4 9 4 6 60 8 70 60 4 5 4 5 4 21 4 26 22 8 0 60 4 23 60 8 18 5 8 38 39 8 98 30 4 44 4 15 4 119 5 4 47 4 4 60 4 49 4 5 4 119 10 4 47 4 117 36 4 12 4 19 4 91 60 4 44 4 0 14 4 5 4 71 17 16 5 16 58 56 26 46 4 15 4 119 33 4 22 4 5 4 33 24 4 45 4 0 5 16 47 16 73 25 32 60 4 35 4 0 24 16 33 16 44 35 4 44 4 16 4 62 5 4 60 4 31 14 4 11 4 37 4 65 23 4 42 4 60 52 39 4 66 5 5 46 4 60 9 60 4 113 40 16 7 16 119 60 4 25 4 39 4 76 13 43 20 4 5 58 5 4 17 29 4 22 4 5 4 49 60 16 45 16 34 41 4 27 4 94 38 4 50 4 20 4 96 21 4 48 60 36 4 0 60 4 38 4 25 4 22 4 82 60 4 60 4 24 4 21 4 99 20 4 31 4 13 28 60 4 25 26 4 45 4 33 4 107 28 4 5 60 23 4 81 22 4 43 32 60 4 0 35 4 60 4 74 51 51 32 4 46 35 5 4 119 16 4 14 4 82 50 4 5 4 5 4 38 4 56 51 4 60 4 56 4 30 4 69 36 4 26 4 50 22 39 37 4 24 4 119 41 4 59 4 49 4 30 4 17 60 4 28 4 28 4 109 37 4 38 4 60 4 0 30 4 46 4 38 4 51 4 36 6 4 44 4 41 4 34 4 
iteration 279 best: 1.35993 leader: 1.35993 time: 235538
119 24 8 0 37 8 34 33 8 0 48 4 5 4 0 24 4 60 4 43 26 8 97 37 4 60 4 15 48 12 77 41 8 24 7 8 98 49 8 119 5 12 92 5 4 32 4 63 19 4 60 4 60 4 5 4 17 25 4 9 4 28 4 64 7 8 0 5 8 112 5 4 56 4 119 11 16 55 16 51 31 4 47 4 60 4 34 4 103 45 4 60 4 9 4 49 46 8 5 8 39 5 4 5 4 33 4 9 4 6 60 8 70 60 4 5 4 5 4 21 4 26 22 8 0 60 4 23 60 8 18 5 8 38 39 8 98 30 4 44 4 15 4 119 5 4 47 4 4 60 4 49 4 5 4 119 10 4 47 4 117 36 4 12 4 19 4 91 60 4 44 4 0 14 4 5 4 71 17 16 5 16 58 56 26 46 4 15 4 119 33 4 22 4 5 4 33 24 4 45 4 0 5 16 47 16 73 25 32 60 4 35 4 0 24 16 33 16 44 35 4 44 4 16 4 62 5 4 60 4 31 14 4 11 4 37 4 65 23 4 42 4 60 52 39 4 66 5 5 46 4 60 9 60 4 113 40 16 7 16 119 60 4 25 4 39 4 76 13 43 20 4 5 58 5 4 17 29 4 22 4 5 4 49 60 16 45 16 34 41 4 27 4 94 38 4 50 4 20 4 96 21 4 48 60 36 4 0 60 4 38 4 25 4 22 4 82 60 4 60 4 24 4 21 4 99 20 4 31 4 13 28 60 4 25 26 4 45 4 33 4 107 28 4 5 60 23 4 81 22 4 43 32 60 4 0 35 4 60 4 74 51 51 32 4 46 35 5 4 119 16 4 14 4 82 50 4 5 4 5 4 38 4 56 51 4 60 4 56 4 30 4 69 36 4 26 4 50 22 39 37 4 24 4 119 41 4 59 4 49 4 30 4 17 60 4 28 4 28 4 109 37 4 38 4 60 4 0 30 4 46 4 38 4 51 4 36 6 4 44 4 41 4 34 4 
iteration 288 best: 1.35993 leader: 1.35993 time: 243059
119 24 8 0 37 8 34 33 8 0 48 4 5 4 0 24 4 60 4 43 26 8 97 37 4 60 4 15 48 12 77 41 8 24 7 8 98 49 8 119 5 12 92 5 4 32 4 63 19 4 60 4 60 4 5 4 17 25 4 9 4 28 4 64 7 8 0 5 8 112 5 4 56 4 119 11 16 55 16 51 31 4 47 4 60 4 34 4 103 45 4 60 4 9 4 49 46 8 5 8 39 5 4 5 4 33 4 9 4 6 60 8 70 60 4 5 4 5 4 21 4 26 22 8 0 60 4 23 60 8 18 5 8 38 39 8 98 30 4 44 4 15 4 119 5 4 47 4 4 60 4 49 4 5 4 119 10 4 47 4 117 36 4 12 4 19 4 91 60 4 44 4 0 14 4 5 4 71 17 16 5 16 58 56 26 46 4 15 4 119 33 4 22 4 5 4 33 24 4 45 4 0 5 16 47 16 73 25 32 60 4 35 4 0 24 16 33 16 44 35 4 44 4 16 4 62 5 4 60 4 31 14 4 11 4 37 4 65 23 4 42 4 60 52 39 4 66 5 5 46 4 60 9 60 4 113 40 16 7 16 119 60 4 25 4 39 4 76 13 43 20 4 5 58 5 4 17 29 4 22 4 5 4 49 60 16 45 16 34 41 4 27 4 94 38 4 50 4 20 4 96 21 4 48 60 36 4 0 60 4 38 4 25 4 22 4 82 60 4 60 4 24 4 21 4 99 20 4 31 4 13 28 60 4 25 26 4 45 4 33 4 107 28 4 5 60 23 4 81 22 4 43 32 60 4 0 35 4 60 4 74 51 51 32 4 46 35 5 4 119 16 4 14 4 82 50 4 5 4 5 4 38 4 56 51 4 60 4 56 4 30 4 69 36 4 26 4 50 22 39 37 4 24 4 119 41 4 59 4 49 4 30 4 17 60 4 28 4 28 4 109 37 4 38 4 60 4 0 30 4 46 4 38 4 51 4 36 6 4 44 4 41 4 34 4 
iteration 297 best: 1.35993 leader: 1.35993 time: 250624
119 24 8 0 37 8 34 33 8 0 48 4 5 4 0 24 4 60 4 43 26 8 97 37 4 60 4 15 48 12 77 41 8 24 7 8 98 49 8 119 5 12 92 5 4 32 4 63 19 4 60 4 60 4 5 4 17 25 4 9 4 28 4 64 7 8 0 5 8 112 5 4 56 4 119 11 16 55 16 51 31 4 47 4 60 4 34 4 103 45 4 60 4 9 4 49 46 8 5 8 39 5 4 5 4 33 4 9 4 6 60 8 70 60 4 5 4 5 4 21 4 26 22 8 0 60 4 23 60 8 18 5 8 38 39 8 98 30 4 44 4 15 4 119 5 4 47 4 4 60 4 49 4 5 4 119 10 4 47 4 117 36 4 12 4 19 4 91 60 4 44 4 0 14 4 5 4 71 17 16 5 16 58 56 26 46 4 15 4 119 33 4 22 4 5 4 33 24 4 45 4 0 5 16 47 16 73 25 32 60 4 35 4 0 24 16 33 16 44 35 4 44 4 16 4 62 5 4 60 4 31 14 4 11 4 37 4 65 23 4 42 4 60 52 39 4 66 5 5 46 4 60 9 60 4 113 40 16 7 16 119 60 4 25 4 39 4 76 13 43 20 4 5 58 5 4 17 29 4 22 4 5 4 49 60 16 45 16 34 41 4 27 4 94 38 4 50 4 20 4 96 21 4 48 60 36 4 0 60 4 38 4 25 4 22 4 82 60 4 60 4 24 4 21 4 99 20 4 31 4 13 28 60 4 25 26 4 45 4 33 4 107 28 4 5 60 23 4 81 22 4 43 32 60 4 0 35 4 60 4 74 51 51 32 4 46 35 5 4 119 16 4 14 4 82 50 4 5 4 5 4 38 4 56 51 4 60 4 56 4 30 4 69 36 4 26 4 50 22 39 37 4 24 4 119 41 4 59 4 49 4 30 4 17 60 4 28 4 28 4 109 37 4 38 4 60 4 0 30 4 46 4 38 4 51 4 36 6 4 44 4 41 4 34 4 
iteration 306 best: 1.35993 leader: 1.35993 time: 258151
119 24 8 0 37 8 34 33 8 0 48 4 5 4 0 24 4 60 4 43 26 8 97 37 4 60 4 15 48 12 77 41 8 24 7 8 98 49 8 119 5 12 92 5 4 32 4 63 19 4 60 4 60 4 5 4 17 25 4 9 4 28 4 64 7 8 0 5 8 112 5 4 56 4 119 11 16 55 16 51 31 4 47 4 60 4 34 4 103 45 4 60 4 9 4 49 46 8 5 8 39 5 4 5 4 33 4 9 4 6 60 8 70 60 4 5 4 5 4 21 4 26 22 8 0 60 4 23 60 8 18 5 8 38 39 8 98 30 4 44 4 15 4 119 5 4 47 4 4 60 4 49 4 5 4 119 10 4 47 4 117 36 4 12 4 19 4 91 60 4 44 4 0 14 4 5 4 71 17 16 5 16 58 56 26 46 4 15 4 119 33 4 22 4 5 4 33 24 4 45 4 0 5 16 47 16 73 25 32 60 4 35 4 0 24 16 33 16 44 35 4 44 4 16 4 62 5 4 60 4 31 14 4 11 4 37 4 65 23 4 42 4 60 52 39 4 66 5 5 46 4 60 9 60 4 113 40 16 7 16 119 60 4 25 4 39 4 76 13 43 20 4 5 58 5 4 17 29 4 22 4 5 4 49 60 16 45 16 34 41 4 27 4 94 38 4 50 4 20 4 96 21 4 48 60 36 4 0 60 4 38 4 25 4 22 4 82 60 4 60 4 24 4 21 4 99 20 4 31 4 13 28 60 4 25 26 4 45 4 33 4 107 28 4 5 60 23 4 81 22 4 43 32 60 4 0 35 4 60 4 74 51 51 32 4 46 35 5 4 119 16 4 14 4 82 50 4 5 4 5 4 38 4 56 51 4 60 4 56 4 30 4 69 36 4 26 4 50 22 39 37 4 24 4 119 41 4 59 4 49 4 30 4 17 60 4 28 4 28 4 109 37 4 38 4 60 4 0 30 4 46 4 38 4 51 4 36 6 4 44 4 41 4 34 4 
iteration 315 best: 1.35993 leader: 1.35993 time: 265729
119 24 8 0 37 8 34 33 8 0 48 4 5 4 0 24 4 60 4 43 26 8 97 37 4 60 4 15 48 12 77 41 8 24 7 8 98 49 8 119 5 12 92 5 4 32 4 63 19 4 60 4 60 4 5 4 17 25 4 9 4 28 4 64 7 8 0 5 8 112 5 4 56 4 119 11 16 55 16 51 31 4 47 4 60 4 34 4 103 45 4 60 4 9 4 49 46 8 5 8 39 5 4 5 4 33 4 9 4 6 60 8 70 60 4 5 4 5 4 21 4 26 22 8 0 60 4 23 60 8 18 5 8 38 39 8 98 30 4 44 4 15 4 119 5 4 47 4 4 60 4 49 4 5 4 119 10 4 47 4 117 36 4 12 4 19 4 91 60 4 44 4 0 14 4 5 4 71 17 16 5 16 58 56 26 46 4 15 4 119 33 4 22 4 5 4 33 24 4 45 4 0 5 16 47 16 73 25 32 60 4 35 4 0 24 16 33 16 44 35 4 44 4 16 4 62 5 4 60 4 31 14 4 11 4 37 4 65 23 4 42 4 60 52 39 4 66 5 5 46 4 60 9 60 4 113 40 16 7 16 119 60 4 25 4 39 4 76 13 43 20 4 5 58 5 4 17 29 4 22 4 5 4 49 60 16 45 16 34 41 4 27 4 94 38 4 50 4 20 4 96 21 4 48 60 36 4 0 60 4 38 4 25 4 22 4 82 60 4 60 4 24 4 21 4 99 20 4 31 4 13 28 60 4 25 26 4 45 4 33 4 107 28 4 5 60 23 4 81 22 4 43 32 60 4 0 35 4 60 4 74 51 51 32 4 46 35 5 4 119 16 4 14 4 82 50 4 5 4 5 4 38 4 56 51 4 60 4 56 4 30 4 69 36 4 26 4 50 22 39 37 4 24 4 119 41 4 59 4 49 4 30 4 17 60 4 28 4 28 4 109 37 4 38 4 60 4 0 30 4 46 4 38 4 51 4 36 6 4 44 4 41 4 34 4 
iteration 324 best: 1.35993 leader: 1.35993 time: 273316
119 24 8 0 37 8 34 33 8 0 48 4 5 4 0 24 4 60 4 43 26 8 97 37 4 60 4 15 48 12 77 41 8 24 7 8 98 49 8 119 5 12 92 5 4 32 4 63 19 4 60 4 60 4 5 4 17 25 4 9 4 28 4 64 7 8 0 5 8 112 5 4 56 4 119 11 16 55 16 51 31 4 47 4 60 4 34 4 103 45 4 60 4 9 4 49 46 8 5 8 39 5 4 5 4 33 4 9 4 6 60 8 70 60 4 5 4 5 4 21 4 26 22 8 0 60 4 23 60 8 18 5 8 38 39 8 98 30 4 44 4 15 4 119 5 4 47 4 4 60 4 49 4 5 4 119 10 4 47 4 117 36 4 12 4 19 4 91 60 4 44 4 0 14 4 5 4 71 17 16 5 16 58 56 26 46 4 15 4 119 33 4 22 4 5 4 33 24 4 45 4 0 5 16 47 16 73 25 32 60 4 35 4 0 24 16 33 16 44 35 4 44 4 16 4 62 5 4 60 4 31 14 4 11 4 37 4 65 23 4 42 4 60 52 39 4 66 5 5 46 4 60 9 60 4 113 40 16 7 16 119 60 4 25 4 39 4 76 13 43 20 4 5 58 5 4 17 29 4 22 4 5 4 49 60 16 45 16 34 41 4 27 4 94 38 4 50 4 20 4 96 21 4 48 60 36 4 0 60 4 38 4 25 4 22 4 82 60 4 60 4 24 4 21 4 99 20 4 31 4 13 28 60 4 25 26 4 45 4 33 4 107 28 4 5 60 23 4 81 22 4 43 32 60 4 0 35 4 60 4 74 51 51 32 4 46 35 5 4 119 16 4 14 4 82 50 4 5 4 5 4 38 4 56 51 4 60 4 56 4 30 4 69 36 4 26 4 50 22 39 37 4 24 4 119 41 4 59 4 49 4 30 4 17 60 4 28 4 28 4 109 37 4 38 4 60 4 0 30 4 46 4 38 4 51 4 36 6 4 44 4 41 4 34 4 
iteration 333 best: 1.35993 leader: 1.35993 time: 280919
119 24 8 0 37 8 34 33 8 0 48 4 5 4 0 24 4 60 4 43 26 8 97 37 4 60 4 15 48 12 77 41 8 24 7 8 98 49 8 119 5 12 92 5 4 32 4 63 19 4 60 4 60 4 5 4 17 25 4 9 4 28 4 64 7 8 0 5 8 112 5 4 56 4 119 11 16 55 16 51 31 4 47 4 60 4 34 4 103 45 4 60 4 9 4 49 46 8 5 8 39 5 4 5 4 33 4 9 4 6 60 8 70 60 4 5 4 5 4 21 4 26 22 8 0 60 4 23 60 8 18 5 8 38 39 8 98 30 4 44 4 15 4 119 5 4 47 4 4 60 4 49 4 5 4 119 10 4 47 4 117 36 4 12 4 19 4 91 60 4 44 4 0 14 4 5 4 71 17 16 5 16 58 56 26 46 4 15 4 119 33 4 22 4 5 4 33 24 4 45 4 0 5 16 47 16 73 25 32 60 4 35 4 0 24 16 33 16 44 35 4 44 4 16 4 62 5 4 60 4 31 14 4 11 4 37 4 65 23 4 42 4 60 52 39 4 66 5 5 46 4 60 9 60 4 113 40 16 7 16 119 60 4 25 4 39 4 76 13 43 20 4 5 58 5 4 17 29 4 22 4 5 4 49 60 16 45 16 34 41 4 27 4 94 38 4 50 4 20 4 96 21 4 48 60 36 4 0 60 4 38 4 25 4 22 4 82 60 4 60 4 24 4 21 4 99 20 4 31 4 13 28 60 4 25 26 4 45 4 33 4 107 28 4 5 60 23 4 81 22 4 43 32 60 4 0 35 4 60 4 74 51 51 32 4 46 35 5 4 119 16 4 14 4 82 50 4 5 4 5 4 38 4 56 51 4 60 4 56 4 30 4 69 36 4 26 4 50 22 39 37 4 24 4 119 41 4 59 4 49 4 30 4 17 60 4 28 4 28 4 109 37 4 38 4 60 4 0 30 4 46 4 38 4 51 4 36 6 4 44 4 41 4 34 4 
iteration 342 best: 1.35993 leader: 1.35993 time: 288520
119 24 8 0 37 8 34 33 8 0 48 4 5 4 0 24 4 60 4 43 26 8 97 37 4 60 4 15 48 12 77 41 8 24 7 8 98 49 8 119 5 12 92 5 4 32 4 63 19 4 60 4 60 4 5 4 17 25 4 9 4 28 4 64 7 8 0 5 8 112 5 4 56 4 119 11 16 55 16 51 31 4 47 4 60 4 34 4 103 45 4 60 4 9 4 49 46 8 5 8 39 5 4 5 4 33 4 9 4 6 60 8 70 60 4 5 4 5 4 21 4 26 22 8 0 60 4 23 60 8 18 5 8 38 39 8 98 30 4 44 4 15 4 119 5 4 47 4 4 60 4 49 4 5 4 119 10 4 47 4 117 36 4 12 4 19 4 91 60 4 44 4 0 14 4 5 4 71 17 16 5 16 58 56 26 46 4 15 4 119 33 4 22 4 5 4 33 24 4 45 4 0 5 16 47 16 73 25 32 60 4 35 4 0 24 16 33 16 44 35 4 44 4 16 4 62 5 4 60 4 31 14 4 11 4 37 4 65 23 4 42 4 60 52 39 4 66 5 5 46 4 60 9 60 4 113 40 16 7 16 119 60 4 25 4 39 4 76 13 43 20 4 5 58 5 4 17 29 4 22 4 5 4 49 60 16 45 16 34 41 4 27 4 94 38 4 50 4 20 4 96 21 4 48 60 36 4 0 60 4 38 4 25 4 22 4 82 60 4 60 4 24 4 21 4 99 20 4 31 4 13 28 60 4 25 26 4 45 4 33 4 107 28 4 5 60 23 4 81 22 4 43 32 60 4 0 35 4 60 4 74 51 51 32 4 46 35 5 4 119 16 4 14 4 82 50 4 5 4 5 4 38 4 56 51 4 60 4 56 4 30 4 69 36 4 26 4 50 22 39 37 4 24 4 119 41 4 59 4 49 4 30 4 17 60 4 28 4 28 4 109 37 4 38 4 60 4 0 30 4 46 4 38 4 51 4 36 6 4 44 4 41 4 34 4 
iteration 351 best: 1.35993 leader: 1.35993 time: 296103
119 24 8 0 37 8 34 33 8 0 48 4 5 4 0 24 4 60 4 43 26 8 97 37 4 60 4 15 48 12 77 41 8 24 7 8 98 49 8 119 5 12 92 5 4 32 4 63 19 4 60 4 60 4 5 4 17 25 4 9 4 28 4 64 7 8 0 5 8 112 5 4 56 4 119 11 16 55 16 51 31 4 47 4 60 4 34 4 103 45 4 60 4 9 4 49 46 8 5 8 39 5 4 5 4 33 4 9 4 6 60 8 70 60 4 5 4 5 4 21 4 26 22 8 0 60 4 23 60 8 18 5 8 38 39 8 98 30 4 44 4 15 4 119 5 4 47 4 4 60 4 49 4 5 4 119 10 4 47 4 117 36 4 12 4 19 4 91 60 4 44 4 0 14 4 5 4 71 17 16 5 16 58 56 26 46 4 15 4 119 33 4 22 4 5 4 33 24 4 45 4 0 5 16 47 16 73 25 32 60 4 35 4 0 24 16 33 16 44 35 4 44 4 16 4 62 5 4 60 4 31 14 4 11 4 37 4 65 23 4 42 4 60 52 39 4 66 5 5 46 4 60 9 60 4 113 40 16 7 16 119 60 4 25 4 39 4 76 13 43 20 4 5 58 5 4 17 29 4 22 4 5 4 49 60 16 45 16 34 41 4 27 4 94 38 4 50 4 20 4 96 21 4 48 60 36 4 0 60 4 38 4 25 4 22 4 82 60 4 60 4 24 4 21 4 99 20 4 31 4 13 28 60 4 25 26 4 45 4 33 4 107 28 4 5 60 23 4 81 22 4 43 32 60 4 0 35 4 60 4 74 51 51 32 4 46 35 5 4 119 16 4 14 4 82 50 4 5 4 5 4 38 4 56 51 4 60 4 56 4 30 4 69 36 4 26 4 50 22 39 37 4 24 4 119 41 4 59 4 49 4 30 4 17 60 4 28 4 28 4 109 37 4 38 4 60 4 0 30 4 46 4 38 4 51 4 36 6 4 44 4 41 4 34 4 
iteration 360 best: 1.35993 leader: 1.35993 time: 303643
119 24 8 0 37 8 34 33 8 0 48 4 5 4 0 24 4 60 4 43 26 8 97 37 4 60 4 15 48 12 77 41 8 24 7 8 98 49 8 119 5 12 92 5 4 32 4 63 19 4 60 4 60 4 5 4 17 25 4 9 4 28 4 64 7 8 0 5 8 112 5 4 56 4 119 11 16 55 16 51 31 4 47 4 60 4 34 4 103 45 4 60 4 9 4 49 46 8 5 8 39 5 4 5 4 33 4 9 4 6 60 8 70 60 4 5 4 5 4 21 4 26 22 8 0 60 4 23 60 8 18 5 8 38 39 8 98 30 4 44 4 15 4 119 5 4 47 4 4 60 4 49 4 5 4 119 10 4 47 4 117 36 4 12 4 19 4 91 60 4 44 4 0 14 4 5 4 71 17 16 5 16 58 56 26 46 4 15 4 119 33 4 22 4 5 4 33 24 4 45 4 0 5 16 47 16 73 25 32 60 4 35 4 0 24 16 33 16 44 35 4 44 4 16 4 62 5 4 60 4 31 14 4 11 4 37 4 65 23 4 42 4 60 52 39 4 66 5 5 46 4 60 9 60 4 113 40 16 7 16 119 60 4 25 4 39 4 76 13 43 20 4 5 58 5 4 17 29 4 22 4 5 4 49 60 16 45 16 34 41 4 27 4 94 38 4 50 4 20 4 96 21 4 48 60 36 4 0 60 4 38 4 25 4 22 4 82 60 4 60 4 24 4 21 4 99 20 4 31 4 13 28 60 4 25 26 4 45 4 33 4 107 28 4 5 60 23 4 81 22 4 43 32 60 4 0 35 4 60 4 74 51 51 32 4 46 35 5 4 119 16 4 14 4 82 50 4 5 4 5 4 38 4 56 51 4 60 4 56 4 30 4 69 36 4 26 4 50 22 39 37 4 24 4 119 41 4 59 4 49 4 30 4 17 60 4 28 4 28 4 109 37 4 38 4 60 4 0 30 4 46 4 38 4 51 4 36 6 4 44 4 41 4 34 4 
iteration 369 best: 1.35993 leader: 1.35993 time: 311159
119 24 8 0 37 8 34 33 8 0 48 4 5 4 0 24 4 60 4 43 26 8 97 37 4 60 4 15 48 12 77 41 8 24 7 8 98 49 8 119 5 12 92 5 4 32 4 63 19 4 60 4 60 4 5 4 17 25 4 9 4 28 4 64 7 8 0 5 8 112 5 4 56 4 119 11 16 55 16 51 31 4 47 4 60 4 34 4 103 45 4 60 4 9 4 49 46 8 5 8 39 5 4 5 4 33 4 9 4 6 60 8 70 60 4 5 4 5 4 21 4 26 22 8 0 60 4 23 60 8 18 5 8 38 39 8 98 30 4 44 4 15 4 119 5 4 47 4 4 60 4 49 4 5 4 119 10 4 47 4 117 36 4 12 4 19 4 91 60 4 44 4 0 14 4 5 4 71 17 16 5 16 58 56 26 46 4 15 4 119 33 4 22 4 5 4 33 24 4 45 4 0 5 16 47 16 73 25 32 60 4 35 4 0 24 16 33 16 44 35 4 44 4 16 4 62 5 4 60 4 31 14 4 11 4 37 4 65 23 4 42 4 60 52 39 4 66 5 5 46 4 60 9 60 4 113 40 16 7 16 119 60 4 25 4 39 4 76 13 43 20 4 5 58 5 4 17 29 4 22 4 5 4 49 60 16 45 16 34 41 4 27 4 94 38 4 50 4 20 4 96 21 4 48 60 36 4 0 60 4 38 4 25 4 22 4 82 60 4 60 4 24 4 21 4 99 20 4 31 4 13 28 60 4 25 26 4 45 4 33 4 107 28 4 5 60 23 4 81 22 4 43 32 60 4 0 35 4 60 4 74 51 51 32 4 46 35 5 4 119 16 4 14 4 82 50 4 5 4 5 4 38 4 56 51 4 60 4 56 4 30 4 69 36 4 26 4 50 22 39 37 4 24 4 119 41 4 59 4 49 4 30 4 17 60 4 28 4 28 4 109 37 4 38 4 60 4 0 30 4 46 4 38 4 51 4 36 6 4 44 4 41 4 34 4 
iteration 378 best: 1.35993 leader: 1.35993 time: 318722
119 24 8 0 37 8 34 33 8 0 48 4 5 4 0 24 4 60 4 43 26 8 97 37 4 60 4 15 48 12 77 41 8 24 7 8 98 49 8 119 5 12 92 5 4 32 4 63 19 4 60 4 60 4 5 4 17 25 4 9 4 28 4 64 7 8 0 5 8 112 5 4 56 4 119 11 16 55 16 51 31 4 47 4 60 4 34 4 103 45 4 60 4 9 4 49 46 8 5 8 39 5 4 5 4 33 4 9 4 6 60 8 70 60 4 5 4 5 4 21 4 26 22 8 0 60 4 23 60 8 18 5 8 38 39 8 98 30 4 44 4 15 4 119 5 4 47 4 4 60 4 49 4 5 4 119 10 4 47 4 117 36 4 12 4 19 4 91 60 4 44 4 0 14 4 5 4 71 17 16 5 16 58 56 26 46 4 15 4 119 33 4 22 4 5 4 33 24 4 45 4 0 5 16 47 16 73 25 32 60 4 35 4 0 24 16 33 16 44 35 4 44 4 16 4 62 5 4 60 4 31 14 4 11 4 37 4 65 23 4 42 4 60 52 39 4 66 5 5 46 4 60 9 60 4 113 40 16 7 16 119 60 4 25 4 39 4 76 13 43 20 4 5 58 5 4 17 29 4 22 4 5 4 49 60 16 45 16 34 41 4 27 4 94 38 4 50 4 20 4 96 21 4 48 60 36 4 0 60 4 38 4 25 4 22 4 82 60 4 60 4 24 4 21 4 99 20 4 31 4 13 28 60 4 25 26 4 45 4 33 4 107 28 4 5 60 23 4 81 22 4 43 32 60 4 0 35 4 60 4 74 51 51 32 4 46 35 5 4 119 16 4 14 4 82 50 4 5 4 5 4 38 4 56 51 4 60 4 56 4 30 4 69 36 4 26 4 50 22 39 37 4 24 4 119 41 4 59 4 49 4 30 4 17 60 4 28 4 28 4 109 37 4 38 4 60 4 0 30 4 46 4 38 4 51 4 36 6 4 44 4 41 4 34 4 
iteration 387 best: 1.35993 leader: 1.35993 time: 326235
119 24 8 0 37 8 34 33 8 0 48 4 5 4 0 24 4 60 4 43 26 8 97 37 4 60 4 15 48 12 77 41 8 24 7 8 98 49 8 119 5 12 92 5 4 32 4 63 19 4 60 4 60 4 5 4 17 25 4 9 4 28 4 64 7 8 0 5 8 112 5 4 56 4 119 11 16 55 16 51 31 4 47 4 60 4 34 4 103 45 4 60 4 9 4 49 46 8 5 8 39 5 4 5 4 33 4 9 4 6 60 8 70 60 4 5 4 5 4 21 4 26 22 8 0 60 4 23 60 8 18 5 8 38 39 8 98 30 4 44 4 15 4 119 5 4 47 4 4 60 4 49 4 5 4 119 10 4 47 4 117 36 4 12 4 19 4 91 60 4 44 4 0 14 4 5 4 71 17 16 5 16 58 56 26 46 4 15 4 119 33 4 22 4 5 4 33 24 4 45 4 0 5 16 47 16 73 25 32 60 4 35 4 0 24 16 33 16 44 35 4 44 4 16 4 62 5 4 60 4 31 14 4 11 4 37 4 65 23 4 42 4 60 52 39 4 66 5 5 46 4 60 9 60 4 113 40 16 7 16 119 60 4 25 4 39 4 76 13 43 20 4 5 58 5 4 17 29 4 22 4 5 4 49 60 16 45 16 34 41 4 27 4 94 38 4 50 4 20 4 96 21 4 48 60 36 4 0 60 4 38 4 25 4 22 4 82 60 4 60 4 24 4 21 4 99 20 4 31 4 13 28 60 4 25 26 4 45 4 33 4 107 28 4 5 60 23 4 81 22 4 43 32 60 4 0 35 4 60 4 74 51 51 32 4 46 35 5 4 119 16 4 14 4 82 50 4 5 4 5 4 38 4 56 51 4 60 4 56 4 30 4 69 36 4 26 4 50 22 39 37 4 24 4 119 41 4 59 4 49 4 30 4 17 60 4 28 4 28 4 109 37 4 38 4 60 4 0 30 4 46 4 38 4 51 4 36 6 4 44 4 41 4 34 4 
iteration 396 best: 1.35993 leader: 1.35993 time: 333785
119 24 8 0 37 8 34 33 8 0 48 4 5 4 0 24 4 60 4 43 26 8 97 37 4 60 4 15 48 12 77 41 8 24 7 8 98 49 8 119 5 12 92 5 4 32 4 63 19 4 60 4 60 4 5 4 17 25 4 9 4 28 4 64 7 8 0 5 8 112 5 4 56 4 119 11 16 55 16 51 31 4 47 4 60 4 34 4 103 45 4 60 4 9 4 49 46 8 5 8 39 5 4 5 4 33 4 9 4 6 60 8 70 60 4 5 4 5 4 21 4 26 22 8 0 60 4 23 60 8 18 5 8 38 39 8 98 30 4 44 4 15 4 119 5 4 47 4 4 60 4 49 4 5 4 119 10 4 47 4 117 36 4 12 4 19 4 91 60 4 44 4 0 14 4 5 4 71 17 16 5 16 58 56 26 46 4 15 4 119 33 4 22 4 5 4 33 24 4 45 4 0 5 16 47 16 73 25 32 60 4 35 4 0 24 16 33 16 44 35 4 44 4 16 4 62 5 4 60 4 31 14 4 11 4 37 4 65 23 4 42 4 60 52 39 4 66 5 5 46 4 60 9 60 4 113 40 16 7 16 119 60 4 25 4 39 4 76 13 43 20 4 5 58 5 4 17 29 4 22 4 5 4 49 60 16 45 16 34 41 4 27 4 94 38 4 50 4 20 4 96 21 4 48 60 36 4 0 60 4 38 4 25 4 22 4 82 60 4 60 4 24 4 21 4 99 20 4 31 4 13 28 60 4 25 26 4 45 4 33 4 107 28 4 5 60 23 4 81 22 4 43 32 60 4 0 35 4 60 4 74 51 51 32 4 46 35 5 4 119 16 4 14 4 82 50 4 5 4 5 4 38 4 56 51 4 60 4 56 4 30 4 69 36 4 26 4 50 22 39 37 4 24 4 119 41 4 59 4 49 4 30 4 17 60 4 28 4 28 4 109 37 4 38 4 60 4 0 30 4 46 4 38 4 51 4 36 6 4 44 4 41 4 34 4 
iteration 405 best: 1.35993 leader: 1.35993 time: 341348
119 24 8 0 37 8 34 33 8 0 48 4 5 4 0 24 4 60 4 43 26 8 97 37 4 60 4 15 48 12 77 41 8 24 7 8 98 49 8 119 5 12 92 5 4 32 4 63 19 4 60 4 60 4 5 4 17 25 4 9 4 28 4 64 7 8 0 5 8 112 5 4 56 4 119 11 16 55 16 51 31 4 47 4 60 4 34 4 103 45 4 60 4 9 4 49 46 8 5 8 39 5 4 5 4 33 4 9 4 6 60 8 70 60 4 5 4 5 4 21 4 26 22 8 0 60 4 23 60 8 18 5 8 38 39 8 98 30 4 44 4 15 4 119 5 4 47 4 4 60 4 49 4 5 4 119 10 4 47 4 117 36 4 12 4 19 4 91 60 4 44 4 0 14 4 5 4 71 17 16 5 16 58 56 26 46 4 15 4 119 33 4 22 4 5 4 33 24 4 45 4 0 5 16 47 16 73 25 32 60 4 35 4 0 24 16 33 16 44 35 4 44 4 16 4 62 5 4 60 4 31 14 4 11 4 37 4 65 23 4 42 4 60 52 39 4 66 5 5 46 4 60 9 60 4 113 40 16 7 16 119 60 4 25 4 39 4 76 13 43 20 4 5 58 5 4 17 29 4 22 4 5 4 49 60 16 45 16 34 41 4 27 4 94 38 4 50 4 20 4 96 21 4 48 60 36 4 0 60 4 38 4 25 4 22 4 82 60 4 60 4 24 4 21 4 99 20 4 31 4 13 28 60 4 25 26 4 45 4 33 4 107 28 4 5 60 23 4 81 22 4 43 32 60 4 0 35 4 60 4 74 51 51 32 4 46 35 5 4 119 16 4 14 4 82 50 4 5 4 5 4 38 4 56 51 4 60 4 56 4 30 4 69 36 4 26 4 50 22 39 37 4 24 4 119 41 4 59 4 49 4 30 4 17 60 4 28 4 28 4 109 37 4 38 4 60 4 0 30 4 46 4 38 4 51 4 36 6 4 44 4 41 4 34 4 
iteration 414 best: 1.35993 leader: 1.35993 time: 348906
119 24 8 0 37 8 34 33 8 0 48 4 5 4 0 24 4 60 4 43 26 8 97 37 4 60 4 15 48 12 77 41 8 24 7 8 98 49 8 119 5 12 92 5 4 32 4 63 19 4 60 4 60 4 5 4 17 25 4 9 4 28 4 64 7 8 0 5 8 112 5 4 56 4 119 11 16 55 16 51 31 4 47 4 60 4 34 4 103 45 4 60 4 9 4 49 46 8 5 8 39 5 4 5 4 33 4 9 4 6 60 8 70 60 4 5 4 5 4 21 4 26 22 8 0 60 4 23 60 8 18 5 8 38 39 8 98 30 4 44 4 15 4 119 5 4 47 4 4 60 4 49 4 5 4 119 10 4 47 4 117 36 4 12 4 19 4 91 60 4 44 4 0 14 4 5 4 71 17 16 5 16 58 56 26 46 4 15 4 119 33 4 22 4 5 4 33 24 4 45 4 0 5 16 47 16 73 25 32 60 4 35 4 0 24 16 33 16 44 35 4 44 4 16 4 62 5 4 60 4 31 14 4 11 4 37 4 65 23 4 42 4 60 52 39 4 66 5 5 46 4 60 9 60 4 113 40 16 7 16 119 60 4 25 4 39 4 76 13 43 20 4 5 58 5 4 17 29 4 22 4 5 4 49 60 16 45 16 34 41 4 27 4 94 38 4 50 4 20 4 96 21 4 48 60 36 4 0 60 4 38 4 25 4 22 4 82 60 4 60 4 24 4 21 4 99 20 4 31 4 13 28 60 4 25 26 4 45 4 33 4 107 28 4 5 60 23 4 81 22 4 43 32 60 4 0 35 4 60 4 74 51 51 32 4 46 35 5 4 119 16 4 14 4 82 50 4 5 4 5 4 38 4 56 51 4 60 4 56 4 30 4 69 36 4 26 4 50 22 39 37 4 24 4 119 41 4 59 4 49 4 30 4 17 60 4 28 4 28 4 109 37 4 38 4 60 4 0 30 4 46 4 38 4 51 4 36 6 4 44 4 41 4 34 4 
iteration 423 best: 1.35993 leader: 1.35993 time: 356476
119 24 8 0 37 8 34 33 8 0 48 4 5 4 0 24 4 60 4 43 26 8 97 37 4 60 4 15 48 12 77 41 8 24 7 8 98 49 8 119 5 12 92 5 4 32 4 63 19 4 60 4 60 4 5 4 17 25 4 9 4 28 4 64 7 8 0 5 8 112 5 4 56 4 119 11 16 55 16 51 31 4 47 4 60 4 34 4 103 45 4 60 4 9 4 49 46 8 5 8 39 5 4 5 4 33 4 9 4 6 60 8 70 60 4 5 4 5 4 21 4 26 22 8 0 60 4 23 60 8 18 5 8 38 39 8 98 30 4 44 4 15 4 119 5 4 47 4 4 60 4 49 4 5 4 119 10 4 47 4 117 36 4 12 4 19 4 91 60 4 44 4 0 14 4 5 4 71 17 16 5 16 58 56 26 46 4 15 4 119 33 4 22 4 5 4 33 24 4 45 4 0 5 16 47 16 73 25 32 60 4 35 4 0 24 16 33 16 44 35 4 44 4 16 4 62 5 4 60 4 31 14 4 11 4 37 4 65 23 4 42 4 60 52 39 4 66 5 5 46 4 60 9 60 4 113 40 16 7 16 119 60 4 25 4 39 4 76 13 43 20 4 5 58 5 4 17 29 4 22 4 5 4 49 60 16 45 16 34 41 4 27 4 94 38 4 50 4 20 4 96 21 4 48 60 36 4 0 60 4 38 4 25 4 22 4 82 60 4 60 4 24 4 21 4 99 20 4 31 4 13 28 60 4 25 26 4 45 4 33 4 107 28 4 5 60 23 4 81 22 4 43 32 60 4 0 35 4 60 4 74 51 51 32 4 46 35 5 4 119 16 4 14 4 82 50 4 5 4 5 4 38 4 56 51 4 60 4 56 4 30 4 69 36 4 26 4 50 22 39 37 4 24 4 119 41 4 59 4 49 4 30 4 17 60 4 28 4 28 4 109 37 4 38 4 60 4 0 30 4 46 4 38 4 51 4 36 6 4 44 4 41 4 34 4 
iteration 432 best: 1.35993 leader: 1.35993 time: 364041
119 24 8 0 37 8 34 33 8 0 48 4 5 4 0 24 4 60 4 43 26 8 97 37 4 60 4 15 48 12 77 41 8 24 7 8 98 49 8 119 5 12 92 5 4 32 4 63 19 4 60 4 60 4 5 4 17 25 4 9 4 28 4 64 7 8 0 5 8 112 5 4 56 4 119 11 16 55 16 51 31 4 47 4 60 4 34 4 103 45 4 60 4 9 4 49 46 8 5 8 39 5 4 5 4 33 4 9 4 6 60 8 70 60 4 5 4 5 4 21 4 26 22 8 0 60 4 23 60 8 18 5 8 38 39 8 98 30 4 44 4 15 4 119 5 4 47 4 4 60 4 49 4 5 4 119 10 4 47 4 117 36 4 12 4 19 4 91 60 4 44 4 0 14 4 5 4 71 17 16 5 16 58 56 26 46 4 15 4 119 33 4 22 4 5 4 33 24 4 45 4 0 5 16 47 16 73 25 32 60 4 35 4 0 24 16 33 16 44 35 4 44 4 16 4 62 5 4 60 4 31 14 4 11 4 37 4 65 23 4 42 4 60 52 39 4 66 5 5 46 4 60 9 60 4 113 40 16 7 16 119 60 4 25 4 39 4 76 13 43 20 4 5 58 5 4 17 29 4 22 4 5 4 49 60 16 45 16 34 41 4 27 4 94 38 4 50 4 20 4 96 21 4 48 60 36 4 0 60 4 38 4 25 4 22 4 82 60 4 60 4 24 4 21 4 99 20 4 31 4 13 28 60 4 25 26 4 45 4 33 4 107 28 4 5 60 23 4 81 22 4 43 32 60 4 0 35 4 60 4 74 51 51 32 4 46 35 5 4 119 16 4 14 4 82 50 4 5 4 5 4 38 4 56 51 4 60 4 56 4 30 4 69 36 4 26 4 50 22 39 37 4 24 4 119 41 4 59 4 49 4 30 4 17 60 4 28 4 28 4 109 37 4 38 4 60 4 0 30 4 46 4 38 4 51 4 36 6 4 44 4 41 4 34 4 
iteration 441 best: 1.35993 leader: 1.35993 time: 371636
119 24 8 0 37 8 34 33 8 0 48 4 5 4 0 24 4 60 4 43 26 8 97 37 4 60 4 15 48 12 77 41 8 24 7 8 98 49 8 119 5 12 92 5 4 32 4 63 19 4 60 4 60 4 5 4 17 25 4 9 4 28 4 64 7 8 0 5 8 112 5 4 56 4 119 11 16 55 16 51 31 4 47 4 60 4 34 4 103 45 4 60 4 9 4 49 46 8 5 8 39 5 4 5 4 33 4 9 4 6 60 8 70 60 4 5 4 5 4 21 4 26 22 8 0 60 4 23 60 8 18 5 8 38 39 8 98 30 4 44 4 15 4 119 5 4 47 4 4 60 4 49 4 5 4 119 10 4 47 4 117 36 4 12 4 19 4 91 60 4 44 4 0 14 4 5 4 71 17 16 5 16 58 56 26 46 4 15 4 119 33 4 22 4 5 4 33 24 4 45 4 0 5 16 47 16 73 25 32 60 4 35 4 0 24 16 33 16 44 35 4 44 4 16 4 62 5 4 60 4 31 14 4 11 4 37 4 65 23 4 42 4 60 52 39 4 66 5 5 46 4 60 9 60 4 113 40 16 7 16 119 60 4 25 4 39 4 76 13 43 20 4 5 58 5 4 17 29 4 22 4 5 4 49 60 16 45 16 34 41 4 27 4 94 38 4 50 4 20 4 96 21 4 48 60 36 4 0 60 4 38 4 25 4 22 4 82 60 4 60 4 24 4 21 4 99 20 4 31 4 13 28 60 4 25 26 4 45 4 33 4 107 28 4 5 60 23 4 81 22 4 43 32 60 4 0 35 4 60 4 74 51 51 32 4 46 35 5 4 119 16 4 14 4 82 50 4 5 4 5 4 38 4 56 51 4 60 4 56 4 30 4 69 36 4 26 4 50 22 39 37 4 24 4 119 41 4 59 4 49 4 30 4 17 60 4 28 4 28 4 109 37 4 38 4 60 4 0 30 4 46 4 38 4 51 4 36 6 4 44 4 41 4 34 4 
iteration 450 best: 1.35993 leader: 1.35993 time: 379206
119 24 8 0 37 8 34 33 8 0 48 4 5 4 0 24 4 60 4 43 26 8 97 37 4 60 4 15 48 12 77 41 8 24 7 8 98 49 8 119 5 12 92 5 4 32 4 63 19 4 60 4 60 4 5 4 17 25 4 9 4 28 4 64 7 8 0 5 8 112 5 4 56 4 119 11 16 55 16 51 31 4 47 4 60 4 34 4 103 45 4 60 4 9 4 49 46 8 5 8 39 5 4 5 4 33 4 9 4 6 60 8 70 60 4 5 4 5 4 21 4 26 22 8 0 60 4 23 60 8 18 5 8 38 39 8 98 30 4 44 4 15 4 119 5 4 47 4 4 60 4 49 4 5 4 119 10 4 47 4 117 36 4 12 4 19 4 91 60 4 44 4 0 14 4 5 4 71 17 16 5 16 58 56 26 46 4 15 4 119 33 4 22 4 5 4 33 24 4 45 4 0 5 16 47 16 73 25 32 60 4 35 4 0 24 16 33 16 44 35 4 44 4 16 4 62 5 4 60 4 31 14 4 11 4 37 4 65 23 4 42 4 60 52 39 4 66 5 5 46 4 60 9 60 4 113 40 16 7 16 119 60 4 25 4 39 4 76 13 43 20 4 5 58 5 4 17 29 4 22 4 5 4 49 60 16 45 16 34 41 4 27 4 94 38 4 50 4 20 4 96 21 4 48 60 36 4 0 60 4 38 4 25 4 22 4 82 60 4 60 4 24 4 21 4 99 20 4 31 4 13 28 60 4 25 26 4 45 4 33 4 107 28 4 5 60 23 4 81 22 4 43 32 60 4 0 35 4 60 4 74 51 51 32 4 46 35 5 4 119 16 4 14 4 82 50 4 5 4 5 4 38 4 56 51 4 60 4 56 4 30 4 69 36 4 26 4 50 22 39 37 4 24 4 119 41 4 59 4 49 4 30 4 17 60 4 28 4 28 4 109 37 4 38 4 60 4 0 30 4 46 4 38 4 51 4 36 6 4 44 4 41 4 34 4 
iteration 459 best: 1.35993 leader: 1.35993 time: 386762
119 24 8 0 37 8 34 33 8 0 48 4 5 4 0 24 4 60 4 43 26 8 97 37 4 60 4 15 48 12 77 41 8 24 7 8 98 49 8 119 5 12 92 5 4 32 4 63 19 4 60 4 60 4 5 4 17 25 4 9 4 28 4 64 7 8 0 5 8 112 5 4 56 4 119 11 16 55 16 51 31 4 47 4 60 4 34 4 103 45 4 60 4 9 4 49 46 8 5 8 39 5 4 5 4 33 4 9 4 6 60 8 70 60 4 5 4 5 4 21 4 26 22 8 0 60 4 23 60 8 18 5 8 38 39 8 98 30 4 44 4 15 4 119 5 4 47 4 4 60 4 49 4 5 4 119 10 4 47 4 117 36 4 12 4 19 4 91 60 4 44 4 0 14 4 5 4 71 17 16 5 16 58 56 26 46 4 15 4 119 33 4 22 4 5 4 33 24 4 45 4 0 5 16 47 16 73 25 32 60 4 35 4 0 24 16 33 16 44 35 4 44 4 16 4 62 5 4 60 4 31 14 4 11 4 37 4 65 23 4 42 4 60 52 39 4 66 5 5 46 4 60 9 60 4 113 40 16 7 16 119 60 4 25 4 39 4 76 13 43 20 4 5 58 5 4 17 29 4 22 4 5 4 49 60 16 45 16 34 41 4 27 4 94 38 4 50 4 20 4 96 21 4 48 60 36 4 0 60 4 38 4 25 4 22 4 82 60 4 60 4 24 4 21 4 99 20 4 31 4 13 28 60 4 25 26 4 45 4 33 4 107 28 4 5 60 23 4 81 22 4 43 32 60 4 0 35 4 60 4 74 51 51 32 4 46 35 5 4 119 16 4 14 4 82 50 4 5 4 5 4 38 4 56 51 4 60 4 56 4 30 4 69 36 4 26 4 50 22 39 37 4 24 4 119 41 4 59 4 49 4 30 4 17 60 4 28 4 28 4 109 37 4 38 4 60 4 0 30 4 46 4 38 4 51 4 36 6 4 44 4 41 4 34 4 
iteration 468 best: 1.35993 leader: 1.35993 time: 394350
119 24 8 0 37 8 34 33 8 0 48 4 5 4 0 24 4 60 4 43 26 8 97 37 4 60 4 15 48 12 77 41 8 24 7 8 98 49 8 119 5 12 92 5 4 32 4 63 19 4 60 4 60 4 5 4 17 25 4 9 4 28 4 64 7 8 0 5 8 112 5 4 56 4 119 11 16 55 16 51 31 4 47 4 60 4 34 4 103 45 4 60 4 9 4 49 46 8 5 8 39 5 4 5 4 33 4 9 4 6 60 8 70 60 4 5 4 5 4 21 4 26 22 8 0 60 4 23 60 8 18 5 8 38 39 8 98 30 4 44 4 15 4 119 5 4 47 4 4 60 4 49 4 5 4 119 10 4 47 4 117 36 4 12 4 19 4 91 60 4 44 4 0 14 4 5 4 71 17 16 5 16 58 56 26 46 4 15 4 119 33 4 22 4 5 4 33 24 4 45 4 0 5 16 47 16 73 25 32 60 4 35 4 0 24 16 33 16 44 35 4 44 4 16 4 62 5 4 60 4 31 14 4 11 4 37 4 65 23 4 42 4 60 52 39 4 66 5 5 46 4 60 9 60 4 113 40 16 7 16 119 60 4 25 4 39 4 76 13 43 20 4 5 58 5 4 17 29 4 22 4 5 4 49 60 16 45 16 34 41 4 27 4 94 38 4 50 4 20 4 96 21 4 48 60 36 4 0 60 4 38 4 25 4 22 4 82 60 4 60 4 24 4 21 4 99 20 4 31 4 13 28 60 4 25 26 4 45 4 33 4 107 28 4 5 60 23 4 81 22 4 43 32 60 4 0 35 4 60 4 74 51 51 32 4 46 35 5 4 119 16 4 14 4 82 50 4 5 4 5 4 38 4 56 51 4 60 4 56 4 30 4 69 36 4 26 4 50 22 39 37 4 24 4 119 41 4 59 4 49 4 30 4 17 60 4 28 4 28 4 109 37 4 38 4 60 4 0 30 4 46 4 38 4 51 4 36 6 4 44 4 41 4 34 4 
iteration 477 best: 1.35993 leader: 1.35993 time: 401940
119 24 8 0 37 8 34 33 8 0 48 4 5 4 0 24 4 60 4 43 26 8 97 37 4 60 4 15 48 12 77 41 8 24 7 8 98 49 8 119 5 12 92 5 4 32 4 63 19 4 60 4 60 4 5 4 17 25 4 9 4 28 4 64 7 8 0 5 8 112 5 4 56 4 119 11 16 55 16 51 31 4 47 4 60 4 34 4 103 45 4 60 4 9 4 49 46 8 5 8 39 5 4 5 4 33 4 9 4 6 60 8 70 60 4 5 4 5 4 21 4 26 22 8 0 60 4 23 60 8 18 5 8 38 39 8 98 30 4 44 4 15 4 119 5 4 47 4 4 60 4 49 4 5 4 119 10 4 47 4 117 36 4 12 4 19 4 91 60 4 44 4 0 14 4 5 4 71 17 16 5 16 58 56 26 46 4 15 4 119 33 4 22 4 5 4 33 24 4 45 4 0 5 16 47 16 73 25 32 60 4 35 4 0 24 16 33 16 44 35 4 44 4 16 4 62 5 4 60 4 31 14 4 11 4 37 4 65 23 4 42 4 60 52 39 4 66 5 5 46 4 60 9 60 4 113 40 16 7 16 119 60 4 25 4 39 4 76 13 43 20 4 5 58 5 4 17 29 4 22 4 5 4 49 60 16 45 16 34 41 4 27 4 94 38 4 50 4 20 4 96 21 4 48 60 36 4 0 60 4 38 4 25 4 22 4 82 60 4 60 4 24 4 21 4 99 20 4 31 4 13 28 60 4 25 26 4 45 4 33 4 107 28 4 5 60 23 4 81 22 4 43 32 60 4 0 35 4 60 4 74 51 51 32 4 46 35 5 4 119 16 4 14 4 82 50 4 5 4 5 4 38 4 56 51 4 60 4 56 4 30 4 69 36 4 26 4 50 22 39 37 4 24 4 119 41 4 59 4 49 4 30 4 17 60 4 28 4 28 4 109 37 4 38 4 60 4 0 30 4 46 4 38 4 51 4 36 6 4 44 4 41 4 34 4 
iteration 486 best: 1.35993 leader: 1.35993 time: 409494
119 24 8 0 37 8 34 33 8 0 48 4 5 4 0 24 4 60 4 43 26 8 97 37 4 60 4 15 48 12 77 41 8 24 7 8 98 49 8 119 5 12 92 5 4 32 4 63 19 4 60 4 60 4 5 4 17 25 4 9 4 28 4 64 7 8 0 5 8 112 5 4 56 4 119 11 16 55 16 51 31 4 47 4 60 4 34 4 103 45 4 60 4 9 4 49 46 8 5 8 39 5 4 5 4 33 4 9 4 6 60 8 70 60 4 5 4 5 4 21 4 26 22 8 0 60 4 23 60 8 18 5 8 38 39 8 98 30 4 44 4 15 4 119 5 4 47 4 4 60 4 49 4 5 4 119 10 4 47 4 117 36 4 12 4 19 4 91 60 4 44 4 0 14 4 5 4 71 17 16 5 16 58 56 26 46 4 15 4 119 33 4 22 4 5 4 33 24 4 45 4 0 5 16 47 16 73 25 32 60 4 35 4 0 24 16 33 16 44 35 4 44 4 16 4 62 5 4 60 4 31 14 4 11 4 37 4 65 23 4 42 4 60 52 39 4 66 5 5 46 4 60 9 60 4 113 40 16 7 16 119 60 4 25 4 39 4 76 13 43 20 4 5 58 5 4 17 29 4 22 4 5 4 49 60 16 45 16 34 41 4 27 4 94 38 4 50 4 20 4 96 21 4 48 60 36 4 0 60 4 38 4 25 4 22 4 82 60 4 60 4 24 4 21 4 99 20 4 31 4 13 28 60 4 25 26 4 45 4 33 4 107 28 4 5 60 23 4 81 22 4 43 32 60 4 0 35 4 60 4 74 51 51 32 4 46 35 5 4 119 16 4 14 4 82 50 4 5 4 5 4 38 4 56 51 4 60 4 56 4 30 4 69 36 4 26 4 50 22 39 37 4 24 4 119 41 4 59 4 49 4 30 4 17 60 4 28 4 28 4 109 37 4 38 4 60 4 0 30 4 46 4 38 4 51 4 36 6 4 44 4 41 4 34 4 
iteration 495 best: 1.35993 leader: 1.35993 time: 417060
119 24 8 0 37 8 34 33 8 0 48 4 5 4 0 24 4 60 4 43 26 8 97 37 4 60 4 15 48 12 77 41 8 24 7 8 98 49 8 119 5 12 92 5 4 32 4 63 19 4 60 4 60 4 5 4 17 25 4 9 4 28 4 64 7 8 0 5 8 112 5 4 56 4 119 11 16 55 16 51 31 4 47 4 60 4 34 4 103 45 4 60 4 9 4 49 46 8 5 8 39 5 4 5 4 33 4 9 4 6 60 8 70 60 4 5 4 5 4 21 4 26 22 8 0 60 4 23 60 8 18 5 8 38 39 8 98 30 4 44 4 15 4 119 5 4 47 4 4 60 4 49 4 5 4 119 10 4 47 4 117 36 4 12 4 19 4 91 60 4 44 4 0 14 4 5 4 71 17 16 5 16 58 56 26 46 4 15 4 119 33 4 22 4 5 4 33 24 4 45 4 0 5 16 47 16 73 25 32 60 4 35 4 0 24 16 33 16 44 35 4 44 4 16 4 62 5 4 60 4 31 14 4 11 4 37 4 65 23 4 42 4 60 52 39 4 66 5 5 46 4 60 9 60 4 113 40 16 7 16 119 60 4 25 4 39 4 76 13 43 20 4 5 58 5 4 17 29 4 22 4 5 4 49 60 16 45 16 34 41 4 27 4 94 38 4 50 4 20 4 96 21 4 48 60 36 4 0 60 4 38 4 25 4 22 4 82 60 4 60 4 24 4 21 4 99 20 4 31 4 13 28 60 4 25 26 4 45 4 33 4 107 28 4 5 60 23 4 81 22 4 43 32 60 4 0 35 4 60 4 74 51 51 32 4 46 35 5 4 119 16 4 14 4 82 50 4 5 4 5 4 38 4 56 51 4 60 4 56 4 30 4 69 36 4 26 4 50 22 39 37 4 24 4 119 41 4 59 4 49 4 30 4 17 60 4 28 4 28 4 109 37 4 38 4 60 4 0 30 4 46 4 38 4 51 4 36 6 4 44 4 41 4 34 4 
iteration 504 best: 1.35993 leader: 1.35993 time: 424611
119 24 8 0 37 8 34 33 8 0 48 4 5 4 0 24 4 60 4 43 26 8 97 37 4 60 4 15 48 12 77 41 8 24 7 8 98 49 8 119 5 12 92 5 4 32 4 63 19 4 60 4 60 4 5 4 17 25 4 9 4 28 4 64 7 8 0 5 8 112 5 4 56 4 119 11 16 55 16 51 31 4 47 4 60 4 34 4 103 45 4 60 4 9 4 49 46 8 5 8 39 5 4 5 4 33 4 9 4 6 60 8 70 60 4 5 4 5 4 21 4 26 22 8 0 60 4 23 60 8 18 5 8 38 39 8 98 30 4 44 4 15 4 119 5 4 47 4 4 60 4 49 4 5 4 119 10 4 47 4 117 36 4 12 4 19 4 91 60 4 44 4 0 14 4 5 4 71 17 16 5 16 58 56 26 46 4 15 4 119 33 4 22 4 5 4 33 24 4 45 4 0 5 16 47 16 73 25 32 60 4 35 4 0 24 16 33 16 44 35 4 44 4 16 4 62 5 4 60 4 31 14 4 11 4 37 4 65 23 4 42 4 60 52 39 4 66 5 5 46 4 60 9 60 4 113 40 16 7 16 119 60 4 25 4 39 4 76 13 43 20 4 5 58 5 4 17 29 4 22 4 5 4 49 60 16 45 16 34 41 4 27 4 94 38 4 50 4 20 4 96 21 4 48 60 36 4 0 60 4 38 4 25 4 22 4 82 60 4 60 4 24 4 21 4 99 20 4 31 4 13 28 60 4 25 26 4 45 4 33 4 107 28 4 5 60 23 4 81 22 4 43 32 60 4 0 35 4 60 4 74 51 51 32 4 46 35 5 4 119 16 4 14 4 82 50 4 5 4 5 4 38 4 56 51 4 60 4 56 4 30 4 69 36 4 26 4 50 22 39 37 4 24 4 119 41 4 59 4 49 4 30 4 17 60 4 28 4 28 4 109 37 4 38 4 60 4 0 30 4 46 4 38 4 51 4 36 6 4 44 4 41 4 34 4 
iteration 513 best: 1.35993 leader: 1.35993 time: 432171
119 24 8 0 37 8 34 33 8 0 48 4 5 4 0 24 4 60 4 43 26 8 97 37 4 60 4 15 48 12 77 41 8 24 7 8 98 49 8 119 5 12 92 5 4 32 4 63 19 4 60 4 60 4 5 4 17 25 4 9 4 28 4 64 7 8 0 5 8 112 5 4 56 4 119 11 16 55 16 51 31 4 47 4 60 4 34 4 103 45 4 60 4 9 4 49 46 8 5 8 39 5 4 5 4 33 4 9 4 6 60 8 70 60 4 5 4 5 4 21 4 26 22 8 0 60 4 23 60 8 18 5 8 38 39 8 98 30 4 44 4 15 4 119 5 4 47 4 4 60 4 49 4 5 4 119 10 4 47 4 117 36 4 12 4 19 4 91 60 4 44 4 0 14 4 5 4 71 17 16 5 16 58 56 26 46 4 15 4 119 33 4 22 4 5 4 33 24 4 45 4 0 5 16 47 16 73 25 32 60 4 35 4 0 24 16 33 16 44 35 4 44 4 16 4 62 5 4 60 4 31 14 4 11 4 37 4 65 23 4 42 4 60 52 39 4 66 5 5 46 4 60 9 60 4 113 40 16 7 16 119 60 4 25 4 39 4 76 13 43 20 4 5 58 5 4 17 29 4 22 4 5 4 49 60 16 45 16 34 41 4 27 4 94 38 4 50 4 20 4 96 21 4 48 60 36 4 0 60 4 38 4 25 4 22 4 82 60 4 60 4 24 4 21 4 99 20 4 31 4 13 28 60 4 25 26 4 45 4 33 4 107 28 4 5 60 23 4 81 22 4 43 32 60 4 0 35 4 60 4 74 51 51 32 4 46 35 5 4 119 16 4 14 4 82 50 4 5 4 5 4 38 4 56 51 4 60 4 56 4 30 4 69 36 4 26 4 50 22 39 37 4 24 4 119 41 4 59 4 49 4 30 4 17 60 4 28 4 28 4 109 37 4 38 4 60 4 0 30 4 46 4 38 4 51 4 36 6 4 44 4 41 4 34 4 
iteration 522 best: 1.35993 leader: 1.35993 time: 439763
119 24 8 0 37 8 34 33 8 0 48 4 5 4 0 24 4 60 4 43 26 8 97 37 4 60 4 15 48 12 77 41 8 24 7 8 98 49 8 119 5 12 92 5 4 32 4 63 19 4 60 4 60 4 5 4 17 25 4 9 4 28 4 64 7 8 0 5 8 112 5 4 56 4 119 11 16 55 16 51 31 4 47 4 60 4 34 4 103 45 4 60 4 9 4 49 46 8 5 8 39 5 4 5 4 33 4 9 4 6 60 8 70 60 4 5 4 5 4 21 4 26 22 8 0 60 4 23 60 8 18 5 8 38 39 8 98 30 4 44 4 15 4 119 5 4 47 4 4 60 4 49 4 5 4 119 10 4 47 4 117 36 4 12 4 19 4 91 60 4 44 4 0 14 4 5 4 71 17 16 5 16 58 56 26 46 4 15 4 119 33 4 22 4 5 4 33 24 4 45 4 0 5 16 47 16 73 25 32 60 4 35 4 0 24 16 33 16 44 35 4 44 4 16 4 62 5 4 60 4 31 14 4 11 4 37 4 65 23 4 42 4 60 52 39 4 66 5 5 46 4 60 9 60 4 113 40 16 7 16 119 60 4 25 4 39 4 76 13 43 20 4 5 58 5 4 17 29 4 22 4 5 4 49 60 16 45 16 34 41 4 27 4 94 38 4 50 4 20 4 96 21 4 48 60 36 4 0 60 4 38 4 25 4 22 4 82 60 4 60 4 24 4 21 4 99 20 4 31 4 13 28 60 4 25 26 4 45 4 33 4 107 28 4 5 60 23 4 81 22 4 43 32 60 4 0 35 4 60 4 74 51 51 32 4 46 35 5 4 119 16 4 14 4 82 50 4 5 4 5 4 38 4 56 51 4 60 4 56 4 30 4 69 36 4 26 4 50 22 39 37 4 24 4 119 41 4 59 4 49 4 30 4 17 60 4 28 4 28 4 109 37 4 38 4 60 4 0 30 4 46 4 38 4 51 4 36 6 4 44 4 41 4 34 4 
iteration 531 best: 1.35993 leader: 1.35993 time: 447356
119 24 8 0 37 8 34 33 8 0 48 4 5 4 0 24 4 60 4 43 26 8 97 37 4 60 4 15 48 12 77 41 8 24 7 8 98 49 8 119 5 12 92 5 4 32 4 63 19 4 60 4 60 4 5 4 17 25 4 9 4 28 4 64 7 8 0 5 8 112 5 4 56 4 119 11 16 55 16 51 31 4 47 4 60 4 34 4 103 45 4 60 4 9 4 49 46 8 5 8 39 5 4 5 4 33 4 9 4 6 60 8 70 60 4 5 4 5 4 21 4 26 22 8 0 60 4 23 60 8 18 5 8 38 39 8 98 30 4 44 4 15 4 119 5 4 47 4 4 60 4 49 4 5 4 119 10 4 47 4 117 36 4 12 4 19 4 91 60 4 44 4 0 14 4 5 4 71 17 16 5 16 58 56 26 46 4 15 4 119 33 4 22 4 5 4 33 24 4 45 4 0 5 16 47 16 73 25 32 60 4 35 4 0 24 16 33 16 44 35 4 44 4 16 4 62 5 4 60 4 31 14 4 11 4 37 4 65 23 4 42 4 60 52 39 4 66 5 5 46 4 60 9 60 4 113 40 16 7 16 119 60 4 25 4 39 4 76 13 43 20 4 5 58 5 4 17 29 4 22 4 5 4 49 60 16 45 16 34 41 4 27 4 94 38 4 50 4 20 4 96 21 4 48 60 36 4 0 60 4 38 4 25 4 22 4 82 60 4 60 4 24 4 21 4 99 20 4 31 4 13 28 60 4 25 26 4 45 4 33 4 107 28 4 5 60 23 4 81 22 4 43 32 60 4 0 35 4 60 4 74 51 51 32 4 46 35 5 4 119 16 4 14 4 82 50 4 5 4 5 4 38 4 56 51 4 60 4 56 4 30 4 69 36 4 26 4 50 22 39 37 4 24 4 119 41 4 59 4 49 4 30 4 17 60 4 28 4 28 4 109 37 4 38 4 60 4 0 30 4 46 4 38 4 51 4 36 6 4 44 4 41 4 34 4 
iteration 540 best: 1.35993 leader: 1.35993 time: 454962
119 24 8 0 37 8 34 33 8 0 48 4 5 4 0 24 4 60 4 43 26 8 97 37 4 60 4 15 48 12 77 41 8 24 7 8 98 49 8 119 5 12 92 5 4 32 4 63 19 4 60 4 60 4 5 4 17 25 4 9 4 28 4 64 7 8 0 5 8 112 5 4 56 4 119 11 16 55 16 51 31 4 47 4 60 4 34 4 103 45 4 60 4 9 4 49 46 8 5 8 39 5 4 5 4 33 4 9 4 6 60 8 70 60 4 5 4 5 4 21 4 26 22 8 0 60 4 23 60 8 18 5 8 38 39 8 98 30 4 44 4 15 4 119 5 4 47 4 4 60 4 49 4 5 4 119 10 4 47 4 117 36 4 12 4 19 4 91 60 4 44 4 0 14 4 5 4 71 17 16 5 16 58 56 26 46 4 15 4 119 33 4 22 4 5 4 33 24 4 45 4 0 5 16 47 16 73 25 32 60 4 35 4 0 24 16 33 16 44 35 4 44 4 16 4 62 5 4 60 4 31 14 4 11 4 37 4 65 23 4 42 4 60 52 39 4 66 5 5 46 4 60 9 60 4 113 40 16 7 16 119 60 4 25 4 39 4 76 13 43 20 4 5 58 5 4 17 29 4 22 4 5 4 49 60 16 45 16 34 41 4 27 4 94 38 4 50 4 20 4 96 21 4 48 60 36 4 0 60 4 38 4 25 4 22 4 82 60 4 60 4 24 4 21 4 99 20 4 31 4 13 28 60 4 25 26 4 45 4 33 4 107 28 4 5 60 23 4 81 22 4 43 32 60 4 0 35 4 60 4 74 51 51 32 4 46 35 5 4 119 16 4 14 4 82 50 4 5 4 5 4 38 4 56 51 4 60 4 56 4 30 4 69 36 4 26 4 50 22 39 37 4 24 4 119 41 4 59 4 49 4 30 4 17 60 4 28 4 28 4 109 37 4 38 4 60 4 0 30 4 46 4 38 4 51 4 36 6 4 44 4 41 4 34 4 
iteration 549 best: 1.35993 leader: 1.35993 time: 462528
119 24 8 0 37 8 34 33 8 0 48 4 5 4 0 24 4 60 4 43 26 8 97 37 4 60 4 15 48 12 77 41 8 24 7 8 98 49 8 119 5 12 92 5 4 32 4 63 19 4 60 4 60 4 5 4 17 25 4 9 4 28 4 64 7 8 0 5 8 112 5 4 56 4 119 11 16 55 16 51 31 4 47 4 60 4 34 4 103 45 4 60 4 9 4 49 46 8 5 8 39 5 4 5 4 33 4 9 4 6 60 8 70 60 4 5 4 5 4 21 4 26 22 8 0 60 4 23 60 8 18 5 8 38 39 8 98 30 4 44 4 15 4 119 5 4 47 4 4 60 4 49 4 5 4 119 10 4 47 4 117 36 4 12 4 19 4 91 60 4 44 4 0 14 4 5 4 71 17 16 5 16 58 56 26 46 4 15 4 119 33 4 22 4 5 4 33 24 4 45 4 0 5 16 47 16 73 25 32 60 4 35 4 0 24 16 33 16 44 35 4 44 4 16 4 62 5 4 60 4 31 14 4 11 4 37 4 65 23 4 42 4 60 52 39 4 66 5 5 46 4 60 9 60 4 113 40 16 7 16 119 60 4 25 4 39 4 76 13 43 20 4 5 58 5 4 17 29 4 22 4 5 4 49 60 16 45 16 34 41 4 27 4 94 38 4 50 4 20 4 96 21 4 48 60 36 4 0 60 4 38 4 25 4 22 4 82 60 4 60 4 24 4 21 4 99 20 4 31 4 13 28 60 4 25 26 4 45 4 33 4 107 28 4 5 60 23 4 81 22 4 43 32 60 4 0 35 4 60 4 74 51 51 32 4 46 35 5 4 119 16 4 14 4 82 50 4 5 4 5 4 38 4 56 51 4 60 4 56 4 30 4 69 36 4 26 4 50 22 39 37 4 24 4 119 41 4 59 4 49 4 30 4 17 60 4 28 4 28 4 109 37 4 38 4 60 4 0 30 4 46 4 38 4 51 4 36 6 4 44 4 41 4 34 4 
iteration 558 best: 1.35993 leader: 1.35993 time: 470107
119 24 8 0 37 8 34 33 8 0 48 4 5 4 0 24 4 60 4 43 26 8 97 37 4 60 4 15 48 12 77 41 8 24 7 8 98 49 8 119 5 12 92 5 4 32 4 63 19 4 60 4 60 4 5 4 17 25 4 9 4 28 4 64 7 8 0 5 8 112 5 4 56 4 119 11 16 55 16 51 31 4 47 4 60 4 34 4 103 45 4 60 4 9 4 49 46 8 5 8 39 5 4 5 4 33 4 9 4 6 60 8 70 60 4 5 4 5 4 21 4 26 22 8 0 60 4 23 60 8 18 5 8 38 39 8 98 30 4 44 4 15 4 119 5 4 47 4 4 60 4 49 4 5 4 119 10 4 47 4 117 36 4 12 4 19 4 91 60 4 44 4 0 14 4 5 4 71 17 16 5 16 58 56 26 46 4 15 4 119 33 4 22 4 5 4 33 24 4 45 4 0 5 16 47 16 73 25 32 60 4 35 4 0 24 16 33 16 44 35 4 44 4 16 4 62 5 4 60 4 31 14 4 11 4 37 4 65 23 4 42 4 60 52 39 4 66 5 5 46 4 60 9 60 4 113 40 16 7 16 119 60 4 25 4 39 4 76 13 43 20 4 5 58 5 4 17 29 4 22 4 5 4 49 60 16 45 16 34 41 4 27 4 94 38 4 50 4 20 4 96 21 4 48 60 36 4 0 60 4 38 4 25 4 22 4 82 60 4 60 4 24 4 21 4 99 20 4 31 4 13 28 60 4 25 26 4 45 4 33 4 107 28 4 5 60 23 4 81 22 4 43 32 60 4 0 35 4 60 4 74 51 51 32 4 46 35 5 4 119 16 4 14 4 82 50 4 5 4 5 4 38 4 56 51 4 60 4 56 4 30 4 69 36 4 26 4 50 22 39 37 4 24 4 119 41 4 59 4 49 4 30 4 17 60 4 28 4 28 4 109 37 4 38 4 60 4 0 30 4 46 4 38 4 51 4 36 6 4 44 4 41 4 34 4 
iteration 567 best: 1.35993 leader: 1.35993 time: 477713
119 24 8 0 37 8 34 33 8 0 48 4 5 4 0 24 4 60 4 43 26 8 97 37 4 60 4 15 48 12 77 41 8 24 7 8 98 49 8 119 5 12 92 5 4 32 4 63 19 4 60 4 60 4 5 4 17 25 4 9 4 28 4 64 7 8 0 5 8 112 5 4 56 4 119 11 16 55 16 51 31 4 47 4 60 4 34 4 103 45 4 60 4 9 4 49 46 8 5 8 39 5 4 5 4 33 4 9 4 6 60 8 70 60 4 5 4 5 4 21 4 26 22 8 0 60 4 23 60 8 18 5 8 38 39 8 98 30 4 44 4 15 4 119 5 4 47 4 4 60 4 49 4 5 4 119 10 4 47 4 117 36 4 12 4 19 4 91 60 4 44 4 0 14 4 5 4 71 17 16 5 16 58 56 26 46 4 15 4 119 33 4 22 4 5 4 33 24 4 45 4 0 5 16 47 16 73 25 32 60 4 35 4 0 24 16 33 16 44 35 4 44 4 16 4 62 5 4 60 4 31 14 4 11 4 37 4 65 23 4 42 4 60 52 39 4 66 5 5 46 4 60 9 60 4 113 40 16 7 16 119 60 4 25 4 39 4 76 13 43 20 4 5 58 5 4 17 29 4 22 4 5 4 49 60 16 45 16 34 41 4 27 4 94 38 4 50 4 20 4 96 21 4 48 60 36 4 0 60 4 38 4 25 4 22 4 82 60 4 60 4 24 4 21 4 99 20 4 31 4 13 28 60 4 25 26 4 45 4 33 4 107 28 4 5 60 23 4 81 22 4 43 32 60 4 0 35 4 60 4 74 51 51 32 4 46 35 5 4 119 16 4 14 4 82 50 4 5 4 5 4 38 4 56 51 4 60 4 56 4 30 4 69 36 4 26 4 50 22 39 37 4 24 4 119 41 4 59 4 49 4 30 4 17 60 4 28 4 28 4 109 37 4 38 4 60 4 0 30 4 46 4 38 4 51 4 36 6 4 44 4 41 4 34 4 
iteration 576 best: 1.35993 leader: 1.35993 time: 485266
119 24 8 0 37 8 34 33 8 0 48 4 5 4 0 24 4 60 4 43 26 8 97 37 4 60 4 15 48 12 77 41 8 24 7 8 98 49 8 119 5 12 92 5 4 32 4 63 19 4 60 4 60 4 5 4 17 25 4 9 4 28 4 64 7 8 0 5 8 112 5 4 56 4 119 11 16 55 16 51 31 4 47 4 60 4 34 4 103 45 4 60 4 9 4 49 46 8 5 8 39 5 4 5 4 33 4 9 4 6 60 8 70 60 4 5 4 5 4 21 4 26 22 8 0 60 4 23 60 8 18 5 8 38 39 8 98 30 4 44 4 15 4 119 5 4 47 4 4 60 4 49 4 5 4 119 10 4 47 4 117 36 4 12 4 19 4 91 60 4 44 4 0 14 4 5 4 71 17 16 5 16 58 56 26 46 4 15 4 119 33 4 22 4 5 4 33 24 4 45 4 0 5 16 47 16 73 25 32 60 4 35 4 0 24 16 33 16 44 35 4 44 4 16 4 62 5 4 60 4 31 14 4 11 4 37 4 65 23 4 42 4 60 52 39 4 66 5 5 46 4 60 9 60 4 113 40 16 7 16 119 60 4 25 4 39 4 76 13 43 20 4 5 58 5 4 17 29 4 22 4 5 4 49 60 16 45 16 34 41 4 27 4 94 38 4 50 4 20 4 96 21 4 48 60 36 4 0 60 4 38 4 25 4 22 4 82 60 4 60 4 24 4 21 4 99 20 4 31 4 13 28 60 4 25 26 4 45 4 33 4 107 28 4 5 60 23 4 81 22 4 43 32 60 4 0 35 4 60 4 74 51 51 32 4 46 35 5 4 119 16 4 14 4 82 50 4 5 4 5 4 38 4 56 51 4 60 4 56 4 30 4 69 36 4 26 4 50 22 39 37 4 24 4 119 41 4 59 4 49 4 30 4 17 60 4 28 4 28 4 109 37 4 38 4 60 4 0 30 4 46 4 38 4 51 4 36 6 4 44 4 41 4 34 4 
iteration 585 best: 1.35993 leader: 1.35993 time: 492811
119 24 8 0 37 8 34 33 8 0 48 4 5 4 0 24 4 60 4 43 26 8 97 37 4 60 4 15 48 12 77 41 8 24 7 8 98 49 8 119 5 12 92 5 4 32 4 63 19 4 60 4 60 4 5 4 17 25 4 9 4 28 4 64 7 8 0 5 8 112 5 4 56 4 119 11 16 55 16 51 31 4 47 4 60 4 34 4 103 45 4 60 4 9 4 49 46 8 5 8 39 5 4 5 4 33 4 9 4 6 60 8 70 60 4 5 4 5 4 21 4 26 22 8 0 60 4 23 60 8 18 5 8 38 39 8 98 30 4 44 4 15 4 119 5 4 47 4 4 60 4 49 4 5 4 119 10 4 47 4 117 36 4 12 4 19 4 91 60 4 44 4 0 14 4 5 4 71 17 16 5 16 58 56 26 46 4 15 4 119 33 4 22 4 5 4 33 24 4 45 4 0 5 16 47 16 73 25 32 60 4 35 4 0 24 16 33 16 44 35 4 44 4 16 4 62 5 4 60 4 31 14 4 11 4 37 4 65 23 4 42 4 60 52 39 4 66 5 5 46 4 60 9 60 4 113 40 16 7 16 119 60 4 25 4 39 4 76 13 43 20 4 5 58 5 4 17 29 4 22 4 5 4 49 60 16 45 16 34 41 4 27 4 94 38 4 50 4 20 4 96 21 4 48 60 36 4 0 60 4 38 4 25 4 22 4 82 60 4 60 4 24 4 21 4 99 20 4 31 4 13 28 60 4 25 26 4 45 4 33 4 107 28 4 5 60 23 4 81 22 4 43 32 60 4 0 35 4 60 4 74 51 51 32 4 46 35 5 4 119 16 4 14 4 82 50 4 5 4 5 4 38 4 56 51 4 60 4 56 4 30 4 69 36 4 26 4 50 22 39 37 4 24 4 119 41 4 59 4 49 4 30 4 17 60 4 28 4 28 4 109 37 4 38 4 60 4 0 30 4 46 4 38 4 51 4 36 6 4 44 4 41 4 34 4 
iteration 594 best: 1.35993 leader: 1.35993 time: 500365
119 24 8 0 37 8 34 33 8 0 48 4 5 4 0 24 4 60 4 43 26 8 97 37 4 60 4 15 48 12 77 41 8 24 7 8 98 49 8 119 5 12 92 5 4 32 4 63 19 4 60 4 60 4 5 4 17 25 4 9 4 28 4 64 7 8 0 5 8 112 5 4 56 4 119 11 16 55 16 51 31 4 47 4 60 4 34 4 103 45 4 60 4 9 4 49 46 8 5 8 39 5 4 5 4 33 4 9 4 6 60 8 70 60 4 5 4 5 4 21 4 26 22 8 0 60 4 23 60 8 18 5 8 38 39 8 98 30 4 44 4 15 4 119 5 4 47 4 4 60 4 49 4 5 4 119 10 4 47 4 117 36 4 12 4 19 4 91 60 4 44 4 0 14 4 5 4 71 17 16 5 16 58 56 26 46 4 15 4 119 33 4 22 4 5 4 33 24 4 45 4 0 5 16 47 16 73 25 32 60 4 35 4 0 24 16 33 16 44 35 4 44 4 16 4 62 5 4 60 4 31 14 4 11 4 37 4 65 23 4 42 4 60 52 39 4 66 5 5 46 4 60 9 60 4 113 40 16 7 16 119 60 4 25 4 39 4 76 13 43 20 4 5 58 5 4 17 29 4 22 4 5 4 49 60 16 45 16 34 41 4 27 4 94 38 4 50 4 20 4 96 21 4 48 60 36 4 0 60 4 38 4 25 4 22 4 82 60 4 60 4 24 4 21 4 99 20 4 31 4 13 28 60 4 25 26 4 45 4 33 4 107 28 4 5 60 23 4 81 22 4 43 32 60 4 0 35 4 60 4 74 51 51 32 4 46 35 5 4 119 16 4 14 4 82 50 4 5 4 5 4 38 4 56 51 4 60 4 56 4 30 4 69 36 4 26 4 50 22 39 37 4 24 4 119 41 4 59 4 49 4 30 4 17 60 4 28 4 28 4 109 37 4 38 4 60 4 0 30 4 46 4 38 4 51 4 36 6 4 44 4 41 4 34 4 
iteration 603 best: 1.35993 leader: 1.35993 time: 507929
119 24 8 0 37 8 34 33 8 0 48 4 5 4 0 24 4 60 4 43 26 8 97 37 4 60 4 15 48 12 77 41 8 24 7 8 98 49 8 119 5 12 92 5 4 32 4 63 19 4 60 4 60 4 5 4 17 25 4 9 4 28 4 64 7 8 0 5 8 112 5 4 56 4 119 11 16 55 16 51 31 4 47 4 60 4 34 4 103 45 4 60 4 9 4 49 46 8 5 8 39 5 4 5 4 33 4 9 4 6 60 8 70 60 4 5 4 5 4 21 4 26 22 8 0 60 4 23 60 8 18 5 8 38 39 8 98 30 4 44 4 15 4 119 5 4 47 4 4 60 4 49 4 5 4 119 10 4 47 4 117 36 4 12 4 19 4 91 60 4 44 4 0 14 4 5 4 71 17 16 5 16 58 56 26 46 4 15 4 119 33 4 22 4 5 4 33 24 4 45 4 0 5 16 47 16 73 25 32 60 4 35 4 0 24 16 33 16 44 35 4 44 4 16 4 62 5 4 60 4 31 14 4 11 4 37 4 65 23 4 42 4 60 52 39 4 66 5 5 46 4 60 9 60 4 113 40 16 7 16 119 60 4 25 4 39 4 76 13 43 20 4 5 58 5 4 17 29 4 22 4 5 4 49 60 16 45 16 34 41 4 27 4 94 38 4 50 4 20 4 96 21 4 48 60 36 4 0 60 4 38 4 25 4 22 4 82 60 4 60 4 24 4 21 4 99 20 4 31 4 13 28 60 4 25 26 4 45 4 33 4 107 28 4 5 60 23 4 81 22 4 43 32 60 4 0 35 4 60 4 74 51 51 32 4 46 35 5 4 119 16 4 14 4 82 50 4 5 4 5 4 38 4 56 51 4 60 4 56 4 30 4 69 36 4 26 4 50 22 39 37 4 24 4 119 41 4 59 4 49 4 30 4 17 60 4 28 4 28 4 109 37 4 38 4 60 4 0 30 4 46 4 38 4 51 4 36 6 4 44 4 41 4 34 4 
iteration 612 best: 1.35993 leader: 1.35993 time: 515449
119 24 8 0 37 8 34 33 8 0 48 4 5 4 0 24 4 60 4 43 26 8 97 37 4 60 4 15 48 12 77 41 8 24 7 8 98 49 8 119 5 12 92 5 4 32 4 63 19 4 60 4 60 4 5 4 17 25 4 9 4 28 4 64 7 8 0 5 8 112 5 4 56 4 119 11 16 55 16 51 31 4 47 4 60 4 34 4 103 45 4 60 4 9 4 49 46 8 5 8 39 5 4 5 4 33 4 9 4 6 60 8 70 60 4 5 4 5 4 21 4 26 22 8 0 60 4 23 60 8 18 5 8 38 39 8 98 30 4 44 4 15 4 119 5 4 47 4 4 60 4 49 4 5 4 119 10 4 47 4 117 36 4 12 4 19 4 91 60 4 44 4 0 14 4 5 4 71 17 16 5 16 58 56 26 46 4 15 4 119 33 4 22 4 5 4 33 24 4 45 4 0 5 16 47 16 73 25 32 60 4 35 4 0 24 16 33 16 44 35 4 44 4 16 4 62 5 4 60 4 31 14 4 11 4 37 4 65 23 4 42 4 60 52 39 4 66 5 5 46 4 60 9 60 4 113 40 16 7 16 119 60 4 25 4 39 4 76 13 43 20 4 5 58 5 4 17 29 4 22 4 5 4 49 60 16 45 16 34 41 4 27 4 94 38 4 50 4 20 4 96 21 4 48 60 36 4 0 60 4 38 4 25 4 22 4 82 60 4 60 4 24 4 21 4 99 20 4 31 4 13 28 60 4 25 26 4 45 4 33 4 107 28 4 5 60 23 4 81 22 4 43 32 60 4 0 35 4 60 4 74 51 51 32 4 46 35 5 4 119 16 4 14 4 82 50 4 5 4 5 4 38 4 56 51 4 60 4 56 4 30 4 69 36 4 26 4 50 22 39 37 4 24 4 119 41 4 59 4 49 4 30 4 17 60 4 28 4 28 4 109 37 4 38 4 60 4 0 30 4 46 4 38 4 51 4 36 6 4 44 4 41 4 34 4 
iteration 621 best: 1.35993 leader: 1.35993 time: 523007
119 24 8 0 37 8 34 33 8 0 48 4 5 4 0 24 4 60 4 43 26 8 97 37 4 60 4 15 48 12 77 41 8 24 7 8 98 49 8 119 5 12 92 5 4 32 4 63 19 4 60 4 60 4 5 4 17 25 4 9 4 28 4 64 7 8 0 5 8 112 5 4 56 4 119 11 16 55 16 51 31 4 47 4 60 4 34 4 103 45 4 60 4 9 4 49 46 8 5 8 39 5 4 5 4 33 4 9 4 6 60 8 70 60 4 5 4 5 4 21 4 26 22 8 0 60 4 23 60 8 18 5 8 38 39 8 98 30 4 44 4 15 4 119 5 4 47 4 4 60 4 49 4 5 4 119 10 4 47 4 117 36 4 12 4 19 4 91 60 4 44 4 0 14 4 5 4 71 17 16 5 16 58 56 26 46 4 15 4 119 33 4 22 4 5 4 33 24 4 45 4 0 5 16 47 16 73 25 32 60 4 35 4 0 24 16 33 16 44 35 4 44 4 16 4 62 5 4 60 4 31 14 4 11 4 37 4 65 23 4 42 4 60 52 39 4 66 5 5 46 4 60 9 60 4 113 40 16 7 16 119 60 4 25 4 39 4 76 13 43 20 4 5 58 5 4 17 29 4 22 4 5 4 49 60 16 45 16 34 41 4 27 4 94 38 4 50 4 20 4 96 21 4 48 60 36 4 0 60 4 38 4 25 4 22 4 82 60 4 60 4 24 4 21 4 99 20 4 31 4 13 28 60 4 25 26 4 45 4 33 4 107 28 4 5 60 23 4 81 22 4 43 32 60 4 0 35 4 60 4 74 51 51 32 4 46 35 5 4 119 16 4 14 4 82 50 4 5 4 5 4 38 4 56 51 4 60 4 56 4 30 4 69 36 4 26 4 50 22 39 37 4 24 4 119 41 4 59 4 49 4 30 4 17 60 4 28 4 28 4 109 37 4 38 4 60 4 0 30 4 46 4 38 4 51 4 36 6 4 44 4 41 4 34 4 
iteration 630 best: 1.35993 leader: 1.35993 time: 530603
119 24 8 0 37 8 34 33 8 0 48 4 5 4 0 24 4 60 4 43 26 8 97 37 4 60 4 15 48 12 77 41 8 24 7 8 98 49 8 119 5 12 92 5 4 32 4 63 19 4 60 4 60 4 5 4 17 25 4 9 4 28 4 64 7 8 0 5 8 112 5 4 56 4 119 11 16 55 16 51 31 4 47 4 60 4 34 4 103 45 4 60 4 9 4 49 46 8 5 8 39 5 4 5 4 33 4 9 4 6 60 8 70 60 4 5 4 5 4 21 4 26 22 8 0 60 4 23 60 8 18 5 8 38 39 8 98 30 4 44 4 15 4 119 5 4 47 4 4 60 4 49 4 5 4 119 10 4 47 4 117 36 4 12 4 19 4 91 60 4 44 4 0 14 4 5 4 71 17 16 5 16 58 56 26 46 4 15 4 119 33 4 22 4 5 4 33 24 4 45 4 0 5 16 47 16 73 25 32 60 4 35 4 0 24 16 33 16 44 35 4 44 4 16 4 62 5 4 60 4 31 14 4 11 4 37 4 65 23 4 42 4 60 52 39 4 66 5 5 46 4 60 9 60 4 113 40 16 7 16 119 60 4 25 4 39 4 76 13 43 20 4 5 58 5 4 17 29 4 22 4 5 4 49 60 16 45 16 34 41 4 27 4 94 38 4 50 4 20 4 96 21 4 48 60 36 4 0 60 4 38 4 25 4 22 4 82 60 4 60 4 24 4 21 4 99 20 4 31 4 13 28 60 4 25 26 4 45 4 33 4 107 28 4 5 60 23 4 81 22 4 43 32 60 4 0 35 4 60 4 74 51 51 32 4 46 35 5 4 119 16 4 14 4 82 50 4 5 4 5 4 38 4 56 51 4 60 4 56 4 30 4 69 36 4 26 4 50 22 39 37 4 24 4 119 41 4 59 4 49 4 30 4 17 60 4 28 4 28 4 109 37 4 38 4 60 4 0 30 4 46 4 38 4 51 4 36 6 4 44 4 41 4 34 4 
iteration 639 best: 1.35993 leader: 1.35993 time: 538162
119 24 8 0 37 8 34 33 8 0 48 4 5 4 0 24 4 60 4 43 26 8 97 37 4 60 4 15 48 12 77 41 8 24 7 8 98 49 8 119 5 12 92 5 4 32 4 63 19 4 60 4 60 4 5 4 17 25 4 9 4 28 4 64 7 8 0 5 8 112 5 4 56 4 119 11 16 55 16 51 31 4 47 4 60 4 34 4 103 45 4 60 4 9 4 49 46 8 5 8 39 5 4 5 4 33 4 9 4 6 60 8 70 60 4 5 4 5 4 21 4 26 22 8 0 60 4 23 60 8 18 5 8 38 39 8 98 30 4 44 4 15 4 119 5 4 47 4 4 60 4 49 4 5 4 119 10 4 47 4 117 36 4 12 4 19 4 91 60 4 44 4 0 14 4 5 4 71 17 16 5 16 58 56 26 46 4 15 4 119 33 4 22 4 5 4 33 24 4 45 4 0 5 16 47 16 73 25 32 60 4 35 4 0 24 16 33 16 44 35 4 44 4 16 4 62 5 4 60 4 31 14 4 11 4 37 4 65 23 4 42 4 60 52 39 4 66 5 5 46 4 60 9 60 4 113 40 16 7 16 119 60 4 25 4 39 4 76 13 43 20 4 5 58 5 4 17 29 4 22 4 5 4 49 60 16 45 16 34 41 4 27 4 94 38 4 50 4 20 4 96 21 4 48 60 36 4 0 60 4 38 4 25 4 22 4 82 60 4 60 4 24 4 21 4 99 20 4 31 4 13 28 60 4 25 26 4 45 4 33 4 107 28 4 5 60 23 4 81 22 4 43 32 60 4 0 35 4 60 4 74 51 51 32 4 46 35 5 4 119 16 4 14 4 82 50 4 5 4 5 4 38 4 56 51 4 60 4 56 4 30 4 69 36 4 26 4 50 22 39 37 4 24 4 119 41 4 59 4 49 4 30 4 17 60 4 28 4 28 4 109 37 4 38 4 60 4 0 30 4 46 4 38 4 51 4 36 6 4 44 4 41 4 34 4 
iteration 648 best: 1.35993 leader: 1.35993 time: 545688
119 24 8 0 37 8 34 33 8 0 48 4 5 4 0 24 4 60 4 43 26 8 97 37 4 60 4 15 48 12 77 41 8 24 7 8 98 49 8 119 5 12 92 5 4 32 4 63 19 4 60 4 60 4 5 4 17 25 4 9 4 28 4 64 7 8 0 5 8 112 5 4 56 4 119 11 16 55 16 51 31 4 47 4 60 4 34 4 103 45 4 60 4 9 4 49 46 8 5 8 39 5 4 5 4 33 4 9 4 6 60 8 70 60 4 5 4 5 4 21 4 26 22 8 0 60 4 23 60 8 18 5 8 38 39 8 98 30 4 44 4 15 4 119 5 4 47 4 4 60 4 49 4 5 4 119 10 4 47 4 117 36 4 12 4 19 4 91 60 4 44 4 0 14 4 5 4 71 17 16 5 16 58 56 26 46 4 15 4 119 33 4 22 4 5 4 33 24 4 45 4 0 5 16 47 16 73 25 32 60 4 35 4 0 24 16 33 16 44 35 4 44 4 16 4 62 5 4 60 4 31 14 4 11 4 37 4 65 23 4 42 4 60 52 39 4 66 5 5 46 4 60 9 60 4 113 40 16 7 16 119 60 4 25 4 39 4 76 13 43 20 4 5 58 5 4 17 29 4 22 4 5 4 49 60 16 45 16 34 41 4 27 4 94 38 4 50 4 20 4 96 21 4 48 60 36 4 0 60 4 38 4 25 4 22 4 82 60 4 60 4 24 4 21 4 99 20 4 31 4 13 28 60 4 25 26 4 45 4 33 4 107 28 4 5 60 23 4 81 22 4 43 32 60 4 0 35 4 60 4 74 51 51 32 4 46 35 5 4 119 16 4 14 4 82 50 4 5 4 5 4 38 4 56 51 4 60 4 56 4 30 4 69 36 4 26 4 50 22 39 37 4 24 4 119 41 4 59 4 49 4 30 4 17 60 4 28 4 28 4 109 37 4 38 4 60 4 0 30 4 46 4 38 4 51 4 36 6 4 44 4 41 4 34 4 
iteration 657 best: 1.35993 leader: 1.35993 time: 553243
119 24 8 0 37 8 34 33 8 0 48 4 5 4 0 24 4 60 4 43 26 8 97 37 4 60 4 15 48 12 77 41 8 24 7 8 98 49 8 119 5 12 92 5 4 32 4 63 19 4 60 4 60 4 5 4 17 25 4 9 4 28 4 64 7 8 0 5 8 112 5 4 56 4 119 11 16 55 16 51 31 4 47 4 60 4 34 4 103 45 4 60 4 9 4 49 46 8 5 8 39 5 4 5 4 33 4 9 4 6 60 8 70 60 4 5 4 5 4 21 4 26 22 8 0 60 4 23 60 8 18 5 8 38 39 8 98 30 4 44 4 15 4 119 5 4 47 4 4 60 4 49 4 5 4 119 10 4 47 4 117 36 4 12 4 19 4 91 60 4 44 4 0 14 4 5 4 71 17 16 5 16 58 56 26 46 4 15 4 119 33 4 22 4 5 4 33 24 4 45 4 0 5 16 47 16 73 25 32 60 4 35 4 0 24 16 33 16 44 35 4 44 4 16 4 62 5 4 60 4 31 14 4 11 4 37 4 65 23 4 42 4 60 52 39 4 66 5 5 46 4 60 9 60 4 113 40 16 7 16 119 60 4 25 4 39 4 76 13 43 20 4 5 58 5 4 17 29 4 22 4 5 4 49 60 16 45 16 34 41 4 27 4 94 38 4 50 4 20 4 96 21 4 48 60 36 4 0 60 4 38 4 25 4 22 4 82 60 4 60 4 24 4 21 4 99 20 4 31 4 13 28 60 4 25 26 4 45 4 33 4 107 28 4 5 60 23 4 81 22 4 43 32 60 4 0 35 4 60 4 74 51 51 32 4 46 35 5 4 119 16 4 14 4 82 50 4 5 4 5 4 38 4 56 51 4 60 4 56 4 30 4 69 36 4 26 4 50 22 39 37 4 24 4 119 41 4 59 4 49 4 30 4 17 60 4 28 4 28 4 109 37 4 38 4 60 4 0 30 4 46 4 38 4 51 4 36 6 4 44 4 41 4 34 4 
iteration 666 best: 1.35993 leader: 1.35993 time: 560816
119 24 8 0 37 8 34 33 8 0 48 4 5 4 0 24 4 60 4 43 26 8 97 37 4 60 4 15 48 12 77 41 8 24 7 8 98 49 8 119 5 12 92 5 4 32 4 63 19 4 60 4 60 4 5 4 17 25 4 9 4 28 4 64 7 8 0 5 8 112 5 4 56 4 119 11 16 55 16 51 31 4 47 4 60 4 34 4 103 45 4 60 4 9 4 49 46 8 5 8 39 5 4 5 4 33 4 9 4 6 60 8 70 60 4 5 4 5 4 21 4 26 22 8 0 60 4 23 60 8 18 5 8 38 39 8 98 30 4 44 4 15 4 119 5 4 47 4 4 60 4 49 4 5 4 119 10 4 47 4 117 36 4 12 4 19 4 91 60 4 44 4 0 14 4 5 4 71 17 16 5 16 58 56 26 46 4 15 4 119 33 4 22 4 5 4 33 24 4 45 4 0 5 16 47 16 73 25 32 60 4 35 4 0 24 16 33 16 44 35 4 44 4 16 4 62 5 4 60 4 31 14 4 11 4 37 4 65 23 4 42 4 60 52 39 4 66 5 5 46 4 60 9 60 4 113 40 16 7 16 119 60 4 25 4 39 4 76 13 43 20 4 5 58 5 4 17 29 4 22 4 5 4 49 60 16 45 16 34 41 4 27 4 94 38 4 50 4 20 4 96 21 4 48 60 36 4 0 60 4 38 4 25 4 22 4 82 60 4 60 4 24 4 21 4 99 20 4 31 4 13 28 60 4 25 26 4 45 4 33 4 107 28 4 5 60 23 4 81 22 4 43 32 60 4 0 35 4 60 4 74 51 51 32 4 46 35 5 4 119 16 4 14 4 82 50 4 5 4 5 4 38 4 56 51 4 60 4 56 4 30 4 69 36 4 26 4 50 22 39 37 4 24 4 119 41 4 59 4 49 4 30 4 17 60 4 28 4 28 4 109 37 4 38 4 60 4 0 30 4 46 4 38 4 51 4 36 6 4 44 4 41 4 34 4 
iteration 675 best: 1.35993 leader: 1.35993 time: 568388
119 24 8 0 37 8 34 33 8 0 48 4 5 4 0 24 4 60 4 43 26 8 97 37 4 60 4 15 48 12 77 41 8 24 7 8 98 49 8 119 5 12 92 5 4 32 4 63 19 4 60 4 60 4 5 4 17 25 4 9 4 28 4 64 7 8 0 5 8 112 5 4 56 4 119 11 16 55 16 51 31 4 47 4 60 4 34 4 103 45 4 60 4 9 4 49 46 8 5 8 39 5 4 5 4 33 4 9 4 6 60 8 70 60 4 5 4 5 4 21 4 26 22 8 0 60 4 23 60 8 18 5 8 38 39 8 98 30 4 44 4 15 4 119 5 4 47 4 4 60 4 49 4 5 4 119 10 4 47 4 117 36 4 12 4 19 4 91 60 4 44 4 0 14 4 5 4 71 17 16 5 16 58 56 26 46 4 15 4 119 33 4 22 4 5 4 33 24 4 45 4 0 5 16 47 16 73 25 32 60 4 35 4 0 24 16 33 16 44 35 4 44 4 16 4 62 5 4 60 4 31 14 4 11 4 37 4 65 23 4 42 4 60 52 39 4 66 5 5 46 4 60 9 60 4 113 40 16 7 16 119 60 4 25 4 39 4 76 13 43 20 4 5 58 5 4 17 29 4 22 4 5 4 49 60 16 45 16 34 41 4 27 4 94 38 4 50 4 20 4 96 21 4 48 60 36 4 0 60 4 38 4 25 4 22 4 82 60 4 60 4 24 4 21 4 99 20 4 31 4 13 28 60 4 25 26 4 45 4 33 4 107 28 4 5 60 23 4 81 22 4 43 32 60 4 0 35 4 60 4 74 51 51 32 4 46 35 5 4 119 16 4 14 4 82 50 4 5 4 5 4 38 4 56 51 4 60 4 56 4 30 4 69 36 4 26 4 50 22 39 37 4 24 4 119 41 4 59 4 49 4 30 4 17 60 4 28 4 28 4 109 37 4 38 4 60 4 0 30 4 46 4 38 4 51 4 36 6 4 44 4 41 4 34 4 
iteration 684 best: 1.35993 leader: 1.35993 time: 575931
119 24 8 0 37 8 34 33 8 0 48 4 5 4 0 24 4 60 4 43 26 8 97 37 4 60 4 15 48 12 77 41 8 24 7 8 98 49 8 119 5 12 92 5 4 32 4 63 19 4 60 4 60 4 5 4 17 25 4 9 4 28 4 64 7 8 0 5 8 112 5 4 56 4 119 11 16 55 16 51 31 4 47 4 60 4 34 4 103 45 4 60 4 9 4 49 46 8 5 8 39 5 4 5 4 33 4 9 4 6 60 8 70 60 4 5 4 5 4 21 4 26 22 8 0 60 4 23 60 8 18 5 8 38 39 8 98 30 4 44 4 15 4 119 5 4 47 4 4 60 4 49 4 5 4 119 10 4 47 4 117 36 4 12 4 19 4 91 60 4 44 4 0 14 4 5 4 71 17 16 5 16 58 56 26 46 4 15 4 119 33 4 22 4 5 4 33 24 4 45 4 0 5 16 47 16 73 25 32 60 4 35 4 0 24 16 33 16 44 35 4 44 4 16 4 62 5 4 60 4 31 14 4 11 4 37 4 65 23 4 42 4 60 52 39 4 66 5 5 46 4 60 9 60 4 113 40 16 7 16 119 60 4 25 4 39 4 76 13 43 20 4 5 58 5 4 17 29 4 22 4 5 4 49 60 16 45 16 34 41 4 27 4 94 38 4 50 4 20 4 96 21 4 48 60 36 4 0 60 4 38 4 25 4 22 4 82 60 4 60 4 24 4 21 4 99 20 4 31 4 13 28 60 4 25 26 4 45 4 33 4 107 28 4 5 60 23 4 81 22 4 43 32 60 4 0 35 4 60 4 74 51 51 32 4 46 35 5 4 119 16 4 14 4 82 50 4 5 4 5 4 38 4 56 51 4 60 4 56 4 30 4 69 36 4 26 4 50 22 39 37 4 24 4 119 41 4 59 4 49 4 30 4 17 60 4 28 4 28 4 109 37 4 38 4 60 4 0 30 4 46 4 38 4 51 4 36 6 4 44 4 41 4 34 4 
iteration 693 best: 1.35993 leader: 1.35993 time: 583510
119 24 8 0 37 8 34 33 8 0 48 4 5 4 0 24 4 60 4 43 26 8 97 37 4 60 4 15 48 12 77 41 8 24 7 8 98 49 8 119 5 12 92 5 4 32 4 63 19 4 60 4 60 4 5 4 17 25 4 9 4 28 4 64 7 8 0 5 8 112 5 4 56 4 119 11 16 55 16 51 31 4 47 4 60 4 34 4 103 45 4 60 4 9 4 49 46 8 5 8 39 5 4 5 4 33 4 9 4 6 60 8 70 60 4 5 4 5 4 21 4 26 22 8 0 60 4 23 60 8 18 5 8 38 39 8 98 30 4 44 4 15 4 119 5 4 47 4 4 60 4 49 4 5 4 119 10 4 47 4 117 36 4 12 4 19 4 91 60 4 44 4 0 14 4 5 4 71 17 16 5 16 58 56 26 46 4 15 4 119 33 4 22 4 5 4 33 24 4 45 4 0 5 16 47 16 73 25 32 60 4 35 4 0 24 16 33 16 44 35 4 44 4 16 4 62 5 4 60 4 31 14 4 11 4 37 4 65 23 4 42 4 60 52 39 4 66 5 5 46 4 60 9 60 4 113 40 16 7 16 119 60 4 25 4 39 4 76 13 43 20 4 5 58 5 4 17 29 4 22 4 5 4 49 60 16 45 16 34 41 4 27 4 94 38 4 50 4 20 4 96 21 4 48 60 36 4 0 60 4 38 4 25 4 22 4 82 60 4 60 4 24 4 21 4 99 20 4 31 4 13 28 60 4 25 26 4 45 4 33 4 107 28 4 5 60 23 4 81 22 4 43 32 60 4 0 35 4 60 4 74 51 51 32 4 46 35 5 4 119 16 4 14 4 82 50 4 5 4 5 4 38 4 56 51 4 60 4 56 4 30 4 69 36 4 26 4 50 22 39 37 4 24 4 119 41 4 59 4 49 4 30 4 17 60 4 28 4 28 4 109 37 4 38 4 60 4 0 30 4 46 4 38 4 51 4 36 6 4 44 4 41 4 34 4 
iteration 702 best: 1.35993 leader: 1.35993 time: 591011
119 24 8 0 37 8 34 33 8 0 48 4 5 4 0 24 4 60 4 43 26 8 97 37 4 60 4 15 48 12 77 41 8 24 7 8 98 49 8 119 5 12 92 5 4 32 4 63 19 4 60 4 60 4 5 4 17 25 4 9 4 28 4 64 7 8 0 5 8 112 5 4 56 4 119 11 16 55 16 51 31 4 47 4 60 4 34 4 103 45 4 60 4 9 4 49 46 8 5 8 39 5 4 5 4 33 4 9 4 6 60 8 70 60 4 5 4 5 4 21 4 26 22 8 0 60 4 23 60 8 18 5 8 38 39 8 98 30 4 44 4 15 4 119 5 4 47 4 4 60 4 49 4 5 4 119 10 4 47 4 117 36 4 12 4 19 4 91 60 4 44 4 0 14 4 5 4 71 17 16 5 16 58 56 26 46 4 15 4 119 33 4 22 4 5 4 33 24 4 45 4 0 5 16 47 16 73 25 32 60 4 35 4 0 24 16 33 16 44 35 4 44 4 16 4 62 5 4 60 4 31 14 4 11 4 37 4 65 23 4 42 4 60 52 39 4 66 5 5 46 4 60 9 60 4 113 40 16 7 16 119 60 4 25 4 39 4 76 13 43 20 4 5 58 5 4 17 29 4 22 4 5 4 49 60 16 45 16 34 41 4 27 4 94 38 4 50 4 20 4 96 21 4 48 60 36 4 0 60 4 38 4 25 4 22 4 82 60 4 60 4 24 4 21 4 99 20 4 31 4 13 28 60 4 25 26 4 45 4 33 4 107 28 4 5 60 23 4 81 22 4 43 32 60 4 0 35 4 60 4 74 51 51 32 4 46 35 5 4 119 16 4 14 4 82 50 4 5 4 5 4 38 4 56 51 4 60 4 56 4 30 4 69 36 4 26 4 50 22 39 37 4 24 4 119 41 4 59 4 49 4 30 4 17 60 4 28 4 28 4 109 37 4 38 4 60 4 0 30 4 46 4 38 4 51 4 36 6 4 44 4 41 4 34 4 
iteration 711 best: 1.35993 leader: 1.35993 time: 598552
119 24 8 0 37 8 34 33 8 0 48 4 5 4 0 24 4 60 4 43 26 8 97 37 4 60 4 15 48 12 77 41 8 24 7 8 98 49 8 119 5 12 92 5 4 32 4 63 19 4 60 4 60 4 5 4 17 25 4 9 4 28 4 64 7 8 0 5 8 112 5 4 56 4 119 11 16 55 16 51 31 4 47 4 60 4 34 4 103 45 4 60 4 9 4 49 46 8 5 8 39 5 4 5 4 33 4 9 4 6 60 8 70 60 4 5 4 5 4 21 4 26 22 8 0 60 4 23 60 8 18 5 8 38 39 8 98 30 4 44 4 15 4 119 5 4 47 4 4 60 4 49 4 5 4 119 10 4 47 4 117 36 4 12 4 19 4 91 60 4 44 4 0 14 4 5 4 71 17 16 5 16 58 56 26 46 4 15 4 119 33 4 22 4 5 4 33 24 4 45 4 0 5 16 47 16 73 25 32 60 4 35 4 0 24 16 33 16 44 35 4 44 4 16 4 62 5 4 60 4 31 14 4 11 4 37 4 65 23 4 42 4 60 52 39 4 66 5 5 46 4 60 9 60 4 113 40 16 7 16 119 60 4 25 4 39 4 76 13 43 20 4 5 58 5 4 17 29 4 22 4 5 4 49 60 16 45 16 34 41 4 27 4 94 38 4 50 4 20 4 96 21 4 48 60 36 4 0 60 4 38 4 25 4 22 4 82 60 4 60 4 24 4 21 4 99 20 4 31 4 13 28 60 4 25 26 4 45 4 33 4 107 28 4 5 60 23 4 81 22 4 43 32 60 4 0 35 4 60 4 74 51 51 32 4 46 35 5 4 119 16 4 14 4 82 50 4 5 4 5 4 38 4 56 51 4 60 4 56 4 30 4 69 36 4 26 4 50 22 39 37 4 24 4 119 41 4 59 4 49 4 30 4 17 60 4 28 4 28 4 109 37 4 38 4 60 4 0 30 4 46 4 38 4 51 4 36 6 4 44 4 41 4 34 4 
Best solution: 
119 24 8 0 37 8 34 33 8 0 48 4 5 4 0 24 4 60 4 43 26 8 97 37 4 60 4 15 48 12 77 41 8 24 7 8 98 49 8 119 5 12 92 5 4 32 4 63 19 4 60 4 60 4 5 4 17 25 4 9 4 28 4 64 7 8 0 5 8 112 5 4 56 4 119 11 16 55 16 51 31 4 47 4 60 4 34 4 103 45 4 60 4 9 4 49 46 8 5 8 39 5 4 5 4 33 4 9 4 6 60 8 70 60 4 5 4 5 4 21 4 26 22 8 0 60 4 23 60 8 18 5 8 38 39 8 98 30 4 44 4 15 4 119 5 4 47 4 4 60 4 49 4 5 4 119 10 4 47 4 117 36 4 12 4 19 4 91 60 4 44 4 0 14 4 5 4 71 17 16 5 16 58 56 26 46 4 15 4 119 33 4 22 4 5 4 33 24 4 45 4 0 5 16 47 16 73 25 32 60 4 35 4 0 24 16 33 16 44 35 4 44 4 16 4 62 5 4 60 4 31 14 4 11 4 37 4 65 23 4 42 4 60 52 39 4 66 5 5 46 4 60 9 60 4 113 40 16 7 16 119 60 4 25 4 39 4 76 13 43 20 4 5 58 5 4 17 29 4 22 4 5 4 49 60 16 45 16 34 41 4 27 4 94 38 4 50 4 20 4 96 21 4 48 60 36 4 0 60 4 38 4 25 4 22 4 82 60 4 60 4 24 4 21 4 99 20 4 31 4 13 28 60 4 25 26 4 45 4 33 4 107 28 4 5 60 23 4 81 22 4 43 32 60 4 0 35 4 60 4 74 51 51 32 4 46 35 5 4 119 16 4 14 4 82 50 4 5 4 5 4 38 4 56 51 4 60 4 56 4 30 4 69 36 4 26 4 50 22 39 37 4 24 4 119 41 4 59 4 49 4 30 4 17 60 4 28 4 28 4 109 37 4 38 4 60 4 0 30 4 46 4 38 4 51 4 36 6 4 44 4 41 4 34 4 
Fitness: 1.35993
