iteration 11 best: 1.05378 leader: 1.05378 time: 7425
114 60 8 56 51 8 0 12 8 108 12 4 34 4 1 27 4 18 4 61 5 8 82 30 4 43 4 16 5 12 92 12 8 80 60 8 16 15 8 95 58 12 71 33 4 55 4 70 60 4 15 4 13 4 52 4 0 20 4 60 4 15 4 28 38 8 90 46 8 16 30 4 9 4 106 37 16 15 16 100 5 4 60 4 5 4 34 4 19 60 4 19 4 60 4 41 45 8 25 8 7 60 4 24 4 31 4 6 4 57 60 8 10 51 4 35 4 41 4 41 4 33 60 8 11 29 4 19 39 8 115 24 8 27 41 8 50 6 4 5 4 18 4 40 22 4 37 4 15 7 4 26 4 5 4 0 20 4 5 4 117 5 4 36 4 18 4 115 21 4 14 4 24 5 4 5 4 118 5 16 38 16 26 32 8 9 4 55 4 34 27 4 18 4 9 4 62 5 4 12 4 96 34 16 5 16 79 49 45 60 4 54 4 108 60 16 60 16 71 48 4 39 4 46 4 41 5 4 5 4 0 5 4 7 4 18 4 32 60 4 5 4 34 43 60 4 0 10 5 60 4 60 35 7 4 0 5 16 33 16 103 41 4 45 4 60 4 98 50 60 27 4 23 33 49 4 0 38 4 17 4 12 4 23 5 16 5 16 0 40 4 44 4 95 41 4 5 4 28 4 10 60 4 21 13 41 4 12 60 4 27 4 8 4 23 4 16 57 4 30 4 60 4 28 4 0 22 4 5 4 29 47 22 4 33 7 4 5 4 38 4 88 27 4 47 24 25 4 119 46 4 25 31 14 4 0 35 4 36 4 99 24 5 40 4 21 53 34 4 62 28 4 38 4 89 60 4 5 4 21 4 36 4 79 39 4 15 4 22 4 31 4 0 12 4 39 4 109 48 27 5 4 45 4 40 18 4 57 4 20 4 12 4 119 25 4 14 4 45 4 0 60 4 34 4 31 4 119 38 4 7 4 38 4 36 4 86 60 4 56 4 35 4 29 4 
iteration 22 best: 1.05378 leader: 1.05378 time: 14812
114 60 8 56 51 8 0 12 8 108 12 4 34 4 1 27 4 18 4 61 5 8 82 30 4 43 4 16 5 12 92 12 8 80 60 8 16 15 8 95 58 12 71 33 4 55 4 70 60 4 15 4 13 4 52 4 0 20 4 60 4 15 4 28 38 8 90 46 8 16 30 4 9 4 106 37 16 15 16 100 5 4 60 4 5 4 34 4 19 60 4 19 4 60 4 41 45 8 25 8 7 60 4 24 4 31 4 6 4 57 60 8 10 51 4 35 4 41 4 41 4 33 60 8 11 29 4 19 39 8 115 24 8 27 41 8 50 6 4 5 4 18 4 40 22 4 37 4 15 7 4 26 4 5 4 0 20 4 5 4 117 5 4 36 4 18 4 115 21 4 14 4 24 5 4 5 4 118 5 16 38 16 26 32 8 9 4 55 4 34 27 4 18 4 9 4 62 5 4 12 4 96 34 16 5 16 79 49 45 60 4 54 4 108 60 16 60 16 71 48 4 39 4 46 4 41 5 4 5 4 0 5 4 7 4 18 4 32 60 4 5 4 34 43 60 4 0 10 5 60 4 60 35 7 4 0 5 16 33 16 103 41 4 45 4 60 4 98 50 60 27 4 23 33 49 4 0 38 4 17 4 12 4 23 5 16 5 16 0 40 4 44 4 95 41 4 5 4 28 4 10 60 4 21 13 41 4 12 60 4 27 4 8 4 23 4 16 57 4 30 4 60 4 28 4 0 22 4 5 4 29 47 22 4 33 7 4 5 4 38 4 88 27 4 47 24 25 4 119 46 4 25 31 14 4 0 35 4 36 4 99 24 5 40 4 21 53 34 4 62 28 4 38 4 89 60 4 5 4 21 4 36 4 79 39 4 15 4 22 4 31 4 0 12 4 39 4 109 48 27 5 4 45 4 40 18 4 57 4 20 4 12 4 119 25 4 14 4 45 4 0 60 4 34 4 31 4 119 38 4 7 4 38 4 36 4 86 60 4 56 4 35 4 29 4 
iteration 33 best: 1.05378 leader: 1.05378 time: 22245
114 60 8 56 51 8 0 12 8 108 12 4 34 4 1 27 4 18 4 61 5 8 82 30 4 43 4 16 5 12 92 12 8 80 60 8 16 15 8 95 58 12 71 33 4 55 4 70 60 4 15 4 13 4 52 4 0 20 4 60 4 15 4 28 38 8 90 46 8 16 30 4 9 4 106 37 16 15 16 100 5 4 60 4 5 4 34 4 19 60 4 19 4 60 4 41 45 8 25 8 7 60 4 24 4 31 4 6 4 57 60 8 10 51 4 35 4 41 4 41 4 33 60 8 11 29 4 19 39 8 115 24 8 27 41 8 50 6 4 5 4 18 4 40 22 4 37 4 15 7 4 26 4 5 4 0 20 4 5 4 117 5 4 36 4 18 4 115 21 4 14 4 24 5 4 5 4 118 5 16 38 16 26 32 8 9 4 55 4 34 27 4 18 4 9 4 62 5 4 12 4 96 34 16 5 16 79 49 45 60 4 54 4 108 60 16 60 16 71 48 4 39 4 46 4 41 5 4 5 4 0 5 4 7 4 18 4 32 60 4 5 4 34 43 60 4 0 10 5 60 4 60 35 7 4 0 5 16 33 16 103 41 4 45 4 60 4 98 50 60 27 4 23 33 49 4 0 38 4 17 4 12 4 23 5 16 5 16 0 40 4 44 4 95 41 4 5 4 28 4 10 60 4 21 13 41 4 12 60 4 27 4 8 4 23 4 16 57 4 30 4 60 4 28 4 0 22 4 5 4 29 47 22 4 33 7 4 5 4 38 4 88 27 4 47 24 25 4 119 46 4 25 31 14 4 0 35 4 36 4 99 24 5 40 4 21 53 34 4 62 28 4 38 4 89 60 4 5 4 21 4 36 4 79 39 4 15 4 22 4 31 4 0 12 4 39 4 109 48 27 5 4 45 4 40 18 4 57 4 20 4 12 4 119 25 4 14 4 45 4 0 60 4 34 4 31 4 119 38 4 7 4 38 4 36 4 86 60 4 56 4 35 4 29 4 
iteration 44 best: 1.05378 leader: 1.05378 time: 29927
114 60 8 56 51 8 0 12 8 108 12 4 34 4 1 27 4 18 4 61 5 8 82 30 4 43 4 16 5 12 92 12 8 80 60 8 16 15 8 95 58 12 71 33 4 55 4 70 60 4 15 4 13 4 52 4 0 20 4 60 4 15 4 28 38 8 90 46 8 16 30 4 9 4 106 37 16 15 16 100 5 4 60 4 5 4 34 4 19 60 4 19 4 60 4 41 45 8 25 8 7 60 4 24 4 31 4 6 4 57 60 8 10 51 4 35 4 41 4 41 4 33 60 8 11 29 4 19 39 8 115 24 8 27 41 8 50 6 4 5 4 18 4 40 22 4 37 4 15 7 4 26 4 5 4 0 20 4 5 4 117 5 4 36 4 18 4 115 21 4 14 4 24 5 4 5 4 118 5 16 38 16 26 32 8 9 4 55 4 34 27 4 18 4 9 4 62 5 4 12 4 96 34 16 5 16 79 49 45 60 4 54 4 108 60 16 60 16 71 48 4 39 4 46 4 41 5 4 5 4 0 5 4 7 4 18 4 32 60 4 5 4 34 43 60 4 0 10 5 60 4 60 35 7 4 0 5 16 33 16 103 41 4 45 4 60 4 98 50 60 27 4 23 33 49 4 0 38 4 17 4 12 4 23 5 16 5 16 0 40 4 44 4 95 41 4 5 4 28 4 10 60 4 21 13 41 4 12 60 4 27 4 8 4 23 4 16 57 4 30 4 60 4 28 4 0 22 4 5 4 29 47 22 4 33 7 4 5 4 38 4 88 27 4 47 24 25 4 119 46 4 25 31 14 4 0 35 4 36 4 99 24 5 40 4 21 53 34 4 62 28 4 38 4 89 60 4 5 4 21 4 36 4 79 39 4 15 4 22 4 31 4 0 12 4 39 4 109 48 27 5 4 45 4 40 18 4 57 4 20 4 12 4 119 25 4 14 4 45 4 0 60 4 34 4 31 4 119 38 4 7 4 38 4 36 4 86 60 4 56 4 35 4 29 4 
iteration 55 best: 1.05378 leader: 1.05378 time: 37454
114 60 8 56 51 8 0 12 8 108 12 4 34 4 1 27 4 18 4 61 5 8 82 30 4 43 4 16 5 12 92 12 8 80 60 8 16 15 8 95 58 12 71 33 4 55 4 70 60 4 15 4 13 4 52 4 0 20 4 60 4 15 4 28 38 8 90 46 8 16 30 4 9 4 106 37 16 15 16 100 5 4 60 4 5 4 34 4 19 60 4 19 4 60 4 41 45 8 25 8 7 60 4 24 4 31 4 6 4 57 60 8 10 51 4 35 4 41 4 41 4 33 60 8 11 29 4 19 39 8 115 24 8 27 41 8 50 6 4 5 4 18 4 40 22 4 37 4 15 7 4 26 4 5 4 0 20 4 5 4 117 5 4 36 4 18 4 115 21 4 14 4 24 5 4 5 4 118 5 16 38 16 26 32 8 9 4 55 4 34 27 4 18 4 9 4 62 5 4 12 4 96 34 16 5 16 79 49 45 60 4 54 4 108 60 16 60 16 71 48 4 39 4 46 4 41 5 4 5 4 0 5 4 7 4 18 4 32 60 4 5 4 34 43 60 4 0 10 5 60 4 60 35 7 4 0 5 16 33 16 103 41 4 45 4 60 4 98 50 60 27 4 23 33 49 4 0 38 4 17 4 12 4 23 5 16 5 16 0 40 4 44 4 95 41 4 5 4 28 4 10 60 4 21 13 41 4 12 60 4 27 4 8 4 23 4 16 57 4 30 4 60 4 28 4 0 22 4 5 4 29 47 22 4 33 7 4 5 4 38 4 88 27 4 47 24 25 4 119 46 4 25 31 14 4 0 35 4 36 4 99 24 5 40 4 21 53 34 4 62 28 4 38 4 89 60 4 5 4 21 4 36 4 79 39 4 15 4 22 4 31 4 0 12 4 39 4 109 48 27 5 4 45 4 40 18 4 57 4 20 4 12 4 119 25 4 14 4 45 4 0 60 4 34 4 31 4 119 38 4 7 4 38 4 36 4 86 60 4 56 4 35 4 29 4 
iteration 66 best: 1.05378 leader: 1.05378 time: 45033
114 60 8 56 51 8 0 12 8 108 12 4 34 4 1 27 4 18 4 61 5 8 82 30 4 43 4 16 5 12 92 12 8 80 60 8 16 15 8 95 58 12 71 33 4 55 4 70 60 4 15 4 13 4 52 4 0 20 4 60 4 15 4 28 38 8 90 46 8 16 30 4 9 4 106 37 16 15 16 100 5 4 60 4 5 4 34 4 19 60 4 19 4 60 4 41 45 8 25 8 7 60 4 24 4 31 4 6 4 57 60 8 10 51 4 35 4 41 4 41 4 33 60 8 11 29 4 19 39 8 115 24 8 27 41 8 50 6 4 5 4 18 4 40 22 4 37 4 15 7 4 26 4 5 4 0 20 4 5 4 117 5 4 36 4 18 4 115 21 4 14 4 24 5 4 5 4 118 5 16 38 16 26 32 8 9 4 55 4 34 27 4 18 4 9 4 62 5 4 12 4 96 34 16 5 16 79 49 45 60 4 54 4 108 60 16 60 16 71 48 4 39 4 46 4 41 5 4 5 4 0 5 4 7 4 18 4 32 60 4 5 4 34 43 60 4 0 10 5 60 4 60 35 7 4 0 5 16 33 16 103 41 4 45 4 60 4 98 50 60 27 4 23 33 49 4 0 38 4 17 4 12 4 23 5 16 5 16 0 40 4 44 4 95 41 4 5 4 28 4 10 60 4 21 13 41 4 12 60 4 27 4 8 4 23 4 16 57 4 30 4 60 4 28 4 0 22 4 5 4 29 47 22 4 33 7 4 5 4 38 4 88 27 4 47 24 25 4 119 46 4 25 31 14 4 0 35 4 36 4 99 24 5 40 4 21 53 34 4 62 28 4 38 4 89 60 4 5 4 21 4 36 4 79 39 4 15 4 22 4 31 4 0 12 4 39 4 109 48 27 5 4 45 4 40 18 4 57 4 20 4 12 4 119 25 4 14 4 45 4 0 60 4 34 4 31 4 119 38 4 7 4 38 4 36 4 86 60 4 56 4 35 4 29 4 
iteration 77 best: 1.05378 leader: 1.05378 time: 52372
114 60 8 56 51 8 0 12 8 108 12 4 34 4 1 27 4 18 4 61 5 8 82 30 4 43 4 16 5 12 92 12 8 80 60 8 16 15 8 95 58 12 71 33 4 55 4 70 60 4 15 4 13 4 52 4 0 20 4 60 4 15 4 28 38 8 90 46 8 16 30 4 9 4 106 37 16 15 16 100 5 4 60 4 5 4 34 4 19 60 4 19 4 60 4 41 45 8 25 8 7 60 4 24 4 31 4 6 4 57 60 8 10 51 4 35 4 41 4 41 4 33 60 8 11 29 4 19 39 8 115 24 8 27 41 8 50 6 4 5 4 18 4 40 22 4 37 4 15 7 4 26 4 5 4 0 20 4 5 4 117 5 4 36 4 18 4 115 21 4 14 4 24 5 4 5 4 118 5 16 38 16 26 32 8 9 4 55 4 34 27 4 18 4 9 4 62 5 4 12 4 96 34 16 5 16 79 49 45 60 4 54 4 108 60 16 60 16 71 48 4 39 4 46 4 41 5 4 5 4 0 5 4 7 4 18 4 32 60 4 5 4 34 43 60 4 0 10 5 60 4 60 35 7 4 0 5 16 33 16 103 41 4 45 4 60 4 98 50 60 27 4 23 33 49 4 0 38 4 17 4 12 4 23 5 16 5 16 0 40 4 44 4 95 41 4 5 4 28 4 10 60 4 21 13 41 4 12 60 4 27 4 8 4 23 4 16 57 4 30 4 60 4 28 4 0 22 4 5 4 29 47 22 4 33 7 4 5 4 38 4 88 27 4 47 24 25 4 119 46 4 25 31 14 4 0 35 4 36 4 99 24 5 40 4 21 53 34 4 62 28 4 38 4 89 60 4 5 4 21 4 36 4 79 39 4 15 4 22 4 31 4 0 12 4 39 4 109 48 27 5 4 45 4 40 18 4 57 4 20 4 12 4 119 25 4 14 4 45 4 0 60 4 34 4 31 4 119 38 4 7 4 38 4 36 4 86 60 4 56 4 35 4 29 4 
iteration 88 best: 1.05378 leader: 1.05378 time: 59661
114 60 8 56 51 8 0 12 8 108 12 4 34 4 1 27 4 18 4 61 5 8 82 30 4 43 4 16 5 12 92 12 8 80 60 8 16 15 8 95 58 12 71 33 4 55 4 70 60 4 15 4 13 4 52 4 0 20 4 60 4 15 4 28 38 8 90 46 8 16 30 4 9 4 106 37 16 15 16 100 5 4 60 4 5 4 34 4 19 60 4 19 4 60 4 41 45 8 25 8 7 60 4 24 4 31 4 6 4 57 60 8 10 51 4 35 4 41 4 41 4 33 60 8 11 29 4 19 39 8 115 24 8 27 41 8 50 6 4 5 4 18 4 40 22 4 37 4 15 7 4 26 4 5 4 0 20 4 5 4 117 5 4 36 4 18 4 115 21 4 14 4 24 5 4 5 4 118 5 16 38 16 26 32 8 9 4 55 4 34 27 4 18 4 9 4 62 5 4 12 4 96 34 16 5 16 79 49 45 60 4 54 4 108 60 16 60 16 71 48 4 39 4 46 4 41 5 4 5 4 0 5 4 7 4 18 4 32 60 4 5 4 34 43 60 4 0 10 5 60 4 60 35 7 4 0 5 16 33 16 103 41 4 45 4 60 4 98 50 60 27 4 23 33 49 4 0 38 4 17 4 12 4 23 5 16 5 16 0 40 4 44 4 95 41 4 5 4 28 4 10 60 4 21 13 41 4 12 60 4 27 4 8 4 23 4 16 57 4 30 4 60 4 28 4 0 22 4 5 4 29 47 22 4 33 7 4 5 4 38 4 88 27 4 47 24 25 4 119 46 4 25 31 14 4 0 35 4 36 4 99 24 5 40 4 21 53 34 4 62 28 4 38 4 89 60 4 5 4 21 4 36 4 79 39 4 15 4 22 4 31 4 0 12 4 39 4 109 48 27 5 4 45 4 40 18 4 57 4 20 4 12 4 119 25 4 14 4 45 4 0 60 4 34 4 31 4 119 38 4 7 4 38 4 36 4 86 60 4 56 4 35 4 29 4 
iteration 99 best: 1.05378 leader: 1.05378 time: 66956
114 60 8 56 51 8 0 12 8 108 12 4 34 4 1 27 4 18 4 61 5 8 82 30 4 43 4 16 5 12 92 12 8 80 60 8 16 15 8 95 58 12 71 33 4 55 4 70 60 4 15 4 13 4 52 4 0 20 4 60 4 15 4 28 38 8 90 46 8 16 30 4 9 4 106 37 16 15 16 100 5 4 60 4 5 4 34 4 19 60 4 19 4 60 4 41 45 8 25 8 7 60 4 24 4 31 4 6 4 57 60 8 10 51 4 35 4 41 4 41 4 33 60 8 11 29 4 19 39 8 115 24 8 27 41 8 50 6 4 5 4 18 4 40 22 4 37 4 15 7 4 26 4 5 4 0 20 4 5 4 117 5 4 36 4 18 4 115 21 4 14 4 24 5 4 5 4 118 5 16 38 16 26 32 8 9 4 55 4 34 27 4 18 4 9 4 62 5 4 12 4 96 34 16 5 16 79 49 45 60 4 54 4 108 60 16 60 16 71 48 4 39 4 46 4 41 5 4 5 4 0 5 4 7 4 18 4 32 60 4 5 4 34 43 60 4 0 10 5 60 4 60 35 7 4 0 5 16 33 16 103 41 4 45 4 60 4 98 50 60 27 4 23 33 49 4 0 38 4 17 4 12 4 23 5 16 5 16 0 40 4 44 4 95 41 4 5 4 28 4 10 60 4 21 13 41 4 12 60 4 27 4 8 4 23 4 16 57 4 30 4 60 4 28 4 0 22 4 5 4 29 47 22 4 33 7 4 5 4 38 4 88 27 4 47 24 25 4 119 46 4 25 31 14 4 0 35 4 36 4 99 24 5 40 4 21 53 34 4 62 28 4 38 4 89 60 4 5 4 21 4 36 4 79 39 4 15 4 22 4 31 4 0 12 4 39 4 109 48 27 5 4 45 4 40 18 4 57 4 20 4 12 4 119 25 4 14 4 45 4 0 60 4 34 4 31 4 119 38 4 7 4 38 4 36 4 86 60 4 56 4 35 4 29 4 
iteration 110 best: 1.05378 leader: 1.05378 time: 74286
114 60 8 56 51 8 0 12 8 108 12 4 34 4 1 27 4 18 4 61 5 8 82 30 4 43 4 16 5 12 92 12 8 80 60 8 16 15 8 95 58 12 71 33 4 55 4 70 60 4 15 4 13 4 52 4 0 20 4 60 4 15 4 28 38 8 90 46 8 16 30 4 9 4 106 37 16 15 16 100 5 4 60 4 5 4 34 4 19 60 4 19 4 60 4 41 45 8 25 8 7 60 4 24 4 31 4 6 4 57 60 8 10 51 4 35 4 41 4 41 4 33 60 8 11 29 4 19 39 8 115 24 8 27 41 8 50 6 4 5 4 18 4 40 22 4 37 4 15 7 4 26 4 5 4 0 20 4 5 4 117 5 4 36 4 18 4 115 21 4 14 4 24 5 4 5 4 118 5 16 38 16 26 32 8 9 4 55 4 34 27 4 18 4 9 4 62 5 4 12 4 96 34 16 5 16 79 49 45 60 4 54 4 108 60 16 60 16 71 48 4 39 4 46 4 41 5 4 5 4 0 5 4 7 4 18 4 32 60 4 5 4 34 43 60 4 0 10 5 60 4 60 35 7 4 0 5 16 33 16 103 41 4 45 4 60 4 98 50 60 27 4 23 33 49 4 0 38 4 17 4 12 4 23 5 16 5 16 0 40 4 44 4 95 41 4 5 4 28 4 10 60 4 21 13 41 4 12 60 4 27 4 8 4 23 4 16 57 4 30 4 60 4 28 4 0 22 4 5 4 29 47 22 4 33 7 4 5 4 38 4 88 27 4 47 24 25 4 119 46 4 25 31 14 4 0 35 4 36 4 99 24 5 40 4 21 53 34 4 62 28 4 38 4 89 60 4 5 4 21 4 36 4 79 39 4 15 4 22 4 31 4 0 12 4 39 4 109 48 27 5 4 45 4 40 18 4 57 4 20 4 12 4 119 25 4 14 4 45 4 0 60 4 34 4 31 4 119 38 4 7 4 38 4 36 4 86 60 4 56 4 35 4 29 4 
iteration 121 best: 1.05378 leader: 1.05378 time: 81591
114 60 8 56 51 8 0 12 8 108 12 4 34 4 1 27 4 18 4 61 5 8 82 30 4 43 4 16 5 12 92 12 8 80 60 8 16 15 8 95 58 12 71 33 4 55 4 70 60 4 15 4 13 4 52 4 0 20 4 60 4 15 4 28 38 8 90 46 8 16 30 4 9 4 106 37 16 15 16 100 5 4 60 4 5 4 34 4 19 60 4 19 4 60 4 41 45 8 25 8 7 60 4 24 4 31 4 6 4 57 60 8 10 51 4 35 4 41 4 41 4 33 60 8 11 29 4 19 39 8 115 24 8 27 41 8 50 6 4 5 4 18 4 40 22 4 37 4 15 7 4 26 4 5 4 0 20 4 5 4 117 5 4 36 4 18 4 115 21 4 14 4 24 5 4 5 4 118 5 16 38 16 26 32 8 9 4 55 4 34 27 4 18 4 9 4 62 5 4 12 4 96 34 16 5 16 79 49 45 60 4 54 4 108 60 16 60 16 71 48 4 39 4 46 4 41 5 4 5 4 0 5 4 7 4 18 4 32 60 4 5 4 34 43 60 4 0 10 5 60 4 60 35 7 4 0 5 16 33 16 103 41 4 45 4 60 4 98 50 60 27 4 23 33 49 4 0 38 4 17 4 12 4 23 5 16 5 16 0 40 4 44 4 95 41 4 5 4 28 4 10 60 4 21 13 41 4 12 60 4 27 4 8 4 23 4 16 57 4 30 4 60 4 28 4 0 22 4 5 4 29 47 22 4 33 7 4 5 4 38 4 88 27 4 47 24 25 4 119 46 4 25 31 14 4 0 35 4 36 4 99 24 5 40 4 21 53 34 4 62 28 4 38 4 89 60 4 5 4 21 4 36 4 79 39 4 15 4 22 4 31 4 0 12 4 39 4 109 48 27 5 4 45 4 40 18 4 57 4 20 4 12 4 119 25 4 14 4 45 4 0 60 4 34 4 31 4 119 38 4 7 4 38 4 36 4 86 60 4 56 4 35 4 29 4 
iteration 132 best: 1.05378 leader: 1.05378 time: 88865
114 60 8 56 51 8 0 12 8 108 12 4 34 4 1 27 4 18 4 61 5 8 82 30 4 43 4 16 5 12 92 12 8 80 60 8 16 15 8 95 58 12 71 33 4 55 4 70 60 4 15 4 13 4 52 4 0 20 4 60 4 15 4 28 38 8 90 46 8 16 30 4 9 4 106 37 16 15 16 100 5 4 60 4 5 4 34 4 19 60 4 19 4 60 4 41 45 8 25 8 7 60 4 24 4 31 4 6 4 57 60 8 10 51 4 35 4 41 4 41 4 33 60 8 11 29 4 19 39 8 115 24 8 27 41 8 50 6 4 5 4 18 4 40 22 4 37 4 15 7 4 26 4 5 4 0 20 4 5 4 117 5 4 36 4 18 4 115 21 4 14 4 24 5 4 5 4 118 5 16 38 16 26 32 8 9 4 55 4 34 27 4 18 4 9 4 62 5 4 12 4 96 34 16 5 16 79 49 45 60 4 54 4 108 60 16 60 16 71 48 4 39 4 46 4 41 5 4 5 4 0 5 4 7 4 18 4 32 60 4 5 4 34 43 60 4 0 10 5 60 4 60 35 7 4 0 5 16 33 16 103 41 4 45 4 60 4 98 50 60 27 4 23 33 49 4 0 38 4 17 4 12 4 23 5 16 5 16 0 40 4 44 4 95 41 4 5 4 28 4 10 60 4 21 13 41 4 12 60 4 27 4 8 4 23 4 16 57 4 30 4 60 4 28 4 0 22 4 5 4 29 47 22 4 33 7 4 5 4 38 4 88 27 4 47 24 25 4 119 46 4 25 31 14 4 0 35 4 36 4 99 24 5 40 4 21 53 34 4 62 28 4 38 4 89 60 4 5 4 21 4 36 4 79 39 4 15 4 22 4 31 4 0 12 4 39 4 109 48 27 5 4 45 4 40 18 4 57 4 20 4 12 4 119 25 4 14 4 45 4 0 60 4 34 4 31 4 119 38 4 7 4 38 4 36 4 86 60 4 56 4 35 4 29 4 
iteration 143 best: 1.05378 leader: 1.05378 time: 96146
114 60 8 56 51 8 0 12 8 108 12 4 34 4 1 27 4 18 4 61 5 8 82 30 4 43 4 16 5 12 92 12 8 80 60 8 16 15 8 95 58 12 71 33 4 55 4 70 60 4 15 4 13 4 52 4 0 20 4 60 4 15 4 28 38 8 90 46 8 16 30 4 9 4 106 37 16 15 16 100 5 4 60 4 5 4 34 4 19 60 4 19 4 60 4 41 45 8 25 8 7 60 4 24 4 31 4 6 4 57 60 8 10 51 4 35 4 41 4 41 4 33 60 8 11 29 4 19 39 8 115 24 8 27 41 8 50 6 4 5 4 18 4 40 22 4 37 4 15 7 4 26 4 5 4 0 20 4 5 4 117 5 4 36 4 18 4 115 21 4 14 4 24 5 4 5 4 118 5 16 38 16 26 32 8 9 4 55 4 34 27 4 18 4 9 4 62 5 4 12 4 96 34 16 5 16 79 49 45 60 4 54 4 108 60 16 60 16 71 48 4 39 4 46 4 41 5 4 5 4 0 5 4 7 4 18 4 32 60 4 5 4 34 43 60 4 0 10 5 60 4 60 35 7 4 0 5 16 33 16 103 41 4 45 4 60 4 98 50 60 27 4 23 33 49 4 0 38 4 17 4 12 4 23 5 16 5 16 0 40 4 44 4 95 41 4 5 4 28 4 10 60 4 21 13 41 4 12 60 4 27 4 8 4 23 4 16 57 4 30 4 60 4 28 4 0 22 4 5 4 29 47 22 4 33 7 4 5 4 38 4 88 27 4 47 24 25 4 119 46 4 25 31 14 4 0 35 4 36 4 99 24 5 40 4 21 53 34 4 62 28 4 38 4 89 60 4 5 4 21 4 36 4 79 39 4 15 4 22 4 31 4 0 12 4 39 4 109 48 27 5 4 45 4 40 18 4 57 4 20 4 12 4 119 25 4 14 4 45 4 0 60 4 34 4 31 4 119 38 4 7 4 38 4 36 4 86 60 4 56 4 35 4 29 4 
iteration 154 best: 1.05378 leader: 1.05378 time: 103431
114 60 8 56 51 8 0 12 8 108 12 4 34 4 1 27 4 18 4 61 5 8 82 30 4 43 4 16 5 12 92 12 8 80 60 8 16 15 8 95 58 12 71 33 4 55 4 70 60 4 15 4 13 4 52 4 0 20 4 60 4 15 4 28 38 8 90 46 8 16 30 4 9 4 106 37 16 15 16 100 5 4 60 4 5 4 34 4 19 60 4 19 4 60 4 41 45 8 25 8 7 60 4 24 4 31 4 6 4 57 60 8 10 51 4 35 4 41 4 41 4 33 60 8 11 29 4 19 39 8 115 24 8 27 41 8 50 6 4 5 4 18 4 40 22 4 37 4 15 7 4 26 4 5 4 0 20 4 5 4 117 5 4 36 4 18 4 115 21 4 14 4 24 5 4 5 4 118 5 16 38 16 26 32 8 9 4 55 4 34 27 4 18 4 9 4 62 5 4 12 4 96 34 16 5 16 79 49 45 60 4 54 4 108 60 16 60 16 71 48 4 39 4 46 4 41 5 4 5 4 0 5 4 7 4 18 4 32 60 4 5 4 34 43 60 4 0 10 5 60 4 60 35 7 4 0 5 16 33 16 103 41 4 45 4 60 4 98 50 60 27 4 23 33 49 4 0 38 4 17 4 12 4 23 5 16 5 16 0 40 4 44 4 95 41 4 5 4 28 4 10 60 4 21 13 41 4 12 60 4 27 4 8 4 23 4 16 57 4 30 4 60 4 28 4 0 22 4 5 4 29 47 22 4 33 7 4 5 4 38 4 88 27 4 47 24 25 4 119 46 4 25 31 14 4 0 35 4 36 4 99 24 5 40 4 21 53 34 4 62 28 4 38 4 89 60 4 5 4 21 4 36 4 79 39 4 15 4 22 4 31 4 0 12 4 39 4 109 48 27 5 4 45 4 40 18 4 57 4 20 4 12 4 119 25 4 14 4 45 4 0 60 4 34 4 31 4 119 38 4 7 4 38 4 36 4 86 60 4 56 4 35 4 29 4 
iteration 165 best: 1.05378 leader: 1.05378 time: 110728
114 60 8 56 51 8 0 12 8 108 12 4 34 4 1 27 4 18 4 61 5 8 82 30 4 43 4 16 5 12 92 12 8 80 60 8 16 15 8 95 58 12 71 33 4 55 4 70 60 4 15 4 13 4 52 4 0 20 4 60 4 15 4 28 38 8 90 46 8 16 30 4 9 4 106 37 16 15 16 100 5 4 60 4 5 4 34 4 19 60 4 19 4 60 4 41 45 8 25 8 7 60 4 24 4 31 4 6 4 57 60 8 10 51 4 35 4 41 4 41 4 33 60 8 11 29 4 19 39 8 115 24 8 27 41 8 50 6 4 5 4 18 4 40 22 4 37 4 15 7 4 26 4 5 4 0 20 4 5 4 117 5 4 36 4 18 4 115 21 4 14 4 24 5 4 5 4 118 5 16 38 16 26 32 8 9 4 55 4 34 27 4 18 4 9 4 62 5 4 12 4 96 34 16 5 16 79 49 45 60 4 54 4 108 60 16 60 16 71 48 4 39 4 46 4 41 5 4 5 4 0 5 4 7 4 18 4 32 60 4 5 4 34 43 60 4 0 10 5 60 4 60 35 7 4 0 5 16 33 16 103 41 4 45 4 60 4 98 50 60 27 4 23 33 49 4 0 38 4 17 4 12 4 23 5 16 5 16 0 40 4 44 4 95 41 4 5 4 28 4 10 60 4 21 13 41 4 12 60 4 27 4 8 4 23 4 16 57 4 30 4 60 4 28 4 0 22 4 5 4 29 47 22 4 33 7 4 5 4 38 4 88 27 4 47 24 25 4 119 46 4 25 31 14 4 0 35 4 36 4 99 24 5 40 4 21 53 34 4 62 28 4 38 4 89 60 4 5 4 21 4 36 4 79 39 4 15 4 22 4 31 4 0 12 4 39 4 109 48 27 5 4 45 4 40 18 4 57 4 20 4 12 4 119 25 4 14 4 45 4 0 60 4 34 4 31 4 119 38 4 7 4 38 4 36 4 86 60 4 56 4 35 4 29 4 
iteration 176 best: 1.05378 leader: 1.05378 time: 118023
114 60 8 56 51 8 0 12 8 108 12 4 34 4 1 27 4 18 4 61 5 8 82 30 4 43 4 16 5 12 92 12 8 80 60 8 16 15 8 95 58 12 71 33 4 55 4 70 60 4 15 4 13 4 52 4 0 20 4 60 4 15 4 28 38 8 90 46 8 16 30 4 9 4 106 37 16 15 16 100 5 4 60 4 5 4 34 4 19 60 4 19 4 60 4 41 45 8 25 8 7 60 4 24 4 31 4 6 4 57 60 8 10 51 4 35 4 41 4 41 4 33 60 8 11 29 4 19 39 8 115 24 8 27 41 8 50 6 4 5 4 18 4 40 22 4 37 4 15 7 4 26 4 5 4 0 20 4 5 4 117 5 4 36 4 18 4 115 21 4 14 4 24 5 4 5 4 118 5 16 38 16 26 32 8 9 4 55 4 34 27 4 18 4 9 4 62 5 4 12 4 96 34 16 5 16 79 49 45 60 4 54 4 108 60 16 60 16 71 48 4 39 4 46 4 41 5 4 5 4 0 5 4 7 4 18 4 32 60 4 5 4 34 43 60 4 0 10 5 60 4 60 35 7 4 0 5 16 33 16 103 41 4 45 4 60 4 98 50 60 27 4 23 33 49 4 0 38 4 17 4 12 4 23 5 16 5 16 0 40 4 44 4 95 41 4 5 4 28 4 10 60 4 21 13 41 4 12 60 4 27 4 8 4 23 4 16 57 4 30 4 60 4 28 4 0 22 4 5 4 29 47 22 4 33 7 4 5 4 38 4 88 27 4 47 24 25 4 119 46 4 25 31 14 4 0 35 4 36 4 99 24 5 40 4 21 53 34 4 62 28 4 38 4 89 60 4 5 4 21 4 36 4 79 39 4 15 4 22 4 31 4 0 12 4 39 4 109 48 27 5 4 45 4 40 18 4 57 4 20 4 12 4 119 25 4 14 4 45 4 0 60 4 34 4 31 4 119 38 4 7 4 38 4 36 4 86 60 4 56 4 35 4 29 4 
iteration 187 best: 1.05378 leader: 1.05378 time: 125326
114 60 8 56 51 8 0 12 8 108 12 4 34 4 1 27 4 18 4 61 5 8 82 30 4 43 4 16 5 12 92 12 8 80 60 8 16 15 8 95 58 12 71 33 4 55 4 70 60 4 15 4 13 4 52 4 0 20 4 60 4 15 4 28 38 8 90 46 8 16 30 4 9 4 106 37 16 15 16 100 5 4 60 4 5 4 34 4 19 60 4 19 4 60 4 41 45 8 25 8 7 60 4 24 4 31 4 6 4 57 60 8 10 51 4 35 4 41 4 41 4 33 60 8 11 29 4 19 39 8 115 24 8 27 41 8 50 6 4 5 4 18 4 40 22 4 37 4 15 7 4 26 4 5 4 0 20 4 5 4 117 5 4 36 4 18 4 115 21 4 14 4 24 5 4 5 4 118 5 16 38 16 26 32 8 9 4 55 4 34 27 4 18 4 9 4 62 5 4 12 4 96 34 16 5 16 79 49 45 60 4 54 4 108 60 16 60 16 71 48 4 39 4 46 4 41 5 4 5 4 0 5 4 7 4 18 4 32 60 4 5 4 34 43 60 4 0 10 5 60 4 60 35 7 4 0 5 16 33 16 103 41 4 45 4 60 4 98 50 60 27 4 23 33 49 4 0 38 4 17 4 12 4 23 5 16 5 16 0 40 4 44 4 95 41 4 5 4 28 4 10 60 4 21 13 41 4 12 60 4 27 4 8 4 23 4 16 57 4 30 4 60 4 28 4 0 22 4 5 4 29 47 22 4 33 7 4 5 4 38 4 88 27 4 47 24 25 4 119 46 4 25 31 14 4 0 35 4 36 4 99 24 5 40 4 21 53 34 4 62 28 4 38 4 89 60 4 5 4 21 4 36 4 79 39 4 15 4 22 4 31 4 0 12 4 39 4 109 48 27 5 4 45 4 40 18 4 57 4 20 4 12 4 119 25 4 14 4 45 4 0 60 4 34 4 31 4 119 38 4 7 4 38 4 36 4 86 60 4 56 4 35 4 29 4 
iteration 198 best: 1.05378 leader: 1.05378 time: 132615
114 60 8 56 51 8 0 12 8 108 12 4 34 4 1 27 4 18 4 61 5 8 82 30 4 43 4 16 5 12 92 12 8 80 60 8 16 15 8 95 58 12 71 33 4 55 4 70 60 4 15 4 13 4 52 4 0 20 4 60 4 15 4 28 38 8 90 46 8 16 30 4 9 4 106 37 16 15 16 100 5 4 60 4 5 4 34 4 19 60 4 19 4 60 4 41 45 8 25 8 7 60 4 24 4 31 4 6 4 57 60 8 10 51 4 35 4 41 4 41 4 33 60 8 11 29 4 19 39 8 115 24 8 27 41 8 50 6 4 5 4 18 4 40 22 4 37 4 15 7 4 26 4 5 4 0 20 4 5 4 117 5 4 36 4 18 4 115 21 4 14 4 24 5 4 5 4 118 5 16 38 16 26 32 8 9 4 55 4 34 27 4 18 4 9 4 62 5 4 12 4 96 34 16 5 16 79 49 45 60 4 54 4 108 60 16 60 16 71 48 4 39 4 46 4 41 5 4 5 4 0 5 4 7 4 18 4 32 60 4 5 4 34 43 60 4 0 10 5 60 4 60 35 7 4 0 5 16 33 16 103 41 4 45 4 60 4 98 50 60 27 4 23 33 49 4 0 38 4 17 4 12 4 23 5 16 5 16 0 40 4 44 4 95 41 4 5 4 28 4 10 60 4 21 13 41 4 12 60 4 27 4 8 4 23 4 16 57 4 30 4 60 4 28 4 0 22 4 5 4 29 47 22 4 33 7 4 5 4 38 4 88 27 4 47 24 25 4 119 46 4 25 31 14 4 0 35 4 36 4 99 24 5 40 4 21 53 34 4 62 28 4 38 4 89 60 4 5 4 21 4 36 4 79 39 4 15 4 22 4 31 4 0 12 4 39 4 109 48 27 5 4 45 4 40 18 4 57 4 20 4 12 4 119 25 4 14 4 45 4 0 60 4 34 4 31 4 119 38 4 7 4 38 4 36 4 86 60 4 56 4 35 4 29 4 
iteration 209 best: 1.05378 leader: 1.05378 time: 139886
114 60 8 56 51 8 0 12 8 108 12 4 34 4 1 27 4 18 4 61 5 8 82 30 4 43 4 16 5 12 92 12 8 80 60 8 16 15 8 95 58 12 71 33 4 55 4 70 60 4 15 4 13 4 52 4 0 20 4 60 4 15 4 28 38 8 90 46 8 16 30 4 9 4 106 37 16 15 16 100 5 4 60 4 5 4 34 4 19 60 4 19 4 60 4 41 45 8 25 8 7 60 4 24 4 31 4 6 4 57 60 8 10 51 4 35 4 41 4 41 4 33 60 8 11 29 4 19 39 8 115 24 8 27 41 8 50 6 4 5 4 18 4 40 22 4 37 4 15 7 4 26 4 5 4 0 20 4 5 4 117 5 4 36 4 18 4 115 21 4 14 4 24 5 4 5 4 118 5 16 38 16 26 32 8 9 4 55 4 34 27 4 18 4 9 4 62 5 4 12 4 96 34 16 5 16 79 49 45 60 4 54 4 108 60 16 60 16 71 48 4 39 4 46 4 41 5 4 5 4 0 5 4 7 4 18 4 32 60 4 5 4 34 43 60 4 0 10 5 60 4 60 35 7 4 0 5 16 33 16 103 41 4 45 4 60 4 98 50 60 27 4 23 33 49 4 0 38 4 17 4 12 4 23 5 16 5 16 0 40 4 44 4 95 41 4 5 4 28 4 10 60 4 21 13 41 4 12 60 4 27 4 8 4 23 4 16 57 4 30 4 60 4 28 4 0 22 4 5 4 29 47 22 4 33 7 4 5 4 38 4 88 27 4 47 24 25 4 119 46 4 25 31 14 4 0 35 4 36 4 99 24 5 40 4 21 53 34 4 62 28 4 38 4 89 60 4 5 4 21 4 36 4 79 39 4 15 4 22 4 31 4 0 12 4 39 4 109 48 27 5 4 45 4 40 18 4 57 4 20 4 12 4 119 25 4 14 4 45 4 0 60 4 34 4 31 4 119 38 4 7 4 38 4 36 4 86 60 4 56 4 35 4 29 4 
iteration 220 best: 1.05378 leader: 1.05378 time: 147160
114 60 8 56 51 8 0 12 8 108 12 4 34 4 1 27 4 18 4 61 5 8 82 30 4 43 4 16 5 12 92 12 8 80 60 8 16 15 8 95 58 12 71 33 4 55 4 70 60 4 15 4 13 4 52 4 0 20 4 60 4 15 4 28 38 8 90 46 8 16 30 4 9 4 106 37 16 15 16 100 5 4 60 4 5 4 34 4 19 60 4 19 4 60 4 41 45 8 25 8 7 60 4 24 4 31 4 6 4 57 60 8 10 51 4 35 4 41 4 41 4 33 60 8 11 29 4 19 39 8 115 24 8 27 41 8 50 6 4 5 4 18 4 40 22 4 37 4 15 7 4 26 4 5 4 0 20 4 5 4 117 5 4 36 4 18 4 115 21 4 14 4 24 5 4 5 4 118 5 16 38 16 26 32 8 9 4 55 4 34 27 4 18 4 9 4 62 5 4 12 4 96 34 16 5 16 79 49 45 60 4 54 4 108 60 16 60 16 71 48 4 39 4 46 4 41 5 4 5 4 0 5 4 7 4 18 4 32 60 4 5 4 34 43 60 4 0 10 5 60 4 60 35 7 4 0 5 16 33 16 103 41 4 45 4 60 4 98 50 60 27 4 23 33 49 4 0 38 4 17 4 12 4 23 5 16 5 16 0 40 4 44 4 95 41 4 5 4 28 4 10 60 4 21 13 41 4 12 60 4 27 4 8 4 23 4 16 57 4 30 4 60 4 28 4 0 22 4 5 4 29 47 22 4 33 7 4 5 4 38 4 88 27 4 47 24 25 4 119 46 4 25 31 14 4 0 35 4 36 4 99 24 5 40 4 21 53 34 4 62 28 4 38 4 89 60 4 5 4 21 4 36 4 79 39 4 15 4 22 4 31 4 0 12 4 39 4 109 48 27 5 4 45 4 40 18 4 57 4 20 4 12 4 119 25 4 14 4 45 4 0 60 4 34 4 31 4 119 38 4 7 4 38 4 36 4 86 60 4 56 4 35 4 29 4 
iteration 231 best: 1.05378 leader: 1.05378 time: 154453
114 60 8 56 51 8 0 12 8 108 12 4 34 4 1 27 4 18 4 61 5 8 82 30 4 43 4 16 5 12 92 12 8 80 60 8 16 15 8 95 58 12 71 33 4 55 4 70 60 4 15 4 13 4 52 4 0 20 4 60 4 15 4 28 38 8 90 46 8 16 30 4 9 4 106 37 16 15 16 100 5 4 60 4 5 4 34 4 19 60 4 19 4 60 4 41 45 8 25 8 7 60 4 24 4 31 4 6 4 57 60 8 10 51 4 35 4 41 4 41 4 33 60 8 11 29 4 19 39 8 115 24 8 27 41 8 50 6 4 5 4 18 4 40 22 4 37 4 15 7 4 26 4 5 4 0 20 4 5 4 117 5 4 36 4 18 4 115 21 4 14 4 24 5 4 5 4 118 5 16 38 16 26 32 8 9 4 55 4 34 27 4 18 4 9 4 62 5 4 12 4 96 34 16 5 16 79 49 45 60 4 54 4 108 60 16 60 16 71 48 4 39 4 46 4 41 5 4 5 4 0 5 4 7 4 18 4 32 60 4 5 4 34 43 60 4 0 10 5 60 4 60 35 7 4 0 5 16 33 16 103 41 4 45 4 60 4 98 50 60 27 4 23 33 49 4 0 38 4 17 4 12 4 23 5 16 5 16 0 40 4 44 4 95 41 4 5 4 28 4 10 60 4 21 13 41 4 12 60 4 27 4 8 4 23 4 16 57 4 30 4 60 4 28 4 0 22 4 5 4 29 47 22 4 33 7 4 5 4 38 4 88 27 4 47 24 25 4 119 46 4 25 31 14 4 0 35 4 36 4 99 24 5 40 4 21 53 34 4 62 28 4 38 4 89 60 4 5 4 21 4 36 4 79 39 4 15 4 22 4 31 4 0 12 4 39 4 109 48 27 5 4 45 4 40 18 4 57 4 20 4 12 4 119 25 4 14 4 45 4 0 60 4 34 4 31 4 119 38 4 7 4 38 4 36 4 86 60 4 56 4 35 4 29 4 
iteration 242 best: 1.05378 leader: 1.05378 time: 162023
114 60 8 56 51 8 0 12 8 108 12 4 34 4 1 27 4 18 4 61 5 8 82 30 4 43 4 16 5 12 92 12 8 80 60 8 16 15 8 95 58 12 71 33 4 55 4 70 60 4 15 4 13 4 52 4 0 20 4 60 4 15 4 28 38 8 90 46 8 16 30 4 9 4 106 37 16 15 16 100 5 4 60 4 5 4 34 4 19 60 4 19 4 60 4 41 45 8 25 8 7 60 4 24 4 31 4 6 4 57 60 8 10 51 4 35 4 41 4 41 4 33 60 8 11 29 4 19 39 8 115 24 8 27 41 8 50 6 4 5 4 18 4 40 22 4 37 4 15 7 4 26 4 5 4 0 20 4 5 4 117 5 4 36 4 18 4 115 21 4 14 4 24 5 4 5 4 118 5 16 38 16 26 32 8 9 4 55 4 34 27 4 18 4 9 4 62 5 4 12 4 96 34 16 5 16 79 49 45 60 4 54 4 108 60 16 60 16 71 48 4 39 4 46 4 41 5 4 5 4 0 5 4 7 4 18 4 32 60 4 5 4 34 43 60 4 0 10 5 60 4 60 35 7 4 0 5 16 33 16 103 41 4 45 4 60 4 98 50 60 27 4 23 33 49 4 0 38 4 17 4 12 4 23 5 16 5 16 0 40 4 44 4 95 41 4 5 4 28 4 10 60 4 21 13 41 4 12 60 4 27 4 8 4 23 4 16 57 4 30 4 60 4 28 4 0 22 4 5 4 29 47 22 4 33 7 4 5 4 38 4 88 27 4 47 24 25 4 119 46 4 25 31 14 4 0 35 4 36 4 99 24 5 40 4 21 53 34 4 62 28 4 38 4 89 60 4 5 4 21 4 36 4 79 39 4 15 4 22 4 31 4 0 12 4 39 4 109 48 27 5 4 45 4 40 18 4 57 4 20 4 12 4 119 25 4 14 4 45 4 0 60 4 34 4 31 4 119 38 4 7 4 38 4 36 4 86 60 4 56 4 35 4 29 4 
iteration 253 best: 1.05378 leader: 1.05378 time: 169292
114 60 8 56 51 8 0 12 8 108 12 4 34 4 1 27 4 18 4 61 5 8 82 30 4 43 4 16 5 12 92 12 8 80 60 8 16 15 8 95 58 12 71 33 4 55 4 70 60 4 15 4 13 4 52 4 0 20 4 60 4 15 4 28 38 8 90 46 8 16 30 4 9 4 106 37 16 15 16 100 5 4 60 4 5 4 34 4 19 60 4 19 4 60 4 41 45 8 25 8 7 60 4 24 4 31 4 6 4 57 60 8 10 51 4 35 4 41 4 41 4 33 60 8 11 29 4 19 39 8 115 24 8 27 41 8 50 6 4 5 4 18 4 40 22 4 37 4 15 7 4 26 4 5 4 0 20 4 5 4 117 5 4 36 4 18 4 115 21 4 14 4 24 5 4 5 4 118 5 16 38 16 26 32 8 9 4 55 4 34 27 4 18 4 9 4 62 5 4 12 4 96 34 16 5 16 79 49 45 60 4 54 4 108 60 16 60 16 71 48 4 39 4 46 4 41 5 4 5 4 0 5 4 7 4 18 4 32 60 4 5 4 34 43 60 4 0 10 5 60 4 60 35 7 4 0 5 16 33 16 103 41 4 45 4 60 4 98 50 60 27 4 23 33 49 4 0 38 4 17 4 12 4 23 5 16 5 16 0 40 4 44 4 95 41 4 5 4 28 4 10 60 4 21 13 41 4 12 60 4 27 4 8 4 23 4 16 57 4 30 4 60 4 28 4 0 22 4 5 4 29 47 22 4 33 7 4 5 4 38 4 88 27 4 47 24 25 4 119 46 4 25 31 14 4 0 35 4 36 4 99 24 5 40 4 21 53 34 4 62 28 4 38 4 89 60 4 5 4 21 4 36 4 79 39 4 15 4 22 4 31 4 0 12 4 39 4 109 48 27 5 4 45 4 40 18 4 57 4 20 4 12 4 119 25 4 14 4 45 4 0 60 4 34 4 31 4 119 38 4 7 4 38 4 36 4 86 60 4 56 4 35 4 29 4 
iteration 264 best: 1.05378 leader: 1.05378 time: 176586
114 60 8 56 51 8 0 12 8 108 12 4 34 4 1 27 4 18 4 61 5 8 82 30 4 43 4 16 5 12 92 12 8 80 60 8 16 15 8 95 58 12 71 33 4 55 4 70 60 4 15 4 13 4 52 4 0 20 4 60 4 15 4 28 38 8 90 46 8 16 30 4 9 4 106 37 16 15 16 100 5 4 60 4 5 4 34 4 19 60 4 19 4 60 4 41 45 8 25 8 7 60 4 24 4 31 4 6 4 57 60 8 10 51 4 35 4 41 4 41 4 33 60 8 11 29 4 19 39 8 115 24 8 27 41 8 50 6 4 5 4 18 4 40 22 4 37 4 15 7 4 26 4 5 4 0 20 4 5 4 117 5 4 36 4 18 4 115 21 4 14 4 24 5 4 5 4 118 5 16 38 16 26 32 8 9 4 55 4 34 27 4 18 4 9 4 62 5 4 12 4 96 34 16 5 16 79 49 45 60 4 54 4 108 60 16 60 16 71 48 4 39 4 46 4 41 5 4 5 4 0 5 4 7 4 18 4 32 60 4 5 4 34 43 60 4 0 10 5 60 4 60 35 7 4 0 5 16 33 16 103 41 4 45 4 60 4 98 50 60 27 4 23 33 49 4 0 38 4 17 4 12 4 23 5 16 5 16 0 40 4 44 4 95 41 4 5 4 28 4 10 60 4 21 13 41 4 12 60 4 27 4 8 4 23 4 16 57 4 30 4 60 4 28 4 0 22 4 5 4 29 47 22 4 33 7 4 5 4 38 4 88 27 4 47 24 25 4 119 46 4 25 31 14 4 0 35 4 36 4 99 24 5 40 4 21 53 34 4 62 28 4 38 4 89 60 4 5 4 21 4 36 4 79 39 4 15 4 22 4 31 4 0 12 4 39 4 109 48 27 5 4 45 4 40 18 4 57 4 20 4 12 4 119 25 4 14 4 45 4 0 60 4 34 4 31 4 119 38 4 7 4 38 4 36 4 86 60 4 56 4 35 4 29 4 
iteration 275 best: 1.05378 leader: 1.05378 time: 184026
114 60 8 56 51 8 0 12 8 108 12 4 34 4 1 27 4 18 4 61 5 8 82 30 4 43 4 16 5 12 92 12 8 80 60 8 16 15 8 95 58 12 71 33 4 55 4 70 60 4 15 4 13 4 52 4 0 20 4 60 4 15 4 28 38 8 90 46 8 16 30 4 9 4 106 37 16 15 16 100 5 4 60 4 5 4 34 4 19 60 4 19 4 60 4 41 45 8 25 8 7 60 4 24 4 31 4 6 4 57 60 8 10 51 4 35 4 41 4 41 4 33 60 8 11 29 4 19 39 8 115 24 8 27 41 8 50 6 4 5 4 18 4 40 22 4 37 4 15 7 4 26 4 5 4 0 20 4 5 4 117 5 4 36 4 18 4 115 21 4 14 4 24 5 4 5 4 118 5 16 38 16 26 32 8 9 4 55 4 34 27 4 18 4 9 4 62 5 4 12 4 96 34 16 5 16 79 49 45 60 4 54 4 108 60 16 60 16 71 48 4 39 4 46 4 41 5 4 5 4 0 5 4 7 4 18 4 32 60 4 5 4 34 43 60 4 0 10 5 60 4 60 35 7 4 0 5 16 33 16 103 41 4 45 4 60 4 98 50 60 27 4 23 33 49 4 0 38 4 17 4 12 4 23 5 16 5 16 0 40 4 44 4 95 41 4 5 4 28 4 10 60 4 21 13 41 4 12 60 4 27 4 8 4 23 4 16 57 4 30 4 60 4 28 4 0 22 4 5 4 29 47 22 4 33 7 4 5 4 38 4 88 27 4 47 24 25 4 119 46 4 25 31 14 4 0 35 4 36 4 99 24 5 40 4 21 53 34 4 62 28 4 38 4 89 60 4 5 4 21 4 36 4 79 39 4 15 4 22 4 31 4 0 12 4 39 4 109 48 27 5 4 45 4 40 18 4 57 4 20 4 12 4 119 25 4 14 4 45 4 0 60 4 34 4 31 4 119 38 4 7 4 38 4 36 4 86 60 4 56 4 35 4 29 4 
iteration 286 best: 1.05378 leader: 1.05378 time: 191301
114 60 8 56 51 8 0 12 8 108 12 4 34 4 1 27 4 18 4 61 5 8 82 30 4 43 4 16 5 12 92 12 8 80 60 8 16 15 8 95 58 12 71 33 4 55 4 70 60 4 15 4 13 4 52 4 0 20 4 60 4 15 4 28 38 8 90 46 8 16 30 4 9 4 106 37 16 15 16 100 5 4 60 4 5 4 34 4 19 60 4 19 4 60 4 41 45 8 25 8 7 60 4 24 4 31 4 6 4 57 60 8 10 51 4 35 4 41 4 41 4 33 60 8 11 29 4 19 39 8 115 24 8 27 41 8 50 6 4 5 4 18 4 40 22 4 37 4 15 7 4 26 4 5 4 0 20 4 5 4 117 5 4 36 4 18 4 115 21 4 14 4 24 5 4 5 4 118 5 16 38 16 26 32 8 9 4 55 4 34 27 4 18 4 9 4 62 5 4 12 4 96 34 16 5 16 79 49 45 60 4 54 4 108 60 16 60 16 71 48 4 39 4 46 4 41 5 4 5 4 0 5 4 7 4 18 4 32 60 4 5 4 34 43 60 4 0 10 5 60 4 60 35 7 4 0 5 16 33 16 103 41 4 45 4 60 4 98 50 60 27 4 23 33 49 4 0 38 4 17 4 12 4 23 5 16 5 16 0 40 4 44 4 95 41 4 5 4 28 4 10 60 4 21 13 41 4 12 60 4 27 4 8 4 23 4 16 57 4 30 4 60 4 28 4 0 22 4 5 4 29 47 22 4 33 7 4 5 4 38 4 88 27 4 47 24 25 4 119 46 4 25 31 14 4 0 35 4 36 4 99 24 5 40 4 21 53 34 4 62 28 4 38 4 89 60 4 5 4 21 4 36 4 79 39 4 15 4 22 4 31 4 0 12 4 39 4 109 48 27 5 4 45 4 40 18 4 57 4 20 4 12 4 119 25 4 14 4 45 4 0 60 4 34 4 31 4 119 38 4 7 4 38 4 36 4 86 60 4 56 4 35 4 29 4 
iteration 297 best: 1.05378 leader: 1.05378 time: 198606
114 60 8 56 51 8 0 12 8 108 12 4 34 4 1 27 4 18 4 61 5 8 82 30 4 43 4 16 5 12 92 12 8 80 60 8 16 15 8 95 58 12 71 33 4 55 4 70 60 4 15 4 13 4 52 4 0 20 4 60 4 15 4 28 38 8 90 46 8 16 30 4 9 4 106 37 16 15 16 100 5 4 60 4 5 4 34 4 19 60 4 19 4 60 4 41 45 8 25 8 7 60 4 24 4 31 4 6 4 57 60 8 10 51 4 35 4 41 4 41 4 33 60 8 11 29 4 19 39 8 115 24 8 27 41 8 50 6 4 5 4 18 4 40 22 4 37 4 15 7 4 26 4 5 4 0 20 4 5 4 117 5 4 36 4 18 4 115 21 4 14 4 24 5 4 5 4 118 5 16 38 16 26 32 8 9 4 55 4 34 27 4 18 4 9 4 62 5 4 12 4 96 34 16 5 16 79 49 45 60 4 54 4 108 60 16 60 16 71 48 4 39 4 46 4 41 5 4 5 4 0 5 4 7 4 18 4 32 60 4 5 4 34 43 60 4 0 10 5 60 4 60 35 7 4 0 5 16 33 16 103 41 4 45 4 60 4 98 50 60 27 4 23 33 49 4 0 38 4 17 4 12 4 23 5 16 5 16 0 40 4 44 4 95 41 4 5 4 28 4 10 60 4 21 13 41 4 12 60 4 27 4 8 4 23 4 16 57 4 30 4 60 4 28 4 0 22 4 5 4 29 47 22 4 33 7 4 5 4 38 4 88 27 4 47 24 25 4 119 46 4 25 31 14 4 0 35 4 36 4 99 24 5 40 4 21 53 34 4 62 28 4 38 4 89 60 4 5 4 21 4 36 4 79 39 4 15 4 22 4 31 4 0 12 4 39 4 109 48 27 5 4 45 4 40 18 4 57 4 20 4 12 4 119 25 4 14 4 45 4 0 60 4 34 4 31 4 119 38 4 7 4 38 4 36 4 86 60 4 56 4 35 4 29 4 
iteration 308 best: 1.05378 leader: 1.05378 time: 205890
114 60 8 56 51 8 0 12 8 108 12 4 34 4 1 27 4 18 4 61 5 8 82 30 4 43 4 16 5 12 92 12 8 80 60 8 16 15 8 95 58 12 71 33 4 55 4 70 60 4 15 4 13 4 52 4 0 20 4 60 4 15 4 28 38 8 90 46 8 16 30 4 9 4 106 37 16 15 16 100 5 4 60 4 5 4 34 4 19 60 4 19 4 60 4 41 45 8 25 8 7 60 4 24 4 31 4 6 4 57 60 8 10 51 4 35 4 41 4 41 4 33 60 8 11 29 4 19 39 8 115 24 8 27 41 8 50 6 4 5 4 18 4 40 22 4 37 4 15 7 4 26 4 5 4 0 20 4 5 4 117 5 4 36 4 18 4 115 21 4 14 4 24 5 4 5 4 118 5 16 38 16 26 32 8 9 4 55 4 34 27 4 18 4 9 4 62 5 4 12 4 96 34 16 5 16 79 49 45 60 4 54 4 108 60 16 60 16 71 48 4 39 4 46 4 41 5 4 5 4 0 5 4 7 4 18 4 32 60 4 5 4 34 43 60 4 0 10 5 60 4 60 35 7 4 0 5 16 33 16 103 41 4 45 4 60 4 98 50 60 27 4 23 33 49 4 0 38 4 17 4 12 4 23 5 16 5 16 0 40 4 44 4 95 41 4 5 4 28 4 10 60 4 21 13 41 4 12 60 4 27 4 8 4 23 4 16 57 4 30 4 60 4 28 4 0 22 4 5 4 29 47 22 4 33 7 4 5 4 38 4 88 27 4 47 24 25 4 119 46 4 25 31 14 4 0 35 4 36 4 99 24 5 40 4 21 53 34 4 62 28 4 38 4 89 60 4 5 4 21 4 36 4 79 39 4 15 4 22 4 31 4 0 12 4 39 4 109 48 27 5 4 45 4 40 18 4 57 4 20 4 12 4 119 25 4 14 4 45 4 0 60 4 34 4 31 4 119 38 4 7 4 38 4 36 4 86 60 4 56 4 35 4 29 4 
iteration 319 best: 1.05378 leader: 1.05378 time: 213140
114 60 8 56 51 8 0 12 8 108 12 4 34 4 1 27 4 18 4 61 5 8 82 30 4 43 4 16 5 12 92 12 8 80 60 8 16 15 8 95 58 12 71 33 4 55 4 70 60 4 15 4 13 4 52 4 0 20 4 60 4 15 4 28 38 8 90 46 8 16 30 4 9 4 106 37 16 15 16 100 5 4 60 4 5 4 34 4 19 60 4 19 4 60 4 41 45 8 25 8 7 60 4 24 4 31 4 6 4 57 60 8 10 51 4 35 4 41 4 41 4 33 60 8 11 29 4 19 39 8 115 24 8 27 41 8 50 6 4 5 4 18 4 40 22 4 37 4 15 7 4 26 4 5 4 0 20 4 5 4 117 5 4 36 4 18 4 115 21 4 14 4 24 5 4 5 4 118 5 16 38 16 26 32 8 9 4 55 4 34 27 4 18 4 9 4 62 5 4 12 4 96 34 16 5 16 79 49 45 60 4 54 4 108 60 16 60 16 71 48 4 39 4 46 4 41 5 4 5 4 0 5 4 7 4 18 4 32 60 4 5 4 34 43 60 4 0 10 5 60 4 60 35 7 4 0 5 16 33 16 103 41 4 45 4 60 4 98 50 60 27 4 23 33 49 4 0 38 4 17 4 12 4 23 5 16 5 16 0 40 4 44 4 95 41 4 5 4 28 4 10 60 4 21 13 41 4 12 60 4 27 4 8 4 23 4 16 57 4 30 4 60 4 28 4 0 22 4 5 4 29 47 22 4 33 7 4 5 4 38 4 88 27 4 47 24 25 4 119 46 4 25 31 14 4 0 35 4 36 4 99 24 5 40 4 21 53 34 4 62 28 4 38 4 89 60 4 5 4 21 4 36 4 79 39 4 15 4 22 4 31 4 0 12 4 39 4 109 48 27 5 4 45 4 40 18 4 57 4 20 4 12 4 119 25 4 14 4 45 4 0 60 4 34 4 31 4 119 38 4 7 4 38 4 36 4 86 60 4 56 4 35 4 29 4 
iteration 330 best: 1.05378 leader: 1.05378 time: 220464
114 60 8 56 51 8 0 12 8 108 12 4 34 4 1 27 4 18 4 61 5 8 82 30 4 43 4 16 5 12 92 12 8 80 60 8 16 15 8 95 58 12 71 33 4 55 4 70 60 4 15 4 13 4 52 4 0 20 4 60 4 15 4 28 38 8 90 46 8 16 30 4 9 4 106 37 16 15 16 100 5 4 60 4 5 4 34 4 19 60 4 19 4 60 4 41 45 8 25 8 7 60 4 24 4 31 4 6 4 57 60 8 10 51 4 35 4 41 4 41 4 33 60 8 11 29 4 19 39 8 115 24 8 27 41 8 50 6 4 5 4 18 4 40 22 4 37 4 15 7 4 26 4 5 4 0 20 4 5 4 117 5 4 36 4 18 4 115 21 4 14 4 24 5 4 5 4 118 5 16 38 16 26 32 8 9 4 55 4 34 27 4 18 4 9 4 62 5 4 12 4 96 34 16 5 16 79 49 45 60 4 54 4 108 60 16 60 16 71 48 4 39 4 46 4 41 5 4 5 4 0 5 4 7 4 18 4 32 60 4 5 4 34 43 60 4 0 10 5 60 4 60 35 7 4 0 5 16 33 16 103 41 4 45 4 60 4 98 50 60 27 4 23 33 49 4 0 38 4 17 4 12 4 23 5 16 5 16 0 40 4 44 4 95 41 4 5 4 28 4 10 60 4 21 13 41 4 12 60 4 27 4 8 4 23 4 16 57 4 30 4 60 4 28 4 0 22 4 5 4 29 47 22 4 33 7 4 5 4 38 4 88 27 4 47 24 25 4 119 46 4 25 31 14 4 0 35 4 36 4 99 24 5 40 4 21 53 34 4 62 28 4 38 4 89 60 4 5 4 21 4 36 4 79 39 4 15 4 22 4 31 4 0 12 4 39 4 109 48 27 5 4 45 4 40 18 4 57 4 20 4 12 4 119 25 4 14 4 45 4 0 60 4 34 4 31 4 119 38 4 7 4 38 4 36 4 86 60 4 56 4 35 4 29 4 
iteration 341 best: 1.05378 leader: 1.05378 time: 227748
114 60 8 56 51 8 0 12 8 108 12 4 34 4 1 27 4 18 4 61 5 8 82 30 4 43 4 16 5 12 92 12 8 80 60 8 16 15 8 95 58 12 71 33 4 55 4 70 60 4 15 4 13 4 52 4 0 20 4 60 4 15 4 28 38 8 90 46 8 16 30 4 9 4 106 37 16 15 16 100 5 4 60 4 5 4 34 4 19 60 4 19 4 60 4 41 45 8 25 8 7 60 4 24 4 31 4 6 4 57 60 8 10 51 4 35 4 41 4 41 4 33 60 8 11 29 4 19 39 8 115 24 8 27 41 8 50 6 4 5 4 18 4 40 22 4 37 4 15 7 4 26 4 5 4 0 20 4 5 4 117 5 4 36 4 18 4 115 21 4 14 4 24 5 4 5 4 118 5 16 38 16 26 32 8 9 4 55 4 34 27 4 18 4 9 4 62 5 4 12 4 96 34 16 5 16 79 49 45 60 4 54 4 108 60 16 60 16 71 48 4 39 4 46 4 41 5 4 5 4 0 5 4 7 4 18 4 32 60 4 5 4 34 43 60 4 0 10 5 60 4 60 35 7 4 0 5 16 33 16 103 41 4 45 4 60 4 98 50 60 27 4 23 33 49 4 0 38 4 17 4 12 4 23 5 16 5 16 0 40 4 44 4 95 41 4 5 4 28 4 10 60 4 21 13 41 4 12 60 4 27 4 8 4 23 4 16 57 4 30 4 60 4 28 4 0 22 4 5 4 29 47 22 4 33 7 4 5 4 38 4 88 27 4 47 24 25 4 119 46 4 25 31 14 4 0 35 4 36 4 99 24 5 40 4 21 53 34 4 62 28 4 38 4 89 60 4 5 4 21 4 36 4 79 39 4 15 4 22 4 31 4 0 12 4 39 4 109 48 27 5 4 45 4 40 18 4 57 4 20 4 12 4 119 25 4 14 4 45 4 0 60 4 34 4 31 4 119 38 4 7 4 38 4 36 4 86 60 4 56 4 35 4 29 4 
iteration 352 best: 1.05378 leader: 1.05378 time: 235056
114 60 8 56 51 8 0 12 8 108 12 4 34 4 1 27 4 18 4 61 5 8 82 30 4 43 4 16 5 12 92 12 8 80 60 8 16 15 8 95 58 12 71 33 4 55 4 70 60 4 15 4 13 4 52 4 0 20 4 60 4 15 4 28 38 8 90 46 8 16 30 4 9 4 106 37 16 15 16 100 5 4 60 4 5 4 34 4 19 60 4 19 4 60 4 41 45 8 25 8 7 60 4 24 4 31 4 6 4 57 60 8 10 51 4 35 4 41 4 41 4 33 60 8 11 29 4 19 39 8 115 24 8 27 41 8 50 6 4 5 4 18 4 40 22 4 37 4 15 7 4 26 4 5 4 0 20 4 5 4 117 5 4 36 4 18 4 115 21 4 14 4 24 5 4 5 4 118 5 16 38 16 26 32 8 9 4 55 4 34 27 4 18 4 9 4 62 5 4 12 4 96 34 16 5 16 79 49 45 60 4 54 4 108 60 16 60 16 71 48 4 39 4 46 4 41 5 4 5 4 0 5 4 7 4 18 4 32 60 4 5 4 34 43 60 4 0 10 5 60 4 60 35 7 4 0 5 16 33 16 103 41 4 45 4 60 4 98 50 60 27 4 23 33 49 4 0 38 4 17 4 12 4 23 5 16 5 16 0 40 4 44 4 95 41 4 5 4 28 4 10 60 4 21 13 41 4 12 60 4 27 4 8 4 23 4 16 57 4 30 4 60 4 28 4 0 22 4 5 4 29 47 22 4 33 7 4 5 4 38 4 88 27 4 47 24 25 4 119 46 4 25 31 14 4 0 35 4 36 4 99 24 5 40 4 21 53 34 4 62 28 4 38 4 89 60 4 5 4 21 4 36 4 79 39 4 15 4 22 4 31 4 0 12 4 39 4 109 48 27 5 4 45 4 40 18 4 57 4 20 4 12 4 119 25 4 14 4 45 4 0 60 4 34 4 31 4 119 38 4 7 4 38 4 36 4 86 60 4 56 4 35 4 29 4 
iteration 363 best: 1.05378 leader: 1.05378 time: 242375
114 60 8 56 51 8 0 12 8 108 12 4 34 4 1 27 4 18 4 61 5 8 82 30 4 43 4 16 5 12 92 12 8 80 60 8 16 15 8 95 58 12 71 33 4 55 4 70 60 4 15 4 13 4 52 4 0 20 4 60 4 15 4 28 38 8 90 46 8 16 30 4 9 4 106 37 16 15 16 100 5 4 60 4 5 4 34 4 19 60 4 19 4 60 4 41 45 8 25 8 7 60 4 24 4 31 4 6 4 57 60 8 10 51 4 35 4 41 4 41 4 33 60 8 11 29 4 19 39 8 115 24 8 27 41 8 50 6 4 5 4 18 4 40 22 4 37 4 15 7 4 26 4 5 4 0 20 4 5 4 117 5 4 36 4 18 4 115 21 4 14 4 24 5 4 5 4 118 5 16 38 16 26 32 8 9 4 55 4 34 27 4 18 4 9 4 62 5 4 12 4 96 34 16 5 16 79 49 45 60 4 54 4 108 60 16 60 16 71 48 4 39 4 46 4 41 5 4 5 4 0 5 4 7 4 18 4 32 60 4 5 4 34 43 60 4 0 10 5 60 4 60 35 7 4 0 5 16 33 16 103 41 4 45 4 60 4 98 50 60 27 4 23 33 49 4 0 38 4 17 4 12 4 23 5 16 5 16 0 40 4 44 4 95 41 4 5 4 28 4 10 60 4 21 13 41 4 12 60 4 27 4 8 4 23 4 16 57 4 30 4 60 4 28 4 0 22 4 5 4 29 47 22 4 33 7 4 5 4 38 4 88 27 4 47 24 25 4 119 46 4 25 31 14 4 0 35 4 36 4 99 24 5 40 4 21 53 34 4 62 28 4 38 4 89 60 4 5 4 21 4 36 4 79 39 4 15 4 22 4 31 4 0 12 4 39 4 109 48 27 5 4 45 4 40 18 4 57 4 20 4 12 4 119 25 4 14 4 45 4 0 60 4 34 4 31 4 119 38 4 7 4 38 4 36 4 86 60 4 56 4 35 4 29 4 
iteration 374 best: 1.05378 leader: 1.05378 time: 249659
114 60 8 56 51 8 0 12 8 108 12 4 34 4 1 27 4 18 4 61 5 8 82 30 4 43 4 16 5 12 92 12 8 80 60 8 16 15 8 95 58 12 71 33 4 55 4 70 60 4 15 4 13 4 52 4 0 20 4 60 4 15 4 28 38 8 90 46 8 16 30 4 9 4 106 37 16 15 16 100 5 4 60 4 5 4 34 4 19 60 4 19 4 60 4 41 45 8 25 8 7 60 4 24 4 31 4 6 4 57 60 8 10 51 4 35 4 41 4 41 4 33 60 8 11 29 4 19 39 8 115 24 8 27 41 8 50 6 4 5 4 18 4 40 22 4 37 4 15 7 4 26 4 5 4 0 20 4 5 4 117 5 4 36 4 18 4 115 21 4 14 4 24 5 4 5 4 118 5 16 38 16 26 32 8 9 4 55 4 34 27 4 18 4 9 4 62 5 4 12 4 96 34 16 5 16 79 49 45 60 4 54 4 108 60 16 60 16 71 48 4 39 4 46 4 41 5 4 5 4 0 5 4 7 4 18 4 32 60 4 5 4 34 43 60 4 0 10 5 60 4 60 35 7 4 0 5 16 33 16 103 41 4 45 4 60 4 98 50 60 27 4 23 33 49 4 0 38 4 17 4 12 4 23 5 16 5 16 0 40 4 44 4 95 41 4 5 4 28 4 10 60 4 21 13 41 4 12 60 4 27 4 8 4 23 4 16 57 4 30 4 60 4 28 4 0 22 4 5 4 29 47 22 4 33 7 4 5 4 38 4 88 27 4 47 24 25 4 119 46 4 25 31 14 4 0 35 4 36 4 99 24 5 40 4 21 53 34 4 62 28 4 38 4 89 60 4 5 4 21 4 36 4 79 39 4 15 4 22 4 31 4 0 12 4 39 4 109 48 27 5 4 45 4 40 18 4 57 4 20 4 12 4 119 25 4 14 4 45 4 0 60 4 34 4 31 4 119 38 4 7 4 38 4 36 4 86 60 4 56 4 35 4 29 4 
iteration 385 best: 1.05378 leader: 1.05378 time: 256987
114 60 8 56 51 8 0 12 8 108 12 4 34 4 1 27 4 18 4 61 5 8 82 30 4 43 4 16 5 12 92 12 8 80 60 8 16 15 8 95 58 12 71 33 4 55 4 70 60 4 15 4 13 4 52 4 0 20 4 60 4 15 4 28 38 8 90 46 8 16 30 4 9 4 106 37 16 15 16 100 5 4 60 4 5 4 34 4 19 60 4 19 4 60 4 41 45 8 25 8 7 60 4 24 4 31 4 6 4 57 60 8 10 51 4 35 4 41 4 41 4 33 60 8 11 29 4 19 39 8 115 24 8 27 41 8 50 6 4 5 4 18 4 40 22 4 37 4 15 7 4 26 4 5 4 0 20 4 5 4 117 5 4 36 4 18 4 115 21 4 14 4 24 5 4 5 4 118 5 16 38 16 26 32 8 9 4 55 4 34 27 4 18 4 9 4 62 5 4 12 4 96 34 16 5 16 79 49 45 60 4 54 4 108 60 16 60 16 71 48 4 39 4 46 4 41 5 4 5 4 0 5 4 7 4 18 4 32 60 4 5 4 34 43 60 4 0 10 5 60 4 60 35 7 4 0 5 16 33 16 103 41 4 45 4 60 4 98 50 60 27 4 23 33 49 4 0 38 4 17 4 12 4 23 5 16 5 16 0 40 4 44 4 95 41 4 5 4 28 4 10 60 4 21 13 41 4 12 60 4 27 4 8 4 23 4 16 57 4 30 4 60 4 28 4 0 22 4 5 4 29 47 22 4 33 7 4 5 4 38 4 88 27 4 47 24 25 4 119 46 4 25 31 14 4 0 35 4 36 4 99 24 5 40 4 21 53 34 4 62 28 4 38 4 89 60 4 5 4 21 4 36 4 79 39 4 15 4 22 4 31 4 0 12 4 39 4 109 48 27 5 4 45 4 40 18 4 57 4 20 4 12 4 119 25 4 14 4 45 4 0 60 4 34 4 31 4 119 38 4 7 4 38 4 36 4 86 60 4 56 4 35 4 29 4 
iteration 396 best: 1.05378 leader: 1.05378 time: 264252
114 60 8 56 51 8 0 12 8 108 12 4 34 4 1 27 4 18 4 61 5 8 82 30 4 43 4 16 5 12 92 12 8 80 60 8 16 15 8 95 58 12 71 33 4 55 4 70 60 4 15 4 13 4 52 4 0 20 4 60 4 15 4 28 38 8 90 46 8 16 30 4 9 4 106 37 16 15 16 100 5 4 60 4 5 4 34 4 19 60 4 19 4 60 4 41 45 8 25 8 7 60 4 24 4 31 4 6 4 57 60 8 10 51 4 35 4 41 4 41 4 33 60 8 11 29 4 19 39 8 115 24 8 27 41 8 50 6 4 5 4 18 4 40 22 4 37 4 15 7 4 26 4 5 4 0 20 4 5 4 117 5 4 36 4 18 4 115 21 4 14 4 24 5 4 5 4 118 5 16 38 16 26 32 8 9 4 55 4 34 27 4 18 4 9 4 62 5 4 12 4 96 34 16 5 16 79 49 45 60 4 54 4 108 60 16 60 16 71 48 4 39 4 46 4 41 5 4 5 4 0 5 4 7 4 18 4 32 60 4 5 4 34 43 60 4 0 10 5 60 4 60 35 7 4 0 5 16 33 16 103 41 4 45 4 60 4 98 50 60 27 4 23 33 49 4 0 38 4 17 4 12 4 23 5 16 5 16 0 40 4 44 4 95 41 4 5 4 28 4 10 60 4 21 13 41 4 12 60 4 27 4 8 4 23 4 16 57 4 30 4 60 4 28 4 0 22 4 5 4 29 47 22 4 33 7 4 5 4 38 4 88 27 4 47 24 25 4 119 46 4 25 31 14 4 0 35 4 36 4 99 24 5 40 4 21 53 34 4 62 28 4 38 4 89 60 4 5 4 21 4 36 4 79 39 4 15 4 22 4 31 4 0 12 4 39 4 109 48 27 5 4 45 4 40 18 4 57 4 20 4 12 4 119 25 4 14 4 45 4 0 60 4 34 4 31 4 119 38 4 7 4 38 4 36 4 86 60 4 56 4 35 4 29 4 
iteration 407 best: 1.05378 leader: 1.05378 time: 271588
114 60 8 56 51 8 0 12 8 108 12 4 34 4 1 27 4 18 4 61 5 8 82 30 4 43 4 16 5 12 92 12 8 80 60 8 16 15 8 95 58 12 71 33 4 55 4 70 60 4 15 4 13 4 52 4 0 20 4 60 4 15 4 28 38 8 90 46 8 16 30 4 9 4 106 37 16 15 16 100 5 4 60 4 5 4 34 4 19 60 4 19 4 60 4 41 45 8 25 8 7 60 4 24 4 31 4 6 4 57 60 8 10 51 4 35 4 41 4 41 4 33 60 8 11 29 4 19 39 8 115 24 8 27 41 8 50 6 4 5 4 18 4 40 22 4 37 4 15 7 4 26 4 5 4 0 20 4 5 4 117 5 4 36 4 18 4 115 21 4 14 4 24 5 4 5 4 118 5 16 38 16 26 32 8 9 4 55 4 34 27 4 18 4 9 4 62 5 4 12 4 96 34 16 5 16 79 49 45 60 4 54 4 108 60 16 60 16 71 48 4 39 4 46 4 41 5 4 5 4 0 5 4 7 4 18 4 32 60 4 5 4 34 43 60 4 0 10 5 60 4 60 35 7 4 0 5 16 33 16 103 41 4 45 4 60 4 98 50 60 27 4 23 33 49 4 0 38 4 17 4 12 4 23 5 16 5 16 0 40 4 44 4 95 41 4 5 4 28 4 10 60 4 21 13 41 4 12 60 4 27 4 8 4 23 4 16 57 4 30 4 60 4 28 4 0 22 4 5 4 29 47 22 4 33 7 4 5 4 38 4 88 27 4 47 24 25 4 119 46 4 25 31 14 4 0 35 4 36 4 99 24 5 40 4 21 53 34 4 62 28 4 38 4 89 60 4 5 4 21 4 36 4 79 39 4 15 4 22 4 31 4 0 12 4 39 4 109 48 27 5 4 45 4 40 18 4 57 4 20 4 12 4 119 25 4 14 4 45 4 0 60 4 34 4 31 4 119 38 4 7 4 38 4 36 4 86 60 4 56 4 35 4 29 4 
iteration 418 best: 1.05378 leader: 1.05378 time: 278921
114 60 8 56 51 8 0 12 8 108 12 4 34 4 1 27 4 18 4 61 5 8 82 30 4 43 4 16 5 12 92 12 8 80 60 8 16 15 8 95 58 12 71 33 4 55 4 70 60 4 15 4 13 4 52 4 0 20 4 60 4 15 4 28 38 8 90 46 8 16 30 4 9 4 106 37 16 15 16 100 5 4 60 4 5 4 34 4 19 60 4 19 4 60 4 41 45 8 25 8 7 60 4 24 4 31 4 6 4 57 60 8 10 51 4 35 4 41 4 41 4 33 60 8 11 29 4 19 39 8 115 24 8 27 41 8 50 6 4 5 4 18 4 40 22 4 37 4 15 7 4 26 4 5 4 0 20 4 5 4 117 5 4 36 4 18 4 115 21 4 14 4 24 5 4 5 4 118 5 16 38 16 26 32 8 9 4 55 4 34 27 4 18 4 9 4 62 5 4 12 4 96 34 16 5 16 79 49 45 60 4 54 4 108 60 16 60 16 71 48 4 39 4 46 4 41 5 4 5 4 0 5 4 7 4 18 4 32 60 4 5 4 34 43 60 4 0 10 5 60 4 60 35 7 4 0 5 16 33 16 103 41 4 45 4 60 4 98 50 60 27 4 23 33 49 4 0 38 4 17 4 12 4 23 5 16 5 16 0 40 4 44 4 95 41 4 5 4 28 4 10 60 4 21 13 41 4 12 60 4 27 4 8 4 23 4 16 57 4 30 4 60 4 28 4 0 22 4 5 4 29 47 22 4 33 7 4 5 4 38 4 88 27 4 47 24 25 4 119 46 4 25 31 14 4 0 35 4 36 4 99 24 5 40 4 21 53 34 4 62 28 4 38 4 89 60 4 5 4 21 4 36 4 79 39 4 15 4 22 4 31 4 0 12 4 39 4 109 48 27 5 4 45 4 40 18 4 57 4 20 4 12 4 119 25 4 14 4 45 4 0 60 4 34 4 31 4 119 38 4 7 4 38 4 36 4 86 60 4 56 4 35 4 29 4 
iteration 429 best: 1.05378 leader: 1.05378 time: 286247
114 60 8 56 51 8 0 12 8 108 12 4 34 4 1 27 4 18 4 61 5 8 82 30 4 43 4 16 5 12 92 12 8 80 60 8 16 15 8 95 58 12 71 33 4 55 4 70 60 4 15 4 13 4 52 4 0 20 4 60 4 15 4 28 38 8 90 46 8 16 30 4 9 4 106 37 16 15 16 100 5 4 60 4 5 4 34 4 19 60 4 19 4 60 4 41 45 8 25 8 7 60 4 24 4 31 4 6 4 57 60 8 10 51 4 35 4 41 4 41 4 33 60 8 11 29 4 19 39 8 115 24 8 27 41 8 50 6 4 5 4 18 4 40 22 4 37 4 15 7 4 26 4 5 4 0 20 4 5 4 117 5 4 36 4 18 4 115 21 4 14 4 24 5 4 5 4 118 5 16 38 16 26 32 8 9 4 55 4 34 27 4 18 4 9 4 62 5 4 12 4 96 34 16 5 16 79 49 45 60 4 54 4 108 60 16 60 16 71 48 4 39 4 46 4 41 5 4 5 4 0 5 4 7 4 18 4 32 60 4 5 4 34 43 60 4 0 10 5 60 4 60 35 7 4 0 5 16 33 16 103 41 4 45 4 60 4 98 50 60 27 4 23 33 49 4 0 38 4 17 4 12 4 23 5 16 5 16 0 40 4 44 4 95 41 4 5 4 28 4 10 60 4 21 13 41 4 12 60 4 27 4 8 4 23 4 16 57 4 30 4 60 4 28 4 0 22 4 5 4 29 47 22 4 33 7 4 5 4 38 4 88 27 4 47 24 25 4 119 46 4 25 31 14 4 0 35 4 36 4 99 24 5 40 4 21 53 34 4 62 28 4 38 4 89 60 4 5 4 21 4 36 4 79 39 4 15 4 22 4 31 4 0 12 4 39 4 109 48 27 5 4 45 4 40 18 4 57 4 20 4 12 4 119 25 4 14 4 45 4 0 60 4 34 4 31 4 119 38 4 7 4 38 4 36 4 86 60 4 56 4 35 4 29 4 
iteration 440 best: 1.05378 leader: 1.05378 time: 293596
114 60 8 56 51 8 0 12 8 108 12 4 34 4 1 27 4 18 4 61 5 8 82 30 4 43 4 16 5 12 92 12 8 80 60 8 16 15 8 95 58 12 71 33 4 55 4 70 60 4 15 4 13 4 52 4 0 20 4 60 4 15 4 28 38 8 90 46 8 16 30 4 9 4 106 37 16 15 16 100 5 4 60 4 5 4 34 4 19 60 4 19 4 60 4 41 45 8 25 8 7 60 4 24 4 31 4 6 4 57 60 8 10 51 4 35 4 41 4 41 4 33 60 8 11 29 4 19 39 8 115 24 8 27 41 8 50 6 4 5 4 18 4 40 22 4 37 4 15 7 4 26 4 5 4 0 20 4 5 4 117 5 4 36 4 18 4 115 21 4 14 4 24 5 4 5 4 118 5 16 38 16 26 32 8 9 4 55 4 34 27 4 18 4 9 4 62 5 4 12 4 96 34 16 5 16 79 49 45 60 4 54 4 108 60 16 60 16 71 48 4 39 4 46 4 41 5 4 5 4 0 5 4 7 4 18 4 32 60 4 5 4 34 43 60 4 0 10 5 60 4 60 35 7 4 0 5 16 33 16 103 41 4 45 4 60 4 98 50 60 27 4 23 33 49 4 0 38 4 17 4 12 4 23 5 16 5 16 0 40 4 44 4 95 41 4 5 4 28 4 10 60 4 21 13 41 4 12 60 4 27 4 8 4 23 4 16 57 4 30 4 60 4 28 4 0 22 4 5 4 29 47 22 4 33 7 4 5 4 38 4 88 27 4 47 24 25 4 119 46 4 25 31 14 4 0 35 4 36 4 99 24 5 40 4 21 53 34 4 62 28 4 38 4 89 60 4 5 4 21 4 36 4 79 39 4 15 4 22 4 31 4 0 12 4 39 4 109 48 27 5 4 45 4 40 18 4 57 4 20 4 12 4 119 25 4 14 4 45 4 0 60 4 34 4 31 4 119 38 4 7 4 38 4 36 4 86 60 4 56 4 35 4 29 4 
iteration 451 best: 1.05378 leader: 1.05378 time: 300922
114 60 8 56 51 8 0 12 8 108 12 4 34 4 1 27 4 18 4 61 5 8 82 30 4 43 4 16 5 12 92 12 8 80 60 8 16 15 8 95 58 12 71 33 4 55 4 70 60 4 15 4 13 4 52 4 0 20 4 60 4 15 4 28 38 8 90 46 8 16 30 4 9 4 106 37 16 15 16 100 5 4 60 4 5 4 34 4 19 60 4 19 4 60 4 41 45 8 25 8 7 60 4 24 4 31 4 6 4 57 60 8 10 51 4 35 4 41 4 41 4 33 60 8 11 29 4 19 39 8 115 24 8 27 41 8 50 6 4 5 4 18 4 40 22 4 37 4 15 7 4 26 4 5 4 0 20 4 5 4 117 5 4 36 4 18 4 115 21 4 14 4 24 5 4 5 4 118 5 16 38 16 26 32 8 9 4 55 4 34 27 4 18 4 9 4 62 5 4 12 4 96 34 16 5 16 79 49 45 60 4 54 4 108 60 16 60 16 71 48 4 39 4 46 4 41 5 4 5 4 0 5 4 7 4 18 4 32 60 4 5 4 34 43 60 4 0 10 5 60 4 60 35 7 4 0 5 16 33 16 103 41 4 45 4 60 4 98 50 60 27 4 23 33 49 4 0 38 4 17 4 12 4 23 5 16 5 16 0 40 4 44 4 95 41 4 5 4 28 4 10 60 4 21 13 41 4 12 60 4 27 4 8 4 23 4 16 57 4 30 4 60 4 28 4 0 22 4 5 4 29 47 22 4 33 7 4 5 4 38 4 88 27 4 47 24 25 4 119 46 4 25 31 14 4 0 35 4 36 4 99 24 5 40 4 21 53 34 4 62 28 4 38 4 89 60 4 5 4 21 4 36 4 79 39 4 15 4 22 4 31 4 0 12 4 39 4 109 48 27 5 4 45 4 40 18 4 57 4 20 4 12 4 119 25 4 14 4 45 4 0 60 4 34 4 31 4 119 38 4 7 4 38 4 36 4 86 60 4 56 4 35 4 29 4 
iteration 462 best: 1.05378 leader: 1.05378 time: 308228
114 60 8 56 51 8 0 12 8 108 12 4 34 4 1 27 4 18 4 61 5 8 82 30 4 43 4 16 5 12 92 12 8 80 60 8 16 15 8 95 58 12 71 33 4 55 4 70 60 4 15 4 13 4 52 4 0 20 4 60 4 15 4 28 38 8 90 46 8 16 30 4 9 4 106 37 16 15 16 100 5 4 60 4 5 4 34 4 19 60 4 19 4 60 4 41 45 8 25 8 7 60 4 24 4 31 4 6 4 57 60 8 10 51 4 35 4 41 4 41 4 33 60 8 11 29 4 19 39 8 115 24 8 27 41 8 50 6 4 5 4 18 4 40 22 4 37 4 15 7 4 26 4 5 4 0 20 4 5 4 117 5 4 36 4 18 4 115 21 4 14 4 24 5 4 5 4 118 5 16 38 16 26 32 8 9 4 55 4 34 27 4 18 4 9 4 62 5 4 12 4 96 34 16 5 16 79 49 45 60 4 54 4 108 60 16 60 16 71 48 4 39 4 46 4 41 5 4 5 4 0 5 4 7 4 18 4 32 60 4 5 4 34 43 60 4 0 10 5 60 4 60 35 7 4 0 5 16 33 16 103 41 4 45 4 60 4 98 50 60 27 4 23 33 49 4 0 38 4 17 4 12 4 23 5 16 5 16 0 40 4 44 4 95 41 4 5 4 28 4 10 60 4 21 13 41 4 12 60 4 27 4 8 4 23 4 16 57 4 30 4 60 4 28 4 0 22 4 5 4 29 47 22 4 33 7 4 5 4 38 4 88 27 4 47 24 25 4 119 46 4 25 31 14 4 0 35 4 36 4 99 24 5 40 4 21 53 34 4 62 28 4 38 4 89 60 4 5 4 21 4 36 4 79 39 4 15 4 22 4 31 4 0 12 4 39 4 109 48 27 5 4 45 4 40 18 4 57 4 20 4 12 4 119 25 4 14 4 45 4 0 60 4 34 4 31 4 119 38 4 7 4 38 4 36 4 86 60 4 56 4 35 4 29 4 
iteration 473 best: 1.05378 leader: 1.05378 time: 315541
114 60 8 56 51 8 0 12 8 108 12 4 34 4 1 27 4 18 4 61 5 8 82 30 4 43 4 16 5 12 92 12 8 80 60 8 16 15 8 95 58 12 71 33 4 55 4 70 60 4 15 4 13 4 52 4 0 20 4 60 4 15 4 28 38 8 90 46 8 16 30 4 9 4 106 37 16 15 16 100 5 4 60 4 5 4 34 4 19 60 4 19 4 60 4 41 45 8 25 8 7 60 4 24 4 31 4 6 4 57 60 8 10 51 4 35 4 41 4 41 4 33 60 8 11 29 4 19 39 8 115 24 8 27 41 8 50 6 4 5 4 18 4 40 22 4 37 4 15 7 4 26 4 5 4 0 20 4 5 4 117 5 4 36 4 18 4 115 21 4 14 4 24 5 4 5 4 118 5 16 38 16 26 32 8 9 4 55 4 34 27 4 18 4 9 4 62 5 4 12 4 96 34 16 5 16 79 49 45 60 4 54 4 108 60 16 60 16 71 48 4 39 4 46 4 41 5 4 5 4 0 5 4 7 4 18 4 32 60 4 5 4 34 43 60 4 0 10 5 60 4 60 35 7 4 0 5 16 33 16 103 41 4 45 4 60 4 98 50 60 27 4 23 33 49 4 0 38 4 17 4 12 4 23 5 16 5 16 0 40 4 44 4 95 41 4 5 4 28 4 10 60 4 21 13 41 4 12 60 4 27 4 8 4 23 4 16 57 4 30 4 60 4 28 4 0 22 4 5 4 29 47 22 4 33 7 4 5 4 38 4 88 27 4 47 24 25 4 119 46 4 25 31 14 4 0 35 4 36 4 99 24 5 40 4 21 53 34 4 62 28 4 38 4 89 60 4 5 4 21 4 36 4 79 39 4 15 4 22 4 31 4 0 12 4 39 4 109 48 27 5 4 45 4 40 18 4 57 4 20 4 12 4 119 25 4 14 4 45 4 0 60 4 34 4 31 4 119 38 4 7 4 38 4 36 4 86 60 4 56 4 35 4 29 4 
iteration 484 best: 1.05378 leader: 1.05378 time: 322844
114 60 8 56 51 8 0 12 8 108 12 4 34 4 1 27 4 18 4 61 5 8 82 30 4 43 4 16 5 12 92 12 8 80 60 8 16 15 8 95 58 12 71 33 4 55 4 70 60 4 15 4 13 4 52 4 0 20 4 60 4 15 4 28 38 8 90 46 8 16 30 4 9 4 106 37 16 15 16 100 5 4 60 4 5 4 34 4 19 60 4 19 4 60 4 41 45 8 25 8 7 60 4 24 4 31 4 6 4 57 60 8 10 51 4 35 4 41 4 41 4 33 60 8 11 29 4 19 39 8 115 24 8 27 41 8 50 6 4 5 4 18 4 40 22 4 37 4 15 7 4 26 4 5 4 0 20 4 5 4 117 5 4 36 4 18 4 115 21 4 14 4 24 5 4 5 4 118 5 16 38 16 26 32 8 9 4 55 4 34 27 4 18 4 9 4 62 5 4 12 4 96 34 16 5 16 79 49 45 60 4 54 4 108 60 16 60 16 71 48 4 39 4 46 4 41 5 4 5 4 0 5 4 7 4 18 4 32 60 4 5 4 34 43 60 4 0 10 5 60 4 60 35 7 4 0 5 16 33 16 103 41 4 45 4 60 4 98 50 60 27 4 23 33 49 4 0 38 4 17 4 12 4 23 5 16 5 16 0 40 4 44 4 95 41 4 5 4 28 4 10 60 4 21 13 41 4 12 60 4 27 4 8 4 23 4 16 57 4 30 4 60 4 28 4 0 22 4 5 4 29 47 22 4 33 7 4 5 4 38 4 88 27 4 47 24 25 4 119 46 4 25 31 14 4 0 35 4 36 4 99 24 5 40 4 21 53 34 4 62 28 4 38 4 89 60 4 5 4 21 4 36 4 79 39 4 15 4 22 4 31 4 0 12 4 39 4 109 48 27 5 4 45 4 40 18 4 57 4 20 4 12 4 119 25 4 14 4 45 4 0 60 4 34 4 31 4 119 38 4 7 4 38 4 36 4 86 60 4 56 4 35 4 29 4 
iteration 495 best: 1.05378 leader: 1.05378 time: 330149
114 60 8 56 51 8 0 12 8 108 12 4 34 4 1 27 4 18 4 61 5 8 82 30 4 43 4 16 5 12 92 12 8 80 60 8 16 15 8 95 58 12 71 33 4 55 4 70 60 4 15 4 13 4 52 4 0 20 4 60 4 15 4 28 38 8 90 46 8 16 30 4 9 4 106 37 16 15 16 100 5 4 60 4 5 4 34 4 19 60 4 19 4 60 4 41 45 8 25 8 7 60 4 24 4 31 4 6 4 57 60 8 10 51 4 35 4 41 4 41 4 33 60 8 11 29 4 19 39 8 115 24 8 27 41 8 50 6 4 5 4 18 4 40 22 4 37 4 15 7 4 26 4 5 4 0 20 4 5 4 117 5 4 36 4 18 4 115 21 4 14 4 24 5 4 5 4 118 5 16 38 16 26 32 8 9 4 55 4 34 27 4 18 4 9 4 62 5 4 12 4 96 34 16 5 16 79 49 45 60 4 54 4 108 60 16 60 16 71 48 4 39 4 46 4 41 5 4 5 4 0 5 4 7 4 18 4 32 60 4 5 4 34 43 60 4 0 10 5 60 4 60 35 7 4 0 5 16 33 16 103 41 4 45 4 60 4 98 50 60 27 4 23 33 49 4 0 38 4 17 4 12 4 23 5 16 5 16 0 40 4 44 4 95 41 4 5 4 28 4 10 60 4 21 13 41 4 12 60 4 27 4 8 4 23 4 16 57 4 30 4 60 4 28 4 0 22 4 5 4 29 47 22 4 33 7 4 5 4 38 4 88 27 4 47 24 25 4 119 46 4 25 31 14 4 0 35 4 36 4 99 24 5 40 4 21 53 34 4 62 28 4 38 4 89 60 4 5 4 21 4 36 4 79 39 4 15 4 22 4 31 4 0 12 4 39 4 109 48 27 5 4 45 4 40 18 4 57 4 20 4 12 4 119 25 4 14 4 45 4 0 60 4 34 4 31 4 119 38 4 7 4 38 4 36 4 86 60 4 56 4 35 4 29 4 
iteration 506 best: 1.05378 leader: 1.05378 time: 337479
114 60 8 56 51 8 0 12 8 108 12 4 34 4 1 27 4 18 4 61 5 8 82 30 4 43 4 16 5 12 92 12 8 80 60 8 16 15 8 95 58 12 71 33 4 55 4 70 60 4 15 4 13 4 52 4 0 20 4 60 4 15 4 28 38 8 90 46 8 16 30 4 9 4 106 37 16 15 16 100 5 4 60 4 5 4 34 4 19 60 4 19 4 60 4 41 45 8 25 8 7 60 4 24 4 31 4 6 4 57 60 8 10 51 4 35 4 41 4 41 4 33 60 8 11 29 4 19 39 8 115 24 8 27 41 8 50 6 4 5 4 18 4 40 22 4 37 4 15 7 4 26 4 5 4 0 20 4 5 4 117 5 4 36 4 18 4 115 21 4 14 4 24 5 4 5 4 118 5 16 38 16 26 32 8 9 4 55 4 34 27 4 18 4 9 4 62 5 4 12 4 96 34 16 5 16 79 49 45 60 4 54 4 108 60 16 60 16 71 48 4 39 4 46 4 41 5 4 5 4 0 5 4 7 4 18 4 32 60 4 5 4 34 43 60 4 0 10 5 60 4 60 35 7 4 0 5 16 33 16 103 41 4 45 4 60 4 98 50 60 27 4 23 33 49 4 0 38 4 17 4 12 4 23 5 16 5 16 0 40 4 44 4 95 41 4 5 4 28 4 10 60 4 21 13 41 4 12 60 4 27 4 8 4 23 4 16 57 4 30 4 60 4 28 4 0 22 4 5 4 29 47 22 4 33 7 4 5 4 38 4 88 27 4 47 24 25 4 119 46 4 25 31 14 4 0 35 4 36 4 99 24 5 40 4 21 53 34 4 62 28 4 38 4 89 60 4 5 4 21 4 36 4 79 39 4 15 4 22 4 31 4 0 12 4 39 4 109 48 27 5 4 45 4 40 18 4 57 4 20 4 12 4 119 25 4 14 4 45 4 0 60 4 34 4 31 4 119 38 4 7 4 38 4 36 4 86 60 4 56 4 35 4 29 4 
iteration 517 best: 1.05378 leader: 1.05378 time: 344753
114 60 8 56 51 8 0 12 8 108 12 4 34 4 1 27 4 18 4 61 5 8 82 30 4 43 4 16 5 12 92 12 8 80 60 8 16 15 8 95 58 12 71 33 4 55 4 70 60 4 15 4 13 4 52 4 0 20 4 60 4 15 4 28 38 8 90 46 8 16 30 4 9 4 106 37 16 15 16 100 5 4 60 4 5 4 34 4 19 60 4 19 4 60 4 41 45 8 25 8 7 60 4 24 4 31 4 6 4 57 60 8 10 51 4 35 4 41 4 41 4 33 60 8 11 29 4 19 39 8 115 24 8 27 41 8 50 6 4 5 4 18 4 40 22 4 37 4 15 7 4 26 4 5 4 0 20 4 5 4 117 5 4 36 4 18 4 115 21 4 14 4 24 5 4 5 4 118 5 16 38 16 26 32 8 9 4 55 4 34 27 4 18 4 9 4 62 5 4 12 4 96 34 16 5 16 79 49 45 60 4 54 4 108 60 16 60 16 71 48 4 39 4 46 4 41 5 4 5 4 0 5 4 7 4 18 4 32 60 4 5 4 34 43 60 4 0 10 5 60 4 60 35 7 4 0 5 16 33 16 103 41 4 45 4 60 4 98 50 60 27 4 23 33 49 4 0 38 4 17 4 12 4 23 5 16 5 16 0 40 4 44 4 95 41 4 5 4 28 4 10 60 4 21 13 41 4 12 60 4 27 4 8 4 23 4 16 57 4 30 4 60 4 28 4 0 22 4 5 4 29 47 22 4 33 7 4 5 4 38 4 88 27 4 47 24 25 4 119 46 4 25 31 14 4 0 35 4 36 4 99 24 5 40 4 21 53 34 4 62 28 4 38 4 89 60 4 5 4 21 4 36 4 79 39 4 15 4 22 4 31 4 0 12 4 39 4 109 48 27 5 4 45 4 40 18 4 57 4 20 4 12 4 119 25 4 14 4 45 4 0 60 4 34 4 31 4 119 38 4 7 4 38 4 36 4 86 60 4 56 4 35 4 29 4 
iteration 528 best: 1.05378 leader: 1.05378 time: 352080
114 60 8 56 51 8 0 12 8 108 12 4 34 4 1 27 4 18 4 61 5 8 82 30 4 43 4 16 5 12 92 12 8 80 60 8 16 15 8 95 58 12 71 33 4 55 4 70 60 4 15 4 13 4 52 4 0 20 4 60 4 15 4 28 38 8 90 46 8 16 30 4 9 4 106 37 16 15 16 100 5 4 60 4 5 4 34 4 19 60 4 19 4 60 4 41 45 8 25 8 7 60 4 24 4 31 4 6 4 57 60 8 10 51 4 35 4 41 4 41 4 33 60 8 11 29 4 19 39 8 115 24 8 27 41 8 50 6 4 5 4 18 4 40 22 4 37 4 15 7 4 26 4 5 4 0 20 4 5 4 117 5 4 36 4 18 4 115 21 4 14 4 24 5 4 5 4 118 5 16 38 16 26 32 8 9 4 55 4 34 27 4 18 4 9 4 62 5 4 12 4 96 34 16 5 16 79 49 45 60 4 54 4 108 60 16 60 16 71 48 4 39 4 46 4 41 5 4 5 4 0 5 4 7 4 18 4 32 60 4 5 4 34 43 60 4 0 10 5 60 4 60 35 7 4 0 5 16 33 16 103 41 4 45 4 60 4 98 50 60 27 4 23 33 49 4 0 38 4 17 4 12 4 23 5 16 5 16 0 40 4 44 4 95 41 4 5 4 28 4 10 60 4 21 13 41 4 12 60 4 27 4 8 4 23 4 16 57 4 30 4 60 4 28 4 0 22 4 5 4 29 47 22 4 33 7 4 5 4 38 4 88 27 4 47 24 25 4 119 46 4 25 31 14 4 0 35 4 36 4 99 24 5 40 4 21 53 34 4 62 28 4 38 4 89 60 4 5 4 21 4 36 4 79 39 4 15 4 22 4 31 4 0 12 4 39 4 109 48 27 5 4 45 4 40 18 4 57 4 20 4 12 4 119 25 4 14 4 45 4 0 60 4 34 4 31 4 119 38 4 7 4 38 4 36 4 86 60 4 56 4 35 4 29 4 
iteration 539 best: 1.05378 leader: 1.05378 time: 359410
114 60 8 56 51 8 0 12 8 108 12 4 34 4 1 27 4 18 4 61 5 8 82 30 4 43 4 16 5 12 92 12 8 80 60 8 16 15 8 95 58 12 71 33 4 55 4 70 60 4 15 4 13 4 52 4 0 20 4 60 4 15 4 28 38 8 90 46 8 16 30 4 9 4 106 37 16 15 16 100 5 4 60 4 5 4 34 4 19 60 4 19 4 60 4 41 45 8 25 8 7 60 4 24 4 31 4 6 4 57 60 8 10 51 4 35 4 41 4 41 4 33 60 8 11 29 4 19 39 8 115 24 8 27 41 8 50 6 4 5 4 18 4 40 22 4 37 4 15 7 4 26 4 5 4 0 20 4 5 4 117 5 4 36 4 18 4 115 21 4 14 4 24 5 4 5 4 118 5 16 38 16 26 32 8 9 4 55 4 34 27 4 18 4 9 4 62 5 4 12 4 96 34 16 5 16 79 49 45 60 4 54 4 108 60 16 60 16 71 48 4 39 4 46 4 41 5 4 5 4 0 5 4 7 4 18 4 32 60 4 5 4 34 43 60 4 0 10 5 60 4 60 35 7 4 0 5 16 33 16 103 41 4 45 4 60 4 98 50 60 27 4 23 33 49 4 0 38 4 17 4 12 4 23 5 16 5 16 0 40 4 44 4 95 41 4 5 4 28 4 10 60 4 21 13 41 4 12 60 4 27 4 8 4 23 4 16 57 4 30 4 60 4 28 4 0 22 4 5 4 29 47 22 4 33 7 4 5 4 38 4 88 27 4 47 24 25 4 119 46 4 25 31 14 4 0 35 4 36 4 99 24 5 40 4 21 53 34 4 62 28 4 38 4 89 60 4 5 4 21 4 36 4 79 39 4 15 4 22 4 31 4 0 12 4 39 4 109 48 27 5 4 45 4 40 18 4 57 4 20 4 12 4 119 25 4 14 4 45 4 0 60 4 34 4 31 4 119 38 4 7 4 38 4 36 4 86 60 4 56 4 35 4 29 4 
iteration 550 best: 1.05378 leader: 1.05378 time: 366716
114 60 8 56 51 8 0 12 8 108 12 4 34 4 1 27 4 18 4 61 5 8 82 30 4 43 4 16 5 12 92 12 8 80 60 8 16 15 8 95 58 12 71 33 4 55 4 70 60 4 15 4 13 4 52 4 0 20 4 60 4 15 4 28 38 8 90 46 8 16 30 4 9 4 106 37 16 15 16 100 5 4 60 4 5 4 34 4 19 60 4 19 4 60 4 41 45 8 25 8 7 60 4 24 4 31 4 6 4 57 60 8 10 51 4 35 4 41 4 41 4 33 60 8 11 29 4 19 39 8 115 24 8 27 41 8 50 6 4 5 4 18 4 40 22 4 37 4 15 7 4 26 4 5 4 0 20 4 5 4 117 5 4 36 4 18 4 115 21 4 14 4 24 5 4 5 4 118 5 16 38 16 26 32 8 9 4 55 4 34 27 4 18 4 9 4 62 5 4 12 4 96 34 16 5 16 79 49 45 60 4 54 4 108 60 16 60 16 71 48 4 39 4 46 4 41 5 4 5 4 0 5 4 7 4 18 4 32 60 4 5 4 34 43 60 4 0 10 5 60 4 60 35 7 4 0 5 16 33 16 103 41 4 45 4 60 4 98 50 60 27 4 23 33 49 4 0 38 4 17 4 12 4 23 5 16 5 16 0 40 4 44 4 95 41 4 5 4 28 4 10 60 4 21 13 41 4 12 60 4 27 4 8 4 23 4 16 57 4 30 4 60 4 28 4 0 22 4 5 4 29 47 22 4 33 7 4 5 4 38 4 88 27 4 47 24 25 4 119 46 4 25 31 14 4 0 35 4 36 4 99 24 5 40 4 21 53 34 4 62 28 4 38 4 89 60 4 5 4 21 4 36 4 79 39 4 15 4 22 4 31 4 0 12 4 39 4 109 48 27 5 4 45 4 40 18 4 57 4 20 4 12 4 119 25 4 14 4 45 4 0 60 4 34 4 31 4 119 38 4 7 4 38 4 36 4 86 60 4 56 4 35 4 29 4 
iteration 561 best: 1.05378 leader: 1.05378 time: 374043
114 60 8 56 51 8 0 12 8 108 12 4 34 4 1 27 4 18 4 61 5 8 82 30 4 43 4 16 5 12 92 12 8 80 60 8 16 15 8 95 58 12 71 33 4 55 4 70 60 4 15 4 13 4 52 4 0 20 4 60 4 15 4 28 38 8 90 46 8 16 30 4 9 4 106 37 16 15 16 100 5 4 60 4 5 4 34 4 19 60 4 19 4 60 4 41 45 8 25 8 7 60 4 24 4 31 4 6 4 57 60 8 10 51 4 35 4 41 4 41 4 33 60 8 11 29 4 19 39 8 115 24 8 27 41 8 50 6 4 5 4 18 4 40 22 4 37 4 15 7 4 26 4 5 4 0 20 4 5 4 117 5 4 36 4 18 4 115 21 4 14 4 24 5 4 5 4 118 5 16 38 16 26 32 8 9 4 55 4 34 27 4 18 4 9 4 62 5 4 12 4 96 34 16 5 16 79 49 45 60 4 54 4 108 60 16 60 16 71 48 4 39 4 46 4 41 5 4 5 4 0 5 4 7 4 18 4 32 60 4 5 4 34 43 60 4 0 10 5 60 4 60 35 7 4 0 5 16 33 16 103 41 4 45 4 60 4 98 50 60 27 4 23 33 49 4 0 38 4 17 4 12 4 23 5 16 5 16 0 40 4 44 4 95 41 4 5 4 28 4 10 60 4 21 13 41 4 12 60 4 27 4 8 4 23 4 16 57 4 30 4 60 4 28 4 0 22 4 5 4 29 47 22 4 33 7 4 5 4 38 4 88 27 4 47 24 25 4 119 46 4 25 31 14 4 0 35 4 36 4 99 24 5 40 4 21 53 34 4 62 28 4 38 4 89 60 4 5 4 21 4 36 4 79 39 4 15 4 22 4 31 4 0 12 4 39 4 109 48 27 5 4 45 4 40 18 4 57 4 20 4 12 4 119 25 4 14 4 45 4 0 60 4 34 4 31 4 119 38 4 7 4 38 4 36 4 86 60 4 56 4 35 4 29 4 
iteration 572 best: 1.05378 leader: 1.05378 time: 381364
114 60 8 56 51 8 0 12 8 108 12 4 34 4 1 27 4 18 4 61 5 8 82 30 4 43 4 16 5 12 92 12 8 80 60 8 16 15 8 95 58 12 71 33 4 55 4 70 60 4 15 4 13 4 52 4 0 20 4 60 4 15 4 28 38 8 90 46 8 16 30 4 9 4 106 37 16 15 16 100 5 4 60 4 5 4 34 4 19 60 4 19 4 60 4 41 45 8 25 8 7 60 4 24 4 31 4 6 4 57 60 8 10 51 4 35 4 41 4 41 4 33 60 8 11 29 4 19 39 8 115 24 8 27 41 8 50 6 4 5 4 18 4 40 22 4 37 4 15 7 4 26 4 5 4 0 20 4 5 4 117 5 4 36 4 18 4 115 21 4 14 4 24 5 4 5 4 118 5 16 38 16 26 32 8 9 4 55 4 34 27 4 18 4 9 4 62 5 4 12 4 96 34 16 5 16 79 49 45 60 4 54 4 108 60 16 60 16 71 48 4 39 4 46 4 41 5 4 5 4 0 5 4 7 4 18 4 32 60 4 5 4 34 43 60 4 0 10 5 60 4 60 35 7 4 0 5 16 33 16 103 41 4 45 4 60 4 98 50 60 27 4 23 33 49 4 0 38 4 17 4 12 4 23 5 16 5 16 0 40 4 44 4 95 41 4 5 4 28 4 10 60 4 21 13 41 4 12 60 4 27 4 8 4 23 4 16 57 4 30 4 60 4 28 4 0 22 4 5 4 29 47 22 4 33 7 4 5 4 38 4 88 27 4 47 24 25 4 119 46 4 25 31 14 4 0 35 4 36 4 99 24 5 40 4 21 53 34 4 62 28 4 38 4 89 60 4 5 4 21 4 36 4 79 39 4 15 4 22 4 31 4 0 12 4 39 4 109 48 27 5 4 45 4 40 18 4 57 4 20 4 12 4 119 25 4 14 4 45 4 0 60 4 34 4 31 4 119 38 4 7 4 38 4 36 4 86 60 4 56 4 35 4 29 4 
iteration 583 best: 1.05378 leader: 1.05378 time: 388657
114 60 8 56 51 8 0 12 8 108 12 4 34 4 1 27 4 18 4 61 5 8 82 30 4 43 4 16 5 12 92 12 8 80 60 8 16 15 8 95 58 12 71 33 4 55 4 70 60 4 15 4 13 4 52 4 0 20 4 60 4 15 4 28 38 8 90 46 8 16 30 4 9 4 106 37 16 15 16 100 5 4 60 4 5 4 34 4 19 60 4 19 4 60 4 41 45 8 25 8 7 60 4 24 4 31 4 6 4 57 60 8 10 51 4 35 4 41 4 41 4 33 60 8 11 29 4 19 39 8 115 24 8 27 41 8 50 6 4 5 4 18 4 40 22 4 37 4 15 7 4 26 4 5 4 0 20 4 5 4 117 5 4 36 4 18 4 115 21 4 14 4 24 5 4 5 4 118 5 16 38 16 26 32 8 9 4 55 4 34 27 4 18 4 9 4 62 5 4 12 4 96 34 16 5 16 79 49 45 60 4 54 4 108 60 16 60 16 71 48 4 39 4 46 4 41 5 4 5 4 0 5 4 7 4 18 4 32 60 4 5 4 34 43 60 4 0 10 5 60 4 60 35 7 4 0 5 16 33 16 103 41 4 45 4 60 4 98 50 60 27 4 23 33 49 4 0 38 4 17 4 12 4 23 5 16 5 16 0 40 4 44 4 95 41 4 5 4 28 4 10 60 4 21 13 41 4 12 60 4 27 4 8 4 23 4 16 57 4 30 4 60 4 28 4 0 22 4 5 4 29 47 22 4 33 7 4 5 4 38 4 88 27 4 47 24 25 4 119 46 4 25 31 14 4 0 35 4 36 4 99 24 5 40 4 21 53 34 4 62 28 4 38 4 89 60 4 5 4 21 4 36 4 79 39 4 15 4 22 4 31 4 0 12 4 39 4 109 48 27 5 4 45 4 40 18 4 57 4 20 4 12 4 119 25 4 14 4 45 4 0 60 4 34 4 31 4 119 38 4 7 4 38 4 36 4 86 60 4 56 4 35 4 29 4 
iteration 594 best: 1.05378 leader: 1.05378 time: 395967
114 60 8 56 51 8 0 12 8 108 12 4 34 4 1 27 4 18 4 61 5 8 82 30 4 43 4 16 5 12 92 12 8 80 60 8 16 15 8 95 58 12 71 33 4 55 4 70 60 4 15 4 13 4 52 4 0 20 4 60 4 15 4 28 38 8 90 46 8 16 30 4 9 4 106 37 16 15 16 100 5 4 60 4 5 4 34 4 19 60 4 19 4 60 4 41 45 8 25 8 7 60 4 24 4 31 4 6 4 57 60 8 10 51 4 35 4 41 4 41 4 33 60 8 11 29 4 19 39 8 115 24 8 27 41 8 50 6 4 5 4 18 4 40 22 4 37 4 15 7 4 26 4 5 4 0 20 4 5 4 117 5 4 36 4 18 4 115 21 4 14 4 24 5 4 5 4 118 5 16 38 16 26 32 8 9 4 55 4 34 27 4 18 4 9 4 62 5 4 12 4 96 34 16 5 16 79 49 45 60 4 54 4 108 60 16 60 16 71 48 4 39 4 46 4 41 5 4 5 4 0 5 4 7 4 18 4 32 60 4 5 4 34 43 60 4 0 10 5 60 4 60 35 7 4 0 5 16 33 16 103 41 4 45 4 60 4 98 50 60 27 4 23 33 49 4 0 38 4 17 4 12 4 23 5 16 5 16 0 40 4 44 4 95 41 4 5 4 28 4 10 60 4 21 13 41 4 12 60 4 27 4 8 4 23 4 16 57 4 30 4 60 4 28 4 0 22 4 5 4 29 47 22 4 33 7 4 5 4 38 4 88 27 4 47 24 25 4 119 46 4 25 31 14 4 0 35 4 36 4 99 24 5 40 4 21 53 34 4 62 28 4 38 4 89 60 4 5 4 21 4 36 4 79 39 4 15 4 22 4 31 4 0 12 4 39 4 109 48 27 5 4 45 4 40 18 4 57 4 20 4 12 4 119 25 4 14 4 45 4 0 60 4 34 4 31 4 119 38 4 7 4 38 4 36 4 86 60 4 56 4 35 4 29 4 
iteration 605 best: 1.05378 leader: 1.05378 time: 403314
114 60 8 56 51 8 0 12 8 108 12 4 34 4 1 27 4 18 4 61 5 8 82 30 4 43 4 16 5 12 92 12 8 80 60 8 16 15 8 95 58 12 71 33 4 55 4 70 60 4 15 4 13 4 52 4 0 20 4 60 4 15 4 28 38 8 90 46 8 16 30 4 9 4 106 37 16 15 16 100 5 4 60 4 5 4 34 4 19 60 4 19 4 60 4 41 45 8 25 8 7 60 4 24 4 31 4 6 4 57 60 8 10 51 4 35 4 41 4 41 4 33 60 8 11 29 4 19 39 8 115 24 8 27 41 8 50 6 4 5 4 18 4 40 22 4 37 4 15 7 4 26 4 5 4 0 20 4 5 4 117 5 4 36 4 18 4 115 21 4 14 4 24 5 4 5 4 118 5 16 38 16 26 32 8 9 4 55 4 34 27 4 18 4 9 4 62 5 4 12 4 96 34 16 5 16 79 49 45 60 4 54 4 108 60 16 60 16 71 48 4 39 4 46 4 41 5 4 5 4 0 5 4 7 4 18 4 32 60 4 5 4 34 43 60 4 0 10 5 60 4 60 35 7 4 0 5 16 33 16 103 41 4 45 4 60 4 98 50 60 27 4 23 33 49 4 0 38 4 17 4 12 4 23 5 16 5 16 0 40 4 44 4 95 41 4 5 4 28 4 10 60 4 21 13 41 4 12 60 4 27 4 8 4 23 4 16 57 4 30 4 60 4 28 4 0 22 4 5 4 29 47 22 4 33 7 4 5 4 38 4 88 27 4 47 24 25 4 119 46 4 25 31 14 4 0 35 4 36 4 99 24 5 40 4 21 53 34 4 62 28 4 38 4 89 60 4 5 4 21 4 36 4 79 39 4 15 4 22 4 31 4 0 12 4 39 4 109 48 27 5 4 45 4 40 18 4 57 4 20 4 12 4 119 25 4 14 4 45 4 0 60 4 34 4 31 4 119 38 4 7 4 38 4 36 4 86 60 4 56 4 35 4 29 4 
iteration 616 best: 1.05378 leader: 1.05378 time: 410601
114 60 8 56 51 8 0 12 8 108 12 4 34 4 1 27 4 18 4 61 5 8 82 30 4 43 4 16 5 12 92 12 8 80 60 8 16 15 8 95 58 12 71 33 4 55 4 70 60 4 15 4 13 4 52 4 0 20 4 60 4 15 4 28 38 8 90 46 8 16 30 4 9 4 106 37 16 15 16 100 5 4 60 4 5 4 34 4 19 60 4 19 4 60 4 41 45 8 25 8 7 60 4 24 4 31 4 6 4 57 60 8 10 51 4 35 4 41 4 41 4 33 60 8 11 29 4 19 39 8 115 24 8 27 41 8 50 6 4 5 4 18 4 40 22 4 37 4 15 7 4 26 4 5 4 0 20 4 5 4 117 5 4 36 4 18 4 115 21 4 14 4 24 5 4 5 4 118 5 16 38 16 26 32 8 9 4 55 4 34 27 4 18 4 9 4 62 5 4 12 4 96 34 16 5 16 79 49 45 60 4 54 4 108 60 16 60 16 71 48 4 39 4 46 4 41 5 4 5 4 0 5 4 7 4 18 4 32 60 4 5 4 34 43 60 4 0 10 5 60 4 60 35 7 4 0 5 16 33 16 103 41 4 45 4 60 4 98 50 60 27 4 23 33 49 4 0 38 4 17 4 12 4 23 5 16 5 16 0 40 4 44 4 95 41 4 5 4 28 4 10 60 4 21 13 41 4 12 60 4 27 4 8 4 23 4 16 57 4 30 4 60 4 28 4 0 22 4 5 4 29 47 22 4 33 7 4 5 4 38 4 88 27 4 47 24 25 4 119 46 4 25 31 14 4 0 35 4 36 4 99 24 5 40 4 21 53 34 4 62 28 4 38 4 89 60 4 5 4 21 4 36 4 79 39 4 15 4 22 4 31 4 0 12 4 39 4 109 48 27 5 4 45 4 40 18 4 57 4 20 4 12 4 119 25 4 14 4 45 4 0 60 4 34 4 31 4 119 38 4 7 4 38 4 36 4 86 60 4 56 4 35 4 29 4 
iteration 627 best: 1.05378 leader: 1.05378 time: 417890
114 60 8 56 51 8 0 12 8 108 12 4 34 4 1 27 4 18 4 61 5 8 82 30 4 43 4 16 5 12 92 12 8 80 60 8 16 15 8 95 58 12 71 33 4 55 4 70 60 4 15 4 13 4 52 4 0 20 4 60 4 15 4 28 38 8 90 46 8 16 30 4 9 4 106 37 16 15 16 100 5 4 60 4 5 4 34 4 19 60 4 19 4 60 4 41 45 8 25 8 7 60 4 24 4 31 4 6 4 57 60 8 10 51 4 35 4 41 4 41 4 33 60 8 11 29 4 19 39 8 115 24 8 27 41 8 50 6 4 5 4 18 4 40 22 4 37 4 15 7 4 26 4 5 4 0 20 4 5 4 117 5 4 36 4 18 4 115 21 4 14 4 24 5 4 5 4 118 5 16 38 16 26 32 8 9 4 55 4 34 27 4 18 4 9 4 62 5 4 12 4 96 34 16 5 16 79 49 45 60 4 54 4 108 60 16 60 16 71 48 4 39 4 46 4 41 5 4 5 4 0 5 4 7 4 18 4 32 60 4 5 4 34 43 60 4 0 10 5 60 4 60 35 7 4 0 5 16 33 16 103 41 4 45 4 60 4 98 50 60 27 4 23 33 49 4 0 38 4 17 4 12 4 23 5 16 5 16 0 40 4 44 4 95 41 4 5 4 28 4 10 60 4 21 13 41 4 12 60 4 27 4 8 4 23 4 16 57 4 30 4 60 4 28 4 0 22 4 5 4 29 47 22 4 33 7 4 5 4 38 4 88 27 4 47 24 25 4 119 46 4 25 31 14 4 0 35 4 36 4 99 24 5 40 4 21 53 34 4 62 28 4 38 4 89 60 4 5 4 21 4 36 4 79 39 4 15 4 22 4 31 4 0 12 4 39 4 109 48 27 5 4 45 4 40 18 4 57 4 20 4 12 4 119 25 4 14 4 45 4 0 60 4 34 4 31 4 119 38 4 7 4 38 4 36 4 86 60 4 56 4 35 4 29 4 
iteration 638 best: 1.05378 leader: 1.05378 time: 425164
114 60 8 56 51 8 0 12 8 108 12 4 34 4 1 27 4 18 4 61 5 8 82 30 4 43 4 16 5 12 92 12 8 80 60 8 16 15 8 95 58 12 71 33 4 55 4 70 60 4 15 4 13 4 52 4 0 20 4 60 4 15 4 28 38 8 90 46 8 16 30 4 9 4 106 37 16 15 16 100 5 4 60 4 5 4 34 4 19 60 4 19 4 60 4 41 45 8 25 8 7 60 4 24 4 31 4 6 4 57 60 8 10 51 4 35 4 41 4 41 4 33 60 8 11 29 4 19 39 8 115 24 8 27 41 8 50 6 4 5 4 18 4 40 22 4 37 4 15 7 4 26 4 5 4 0 20 4 5 4 117 5 4 36 4 18 4 115 21 4 14 4 24 5 4 5 4 118 5 16 38 16 26 32 8 9 4 55 4 34 27 4 18 4 9 4 62 5 4 12 4 96 34 16 5 16 79 49 45 60 4 54 4 108 60 16 60 16 71 48 4 39 4 46 4 41 5 4 5 4 0 5 4 7 4 18 4 32 60 4 5 4 34 43 60 4 0 10 5 60 4 60 35 7 4 0 5 16 33 16 103 41 4 45 4 60 4 98 50 60 27 4 23 33 49 4 0 38 4 17 4 12 4 23 5 16 5 16 0 40 4 44 4 95 41 4 5 4 28 4 10 60 4 21 13 41 4 12 60 4 27 4 8 4 23 4 16 57 4 30 4 60 4 28 4 0 22 4 5 4 29 47 22 4 33 7 4 5 4 38 4 88 27 4 47 24 25 4 119 46 4 25 31 14 4 0 35 4 36 4 99 24 5 40 4 21 53 34 4 62 28 4 38 4 89 60 4 5 4 21 4 36 4 79 39 4 15 4 22 4 31 4 0 12 4 39 4 109 48 27 5 4 45 4 40 18 4 57 4 20 4 12 4 119 25 4 14 4 45 4 0 60 4 34 4 31 4 119 38 4 7 4 38 4 36 4 86 60 4 56 4 35 4 29 4 
iteration 649 best: 1.05378 leader: 1.05378 time: 432455
114 60 8 56 51 8 0 12 8 108 12 4 34 4 1 27 4 18 4 61 5 8 82 30 4 43 4 16 5 12 92 12 8 80 60 8 16 15 8 95 58 12 71 33 4 55 4 70 60 4 15 4 13 4 52 4 0 20 4 60 4 15 4 28 38 8 90 46 8 16 30 4 9 4 106 37 16 15 16 100 5 4 60 4 5 4 34 4 19 60 4 19 4 60 4 41 45 8 25 8 7 60 4 24 4 31 4 6 4 57 60 8 10 51 4 35 4 41 4 41 4 33 60 8 11 29 4 19 39 8 115 24 8 27 41 8 50 6 4 5 4 18 4 40 22 4 37 4 15 7 4 26 4 5 4 0 20 4 5 4 117 5 4 36 4 18 4 115 21 4 14 4 24 5 4 5 4 118 5 16 38 16 26 32 8 9 4 55 4 34 27 4 18 4 9 4 62 5 4 12 4 96 34 16 5 16 79 49 45 60 4 54 4 108 60 16 60 16 71 48 4 39 4 46 4 41 5 4 5 4 0 5 4 7 4 18 4 32 60 4 5 4 34 43 60 4 0 10 5 60 4 60 35 7 4 0 5 16 33 16 103 41 4 45 4 60 4 98 50 60 27 4 23 33 49 4 0 38 4 17 4 12 4 23 5 16 5 16 0 40 4 44 4 95 41 4 5 4 28 4 10 60 4 21 13 41 4 12 60 4 27 4 8 4 23 4 16 57 4 30 4 60 4 28 4 0 22 4 5 4 29 47 22 4 33 7 4 5 4 38 4 88 27 4 47 24 25 4 119 46 4 25 31 14 4 0 35 4 36 4 99 24 5 40 4 21 53 34 4 62 28 4 38 4 89 60 4 5 4 21 4 36 4 79 39 4 15 4 22 4 31 4 0 12 4 39 4 109 48 27 5 4 45 4 40 18 4 57 4 20 4 12 4 119 25 4 14 4 45 4 0 60 4 34 4 31 4 119 38 4 7 4 38 4 36 4 86 60 4 56 4 35 4 29 4 
iteration 660 best: 1.05378 leader: 1.05378 time: 439814
114 60 8 56 51 8 0 12 8 108 12 4 34 4 1 27 4 18 4 61 5 8 82 30 4 43 4 16 5 12 92 12 8 80 60 8 16 15 8 95 58 12 71 33 4 55 4 70 60 4 15 4 13 4 52 4 0 20 4 60 4 15 4 28 38 8 90 46 8 16 30 4 9 4 106 37 16 15 16 100 5 4 60 4 5 4 34 4 19 60 4 19 4 60 4 41 45 8 25 8 7 60 4 24 4 31 4 6 4 57 60 8 10 51 4 35 4 41 4 41 4 33 60 8 11 29 4 19 39 8 115 24 8 27 41 8 50 6 4 5 4 18 4 40 22 4 37 4 15 7 4 26 4 5 4 0 20 4 5 4 117 5 4 36 4 18 4 115 21 4 14 4 24 5 4 5 4 118 5 16 38 16 26 32 8 9 4 55 4 34 27 4 18 4 9 4 62 5 4 12 4 96 34 16 5 16 79 49 45 60 4 54 4 108 60 16 60 16 71 48 4 39 4 46 4 41 5 4 5 4 0 5 4 7 4 18 4 32 60 4 5 4 34 43 60 4 0 10 5 60 4 60 35 7 4 0 5 16 33 16 103 41 4 45 4 60 4 98 50 60 27 4 23 33 49 4 0 38 4 17 4 12 4 23 5 16 5 16 0 40 4 44 4 95 41 4 5 4 28 4 10 60 4 21 13 41 4 12 60 4 27 4 8 4 23 4 16 57 4 30 4 60 4 28 4 0 22 4 5 4 29 47 22 4 33 7 4 5 4 38 4 88 27 4 47 24 25 4 119 46 4 25 31 14 4 0 35 4 36 4 99 24 5 40 4 21 53 34 4 62 28 4 38 4 89 60 4 5 4 21 4 36 4 79 39 4 15 4 22 4 31 4 0 12 4 39 4 109 48 27 5 4 45 4 40 18 4 57 4 20 4 12 4 119 25 4 14 4 45 4 0 60 4 34 4 31 4 119 38 4 7 4 38 4 36 4 86 60 4 56 4 35 4 29 4 
iteration 671 best: 1.05378 leader: 1.05378 time: 447139
114 60 8 56 51 8 0 12 8 108 12 4 34 4 1 27 4 18 4 61 5 8 82 30 4 43 4 16 5 12 92 12 8 80 60 8 16 15 8 95 58 12 71 33 4 55 4 70 60 4 15 4 13 4 52 4 0 20 4 60 4 15 4 28 38 8 90 46 8 16 30 4 9 4 106 37 16 15 16 100 5 4 60 4 5 4 34 4 19 60 4 19 4 60 4 41 45 8 25 8 7 60 4 24 4 31 4 6 4 57 60 8 10 51 4 35 4 41 4 41 4 33 60 8 11 29 4 19 39 8 115 24 8 27 41 8 50 6 4 5 4 18 4 40 22 4 37 4 15 7 4 26 4 5 4 0 20 4 5 4 117 5 4 36 4 18 4 115 21 4 14 4 24 5 4 5 4 118 5 16 38 16 26 32 8 9 4 55 4 34 27 4 18 4 9 4 62 5 4 12 4 96 34 16 5 16 79 49 45 60 4 54 4 108 60 16 60 16 71 48 4 39 4 46 4 41 5 4 5 4 0 5 4 7 4 18 4 32 60 4 5 4 34 43 60 4 0 10 5 60 4 60 35 7 4 0 5 16 33 16 103 41 4 45 4 60 4 98 50 60 27 4 23 33 49 4 0 38 4 17 4 12 4 23 5 16 5 16 0 40 4 44 4 95 41 4 5 4 28 4 10 60 4 21 13 41 4 12 60 4 27 4 8 4 23 4 16 57 4 30 4 60 4 28 4 0 22 4 5 4 29 47 22 4 33 7 4 5 4 38 4 88 27 4 47 24 25 4 119 46 4 25 31 14 4 0 35 4 36 4 99 24 5 40 4 21 53 34 4 62 28 4 38 4 89 60 4 5 4 21 4 36 4 79 39 4 15 4 22 4 31 4 0 12 4 39 4 109 48 27 5 4 45 4 40 18 4 57 4 20 4 12 4 119 25 4 14 4 45 4 0 60 4 34 4 31 4 119 38 4 7 4 38 4 36 4 86 60 4 56 4 35 4 29 4 
iteration 682 best: 1.05378 leader: 1.05378 time: 454441
114 60 8 56 51 8 0 12 8 108 12 4 34 4 1 27 4 18 4 61 5 8 82 30 4 43 4 16 5 12 92 12 8 80 60 8 16 15 8 95 58 12 71 33 4 55 4 70 60 4 15 4 13 4 52 4 0 20 4 60 4 15 4 28 38 8 90 46 8 16 30 4 9 4 106 37 16 15 16 100 5 4 60 4 5 4 34 4 19 60 4 19 4 60 4 41 45 8 25 8 7 60 4 24 4 31 4 6 4 57 60 8 10 51 4 35 4 41 4 41 4 33 60 8 11 29 4 19 39 8 115 24 8 27 41 8 50 6 4 5 4 18 4 40 22 4 37 4 15 7 4 26 4 5 4 0 20 4 5 4 117 5 4 36 4 18 4 115 21 4 14 4 24 5 4 5 4 118 5 16 38 16 26 32 8 9 4 55 4 34 27 4 18 4 9 4 62 5 4 12 4 96 34 16 5 16 79 49 45 60 4 54 4 108 60 16 60 16 71 48 4 39 4 46 4 41 5 4 5 4 0 5 4 7 4 18 4 32 60 4 5 4 34 43 60 4 0 10 5 60 4 60 35 7 4 0 5 16 33 16 103 41 4 45 4 60 4 98 50 60 27 4 23 33 49 4 0 38 4 17 4 12 4 23 5 16 5 16 0 40 4 44 4 95 41 4 5 4 28 4 10 60 4 21 13 41 4 12 60 4 27 4 8 4 23 4 16 57 4 30 4 60 4 28 4 0 22 4 5 4 29 47 22 4 33 7 4 5 4 38 4 88 27 4 47 24 25 4 119 46 4 25 31 14 4 0 35 4 36 4 99 24 5 40 4 21 53 34 4 62 28 4 38 4 89 60 4 5 4 21 4 36 4 79 39 4 15 4 22 4 31 4 0 12 4 39 4 109 48 27 5 4 45 4 40 18 4 57 4 20 4 12 4 119 25 4 14 4 45 4 0 60 4 34 4 31 4 119 38 4 7 4 38 4 36 4 86 60 4 56 4 35 4 29 4 
iteration 693 best: 1.05378 leader: 1.05378 time: 461721
114 60 8 56 51 8 0 12 8 108 12 4 34 4 1 27 4 18 4 61 5 8 82 30 4 43 4 16 5 12 92 12 8 80 60 8 16 15 8 95 58 12 71 33 4 55 4 70 60 4 15 4 13 4 52 4 0 20 4 60 4 15 4 28 38 8 90 46 8 16 30 4 9 4 106 37 16 15 16 100 5 4 60 4 5 4 34 4 19 60 4 19 4 60 4 41 45 8 25 8 7 60 4 24 4 31 4 6 4 57 60 8 10 51 4 35 4 41 4 41 4 33 60 8 11 29 4 19 39 8 115 24 8 27 41 8 50 6 4 5 4 18 4 40 22 4 37 4 15 7 4 26 4 5 4 0 20 4 5 4 117 5 4 36 4 18 4 115 21 4 14 4 24 5 4 5 4 118 5 16 38 16 26 32 8 9 4 55 4 34 27 4 18 4 9 4 62 5 4 12 4 96 34 16 5 16 79 49 45 60 4 54 4 108 60 16 60 16 71 48 4 39 4 46 4 41 5 4 5 4 0 5 4 7 4 18 4 32 60 4 5 4 34 43 60 4 0 10 5 60 4 60 35 7 4 0 5 16 33 16 103 41 4 45 4 60 4 98 50 60 27 4 23 33 49 4 0 38 4 17 4 12 4 23 5 16 5 16 0 40 4 44 4 95 41 4 5 4 28 4 10 60 4 21 13 41 4 12 60 4 27 4 8 4 23 4 16 57 4 30 4 60 4 28 4 0 22 4 5 4 29 47 22 4 33 7 4 5 4 38 4 88 27 4 47 24 25 4 119 46 4 25 31 14 4 0 35 4 36 4 99 24 5 40 4 21 53 34 4 62 28 4 38 4 89 60 4 5 4 21 4 36 4 79 39 4 15 4 22 4 31 4 0 12 4 39 4 109 48 27 5 4 45 4 40 18 4 57 4 20 4 12 4 119 25 4 14 4 45 4 0 60 4 34 4 31 4 119 38 4 7 4 38 4 36 4 86 60 4 56 4 35 4 29 4 
iteration 704 best: 1.05378 leader: 1.05378 time: 469008
114 60 8 56 51 8 0 12 8 108 12 4 34 4 1 27 4 18 4 61 5 8 82 30 4 43 4 16 5 12 92 12 8 80 60 8 16 15 8 95 58 12 71 33 4 55 4 70 60 4 15 4 13 4 52 4 0 20 4 60 4 15 4 28 38 8 90 46 8 16 30 4 9 4 106 37 16 15 16 100 5 4 60 4 5 4 34 4 19 60 4 19 4 60 4 41 45 8 25 8 7 60 4 24 4 31 4 6 4 57 60 8 10 51 4 35 4 41 4 41 4 33 60 8 11 29 4 19 39 8 115 24 8 27 41 8 50 6 4 5 4 18 4 40 22 4 37 4 15 7 4 26 4 5 4 0 20 4 5 4 117 5 4 36 4 18 4 115 21 4 14 4 24 5 4 5 4 118 5 16 38 16 26 32 8 9 4 55 4 34 27 4 18 4 9 4 62 5 4 12 4 96 34 16 5 16 79 49 45 60 4 54 4 108 60 16 60 16 71 48 4 39 4 46 4 41 5 4 5 4 0 5 4 7 4 18 4 32 60 4 5 4 34 43 60 4 0 10 5 60 4 60 35 7 4 0 5 16 33 16 103 41 4 45 4 60 4 98 50 60 27 4 23 33 49 4 0 38 4 17 4 12 4 23 5 16 5 16 0 40 4 44 4 95 41 4 5 4 28 4 10 60 4 21 13 41 4 12 60 4 27 4 8 4 23 4 16 57 4 30 4 60 4 28 4 0 22 4 5 4 29 47 22 4 33 7 4 5 4 38 4 88 27 4 47 24 25 4 119 46 4 25 31 14 4 0 35 4 36 4 99 24 5 40 4 21 53 34 4 62 28 4 38 4 89 60 4 5 4 21 4 36 4 79 39 4 15 4 22 4 31 4 0 12 4 39 4 109 48 27 5 4 45 4 40 18 4 57 4 20 4 12 4 119 25 4 14 4 45 4 0 60 4 34 4 31 4 119 38 4 7 4 38 4 36 4 86 60 4 56 4 35 4 29 4 
iteration 715 best: 1.05378 leader: 1.05378 time: 476350
114 60 8 56 51 8 0 12 8 108 12 4 34 4 1 27 4 18 4 61 5 8 82 30 4 43 4 16 5 12 92 12 8 80 60 8 16 15 8 95 58 12 71 33 4 55 4 70 60 4 15 4 13 4 52 4 0 20 4 60 4 15 4 28 38 8 90 46 8 16 30 4 9 4 106 37 16 15 16 100 5 4 60 4 5 4 34 4 19 60 4 19 4 60 4 41 45 8 25 8 7 60 4 24 4 31 4 6 4 57 60 8 10 51 4 35 4 41 4 41 4 33 60 8 11 29 4 19 39 8 115 24 8 27 41 8 50 6 4 5 4 18 4 40 22 4 37 4 15 7 4 26 4 5 4 0 20 4 5 4 117 5 4 36 4 18 4 115 21 4 14 4 24 5 4 5 4 118 5 16 38 16 26 32 8 9 4 55 4 34 27 4 18 4 9 4 62 5 4 12 4 96 34 16 5 16 79 49 45 60 4 54 4 108 60 16 60 16 71 48 4 39 4 46 4 41 5 4 5 4 0 5 4 7 4 18 4 32 60 4 5 4 34 43 60 4 0 10 5 60 4 60 35 7 4 0 5 16 33 16 103 41 4 45 4 60 4 98 50 60 27 4 23 33 49 4 0 38 4 17 4 12 4 23 5 16 5 16 0 40 4 44 4 95 41 4 5 4 28 4 10 60 4 21 13 41 4 12 60 4 27 4 8 4 23 4 16 57 4 30 4 60 4 28 4 0 22 4 5 4 29 47 22 4 33 7 4 5 4 38 4 88 27 4 47 24 25 4 119 46 4 25 31 14 4 0 35 4 36 4 99 24 5 40 4 21 53 34 4 62 28 4 38 4 89 60 4 5 4 21 4 36 4 79 39 4 15 4 22 4 31 4 0 12 4 39 4 109 48 27 5 4 45 4 40 18 4 57 4 20 4 12 4 119 25 4 14 4 45 4 0 60 4 34 4 31 4 119 38 4 7 4 38 4 36 4 86 60 4 56 4 35 4 29 4 
iteration 726 best: 1.05378 leader: 1.05378 time: 483666
114 60 8 56 51 8 0 12 8 108 12 4 34 4 1 27 4 18 4 61 5 8 82 30 4 43 4 16 5 12 92 12 8 80 60 8 16 15 8 95 58 12 71 33 4 55 4 70 60 4 15 4 13 4 52 4 0 20 4 60 4 15 4 28 38 8 90 46 8 16 30 4 9 4 106 37 16 15 16 100 5 4 60 4 5 4 34 4 19 60 4 19 4 60 4 41 45 8 25 8 7 60 4 24 4 31 4 6 4 57 60 8 10 51 4 35 4 41 4 41 4 33 60 8 11 29 4 19 39 8 115 24 8 27 41 8 50 6 4 5 4 18 4 40 22 4 37 4 15 7 4 26 4 5 4 0 20 4 5 4 117 5 4 36 4 18 4 115 21 4 14 4 24 5 4 5 4 118 5 16 38 16 26 32 8 9 4 55 4 34 27 4 18 4 9 4 62 5 4 12 4 96 34 16 5 16 79 49 45 60 4 54 4 108 60 16 60 16 71 48 4 39 4 46 4 41 5 4 5 4 0 5 4 7 4 18 4 32 60 4 5 4 34 43 60 4 0 10 5 60 4 60 35 7 4 0 5 16 33 16 103 41 4 45 4 60 4 98 50 60 27 4 23 33 49 4 0 38 4 17 4 12 4 23 5 16 5 16 0 40 4 44 4 95 41 4 5 4 28 4 10 60 4 21 13 41 4 12 60 4 27 4 8 4 23 4 16 57 4 30 4 60 4 28 4 0 22 4 5 4 29 47 22 4 33 7 4 5 4 38 4 88 27 4 47 24 25 4 119 46 4 25 31 14 4 0 35 4 36 4 99 24 5 40 4 21 53 34 4 62 28 4 38 4 89 60 4 5 4 21 4 36 4 79 39 4 15 4 22 4 31 4 0 12 4 39 4 109 48 27 5 4 45 4 40 18 4 57 4 20 4 12 4 119 25 4 14 4 45 4 0 60 4 34 4 31 4 119 38 4 7 4 38 4 36 4 86 60 4 56 4 35 4 29 4 
iteration 737 best: 1.05378 leader: 1.05378 time: 491005
114 60 8 56 51 8 0 12 8 108 12 4 34 4 1 27 4 18 4 61 5 8 82 30 4 43 4 16 5 12 92 12 8 80 60 8 16 15 8 95 58 12 71 33 4 55 4 70 60 4 15 4 13 4 52 4 0 20 4 60 4 15 4 28 38 8 90 46 8 16 30 4 9 4 106 37 16 15 16 100 5 4 60 4 5 4 34 4 19 60 4 19 4 60 4 41 45 8 25 8 7 60 4 24 4 31 4 6 4 57 60 8 10 51 4 35 4 41 4 41 4 33 60 8 11 29 4 19 39 8 115 24 8 27 41 8 50 6 4 5 4 18 4 40 22 4 37 4 15 7 4 26 4 5 4 0 20 4 5 4 117 5 4 36 4 18 4 115 21 4 14 4 24 5 4 5 4 118 5 16 38 16 26 32 8 9 4 55 4 34 27 4 18 4 9 4 62 5 4 12 4 96 34 16 5 16 79 49 45 60 4 54 4 108 60 16 60 16 71 48 4 39 4 46 4 41 5 4 5 4 0 5 4 7 4 18 4 32 60 4 5 4 34 43 60 4 0 10 5 60 4 60 35 7 4 0 5 16 33 16 103 41 4 45 4 60 4 98 50 60 27 4 23 33 49 4 0 38 4 17 4 12 4 23 5 16 5 16 0 40 4 44 4 95 41 4 5 4 28 4 10 60 4 21 13 41 4 12 60 4 27 4 8 4 23 4 16 57 4 30 4 60 4 28 4 0 22 4 5 4 29 47 22 4 33 7 4 5 4 38 4 88 27 4 47 24 25 4 119 46 4 25 31 14 4 0 35 4 36 4 99 24 5 40 4 21 53 34 4 62 28 4 38 4 89 60 4 5 4 21 4 36 4 79 39 4 15 4 22 4 31 4 0 12 4 39 4 109 48 27 5 4 45 4 40 18 4 57 4 20 4 12 4 119 25 4 14 4 45 4 0 60 4 34 4 31 4 119 38 4 7 4 38 4 36 4 86 60 4 56 4 35 4 29 4 
iteration 748 best: 1.05378 leader: 1.05378 time: 498333
114 60 8 56 51 8 0 12 8 108 12 4 34 4 1 27 4 18 4 61 5 8 82 30 4 43 4 16 5 12 92 12 8 80 60 8 16 15 8 95 58 12 71 33 4 55 4 70 60 4 15 4 13 4 52 4 0 20 4 60 4 15 4 28 38 8 90 46 8 16 30 4 9 4 106 37 16 15 16 100 5 4 60 4 5 4 34 4 19 60 4 19 4 60 4 41 45 8 25 8 7 60 4 24 4 31 4 6 4 57 60 8 10 51 4 35 4 41 4 41 4 33 60 8 11 29 4 19 39 8 115 24 8 27 41 8 50 6 4 5 4 18 4 40 22 4 37 4 15 7 4 26 4 5 4 0 20 4 5 4 117 5 4 36 4 18 4 115 21 4 14 4 24 5 4 5 4 118 5 16 38 16 26 32 8 9 4 55 4 34 27 4 18 4 9 4 62 5 4 12 4 96 34 16 5 16 79 49 45 60 4 54 4 108 60 16 60 16 71 48 4 39 4 46 4 41 5 4 5 4 0 5 4 7 4 18 4 32 60 4 5 4 34 43 60 4 0 10 5 60 4 60 35 7 4 0 5 16 33 16 103 41 4 45 4 60 4 98 50 60 27 4 23 33 49 4 0 38 4 17 4 12 4 23 5 16 5 16 0 40 4 44 4 95 41 4 5 4 28 4 10 60 4 21 13 41 4 12 60 4 27 4 8 4 23 4 16 57 4 30 4 60 4 28 4 0 22 4 5 4 29 47 22 4 33 7 4 5 4 38 4 88 27 4 47 24 25 4 119 46 4 25 31 14 4 0 35 4 36 4 99 24 5 40 4 21 53 34 4 62 28 4 38 4 89 60 4 5 4 21 4 36 4 79 39 4 15 4 22 4 31 4 0 12 4 39 4 109 48 27 5 4 45 4 40 18 4 57 4 20 4 12 4 119 25 4 14 4 45 4 0 60 4 34 4 31 4 119 38 4 7 4 38 4 36 4 86 60 4 56 4 35 4 29 4 
iteration 759 best: 1.05378 leader: 1.05378 time: 505641
114 60 8 56 51 8 0 12 8 108 12 4 34 4 1 27 4 18 4 61 5 8 82 30 4 43 4 16 5 12 92 12 8 80 60 8 16 15 8 95 58 12 71 33 4 55 4 70 60 4 15 4 13 4 52 4 0 20 4 60 4 15 4 28 38 8 90 46 8 16 30 4 9 4 106 37 16 15 16 100 5 4 60 4 5 4 34 4 19 60 4 19 4 60 4 41 45 8 25 8 7 60 4 24 4 31 4 6 4 57 60 8 10 51 4 35 4 41 4 41 4 33 60 8 11 29 4 19 39 8 115 24 8 27 41 8 50 6 4 5 4 18 4 40 22 4 37 4 15 7 4 26 4 5 4 0 20 4 5 4 117 5 4 36 4 18 4 115 21 4 14 4 24 5 4 5 4 118 5 16 38 16 26 32 8 9 4 55 4 34 27 4 18 4 9 4 62 5 4 12 4 96 34 16 5 16 79 49 45 60 4 54 4 108 60 16 60 16 71 48 4 39 4 46 4 41 5 4 5 4 0 5 4 7 4 18 4 32 60 4 5 4 34 43 60 4 0 10 5 60 4 60 35 7 4 0 5 16 33 16 103 41 4 45 4 60 4 98 50 60 27 4 23 33 49 4 0 38 4 17 4 12 4 23 5 16 5 16 0 40 4 44 4 95 41 4 5 4 28 4 10 60 4 21 13 41 4 12 60 4 27 4 8 4 23 4 16 57 4 30 4 60 4 28 4 0 22 4 5 4 29 47 22 4 33 7 4 5 4 38 4 88 27 4 47 24 25 4 119 46 4 25 31 14 4 0 35 4 36 4 99 24 5 40 4 21 53 34 4 62 28 4 38 4 89 60 4 5 4 21 4 36 4 79 39 4 15 4 22 4 31 4 0 12 4 39 4 109 48 27 5 4 45 4 40 18 4 57 4 20 4 12 4 119 25 4 14 4 45 4 0 60 4 34 4 31 4 119 38 4 7 4 38 4 36 4 86 60 4 56 4 35 4 29 4 
iteration 770 best: 1.05378 leader: 1.05378 time: 512909
114 60 8 56 51 8 0 12 8 108 12 4 34 4 1 27 4 18 4 61 5 8 82 30 4 43 4 16 5 12 92 12 8 80 60 8 16 15 8 95 58 12 71 33 4 55 4 70 60 4 15 4 13 4 52 4 0 20 4 60 4 15 4 28 38 8 90 46 8 16 30 4 9 4 106 37 16 15 16 100 5 4 60 4 5 4 34 4 19 60 4 19 4 60 4 41 45 8 25 8 7 60 4 24 4 31 4 6 4 57 60 8 10 51 4 35 4 41 4 41 4 33 60 8 11 29 4 19 39 8 115 24 8 27 41 8 50 6 4 5 4 18 4 40 22 4 37 4 15 7 4 26 4 5 4 0 20 4 5 4 117 5 4 36 4 18 4 115 21 4 14 4 24 5 4 5 4 118 5 16 38 16 26 32 8 9 4 55 4 34 27 4 18 4 9 4 62 5 4 12 4 96 34 16 5 16 79 49 45 60 4 54 4 108 60 16 60 16 71 48 4 39 4 46 4 41 5 4 5 4 0 5 4 7 4 18 4 32 60 4 5 4 34 43 60 4 0 10 5 60 4 60 35 7 4 0 5 16 33 16 103 41 4 45 4 60 4 98 50 60 27 4 23 33 49 4 0 38 4 17 4 12 4 23 5 16 5 16 0 40 4 44 4 95 41 4 5 4 28 4 10 60 4 21 13 41 4 12 60 4 27 4 8 4 23 4 16 57 4 30 4 60 4 28 4 0 22 4 5 4 29 47 22 4 33 7 4 5 4 38 4 88 27 4 47 24 25 4 119 46 4 25 31 14 4 0 35 4 36 4 99 24 5 40 4 21 53 34 4 62 28 4 38 4 89 60 4 5 4 21 4 36 4 79 39 4 15 4 22 4 31 4 0 12 4 39 4 109 48 27 5 4 45 4 40 18 4 57 4 20 4 12 4 119 25 4 14 4 45 4 0 60 4 34 4 31 4 119 38 4 7 4 38 4 36 4 86 60 4 56 4 35 4 29 4 
iteration 781 best: 1.05378 leader: 1.05378 time: 520184
114 60 8 56 51 8 0 12 8 108 12 4 34 4 1 27 4 18 4 61 5 8 82 30 4 43 4 16 5 12 92 12 8 80 60 8 16 15 8 95 58 12 71 33 4 55 4 70 60 4 15 4 13 4 52 4 0 20 4 60 4 15 4 28 38 8 90 46 8 16 30 4 9 4 106 37 16 15 16 100 5 4 60 4 5 4 34 4 19 60 4 19 4 60 4 41 45 8 25 8 7 60 4 24 4 31 4 6 4 57 60 8 10 51 4 35 4 41 4 41 4 33 60 8 11 29 4 19 39 8 115 24 8 27 41 8 50 6 4 5 4 18 4 40 22 4 37 4 15 7 4 26 4 5 4 0 20 4 5 4 117 5 4 36 4 18 4 115 21 4 14 4 24 5 4 5 4 118 5 16 38 16 26 32 8 9 4 55 4 34 27 4 18 4 9 4 62 5 4 12 4 96 34 16 5 16 79 49 45 60 4 54 4 108 60 16 60 16 71 48 4 39 4 46 4 41 5 4 5 4 0 5 4 7 4 18 4 32 60 4 5 4 34 43 60 4 0 10 5 60 4 60 35 7 4 0 5 16 33 16 103 41 4 45 4 60 4 98 50 60 27 4 23 33 49 4 0 38 4 17 4 12 4 23 5 16 5 16 0 40 4 44 4 95 41 4 5 4 28 4 10 60 4 21 13 41 4 12 60 4 27 4 8 4 23 4 16 57 4 30 4 60 4 28 4 0 22 4 5 4 29 47 22 4 33 7 4 5 4 38 4 88 27 4 47 24 25 4 119 46 4 25 31 14 4 0 35 4 36 4 99 24 5 40 4 21 53 34 4 62 28 4 38 4 89 60 4 5 4 21 4 36 4 79 39 4 15 4 22 4 31 4 0 12 4 39 4 109 48 27 5 4 45 4 40 18 4 57 4 20 4 12 4 119 25 4 14 4 45 4 0 60 4 34 4 31 4 119 38 4 7 4 38 4 36 4 86 60 4 56 4 35 4 29 4 
iteration 792 best: 1.05378 leader: 1.05378 time: 527459
114 60 8 56 51 8 0 12 8 108 12 4 34 4 1 27 4 18 4 61 5 8 82 30 4 43 4 16 5 12 92 12 8 80 60 8 16 15 8 95 58 12 71 33 4 55 4 70 60 4 15 4 13 4 52 4 0 20 4 60 4 15 4 28 38 8 90 46 8 16 30 4 9 4 106 37 16 15 16 100 5 4 60 4 5 4 34 4 19 60 4 19 4 60 4 41 45 8 25 8 7 60 4 24 4 31 4 6 4 57 60 8 10 51 4 35 4 41 4 41 4 33 60 8 11 29 4 19 39 8 115 24 8 27 41 8 50 6 4 5 4 18 4 40 22 4 37 4 15 7 4 26 4 5 4 0 20 4 5 4 117 5 4 36 4 18 4 115 21 4 14 4 24 5 4 5 4 118 5 16 38 16 26 32 8 9 4 55 4 34 27 4 18 4 9 4 62 5 4 12 4 96 34 16 5 16 79 49 45 60 4 54 4 108 60 16 60 16 71 48 4 39 4 46 4 41 5 4 5 4 0 5 4 7 4 18 4 32 60 4 5 4 34 43 60 4 0 10 5 60 4 60 35 7 4 0 5 16 33 16 103 41 4 45 4 60 4 98 50 60 27 4 23 33 49 4 0 38 4 17 4 12 4 23 5 16 5 16 0 40 4 44 4 95 41 4 5 4 28 4 10 60 4 21 13 41 4 12 60 4 27 4 8 4 23 4 16 57 4 30 4 60 4 28 4 0 22 4 5 4 29 47 22 4 33 7 4 5 4 38 4 88 27 4 47 24 25 4 119 46 4 25 31 14 4 0 35 4 36 4 99 24 5 40 4 21 53 34 4 62 28 4 38 4 89 60 4 5 4 21 4 36 4 79 39 4 15 4 22 4 31 4 0 12 4 39 4 109 48 27 5 4 45 4 40 18 4 57 4 20 4 12 4 119 25 4 14 4 45 4 0 60 4 34 4 31 4 119 38 4 7 4 38 4 36 4 86 60 4 56 4 35 4 29 4 
iteration 803 best: 1.05378 leader: 1.05378 time: 534771
114 60 8 56 51 8 0 12 8 108 12 4 34 4 1 27 4 18 4 61 5 8 82 30 4 43 4 16 5 12 92 12 8 80 60 8 16 15 8 95 58 12 71 33 4 55 4 70 60 4 15 4 13 4 52 4 0 20 4 60 4 15 4 28 38 8 90 46 8 16 30 4 9 4 106 37 16 15 16 100 5 4 60 4 5 4 34 4 19 60 4 19 4 60 4 41 45 8 25 8 7 60 4 24 4 31 4 6 4 57 60 8 10 51 4 35 4 41 4 41 4 33 60 8 11 29 4 19 39 8 115 24 8 27 41 8 50 6 4 5 4 18 4 40 22 4 37 4 15 7 4 26 4 5 4 0 20 4 5 4 117 5 4 36 4 18 4 115 21 4 14 4 24 5 4 5 4 118 5 16 38 16 26 32 8 9 4 55 4 34 27 4 18 4 9 4 62 5 4 12 4 96 34 16 5 16 79 49 45 60 4 54 4 108 60 16 60 16 71 48 4 39 4 46 4 41 5 4 5 4 0 5 4 7 4 18 4 32 60 4 5 4 34 43 60 4 0 10 5 60 4 60 35 7 4 0 5 16 33 16 103 41 4 45 4 60 4 98 50 60 27 4 23 33 49 4 0 38 4 17 4 12 4 23 5 16 5 16 0 40 4 44 4 95 41 4 5 4 28 4 10 60 4 21 13 41 4 12 60 4 27 4 8 4 23 4 16 57 4 30 4 60 4 28 4 0 22 4 5 4 29 47 22 4 33 7 4 5 4 38 4 88 27 4 47 24 25 4 119 46 4 25 31 14 4 0 35 4 36 4 99 24 5 40 4 21 53 34 4 62 28 4 38 4 89 60 4 5 4 21 4 36 4 79 39 4 15 4 22 4 31 4 0 12 4 39 4 109 48 27 5 4 45 4 40 18 4 57 4 20 4 12 4 119 25 4 14 4 45 4 0 60 4 34 4 31 4 119 38 4 7 4 38 4 36 4 86 60 4 56 4 35 4 29 4 
iteration 814 best: 1.05378 leader: 1.05378 time: 542026
114 60 8 56 51 8 0 12 8 108 12 4 34 4 1 27 4 18 4 61 5 8 82 30 4 43 4 16 5 12 92 12 8 80 60 8 16 15 8 95 58 12 71 33 4 55 4 70 60 4 15 4 13 4 52 4 0 20 4 60 4 15 4 28 38 8 90 46 8 16 30 4 9 4 106 37 16 15 16 100 5 4 60 4 5 4 34 4 19 60 4 19 4 60 4 41 45 8 25 8 7 60 4 24 4 31 4 6 4 57 60 8 10 51 4 35 4 41 4 41 4 33 60 8 11 29 4 19 39 8 115 24 8 27 41 8 50 6 4 5 4 18 4 40 22 4 37 4 15 7 4 26 4 5 4 0 20 4 5 4 117 5 4 36 4 18 4 115 21 4 14 4 24 5 4 5 4 118 5 16 38 16 26 32 8 9 4 55 4 34 27 4 18 4 9 4 62 5 4 12 4 96 34 16 5 16 79 49 45 60 4 54 4 108 60 16 60 16 71 48 4 39 4 46 4 41 5 4 5 4 0 5 4 7 4 18 4 32 60 4 5 4 34 43 60 4 0 10 5 60 4 60 35 7 4 0 5 16 33 16 103 41 4 45 4 60 4 98 50 60 27 4 23 33 49 4 0 38 4 17 4 12 4 23 5 16 5 16 0 40 4 44 4 95 41 4 5 4 28 4 10 60 4 21 13 41 4 12 60 4 27 4 8 4 23 4 16 57 4 30 4 60 4 28 4 0 22 4 5 4 29 47 22 4 33 7 4 5 4 38 4 88 27 4 47 24 25 4 119 46 4 25 31 14 4 0 35 4 36 4 99 24 5 40 4 21 53 34 4 62 28 4 38 4 89 60 4 5 4 21 4 36 4 79 39 4 15 4 22 4 31 4 0 12 4 39 4 109 48 27 5 4 45 4 40 18 4 57 4 20 4 12 4 119 25 4 14 4 45 4 0 60 4 34 4 31 4 119 38 4 7 4 38 4 36 4 86 60 4 56 4 35 4 29 4 
iteration 825 best: 1.05378 leader: 1.05378 time: 549311
114 60 8 56 51 8 0 12 8 108 12 4 34 4 1 27 4 18 4 61 5 8 82 30 4 43 4 16 5 12 92 12 8 80 60 8 16 15 8 95 58 12 71 33 4 55 4 70 60 4 15 4 13 4 52 4 0 20 4 60 4 15 4 28 38 8 90 46 8 16 30 4 9 4 106 37 16 15 16 100 5 4 60 4 5 4 34 4 19 60 4 19 4 60 4 41 45 8 25 8 7 60 4 24 4 31 4 6 4 57 60 8 10 51 4 35 4 41 4 41 4 33 60 8 11 29 4 19 39 8 115 24 8 27 41 8 50 6 4 5 4 18 4 40 22 4 37 4 15 7 4 26 4 5 4 0 20 4 5 4 117 5 4 36 4 18 4 115 21 4 14 4 24 5 4 5 4 118 5 16 38 16 26 32 8 9 4 55 4 34 27 4 18 4 9 4 62 5 4 12 4 96 34 16 5 16 79 49 45 60 4 54 4 108 60 16 60 16 71 48 4 39 4 46 4 41 5 4 5 4 0 5 4 7 4 18 4 32 60 4 5 4 34 43 60 4 0 10 5 60 4 60 35 7 4 0 5 16 33 16 103 41 4 45 4 60 4 98 50 60 27 4 23 33 49 4 0 38 4 17 4 12 4 23 5 16 5 16 0 40 4 44 4 95 41 4 5 4 28 4 10 60 4 21 13 41 4 12 60 4 27 4 8 4 23 4 16 57 4 30 4 60 4 28 4 0 22 4 5 4 29 47 22 4 33 7 4 5 4 38 4 88 27 4 47 24 25 4 119 46 4 25 31 14 4 0 35 4 36 4 99 24 5 40 4 21 53 34 4 62 28 4 38 4 89 60 4 5 4 21 4 36 4 79 39 4 15 4 22 4 31 4 0 12 4 39 4 109 48 27 5 4 45 4 40 18 4 57 4 20 4 12 4 119 25 4 14 4 45 4 0 60 4 34 4 31 4 119 38 4 7 4 38 4 36 4 86 60 4 56 4 35 4 29 4 
iteration 836 best: 1.05378 leader: 1.05378 time: 556620
114 60 8 56 51 8 0 12 8 108 12 4 34 4 1 27 4 18 4 61 5 8 82 30 4 43 4 16 5 12 92 12 8 80 60 8 16 15 8 95 58 12 71 33 4 55 4 70 60 4 15 4 13 4 52 4 0 20 4 60 4 15 4 28 38 8 90 46 8 16 30 4 9 4 106 37 16 15 16 100 5 4 60 4 5 4 34 4 19 60 4 19 4 60 4 41 45 8 25 8 7 60 4 24 4 31 4 6 4 57 60 8 10 51 4 35 4 41 4 41 4 33 60 8 11 29 4 19 39 8 115 24 8 27 41 8 50 6 4 5 4 18 4 40 22 4 37 4 15 7 4 26 4 5 4 0 20 4 5 4 117 5 4 36 4 18 4 115 21 4 14 4 24 5 4 5 4 118 5 16 38 16 26 32 8 9 4 55 4 34 27 4 18 4 9 4 62 5 4 12 4 96 34 16 5 16 79 49 45 60 4 54 4 108 60 16 60 16 71 48 4 39 4 46 4 41 5 4 5 4 0 5 4 7 4 18 4 32 60 4 5 4 34 43 60 4 0 10 5 60 4 60 35 7 4 0 5 16 33 16 103 41 4 45 4 60 4 98 50 60 27 4 23 33 49 4 0 38 4 17 4 12 4 23 5 16 5 16 0 40 4 44 4 95 41 4 5 4 28 4 10 60 4 21 13 41 4 12 60 4 27 4 8 4 23 4 16 57 4 30 4 60 4 28 4 0 22 4 5 4 29 47 22 4 33 7 4 5 4 38 4 88 27 4 47 24 25 4 119 46 4 25 31 14 4 0 35 4 36 4 99 24 5 40 4 21 53 34 4 62 28 4 38 4 89 60 4 5 4 21 4 36 4 79 39 4 15 4 22 4 31 4 0 12 4 39 4 109 48 27 5 4 45 4 40 18 4 57 4 20 4 12 4 119 25 4 14 4 45 4 0 60 4 34 4 31 4 119 38 4 7 4 38 4 36 4 86 60 4 56 4 35 4 29 4 
iteration 847 best: 1.05378 leader: 1.05378 time: 563966
114 60 8 56 51 8 0 12 8 108 12 4 34 4 1 27 4 18 4 61 5 8 82 30 4 43 4 16 5 12 92 12 8 80 60 8 16 15 8 95 58 12 71 33 4 55 4 70 60 4 15 4 13 4 52 4 0 20 4 60 4 15 4 28 38 8 90 46 8 16 30 4 9 4 106 37 16 15 16 100 5 4 60 4 5 4 34 4 19 60 4 19 4 60 4 41 45 8 25 8 7 60 4 24 4 31 4 6 4 57 60 8 10 51 4 35 4 41 4 41 4 33 60 8 11 29 4 19 39 8 115 24 8 27 41 8 50 6 4 5 4 18 4 40 22 4 37 4 15 7 4 26 4 5 4 0 20 4 5 4 117 5 4 36 4 18 4 115 21 4 14 4 24 5 4 5 4 118 5 16 38 16 26 32 8 9 4 55 4 34 27 4 18 4 9 4 62 5 4 12 4 96 34 16 5 16 79 49 45 60 4 54 4 108 60 16 60 16 71 48 4 39 4 46 4 41 5 4 5 4 0 5 4 7 4 18 4 32 60 4 5 4 34 43 60 4 0 10 5 60 4 60 35 7 4 0 5 16 33 16 103 41 4 45 4 60 4 98 50 60 27 4 23 33 49 4 0 38 4 17 4 12 4 23 5 16 5 16 0 40 4 44 4 95 41 4 5 4 28 4 10 60 4 21 13 41 4 12 60 4 27 4 8 4 23 4 16 57 4 30 4 60 4 28 4 0 22 4 5 4 29 47 22 4 33 7 4 5 4 38 4 88 27 4 47 24 25 4 119 46 4 25 31 14 4 0 35 4 36 4 99 24 5 40 4 21 53 34 4 62 28 4 38 4 89 60 4 5 4 21 4 36 4 79 39 4 15 4 22 4 31 4 0 12 4 39 4 109 48 27 5 4 45 4 40 18 4 57 4 20 4 12 4 119 25 4 14 4 45 4 0 60 4 34 4 31 4 119 38 4 7 4 38 4 36 4 86 60 4 56 4 35 4 29 4 
iteration 858 best: 1.05378 leader: 1.05378 time: 571261
114 60 8 56 51 8 0 12 8 108 12 4 34 4 1 27 4 18 4 61 5 8 82 30 4 43 4 16 5 12 92 12 8 80 60 8 16 15 8 95 58 12 71 33 4 55 4 70 60 4 15 4 13 4 52 4 0 20 4 60 4 15 4 28 38 8 90 46 8 16 30 4 9 4 106 37 16 15 16 100 5 4 60 4 5 4 34 4 19 60 4 19 4 60 4 41 45 8 25 8 7 60 4 24 4 31 4 6 4 57 60 8 10 51 4 35 4 41 4 41 4 33 60 8 11 29 4 19 39 8 115 24 8 27 41 8 50 6 4 5 4 18 4 40 22 4 37 4 15 7 4 26 4 5 4 0 20 4 5 4 117 5 4 36 4 18 4 115 21 4 14 4 24 5 4 5 4 118 5 16 38 16 26 32 8 9 4 55 4 34 27 4 18 4 9 4 62 5 4 12 4 96 34 16 5 16 79 49 45 60 4 54 4 108 60 16 60 16 71 48 4 39 4 46 4 41 5 4 5 4 0 5 4 7 4 18 4 32 60 4 5 4 34 43 60 4 0 10 5 60 4 60 35 7 4 0 5 16 33 16 103 41 4 45 4 60 4 98 50 60 27 4 23 33 49 4 0 38 4 17 4 12 4 23 5 16 5 16 0 40 4 44 4 95 41 4 5 4 28 4 10 60 4 21 13 41 4 12 60 4 27 4 8 4 23 4 16 57 4 30 4 60 4 28 4 0 22 4 5 4 29 47 22 4 33 7 4 5 4 38 4 88 27 4 47 24 25 4 119 46 4 25 31 14 4 0 35 4 36 4 99 24 5 40 4 21 53 34 4 62 28 4 38 4 89 60 4 5 4 21 4 36 4 79 39 4 15 4 22 4 31 4 0 12 4 39 4 109 48 27 5 4 45 4 40 18 4 57 4 20 4 12 4 119 25 4 14 4 45 4 0 60 4 34 4 31 4 119 38 4 7 4 38 4 36 4 86 60 4 56 4 35 4 29 4 
iteration 869 best: 1.05378 leader: 1.05378 time: 578564
114 60 8 56 51 8 0 12 8 108 12 4 34 4 1 27 4 18 4 61 5 8 82 30 4 43 4 16 5 12 92 12 8 80 60 8 16 15 8 95 58 12 71 33 4 55 4 70 60 4 15 4 13 4 52 4 0 20 4 60 4 15 4 28 38 8 90 46 8 16 30 4 9 4 106 37 16 15 16 100 5 4 60 4 5 4 34 4 19 60 4 19 4 60 4 41 45 8 25 8 7 60 4 24 4 31 4 6 4 57 60 8 10 51 4 35 4 41 4 41 4 33 60 8 11 29 4 19 39 8 115 24 8 27 41 8 50 6 4 5 4 18 4 40 22 4 37 4 15 7 4 26 4 5 4 0 20 4 5 4 117 5 4 36 4 18 4 115 21 4 14 4 24 5 4 5 4 118 5 16 38 16 26 32 8 9 4 55 4 34 27 4 18 4 9 4 62 5 4 12 4 96 34 16 5 16 79 49 45 60 4 54 4 108 60 16 60 16 71 48 4 39 4 46 4 41 5 4 5 4 0 5 4 7 4 18 4 32 60 4 5 4 34 43 60 4 0 10 5 60 4 60 35 7 4 0 5 16 33 16 103 41 4 45 4 60 4 98 50 60 27 4 23 33 49 4 0 38 4 17 4 12 4 23 5 16 5 16 0 40 4 44 4 95 41 4 5 4 28 4 10 60 4 21 13 41 4 12 60 4 27 4 8 4 23 4 16 57 4 30 4 60 4 28 4 0 22 4 5 4 29 47 22 4 33 7 4 5 4 38 4 88 27 4 47 24 25 4 119 46 4 25 31 14 4 0 35 4 36 4 99 24 5 40 4 21 53 34 4 62 28 4 38 4 89 60 4 5 4 21 4 36 4 79 39 4 15 4 22 4 31 4 0 12 4 39 4 109 48 27 5 4 45 4 40 18 4 57 4 20 4 12 4 119 25 4 14 4 45 4 0 60 4 34 4 31 4 119 38 4 7 4 38 4 36 4 86 60 4 56 4 35 4 29 4 
iteration 880 best: 1.05378 leader: 1.05378 time: 585853
114 60 8 56 51 8 0 12 8 108 12 4 34 4 1 27 4 18 4 61 5 8 82 30 4 43 4 16 5 12 92 12 8 80 60 8 16 15 8 95 58 12 71 33 4 55 4 70 60 4 15 4 13 4 52 4 0 20 4 60 4 15 4 28 38 8 90 46 8 16 30 4 9 4 106 37 16 15 16 100 5 4 60 4 5 4 34 4 19 60 4 19 4 60 4 41 45 8 25 8 7 60 4 24 4 31 4 6 4 57 60 8 10 51 4 35 4 41 4 41 4 33 60 8 11 29 4 19 39 8 115 24 8 27 41 8 50 6 4 5 4 18 4 40 22 4 37 4 15 7 4 26 4 5 4 0 20 4 5 4 117 5 4 36 4 18 4 115 21 4 14 4 24 5 4 5 4 118 5 16 38 16 26 32 8 9 4 55 4 34 27 4 18 4 9 4 62 5 4 12 4 96 34 16 5 16 79 49 45 60 4 54 4 108 60 16 60 16 71 48 4 39 4 46 4 41 5 4 5 4 0 5 4 7 4 18 4 32 60 4 5 4 34 43 60 4 0 10 5 60 4 60 35 7 4 0 5 16 33 16 103 41 4 45 4 60 4 98 50 60 27 4 23 33 49 4 0 38 4 17 4 12 4 23 5 16 5 16 0 40 4 44 4 95 41 4 5 4 28 4 10 60 4 21 13 41 4 12 60 4 27 4 8 4 23 4 16 57 4 30 4 60 4 28 4 0 22 4 5 4 29 47 22 4 33 7 4 5 4 38 4 88 27 4 47 24 25 4 119 46 4 25 31 14 4 0 35 4 36 4 99 24 5 40 4 21 53 34 4 62 28 4 38 4 89 60 4 5 4 21 4 36 4 79 39 4 15 4 22 4 31 4 0 12 4 39 4 109 48 27 5 4 45 4 40 18 4 57 4 20 4 12 4 119 25 4 14 4 45 4 0 60 4 34 4 31 4 119 38 4 7 4 38 4 36 4 86 60 4 56 4 35 4 29 4 
iteration 891 best: 1.05378 leader: 1.05378 time: 593141
114 60 8 56 51 8 0 12 8 108 12 4 34 4 1 27 4 18 4 61 5 8 82 30 4 43 4 16 5 12 92 12 8 80 60 8 16 15 8 95 58 12 71 33 4 55 4 70 60 4 15 4 13 4 52 4 0 20 4 60 4 15 4 28 38 8 90 46 8 16 30 4 9 4 106 37 16 15 16 100 5 4 60 4 5 4 34 4 19 60 4 19 4 60 4 41 45 8 25 8 7 60 4 24 4 31 4 6 4 57 60 8 10 51 4 35 4 41 4 41 4 33 60 8 11 29 4 19 39 8 115 24 8 27 41 8 50 6 4 5 4 18 4 40 22 4 37 4 15 7 4 26 4 5 4 0 20 4 5 4 117 5 4 36 4 18 4 115 21 4 14 4 24 5 4 5 4 118 5 16 38 16 26 32 8 9 4 55 4 34 27 4 18 4 9 4 62 5 4 12 4 96 34 16 5 16 79 49 45 60 4 54 4 108 60 16 60 16 71 48 4 39 4 46 4 41 5 4 5 4 0 5 4 7 4 18 4 32 60 4 5 4 34 43 60 4 0 10 5 60 4 60 35 7 4 0 5 16 33 16 103 41 4 45 4 60 4 98 50 60 27 4 23 33 49 4 0 38 4 17 4 12 4 23 5 16 5 16 0 40 4 44 4 95 41 4 5 4 28 4 10 60 4 21 13 41 4 12 60 4 27 4 8 4 23 4 16 57 4 30 4 60 4 28 4 0 22 4 5 4 29 47 22 4 33 7 4 5 4 38 4 88 27 4 47 24 25 4 119 46 4 25 31 14 4 0 35 4 36 4 99 24 5 40 4 21 53 34 4 62 28 4 38 4 89 60 4 5 4 21 4 36 4 79 39 4 15 4 22 4 31 4 0 12 4 39 4 109 48 27 5 4 45 4 40 18 4 57 4 20 4 12 4 119 25 4 14 4 45 4 0 60 4 34 4 31 4 119 38 4 7 4 38 4 36 4 86 60 4 56 4 35 4 29 4 
iteration 902 best: 1.05378 leader: 1.05378 time: 600447
114 60 8 56 51 8 0 12 8 108 12 4 34 4 1 27 4 18 4 61 5 8 82 30 4 43 4 16 5 12 92 12 8 80 60 8 16 15 8 95 58 12 71 33 4 55 4 70 60 4 15 4 13 4 52 4 0 20 4 60 4 15 4 28 38 8 90 46 8 16 30 4 9 4 106 37 16 15 16 100 5 4 60 4 5 4 34 4 19 60 4 19 4 60 4 41 45 8 25 8 7 60 4 24 4 31 4 6 4 57 60 8 10 51 4 35 4 41 4 41 4 33 60 8 11 29 4 19 39 8 115 24 8 27 41 8 50 6 4 5 4 18 4 40 22 4 37 4 15 7 4 26 4 5 4 0 20 4 5 4 117 5 4 36 4 18 4 115 21 4 14 4 24 5 4 5 4 118 5 16 38 16 26 32 8 9 4 55 4 34 27 4 18 4 9 4 62 5 4 12 4 96 34 16 5 16 79 49 45 60 4 54 4 108 60 16 60 16 71 48 4 39 4 46 4 41 5 4 5 4 0 5 4 7 4 18 4 32 60 4 5 4 34 43 60 4 0 10 5 60 4 60 35 7 4 0 5 16 33 16 103 41 4 45 4 60 4 98 50 60 27 4 23 33 49 4 0 38 4 17 4 12 4 23 5 16 5 16 0 40 4 44 4 95 41 4 5 4 28 4 10 60 4 21 13 41 4 12 60 4 27 4 8 4 23 4 16 57 4 30 4 60 4 28 4 0 22 4 5 4 29 47 22 4 33 7 4 5 4 38 4 88 27 4 47 24 25 4 119 46 4 25 31 14 4 0 35 4 36 4 99 24 5 40 4 21 53 34 4 62 28 4 38 4 89 60 4 5 4 21 4 36 4 79 39 4 15 4 22 4 31 4 0 12 4 39 4 109 48 27 5 4 45 4 40 18 4 57 4 20 4 12 4 119 25 4 14 4 45 4 0 60 4 34 4 31 4 119 38 4 7 4 38 4 36 4 86 60 4 56 4 35 4 29 4 
Best solution: 
114 60 8 56 51 8 0 12 8 108 12 4 34 4 1 27 4 18 4 61 5 8 82 30 4 43 4 16 5 12 92 12 8 80 60 8 16 15 8 95 58 12 71 33 4 55 4 70 60 4 15 4 13 4 52 4 0 20 4 60 4 15 4 28 38 8 90 46 8 16 30 4 9 4 106 37 16 15 16 100 5 4 60 4 5 4 34 4 19 60 4 19 4 60 4 41 45 8 25 8 7 60 4 24 4 31 4 6 4 57 60 8 10 51 4 35 4 41 4 41 4 33 60 8 11 29 4 19 39 8 115 24 8 27 41 8 50 6 4 5 4 18 4 40 22 4 37 4 15 7 4 26 4 5 4 0 20 4 5 4 117 5 4 36 4 18 4 115 21 4 14 4 24 5 4 5 4 118 5 16 38 16 26 32 8 9 4 55 4 34 27 4 18 4 9 4 62 5 4 12 4 96 34 16 5 16 79 49 45 60 4 54 4 108 60 16 60 16 71 48 4 39 4 46 4 41 5 4 5 4 0 5 4 7 4 18 4 32 60 4 5 4 34 43 60 4 0 10 5 60 4 60 35 7 4 0 5 16 33 16 103 41 4 45 4 60 4 98 50 60 27 4 23 33 49 4 0 38 4 17 4 12 4 23 5 16 5 16 0 40 4 44 4 95 41 4 5 4 28 4 10 60 4 21 13 41 4 12 60 4 27 4 8 4 23 4 16 57 4 30 4 60 4 28 4 0 22 4 5 4 29 47 22 4 33 7 4 5 4 38 4 88 27 4 47 24 25 4 119 46 4 25 31 14 4 0 35 4 36 4 99 24 5 40 4 21 53 34 4 62 28 4 38 4 89 60 4 5 4 21 4 36 4 79 39 4 15 4 22 4 31 4 0 12 4 39 4 109 48 27 5 4 45 4 40 18 4 57 4 20 4 12 4 119 25 4 14 4 45 4 0 60 4 34 4 31 4 119 38 4 7 4 38 4 36 4 86 60 4 56 4 35 4 29 4 
Fitness: 1.05378
