iteration 15 best: 1.21745 leader: 1.21745 time: 7236
35 50 4 14 4 55 4 45 60 4 43 4 39 10 4 5 4 29 4 47 23 4 5 4 20 4 60 48 4 31 4 39 4 12 29 4 60 4 32 4 25 4 10 60 4 14 4 53 4 34 21 4 40 4 79 48 4 29 4 59 38 4 42 4 36 4 52 4 80 47 4 48 4 30 31 4 14 4 21 5 4 33 4 36 4 28 4 23 4 0 10 4 33 4 18 4 28 4 18 51 4 49 4 62 16 4 17 4 41 4 60 4 0 31 4 5 4 10 4 66 39 4 38 4 30 23 4 29 4 60 18 20 41 57 4 10 4 55 4 8 31 20 64 5 4 32 4 48 4 68 46 4 36 4 25 4 35 4 77 46 4 15 4 64 60 4 50 4 27 4 62 34 4 22 4 103 60 4 34 4 52 4 13 35 4 40 4 12 4 58 5 4 36 4 88 24 4 45 4 58 23 4 30 31 4 21 4 44 4 21 23 4 26 4 95 52 4 60 4 51 48 4 22 4 82 27 4 57 4 77 26 4 28 4 43 5 4 22 4 50 52 4 10 4 71 35 4 5 4 81 32 4 60 4 41 4 96 30 4 12 4 104 48 4 31 4 22 4 72 58 4 28 4 56 4 47 33 4 38 4 51 4 22 4 64 21 4 57 4 8 4 56 4 17 60 4 9 4 36 4 0 42 4 24 4 119 25 4 24 4 60 4 7 49 4 18 4 29 4 38 11 4 5 4 60 4 113 5 4 6 4 42 4 70 57 16 5 16 93 19 4 0 29 16 41 16 40 7 4 60 4 34 45 4 12 4 14 4 116 33 4 5 4 9 4 41 4 91 8 4 17 4 61 22 4 18 4 5 4 5 4 0 60 4 58 4 8 4 71 30 4 44 4 46 4 59 25 4 60 4 11 4 25 30 4 6 4 5 4 107 33 4 25 4 39 4 26 4 101 54 4 59 4 60 4 58 4 61 60 4 5 4 50 4 13 12 4 52 4 38 4 117 5 4 17 4 47 4 
iteration 30 best: 1.21745 leader: 1.21745 time: 14563
35 50 4 14 4 55 4 45 60 4 43 4 39 10 4 5 4 29 4 47 23 4 5 4 20 4 60 48 4 31 4 39 4 12 29 4 60 4 32 4 25 4 10 60 4 14 4 53 4 34 21 4 40 4 79 48 4 29 4 59 38 4 42 4 36 4 52 4 80 47 4 48 4 30 31 4 14 4 21 5 4 33 4 36 4 28 4 23 4 0 10 4 33 4 18 4 28 4 18 51 4 49 4 62 16 4 17 4 41 4 60 4 0 31 4 5 4 10 4 66 39 4 38 4 30 23 4 29 4 60 18 20 41 57 4 10 4 55 4 8 31 20 64 5 4 32 4 48 4 68 46 4 36 4 25 4 35 4 77 46 4 15 4 64 60 4 50 4 27 4 62 34 4 22 4 103 60 4 34 4 52 4 13 35 4 40 4 12 4 58 5 4 36 4 88 24 4 45 4 58 23 4 30 31 4 21 4 44 4 21 23 4 26 4 95 52 4 60 4 51 48 4 22 4 82 27 4 57 4 77 26 4 28 4 43 5 4 22 4 50 52 4 10 4 71 35 4 5 4 81 32 4 60 4 41 4 96 30 4 12 4 104 48 4 31 4 22 4 72 58 4 28 4 56 4 47 33 4 38 4 51 4 22 4 64 21 4 57 4 8 4 56 4 17 60 4 9 4 36 4 0 42 4 24 4 119 25 4 24 4 60 4 7 49 4 18 4 29 4 38 11 4 5 4 60 4 113 5 4 6 4 42 4 70 57 16 5 16 93 19 4 0 29 16 41 16 40 7 4 60 4 34 45 4 12 4 14 4 116 33 4 5 4 9 4 41 4 91 8 4 17 4 61 22 4 18 4 5 4 5 4 0 60 4 58 4 8 4 71 30 4 44 4 46 4 59 25 4 60 4 11 4 25 30 4 6 4 5 4 107 33 4 25 4 39 4 26 4 101 54 4 59 4 60 4 58 4 61 60 4 5 4 50 4 13 12 4 52 4 38 4 117 5 4 17 4 47 4 
iteration 45 best: 1.21745 leader: 1.21745 time: 21851
35 50 4 14 4 55 4 45 60 4 43 4 39 10 4 5 4 29 4 47 23 4 5 4 20 4 60 48 4 31 4 39 4 12 29 4 60 4 32 4 25 4 10 60 4 14 4 53 4 34 21 4 40 4 79 48 4 29 4 59 38 4 42 4 36 4 52 4 80 47 4 48 4 30 31 4 14 4 21 5 4 33 4 36 4 28 4 23 4 0 10 4 33 4 18 4 28 4 18 51 4 49 4 62 16 4 17 4 41 4 60 4 0 31 4 5 4 10 4 66 39 4 38 4 30 23 4 29 4 60 18 20 41 57 4 10 4 55 4 8 31 20 64 5 4 32 4 48 4 68 46 4 36 4 25 4 35 4 77 46 4 15 4 64 60 4 50 4 27 4 62 34 4 22 4 103 60 4 34 4 52 4 13 35 4 40 4 12 4 58 5 4 36 4 88 24 4 45 4 58 23 4 30 31 4 21 4 44 4 21 23 4 26 4 95 52 4 60 4 51 48 4 22 4 82 27 4 57 4 77 26 4 28 4 43 5 4 22 4 50 52 4 10 4 71 35 4 5 4 81 32 4 60 4 41 4 96 30 4 12 4 104 48 4 31 4 22 4 72 58 4 28 4 56 4 47 33 4 38 4 51 4 22 4 64 21 4 57 4 8 4 56 4 17 60 4 9 4 36 4 0 42 4 24 4 119 25 4 24 4 60 4 7 49 4 18 4 29 4 38 11 4 5 4 60 4 113 5 4 6 4 42 4 70 57 16 5 16 93 19 4 0 29 16 41 16 40 7 4 60 4 34 45 4 12 4 14 4 116 33 4 5 4 9 4 41 4 91 8 4 17 4 61 22 4 18 4 5 4 5 4 0 60 4 58 4 8 4 71 30 4 44 4 46 4 59 25 4 60 4 11 4 25 30 4 6 4 5 4 107 33 4 25 4 39 4 26 4 101 54 4 59 4 60 4 58 4 61 60 4 5 4 50 4 13 12 4 52 4 38 4 117 5 4 17 4 47 4 
iteration 60 best: 1.21745 leader: 1.21745 time: 29219
35 50 4 14 4 55 4 45 60 4 43 4 39 10 4 5 4 29 4 47 23 4 5 4 20 4 60 48 4 31 4 39 4 12 29 4 60 4 32 4 25 4 10 60 4 14 4 53 4 34 21 4 40 4 79 48 4 29 4 59 38 4 42 4 36 4 52 4 80 47 4 48 4 30 31 4 14 4 21 5 4 33 4 36 4 28 4 23 4 0 10 4 33 4 18 4 28 4 18 51 4 49 4 62 16 4 17 4 41 4 60 4 0 31 4 5 4 10 4 66 39 4 38 4 30 23 4 29 4 60 18 20 41 57 4 10 4 55 4 8 31 20 64 5 4 32 4 48 4 68 46 4 36 4 25 4 35 4 77 46 4 15 4 64 60 4 50 4 27 4 62 34 4 22 4 103 60 4 34 4 52 4 13 35 4 40 4 12 4 58 5 4 36 4 88 24 4 45 4 58 23 4 30 31 4 21 4 44 4 21 23 4 26 4 95 52 4 60 4 51 48 4 22 4 82 27 4 57 4 77 26 4 28 4 43 5 4 22 4 50 52 4 10 4 71 35 4 5 4 81 32 4 60 4 41 4 96 30 4 12 4 104 48 4 31 4 22 4 72 58 4 28 4 56 4 47 33 4 38 4 51 4 22 4 64 21 4 57 4 8 4 56 4 17 60 4 9 4 36 4 0 42 4 24 4 119 25 4 24 4 60 4 7 49 4 18 4 29 4 38 11 4 5 4 60 4 113 5 4 6 4 42 4 70 57 16 5 16 93 19 4 0 29 16 41 16 40 7 4 60 4 34 45 4 12 4 14 4 116 33 4 5 4 9 4 41 4 91 8 4 17 4 61 22 4 18 4 5 4 5 4 0 60 4 58 4 8 4 71 30 4 44 4 46 4 59 25 4 60 4 11 4 25 30 4 6 4 5 4 107 33 4 25 4 39 4 26 4 101 54 4 59 4 60 4 58 4 61 60 4 5 4 50 4 13 12 4 52 4 38 4 117 5 4 17 4 47 4 
iteration 75 best: 1.21745 leader: 1.21745 time: 36532
35 50 4 14 4 55 4 45 60 4 43 4 39 10 4 5 4 29 4 47 23 4 5 4 20 4 60 48 4 31 4 39 4 12 29 4 60 4 32 4 25 4 10 60 4 14 4 53 4 34 21 4 40 4 79 48 4 29 4 59 38 4 42 4 36 4 52 4 80 47 4 48 4 30 31 4 14 4 21 5 4 33 4 36 4 28 4 23 4 0 10 4 33 4 18 4 28 4 18 51 4 49 4 62 16 4 17 4 41 4 60 4 0 31 4 5 4 10 4 66 39 4 38 4 30 23 4 29 4 60 18 20 41 57 4 10 4 55 4 8 31 20 64 5 4 32 4 48 4 68 46 4 36 4 25 4 35 4 77 46 4 15 4 64 60 4 50 4 27 4 62 34 4 22 4 103 60 4 34 4 52 4 13 35 4 40 4 12 4 58 5 4 36 4 88 24 4 45 4 58 23 4 30 31 4 21 4 44 4 21 23 4 26 4 95 52 4 60 4 51 48 4 22 4 82 27 4 57 4 77 26 4 28 4 43 5 4 22 4 50 52 4 10 4 71 35 4 5 4 81 32 4 60 4 41 4 96 30 4 12 4 104 48 4 31 4 22 4 72 58 4 28 4 56 4 47 33 4 38 4 51 4 22 4 64 21 4 57 4 8 4 56 4 17 60 4 9 4 36 4 0 42 4 24 4 119 25 4 24 4 60 4 7 49 4 18 4 29 4 38 11 4 5 4 60 4 113 5 4 6 4 42 4 70 57 16 5 16 93 19 4 0 29 16 41 16 40 7 4 60 4 34 45 4 12 4 14 4 116 33 4 5 4 9 4 41 4 91 8 4 17 4 61 22 4 18 4 5 4 5 4 0 60 4 58 4 8 4 71 30 4 44 4 46 4 59 25 4 60 4 11 4 25 30 4 6 4 5 4 107 33 4 25 4 39 4 26 4 101 54 4 59 4 60 4 58 4 61 60 4 5 4 50 4 13 12 4 52 4 38 4 117 5 4 17 4 47 4 
iteration 90 best: 1.21745 leader: 1.21745 time: 43879
35 50 4 14 4 55 4 45 60 4 43 4 39 10 4 5 4 29 4 47 23 4 5 4 20 4 60 48 4 31 4 39 4 12 29 4 60 4 32 4 25 4 10 60 4 14 4 53 4 34 21 4 40 4 79 48 4 29 4 59 38 4 42 4 36 4 52 4 80 47 4 48 4 30 31 4 14 4 21 5 4 33 4 36 4 28 4 23 4 0 10 4 33 4 18 4 28 4 18 51 4 49 4 62 16 4 17 4 41 4 60 4 0 31 4 5 4 10 4 66 39 4 38 4 30 23 4 29 4 60 18 20 41 57 4 10 4 55 4 8 31 20 64 5 4 32 4 48 4 68 46 4 36 4 25 4 35 4 77 46 4 15 4 64 60 4 50 4 27 4 62 34 4 22 4 103 60 4 34 4 52 4 13 35 4 40 4 12 4 58 5 4 36 4 88 24 4 45 4 58 23 4 30 31 4 21 4 44 4 21 23 4 26 4 95 52 4 60 4 51 48 4 22 4 82 27 4 57 4 77 26 4 28 4 43 5 4 22 4 50 52 4 10 4 71 35 4 5 4 81 32 4 60 4 41 4 96 30 4 12 4 104 48 4 31 4 22 4 72 58 4 28 4 56 4 47 33 4 38 4 51 4 22 4 64 21 4 57 4 8 4 56 4 17 60 4 9 4 36 4 0 42 4 24 4 119 25 4 24 4 60 4 7 49 4 18 4 29 4 38 11 4 5 4 60 4 113 5 4 6 4 42 4 70 57 16 5 16 93 19 4 0 29 16 41 16 40 7 4 60 4 34 45 4 12 4 14 4 116 33 4 5 4 9 4 41 4 91 8 4 17 4 61 22 4 18 4 5 4 5 4 0 60 4 58 4 8 4 71 30 4 44 4 46 4 59 25 4 60 4 11 4 25 30 4 6 4 5 4 107 33 4 25 4 39 4 26 4 101 54 4 59 4 60 4 58 4 61 60 4 5 4 50 4 13 12 4 52 4 38 4 117 5 4 17 4 47 4 
iteration 105 best: 1.21745 leader: 1.21745 time: 51091
35 50 4 14 4 55 4 45 60 4 43 4 39 10 4 5 4 29 4 47 23 4 5 4 20 4 60 48 4 31 4 39 4 12 29 4 60 4 32 4 25 4 10 60 4 14 4 53 4 34 21 4 40 4 79 48 4 29 4 59 38 4 42 4 36 4 52 4 80 47 4 48 4 30 31 4 14 4 21 5 4 33 4 36 4 28 4 23 4 0 10 4 33 4 18 4 28 4 18 51 4 49 4 62 16 4 17 4 41 4 60 4 0 31 4 5 4 10 4 66 39 4 38 4 30 23 4 29 4 60 18 20 41 57 4 10 4 55 4 8 31 20 64 5 4 32 4 48 4 68 46 4 36 4 25 4 35 4 77 46 4 15 4 64 60 4 50 4 27 4 62 34 4 22 4 103 60 4 34 4 52 4 13 35 4 40 4 12 4 58 5 4 36 4 88 24 4 45 4 58 23 4 30 31 4 21 4 44 4 21 23 4 26 4 95 52 4 60 4 51 48 4 22 4 82 27 4 57 4 77 26 4 28 4 43 5 4 22 4 50 52 4 10 4 71 35 4 5 4 81 32 4 60 4 41 4 96 30 4 12 4 104 48 4 31 4 22 4 72 58 4 28 4 56 4 47 33 4 38 4 51 4 22 4 64 21 4 57 4 8 4 56 4 17 60 4 9 4 36 4 0 42 4 24 4 119 25 4 24 4 60 4 7 49 4 18 4 29 4 38 11 4 5 4 60 4 113 5 4 6 4 42 4 70 57 16 5 16 93 19 4 0 29 16 41 16 40 7 4 60 4 34 45 4 12 4 14 4 116 33 4 5 4 9 4 41 4 91 8 4 17 4 61 22 4 18 4 5 4 5 4 0 60 4 58 4 8 4 71 30 4 44 4 46 4 59 25 4 60 4 11 4 25 30 4 6 4 5 4 107 33 4 25 4 39 4 26 4 101 54 4 59 4 60 4 58 4 61 60 4 5 4 50 4 13 12 4 52 4 38 4 117 5 4 17 4 47 4 
iteration 121 best: 1.21745 leader: 1.21745 time: 58752
35 50 4 14 4 55 4 45 60 4 43 4 39 10 4 5 4 29 4 47 23 4 5 4 20 4 60 48 4 31 4 39 4 12 29 4 60 4 32 4 25 4 10 60 4 14 4 53 4 34 21 4 40 4 79 48 4 29 4 59 38 4 42 4 36 4 52 4 80 47 4 48 4 30 31 4 14 4 21 5 4 33 4 36 4 28 4 23 4 0 10 4 33 4 18 4 28 4 18 51 4 49 4 62 16 4 17 4 41 4 60 4 0 31 4 5 4 10 4 66 39 4 38 4 30 23 4 29 4 60 18 20 41 57 4 10 4 55 4 8 31 20 64 5 4 32 4 48 4 68 46 4 36 4 25 4 35 4 77 46 4 15 4 64 60 4 50 4 27 4 62 34 4 22 4 103 60 4 34 4 52 4 13 35 4 40 4 12 4 58 5 4 36 4 88 24 4 45 4 58 23 4 30 31 4 21 4 44 4 21 23 4 26 4 95 52 4 60 4 51 48 4 22 4 82 27 4 57 4 77 26 4 28 4 43 5 4 22 4 50 52 4 10 4 71 35 4 5 4 81 32 4 60 4 41 4 96 30 4 12 4 104 48 4 31 4 22 4 72 58 4 28 4 56 4 47 33 4 38 4 51 4 22 4 64 21 4 57 4 8 4 56 4 17 60 4 9 4 36 4 0 42 4 24 4 119 25 4 24 4 60 4 7 49 4 18 4 29 4 38 11 4 5 4 60 4 113 5 4 6 4 42 4 70 57 16 5 16 93 19 4 0 29 16 41 16 40 7 4 60 4 34 45 4 12 4 14 4 116 33 4 5 4 9 4 41 4 91 8 4 17 4 61 22 4 18 4 5 4 5 4 0 60 4 58 4 8 4 71 30 4 44 4 46 4 59 25 4 60 4 11 4 25 30 4 6 4 5 4 107 33 4 25 4 39 4 26 4 101 54 4 59 4 60 4 58 4 61 60 4 5 4 50 4 13 12 4 52 4 38 4 117 5 4 17 4 47 4 
iteration 137 best: 1.21745 leader: 1.21745 time: 66360
35 50 4 14 4 55 4 45 60 4 43 4 39 10 4 5 4 29 4 47 23 4 5 4 20 4 60 48 4 31 4 39 4 12 29 4 60 4 32 4 25 4 10 60 4 14 4 53 4 34 21 4 40 4 79 48 4 29 4 59 38 4 42 4 36 4 52 4 80 47 4 48 4 30 31 4 14 4 21 5 4 33 4 36 4 28 4 23 4 0 10 4 33 4 18 4 28 4 18 51 4 49 4 62 16 4 17 4 41 4 60 4 0 31 4 5 4 10 4 66 39 4 38 4 30 23 4 29 4 60 18 20 41 57 4 10 4 55 4 8 31 20 64 5 4 32 4 48 4 68 46 4 36 4 25 4 35 4 77 46 4 15 4 64 60 4 50 4 27 4 62 34 4 22 4 103 60 4 34 4 52 4 13 35 4 40 4 12 4 58 5 4 36 4 88 24 4 45 4 58 23 4 30 31 4 21 4 44 4 21 23 4 26 4 95 52 4 60 4 51 48 4 22 4 82 27 4 57 4 77 26 4 28 4 43 5 4 22 4 50 52 4 10 4 71 35 4 5 4 81 32 4 60 4 41 4 96 30 4 12 4 104 48 4 31 4 22 4 72 58 4 28 4 56 4 47 33 4 38 4 51 4 22 4 64 21 4 57 4 8 4 56 4 17 60 4 9 4 36 4 0 42 4 24 4 119 25 4 24 4 60 4 7 49 4 18 4 29 4 38 11 4 5 4 60 4 113 5 4 6 4 42 4 70 57 16 5 16 93 19 4 0 29 16 41 16 40 7 4 60 4 34 45 4 12 4 14 4 116 33 4 5 4 9 4 41 4 91 8 4 17 4 61 22 4 18 4 5 4 5 4 0 60 4 58 4 8 4 71 30 4 44 4 46 4 59 25 4 60 4 11 4 25 30 4 6 4 5 4 107 33 4 25 4 39 4 26 4 101 54 4 59 4 60 4 58 4 61 60 4 5 4 50 4 13 12 4 52 4 38 4 117 5 4 17 4 47 4 
iteration 153 best: 1.21745 leader: 1.21745 time: 74016
35 50 4 14 4 55 4 45 60 4 43 4 39 10 4 5 4 29 4 47 23 4 5 4 20 4 60 48 4 31 4 39 4 12 29 4 60 4 32 4 25 4 10 60 4 14 4 53 4 34 21 4 40 4 79 48 4 29 4 59 38 4 42 4 36 4 52 4 80 47 4 48 4 30 31 4 14 4 21 5 4 33 4 36 4 28 4 23 4 0 10 4 33 4 18 4 28 4 18 51 4 49 4 62 16 4 17 4 41 4 60 4 0 31 4 5 4 10 4 66 39 4 38 4 30 23 4 29 4 60 18 20 41 57 4 10 4 55 4 8 31 20 64 5 4 32 4 48 4 68 46 4 36 4 25 4 35 4 77 46 4 15 4 64 60 4 50 4 27 4 62 34 4 22 4 103 60 4 34 4 52 4 13 35 4 40 4 12 4 58 5 4 36 4 88 24 4 45 4 58 23 4 30 31 4 21 4 44 4 21 23 4 26 4 95 52 4 60 4 51 48 4 22 4 82 27 4 57 4 77 26 4 28 4 43 5 4 22 4 50 52 4 10 4 71 35 4 5 4 81 32 4 60 4 41 4 96 30 4 12 4 104 48 4 31 4 22 4 72 58 4 28 4 56 4 47 33 4 38 4 51 4 22 4 64 21 4 57 4 8 4 56 4 17 60 4 9 4 36 4 0 42 4 24 4 119 25 4 24 4 60 4 7 49 4 18 4 29 4 38 11 4 5 4 60 4 113 5 4 6 4 42 4 70 57 16 5 16 93 19 4 0 29 16 41 16 40 7 4 60 4 34 45 4 12 4 14 4 116 33 4 5 4 9 4 41 4 91 8 4 17 4 61 22 4 18 4 5 4 5 4 0 60 4 58 4 8 4 71 30 4 44 4 46 4 59 25 4 60 4 11 4 25 30 4 6 4 5 4 107 33 4 25 4 39 4 26 4 101 54 4 59 4 60 4 58 4 61 60 4 5 4 50 4 13 12 4 52 4 38 4 117 5 4 17 4 47 4 
iteration 169 best: 1.21745 leader: 1.21745 time: 81633
35 50 4 14 4 55 4 45 60 4 43 4 39 10 4 5 4 29 4 47 23 4 5 4 20 4 60 48 4 31 4 39 4 12 29 4 60 4 32 4 25 4 10 60 4 14 4 53 4 34 21 4 40 4 79 48 4 29 4 59 38 4 42 4 36 4 52 4 80 47 4 48 4 30 31 4 14 4 21 5 4 33 4 36 4 28 4 23 4 0 10 4 33 4 18 4 28 4 18 51 4 49 4 62 16 4 17 4 41 4 60 4 0 31 4 5 4 10 4 66 39 4 38 4 30 23 4 29 4 60 18 20 41 57 4 10 4 55 4 8 31 20 64 5 4 32 4 48 4 68 46 4 36 4 25 4 35 4 77 46 4 15 4 64 60 4 50 4 27 4 62 34 4 22 4 103 60 4 34 4 52 4 13 35 4 40 4 12 4 58 5 4 36 4 88 24 4 45 4 58 23 4 30 31 4 21 4 44 4 21 23 4 26 4 95 52 4 60 4 51 48 4 22 4 82 27 4 57 4 77 26 4 28 4 43 5 4 22 4 50 52 4 10 4 71 35 4 5 4 81 32 4 60 4 41 4 96 30 4 12 4 104 48 4 31 4 22 4 72 58 4 28 4 56 4 47 33 4 38 4 51 4 22 4 64 21 4 57 4 8 4 56 4 17 60 4 9 4 36 4 0 42 4 24 4 119 25 4 24 4 60 4 7 49 4 18 4 29 4 38 11 4 5 4 60 4 113 5 4 6 4 42 4 70 57 16 5 16 93 19 4 0 29 16 41 16 40 7 4 60 4 34 45 4 12 4 14 4 116 33 4 5 4 9 4 41 4 91 8 4 17 4 61 22 4 18 4 5 4 5 4 0 60 4 58 4 8 4 71 30 4 44 4 46 4 59 25 4 60 4 11 4 25 30 4 6 4 5 4 107 33 4 25 4 39 4 26 4 101 54 4 59 4 60 4 58 4 61 60 4 5 4 50 4 13 12 4 52 4 38 4 117 5 4 17 4 47 4 
iteration 185 best: 1.21745 leader: 1.21745 time: 89219
35 50 4 14 4 55 4 45 60 4 43 4 39 10 4 5 4 29 4 47 23 4 5 4 20 4 60 48 4 31 4 39 4 12 29 4 60 4 32 4 25 4 10 60 4 14 4 53 4 34 21 4 40 4 79 48 4 29 4 59 38 4 42 4 36 4 52 4 80 47 4 48 4 30 31 4 14 4 21 5 4 33 4 36 4 28 4 23 4 0 10 4 33 4 18 4 28 4 18 51 4 49 4 62 16 4 17 4 41 4 60 4 0 31 4 5 4 10 4 66 39 4 38 4 30 23 4 29 4 60 18 20 41 57 4 10 4 55 4 8 31 20 64 5 4 32 4 48 4 68 46 4 36 4 25 4 35 4 77 46 4 15 4 64 60 4 50 4 27 4 62 34 4 22 4 103 60 4 34 4 52 4 13 35 4 40 4 12 4 58 5 4 36 4 88 24 4 45 4 58 23 4 30 31 4 21 4 44 4 21 23 4 26 4 95 52 4 60 4 51 48 4 22 4 82 27 4 57 4 77 26 4 28 4 43 5 4 22 4 50 52 4 10 4 71 35 4 5 4 81 32 4 60 4 41 4 96 30 4 12 4 104 48 4 31 4 22 4 72 58 4 28 4 56 4 47 33 4 38 4 51 4 22 4 64 21 4 57 4 8 4 56 4 17 60 4 9 4 36 4 0 42 4 24 4 119 25 4 24 4 60 4 7 49 4 18 4 29 4 38 11 4 5 4 60 4 113 5 4 6 4 42 4 70 57 16 5 16 93 19 4 0 29 16 41 16 40 7 4 60 4 34 45 4 12 4 14 4 116 33 4 5 4 9 4 41 4 91 8 4 17 4 61 22 4 18 4 5 4 5 4 0 60 4 58 4 8 4 71 30 4 44 4 46 4 59 25 4 60 4 11 4 25 30 4 6 4 5 4 107 33 4 25 4 39 4 26 4 101 54 4 59 4 60 4 58 4 61 60 4 5 4 50 4 13 12 4 52 4 38 4 117 5 4 17 4 47 4 
iteration 201 best: 1.21745 leader: 1.21745 time: 96800
35 50 4 14 4 55 4 45 60 4 43 4 39 10 4 5 4 29 4 47 23 4 5 4 20 4 60 48 4 31 4 39 4 12 29 4 60 4 32 4 25 4 10 60 4 14 4 53 4 34 21 4 40 4 79 48 4 29 4 59 38 4 42 4 36 4 52 4 80 47 4 48 4 30 31 4 14 4 21 5 4 33 4 36 4 28 4 23 4 0 10 4 33 4 18 4 28 4 18 51 4 49 4 62 16 4 17 4 41 4 60 4 0 31 4 5 4 10 4 66 39 4 38 4 30 23 4 29 4 60 18 20 41 57 4 10 4 55 4 8 31 20 64 5 4 32 4 48 4 68 46 4 36 4 25 4 35 4 77 46 4 15 4 64 60 4 50 4 27 4 62 34 4 22 4 103 60 4 34 4 52 4 13 35 4 40 4 12 4 58 5 4 36 4 88 24 4 45 4 58 23 4 30 31 4 21 4 44 4 21 23 4 26 4 95 52 4 60 4 51 48 4 22 4 82 27 4 57 4 77 26 4 28 4 43 5 4 22 4 50 52 4 10 4 71 35 4 5 4 81 32 4 60 4 41 4 96 30 4 12 4 104 48 4 31 4 22 4 72 58 4 28 4 56 4 47 33 4 38 4 51 4 22 4 64 21 4 57 4 8 4 56 4 17 60 4 9 4 36 4 0 42 4 24 4 119 25 4 24 4 60 4 7 49 4 18 4 29 4 38 11 4 5 4 60 4 113 5 4 6 4 42 4 70 57 16 5 16 93 19 4 0 29 16 41 16 40 7 4 60 4 34 45 4 12 4 14 4 116 33 4 5 4 9 4 41 4 91 8 4 17 4 61 22 4 18 4 5 4 5 4 0 60 4 58 4 8 4 71 30 4 44 4 46 4 59 25 4 60 4 11 4 25 30 4 6 4 5 4 107 33 4 25 4 39 4 26 4 101 54 4 59 4 60 4 58 4 61 60 4 5 4 50 4 13 12 4 52 4 38 4 117 5 4 17 4 47 4 
iteration 217 best: 1.21745 leader: 1.21745 time: 104445
35 50 4 14 4 55 4 45 60 4 43 4 39 10 4 5 4 29 4 47 23 4 5 4 20 4 60 48 4 31 4 39 4 12 29 4 60 4 32 4 25 4 10 60 4 14 4 53 4 34 21 4 40 4 79 48 4 29 4 59 38 4 42 4 36 4 52 4 80 47 4 48 4 30 31 4 14 4 21 5 4 33 4 36 4 28 4 23 4 0 10 4 33 4 18 4 28 4 18 51 4 49 4 62 16 4 17 4 41 4 60 4 0 31 4 5 4 10 4 66 39 4 38 4 30 23 4 29 4 60 18 20 41 57 4 10 4 55 4 8 31 20 64 5 4 32 4 48 4 68 46 4 36 4 25 4 35 4 77 46 4 15 4 64 60 4 50 4 27 4 62 34 4 22 4 103 60 4 34 4 52 4 13 35 4 40 4 12 4 58 5 4 36 4 88 24 4 45 4 58 23 4 30 31 4 21 4 44 4 21 23 4 26 4 95 52 4 60 4 51 48 4 22 4 82 27 4 57 4 77 26 4 28 4 43 5 4 22 4 50 52 4 10 4 71 35 4 5 4 81 32 4 60 4 41 4 96 30 4 12 4 104 48 4 31 4 22 4 72 58 4 28 4 56 4 47 33 4 38 4 51 4 22 4 64 21 4 57 4 8 4 56 4 17 60 4 9 4 36 4 0 42 4 24 4 119 25 4 24 4 60 4 7 49 4 18 4 29 4 38 11 4 5 4 60 4 113 5 4 6 4 42 4 70 57 16 5 16 93 19 4 0 29 16 41 16 40 7 4 60 4 34 45 4 12 4 14 4 116 33 4 5 4 9 4 41 4 91 8 4 17 4 61 22 4 18 4 5 4 5 4 0 60 4 58 4 8 4 71 30 4 44 4 46 4 59 25 4 60 4 11 4 25 30 4 6 4 5 4 107 33 4 25 4 39 4 26 4 101 54 4 59 4 60 4 58 4 61 60 4 5 4 50 4 13 12 4 52 4 38 4 117 5 4 17 4 47 4 
iteration 233 best: 1.21745 leader: 1.21745 time: 112091
35 50 4 14 4 55 4 45 60 4 43 4 39 10 4 5 4 29 4 47 23 4 5 4 20 4 60 48 4 31 4 39 4 12 29 4 60 4 32 4 25 4 10 60 4 14 4 53 4 34 21 4 40 4 79 48 4 29 4 59 38 4 42 4 36 4 52 4 80 47 4 48 4 30 31 4 14 4 21 5 4 33 4 36 4 28 4 23 4 0 10 4 33 4 18 4 28 4 18 51 4 49 4 62 16 4 17 4 41 4 60 4 0 31 4 5 4 10 4 66 39 4 38 4 30 23 4 29 4 60 18 20 41 57 4 10 4 55 4 8 31 20 64 5 4 32 4 48 4 68 46 4 36 4 25 4 35 4 77 46 4 15 4 64 60 4 50 4 27 4 62 34 4 22 4 103 60 4 34 4 52 4 13 35 4 40 4 12 4 58 5 4 36 4 88 24 4 45 4 58 23 4 30 31 4 21 4 44 4 21 23 4 26 4 95 52 4 60 4 51 48 4 22 4 82 27 4 57 4 77 26 4 28 4 43 5 4 22 4 50 52 4 10 4 71 35 4 5 4 81 32 4 60 4 41 4 96 30 4 12 4 104 48 4 31 4 22 4 72 58 4 28 4 56 4 47 33 4 38 4 51 4 22 4 64 21 4 57 4 8 4 56 4 17 60 4 9 4 36 4 0 42 4 24 4 119 25 4 24 4 60 4 7 49 4 18 4 29 4 38 11 4 5 4 60 4 113 5 4 6 4 42 4 70 57 16 5 16 93 19 4 0 29 16 41 16 40 7 4 60 4 34 45 4 12 4 14 4 116 33 4 5 4 9 4 41 4 91 8 4 17 4 61 22 4 18 4 5 4 5 4 0 60 4 58 4 8 4 71 30 4 44 4 46 4 59 25 4 60 4 11 4 25 30 4 6 4 5 4 107 33 4 25 4 39 4 26 4 101 54 4 59 4 60 4 58 4 61 60 4 5 4 50 4 13 12 4 52 4 38 4 117 5 4 17 4 47 4 
iteration 249 best: 1.21745 leader: 1.21745 time: 119714
35 50 4 14 4 55 4 45 60 4 43 4 39 10 4 5 4 29 4 47 23 4 5 4 20 4 60 48 4 31 4 39 4 12 29 4 60 4 32 4 25 4 10 60 4 14 4 53 4 34 21 4 40 4 79 48 4 29 4 59 38 4 42 4 36 4 52 4 80 47 4 48 4 30 31 4 14 4 21 5 4 33 4 36 4 28 4 23 4 0 10 4 33 4 18 4 28 4 18 51 4 49 4 62 16 4 17 4 41 4 60 4 0 31 4 5 4 10 4 66 39 4 38 4 30 23 4 29 4 60 18 20 41 57 4 10 4 55 4 8 31 20 64 5 4 32 4 48 4 68 46 4 36 4 25 4 35 4 77 46 4 15 4 64 60 4 50 4 27 4 62 34 4 22 4 103 60 4 34 4 52 4 13 35 4 40 4 12 4 58 5 4 36 4 88 24 4 45 4 58 23 4 30 31 4 21 4 44 4 21 23 4 26 4 95 52 4 60 4 51 48 4 22 4 82 27 4 57 4 77 26 4 28 4 43 5 4 22 4 50 52 4 10 4 71 35 4 5 4 81 32 4 60 4 41 4 96 30 4 12 4 104 48 4 31 4 22 4 72 58 4 28 4 56 4 47 33 4 38 4 51 4 22 4 64 21 4 57 4 8 4 56 4 17 60 4 9 4 36 4 0 42 4 24 4 119 25 4 24 4 60 4 7 49 4 18 4 29 4 38 11 4 5 4 60 4 113 5 4 6 4 42 4 70 57 16 5 16 93 19 4 0 29 16 41 16 40 7 4 60 4 34 45 4 12 4 14 4 116 33 4 5 4 9 4 41 4 91 8 4 17 4 61 22 4 18 4 5 4 5 4 0 60 4 58 4 8 4 71 30 4 44 4 46 4 59 25 4 60 4 11 4 25 30 4 6 4 5 4 107 33 4 25 4 39 4 26 4 101 54 4 59 4 60 4 58 4 61 60 4 5 4 50 4 13 12 4 52 4 38 4 117 5 4 17 4 47 4 
iteration 265 best: 1.21745 leader: 1.21745 time: 127343
35 50 4 14 4 55 4 45 60 4 43 4 39 10 4 5 4 29 4 47 23 4 5 4 20 4 60 48 4 31 4 39 4 12 29 4 60 4 32 4 25 4 10 60 4 14 4 53 4 34 21 4 40 4 79 48 4 29 4 59 38 4 42 4 36 4 52 4 80 47 4 48 4 30 31 4 14 4 21 5 4 33 4 36 4 28 4 23 4 0 10 4 33 4 18 4 28 4 18 51 4 49 4 62 16 4 17 4 41 4 60 4 0 31 4 5 4 10 4 66 39 4 38 4 30 23 4 29 4 60 18 20 41 57 4 10 4 55 4 8 31 20 64 5 4 32 4 48 4 68 46 4 36 4 25 4 35 4 77 46 4 15 4 64 60 4 50 4 27 4 62 34 4 22 4 103 60 4 34 4 52 4 13 35 4 40 4 12 4 58 5 4 36 4 88 24 4 45 4 58 23 4 30 31 4 21 4 44 4 21 23 4 26 4 95 52 4 60 4 51 48 4 22 4 82 27 4 57 4 77 26 4 28 4 43 5 4 22 4 50 52 4 10 4 71 35 4 5 4 81 32 4 60 4 41 4 96 30 4 12 4 104 48 4 31 4 22 4 72 58 4 28 4 56 4 47 33 4 38 4 51 4 22 4 64 21 4 57 4 8 4 56 4 17 60 4 9 4 36 4 0 42 4 24 4 119 25 4 24 4 60 4 7 49 4 18 4 29 4 38 11 4 5 4 60 4 113 5 4 6 4 42 4 70 57 16 5 16 93 19 4 0 29 16 41 16 40 7 4 60 4 34 45 4 12 4 14 4 116 33 4 5 4 9 4 41 4 91 8 4 17 4 61 22 4 18 4 5 4 5 4 0 60 4 58 4 8 4 71 30 4 44 4 46 4 59 25 4 60 4 11 4 25 30 4 6 4 5 4 107 33 4 25 4 39 4 26 4 101 54 4 59 4 60 4 58 4 61 60 4 5 4 50 4 13 12 4 52 4 38 4 117 5 4 17 4 47 4 
iteration 281 best: 1.21745 leader: 1.21745 time: 134972
35 50 4 14 4 55 4 45 60 4 43 4 39 10 4 5 4 29 4 47 23 4 5 4 20 4 60 48 4 31 4 39 4 12 29 4 60 4 32 4 25 4 10 60 4 14 4 53 4 34 21 4 40 4 79 48 4 29 4 59 38 4 42 4 36 4 52 4 80 47 4 48 4 30 31 4 14 4 21 5 4 33 4 36 4 28 4 23 4 0 10 4 33 4 18 4 28 4 18 51 4 49 4 62 16 4 17 4 41 4 60 4 0 31 4 5 4 10 4 66 39 4 38 4 30 23 4 29 4 60 18 20 41 57 4 10 4 55 4 8 31 20 64 5 4 32 4 48 4 68 46 4 36 4 25 4 35 4 77 46 4 15 4 64 60 4 50 4 27 4 62 34 4 22 4 103 60 4 34 4 52 4 13 35 4 40 4 12 4 58 5 4 36 4 88 24 4 45 4 58 23 4 30 31 4 21 4 44 4 21 23 4 26 4 95 52 4 60 4 51 48 4 22 4 82 27 4 57 4 77 26 4 28 4 43 5 4 22 4 50 52 4 10 4 71 35 4 5 4 81 32 4 60 4 41 4 96 30 4 12 4 104 48 4 31 4 22 4 72 58 4 28 4 56 4 47 33 4 38 4 51 4 22 4 64 21 4 57 4 8 4 56 4 17 60 4 9 4 36 4 0 42 4 24 4 119 25 4 24 4 60 4 7 49 4 18 4 29 4 38 11 4 5 4 60 4 113 5 4 6 4 42 4 70 57 16 5 16 93 19 4 0 29 16 41 16 40 7 4 60 4 34 45 4 12 4 14 4 116 33 4 5 4 9 4 41 4 91 8 4 17 4 61 22 4 18 4 5 4 5 4 0 60 4 58 4 8 4 71 30 4 44 4 46 4 59 25 4 60 4 11 4 25 30 4 6 4 5 4 107 33 4 25 4 39 4 26 4 101 54 4 59 4 60 4 58 4 61 60 4 5 4 50 4 13 12 4 52 4 38 4 117 5 4 17 4 47 4 
iteration 297 best: 1.21745 leader: 1.21745 time: 142603
35 50 4 14 4 55 4 45 60 4 43 4 39 10 4 5 4 29 4 47 23 4 5 4 20 4 60 48 4 31 4 39 4 12 29 4 60 4 32 4 25 4 10 60 4 14 4 53 4 34 21 4 40 4 79 48 4 29 4 59 38 4 42 4 36 4 52 4 80 47 4 48 4 30 31 4 14 4 21 5 4 33 4 36 4 28 4 23 4 0 10 4 33 4 18 4 28 4 18 51 4 49 4 62 16 4 17 4 41 4 60 4 0 31 4 5 4 10 4 66 39 4 38 4 30 23 4 29 4 60 18 20 41 57 4 10 4 55 4 8 31 20 64 5 4 32 4 48 4 68 46 4 36 4 25 4 35 4 77 46 4 15 4 64 60 4 50 4 27 4 62 34 4 22 4 103 60 4 34 4 52 4 13 35 4 40 4 12 4 58 5 4 36 4 88 24 4 45 4 58 23 4 30 31 4 21 4 44 4 21 23 4 26 4 95 52 4 60 4 51 48 4 22 4 82 27 4 57 4 77 26 4 28 4 43 5 4 22 4 50 52 4 10 4 71 35 4 5 4 81 32 4 60 4 41 4 96 30 4 12 4 104 48 4 31 4 22 4 72 58 4 28 4 56 4 47 33 4 38 4 51 4 22 4 64 21 4 57 4 8 4 56 4 17 60 4 9 4 36 4 0 42 4 24 4 119 25 4 24 4 60 4 7 49 4 18 4 29 4 38 11 4 5 4 60 4 113 5 4 6 4 42 4 70 57 16 5 16 93 19 4 0 29 16 41 16 40 7 4 60 4 34 45 4 12 4 14 4 116 33 4 5 4 9 4 41 4 91 8 4 17 4 61 22 4 18 4 5 4 5 4 0 60 4 58 4 8 4 71 30 4 44 4 46 4 59 25 4 60 4 11 4 25 30 4 6 4 5 4 107 33 4 25 4 39 4 26 4 101 54 4 59 4 60 4 58 4 61 60 4 5 4 50 4 13 12 4 52 4 38 4 117 5 4 17 4 47 4 
iteration 313 best: 1.21745 leader: 1.21745 time: 150259
35 50 4 14 4 55 4 45 60 4 43 4 39 10 4 5 4 29 4 47 23 4 5 4 20 4 60 48 4 31 4 39 4 12 29 4 60 4 32 4 25 4 10 60 4 14 4 53 4 34 21 4 40 4 79 48 4 29 4 59 38 4 42 4 36 4 52 4 80 47 4 48 4 30 31 4 14 4 21 5 4 33 4 36 4 28 4 23 4 0 10 4 33 4 18 4 28 4 18 51 4 49 4 62 16 4 17 4 41 4 60 4 0 31 4 5 4 10 4 66 39 4 38 4 30 23 4 29 4 60 18 20 41 57 4 10 4 55 4 8 31 20 64 5 4 32 4 48 4 68 46 4 36 4 25 4 35 4 77 46 4 15 4 64 60 4 50 4 27 4 62 34 4 22 4 103 60 4 34 4 52 4 13 35 4 40 4 12 4 58 5 4 36 4 88 24 4 45 4 58 23 4 30 31 4 21 4 44 4 21 23 4 26 4 95 52 4 60 4 51 48 4 22 4 82 27 4 57 4 77 26 4 28 4 43 5 4 22 4 50 52 4 10 4 71 35 4 5 4 81 32 4 60 4 41 4 96 30 4 12 4 104 48 4 31 4 22 4 72 58 4 28 4 56 4 47 33 4 38 4 51 4 22 4 64 21 4 57 4 8 4 56 4 17 60 4 9 4 36 4 0 42 4 24 4 119 25 4 24 4 60 4 7 49 4 18 4 29 4 38 11 4 5 4 60 4 113 5 4 6 4 42 4 70 57 16 5 16 93 19 4 0 29 16 41 16 40 7 4 60 4 34 45 4 12 4 14 4 116 33 4 5 4 9 4 41 4 91 8 4 17 4 61 22 4 18 4 5 4 5 4 0 60 4 58 4 8 4 71 30 4 44 4 46 4 59 25 4 60 4 11 4 25 30 4 6 4 5 4 107 33 4 25 4 39 4 26 4 101 54 4 59 4 60 4 58 4 61 60 4 5 4 50 4 13 12 4 52 4 38 4 117 5 4 17 4 47 4 
iteration 329 best: 1.21745 leader: 1.21745 time: 157875
35 50 4 14 4 55 4 45 60 4 43 4 39 10 4 5 4 29 4 47 23 4 5 4 20 4 60 48 4 31 4 39 4 12 29 4 60 4 32 4 25 4 10 60 4 14 4 53 4 34 21 4 40 4 79 48 4 29 4 59 38 4 42 4 36 4 52 4 80 47 4 48 4 30 31 4 14 4 21 5 4 33 4 36 4 28 4 23 4 0 10 4 33 4 18 4 28 4 18 51 4 49 4 62 16 4 17 4 41 4 60 4 0 31 4 5 4 10 4 66 39 4 38 4 30 23 4 29 4 60 18 20 41 57 4 10 4 55 4 8 31 20 64 5 4 32 4 48 4 68 46 4 36 4 25 4 35 4 77 46 4 15 4 64 60 4 50 4 27 4 62 34 4 22 4 103 60 4 34 4 52 4 13 35 4 40 4 12 4 58 5 4 36 4 88 24 4 45 4 58 23 4 30 31 4 21 4 44 4 21 23 4 26 4 95 52 4 60 4 51 48 4 22 4 82 27 4 57 4 77 26 4 28 4 43 5 4 22 4 50 52 4 10 4 71 35 4 5 4 81 32 4 60 4 41 4 96 30 4 12 4 104 48 4 31 4 22 4 72 58 4 28 4 56 4 47 33 4 38 4 51 4 22 4 64 21 4 57 4 8 4 56 4 17 60 4 9 4 36 4 0 42 4 24 4 119 25 4 24 4 60 4 7 49 4 18 4 29 4 38 11 4 5 4 60 4 113 5 4 6 4 42 4 70 57 16 5 16 93 19 4 0 29 16 41 16 40 7 4 60 4 34 45 4 12 4 14 4 116 33 4 5 4 9 4 41 4 91 8 4 17 4 61 22 4 18 4 5 4 5 4 0 60 4 58 4 8 4 71 30 4 44 4 46 4 59 25 4 60 4 11 4 25 30 4 6 4 5 4 107 33 4 25 4 39 4 26 4 101 54 4 59 4 60 4 58 4 61 60 4 5 4 50 4 13 12 4 52 4 38 4 117 5 4 17 4 47 4 
iteration 344 best: 1.21745 leader: 1.21745 time: 165334
35 50 4 14 4 55 4 45 60 4 43 4 39 10 4 5 4 29 4 47 23 4 5 4 20 4 60 48 4 31 4 39 4 12 29 4 60 4 32 4 25 4 10 60 4 14 4 53 4 34 21 4 40 4 79 48 4 29 4 59 38 4 42 4 36 4 52 4 80 47 4 48 4 30 31 4 14 4 21 5 4 33 4 36 4 28 4 23 4 0 10 4 33 4 18 4 28 4 18 51 4 49 4 62 16 4 17 4 41 4 60 4 0 31 4 5 4 10 4 66 39 4 38 4 30 23 4 29 4 60 18 20 41 57 4 10 4 55 4 8 31 20 64 5 4 32 4 48 4 68 46 4 36 4 25 4 35 4 77 46 4 15 4 64 60 4 50 4 27 4 62 34 4 22 4 103 60 4 34 4 52 4 13 35 4 40 4 12 4 58 5 4 36 4 88 24 4 45 4 58 23 4 30 31 4 21 4 44 4 21 23 4 26 4 95 52 4 60 4 51 48 4 22 4 82 27 4 57 4 77 26 4 28 4 43 5 4 22 4 50 52 4 10 4 71 35 4 5 4 81 32 4 60 4 41 4 96 30 4 12 4 104 48 4 31 4 22 4 72 58 4 28 4 56 4 47 33 4 38 4 51 4 22 4 64 21 4 57 4 8 4 56 4 17 60 4 9 4 36 4 0 42 4 24 4 119 25 4 24 4 60 4 7 49 4 18 4 29 4 38 11 4 5 4 60 4 113 5 4 6 4 42 4 70 57 16 5 16 93 19 4 0 29 16 41 16 40 7 4 60 4 34 45 4 12 4 14 4 116 33 4 5 4 9 4 41 4 91 8 4 17 4 61 22 4 18 4 5 4 5 4 0 60 4 58 4 8 4 71 30 4 44 4 46 4 59 25 4 60 4 11 4 25 30 4 6 4 5 4 107 33 4 25 4 39 4 26 4 101 54 4 59 4 60 4 58 4 61 60 4 5 4 50 4 13 12 4 52 4 38 4 117 5 4 17 4 47 4 
iteration 360 best: 1.21745 leader: 1.21745 time: 172980
35 50 4 14 4 55 4 45 60 4 43 4 39 10 4 5 4 29 4 47 23 4 5 4 20 4 60 48 4 31 4 39 4 12 29 4 60 4 32 4 25 4 10 60 4 14 4 53 4 34 21 4 40 4 79 48 4 29 4 59 38 4 42 4 36 4 52 4 80 47 4 48 4 30 31 4 14 4 21 5 4 33 4 36 4 28 4 23 4 0 10 4 33 4 18 4 28 4 18 51 4 49 4 62 16 4 17 4 41 4 60 4 0 31 4 5 4 10 4 66 39 4 38 4 30 23 4 29 4 60 18 20 41 57 4 10 4 55 4 8 31 20 64 5 4 32 4 48 4 68 46 4 36 4 25 4 35 4 77 46 4 15 4 64 60 4 50 4 27 4 62 34 4 22 4 103 60 4 34 4 52 4 13 35 4 40 4 12 4 58 5 4 36 4 88 24 4 45 4 58 23 4 30 31 4 21 4 44 4 21 23 4 26 4 95 52 4 60 4 51 48 4 22 4 82 27 4 57 4 77 26 4 28 4 43 5 4 22 4 50 52 4 10 4 71 35 4 5 4 81 32 4 60 4 41 4 96 30 4 12 4 104 48 4 31 4 22 4 72 58 4 28 4 56 4 47 33 4 38 4 51 4 22 4 64 21 4 57 4 8 4 56 4 17 60 4 9 4 36 4 0 42 4 24 4 119 25 4 24 4 60 4 7 49 4 18 4 29 4 38 11 4 5 4 60 4 113 5 4 6 4 42 4 70 57 16 5 16 93 19 4 0 29 16 41 16 40 7 4 60 4 34 45 4 12 4 14 4 116 33 4 5 4 9 4 41 4 91 8 4 17 4 61 22 4 18 4 5 4 5 4 0 60 4 58 4 8 4 71 30 4 44 4 46 4 59 25 4 60 4 11 4 25 30 4 6 4 5 4 107 33 4 25 4 39 4 26 4 101 54 4 59 4 60 4 58 4 61 60 4 5 4 50 4 13 12 4 52 4 38 4 117 5 4 17 4 47 4 
iteration 376 best: 1.21745 leader: 1.21745 time: 180587
35 50 4 14 4 55 4 45 60 4 43 4 39 10 4 5 4 29 4 47 23 4 5 4 20 4 60 48 4 31 4 39 4 12 29 4 60 4 32 4 25 4 10 60 4 14 4 53 4 34 21 4 40 4 79 48 4 29 4 59 38 4 42 4 36 4 52 4 80 47 4 48 4 30 31 4 14 4 21 5 4 33 4 36 4 28 4 23 4 0 10 4 33 4 18 4 28 4 18 51 4 49 4 62 16 4 17 4 41 4 60 4 0 31 4 5 4 10 4 66 39 4 38 4 30 23 4 29 4 60 18 20 41 57 4 10 4 55 4 8 31 20 64 5 4 32 4 48 4 68 46 4 36 4 25 4 35 4 77 46 4 15 4 64 60 4 50 4 27 4 62 34 4 22 4 103 60 4 34 4 52 4 13 35 4 40 4 12 4 58 5 4 36 4 88 24 4 45 4 58 23 4 30 31 4 21 4 44 4 21 23 4 26 4 95 52 4 60 4 51 48 4 22 4 82 27 4 57 4 77 26 4 28 4 43 5 4 22 4 50 52 4 10 4 71 35 4 5 4 81 32 4 60 4 41 4 96 30 4 12 4 104 48 4 31 4 22 4 72 58 4 28 4 56 4 47 33 4 38 4 51 4 22 4 64 21 4 57 4 8 4 56 4 17 60 4 9 4 36 4 0 42 4 24 4 119 25 4 24 4 60 4 7 49 4 18 4 29 4 38 11 4 5 4 60 4 113 5 4 6 4 42 4 70 57 16 5 16 93 19 4 0 29 16 41 16 40 7 4 60 4 34 45 4 12 4 14 4 116 33 4 5 4 9 4 41 4 91 8 4 17 4 61 22 4 18 4 5 4 5 4 0 60 4 58 4 8 4 71 30 4 44 4 46 4 59 25 4 60 4 11 4 25 30 4 6 4 5 4 107 33 4 25 4 39 4 26 4 101 54 4 59 4 60 4 58 4 61 60 4 5 4 50 4 13 12 4 52 4 38 4 117 5 4 17 4 47 4 
iteration 391 best: 1.21745 leader: 1.21745 time: 187835
35 50 4 14 4 55 4 45 60 4 43 4 39 10 4 5 4 29 4 47 23 4 5 4 20 4 60 48 4 31 4 39 4 12 29 4 60 4 32 4 25 4 10 60 4 14 4 53 4 34 21 4 40 4 79 48 4 29 4 59 38 4 42 4 36 4 52 4 80 47 4 48 4 30 31 4 14 4 21 5 4 33 4 36 4 28 4 23 4 0 10 4 33 4 18 4 28 4 18 51 4 49 4 62 16 4 17 4 41 4 60 4 0 31 4 5 4 10 4 66 39 4 38 4 30 23 4 29 4 60 18 20 41 57 4 10 4 55 4 8 31 20 64 5 4 32 4 48 4 68 46 4 36 4 25 4 35 4 77 46 4 15 4 64 60 4 50 4 27 4 62 34 4 22 4 103 60 4 34 4 52 4 13 35 4 40 4 12 4 58 5 4 36 4 88 24 4 45 4 58 23 4 30 31 4 21 4 44 4 21 23 4 26 4 95 52 4 60 4 51 48 4 22 4 82 27 4 57 4 77 26 4 28 4 43 5 4 22 4 50 52 4 10 4 71 35 4 5 4 81 32 4 60 4 41 4 96 30 4 12 4 104 48 4 31 4 22 4 72 58 4 28 4 56 4 47 33 4 38 4 51 4 22 4 64 21 4 57 4 8 4 56 4 17 60 4 9 4 36 4 0 42 4 24 4 119 25 4 24 4 60 4 7 49 4 18 4 29 4 38 11 4 5 4 60 4 113 5 4 6 4 42 4 70 57 16 5 16 93 19 4 0 29 16 41 16 40 7 4 60 4 34 45 4 12 4 14 4 116 33 4 5 4 9 4 41 4 91 8 4 17 4 61 22 4 18 4 5 4 5 4 0 60 4 58 4 8 4 71 30 4 44 4 46 4 59 25 4 60 4 11 4 25 30 4 6 4 5 4 107 33 4 25 4 39 4 26 4 101 54 4 59 4 60 4 58 4 61 60 4 5 4 50 4 13 12 4 52 4 38 4 117 5 4 17 4 47 4 
iteration 407 best: 1.21745 leader: 1.21745 time: 195428
35 50 4 14 4 55 4 45 60 4 43 4 39 10 4 5 4 29 4 47 23 4 5 4 20 4 60 48 4 31 4 39 4 12 29 4 60 4 32 4 25 4 10 60 4 14 4 53 4 34 21 4 40 4 79 48 4 29 4 59 38 4 42 4 36 4 52 4 80 47 4 48 4 30 31 4 14 4 21 5 4 33 4 36 4 28 4 23 4 0 10 4 33 4 18 4 28 4 18 51 4 49 4 62 16 4 17 4 41 4 60 4 0 31 4 5 4 10 4 66 39 4 38 4 30 23 4 29 4 60 18 20 41 57 4 10 4 55 4 8 31 20 64 5 4 32 4 48 4 68 46 4 36 4 25 4 35 4 77 46 4 15 4 64 60 4 50 4 27 4 62 34 4 22 4 103 60 4 34 4 52 4 13 35 4 40 4 12 4 58 5 4 36 4 88 24 4 45 4 58 23 4 30 31 4 21 4 44 4 21 23 4 26 4 95 52 4 60 4 51 48 4 22 4 82 27 4 57 4 77 26 4 28 4 43 5 4 22 4 50 52 4 10 4 71 35 4 5 4 81 32 4 60 4 41 4 96 30 4 12 4 104 48 4 31 4 22 4 72 58 4 28 4 56 4 47 33 4 38 4 51 4 22 4 64 21 4 57 4 8 4 56 4 17 60 4 9 4 36 4 0 42 4 24 4 119 25 4 24 4 60 4 7 49 4 18 4 29 4 38 11 4 5 4 60 4 113 5 4 6 4 42 4 70 57 16 5 16 93 19 4 0 29 16 41 16 40 7 4 60 4 34 45 4 12 4 14 4 116 33 4 5 4 9 4 41 4 91 8 4 17 4 61 22 4 18 4 5 4 5 4 0 60 4 58 4 8 4 71 30 4 44 4 46 4 59 25 4 60 4 11 4 25 30 4 6 4 5 4 107 33 4 25 4 39 4 26 4 101 54 4 59 4 60 4 58 4 61 60 4 5 4 50 4 13 12 4 52 4 38 4 117 5 4 17 4 47 4 
iteration 423 best: 1.21745 leader: 1.21745 time: 203025
35 50 4 14 4 55 4 45 60 4 43 4 39 10 4 5 4 29 4 47 23 4 5 4 20 4 60 48 4 31 4 39 4 12 29 4 60 4 32 4 25 4 10 60 4 14 4 53 4 34 21 4 40 4 79 48 4 29 4 59 38 4 42 4 36 4 52 4 80 47 4 48 4 30 31 4 14 4 21 5 4 33 4 36 4 28 4 23 4 0 10 4 33 4 18 4 28 4 18 51 4 49 4 62 16 4 17 4 41 4 60 4 0 31 4 5 4 10 4 66 39 4 38 4 30 23 4 29 4 60 18 20 41 57 4 10 4 55 4 8 31 20 64 5 4 32 4 48 4 68 46 4 36 4 25 4 35 4 77 46 4 15 4 64 60 4 50 4 27 4 62 34 4 22 4 103 60 4 34 4 52 4 13 35 4 40 4 12 4 58 5 4 36 4 88 24 4 45 4 58 23 4 30 31 4 21 4 44 4 21 23 4 26 4 95 52 4 60 4 51 48 4 22 4 82 27 4 57 4 77 26 4 28 4 43 5 4 22 4 50 52 4 10 4 71 35 4 5 4 81 32 4 60 4 41 4 96 30 4 12 4 104 48 4 31 4 22 4 72 58 4 28 4 56 4 47 33 4 38 4 51 4 22 4 64 21 4 57 4 8 4 56 4 17 60 4 9 4 36 4 0 42 4 24 4 119 25 4 24 4 60 4 7 49 4 18 4 29 4 38 11 4 5 4 60 4 113 5 4 6 4 42 4 70 57 16 5 16 93 19 4 0 29 16 41 16 40 7 4 60 4 34 45 4 12 4 14 4 116 33 4 5 4 9 4 41 4 91 8 4 17 4 61 22 4 18 4 5 4 5 4 0 60 4 58 4 8 4 71 30 4 44 4 46 4 59 25 4 60 4 11 4 25 30 4 6 4 5 4 107 33 4 25 4 39 4 26 4 101 54 4 59 4 60 4 58 4 61 60 4 5 4 50 4 13 12 4 52 4 38 4 117 5 4 17 4 47 4 
iteration 439 best: 1.21745 leader: 1.21745 time: 210625
35 50 4 14 4 55 4 45 60 4 43 4 39 10 4 5 4 29 4 47 23 4 5 4 20 4 60 48 4 31 4 39 4 12 29 4 60 4 32 4 25 4 10 60 4 14 4 53 4 34 21 4 40 4 79 48 4 29 4 59 38 4 42 4 36 4 52 4 80 47 4 48 4 30 31 4 14 4 21 5 4 33 4 36 4 28 4 23 4 0 10 4 33 4 18 4 28 4 18 51 4 49 4 62 16 4 17 4 41 4 60 4 0 31 4 5 4 10 4 66 39 4 38 4 30 23 4 29 4 60 18 20 41 57 4 10 4 55 4 8 31 20 64 5 4 32 4 48 4 68 46 4 36 4 25 4 35 4 77 46 4 15 4 64 60 4 50 4 27 4 62 34 4 22 4 103 60 4 34 4 52 4 13 35 4 40 4 12 4 58 5 4 36 4 88 24 4 45 4 58 23 4 30 31 4 21 4 44 4 21 23 4 26 4 95 52 4 60 4 51 48 4 22 4 82 27 4 57 4 77 26 4 28 4 43 5 4 22 4 50 52 4 10 4 71 35 4 5 4 81 32 4 60 4 41 4 96 30 4 12 4 104 48 4 31 4 22 4 72 58 4 28 4 56 4 47 33 4 38 4 51 4 22 4 64 21 4 57 4 8 4 56 4 17 60 4 9 4 36 4 0 42 4 24 4 119 25 4 24 4 60 4 7 49 4 18 4 29 4 38 11 4 5 4 60 4 113 5 4 6 4 42 4 70 57 16 5 16 93 19 4 0 29 16 41 16 40 7 4 60 4 34 45 4 12 4 14 4 116 33 4 5 4 9 4 41 4 91 8 4 17 4 61 22 4 18 4 5 4 5 4 0 60 4 58 4 8 4 71 30 4 44 4 46 4 59 25 4 60 4 11 4 25 30 4 6 4 5 4 107 33 4 25 4 39 4 26 4 101 54 4 59 4 60 4 58 4 61 60 4 5 4 50 4 13 12 4 52 4 38 4 117 5 4 17 4 47 4 
iteration 455 best: 1.21745 leader: 1.21745 time: 218253
35 50 4 14 4 55 4 45 60 4 43 4 39 10 4 5 4 29 4 47 23 4 5 4 20 4 60 48 4 31 4 39 4 12 29 4 60 4 32 4 25 4 10 60 4 14 4 53 4 34 21 4 40 4 79 48 4 29 4 59 38 4 42 4 36 4 52 4 80 47 4 48 4 30 31 4 14 4 21 5 4 33 4 36 4 28 4 23 4 0 10 4 33 4 18 4 28 4 18 51 4 49 4 62 16 4 17 4 41 4 60 4 0 31 4 5 4 10 4 66 39 4 38 4 30 23 4 29 4 60 18 20 41 57 4 10 4 55 4 8 31 20 64 5 4 32 4 48 4 68 46 4 36 4 25 4 35 4 77 46 4 15 4 64 60 4 50 4 27 4 62 34 4 22 4 103 60 4 34 4 52 4 13 35 4 40 4 12 4 58 5 4 36 4 88 24 4 45 4 58 23 4 30 31 4 21 4 44 4 21 23 4 26 4 95 52 4 60 4 51 48 4 22 4 82 27 4 57 4 77 26 4 28 4 43 5 4 22 4 50 52 4 10 4 71 35 4 5 4 81 32 4 60 4 41 4 96 30 4 12 4 104 48 4 31 4 22 4 72 58 4 28 4 56 4 47 33 4 38 4 51 4 22 4 64 21 4 57 4 8 4 56 4 17 60 4 9 4 36 4 0 42 4 24 4 119 25 4 24 4 60 4 7 49 4 18 4 29 4 38 11 4 5 4 60 4 113 5 4 6 4 42 4 70 57 16 5 16 93 19 4 0 29 16 41 16 40 7 4 60 4 34 45 4 12 4 14 4 116 33 4 5 4 9 4 41 4 91 8 4 17 4 61 22 4 18 4 5 4 5 4 0 60 4 58 4 8 4 71 30 4 44 4 46 4 59 25 4 60 4 11 4 25 30 4 6 4 5 4 107 33 4 25 4 39 4 26 4 101 54 4 59 4 60 4 58 4 61 60 4 5 4 50 4 13 12 4 52 4 38 4 117 5 4 17 4 47 4 
iteration 471 best: 1.21745 leader: 1.21745 time: 225914
35 50 4 14 4 55 4 45 60 4 43 4 39 10 4 5 4 29 4 47 23 4 5 4 20 4 60 48 4 31 4 39 4 12 29 4 60 4 32 4 25 4 10 60 4 14 4 53 4 34 21 4 40 4 79 48 4 29 4 59 38 4 42 4 36 4 52 4 80 47 4 48 4 30 31 4 14 4 21 5 4 33 4 36 4 28 4 23 4 0 10 4 33 4 18 4 28 4 18 51 4 49 4 62 16 4 17 4 41 4 60 4 0 31 4 5 4 10 4 66 39 4 38 4 30 23 4 29 4 60 18 20 41 57 4 10 4 55 4 8 31 20 64 5 4 32 4 48 4 68 46 4 36 4 25 4 35 4 77 46 4 15 4 64 60 4 50 4 27 4 62 34 4 22 4 103 60 4 34 4 52 4 13 35 4 40 4 12 4 58 5 4 36 4 88 24 4 45 4 58 23 4 30 31 4 21 4 44 4 21 23 4 26 4 95 52 4 60 4 51 48 4 22 4 82 27 4 57 4 77 26 4 28 4 43 5 4 22 4 50 52 4 10 4 71 35 4 5 4 81 32 4 60 4 41 4 96 30 4 12 4 104 48 4 31 4 22 4 72 58 4 28 4 56 4 47 33 4 38 4 51 4 22 4 64 21 4 57 4 8 4 56 4 17 60 4 9 4 36 4 0 42 4 24 4 119 25 4 24 4 60 4 7 49 4 18 4 29 4 38 11 4 5 4 60 4 113 5 4 6 4 42 4 70 57 16 5 16 93 19 4 0 29 16 41 16 40 7 4 60 4 34 45 4 12 4 14 4 116 33 4 5 4 9 4 41 4 91 8 4 17 4 61 22 4 18 4 5 4 5 4 0 60 4 58 4 8 4 71 30 4 44 4 46 4 59 25 4 60 4 11 4 25 30 4 6 4 5 4 107 33 4 25 4 39 4 26 4 101 54 4 59 4 60 4 58 4 61 60 4 5 4 50 4 13 12 4 52 4 38 4 117 5 4 17 4 47 4 
iteration 487 best: 1.21745 leader: 1.21745 time: 233529
35 50 4 14 4 55 4 45 60 4 43 4 39 10 4 5 4 29 4 47 23 4 5 4 20 4 60 48 4 31 4 39 4 12 29 4 60 4 32 4 25 4 10 60 4 14 4 53 4 34 21 4 40 4 79 48 4 29 4 59 38 4 42 4 36 4 52 4 80 47 4 48 4 30 31 4 14 4 21 5 4 33 4 36 4 28 4 23 4 0 10 4 33 4 18 4 28 4 18 51 4 49 4 62 16 4 17 4 41 4 60 4 0 31 4 5 4 10 4 66 39 4 38 4 30 23 4 29 4 60 18 20 41 57 4 10 4 55 4 8 31 20 64 5 4 32 4 48 4 68 46 4 36 4 25 4 35 4 77 46 4 15 4 64 60 4 50 4 27 4 62 34 4 22 4 103 60 4 34 4 52 4 13 35 4 40 4 12 4 58 5 4 36 4 88 24 4 45 4 58 23 4 30 31 4 21 4 44 4 21 23 4 26 4 95 52 4 60 4 51 48 4 22 4 82 27 4 57 4 77 26 4 28 4 43 5 4 22 4 50 52 4 10 4 71 35 4 5 4 81 32 4 60 4 41 4 96 30 4 12 4 104 48 4 31 4 22 4 72 58 4 28 4 56 4 47 33 4 38 4 51 4 22 4 64 21 4 57 4 8 4 56 4 17 60 4 9 4 36 4 0 42 4 24 4 119 25 4 24 4 60 4 7 49 4 18 4 29 4 38 11 4 5 4 60 4 113 5 4 6 4 42 4 70 57 16 5 16 93 19 4 0 29 16 41 16 40 7 4 60 4 34 45 4 12 4 14 4 116 33 4 5 4 9 4 41 4 91 8 4 17 4 61 22 4 18 4 5 4 5 4 0 60 4 58 4 8 4 71 30 4 44 4 46 4 59 25 4 60 4 11 4 25 30 4 6 4 5 4 107 33 4 25 4 39 4 26 4 101 54 4 59 4 60 4 58 4 61 60 4 5 4 50 4 13 12 4 52 4 38 4 117 5 4 17 4 47 4 
iteration 503 best: 1.21745 leader: 1.21745 time: 241177
35 50 4 14 4 55 4 45 60 4 43 4 39 10 4 5 4 29 4 47 23 4 5 4 20 4 60 48 4 31 4 39 4 12 29 4 60 4 32 4 25 4 10 60 4 14 4 53 4 34 21 4 40 4 79 48 4 29 4 59 38 4 42 4 36 4 52 4 80 47 4 48 4 30 31 4 14 4 21 5 4 33 4 36 4 28 4 23 4 0 10 4 33 4 18 4 28 4 18 51 4 49 4 62 16 4 17 4 41 4 60 4 0 31 4 5 4 10 4 66 39 4 38 4 30 23 4 29 4 60 18 20 41 57 4 10 4 55 4 8 31 20 64 5 4 32 4 48 4 68 46 4 36 4 25 4 35 4 77 46 4 15 4 64 60 4 50 4 27 4 62 34 4 22 4 103 60 4 34 4 52 4 13 35 4 40 4 12 4 58 5 4 36 4 88 24 4 45 4 58 23 4 30 31 4 21 4 44 4 21 23 4 26 4 95 52 4 60 4 51 48 4 22 4 82 27 4 57 4 77 26 4 28 4 43 5 4 22 4 50 52 4 10 4 71 35 4 5 4 81 32 4 60 4 41 4 96 30 4 12 4 104 48 4 31 4 22 4 72 58 4 28 4 56 4 47 33 4 38 4 51 4 22 4 64 21 4 57 4 8 4 56 4 17 60 4 9 4 36 4 0 42 4 24 4 119 25 4 24 4 60 4 7 49 4 18 4 29 4 38 11 4 5 4 60 4 113 5 4 6 4 42 4 70 57 16 5 16 93 19 4 0 29 16 41 16 40 7 4 60 4 34 45 4 12 4 14 4 116 33 4 5 4 9 4 41 4 91 8 4 17 4 61 22 4 18 4 5 4 5 4 0 60 4 58 4 8 4 71 30 4 44 4 46 4 59 25 4 60 4 11 4 25 30 4 6 4 5 4 107 33 4 25 4 39 4 26 4 101 54 4 59 4 60 4 58 4 61 60 4 5 4 50 4 13 12 4 52 4 38 4 117 5 4 17 4 47 4 
iteration 519 best: 1.21745 leader: 1.21745 time: 248779
35 50 4 14 4 55 4 45 60 4 43 4 39 10 4 5 4 29 4 47 23 4 5 4 20 4 60 48 4 31 4 39 4 12 29 4 60 4 32 4 25 4 10 60 4 14 4 53 4 34 21 4 40 4 79 48 4 29 4 59 38 4 42 4 36 4 52 4 80 47 4 48 4 30 31 4 14 4 21 5 4 33 4 36 4 28 4 23 4 0 10 4 33 4 18 4 28 4 18 51 4 49 4 62 16 4 17 4 41 4 60 4 0 31 4 5 4 10 4 66 39 4 38 4 30 23 4 29 4 60 18 20 41 57 4 10 4 55 4 8 31 20 64 5 4 32 4 48 4 68 46 4 36 4 25 4 35 4 77 46 4 15 4 64 60 4 50 4 27 4 62 34 4 22 4 103 60 4 34 4 52 4 13 35 4 40 4 12 4 58 5 4 36 4 88 24 4 45 4 58 23 4 30 31 4 21 4 44 4 21 23 4 26 4 95 52 4 60 4 51 48 4 22 4 82 27 4 57 4 77 26 4 28 4 43 5 4 22 4 50 52 4 10 4 71 35 4 5 4 81 32 4 60 4 41 4 96 30 4 12 4 104 48 4 31 4 22 4 72 58 4 28 4 56 4 47 33 4 38 4 51 4 22 4 64 21 4 57 4 8 4 56 4 17 60 4 9 4 36 4 0 42 4 24 4 119 25 4 24 4 60 4 7 49 4 18 4 29 4 38 11 4 5 4 60 4 113 5 4 6 4 42 4 70 57 16 5 16 93 19 4 0 29 16 41 16 40 7 4 60 4 34 45 4 12 4 14 4 116 33 4 5 4 9 4 41 4 91 8 4 17 4 61 22 4 18 4 5 4 5 4 0 60 4 58 4 8 4 71 30 4 44 4 46 4 59 25 4 60 4 11 4 25 30 4 6 4 5 4 107 33 4 25 4 39 4 26 4 101 54 4 59 4 60 4 58 4 61 60 4 5 4 50 4 13 12 4 52 4 38 4 117 5 4 17 4 47 4 
iteration 535 best: 1.21745 leader: 1.21745 time: 256421
35 50 4 14 4 55 4 45 60 4 43 4 39 10 4 5 4 29 4 47 23 4 5 4 20 4 60 48 4 31 4 39 4 12 29 4 60 4 32 4 25 4 10 60 4 14 4 53 4 34 21 4 40 4 79 48 4 29 4 59 38 4 42 4 36 4 52 4 80 47 4 48 4 30 31 4 14 4 21 5 4 33 4 36 4 28 4 23 4 0 10 4 33 4 18 4 28 4 18 51 4 49 4 62 16 4 17 4 41 4 60 4 0 31 4 5 4 10 4 66 39 4 38 4 30 23 4 29 4 60 18 20 41 57 4 10 4 55 4 8 31 20 64 5 4 32 4 48 4 68 46 4 36 4 25 4 35 4 77 46 4 15 4 64 60 4 50 4 27 4 62 34 4 22 4 103 60 4 34 4 52 4 13 35 4 40 4 12 4 58 5 4 36 4 88 24 4 45 4 58 23 4 30 31 4 21 4 44 4 21 23 4 26 4 95 52 4 60 4 51 48 4 22 4 82 27 4 57 4 77 26 4 28 4 43 5 4 22 4 50 52 4 10 4 71 35 4 5 4 81 32 4 60 4 41 4 96 30 4 12 4 104 48 4 31 4 22 4 72 58 4 28 4 56 4 47 33 4 38 4 51 4 22 4 64 21 4 57 4 8 4 56 4 17 60 4 9 4 36 4 0 42 4 24 4 119 25 4 24 4 60 4 7 49 4 18 4 29 4 38 11 4 5 4 60 4 113 5 4 6 4 42 4 70 57 16 5 16 93 19 4 0 29 16 41 16 40 7 4 60 4 34 45 4 12 4 14 4 116 33 4 5 4 9 4 41 4 91 8 4 17 4 61 22 4 18 4 5 4 5 4 0 60 4 58 4 8 4 71 30 4 44 4 46 4 59 25 4 60 4 11 4 25 30 4 6 4 5 4 107 33 4 25 4 39 4 26 4 101 54 4 59 4 60 4 58 4 61 60 4 5 4 50 4 13 12 4 52 4 38 4 117 5 4 17 4 47 4 
iteration 551 best: 1.21745 leader: 1.21745 time: 264045
35 50 4 14 4 55 4 45 60 4 43 4 39 10 4 5 4 29 4 47 23 4 5 4 20 4 60 48 4 31 4 39 4 12 29 4 60 4 32 4 25 4 10 60 4 14 4 53 4 34 21 4 40 4 79 48 4 29 4 59 38 4 42 4 36 4 52 4 80 47 4 48 4 30 31 4 14 4 21 5 4 33 4 36 4 28 4 23 4 0 10 4 33 4 18 4 28 4 18 51 4 49 4 62 16 4 17 4 41 4 60 4 0 31 4 5 4 10 4 66 39 4 38 4 30 23 4 29 4 60 18 20 41 57 4 10 4 55 4 8 31 20 64 5 4 32 4 48 4 68 46 4 36 4 25 4 35 4 77 46 4 15 4 64 60 4 50 4 27 4 62 34 4 22 4 103 60 4 34 4 52 4 13 35 4 40 4 12 4 58 5 4 36 4 88 24 4 45 4 58 23 4 30 31 4 21 4 44 4 21 23 4 26 4 95 52 4 60 4 51 48 4 22 4 82 27 4 57 4 77 26 4 28 4 43 5 4 22 4 50 52 4 10 4 71 35 4 5 4 81 32 4 60 4 41 4 96 30 4 12 4 104 48 4 31 4 22 4 72 58 4 28 4 56 4 47 33 4 38 4 51 4 22 4 64 21 4 57 4 8 4 56 4 17 60 4 9 4 36 4 0 42 4 24 4 119 25 4 24 4 60 4 7 49 4 18 4 29 4 38 11 4 5 4 60 4 113 5 4 6 4 42 4 70 57 16 5 16 93 19 4 0 29 16 41 16 40 7 4 60 4 34 45 4 12 4 14 4 116 33 4 5 4 9 4 41 4 91 8 4 17 4 61 22 4 18 4 5 4 5 4 0 60 4 58 4 8 4 71 30 4 44 4 46 4 59 25 4 60 4 11 4 25 30 4 6 4 5 4 107 33 4 25 4 39 4 26 4 101 54 4 59 4 60 4 58 4 61 60 4 5 4 50 4 13 12 4 52 4 38 4 117 5 4 17 4 47 4 
iteration 567 best: 1.21745 leader: 1.21745 time: 271718
35 50 4 14 4 55 4 45 60 4 43 4 39 10 4 5 4 29 4 47 23 4 5 4 20 4 60 48 4 31 4 39 4 12 29 4 60 4 32 4 25 4 10 60 4 14 4 53 4 34 21 4 40 4 79 48 4 29 4 59 38 4 42 4 36 4 52 4 80 47 4 48 4 30 31 4 14 4 21 5 4 33 4 36 4 28 4 23 4 0 10 4 33 4 18 4 28 4 18 51 4 49 4 62 16 4 17 4 41 4 60 4 0 31 4 5 4 10 4 66 39 4 38 4 30 23 4 29 4 60 18 20 41 57 4 10 4 55 4 8 31 20 64 5 4 32 4 48 4 68 46 4 36 4 25 4 35 4 77 46 4 15 4 64 60 4 50 4 27 4 62 34 4 22 4 103 60 4 34 4 52 4 13 35 4 40 4 12 4 58 5 4 36 4 88 24 4 45 4 58 23 4 30 31 4 21 4 44 4 21 23 4 26 4 95 52 4 60 4 51 48 4 22 4 82 27 4 57 4 77 26 4 28 4 43 5 4 22 4 50 52 4 10 4 71 35 4 5 4 81 32 4 60 4 41 4 96 30 4 12 4 104 48 4 31 4 22 4 72 58 4 28 4 56 4 47 33 4 38 4 51 4 22 4 64 21 4 57 4 8 4 56 4 17 60 4 9 4 36 4 0 42 4 24 4 119 25 4 24 4 60 4 7 49 4 18 4 29 4 38 11 4 5 4 60 4 113 5 4 6 4 42 4 70 57 16 5 16 93 19 4 0 29 16 41 16 40 7 4 60 4 34 45 4 12 4 14 4 116 33 4 5 4 9 4 41 4 91 8 4 17 4 61 22 4 18 4 5 4 5 4 0 60 4 58 4 8 4 71 30 4 44 4 46 4 59 25 4 60 4 11 4 25 30 4 6 4 5 4 107 33 4 25 4 39 4 26 4 101 54 4 59 4 60 4 58 4 61 60 4 5 4 50 4 13 12 4 52 4 38 4 117 5 4 17 4 47 4 
iteration 582 best: 1.21745 leader: 1.21745 time: 279193
35 50 4 14 4 55 4 45 60 4 43 4 39 10 4 5 4 29 4 47 23 4 5 4 20 4 60 48 4 31 4 39 4 12 29 4 60 4 32 4 25 4 10 60 4 14 4 53 4 34 21 4 40 4 79 48 4 29 4 59 38 4 42 4 36 4 52 4 80 47 4 48 4 30 31 4 14 4 21 5 4 33 4 36 4 28 4 23 4 0 10 4 33 4 18 4 28 4 18 51 4 49 4 62 16 4 17 4 41 4 60 4 0 31 4 5 4 10 4 66 39 4 38 4 30 23 4 29 4 60 18 20 41 57 4 10 4 55 4 8 31 20 64 5 4 32 4 48 4 68 46 4 36 4 25 4 35 4 77 46 4 15 4 64 60 4 50 4 27 4 62 34 4 22 4 103 60 4 34 4 52 4 13 35 4 40 4 12 4 58 5 4 36 4 88 24 4 45 4 58 23 4 30 31 4 21 4 44 4 21 23 4 26 4 95 52 4 60 4 51 48 4 22 4 82 27 4 57 4 77 26 4 28 4 43 5 4 22 4 50 52 4 10 4 71 35 4 5 4 81 32 4 60 4 41 4 96 30 4 12 4 104 48 4 31 4 22 4 72 58 4 28 4 56 4 47 33 4 38 4 51 4 22 4 64 21 4 57 4 8 4 56 4 17 60 4 9 4 36 4 0 42 4 24 4 119 25 4 24 4 60 4 7 49 4 18 4 29 4 38 11 4 5 4 60 4 113 5 4 6 4 42 4 70 57 16 5 16 93 19 4 0 29 16 41 16 40 7 4 60 4 34 45 4 12 4 14 4 116 33 4 5 4 9 4 41 4 91 8 4 17 4 61 22 4 18 4 5 4 5 4 0 60 4 58 4 8 4 71 30 4 44 4 46 4 59 25 4 60 4 11 4 25 30 4 6 4 5 4 107 33 4 25 4 39 4 26 4 101 54 4 59 4 60 4 58 4 61 60 4 5 4 50 4 13 12 4 52 4 38 4 117 5 4 17 4 47 4 
iteration 597 best: 1.21745 leader: 1.21745 time: 286416
35 50 4 14 4 55 4 45 60 4 43 4 39 10 4 5 4 29 4 47 23 4 5 4 20 4 60 48 4 31 4 39 4 12 29 4 60 4 32 4 25 4 10 60 4 14 4 53 4 34 21 4 40 4 79 48 4 29 4 59 38 4 42 4 36 4 52 4 80 47 4 48 4 30 31 4 14 4 21 5 4 33 4 36 4 28 4 23 4 0 10 4 33 4 18 4 28 4 18 51 4 49 4 62 16 4 17 4 41 4 60 4 0 31 4 5 4 10 4 66 39 4 38 4 30 23 4 29 4 60 18 20 41 57 4 10 4 55 4 8 31 20 64 5 4 32 4 48 4 68 46 4 36 4 25 4 35 4 77 46 4 15 4 64 60 4 50 4 27 4 62 34 4 22 4 103 60 4 34 4 52 4 13 35 4 40 4 12 4 58 5 4 36 4 88 24 4 45 4 58 23 4 30 31 4 21 4 44 4 21 23 4 26 4 95 52 4 60 4 51 48 4 22 4 82 27 4 57 4 77 26 4 28 4 43 5 4 22 4 50 52 4 10 4 71 35 4 5 4 81 32 4 60 4 41 4 96 30 4 12 4 104 48 4 31 4 22 4 72 58 4 28 4 56 4 47 33 4 38 4 51 4 22 4 64 21 4 57 4 8 4 56 4 17 60 4 9 4 36 4 0 42 4 24 4 119 25 4 24 4 60 4 7 49 4 18 4 29 4 38 11 4 5 4 60 4 113 5 4 6 4 42 4 70 57 16 5 16 93 19 4 0 29 16 41 16 40 7 4 60 4 34 45 4 12 4 14 4 116 33 4 5 4 9 4 41 4 91 8 4 17 4 61 22 4 18 4 5 4 5 4 0 60 4 58 4 8 4 71 30 4 44 4 46 4 59 25 4 60 4 11 4 25 30 4 6 4 5 4 107 33 4 25 4 39 4 26 4 101 54 4 59 4 60 4 58 4 61 60 4 5 4 50 4 13 12 4 52 4 38 4 117 5 4 17 4 47 4 
iteration 613 best: 1.21745 leader: 1.21745 time: 294057
35 50 4 14 4 55 4 45 60 4 43 4 39 10 4 5 4 29 4 47 23 4 5 4 20 4 60 48 4 31 4 39 4 12 29 4 60 4 32 4 25 4 10 60 4 14 4 53 4 34 21 4 40 4 79 48 4 29 4 59 38 4 42 4 36 4 52 4 80 47 4 48 4 30 31 4 14 4 21 5 4 33 4 36 4 28 4 23 4 0 10 4 33 4 18 4 28 4 18 51 4 49 4 62 16 4 17 4 41 4 60 4 0 31 4 5 4 10 4 66 39 4 38 4 30 23 4 29 4 60 18 20 41 57 4 10 4 55 4 8 31 20 64 5 4 32 4 48 4 68 46 4 36 4 25 4 35 4 77 46 4 15 4 64 60 4 50 4 27 4 62 34 4 22 4 103 60 4 34 4 52 4 13 35 4 40 4 12 4 58 5 4 36 4 88 24 4 45 4 58 23 4 30 31 4 21 4 44 4 21 23 4 26 4 95 52 4 60 4 51 48 4 22 4 82 27 4 57 4 77 26 4 28 4 43 5 4 22 4 50 52 4 10 4 71 35 4 5 4 81 32 4 60 4 41 4 96 30 4 12 4 104 48 4 31 4 22 4 72 58 4 28 4 56 4 47 33 4 38 4 51 4 22 4 64 21 4 57 4 8 4 56 4 17 60 4 9 4 36 4 0 42 4 24 4 119 25 4 24 4 60 4 7 49 4 18 4 29 4 38 11 4 5 4 60 4 113 5 4 6 4 42 4 70 57 16 5 16 93 19 4 0 29 16 41 16 40 7 4 60 4 34 45 4 12 4 14 4 116 33 4 5 4 9 4 41 4 91 8 4 17 4 61 22 4 18 4 5 4 5 4 0 60 4 58 4 8 4 71 30 4 44 4 46 4 59 25 4 60 4 11 4 25 30 4 6 4 5 4 107 33 4 25 4 39 4 26 4 101 54 4 59 4 60 4 58 4 61 60 4 5 4 50 4 13 12 4 52 4 38 4 117 5 4 17 4 47 4 
iteration 629 best: 1.21745 leader: 1.21745 time: 301672
35 50 4 14 4 55 4 45 60 4 43 4 39 10 4 5 4 29 4 47 23 4 5 4 20 4 60 48 4 31 4 39 4 12 29 4 60 4 32 4 25 4 10 60 4 14 4 53 4 34 21 4 40 4 79 48 4 29 4 59 38 4 42 4 36 4 52 4 80 47 4 48 4 30 31 4 14 4 21 5 4 33 4 36 4 28 4 23 4 0 10 4 33 4 18 4 28 4 18 51 4 49 4 62 16 4 17 4 41 4 60 4 0 31 4 5 4 10 4 66 39 4 38 4 30 23 4 29 4 60 18 20 41 57 4 10 4 55 4 8 31 20 64 5 4 32 4 48 4 68 46 4 36 4 25 4 35 4 77 46 4 15 4 64 60 4 50 4 27 4 62 34 4 22 4 103 60 4 34 4 52 4 13 35 4 40 4 12 4 58 5 4 36 4 88 24 4 45 4 58 23 4 30 31 4 21 4 44 4 21 23 4 26 4 95 52 4 60 4 51 48 4 22 4 82 27 4 57 4 77 26 4 28 4 43 5 4 22 4 50 52 4 10 4 71 35 4 5 4 81 32 4 60 4 41 4 96 30 4 12 4 104 48 4 31 4 22 4 72 58 4 28 4 56 4 47 33 4 38 4 51 4 22 4 64 21 4 57 4 8 4 56 4 17 60 4 9 4 36 4 0 42 4 24 4 119 25 4 24 4 60 4 7 49 4 18 4 29 4 38 11 4 5 4 60 4 113 5 4 6 4 42 4 70 57 16 5 16 93 19 4 0 29 16 41 16 40 7 4 60 4 34 45 4 12 4 14 4 116 33 4 5 4 9 4 41 4 91 8 4 17 4 61 22 4 18 4 5 4 5 4 0 60 4 58 4 8 4 71 30 4 44 4 46 4 59 25 4 60 4 11 4 25 30 4 6 4 5 4 107 33 4 25 4 39 4 26 4 101 54 4 59 4 60 4 58 4 61 60 4 5 4 50 4 13 12 4 52 4 38 4 117 5 4 17 4 47 4 
iteration 645 best: 1.21745 leader: 1.21745 time: 309343
35 50 4 14 4 55 4 45 60 4 43 4 39 10 4 5 4 29 4 47 23 4 5 4 20 4 60 48 4 31 4 39 4 12 29 4 60 4 32 4 25 4 10 60 4 14 4 53 4 34 21 4 40 4 79 48 4 29 4 59 38 4 42 4 36 4 52 4 80 47 4 48 4 30 31 4 14 4 21 5 4 33 4 36 4 28 4 23 4 0 10 4 33 4 18 4 28 4 18 51 4 49 4 62 16 4 17 4 41 4 60 4 0 31 4 5 4 10 4 66 39 4 38 4 30 23 4 29 4 60 18 20 41 57 4 10 4 55 4 8 31 20 64 5 4 32 4 48 4 68 46 4 36 4 25 4 35 4 77 46 4 15 4 64 60 4 50 4 27 4 62 34 4 22 4 103 60 4 34 4 52 4 13 35 4 40 4 12 4 58 5 4 36 4 88 24 4 45 4 58 23 4 30 31 4 21 4 44 4 21 23 4 26 4 95 52 4 60 4 51 48 4 22 4 82 27 4 57 4 77 26 4 28 4 43 5 4 22 4 50 52 4 10 4 71 35 4 5 4 81 32 4 60 4 41 4 96 30 4 12 4 104 48 4 31 4 22 4 72 58 4 28 4 56 4 47 33 4 38 4 51 4 22 4 64 21 4 57 4 8 4 56 4 17 60 4 9 4 36 4 0 42 4 24 4 119 25 4 24 4 60 4 7 49 4 18 4 29 4 38 11 4 5 4 60 4 113 5 4 6 4 42 4 70 57 16 5 16 93 19 4 0 29 16 41 16 40 7 4 60 4 34 45 4 12 4 14 4 116 33 4 5 4 9 4 41 4 91 8 4 17 4 61 22 4 18 4 5 4 5 4 0 60 4 58 4 8 4 71 30 4 44 4 46 4 59 25 4 60 4 11 4 25 30 4 6 4 5 4 107 33 4 25 4 39 4 26 4 101 54 4 59 4 60 4 58 4 61 60 4 5 4 50 4 13 12 4 52 4 38 4 117 5 4 17 4 47 4 
iteration 661 best: 1.21745 leader: 1.21745 time: 316956
35 50 4 14 4 55 4 45 60 4 43 4 39 10 4 5 4 29 4 47 23 4 5 4 20 4 60 48 4 31 4 39 4 12 29 4 60 4 32 4 25 4 10 60 4 14 4 53 4 34 21 4 40 4 79 48 4 29 4 59 38 4 42 4 36 4 52 4 80 47 4 48 4 30 31 4 14 4 21 5 4 33 4 36 4 28 4 23 4 0 10 4 33 4 18 4 28 4 18 51 4 49 4 62 16 4 17 4 41 4 60 4 0 31 4 5 4 10 4 66 39 4 38 4 30 23 4 29 4 60 18 20 41 57 4 10 4 55 4 8 31 20 64 5 4 32 4 48 4 68 46 4 36 4 25 4 35 4 77 46 4 15 4 64 60 4 50 4 27 4 62 34 4 22 4 103 60 4 34 4 52 4 13 35 4 40 4 12 4 58 5 4 36 4 88 24 4 45 4 58 23 4 30 31 4 21 4 44 4 21 23 4 26 4 95 52 4 60 4 51 48 4 22 4 82 27 4 57 4 77 26 4 28 4 43 5 4 22 4 50 52 4 10 4 71 35 4 5 4 81 32 4 60 4 41 4 96 30 4 12 4 104 48 4 31 4 22 4 72 58 4 28 4 56 4 47 33 4 38 4 51 4 22 4 64 21 4 57 4 8 4 56 4 17 60 4 9 4 36 4 0 42 4 24 4 119 25 4 24 4 60 4 7 49 4 18 4 29 4 38 11 4 5 4 60 4 113 5 4 6 4 42 4 70 57 16 5 16 93 19 4 0 29 16 41 16 40 7 4 60 4 34 45 4 12 4 14 4 116 33 4 5 4 9 4 41 4 91 8 4 17 4 61 22 4 18 4 5 4 5 4 0 60 4 58 4 8 4 71 30 4 44 4 46 4 59 25 4 60 4 11 4 25 30 4 6 4 5 4 107 33 4 25 4 39 4 26 4 101 54 4 59 4 60 4 58 4 61 60 4 5 4 50 4 13 12 4 52 4 38 4 117 5 4 17 4 47 4 
iteration 677 best: 1.21745 leader: 1.21745 time: 324595
35 50 4 14 4 55 4 45 60 4 43 4 39 10 4 5 4 29 4 47 23 4 5 4 20 4 60 48 4 31 4 39 4 12 29 4 60 4 32 4 25 4 10 60 4 14 4 53 4 34 21 4 40 4 79 48 4 29 4 59 38 4 42 4 36 4 52 4 80 47 4 48 4 30 31 4 14 4 21 5 4 33 4 36 4 28 4 23 4 0 10 4 33 4 18 4 28 4 18 51 4 49 4 62 16 4 17 4 41 4 60 4 0 31 4 5 4 10 4 66 39 4 38 4 30 23 4 29 4 60 18 20 41 57 4 10 4 55 4 8 31 20 64 5 4 32 4 48 4 68 46 4 36 4 25 4 35 4 77 46 4 15 4 64 60 4 50 4 27 4 62 34 4 22 4 103 60 4 34 4 52 4 13 35 4 40 4 12 4 58 5 4 36 4 88 24 4 45 4 58 23 4 30 31 4 21 4 44 4 21 23 4 26 4 95 52 4 60 4 51 48 4 22 4 82 27 4 57 4 77 26 4 28 4 43 5 4 22 4 50 52 4 10 4 71 35 4 5 4 81 32 4 60 4 41 4 96 30 4 12 4 104 48 4 31 4 22 4 72 58 4 28 4 56 4 47 33 4 38 4 51 4 22 4 64 21 4 57 4 8 4 56 4 17 60 4 9 4 36 4 0 42 4 24 4 119 25 4 24 4 60 4 7 49 4 18 4 29 4 38 11 4 5 4 60 4 113 5 4 6 4 42 4 70 57 16 5 16 93 19 4 0 29 16 41 16 40 7 4 60 4 34 45 4 12 4 14 4 116 33 4 5 4 9 4 41 4 91 8 4 17 4 61 22 4 18 4 5 4 5 4 0 60 4 58 4 8 4 71 30 4 44 4 46 4 59 25 4 60 4 11 4 25 30 4 6 4 5 4 107 33 4 25 4 39 4 26 4 101 54 4 59 4 60 4 58 4 61 60 4 5 4 50 4 13 12 4 52 4 38 4 117 5 4 17 4 47 4 
iteration 692 best: 1.21745 leader: 1.21745 time: 331805
35 50 4 14 4 55 4 45 60 4 43 4 39 10 4 5 4 29 4 47 23 4 5 4 20 4 60 48 4 31 4 39 4 12 29 4 60 4 32 4 25 4 10 60 4 14 4 53 4 34 21 4 40 4 79 48 4 29 4 59 38 4 42 4 36 4 52 4 80 47 4 48 4 30 31 4 14 4 21 5 4 33 4 36 4 28 4 23 4 0 10 4 33 4 18 4 28 4 18 51 4 49 4 62 16 4 17 4 41 4 60 4 0 31 4 5 4 10 4 66 39 4 38 4 30 23 4 29 4 60 18 20 41 57 4 10 4 55 4 8 31 20 64 5 4 32 4 48 4 68 46 4 36 4 25 4 35 4 77 46 4 15 4 64 60 4 50 4 27 4 62 34 4 22 4 103 60 4 34 4 52 4 13 35 4 40 4 12 4 58 5 4 36 4 88 24 4 45 4 58 23 4 30 31 4 21 4 44 4 21 23 4 26 4 95 52 4 60 4 51 48 4 22 4 82 27 4 57 4 77 26 4 28 4 43 5 4 22 4 50 52 4 10 4 71 35 4 5 4 81 32 4 60 4 41 4 96 30 4 12 4 104 48 4 31 4 22 4 72 58 4 28 4 56 4 47 33 4 38 4 51 4 22 4 64 21 4 57 4 8 4 56 4 17 60 4 9 4 36 4 0 42 4 24 4 119 25 4 24 4 60 4 7 49 4 18 4 29 4 38 11 4 5 4 60 4 113 5 4 6 4 42 4 70 57 16 5 16 93 19 4 0 29 16 41 16 40 7 4 60 4 34 45 4 12 4 14 4 116 33 4 5 4 9 4 41 4 91 8 4 17 4 61 22 4 18 4 5 4 5 4 0 60 4 58 4 8 4 71 30 4 44 4 46 4 59 25 4 60 4 11 4 25 30 4 6 4 5 4 107 33 4 25 4 39 4 26 4 101 54 4 59 4 60 4 58 4 61 60 4 5 4 50 4 13 12 4 52 4 38 4 117 5 4 17 4 47 4 
iteration 708 best: 1.21745 leader: 1.21745 time: 339434
35 50 4 14 4 55 4 45 60 4 43 4 39 10 4 5 4 29 4 47 23 4 5 4 20 4 60 48 4 31 4 39 4 12 29 4 60 4 32 4 25 4 10 60 4 14 4 53 4 34 21 4 40 4 79 48 4 29 4 59 38 4 42 4 36 4 52 4 80 47 4 48 4 30 31 4 14 4 21 5 4 33 4 36 4 28 4 23 4 0 10 4 33 4 18 4 28 4 18 51 4 49 4 62 16 4 17 4 41 4 60 4 0 31 4 5 4 10 4 66 39 4 38 4 30 23 4 29 4 60 18 20 41 57 4 10 4 55 4 8 31 20 64 5 4 32 4 48 4 68 46 4 36 4 25 4 35 4 77 46 4 15 4 64 60 4 50 4 27 4 62 34 4 22 4 103 60 4 34 4 52 4 13 35 4 40 4 12 4 58 5 4 36 4 88 24 4 45 4 58 23 4 30 31 4 21 4 44 4 21 23 4 26 4 95 52 4 60 4 51 48 4 22 4 82 27 4 57 4 77 26 4 28 4 43 5 4 22 4 50 52 4 10 4 71 35 4 5 4 81 32 4 60 4 41 4 96 30 4 12 4 104 48 4 31 4 22 4 72 58 4 28 4 56 4 47 33 4 38 4 51 4 22 4 64 21 4 57 4 8 4 56 4 17 60 4 9 4 36 4 0 42 4 24 4 119 25 4 24 4 60 4 7 49 4 18 4 29 4 38 11 4 5 4 60 4 113 5 4 6 4 42 4 70 57 16 5 16 93 19 4 0 29 16 41 16 40 7 4 60 4 34 45 4 12 4 14 4 116 33 4 5 4 9 4 41 4 91 8 4 17 4 61 22 4 18 4 5 4 5 4 0 60 4 58 4 8 4 71 30 4 44 4 46 4 59 25 4 60 4 11 4 25 30 4 6 4 5 4 107 33 4 25 4 39 4 26 4 101 54 4 59 4 60 4 58 4 61 60 4 5 4 50 4 13 12 4 52 4 38 4 117 5 4 17 4 47 4 
iteration 724 best: 1.21745 leader: 1.21745 time: 347074
35 50 4 14 4 55 4 45 60 4 43 4 39 10 4 5 4 29 4 47 23 4 5 4 20 4 60 48 4 31 4 39 4 12 29 4 60 4 32 4 25 4 10 60 4 14 4 53 4 34 21 4 40 4 79 48 4 29 4 59 38 4 42 4 36 4 52 4 80 47 4 48 4 30 31 4 14 4 21 5 4 33 4 36 4 28 4 23 4 0 10 4 33 4 18 4 28 4 18 51 4 49 4 62 16 4 17 4 41 4 60 4 0 31 4 5 4 10 4 66 39 4 38 4 30 23 4 29 4 60 18 20 41 57 4 10 4 55 4 8 31 20 64 5 4 32 4 48 4 68 46 4 36 4 25 4 35 4 77 46 4 15 4 64 60 4 50 4 27 4 62 34 4 22 4 103 60 4 34 4 52 4 13 35 4 40 4 12 4 58 5 4 36 4 88 24 4 45 4 58 23 4 30 31 4 21 4 44 4 21 23 4 26 4 95 52 4 60 4 51 48 4 22 4 82 27 4 57 4 77 26 4 28 4 43 5 4 22 4 50 52 4 10 4 71 35 4 5 4 81 32 4 60 4 41 4 96 30 4 12 4 104 48 4 31 4 22 4 72 58 4 28 4 56 4 47 33 4 38 4 51 4 22 4 64 21 4 57 4 8 4 56 4 17 60 4 9 4 36 4 0 42 4 24 4 119 25 4 24 4 60 4 7 49 4 18 4 29 4 38 11 4 5 4 60 4 113 5 4 6 4 42 4 70 57 16 5 16 93 19 4 0 29 16 41 16 40 7 4 60 4 34 45 4 12 4 14 4 116 33 4 5 4 9 4 41 4 91 8 4 17 4 61 22 4 18 4 5 4 5 4 0 60 4 58 4 8 4 71 30 4 44 4 46 4 59 25 4 60 4 11 4 25 30 4 6 4 5 4 107 33 4 25 4 39 4 26 4 101 54 4 59 4 60 4 58 4 61 60 4 5 4 50 4 13 12 4 52 4 38 4 117 5 4 17 4 47 4 
iteration 740 best: 1.21745 leader: 1.21745 time: 354707
35 50 4 14 4 55 4 45 60 4 43 4 39 10 4 5 4 29 4 47 23 4 5 4 20 4 60 48 4 31 4 39 4 12 29 4 60 4 32 4 25 4 10 60 4 14 4 53 4 34 21 4 40 4 79 48 4 29 4 59 38 4 42 4 36 4 52 4 80 47 4 48 4 30 31 4 14 4 21 5 4 33 4 36 4 28 4 23 4 0 10 4 33 4 18 4 28 4 18 51 4 49 4 62 16 4 17 4 41 4 60 4 0 31 4 5 4 10 4 66 39 4 38 4 30 23 4 29 4 60 18 20 41 57 4 10 4 55 4 8 31 20 64 5 4 32 4 48 4 68 46 4 36 4 25 4 35 4 77 46 4 15 4 64 60 4 50 4 27 4 62 34 4 22 4 103 60 4 34 4 52 4 13 35 4 40 4 12 4 58 5 4 36 4 88 24 4 45 4 58 23 4 30 31 4 21 4 44 4 21 23 4 26 4 95 52 4 60 4 51 48 4 22 4 82 27 4 57 4 77 26 4 28 4 43 5 4 22 4 50 52 4 10 4 71 35 4 5 4 81 32 4 60 4 41 4 96 30 4 12 4 104 48 4 31 4 22 4 72 58 4 28 4 56 4 47 33 4 38 4 51 4 22 4 64 21 4 57 4 8 4 56 4 17 60 4 9 4 36 4 0 42 4 24 4 119 25 4 24 4 60 4 7 49 4 18 4 29 4 38 11 4 5 4 60 4 113 5 4 6 4 42 4 70 57 16 5 16 93 19 4 0 29 16 41 16 40 7 4 60 4 34 45 4 12 4 14 4 116 33 4 5 4 9 4 41 4 91 8 4 17 4 61 22 4 18 4 5 4 5 4 0 60 4 58 4 8 4 71 30 4 44 4 46 4 59 25 4 60 4 11 4 25 30 4 6 4 5 4 107 33 4 25 4 39 4 26 4 101 54 4 59 4 60 4 58 4 61 60 4 5 4 50 4 13 12 4 52 4 38 4 117 5 4 17 4 47 4 
iteration 756 best: 1.21745 leader: 1.21745 time: 362352
35 50 4 14 4 55 4 45 60 4 43 4 39 10 4 5 4 29 4 47 23 4 5 4 20 4 60 48 4 31 4 39 4 12 29 4 60 4 32 4 25 4 10 60 4 14 4 53 4 34 21 4 40 4 79 48 4 29 4 59 38 4 42 4 36 4 52 4 80 47 4 48 4 30 31 4 14 4 21 5 4 33 4 36 4 28 4 23 4 0 10 4 33 4 18 4 28 4 18 51 4 49 4 62 16 4 17 4 41 4 60 4 0 31 4 5 4 10 4 66 39 4 38 4 30 23 4 29 4 60 18 20 41 57 4 10 4 55 4 8 31 20 64 5 4 32 4 48 4 68 46 4 36 4 25 4 35 4 77 46 4 15 4 64 60 4 50 4 27 4 62 34 4 22 4 103 60 4 34 4 52 4 13 35 4 40 4 12 4 58 5 4 36 4 88 24 4 45 4 58 23 4 30 31 4 21 4 44 4 21 23 4 26 4 95 52 4 60 4 51 48 4 22 4 82 27 4 57 4 77 26 4 28 4 43 5 4 22 4 50 52 4 10 4 71 35 4 5 4 81 32 4 60 4 41 4 96 30 4 12 4 104 48 4 31 4 22 4 72 58 4 28 4 56 4 47 33 4 38 4 51 4 22 4 64 21 4 57 4 8 4 56 4 17 60 4 9 4 36 4 0 42 4 24 4 119 25 4 24 4 60 4 7 49 4 18 4 29 4 38 11 4 5 4 60 4 113 5 4 6 4 42 4 70 57 16 5 16 93 19 4 0 29 16 41 16 40 7 4 60 4 34 45 4 12 4 14 4 116 33 4 5 4 9 4 41 4 91 8 4 17 4 61 22 4 18 4 5 4 5 4 0 60 4 58 4 8 4 71 30 4 44 4 46 4 59 25 4 60 4 11 4 25 30 4 6 4 5 4 107 33 4 25 4 39 4 26 4 101 54 4 59 4 60 4 58 4 61 60 4 5 4 50 4 13 12 4 52 4 38 4 117 5 4 17 4 47 4 
iteration 772 best: 1.21745 leader: 1.21745 time: 370026
35 50 4 14 4 55 4 45 60 4 43 4 39 10 4 5 4 29 4 47 23 4 5 4 20 4 60 48 4 31 4 39 4 12 29 4 60 4 32 4 25 4 10 60 4 14 4 53 4 34 21 4 40 4 79 48 4 29 4 59 38 4 42 4 36 4 52 4 80 47 4 48 4 30 31 4 14 4 21 5 4 33 4 36 4 28 4 23 4 0 10 4 33 4 18 4 28 4 18 51 4 49 4 62 16 4 17 4 41 4 60 4 0 31 4 5 4 10 4 66 39 4 38 4 30 23 4 29 4 60 18 20 41 57 4 10 4 55 4 8 31 20 64 5 4 32 4 48 4 68 46 4 36 4 25 4 35 4 77 46 4 15 4 64 60 4 50 4 27 4 62 34 4 22 4 103 60 4 34 4 52 4 13 35 4 40 4 12 4 58 5 4 36 4 88 24 4 45 4 58 23 4 30 31 4 21 4 44 4 21 23 4 26 4 95 52 4 60 4 51 48 4 22 4 82 27 4 57 4 77 26 4 28 4 43 5 4 22 4 50 52 4 10 4 71 35 4 5 4 81 32 4 60 4 41 4 96 30 4 12 4 104 48 4 31 4 22 4 72 58 4 28 4 56 4 47 33 4 38 4 51 4 22 4 64 21 4 57 4 8 4 56 4 17 60 4 9 4 36 4 0 42 4 24 4 119 25 4 24 4 60 4 7 49 4 18 4 29 4 38 11 4 5 4 60 4 113 5 4 6 4 42 4 70 57 16 5 16 93 19 4 0 29 16 41 16 40 7 4 60 4 34 45 4 12 4 14 4 116 33 4 5 4 9 4 41 4 91 8 4 17 4 61 22 4 18 4 5 4 5 4 0 60 4 58 4 8 4 71 30 4 44 4 46 4 59 25 4 60 4 11 4 25 30 4 6 4 5 4 107 33 4 25 4 39 4 26 4 101 54 4 59 4 60 4 58 4 61 60 4 5 4 50 4 13 12 4 52 4 38 4 117 5 4 17 4 47 4 
iteration 788 best: 1.21745 leader: 1.21745 time: 377645
35 50 4 14 4 55 4 45 60 4 43 4 39 10 4 5 4 29 4 47 23 4 5 4 20 4 60 48 4 31 4 39 4 12 29 4 60 4 32 4 25 4 10 60 4 14 4 53 4 34 21 4 40 4 79 48 4 29 4 59 38 4 42 4 36 4 52 4 80 47 4 48 4 30 31 4 14 4 21 5 4 33 4 36 4 28 4 23 4 0 10 4 33 4 18 4 28 4 18 51 4 49 4 62 16 4 17 4 41 4 60 4 0 31 4 5 4 10 4 66 39 4 38 4 30 23 4 29 4 60 18 20 41 57 4 10 4 55 4 8 31 20 64 5 4 32 4 48 4 68 46 4 36 4 25 4 35 4 77 46 4 15 4 64 60 4 50 4 27 4 62 34 4 22 4 103 60 4 34 4 52 4 13 35 4 40 4 12 4 58 5 4 36 4 88 24 4 45 4 58 23 4 30 31 4 21 4 44 4 21 23 4 26 4 95 52 4 60 4 51 48 4 22 4 82 27 4 57 4 77 26 4 28 4 43 5 4 22 4 50 52 4 10 4 71 35 4 5 4 81 32 4 60 4 41 4 96 30 4 12 4 104 48 4 31 4 22 4 72 58 4 28 4 56 4 47 33 4 38 4 51 4 22 4 64 21 4 57 4 8 4 56 4 17 60 4 9 4 36 4 0 42 4 24 4 119 25 4 24 4 60 4 7 49 4 18 4 29 4 38 11 4 5 4 60 4 113 5 4 6 4 42 4 70 57 16 5 16 93 19 4 0 29 16 41 16 40 7 4 60 4 34 45 4 12 4 14 4 116 33 4 5 4 9 4 41 4 91 8 4 17 4 61 22 4 18 4 5 4 5 4 0 60 4 58 4 8 4 71 30 4 44 4 46 4 59 25 4 60 4 11 4 25 30 4 6 4 5 4 107 33 4 25 4 39 4 26 4 101 54 4 59 4 60 4 58 4 61 60 4 5 4 50 4 13 12 4 52 4 38 4 117 5 4 17 4 47 4 
iteration 804 best: 1.21745 leader: 1.21745 time: 385276
35 50 4 14 4 55 4 45 60 4 43 4 39 10 4 5 4 29 4 47 23 4 5 4 20 4 60 48 4 31 4 39 4 12 29 4 60 4 32 4 25 4 10 60 4 14 4 53 4 34 21 4 40 4 79 48 4 29 4 59 38 4 42 4 36 4 52 4 80 47 4 48 4 30 31 4 14 4 21 5 4 33 4 36 4 28 4 23 4 0 10 4 33 4 18 4 28 4 18 51 4 49 4 62 16 4 17 4 41 4 60 4 0 31 4 5 4 10 4 66 39 4 38 4 30 23 4 29 4 60 18 20 41 57 4 10 4 55 4 8 31 20 64 5 4 32 4 48 4 68 46 4 36 4 25 4 35 4 77 46 4 15 4 64 60 4 50 4 27 4 62 34 4 22 4 103 60 4 34 4 52 4 13 35 4 40 4 12 4 58 5 4 36 4 88 24 4 45 4 58 23 4 30 31 4 21 4 44 4 21 23 4 26 4 95 52 4 60 4 51 48 4 22 4 82 27 4 57 4 77 26 4 28 4 43 5 4 22 4 50 52 4 10 4 71 35 4 5 4 81 32 4 60 4 41 4 96 30 4 12 4 104 48 4 31 4 22 4 72 58 4 28 4 56 4 47 33 4 38 4 51 4 22 4 64 21 4 57 4 8 4 56 4 17 60 4 9 4 36 4 0 42 4 24 4 119 25 4 24 4 60 4 7 49 4 18 4 29 4 38 11 4 5 4 60 4 113 5 4 6 4 42 4 70 57 16 5 16 93 19 4 0 29 16 41 16 40 7 4 60 4 34 45 4 12 4 14 4 116 33 4 5 4 9 4 41 4 91 8 4 17 4 61 22 4 18 4 5 4 5 4 0 60 4 58 4 8 4 71 30 4 44 4 46 4 59 25 4 60 4 11 4 25 30 4 6 4 5 4 107 33 4 25 4 39 4 26 4 101 54 4 59 4 60 4 58 4 61 60 4 5 4 50 4 13 12 4 52 4 38 4 117 5 4 17 4 47 4 
iteration 820 best: 1.21745 leader: 1.21745 time: 392912
35 50 4 14 4 55 4 45 60 4 43 4 39 10 4 5 4 29 4 47 23 4 5 4 20 4 60 48 4 31 4 39 4 12 29 4 60 4 32 4 25 4 10 60 4 14 4 53 4 34 21 4 40 4 79 48 4 29 4 59 38 4 42 4 36 4 52 4 80 47 4 48 4 30 31 4 14 4 21 5 4 33 4 36 4 28 4 23 4 0 10 4 33 4 18 4 28 4 18 51 4 49 4 62 16 4 17 4 41 4 60 4 0 31 4 5 4 10 4 66 39 4 38 4 30 23 4 29 4 60 18 20 41 57 4 10 4 55 4 8 31 20 64 5 4 32 4 48 4 68 46 4 36 4 25 4 35 4 77 46 4 15 4 64 60 4 50 4 27 4 62 34 4 22 4 103 60 4 34 4 52 4 13 35 4 40 4 12 4 58 5 4 36 4 88 24 4 45 4 58 23 4 30 31 4 21 4 44 4 21 23 4 26 4 95 52 4 60 4 51 48 4 22 4 82 27 4 57 4 77 26 4 28 4 43 5 4 22 4 50 52 4 10 4 71 35 4 5 4 81 32 4 60 4 41 4 96 30 4 12 4 104 48 4 31 4 22 4 72 58 4 28 4 56 4 47 33 4 38 4 51 4 22 4 64 21 4 57 4 8 4 56 4 17 60 4 9 4 36 4 0 42 4 24 4 119 25 4 24 4 60 4 7 49 4 18 4 29 4 38 11 4 5 4 60 4 113 5 4 6 4 42 4 70 57 16 5 16 93 19 4 0 29 16 41 16 40 7 4 60 4 34 45 4 12 4 14 4 116 33 4 5 4 9 4 41 4 91 8 4 17 4 61 22 4 18 4 5 4 5 4 0 60 4 58 4 8 4 71 30 4 44 4 46 4 59 25 4 60 4 11 4 25 30 4 6 4 5 4 107 33 4 25 4 39 4 26 4 101 54 4 59 4 60 4 58 4 61 60 4 5 4 50 4 13 12 4 52 4 38 4 117 5 4 17 4 47 4 
iteration 836 best: 1.21745 leader: 1.21745 time: 400535
35 50 4 14 4 55 4 45 60 4 43 4 39 10 4 5 4 29 4 47 23 4 5 4 20 4 60 48 4 31 4 39 4 12 29 4 60 4 32 4 25 4 10 60 4 14 4 53 4 34 21 4 40 4 79 48 4 29 4 59 38 4 42 4 36 4 52 4 80 47 4 48 4 30 31 4 14 4 21 5 4 33 4 36 4 28 4 23 4 0 10 4 33 4 18 4 28 4 18 51 4 49 4 62 16 4 17 4 41 4 60 4 0 31 4 5 4 10 4 66 39 4 38 4 30 23 4 29 4 60 18 20 41 57 4 10 4 55 4 8 31 20 64 5 4 32 4 48 4 68 46 4 36 4 25 4 35 4 77 46 4 15 4 64 60 4 50 4 27 4 62 34 4 22 4 103 60 4 34 4 52 4 13 35 4 40 4 12 4 58 5 4 36 4 88 24 4 45 4 58 23 4 30 31 4 21 4 44 4 21 23 4 26 4 95 52 4 60 4 51 48 4 22 4 82 27 4 57 4 77 26 4 28 4 43 5 4 22 4 50 52 4 10 4 71 35 4 5 4 81 32 4 60 4 41 4 96 30 4 12 4 104 48 4 31 4 22 4 72 58 4 28 4 56 4 47 33 4 38 4 51 4 22 4 64 21 4 57 4 8 4 56 4 17 60 4 9 4 36 4 0 42 4 24 4 119 25 4 24 4 60 4 7 49 4 18 4 29 4 38 11 4 5 4 60 4 113 5 4 6 4 42 4 70 57 16 5 16 93 19 4 0 29 16 41 16 40 7 4 60 4 34 45 4 12 4 14 4 116 33 4 5 4 9 4 41 4 91 8 4 17 4 61 22 4 18 4 5 4 5 4 0 60 4 58 4 8 4 71 30 4 44 4 46 4 59 25 4 60 4 11 4 25 30 4 6 4 5 4 107 33 4 25 4 39 4 26 4 101 54 4 59 4 60 4 58 4 61 60 4 5 4 50 4 13 12 4 52 4 38 4 117 5 4 17 4 47 4 
iteration 852 best: 1.21745 leader: 1.21745 time: 408168
35 50 4 14 4 55 4 45 60 4 43 4 39 10 4 5 4 29 4 47 23 4 5 4 20 4 60 48 4 31 4 39 4 12 29 4 60 4 32 4 25 4 10 60 4 14 4 53 4 34 21 4 40 4 79 48 4 29 4 59 38 4 42 4 36 4 52 4 80 47 4 48 4 30 31 4 14 4 21 5 4 33 4 36 4 28 4 23 4 0 10 4 33 4 18 4 28 4 18 51 4 49 4 62 16 4 17 4 41 4 60 4 0 31 4 5 4 10 4 66 39 4 38 4 30 23 4 29 4 60 18 20 41 57 4 10 4 55 4 8 31 20 64 5 4 32 4 48 4 68 46 4 36 4 25 4 35 4 77 46 4 15 4 64 60 4 50 4 27 4 62 34 4 22 4 103 60 4 34 4 52 4 13 35 4 40 4 12 4 58 5 4 36 4 88 24 4 45 4 58 23 4 30 31 4 21 4 44 4 21 23 4 26 4 95 52 4 60 4 51 48 4 22 4 82 27 4 57 4 77 26 4 28 4 43 5 4 22 4 50 52 4 10 4 71 35 4 5 4 81 32 4 60 4 41 4 96 30 4 12 4 104 48 4 31 4 22 4 72 58 4 28 4 56 4 47 33 4 38 4 51 4 22 4 64 21 4 57 4 8 4 56 4 17 60 4 9 4 36 4 0 42 4 24 4 119 25 4 24 4 60 4 7 49 4 18 4 29 4 38 11 4 5 4 60 4 113 5 4 6 4 42 4 70 57 16 5 16 93 19 4 0 29 16 41 16 40 7 4 60 4 34 45 4 12 4 14 4 116 33 4 5 4 9 4 41 4 91 8 4 17 4 61 22 4 18 4 5 4 5 4 0 60 4 58 4 8 4 71 30 4 44 4 46 4 59 25 4 60 4 11 4 25 30 4 6 4 5 4 107 33 4 25 4 39 4 26 4 101 54 4 59 4 60 4 58 4 61 60 4 5 4 50 4 13 12 4 52 4 38 4 117 5 4 17 4 47 4 
iteration 868 best: 1.21745 leader: 1.21745 time: 415786
35 50 4 14 4 55 4 45 60 4 43 4 39 10 4 5 4 29 4 47 23 4 5 4 20 4 60 48 4 31 4 39 4 12 29 4 60 4 32 4 25 4 10 60 4 14 4 53 4 34 21 4 40 4 79 48 4 29 4 59 38 4 42 4 36 4 52 4 80 47 4 48 4 30 31 4 14 4 21 5 4 33 4 36 4 28 4 23 4 0 10 4 33 4 18 4 28 4 18 51 4 49 4 62 16 4 17 4 41 4 60 4 0 31 4 5 4 10 4 66 39 4 38 4 30 23 4 29 4 60 18 20 41 57 4 10 4 55 4 8 31 20 64 5 4 32 4 48 4 68 46 4 36 4 25 4 35 4 77 46 4 15 4 64 60 4 50 4 27 4 62 34 4 22 4 103 60 4 34 4 52 4 13 35 4 40 4 12 4 58 5 4 36 4 88 24 4 45 4 58 23 4 30 31 4 21 4 44 4 21 23 4 26 4 95 52 4 60 4 51 48 4 22 4 82 27 4 57 4 77 26 4 28 4 43 5 4 22 4 50 52 4 10 4 71 35 4 5 4 81 32 4 60 4 41 4 96 30 4 12 4 104 48 4 31 4 22 4 72 58 4 28 4 56 4 47 33 4 38 4 51 4 22 4 64 21 4 57 4 8 4 56 4 17 60 4 9 4 36 4 0 42 4 24 4 119 25 4 24 4 60 4 7 49 4 18 4 29 4 38 11 4 5 4 60 4 113 5 4 6 4 42 4 70 57 16 5 16 93 19 4 0 29 16 41 16 40 7 4 60 4 34 45 4 12 4 14 4 116 33 4 5 4 9 4 41 4 91 8 4 17 4 61 22 4 18 4 5 4 5 4 0 60 4 58 4 8 4 71 30 4 44 4 46 4 59 25 4 60 4 11 4 25 30 4 6 4 5 4 107 33 4 25 4 39 4 26 4 101 54 4 59 4 60 4 58 4 61 60 4 5 4 50 4 13 12 4 52 4 38 4 117 5 4 17 4 47 4 
iteration 884 best: 1.21745 leader: 1.21745 time: 423412
35 50 4 14 4 55 4 45 60 4 43 4 39 10 4 5 4 29 4 47 23 4 5 4 20 4 60 48 4 31 4 39 4 12 29 4 60 4 32 4 25 4 10 60 4 14 4 53 4 34 21 4 40 4 79 48 4 29 4 59 38 4 42 4 36 4 52 4 80 47 4 48 4 30 31 4 14 4 21 5 4 33 4 36 4 28 4 23 4 0 10 4 33 4 18 4 28 4 18 51 4 49 4 62 16 4 17 4 41 4 60 4 0 31 4 5 4 10 4 66 39 4 38 4 30 23 4 29 4 60 18 20 41 57 4 10 4 55 4 8 31 20 64 5 4 32 4 48 4 68 46 4 36 4 25 4 35 4 77 46 4 15 4 64 60 4 50 4 27 4 62 34 4 22 4 103 60 4 34 4 52 4 13 35 4 40 4 12 4 58 5 4 36 4 88 24 4 45 4 58 23 4 30 31 4 21 4 44 4 21 23 4 26 4 95 52 4 60 4 51 48 4 22 4 82 27 4 57 4 77 26 4 28 4 43 5 4 22 4 50 52 4 10 4 71 35 4 5 4 81 32 4 60 4 41 4 96 30 4 12 4 104 48 4 31 4 22 4 72 58 4 28 4 56 4 47 33 4 38 4 51 4 22 4 64 21 4 57 4 8 4 56 4 17 60 4 9 4 36 4 0 42 4 24 4 119 25 4 24 4 60 4 7 49 4 18 4 29 4 38 11 4 5 4 60 4 113 5 4 6 4 42 4 70 57 16 5 16 93 19 4 0 29 16 41 16 40 7 4 60 4 34 45 4 12 4 14 4 116 33 4 5 4 9 4 41 4 91 8 4 17 4 61 22 4 18 4 5 4 5 4 0 60 4 58 4 8 4 71 30 4 44 4 46 4 59 25 4 60 4 11 4 25 30 4 6 4 5 4 107 33 4 25 4 39 4 26 4 101 54 4 59 4 60 4 58 4 61 60 4 5 4 50 4 13 12 4 52 4 38 4 117 5 4 17 4 47 4 
iteration 900 best: 1.21745 leader: 1.21745 time: 431068
35 50 4 14 4 55 4 45 60 4 43 4 39 10 4 5 4 29 4 47 23 4 5 4 20 4 60 48 4 31 4 39 4 12 29 4 60 4 32 4 25 4 10 60 4 14 4 53 4 34 21 4 40 4 79 48 4 29 4 59 38 4 42 4 36 4 52 4 80 47 4 48 4 30 31 4 14 4 21 5 4 33 4 36 4 28 4 23 4 0 10 4 33 4 18 4 28 4 18 51 4 49 4 62 16 4 17 4 41 4 60 4 0 31 4 5 4 10 4 66 39 4 38 4 30 23 4 29 4 60 18 20 41 57 4 10 4 55 4 8 31 20 64 5 4 32 4 48 4 68 46 4 36 4 25 4 35 4 77 46 4 15 4 64 60 4 50 4 27 4 62 34 4 22 4 103 60 4 34 4 52 4 13 35 4 40 4 12 4 58 5 4 36 4 88 24 4 45 4 58 23 4 30 31 4 21 4 44 4 21 23 4 26 4 95 52 4 60 4 51 48 4 22 4 82 27 4 57 4 77 26 4 28 4 43 5 4 22 4 50 52 4 10 4 71 35 4 5 4 81 32 4 60 4 41 4 96 30 4 12 4 104 48 4 31 4 22 4 72 58 4 28 4 56 4 47 33 4 38 4 51 4 22 4 64 21 4 57 4 8 4 56 4 17 60 4 9 4 36 4 0 42 4 24 4 119 25 4 24 4 60 4 7 49 4 18 4 29 4 38 11 4 5 4 60 4 113 5 4 6 4 42 4 70 57 16 5 16 93 19 4 0 29 16 41 16 40 7 4 60 4 34 45 4 12 4 14 4 116 33 4 5 4 9 4 41 4 91 8 4 17 4 61 22 4 18 4 5 4 5 4 0 60 4 58 4 8 4 71 30 4 44 4 46 4 59 25 4 60 4 11 4 25 30 4 6 4 5 4 107 33 4 25 4 39 4 26 4 101 54 4 59 4 60 4 58 4 61 60 4 5 4 50 4 13 12 4 52 4 38 4 117 5 4 17 4 47 4 
iteration 916 best: 1.21745 leader: 1.21745 time: 438695
35 50 4 14 4 55 4 45 60 4 43 4 39 10 4 5 4 29 4 47 23 4 5 4 20 4 60 48 4 31 4 39 4 12 29 4 60 4 32 4 25 4 10 60 4 14 4 53 4 34 21 4 40 4 79 48 4 29 4 59 38 4 42 4 36 4 52 4 80 47 4 48 4 30 31 4 14 4 21 5 4 33 4 36 4 28 4 23 4 0 10 4 33 4 18 4 28 4 18 51 4 49 4 62 16 4 17 4 41 4 60 4 0 31 4 5 4 10 4 66 39 4 38 4 30 23 4 29 4 60 18 20 41 57 4 10 4 55 4 8 31 20 64 5 4 32 4 48 4 68 46 4 36 4 25 4 35 4 77 46 4 15 4 64 60 4 50 4 27 4 62 34 4 22 4 103 60 4 34 4 52 4 13 35 4 40 4 12 4 58 5 4 36 4 88 24 4 45 4 58 23 4 30 31 4 21 4 44 4 21 23 4 26 4 95 52 4 60 4 51 48 4 22 4 82 27 4 57 4 77 26 4 28 4 43 5 4 22 4 50 52 4 10 4 71 35 4 5 4 81 32 4 60 4 41 4 96 30 4 12 4 104 48 4 31 4 22 4 72 58 4 28 4 56 4 47 33 4 38 4 51 4 22 4 64 21 4 57 4 8 4 56 4 17 60 4 9 4 36 4 0 42 4 24 4 119 25 4 24 4 60 4 7 49 4 18 4 29 4 38 11 4 5 4 60 4 113 5 4 6 4 42 4 70 57 16 5 16 93 19 4 0 29 16 41 16 40 7 4 60 4 34 45 4 12 4 14 4 116 33 4 5 4 9 4 41 4 91 8 4 17 4 61 22 4 18 4 5 4 5 4 0 60 4 58 4 8 4 71 30 4 44 4 46 4 59 25 4 60 4 11 4 25 30 4 6 4 5 4 107 33 4 25 4 39 4 26 4 101 54 4 59 4 60 4 58 4 61 60 4 5 4 50 4 13 12 4 52 4 38 4 117 5 4 17 4 47 4 
iteration 932 best: 1.21745 leader: 1.21745 time: 446317
35 50 4 14 4 55 4 45 60 4 43 4 39 10 4 5 4 29 4 47 23 4 5 4 20 4 60 48 4 31 4 39 4 12 29 4 60 4 32 4 25 4 10 60 4 14 4 53 4 34 21 4 40 4 79 48 4 29 4 59 38 4 42 4 36 4 52 4 80 47 4 48 4 30 31 4 14 4 21 5 4 33 4 36 4 28 4 23 4 0 10 4 33 4 18 4 28 4 18 51 4 49 4 62 16 4 17 4 41 4 60 4 0 31 4 5 4 10 4 66 39 4 38 4 30 23 4 29 4 60 18 20 41 57 4 10 4 55 4 8 31 20 64 5 4 32 4 48 4 68 46 4 36 4 25 4 35 4 77 46 4 15 4 64 60 4 50 4 27 4 62 34 4 22 4 103 60 4 34 4 52 4 13 35 4 40 4 12 4 58 5 4 36 4 88 24 4 45 4 58 23 4 30 31 4 21 4 44 4 21 23 4 26 4 95 52 4 60 4 51 48 4 22 4 82 27 4 57 4 77 26 4 28 4 43 5 4 22 4 50 52 4 10 4 71 35 4 5 4 81 32 4 60 4 41 4 96 30 4 12 4 104 48 4 31 4 22 4 72 58 4 28 4 56 4 47 33 4 38 4 51 4 22 4 64 21 4 57 4 8 4 56 4 17 60 4 9 4 36 4 0 42 4 24 4 119 25 4 24 4 60 4 7 49 4 18 4 29 4 38 11 4 5 4 60 4 113 5 4 6 4 42 4 70 57 16 5 16 93 19 4 0 29 16 41 16 40 7 4 60 4 34 45 4 12 4 14 4 116 33 4 5 4 9 4 41 4 91 8 4 17 4 61 22 4 18 4 5 4 5 4 0 60 4 58 4 8 4 71 30 4 44 4 46 4 59 25 4 60 4 11 4 25 30 4 6 4 5 4 107 33 4 25 4 39 4 26 4 101 54 4 59 4 60 4 58 4 61 60 4 5 4 50 4 13 12 4 52 4 38 4 117 5 4 17 4 47 4 
iteration 948 best: 1.21745 leader: 1.21745 time: 453933
35 50 4 14 4 55 4 45 60 4 43 4 39 10 4 5 4 29 4 47 23 4 5 4 20 4 60 48 4 31 4 39 4 12 29 4 60 4 32 4 25 4 10 60 4 14 4 53 4 34 21 4 40 4 79 48 4 29 4 59 38 4 42 4 36 4 52 4 80 47 4 48 4 30 31 4 14 4 21 5 4 33 4 36 4 28 4 23 4 0 10 4 33 4 18 4 28 4 18 51 4 49 4 62 16 4 17 4 41 4 60 4 0 31 4 5 4 10 4 66 39 4 38 4 30 23 4 29 4 60 18 20 41 57 4 10 4 55 4 8 31 20 64 5 4 32 4 48 4 68 46 4 36 4 25 4 35 4 77 46 4 15 4 64 60 4 50 4 27 4 62 34 4 22 4 103 60 4 34 4 52 4 13 35 4 40 4 12 4 58 5 4 36 4 88 24 4 45 4 58 23 4 30 31 4 21 4 44 4 21 23 4 26 4 95 52 4 60 4 51 48 4 22 4 82 27 4 57 4 77 26 4 28 4 43 5 4 22 4 50 52 4 10 4 71 35 4 5 4 81 32 4 60 4 41 4 96 30 4 12 4 104 48 4 31 4 22 4 72 58 4 28 4 56 4 47 33 4 38 4 51 4 22 4 64 21 4 57 4 8 4 56 4 17 60 4 9 4 36 4 0 42 4 24 4 119 25 4 24 4 60 4 7 49 4 18 4 29 4 38 11 4 5 4 60 4 113 5 4 6 4 42 4 70 57 16 5 16 93 19 4 0 29 16 41 16 40 7 4 60 4 34 45 4 12 4 14 4 116 33 4 5 4 9 4 41 4 91 8 4 17 4 61 22 4 18 4 5 4 5 4 0 60 4 58 4 8 4 71 30 4 44 4 46 4 59 25 4 60 4 11 4 25 30 4 6 4 5 4 107 33 4 25 4 39 4 26 4 101 54 4 59 4 60 4 58 4 61 60 4 5 4 50 4 13 12 4 52 4 38 4 117 5 4 17 4 47 4 
iteration 964 best: 1.21745 leader: 1.21745 time: 461549
35 50 4 14 4 55 4 45 60 4 43 4 39 10 4 5 4 29 4 47 23 4 5 4 20 4 60 48 4 31 4 39 4 12 29 4 60 4 32 4 25 4 10 60 4 14 4 53 4 34 21 4 40 4 79 48 4 29 4 59 38 4 42 4 36 4 52 4 80 47 4 48 4 30 31 4 14 4 21 5 4 33 4 36 4 28 4 23 4 0 10 4 33 4 18 4 28 4 18 51 4 49 4 62 16 4 17 4 41 4 60 4 0 31 4 5 4 10 4 66 39 4 38 4 30 23 4 29 4 60 18 20 41 57 4 10 4 55 4 8 31 20 64 5 4 32 4 48 4 68 46 4 36 4 25 4 35 4 77 46 4 15 4 64 60 4 50 4 27 4 62 34 4 22 4 103 60 4 34 4 52 4 13 35 4 40 4 12 4 58 5 4 36 4 88 24 4 45 4 58 23 4 30 31 4 21 4 44 4 21 23 4 26 4 95 52 4 60 4 51 48 4 22 4 82 27 4 57 4 77 26 4 28 4 43 5 4 22 4 50 52 4 10 4 71 35 4 5 4 81 32 4 60 4 41 4 96 30 4 12 4 104 48 4 31 4 22 4 72 58 4 28 4 56 4 47 33 4 38 4 51 4 22 4 64 21 4 57 4 8 4 56 4 17 60 4 9 4 36 4 0 42 4 24 4 119 25 4 24 4 60 4 7 49 4 18 4 29 4 38 11 4 5 4 60 4 113 5 4 6 4 42 4 70 57 16 5 16 93 19 4 0 29 16 41 16 40 7 4 60 4 34 45 4 12 4 14 4 116 33 4 5 4 9 4 41 4 91 8 4 17 4 61 22 4 18 4 5 4 5 4 0 60 4 58 4 8 4 71 30 4 44 4 46 4 59 25 4 60 4 11 4 25 30 4 6 4 5 4 107 33 4 25 4 39 4 26 4 101 54 4 59 4 60 4 58 4 61 60 4 5 4 50 4 13 12 4 52 4 38 4 117 5 4 17 4 47 4 
iteration 980 best: 1.21745 leader: 1.21745 time: 469211
35 50 4 14 4 55 4 45 60 4 43 4 39 10 4 5 4 29 4 47 23 4 5 4 20 4 60 48 4 31 4 39 4 12 29 4 60 4 32 4 25 4 10 60 4 14 4 53 4 34 21 4 40 4 79 48 4 29 4 59 38 4 42 4 36 4 52 4 80 47 4 48 4 30 31 4 14 4 21 5 4 33 4 36 4 28 4 23 4 0 10 4 33 4 18 4 28 4 18 51 4 49 4 62 16 4 17 4 41 4 60 4 0 31 4 5 4 10 4 66 39 4 38 4 30 23 4 29 4 60 18 20 41 57 4 10 4 55 4 8 31 20 64 5 4 32 4 48 4 68 46 4 36 4 25 4 35 4 77 46 4 15 4 64 60 4 50 4 27 4 62 34 4 22 4 103 60 4 34 4 52 4 13 35 4 40 4 12 4 58 5 4 36 4 88 24 4 45 4 58 23 4 30 31 4 21 4 44 4 21 23 4 26 4 95 52 4 60 4 51 48 4 22 4 82 27 4 57 4 77 26 4 28 4 43 5 4 22 4 50 52 4 10 4 71 35 4 5 4 81 32 4 60 4 41 4 96 30 4 12 4 104 48 4 31 4 22 4 72 58 4 28 4 56 4 47 33 4 38 4 51 4 22 4 64 21 4 57 4 8 4 56 4 17 60 4 9 4 36 4 0 42 4 24 4 119 25 4 24 4 60 4 7 49 4 18 4 29 4 38 11 4 5 4 60 4 113 5 4 6 4 42 4 70 57 16 5 16 93 19 4 0 29 16 41 16 40 7 4 60 4 34 45 4 12 4 14 4 116 33 4 5 4 9 4 41 4 91 8 4 17 4 61 22 4 18 4 5 4 5 4 0 60 4 58 4 8 4 71 30 4 44 4 46 4 59 25 4 60 4 11 4 25 30 4 6 4 5 4 107 33 4 25 4 39 4 26 4 101 54 4 59 4 60 4 58 4 61 60 4 5 4 50 4 13 12 4 52 4 38 4 117 5 4 17 4 47 4 
iteration 996 best: 1.21745 leader: 1.21745 time: 476823
35 50 4 14 4 55 4 45 60 4 43 4 39 10 4 5 4 29 4 47 23 4 5 4 20 4 60 48 4 31 4 39 4 12 29 4 60 4 32 4 25 4 10 60 4 14 4 53 4 34 21 4 40 4 79 48 4 29 4 59 38 4 42 4 36 4 52 4 80 47 4 48 4 30 31 4 14 4 21 5 4 33 4 36 4 28 4 23 4 0 10 4 33 4 18 4 28 4 18 51 4 49 4 62 16 4 17 4 41 4 60 4 0 31 4 5 4 10 4 66 39 4 38 4 30 23 4 29 4 60 18 20 41 57 4 10 4 55 4 8 31 20 64 5 4 32 4 48 4 68 46 4 36 4 25 4 35 4 77 46 4 15 4 64 60 4 50 4 27 4 62 34 4 22 4 103 60 4 34 4 52 4 13 35 4 40 4 12 4 58 5 4 36 4 88 24 4 45 4 58 23 4 30 31 4 21 4 44 4 21 23 4 26 4 95 52 4 60 4 51 48 4 22 4 82 27 4 57 4 77 26 4 28 4 43 5 4 22 4 50 52 4 10 4 71 35 4 5 4 81 32 4 60 4 41 4 96 30 4 12 4 104 48 4 31 4 22 4 72 58 4 28 4 56 4 47 33 4 38 4 51 4 22 4 64 21 4 57 4 8 4 56 4 17 60 4 9 4 36 4 0 42 4 24 4 119 25 4 24 4 60 4 7 49 4 18 4 29 4 38 11 4 5 4 60 4 113 5 4 6 4 42 4 70 57 16 5 16 93 19 4 0 29 16 41 16 40 7 4 60 4 34 45 4 12 4 14 4 116 33 4 5 4 9 4 41 4 91 8 4 17 4 61 22 4 18 4 5 4 5 4 0 60 4 58 4 8 4 71 30 4 44 4 46 4 59 25 4 60 4 11 4 25 30 4 6 4 5 4 107 33 4 25 4 39 4 26 4 101 54 4 59 4 60 4 58 4 61 60 4 5 4 50 4 13 12 4 52 4 38 4 117 5 4 17 4 47 4 
iteration 1012 best: 1.21745 leader: 1.21745 time: 484491
35 50 4 14 4 55 4 45 60 4 43 4 39 10 4 5 4 29 4 47 23 4 5 4 20 4 60 48 4 31 4 39 4 12 29 4 60 4 32 4 25 4 10 60 4 14 4 53 4 34 21 4 40 4 79 48 4 29 4 59 38 4 42 4 36 4 52 4 80 47 4 48 4 30 31 4 14 4 21 5 4 33 4 36 4 28 4 23 4 0 10 4 33 4 18 4 28 4 18 51 4 49 4 62 16 4 17 4 41 4 60 4 0 31 4 5 4 10 4 66 39 4 38 4 30 23 4 29 4 60 18 20 41 57 4 10 4 55 4 8 31 20 64 5 4 32 4 48 4 68 46 4 36 4 25 4 35 4 77 46 4 15 4 64 60 4 50 4 27 4 62 34 4 22 4 103 60 4 34 4 52 4 13 35 4 40 4 12 4 58 5 4 36 4 88 24 4 45 4 58 23 4 30 31 4 21 4 44 4 21 23 4 26 4 95 52 4 60 4 51 48 4 22 4 82 27 4 57 4 77 26 4 28 4 43 5 4 22 4 50 52 4 10 4 71 35 4 5 4 81 32 4 60 4 41 4 96 30 4 12 4 104 48 4 31 4 22 4 72 58 4 28 4 56 4 47 33 4 38 4 51 4 22 4 64 21 4 57 4 8 4 56 4 17 60 4 9 4 36 4 0 42 4 24 4 119 25 4 24 4 60 4 7 49 4 18 4 29 4 38 11 4 5 4 60 4 113 5 4 6 4 42 4 70 57 16 5 16 93 19 4 0 29 16 41 16 40 7 4 60 4 34 45 4 12 4 14 4 116 33 4 5 4 9 4 41 4 91 8 4 17 4 61 22 4 18 4 5 4 5 4 0 60 4 58 4 8 4 71 30 4 44 4 46 4 59 25 4 60 4 11 4 25 30 4 6 4 5 4 107 33 4 25 4 39 4 26 4 101 54 4 59 4 60 4 58 4 61 60 4 5 4 50 4 13 12 4 52 4 38 4 117 5 4 17 4 47 4 
iteration 1028 best: 1.21745 leader: 1.21745 time: 492134
35 50 4 14 4 55 4 45 60 4 43 4 39 10 4 5 4 29 4 47 23 4 5 4 20 4 60 48 4 31 4 39 4 12 29 4 60 4 32 4 25 4 10 60 4 14 4 53 4 34 21 4 40 4 79 48 4 29 4 59 38 4 42 4 36 4 52 4 80 47 4 48 4 30 31 4 14 4 21 5 4 33 4 36 4 28 4 23 4 0 10 4 33 4 18 4 28 4 18 51 4 49 4 62 16 4 17 4 41 4 60 4 0 31 4 5 4 10 4 66 39 4 38 4 30 23 4 29 4 60 18 20 41 57 4 10 4 55 4 8 31 20 64 5 4 32 4 48 4 68 46 4 36 4 25 4 35 4 77 46 4 15 4 64 60 4 50 4 27 4 62 34 4 22 4 103 60 4 34 4 52 4 13 35 4 40 4 12 4 58 5 4 36 4 88 24 4 45 4 58 23 4 30 31 4 21 4 44 4 21 23 4 26 4 95 52 4 60 4 51 48 4 22 4 82 27 4 57 4 77 26 4 28 4 43 5 4 22 4 50 52 4 10 4 71 35 4 5 4 81 32 4 60 4 41 4 96 30 4 12 4 104 48 4 31 4 22 4 72 58 4 28 4 56 4 47 33 4 38 4 51 4 22 4 64 21 4 57 4 8 4 56 4 17 60 4 9 4 36 4 0 42 4 24 4 119 25 4 24 4 60 4 7 49 4 18 4 29 4 38 11 4 5 4 60 4 113 5 4 6 4 42 4 70 57 16 5 16 93 19 4 0 29 16 41 16 40 7 4 60 4 34 45 4 12 4 14 4 116 33 4 5 4 9 4 41 4 91 8 4 17 4 61 22 4 18 4 5 4 5 4 0 60 4 58 4 8 4 71 30 4 44 4 46 4 59 25 4 60 4 11 4 25 30 4 6 4 5 4 107 33 4 25 4 39 4 26 4 101 54 4 59 4 60 4 58 4 61 60 4 5 4 50 4 13 12 4 52 4 38 4 117 5 4 17 4 47 4 
iteration 1044 best: 1.21745 leader: 1.21745 time: 499733
35 50 4 14 4 55 4 45 60 4 43 4 39 10 4 5 4 29 4 47 23 4 5 4 20 4 60 48 4 31 4 39 4 12 29 4 60 4 32 4 25 4 10 60 4 14 4 53 4 34 21 4 40 4 79 48 4 29 4 59 38 4 42 4 36 4 52 4 80 47 4 48 4 30 31 4 14 4 21 5 4 33 4 36 4 28 4 23 4 0 10 4 33 4 18 4 28 4 18 51 4 49 4 62 16 4 17 4 41 4 60 4 0 31 4 5 4 10 4 66 39 4 38 4 30 23 4 29 4 60 18 20 41 57 4 10 4 55 4 8 31 20 64 5 4 32 4 48 4 68 46 4 36 4 25 4 35 4 77 46 4 15 4 64 60 4 50 4 27 4 62 34 4 22 4 103 60 4 34 4 52 4 13 35 4 40 4 12 4 58 5 4 36 4 88 24 4 45 4 58 23 4 30 31 4 21 4 44 4 21 23 4 26 4 95 52 4 60 4 51 48 4 22 4 82 27 4 57 4 77 26 4 28 4 43 5 4 22 4 50 52 4 10 4 71 35 4 5 4 81 32 4 60 4 41 4 96 30 4 12 4 104 48 4 31 4 22 4 72 58 4 28 4 56 4 47 33 4 38 4 51 4 22 4 64 21 4 57 4 8 4 56 4 17 60 4 9 4 36 4 0 42 4 24 4 119 25 4 24 4 60 4 7 49 4 18 4 29 4 38 11 4 5 4 60 4 113 5 4 6 4 42 4 70 57 16 5 16 93 19 4 0 29 16 41 16 40 7 4 60 4 34 45 4 12 4 14 4 116 33 4 5 4 9 4 41 4 91 8 4 17 4 61 22 4 18 4 5 4 5 4 0 60 4 58 4 8 4 71 30 4 44 4 46 4 59 25 4 60 4 11 4 25 30 4 6 4 5 4 107 33 4 25 4 39 4 26 4 101 54 4 59 4 60 4 58 4 61 60 4 5 4 50 4 13 12 4 52 4 38 4 117 5 4 17 4 47 4 
iteration 1060 best: 1.21745 leader: 1.21745 time: 507409
35 50 4 14 4 55 4 45 60 4 43 4 39 10 4 5 4 29 4 47 23 4 5 4 20 4 60 48 4 31 4 39 4 12 29 4 60 4 32 4 25 4 10 60 4 14 4 53 4 34 21 4 40 4 79 48 4 29 4 59 38 4 42 4 36 4 52 4 80 47 4 48 4 30 31 4 14 4 21 5 4 33 4 36 4 28 4 23 4 0 10 4 33 4 18 4 28 4 18 51 4 49 4 62 16 4 17 4 41 4 60 4 0 31 4 5 4 10 4 66 39 4 38 4 30 23 4 29 4 60 18 20 41 57 4 10 4 55 4 8 31 20 64 5 4 32 4 48 4 68 46 4 36 4 25 4 35 4 77 46 4 15 4 64 60 4 50 4 27 4 62 34 4 22 4 103 60 4 34 4 52 4 13 35 4 40 4 12 4 58 5 4 36 4 88 24 4 45 4 58 23 4 30 31 4 21 4 44 4 21 23 4 26 4 95 52 4 60 4 51 48 4 22 4 82 27 4 57 4 77 26 4 28 4 43 5 4 22 4 50 52 4 10 4 71 35 4 5 4 81 32 4 60 4 41 4 96 30 4 12 4 104 48 4 31 4 22 4 72 58 4 28 4 56 4 47 33 4 38 4 51 4 22 4 64 21 4 57 4 8 4 56 4 17 60 4 9 4 36 4 0 42 4 24 4 119 25 4 24 4 60 4 7 49 4 18 4 29 4 38 11 4 5 4 60 4 113 5 4 6 4 42 4 70 57 16 5 16 93 19 4 0 29 16 41 16 40 7 4 60 4 34 45 4 12 4 14 4 116 33 4 5 4 9 4 41 4 91 8 4 17 4 61 22 4 18 4 5 4 5 4 0 60 4 58 4 8 4 71 30 4 44 4 46 4 59 25 4 60 4 11 4 25 30 4 6 4 5 4 107 33 4 25 4 39 4 26 4 101 54 4 59 4 60 4 58 4 61 60 4 5 4 50 4 13 12 4 52 4 38 4 117 5 4 17 4 47 4 
iteration 1076 best: 1.21745 leader: 1.21745 time: 515027
35 50 4 14 4 55 4 45 60 4 43 4 39 10 4 5 4 29 4 47 23 4 5 4 20 4 60 48 4 31 4 39 4 12 29 4 60 4 32 4 25 4 10 60 4 14 4 53 4 34 21 4 40 4 79 48 4 29 4 59 38 4 42 4 36 4 52 4 80 47 4 48 4 30 31 4 14 4 21 5 4 33 4 36 4 28 4 23 4 0 10 4 33 4 18 4 28 4 18 51 4 49 4 62 16 4 17 4 41 4 60 4 0 31 4 5 4 10 4 66 39 4 38 4 30 23 4 29 4 60 18 20 41 57 4 10 4 55 4 8 31 20 64 5 4 32 4 48 4 68 46 4 36 4 25 4 35 4 77 46 4 15 4 64 60 4 50 4 27 4 62 34 4 22 4 103 60 4 34 4 52 4 13 35 4 40 4 12 4 58 5 4 36 4 88 24 4 45 4 58 23 4 30 31 4 21 4 44 4 21 23 4 26 4 95 52 4 60 4 51 48 4 22 4 82 27 4 57 4 77 26 4 28 4 43 5 4 22 4 50 52 4 10 4 71 35 4 5 4 81 32 4 60 4 41 4 96 30 4 12 4 104 48 4 31 4 22 4 72 58 4 28 4 56 4 47 33 4 38 4 51 4 22 4 64 21 4 57 4 8 4 56 4 17 60 4 9 4 36 4 0 42 4 24 4 119 25 4 24 4 60 4 7 49 4 18 4 29 4 38 11 4 5 4 60 4 113 5 4 6 4 42 4 70 57 16 5 16 93 19 4 0 29 16 41 16 40 7 4 60 4 34 45 4 12 4 14 4 116 33 4 5 4 9 4 41 4 91 8 4 17 4 61 22 4 18 4 5 4 5 4 0 60 4 58 4 8 4 71 30 4 44 4 46 4 59 25 4 60 4 11 4 25 30 4 6 4 5 4 107 33 4 25 4 39 4 26 4 101 54 4 59 4 60 4 58 4 61 60 4 5 4 50 4 13 12 4 52 4 38 4 117 5 4 17 4 47 4 
iteration 1092 best: 1.21745 leader: 1.21745 time: 522642
35 50 4 14 4 55 4 45 60 4 43 4 39 10 4 5 4 29 4 47 23 4 5 4 20 4 60 48 4 31 4 39 4 12 29 4 60 4 32 4 25 4 10 60 4 14 4 53 4 34 21 4 40 4 79 48 4 29 4 59 38 4 42 4 36 4 52 4 80 47 4 48 4 30 31 4 14 4 21 5 4 33 4 36 4 28 4 23 4 0 10 4 33 4 18 4 28 4 18 51 4 49 4 62 16 4 17 4 41 4 60 4 0 31 4 5 4 10 4 66 39 4 38 4 30 23 4 29 4 60 18 20 41 57 4 10 4 55 4 8 31 20 64 5 4 32 4 48 4 68 46 4 36 4 25 4 35 4 77 46 4 15 4 64 60 4 50 4 27 4 62 34 4 22 4 103 60 4 34 4 52 4 13 35 4 40 4 12 4 58 5 4 36 4 88 24 4 45 4 58 23 4 30 31 4 21 4 44 4 21 23 4 26 4 95 52 4 60 4 51 48 4 22 4 82 27 4 57 4 77 26 4 28 4 43 5 4 22 4 50 52 4 10 4 71 35 4 5 4 81 32 4 60 4 41 4 96 30 4 12 4 104 48 4 31 4 22 4 72 58 4 28 4 56 4 47 33 4 38 4 51 4 22 4 64 21 4 57 4 8 4 56 4 17 60 4 9 4 36 4 0 42 4 24 4 119 25 4 24 4 60 4 7 49 4 18 4 29 4 38 11 4 5 4 60 4 113 5 4 6 4 42 4 70 57 16 5 16 93 19 4 0 29 16 41 16 40 7 4 60 4 34 45 4 12 4 14 4 116 33 4 5 4 9 4 41 4 91 8 4 17 4 61 22 4 18 4 5 4 5 4 0 60 4 58 4 8 4 71 30 4 44 4 46 4 59 25 4 60 4 11 4 25 30 4 6 4 5 4 107 33 4 25 4 39 4 26 4 101 54 4 59 4 60 4 58 4 61 60 4 5 4 50 4 13 12 4 52 4 38 4 117 5 4 17 4 47 4 
iteration 1108 best: 1.21745 leader: 1.21745 time: 530258
35 50 4 14 4 55 4 45 60 4 43 4 39 10 4 5 4 29 4 47 23 4 5 4 20 4 60 48 4 31 4 39 4 12 29 4 60 4 32 4 25 4 10 60 4 14 4 53 4 34 21 4 40 4 79 48 4 29 4 59 38 4 42 4 36 4 52 4 80 47 4 48 4 30 31 4 14 4 21 5 4 33 4 36 4 28 4 23 4 0 10 4 33 4 18 4 28 4 18 51 4 49 4 62 16 4 17 4 41 4 60 4 0 31 4 5 4 10 4 66 39 4 38 4 30 23 4 29 4 60 18 20 41 57 4 10 4 55 4 8 31 20 64 5 4 32 4 48 4 68 46 4 36 4 25 4 35 4 77 46 4 15 4 64 60 4 50 4 27 4 62 34 4 22 4 103 60 4 34 4 52 4 13 35 4 40 4 12 4 58 5 4 36 4 88 24 4 45 4 58 23 4 30 31 4 21 4 44 4 21 23 4 26 4 95 52 4 60 4 51 48 4 22 4 82 27 4 57 4 77 26 4 28 4 43 5 4 22 4 50 52 4 10 4 71 35 4 5 4 81 32 4 60 4 41 4 96 30 4 12 4 104 48 4 31 4 22 4 72 58 4 28 4 56 4 47 33 4 38 4 51 4 22 4 64 21 4 57 4 8 4 56 4 17 60 4 9 4 36 4 0 42 4 24 4 119 25 4 24 4 60 4 7 49 4 18 4 29 4 38 11 4 5 4 60 4 113 5 4 6 4 42 4 70 57 16 5 16 93 19 4 0 29 16 41 16 40 7 4 60 4 34 45 4 12 4 14 4 116 33 4 5 4 9 4 41 4 91 8 4 17 4 61 22 4 18 4 5 4 5 4 0 60 4 58 4 8 4 71 30 4 44 4 46 4 59 25 4 60 4 11 4 25 30 4 6 4 5 4 107 33 4 25 4 39 4 26 4 101 54 4 59 4 60 4 58 4 61 60 4 5 4 50 4 13 12 4 52 4 38 4 117 5 4 17 4 47 4 
iteration 1124 best: 1.21745 leader: 1.21745 time: 537881
35 50 4 14 4 55 4 45 60 4 43 4 39 10 4 5 4 29 4 47 23 4 5 4 20 4 60 48 4 31 4 39 4 12 29 4 60 4 32 4 25 4 10 60 4 14 4 53 4 34 21 4 40 4 79 48 4 29 4 59 38 4 42 4 36 4 52 4 80 47 4 48 4 30 31 4 14 4 21 5 4 33 4 36 4 28 4 23 4 0 10 4 33 4 18 4 28 4 18 51 4 49 4 62 16 4 17 4 41 4 60 4 0 31 4 5 4 10 4 66 39 4 38 4 30 23 4 29 4 60 18 20 41 57 4 10 4 55 4 8 31 20 64 5 4 32 4 48 4 68 46 4 36 4 25 4 35 4 77 46 4 15 4 64 60 4 50 4 27 4 62 34 4 22 4 103 60 4 34 4 52 4 13 35 4 40 4 12 4 58 5 4 36 4 88 24 4 45 4 58 23 4 30 31 4 21 4 44 4 21 23 4 26 4 95 52 4 60 4 51 48 4 22 4 82 27 4 57 4 77 26 4 28 4 43 5 4 22 4 50 52 4 10 4 71 35 4 5 4 81 32 4 60 4 41 4 96 30 4 12 4 104 48 4 31 4 22 4 72 58 4 28 4 56 4 47 33 4 38 4 51 4 22 4 64 21 4 57 4 8 4 56 4 17 60 4 9 4 36 4 0 42 4 24 4 119 25 4 24 4 60 4 7 49 4 18 4 29 4 38 11 4 5 4 60 4 113 5 4 6 4 42 4 70 57 16 5 16 93 19 4 0 29 16 41 16 40 7 4 60 4 34 45 4 12 4 14 4 116 33 4 5 4 9 4 41 4 91 8 4 17 4 61 22 4 18 4 5 4 5 4 0 60 4 58 4 8 4 71 30 4 44 4 46 4 59 25 4 60 4 11 4 25 30 4 6 4 5 4 107 33 4 25 4 39 4 26 4 101 54 4 59 4 60 4 58 4 61 60 4 5 4 50 4 13 12 4 52 4 38 4 117 5 4 17 4 47 4 
iteration 1140 best: 1.21745 leader: 1.21745 time: 545522
35 50 4 14 4 55 4 45 60 4 43 4 39 10 4 5 4 29 4 47 23 4 5 4 20 4 60 48 4 31 4 39 4 12 29 4 60 4 32 4 25 4 10 60 4 14 4 53 4 34 21 4 40 4 79 48 4 29 4 59 38 4 42 4 36 4 52 4 80 47 4 48 4 30 31 4 14 4 21 5 4 33 4 36 4 28 4 23 4 0 10 4 33 4 18 4 28 4 18 51 4 49 4 62 16 4 17 4 41 4 60 4 0 31 4 5 4 10 4 66 39 4 38 4 30 23 4 29 4 60 18 20 41 57 4 10 4 55 4 8 31 20 64 5 4 32 4 48 4 68 46 4 36 4 25 4 35 4 77 46 4 15 4 64 60 4 50 4 27 4 62 34 4 22 4 103 60 4 34 4 52 4 13 35 4 40 4 12 4 58 5 4 36 4 88 24 4 45 4 58 23 4 30 31 4 21 4 44 4 21 23 4 26 4 95 52 4 60 4 51 48 4 22 4 82 27 4 57 4 77 26 4 28 4 43 5 4 22 4 50 52 4 10 4 71 35 4 5 4 81 32 4 60 4 41 4 96 30 4 12 4 104 48 4 31 4 22 4 72 58 4 28 4 56 4 47 33 4 38 4 51 4 22 4 64 21 4 57 4 8 4 56 4 17 60 4 9 4 36 4 0 42 4 24 4 119 25 4 24 4 60 4 7 49 4 18 4 29 4 38 11 4 5 4 60 4 113 5 4 6 4 42 4 70 57 16 5 16 93 19 4 0 29 16 41 16 40 7 4 60 4 34 45 4 12 4 14 4 116 33 4 5 4 9 4 41 4 91 8 4 17 4 61 22 4 18 4 5 4 5 4 0 60 4 58 4 8 4 71 30 4 44 4 46 4 59 25 4 60 4 11 4 25 30 4 6 4 5 4 107 33 4 25 4 39 4 26 4 101 54 4 59 4 60 4 58 4 61 60 4 5 4 50 4 13 12 4 52 4 38 4 117 5 4 17 4 47 4 
iteration 1156 best: 1.21745 leader: 1.21745 time: 553133
35 50 4 14 4 55 4 45 60 4 43 4 39 10 4 5 4 29 4 47 23 4 5 4 20 4 60 48 4 31 4 39 4 12 29 4 60 4 32 4 25 4 10 60 4 14 4 53 4 34 21 4 40 4 79 48 4 29 4 59 38 4 42 4 36 4 52 4 80 47 4 48 4 30 31 4 14 4 21 5 4 33 4 36 4 28 4 23 4 0 10 4 33 4 18 4 28 4 18 51 4 49 4 62 16 4 17 4 41 4 60 4 0 31 4 5 4 10 4 66 39 4 38 4 30 23 4 29 4 60 18 20 41 57 4 10 4 55 4 8 31 20 64 5 4 32 4 48 4 68 46 4 36 4 25 4 35 4 77 46 4 15 4 64 60 4 50 4 27 4 62 34 4 22 4 103 60 4 34 4 52 4 13 35 4 40 4 12 4 58 5 4 36 4 88 24 4 45 4 58 23 4 30 31 4 21 4 44 4 21 23 4 26 4 95 52 4 60 4 51 48 4 22 4 82 27 4 57 4 77 26 4 28 4 43 5 4 22 4 50 52 4 10 4 71 35 4 5 4 81 32 4 60 4 41 4 96 30 4 12 4 104 48 4 31 4 22 4 72 58 4 28 4 56 4 47 33 4 38 4 51 4 22 4 64 21 4 57 4 8 4 56 4 17 60 4 9 4 36 4 0 42 4 24 4 119 25 4 24 4 60 4 7 49 4 18 4 29 4 38 11 4 5 4 60 4 113 5 4 6 4 42 4 70 57 16 5 16 93 19 4 0 29 16 41 16 40 7 4 60 4 34 45 4 12 4 14 4 116 33 4 5 4 9 4 41 4 91 8 4 17 4 61 22 4 18 4 5 4 5 4 0 60 4 58 4 8 4 71 30 4 44 4 46 4 59 25 4 60 4 11 4 25 30 4 6 4 5 4 107 33 4 25 4 39 4 26 4 101 54 4 59 4 60 4 58 4 61 60 4 5 4 50 4 13 12 4 52 4 38 4 117 5 4 17 4 47 4 
iteration 1172 best: 1.21745 leader: 1.21745 time: 560780
35 50 4 14 4 55 4 45 60 4 43 4 39 10 4 5 4 29 4 47 23 4 5 4 20 4 60 48 4 31 4 39 4 12 29 4 60 4 32 4 25 4 10 60 4 14 4 53 4 34 21 4 40 4 79 48 4 29 4 59 38 4 42 4 36 4 52 4 80 47 4 48 4 30 31 4 14 4 21 5 4 33 4 36 4 28 4 23 4 0 10 4 33 4 18 4 28 4 18 51 4 49 4 62 16 4 17 4 41 4 60 4 0 31 4 5 4 10 4 66 39 4 38 4 30 23 4 29 4 60 18 20 41 57 4 10 4 55 4 8 31 20 64 5 4 32 4 48 4 68 46 4 36 4 25 4 35 4 77 46 4 15 4 64 60 4 50 4 27 4 62 34 4 22 4 103 60 4 34 4 52 4 13 35 4 40 4 12 4 58 5 4 36 4 88 24 4 45 4 58 23 4 30 31 4 21 4 44 4 21 23 4 26 4 95 52 4 60 4 51 48 4 22 4 82 27 4 57 4 77 26 4 28 4 43 5 4 22 4 50 52 4 10 4 71 35 4 5 4 81 32 4 60 4 41 4 96 30 4 12 4 104 48 4 31 4 22 4 72 58 4 28 4 56 4 47 33 4 38 4 51 4 22 4 64 21 4 57 4 8 4 56 4 17 60 4 9 4 36 4 0 42 4 24 4 119 25 4 24 4 60 4 7 49 4 18 4 29 4 38 11 4 5 4 60 4 113 5 4 6 4 42 4 70 57 16 5 16 93 19 4 0 29 16 41 16 40 7 4 60 4 34 45 4 12 4 14 4 116 33 4 5 4 9 4 41 4 91 8 4 17 4 61 22 4 18 4 5 4 5 4 0 60 4 58 4 8 4 71 30 4 44 4 46 4 59 25 4 60 4 11 4 25 30 4 6 4 5 4 107 33 4 25 4 39 4 26 4 101 54 4 59 4 60 4 58 4 61 60 4 5 4 50 4 13 12 4 52 4 38 4 117 5 4 17 4 47 4 
iteration 1188 best: 1.21745 leader: 1.21745 time: 568436
35 50 4 14 4 55 4 45 60 4 43 4 39 10 4 5 4 29 4 47 23 4 5 4 20 4 60 48 4 31 4 39 4 12 29 4 60 4 32 4 25 4 10 60 4 14 4 53 4 34 21 4 40 4 79 48 4 29 4 59 38 4 42 4 36 4 52 4 80 47 4 48 4 30 31 4 14 4 21 5 4 33 4 36 4 28 4 23 4 0 10 4 33 4 18 4 28 4 18 51 4 49 4 62 16 4 17 4 41 4 60 4 0 31 4 5 4 10 4 66 39 4 38 4 30 23 4 29 4 60 18 20 41 57 4 10 4 55 4 8 31 20 64 5 4 32 4 48 4 68 46 4 36 4 25 4 35 4 77 46 4 15 4 64 60 4 50 4 27 4 62 34 4 22 4 103 60 4 34 4 52 4 13 35 4 40 4 12 4 58 5 4 36 4 88 24 4 45 4 58 23 4 30 31 4 21 4 44 4 21 23 4 26 4 95 52 4 60 4 51 48 4 22 4 82 27 4 57 4 77 26 4 28 4 43 5 4 22 4 50 52 4 10 4 71 35 4 5 4 81 32 4 60 4 41 4 96 30 4 12 4 104 48 4 31 4 22 4 72 58 4 28 4 56 4 47 33 4 38 4 51 4 22 4 64 21 4 57 4 8 4 56 4 17 60 4 9 4 36 4 0 42 4 24 4 119 25 4 24 4 60 4 7 49 4 18 4 29 4 38 11 4 5 4 60 4 113 5 4 6 4 42 4 70 57 16 5 16 93 19 4 0 29 16 41 16 40 7 4 60 4 34 45 4 12 4 14 4 116 33 4 5 4 9 4 41 4 91 8 4 17 4 61 22 4 18 4 5 4 5 4 0 60 4 58 4 8 4 71 30 4 44 4 46 4 59 25 4 60 4 11 4 25 30 4 6 4 5 4 107 33 4 25 4 39 4 26 4 101 54 4 59 4 60 4 58 4 61 60 4 5 4 50 4 13 12 4 52 4 38 4 117 5 4 17 4 47 4 
iteration 1204 best: 1.21745 leader: 1.21745 time: 576085
35 50 4 14 4 55 4 45 60 4 43 4 39 10 4 5 4 29 4 47 23 4 5 4 20 4 60 48 4 31 4 39 4 12 29 4 60 4 32 4 25 4 10 60 4 14 4 53 4 34 21 4 40 4 79 48 4 29 4 59 38 4 42 4 36 4 52 4 80 47 4 48 4 30 31 4 14 4 21 5 4 33 4 36 4 28 4 23 4 0 10 4 33 4 18 4 28 4 18 51 4 49 4 62 16 4 17 4 41 4 60 4 0 31 4 5 4 10 4 66 39 4 38 4 30 23 4 29 4 60 18 20 41 57 4 10 4 55 4 8 31 20 64 5 4 32 4 48 4 68 46 4 36 4 25 4 35 4 77 46 4 15 4 64 60 4 50 4 27 4 62 34 4 22 4 103 60 4 34 4 52 4 13 35 4 40 4 12 4 58 5 4 36 4 88 24 4 45 4 58 23 4 30 31 4 21 4 44 4 21 23 4 26 4 95 52 4 60 4 51 48 4 22 4 82 27 4 57 4 77 26 4 28 4 43 5 4 22 4 50 52 4 10 4 71 35 4 5 4 81 32 4 60 4 41 4 96 30 4 12 4 104 48 4 31 4 22 4 72 58 4 28 4 56 4 47 33 4 38 4 51 4 22 4 64 21 4 57 4 8 4 56 4 17 60 4 9 4 36 4 0 42 4 24 4 119 25 4 24 4 60 4 7 49 4 18 4 29 4 38 11 4 5 4 60 4 113 5 4 6 4 42 4 70 57 16 5 16 93 19 4 0 29 16 41 16 40 7 4 60 4 34 45 4 12 4 14 4 116 33 4 5 4 9 4 41 4 91 8 4 17 4 61 22 4 18 4 5 4 5 4 0 60 4 58 4 8 4 71 30 4 44 4 46 4 59 25 4 60 4 11 4 25 30 4 6 4 5 4 107 33 4 25 4 39 4 26 4 101 54 4 59 4 60 4 58 4 61 60 4 5 4 50 4 13 12 4 52 4 38 4 117 5 4 17 4 47 4 
iteration 1220 best: 1.21745 leader: 1.21745 time: 583735
35 50 4 14 4 55 4 45 60 4 43 4 39 10 4 5 4 29 4 47 23 4 5 4 20 4 60 48 4 31 4 39 4 12 29 4 60 4 32 4 25 4 10 60 4 14 4 53 4 34 21 4 40 4 79 48 4 29 4 59 38 4 42 4 36 4 52 4 80 47 4 48 4 30 31 4 14 4 21 5 4 33 4 36 4 28 4 23 4 0 10 4 33 4 18 4 28 4 18 51 4 49 4 62 16 4 17 4 41 4 60 4 0 31 4 5 4 10 4 66 39 4 38 4 30 23 4 29 4 60 18 20 41 57 4 10 4 55 4 8 31 20 64 5 4 32 4 48 4 68 46 4 36 4 25 4 35 4 77 46 4 15 4 64 60 4 50 4 27 4 62 34 4 22 4 103 60 4 34 4 52 4 13 35 4 40 4 12 4 58 5 4 36 4 88 24 4 45 4 58 23 4 30 31 4 21 4 44 4 21 23 4 26 4 95 52 4 60 4 51 48 4 22 4 82 27 4 57 4 77 26 4 28 4 43 5 4 22 4 50 52 4 10 4 71 35 4 5 4 81 32 4 60 4 41 4 96 30 4 12 4 104 48 4 31 4 22 4 72 58 4 28 4 56 4 47 33 4 38 4 51 4 22 4 64 21 4 57 4 8 4 56 4 17 60 4 9 4 36 4 0 42 4 24 4 119 25 4 24 4 60 4 7 49 4 18 4 29 4 38 11 4 5 4 60 4 113 5 4 6 4 42 4 70 57 16 5 16 93 19 4 0 29 16 41 16 40 7 4 60 4 34 45 4 12 4 14 4 116 33 4 5 4 9 4 41 4 91 8 4 17 4 61 22 4 18 4 5 4 5 4 0 60 4 58 4 8 4 71 30 4 44 4 46 4 59 25 4 60 4 11 4 25 30 4 6 4 5 4 107 33 4 25 4 39 4 26 4 101 54 4 59 4 60 4 58 4 61 60 4 5 4 50 4 13 12 4 52 4 38 4 117 5 4 17 4 47 4 
iteration 1236 best: 1.21745 leader: 1.21745 time: 591361
35 50 4 14 4 55 4 45 60 4 43 4 39 10 4 5 4 29 4 47 23 4 5 4 20 4 60 48 4 31 4 39 4 12 29 4 60 4 32 4 25 4 10 60 4 14 4 53 4 34 21 4 40 4 79 48 4 29 4 59 38 4 42 4 36 4 52 4 80 47 4 48 4 30 31 4 14 4 21 5 4 33 4 36 4 28 4 23 4 0 10 4 33 4 18 4 28 4 18 51 4 49 4 62 16 4 17 4 41 4 60 4 0 31 4 5 4 10 4 66 39 4 38 4 30 23 4 29 4 60 18 20 41 57 4 10 4 55 4 8 31 20 64 5 4 32 4 48 4 68 46 4 36 4 25 4 35 4 77 46 4 15 4 64 60 4 50 4 27 4 62 34 4 22 4 103 60 4 34 4 52 4 13 35 4 40 4 12 4 58 5 4 36 4 88 24 4 45 4 58 23 4 30 31 4 21 4 44 4 21 23 4 26 4 95 52 4 60 4 51 48 4 22 4 82 27 4 57 4 77 26 4 28 4 43 5 4 22 4 50 52 4 10 4 71 35 4 5 4 81 32 4 60 4 41 4 96 30 4 12 4 104 48 4 31 4 22 4 72 58 4 28 4 56 4 47 33 4 38 4 51 4 22 4 64 21 4 57 4 8 4 56 4 17 60 4 9 4 36 4 0 42 4 24 4 119 25 4 24 4 60 4 7 49 4 18 4 29 4 38 11 4 5 4 60 4 113 5 4 6 4 42 4 70 57 16 5 16 93 19 4 0 29 16 41 16 40 7 4 60 4 34 45 4 12 4 14 4 116 33 4 5 4 9 4 41 4 91 8 4 17 4 61 22 4 18 4 5 4 5 4 0 60 4 58 4 8 4 71 30 4 44 4 46 4 59 25 4 60 4 11 4 25 30 4 6 4 5 4 107 33 4 25 4 39 4 26 4 101 54 4 59 4 60 4 58 4 61 60 4 5 4 50 4 13 12 4 52 4 38 4 117 5 4 17 4 47 4 
iteration 1252 best: 1.21745 leader: 1.21745 time: 599013
35 50 4 14 4 55 4 45 60 4 43 4 39 10 4 5 4 29 4 47 23 4 5 4 20 4 60 48 4 31 4 39 4 12 29 4 60 4 32 4 25 4 10 60 4 14 4 53 4 34 21 4 40 4 79 48 4 29 4 59 38 4 42 4 36 4 52 4 80 47 4 48 4 30 31 4 14 4 21 5 4 33 4 36 4 28 4 23 4 0 10 4 33 4 18 4 28 4 18 51 4 49 4 62 16 4 17 4 41 4 60 4 0 31 4 5 4 10 4 66 39 4 38 4 30 23 4 29 4 60 18 20 41 57 4 10 4 55 4 8 31 20 64 5 4 32 4 48 4 68 46 4 36 4 25 4 35 4 77 46 4 15 4 64 60 4 50 4 27 4 62 34 4 22 4 103 60 4 34 4 52 4 13 35 4 40 4 12 4 58 5 4 36 4 88 24 4 45 4 58 23 4 30 31 4 21 4 44 4 21 23 4 26 4 95 52 4 60 4 51 48 4 22 4 82 27 4 57 4 77 26 4 28 4 43 5 4 22 4 50 52 4 10 4 71 35 4 5 4 81 32 4 60 4 41 4 96 30 4 12 4 104 48 4 31 4 22 4 72 58 4 28 4 56 4 47 33 4 38 4 51 4 22 4 64 21 4 57 4 8 4 56 4 17 60 4 9 4 36 4 0 42 4 24 4 119 25 4 24 4 60 4 7 49 4 18 4 29 4 38 11 4 5 4 60 4 113 5 4 6 4 42 4 70 57 16 5 16 93 19 4 0 29 16 41 16 40 7 4 60 4 34 45 4 12 4 14 4 116 33 4 5 4 9 4 41 4 91 8 4 17 4 61 22 4 18 4 5 4 5 4 0 60 4 58 4 8 4 71 30 4 44 4 46 4 59 25 4 60 4 11 4 25 30 4 6 4 5 4 107 33 4 25 4 39 4 26 4 101 54 4 59 4 60 4 58 4 61 60 4 5 4 50 4 13 12 4 52 4 38 4 117 5 4 17 4 47 4 
Best solution: 
35 50 4 14 4 55 4 45 60 4 43 4 39 10 4 5 4 29 4 47 23 4 5 4 20 4 60 48 4 31 4 39 4 12 29 4 60 4 32 4 25 4 10 60 4 14 4 53 4 34 21 4 40 4 79 48 4 29 4 59 38 4 42 4 36 4 52 4 80 47 4 48 4 30 31 4 14 4 21 5 4 33 4 36 4 28 4 23 4 0 10 4 33 4 18 4 28 4 18 51 4 49 4 62 16 4 17 4 41 4 60 4 0 31 4 5 4 10 4 66 39 4 38 4 30 23 4 29 4 60 18 20 41 57 4 10 4 55 4 8 31 20 64 5 4 32 4 48 4 68 46 4 36 4 25 4 35 4 77 46 4 15 4 64 60 4 50 4 27 4 62 34 4 22 4 103 60 4 34 4 52 4 13 35 4 40 4 12 4 58 5 4 36 4 88 24 4 45 4 58 23 4 30 31 4 21 4 44 4 21 23 4 26 4 95 52 4 60 4 51 48 4 22 4 82 27 4 57 4 77 26 4 28 4 43 5 4 22 4 50 52 4 10 4 71 35 4 5 4 81 32 4 60 4 41 4 96 30 4 12 4 104 48 4 31 4 22 4 72 58 4 28 4 56 4 47 33 4 38 4 51 4 22 4 64 21 4 57 4 8 4 56 4 17 60 4 9 4 36 4 0 42 4 24 4 119 25 4 24 4 60 4 7 49 4 18 4 29 4 38 11 4 5 4 60 4 113 5 4 6 4 42 4 70 57 16 5 16 93 19 4 0 29 16 41 16 40 7 4 60 4 34 45 4 12 4 14 4 116 33 4 5 4 9 4 41 4 91 8 4 17 4 61 22 4 18 4 5 4 5 4 0 60 4 58 4 8 4 71 30 4 44 4 46 4 59 25 4 60 4 11 4 25 30 4 6 4 5 4 107 33 4 25 4 39 4 26 4 101 54 4 59 4 60 4 58 4 61 60 4 5 4 50 4 13 12 4 52 4 38 4 117 5 4 17 4 47 4 
Fitness: 1.21745
