iteration 16 best: 1.17698 leader: 1.17698 time: 7450
0 48 4 29 4 60 4 35 36 4 41 4 61 12 4 5 4 27 4 0 25 4 53 4 60 4 76 28 4 5 4 26 4 24 49 4 38 4 9 4 39 4 6 49 4 49 4 5 4 51 5 4 24 4 0 38 4 38 4 2 55 4 5 4 28 4 37 4 48 5 4 45 4 50 5 4 25 4 47 5 4 33 4 18 4 5 4 46 4 19 57 4 5 4 30 4 30 4 90 22 4 28 4 72 60 4 47 4 27 4 42 4 42 56 4 30 4 49 4 22 47 4 41 4 9 45 4 49 4 46 47 20 62 21 4 17 4 60 4 57 5 20 93 35 4 23 4 22 4 70 44 4 39 4 24 4 47 4 114 46 4 60 4 0 15 4 6 4 54 4 82 6 4 49 4 81 58 4 5 4 6 4 16 60 4 15 4 58 4 0 43 4 17 4 26 55 4 14 4 79 43 4 106 21 4 57 4 49 4 0 8 4 23 4 104 43 4 60 4 94 41 4 52 4 44 34 4 48 4 96 22 4 57 4 114 53 4 10 4 25 60 4 5 4 81 37 4 25 4 14 56 4 24 4 38 4 3 58 4 60 4 27 37 4 26 4 35 4 79 5 4 21 4 20 4 119 60 4 47 4 60 4 11 4 89 34 4 44 4 46 4 60 4 50 39 4 48 4 60 4 102 37 4 20 4 68 60 4 5 4 40 4 117 49 4 53 4 50 4 61 23 4 30 4 19 4 73 60 4 22 4 13 4 0 25 16 44 16 57 60 4 110 39 16 60 16 95 5 4 18 4 57 60 4 47 4 13 4 96 40 4 25 4 32 4 46 4 49 36 4 48 4 66 40 4 60 4 60 4 60 4 53 47 4 12 4 58 4 79 15 4 29 4 54 4 25 27 4 32 4 35 4 55 60 4 39 4 28 4 102 52 4 16 4 50 4 11 4 0 49 4 27 4 5 4 13 4 32 60 4 40 4 37 4 71 60 4 32 4 22 4 19 60 4 33 4 31 4 
iteration 32 best: 1.17698 leader: 1.17698 time: 14897
0 48 4 29 4 60 4 35 36 4 41 4 61 12 4 5 4 27 4 0 25 4 53 4 60 4 76 28 4 5 4 26 4 24 49 4 38 4 9 4 39 4 6 49 4 49 4 5 4 51 5 4 24 4 0 38 4 38 4 2 55 4 5 4 28 4 37 4 48 5 4 45 4 50 5 4 25 4 47 5 4 33 4 18 4 5 4 46 4 19 57 4 5 4 30 4 30 4 90 22 4 28 4 72 60 4 47 4 27 4 42 4 42 56 4 30 4 49 4 22 47 4 41 4 9 45 4 49 4 46 47 20 62 21 4 17 4 60 4 57 5 20 93 35 4 23 4 22 4 70 44 4 39 4 24 4 47 4 114 46 4 60 4 0 15 4 6 4 54 4 82 6 4 49 4 81 58 4 5 4 6 4 16 60 4 15 4 58 4 0 43 4 17 4 26 55 4 14 4 79 43 4 106 21 4 57 4 49 4 0 8 4 23 4 104 43 4 60 4 94 41 4 52 4 44 34 4 48 4 96 22 4 57 4 114 53 4 10 4 25 60 4 5 4 81 37 4 25 4 14 56 4 24 4 38 4 3 58 4 60 4 27 37 4 26 4 35 4 79 5 4 21 4 20 4 119 60 4 47 4 60 4 11 4 89 34 4 44 4 46 4 60 4 50 39 4 48 4 60 4 102 37 4 20 4 68 60 4 5 4 40 4 117 49 4 53 4 50 4 61 23 4 30 4 19 4 73 60 4 22 4 13 4 0 25 16 44 16 57 60 4 110 39 16 60 16 95 5 4 18 4 57 60 4 47 4 13 4 96 40 4 25 4 32 4 46 4 49 36 4 48 4 66 40 4 60 4 60 4 60 4 53 47 4 12 4 58 4 79 15 4 29 4 54 4 25 27 4 32 4 35 4 55 60 4 39 4 28 4 102 52 4 16 4 50 4 11 4 0 49 4 27 4 5 4 13 4 32 60 4 40 4 37 4 71 60 4 32 4 22 4 19 60 4 33 4 31 4 
iteration 48 best: 1.17698 leader: 1.17698 time: 22374
0 48 4 29 4 60 4 35 36 4 41 4 61 12 4 5 4 27 4 0 25 4 53 4 60 4 76 28 4 5 4 26 4 24 49 4 38 4 9 4 39 4 6 49 4 49 4 5 4 51 5 4 24 4 0 38 4 38 4 2 55 4 5 4 28 4 37 4 48 5 4 45 4 50 5 4 25 4 47 5 4 33 4 18 4 5 4 46 4 19 57 4 5 4 30 4 30 4 90 22 4 28 4 72 60 4 47 4 27 4 42 4 42 56 4 30 4 49 4 22 47 4 41 4 9 45 4 49 4 46 47 20 62 21 4 17 4 60 4 57 5 20 93 35 4 23 4 22 4 70 44 4 39 4 24 4 47 4 114 46 4 60 4 0 15 4 6 4 54 4 82 6 4 49 4 81 58 4 5 4 6 4 16 60 4 15 4 58 4 0 43 4 17 4 26 55 4 14 4 79 43 4 106 21 4 57 4 49 4 0 8 4 23 4 104 43 4 60 4 94 41 4 52 4 44 34 4 48 4 96 22 4 57 4 114 53 4 10 4 25 60 4 5 4 81 37 4 25 4 14 56 4 24 4 38 4 3 58 4 60 4 27 37 4 26 4 35 4 79 5 4 21 4 20 4 119 60 4 47 4 60 4 11 4 89 34 4 44 4 46 4 60 4 50 39 4 48 4 60 4 102 37 4 20 4 68 60 4 5 4 40 4 117 49 4 53 4 50 4 61 23 4 30 4 19 4 73 60 4 22 4 13 4 0 25 16 44 16 57 60 4 110 39 16 60 16 95 5 4 18 4 57 60 4 47 4 13 4 96 40 4 25 4 32 4 46 4 49 36 4 48 4 66 40 4 60 4 60 4 60 4 53 47 4 12 4 58 4 79 15 4 29 4 54 4 25 27 4 32 4 35 4 55 60 4 39 4 28 4 102 52 4 16 4 50 4 11 4 0 49 4 27 4 5 4 13 4 32 60 4 40 4 37 4 71 60 4 32 4 22 4 19 60 4 33 4 31 4 
iteration 64 best: 1.17698 leader: 1.17698 time: 29866
0 48 4 29 4 60 4 35 36 4 41 4 61 12 4 5 4 27 4 0 25 4 53 4 60 4 76 28 4 5 4 26 4 24 49 4 38 4 9 4 39 4 6 49 4 49 4 5 4 51 5 4 24 4 0 38 4 38 4 2 55 4 5 4 28 4 37 4 48 5 4 45 4 50 5 4 25 4 47 5 4 33 4 18 4 5 4 46 4 19 57 4 5 4 30 4 30 4 90 22 4 28 4 72 60 4 47 4 27 4 42 4 42 56 4 30 4 49 4 22 47 4 41 4 9 45 4 49 4 46 47 20 62 21 4 17 4 60 4 57 5 20 93 35 4 23 4 22 4 70 44 4 39 4 24 4 47 4 114 46 4 60 4 0 15 4 6 4 54 4 82 6 4 49 4 81 58 4 5 4 6 4 16 60 4 15 4 58 4 0 43 4 17 4 26 55 4 14 4 79 43 4 106 21 4 57 4 49 4 0 8 4 23 4 104 43 4 60 4 94 41 4 52 4 44 34 4 48 4 96 22 4 57 4 114 53 4 10 4 25 60 4 5 4 81 37 4 25 4 14 56 4 24 4 38 4 3 58 4 60 4 27 37 4 26 4 35 4 79 5 4 21 4 20 4 119 60 4 47 4 60 4 11 4 89 34 4 44 4 46 4 60 4 50 39 4 48 4 60 4 102 37 4 20 4 68 60 4 5 4 40 4 117 49 4 53 4 50 4 61 23 4 30 4 19 4 73 60 4 22 4 13 4 0 25 16 44 16 57 60 4 110 39 16 60 16 95 5 4 18 4 57 60 4 47 4 13 4 96 40 4 25 4 32 4 46 4 49 36 4 48 4 66 40 4 60 4 60 4 60 4 53 47 4 12 4 58 4 79 15 4 29 4 54 4 25 27 4 32 4 35 4 55 60 4 39 4 28 4 102 52 4 16 4 50 4 11 4 0 49 4 27 4 5 4 13 4 32 60 4 40 4 37 4 71 60 4 32 4 22 4 19 60 4 33 4 31 4 
iteration 80 best: 1.17698 leader: 1.17698 time: 37332
0 48 4 29 4 60 4 35 36 4 41 4 61 12 4 5 4 27 4 0 25 4 53 4 60 4 76 28 4 5 4 26 4 24 49 4 38 4 9 4 39 4 6 49 4 49 4 5 4 51 5 4 24 4 0 38 4 38 4 2 55 4 5 4 28 4 37 4 48 5 4 45 4 50 5 4 25 4 47 5 4 33 4 18 4 5 4 46 4 19 57 4 5 4 30 4 30 4 90 22 4 28 4 72 60 4 47 4 27 4 42 4 42 56 4 30 4 49 4 22 47 4 41 4 9 45 4 49 4 46 47 20 62 21 4 17 4 60 4 57 5 20 93 35 4 23 4 22 4 70 44 4 39 4 24 4 47 4 114 46 4 60 4 0 15 4 6 4 54 4 82 6 4 49 4 81 58 4 5 4 6 4 16 60 4 15 4 58 4 0 43 4 17 4 26 55 4 14 4 79 43 4 106 21 4 57 4 49 4 0 8 4 23 4 104 43 4 60 4 94 41 4 52 4 44 34 4 48 4 96 22 4 57 4 114 53 4 10 4 25 60 4 5 4 81 37 4 25 4 14 56 4 24 4 38 4 3 58 4 60 4 27 37 4 26 4 35 4 79 5 4 21 4 20 4 119 60 4 47 4 60 4 11 4 89 34 4 44 4 46 4 60 4 50 39 4 48 4 60 4 102 37 4 20 4 68 60 4 5 4 40 4 117 49 4 53 4 50 4 61 23 4 30 4 19 4 73 60 4 22 4 13 4 0 25 16 44 16 57 60 4 110 39 16 60 16 95 5 4 18 4 57 60 4 47 4 13 4 96 40 4 25 4 32 4 46 4 49 36 4 48 4 66 40 4 60 4 60 4 60 4 53 47 4 12 4 58 4 79 15 4 29 4 54 4 25 27 4 32 4 35 4 55 60 4 39 4 28 4 102 52 4 16 4 50 4 11 4 0 49 4 27 4 5 4 13 4 32 60 4 40 4 37 4 71 60 4 32 4 22 4 19 60 4 33 4 31 4 
iteration 96 best: 1.17698 leader: 1.17698 time: 44846
0 48 4 29 4 60 4 35 36 4 41 4 61 12 4 5 4 27 4 0 25 4 53 4 60 4 76 28 4 5 4 26 4 24 49 4 38 4 9 4 39 4 6 49 4 49 4 5 4 51 5 4 24 4 0 38 4 38 4 2 55 4 5 4 28 4 37 4 48 5 4 45 4 50 5 4 25 4 47 5 4 33 4 18 4 5 4 46 4 19 57 4 5 4 30 4 30 4 90 22 4 28 4 72 60 4 47 4 27 4 42 4 42 56 4 30 4 49 4 22 47 4 41 4 9 45 4 49 4 46 47 20 62 21 4 17 4 60 4 57 5 20 93 35 4 23 4 22 4 70 44 4 39 4 24 4 47 4 114 46 4 60 4 0 15 4 6 4 54 4 82 6 4 49 4 81 58 4 5 4 6 4 16 60 4 15 4 58 4 0 43 4 17 4 26 55 4 14 4 79 43 4 106 21 4 57 4 49 4 0 8 4 23 4 104 43 4 60 4 94 41 4 52 4 44 34 4 48 4 96 22 4 57 4 114 53 4 10 4 25 60 4 5 4 81 37 4 25 4 14 56 4 24 4 38 4 3 58 4 60 4 27 37 4 26 4 35 4 79 5 4 21 4 20 4 119 60 4 47 4 60 4 11 4 89 34 4 44 4 46 4 60 4 50 39 4 48 4 60 4 102 37 4 20 4 68 60 4 5 4 40 4 117 49 4 53 4 50 4 61 23 4 30 4 19 4 73 60 4 22 4 13 4 0 25 16 44 16 57 60 4 110 39 16 60 16 95 5 4 18 4 57 60 4 47 4 13 4 96 40 4 25 4 32 4 46 4 49 36 4 48 4 66 40 4 60 4 60 4 60 4 53 47 4 12 4 58 4 79 15 4 29 4 54 4 25 27 4 32 4 35 4 55 60 4 39 4 28 4 102 52 4 16 4 50 4 11 4 0 49 4 27 4 5 4 13 4 32 60 4 40 4 37 4 71 60 4 32 4 22 4 19 60 4 33 4 31 4 
iteration 112 best: 1.17698 leader: 1.17698 time: 52216
0 48 4 29 4 60 4 35 36 4 41 4 61 12 4 5 4 27 4 0 25 4 53 4 60 4 76 28 4 5 4 26 4 24 49 4 38 4 9 4 39 4 6 49 4 49 4 5 4 51 5 4 24 4 0 38 4 38 4 2 55 4 5 4 28 4 37 4 48 5 4 45 4 50 5 4 25 4 47 5 4 33 4 18 4 5 4 46 4 19 57 4 5 4 30 4 30 4 90 22 4 28 4 72 60 4 47 4 27 4 42 4 42 56 4 30 4 49 4 22 47 4 41 4 9 45 4 49 4 46 47 20 62 21 4 17 4 60 4 57 5 20 93 35 4 23 4 22 4 70 44 4 39 4 24 4 47 4 114 46 4 60 4 0 15 4 6 4 54 4 82 6 4 49 4 81 58 4 5 4 6 4 16 60 4 15 4 58 4 0 43 4 17 4 26 55 4 14 4 79 43 4 106 21 4 57 4 49 4 0 8 4 23 4 104 43 4 60 4 94 41 4 52 4 44 34 4 48 4 96 22 4 57 4 114 53 4 10 4 25 60 4 5 4 81 37 4 25 4 14 56 4 24 4 38 4 3 58 4 60 4 27 37 4 26 4 35 4 79 5 4 21 4 20 4 119 60 4 47 4 60 4 11 4 89 34 4 44 4 46 4 60 4 50 39 4 48 4 60 4 102 37 4 20 4 68 60 4 5 4 40 4 117 49 4 53 4 50 4 61 23 4 30 4 19 4 73 60 4 22 4 13 4 0 25 16 44 16 57 60 4 110 39 16 60 16 95 5 4 18 4 57 60 4 47 4 13 4 96 40 4 25 4 32 4 46 4 49 36 4 48 4 66 40 4 60 4 60 4 60 4 53 47 4 12 4 58 4 79 15 4 29 4 54 4 25 27 4 32 4 35 4 55 60 4 39 4 28 4 102 52 4 16 4 50 4 11 4 0 49 4 27 4 5 4 13 4 32 60 4 40 4 37 4 71 60 4 32 4 22 4 19 60 4 33 4 31 4 
iteration 128 best: 1.17698 leader: 1.17698 time: 59517
0 48 4 29 4 60 4 35 36 4 41 4 61 12 4 5 4 27 4 0 25 4 53 4 60 4 76 28 4 5 4 26 4 24 49 4 38 4 9 4 39 4 6 49 4 49 4 5 4 51 5 4 24 4 0 38 4 38 4 2 55 4 5 4 28 4 37 4 48 5 4 45 4 50 5 4 25 4 47 5 4 33 4 18 4 5 4 46 4 19 57 4 5 4 30 4 30 4 90 22 4 28 4 72 60 4 47 4 27 4 42 4 42 56 4 30 4 49 4 22 47 4 41 4 9 45 4 49 4 46 47 20 62 21 4 17 4 60 4 57 5 20 93 35 4 23 4 22 4 70 44 4 39 4 24 4 47 4 114 46 4 60 4 0 15 4 6 4 54 4 82 6 4 49 4 81 58 4 5 4 6 4 16 60 4 15 4 58 4 0 43 4 17 4 26 55 4 14 4 79 43 4 106 21 4 57 4 49 4 0 8 4 23 4 104 43 4 60 4 94 41 4 52 4 44 34 4 48 4 96 22 4 57 4 114 53 4 10 4 25 60 4 5 4 81 37 4 25 4 14 56 4 24 4 38 4 3 58 4 60 4 27 37 4 26 4 35 4 79 5 4 21 4 20 4 119 60 4 47 4 60 4 11 4 89 34 4 44 4 46 4 60 4 50 39 4 48 4 60 4 102 37 4 20 4 68 60 4 5 4 40 4 117 49 4 53 4 50 4 61 23 4 30 4 19 4 73 60 4 22 4 13 4 0 25 16 44 16 57 60 4 110 39 16 60 16 95 5 4 18 4 57 60 4 47 4 13 4 96 40 4 25 4 32 4 46 4 49 36 4 48 4 66 40 4 60 4 60 4 60 4 53 47 4 12 4 58 4 79 15 4 29 4 54 4 25 27 4 32 4 35 4 55 60 4 39 4 28 4 102 52 4 16 4 50 4 11 4 0 49 4 27 4 5 4 13 4 32 60 4 40 4 37 4 71 60 4 32 4 22 4 19 60 4 33 4 31 4 
iteration 144 best: 1.17698 leader: 1.17698 time: 66796
0 48 4 29 4 60 4 35 36 4 41 4 61 12 4 5 4 27 4 0 25 4 53 4 60 4 76 28 4 5 4 26 4 24 49 4 38 4 9 4 39 4 6 49 4 49 4 5 4 51 5 4 24 4 0 38 4 38 4 2 55 4 5 4 28 4 37 4 48 5 4 45 4 50 5 4 25 4 47 5 4 33 4 18 4 5 4 46 4 19 57 4 5 4 30 4 30 4 90 22 4 28 4 72 60 4 47 4 27 4 42 4 42 56 4 30 4 49 4 22 47 4 41 4 9 45 4 49 4 46 47 20 62 21 4 17 4 60 4 57 5 20 93 35 4 23 4 22 4 70 44 4 39 4 24 4 47 4 114 46 4 60 4 0 15 4 6 4 54 4 82 6 4 49 4 81 58 4 5 4 6 4 16 60 4 15 4 58 4 0 43 4 17 4 26 55 4 14 4 79 43 4 106 21 4 57 4 49 4 0 8 4 23 4 104 43 4 60 4 94 41 4 52 4 44 34 4 48 4 96 22 4 57 4 114 53 4 10 4 25 60 4 5 4 81 37 4 25 4 14 56 4 24 4 38 4 3 58 4 60 4 27 37 4 26 4 35 4 79 5 4 21 4 20 4 119 60 4 47 4 60 4 11 4 89 34 4 44 4 46 4 60 4 50 39 4 48 4 60 4 102 37 4 20 4 68 60 4 5 4 40 4 117 49 4 53 4 50 4 61 23 4 30 4 19 4 73 60 4 22 4 13 4 0 25 16 44 16 57 60 4 110 39 16 60 16 95 5 4 18 4 57 60 4 47 4 13 4 96 40 4 25 4 32 4 46 4 49 36 4 48 4 66 40 4 60 4 60 4 60 4 53 47 4 12 4 58 4 79 15 4 29 4 54 4 25 27 4 32 4 35 4 55 60 4 39 4 28 4 102 52 4 16 4 50 4 11 4 0 49 4 27 4 5 4 13 4 32 60 4 40 4 37 4 71 60 4 32 4 22 4 19 60 4 33 4 31 4 
iteration 160 best: 1.17698 leader: 1.17698 time: 74130
0 48 4 29 4 60 4 35 36 4 41 4 61 12 4 5 4 27 4 0 25 4 53 4 60 4 76 28 4 5 4 26 4 24 49 4 38 4 9 4 39 4 6 49 4 49 4 5 4 51 5 4 24 4 0 38 4 38 4 2 55 4 5 4 28 4 37 4 48 5 4 45 4 50 5 4 25 4 47 5 4 33 4 18 4 5 4 46 4 19 57 4 5 4 30 4 30 4 90 22 4 28 4 72 60 4 47 4 27 4 42 4 42 56 4 30 4 49 4 22 47 4 41 4 9 45 4 49 4 46 47 20 62 21 4 17 4 60 4 57 5 20 93 35 4 23 4 22 4 70 44 4 39 4 24 4 47 4 114 46 4 60 4 0 15 4 6 4 54 4 82 6 4 49 4 81 58 4 5 4 6 4 16 60 4 15 4 58 4 0 43 4 17 4 26 55 4 14 4 79 43 4 106 21 4 57 4 49 4 0 8 4 23 4 104 43 4 60 4 94 41 4 52 4 44 34 4 48 4 96 22 4 57 4 114 53 4 10 4 25 60 4 5 4 81 37 4 25 4 14 56 4 24 4 38 4 3 58 4 60 4 27 37 4 26 4 35 4 79 5 4 21 4 20 4 119 60 4 47 4 60 4 11 4 89 34 4 44 4 46 4 60 4 50 39 4 48 4 60 4 102 37 4 20 4 68 60 4 5 4 40 4 117 49 4 53 4 50 4 61 23 4 30 4 19 4 73 60 4 22 4 13 4 0 25 16 44 16 57 60 4 110 39 16 60 16 95 5 4 18 4 57 60 4 47 4 13 4 96 40 4 25 4 32 4 46 4 49 36 4 48 4 66 40 4 60 4 60 4 60 4 53 47 4 12 4 58 4 79 15 4 29 4 54 4 25 27 4 32 4 35 4 55 60 4 39 4 28 4 102 52 4 16 4 50 4 11 4 0 49 4 27 4 5 4 13 4 32 60 4 40 4 37 4 71 60 4 32 4 22 4 19 60 4 33 4 31 4 
iteration 176 best: 1.17698 leader: 1.17698 time: 81451
0 48 4 29 4 60 4 35 36 4 41 4 61 12 4 5 4 27 4 0 25 4 53 4 60 4 76 28 4 5 4 26 4 24 49 4 38 4 9 4 39 4 6 49 4 49 4 5 4 51 5 4 24 4 0 38 4 38 4 2 55 4 5 4 28 4 37 4 48 5 4 45 4 50 5 4 25 4 47 5 4 33 4 18 4 5 4 46 4 19 57 4 5 4 30 4 30 4 90 22 4 28 4 72 60 4 47 4 27 4 42 4 42 56 4 30 4 49 4 22 47 4 41 4 9 45 4 49 4 46 47 20 62 21 4 17 4 60 4 57 5 20 93 35 4 23 4 22 4 70 44 4 39 4 24 4 47 4 114 46 4 60 4 0 15 4 6 4 54 4 82 6 4 49 4 81 58 4 5 4 6 4 16 60 4 15 4 58 4 0 43 4 17 4 26 55 4 14 4 79 43 4 106 21 4 57 4 49 4 0 8 4 23 4 104 43 4 60 4 94 41 4 52 4 44 34 4 48 4 96 22 4 57 4 114 53 4 10 4 25 60 4 5 4 81 37 4 25 4 14 56 4 24 4 38 4 3 58 4 60 4 27 37 4 26 4 35 4 79 5 4 21 4 20 4 119 60 4 47 4 60 4 11 4 89 34 4 44 4 46 4 60 4 50 39 4 48 4 60 4 102 37 4 20 4 68 60 4 5 4 40 4 117 49 4 53 4 50 4 61 23 4 30 4 19 4 73 60 4 22 4 13 4 0 25 16 44 16 57 60 4 110 39 16 60 16 95 5 4 18 4 57 60 4 47 4 13 4 96 40 4 25 4 32 4 46 4 49 36 4 48 4 66 40 4 60 4 60 4 60 4 53 47 4 12 4 58 4 79 15 4 29 4 54 4 25 27 4 32 4 35 4 55 60 4 39 4 28 4 102 52 4 16 4 50 4 11 4 0 49 4 27 4 5 4 13 4 32 60 4 40 4 37 4 71 60 4 32 4 22 4 19 60 4 33 4 31 4 
iteration 192 best: 1.17698 leader: 1.17698 time: 88775
0 48 4 29 4 60 4 35 36 4 41 4 61 12 4 5 4 27 4 0 25 4 53 4 60 4 76 28 4 5 4 26 4 24 49 4 38 4 9 4 39 4 6 49 4 49 4 5 4 51 5 4 24 4 0 38 4 38 4 2 55 4 5 4 28 4 37 4 48 5 4 45 4 50 5 4 25 4 47 5 4 33 4 18 4 5 4 46 4 19 57 4 5 4 30 4 30 4 90 22 4 28 4 72 60 4 47 4 27 4 42 4 42 56 4 30 4 49 4 22 47 4 41 4 9 45 4 49 4 46 47 20 62 21 4 17 4 60 4 57 5 20 93 35 4 23 4 22 4 70 44 4 39 4 24 4 47 4 114 46 4 60 4 0 15 4 6 4 54 4 82 6 4 49 4 81 58 4 5 4 6 4 16 60 4 15 4 58 4 0 43 4 17 4 26 55 4 14 4 79 43 4 106 21 4 57 4 49 4 0 8 4 23 4 104 43 4 60 4 94 41 4 52 4 44 34 4 48 4 96 22 4 57 4 114 53 4 10 4 25 60 4 5 4 81 37 4 25 4 14 56 4 24 4 38 4 3 58 4 60 4 27 37 4 26 4 35 4 79 5 4 21 4 20 4 119 60 4 47 4 60 4 11 4 89 34 4 44 4 46 4 60 4 50 39 4 48 4 60 4 102 37 4 20 4 68 60 4 5 4 40 4 117 49 4 53 4 50 4 61 23 4 30 4 19 4 73 60 4 22 4 13 4 0 25 16 44 16 57 60 4 110 39 16 60 16 95 5 4 18 4 57 60 4 47 4 13 4 96 40 4 25 4 32 4 46 4 49 36 4 48 4 66 40 4 60 4 60 4 60 4 53 47 4 12 4 58 4 79 15 4 29 4 54 4 25 27 4 32 4 35 4 55 60 4 39 4 28 4 102 52 4 16 4 50 4 11 4 0 49 4 27 4 5 4 13 4 32 60 4 40 4 37 4 71 60 4 32 4 22 4 19 60 4 33 4 31 4 
iteration 208 best: 1.17698 leader: 1.17698 time: 96050
0 48 4 29 4 60 4 35 36 4 41 4 61 12 4 5 4 27 4 0 25 4 53 4 60 4 76 28 4 5 4 26 4 24 49 4 38 4 9 4 39 4 6 49 4 49 4 5 4 51 5 4 24 4 0 38 4 38 4 2 55 4 5 4 28 4 37 4 48 5 4 45 4 50 5 4 25 4 47 5 4 33 4 18 4 5 4 46 4 19 57 4 5 4 30 4 30 4 90 22 4 28 4 72 60 4 47 4 27 4 42 4 42 56 4 30 4 49 4 22 47 4 41 4 9 45 4 49 4 46 47 20 62 21 4 17 4 60 4 57 5 20 93 35 4 23 4 22 4 70 44 4 39 4 24 4 47 4 114 46 4 60 4 0 15 4 6 4 54 4 82 6 4 49 4 81 58 4 5 4 6 4 16 60 4 15 4 58 4 0 43 4 17 4 26 55 4 14 4 79 43 4 106 21 4 57 4 49 4 0 8 4 23 4 104 43 4 60 4 94 41 4 52 4 44 34 4 48 4 96 22 4 57 4 114 53 4 10 4 25 60 4 5 4 81 37 4 25 4 14 56 4 24 4 38 4 3 58 4 60 4 27 37 4 26 4 35 4 79 5 4 21 4 20 4 119 60 4 47 4 60 4 11 4 89 34 4 44 4 46 4 60 4 50 39 4 48 4 60 4 102 37 4 20 4 68 60 4 5 4 40 4 117 49 4 53 4 50 4 61 23 4 30 4 19 4 73 60 4 22 4 13 4 0 25 16 44 16 57 60 4 110 39 16 60 16 95 5 4 18 4 57 60 4 47 4 13 4 96 40 4 25 4 32 4 46 4 49 36 4 48 4 66 40 4 60 4 60 4 60 4 53 47 4 12 4 58 4 79 15 4 29 4 54 4 25 27 4 32 4 35 4 55 60 4 39 4 28 4 102 52 4 16 4 50 4 11 4 0 49 4 27 4 5 4 13 4 32 60 4 40 4 37 4 71 60 4 32 4 22 4 19 60 4 33 4 31 4 
iteration 224 best: 1.17698 leader: 1.17698 time: 103359
0 48 4 29 4 60 4 35 36 4 41 4 61 12 4 5 4 27 4 0 25 4 53 4 60 4 76 28 4 5 4 26 4 24 49 4 38 4 9 4 39 4 6 49 4 49 4 5 4 51 5 4 24 4 0 38 4 38 4 2 55 4 5 4 28 4 37 4 48 5 4 45 4 50 5 4 25 4 47 5 4 33 4 18 4 5 4 46 4 19 57 4 5 4 30 4 30 4 90 22 4 28 4 72 60 4 47 4 27 4 42 4 42 56 4 30 4 49 4 22 47 4 41 4 9 45 4 49 4 46 47 20 62 21 4 17 4 60 4 57 5 20 93 35 4 23 4 22 4 70 44 4 39 4 24 4 47 4 114 46 4 60 4 0 15 4 6 4 54 4 82 6 4 49 4 81 58 4 5 4 6 4 16 60 4 15 4 58 4 0 43 4 17 4 26 55 4 14 4 79 43 4 106 21 4 57 4 49 4 0 8 4 23 4 104 43 4 60 4 94 41 4 52 4 44 34 4 48 4 96 22 4 57 4 114 53 4 10 4 25 60 4 5 4 81 37 4 25 4 14 56 4 24 4 38 4 3 58 4 60 4 27 37 4 26 4 35 4 79 5 4 21 4 20 4 119 60 4 47 4 60 4 11 4 89 34 4 44 4 46 4 60 4 50 39 4 48 4 60 4 102 37 4 20 4 68 60 4 5 4 40 4 117 49 4 53 4 50 4 61 23 4 30 4 19 4 73 60 4 22 4 13 4 0 25 16 44 16 57 60 4 110 39 16 60 16 95 5 4 18 4 57 60 4 47 4 13 4 96 40 4 25 4 32 4 46 4 49 36 4 48 4 66 40 4 60 4 60 4 60 4 53 47 4 12 4 58 4 79 15 4 29 4 54 4 25 27 4 32 4 35 4 55 60 4 39 4 28 4 102 52 4 16 4 50 4 11 4 0 49 4 27 4 5 4 13 4 32 60 4 40 4 37 4 71 60 4 32 4 22 4 19 60 4 33 4 31 4 
iteration 240 best: 1.17698 leader: 1.17698 time: 110652
0 48 4 29 4 60 4 35 36 4 41 4 61 12 4 5 4 27 4 0 25 4 53 4 60 4 76 28 4 5 4 26 4 24 49 4 38 4 9 4 39 4 6 49 4 49 4 5 4 51 5 4 24 4 0 38 4 38 4 2 55 4 5 4 28 4 37 4 48 5 4 45 4 50 5 4 25 4 47 5 4 33 4 18 4 5 4 46 4 19 57 4 5 4 30 4 30 4 90 22 4 28 4 72 60 4 47 4 27 4 42 4 42 56 4 30 4 49 4 22 47 4 41 4 9 45 4 49 4 46 47 20 62 21 4 17 4 60 4 57 5 20 93 35 4 23 4 22 4 70 44 4 39 4 24 4 47 4 114 46 4 60 4 0 15 4 6 4 54 4 82 6 4 49 4 81 58 4 5 4 6 4 16 60 4 15 4 58 4 0 43 4 17 4 26 55 4 14 4 79 43 4 106 21 4 57 4 49 4 0 8 4 23 4 104 43 4 60 4 94 41 4 52 4 44 34 4 48 4 96 22 4 57 4 114 53 4 10 4 25 60 4 5 4 81 37 4 25 4 14 56 4 24 4 38 4 3 58 4 60 4 27 37 4 26 4 35 4 79 5 4 21 4 20 4 119 60 4 47 4 60 4 11 4 89 34 4 44 4 46 4 60 4 50 39 4 48 4 60 4 102 37 4 20 4 68 60 4 5 4 40 4 117 49 4 53 4 50 4 61 23 4 30 4 19 4 73 60 4 22 4 13 4 0 25 16 44 16 57 60 4 110 39 16 60 16 95 5 4 18 4 57 60 4 47 4 13 4 96 40 4 25 4 32 4 46 4 49 36 4 48 4 66 40 4 60 4 60 4 60 4 53 47 4 12 4 58 4 79 15 4 29 4 54 4 25 27 4 32 4 35 4 55 60 4 39 4 28 4 102 52 4 16 4 50 4 11 4 0 49 4 27 4 5 4 13 4 32 60 4 40 4 37 4 71 60 4 32 4 22 4 19 60 4 33 4 31 4 
iteration 256 best: 1.17698 leader: 1.17698 time: 117923
0 48 4 29 4 60 4 35 36 4 41 4 61 12 4 5 4 27 4 0 25 4 53 4 60 4 76 28 4 5 4 26 4 24 49 4 38 4 9 4 39 4 6 49 4 49 4 5 4 51 5 4 24 4 0 38 4 38 4 2 55 4 5 4 28 4 37 4 48 5 4 45 4 50 5 4 25 4 47 5 4 33 4 18 4 5 4 46 4 19 57 4 5 4 30 4 30 4 90 22 4 28 4 72 60 4 47 4 27 4 42 4 42 56 4 30 4 49 4 22 47 4 41 4 9 45 4 49 4 46 47 20 62 21 4 17 4 60 4 57 5 20 93 35 4 23 4 22 4 70 44 4 39 4 24 4 47 4 114 46 4 60 4 0 15 4 6 4 54 4 82 6 4 49 4 81 58 4 5 4 6 4 16 60 4 15 4 58 4 0 43 4 17 4 26 55 4 14 4 79 43 4 106 21 4 57 4 49 4 0 8 4 23 4 104 43 4 60 4 94 41 4 52 4 44 34 4 48 4 96 22 4 57 4 114 53 4 10 4 25 60 4 5 4 81 37 4 25 4 14 56 4 24 4 38 4 3 58 4 60 4 27 37 4 26 4 35 4 79 5 4 21 4 20 4 119 60 4 47 4 60 4 11 4 89 34 4 44 4 46 4 60 4 50 39 4 48 4 60 4 102 37 4 20 4 68 60 4 5 4 40 4 117 49 4 53 4 50 4 61 23 4 30 4 19 4 73 60 4 22 4 13 4 0 25 16 44 16 57 60 4 110 39 16 60 16 95 5 4 18 4 57 60 4 47 4 13 4 96 40 4 25 4 32 4 46 4 49 36 4 48 4 66 40 4 60 4 60 4 60 4 53 47 4 12 4 58 4 79 15 4 29 4 54 4 25 27 4 32 4 35 4 55 60 4 39 4 28 4 102 52 4 16 4 50 4 11 4 0 49 4 27 4 5 4 13 4 32 60 4 40 4 37 4 71 60 4 32 4 22 4 19 60 4 33 4 31 4 
iteration 272 best: 1.17698 leader: 1.17698 time: 125217
0 48 4 29 4 60 4 35 36 4 41 4 61 12 4 5 4 27 4 0 25 4 53 4 60 4 76 28 4 5 4 26 4 24 49 4 38 4 9 4 39 4 6 49 4 49 4 5 4 51 5 4 24 4 0 38 4 38 4 2 55 4 5 4 28 4 37 4 48 5 4 45 4 50 5 4 25 4 47 5 4 33 4 18 4 5 4 46 4 19 57 4 5 4 30 4 30 4 90 22 4 28 4 72 60 4 47 4 27 4 42 4 42 56 4 30 4 49 4 22 47 4 41 4 9 45 4 49 4 46 47 20 62 21 4 17 4 60 4 57 5 20 93 35 4 23 4 22 4 70 44 4 39 4 24 4 47 4 114 46 4 60 4 0 15 4 6 4 54 4 82 6 4 49 4 81 58 4 5 4 6 4 16 60 4 15 4 58 4 0 43 4 17 4 26 55 4 14 4 79 43 4 106 21 4 57 4 49 4 0 8 4 23 4 104 43 4 60 4 94 41 4 52 4 44 34 4 48 4 96 22 4 57 4 114 53 4 10 4 25 60 4 5 4 81 37 4 25 4 14 56 4 24 4 38 4 3 58 4 60 4 27 37 4 26 4 35 4 79 5 4 21 4 20 4 119 60 4 47 4 60 4 11 4 89 34 4 44 4 46 4 60 4 50 39 4 48 4 60 4 102 37 4 20 4 68 60 4 5 4 40 4 117 49 4 53 4 50 4 61 23 4 30 4 19 4 73 60 4 22 4 13 4 0 25 16 44 16 57 60 4 110 39 16 60 16 95 5 4 18 4 57 60 4 47 4 13 4 96 40 4 25 4 32 4 46 4 49 36 4 48 4 66 40 4 60 4 60 4 60 4 53 47 4 12 4 58 4 79 15 4 29 4 54 4 25 27 4 32 4 35 4 55 60 4 39 4 28 4 102 52 4 16 4 50 4 11 4 0 49 4 27 4 5 4 13 4 32 60 4 40 4 37 4 71 60 4 32 4 22 4 19 60 4 33 4 31 4 
iteration 288 best: 1.17698 leader: 1.17698 time: 132542
0 48 4 29 4 60 4 35 36 4 41 4 61 12 4 5 4 27 4 0 25 4 53 4 60 4 76 28 4 5 4 26 4 24 49 4 38 4 9 4 39 4 6 49 4 49 4 5 4 51 5 4 24 4 0 38 4 38 4 2 55 4 5 4 28 4 37 4 48 5 4 45 4 50 5 4 25 4 47 5 4 33 4 18 4 5 4 46 4 19 57 4 5 4 30 4 30 4 90 22 4 28 4 72 60 4 47 4 27 4 42 4 42 56 4 30 4 49 4 22 47 4 41 4 9 45 4 49 4 46 47 20 62 21 4 17 4 60 4 57 5 20 93 35 4 23 4 22 4 70 44 4 39 4 24 4 47 4 114 46 4 60 4 0 15 4 6 4 54 4 82 6 4 49 4 81 58 4 5 4 6 4 16 60 4 15 4 58 4 0 43 4 17 4 26 55 4 14 4 79 43 4 106 21 4 57 4 49 4 0 8 4 23 4 104 43 4 60 4 94 41 4 52 4 44 34 4 48 4 96 22 4 57 4 114 53 4 10 4 25 60 4 5 4 81 37 4 25 4 14 56 4 24 4 38 4 3 58 4 60 4 27 37 4 26 4 35 4 79 5 4 21 4 20 4 119 60 4 47 4 60 4 11 4 89 34 4 44 4 46 4 60 4 50 39 4 48 4 60 4 102 37 4 20 4 68 60 4 5 4 40 4 117 49 4 53 4 50 4 61 23 4 30 4 19 4 73 60 4 22 4 13 4 0 25 16 44 16 57 60 4 110 39 16 60 16 95 5 4 18 4 57 60 4 47 4 13 4 96 40 4 25 4 32 4 46 4 49 36 4 48 4 66 40 4 60 4 60 4 60 4 53 47 4 12 4 58 4 79 15 4 29 4 54 4 25 27 4 32 4 35 4 55 60 4 39 4 28 4 102 52 4 16 4 50 4 11 4 0 49 4 27 4 5 4 13 4 32 60 4 40 4 37 4 71 60 4 32 4 22 4 19 60 4 33 4 31 4 
iteration 304 best: 1.17698 leader: 1.17698 time: 139820
0 48 4 29 4 60 4 35 36 4 41 4 61 12 4 5 4 27 4 0 25 4 53 4 60 4 76 28 4 5 4 26 4 24 49 4 38 4 9 4 39 4 6 49 4 49 4 5 4 51 5 4 24 4 0 38 4 38 4 2 55 4 5 4 28 4 37 4 48 5 4 45 4 50 5 4 25 4 47 5 4 33 4 18 4 5 4 46 4 19 57 4 5 4 30 4 30 4 90 22 4 28 4 72 60 4 47 4 27 4 42 4 42 56 4 30 4 49 4 22 47 4 41 4 9 45 4 49 4 46 47 20 62 21 4 17 4 60 4 57 5 20 93 35 4 23 4 22 4 70 44 4 39 4 24 4 47 4 114 46 4 60 4 0 15 4 6 4 54 4 82 6 4 49 4 81 58 4 5 4 6 4 16 60 4 15 4 58 4 0 43 4 17 4 26 55 4 14 4 79 43 4 106 21 4 57 4 49 4 0 8 4 23 4 104 43 4 60 4 94 41 4 52 4 44 34 4 48 4 96 22 4 57 4 114 53 4 10 4 25 60 4 5 4 81 37 4 25 4 14 56 4 24 4 38 4 3 58 4 60 4 27 37 4 26 4 35 4 79 5 4 21 4 20 4 119 60 4 47 4 60 4 11 4 89 34 4 44 4 46 4 60 4 50 39 4 48 4 60 4 102 37 4 20 4 68 60 4 5 4 40 4 117 49 4 53 4 50 4 61 23 4 30 4 19 4 73 60 4 22 4 13 4 0 25 16 44 16 57 60 4 110 39 16 60 16 95 5 4 18 4 57 60 4 47 4 13 4 96 40 4 25 4 32 4 46 4 49 36 4 48 4 66 40 4 60 4 60 4 60 4 53 47 4 12 4 58 4 79 15 4 29 4 54 4 25 27 4 32 4 35 4 55 60 4 39 4 28 4 102 52 4 16 4 50 4 11 4 0 49 4 27 4 5 4 13 4 32 60 4 40 4 37 4 71 60 4 32 4 22 4 19 60 4 33 4 31 4 
iteration 320 best: 1.17698 leader: 1.17698 time: 147153
0 48 4 29 4 60 4 35 36 4 41 4 61 12 4 5 4 27 4 0 25 4 53 4 60 4 76 28 4 5 4 26 4 24 49 4 38 4 9 4 39 4 6 49 4 49 4 5 4 51 5 4 24 4 0 38 4 38 4 2 55 4 5 4 28 4 37 4 48 5 4 45 4 50 5 4 25 4 47 5 4 33 4 18 4 5 4 46 4 19 57 4 5 4 30 4 30 4 90 22 4 28 4 72 60 4 47 4 27 4 42 4 42 56 4 30 4 49 4 22 47 4 41 4 9 45 4 49 4 46 47 20 62 21 4 17 4 60 4 57 5 20 93 35 4 23 4 22 4 70 44 4 39 4 24 4 47 4 114 46 4 60 4 0 15 4 6 4 54 4 82 6 4 49 4 81 58 4 5 4 6 4 16 60 4 15 4 58 4 0 43 4 17 4 26 55 4 14 4 79 43 4 106 21 4 57 4 49 4 0 8 4 23 4 104 43 4 60 4 94 41 4 52 4 44 34 4 48 4 96 22 4 57 4 114 53 4 10 4 25 60 4 5 4 81 37 4 25 4 14 56 4 24 4 38 4 3 58 4 60 4 27 37 4 26 4 35 4 79 5 4 21 4 20 4 119 60 4 47 4 60 4 11 4 89 34 4 44 4 46 4 60 4 50 39 4 48 4 60 4 102 37 4 20 4 68 60 4 5 4 40 4 117 49 4 53 4 50 4 61 23 4 30 4 19 4 73 60 4 22 4 13 4 0 25 16 44 16 57 60 4 110 39 16 60 16 95 5 4 18 4 57 60 4 47 4 13 4 96 40 4 25 4 32 4 46 4 49 36 4 48 4 66 40 4 60 4 60 4 60 4 53 47 4 12 4 58 4 79 15 4 29 4 54 4 25 27 4 32 4 35 4 55 60 4 39 4 28 4 102 52 4 16 4 50 4 11 4 0 49 4 27 4 5 4 13 4 32 60 4 40 4 37 4 71 60 4 32 4 22 4 19 60 4 33 4 31 4 
iteration 336 best: 1.17698 leader: 1.17698 time: 154447
0 48 4 29 4 60 4 35 36 4 41 4 61 12 4 5 4 27 4 0 25 4 53 4 60 4 76 28 4 5 4 26 4 24 49 4 38 4 9 4 39 4 6 49 4 49 4 5 4 51 5 4 24 4 0 38 4 38 4 2 55 4 5 4 28 4 37 4 48 5 4 45 4 50 5 4 25 4 47 5 4 33 4 18 4 5 4 46 4 19 57 4 5 4 30 4 30 4 90 22 4 28 4 72 60 4 47 4 27 4 42 4 42 56 4 30 4 49 4 22 47 4 41 4 9 45 4 49 4 46 47 20 62 21 4 17 4 60 4 57 5 20 93 35 4 23 4 22 4 70 44 4 39 4 24 4 47 4 114 46 4 60 4 0 15 4 6 4 54 4 82 6 4 49 4 81 58 4 5 4 6 4 16 60 4 15 4 58 4 0 43 4 17 4 26 55 4 14 4 79 43 4 106 21 4 57 4 49 4 0 8 4 23 4 104 43 4 60 4 94 41 4 52 4 44 34 4 48 4 96 22 4 57 4 114 53 4 10 4 25 60 4 5 4 81 37 4 25 4 14 56 4 24 4 38 4 3 58 4 60 4 27 37 4 26 4 35 4 79 5 4 21 4 20 4 119 60 4 47 4 60 4 11 4 89 34 4 44 4 46 4 60 4 50 39 4 48 4 60 4 102 37 4 20 4 68 60 4 5 4 40 4 117 49 4 53 4 50 4 61 23 4 30 4 19 4 73 60 4 22 4 13 4 0 25 16 44 16 57 60 4 110 39 16 60 16 95 5 4 18 4 57 60 4 47 4 13 4 96 40 4 25 4 32 4 46 4 49 36 4 48 4 66 40 4 60 4 60 4 60 4 53 47 4 12 4 58 4 79 15 4 29 4 54 4 25 27 4 32 4 35 4 55 60 4 39 4 28 4 102 52 4 16 4 50 4 11 4 0 49 4 27 4 5 4 13 4 32 60 4 40 4 37 4 71 60 4 32 4 22 4 19 60 4 33 4 31 4 
iteration 352 best: 1.17698 leader: 1.17698 time: 162077
0 48 4 29 4 60 4 35 36 4 41 4 61 12 4 5 4 27 4 0 25 4 53 4 60 4 76 28 4 5 4 26 4 24 49 4 38 4 9 4 39 4 6 49 4 49 4 5 4 51 5 4 24 4 0 38 4 38 4 2 55 4 5 4 28 4 37 4 48 5 4 45 4 50 5 4 25 4 47 5 4 33 4 18 4 5 4 46 4 19 57 4 5 4 30 4 30 4 90 22 4 28 4 72 60 4 47 4 27 4 42 4 42 56 4 30 4 49 4 22 47 4 41 4 9 45 4 49 4 46 47 20 62 21 4 17 4 60 4 57 5 20 93 35 4 23 4 22 4 70 44 4 39 4 24 4 47 4 114 46 4 60 4 0 15 4 6 4 54 4 82 6 4 49 4 81 58 4 5 4 6 4 16 60 4 15 4 58 4 0 43 4 17 4 26 55 4 14 4 79 43 4 106 21 4 57 4 49 4 0 8 4 23 4 104 43 4 60 4 94 41 4 52 4 44 34 4 48 4 96 22 4 57 4 114 53 4 10 4 25 60 4 5 4 81 37 4 25 4 14 56 4 24 4 38 4 3 58 4 60 4 27 37 4 26 4 35 4 79 5 4 21 4 20 4 119 60 4 47 4 60 4 11 4 89 34 4 44 4 46 4 60 4 50 39 4 48 4 60 4 102 37 4 20 4 68 60 4 5 4 40 4 117 49 4 53 4 50 4 61 23 4 30 4 19 4 73 60 4 22 4 13 4 0 25 16 44 16 57 60 4 110 39 16 60 16 95 5 4 18 4 57 60 4 47 4 13 4 96 40 4 25 4 32 4 46 4 49 36 4 48 4 66 40 4 60 4 60 4 60 4 53 47 4 12 4 58 4 79 15 4 29 4 54 4 25 27 4 32 4 35 4 55 60 4 39 4 28 4 102 52 4 16 4 50 4 11 4 0 49 4 27 4 5 4 13 4 32 60 4 40 4 37 4 71 60 4 32 4 22 4 19 60 4 33 4 31 4 
iteration 368 best: 1.17698 leader: 1.17698 time: 169374
0 48 4 29 4 60 4 35 36 4 41 4 61 12 4 5 4 27 4 0 25 4 53 4 60 4 76 28 4 5 4 26 4 24 49 4 38 4 9 4 39 4 6 49 4 49 4 5 4 51 5 4 24 4 0 38 4 38 4 2 55 4 5 4 28 4 37 4 48 5 4 45 4 50 5 4 25 4 47 5 4 33 4 18 4 5 4 46 4 19 57 4 5 4 30 4 30 4 90 22 4 28 4 72 60 4 47 4 27 4 42 4 42 56 4 30 4 49 4 22 47 4 41 4 9 45 4 49 4 46 47 20 62 21 4 17 4 60 4 57 5 20 93 35 4 23 4 22 4 70 44 4 39 4 24 4 47 4 114 46 4 60 4 0 15 4 6 4 54 4 82 6 4 49 4 81 58 4 5 4 6 4 16 60 4 15 4 58 4 0 43 4 17 4 26 55 4 14 4 79 43 4 106 21 4 57 4 49 4 0 8 4 23 4 104 43 4 60 4 94 41 4 52 4 44 34 4 48 4 96 22 4 57 4 114 53 4 10 4 25 60 4 5 4 81 37 4 25 4 14 56 4 24 4 38 4 3 58 4 60 4 27 37 4 26 4 35 4 79 5 4 21 4 20 4 119 60 4 47 4 60 4 11 4 89 34 4 44 4 46 4 60 4 50 39 4 48 4 60 4 102 37 4 20 4 68 60 4 5 4 40 4 117 49 4 53 4 50 4 61 23 4 30 4 19 4 73 60 4 22 4 13 4 0 25 16 44 16 57 60 4 110 39 16 60 16 95 5 4 18 4 57 60 4 47 4 13 4 96 40 4 25 4 32 4 46 4 49 36 4 48 4 66 40 4 60 4 60 4 60 4 53 47 4 12 4 58 4 79 15 4 29 4 54 4 25 27 4 32 4 35 4 55 60 4 39 4 28 4 102 52 4 16 4 50 4 11 4 0 49 4 27 4 5 4 13 4 32 60 4 40 4 37 4 71 60 4 32 4 22 4 19 60 4 33 4 31 4 
iteration 384 best: 1.17698 leader: 1.17698 time: 176673
0 48 4 29 4 60 4 35 36 4 41 4 61 12 4 5 4 27 4 0 25 4 53 4 60 4 76 28 4 5 4 26 4 24 49 4 38 4 9 4 39 4 6 49 4 49 4 5 4 51 5 4 24 4 0 38 4 38 4 2 55 4 5 4 28 4 37 4 48 5 4 45 4 50 5 4 25 4 47 5 4 33 4 18 4 5 4 46 4 19 57 4 5 4 30 4 30 4 90 22 4 28 4 72 60 4 47 4 27 4 42 4 42 56 4 30 4 49 4 22 47 4 41 4 9 45 4 49 4 46 47 20 62 21 4 17 4 60 4 57 5 20 93 35 4 23 4 22 4 70 44 4 39 4 24 4 47 4 114 46 4 60 4 0 15 4 6 4 54 4 82 6 4 49 4 81 58 4 5 4 6 4 16 60 4 15 4 58 4 0 43 4 17 4 26 55 4 14 4 79 43 4 106 21 4 57 4 49 4 0 8 4 23 4 104 43 4 60 4 94 41 4 52 4 44 34 4 48 4 96 22 4 57 4 114 53 4 10 4 25 60 4 5 4 81 37 4 25 4 14 56 4 24 4 38 4 3 58 4 60 4 27 37 4 26 4 35 4 79 5 4 21 4 20 4 119 60 4 47 4 60 4 11 4 89 34 4 44 4 46 4 60 4 50 39 4 48 4 60 4 102 37 4 20 4 68 60 4 5 4 40 4 117 49 4 53 4 50 4 61 23 4 30 4 19 4 73 60 4 22 4 13 4 0 25 16 44 16 57 60 4 110 39 16 60 16 95 5 4 18 4 57 60 4 47 4 13 4 96 40 4 25 4 32 4 46 4 49 36 4 48 4 66 40 4 60 4 60 4 60 4 53 47 4 12 4 58 4 79 15 4 29 4 54 4 25 27 4 32 4 35 4 55 60 4 39 4 28 4 102 52 4 16 4 50 4 11 4 0 49 4 27 4 5 4 13 4 32 60 4 40 4 37 4 71 60 4 32 4 22 4 19 60 4 33 4 31 4 
iteration 400 best: 1.17698 leader: 1.17698 time: 184053
0 48 4 29 4 60 4 35 36 4 41 4 61 12 4 5 4 27 4 0 25 4 53 4 60 4 76 28 4 5 4 26 4 24 49 4 38 4 9 4 39 4 6 49 4 49 4 5 4 51 5 4 24 4 0 38 4 38 4 2 55 4 5 4 28 4 37 4 48 5 4 45 4 50 5 4 25 4 47 5 4 33 4 18 4 5 4 46 4 19 57 4 5 4 30 4 30 4 90 22 4 28 4 72 60 4 47 4 27 4 42 4 42 56 4 30 4 49 4 22 47 4 41 4 9 45 4 49 4 46 47 20 62 21 4 17 4 60 4 57 5 20 93 35 4 23 4 22 4 70 44 4 39 4 24 4 47 4 114 46 4 60 4 0 15 4 6 4 54 4 82 6 4 49 4 81 58 4 5 4 6 4 16 60 4 15 4 58 4 0 43 4 17 4 26 55 4 14 4 79 43 4 106 21 4 57 4 49 4 0 8 4 23 4 104 43 4 60 4 94 41 4 52 4 44 34 4 48 4 96 22 4 57 4 114 53 4 10 4 25 60 4 5 4 81 37 4 25 4 14 56 4 24 4 38 4 3 58 4 60 4 27 37 4 26 4 35 4 79 5 4 21 4 20 4 119 60 4 47 4 60 4 11 4 89 34 4 44 4 46 4 60 4 50 39 4 48 4 60 4 102 37 4 20 4 68 60 4 5 4 40 4 117 49 4 53 4 50 4 61 23 4 30 4 19 4 73 60 4 22 4 13 4 0 25 16 44 16 57 60 4 110 39 16 60 16 95 5 4 18 4 57 60 4 47 4 13 4 96 40 4 25 4 32 4 46 4 49 36 4 48 4 66 40 4 60 4 60 4 60 4 53 47 4 12 4 58 4 79 15 4 29 4 54 4 25 27 4 32 4 35 4 55 60 4 39 4 28 4 102 52 4 16 4 50 4 11 4 0 49 4 27 4 5 4 13 4 32 60 4 40 4 37 4 71 60 4 32 4 22 4 19 60 4 33 4 31 4 
iteration 416 best: 1.17698 leader: 1.17698 time: 191346
0 48 4 29 4 60 4 35 36 4 41 4 61 12 4 5 4 27 4 0 25 4 53 4 60 4 76 28 4 5 4 26 4 24 49 4 38 4 9 4 39 4 6 49 4 49 4 5 4 51 5 4 24 4 0 38 4 38 4 2 55 4 5 4 28 4 37 4 48 5 4 45 4 50 5 4 25 4 47 5 4 33 4 18 4 5 4 46 4 19 57 4 5 4 30 4 30 4 90 22 4 28 4 72 60 4 47 4 27 4 42 4 42 56 4 30 4 49 4 22 47 4 41 4 9 45 4 49 4 46 47 20 62 21 4 17 4 60 4 57 5 20 93 35 4 23 4 22 4 70 44 4 39 4 24 4 47 4 114 46 4 60 4 0 15 4 6 4 54 4 82 6 4 49 4 81 58 4 5 4 6 4 16 60 4 15 4 58 4 0 43 4 17 4 26 55 4 14 4 79 43 4 106 21 4 57 4 49 4 0 8 4 23 4 104 43 4 60 4 94 41 4 52 4 44 34 4 48 4 96 22 4 57 4 114 53 4 10 4 25 60 4 5 4 81 37 4 25 4 14 56 4 24 4 38 4 3 58 4 60 4 27 37 4 26 4 35 4 79 5 4 21 4 20 4 119 60 4 47 4 60 4 11 4 89 34 4 44 4 46 4 60 4 50 39 4 48 4 60 4 102 37 4 20 4 68 60 4 5 4 40 4 117 49 4 53 4 50 4 61 23 4 30 4 19 4 73 60 4 22 4 13 4 0 25 16 44 16 57 60 4 110 39 16 60 16 95 5 4 18 4 57 60 4 47 4 13 4 96 40 4 25 4 32 4 46 4 49 36 4 48 4 66 40 4 60 4 60 4 60 4 53 47 4 12 4 58 4 79 15 4 29 4 54 4 25 27 4 32 4 35 4 55 60 4 39 4 28 4 102 52 4 16 4 50 4 11 4 0 49 4 27 4 5 4 13 4 32 60 4 40 4 37 4 71 60 4 32 4 22 4 19 60 4 33 4 31 4 
iteration 432 best: 1.17698 leader: 1.17698 time: 198686
0 48 4 29 4 60 4 35 36 4 41 4 61 12 4 5 4 27 4 0 25 4 53 4 60 4 76 28 4 5 4 26 4 24 49 4 38 4 9 4 39 4 6 49 4 49 4 5 4 51 5 4 24 4 0 38 4 38 4 2 55 4 5 4 28 4 37 4 48 5 4 45 4 50 5 4 25 4 47 5 4 33 4 18 4 5 4 46 4 19 57 4 5 4 30 4 30 4 90 22 4 28 4 72 60 4 47 4 27 4 42 4 42 56 4 30 4 49 4 22 47 4 41 4 9 45 4 49 4 46 47 20 62 21 4 17 4 60 4 57 5 20 93 35 4 23 4 22 4 70 44 4 39 4 24 4 47 4 114 46 4 60 4 0 15 4 6 4 54 4 82 6 4 49 4 81 58 4 5 4 6 4 16 60 4 15 4 58 4 0 43 4 17 4 26 55 4 14 4 79 43 4 106 21 4 57 4 49 4 0 8 4 23 4 104 43 4 60 4 94 41 4 52 4 44 34 4 48 4 96 22 4 57 4 114 53 4 10 4 25 60 4 5 4 81 37 4 25 4 14 56 4 24 4 38 4 3 58 4 60 4 27 37 4 26 4 35 4 79 5 4 21 4 20 4 119 60 4 47 4 60 4 11 4 89 34 4 44 4 46 4 60 4 50 39 4 48 4 60 4 102 37 4 20 4 68 60 4 5 4 40 4 117 49 4 53 4 50 4 61 23 4 30 4 19 4 73 60 4 22 4 13 4 0 25 16 44 16 57 60 4 110 39 16 60 16 95 5 4 18 4 57 60 4 47 4 13 4 96 40 4 25 4 32 4 46 4 49 36 4 48 4 66 40 4 60 4 60 4 60 4 53 47 4 12 4 58 4 79 15 4 29 4 54 4 25 27 4 32 4 35 4 55 60 4 39 4 28 4 102 52 4 16 4 50 4 11 4 0 49 4 27 4 5 4 13 4 32 60 4 40 4 37 4 71 60 4 32 4 22 4 19 60 4 33 4 31 4 
iteration 448 best: 1.17698 leader: 1.17698 time: 206004
0 48 4 29 4 60 4 35 36 4 41 4 61 12 4 5 4 27 4 0 25 4 53 4 60 4 76 28 4 5 4 26 4 24 49 4 38 4 9 4 39 4 6 49 4 49 4 5 4 51 5 4 24 4 0 38 4 38 4 2 55 4 5 4 28 4 37 4 48 5 4 45 4 50 5 4 25 4 47 5 4 33 4 18 4 5 4 46 4 19 57 4 5 4 30 4 30 4 90 22 4 28 4 72 60 4 47 4 27 4 42 4 42 56 4 30 4 49 4 22 47 4 41 4 9 45 4 49 4 46 47 20 62 21 4 17 4 60 4 57 5 20 93 35 4 23 4 22 4 70 44 4 39 4 24 4 47 4 114 46 4 60 4 0 15 4 6 4 54 4 82 6 4 49 4 81 58 4 5 4 6 4 16 60 4 15 4 58 4 0 43 4 17 4 26 55 4 14 4 79 43 4 106 21 4 57 4 49 4 0 8 4 23 4 104 43 4 60 4 94 41 4 52 4 44 34 4 48 4 96 22 4 57 4 114 53 4 10 4 25 60 4 5 4 81 37 4 25 4 14 56 4 24 4 38 4 3 58 4 60 4 27 37 4 26 4 35 4 79 5 4 21 4 20 4 119 60 4 47 4 60 4 11 4 89 34 4 44 4 46 4 60 4 50 39 4 48 4 60 4 102 37 4 20 4 68 60 4 5 4 40 4 117 49 4 53 4 50 4 61 23 4 30 4 19 4 73 60 4 22 4 13 4 0 25 16 44 16 57 60 4 110 39 16 60 16 95 5 4 18 4 57 60 4 47 4 13 4 96 40 4 25 4 32 4 46 4 49 36 4 48 4 66 40 4 60 4 60 4 60 4 53 47 4 12 4 58 4 79 15 4 29 4 54 4 25 27 4 32 4 35 4 55 60 4 39 4 28 4 102 52 4 16 4 50 4 11 4 0 49 4 27 4 5 4 13 4 32 60 4 40 4 37 4 71 60 4 32 4 22 4 19 60 4 33 4 31 4 
iteration 464 best: 1.17698 leader: 1.17698 time: 213299
0 48 4 29 4 60 4 35 36 4 41 4 61 12 4 5 4 27 4 0 25 4 53 4 60 4 76 28 4 5 4 26 4 24 49 4 38 4 9 4 39 4 6 49 4 49 4 5 4 51 5 4 24 4 0 38 4 38 4 2 55 4 5 4 28 4 37 4 48 5 4 45 4 50 5 4 25 4 47 5 4 33 4 18 4 5 4 46 4 19 57 4 5 4 30 4 30 4 90 22 4 28 4 72 60 4 47 4 27 4 42 4 42 56 4 30 4 49 4 22 47 4 41 4 9 45 4 49 4 46 47 20 62 21 4 17 4 60 4 57 5 20 93 35 4 23 4 22 4 70 44 4 39 4 24 4 47 4 114 46 4 60 4 0 15 4 6 4 54 4 82 6 4 49 4 81 58 4 5 4 6 4 16 60 4 15 4 58 4 0 43 4 17 4 26 55 4 14 4 79 43 4 106 21 4 57 4 49 4 0 8 4 23 4 104 43 4 60 4 94 41 4 52 4 44 34 4 48 4 96 22 4 57 4 114 53 4 10 4 25 60 4 5 4 81 37 4 25 4 14 56 4 24 4 38 4 3 58 4 60 4 27 37 4 26 4 35 4 79 5 4 21 4 20 4 119 60 4 47 4 60 4 11 4 89 34 4 44 4 46 4 60 4 50 39 4 48 4 60 4 102 37 4 20 4 68 60 4 5 4 40 4 117 49 4 53 4 50 4 61 23 4 30 4 19 4 73 60 4 22 4 13 4 0 25 16 44 16 57 60 4 110 39 16 60 16 95 5 4 18 4 57 60 4 47 4 13 4 96 40 4 25 4 32 4 46 4 49 36 4 48 4 66 40 4 60 4 60 4 60 4 53 47 4 12 4 58 4 79 15 4 29 4 54 4 25 27 4 32 4 35 4 55 60 4 39 4 28 4 102 52 4 16 4 50 4 11 4 0 49 4 27 4 5 4 13 4 32 60 4 40 4 37 4 71 60 4 32 4 22 4 19 60 4 33 4 31 4 
iteration 480 best: 1.17698 leader: 1.17698 time: 220588
0 48 4 29 4 60 4 35 36 4 41 4 61 12 4 5 4 27 4 0 25 4 53 4 60 4 76 28 4 5 4 26 4 24 49 4 38 4 9 4 39 4 6 49 4 49 4 5 4 51 5 4 24 4 0 38 4 38 4 2 55 4 5 4 28 4 37 4 48 5 4 45 4 50 5 4 25 4 47 5 4 33 4 18 4 5 4 46 4 19 57 4 5 4 30 4 30 4 90 22 4 28 4 72 60 4 47 4 27 4 42 4 42 56 4 30 4 49 4 22 47 4 41 4 9 45 4 49 4 46 47 20 62 21 4 17 4 60 4 57 5 20 93 35 4 23 4 22 4 70 44 4 39 4 24 4 47 4 114 46 4 60 4 0 15 4 6 4 54 4 82 6 4 49 4 81 58 4 5 4 6 4 16 60 4 15 4 58 4 0 43 4 17 4 26 55 4 14 4 79 43 4 106 21 4 57 4 49 4 0 8 4 23 4 104 43 4 60 4 94 41 4 52 4 44 34 4 48 4 96 22 4 57 4 114 53 4 10 4 25 60 4 5 4 81 37 4 25 4 14 56 4 24 4 38 4 3 58 4 60 4 27 37 4 26 4 35 4 79 5 4 21 4 20 4 119 60 4 47 4 60 4 11 4 89 34 4 44 4 46 4 60 4 50 39 4 48 4 60 4 102 37 4 20 4 68 60 4 5 4 40 4 117 49 4 53 4 50 4 61 23 4 30 4 19 4 73 60 4 22 4 13 4 0 25 16 44 16 57 60 4 110 39 16 60 16 95 5 4 18 4 57 60 4 47 4 13 4 96 40 4 25 4 32 4 46 4 49 36 4 48 4 66 40 4 60 4 60 4 60 4 53 47 4 12 4 58 4 79 15 4 29 4 54 4 25 27 4 32 4 35 4 55 60 4 39 4 28 4 102 52 4 16 4 50 4 11 4 0 49 4 27 4 5 4 13 4 32 60 4 40 4 37 4 71 60 4 32 4 22 4 19 60 4 33 4 31 4 
iteration 496 best: 1.17698 leader: 1.17698 time: 227872
0 48 4 29 4 60 4 35 36 4 41 4 61 12 4 5 4 27 4 0 25 4 53 4 60 4 76 28 4 5 4 26 4 24 49 4 38 4 9 4 39 4 6 49 4 49 4 5 4 51 5 4 24 4 0 38 4 38 4 2 55 4 5 4 28 4 37 4 48 5 4 45 4 50 5 4 25 4 47 5 4 33 4 18 4 5 4 46 4 19 57 4 5 4 30 4 30 4 90 22 4 28 4 72 60 4 47 4 27 4 42 4 42 56 4 30 4 49 4 22 47 4 41 4 9 45 4 49 4 46 47 20 62 21 4 17 4 60 4 57 5 20 93 35 4 23 4 22 4 70 44 4 39 4 24 4 47 4 114 46 4 60 4 0 15 4 6 4 54 4 82 6 4 49 4 81 58 4 5 4 6 4 16 60 4 15 4 58 4 0 43 4 17 4 26 55 4 14 4 79 43 4 106 21 4 57 4 49 4 0 8 4 23 4 104 43 4 60 4 94 41 4 52 4 44 34 4 48 4 96 22 4 57 4 114 53 4 10 4 25 60 4 5 4 81 37 4 25 4 14 56 4 24 4 38 4 3 58 4 60 4 27 37 4 26 4 35 4 79 5 4 21 4 20 4 119 60 4 47 4 60 4 11 4 89 34 4 44 4 46 4 60 4 50 39 4 48 4 60 4 102 37 4 20 4 68 60 4 5 4 40 4 117 49 4 53 4 50 4 61 23 4 30 4 19 4 73 60 4 22 4 13 4 0 25 16 44 16 57 60 4 110 39 16 60 16 95 5 4 18 4 57 60 4 47 4 13 4 96 40 4 25 4 32 4 46 4 49 36 4 48 4 66 40 4 60 4 60 4 60 4 53 47 4 12 4 58 4 79 15 4 29 4 54 4 25 27 4 32 4 35 4 55 60 4 39 4 28 4 102 52 4 16 4 50 4 11 4 0 49 4 27 4 5 4 13 4 32 60 4 40 4 37 4 71 60 4 32 4 22 4 19 60 4 33 4 31 4 
iteration 512 best: 1.17698 leader: 1.17698 time: 235184
0 48 4 29 4 60 4 35 36 4 41 4 61 12 4 5 4 27 4 0 25 4 53 4 60 4 76 28 4 5 4 26 4 24 49 4 38 4 9 4 39 4 6 49 4 49 4 5 4 51 5 4 24 4 0 38 4 38 4 2 55 4 5 4 28 4 37 4 48 5 4 45 4 50 5 4 25 4 47 5 4 33 4 18 4 5 4 46 4 19 57 4 5 4 30 4 30 4 90 22 4 28 4 72 60 4 47 4 27 4 42 4 42 56 4 30 4 49 4 22 47 4 41 4 9 45 4 49 4 46 47 20 62 21 4 17 4 60 4 57 5 20 93 35 4 23 4 22 4 70 44 4 39 4 24 4 47 4 114 46 4 60 4 0 15 4 6 4 54 4 82 6 4 49 4 81 58 4 5 4 6 4 16 60 4 15 4 58 4 0 43 4 17 4 26 55 4 14 4 79 43 4 106 21 4 57 4 49 4 0 8 4 23 4 104 43 4 60 4 94 41 4 52 4 44 34 4 48 4 96 22 4 57 4 114 53 4 10 4 25 60 4 5 4 81 37 4 25 4 14 56 4 24 4 38 4 3 58 4 60 4 27 37 4 26 4 35 4 79 5 4 21 4 20 4 119 60 4 47 4 60 4 11 4 89 34 4 44 4 46 4 60 4 50 39 4 48 4 60 4 102 37 4 20 4 68 60 4 5 4 40 4 117 49 4 53 4 50 4 61 23 4 30 4 19 4 73 60 4 22 4 13 4 0 25 16 44 16 57 60 4 110 39 16 60 16 95 5 4 18 4 57 60 4 47 4 13 4 96 40 4 25 4 32 4 46 4 49 36 4 48 4 66 40 4 60 4 60 4 60 4 53 47 4 12 4 58 4 79 15 4 29 4 54 4 25 27 4 32 4 35 4 55 60 4 39 4 28 4 102 52 4 16 4 50 4 11 4 0 49 4 27 4 5 4 13 4 32 60 4 40 4 37 4 71 60 4 32 4 22 4 19 60 4 33 4 31 4 
iteration 528 best: 1.17698 leader: 1.17698 time: 242493
0 48 4 29 4 60 4 35 36 4 41 4 61 12 4 5 4 27 4 0 25 4 53 4 60 4 76 28 4 5 4 26 4 24 49 4 38 4 9 4 39 4 6 49 4 49 4 5 4 51 5 4 24 4 0 38 4 38 4 2 55 4 5 4 28 4 37 4 48 5 4 45 4 50 5 4 25 4 47 5 4 33 4 18 4 5 4 46 4 19 57 4 5 4 30 4 30 4 90 22 4 28 4 72 60 4 47 4 27 4 42 4 42 56 4 30 4 49 4 22 47 4 41 4 9 45 4 49 4 46 47 20 62 21 4 17 4 60 4 57 5 20 93 35 4 23 4 22 4 70 44 4 39 4 24 4 47 4 114 46 4 60 4 0 15 4 6 4 54 4 82 6 4 49 4 81 58 4 5 4 6 4 16 60 4 15 4 58 4 0 43 4 17 4 26 55 4 14 4 79 43 4 106 21 4 57 4 49 4 0 8 4 23 4 104 43 4 60 4 94 41 4 52 4 44 34 4 48 4 96 22 4 57 4 114 53 4 10 4 25 60 4 5 4 81 37 4 25 4 14 56 4 24 4 38 4 3 58 4 60 4 27 37 4 26 4 35 4 79 5 4 21 4 20 4 119 60 4 47 4 60 4 11 4 89 34 4 44 4 46 4 60 4 50 39 4 48 4 60 4 102 37 4 20 4 68 60 4 5 4 40 4 117 49 4 53 4 50 4 61 23 4 30 4 19 4 73 60 4 22 4 13 4 0 25 16 44 16 57 60 4 110 39 16 60 16 95 5 4 18 4 57 60 4 47 4 13 4 96 40 4 25 4 32 4 46 4 49 36 4 48 4 66 40 4 60 4 60 4 60 4 53 47 4 12 4 58 4 79 15 4 29 4 54 4 25 27 4 32 4 35 4 55 60 4 39 4 28 4 102 52 4 16 4 50 4 11 4 0 49 4 27 4 5 4 13 4 32 60 4 40 4 37 4 71 60 4 32 4 22 4 19 60 4 33 4 31 4 
iteration 544 best: 1.17698 leader: 1.17698 time: 249814
0 48 4 29 4 60 4 35 36 4 41 4 61 12 4 5 4 27 4 0 25 4 53 4 60 4 76 28 4 5 4 26 4 24 49 4 38 4 9 4 39 4 6 49 4 49 4 5 4 51 5 4 24 4 0 38 4 38 4 2 55 4 5 4 28 4 37 4 48 5 4 45 4 50 5 4 25 4 47 5 4 33 4 18 4 5 4 46 4 19 57 4 5 4 30 4 30 4 90 22 4 28 4 72 60 4 47 4 27 4 42 4 42 56 4 30 4 49 4 22 47 4 41 4 9 45 4 49 4 46 47 20 62 21 4 17 4 60 4 57 5 20 93 35 4 23 4 22 4 70 44 4 39 4 24 4 47 4 114 46 4 60 4 0 15 4 6 4 54 4 82 6 4 49 4 81 58 4 5 4 6 4 16 60 4 15 4 58 4 0 43 4 17 4 26 55 4 14 4 79 43 4 106 21 4 57 4 49 4 0 8 4 23 4 104 43 4 60 4 94 41 4 52 4 44 34 4 48 4 96 22 4 57 4 114 53 4 10 4 25 60 4 5 4 81 37 4 25 4 14 56 4 24 4 38 4 3 58 4 60 4 27 37 4 26 4 35 4 79 5 4 21 4 20 4 119 60 4 47 4 60 4 11 4 89 34 4 44 4 46 4 60 4 50 39 4 48 4 60 4 102 37 4 20 4 68 60 4 5 4 40 4 117 49 4 53 4 50 4 61 23 4 30 4 19 4 73 60 4 22 4 13 4 0 25 16 44 16 57 60 4 110 39 16 60 16 95 5 4 18 4 57 60 4 47 4 13 4 96 40 4 25 4 32 4 46 4 49 36 4 48 4 66 40 4 60 4 60 4 60 4 53 47 4 12 4 58 4 79 15 4 29 4 54 4 25 27 4 32 4 35 4 55 60 4 39 4 28 4 102 52 4 16 4 50 4 11 4 0 49 4 27 4 5 4 13 4 32 60 4 40 4 37 4 71 60 4 32 4 22 4 19 60 4 33 4 31 4 
iteration 560 best: 1.17698 leader: 1.17698 time: 257117
0 48 4 29 4 60 4 35 36 4 41 4 61 12 4 5 4 27 4 0 25 4 53 4 60 4 76 28 4 5 4 26 4 24 49 4 38 4 9 4 39 4 6 49 4 49 4 5 4 51 5 4 24 4 0 38 4 38 4 2 55 4 5 4 28 4 37 4 48 5 4 45 4 50 5 4 25 4 47 5 4 33 4 18 4 5 4 46 4 19 57 4 5 4 30 4 30 4 90 22 4 28 4 72 60 4 47 4 27 4 42 4 42 56 4 30 4 49 4 22 47 4 41 4 9 45 4 49 4 46 47 20 62 21 4 17 4 60 4 57 5 20 93 35 4 23 4 22 4 70 44 4 39 4 24 4 47 4 114 46 4 60 4 0 15 4 6 4 54 4 82 6 4 49 4 81 58 4 5 4 6 4 16 60 4 15 4 58 4 0 43 4 17 4 26 55 4 14 4 79 43 4 106 21 4 57 4 49 4 0 8 4 23 4 104 43 4 60 4 94 41 4 52 4 44 34 4 48 4 96 22 4 57 4 114 53 4 10 4 25 60 4 5 4 81 37 4 25 4 14 56 4 24 4 38 4 3 58 4 60 4 27 37 4 26 4 35 4 79 5 4 21 4 20 4 119 60 4 47 4 60 4 11 4 89 34 4 44 4 46 4 60 4 50 39 4 48 4 60 4 102 37 4 20 4 68 60 4 5 4 40 4 117 49 4 53 4 50 4 61 23 4 30 4 19 4 73 60 4 22 4 13 4 0 25 16 44 16 57 60 4 110 39 16 60 16 95 5 4 18 4 57 60 4 47 4 13 4 96 40 4 25 4 32 4 46 4 49 36 4 48 4 66 40 4 60 4 60 4 60 4 53 47 4 12 4 58 4 79 15 4 29 4 54 4 25 27 4 32 4 35 4 55 60 4 39 4 28 4 102 52 4 16 4 50 4 11 4 0 49 4 27 4 5 4 13 4 32 60 4 40 4 37 4 71 60 4 32 4 22 4 19 60 4 33 4 31 4 
iteration 576 best: 1.17698 leader: 1.17698 time: 264448
0 48 4 29 4 60 4 35 36 4 41 4 61 12 4 5 4 27 4 0 25 4 53 4 60 4 76 28 4 5 4 26 4 24 49 4 38 4 9 4 39 4 6 49 4 49 4 5 4 51 5 4 24 4 0 38 4 38 4 2 55 4 5 4 28 4 37 4 48 5 4 45 4 50 5 4 25 4 47 5 4 33 4 18 4 5 4 46 4 19 57 4 5 4 30 4 30 4 90 22 4 28 4 72 60 4 47 4 27 4 42 4 42 56 4 30 4 49 4 22 47 4 41 4 9 45 4 49 4 46 47 20 62 21 4 17 4 60 4 57 5 20 93 35 4 23 4 22 4 70 44 4 39 4 24 4 47 4 114 46 4 60 4 0 15 4 6 4 54 4 82 6 4 49 4 81 58 4 5 4 6 4 16 60 4 15 4 58 4 0 43 4 17 4 26 55 4 14 4 79 43 4 106 21 4 57 4 49 4 0 8 4 23 4 104 43 4 60 4 94 41 4 52 4 44 34 4 48 4 96 22 4 57 4 114 53 4 10 4 25 60 4 5 4 81 37 4 25 4 14 56 4 24 4 38 4 3 58 4 60 4 27 37 4 26 4 35 4 79 5 4 21 4 20 4 119 60 4 47 4 60 4 11 4 89 34 4 44 4 46 4 60 4 50 39 4 48 4 60 4 102 37 4 20 4 68 60 4 5 4 40 4 117 49 4 53 4 50 4 61 23 4 30 4 19 4 73 60 4 22 4 13 4 0 25 16 44 16 57 60 4 110 39 16 60 16 95 5 4 18 4 57 60 4 47 4 13 4 96 40 4 25 4 32 4 46 4 49 36 4 48 4 66 40 4 60 4 60 4 60 4 53 47 4 12 4 58 4 79 15 4 29 4 54 4 25 27 4 32 4 35 4 55 60 4 39 4 28 4 102 52 4 16 4 50 4 11 4 0 49 4 27 4 5 4 13 4 32 60 4 40 4 37 4 71 60 4 32 4 22 4 19 60 4 33 4 31 4 
iteration 592 best: 1.17698 leader: 1.17698 time: 271855
0 48 4 29 4 60 4 35 36 4 41 4 61 12 4 5 4 27 4 0 25 4 53 4 60 4 76 28 4 5 4 26 4 24 49 4 38 4 9 4 39 4 6 49 4 49 4 5 4 51 5 4 24 4 0 38 4 38 4 2 55 4 5 4 28 4 37 4 48 5 4 45 4 50 5 4 25 4 47 5 4 33 4 18 4 5 4 46 4 19 57 4 5 4 30 4 30 4 90 22 4 28 4 72 60 4 47 4 27 4 42 4 42 56 4 30 4 49 4 22 47 4 41 4 9 45 4 49 4 46 47 20 62 21 4 17 4 60 4 57 5 20 93 35 4 23 4 22 4 70 44 4 39 4 24 4 47 4 114 46 4 60 4 0 15 4 6 4 54 4 82 6 4 49 4 81 58 4 5 4 6 4 16 60 4 15 4 58 4 0 43 4 17 4 26 55 4 14 4 79 43 4 106 21 4 57 4 49 4 0 8 4 23 4 104 43 4 60 4 94 41 4 52 4 44 34 4 48 4 96 22 4 57 4 114 53 4 10 4 25 60 4 5 4 81 37 4 25 4 14 56 4 24 4 38 4 3 58 4 60 4 27 37 4 26 4 35 4 79 5 4 21 4 20 4 119 60 4 47 4 60 4 11 4 89 34 4 44 4 46 4 60 4 50 39 4 48 4 60 4 102 37 4 20 4 68 60 4 5 4 40 4 117 49 4 53 4 50 4 61 23 4 30 4 19 4 73 60 4 22 4 13 4 0 25 16 44 16 57 60 4 110 39 16 60 16 95 5 4 18 4 57 60 4 47 4 13 4 96 40 4 25 4 32 4 46 4 49 36 4 48 4 66 40 4 60 4 60 4 60 4 53 47 4 12 4 58 4 79 15 4 29 4 54 4 25 27 4 32 4 35 4 55 60 4 39 4 28 4 102 52 4 16 4 50 4 11 4 0 49 4 27 4 5 4 13 4 32 60 4 40 4 37 4 71 60 4 32 4 22 4 19 60 4 33 4 31 4 
iteration 608 best: 1.17698 leader: 1.17698 time: 279476
0 48 4 29 4 60 4 35 36 4 41 4 61 12 4 5 4 27 4 0 25 4 53 4 60 4 76 28 4 5 4 26 4 24 49 4 38 4 9 4 39 4 6 49 4 49 4 5 4 51 5 4 24 4 0 38 4 38 4 2 55 4 5 4 28 4 37 4 48 5 4 45 4 50 5 4 25 4 47 5 4 33 4 18 4 5 4 46 4 19 57 4 5 4 30 4 30 4 90 22 4 28 4 72 60 4 47 4 27 4 42 4 42 56 4 30 4 49 4 22 47 4 41 4 9 45 4 49 4 46 47 20 62 21 4 17 4 60 4 57 5 20 93 35 4 23 4 22 4 70 44 4 39 4 24 4 47 4 114 46 4 60 4 0 15 4 6 4 54 4 82 6 4 49 4 81 58 4 5 4 6 4 16 60 4 15 4 58 4 0 43 4 17 4 26 55 4 14 4 79 43 4 106 21 4 57 4 49 4 0 8 4 23 4 104 43 4 60 4 94 41 4 52 4 44 34 4 48 4 96 22 4 57 4 114 53 4 10 4 25 60 4 5 4 81 37 4 25 4 14 56 4 24 4 38 4 3 58 4 60 4 27 37 4 26 4 35 4 79 5 4 21 4 20 4 119 60 4 47 4 60 4 11 4 89 34 4 44 4 46 4 60 4 50 39 4 48 4 60 4 102 37 4 20 4 68 60 4 5 4 40 4 117 49 4 53 4 50 4 61 23 4 30 4 19 4 73 60 4 22 4 13 4 0 25 16 44 16 57 60 4 110 39 16 60 16 95 5 4 18 4 57 60 4 47 4 13 4 96 40 4 25 4 32 4 46 4 49 36 4 48 4 66 40 4 60 4 60 4 60 4 53 47 4 12 4 58 4 79 15 4 29 4 54 4 25 27 4 32 4 35 4 55 60 4 39 4 28 4 102 52 4 16 4 50 4 11 4 0 49 4 27 4 5 4 13 4 32 60 4 40 4 37 4 71 60 4 32 4 22 4 19 60 4 33 4 31 4 
iteration 624 best: 1.17698 leader: 1.17698 time: 286840
0 48 4 29 4 60 4 35 36 4 41 4 61 12 4 5 4 27 4 0 25 4 53 4 60 4 76 28 4 5 4 26 4 24 49 4 38 4 9 4 39 4 6 49 4 49 4 5 4 51 5 4 24 4 0 38 4 38 4 2 55 4 5 4 28 4 37 4 48 5 4 45 4 50 5 4 25 4 47 5 4 33 4 18 4 5 4 46 4 19 57 4 5 4 30 4 30 4 90 22 4 28 4 72 60 4 47 4 27 4 42 4 42 56 4 30 4 49 4 22 47 4 41 4 9 45 4 49 4 46 47 20 62 21 4 17 4 60 4 57 5 20 93 35 4 23 4 22 4 70 44 4 39 4 24 4 47 4 114 46 4 60 4 0 15 4 6 4 54 4 82 6 4 49 4 81 58 4 5 4 6 4 16 60 4 15 4 58 4 0 43 4 17 4 26 55 4 14 4 79 43 4 106 21 4 57 4 49 4 0 8 4 23 4 104 43 4 60 4 94 41 4 52 4 44 34 4 48 4 96 22 4 57 4 114 53 4 10 4 25 60 4 5 4 81 37 4 25 4 14 56 4 24 4 38 4 3 58 4 60 4 27 37 4 26 4 35 4 79 5 4 21 4 20 4 119 60 4 47 4 60 4 11 4 89 34 4 44 4 46 4 60 4 50 39 4 48 4 60 4 102 37 4 20 4 68 60 4 5 4 40 4 117 49 4 53 4 50 4 61 23 4 30 4 19 4 73 60 4 22 4 13 4 0 25 16 44 16 57 60 4 110 39 16 60 16 95 5 4 18 4 57 60 4 47 4 13 4 96 40 4 25 4 32 4 46 4 49 36 4 48 4 66 40 4 60 4 60 4 60 4 53 47 4 12 4 58 4 79 15 4 29 4 54 4 25 27 4 32 4 35 4 55 60 4 39 4 28 4 102 52 4 16 4 50 4 11 4 0 49 4 27 4 5 4 13 4 32 60 4 40 4 37 4 71 60 4 32 4 22 4 19 60 4 33 4 31 4 
iteration 640 best: 1.17698 leader: 1.17698 time: 294157
0 48 4 29 4 60 4 35 36 4 41 4 61 12 4 5 4 27 4 0 25 4 53 4 60 4 76 28 4 5 4 26 4 24 49 4 38 4 9 4 39 4 6 49 4 49 4 5 4 51 5 4 24 4 0 38 4 38 4 2 55 4 5 4 28 4 37 4 48 5 4 45 4 50 5 4 25 4 47 5 4 33 4 18 4 5 4 46 4 19 57 4 5 4 30 4 30 4 90 22 4 28 4 72 60 4 47 4 27 4 42 4 42 56 4 30 4 49 4 22 47 4 41 4 9 45 4 49 4 46 47 20 62 21 4 17 4 60 4 57 5 20 93 35 4 23 4 22 4 70 44 4 39 4 24 4 47 4 114 46 4 60 4 0 15 4 6 4 54 4 82 6 4 49 4 81 58 4 5 4 6 4 16 60 4 15 4 58 4 0 43 4 17 4 26 55 4 14 4 79 43 4 106 21 4 57 4 49 4 0 8 4 23 4 104 43 4 60 4 94 41 4 52 4 44 34 4 48 4 96 22 4 57 4 114 53 4 10 4 25 60 4 5 4 81 37 4 25 4 14 56 4 24 4 38 4 3 58 4 60 4 27 37 4 26 4 35 4 79 5 4 21 4 20 4 119 60 4 47 4 60 4 11 4 89 34 4 44 4 46 4 60 4 50 39 4 48 4 60 4 102 37 4 20 4 68 60 4 5 4 40 4 117 49 4 53 4 50 4 61 23 4 30 4 19 4 73 60 4 22 4 13 4 0 25 16 44 16 57 60 4 110 39 16 60 16 95 5 4 18 4 57 60 4 47 4 13 4 96 40 4 25 4 32 4 46 4 49 36 4 48 4 66 40 4 60 4 60 4 60 4 53 47 4 12 4 58 4 79 15 4 29 4 54 4 25 27 4 32 4 35 4 55 60 4 39 4 28 4 102 52 4 16 4 50 4 11 4 0 49 4 27 4 5 4 13 4 32 60 4 40 4 37 4 71 60 4 32 4 22 4 19 60 4 33 4 31 4 
iteration 656 best: 1.17698 leader: 1.17698 time: 301480
0 48 4 29 4 60 4 35 36 4 41 4 61 12 4 5 4 27 4 0 25 4 53 4 60 4 76 28 4 5 4 26 4 24 49 4 38 4 9 4 39 4 6 49 4 49 4 5 4 51 5 4 24 4 0 38 4 38 4 2 55 4 5 4 28 4 37 4 48 5 4 45 4 50 5 4 25 4 47 5 4 33 4 18 4 5 4 46 4 19 57 4 5 4 30 4 30 4 90 22 4 28 4 72 60 4 47 4 27 4 42 4 42 56 4 30 4 49 4 22 47 4 41 4 9 45 4 49 4 46 47 20 62 21 4 17 4 60 4 57 5 20 93 35 4 23 4 22 4 70 44 4 39 4 24 4 47 4 114 46 4 60 4 0 15 4 6 4 54 4 82 6 4 49 4 81 58 4 5 4 6 4 16 60 4 15 4 58 4 0 43 4 17 4 26 55 4 14 4 79 43 4 106 21 4 57 4 49 4 0 8 4 23 4 104 43 4 60 4 94 41 4 52 4 44 34 4 48 4 96 22 4 57 4 114 53 4 10 4 25 60 4 5 4 81 37 4 25 4 14 56 4 24 4 38 4 3 58 4 60 4 27 37 4 26 4 35 4 79 5 4 21 4 20 4 119 60 4 47 4 60 4 11 4 89 34 4 44 4 46 4 60 4 50 39 4 48 4 60 4 102 37 4 20 4 68 60 4 5 4 40 4 117 49 4 53 4 50 4 61 23 4 30 4 19 4 73 60 4 22 4 13 4 0 25 16 44 16 57 60 4 110 39 16 60 16 95 5 4 18 4 57 60 4 47 4 13 4 96 40 4 25 4 32 4 46 4 49 36 4 48 4 66 40 4 60 4 60 4 60 4 53 47 4 12 4 58 4 79 15 4 29 4 54 4 25 27 4 32 4 35 4 55 60 4 39 4 28 4 102 52 4 16 4 50 4 11 4 0 49 4 27 4 5 4 13 4 32 60 4 40 4 37 4 71 60 4 32 4 22 4 19 60 4 33 4 31 4 
iteration 672 best: 1.17698 leader: 1.17698 time: 308775
0 48 4 29 4 60 4 35 36 4 41 4 61 12 4 5 4 27 4 0 25 4 53 4 60 4 76 28 4 5 4 26 4 24 49 4 38 4 9 4 39 4 6 49 4 49 4 5 4 51 5 4 24 4 0 38 4 38 4 2 55 4 5 4 28 4 37 4 48 5 4 45 4 50 5 4 25 4 47 5 4 33 4 18 4 5 4 46 4 19 57 4 5 4 30 4 30 4 90 22 4 28 4 72 60 4 47 4 27 4 42 4 42 56 4 30 4 49 4 22 47 4 41 4 9 45 4 49 4 46 47 20 62 21 4 17 4 60 4 57 5 20 93 35 4 23 4 22 4 70 44 4 39 4 24 4 47 4 114 46 4 60 4 0 15 4 6 4 54 4 82 6 4 49 4 81 58 4 5 4 6 4 16 60 4 15 4 58 4 0 43 4 17 4 26 55 4 14 4 79 43 4 106 21 4 57 4 49 4 0 8 4 23 4 104 43 4 60 4 94 41 4 52 4 44 34 4 48 4 96 22 4 57 4 114 53 4 10 4 25 60 4 5 4 81 37 4 25 4 14 56 4 24 4 38 4 3 58 4 60 4 27 37 4 26 4 35 4 79 5 4 21 4 20 4 119 60 4 47 4 60 4 11 4 89 34 4 44 4 46 4 60 4 50 39 4 48 4 60 4 102 37 4 20 4 68 60 4 5 4 40 4 117 49 4 53 4 50 4 61 23 4 30 4 19 4 73 60 4 22 4 13 4 0 25 16 44 16 57 60 4 110 39 16 60 16 95 5 4 18 4 57 60 4 47 4 13 4 96 40 4 25 4 32 4 46 4 49 36 4 48 4 66 40 4 60 4 60 4 60 4 53 47 4 12 4 58 4 79 15 4 29 4 54 4 25 27 4 32 4 35 4 55 60 4 39 4 28 4 102 52 4 16 4 50 4 11 4 0 49 4 27 4 5 4 13 4 32 60 4 40 4 37 4 71 60 4 32 4 22 4 19 60 4 33 4 31 4 
iteration 688 best: 1.17698 leader: 1.17698 time: 316110
0 48 4 29 4 60 4 35 36 4 41 4 61 12 4 5 4 27 4 0 25 4 53 4 60 4 76 28 4 5 4 26 4 24 49 4 38 4 9 4 39 4 6 49 4 49 4 5 4 51 5 4 24 4 0 38 4 38 4 2 55 4 5 4 28 4 37 4 48 5 4 45 4 50 5 4 25 4 47 5 4 33 4 18 4 5 4 46 4 19 57 4 5 4 30 4 30 4 90 22 4 28 4 72 60 4 47 4 27 4 42 4 42 56 4 30 4 49 4 22 47 4 41 4 9 45 4 49 4 46 47 20 62 21 4 17 4 60 4 57 5 20 93 35 4 23 4 22 4 70 44 4 39 4 24 4 47 4 114 46 4 60 4 0 15 4 6 4 54 4 82 6 4 49 4 81 58 4 5 4 6 4 16 60 4 15 4 58 4 0 43 4 17 4 26 55 4 14 4 79 43 4 106 21 4 57 4 49 4 0 8 4 23 4 104 43 4 60 4 94 41 4 52 4 44 34 4 48 4 96 22 4 57 4 114 53 4 10 4 25 60 4 5 4 81 37 4 25 4 14 56 4 24 4 38 4 3 58 4 60 4 27 37 4 26 4 35 4 79 5 4 21 4 20 4 119 60 4 47 4 60 4 11 4 89 34 4 44 4 46 4 60 4 50 39 4 48 4 60 4 102 37 4 20 4 68 60 4 5 4 40 4 117 49 4 53 4 50 4 61 23 4 30 4 19 4 73 60 4 22 4 13 4 0 25 16 44 16 57 60 4 110 39 16 60 16 95 5 4 18 4 57 60 4 47 4 13 4 96 40 4 25 4 32 4 46 4 49 36 4 48 4 66 40 4 60 4 60 4 60 4 53 47 4 12 4 58 4 79 15 4 29 4 54 4 25 27 4 32 4 35 4 55 60 4 39 4 28 4 102 52 4 16 4 50 4 11 4 0 49 4 27 4 5 4 13 4 32 60 4 40 4 37 4 71 60 4 32 4 22 4 19 60 4 33 4 31 4 
iteration 704 best: 1.17698 leader: 1.17698 time: 323423
0 48 4 29 4 60 4 35 36 4 41 4 61 12 4 5 4 27 4 0 25 4 53 4 60 4 76 28 4 5 4 26 4 24 49 4 38 4 9 4 39 4 6 49 4 49 4 5 4 51 5 4 24 4 0 38 4 38 4 2 55 4 5 4 28 4 37 4 48 5 4 45 4 50 5 4 25 4 47 5 4 33 4 18 4 5 4 46 4 19 57 4 5 4 30 4 30 4 90 22 4 28 4 72 60 4 47 4 27 4 42 4 42 56 4 30 4 49 4 22 47 4 41 4 9 45 4 49 4 46 47 20 62 21 4 17 4 60 4 57 5 20 93 35 4 23 4 22 4 70 44 4 39 4 24 4 47 4 114 46 4 60 4 0 15 4 6 4 54 4 82 6 4 49 4 81 58 4 5 4 6 4 16 60 4 15 4 58 4 0 43 4 17 4 26 55 4 14 4 79 43 4 106 21 4 57 4 49 4 0 8 4 23 4 104 43 4 60 4 94 41 4 52 4 44 34 4 48 4 96 22 4 57 4 114 53 4 10 4 25 60 4 5 4 81 37 4 25 4 14 56 4 24 4 38 4 3 58 4 60 4 27 37 4 26 4 35 4 79 5 4 21 4 20 4 119 60 4 47 4 60 4 11 4 89 34 4 44 4 46 4 60 4 50 39 4 48 4 60 4 102 37 4 20 4 68 60 4 5 4 40 4 117 49 4 53 4 50 4 61 23 4 30 4 19 4 73 60 4 22 4 13 4 0 25 16 44 16 57 60 4 110 39 16 60 16 95 5 4 18 4 57 60 4 47 4 13 4 96 40 4 25 4 32 4 46 4 49 36 4 48 4 66 40 4 60 4 60 4 60 4 53 47 4 12 4 58 4 79 15 4 29 4 54 4 25 27 4 32 4 35 4 55 60 4 39 4 28 4 102 52 4 16 4 50 4 11 4 0 49 4 27 4 5 4 13 4 32 60 4 40 4 37 4 71 60 4 32 4 22 4 19 60 4 33 4 31 4 
iteration 720 best: 1.17698 leader: 1.17698 time: 330739
0 48 4 29 4 60 4 35 36 4 41 4 61 12 4 5 4 27 4 0 25 4 53 4 60 4 76 28 4 5 4 26 4 24 49 4 38 4 9 4 39 4 6 49 4 49 4 5 4 51 5 4 24 4 0 38 4 38 4 2 55 4 5 4 28 4 37 4 48 5 4 45 4 50 5 4 25 4 47 5 4 33 4 18 4 5 4 46 4 19 57 4 5 4 30 4 30 4 90 22 4 28 4 72 60 4 47 4 27 4 42 4 42 56 4 30 4 49 4 22 47 4 41 4 9 45 4 49 4 46 47 20 62 21 4 17 4 60 4 57 5 20 93 35 4 23 4 22 4 70 44 4 39 4 24 4 47 4 114 46 4 60 4 0 15 4 6 4 54 4 82 6 4 49 4 81 58 4 5 4 6 4 16 60 4 15 4 58 4 0 43 4 17 4 26 55 4 14 4 79 43 4 106 21 4 57 4 49 4 0 8 4 23 4 104 43 4 60 4 94 41 4 52 4 44 34 4 48 4 96 22 4 57 4 114 53 4 10 4 25 60 4 5 4 81 37 4 25 4 14 56 4 24 4 38 4 3 58 4 60 4 27 37 4 26 4 35 4 79 5 4 21 4 20 4 119 60 4 47 4 60 4 11 4 89 34 4 44 4 46 4 60 4 50 39 4 48 4 60 4 102 37 4 20 4 68 60 4 5 4 40 4 117 49 4 53 4 50 4 61 23 4 30 4 19 4 73 60 4 22 4 13 4 0 25 16 44 16 57 60 4 110 39 16 60 16 95 5 4 18 4 57 60 4 47 4 13 4 96 40 4 25 4 32 4 46 4 49 36 4 48 4 66 40 4 60 4 60 4 60 4 53 47 4 12 4 58 4 79 15 4 29 4 54 4 25 27 4 32 4 35 4 55 60 4 39 4 28 4 102 52 4 16 4 50 4 11 4 0 49 4 27 4 5 4 13 4 32 60 4 40 4 37 4 71 60 4 32 4 22 4 19 60 4 33 4 31 4 
iteration 736 best: 1.17698 leader: 1.17698 time: 338044
0 48 4 29 4 60 4 35 36 4 41 4 61 12 4 5 4 27 4 0 25 4 53 4 60 4 76 28 4 5 4 26 4 24 49 4 38 4 9 4 39 4 6 49 4 49 4 5 4 51 5 4 24 4 0 38 4 38 4 2 55 4 5 4 28 4 37 4 48 5 4 45 4 50 5 4 25 4 47 5 4 33 4 18 4 5 4 46 4 19 57 4 5 4 30 4 30 4 90 22 4 28 4 72 60 4 47 4 27 4 42 4 42 56 4 30 4 49 4 22 47 4 41 4 9 45 4 49 4 46 47 20 62 21 4 17 4 60 4 57 5 20 93 35 4 23 4 22 4 70 44 4 39 4 24 4 47 4 114 46 4 60 4 0 15 4 6 4 54 4 82 6 4 49 4 81 58 4 5 4 6 4 16 60 4 15 4 58 4 0 43 4 17 4 26 55 4 14 4 79 43 4 106 21 4 57 4 49 4 0 8 4 23 4 104 43 4 60 4 94 41 4 52 4 44 34 4 48 4 96 22 4 57 4 114 53 4 10 4 25 60 4 5 4 81 37 4 25 4 14 56 4 24 4 38 4 3 58 4 60 4 27 37 4 26 4 35 4 79 5 4 21 4 20 4 119 60 4 47 4 60 4 11 4 89 34 4 44 4 46 4 60 4 50 39 4 48 4 60 4 102 37 4 20 4 68 60 4 5 4 40 4 117 49 4 53 4 50 4 61 23 4 30 4 19 4 73 60 4 22 4 13 4 0 25 16 44 16 57 60 4 110 39 16 60 16 95 5 4 18 4 57 60 4 47 4 13 4 96 40 4 25 4 32 4 46 4 49 36 4 48 4 66 40 4 60 4 60 4 60 4 53 47 4 12 4 58 4 79 15 4 29 4 54 4 25 27 4 32 4 35 4 55 60 4 39 4 28 4 102 52 4 16 4 50 4 11 4 0 49 4 27 4 5 4 13 4 32 60 4 40 4 37 4 71 60 4 32 4 22 4 19 60 4 33 4 31 4 
iteration 752 best: 1.17698 leader: 1.17698 time: 345365
0 48 4 29 4 60 4 35 36 4 41 4 61 12 4 5 4 27 4 0 25 4 53 4 60 4 76 28 4 5 4 26 4 24 49 4 38 4 9 4 39 4 6 49 4 49 4 5 4 51 5 4 24 4 0 38 4 38 4 2 55 4 5 4 28 4 37 4 48 5 4 45 4 50 5 4 25 4 47 5 4 33 4 18 4 5 4 46 4 19 57 4 5 4 30 4 30 4 90 22 4 28 4 72 60 4 47 4 27 4 42 4 42 56 4 30 4 49 4 22 47 4 41 4 9 45 4 49 4 46 47 20 62 21 4 17 4 60 4 57 5 20 93 35 4 23 4 22 4 70 44 4 39 4 24 4 47 4 114 46 4 60 4 0 15 4 6 4 54 4 82 6 4 49 4 81 58 4 5 4 6 4 16 60 4 15 4 58 4 0 43 4 17 4 26 55 4 14 4 79 43 4 106 21 4 57 4 49 4 0 8 4 23 4 104 43 4 60 4 94 41 4 52 4 44 34 4 48 4 96 22 4 57 4 114 53 4 10 4 25 60 4 5 4 81 37 4 25 4 14 56 4 24 4 38 4 3 58 4 60 4 27 37 4 26 4 35 4 79 5 4 21 4 20 4 119 60 4 47 4 60 4 11 4 89 34 4 44 4 46 4 60 4 50 39 4 48 4 60 4 102 37 4 20 4 68 60 4 5 4 40 4 117 49 4 53 4 50 4 61 23 4 30 4 19 4 73 60 4 22 4 13 4 0 25 16 44 16 57 60 4 110 39 16 60 16 95 5 4 18 4 57 60 4 47 4 13 4 96 40 4 25 4 32 4 46 4 49 36 4 48 4 66 40 4 60 4 60 4 60 4 53 47 4 12 4 58 4 79 15 4 29 4 54 4 25 27 4 32 4 35 4 55 60 4 39 4 28 4 102 52 4 16 4 50 4 11 4 0 49 4 27 4 5 4 13 4 32 60 4 40 4 37 4 71 60 4 32 4 22 4 19 60 4 33 4 31 4 
iteration 768 best: 1.17698 leader: 1.17698 time: 352688
0 48 4 29 4 60 4 35 36 4 41 4 61 12 4 5 4 27 4 0 25 4 53 4 60 4 76 28 4 5 4 26 4 24 49 4 38 4 9 4 39 4 6 49 4 49 4 5 4 51 5 4 24 4 0 38 4 38 4 2 55 4 5 4 28 4 37 4 48 5 4 45 4 50 5 4 25 4 47 5 4 33 4 18 4 5 4 46 4 19 57 4 5 4 30 4 30 4 90 22 4 28 4 72 60 4 47 4 27 4 42 4 42 56 4 30 4 49 4 22 47 4 41 4 9 45 4 49 4 46 47 20 62 21 4 17 4 60 4 57 5 20 93 35 4 23 4 22 4 70 44 4 39 4 24 4 47 4 114 46 4 60 4 0 15 4 6 4 54 4 82 6 4 49 4 81 58 4 5 4 6 4 16 60 4 15 4 58 4 0 43 4 17 4 26 55 4 14 4 79 43 4 106 21 4 57 4 49 4 0 8 4 23 4 104 43 4 60 4 94 41 4 52 4 44 34 4 48 4 96 22 4 57 4 114 53 4 10 4 25 60 4 5 4 81 37 4 25 4 14 56 4 24 4 38 4 3 58 4 60 4 27 37 4 26 4 35 4 79 5 4 21 4 20 4 119 60 4 47 4 60 4 11 4 89 34 4 44 4 46 4 60 4 50 39 4 48 4 60 4 102 37 4 20 4 68 60 4 5 4 40 4 117 49 4 53 4 50 4 61 23 4 30 4 19 4 73 60 4 22 4 13 4 0 25 16 44 16 57 60 4 110 39 16 60 16 95 5 4 18 4 57 60 4 47 4 13 4 96 40 4 25 4 32 4 46 4 49 36 4 48 4 66 40 4 60 4 60 4 60 4 53 47 4 12 4 58 4 79 15 4 29 4 54 4 25 27 4 32 4 35 4 55 60 4 39 4 28 4 102 52 4 16 4 50 4 11 4 0 49 4 27 4 5 4 13 4 32 60 4 40 4 37 4 71 60 4 32 4 22 4 19 60 4 33 4 31 4 
iteration 784 best: 1.17698 leader: 1.17698 time: 360021
0 48 4 29 4 60 4 35 36 4 41 4 61 12 4 5 4 27 4 0 25 4 53 4 60 4 76 28 4 5 4 26 4 24 49 4 38 4 9 4 39 4 6 49 4 49 4 5 4 51 5 4 24 4 0 38 4 38 4 2 55 4 5 4 28 4 37 4 48 5 4 45 4 50 5 4 25 4 47 5 4 33 4 18 4 5 4 46 4 19 57 4 5 4 30 4 30 4 90 22 4 28 4 72 60 4 47 4 27 4 42 4 42 56 4 30 4 49 4 22 47 4 41 4 9 45 4 49 4 46 47 20 62 21 4 17 4 60 4 57 5 20 93 35 4 23 4 22 4 70 44 4 39 4 24 4 47 4 114 46 4 60 4 0 15 4 6 4 54 4 82 6 4 49 4 81 58 4 5 4 6 4 16 60 4 15 4 58 4 0 43 4 17 4 26 55 4 14 4 79 43 4 106 21 4 57 4 49 4 0 8 4 23 4 104 43 4 60 4 94 41 4 52 4 44 34 4 48 4 96 22 4 57 4 114 53 4 10 4 25 60 4 5 4 81 37 4 25 4 14 56 4 24 4 38 4 3 58 4 60 4 27 37 4 26 4 35 4 79 5 4 21 4 20 4 119 60 4 47 4 60 4 11 4 89 34 4 44 4 46 4 60 4 50 39 4 48 4 60 4 102 37 4 20 4 68 60 4 5 4 40 4 117 49 4 53 4 50 4 61 23 4 30 4 19 4 73 60 4 22 4 13 4 0 25 16 44 16 57 60 4 110 39 16 60 16 95 5 4 18 4 57 60 4 47 4 13 4 96 40 4 25 4 32 4 46 4 49 36 4 48 4 66 40 4 60 4 60 4 60 4 53 47 4 12 4 58 4 79 15 4 29 4 54 4 25 27 4 32 4 35 4 55 60 4 39 4 28 4 102 52 4 16 4 50 4 11 4 0 49 4 27 4 5 4 13 4 32 60 4 40 4 37 4 71 60 4 32 4 22 4 19 60 4 33 4 31 4 
iteration 800 best: 1.17698 leader: 1.17698 time: 367325
0 48 4 29 4 60 4 35 36 4 41 4 61 12 4 5 4 27 4 0 25 4 53 4 60 4 76 28 4 5 4 26 4 24 49 4 38 4 9 4 39 4 6 49 4 49 4 5 4 51 5 4 24 4 0 38 4 38 4 2 55 4 5 4 28 4 37 4 48 5 4 45 4 50 5 4 25 4 47 5 4 33 4 18 4 5 4 46 4 19 57 4 5 4 30 4 30 4 90 22 4 28 4 72 60 4 47 4 27 4 42 4 42 56 4 30 4 49 4 22 47 4 41 4 9 45 4 49 4 46 47 20 62 21 4 17 4 60 4 57 5 20 93 35 4 23 4 22 4 70 44 4 39 4 24 4 47 4 114 46 4 60 4 0 15 4 6 4 54 4 82 6 4 49 4 81 58 4 5 4 6 4 16 60 4 15 4 58 4 0 43 4 17 4 26 55 4 14 4 79 43 4 106 21 4 57 4 49 4 0 8 4 23 4 104 43 4 60 4 94 41 4 52 4 44 34 4 48 4 96 22 4 57 4 114 53 4 10 4 25 60 4 5 4 81 37 4 25 4 14 56 4 24 4 38 4 3 58 4 60 4 27 37 4 26 4 35 4 79 5 4 21 4 20 4 119 60 4 47 4 60 4 11 4 89 34 4 44 4 46 4 60 4 50 39 4 48 4 60 4 102 37 4 20 4 68 60 4 5 4 40 4 117 49 4 53 4 50 4 61 23 4 30 4 19 4 73 60 4 22 4 13 4 0 25 16 44 16 57 60 4 110 39 16 60 16 95 5 4 18 4 57 60 4 47 4 13 4 96 40 4 25 4 32 4 46 4 49 36 4 48 4 66 40 4 60 4 60 4 60 4 53 47 4 12 4 58 4 79 15 4 29 4 54 4 25 27 4 32 4 35 4 55 60 4 39 4 28 4 102 52 4 16 4 50 4 11 4 0 49 4 27 4 5 4 13 4 32 60 4 40 4 37 4 71 60 4 32 4 22 4 19 60 4 33 4 31 4 
iteration 816 best: 1.17698 leader: 1.17698 time: 374612
0 48 4 29 4 60 4 35 36 4 41 4 61 12 4 5 4 27 4 0 25 4 53 4 60 4 76 28 4 5 4 26 4 24 49 4 38 4 9 4 39 4 6 49 4 49 4 5 4 51 5 4 24 4 0 38 4 38 4 2 55 4 5 4 28 4 37 4 48 5 4 45 4 50 5 4 25 4 47 5 4 33 4 18 4 5 4 46 4 19 57 4 5 4 30 4 30 4 90 22 4 28 4 72 60 4 47 4 27 4 42 4 42 56 4 30 4 49 4 22 47 4 41 4 9 45 4 49 4 46 47 20 62 21 4 17 4 60 4 57 5 20 93 35 4 23 4 22 4 70 44 4 39 4 24 4 47 4 114 46 4 60 4 0 15 4 6 4 54 4 82 6 4 49 4 81 58 4 5 4 6 4 16 60 4 15 4 58 4 0 43 4 17 4 26 55 4 14 4 79 43 4 106 21 4 57 4 49 4 0 8 4 23 4 104 43 4 60 4 94 41 4 52 4 44 34 4 48 4 96 22 4 57 4 114 53 4 10 4 25 60 4 5 4 81 37 4 25 4 14 56 4 24 4 38 4 3 58 4 60 4 27 37 4 26 4 35 4 79 5 4 21 4 20 4 119 60 4 47 4 60 4 11 4 89 34 4 44 4 46 4 60 4 50 39 4 48 4 60 4 102 37 4 20 4 68 60 4 5 4 40 4 117 49 4 53 4 50 4 61 23 4 30 4 19 4 73 60 4 22 4 13 4 0 25 16 44 16 57 60 4 110 39 16 60 16 95 5 4 18 4 57 60 4 47 4 13 4 96 40 4 25 4 32 4 46 4 49 36 4 48 4 66 40 4 60 4 60 4 60 4 53 47 4 12 4 58 4 79 15 4 29 4 54 4 25 27 4 32 4 35 4 55 60 4 39 4 28 4 102 52 4 16 4 50 4 11 4 0 49 4 27 4 5 4 13 4 32 60 4 40 4 37 4 71 60 4 32 4 22 4 19 60 4 33 4 31 4 
iteration 832 best: 1.17698 leader: 1.17698 time: 381915
0 48 4 29 4 60 4 35 36 4 41 4 61 12 4 5 4 27 4 0 25 4 53 4 60 4 76 28 4 5 4 26 4 24 49 4 38 4 9 4 39 4 6 49 4 49 4 5 4 51 5 4 24 4 0 38 4 38 4 2 55 4 5 4 28 4 37 4 48 5 4 45 4 50 5 4 25 4 47 5 4 33 4 18 4 5 4 46 4 19 57 4 5 4 30 4 30 4 90 22 4 28 4 72 60 4 47 4 27 4 42 4 42 56 4 30 4 49 4 22 47 4 41 4 9 45 4 49 4 46 47 20 62 21 4 17 4 60 4 57 5 20 93 35 4 23 4 22 4 70 44 4 39 4 24 4 47 4 114 46 4 60 4 0 15 4 6 4 54 4 82 6 4 49 4 81 58 4 5 4 6 4 16 60 4 15 4 58 4 0 43 4 17 4 26 55 4 14 4 79 43 4 106 21 4 57 4 49 4 0 8 4 23 4 104 43 4 60 4 94 41 4 52 4 44 34 4 48 4 96 22 4 57 4 114 53 4 10 4 25 60 4 5 4 81 37 4 25 4 14 56 4 24 4 38 4 3 58 4 60 4 27 37 4 26 4 35 4 79 5 4 21 4 20 4 119 60 4 47 4 60 4 11 4 89 34 4 44 4 46 4 60 4 50 39 4 48 4 60 4 102 37 4 20 4 68 60 4 5 4 40 4 117 49 4 53 4 50 4 61 23 4 30 4 19 4 73 60 4 22 4 13 4 0 25 16 44 16 57 60 4 110 39 16 60 16 95 5 4 18 4 57 60 4 47 4 13 4 96 40 4 25 4 32 4 46 4 49 36 4 48 4 66 40 4 60 4 60 4 60 4 53 47 4 12 4 58 4 79 15 4 29 4 54 4 25 27 4 32 4 35 4 55 60 4 39 4 28 4 102 52 4 16 4 50 4 11 4 0 49 4 27 4 5 4 13 4 32 60 4 40 4 37 4 71 60 4 32 4 22 4 19 60 4 33 4 31 4 
iteration 848 best: 1.17698 leader: 1.17698 time: 389202
0 48 4 29 4 60 4 35 36 4 41 4 61 12 4 5 4 27 4 0 25 4 53 4 60 4 76 28 4 5 4 26 4 24 49 4 38 4 9 4 39 4 6 49 4 49 4 5 4 51 5 4 24 4 0 38 4 38 4 2 55 4 5 4 28 4 37 4 48 5 4 45 4 50 5 4 25 4 47 5 4 33 4 18 4 5 4 46 4 19 57 4 5 4 30 4 30 4 90 22 4 28 4 72 60 4 47 4 27 4 42 4 42 56 4 30 4 49 4 22 47 4 41 4 9 45 4 49 4 46 47 20 62 21 4 17 4 60 4 57 5 20 93 35 4 23 4 22 4 70 44 4 39 4 24 4 47 4 114 46 4 60 4 0 15 4 6 4 54 4 82 6 4 49 4 81 58 4 5 4 6 4 16 60 4 15 4 58 4 0 43 4 17 4 26 55 4 14 4 79 43 4 106 21 4 57 4 49 4 0 8 4 23 4 104 43 4 60 4 94 41 4 52 4 44 34 4 48 4 96 22 4 57 4 114 53 4 10 4 25 60 4 5 4 81 37 4 25 4 14 56 4 24 4 38 4 3 58 4 60 4 27 37 4 26 4 35 4 79 5 4 21 4 20 4 119 60 4 47 4 60 4 11 4 89 34 4 44 4 46 4 60 4 50 39 4 48 4 60 4 102 37 4 20 4 68 60 4 5 4 40 4 117 49 4 53 4 50 4 61 23 4 30 4 19 4 73 60 4 22 4 13 4 0 25 16 44 16 57 60 4 110 39 16 60 16 95 5 4 18 4 57 60 4 47 4 13 4 96 40 4 25 4 32 4 46 4 49 36 4 48 4 66 40 4 60 4 60 4 60 4 53 47 4 12 4 58 4 79 15 4 29 4 54 4 25 27 4 32 4 35 4 55 60 4 39 4 28 4 102 52 4 16 4 50 4 11 4 0 49 4 27 4 5 4 13 4 32 60 4 40 4 37 4 71 60 4 32 4 22 4 19 60 4 33 4 31 4 
iteration 864 best: 1.17698 leader: 1.17698 time: 396487
0 48 4 29 4 60 4 35 36 4 41 4 61 12 4 5 4 27 4 0 25 4 53 4 60 4 76 28 4 5 4 26 4 24 49 4 38 4 9 4 39 4 6 49 4 49 4 5 4 51 5 4 24 4 0 38 4 38 4 2 55 4 5 4 28 4 37 4 48 5 4 45 4 50 5 4 25 4 47 5 4 33 4 18 4 5 4 46 4 19 57 4 5 4 30 4 30 4 90 22 4 28 4 72 60 4 47 4 27 4 42 4 42 56 4 30 4 49 4 22 47 4 41 4 9 45 4 49 4 46 47 20 62 21 4 17 4 60 4 57 5 20 93 35 4 23 4 22 4 70 44 4 39 4 24 4 47 4 114 46 4 60 4 0 15 4 6 4 54 4 82 6 4 49 4 81 58 4 5 4 6 4 16 60 4 15 4 58 4 0 43 4 17 4 26 55 4 14 4 79 43 4 106 21 4 57 4 49 4 0 8 4 23 4 104 43 4 60 4 94 41 4 52 4 44 34 4 48 4 96 22 4 57 4 114 53 4 10 4 25 60 4 5 4 81 37 4 25 4 14 56 4 24 4 38 4 3 58 4 60 4 27 37 4 26 4 35 4 79 5 4 21 4 20 4 119 60 4 47 4 60 4 11 4 89 34 4 44 4 46 4 60 4 50 39 4 48 4 60 4 102 37 4 20 4 68 60 4 5 4 40 4 117 49 4 53 4 50 4 61 23 4 30 4 19 4 73 60 4 22 4 13 4 0 25 16 44 16 57 60 4 110 39 16 60 16 95 5 4 18 4 57 60 4 47 4 13 4 96 40 4 25 4 32 4 46 4 49 36 4 48 4 66 40 4 60 4 60 4 60 4 53 47 4 12 4 58 4 79 15 4 29 4 54 4 25 27 4 32 4 35 4 55 60 4 39 4 28 4 102 52 4 16 4 50 4 11 4 0 49 4 27 4 5 4 13 4 32 60 4 40 4 37 4 71 60 4 32 4 22 4 19 60 4 33 4 31 4 
iteration 880 best: 1.17698 leader: 1.17698 time: 403806
0 48 4 29 4 60 4 35 36 4 41 4 61 12 4 5 4 27 4 0 25 4 53 4 60 4 76 28 4 5 4 26 4 24 49 4 38 4 9 4 39 4 6 49 4 49 4 5 4 51 5 4 24 4 0 38 4 38 4 2 55 4 5 4 28 4 37 4 48 5 4 45 4 50 5 4 25 4 47 5 4 33 4 18 4 5 4 46 4 19 57 4 5 4 30 4 30 4 90 22 4 28 4 72 60 4 47 4 27 4 42 4 42 56 4 30 4 49 4 22 47 4 41 4 9 45 4 49 4 46 47 20 62 21 4 17 4 60 4 57 5 20 93 35 4 23 4 22 4 70 44 4 39 4 24 4 47 4 114 46 4 60 4 0 15 4 6 4 54 4 82 6 4 49 4 81 58 4 5 4 6 4 16 60 4 15 4 58 4 0 43 4 17 4 26 55 4 14 4 79 43 4 106 21 4 57 4 49 4 0 8 4 23 4 104 43 4 60 4 94 41 4 52 4 44 34 4 48 4 96 22 4 57 4 114 53 4 10 4 25 60 4 5 4 81 37 4 25 4 14 56 4 24 4 38 4 3 58 4 60 4 27 37 4 26 4 35 4 79 5 4 21 4 20 4 119 60 4 47 4 60 4 11 4 89 34 4 44 4 46 4 60 4 50 39 4 48 4 60 4 102 37 4 20 4 68 60 4 5 4 40 4 117 49 4 53 4 50 4 61 23 4 30 4 19 4 73 60 4 22 4 13 4 0 25 16 44 16 57 60 4 110 39 16 60 16 95 5 4 18 4 57 60 4 47 4 13 4 96 40 4 25 4 32 4 46 4 49 36 4 48 4 66 40 4 60 4 60 4 60 4 53 47 4 12 4 58 4 79 15 4 29 4 54 4 25 27 4 32 4 35 4 55 60 4 39 4 28 4 102 52 4 16 4 50 4 11 4 0 49 4 27 4 5 4 13 4 32 60 4 40 4 37 4 71 60 4 32 4 22 4 19 60 4 33 4 31 4 
iteration 896 best: 1.17698 leader: 1.17698 time: 411109
0 48 4 29 4 60 4 35 36 4 41 4 61 12 4 5 4 27 4 0 25 4 53 4 60 4 76 28 4 5 4 26 4 24 49 4 38 4 9 4 39 4 6 49 4 49 4 5 4 51 5 4 24 4 0 38 4 38 4 2 55 4 5 4 28 4 37 4 48 5 4 45 4 50 5 4 25 4 47 5 4 33 4 18 4 5 4 46 4 19 57 4 5 4 30 4 30 4 90 22 4 28 4 72 60 4 47 4 27 4 42 4 42 56 4 30 4 49 4 22 47 4 41 4 9 45 4 49 4 46 47 20 62 21 4 17 4 60 4 57 5 20 93 35 4 23 4 22 4 70 44 4 39 4 24 4 47 4 114 46 4 60 4 0 15 4 6 4 54 4 82 6 4 49 4 81 58 4 5 4 6 4 16 60 4 15 4 58 4 0 43 4 17 4 26 55 4 14 4 79 43 4 106 21 4 57 4 49 4 0 8 4 23 4 104 43 4 60 4 94 41 4 52 4 44 34 4 48 4 96 22 4 57 4 114 53 4 10 4 25 60 4 5 4 81 37 4 25 4 14 56 4 24 4 38 4 3 58 4 60 4 27 37 4 26 4 35 4 79 5 4 21 4 20 4 119 60 4 47 4 60 4 11 4 89 34 4 44 4 46 4 60 4 50 39 4 48 4 60 4 102 37 4 20 4 68 60 4 5 4 40 4 117 49 4 53 4 50 4 61 23 4 30 4 19 4 73 60 4 22 4 13 4 0 25 16 44 16 57 60 4 110 39 16 60 16 95 5 4 18 4 57 60 4 47 4 13 4 96 40 4 25 4 32 4 46 4 49 36 4 48 4 66 40 4 60 4 60 4 60 4 53 47 4 12 4 58 4 79 15 4 29 4 54 4 25 27 4 32 4 35 4 55 60 4 39 4 28 4 102 52 4 16 4 50 4 11 4 0 49 4 27 4 5 4 13 4 32 60 4 40 4 37 4 71 60 4 32 4 22 4 19 60 4 33 4 31 4 
iteration 912 best: 1.17698 leader: 1.17698 time: 418417
0 48 4 29 4 60 4 35 36 4 41 4 61 12 4 5 4 27 4 0 25 4 53 4 60 4 76 28 4 5 4 26 4 24 49 4 38 4 9 4 39 4 6 49 4 49 4 5 4 51 5 4 24 4 0 38 4 38 4 2 55 4 5 4 28 4 37 4 48 5 4 45 4 50 5 4 25 4 47 5 4 33 4 18 4 5 4 46 4 19 57 4 5 4 30 4 30 4 90 22 4 28 4 72 60 4 47 4 27 4 42 4 42 56 4 30 4 49 4 22 47 4 41 4 9 45 4 49 4 46 47 20 62 21 4 17 4 60 4 57 5 20 93 35 4 23 4 22 4 70 44 4 39 4 24 4 47 4 114 46 4 60 4 0 15 4 6 4 54 4 82 6 4 49 4 81 58 4 5 4 6 4 16 60 4 15 4 58 4 0 43 4 17 4 26 55 4 14 4 79 43 4 106 21 4 57 4 49 4 0 8 4 23 4 104 43 4 60 4 94 41 4 52 4 44 34 4 48 4 96 22 4 57 4 114 53 4 10 4 25 60 4 5 4 81 37 4 25 4 14 56 4 24 4 38 4 3 58 4 60 4 27 37 4 26 4 35 4 79 5 4 21 4 20 4 119 60 4 47 4 60 4 11 4 89 34 4 44 4 46 4 60 4 50 39 4 48 4 60 4 102 37 4 20 4 68 60 4 5 4 40 4 117 49 4 53 4 50 4 61 23 4 30 4 19 4 73 60 4 22 4 13 4 0 25 16 44 16 57 60 4 110 39 16 60 16 95 5 4 18 4 57 60 4 47 4 13 4 96 40 4 25 4 32 4 46 4 49 36 4 48 4 66 40 4 60 4 60 4 60 4 53 47 4 12 4 58 4 79 15 4 29 4 54 4 25 27 4 32 4 35 4 55 60 4 39 4 28 4 102 52 4 16 4 50 4 11 4 0 49 4 27 4 5 4 13 4 32 60 4 40 4 37 4 71 60 4 32 4 22 4 19 60 4 33 4 31 4 
iteration 928 best: 1.17698 leader: 1.17698 time: 425724
0 48 4 29 4 60 4 35 36 4 41 4 61 12 4 5 4 27 4 0 25 4 53 4 60 4 76 28 4 5 4 26 4 24 49 4 38 4 9 4 39 4 6 49 4 49 4 5 4 51 5 4 24 4 0 38 4 38 4 2 55 4 5 4 28 4 37 4 48 5 4 45 4 50 5 4 25 4 47 5 4 33 4 18 4 5 4 46 4 19 57 4 5 4 30 4 30 4 90 22 4 28 4 72 60 4 47 4 27 4 42 4 42 56 4 30 4 49 4 22 47 4 41 4 9 45 4 49 4 46 47 20 62 21 4 17 4 60 4 57 5 20 93 35 4 23 4 22 4 70 44 4 39 4 24 4 47 4 114 46 4 60 4 0 15 4 6 4 54 4 82 6 4 49 4 81 58 4 5 4 6 4 16 60 4 15 4 58 4 0 43 4 17 4 26 55 4 14 4 79 43 4 106 21 4 57 4 49 4 0 8 4 23 4 104 43 4 60 4 94 41 4 52 4 44 34 4 48 4 96 22 4 57 4 114 53 4 10 4 25 60 4 5 4 81 37 4 25 4 14 56 4 24 4 38 4 3 58 4 60 4 27 37 4 26 4 35 4 79 5 4 21 4 20 4 119 60 4 47 4 60 4 11 4 89 34 4 44 4 46 4 60 4 50 39 4 48 4 60 4 102 37 4 20 4 68 60 4 5 4 40 4 117 49 4 53 4 50 4 61 23 4 30 4 19 4 73 60 4 22 4 13 4 0 25 16 44 16 57 60 4 110 39 16 60 16 95 5 4 18 4 57 60 4 47 4 13 4 96 40 4 25 4 32 4 46 4 49 36 4 48 4 66 40 4 60 4 60 4 60 4 53 47 4 12 4 58 4 79 15 4 29 4 54 4 25 27 4 32 4 35 4 55 60 4 39 4 28 4 102 52 4 16 4 50 4 11 4 0 49 4 27 4 5 4 13 4 32 60 4 40 4 37 4 71 60 4 32 4 22 4 19 60 4 33 4 31 4 
iteration 944 best: 1.17698 leader: 1.17698 time: 433010
0 48 4 29 4 60 4 35 36 4 41 4 61 12 4 5 4 27 4 0 25 4 53 4 60 4 76 28 4 5 4 26 4 24 49 4 38 4 9 4 39 4 6 49 4 49 4 5 4 51 5 4 24 4 0 38 4 38 4 2 55 4 5 4 28 4 37 4 48 5 4 45 4 50 5 4 25 4 47 5 4 33 4 18 4 5 4 46 4 19 57 4 5 4 30 4 30 4 90 22 4 28 4 72 60 4 47 4 27 4 42 4 42 56 4 30 4 49 4 22 47 4 41 4 9 45 4 49 4 46 47 20 62 21 4 17 4 60 4 57 5 20 93 35 4 23 4 22 4 70 44 4 39 4 24 4 47 4 114 46 4 60 4 0 15 4 6 4 54 4 82 6 4 49 4 81 58 4 5 4 6 4 16 60 4 15 4 58 4 0 43 4 17 4 26 55 4 14 4 79 43 4 106 21 4 57 4 49 4 0 8 4 23 4 104 43 4 60 4 94 41 4 52 4 44 34 4 48 4 96 22 4 57 4 114 53 4 10 4 25 60 4 5 4 81 37 4 25 4 14 56 4 24 4 38 4 3 58 4 60 4 27 37 4 26 4 35 4 79 5 4 21 4 20 4 119 60 4 47 4 60 4 11 4 89 34 4 44 4 46 4 60 4 50 39 4 48 4 60 4 102 37 4 20 4 68 60 4 5 4 40 4 117 49 4 53 4 50 4 61 23 4 30 4 19 4 73 60 4 22 4 13 4 0 25 16 44 16 57 60 4 110 39 16 60 16 95 5 4 18 4 57 60 4 47 4 13 4 96 40 4 25 4 32 4 46 4 49 36 4 48 4 66 40 4 60 4 60 4 60 4 53 47 4 12 4 58 4 79 15 4 29 4 54 4 25 27 4 32 4 35 4 55 60 4 39 4 28 4 102 52 4 16 4 50 4 11 4 0 49 4 27 4 5 4 13 4 32 60 4 40 4 37 4 71 60 4 32 4 22 4 19 60 4 33 4 31 4 
iteration 960 best: 1.17698 leader: 1.17698 time: 440324
0 48 4 29 4 60 4 35 36 4 41 4 61 12 4 5 4 27 4 0 25 4 53 4 60 4 76 28 4 5 4 26 4 24 49 4 38 4 9 4 39 4 6 49 4 49 4 5 4 51 5 4 24 4 0 38 4 38 4 2 55 4 5 4 28 4 37 4 48 5 4 45 4 50 5 4 25 4 47 5 4 33 4 18 4 5 4 46 4 19 57 4 5 4 30 4 30 4 90 22 4 28 4 72 60 4 47 4 27 4 42 4 42 56 4 30 4 49 4 22 47 4 41 4 9 45 4 49 4 46 47 20 62 21 4 17 4 60 4 57 5 20 93 35 4 23 4 22 4 70 44 4 39 4 24 4 47 4 114 46 4 60 4 0 15 4 6 4 54 4 82 6 4 49 4 81 58 4 5 4 6 4 16 60 4 15 4 58 4 0 43 4 17 4 26 55 4 14 4 79 43 4 106 21 4 57 4 49 4 0 8 4 23 4 104 43 4 60 4 94 41 4 52 4 44 34 4 48 4 96 22 4 57 4 114 53 4 10 4 25 60 4 5 4 81 37 4 25 4 14 56 4 24 4 38 4 3 58 4 60 4 27 37 4 26 4 35 4 79 5 4 21 4 20 4 119 60 4 47 4 60 4 11 4 89 34 4 44 4 46 4 60 4 50 39 4 48 4 60 4 102 37 4 20 4 68 60 4 5 4 40 4 117 49 4 53 4 50 4 61 23 4 30 4 19 4 73 60 4 22 4 13 4 0 25 16 44 16 57 60 4 110 39 16 60 16 95 5 4 18 4 57 60 4 47 4 13 4 96 40 4 25 4 32 4 46 4 49 36 4 48 4 66 40 4 60 4 60 4 60 4 53 47 4 12 4 58 4 79 15 4 29 4 54 4 25 27 4 32 4 35 4 55 60 4 39 4 28 4 102 52 4 16 4 50 4 11 4 0 49 4 27 4 5 4 13 4 32 60 4 40 4 37 4 71 60 4 32 4 22 4 19 60 4 33 4 31 4 
iteration 976 best: 1.17698 leader: 1.17698 time: 447641
0 48 4 29 4 60 4 35 36 4 41 4 61 12 4 5 4 27 4 0 25 4 53 4 60 4 76 28 4 5 4 26 4 24 49 4 38 4 9 4 39 4 6 49 4 49 4 5 4 51 5 4 24 4 0 38 4 38 4 2 55 4 5 4 28 4 37 4 48 5 4 45 4 50 5 4 25 4 47 5 4 33 4 18 4 5 4 46 4 19 57 4 5 4 30 4 30 4 90 22 4 28 4 72 60 4 47 4 27 4 42 4 42 56 4 30 4 49 4 22 47 4 41 4 9 45 4 49 4 46 47 20 62 21 4 17 4 60 4 57 5 20 93 35 4 23 4 22 4 70 44 4 39 4 24 4 47 4 114 46 4 60 4 0 15 4 6 4 54 4 82 6 4 49 4 81 58 4 5 4 6 4 16 60 4 15 4 58 4 0 43 4 17 4 26 55 4 14 4 79 43 4 106 21 4 57 4 49 4 0 8 4 23 4 104 43 4 60 4 94 41 4 52 4 44 34 4 48 4 96 22 4 57 4 114 53 4 10 4 25 60 4 5 4 81 37 4 25 4 14 56 4 24 4 38 4 3 58 4 60 4 27 37 4 26 4 35 4 79 5 4 21 4 20 4 119 60 4 47 4 60 4 11 4 89 34 4 44 4 46 4 60 4 50 39 4 48 4 60 4 102 37 4 20 4 68 60 4 5 4 40 4 117 49 4 53 4 50 4 61 23 4 30 4 19 4 73 60 4 22 4 13 4 0 25 16 44 16 57 60 4 110 39 16 60 16 95 5 4 18 4 57 60 4 47 4 13 4 96 40 4 25 4 32 4 46 4 49 36 4 48 4 66 40 4 60 4 60 4 60 4 53 47 4 12 4 58 4 79 15 4 29 4 54 4 25 27 4 32 4 35 4 55 60 4 39 4 28 4 102 52 4 16 4 50 4 11 4 0 49 4 27 4 5 4 13 4 32 60 4 40 4 37 4 71 60 4 32 4 22 4 19 60 4 33 4 31 4 
iteration 992 best: 1.17698 leader: 1.17698 time: 454941
0 48 4 29 4 60 4 35 36 4 41 4 61 12 4 5 4 27 4 0 25 4 53 4 60 4 76 28 4 5 4 26 4 24 49 4 38 4 9 4 39 4 6 49 4 49 4 5 4 51 5 4 24 4 0 38 4 38 4 2 55 4 5 4 28 4 37 4 48 5 4 45 4 50 5 4 25 4 47 5 4 33 4 18 4 5 4 46 4 19 57 4 5 4 30 4 30 4 90 22 4 28 4 72 60 4 47 4 27 4 42 4 42 56 4 30 4 49 4 22 47 4 41 4 9 45 4 49 4 46 47 20 62 21 4 17 4 60 4 57 5 20 93 35 4 23 4 22 4 70 44 4 39 4 24 4 47 4 114 46 4 60 4 0 15 4 6 4 54 4 82 6 4 49 4 81 58 4 5 4 6 4 16 60 4 15 4 58 4 0 43 4 17 4 26 55 4 14 4 79 43 4 106 21 4 57 4 49 4 0 8 4 23 4 104 43 4 60 4 94 41 4 52 4 44 34 4 48 4 96 22 4 57 4 114 53 4 10 4 25 60 4 5 4 81 37 4 25 4 14 56 4 24 4 38 4 3 58 4 60 4 27 37 4 26 4 35 4 79 5 4 21 4 20 4 119 60 4 47 4 60 4 11 4 89 34 4 44 4 46 4 60 4 50 39 4 48 4 60 4 102 37 4 20 4 68 60 4 5 4 40 4 117 49 4 53 4 50 4 61 23 4 30 4 19 4 73 60 4 22 4 13 4 0 25 16 44 16 57 60 4 110 39 16 60 16 95 5 4 18 4 57 60 4 47 4 13 4 96 40 4 25 4 32 4 46 4 49 36 4 48 4 66 40 4 60 4 60 4 60 4 53 47 4 12 4 58 4 79 15 4 29 4 54 4 25 27 4 32 4 35 4 55 60 4 39 4 28 4 102 52 4 16 4 50 4 11 4 0 49 4 27 4 5 4 13 4 32 60 4 40 4 37 4 71 60 4 32 4 22 4 19 60 4 33 4 31 4 
iteration 1008 best: 1.17698 leader: 1.17698 time: 462193
0 48 4 29 4 60 4 35 36 4 41 4 61 12 4 5 4 27 4 0 25 4 53 4 60 4 76 28 4 5 4 26 4 24 49 4 38 4 9 4 39 4 6 49 4 49 4 5 4 51 5 4 24 4 0 38 4 38 4 2 55 4 5 4 28 4 37 4 48 5 4 45 4 50 5 4 25 4 47 5 4 33 4 18 4 5 4 46 4 19 57 4 5 4 30 4 30 4 90 22 4 28 4 72 60 4 47 4 27 4 42 4 42 56 4 30 4 49 4 22 47 4 41 4 9 45 4 49 4 46 47 20 62 21 4 17 4 60 4 57 5 20 93 35 4 23 4 22 4 70 44 4 39 4 24 4 47 4 114 46 4 60 4 0 15 4 6 4 54 4 82 6 4 49 4 81 58 4 5 4 6 4 16 60 4 15 4 58 4 0 43 4 17 4 26 55 4 14 4 79 43 4 106 21 4 57 4 49 4 0 8 4 23 4 104 43 4 60 4 94 41 4 52 4 44 34 4 48 4 96 22 4 57 4 114 53 4 10 4 25 60 4 5 4 81 37 4 25 4 14 56 4 24 4 38 4 3 58 4 60 4 27 37 4 26 4 35 4 79 5 4 21 4 20 4 119 60 4 47 4 60 4 11 4 89 34 4 44 4 46 4 60 4 50 39 4 48 4 60 4 102 37 4 20 4 68 60 4 5 4 40 4 117 49 4 53 4 50 4 61 23 4 30 4 19 4 73 60 4 22 4 13 4 0 25 16 44 16 57 60 4 110 39 16 60 16 95 5 4 18 4 57 60 4 47 4 13 4 96 40 4 25 4 32 4 46 4 49 36 4 48 4 66 40 4 60 4 60 4 60 4 53 47 4 12 4 58 4 79 15 4 29 4 54 4 25 27 4 32 4 35 4 55 60 4 39 4 28 4 102 52 4 16 4 50 4 11 4 0 49 4 27 4 5 4 13 4 32 60 4 40 4 37 4 71 60 4 32 4 22 4 19 60 4 33 4 31 4 
iteration 1024 best: 1.17698 leader: 1.17698 time: 469492
0 48 4 29 4 60 4 35 36 4 41 4 61 12 4 5 4 27 4 0 25 4 53 4 60 4 76 28 4 5 4 26 4 24 49 4 38 4 9 4 39 4 6 49 4 49 4 5 4 51 5 4 24 4 0 38 4 38 4 2 55 4 5 4 28 4 37 4 48 5 4 45 4 50 5 4 25 4 47 5 4 33 4 18 4 5 4 46 4 19 57 4 5 4 30 4 30 4 90 22 4 28 4 72 60 4 47 4 27 4 42 4 42 56 4 30 4 49 4 22 47 4 41 4 9 45 4 49 4 46 47 20 62 21 4 17 4 60 4 57 5 20 93 35 4 23 4 22 4 70 44 4 39 4 24 4 47 4 114 46 4 60 4 0 15 4 6 4 54 4 82 6 4 49 4 81 58 4 5 4 6 4 16 60 4 15 4 58 4 0 43 4 17 4 26 55 4 14 4 79 43 4 106 21 4 57 4 49 4 0 8 4 23 4 104 43 4 60 4 94 41 4 52 4 44 34 4 48 4 96 22 4 57 4 114 53 4 10 4 25 60 4 5 4 81 37 4 25 4 14 56 4 24 4 38 4 3 58 4 60 4 27 37 4 26 4 35 4 79 5 4 21 4 20 4 119 60 4 47 4 60 4 11 4 89 34 4 44 4 46 4 60 4 50 39 4 48 4 60 4 102 37 4 20 4 68 60 4 5 4 40 4 117 49 4 53 4 50 4 61 23 4 30 4 19 4 73 60 4 22 4 13 4 0 25 16 44 16 57 60 4 110 39 16 60 16 95 5 4 18 4 57 60 4 47 4 13 4 96 40 4 25 4 32 4 46 4 49 36 4 48 4 66 40 4 60 4 60 4 60 4 53 47 4 12 4 58 4 79 15 4 29 4 54 4 25 27 4 32 4 35 4 55 60 4 39 4 28 4 102 52 4 16 4 50 4 11 4 0 49 4 27 4 5 4 13 4 32 60 4 40 4 37 4 71 60 4 32 4 22 4 19 60 4 33 4 31 4 
iteration 1040 best: 1.17698 leader: 1.17698 time: 476846
0 48 4 29 4 60 4 35 36 4 41 4 61 12 4 5 4 27 4 0 25 4 53 4 60 4 76 28 4 5 4 26 4 24 49 4 38 4 9 4 39 4 6 49 4 49 4 5 4 51 5 4 24 4 0 38 4 38 4 2 55 4 5 4 28 4 37 4 48 5 4 45 4 50 5 4 25 4 47 5 4 33 4 18 4 5 4 46 4 19 57 4 5 4 30 4 30 4 90 22 4 28 4 72 60 4 47 4 27 4 42 4 42 56 4 30 4 49 4 22 47 4 41 4 9 45 4 49 4 46 47 20 62 21 4 17 4 60 4 57 5 20 93 35 4 23 4 22 4 70 44 4 39 4 24 4 47 4 114 46 4 60 4 0 15 4 6 4 54 4 82 6 4 49 4 81 58 4 5 4 6 4 16 60 4 15 4 58 4 0 43 4 17 4 26 55 4 14 4 79 43 4 106 21 4 57 4 49 4 0 8 4 23 4 104 43 4 60 4 94 41 4 52 4 44 34 4 48 4 96 22 4 57 4 114 53 4 10 4 25 60 4 5 4 81 37 4 25 4 14 56 4 24 4 38 4 3 58 4 60 4 27 37 4 26 4 35 4 79 5 4 21 4 20 4 119 60 4 47 4 60 4 11 4 89 34 4 44 4 46 4 60 4 50 39 4 48 4 60 4 102 37 4 20 4 68 60 4 5 4 40 4 117 49 4 53 4 50 4 61 23 4 30 4 19 4 73 60 4 22 4 13 4 0 25 16 44 16 57 60 4 110 39 16 60 16 95 5 4 18 4 57 60 4 47 4 13 4 96 40 4 25 4 32 4 46 4 49 36 4 48 4 66 40 4 60 4 60 4 60 4 53 47 4 12 4 58 4 79 15 4 29 4 54 4 25 27 4 32 4 35 4 55 60 4 39 4 28 4 102 52 4 16 4 50 4 11 4 0 49 4 27 4 5 4 13 4 32 60 4 40 4 37 4 71 60 4 32 4 22 4 19 60 4 33 4 31 4 
iteration 1056 best: 1.17698 leader: 1.17698 time: 484155
0 48 4 29 4 60 4 35 36 4 41 4 61 12 4 5 4 27 4 0 25 4 53 4 60 4 76 28 4 5 4 26 4 24 49 4 38 4 9 4 39 4 6 49 4 49 4 5 4 51 5 4 24 4 0 38 4 38 4 2 55 4 5 4 28 4 37 4 48 5 4 45 4 50 5 4 25 4 47 5 4 33 4 18 4 5 4 46 4 19 57 4 5 4 30 4 30 4 90 22 4 28 4 72 60 4 47 4 27 4 42 4 42 56 4 30 4 49 4 22 47 4 41 4 9 45 4 49 4 46 47 20 62 21 4 17 4 60 4 57 5 20 93 35 4 23 4 22 4 70 44 4 39 4 24 4 47 4 114 46 4 60 4 0 15 4 6 4 54 4 82 6 4 49 4 81 58 4 5 4 6 4 16 60 4 15 4 58 4 0 43 4 17 4 26 55 4 14 4 79 43 4 106 21 4 57 4 49 4 0 8 4 23 4 104 43 4 60 4 94 41 4 52 4 44 34 4 48 4 96 22 4 57 4 114 53 4 10 4 25 60 4 5 4 81 37 4 25 4 14 56 4 24 4 38 4 3 58 4 60 4 27 37 4 26 4 35 4 79 5 4 21 4 20 4 119 60 4 47 4 60 4 11 4 89 34 4 44 4 46 4 60 4 50 39 4 48 4 60 4 102 37 4 20 4 68 60 4 5 4 40 4 117 49 4 53 4 50 4 61 23 4 30 4 19 4 73 60 4 22 4 13 4 0 25 16 44 16 57 60 4 110 39 16 60 16 95 5 4 18 4 57 60 4 47 4 13 4 96 40 4 25 4 32 4 46 4 49 36 4 48 4 66 40 4 60 4 60 4 60 4 53 47 4 12 4 58 4 79 15 4 29 4 54 4 25 27 4 32 4 35 4 55 60 4 39 4 28 4 102 52 4 16 4 50 4 11 4 0 49 4 27 4 5 4 13 4 32 60 4 40 4 37 4 71 60 4 32 4 22 4 19 60 4 33 4 31 4 
iteration 1072 best: 1.17698 leader: 1.17698 time: 491471
0 48 4 29 4 60 4 35 36 4 41 4 61 12 4 5 4 27 4 0 25 4 53 4 60 4 76 28 4 5 4 26 4 24 49 4 38 4 9 4 39 4 6 49 4 49 4 5 4 51 5 4 24 4 0 38 4 38 4 2 55 4 5 4 28 4 37 4 48 5 4 45 4 50 5 4 25 4 47 5 4 33 4 18 4 5 4 46 4 19 57 4 5 4 30 4 30 4 90 22 4 28 4 72 60 4 47 4 27 4 42 4 42 56 4 30 4 49 4 22 47 4 41 4 9 45 4 49 4 46 47 20 62 21 4 17 4 60 4 57 5 20 93 35 4 23 4 22 4 70 44 4 39 4 24 4 47 4 114 46 4 60 4 0 15 4 6 4 54 4 82 6 4 49 4 81 58 4 5 4 6 4 16 60 4 15 4 58 4 0 43 4 17 4 26 55 4 14 4 79 43 4 106 21 4 57 4 49 4 0 8 4 23 4 104 43 4 60 4 94 41 4 52 4 44 34 4 48 4 96 22 4 57 4 114 53 4 10 4 25 60 4 5 4 81 37 4 25 4 14 56 4 24 4 38 4 3 58 4 60 4 27 37 4 26 4 35 4 79 5 4 21 4 20 4 119 60 4 47 4 60 4 11 4 89 34 4 44 4 46 4 60 4 50 39 4 48 4 60 4 102 37 4 20 4 68 60 4 5 4 40 4 117 49 4 53 4 50 4 61 23 4 30 4 19 4 73 60 4 22 4 13 4 0 25 16 44 16 57 60 4 110 39 16 60 16 95 5 4 18 4 57 60 4 47 4 13 4 96 40 4 25 4 32 4 46 4 49 36 4 48 4 66 40 4 60 4 60 4 60 4 53 47 4 12 4 58 4 79 15 4 29 4 54 4 25 27 4 32 4 35 4 55 60 4 39 4 28 4 102 52 4 16 4 50 4 11 4 0 49 4 27 4 5 4 13 4 32 60 4 40 4 37 4 71 60 4 32 4 22 4 19 60 4 33 4 31 4 
iteration 1088 best: 1.17698 leader: 1.17698 time: 498793
0 48 4 29 4 60 4 35 36 4 41 4 61 12 4 5 4 27 4 0 25 4 53 4 60 4 76 28 4 5 4 26 4 24 49 4 38 4 9 4 39 4 6 49 4 49 4 5 4 51 5 4 24 4 0 38 4 38 4 2 55 4 5 4 28 4 37 4 48 5 4 45 4 50 5 4 25 4 47 5 4 33 4 18 4 5 4 46 4 19 57 4 5 4 30 4 30 4 90 22 4 28 4 72 60 4 47 4 27 4 42 4 42 56 4 30 4 49 4 22 47 4 41 4 9 45 4 49 4 46 47 20 62 21 4 17 4 60 4 57 5 20 93 35 4 23 4 22 4 70 44 4 39 4 24 4 47 4 114 46 4 60 4 0 15 4 6 4 54 4 82 6 4 49 4 81 58 4 5 4 6 4 16 60 4 15 4 58 4 0 43 4 17 4 26 55 4 14 4 79 43 4 106 21 4 57 4 49 4 0 8 4 23 4 104 43 4 60 4 94 41 4 52 4 44 34 4 48 4 96 22 4 57 4 114 53 4 10 4 25 60 4 5 4 81 37 4 25 4 14 56 4 24 4 38 4 3 58 4 60 4 27 37 4 26 4 35 4 79 5 4 21 4 20 4 119 60 4 47 4 60 4 11 4 89 34 4 44 4 46 4 60 4 50 39 4 48 4 60 4 102 37 4 20 4 68 60 4 5 4 40 4 117 49 4 53 4 50 4 61 23 4 30 4 19 4 73 60 4 22 4 13 4 0 25 16 44 16 57 60 4 110 39 16 60 16 95 5 4 18 4 57 60 4 47 4 13 4 96 40 4 25 4 32 4 46 4 49 36 4 48 4 66 40 4 60 4 60 4 60 4 53 47 4 12 4 58 4 79 15 4 29 4 54 4 25 27 4 32 4 35 4 55 60 4 39 4 28 4 102 52 4 16 4 50 4 11 4 0 49 4 27 4 5 4 13 4 32 60 4 40 4 37 4 71 60 4 32 4 22 4 19 60 4 33 4 31 4 
iteration 1104 best: 1.17698 leader: 1.17698 time: 506099
0 48 4 29 4 60 4 35 36 4 41 4 61 12 4 5 4 27 4 0 25 4 53 4 60 4 76 28 4 5 4 26 4 24 49 4 38 4 9 4 39 4 6 49 4 49 4 5 4 51 5 4 24 4 0 38 4 38 4 2 55 4 5 4 28 4 37 4 48 5 4 45 4 50 5 4 25 4 47 5 4 33 4 18 4 5 4 46 4 19 57 4 5 4 30 4 30 4 90 22 4 28 4 72 60 4 47 4 27 4 42 4 42 56 4 30 4 49 4 22 47 4 41 4 9 45 4 49 4 46 47 20 62 21 4 17 4 60 4 57 5 20 93 35 4 23 4 22 4 70 44 4 39 4 24 4 47 4 114 46 4 60 4 0 15 4 6 4 54 4 82 6 4 49 4 81 58 4 5 4 6 4 16 60 4 15 4 58 4 0 43 4 17 4 26 55 4 14 4 79 43 4 106 21 4 57 4 49 4 0 8 4 23 4 104 43 4 60 4 94 41 4 52 4 44 34 4 48 4 96 22 4 57 4 114 53 4 10 4 25 60 4 5 4 81 37 4 25 4 14 56 4 24 4 38 4 3 58 4 60 4 27 37 4 26 4 35 4 79 5 4 21 4 20 4 119 60 4 47 4 60 4 11 4 89 34 4 44 4 46 4 60 4 50 39 4 48 4 60 4 102 37 4 20 4 68 60 4 5 4 40 4 117 49 4 53 4 50 4 61 23 4 30 4 19 4 73 60 4 22 4 13 4 0 25 16 44 16 57 60 4 110 39 16 60 16 95 5 4 18 4 57 60 4 47 4 13 4 96 40 4 25 4 32 4 46 4 49 36 4 48 4 66 40 4 60 4 60 4 60 4 53 47 4 12 4 58 4 79 15 4 29 4 54 4 25 27 4 32 4 35 4 55 60 4 39 4 28 4 102 52 4 16 4 50 4 11 4 0 49 4 27 4 5 4 13 4 32 60 4 40 4 37 4 71 60 4 32 4 22 4 19 60 4 33 4 31 4 
iteration 1120 best: 1.17698 leader: 1.17698 time: 513391
0 48 4 29 4 60 4 35 36 4 41 4 61 12 4 5 4 27 4 0 25 4 53 4 60 4 76 28 4 5 4 26 4 24 49 4 38 4 9 4 39 4 6 49 4 49 4 5 4 51 5 4 24 4 0 38 4 38 4 2 55 4 5 4 28 4 37 4 48 5 4 45 4 50 5 4 25 4 47 5 4 33 4 18 4 5 4 46 4 19 57 4 5 4 30 4 30 4 90 22 4 28 4 72 60 4 47 4 27 4 42 4 42 56 4 30 4 49 4 22 47 4 41 4 9 45 4 49 4 46 47 20 62 21 4 17 4 60 4 57 5 20 93 35 4 23 4 22 4 70 44 4 39 4 24 4 47 4 114 46 4 60 4 0 15 4 6 4 54 4 82 6 4 49 4 81 58 4 5 4 6 4 16 60 4 15 4 58 4 0 43 4 17 4 26 55 4 14 4 79 43 4 106 21 4 57 4 49 4 0 8 4 23 4 104 43 4 60 4 94 41 4 52 4 44 34 4 48 4 96 22 4 57 4 114 53 4 10 4 25 60 4 5 4 81 37 4 25 4 14 56 4 24 4 38 4 3 58 4 60 4 27 37 4 26 4 35 4 79 5 4 21 4 20 4 119 60 4 47 4 60 4 11 4 89 34 4 44 4 46 4 60 4 50 39 4 48 4 60 4 102 37 4 20 4 68 60 4 5 4 40 4 117 49 4 53 4 50 4 61 23 4 30 4 19 4 73 60 4 22 4 13 4 0 25 16 44 16 57 60 4 110 39 16 60 16 95 5 4 18 4 57 60 4 47 4 13 4 96 40 4 25 4 32 4 46 4 49 36 4 48 4 66 40 4 60 4 60 4 60 4 53 47 4 12 4 58 4 79 15 4 29 4 54 4 25 27 4 32 4 35 4 55 60 4 39 4 28 4 102 52 4 16 4 50 4 11 4 0 49 4 27 4 5 4 13 4 32 60 4 40 4 37 4 71 60 4 32 4 22 4 19 60 4 33 4 31 4 
iteration 1136 best: 1.17698 leader: 1.17698 time: 520671
0 48 4 29 4 60 4 35 36 4 41 4 61 12 4 5 4 27 4 0 25 4 53 4 60 4 76 28 4 5 4 26 4 24 49 4 38 4 9 4 39 4 6 49 4 49 4 5 4 51 5 4 24 4 0 38 4 38 4 2 55 4 5 4 28 4 37 4 48 5 4 45 4 50 5 4 25 4 47 5 4 33 4 18 4 5 4 46 4 19 57 4 5 4 30 4 30 4 90 22 4 28 4 72 60 4 47 4 27 4 42 4 42 56 4 30 4 49 4 22 47 4 41 4 9 45 4 49 4 46 47 20 62 21 4 17 4 60 4 57 5 20 93 35 4 23 4 22 4 70 44 4 39 4 24 4 47 4 114 46 4 60 4 0 15 4 6 4 54 4 82 6 4 49 4 81 58 4 5 4 6 4 16 60 4 15 4 58 4 0 43 4 17 4 26 55 4 14 4 79 43 4 106 21 4 57 4 49 4 0 8 4 23 4 104 43 4 60 4 94 41 4 52 4 44 34 4 48 4 96 22 4 57 4 114 53 4 10 4 25 60 4 5 4 81 37 4 25 4 14 56 4 24 4 38 4 3 58 4 60 4 27 37 4 26 4 35 4 79 5 4 21 4 20 4 119 60 4 47 4 60 4 11 4 89 34 4 44 4 46 4 60 4 50 39 4 48 4 60 4 102 37 4 20 4 68 60 4 5 4 40 4 117 49 4 53 4 50 4 61 23 4 30 4 19 4 73 60 4 22 4 13 4 0 25 16 44 16 57 60 4 110 39 16 60 16 95 5 4 18 4 57 60 4 47 4 13 4 96 40 4 25 4 32 4 46 4 49 36 4 48 4 66 40 4 60 4 60 4 60 4 53 47 4 12 4 58 4 79 15 4 29 4 54 4 25 27 4 32 4 35 4 55 60 4 39 4 28 4 102 52 4 16 4 50 4 11 4 0 49 4 27 4 5 4 13 4 32 60 4 40 4 37 4 71 60 4 32 4 22 4 19 60 4 33 4 31 4 
iteration 1152 best: 1.17698 leader: 1.17698 time: 527974
0 48 4 29 4 60 4 35 36 4 41 4 61 12 4 5 4 27 4 0 25 4 53 4 60 4 76 28 4 5 4 26 4 24 49 4 38 4 9 4 39 4 6 49 4 49 4 5 4 51 5 4 24 4 0 38 4 38 4 2 55 4 5 4 28 4 37 4 48 5 4 45 4 50 5 4 25 4 47 5 4 33 4 18 4 5 4 46 4 19 57 4 5 4 30 4 30 4 90 22 4 28 4 72 60 4 47 4 27 4 42 4 42 56 4 30 4 49 4 22 47 4 41 4 9 45 4 49 4 46 47 20 62 21 4 17 4 60 4 57 5 20 93 35 4 23 4 22 4 70 44 4 39 4 24 4 47 4 114 46 4 60 4 0 15 4 6 4 54 4 82 6 4 49 4 81 58 4 5 4 6 4 16 60 4 15 4 58 4 0 43 4 17 4 26 55 4 14 4 79 43 4 106 21 4 57 4 49 4 0 8 4 23 4 104 43 4 60 4 94 41 4 52 4 44 34 4 48 4 96 22 4 57 4 114 53 4 10 4 25 60 4 5 4 81 37 4 25 4 14 56 4 24 4 38 4 3 58 4 60 4 27 37 4 26 4 35 4 79 5 4 21 4 20 4 119 60 4 47 4 60 4 11 4 89 34 4 44 4 46 4 60 4 50 39 4 48 4 60 4 102 37 4 20 4 68 60 4 5 4 40 4 117 49 4 53 4 50 4 61 23 4 30 4 19 4 73 60 4 22 4 13 4 0 25 16 44 16 57 60 4 110 39 16 60 16 95 5 4 18 4 57 60 4 47 4 13 4 96 40 4 25 4 32 4 46 4 49 36 4 48 4 66 40 4 60 4 60 4 60 4 53 47 4 12 4 58 4 79 15 4 29 4 54 4 25 27 4 32 4 35 4 55 60 4 39 4 28 4 102 52 4 16 4 50 4 11 4 0 49 4 27 4 5 4 13 4 32 60 4 40 4 37 4 71 60 4 32 4 22 4 19 60 4 33 4 31 4 
iteration 1168 best: 1.17698 leader: 1.17698 time: 535300
0 48 4 29 4 60 4 35 36 4 41 4 61 12 4 5 4 27 4 0 25 4 53 4 60 4 76 28 4 5 4 26 4 24 49 4 38 4 9 4 39 4 6 49 4 49 4 5 4 51 5 4 24 4 0 38 4 38 4 2 55 4 5 4 28 4 37 4 48 5 4 45 4 50 5 4 25 4 47 5 4 33 4 18 4 5 4 46 4 19 57 4 5 4 30 4 30 4 90 22 4 28 4 72 60 4 47 4 27 4 42 4 42 56 4 30 4 49 4 22 47 4 41 4 9 45 4 49 4 46 47 20 62 21 4 17 4 60 4 57 5 20 93 35 4 23 4 22 4 70 44 4 39 4 24 4 47 4 114 46 4 60 4 0 15 4 6 4 54 4 82 6 4 49 4 81 58 4 5 4 6 4 16 60 4 15 4 58 4 0 43 4 17 4 26 55 4 14 4 79 43 4 106 21 4 57 4 49 4 0 8 4 23 4 104 43 4 60 4 94 41 4 52 4 44 34 4 48 4 96 22 4 57 4 114 53 4 10 4 25 60 4 5 4 81 37 4 25 4 14 56 4 24 4 38 4 3 58 4 60 4 27 37 4 26 4 35 4 79 5 4 21 4 20 4 119 60 4 47 4 60 4 11 4 89 34 4 44 4 46 4 60 4 50 39 4 48 4 60 4 102 37 4 20 4 68 60 4 5 4 40 4 117 49 4 53 4 50 4 61 23 4 30 4 19 4 73 60 4 22 4 13 4 0 25 16 44 16 57 60 4 110 39 16 60 16 95 5 4 18 4 57 60 4 47 4 13 4 96 40 4 25 4 32 4 46 4 49 36 4 48 4 66 40 4 60 4 60 4 60 4 53 47 4 12 4 58 4 79 15 4 29 4 54 4 25 27 4 32 4 35 4 55 60 4 39 4 28 4 102 52 4 16 4 50 4 11 4 0 49 4 27 4 5 4 13 4 32 60 4 40 4 37 4 71 60 4 32 4 22 4 19 60 4 33 4 31 4 
iteration 1184 best: 1.17698 leader: 1.17698 time: 542591
0 48 4 29 4 60 4 35 36 4 41 4 61 12 4 5 4 27 4 0 25 4 53 4 60 4 76 28 4 5 4 26 4 24 49 4 38 4 9 4 39 4 6 49 4 49 4 5 4 51 5 4 24 4 0 38 4 38 4 2 55 4 5 4 28 4 37 4 48 5 4 45 4 50 5 4 25 4 47 5 4 33 4 18 4 5 4 46 4 19 57 4 5 4 30 4 30 4 90 22 4 28 4 72 60 4 47 4 27 4 42 4 42 56 4 30 4 49 4 22 47 4 41 4 9 45 4 49 4 46 47 20 62 21 4 17 4 60 4 57 5 20 93 35 4 23 4 22 4 70 44 4 39 4 24 4 47 4 114 46 4 60 4 0 15 4 6 4 54 4 82 6 4 49 4 81 58 4 5 4 6 4 16 60 4 15 4 58 4 0 43 4 17 4 26 55 4 14 4 79 43 4 106 21 4 57 4 49 4 0 8 4 23 4 104 43 4 60 4 94 41 4 52 4 44 34 4 48 4 96 22 4 57 4 114 53 4 10 4 25 60 4 5 4 81 37 4 25 4 14 56 4 24 4 38 4 3 58 4 60 4 27 37 4 26 4 35 4 79 5 4 21 4 20 4 119 60 4 47 4 60 4 11 4 89 34 4 44 4 46 4 60 4 50 39 4 48 4 60 4 102 37 4 20 4 68 60 4 5 4 40 4 117 49 4 53 4 50 4 61 23 4 30 4 19 4 73 60 4 22 4 13 4 0 25 16 44 16 57 60 4 110 39 16 60 16 95 5 4 18 4 57 60 4 47 4 13 4 96 40 4 25 4 32 4 46 4 49 36 4 48 4 66 40 4 60 4 60 4 60 4 53 47 4 12 4 58 4 79 15 4 29 4 54 4 25 27 4 32 4 35 4 55 60 4 39 4 28 4 102 52 4 16 4 50 4 11 4 0 49 4 27 4 5 4 13 4 32 60 4 40 4 37 4 71 60 4 32 4 22 4 19 60 4 33 4 31 4 
iteration 1200 best: 1.17698 leader: 1.17698 time: 549880
0 48 4 29 4 60 4 35 36 4 41 4 61 12 4 5 4 27 4 0 25 4 53 4 60 4 76 28 4 5 4 26 4 24 49 4 38 4 9 4 39 4 6 49 4 49 4 5 4 51 5 4 24 4 0 38 4 38 4 2 55 4 5 4 28 4 37 4 48 5 4 45 4 50 5 4 25 4 47 5 4 33 4 18 4 5 4 46 4 19 57 4 5 4 30 4 30 4 90 22 4 28 4 72 60 4 47 4 27 4 42 4 42 56 4 30 4 49 4 22 47 4 41 4 9 45 4 49 4 46 47 20 62 21 4 17 4 60 4 57 5 20 93 35 4 23 4 22 4 70 44 4 39 4 24 4 47 4 114 46 4 60 4 0 15 4 6 4 54 4 82 6 4 49 4 81 58 4 5 4 6 4 16 60 4 15 4 58 4 0 43 4 17 4 26 55 4 14 4 79 43 4 106 21 4 57 4 49 4 0 8 4 23 4 104 43 4 60 4 94 41 4 52 4 44 34 4 48 4 96 22 4 57 4 114 53 4 10 4 25 60 4 5 4 81 37 4 25 4 14 56 4 24 4 38 4 3 58 4 60 4 27 37 4 26 4 35 4 79 5 4 21 4 20 4 119 60 4 47 4 60 4 11 4 89 34 4 44 4 46 4 60 4 50 39 4 48 4 60 4 102 37 4 20 4 68 60 4 5 4 40 4 117 49 4 53 4 50 4 61 23 4 30 4 19 4 73 60 4 22 4 13 4 0 25 16 44 16 57 60 4 110 39 16 60 16 95 5 4 18 4 57 60 4 47 4 13 4 96 40 4 25 4 32 4 46 4 49 36 4 48 4 66 40 4 60 4 60 4 60 4 53 47 4 12 4 58 4 79 15 4 29 4 54 4 25 27 4 32 4 35 4 55 60 4 39 4 28 4 102 52 4 16 4 50 4 11 4 0 49 4 27 4 5 4 13 4 32 60 4 40 4 37 4 71 60 4 32 4 22 4 19 60 4 33 4 31 4 
iteration 1216 best: 1.17698 leader: 1.17698 time: 557212
0 48 4 29 4 60 4 35 36 4 41 4 61 12 4 5 4 27 4 0 25 4 53 4 60 4 76 28 4 5 4 26 4 24 49 4 38 4 9 4 39 4 6 49 4 49 4 5 4 51 5 4 24 4 0 38 4 38 4 2 55 4 5 4 28 4 37 4 48 5 4 45 4 50 5 4 25 4 47 5 4 33 4 18 4 5 4 46 4 19 57 4 5 4 30 4 30 4 90 22 4 28 4 72 60 4 47 4 27 4 42 4 42 56 4 30 4 49 4 22 47 4 41 4 9 45 4 49 4 46 47 20 62 21 4 17 4 60 4 57 5 20 93 35 4 23 4 22 4 70 44 4 39 4 24 4 47 4 114 46 4 60 4 0 15 4 6 4 54 4 82 6 4 49 4 81 58 4 5 4 6 4 16 60 4 15 4 58 4 0 43 4 17 4 26 55 4 14 4 79 43 4 106 21 4 57 4 49 4 0 8 4 23 4 104 43 4 60 4 94 41 4 52 4 44 34 4 48 4 96 22 4 57 4 114 53 4 10 4 25 60 4 5 4 81 37 4 25 4 14 56 4 24 4 38 4 3 58 4 60 4 27 37 4 26 4 35 4 79 5 4 21 4 20 4 119 60 4 47 4 60 4 11 4 89 34 4 44 4 46 4 60 4 50 39 4 48 4 60 4 102 37 4 20 4 68 60 4 5 4 40 4 117 49 4 53 4 50 4 61 23 4 30 4 19 4 73 60 4 22 4 13 4 0 25 16 44 16 57 60 4 110 39 16 60 16 95 5 4 18 4 57 60 4 47 4 13 4 96 40 4 25 4 32 4 46 4 49 36 4 48 4 66 40 4 60 4 60 4 60 4 53 47 4 12 4 58 4 79 15 4 29 4 54 4 25 27 4 32 4 35 4 55 60 4 39 4 28 4 102 52 4 16 4 50 4 11 4 0 49 4 27 4 5 4 13 4 32 60 4 40 4 37 4 71 60 4 32 4 22 4 19 60 4 33 4 31 4 
iteration 1232 best: 1.17698 leader: 1.17698 time: 564551
0 48 4 29 4 60 4 35 36 4 41 4 61 12 4 5 4 27 4 0 25 4 53 4 60 4 76 28 4 5 4 26 4 24 49 4 38 4 9 4 39 4 6 49 4 49 4 5 4 51 5 4 24 4 0 38 4 38 4 2 55 4 5 4 28 4 37 4 48 5 4 45 4 50 5 4 25 4 47 5 4 33 4 18 4 5 4 46 4 19 57 4 5 4 30 4 30 4 90 22 4 28 4 72 60 4 47 4 27 4 42 4 42 56 4 30 4 49 4 22 47 4 41 4 9 45 4 49 4 46 47 20 62 21 4 17 4 60 4 57 5 20 93 35 4 23 4 22 4 70 44 4 39 4 24 4 47 4 114 46 4 60 4 0 15 4 6 4 54 4 82 6 4 49 4 81 58 4 5 4 6 4 16 60 4 15 4 58 4 0 43 4 17 4 26 55 4 14 4 79 43 4 106 21 4 57 4 49 4 0 8 4 23 4 104 43 4 60 4 94 41 4 52 4 44 34 4 48 4 96 22 4 57 4 114 53 4 10 4 25 60 4 5 4 81 37 4 25 4 14 56 4 24 4 38 4 3 58 4 60 4 27 37 4 26 4 35 4 79 5 4 21 4 20 4 119 60 4 47 4 60 4 11 4 89 34 4 44 4 46 4 60 4 50 39 4 48 4 60 4 102 37 4 20 4 68 60 4 5 4 40 4 117 49 4 53 4 50 4 61 23 4 30 4 19 4 73 60 4 22 4 13 4 0 25 16 44 16 57 60 4 110 39 16 60 16 95 5 4 18 4 57 60 4 47 4 13 4 96 40 4 25 4 32 4 46 4 49 36 4 48 4 66 40 4 60 4 60 4 60 4 53 47 4 12 4 58 4 79 15 4 29 4 54 4 25 27 4 32 4 35 4 55 60 4 39 4 28 4 102 52 4 16 4 50 4 11 4 0 49 4 27 4 5 4 13 4 32 60 4 40 4 37 4 71 60 4 32 4 22 4 19 60 4 33 4 31 4 
iteration 1248 best: 1.17698 leader: 1.17698 time: 571858
0 48 4 29 4 60 4 35 36 4 41 4 61 12 4 5 4 27 4 0 25 4 53 4 60 4 76 28 4 5 4 26 4 24 49 4 38 4 9 4 39 4 6 49 4 49 4 5 4 51 5 4 24 4 0 38 4 38 4 2 55 4 5 4 28 4 37 4 48 5 4 45 4 50 5 4 25 4 47 5 4 33 4 18 4 5 4 46 4 19 57 4 5 4 30 4 30 4 90 22 4 28 4 72 60 4 47 4 27 4 42 4 42 56 4 30 4 49 4 22 47 4 41 4 9 45 4 49 4 46 47 20 62 21 4 17 4 60 4 57 5 20 93 35 4 23 4 22 4 70 44 4 39 4 24 4 47 4 114 46 4 60 4 0 15 4 6 4 54 4 82 6 4 49 4 81 58 4 5 4 6 4 16 60 4 15 4 58 4 0 43 4 17 4 26 55 4 14 4 79 43 4 106 21 4 57 4 49 4 0 8 4 23 4 104 43 4 60 4 94 41 4 52 4 44 34 4 48 4 96 22 4 57 4 114 53 4 10 4 25 60 4 5 4 81 37 4 25 4 14 56 4 24 4 38 4 3 58 4 60 4 27 37 4 26 4 35 4 79 5 4 21 4 20 4 119 60 4 47 4 60 4 11 4 89 34 4 44 4 46 4 60 4 50 39 4 48 4 60 4 102 37 4 20 4 68 60 4 5 4 40 4 117 49 4 53 4 50 4 61 23 4 30 4 19 4 73 60 4 22 4 13 4 0 25 16 44 16 57 60 4 110 39 16 60 16 95 5 4 18 4 57 60 4 47 4 13 4 96 40 4 25 4 32 4 46 4 49 36 4 48 4 66 40 4 60 4 60 4 60 4 53 47 4 12 4 58 4 79 15 4 29 4 54 4 25 27 4 32 4 35 4 55 60 4 39 4 28 4 102 52 4 16 4 50 4 11 4 0 49 4 27 4 5 4 13 4 32 60 4 40 4 37 4 71 60 4 32 4 22 4 19 60 4 33 4 31 4 
iteration 1264 best: 1.17698 leader: 1.17698 time: 579187
0 48 4 29 4 60 4 35 36 4 41 4 61 12 4 5 4 27 4 0 25 4 53 4 60 4 76 28 4 5 4 26 4 24 49 4 38 4 9 4 39 4 6 49 4 49 4 5 4 51 5 4 24 4 0 38 4 38 4 2 55 4 5 4 28 4 37 4 48 5 4 45 4 50 5 4 25 4 47 5 4 33 4 18 4 5 4 46 4 19 57 4 5 4 30 4 30 4 90 22 4 28 4 72 60 4 47 4 27 4 42 4 42 56 4 30 4 49 4 22 47 4 41 4 9 45 4 49 4 46 47 20 62 21 4 17 4 60 4 57 5 20 93 35 4 23 4 22 4 70 44 4 39 4 24 4 47 4 114 46 4 60 4 0 15 4 6 4 54 4 82 6 4 49 4 81 58 4 5 4 6 4 16 60 4 15 4 58 4 0 43 4 17 4 26 55 4 14 4 79 43 4 106 21 4 57 4 49 4 0 8 4 23 4 104 43 4 60 4 94 41 4 52 4 44 34 4 48 4 96 22 4 57 4 114 53 4 10 4 25 60 4 5 4 81 37 4 25 4 14 56 4 24 4 38 4 3 58 4 60 4 27 37 4 26 4 35 4 79 5 4 21 4 20 4 119 60 4 47 4 60 4 11 4 89 34 4 44 4 46 4 60 4 50 39 4 48 4 60 4 102 37 4 20 4 68 60 4 5 4 40 4 117 49 4 53 4 50 4 61 23 4 30 4 19 4 73 60 4 22 4 13 4 0 25 16 44 16 57 60 4 110 39 16 60 16 95 5 4 18 4 57 60 4 47 4 13 4 96 40 4 25 4 32 4 46 4 49 36 4 48 4 66 40 4 60 4 60 4 60 4 53 47 4 12 4 58 4 79 15 4 29 4 54 4 25 27 4 32 4 35 4 55 60 4 39 4 28 4 102 52 4 16 4 50 4 11 4 0 49 4 27 4 5 4 13 4 32 60 4 40 4 37 4 71 60 4 32 4 22 4 19 60 4 33 4 31 4 
iteration 1280 best: 1.17698 leader: 1.17698 time: 586492
0 48 4 29 4 60 4 35 36 4 41 4 61 12 4 5 4 27 4 0 25 4 53 4 60 4 76 28 4 5 4 26 4 24 49 4 38 4 9 4 39 4 6 49 4 49 4 5 4 51 5 4 24 4 0 38 4 38 4 2 55 4 5 4 28 4 37 4 48 5 4 45 4 50 5 4 25 4 47 5 4 33 4 18 4 5 4 46 4 19 57 4 5 4 30 4 30 4 90 22 4 28 4 72 60 4 47 4 27 4 42 4 42 56 4 30 4 49 4 22 47 4 41 4 9 45 4 49 4 46 47 20 62 21 4 17 4 60 4 57 5 20 93 35 4 23 4 22 4 70 44 4 39 4 24 4 47 4 114 46 4 60 4 0 15 4 6 4 54 4 82 6 4 49 4 81 58 4 5 4 6 4 16 60 4 15 4 58 4 0 43 4 17 4 26 55 4 14 4 79 43 4 106 21 4 57 4 49 4 0 8 4 23 4 104 43 4 60 4 94 41 4 52 4 44 34 4 48 4 96 22 4 57 4 114 53 4 10 4 25 60 4 5 4 81 37 4 25 4 14 56 4 24 4 38 4 3 58 4 60 4 27 37 4 26 4 35 4 79 5 4 21 4 20 4 119 60 4 47 4 60 4 11 4 89 34 4 44 4 46 4 60 4 50 39 4 48 4 60 4 102 37 4 20 4 68 60 4 5 4 40 4 117 49 4 53 4 50 4 61 23 4 30 4 19 4 73 60 4 22 4 13 4 0 25 16 44 16 57 60 4 110 39 16 60 16 95 5 4 18 4 57 60 4 47 4 13 4 96 40 4 25 4 32 4 46 4 49 36 4 48 4 66 40 4 60 4 60 4 60 4 53 47 4 12 4 58 4 79 15 4 29 4 54 4 25 27 4 32 4 35 4 55 60 4 39 4 28 4 102 52 4 16 4 50 4 11 4 0 49 4 27 4 5 4 13 4 32 60 4 40 4 37 4 71 60 4 32 4 22 4 19 60 4 33 4 31 4 
iteration 1296 best: 1.17698 leader: 1.17698 time: 593793
0 48 4 29 4 60 4 35 36 4 41 4 61 12 4 5 4 27 4 0 25 4 53 4 60 4 76 28 4 5 4 26 4 24 49 4 38 4 9 4 39 4 6 49 4 49 4 5 4 51 5 4 24 4 0 38 4 38 4 2 55 4 5 4 28 4 37 4 48 5 4 45 4 50 5 4 25 4 47 5 4 33 4 18 4 5 4 46 4 19 57 4 5 4 30 4 30 4 90 22 4 28 4 72 60 4 47 4 27 4 42 4 42 56 4 30 4 49 4 22 47 4 41 4 9 45 4 49 4 46 47 20 62 21 4 17 4 60 4 57 5 20 93 35 4 23 4 22 4 70 44 4 39 4 24 4 47 4 114 46 4 60 4 0 15 4 6 4 54 4 82 6 4 49 4 81 58 4 5 4 6 4 16 60 4 15 4 58 4 0 43 4 17 4 26 55 4 14 4 79 43 4 106 21 4 57 4 49 4 0 8 4 23 4 104 43 4 60 4 94 41 4 52 4 44 34 4 48 4 96 22 4 57 4 114 53 4 10 4 25 60 4 5 4 81 37 4 25 4 14 56 4 24 4 38 4 3 58 4 60 4 27 37 4 26 4 35 4 79 5 4 21 4 20 4 119 60 4 47 4 60 4 11 4 89 34 4 44 4 46 4 60 4 50 39 4 48 4 60 4 102 37 4 20 4 68 60 4 5 4 40 4 117 49 4 53 4 50 4 61 23 4 30 4 19 4 73 60 4 22 4 13 4 0 25 16 44 16 57 60 4 110 39 16 60 16 95 5 4 18 4 57 60 4 47 4 13 4 96 40 4 25 4 32 4 46 4 49 36 4 48 4 66 40 4 60 4 60 4 60 4 53 47 4 12 4 58 4 79 15 4 29 4 54 4 25 27 4 32 4 35 4 55 60 4 39 4 28 4 102 52 4 16 4 50 4 11 4 0 49 4 27 4 5 4 13 4 32 60 4 40 4 37 4 71 60 4 32 4 22 4 19 60 4 33 4 31 4 
iteration 1312 best: 1.17698 leader: 1.17698 time: 601090
0 48 4 29 4 60 4 35 36 4 41 4 61 12 4 5 4 27 4 0 25 4 53 4 60 4 76 28 4 5 4 26 4 24 49 4 38 4 9 4 39 4 6 49 4 49 4 5 4 51 5 4 24 4 0 38 4 38 4 2 55 4 5 4 28 4 37 4 48 5 4 45 4 50 5 4 25 4 47 5 4 33 4 18 4 5 4 46 4 19 57 4 5 4 30 4 30 4 90 22 4 28 4 72 60 4 47 4 27 4 42 4 42 56 4 30 4 49 4 22 47 4 41 4 9 45 4 49 4 46 47 20 62 21 4 17 4 60 4 57 5 20 93 35 4 23 4 22 4 70 44 4 39 4 24 4 47 4 114 46 4 60 4 0 15 4 6 4 54 4 82 6 4 49 4 81 58 4 5 4 6 4 16 60 4 15 4 58 4 0 43 4 17 4 26 55 4 14 4 79 43 4 106 21 4 57 4 49 4 0 8 4 23 4 104 43 4 60 4 94 41 4 52 4 44 34 4 48 4 96 22 4 57 4 114 53 4 10 4 25 60 4 5 4 81 37 4 25 4 14 56 4 24 4 38 4 3 58 4 60 4 27 37 4 26 4 35 4 79 5 4 21 4 20 4 119 60 4 47 4 60 4 11 4 89 34 4 44 4 46 4 60 4 50 39 4 48 4 60 4 102 37 4 20 4 68 60 4 5 4 40 4 117 49 4 53 4 50 4 61 23 4 30 4 19 4 73 60 4 22 4 13 4 0 25 16 44 16 57 60 4 110 39 16 60 16 95 5 4 18 4 57 60 4 47 4 13 4 96 40 4 25 4 32 4 46 4 49 36 4 48 4 66 40 4 60 4 60 4 60 4 53 47 4 12 4 58 4 79 15 4 29 4 54 4 25 27 4 32 4 35 4 55 60 4 39 4 28 4 102 52 4 16 4 50 4 11 4 0 49 4 27 4 5 4 13 4 32 60 4 40 4 37 4 71 60 4 32 4 22 4 19 60 4 33 4 31 4 
Best solution: 
0 48 4 29 4 60 4 35 36 4 41 4 61 12 4 5 4 27 4 0 25 4 53 4 60 4 76 28 4 5 4 26 4 24 49 4 38 4 9 4 39 4 6 49 4 49 4 5 4 51 5 4 24 4 0 38 4 38 4 2 55 4 5 4 28 4 37 4 48 5 4 45 4 50 5 4 25 4 47 5 4 33 4 18 4 5 4 46 4 19 57 4 5 4 30 4 30 4 90 22 4 28 4 72 60 4 47 4 27 4 42 4 42 56 4 30 4 49 4 22 47 4 41 4 9 45 4 49 4 46 47 20 62 21 4 17 4 60 4 57 5 20 93 35 4 23 4 22 4 70 44 4 39 4 24 4 47 4 114 46 4 60 4 0 15 4 6 4 54 4 82 6 4 49 4 81 58 4 5 4 6 4 16 60 4 15 4 58 4 0 43 4 17 4 26 55 4 14 4 79 43 4 106 21 4 57 4 49 4 0 8 4 23 4 104 43 4 60 4 94 41 4 52 4 44 34 4 48 4 96 22 4 57 4 114 53 4 10 4 25 60 4 5 4 81 37 4 25 4 14 56 4 24 4 38 4 3 58 4 60 4 27 37 4 26 4 35 4 79 5 4 21 4 20 4 119 60 4 47 4 60 4 11 4 89 34 4 44 4 46 4 60 4 50 39 4 48 4 60 4 102 37 4 20 4 68 60 4 5 4 40 4 117 49 4 53 4 50 4 61 23 4 30 4 19 4 73 60 4 22 4 13 4 0 25 16 44 16 57 60 4 110 39 16 60 16 95 5 4 18 4 57 60 4 47 4 13 4 96 40 4 25 4 32 4 46 4 49 36 4 48 4 66 40 4 60 4 60 4 60 4 53 47 4 12 4 58 4 79 15 4 29 4 54 4 25 27 4 32 4 35 4 55 60 4 39 4 28 4 102 52 4 16 4 50 4 11 4 0 49 4 27 4 5 4 13 4 32 60 4 40 4 37 4 71 60 4 32 4 22 4 19 60 4 33 4 31 4 
Fitness: 1.17698
