iteration 15 best: 1.28732 leader: 1.28732 time: 7305
4 14 4 15 4 38 4 79 39 4 19 4 24 59 4 42 4 42 4 100 17 4 52 4 29 4 71 39 4 8 4 16 4 105 26 4 10 4 38 4 34 4 117 43 4 23 4 41 4 48 49 4 31 4 15 59 4 14 4 13 14 4 42 4 38 4 49 4 12 40 4 60 4 97 28 4 57 4 25 5 4 22 4 51 4 45 4 51 4 9 33 4 54 4 5 4 57 4 6 26 4 43 4 116 48 4 45 4 40 4 12 4 24 56 4 31 4 12 4 36 54 4 42 4 64 19 4 52 4 4 53 20 1 21 4 48 4 51 4 32 30 20 86 19 4 10 4 46 4 80 7 4 8 4 51 4 26 4 61 37 4 21 4 6 16 4 51 4 6 4 99 43 4 11 4 104 57 4 58 4 42 4 119 6 4 31 4 60 4 12 50 4 6 4 38 15 4 30 4 11 14 4 64 52 4 12 4 54 4 94 58 4 59 4 79 38 4 46 4 54 51 4 17 4 116 20 4 38 4 103 23 4 33 4 0 46 4 6 4 58 31 4 41 4 78 30 4 13 4 44 19 4 49 4 57 4 29 42 4 16 4 76 51 4 58 4 9 4 99 59 4 42 4 57 4 106 16 4 44 4 60 4 50 4 10 47 4 58 4 40 4 5 4 68 58 4 13 4 52 4 14 47 4 15 4 12 60 4 27 4 32 4 80 18 4 31 4 40 4 7 47 4 10 4 58 4 60 24 4 20 4 52 4 12 25 16 38 16 7 30 4 61 30 16 45 16 9 54 4 34 4 81 33 4 37 4 28 4 21 55 4 13 4 53 4 43 4 48 19 4 24 4 119 47 4 18 4 31 4 9 4 68 48 4 16 4 12 4 86 56 4 8 4 34 4 99 38 4 28 4 6 4 92 46 4 18 4 8 4 87 34 4 36 4 59 4 20 4 111 50 4 8 4 49 4 47 4 13 43 4 16 4 47 4 0 32 4 42 4 16 4 6 25 4 35 4 51 4 
iteration 30 best: 1.28732 leader: 1.28732 time: 14735
4 14 4 15 4 38 4 79 39 4 19 4 24 59 4 42 4 42 4 100 17 4 52 4 29 4 71 39 4 8 4 16 4 105 26 4 10 4 38 4 34 4 117 43 4 23 4 41 4 48 49 4 31 4 15 59 4 14 4 13 14 4 42 4 38 4 49 4 12 40 4 60 4 97 28 4 57 4 25 5 4 22 4 51 4 45 4 51 4 9 33 4 54 4 5 4 57 4 6 26 4 43 4 116 48 4 45 4 40 4 12 4 24 56 4 31 4 12 4 36 54 4 42 4 64 19 4 52 4 4 53 20 1 21 4 48 4 51 4 32 30 20 86 19 4 10 4 46 4 80 7 4 8 4 51 4 26 4 61 37 4 21 4 6 16 4 51 4 6 4 99 43 4 11 4 104 57 4 58 4 42 4 119 6 4 31 4 60 4 12 50 4 6 4 38 15 4 30 4 11 14 4 64 52 4 12 4 54 4 94 58 4 59 4 79 38 4 46 4 54 51 4 17 4 116 20 4 38 4 103 23 4 33 4 0 46 4 6 4 58 31 4 41 4 78 30 4 13 4 44 19 4 49 4 57 4 29 42 4 16 4 76 51 4 58 4 9 4 99 59 4 42 4 57 4 106 16 4 44 4 60 4 50 4 10 47 4 58 4 40 4 5 4 68 58 4 13 4 52 4 14 47 4 15 4 12 60 4 27 4 32 4 80 18 4 31 4 40 4 7 47 4 10 4 58 4 60 24 4 20 4 52 4 12 25 16 38 16 7 30 4 61 30 16 45 16 9 54 4 34 4 81 33 4 37 4 28 4 21 55 4 13 4 53 4 43 4 48 19 4 24 4 119 47 4 18 4 31 4 9 4 68 48 4 16 4 12 4 86 56 4 8 4 34 4 99 38 4 28 4 6 4 92 46 4 18 4 8 4 87 34 4 36 4 59 4 20 4 111 50 4 8 4 49 4 47 4 13 43 4 16 4 47 4 0 32 4 42 4 16 4 6 25 4 35 4 51 4 
iteration 45 best: 1.28732 leader: 1.28732 time: 22203
4 14 4 15 4 38 4 79 39 4 19 4 24 59 4 42 4 42 4 100 17 4 52 4 29 4 71 39 4 8 4 16 4 105 26 4 10 4 38 4 34 4 117 43 4 23 4 41 4 48 49 4 31 4 15 59 4 14 4 13 14 4 42 4 38 4 49 4 12 40 4 60 4 97 28 4 57 4 25 5 4 22 4 51 4 45 4 51 4 9 33 4 54 4 5 4 57 4 6 26 4 43 4 116 48 4 45 4 40 4 12 4 24 56 4 31 4 12 4 36 54 4 42 4 64 19 4 52 4 4 53 20 1 21 4 48 4 51 4 32 30 20 86 19 4 10 4 46 4 80 7 4 8 4 51 4 26 4 61 37 4 21 4 6 16 4 51 4 6 4 99 43 4 11 4 104 57 4 58 4 42 4 119 6 4 31 4 60 4 12 50 4 6 4 38 15 4 30 4 11 14 4 64 52 4 12 4 54 4 94 58 4 59 4 79 38 4 46 4 54 51 4 17 4 116 20 4 38 4 103 23 4 33 4 0 46 4 6 4 58 31 4 41 4 78 30 4 13 4 44 19 4 49 4 57 4 29 42 4 16 4 76 51 4 58 4 9 4 99 59 4 42 4 57 4 106 16 4 44 4 60 4 50 4 10 47 4 58 4 40 4 5 4 68 58 4 13 4 52 4 14 47 4 15 4 12 60 4 27 4 32 4 80 18 4 31 4 40 4 7 47 4 10 4 58 4 60 24 4 20 4 52 4 12 25 16 38 16 7 30 4 61 30 16 45 16 9 54 4 34 4 81 33 4 37 4 28 4 21 55 4 13 4 53 4 43 4 48 19 4 24 4 119 47 4 18 4 31 4 9 4 68 48 4 16 4 12 4 86 56 4 8 4 34 4 99 38 4 28 4 6 4 92 46 4 18 4 8 4 87 34 4 36 4 59 4 20 4 111 50 4 8 4 49 4 47 4 13 43 4 16 4 47 4 0 32 4 42 4 16 4 6 25 4 35 4 51 4 
iteration 60 best: 1.28732 leader: 1.28732 time: 29663
4 14 4 15 4 38 4 79 39 4 19 4 24 59 4 42 4 42 4 100 17 4 52 4 29 4 71 39 4 8 4 16 4 105 26 4 10 4 38 4 34 4 117 43 4 23 4 41 4 48 49 4 31 4 15 59 4 14 4 13 14 4 42 4 38 4 49 4 12 40 4 60 4 97 28 4 57 4 25 5 4 22 4 51 4 45 4 51 4 9 33 4 54 4 5 4 57 4 6 26 4 43 4 116 48 4 45 4 40 4 12 4 24 56 4 31 4 12 4 36 54 4 42 4 64 19 4 52 4 4 53 20 1 21 4 48 4 51 4 32 30 20 86 19 4 10 4 46 4 80 7 4 8 4 51 4 26 4 61 37 4 21 4 6 16 4 51 4 6 4 99 43 4 11 4 104 57 4 58 4 42 4 119 6 4 31 4 60 4 12 50 4 6 4 38 15 4 30 4 11 14 4 64 52 4 12 4 54 4 94 58 4 59 4 79 38 4 46 4 54 51 4 17 4 116 20 4 38 4 103 23 4 33 4 0 46 4 6 4 58 31 4 41 4 78 30 4 13 4 44 19 4 49 4 57 4 29 42 4 16 4 76 51 4 58 4 9 4 99 59 4 42 4 57 4 106 16 4 44 4 60 4 50 4 10 47 4 58 4 40 4 5 4 68 58 4 13 4 52 4 14 47 4 15 4 12 60 4 27 4 32 4 80 18 4 31 4 40 4 7 47 4 10 4 58 4 60 24 4 20 4 52 4 12 25 16 38 16 7 30 4 61 30 16 45 16 9 54 4 34 4 81 33 4 37 4 28 4 21 55 4 13 4 53 4 43 4 48 19 4 24 4 119 47 4 18 4 31 4 9 4 68 48 4 16 4 12 4 86 56 4 8 4 34 4 99 38 4 28 4 6 4 92 46 4 18 4 8 4 87 34 4 36 4 59 4 20 4 111 50 4 8 4 49 4 47 4 13 43 4 16 4 47 4 0 32 4 42 4 16 4 6 25 4 35 4 51 4 
iteration 75 best: 1.28732 leader: 1.28732 time: 37105
4 14 4 15 4 38 4 79 39 4 19 4 24 59 4 42 4 42 4 100 17 4 52 4 29 4 71 39 4 8 4 16 4 105 26 4 10 4 38 4 34 4 117 43 4 23 4 41 4 48 49 4 31 4 15 59 4 14 4 13 14 4 42 4 38 4 49 4 12 40 4 60 4 97 28 4 57 4 25 5 4 22 4 51 4 45 4 51 4 9 33 4 54 4 5 4 57 4 6 26 4 43 4 116 48 4 45 4 40 4 12 4 24 56 4 31 4 12 4 36 54 4 42 4 64 19 4 52 4 4 53 20 1 21 4 48 4 51 4 32 30 20 86 19 4 10 4 46 4 80 7 4 8 4 51 4 26 4 61 37 4 21 4 6 16 4 51 4 6 4 99 43 4 11 4 104 57 4 58 4 42 4 119 6 4 31 4 60 4 12 50 4 6 4 38 15 4 30 4 11 14 4 64 52 4 12 4 54 4 94 58 4 59 4 79 38 4 46 4 54 51 4 17 4 116 20 4 38 4 103 23 4 33 4 0 46 4 6 4 58 31 4 41 4 78 30 4 13 4 44 19 4 49 4 57 4 29 42 4 16 4 76 51 4 58 4 9 4 99 59 4 42 4 57 4 106 16 4 44 4 60 4 50 4 10 47 4 58 4 40 4 5 4 68 58 4 13 4 52 4 14 47 4 15 4 12 60 4 27 4 32 4 80 18 4 31 4 40 4 7 47 4 10 4 58 4 60 24 4 20 4 52 4 12 25 16 38 16 7 30 4 61 30 16 45 16 9 54 4 34 4 81 33 4 37 4 28 4 21 55 4 13 4 53 4 43 4 48 19 4 24 4 119 47 4 18 4 31 4 9 4 68 48 4 16 4 12 4 86 56 4 8 4 34 4 99 38 4 28 4 6 4 92 46 4 18 4 8 4 87 34 4 36 4 59 4 20 4 111 50 4 8 4 49 4 47 4 13 43 4 16 4 47 4 0 32 4 42 4 16 4 6 25 4 35 4 51 4 
iteration 90 best: 1.28732 leader: 1.28732 time: 44600
4 14 4 15 4 38 4 79 39 4 19 4 24 59 4 42 4 42 4 100 17 4 52 4 29 4 71 39 4 8 4 16 4 105 26 4 10 4 38 4 34 4 117 43 4 23 4 41 4 48 49 4 31 4 15 59 4 14 4 13 14 4 42 4 38 4 49 4 12 40 4 60 4 97 28 4 57 4 25 5 4 22 4 51 4 45 4 51 4 9 33 4 54 4 5 4 57 4 6 26 4 43 4 116 48 4 45 4 40 4 12 4 24 56 4 31 4 12 4 36 54 4 42 4 64 19 4 52 4 4 53 20 1 21 4 48 4 51 4 32 30 20 86 19 4 10 4 46 4 80 7 4 8 4 51 4 26 4 61 37 4 21 4 6 16 4 51 4 6 4 99 43 4 11 4 104 57 4 58 4 42 4 119 6 4 31 4 60 4 12 50 4 6 4 38 15 4 30 4 11 14 4 64 52 4 12 4 54 4 94 58 4 59 4 79 38 4 46 4 54 51 4 17 4 116 20 4 38 4 103 23 4 33 4 0 46 4 6 4 58 31 4 41 4 78 30 4 13 4 44 19 4 49 4 57 4 29 42 4 16 4 76 51 4 58 4 9 4 99 59 4 42 4 57 4 106 16 4 44 4 60 4 50 4 10 47 4 58 4 40 4 5 4 68 58 4 13 4 52 4 14 47 4 15 4 12 60 4 27 4 32 4 80 18 4 31 4 40 4 7 47 4 10 4 58 4 60 24 4 20 4 52 4 12 25 16 38 16 7 30 4 61 30 16 45 16 9 54 4 34 4 81 33 4 37 4 28 4 21 55 4 13 4 53 4 43 4 48 19 4 24 4 119 47 4 18 4 31 4 9 4 68 48 4 16 4 12 4 86 56 4 8 4 34 4 99 38 4 28 4 6 4 92 46 4 18 4 8 4 87 34 4 36 4 59 4 20 4 111 50 4 8 4 49 4 47 4 13 43 4 16 4 47 4 0 32 4 42 4 16 4 6 25 4 35 4 51 4 
iteration 105 best: 1.28732 leader: 1.28732 time: 51944
4 14 4 15 4 38 4 79 39 4 19 4 24 59 4 42 4 42 4 100 17 4 52 4 29 4 71 39 4 8 4 16 4 105 26 4 10 4 38 4 34 4 117 43 4 23 4 41 4 48 49 4 31 4 15 59 4 14 4 13 14 4 42 4 38 4 49 4 12 40 4 60 4 97 28 4 57 4 25 5 4 22 4 51 4 45 4 51 4 9 33 4 54 4 5 4 57 4 6 26 4 43 4 116 48 4 45 4 40 4 12 4 24 56 4 31 4 12 4 36 54 4 42 4 64 19 4 52 4 4 53 20 1 21 4 48 4 51 4 32 30 20 86 19 4 10 4 46 4 80 7 4 8 4 51 4 26 4 61 37 4 21 4 6 16 4 51 4 6 4 99 43 4 11 4 104 57 4 58 4 42 4 119 6 4 31 4 60 4 12 50 4 6 4 38 15 4 30 4 11 14 4 64 52 4 12 4 54 4 94 58 4 59 4 79 38 4 46 4 54 51 4 17 4 116 20 4 38 4 103 23 4 33 4 0 46 4 6 4 58 31 4 41 4 78 30 4 13 4 44 19 4 49 4 57 4 29 42 4 16 4 76 51 4 58 4 9 4 99 59 4 42 4 57 4 106 16 4 44 4 60 4 50 4 10 47 4 58 4 40 4 5 4 68 58 4 13 4 52 4 14 47 4 15 4 12 60 4 27 4 32 4 80 18 4 31 4 40 4 7 47 4 10 4 58 4 60 24 4 20 4 52 4 12 25 16 38 16 7 30 4 61 30 16 45 16 9 54 4 34 4 81 33 4 37 4 28 4 21 55 4 13 4 53 4 43 4 48 19 4 24 4 119 47 4 18 4 31 4 9 4 68 48 4 16 4 12 4 86 56 4 8 4 34 4 99 38 4 28 4 6 4 92 46 4 18 4 8 4 87 34 4 36 4 59 4 20 4 111 50 4 8 4 49 4 47 4 13 43 4 16 4 47 4 0 32 4 42 4 16 4 6 25 4 35 4 51 4 
iteration 120 best: 1.28732 leader: 1.28732 time: 59214
4 14 4 15 4 38 4 79 39 4 19 4 24 59 4 42 4 42 4 100 17 4 52 4 29 4 71 39 4 8 4 16 4 105 26 4 10 4 38 4 34 4 117 43 4 23 4 41 4 48 49 4 31 4 15 59 4 14 4 13 14 4 42 4 38 4 49 4 12 40 4 60 4 97 28 4 57 4 25 5 4 22 4 51 4 45 4 51 4 9 33 4 54 4 5 4 57 4 6 26 4 43 4 116 48 4 45 4 40 4 12 4 24 56 4 31 4 12 4 36 54 4 42 4 64 19 4 52 4 4 53 20 1 21 4 48 4 51 4 32 30 20 86 19 4 10 4 46 4 80 7 4 8 4 51 4 26 4 61 37 4 21 4 6 16 4 51 4 6 4 99 43 4 11 4 104 57 4 58 4 42 4 119 6 4 31 4 60 4 12 50 4 6 4 38 15 4 30 4 11 14 4 64 52 4 12 4 54 4 94 58 4 59 4 79 38 4 46 4 54 51 4 17 4 116 20 4 38 4 103 23 4 33 4 0 46 4 6 4 58 31 4 41 4 78 30 4 13 4 44 19 4 49 4 57 4 29 42 4 16 4 76 51 4 58 4 9 4 99 59 4 42 4 57 4 106 16 4 44 4 60 4 50 4 10 47 4 58 4 40 4 5 4 68 58 4 13 4 52 4 14 47 4 15 4 12 60 4 27 4 32 4 80 18 4 31 4 40 4 7 47 4 10 4 58 4 60 24 4 20 4 52 4 12 25 16 38 16 7 30 4 61 30 16 45 16 9 54 4 34 4 81 33 4 37 4 28 4 21 55 4 13 4 53 4 43 4 48 19 4 24 4 119 47 4 18 4 31 4 9 4 68 48 4 16 4 12 4 86 56 4 8 4 34 4 99 38 4 28 4 6 4 92 46 4 18 4 8 4 87 34 4 36 4 59 4 20 4 111 50 4 8 4 49 4 47 4 13 43 4 16 4 47 4 0 32 4 42 4 16 4 6 25 4 35 4 51 4 
iteration 135 best: 1.28732 leader: 1.28732 time: 66506
4 14 4 15 4 38 4 79 39 4 19 4 24 59 4 42 4 42 4 100 17 4 52 4 29 4 71 39 4 8 4 16 4 105 26 4 10 4 38 4 34 4 117 43 4 23 4 41 4 48 49 4 31 4 15 59 4 14 4 13 14 4 42 4 38 4 49 4 12 40 4 60 4 97 28 4 57 4 25 5 4 22 4 51 4 45 4 51 4 9 33 4 54 4 5 4 57 4 6 26 4 43 4 116 48 4 45 4 40 4 12 4 24 56 4 31 4 12 4 36 54 4 42 4 64 19 4 52 4 4 53 20 1 21 4 48 4 51 4 32 30 20 86 19 4 10 4 46 4 80 7 4 8 4 51 4 26 4 61 37 4 21 4 6 16 4 51 4 6 4 99 43 4 11 4 104 57 4 58 4 42 4 119 6 4 31 4 60 4 12 50 4 6 4 38 15 4 30 4 11 14 4 64 52 4 12 4 54 4 94 58 4 59 4 79 38 4 46 4 54 51 4 17 4 116 20 4 38 4 103 23 4 33 4 0 46 4 6 4 58 31 4 41 4 78 30 4 13 4 44 19 4 49 4 57 4 29 42 4 16 4 76 51 4 58 4 9 4 99 59 4 42 4 57 4 106 16 4 44 4 60 4 50 4 10 47 4 58 4 40 4 5 4 68 58 4 13 4 52 4 14 47 4 15 4 12 60 4 27 4 32 4 80 18 4 31 4 40 4 7 47 4 10 4 58 4 60 24 4 20 4 52 4 12 25 16 38 16 7 30 4 61 30 16 45 16 9 54 4 34 4 81 33 4 37 4 28 4 21 55 4 13 4 53 4 43 4 48 19 4 24 4 119 47 4 18 4 31 4 9 4 68 48 4 16 4 12 4 86 56 4 8 4 34 4 99 38 4 28 4 6 4 92 46 4 18 4 8 4 87 34 4 36 4 59 4 20 4 111 50 4 8 4 49 4 47 4 13 43 4 16 4 47 4 0 32 4 42 4 16 4 6 25 4 35 4 51 4 
iteration 150 best: 1.28732 leader: 1.28732 time: 73816
4 14 4 15 4 38 4 79 39 4 19 4 24 59 4 42 4 42 4 100 17 4 52 4 29 4 71 39 4 8 4 16 4 105 26 4 10 4 38 4 34 4 117 43 4 23 4 41 4 48 49 4 31 4 15 59 4 14 4 13 14 4 42 4 38 4 49 4 12 40 4 60 4 97 28 4 57 4 25 5 4 22 4 51 4 45 4 51 4 9 33 4 54 4 5 4 57 4 6 26 4 43 4 116 48 4 45 4 40 4 12 4 24 56 4 31 4 12 4 36 54 4 42 4 64 19 4 52 4 4 53 20 1 21 4 48 4 51 4 32 30 20 86 19 4 10 4 46 4 80 7 4 8 4 51 4 26 4 61 37 4 21 4 6 16 4 51 4 6 4 99 43 4 11 4 104 57 4 58 4 42 4 119 6 4 31 4 60 4 12 50 4 6 4 38 15 4 30 4 11 14 4 64 52 4 12 4 54 4 94 58 4 59 4 79 38 4 46 4 54 51 4 17 4 116 20 4 38 4 103 23 4 33 4 0 46 4 6 4 58 31 4 41 4 78 30 4 13 4 44 19 4 49 4 57 4 29 42 4 16 4 76 51 4 58 4 9 4 99 59 4 42 4 57 4 106 16 4 44 4 60 4 50 4 10 47 4 58 4 40 4 5 4 68 58 4 13 4 52 4 14 47 4 15 4 12 60 4 27 4 32 4 80 18 4 31 4 40 4 7 47 4 10 4 58 4 60 24 4 20 4 52 4 12 25 16 38 16 7 30 4 61 30 16 45 16 9 54 4 34 4 81 33 4 37 4 28 4 21 55 4 13 4 53 4 43 4 48 19 4 24 4 119 47 4 18 4 31 4 9 4 68 48 4 16 4 12 4 86 56 4 8 4 34 4 99 38 4 28 4 6 4 92 46 4 18 4 8 4 87 34 4 36 4 59 4 20 4 111 50 4 8 4 49 4 47 4 13 43 4 16 4 47 4 0 32 4 42 4 16 4 6 25 4 35 4 51 4 
iteration 165 best: 1.28732 leader: 1.28732 time: 81091
4 14 4 15 4 38 4 79 39 4 19 4 24 59 4 42 4 42 4 100 17 4 52 4 29 4 71 39 4 8 4 16 4 105 26 4 10 4 38 4 34 4 117 43 4 23 4 41 4 48 49 4 31 4 15 59 4 14 4 13 14 4 42 4 38 4 49 4 12 40 4 60 4 97 28 4 57 4 25 5 4 22 4 51 4 45 4 51 4 9 33 4 54 4 5 4 57 4 6 26 4 43 4 116 48 4 45 4 40 4 12 4 24 56 4 31 4 12 4 36 54 4 42 4 64 19 4 52 4 4 53 20 1 21 4 48 4 51 4 32 30 20 86 19 4 10 4 46 4 80 7 4 8 4 51 4 26 4 61 37 4 21 4 6 16 4 51 4 6 4 99 43 4 11 4 104 57 4 58 4 42 4 119 6 4 31 4 60 4 12 50 4 6 4 38 15 4 30 4 11 14 4 64 52 4 12 4 54 4 94 58 4 59 4 79 38 4 46 4 54 51 4 17 4 116 20 4 38 4 103 23 4 33 4 0 46 4 6 4 58 31 4 41 4 78 30 4 13 4 44 19 4 49 4 57 4 29 42 4 16 4 76 51 4 58 4 9 4 99 59 4 42 4 57 4 106 16 4 44 4 60 4 50 4 10 47 4 58 4 40 4 5 4 68 58 4 13 4 52 4 14 47 4 15 4 12 60 4 27 4 32 4 80 18 4 31 4 40 4 7 47 4 10 4 58 4 60 24 4 20 4 52 4 12 25 16 38 16 7 30 4 61 30 16 45 16 9 54 4 34 4 81 33 4 37 4 28 4 21 55 4 13 4 53 4 43 4 48 19 4 24 4 119 47 4 18 4 31 4 9 4 68 48 4 16 4 12 4 86 56 4 8 4 34 4 99 38 4 28 4 6 4 92 46 4 18 4 8 4 87 34 4 36 4 59 4 20 4 111 50 4 8 4 49 4 47 4 13 43 4 16 4 47 4 0 32 4 42 4 16 4 6 25 4 35 4 51 4 
iteration 180 best: 1.28732 leader: 1.28732 time: 88378
4 14 4 15 4 38 4 79 39 4 19 4 24 59 4 42 4 42 4 100 17 4 52 4 29 4 71 39 4 8 4 16 4 105 26 4 10 4 38 4 34 4 117 43 4 23 4 41 4 48 49 4 31 4 15 59 4 14 4 13 14 4 42 4 38 4 49 4 12 40 4 60 4 97 28 4 57 4 25 5 4 22 4 51 4 45 4 51 4 9 33 4 54 4 5 4 57 4 6 26 4 43 4 116 48 4 45 4 40 4 12 4 24 56 4 31 4 12 4 36 54 4 42 4 64 19 4 52 4 4 53 20 1 21 4 48 4 51 4 32 30 20 86 19 4 10 4 46 4 80 7 4 8 4 51 4 26 4 61 37 4 21 4 6 16 4 51 4 6 4 99 43 4 11 4 104 57 4 58 4 42 4 119 6 4 31 4 60 4 12 50 4 6 4 38 15 4 30 4 11 14 4 64 52 4 12 4 54 4 94 58 4 59 4 79 38 4 46 4 54 51 4 17 4 116 20 4 38 4 103 23 4 33 4 0 46 4 6 4 58 31 4 41 4 78 30 4 13 4 44 19 4 49 4 57 4 29 42 4 16 4 76 51 4 58 4 9 4 99 59 4 42 4 57 4 106 16 4 44 4 60 4 50 4 10 47 4 58 4 40 4 5 4 68 58 4 13 4 52 4 14 47 4 15 4 12 60 4 27 4 32 4 80 18 4 31 4 40 4 7 47 4 10 4 58 4 60 24 4 20 4 52 4 12 25 16 38 16 7 30 4 61 30 16 45 16 9 54 4 34 4 81 33 4 37 4 28 4 21 55 4 13 4 53 4 43 4 48 19 4 24 4 119 47 4 18 4 31 4 9 4 68 48 4 16 4 12 4 86 56 4 8 4 34 4 99 38 4 28 4 6 4 92 46 4 18 4 8 4 87 34 4 36 4 59 4 20 4 111 50 4 8 4 49 4 47 4 13 43 4 16 4 47 4 0 32 4 42 4 16 4 6 25 4 35 4 51 4 
iteration 195 best: 1.28732 leader: 1.28732 time: 95632
4 14 4 15 4 38 4 79 39 4 19 4 24 59 4 42 4 42 4 100 17 4 52 4 29 4 71 39 4 8 4 16 4 105 26 4 10 4 38 4 34 4 117 43 4 23 4 41 4 48 49 4 31 4 15 59 4 14 4 13 14 4 42 4 38 4 49 4 12 40 4 60 4 97 28 4 57 4 25 5 4 22 4 51 4 45 4 51 4 9 33 4 54 4 5 4 57 4 6 26 4 43 4 116 48 4 45 4 40 4 12 4 24 56 4 31 4 12 4 36 54 4 42 4 64 19 4 52 4 4 53 20 1 21 4 48 4 51 4 32 30 20 86 19 4 10 4 46 4 80 7 4 8 4 51 4 26 4 61 37 4 21 4 6 16 4 51 4 6 4 99 43 4 11 4 104 57 4 58 4 42 4 119 6 4 31 4 60 4 12 50 4 6 4 38 15 4 30 4 11 14 4 64 52 4 12 4 54 4 94 58 4 59 4 79 38 4 46 4 54 51 4 17 4 116 20 4 38 4 103 23 4 33 4 0 46 4 6 4 58 31 4 41 4 78 30 4 13 4 44 19 4 49 4 57 4 29 42 4 16 4 76 51 4 58 4 9 4 99 59 4 42 4 57 4 106 16 4 44 4 60 4 50 4 10 47 4 58 4 40 4 5 4 68 58 4 13 4 52 4 14 47 4 15 4 12 60 4 27 4 32 4 80 18 4 31 4 40 4 7 47 4 10 4 58 4 60 24 4 20 4 52 4 12 25 16 38 16 7 30 4 61 30 16 45 16 9 54 4 34 4 81 33 4 37 4 28 4 21 55 4 13 4 53 4 43 4 48 19 4 24 4 119 47 4 18 4 31 4 9 4 68 48 4 16 4 12 4 86 56 4 8 4 34 4 99 38 4 28 4 6 4 92 46 4 18 4 8 4 87 34 4 36 4 59 4 20 4 111 50 4 8 4 49 4 47 4 13 43 4 16 4 47 4 0 32 4 42 4 16 4 6 25 4 35 4 51 4 
iteration 210 best: 1.28732 leader: 1.28732 time: 102928
4 14 4 15 4 38 4 79 39 4 19 4 24 59 4 42 4 42 4 100 17 4 52 4 29 4 71 39 4 8 4 16 4 105 26 4 10 4 38 4 34 4 117 43 4 23 4 41 4 48 49 4 31 4 15 59 4 14 4 13 14 4 42 4 38 4 49 4 12 40 4 60 4 97 28 4 57 4 25 5 4 22 4 51 4 45 4 51 4 9 33 4 54 4 5 4 57 4 6 26 4 43 4 116 48 4 45 4 40 4 12 4 24 56 4 31 4 12 4 36 54 4 42 4 64 19 4 52 4 4 53 20 1 21 4 48 4 51 4 32 30 20 86 19 4 10 4 46 4 80 7 4 8 4 51 4 26 4 61 37 4 21 4 6 16 4 51 4 6 4 99 43 4 11 4 104 57 4 58 4 42 4 119 6 4 31 4 60 4 12 50 4 6 4 38 15 4 30 4 11 14 4 64 52 4 12 4 54 4 94 58 4 59 4 79 38 4 46 4 54 51 4 17 4 116 20 4 38 4 103 23 4 33 4 0 46 4 6 4 58 31 4 41 4 78 30 4 13 4 44 19 4 49 4 57 4 29 42 4 16 4 76 51 4 58 4 9 4 99 59 4 42 4 57 4 106 16 4 44 4 60 4 50 4 10 47 4 58 4 40 4 5 4 68 58 4 13 4 52 4 14 47 4 15 4 12 60 4 27 4 32 4 80 18 4 31 4 40 4 7 47 4 10 4 58 4 60 24 4 20 4 52 4 12 25 16 38 16 7 30 4 61 30 16 45 16 9 54 4 34 4 81 33 4 37 4 28 4 21 55 4 13 4 53 4 43 4 48 19 4 24 4 119 47 4 18 4 31 4 9 4 68 48 4 16 4 12 4 86 56 4 8 4 34 4 99 38 4 28 4 6 4 92 46 4 18 4 8 4 87 34 4 36 4 59 4 20 4 111 50 4 8 4 49 4 47 4 13 43 4 16 4 47 4 0 32 4 42 4 16 4 6 25 4 35 4 51 4 
iteration 225 best: 1.28732 leader: 1.28732 time: 110205
4 14 4 15 4 38 4 79 39 4 19 4 24 59 4 42 4 42 4 100 17 4 52 4 29 4 71 39 4 8 4 16 4 105 26 4 10 4 38 4 34 4 117 43 4 23 4 41 4 48 49 4 31 4 15 59 4 14 4 13 14 4 42 4 38 4 49 4 12 40 4 60 4 97 28 4 57 4 25 5 4 22 4 51 4 45 4 51 4 9 33 4 54 4 5 4 57 4 6 26 4 43 4 116 48 4 45 4 40 4 12 4 24 56 4 31 4 12 4 36 54 4 42 4 64 19 4 52 4 4 53 20 1 21 4 48 4 51 4 32 30 20 86 19 4 10 4 46 4 80 7 4 8 4 51 4 26 4 61 37 4 21 4 6 16 4 51 4 6 4 99 43 4 11 4 104 57 4 58 4 42 4 119 6 4 31 4 60 4 12 50 4 6 4 38 15 4 30 4 11 14 4 64 52 4 12 4 54 4 94 58 4 59 4 79 38 4 46 4 54 51 4 17 4 116 20 4 38 4 103 23 4 33 4 0 46 4 6 4 58 31 4 41 4 78 30 4 13 4 44 19 4 49 4 57 4 29 42 4 16 4 76 51 4 58 4 9 4 99 59 4 42 4 57 4 106 16 4 44 4 60 4 50 4 10 47 4 58 4 40 4 5 4 68 58 4 13 4 52 4 14 47 4 15 4 12 60 4 27 4 32 4 80 18 4 31 4 40 4 7 47 4 10 4 58 4 60 24 4 20 4 52 4 12 25 16 38 16 7 30 4 61 30 16 45 16 9 54 4 34 4 81 33 4 37 4 28 4 21 55 4 13 4 53 4 43 4 48 19 4 24 4 119 47 4 18 4 31 4 9 4 68 48 4 16 4 12 4 86 56 4 8 4 34 4 99 38 4 28 4 6 4 92 46 4 18 4 8 4 87 34 4 36 4 59 4 20 4 111 50 4 8 4 49 4 47 4 13 43 4 16 4 47 4 0 32 4 42 4 16 4 6 25 4 35 4 51 4 
iteration 240 best: 1.28732 leader: 1.28732 time: 117476
4 14 4 15 4 38 4 79 39 4 19 4 24 59 4 42 4 42 4 100 17 4 52 4 29 4 71 39 4 8 4 16 4 105 26 4 10 4 38 4 34 4 117 43 4 23 4 41 4 48 49 4 31 4 15 59 4 14 4 13 14 4 42 4 38 4 49 4 12 40 4 60 4 97 28 4 57 4 25 5 4 22 4 51 4 45 4 51 4 9 33 4 54 4 5 4 57 4 6 26 4 43 4 116 48 4 45 4 40 4 12 4 24 56 4 31 4 12 4 36 54 4 42 4 64 19 4 52 4 4 53 20 1 21 4 48 4 51 4 32 30 20 86 19 4 10 4 46 4 80 7 4 8 4 51 4 26 4 61 37 4 21 4 6 16 4 51 4 6 4 99 43 4 11 4 104 57 4 58 4 42 4 119 6 4 31 4 60 4 12 50 4 6 4 38 15 4 30 4 11 14 4 64 52 4 12 4 54 4 94 58 4 59 4 79 38 4 46 4 54 51 4 17 4 116 20 4 38 4 103 23 4 33 4 0 46 4 6 4 58 31 4 41 4 78 30 4 13 4 44 19 4 49 4 57 4 29 42 4 16 4 76 51 4 58 4 9 4 99 59 4 42 4 57 4 106 16 4 44 4 60 4 50 4 10 47 4 58 4 40 4 5 4 68 58 4 13 4 52 4 14 47 4 15 4 12 60 4 27 4 32 4 80 18 4 31 4 40 4 7 47 4 10 4 58 4 60 24 4 20 4 52 4 12 25 16 38 16 7 30 4 61 30 16 45 16 9 54 4 34 4 81 33 4 37 4 28 4 21 55 4 13 4 53 4 43 4 48 19 4 24 4 119 47 4 18 4 31 4 9 4 68 48 4 16 4 12 4 86 56 4 8 4 34 4 99 38 4 28 4 6 4 92 46 4 18 4 8 4 87 34 4 36 4 59 4 20 4 111 50 4 8 4 49 4 47 4 13 43 4 16 4 47 4 0 32 4 42 4 16 4 6 25 4 35 4 51 4 
iteration 255 best: 1.28732 leader: 1.28732 time: 124785
4 14 4 15 4 38 4 79 39 4 19 4 24 59 4 42 4 42 4 100 17 4 52 4 29 4 71 39 4 8 4 16 4 105 26 4 10 4 38 4 34 4 117 43 4 23 4 41 4 48 49 4 31 4 15 59 4 14 4 13 14 4 42 4 38 4 49 4 12 40 4 60 4 97 28 4 57 4 25 5 4 22 4 51 4 45 4 51 4 9 33 4 54 4 5 4 57 4 6 26 4 43 4 116 48 4 45 4 40 4 12 4 24 56 4 31 4 12 4 36 54 4 42 4 64 19 4 52 4 4 53 20 1 21 4 48 4 51 4 32 30 20 86 19 4 10 4 46 4 80 7 4 8 4 51 4 26 4 61 37 4 21 4 6 16 4 51 4 6 4 99 43 4 11 4 104 57 4 58 4 42 4 119 6 4 31 4 60 4 12 50 4 6 4 38 15 4 30 4 11 14 4 64 52 4 12 4 54 4 94 58 4 59 4 79 38 4 46 4 54 51 4 17 4 116 20 4 38 4 103 23 4 33 4 0 46 4 6 4 58 31 4 41 4 78 30 4 13 4 44 19 4 49 4 57 4 29 42 4 16 4 76 51 4 58 4 9 4 99 59 4 42 4 57 4 106 16 4 44 4 60 4 50 4 10 47 4 58 4 40 4 5 4 68 58 4 13 4 52 4 14 47 4 15 4 12 60 4 27 4 32 4 80 18 4 31 4 40 4 7 47 4 10 4 58 4 60 24 4 20 4 52 4 12 25 16 38 16 7 30 4 61 30 16 45 16 9 54 4 34 4 81 33 4 37 4 28 4 21 55 4 13 4 53 4 43 4 48 19 4 24 4 119 47 4 18 4 31 4 9 4 68 48 4 16 4 12 4 86 56 4 8 4 34 4 99 38 4 28 4 6 4 92 46 4 18 4 8 4 87 34 4 36 4 59 4 20 4 111 50 4 8 4 49 4 47 4 13 43 4 16 4 47 4 0 32 4 42 4 16 4 6 25 4 35 4 51 4 
iteration 270 best: 1.28732 leader: 1.28732 time: 132082
4 14 4 15 4 38 4 79 39 4 19 4 24 59 4 42 4 42 4 100 17 4 52 4 29 4 71 39 4 8 4 16 4 105 26 4 10 4 38 4 34 4 117 43 4 23 4 41 4 48 49 4 31 4 15 59 4 14 4 13 14 4 42 4 38 4 49 4 12 40 4 60 4 97 28 4 57 4 25 5 4 22 4 51 4 45 4 51 4 9 33 4 54 4 5 4 57 4 6 26 4 43 4 116 48 4 45 4 40 4 12 4 24 56 4 31 4 12 4 36 54 4 42 4 64 19 4 52 4 4 53 20 1 21 4 48 4 51 4 32 30 20 86 19 4 10 4 46 4 80 7 4 8 4 51 4 26 4 61 37 4 21 4 6 16 4 51 4 6 4 99 43 4 11 4 104 57 4 58 4 42 4 119 6 4 31 4 60 4 12 50 4 6 4 38 15 4 30 4 11 14 4 64 52 4 12 4 54 4 94 58 4 59 4 79 38 4 46 4 54 51 4 17 4 116 20 4 38 4 103 23 4 33 4 0 46 4 6 4 58 31 4 41 4 78 30 4 13 4 44 19 4 49 4 57 4 29 42 4 16 4 76 51 4 58 4 9 4 99 59 4 42 4 57 4 106 16 4 44 4 60 4 50 4 10 47 4 58 4 40 4 5 4 68 58 4 13 4 52 4 14 47 4 15 4 12 60 4 27 4 32 4 80 18 4 31 4 40 4 7 47 4 10 4 58 4 60 24 4 20 4 52 4 12 25 16 38 16 7 30 4 61 30 16 45 16 9 54 4 34 4 81 33 4 37 4 28 4 21 55 4 13 4 53 4 43 4 48 19 4 24 4 119 47 4 18 4 31 4 9 4 68 48 4 16 4 12 4 86 56 4 8 4 34 4 99 38 4 28 4 6 4 92 46 4 18 4 8 4 87 34 4 36 4 59 4 20 4 111 50 4 8 4 49 4 47 4 13 43 4 16 4 47 4 0 32 4 42 4 16 4 6 25 4 35 4 51 4 
iteration 285 best: 1.28732 leader: 1.28732 time: 139381
4 14 4 15 4 38 4 79 39 4 19 4 24 59 4 42 4 42 4 100 17 4 52 4 29 4 71 39 4 8 4 16 4 105 26 4 10 4 38 4 34 4 117 43 4 23 4 41 4 48 49 4 31 4 15 59 4 14 4 13 14 4 42 4 38 4 49 4 12 40 4 60 4 97 28 4 57 4 25 5 4 22 4 51 4 45 4 51 4 9 33 4 54 4 5 4 57 4 6 26 4 43 4 116 48 4 45 4 40 4 12 4 24 56 4 31 4 12 4 36 54 4 42 4 64 19 4 52 4 4 53 20 1 21 4 48 4 51 4 32 30 20 86 19 4 10 4 46 4 80 7 4 8 4 51 4 26 4 61 37 4 21 4 6 16 4 51 4 6 4 99 43 4 11 4 104 57 4 58 4 42 4 119 6 4 31 4 60 4 12 50 4 6 4 38 15 4 30 4 11 14 4 64 52 4 12 4 54 4 94 58 4 59 4 79 38 4 46 4 54 51 4 17 4 116 20 4 38 4 103 23 4 33 4 0 46 4 6 4 58 31 4 41 4 78 30 4 13 4 44 19 4 49 4 57 4 29 42 4 16 4 76 51 4 58 4 9 4 99 59 4 42 4 57 4 106 16 4 44 4 60 4 50 4 10 47 4 58 4 40 4 5 4 68 58 4 13 4 52 4 14 47 4 15 4 12 60 4 27 4 32 4 80 18 4 31 4 40 4 7 47 4 10 4 58 4 60 24 4 20 4 52 4 12 25 16 38 16 7 30 4 61 30 16 45 16 9 54 4 34 4 81 33 4 37 4 28 4 21 55 4 13 4 53 4 43 4 48 19 4 24 4 119 47 4 18 4 31 4 9 4 68 48 4 16 4 12 4 86 56 4 8 4 34 4 99 38 4 28 4 6 4 92 46 4 18 4 8 4 87 34 4 36 4 59 4 20 4 111 50 4 8 4 49 4 47 4 13 43 4 16 4 47 4 0 32 4 42 4 16 4 6 25 4 35 4 51 4 
iteration 300 best: 1.28732 leader: 1.28732 time: 146641
4 14 4 15 4 38 4 79 39 4 19 4 24 59 4 42 4 42 4 100 17 4 52 4 29 4 71 39 4 8 4 16 4 105 26 4 10 4 38 4 34 4 117 43 4 23 4 41 4 48 49 4 31 4 15 59 4 14 4 13 14 4 42 4 38 4 49 4 12 40 4 60 4 97 28 4 57 4 25 5 4 22 4 51 4 45 4 51 4 9 33 4 54 4 5 4 57 4 6 26 4 43 4 116 48 4 45 4 40 4 12 4 24 56 4 31 4 12 4 36 54 4 42 4 64 19 4 52 4 4 53 20 1 21 4 48 4 51 4 32 30 20 86 19 4 10 4 46 4 80 7 4 8 4 51 4 26 4 61 37 4 21 4 6 16 4 51 4 6 4 99 43 4 11 4 104 57 4 58 4 42 4 119 6 4 31 4 60 4 12 50 4 6 4 38 15 4 30 4 11 14 4 64 52 4 12 4 54 4 94 58 4 59 4 79 38 4 46 4 54 51 4 17 4 116 20 4 38 4 103 23 4 33 4 0 46 4 6 4 58 31 4 41 4 78 30 4 13 4 44 19 4 49 4 57 4 29 42 4 16 4 76 51 4 58 4 9 4 99 59 4 42 4 57 4 106 16 4 44 4 60 4 50 4 10 47 4 58 4 40 4 5 4 68 58 4 13 4 52 4 14 47 4 15 4 12 60 4 27 4 32 4 80 18 4 31 4 40 4 7 47 4 10 4 58 4 60 24 4 20 4 52 4 12 25 16 38 16 7 30 4 61 30 16 45 16 9 54 4 34 4 81 33 4 37 4 28 4 21 55 4 13 4 53 4 43 4 48 19 4 24 4 119 47 4 18 4 31 4 9 4 68 48 4 16 4 12 4 86 56 4 8 4 34 4 99 38 4 28 4 6 4 92 46 4 18 4 8 4 87 34 4 36 4 59 4 20 4 111 50 4 8 4 49 4 47 4 13 43 4 16 4 47 4 0 32 4 42 4 16 4 6 25 4 35 4 51 4 
iteration 315 best: 1.28732 leader: 1.28732 time: 153903
4 14 4 15 4 38 4 79 39 4 19 4 24 59 4 42 4 42 4 100 17 4 52 4 29 4 71 39 4 8 4 16 4 105 26 4 10 4 38 4 34 4 117 43 4 23 4 41 4 48 49 4 31 4 15 59 4 14 4 13 14 4 42 4 38 4 49 4 12 40 4 60 4 97 28 4 57 4 25 5 4 22 4 51 4 45 4 51 4 9 33 4 54 4 5 4 57 4 6 26 4 43 4 116 48 4 45 4 40 4 12 4 24 56 4 31 4 12 4 36 54 4 42 4 64 19 4 52 4 4 53 20 1 21 4 48 4 51 4 32 30 20 86 19 4 10 4 46 4 80 7 4 8 4 51 4 26 4 61 37 4 21 4 6 16 4 51 4 6 4 99 43 4 11 4 104 57 4 58 4 42 4 119 6 4 31 4 60 4 12 50 4 6 4 38 15 4 30 4 11 14 4 64 52 4 12 4 54 4 94 58 4 59 4 79 38 4 46 4 54 51 4 17 4 116 20 4 38 4 103 23 4 33 4 0 46 4 6 4 58 31 4 41 4 78 30 4 13 4 44 19 4 49 4 57 4 29 42 4 16 4 76 51 4 58 4 9 4 99 59 4 42 4 57 4 106 16 4 44 4 60 4 50 4 10 47 4 58 4 40 4 5 4 68 58 4 13 4 52 4 14 47 4 15 4 12 60 4 27 4 32 4 80 18 4 31 4 40 4 7 47 4 10 4 58 4 60 24 4 20 4 52 4 12 25 16 38 16 7 30 4 61 30 16 45 16 9 54 4 34 4 81 33 4 37 4 28 4 21 55 4 13 4 53 4 43 4 48 19 4 24 4 119 47 4 18 4 31 4 9 4 68 48 4 16 4 12 4 86 56 4 8 4 34 4 99 38 4 28 4 6 4 92 46 4 18 4 8 4 87 34 4 36 4 59 4 20 4 111 50 4 8 4 49 4 47 4 13 43 4 16 4 47 4 0 32 4 42 4 16 4 6 25 4 35 4 51 4 
iteration 330 best: 1.28732 leader: 1.28732 time: 161545
4 14 4 15 4 38 4 79 39 4 19 4 24 59 4 42 4 42 4 100 17 4 52 4 29 4 71 39 4 8 4 16 4 105 26 4 10 4 38 4 34 4 117 43 4 23 4 41 4 48 49 4 31 4 15 59 4 14 4 13 14 4 42 4 38 4 49 4 12 40 4 60 4 97 28 4 57 4 25 5 4 22 4 51 4 45 4 51 4 9 33 4 54 4 5 4 57 4 6 26 4 43 4 116 48 4 45 4 40 4 12 4 24 56 4 31 4 12 4 36 54 4 42 4 64 19 4 52 4 4 53 20 1 21 4 48 4 51 4 32 30 20 86 19 4 10 4 46 4 80 7 4 8 4 51 4 26 4 61 37 4 21 4 6 16 4 51 4 6 4 99 43 4 11 4 104 57 4 58 4 42 4 119 6 4 31 4 60 4 12 50 4 6 4 38 15 4 30 4 11 14 4 64 52 4 12 4 54 4 94 58 4 59 4 79 38 4 46 4 54 51 4 17 4 116 20 4 38 4 103 23 4 33 4 0 46 4 6 4 58 31 4 41 4 78 30 4 13 4 44 19 4 49 4 57 4 29 42 4 16 4 76 51 4 58 4 9 4 99 59 4 42 4 57 4 106 16 4 44 4 60 4 50 4 10 47 4 58 4 40 4 5 4 68 58 4 13 4 52 4 14 47 4 15 4 12 60 4 27 4 32 4 80 18 4 31 4 40 4 7 47 4 10 4 58 4 60 24 4 20 4 52 4 12 25 16 38 16 7 30 4 61 30 16 45 16 9 54 4 34 4 81 33 4 37 4 28 4 21 55 4 13 4 53 4 43 4 48 19 4 24 4 119 47 4 18 4 31 4 9 4 68 48 4 16 4 12 4 86 56 4 8 4 34 4 99 38 4 28 4 6 4 92 46 4 18 4 8 4 87 34 4 36 4 59 4 20 4 111 50 4 8 4 49 4 47 4 13 43 4 16 4 47 4 0 32 4 42 4 16 4 6 25 4 35 4 51 4 
iteration 345 best: 1.28732 leader: 1.28732 time: 168836
4 14 4 15 4 38 4 79 39 4 19 4 24 59 4 42 4 42 4 100 17 4 52 4 29 4 71 39 4 8 4 16 4 105 26 4 10 4 38 4 34 4 117 43 4 23 4 41 4 48 49 4 31 4 15 59 4 14 4 13 14 4 42 4 38 4 49 4 12 40 4 60 4 97 28 4 57 4 25 5 4 22 4 51 4 45 4 51 4 9 33 4 54 4 5 4 57 4 6 26 4 43 4 116 48 4 45 4 40 4 12 4 24 56 4 31 4 12 4 36 54 4 42 4 64 19 4 52 4 4 53 20 1 21 4 48 4 51 4 32 30 20 86 19 4 10 4 46 4 80 7 4 8 4 51 4 26 4 61 37 4 21 4 6 16 4 51 4 6 4 99 43 4 11 4 104 57 4 58 4 42 4 119 6 4 31 4 60 4 12 50 4 6 4 38 15 4 30 4 11 14 4 64 52 4 12 4 54 4 94 58 4 59 4 79 38 4 46 4 54 51 4 17 4 116 20 4 38 4 103 23 4 33 4 0 46 4 6 4 58 31 4 41 4 78 30 4 13 4 44 19 4 49 4 57 4 29 42 4 16 4 76 51 4 58 4 9 4 99 59 4 42 4 57 4 106 16 4 44 4 60 4 50 4 10 47 4 58 4 40 4 5 4 68 58 4 13 4 52 4 14 47 4 15 4 12 60 4 27 4 32 4 80 18 4 31 4 40 4 7 47 4 10 4 58 4 60 24 4 20 4 52 4 12 25 16 38 16 7 30 4 61 30 16 45 16 9 54 4 34 4 81 33 4 37 4 28 4 21 55 4 13 4 53 4 43 4 48 19 4 24 4 119 47 4 18 4 31 4 9 4 68 48 4 16 4 12 4 86 56 4 8 4 34 4 99 38 4 28 4 6 4 92 46 4 18 4 8 4 87 34 4 36 4 59 4 20 4 111 50 4 8 4 49 4 47 4 13 43 4 16 4 47 4 0 32 4 42 4 16 4 6 25 4 35 4 51 4 
iteration 360 best: 1.28732 leader: 1.28732 time: 176136
4 14 4 15 4 38 4 79 39 4 19 4 24 59 4 42 4 42 4 100 17 4 52 4 29 4 71 39 4 8 4 16 4 105 26 4 10 4 38 4 34 4 117 43 4 23 4 41 4 48 49 4 31 4 15 59 4 14 4 13 14 4 42 4 38 4 49 4 12 40 4 60 4 97 28 4 57 4 25 5 4 22 4 51 4 45 4 51 4 9 33 4 54 4 5 4 57 4 6 26 4 43 4 116 48 4 45 4 40 4 12 4 24 56 4 31 4 12 4 36 54 4 42 4 64 19 4 52 4 4 53 20 1 21 4 48 4 51 4 32 30 20 86 19 4 10 4 46 4 80 7 4 8 4 51 4 26 4 61 37 4 21 4 6 16 4 51 4 6 4 99 43 4 11 4 104 57 4 58 4 42 4 119 6 4 31 4 60 4 12 50 4 6 4 38 15 4 30 4 11 14 4 64 52 4 12 4 54 4 94 58 4 59 4 79 38 4 46 4 54 51 4 17 4 116 20 4 38 4 103 23 4 33 4 0 46 4 6 4 58 31 4 41 4 78 30 4 13 4 44 19 4 49 4 57 4 29 42 4 16 4 76 51 4 58 4 9 4 99 59 4 42 4 57 4 106 16 4 44 4 60 4 50 4 10 47 4 58 4 40 4 5 4 68 58 4 13 4 52 4 14 47 4 15 4 12 60 4 27 4 32 4 80 18 4 31 4 40 4 7 47 4 10 4 58 4 60 24 4 20 4 52 4 12 25 16 38 16 7 30 4 61 30 16 45 16 9 54 4 34 4 81 33 4 37 4 28 4 21 55 4 13 4 53 4 43 4 48 19 4 24 4 119 47 4 18 4 31 4 9 4 68 48 4 16 4 12 4 86 56 4 8 4 34 4 99 38 4 28 4 6 4 92 46 4 18 4 8 4 87 34 4 36 4 59 4 20 4 111 50 4 8 4 49 4 47 4 13 43 4 16 4 47 4 0 32 4 42 4 16 4 6 25 4 35 4 51 4 
iteration 375 best: 1.28732 leader: 1.28732 time: 183441
4 14 4 15 4 38 4 79 39 4 19 4 24 59 4 42 4 42 4 100 17 4 52 4 29 4 71 39 4 8 4 16 4 105 26 4 10 4 38 4 34 4 117 43 4 23 4 41 4 48 49 4 31 4 15 59 4 14 4 13 14 4 42 4 38 4 49 4 12 40 4 60 4 97 28 4 57 4 25 5 4 22 4 51 4 45 4 51 4 9 33 4 54 4 5 4 57 4 6 26 4 43 4 116 48 4 45 4 40 4 12 4 24 56 4 31 4 12 4 36 54 4 42 4 64 19 4 52 4 4 53 20 1 21 4 48 4 51 4 32 30 20 86 19 4 10 4 46 4 80 7 4 8 4 51 4 26 4 61 37 4 21 4 6 16 4 51 4 6 4 99 43 4 11 4 104 57 4 58 4 42 4 119 6 4 31 4 60 4 12 50 4 6 4 38 15 4 30 4 11 14 4 64 52 4 12 4 54 4 94 58 4 59 4 79 38 4 46 4 54 51 4 17 4 116 20 4 38 4 103 23 4 33 4 0 46 4 6 4 58 31 4 41 4 78 30 4 13 4 44 19 4 49 4 57 4 29 42 4 16 4 76 51 4 58 4 9 4 99 59 4 42 4 57 4 106 16 4 44 4 60 4 50 4 10 47 4 58 4 40 4 5 4 68 58 4 13 4 52 4 14 47 4 15 4 12 60 4 27 4 32 4 80 18 4 31 4 40 4 7 47 4 10 4 58 4 60 24 4 20 4 52 4 12 25 16 38 16 7 30 4 61 30 16 45 16 9 54 4 34 4 81 33 4 37 4 28 4 21 55 4 13 4 53 4 43 4 48 19 4 24 4 119 47 4 18 4 31 4 9 4 68 48 4 16 4 12 4 86 56 4 8 4 34 4 99 38 4 28 4 6 4 92 46 4 18 4 8 4 87 34 4 36 4 59 4 20 4 111 50 4 8 4 49 4 47 4 13 43 4 16 4 47 4 0 32 4 42 4 16 4 6 25 4 35 4 51 4 
iteration 390 best: 1.28732 leader: 1.28732 time: 190699
4 14 4 15 4 38 4 79 39 4 19 4 24 59 4 42 4 42 4 100 17 4 52 4 29 4 71 39 4 8 4 16 4 105 26 4 10 4 38 4 34 4 117 43 4 23 4 41 4 48 49 4 31 4 15 59 4 14 4 13 14 4 42 4 38 4 49 4 12 40 4 60 4 97 28 4 57 4 25 5 4 22 4 51 4 45 4 51 4 9 33 4 54 4 5 4 57 4 6 26 4 43 4 116 48 4 45 4 40 4 12 4 24 56 4 31 4 12 4 36 54 4 42 4 64 19 4 52 4 4 53 20 1 21 4 48 4 51 4 32 30 20 86 19 4 10 4 46 4 80 7 4 8 4 51 4 26 4 61 37 4 21 4 6 16 4 51 4 6 4 99 43 4 11 4 104 57 4 58 4 42 4 119 6 4 31 4 60 4 12 50 4 6 4 38 15 4 30 4 11 14 4 64 52 4 12 4 54 4 94 58 4 59 4 79 38 4 46 4 54 51 4 17 4 116 20 4 38 4 103 23 4 33 4 0 46 4 6 4 58 31 4 41 4 78 30 4 13 4 44 19 4 49 4 57 4 29 42 4 16 4 76 51 4 58 4 9 4 99 59 4 42 4 57 4 106 16 4 44 4 60 4 50 4 10 47 4 58 4 40 4 5 4 68 58 4 13 4 52 4 14 47 4 15 4 12 60 4 27 4 32 4 80 18 4 31 4 40 4 7 47 4 10 4 58 4 60 24 4 20 4 52 4 12 25 16 38 16 7 30 4 61 30 16 45 16 9 54 4 34 4 81 33 4 37 4 28 4 21 55 4 13 4 53 4 43 4 48 19 4 24 4 119 47 4 18 4 31 4 9 4 68 48 4 16 4 12 4 86 56 4 8 4 34 4 99 38 4 28 4 6 4 92 46 4 18 4 8 4 87 34 4 36 4 59 4 20 4 111 50 4 8 4 49 4 47 4 13 43 4 16 4 47 4 0 32 4 42 4 16 4 6 25 4 35 4 51 4 
iteration 405 best: 1.28732 leader: 1.28732 time: 197974
4 14 4 15 4 38 4 79 39 4 19 4 24 59 4 42 4 42 4 100 17 4 52 4 29 4 71 39 4 8 4 16 4 105 26 4 10 4 38 4 34 4 117 43 4 23 4 41 4 48 49 4 31 4 15 59 4 14 4 13 14 4 42 4 38 4 49 4 12 40 4 60 4 97 28 4 57 4 25 5 4 22 4 51 4 45 4 51 4 9 33 4 54 4 5 4 57 4 6 26 4 43 4 116 48 4 45 4 40 4 12 4 24 56 4 31 4 12 4 36 54 4 42 4 64 19 4 52 4 4 53 20 1 21 4 48 4 51 4 32 30 20 86 19 4 10 4 46 4 80 7 4 8 4 51 4 26 4 61 37 4 21 4 6 16 4 51 4 6 4 99 43 4 11 4 104 57 4 58 4 42 4 119 6 4 31 4 60 4 12 50 4 6 4 38 15 4 30 4 11 14 4 64 52 4 12 4 54 4 94 58 4 59 4 79 38 4 46 4 54 51 4 17 4 116 20 4 38 4 103 23 4 33 4 0 46 4 6 4 58 31 4 41 4 78 30 4 13 4 44 19 4 49 4 57 4 29 42 4 16 4 76 51 4 58 4 9 4 99 59 4 42 4 57 4 106 16 4 44 4 60 4 50 4 10 47 4 58 4 40 4 5 4 68 58 4 13 4 52 4 14 47 4 15 4 12 60 4 27 4 32 4 80 18 4 31 4 40 4 7 47 4 10 4 58 4 60 24 4 20 4 52 4 12 25 16 38 16 7 30 4 61 30 16 45 16 9 54 4 34 4 81 33 4 37 4 28 4 21 55 4 13 4 53 4 43 4 48 19 4 24 4 119 47 4 18 4 31 4 9 4 68 48 4 16 4 12 4 86 56 4 8 4 34 4 99 38 4 28 4 6 4 92 46 4 18 4 8 4 87 34 4 36 4 59 4 20 4 111 50 4 8 4 49 4 47 4 13 43 4 16 4 47 4 0 32 4 42 4 16 4 6 25 4 35 4 51 4 
iteration 420 best: 1.28732 leader: 1.28732 time: 205238
4 14 4 15 4 38 4 79 39 4 19 4 24 59 4 42 4 42 4 100 17 4 52 4 29 4 71 39 4 8 4 16 4 105 26 4 10 4 38 4 34 4 117 43 4 23 4 41 4 48 49 4 31 4 15 59 4 14 4 13 14 4 42 4 38 4 49 4 12 40 4 60 4 97 28 4 57 4 25 5 4 22 4 51 4 45 4 51 4 9 33 4 54 4 5 4 57 4 6 26 4 43 4 116 48 4 45 4 40 4 12 4 24 56 4 31 4 12 4 36 54 4 42 4 64 19 4 52 4 4 53 20 1 21 4 48 4 51 4 32 30 20 86 19 4 10 4 46 4 80 7 4 8 4 51 4 26 4 61 37 4 21 4 6 16 4 51 4 6 4 99 43 4 11 4 104 57 4 58 4 42 4 119 6 4 31 4 60 4 12 50 4 6 4 38 15 4 30 4 11 14 4 64 52 4 12 4 54 4 94 58 4 59 4 79 38 4 46 4 54 51 4 17 4 116 20 4 38 4 103 23 4 33 4 0 46 4 6 4 58 31 4 41 4 78 30 4 13 4 44 19 4 49 4 57 4 29 42 4 16 4 76 51 4 58 4 9 4 99 59 4 42 4 57 4 106 16 4 44 4 60 4 50 4 10 47 4 58 4 40 4 5 4 68 58 4 13 4 52 4 14 47 4 15 4 12 60 4 27 4 32 4 80 18 4 31 4 40 4 7 47 4 10 4 58 4 60 24 4 20 4 52 4 12 25 16 38 16 7 30 4 61 30 16 45 16 9 54 4 34 4 81 33 4 37 4 28 4 21 55 4 13 4 53 4 43 4 48 19 4 24 4 119 47 4 18 4 31 4 9 4 68 48 4 16 4 12 4 86 56 4 8 4 34 4 99 38 4 28 4 6 4 92 46 4 18 4 8 4 87 34 4 36 4 59 4 20 4 111 50 4 8 4 49 4 47 4 13 43 4 16 4 47 4 0 32 4 42 4 16 4 6 25 4 35 4 51 4 
iteration 435 best: 1.28732 leader: 1.28732 time: 212520
4 14 4 15 4 38 4 79 39 4 19 4 24 59 4 42 4 42 4 100 17 4 52 4 29 4 71 39 4 8 4 16 4 105 26 4 10 4 38 4 34 4 117 43 4 23 4 41 4 48 49 4 31 4 15 59 4 14 4 13 14 4 42 4 38 4 49 4 12 40 4 60 4 97 28 4 57 4 25 5 4 22 4 51 4 45 4 51 4 9 33 4 54 4 5 4 57 4 6 26 4 43 4 116 48 4 45 4 40 4 12 4 24 56 4 31 4 12 4 36 54 4 42 4 64 19 4 52 4 4 53 20 1 21 4 48 4 51 4 32 30 20 86 19 4 10 4 46 4 80 7 4 8 4 51 4 26 4 61 37 4 21 4 6 16 4 51 4 6 4 99 43 4 11 4 104 57 4 58 4 42 4 119 6 4 31 4 60 4 12 50 4 6 4 38 15 4 30 4 11 14 4 64 52 4 12 4 54 4 94 58 4 59 4 79 38 4 46 4 54 51 4 17 4 116 20 4 38 4 103 23 4 33 4 0 46 4 6 4 58 31 4 41 4 78 30 4 13 4 44 19 4 49 4 57 4 29 42 4 16 4 76 51 4 58 4 9 4 99 59 4 42 4 57 4 106 16 4 44 4 60 4 50 4 10 47 4 58 4 40 4 5 4 68 58 4 13 4 52 4 14 47 4 15 4 12 60 4 27 4 32 4 80 18 4 31 4 40 4 7 47 4 10 4 58 4 60 24 4 20 4 52 4 12 25 16 38 16 7 30 4 61 30 16 45 16 9 54 4 34 4 81 33 4 37 4 28 4 21 55 4 13 4 53 4 43 4 48 19 4 24 4 119 47 4 18 4 31 4 9 4 68 48 4 16 4 12 4 86 56 4 8 4 34 4 99 38 4 28 4 6 4 92 46 4 18 4 8 4 87 34 4 36 4 59 4 20 4 111 50 4 8 4 49 4 47 4 13 43 4 16 4 47 4 0 32 4 42 4 16 4 6 25 4 35 4 51 4 
iteration 450 best: 1.28732 leader: 1.28732 time: 219787
4 14 4 15 4 38 4 79 39 4 19 4 24 59 4 42 4 42 4 100 17 4 52 4 29 4 71 39 4 8 4 16 4 105 26 4 10 4 38 4 34 4 117 43 4 23 4 41 4 48 49 4 31 4 15 59 4 14 4 13 14 4 42 4 38 4 49 4 12 40 4 60 4 97 28 4 57 4 25 5 4 22 4 51 4 45 4 51 4 9 33 4 54 4 5 4 57 4 6 26 4 43 4 116 48 4 45 4 40 4 12 4 24 56 4 31 4 12 4 36 54 4 42 4 64 19 4 52 4 4 53 20 1 21 4 48 4 51 4 32 30 20 86 19 4 10 4 46 4 80 7 4 8 4 51 4 26 4 61 37 4 21 4 6 16 4 51 4 6 4 99 43 4 11 4 104 57 4 58 4 42 4 119 6 4 31 4 60 4 12 50 4 6 4 38 15 4 30 4 11 14 4 64 52 4 12 4 54 4 94 58 4 59 4 79 38 4 46 4 54 51 4 17 4 116 20 4 38 4 103 23 4 33 4 0 46 4 6 4 58 31 4 41 4 78 30 4 13 4 44 19 4 49 4 57 4 29 42 4 16 4 76 51 4 58 4 9 4 99 59 4 42 4 57 4 106 16 4 44 4 60 4 50 4 10 47 4 58 4 40 4 5 4 68 58 4 13 4 52 4 14 47 4 15 4 12 60 4 27 4 32 4 80 18 4 31 4 40 4 7 47 4 10 4 58 4 60 24 4 20 4 52 4 12 25 16 38 16 7 30 4 61 30 16 45 16 9 54 4 34 4 81 33 4 37 4 28 4 21 55 4 13 4 53 4 43 4 48 19 4 24 4 119 47 4 18 4 31 4 9 4 68 48 4 16 4 12 4 86 56 4 8 4 34 4 99 38 4 28 4 6 4 92 46 4 18 4 8 4 87 34 4 36 4 59 4 20 4 111 50 4 8 4 49 4 47 4 13 43 4 16 4 47 4 0 32 4 42 4 16 4 6 25 4 35 4 51 4 
iteration 465 best: 1.28732 leader: 1.28732 time: 227038
4 14 4 15 4 38 4 79 39 4 19 4 24 59 4 42 4 42 4 100 17 4 52 4 29 4 71 39 4 8 4 16 4 105 26 4 10 4 38 4 34 4 117 43 4 23 4 41 4 48 49 4 31 4 15 59 4 14 4 13 14 4 42 4 38 4 49 4 12 40 4 60 4 97 28 4 57 4 25 5 4 22 4 51 4 45 4 51 4 9 33 4 54 4 5 4 57 4 6 26 4 43 4 116 48 4 45 4 40 4 12 4 24 56 4 31 4 12 4 36 54 4 42 4 64 19 4 52 4 4 53 20 1 21 4 48 4 51 4 32 30 20 86 19 4 10 4 46 4 80 7 4 8 4 51 4 26 4 61 37 4 21 4 6 16 4 51 4 6 4 99 43 4 11 4 104 57 4 58 4 42 4 119 6 4 31 4 60 4 12 50 4 6 4 38 15 4 30 4 11 14 4 64 52 4 12 4 54 4 94 58 4 59 4 79 38 4 46 4 54 51 4 17 4 116 20 4 38 4 103 23 4 33 4 0 46 4 6 4 58 31 4 41 4 78 30 4 13 4 44 19 4 49 4 57 4 29 42 4 16 4 76 51 4 58 4 9 4 99 59 4 42 4 57 4 106 16 4 44 4 60 4 50 4 10 47 4 58 4 40 4 5 4 68 58 4 13 4 52 4 14 47 4 15 4 12 60 4 27 4 32 4 80 18 4 31 4 40 4 7 47 4 10 4 58 4 60 24 4 20 4 52 4 12 25 16 38 16 7 30 4 61 30 16 45 16 9 54 4 34 4 81 33 4 37 4 28 4 21 55 4 13 4 53 4 43 4 48 19 4 24 4 119 47 4 18 4 31 4 9 4 68 48 4 16 4 12 4 86 56 4 8 4 34 4 99 38 4 28 4 6 4 92 46 4 18 4 8 4 87 34 4 36 4 59 4 20 4 111 50 4 8 4 49 4 47 4 13 43 4 16 4 47 4 0 32 4 42 4 16 4 6 25 4 35 4 51 4 
iteration 480 best: 1.28732 leader: 1.28732 time: 234316
4 14 4 15 4 38 4 79 39 4 19 4 24 59 4 42 4 42 4 100 17 4 52 4 29 4 71 39 4 8 4 16 4 105 26 4 10 4 38 4 34 4 117 43 4 23 4 41 4 48 49 4 31 4 15 59 4 14 4 13 14 4 42 4 38 4 49 4 12 40 4 60 4 97 28 4 57 4 25 5 4 22 4 51 4 45 4 51 4 9 33 4 54 4 5 4 57 4 6 26 4 43 4 116 48 4 45 4 40 4 12 4 24 56 4 31 4 12 4 36 54 4 42 4 64 19 4 52 4 4 53 20 1 21 4 48 4 51 4 32 30 20 86 19 4 10 4 46 4 80 7 4 8 4 51 4 26 4 61 37 4 21 4 6 16 4 51 4 6 4 99 43 4 11 4 104 57 4 58 4 42 4 119 6 4 31 4 60 4 12 50 4 6 4 38 15 4 30 4 11 14 4 64 52 4 12 4 54 4 94 58 4 59 4 79 38 4 46 4 54 51 4 17 4 116 20 4 38 4 103 23 4 33 4 0 46 4 6 4 58 31 4 41 4 78 30 4 13 4 44 19 4 49 4 57 4 29 42 4 16 4 76 51 4 58 4 9 4 99 59 4 42 4 57 4 106 16 4 44 4 60 4 50 4 10 47 4 58 4 40 4 5 4 68 58 4 13 4 52 4 14 47 4 15 4 12 60 4 27 4 32 4 80 18 4 31 4 40 4 7 47 4 10 4 58 4 60 24 4 20 4 52 4 12 25 16 38 16 7 30 4 61 30 16 45 16 9 54 4 34 4 81 33 4 37 4 28 4 21 55 4 13 4 53 4 43 4 48 19 4 24 4 119 47 4 18 4 31 4 9 4 68 48 4 16 4 12 4 86 56 4 8 4 34 4 99 38 4 28 4 6 4 92 46 4 18 4 8 4 87 34 4 36 4 59 4 20 4 111 50 4 8 4 49 4 47 4 13 43 4 16 4 47 4 0 32 4 42 4 16 4 6 25 4 35 4 51 4 
iteration 495 best: 1.28732 leader: 1.28732 time: 241588
4 14 4 15 4 38 4 79 39 4 19 4 24 59 4 42 4 42 4 100 17 4 52 4 29 4 71 39 4 8 4 16 4 105 26 4 10 4 38 4 34 4 117 43 4 23 4 41 4 48 49 4 31 4 15 59 4 14 4 13 14 4 42 4 38 4 49 4 12 40 4 60 4 97 28 4 57 4 25 5 4 22 4 51 4 45 4 51 4 9 33 4 54 4 5 4 57 4 6 26 4 43 4 116 48 4 45 4 40 4 12 4 24 56 4 31 4 12 4 36 54 4 42 4 64 19 4 52 4 4 53 20 1 21 4 48 4 51 4 32 30 20 86 19 4 10 4 46 4 80 7 4 8 4 51 4 26 4 61 37 4 21 4 6 16 4 51 4 6 4 99 43 4 11 4 104 57 4 58 4 42 4 119 6 4 31 4 60 4 12 50 4 6 4 38 15 4 30 4 11 14 4 64 52 4 12 4 54 4 94 58 4 59 4 79 38 4 46 4 54 51 4 17 4 116 20 4 38 4 103 23 4 33 4 0 46 4 6 4 58 31 4 41 4 78 30 4 13 4 44 19 4 49 4 57 4 29 42 4 16 4 76 51 4 58 4 9 4 99 59 4 42 4 57 4 106 16 4 44 4 60 4 50 4 10 47 4 58 4 40 4 5 4 68 58 4 13 4 52 4 14 47 4 15 4 12 60 4 27 4 32 4 80 18 4 31 4 40 4 7 47 4 10 4 58 4 60 24 4 20 4 52 4 12 25 16 38 16 7 30 4 61 30 16 45 16 9 54 4 34 4 81 33 4 37 4 28 4 21 55 4 13 4 53 4 43 4 48 19 4 24 4 119 47 4 18 4 31 4 9 4 68 48 4 16 4 12 4 86 56 4 8 4 34 4 99 38 4 28 4 6 4 92 46 4 18 4 8 4 87 34 4 36 4 59 4 20 4 111 50 4 8 4 49 4 47 4 13 43 4 16 4 47 4 0 32 4 42 4 16 4 6 25 4 35 4 51 4 
iteration 510 best: 1.28732 leader: 1.28732 time: 248841
4 14 4 15 4 38 4 79 39 4 19 4 24 59 4 42 4 42 4 100 17 4 52 4 29 4 71 39 4 8 4 16 4 105 26 4 10 4 38 4 34 4 117 43 4 23 4 41 4 48 49 4 31 4 15 59 4 14 4 13 14 4 42 4 38 4 49 4 12 40 4 60 4 97 28 4 57 4 25 5 4 22 4 51 4 45 4 51 4 9 33 4 54 4 5 4 57 4 6 26 4 43 4 116 48 4 45 4 40 4 12 4 24 56 4 31 4 12 4 36 54 4 42 4 64 19 4 52 4 4 53 20 1 21 4 48 4 51 4 32 30 20 86 19 4 10 4 46 4 80 7 4 8 4 51 4 26 4 61 37 4 21 4 6 16 4 51 4 6 4 99 43 4 11 4 104 57 4 58 4 42 4 119 6 4 31 4 60 4 12 50 4 6 4 38 15 4 30 4 11 14 4 64 52 4 12 4 54 4 94 58 4 59 4 79 38 4 46 4 54 51 4 17 4 116 20 4 38 4 103 23 4 33 4 0 46 4 6 4 58 31 4 41 4 78 30 4 13 4 44 19 4 49 4 57 4 29 42 4 16 4 76 51 4 58 4 9 4 99 59 4 42 4 57 4 106 16 4 44 4 60 4 50 4 10 47 4 58 4 40 4 5 4 68 58 4 13 4 52 4 14 47 4 15 4 12 60 4 27 4 32 4 80 18 4 31 4 40 4 7 47 4 10 4 58 4 60 24 4 20 4 52 4 12 25 16 38 16 7 30 4 61 30 16 45 16 9 54 4 34 4 81 33 4 37 4 28 4 21 55 4 13 4 53 4 43 4 48 19 4 24 4 119 47 4 18 4 31 4 9 4 68 48 4 16 4 12 4 86 56 4 8 4 34 4 99 38 4 28 4 6 4 92 46 4 18 4 8 4 87 34 4 36 4 59 4 20 4 111 50 4 8 4 49 4 47 4 13 43 4 16 4 47 4 0 32 4 42 4 16 4 6 25 4 35 4 51 4 
iteration 525 best: 1.28732 leader: 1.28732 time: 256119
4 14 4 15 4 38 4 79 39 4 19 4 24 59 4 42 4 42 4 100 17 4 52 4 29 4 71 39 4 8 4 16 4 105 26 4 10 4 38 4 34 4 117 43 4 23 4 41 4 48 49 4 31 4 15 59 4 14 4 13 14 4 42 4 38 4 49 4 12 40 4 60 4 97 28 4 57 4 25 5 4 22 4 51 4 45 4 51 4 9 33 4 54 4 5 4 57 4 6 26 4 43 4 116 48 4 45 4 40 4 12 4 24 56 4 31 4 12 4 36 54 4 42 4 64 19 4 52 4 4 53 20 1 21 4 48 4 51 4 32 30 20 86 19 4 10 4 46 4 80 7 4 8 4 51 4 26 4 61 37 4 21 4 6 16 4 51 4 6 4 99 43 4 11 4 104 57 4 58 4 42 4 119 6 4 31 4 60 4 12 50 4 6 4 38 15 4 30 4 11 14 4 64 52 4 12 4 54 4 94 58 4 59 4 79 38 4 46 4 54 51 4 17 4 116 20 4 38 4 103 23 4 33 4 0 46 4 6 4 58 31 4 41 4 78 30 4 13 4 44 19 4 49 4 57 4 29 42 4 16 4 76 51 4 58 4 9 4 99 59 4 42 4 57 4 106 16 4 44 4 60 4 50 4 10 47 4 58 4 40 4 5 4 68 58 4 13 4 52 4 14 47 4 15 4 12 60 4 27 4 32 4 80 18 4 31 4 40 4 7 47 4 10 4 58 4 60 24 4 20 4 52 4 12 25 16 38 16 7 30 4 61 30 16 45 16 9 54 4 34 4 81 33 4 37 4 28 4 21 55 4 13 4 53 4 43 4 48 19 4 24 4 119 47 4 18 4 31 4 9 4 68 48 4 16 4 12 4 86 56 4 8 4 34 4 99 38 4 28 4 6 4 92 46 4 18 4 8 4 87 34 4 36 4 59 4 20 4 111 50 4 8 4 49 4 47 4 13 43 4 16 4 47 4 0 32 4 42 4 16 4 6 25 4 35 4 51 4 
iteration 540 best: 1.28732 leader: 1.28732 time: 263395
4 14 4 15 4 38 4 79 39 4 19 4 24 59 4 42 4 42 4 100 17 4 52 4 29 4 71 39 4 8 4 16 4 105 26 4 10 4 38 4 34 4 117 43 4 23 4 41 4 48 49 4 31 4 15 59 4 14 4 13 14 4 42 4 38 4 49 4 12 40 4 60 4 97 28 4 57 4 25 5 4 22 4 51 4 45 4 51 4 9 33 4 54 4 5 4 57 4 6 26 4 43 4 116 48 4 45 4 40 4 12 4 24 56 4 31 4 12 4 36 54 4 42 4 64 19 4 52 4 4 53 20 1 21 4 48 4 51 4 32 30 20 86 19 4 10 4 46 4 80 7 4 8 4 51 4 26 4 61 37 4 21 4 6 16 4 51 4 6 4 99 43 4 11 4 104 57 4 58 4 42 4 119 6 4 31 4 60 4 12 50 4 6 4 38 15 4 30 4 11 14 4 64 52 4 12 4 54 4 94 58 4 59 4 79 38 4 46 4 54 51 4 17 4 116 20 4 38 4 103 23 4 33 4 0 46 4 6 4 58 31 4 41 4 78 30 4 13 4 44 19 4 49 4 57 4 29 42 4 16 4 76 51 4 58 4 9 4 99 59 4 42 4 57 4 106 16 4 44 4 60 4 50 4 10 47 4 58 4 40 4 5 4 68 58 4 13 4 52 4 14 47 4 15 4 12 60 4 27 4 32 4 80 18 4 31 4 40 4 7 47 4 10 4 58 4 60 24 4 20 4 52 4 12 25 16 38 16 7 30 4 61 30 16 45 16 9 54 4 34 4 81 33 4 37 4 28 4 21 55 4 13 4 53 4 43 4 48 19 4 24 4 119 47 4 18 4 31 4 9 4 68 48 4 16 4 12 4 86 56 4 8 4 34 4 99 38 4 28 4 6 4 92 46 4 18 4 8 4 87 34 4 36 4 59 4 20 4 111 50 4 8 4 49 4 47 4 13 43 4 16 4 47 4 0 32 4 42 4 16 4 6 25 4 35 4 51 4 
iteration 555 best: 1.28732 leader: 1.28732 time: 270668
4 14 4 15 4 38 4 79 39 4 19 4 24 59 4 42 4 42 4 100 17 4 52 4 29 4 71 39 4 8 4 16 4 105 26 4 10 4 38 4 34 4 117 43 4 23 4 41 4 48 49 4 31 4 15 59 4 14 4 13 14 4 42 4 38 4 49 4 12 40 4 60 4 97 28 4 57 4 25 5 4 22 4 51 4 45 4 51 4 9 33 4 54 4 5 4 57 4 6 26 4 43 4 116 48 4 45 4 40 4 12 4 24 56 4 31 4 12 4 36 54 4 42 4 64 19 4 52 4 4 53 20 1 21 4 48 4 51 4 32 30 20 86 19 4 10 4 46 4 80 7 4 8 4 51 4 26 4 61 37 4 21 4 6 16 4 51 4 6 4 99 43 4 11 4 104 57 4 58 4 42 4 119 6 4 31 4 60 4 12 50 4 6 4 38 15 4 30 4 11 14 4 64 52 4 12 4 54 4 94 58 4 59 4 79 38 4 46 4 54 51 4 17 4 116 20 4 38 4 103 23 4 33 4 0 46 4 6 4 58 31 4 41 4 78 30 4 13 4 44 19 4 49 4 57 4 29 42 4 16 4 76 51 4 58 4 9 4 99 59 4 42 4 57 4 106 16 4 44 4 60 4 50 4 10 47 4 58 4 40 4 5 4 68 58 4 13 4 52 4 14 47 4 15 4 12 60 4 27 4 32 4 80 18 4 31 4 40 4 7 47 4 10 4 58 4 60 24 4 20 4 52 4 12 25 16 38 16 7 30 4 61 30 16 45 16 9 54 4 34 4 81 33 4 37 4 28 4 21 55 4 13 4 53 4 43 4 48 19 4 24 4 119 47 4 18 4 31 4 9 4 68 48 4 16 4 12 4 86 56 4 8 4 34 4 99 38 4 28 4 6 4 92 46 4 18 4 8 4 87 34 4 36 4 59 4 20 4 111 50 4 8 4 49 4 47 4 13 43 4 16 4 47 4 0 32 4 42 4 16 4 6 25 4 35 4 51 4 
iteration 562 best: 1.28732 leader: 1.28732 time: 278165
4 14 4 15 4 38 4 79 39 4 19 4 24 59 4 42 4 42 4 100 17 4 52 4 29 4 71 39 4 8 4 16 4 105 26 4 10 4 38 4 34 4 117 43 4 23 4 41 4 48 49 4 31 4 15 59 4 14 4 13 14 4 42 4 38 4 49 4 12 40 4 60 4 97 28 4 57 4 25 5 4 22 4 51 4 45 4 51 4 9 33 4 54 4 5 4 57 4 6 26 4 43 4 116 48 4 45 4 40 4 12 4 24 56 4 31 4 12 4 36 54 4 42 4 64 19 4 52 4 4 53 20 1 21 4 48 4 51 4 32 30 20 86 19 4 10 4 46 4 80 7 4 8 4 51 4 26 4 61 37 4 21 4 6 16 4 51 4 6 4 99 43 4 11 4 104 57 4 58 4 42 4 119 6 4 31 4 60 4 12 50 4 6 4 38 15 4 30 4 11 14 4 64 52 4 12 4 54 4 94 58 4 59 4 79 38 4 46 4 54 51 4 17 4 116 20 4 38 4 103 23 4 33 4 0 46 4 6 4 58 31 4 41 4 78 30 4 13 4 44 19 4 49 4 57 4 29 42 4 16 4 76 51 4 58 4 9 4 99 59 4 42 4 57 4 106 16 4 44 4 60 4 50 4 10 47 4 58 4 40 4 5 4 68 58 4 13 4 52 4 14 47 4 15 4 12 60 4 27 4 32 4 80 18 4 31 4 40 4 7 47 4 10 4 58 4 60 24 4 20 4 52 4 12 25 16 38 16 7 30 4 61 30 16 45 16 9 54 4 34 4 81 33 4 37 4 28 4 21 55 4 13 4 53 4 43 4 48 19 4 24 4 119 47 4 18 4 31 4 9 4 68 48 4 16 4 12 4 86 56 4 8 4 34 4 99 38 4 28 4 6 4 92 46 4 18 4 8 4 87 34 4 36 4 59 4 20 4 111 50 4 8 4 49 4 47 4 13 43 4 16 4 47 4 0 32 4 42 4 16 4 6 25 4 35 4 51 4 
iteration 577 best: 1.28732 leader: 1.28732 time: 285541
4 14 4 15 4 38 4 79 39 4 19 4 24 59 4 42 4 42 4 100 17 4 52 4 29 4 71 39 4 8 4 16 4 105 26 4 10 4 38 4 34 4 117 43 4 23 4 41 4 48 49 4 31 4 15 59 4 14 4 13 14 4 42 4 38 4 49 4 12 40 4 60 4 97 28 4 57 4 25 5 4 22 4 51 4 45 4 51 4 9 33 4 54 4 5 4 57 4 6 26 4 43 4 116 48 4 45 4 40 4 12 4 24 56 4 31 4 12 4 36 54 4 42 4 64 19 4 52 4 4 53 20 1 21 4 48 4 51 4 32 30 20 86 19 4 10 4 46 4 80 7 4 8 4 51 4 26 4 61 37 4 21 4 6 16 4 51 4 6 4 99 43 4 11 4 104 57 4 58 4 42 4 119 6 4 31 4 60 4 12 50 4 6 4 38 15 4 30 4 11 14 4 64 52 4 12 4 54 4 94 58 4 59 4 79 38 4 46 4 54 51 4 17 4 116 20 4 38 4 103 23 4 33 4 0 46 4 6 4 58 31 4 41 4 78 30 4 13 4 44 19 4 49 4 57 4 29 42 4 16 4 76 51 4 58 4 9 4 99 59 4 42 4 57 4 106 16 4 44 4 60 4 50 4 10 47 4 58 4 40 4 5 4 68 58 4 13 4 52 4 14 47 4 15 4 12 60 4 27 4 32 4 80 18 4 31 4 40 4 7 47 4 10 4 58 4 60 24 4 20 4 52 4 12 25 16 38 16 7 30 4 61 30 16 45 16 9 54 4 34 4 81 33 4 37 4 28 4 21 55 4 13 4 53 4 43 4 48 19 4 24 4 119 47 4 18 4 31 4 9 4 68 48 4 16 4 12 4 86 56 4 8 4 34 4 99 38 4 28 4 6 4 92 46 4 18 4 8 4 87 34 4 36 4 59 4 20 4 111 50 4 8 4 49 4 47 4 13 43 4 16 4 47 4 0 32 4 42 4 16 4 6 25 4 35 4 51 4 
iteration 592 best: 1.28732 leader: 1.28732 time: 292833
4 14 4 15 4 38 4 79 39 4 19 4 24 59 4 42 4 42 4 100 17 4 52 4 29 4 71 39 4 8 4 16 4 105 26 4 10 4 38 4 34 4 117 43 4 23 4 41 4 48 49 4 31 4 15 59 4 14 4 13 14 4 42 4 38 4 49 4 12 40 4 60 4 97 28 4 57 4 25 5 4 22 4 51 4 45 4 51 4 9 33 4 54 4 5 4 57 4 6 26 4 43 4 116 48 4 45 4 40 4 12 4 24 56 4 31 4 12 4 36 54 4 42 4 64 19 4 52 4 4 53 20 1 21 4 48 4 51 4 32 30 20 86 19 4 10 4 46 4 80 7 4 8 4 51 4 26 4 61 37 4 21 4 6 16 4 51 4 6 4 99 43 4 11 4 104 57 4 58 4 42 4 119 6 4 31 4 60 4 12 50 4 6 4 38 15 4 30 4 11 14 4 64 52 4 12 4 54 4 94 58 4 59 4 79 38 4 46 4 54 51 4 17 4 116 20 4 38 4 103 23 4 33 4 0 46 4 6 4 58 31 4 41 4 78 30 4 13 4 44 19 4 49 4 57 4 29 42 4 16 4 76 51 4 58 4 9 4 99 59 4 42 4 57 4 106 16 4 44 4 60 4 50 4 10 47 4 58 4 40 4 5 4 68 58 4 13 4 52 4 14 47 4 15 4 12 60 4 27 4 32 4 80 18 4 31 4 40 4 7 47 4 10 4 58 4 60 24 4 20 4 52 4 12 25 16 38 16 7 30 4 61 30 16 45 16 9 54 4 34 4 81 33 4 37 4 28 4 21 55 4 13 4 53 4 43 4 48 19 4 24 4 119 47 4 18 4 31 4 9 4 68 48 4 16 4 12 4 86 56 4 8 4 34 4 99 38 4 28 4 6 4 92 46 4 18 4 8 4 87 34 4 36 4 59 4 20 4 111 50 4 8 4 49 4 47 4 13 43 4 16 4 47 4 0 32 4 42 4 16 4 6 25 4 35 4 51 4 
iteration 607 best: 1.28732 leader: 1.28732 time: 300067
4 14 4 15 4 38 4 79 39 4 19 4 24 59 4 42 4 42 4 100 17 4 52 4 29 4 71 39 4 8 4 16 4 105 26 4 10 4 38 4 34 4 117 43 4 23 4 41 4 48 49 4 31 4 15 59 4 14 4 13 14 4 42 4 38 4 49 4 12 40 4 60 4 97 28 4 57 4 25 5 4 22 4 51 4 45 4 51 4 9 33 4 54 4 5 4 57 4 6 26 4 43 4 116 48 4 45 4 40 4 12 4 24 56 4 31 4 12 4 36 54 4 42 4 64 19 4 52 4 4 53 20 1 21 4 48 4 51 4 32 30 20 86 19 4 10 4 46 4 80 7 4 8 4 51 4 26 4 61 37 4 21 4 6 16 4 51 4 6 4 99 43 4 11 4 104 57 4 58 4 42 4 119 6 4 31 4 60 4 12 50 4 6 4 38 15 4 30 4 11 14 4 64 52 4 12 4 54 4 94 58 4 59 4 79 38 4 46 4 54 51 4 17 4 116 20 4 38 4 103 23 4 33 4 0 46 4 6 4 58 31 4 41 4 78 30 4 13 4 44 19 4 49 4 57 4 29 42 4 16 4 76 51 4 58 4 9 4 99 59 4 42 4 57 4 106 16 4 44 4 60 4 50 4 10 47 4 58 4 40 4 5 4 68 58 4 13 4 52 4 14 47 4 15 4 12 60 4 27 4 32 4 80 18 4 31 4 40 4 7 47 4 10 4 58 4 60 24 4 20 4 52 4 12 25 16 38 16 7 30 4 61 30 16 45 16 9 54 4 34 4 81 33 4 37 4 28 4 21 55 4 13 4 53 4 43 4 48 19 4 24 4 119 47 4 18 4 31 4 9 4 68 48 4 16 4 12 4 86 56 4 8 4 34 4 99 38 4 28 4 6 4 92 46 4 18 4 8 4 87 34 4 36 4 59 4 20 4 111 50 4 8 4 49 4 47 4 13 43 4 16 4 47 4 0 32 4 42 4 16 4 6 25 4 35 4 51 4 
iteration 622 best: 1.28732 leader: 1.28732 time: 307341
4 14 4 15 4 38 4 79 39 4 19 4 24 59 4 42 4 42 4 100 17 4 52 4 29 4 71 39 4 8 4 16 4 105 26 4 10 4 38 4 34 4 117 43 4 23 4 41 4 48 49 4 31 4 15 59 4 14 4 13 14 4 42 4 38 4 49 4 12 40 4 60 4 97 28 4 57 4 25 5 4 22 4 51 4 45 4 51 4 9 33 4 54 4 5 4 57 4 6 26 4 43 4 116 48 4 45 4 40 4 12 4 24 56 4 31 4 12 4 36 54 4 42 4 64 19 4 52 4 4 53 20 1 21 4 48 4 51 4 32 30 20 86 19 4 10 4 46 4 80 7 4 8 4 51 4 26 4 61 37 4 21 4 6 16 4 51 4 6 4 99 43 4 11 4 104 57 4 58 4 42 4 119 6 4 31 4 60 4 12 50 4 6 4 38 15 4 30 4 11 14 4 64 52 4 12 4 54 4 94 58 4 59 4 79 38 4 46 4 54 51 4 17 4 116 20 4 38 4 103 23 4 33 4 0 46 4 6 4 58 31 4 41 4 78 30 4 13 4 44 19 4 49 4 57 4 29 42 4 16 4 76 51 4 58 4 9 4 99 59 4 42 4 57 4 106 16 4 44 4 60 4 50 4 10 47 4 58 4 40 4 5 4 68 58 4 13 4 52 4 14 47 4 15 4 12 60 4 27 4 32 4 80 18 4 31 4 40 4 7 47 4 10 4 58 4 60 24 4 20 4 52 4 12 25 16 38 16 7 30 4 61 30 16 45 16 9 54 4 34 4 81 33 4 37 4 28 4 21 55 4 13 4 53 4 43 4 48 19 4 24 4 119 47 4 18 4 31 4 9 4 68 48 4 16 4 12 4 86 56 4 8 4 34 4 99 38 4 28 4 6 4 92 46 4 18 4 8 4 87 34 4 36 4 59 4 20 4 111 50 4 8 4 49 4 47 4 13 43 4 16 4 47 4 0 32 4 42 4 16 4 6 25 4 35 4 51 4 
iteration 637 best: 1.28732 leader: 1.28732 time: 314610
4 14 4 15 4 38 4 79 39 4 19 4 24 59 4 42 4 42 4 100 17 4 52 4 29 4 71 39 4 8 4 16 4 105 26 4 10 4 38 4 34 4 117 43 4 23 4 41 4 48 49 4 31 4 15 59 4 14 4 13 14 4 42 4 38 4 49 4 12 40 4 60 4 97 28 4 57 4 25 5 4 22 4 51 4 45 4 51 4 9 33 4 54 4 5 4 57 4 6 26 4 43 4 116 48 4 45 4 40 4 12 4 24 56 4 31 4 12 4 36 54 4 42 4 64 19 4 52 4 4 53 20 1 21 4 48 4 51 4 32 30 20 86 19 4 10 4 46 4 80 7 4 8 4 51 4 26 4 61 37 4 21 4 6 16 4 51 4 6 4 99 43 4 11 4 104 57 4 58 4 42 4 119 6 4 31 4 60 4 12 50 4 6 4 38 15 4 30 4 11 14 4 64 52 4 12 4 54 4 94 58 4 59 4 79 38 4 46 4 54 51 4 17 4 116 20 4 38 4 103 23 4 33 4 0 46 4 6 4 58 31 4 41 4 78 30 4 13 4 44 19 4 49 4 57 4 29 42 4 16 4 76 51 4 58 4 9 4 99 59 4 42 4 57 4 106 16 4 44 4 60 4 50 4 10 47 4 58 4 40 4 5 4 68 58 4 13 4 52 4 14 47 4 15 4 12 60 4 27 4 32 4 80 18 4 31 4 40 4 7 47 4 10 4 58 4 60 24 4 20 4 52 4 12 25 16 38 16 7 30 4 61 30 16 45 16 9 54 4 34 4 81 33 4 37 4 28 4 21 55 4 13 4 53 4 43 4 48 19 4 24 4 119 47 4 18 4 31 4 9 4 68 48 4 16 4 12 4 86 56 4 8 4 34 4 99 38 4 28 4 6 4 92 46 4 18 4 8 4 87 34 4 36 4 59 4 20 4 111 50 4 8 4 49 4 47 4 13 43 4 16 4 47 4 0 32 4 42 4 16 4 6 25 4 35 4 51 4 
iteration 652 best: 1.28732 leader: 1.28732 time: 321851
4 14 4 15 4 38 4 79 39 4 19 4 24 59 4 42 4 42 4 100 17 4 52 4 29 4 71 39 4 8 4 16 4 105 26 4 10 4 38 4 34 4 117 43 4 23 4 41 4 48 49 4 31 4 15 59 4 14 4 13 14 4 42 4 38 4 49 4 12 40 4 60 4 97 28 4 57 4 25 5 4 22 4 51 4 45 4 51 4 9 33 4 54 4 5 4 57 4 6 26 4 43 4 116 48 4 45 4 40 4 12 4 24 56 4 31 4 12 4 36 54 4 42 4 64 19 4 52 4 4 53 20 1 21 4 48 4 51 4 32 30 20 86 19 4 10 4 46 4 80 7 4 8 4 51 4 26 4 61 37 4 21 4 6 16 4 51 4 6 4 99 43 4 11 4 104 57 4 58 4 42 4 119 6 4 31 4 60 4 12 50 4 6 4 38 15 4 30 4 11 14 4 64 52 4 12 4 54 4 94 58 4 59 4 79 38 4 46 4 54 51 4 17 4 116 20 4 38 4 103 23 4 33 4 0 46 4 6 4 58 31 4 41 4 78 30 4 13 4 44 19 4 49 4 57 4 29 42 4 16 4 76 51 4 58 4 9 4 99 59 4 42 4 57 4 106 16 4 44 4 60 4 50 4 10 47 4 58 4 40 4 5 4 68 58 4 13 4 52 4 14 47 4 15 4 12 60 4 27 4 32 4 80 18 4 31 4 40 4 7 47 4 10 4 58 4 60 24 4 20 4 52 4 12 25 16 38 16 7 30 4 61 30 16 45 16 9 54 4 34 4 81 33 4 37 4 28 4 21 55 4 13 4 53 4 43 4 48 19 4 24 4 119 47 4 18 4 31 4 9 4 68 48 4 16 4 12 4 86 56 4 8 4 34 4 99 38 4 28 4 6 4 92 46 4 18 4 8 4 87 34 4 36 4 59 4 20 4 111 50 4 8 4 49 4 47 4 13 43 4 16 4 47 4 0 32 4 42 4 16 4 6 25 4 35 4 51 4 
iteration 667 best: 1.28732 leader: 1.28732 time: 329144
4 14 4 15 4 38 4 79 39 4 19 4 24 59 4 42 4 42 4 100 17 4 52 4 29 4 71 39 4 8 4 16 4 105 26 4 10 4 38 4 34 4 117 43 4 23 4 41 4 48 49 4 31 4 15 59 4 14 4 13 14 4 42 4 38 4 49 4 12 40 4 60 4 97 28 4 57 4 25 5 4 22 4 51 4 45 4 51 4 9 33 4 54 4 5 4 57 4 6 26 4 43 4 116 48 4 45 4 40 4 12 4 24 56 4 31 4 12 4 36 54 4 42 4 64 19 4 52 4 4 53 20 1 21 4 48 4 51 4 32 30 20 86 19 4 10 4 46 4 80 7 4 8 4 51 4 26 4 61 37 4 21 4 6 16 4 51 4 6 4 99 43 4 11 4 104 57 4 58 4 42 4 119 6 4 31 4 60 4 12 50 4 6 4 38 15 4 30 4 11 14 4 64 52 4 12 4 54 4 94 58 4 59 4 79 38 4 46 4 54 51 4 17 4 116 20 4 38 4 103 23 4 33 4 0 46 4 6 4 58 31 4 41 4 78 30 4 13 4 44 19 4 49 4 57 4 29 42 4 16 4 76 51 4 58 4 9 4 99 59 4 42 4 57 4 106 16 4 44 4 60 4 50 4 10 47 4 58 4 40 4 5 4 68 58 4 13 4 52 4 14 47 4 15 4 12 60 4 27 4 32 4 80 18 4 31 4 40 4 7 47 4 10 4 58 4 60 24 4 20 4 52 4 12 25 16 38 16 7 30 4 61 30 16 45 16 9 54 4 34 4 81 33 4 37 4 28 4 21 55 4 13 4 53 4 43 4 48 19 4 24 4 119 47 4 18 4 31 4 9 4 68 48 4 16 4 12 4 86 56 4 8 4 34 4 99 38 4 28 4 6 4 92 46 4 18 4 8 4 87 34 4 36 4 59 4 20 4 111 50 4 8 4 49 4 47 4 13 43 4 16 4 47 4 0 32 4 42 4 16 4 6 25 4 35 4 51 4 
iteration 682 best: 1.28732 leader: 1.28732 time: 336456
4 14 4 15 4 38 4 79 39 4 19 4 24 59 4 42 4 42 4 100 17 4 52 4 29 4 71 39 4 8 4 16 4 105 26 4 10 4 38 4 34 4 117 43 4 23 4 41 4 48 49 4 31 4 15 59 4 14 4 13 14 4 42 4 38 4 49 4 12 40 4 60 4 97 28 4 57 4 25 5 4 22 4 51 4 45 4 51 4 9 33 4 54 4 5 4 57 4 6 26 4 43 4 116 48 4 45 4 40 4 12 4 24 56 4 31 4 12 4 36 54 4 42 4 64 19 4 52 4 4 53 20 1 21 4 48 4 51 4 32 30 20 86 19 4 10 4 46 4 80 7 4 8 4 51 4 26 4 61 37 4 21 4 6 16 4 51 4 6 4 99 43 4 11 4 104 57 4 58 4 42 4 119 6 4 31 4 60 4 12 50 4 6 4 38 15 4 30 4 11 14 4 64 52 4 12 4 54 4 94 58 4 59 4 79 38 4 46 4 54 51 4 17 4 116 20 4 38 4 103 23 4 33 4 0 46 4 6 4 58 31 4 41 4 78 30 4 13 4 44 19 4 49 4 57 4 29 42 4 16 4 76 51 4 58 4 9 4 99 59 4 42 4 57 4 106 16 4 44 4 60 4 50 4 10 47 4 58 4 40 4 5 4 68 58 4 13 4 52 4 14 47 4 15 4 12 60 4 27 4 32 4 80 18 4 31 4 40 4 7 47 4 10 4 58 4 60 24 4 20 4 52 4 12 25 16 38 16 7 30 4 61 30 16 45 16 9 54 4 34 4 81 33 4 37 4 28 4 21 55 4 13 4 53 4 43 4 48 19 4 24 4 119 47 4 18 4 31 4 9 4 68 48 4 16 4 12 4 86 56 4 8 4 34 4 99 38 4 28 4 6 4 92 46 4 18 4 8 4 87 34 4 36 4 59 4 20 4 111 50 4 8 4 49 4 47 4 13 43 4 16 4 47 4 0 32 4 42 4 16 4 6 25 4 35 4 51 4 
iteration 697 best: 1.28732 leader: 1.28732 time: 343745
4 14 4 15 4 38 4 79 39 4 19 4 24 59 4 42 4 42 4 100 17 4 52 4 29 4 71 39 4 8 4 16 4 105 26 4 10 4 38 4 34 4 117 43 4 23 4 41 4 48 49 4 31 4 15 59 4 14 4 13 14 4 42 4 38 4 49 4 12 40 4 60 4 97 28 4 57 4 25 5 4 22 4 51 4 45 4 51 4 9 33 4 54 4 5 4 57 4 6 26 4 43 4 116 48 4 45 4 40 4 12 4 24 56 4 31 4 12 4 36 54 4 42 4 64 19 4 52 4 4 53 20 1 21 4 48 4 51 4 32 30 20 86 19 4 10 4 46 4 80 7 4 8 4 51 4 26 4 61 37 4 21 4 6 16 4 51 4 6 4 99 43 4 11 4 104 57 4 58 4 42 4 119 6 4 31 4 60 4 12 50 4 6 4 38 15 4 30 4 11 14 4 64 52 4 12 4 54 4 94 58 4 59 4 79 38 4 46 4 54 51 4 17 4 116 20 4 38 4 103 23 4 33 4 0 46 4 6 4 58 31 4 41 4 78 30 4 13 4 44 19 4 49 4 57 4 29 42 4 16 4 76 51 4 58 4 9 4 99 59 4 42 4 57 4 106 16 4 44 4 60 4 50 4 10 47 4 58 4 40 4 5 4 68 58 4 13 4 52 4 14 47 4 15 4 12 60 4 27 4 32 4 80 18 4 31 4 40 4 7 47 4 10 4 58 4 60 24 4 20 4 52 4 12 25 16 38 16 7 30 4 61 30 16 45 16 9 54 4 34 4 81 33 4 37 4 28 4 21 55 4 13 4 53 4 43 4 48 19 4 24 4 119 47 4 18 4 31 4 9 4 68 48 4 16 4 12 4 86 56 4 8 4 34 4 99 38 4 28 4 6 4 92 46 4 18 4 8 4 87 34 4 36 4 59 4 20 4 111 50 4 8 4 49 4 47 4 13 43 4 16 4 47 4 0 32 4 42 4 16 4 6 25 4 35 4 51 4 
iteration 712 best: 1.28732 leader: 1.28732 time: 351025
4 14 4 15 4 38 4 79 39 4 19 4 24 59 4 42 4 42 4 100 17 4 52 4 29 4 71 39 4 8 4 16 4 105 26 4 10 4 38 4 34 4 117 43 4 23 4 41 4 48 49 4 31 4 15 59 4 14 4 13 14 4 42 4 38 4 49 4 12 40 4 60 4 97 28 4 57 4 25 5 4 22 4 51 4 45 4 51 4 9 33 4 54 4 5 4 57 4 6 26 4 43 4 116 48 4 45 4 40 4 12 4 24 56 4 31 4 12 4 36 54 4 42 4 64 19 4 52 4 4 53 20 1 21 4 48 4 51 4 32 30 20 86 19 4 10 4 46 4 80 7 4 8 4 51 4 26 4 61 37 4 21 4 6 16 4 51 4 6 4 99 43 4 11 4 104 57 4 58 4 42 4 119 6 4 31 4 60 4 12 50 4 6 4 38 15 4 30 4 11 14 4 64 52 4 12 4 54 4 94 58 4 59 4 79 38 4 46 4 54 51 4 17 4 116 20 4 38 4 103 23 4 33 4 0 46 4 6 4 58 31 4 41 4 78 30 4 13 4 44 19 4 49 4 57 4 29 42 4 16 4 76 51 4 58 4 9 4 99 59 4 42 4 57 4 106 16 4 44 4 60 4 50 4 10 47 4 58 4 40 4 5 4 68 58 4 13 4 52 4 14 47 4 15 4 12 60 4 27 4 32 4 80 18 4 31 4 40 4 7 47 4 10 4 58 4 60 24 4 20 4 52 4 12 25 16 38 16 7 30 4 61 30 16 45 16 9 54 4 34 4 81 33 4 37 4 28 4 21 55 4 13 4 53 4 43 4 48 19 4 24 4 119 47 4 18 4 31 4 9 4 68 48 4 16 4 12 4 86 56 4 8 4 34 4 99 38 4 28 4 6 4 92 46 4 18 4 8 4 87 34 4 36 4 59 4 20 4 111 50 4 8 4 49 4 47 4 13 43 4 16 4 47 4 0 32 4 42 4 16 4 6 25 4 35 4 51 4 
iteration 727 best: 1.28732 leader: 1.28732 time: 358316
4 14 4 15 4 38 4 79 39 4 19 4 24 59 4 42 4 42 4 100 17 4 52 4 29 4 71 39 4 8 4 16 4 105 26 4 10 4 38 4 34 4 117 43 4 23 4 41 4 48 49 4 31 4 15 59 4 14 4 13 14 4 42 4 38 4 49 4 12 40 4 60 4 97 28 4 57 4 25 5 4 22 4 51 4 45 4 51 4 9 33 4 54 4 5 4 57 4 6 26 4 43 4 116 48 4 45 4 40 4 12 4 24 56 4 31 4 12 4 36 54 4 42 4 64 19 4 52 4 4 53 20 1 21 4 48 4 51 4 32 30 20 86 19 4 10 4 46 4 80 7 4 8 4 51 4 26 4 61 37 4 21 4 6 16 4 51 4 6 4 99 43 4 11 4 104 57 4 58 4 42 4 119 6 4 31 4 60 4 12 50 4 6 4 38 15 4 30 4 11 14 4 64 52 4 12 4 54 4 94 58 4 59 4 79 38 4 46 4 54 51 4 17 4 116 20 4 38 4 103 23 4 33 4 0 46 4 6 4 58 31 4 41 4 78 30 4 13 4 44 19 4 49 4 57 4 29 42 4 16 4 76 51 4 58 4 9 4 99 59 4 42 4 57 4 106 16 4 44 4 60 4 50 4 10 47 4 58 4 40 4 5 4 68 58 4 13 4 52 4 14 47 4 15 4 12 60 4 27 4 32 4 80 18 4 31 4 40 4 7 47 4 10 4 58 4 60 24 4 20 4 52 4 12 25 16 38 16 7 30 4 61 30 16 45 16 9 54 4 34 4 81 33 4 37 4 28 4 21 55 4 13 4 53 4 43 4 48 19 4 24 4 119 47 4 18 4 31 4 9 4 68 48 4 16 4 12 4 86 56 4 8 4 34 4 99 38 4 28 4 6 4 92 46 4 18 4 8 4 87 34 4 36 4 59 4 20 4 111 50 4 8 4 49 4 47 4 13 43 4 16 4 47 4 0 32 4 42 4 16 4 6 25 4 35 4 51 4 
iteration 742 best: 1.28732 leader: 1.28732 time: 365574
4 14 4 15 4 38 4 79 39 4 19 4 24 59 4 42 4 42 4 100 17 4 52 4 29 4 71 39 4 8 4 16 4 105 26 4 10 4 38 4 34 4 117 43 4 23 4 41 4 48 49 4 31 4 15 59 4 14 4 13 14 4 42 4 38 4 49 4 12 40 4 60 4 97 28 4 57 4 25 5 4 22 4 51 4 45 4 51 4 9 33 4 54 4 5 4 57 4 6 26 4 43 4 116 48 4 45 4 40 4 12 4 24 56 4 31 4 12 4 36 54 4 42 4 64 19 4 52 4 4 53 20 1 21 4 48 4 51 4 32 30 20 86 19 4 10 4 46 4 80 7 4 8 4 51 4 26 4 61 37 4 21 4 6 16 4 51 4 6 4 99 43 4 11 4 104 57 4 58 4 42 4 119 6 4 31 4 60 4 12 50 4 6 4 38 15 4 30 4 11 14 4 64 52 4 12 4 54 4 94 58 4 59 4 79 38 4 46 4 54 51 4 17 4 116 20 4 38 4 103 23 4 33 4 0 46 4 6 4 58 31 4 41 4 78 30 4 13 4 44 19 4 49 4 57 4 29 42 4 16 4 76 51 4 58 4 9 4 99 59 4 42 4 57 4 106 16 4 44 4 60 4 50 4 10 47 4 58 4 40 4 5 4 68 58 4 13 4 52 4 14 47 4 15 4 12 60 4 27 4 32 4 80 18 4 31 4 40 4 7 47 4 10 4 58 4 60 24 4 20 4 52 4 12 25 16 38 16 7 30 4 61 30 16 45 16 9 54 4 34 4 81 33 4 37 4 28 4 21 55 4 13 4 53 4 43 4 48 19 4 24 4 119 47 4 18 4 31 4 9 4 68 48 4 16 4 12 4 86 56 4 8 4 34 4 99 38 4 28 4 6 4 92 46 4 18 4 8 4 87 34 4 36 4 59 4 20 4 111 50 4 8 4 49 4 47 4 13 43 4 16 4 47 4 0 32 4 42 4 16 4 6 25 4 35 4 51 4 
iteration 757 best: 1.28732 leader: 1.28732 time: 372845
4 14 4 15 4 38 4 79 39 4 19 4 24 59 4 42 4 42 4 100 17 4 52 4 29 4 71 39 4 8 4 16 4 105 26 4 10 4 38 4 34 4 117 43 4 23 4 41 4 48 49 4 31 4 15 59 4 14 4 13 14 4 42 4 38 4 49 4 12 40 4 60 4 97 28 4 57 4 25 5 4 22 4 51 4 45 4 51 4 9 33 4 54 4 5 4 57 4 6 26 4 43 4 116 48 4 45 4 40 4 12 4 24 56 4 31 4 12 4 36 54 4 42 4 64 19 4 52 4 4 53 20 1 21 4 48 4 51 4 32 30 20 86 19 4 10 4 46 4 80 7 4 8 4 51 4 26 4 61 37 4 21 4 6 16 4 51 4 6 4 99 43 4 11 4 104 57 4 58 4 42 4 119 6 4 31 4 60 4 12 50 4 6 4 38 15 4 30 4 11 14 4 64 52 4 12 4 54 4 94 58 4 59 4 79 38 4 46 4 54 51 4 17 4 116 20 4 38 4 103 23 4 33 4 0 46 4 6 4 58 31 4 41 4 78 30 4 13 4 44 19 4 49 4 57 4 29 42 4 16 4 76 51 4 58 4 9 4 99 59 4 42 4 57 4 106 16 4 44 4 60 4 50 4 10 47 4 58 4 40 4 5 4 68 58 4 13 4 52 4 14 47 4 15 4 12 60 4 27 4 32 4 80 18 4 31 4 40 4 7 47 4 10 4 58 4 60 24 4 20 4 52 4 12 25 16 38 16 7 30 4 61 30 16 45 16 9 54 4 34 4 81 33 4 37 4 28 4 21 55 4 13 4 53 4 43 4 48 19 4 24 4 119 47 4 18 4 31 4 9 4 68 48 4 16 4 12 4 86 56 4 8 4 34 4 99 38 4 28 4 6 4 92 46 4 18 4 8 4 87 34 4 36 4 59 4 20 4 111 50 4 8 4 49 4 47 4 13 43 4 16 4 47 4 0 32 4 42 4 16 4 6 25 4 35 4 51 4 
iteration 772 best: 1.28732 leader: 1.28732 time: 380110
4 14 4 15 4 38 4 79 39 4 19 4 24 59 4 42 4 42 4 100 17 4 52 4 29 4 71 39 4 8 4 16 4 105 26 4 10 4 38 4 34 4 117 43 4 23 4 41 4 48 49 4 31 4 15 59 4 14 4 13 14 4 42 4 38 4 49 4 12 40 4 60 4 97 28 4 57 4 25 5 4 22 4 51 4 45 4 51 4 9 33 4 54 4 5 4 57 4 6 26 4 43 4 116 48 4 45 4 40 4 12 4 24 56 4 31 4 12 4 36 54 4 42 4 64 19 4 52 4 4 53 20 1 21 4 48 4 51 4 32 30 20 86 19 4 10 4 46 4 80 7 4 8 4 51 4 26 4 61 37 4 21 4 6 16 4 51 4 6 4 99 43 4 11 4 104 57 4 58 4 42 4 119 6 4 31 4 60 4 12 50 4 6 4 38 15 4 30 4 11 14 4 64 52 4 12 4 54 4 94 58 4 59 4 79 38 4 46 4 54 51 4 17 4 116 20 4 38 4 103 23 4 33 4 0 46 4 6 4 58 31 4 41 4 78 30 4 13 4 44 19 4 49 4 57 4 29 42 4 16 4 76 51 4 58 4 9 4 99 59 4 42 4 57 4 106 16 4 44 4 60 4 50 4 10 47 4 58 4 40 4 5 4 68 58 4 13 4 52 4 14 47 4 15 4 12 60 4 27 4 32 4 80 18 4 31 4 40 4 7 47 4 10 4 58 4 60 24 4 20 4 52 4 12 25 16 38 16 7 30 4 61 30 16 45 16 9 54 4 34 4 81 33 4 37 4 28 4 21 55 4 13 4 53 4 43 4 48 19 4 24 4 119 47 4 18 4 31 4 9 4 68 48 4 16 4 12 4 86 56 4 8 4 34 4 99 38 4 28 4 6 4 92 46 4 18 4 8 4 87 34 4 36 4 59 4 20 4 111 50 4 8 4 49 4 47 4 13 43 4 16 4 47 4 0 32 4 42 4 16 4 6 25 4 35 4 51 4 
iteration 787 best: 1.28732 leader: 1.28732 time: 387432
4 14 4 15 4 38 4 79 39 4 19 4 24 59 4 42 4 42 4 100 17 4 52 4 29 4 71 39 4 8 4 16 4 105 26 4 10 4 38 4 34 4 117 43 4 23 4 41 4 48 49 4 31 4 15 59 4 14 4 13 14 4 42 4 38 4 49 4 12 40 4 60 4 97 28 4 57 4 25 5 4 22 4 51 4 45 4 51 4 9 33 4 54 4 5 4 57 4 6 26 4 43 4 116 48 4 45 4 40 4 12 4 24 56 4 31 4 12 4 36 54 4 42 4 64 19 4 52 4 4 53 20 1 21 4 48 4 51 4 32 30 20 86 19 4 10 4 46 4 80 7 4 8 4 51 4 26 4 61 37 4 21 4 6 16 4 51 4 6 4 99 43 4 11 4 104 57 4 58 4 42 4 119 6 4 31 4 60 4 12 50 4 6 4 38 15 4 30 4 11 14 4 64 52 4 12 4 54 4 94 58 4 59 4 79 38 4 46 4 54 51 4 17 4 116 20 4 38 4 103 23 4 33 4 0 46 4 6 4 58 31 4 41 4 78 30 4 13 4 44 19 4 49 4 57 4 29 42 4 16 4 76 51 4 58 4 9 4 99 59 4 42 4 57 4 106 16 4 44 4 60 4 50 4 10 47 4 58 4 40 4 5 4 68 58 4 13 4 52 4 14 47 4 15 4 12 60 4 27 4 32 4 80 18 4 31 4 40 4 7 47 4 10 4 58 4 60 24 4 20 4 52 4 12 25 16 38 16 7 30 4 61 30 16 45 16 9 54 4 34 4 81 33 4 37 4 28 4 21 55 4 13 4 53 4 43 4 48 19 4 24 4 119 47 4 18 4 31 4 9 4 68 48 4 16 4 12 4 86 56 4 8 4 34 4 99 38 4 28 4 6 4 92 46 4 18 4 8 4 87 34 4 36 4 59 4 20 4 111 50 4 8 4 49 4 47 4 13 43 4 16 4 47 4 0 32 4 42 4 16 4 6 25 4 35 4 51 4 
iteration 802 best: 1.28732 leader: 1.28732 time: 394682
4 14 4 15 4 38 4 79 39 4 19 4 24 59 4 42 4 42 4 100 17 4 52 4 29 4 71 39 4 8 4 16 4 105 26 4 10 4 38 4 34 4 117 43 4 23 4 41 4 48 49 4 31 4 15 59 4 14 4 13 14 4 42 4 38 4 49 4 12 40 4 60 4 97 28 4 57 4 25 5 4 22 4 51 4 45 4 51 4 9 33 4 54 4 5 4 57 4 6 26 4 43 4 116 48 4 45 4 40 4 12 4 24 56 4 31 4 12 4 36 54 4 42 4 64 19 4 52 4 4 53 20 1 21 4 48 4 51 4 32 30 20 86 19 4 10 4 46 4 80 7 4 8 4 51 4 26 4 61 37 4 21 4 6 16 4 51 4 6 4 99 43 4 11 4 104 57 4 58 4 42 4 119 6 4 31 4 60 4 12 50 4 6 4 38 15 4 30 4 11 14 4 64 52 4 12 4 54 4 94 58 4 59 4 79 38 4 46 4 54 51 4 17 4 116 20 4 38 4 103 23 4 33 4 0 46 4 6 4 58 31 4 41 4 78 30 4 13 4 44 19 4 49 4 57 4 29 42 4 16 4 76 51 4 58 4 9 4 99 59 4 42 4 57 4 106 16 4 44 4 60 4 50 4 10 47 4 58 4 40 4 5 4 68 58 4 13 4 52 4 14 47 4 15 4 12 60 4 27 4 32 4 80 18 4 31 4 40 4 7 47 4 10 4 58 4 60 24 4 20 4 52 4 12 25 16 38 16 7 30 4 61 30 16 45 16 9 54 4 34 4 81 33 4 37 4 28 4 21 55 4 13 4 53 4 43 4 48 19 4 24 4 119 47 4 18 4 31 4 9 4 68 48 4 16 4 12 4 86 56 4 8 4 34 4 99 38 4 28 4 6 4 92 46 4 18 4 8 4 87 34 4 36 4 59 4 20 4 111 50 4 8 4 49 4 47 4 13 43 4 16 4 47 4 0 32 4 42 4 16 4 6 25 4 35 4 51 4 
iteration 817 best: 1.28732 leader: 1.28732 time: 401947
4 14 4 15 4 38 4 79 39 4 19 4 24 59 4 42 4 42 4 100 17 4 52 4 29 4 71 39 4 8 4 16 4 105 26 4 10 4 38 4 34 4 117 43 4 23 4 41 4 48 49 4 31 4 15 59 4 14 4 13 14 4 42 4 38 4 49 4 12 40 4 60 4 97 28 4 57 4 25 5 4 22 4 51 4 45 4 51 4 9 33 4 54 4 5 4 57 4 6 26 4 43 4 116 48 4 45 4 40 4 12 4 24 56 4 31 4 12 4 36 54 4 42 4 64 19 4 52 4 4 53 20 1 21 4 48 4 51 4 32 30 20 86 19 4 10 4 46 4 80 7 4 8 4 51 4 26 4 61 37 4 21 4 6 16 4 51 4 6 4 99 43 4 11 4 104 57 4 58 4 42 4 119 6 4 31 4 60 4 12 50 4 6 4 38 15 4 30 4 11 14 4 64 52 4 12 4 54 4 94 58 4 59 4 79 38 4 46 4 54 51 4 17 4 116 20 4 38 4 103 23 4 33 4 0 46 4 6 4 58 31 4 41 4 78 30 4 13 4 44 19 4 49 4 57 4 29 42 4 16 4 76 51 4 58 4 9 4 99 59 4 42 4 57 4 106 16 4 44 4 60 4 50 4 10 47 4 58 4 40 4 5 4 68 58 4 13 4 52 4 14 47 4 15 4 12 60 4 27 4 32 4 80 18 4 31 4 40 4 7 47 4 10 4 58 4 60 24 4 20 4 52 4 12 25 16 38 16 7 30 4 61 30 16 45 16 9 54 4 34 4 81 33 4 37 4 28 4 21 55 4 13 4 53 4 43 4 48 19 4 24 4 119 47 4 18 4 31 4 9 4 68 48 4 16 4 12 4 86 56 4 8 4 34 4 99 38 4 28 4 6 4 92 46 4 18 4 8 4 87 34 4 36 4 59 4 20 4 111 50 4 8 4 49 4 47 4 13 43 4 16 4 47 4 0 32 4 42 4 16 4 6 25 4 35 4 51 4 
iteration 832 best: 1.28732 leader: 1.28732 time: 409226
4 14 4 15 4 38 4 79 39 4 19 4 24 59 4 42 4 42 4 100 17 4 52 4 29 4 71 39 4 8 4 16 4 105 26 4 10 4 38 4 34 4 117 43 4 23 4 41 4 48 49 4 31 4 15 59 4 14 4 13 14 4 42 4 38 4 49 4 12 40 4 60 4 97 28 4 57 4 25 5 4 22 4 51 4 45 4 51 4 9 33 4 54 4 5 4 57 4 6 26 4 43 4 116 48 4 45 4 40 4 12 4 24 56 4 31 4 12 4 36 54 4 42 4 64 19 4 52 4 4 53 20 1 21 4 48 4 51 4 32 30 20 86 19 4 10 4 46 4 80 7 4 8 4 51 4 26 4 61 37 4 21 4 6 16 4 51 4 6 4 99 43 4 11 4 104 57 4 58 4 42 4 119 6 4 31 4 60 4 12 50 4 6 4 38 15 4 30 4 11 14 4 64 52 4 12 4 54 4 94 58 4 59 4 79 38 4 46 4 54 51 4 17 4 116 20 4 38 4 103 23 4 33 4 0 46 4 6 4 58 31 4 41 4 78 30 4 13 4 44 19 4 49 4 57 4 29 42 4 16 4 76 51 4 58 4 9 4 99 59 4 42 4 57 4 106 16 4 44 4 60 4 50 4 10 47 4 58 4 40 4 5 4 68 58 4 13 4 52 4 14 47 4 15 4 12 60 4 27 4 32 4 80 18 4 31 4 40 4 7 47 4 10 4 58 4 60 24 4 20 4 52 4 12 25 16 38 16 7 30 4 61 30 16 45 16 9 54 4 34 4 81 33 4 37 4 28 4 21 55 4 13 4 53 4 43 4 48 19 4 24 4 119 47 4 18 4 31 4 9 4 68 48 4 16 4 12 4 86 56 4 8 4 34 4 99 38 4 28 4 6 4 92 46 4 18 4 8 4 87 34 4 36 4 59 4 20 4 111 50 4 8 4 49 4 47 4 13 43 4 16 4 47 4 0 32 4 42 4 16 4 6 25 4 35 4 51 4 
iteration 847 best: 1.28732 leader: 1.28732 time: 416483
4 14 4 15 4 38 4 79 39 4 19 4 24 59 4 42 4 42 4 100 17 4 52 4 29 4 71 39 4 8 4 16 4 105 26 4 10 4 38 4 34 4 117 43 4 23 4 41 4 48 49 4 31 4 15 59 4 14 4 13 14 4 42 4 38 4 49 4 12 40 4 60 4 97 28 4 57 4 25 5 4 22 4 51 4 45 4 51 4 9 33 4 54 4 5 4 57 4 6 26 4 43 4 116 48 4 45 4 40 4 12 4 24 56 4 31 4 12 4 36 54 4 42 4 64 19 4 52 4 4 53 20 1 21 4 48 4 51 4 32 30 20 86 19 4 10 4 46 4 80 7 4 8 4 51 4 26 4 61 37 4 21 4 6 16 4 51 4 6 4 99 43 4 11 4 104 57 4 58 4 42 4 119 6 4 31 4 60 4 12 50 4 6 4 38 15 4 30 4 11 14 4 64 52 4 12 4 54 4 94 58 4 59 4 79 38 4 46 4 54 51 4 17 4 116 20 4 38 4 103 23 4 33 4 0 46 4 6 4 58 31 4 41 4 78 30 4 13 4 44 19 4 49 4 57 4 29 42 4 16 4 76 51 4 58 4 9 4 99 59 4 42 4 57 4 106 16 4 44 4 60 4 50 4 10 47 4 58 4 40 4 5 4 68 58 4 13 4 52 4 14 47 4 15 4 12 60 4 27 4 32 4 80 18 4 31 4 40 4 7 47 4 10 4 58 4 60 24 4 20 4 52 4 12 25 16 38 16 7 30 4 61 30 16 45 16 9 54 4 34 4 81 33 4 37 4 28 4 21 55 4 13 4 53 4 43 4 48 19 4 24 4 119 47 4 18 4 31 4 9 4 68 48 4 16 4 12 4 86 56 4 8 4 34 4 99 38 4 28 4 6 4 92 46 4 18 4 8 4 87 34 4 36 4 59 4 20 4 111 50 4 8 4 49 4 47 4 13 43 4 16 4 47 4 0 32 4 42 4 16 4 6 25 4 35 4 51 4 
iteration 862 best: 1.28732 leader: 1.28732 time: 423787
4 14 4 15 4 38 4 79 39 4 19 4 24 59 4 42 4 42 4 100 17 4 52 4 29 4 71 39 4 8 4 16 4 105 26 4 10 4 38 4 34 4 117 43 4 23 4 41 4 48 49 4 31 4 15 59 4 14 4 13 14 4 42 4 38 4 49 4 12 40 4 60 4 97 28 4 57 4 25 5 4 22 4 51 4 45 4 51 4 9 33 4 54 4 5 4 57 4 6 26 4 43 4 116 48 4 45 4 40 4 12 4 24 56 4 31 4 12 4 36 54 4 42 4 64 19 4 52 4 4 53 20 1 21 4 48 4 51 4 32 30 20 86 19 4 10 4 46 4 80 7 4 8 4 51 4 26 4 61 37 4 21 4 6 16 4 51 4 6 4 99 43 4 11 4 104 57 4 58 4 42 4 119 6 4 31 4 60 4 12 50 4 6 4 38 15 4 30 4 11 14 4 64 52 4 12 4 54 4 94 58 4 59 4 79 38 4 46 4 54 51 4 17 4 116 20 4 38 4 103 23 4 33 4 0 46 4 6 4 58 31 4 41 4 78 30 4 13 4 44 19 4 49 4 57 4 29 42 4 16 4 76 51 4 58 4 9 4 99 59 4 42 4 57 4 106 16 4 44 4 60 4 50 4 10 47 4 58 4 40 4 5 4 68 58 4 13 4 52 4 14 47 4 15 4 12 60 4 27 4 32 4 80 18 4 31 4 40 4 7 47 4 10 4 58 4 60 24 4 20 4 52 4 12 25 16 38 16 7 30 4 61 30 16 45 16 9 54 4 34 4 81 33 4 37 4 28 4 21 55 4 13 4 53 4 43 4 48 19 4 24 4 119 47 4 18 4 31 4 9 4 68 48 4 16 4 12 4 86 56 4 8 4 34 4 99 38 4 28 4 6 4 92 46 4 18 4 8 4 87 34 4 36 4 59 4 20 4 111 50 4 8 4 49 4 47 4 13 43 4 16 4 47 4 0 32 4 42 4 16 4 6 25 4 35 4 51 4 
iteration 877 best: 1.28732 leader: 1.28732 time: 431037
4 14 4 15 4 38 4 79 39 4 19 4 24 59 4 42 4 42 4 100 17 4 52 4 29 4 71 39 4 8 4 16 4 105 26 4 10 4 38 4 34 4 117 43 4 23 4 41 4 48 49 4 31 4 15 59 4 14 4 13 14 4 42 4 38 4 49 4 12 40 4 60 4 97 28 4 57 4 25 5 4 22 4 51 4 45 4 51 4 9 33 4 54 4 5 4 57 4 6 26 4 43 4 116 48 4 45 4 40 4 12 4 24 56 4 31 4 12 4 36 54 4 42 4 64 19 4 52 4 4 53 20 1 21 4 48 4 51 4 32 30 20 86 19 4 10 4 46 4 80 7 4 8 4 51 4 26 4 61 37 4 21 4 6 16 4 51 4 6 4 99 43 4 11 4 104 57 4 58 4 42 4 119 6 4 31 4 60 4 12 50 4 6 4 38 15 4 30 4 11 14 4 64 52 4 12 4 54 4 94 58 4 59 4 79 38 4 46 4 54 51 4 17 4 116 20 4 38 4 103 23 4 33 4 0 46 4 6 4 58 31 4 41 4 78 30 4 13 4 44 19 4 49 4 57 4 29 42 4 16 4 76 51 4 58 4 9 4 99 59 4 42 4 57 4 106 16 4 44 4 60 4 50 4 10 47 4 58 4 40 4 5 4 68 58 4 13 4 52 4 14 47 4 15 4 12 60 4 27 4 32 4 80 18 4 31 4 40 4 7 47 4 10 4 58 4 60 24 4 20 4 52 4 12 25 16 38 16 7 30 4 61 30 16 45 16 9 54 4 34 4 81 33 4 37 4 28 4 21 55 4 13 4 53 4 43 4 48 19 4 24 4 119 47 4 18 4 31 4 9 4 68 48 4 16 4 12 4 86 56 4 8 4 34 4 99 38 4 28 4 6 4 92 46 4 18 4 8 4 87 34 4 36 4 59 4 20 4 111 50 4 8 4 49 4 47 4 13 43 4 16 4 47 4 0 32 4 42 4 16 4 6 25 4 35 4 51 4 
iteration 892 best: 1.28732 leader: 1.28732 time: 438313
4 14 4 15 4 38 4 79 39 4 19 4 24 59 4 42 4 42 4 100 17 4 52 4 29 4 71 39 4 8 4 16 4 105 26 4 10 4 38 4 34 4 117 43 4 23 4 41 4 48 49 4 31 4 15 59 4 14 4 13 14 4 42 4 38 4 49 4 12 40 4 60 4 97 28 4 57 4 25 5 4 22 4 51 4 45 4 51 4 9 33 4 54 4 5 4 57 4 6 26 4 43 4 116 48 4 45 4 40 4 12 4 24 56 4 31 4 12 4 36 54 4 42 4 64 19 4 52 4 4 53 20 1 21 4 48 4 51 4 32 30 20 86 19 4 10 4 46 4 80 7 4 8 4 51 4 26 4 61 37 4 21 4 6 16 4 51 4 6 4 99 43 4 11 4 104 57 4 58 4 42 4 119 6 4 31 4 60 4 12 50 4 6 4 38 15 4 30 4 11 14 4 64 52 4 12 4 54 4 94 58 4 59 4 79 38 4 46 4 54 51 4 17 4 116 20 4 38 4 103 23 4 33 4 0 46 4 6 4 58 31 4 41 4 78 30 4 13 4 44 19 4 49 4 57 4 29 42 4 16 4 76 51 4 58 4 9 4 99 59 4 42 4 57 4 106 16 4 44 4 60 4 50 4 10 47 4 58 4 40 4 5 4 68 58 4 13 4 52 4 14 47 4 15 4 12 60 4 27 4 32 4 80 18 4 31 4 40 4 7 47 4 10 4 58 4 60 24 4 20 4 52 4 12 25 16 38 16 7 30 4 61 30 16 45 16 9 54 4 34 4 81 33 4 37 4 28 4 21 55 4 13 4 53 4 43 4 48 19 4 24 4 119 47 4 18 4 31 4 9 4 68 48 4 16 4 12 4 86 56 4 8 4 34 4 99 38 4 28 4 6 4 92 46 4 18 4 8 4 87 34 4 36 4 59 4 20 4 111 50 4 8 4 49 4 47 4 13 43 4 16 4 47 4 0 32 4 42 4 16 4 6 25 4 35 4 51 4 
iteration 907 best: 1.28732 leader: 1.28732 time: 445576
4 14 4 15 4 38 4 79 39 4 19 4 24 59 4 42 4 42 4 100 17 4 52 4 29 4 71 39 4 8 4 16 4 105 26 4 10 4 38 4 34 4 117 43 4 23 4 41 4 48 49 4 31 4 15 59 4 14 4 13 14 4 42 4 38 4 49 4 12 40 4 60 4 97 28 4 57 4 25 5 4 22 4 51 4 45 4 51 4 9 33 4 54 4 5 4 57 4 6 26 4 43 4 116 48 4 45 4 40 4 12 4 24 56 4 31 4 12 4 36 54 4 42 4 64 19 4 52 4 4 53 20 1 21 4 48 4 51 4 32 30 20 86 19 4 10 4 46 4 80 7 4 8 4 51 4 26 4 61 37 4 21 4 6 16 4 51 4 6 4 99 43 4 11 4 104 57 4 58 4 42 4 119 6 4 31 4 60 4 12 50 4 6 4 38 15 4 30 4 11 14 4 64 52 4 12 4 54 4 94 58 4 59 4 79 38 4 46 4 54 51 4 17 4 116 20 4 38 4 103 23 4 33 4 0 46 4 6 4 58 31 4 41 4 78 30 4 13 4 44 19 4 49 4 57 4 29 42 4 16 4 76 51 4 58 4 9 4 99 59 4 42 4 57 4 106 16 4 44 4 60 4 50 4 10 47 4 58 4 40 4 5 4 68 58 4 13 4 52 4 14 47 4 15 4 12 60 4 27 4 32 4 80 18 4 31 4 40 4 7 47 4 10 4 58 4 60 24 4 20 4 52 4 12 25 16 38 16 7 30 4 61 30 16 45 16 9 54 4 34 4 81 33 4 37 4 28 4 21 55 4 13 4 53 4 43 4 48 19 4 24 4 119 47 4 18 4 31 4 9 4 68 48 4 16 4 12 4 86 56 4 8 4 34 4 99 38 4 28 4 6 4 92 46 4 18 4 8 4 87 34 4 36 4 59 4 20 4 111 50 4 8 4 49 4 47 4 13 43 4 16 4 47 4 0 32 4 42 4 16 4 6 25 4 35 4 51 4 
iteration 922 best: 1.28732 leader: 1.28732 time: 452863
4 14 4 15 4 38 4 79 39 4 19 4 24 59 4 42 4 42 4 100 17 4 52 4 29 4 71 39 4 8 4 16 4 105 26 4 10 4 38 4 34 4 117 43 4 23 4 41 4 48 49 4 31 4 15 59 4 14 4 13 14 4 42 4 38 4 49 4 12 40 4 60 4 97 28 4 57 4 25 5 4 22 4 51 4 45 4 51 4 9 33 4 54 4 5 4 57 4 6 26 4 43 4 116 48 4 45 4 40 4 12 4 24 56 4 31 4 12 4 36 54 4 42 4 64 19 4 52 4 4 53 20 1 21 4 48 4 51 4 32 30 20 86 19 4 10 4 46 4 80 7 4 8 4 51 4 26 4 61 37 4 21 4 6 16 4 51 4 6 4 99 43 4 11 4 104 57 4 58 4 42 4 119 6 4 31 4 60 4 12 50 4 6 4 38 15 4 30 4 11 14 4 64 52 4 12 4 54 4 94 58 4 59 4 79 38 4 46 4 54 51 4 17 4 116 20 4 38 4 103 23 4 33 4 0 46 4 6 4 58 31 4 41 4 78 30 4 13 4 44 19 4 49 4 57 4 29 42 4 16 4 76 51 4 58 4 9 4 99 59 4 42 4 57 4 106 16 4 44 4 60 4 50 4 10 47 4 58 4 40 4 5 4 68 58 4 13 4 52 4 14 47 4 15 4 12 60 4 27 4 32 4 80 18 4 31 4 40 4 7 47 4 10 4 58 4 60 24 4 20 4 52 4 12 25 16 38 16 7 30 4 61 30 16 45 16 9 54 4 34 4 81 33 4 37 4 28 4 21 55 4 13 4 53 4 43 4 48 19 4 24 4 119 47 4 18 4 31 4 9 4 68 48 4 16 4 12 4 86 56 4 8 4 34 4 99 38 4 28 4 6 4 92 46 4 18 4 8 4 87 34 4 36 4 59 4 20 4 111 50 4 8 4 49 4 47 4 13 43 4 16 4 47 4 0 32 4 42 4 16 4 6 25 4 35 4 51 4 
iteration 937 best: 1.28732 leader: 1.28732 time: 460146
4 14 4 15 4 38 4 79 39 4 19 4 24 59 4 42 4 42 4 100 17 4 52 4 29 4 71 39 4 8 4 16 4 105 26 4 10 4 38 4 34 4 117 43 4 23 4 41 4 48 49 4 31 4 15 59 4 14 4 13 14 4 42 4 38 4 49 4 12 40 4 60 4 97 28 4 57 4 25 5 4 22 4 51 4 45 4 51 4 9 33 4 54 4 5 4 57 4 6 26 4 43 4 116 48 4 45 4 40 4 12 4 24 56 4 31 4 12 4 36 54 4 42 4 64 19 4 52 4 4 53 20 1 21 4 48 4 51 4 32 30 20 86 19 4 10 4 46 4 80 7 4 8 4 51 4 26 4 61 37 4 21 4 6 16 4 51 4 6 4 99 43 4 11 4 104 57 4 58 4 42 4 119 6 4 31 4 60 4 12 50 4 6 4 38 15 4 30 4 11 14 4 64 52 4 12 4 54 4 94 58 4 59 4 79 38 4 46 4 54 51 4 17 4 116 20 4 38 4 103 23 4 33 4 0 46 4 6 4 58 31 4 41 4 78 30 4 13 4 44 19 4 49 4 57 4 29 42 4 16 4 76 51 4 58 4 9 4 99 59 4 42 4 57 4 106 16 4 44 4 60 4 50 4 10 47 4 58 4 40 4 5 4 68 58 4 13 4 52 4 14 47 4 15 4 12 60 4 27 4 32 4 80 18 4 31 4 40 4 7 47 4 10 4 58 4 60 24 4 20 4 52 4 12 25 16 38 16 7 30 4 61 30 16 45 16 9 54 4 34 4 81 33 4 37 4 28 4 21 55 4 13 4 53 4 43 4 48 19 4 24 4 119 47 4 18 4 31 4 9 4 68 48 4 16 4 12 4 86 56 4 8 4 34 4 99 38 4 28 4 6 4 92 46 4 18 4 8 4 87 34 4 36 4 59 4 20 4 111 50 4 8 4 49 4 47 4 13 43 4 16 4 47 4 0 32 4 42 4 16 4 6 25 4 35 4 51 4 
iteration 952 best: 1.28732 leader: 1.28732 time: 467441
4 14 4 15 4 38 4 79 39 4 19 4 24 59 4 42 4 42 4 100 17 4 52 4 29 4 71 39 4 8 4 16 4 105 26 4 10 4 38 4 34 4 117 43 4 23 4 41 4 48 49 4 31 4 15 59 4 14 4 13 14 4 42 4 38 4 49 4 12 40 4 60 4 97 28 4 57 4 25 5 4 22 4 51 4 45 4 51 4 9 33 4 54 4 5 4 57 4 6 26 4 43 4 116 48 4 45 4 40 4 12 4 24 56 4 31 4 12 4 36 54 4 42 4 64 19 4 52 4 4 53 20 1 21 4 48 4 51 4 32 30 20 86 19 4 10 4 46 4 80 7 4 8 4 51 4 26 4 61 37 4 21 4 6 16 4 51 4 6 4 99 43 4 11 4 104 57 4 58 4 42 4 119 6 4 31 4 60 4 12 50 4 6 4 38 15 4 30 4 11 14 4 64 52 4 12 4 54 4 94 58 4 59 4 79 38 4 46 4 54 51 4 17 4 116 20 4 38 4 103 23 4 33 4 0 46 4 6 4 58 31 4 41 4 78 30 4 13 4 44 19 4 49 4 57 4 29 42 4 16 4 76 51 4 58 4 9 4 99 59 4 42 4 57 4 106 16 4 44 4 60 4 50 4 10 47 4 58 4 40 4 5 4 68 58 4 13 4 52 4 14 47 4 15 4 12 60 4 27 4 32 4 80 18 4 31 4 40 4 7 47 4 10 4 58 4 60 24 4 20 4 52 4 12 25 16 38 16 7 30 4 61 30 16 45 16 9 54 4 34 4 81 33 4 37 4 28 4 21 55 4 13 4 53 4 43 4 48 19 4 24 4 119 47 4 18 4 31 4 9 4 68 48 4 16 4 12 4 86 56 4 8 4 34 4 99 38 4 28 4 6 4 92 46 4 18 4 8 4 87 34 4 36 4 59 4 20 4 111 50 4 8 4 49 4 47 4 13 43 4 16 4 47 4 0 32 4 42 4 16 4 6 25 4 35 4 51 4 
iteration 967 best: 1.28732 leader: 1.28732 time: 474733
4 14 4 15 4 38 4 79 39 4 19 4 24 59 4 42 4 42 4 100 17 4 52 4 29 4 71 39 4 8 4 16 4 105 26 4 10 4 38 4 34 4 117 43 4 23 4 41 4 48 49 4 31 4 15 59 4 14 4 13 14 4 42 4 38 4 49 4 12 40 4 60 4 97 28 4 57 4 25 5 4 22 4 51 4 45 4 51 4 9 33 4 54 4 5 4 57 4 6 26 4 43 4 116 48 4 45 4 40 4 12 4 24 56 4 31 4 12 4 36 54 4 42 4 64 19 4 52 4 4 53 20 1 21 4 48 4 51 4 32 30 20 86 19 4 10 4 46 4 80 7 4 8 4 51 4 26 4 61 37 4 21 4 6 16 4 51 4 6 4 99 43 4 11 4 104 57 4 58 4 42 4 119 6 4 31 4 60 4 12 50 4 6 4 38 15 4 30 4 11 14 4 64 52 4 12 4 54 4 94 58 4 59 4 79 38 4 46 4 54 51 4 17 4 116 20 4 38 4 103 23 4 33 4 0 46 4 6 4 58 31 4 41 4 78 30 4 13 4 44 19 4 49 4 57 4 29 42 4 16 4 76 51 4 58 4 9 4 99 59 4 42 4 57 4 106 16 4 44 4 60 4 50 4 10 47 4 58 4 40 4 5 4 68 58 4 13 4 52 4 14 47 4 15 4 12 60 4 27 4 32 4 80 18 4 31 4 40 4 7 47 4 10 4 58 4 60 24 4 20 4 52 4 12 25 16 38 16 7 30 4 61 30 16 45 16 9 54 4 34 4 81 33 4 37 4 28 4 21 55 4 13 4 53 4 43 4 48 19 4 24 4 119 47 4 18 4 31 4 9 4 68 48 4 16 4 12 4 86 56 4 8 4 34 4 99 38 4 28 4 6 4 92 46 4 18 4 8 4 87 34 4 36 4 59 4 20 4 111 50 4 8 4 49 4 47 4 13 43 4 16 4 47 4 0 32 4 42 4 16 4 6 25 4 35 4 51 4 
iteration 982 best: 1.28732 leader: 1.28732 time: 481990
4 14 4 15 4 38 4 79 39 4 19 4 24 59 4 42 4 42 4 100 17 4 52 4 29 4 71 39 4 8 4 16 4 105 26 4 10 4 38 4 34 4 117 43 4 23 4 41 4 48 49 4 31 4 15 59 4 14 4 13 14 4 42 4 38 4 49 4 12 40 4 60 4 97 28 4 57 4 25 5 4 22 4 51 4 45 4 51 4 9 33 4 54 4 5 4 57 4 6 26 4 43 4 116 48 4 45 4 40 4 12 4 24 56 4 31 4 12 4 36 54 4 42 4 64 19 4 52 4 4 53 20 1 21 4 48 4 51 4 32 30 20 86 19 4 10 4 46 4 80 7 4 8 4 51 4 26 4 61 37 4 21 4 6 16 4 51 4 6 4 99 43 4 11 4 104 57 4 58 4 42 4 119 6 4 31 4 60 4 12 50 4 6 4 38 15 4 30 4 11 14 4 64 52 4 12 4 54 4 94 58 4 59 4 79 38 4 46 4 54 51 4 17 4 116 20 4 38 4 103 23 4 33 4 0 46 4 6 4 58 31 4 41 4 78 30 4 13 4 44 19 4 49 4 57 4 29 42 4 16 4 76 51 4 58 4 9 4 99 59 4 42 4 57 4 106 16 4 44 4 60 4 50 4 10 47 4 58 4 40 4 5 4 68 58 4 13 4 52 4 14 47 4 15 4 12 60 4 27 4 32 4 80 18 4 31 4 40 4 7 47 4 10 4 58 4 60 24 4 20 4 52 4 12 25 16 38 16 7 30 4 61 30 16 45 16 9 54 4 34 4 81 33 4 37 4 28 4 21 55 4 13 4 53 4 43 4 48 19 4 24 4 119 47 4 18 4 31 4 9 4 68 48 4 16 4 12 4 86 56 4 8 4 34 4 99 38 4 28 4 6 4 92 46 4 18 4 8 4 87 34 4 36 4 59 4 20 4 111 50 4 8 4 49 4 47 4 13 43 4 16 4 47 4 0 32 4 42 4 16 4 6 25 4 35 4 51 4 
iteration 997 best: 1.28732 leader: 1.28732 time: 489258
4 14 4 15 4 38 4 79 39 4 19 4 24 59 4 42 4 42 4 100 17 4 52 4 29 4 71 39 4 8 4 16 4 105 26 4 10 4 38 4 34 4 117 43 4 23 4 41 4 48 49 4 31 4 15 59 4 14 4 13 14 4 42 4 38 4 49 4 12 40 4 60 4 97 28 4 57 4 25 5 4 22 4 51 4 45 4 51 4 9 33 4 54 4 5 4 57 4 6 26 4 43 4 116 48 4 45 4 40 4 12 4 24 56 4 31 4 12 4 36 54 4 42 4 64 19 4 52 4 4 53 20 1 21 4 48 4 51 4 32 30 20 86 19 4 10 4 46 4 80 7 4 8 4 51 4 26 4 61 37 4 21 4 6 16 4 51 4 6 4 99 43 4 11 4 104 57 4 58 4 42 4 119 6 4 31 4 60 4 12 50 4 6 4 38 15 4 30 4 11 14 4 64 52 4 12 4 54 4 94 58 4 59 4 79 38 4 46 4 54 51 4 17 4 116 20 4 38 4 103 23 4 33 4 0 46 4 6 4 58 31 4 41 4 78 30 4 13 4 44 19 4 49 4 57 4 29 42 4 16 4 76 51 4 58 4 9 4 99 59 4 42 4 57 4 106 16 4 44 4 60 4 50 4 10 47 4 58 4 40 4 5 4 68 58 4 13 4 52 4 14 47 4 15 4 12 60 4 27 4 32 4 80 18 4 31 4 40 4 7 47 4 10 4 58 4 60 24 4 20 4 52 4 12 25 16 38 16 7 30 4 61 30 16 45 16 9 54 4 34 4 81 33 4 37 4 28 4 21 55 4 13 4 53 4 43 4 48 19 4 24 4 119 47 4 18 4 31 4 9 4 68 48 4 16 4 12 4 86 56 4 8 4 34 4 99 38 4 28 4 6 4 92 46 4 18 4 8 4 87 34 4 36 4 59 4 20 4 111 50 4 8 4 49 4 47 4 13 43 4 16 4 47 4 0 32 4 42 4 16 4 6 25 4 35 4 51 4 
iteration 1012 best: 1.28732 leader: 1.28732 time: 496517
4 14 4 15 4 38 4 79 39 4 19 4 24 59 4 42 4 42 4 100 17 4 52 4 29 4 71 39 4 8 4 16 4 105 26 4 10 4 38 4 34 4 117 43 4 23 4 41 4 48 49 4 31 4 15 59 4 14 4 13 14 4 42 4 38 4 49 4 12 40 4 60 4 97 28 4 57 4 25 5 4 22 4 51 4 45 4 51 4 9 33 4 54 4 5 4 57 4 6 26 4 43 4 116 48 4 45 4 40 4 12 4 24 56 4 31 4 12 4 36 54 4 42 4 64 19 4 52 4 4 53 20 1 21 4 48 4 51 4 32 30 20 86 19 4 10 4 46 4 80 7 4 8 4 51 4 26 4 61 37 4 21 4 6 16 4 51 4 6 4 99 43 4 11 4 104 57 4 58 4 42 4 119 6 4 31 4 60 4 12 50 4 6 4 38 15 4 30 4 11 14 4 64 52 4 12 4 54 4 94 58 4 59 4 79 38 4 46 4 54 51 4 17 4 116 20 4 38 4 103 23 4 33 4 0 46 4 6 4 58 31 4 41 4 78 30 4 13 4 44 19 4 49 4 57 4 29 42 4 16 4 76 51 4 58 4 9 4 99 59 4 42 4 57 4 106 16 4 44 4 60 4 50 4 10 47 4 58 4 40 4 5 4 68 58 4 13 4 52 4 14 47 4 15 4 12 60 4 27 4 32 4 80 18 4 31 4 40 4 7 47 4 10 4 58 4 60 24 4 20 4 52 4 12 25 16 38 16 7 30 4 61 30 16 45 16 9 54 4 34 4 81 33 4 37 4 28 4 21 55 4 13 4 53 4 43 4 48 19 4 24 4 119 47 4 18 4 31 4 9 4 68 48 4 16 4 12 4 86 56 4 8 4 34 4 99 38 4 28 4 6 4 92 46 4 18 4 8 4 87 34 4 36 4 59 4 20 4 111 50 4 8 4 49 4 47 4 13 43 4 16 4 47 4 0 32 4 42 4 16 4 6 25 4 35 4 51 4 
iteration 1027 best: 1.28732 leader: 1.28732 time: 503770
4 14 4 15 4 38 4 79 39 4 19 4 24 59 4 42 4 42 4 100 17 4 52 4 29 4 71 39 4 8 4 16 4 105 26 4 10 4 38 4 34 4 117 43 4 23 4 41 4 48 49 4 31 4 15 59 4 14 4 13 14 4 42 4 38 4 49 4 12 40 4 60 4 97 28 4 57 4 25 5 4 22 4 51 4 45 4 51 4 9 33 4 54 4 5 4 57 4 6 26 4 43 4 116 48 4 45 4 40 4 12 4 24 56 4 31 4 12 4 36 54 4 42 4 64 19 4 52 4 4 53 20 1 21 4 48 4 51 4 32 30 20 86 19 4 10 4 46 4 80 7 4 8 4 51 4 26 4 61 37 4 21 4 6 16 4 51 4 6 4 99 43 4 11 4 104 57 4 58 4 42 4 119 6 4 31 4 60 4 12 50 4 6 4 38 15 4 30 4 11 14 4 64 52 4 12 4 54 4 94 58 4 59 4 79 38 4 46 4 54 51 4 17 4 116 20 4 38 4 103 23 4 33 4 0 46 4 6 4 58 31 4 41 4 78 30 4 13 4 44 19 4 49 4 57 4 29 42 4 16 4 76 51 4 58 4 9 4 99 59 4 42 4 57 4 106 16 4 44 4 60 4 50 4 10 47 4 58 4 40 4 5 4 68 58 4 13 4 52 4 14 47 4 15 4 12 60 4 27 4 32 4 80 18 4 31 4 40 4 7 47 4 10 4 58 4 60 24 4 20 4 52 4 12 25 16 38 16 7 30 4 61 30 16 45 16 9 54 4 34 4 81 33 4 37 4 28 4 21 55 4 13 4 53 4 43 4 48 19 4 24 4 119 47 4 18 4 31 4 9 4 68 48 4 16 4 12 4 86 56 4 8 4 34 4 99 38 4 28 4 6 4 92 46 4 18 4 8 4 87 34 4 36 4 59 4 20 4 111 50 4 8 4 49 4 47 4 13 43 4 16 4 47 4 0 32 4 42 4 16 4 6 25 4 35 4 51 4 
iteration 1042 best: 1.28732 leader: 1.28732 time: 511026
4 14 4 15 4 38 4 79 39 4 19 4 24 59 4 42 4 42 4 100 17 4 52 4 29 4 71 39 4 8 4 16 4 105 26 4 10 4 38 4 34 4 117 43 4 23 4 41 4 48 49 4 31 4 15 59 4 14 4 13 14 4 42 4 38 4 49 4 12 40 4 60 4 97 28 4 57 4 25 5 4 22 4 51 4 45 4 51 4 9 33 4 54 4 5 4 57 4 6 26 4 43 4 116 48 4 45 4 40 4 12 4 24 56 4 31 4 12 4 36 54 4 42 4 64 19 4 52 4 4 53 20 1 21 4 48 4 51 4 32 30 20 86 19 4 10 4 46 4 80 7 4 8 4 51 4 26 4 61 37 4 21 4 6 16 4 51 4 6 4 99 43 4 11 4 104 57 4 58 4 42 4 119 6 4 31 4 60 4 12 50 4 6 4 38 15 4 30 4 11 14 4 64 52 4 12 4 54 4 94 58 4 59 4 79 38 4 46 4 54 51 4 17 4 116 20 4 38 4 103 23 4 33 4 0 46 4 6 4 58 31 4 41 4 78 30 4 13 4 44 19 4 49 4 57 4 29 42 4 16 4 76 51 4 58 4 9 4 99 59 4 42 4 57 4 106 16 4 44 4 60 4 50 4 10 47 4 58 4 40 4 5 4 68 58 4 13 4 52 4 14 47 4 15 4 12 60 4 27 4 32 4 80 18 4 31 4 40 4 7 47 4 10 4 58 4 60 24 4 20 4 52 4 12 25 16 38 16 7 30 4 61 30 16 45 16 9 54 4 34 4 81 33 4 37 4 28 4 21 55 4 13 4 53 4 43 4 48 19 4 24 4 119 47 4 18 4 31 4 9 4 68 48 4 16 4 12 4 86 56 4 8 4 34 4 99 38 4 28 4 6 4 92 46 4 18 4 8 4 87 34 4 36 4 59 4 20 4 111 50 4 8 4 49 4 47 4 13 43 4 16 4 47 4 0 32 4 42 4 16 4 6 25 4 35 4 51 4 
iteration 1057 best: 1.28732 leader: 1.28732 time: 518296
4 14 4 15 4 38 4 79 39 4 19 4 24 59 4 42 4 42 4 100 17 4 52 4 29 4 71 39 4 8 4 16 4 105 26 4 10 4 38 4 34 4 117 43 4 23 4 41 4 48 49 4 31 4 15 59 4 14 4 13 14 4 42 4 38 4 49 4 12 40 4 60 4 97 28 4 57 4 25 5 4 22 4 51 4 45 4 51 4 9 33 4 54 4 5 4 57 4 6 26 4 43 4 116 48 4 45 4 40 4 12 4 24 56 4 31 4 12 4 36 54 4 42 4 64 19 4 52 4 4 53 20 1 21 4 48 4 51 4 32 30 20 86 19 4 10 4 46 4 80 7 4 8 4 51 4 26 4 61 37 4 21 4 6 16 4 51 4 6 4 99 43 4 11 4 104 57 4 58 4 42 4 119 6 4 31 4 60 4 12 50 4 6 4 38 15 4 30 4 11 14 4 64 52 4 12 4 54 4 94 58 4 59 4 79 38 4 46 4 54 51 4 17 4 116 20 4 38 4 103 23 4 33 4 0 46 4 6 4 58 31 4 41 4 78 30 4 13 4 44 19 4 49 4 57 4 29 42 4 16 4 76 51 4 58 4 9 4 99 59 4 42 4 57 4 106 16 4 44 4 60 4 50 4 10 47 4 58 4 40 4 5 4 68 58 4 13 4 52 4 14 47 4 15 4 12 60 4 27 4 32 4 80 18 4 31 4 40 4 7 47 4 10 4 58 4 60 24 4 20 4 52 4 12 25 16 38 16 7 30 4 61 30 16 45 16 9 54 4 34 4 81 33 4 37 4 28 4 21 55 4 13 4 53 4 43 4 48 19 4 24 4 119 47 4 18 4 31 4 9 4 68 48 4 16 4 12 4 86 56 4 8 4 34 4 99 38 4 28 4 6 4 92 46 4 18 4 8 4 87 34 4 36 4 59 4 20 4 111 50 4 8 4 49 4 47 4 13 43 4 16 4 47 4 0 32 4 42 4 16 4 6 25 4 35 4 51 4 
iteration 1072 best: 1.28732 leader: 1.28732 time: 525574
4 14 4 15 4 38 4 79 39 4 19 4 24 59 4 42 4 42 4 100 17 4 52 4 29 4 71 39 4 8 4 16 4 105 26 4 10 4 38 4 34 4 117 43 4 23 4 41 4 48 49 4 31 4 15 59 4 14 4 13 14 4 42 4 38 4 49 4 12 40 4 60 4 97 28 4 57 4 25 5 4 22 4 51 4 45 4 51 4 9 33 4 54 4 5 4 57 4 6 26 4 43 4 116 48 4 45 4 40 4 12 4 24 56 4 31 4 12 4 36 54 4 42 4 64 19 4 52 4 4 53 20 1 21 4 48 4 51 4 32 30 20 86 19 4 10 4 46 4 80 7 4 8 4 51 4 26 4 61 37 4 21 4 6 16 4 51 4 6 4 99 43 4 11 4 104 57 4 58 4 42 4 119 6 4 31 4 60 4 12 50 4 6 4 38 15 4 30 4 11 14 4 64 52 4 12 4 54 4 94 58 4 59 4 79 38 4 46 4 54 51 4 17 4 116 20 4 38 4 103 23 4 33 4 0 46 4 6 4 58 31 4 41 4 78 30 4 13 4 44 19 4 49 4 57 4 29 42 4 16 4 76 51 4 58 4 9 4 99 59 4 42 4 57 4 106 16 4 44 4 60 4 50 4 10 47 4 58 4 40 4 5 4 68 58 4 13 4 52 4 14 47 4 15 4 12 60 4 27 4 32 4 80 18 4 31 4 40 4 7 47 4 10 4 58 4 60 24 4 20 4 52 4 12 25 16 38 16 7 30 4 61 30 16 45 16 9 54 4 34 4 81 33 4 37 4 28 4 21 55 4 13 4 53 4 43 4 48 19 4 24 4 119 47 4 18 4 31 4 9 4 68 48 4 16 4 12 4 86 56 4 8 4 34 4 99 38 4 28 4 6 4 92 46 4 18 4 8 4 87 34 4 36 4 59 4 20 4 111 50 4 8 4 49 4 47 4 13 43 4 16 4 47 4 0 32 4 42 4 16 4 6 25 4 35 4 51 4 
iteration 1087 best: 1.28732 leader: 1.28732 time: 532845
4 14 4 15 4 38 4 79 39 4 19 4 24 59 4 42 4 42 4 100 17 4 52 4 29 4 71 39 4 8 4 16 4 105 26 4 10 4 38 4 34 4 117 43 4 23 4 41 4 48 49 4 31 4 15 59 4 14 4 13 14 4 42 4 38 4 49 4 12 40 4 60 4 97 28 4 57 4 25 5 4 22 4 51 4 45 4 51 4 9 33 4 54 4 5 4 57 4 6 26 4 43 4 116 48 4 45 4 40 4 12 4 24 56 4 31 4 12 4 36 54 4 42 4 64 19 4 52 4 4 53 20 1 21 4 48 4 51 4 32 30 20 86 19 4 10 4 46 4 80 7 4 8 4 51 4 26 4 61 37 4 21 4 6 16 4 51 4 6 4 99 43 4 11 4 104 57 4 58 4 42 4 119 6 4 31 4 60 4 12 50 4 6 4 38 15 4 30 4 11 14 4 64 52 4 12 4 54 4 94 58 4 59 4 79 38 4 46 4 54 51 4 17 4 116 20 4 38 4 103 23 4 33 4 0 46 4 6 4 58 31 4 41 4 78 30 4 13 4 44 19 4 49 4 57 4 29 42 4 16 4 76 51 4 58 4 9 4 99 59 4 42 4 57 4 106 16 4 44 4 60 4 50 4 10 47 4 58 4 40 4 5 4 68 58 4 13 4 52 4 14 47 4 15 4 12 60 4 27 4 32 4 80 18 4 31 4 40 4 7 47 4 10 4 58 4 60 24 4 20 4 52 4 12 25 16 38 16 7 30 4 61 30 16 45 16 9 54 4 34 4 81 33 4 37 4 28 4 21 55 4 13 4 53 4 43 4 48 19 4 24 4 119 47 4 18 4 31 4 9 4 68 48 4 16 4 12 4 86 56 4 8 4 34 4 99 38 4 28 4 6 4 92 46 4 18 4 8 4 87 34 4 36 4 59 4 20 4 111 50 4 8 4 49 4 47 4 13 43 4 16 4 47 4 0 32 4 42 4 16 4 6 25 4 35 4 51 4 
iteration 1102 best: 1.28732 leader: 1.28732 time: 540122
4 14 4 15 4 38 4 79 39 4 19 4 24 59 4 42 4 42 4 100 17 4 52 4 29 4 71 39 4 8 4 16 4 105 26 4 10 4 38 4 34 4 117 43 4 23 4 41 4 48 49 4 31 4 15 59 4 14 4 13 14 4 42 4 38 4 49 4 12 40 4 60 4 97 28 4 57 4 25 5 4 22 4 51 4 45 4 51 4 9 33 4 54 4 5 4 57 4 6 26 4 43 4 116 48 4 45 4 40 4 12 4 24 56 4 31 4 12 4 36 54 4 42 4 64 19 4 52 4 4 53 20 1 21 4 48 4 51 4 32 30 20 86 19 4 10 4 46 4 80 7 4 8 4 51 4 26 4 61 37 4 21 4 6 16 4 51 4 6 4 99 43 4 11 4 104 57 4 58 4 42 4 119 6 4 31 4 60 4 12 50 4 6 4 38 15 4 30 4 11 14 4 64 52 4 12 4 54 4 94 58 4 59 4 79 38 4 46 4 54 51 4 17 4 116 20 4 38 4 103 23 4 33 4 0 46 4 6 4 58 31 4 41 4 78 30 4 13 4 44 19 4 49 4 57 4 29 42 4 16 4 76 51 4 58 4 9 4 99 59 4 42 4 57 4 106 16 4 44 4 60 4 50 4 10 47 4 58 4 40 4 5 4 68 58 4 13 4 52 4 14 47 4 15 4 12 60 4 27 4 32 4 80 18 4 31 4 40 4 7 47 4 10 4 58 4 60 24 4 20 4 52 4 12 25 16 38 16 7 30 4 61 30 16 45 16 9 54 4 34 4 81 33 4 37 4 28 4 21 55 4 13 4 53 4 43 4 48 19 4 24 4 119 47 4 18 4 31 4 9 4 68 48 4 16 4 12 4 86 56 4 8 4 34 4 99 38 4 28 4 6 4 92 46 4 18 4 8 4 87 34 4 36 4 59 4 20 4 111 50 4 8 4 49 4 47 4 13 43 4 16 4 47 4 0 32 4 42 4 16 4 6 25 4 35 4 51 4 
iteration 1117 best: 1.28732 leader: 1.28732 time: 547378
4 14 4 15 4 38 4 79 39 4 19 4 24 59 4 42 4 42 4 100 17 4 52 4 29 4 71 39 4 8 4 16 4 105 26 4 10 4 38 4 34 4 117 43 4 23 4 41 4 48 49 4 31 4 15 59 4 14 4 13 14 4 42 4 38 4 49 4 12 40 4 60 4 97 28 4 57 4 25 5 4 22 4 51 4 45 4 51 4 9 33 4 54 4 5 4 57 4 6 26 4 43 4 116 48 4 45 4 40 4 12 4 24 56 4 31 4 12 4 36 54 4 42 4 64 19 4 52 4 4 53 20 1 21 4 48 4 51 4 32 30 20 86 19 4 10 4 46 4 80 7 4 8 4 51 4 26 4 61 37 4 21 4 6 16 4 51 4 6 4 99 43 4 11 4 104 57 4 58 4 42 4 119 6 4 31 4 60 4 12 50 4 6 4 38 15 4 30 4 11 14 4 64 52 4 12 4 54 4 94 58 4 59 4 79 38 4 46 4 54 51 4 17 4 116 20 4 38 4 103 23 4 33 4 0 46 4 6 4 58 31 4 41 4 78 30 4 13 4 44 19 4 49 4 57 4 29 42 4 16 4 76 51 4 58 4 9 4 99 59 4 42 4 57 4 106 16 4 44 4 60 4 50 4 10 47 4 58 4 40 4 5 4 68 58 4 13 4 52 4 14 47 4 15 4 12 60 4 27 4 32 4 80 18 4 31 4 40 4 7 47 4 10 4 58 4 60 24 4 20 4 52 4 12 25 16 38 16 7 30 4 61 30 16 45 16 9 54 4 34 4 81 33 4 37 4 28 4 21 55 4 13 4 53 4 43 4 48 19 4 24 4 119 47 4 18 4 31 4 9 4 68 48 4 16 4 12 4 86 56 4 8 4 34 4 99 38 4 28 4 6 4 92 46 4 18 4 8 4 87 34 4 36 4 59 4 20 4 111 50 4 8 4 49 4 47 4 13 43 4 16 4 47 4 0 32 4 42 4 16 4 6 25 4 35 4 51 4 
iteration 1132 best: 1.28732 leader: 1.28732 time: 554663
4 14 4 15 4 38 4 79 39 4 19 4 24 59 4 42 4 42 4 100 17 4 52 4 29 4 71 39 4 8 4 16 4 105 26 4 10 4 38 4 34 4 117 43 4 23 4 41 4 48 49 4 31 4 15 59 4 14 4 13 14 4 42 4 38 4 49 4 12 40 4 60 4 97 28 4 57 4 25 5 4 22 4 51 4 45 4 51 4 9 33 4 54 4 5 4 57 4 6 26 4 43 4 116 48 4 45 4 40 4 12 4 24 56 4 31 4 12 4 36 54 4 42 4 64 19 4 52 4 4 53 20 1 21 4 48 4 51 4 32 30 20 86 19 4 10 4 46 4 80 7 4 8 4 51 4 26 4 61 37 4 21 4 6 16 4 51 4 6 4 99 43 4 11 4 104 57 4 58 4 42 4 119 6 4 31 4 60 4 12 50 4 6 4 38 15 4 30 4 11 14 4 64 52 4 12 4 54 4 94 58 4 59 4 79 38 4 46 4 54 51 4 17 4 116 20 4 38 4 103 23 4 33 4 0 46 4 6 4 58 31 4 41 4 78 30 4 13 4 44 19 4 49 4 57 4 29 42 4 16 4 76 51 4 58 4 9 4 99 59 4 42 4 57 4 106 16 4 44 4 60 4 50 4 10 47 4 58 4 40 4 5 4 68 58 4 13 4 52 4 14 47 4 15 4 12 60 4 27 4 32 4 80 18 4 31 4 40 4 7 47 4 10 4 58 4 60 24 4 20 4 52 4 12 25 16 38 16 7 30 4 61 30 16 45 16 9 54 4 34 4 81 33 4 37 4 28 4 21 55 4 13 4 53 4 43 4 48 19 4 24 4 119 47 4 18 4 31 4 9 4 68 48 4 16 4 12 4 86 56 4 8 4 34 4 99 38 4 28 4 6 4 92 46 4 18 4 8 4 87 34 4 36 4 59 4 20 4 111 50 4 8 4 49 4 47 4 13 43 4 16 4 47 4 0 32 4 42 4 16 4 6 25 4 35 4 51 4 
iteration 1147 best: 1.28732 leader: 1.28732 time: 561962
4 14 4 15 4 38 4 79 39 4 19 4 24 59 4 42 4 42 4 100 17 4 52 4 29 4 71 39 4 8 4 16 4 105 26 4 10 4 38 4 34 4 117 43 4 23 4 41 4 48 49 4 31 4 15 59 4 14 4 13 14 4 42 4 38 4 49 4 12 40 4 60 4 97 28 4 57 4 25 5 4 22 4 51 4 45 4 51 4 9 33 4 54 4 5 4 57 4 6 26 4 43 4 116 48 4 45 4 40 4 12 4 24 56 4 31 4 12 4 36 54 4 42 4 64 19 4 52 4 4 53 20 1 21 4 48 4 51 4 32 30 20 86 19 4 10 4 46 4 80 7 4 8 4 51 4 26 4 61 37 4 21 4 6 16 4 51 4 6 4 99 43 4 11 4 104 57 4 58 4 42 4 119 6 4 31 4 60 4 12 50 4 6 4 38 15 4 30 4 11 14 4 64 52 4 12 4 54 4 94 58 4 59 4 79 38 4 46 4 54 51 4 17 4 116 20 4 38 4 103 23 4 33 4 0 46 4 6 4 58 31 4 41 4 78 30 4 13 4 44 19 4 49 4 57 4 29 42 4 16 4 76 51 4 58 4 9 4 99 59 4 42 4 57 4 106 16 4 44 4 60 4 50 4 10 47 4 58 4 40 4 5 4 68 58 4 13 4 52 4 14 47 4 15 4 12 60 4 27 4 32 4 80 18 4 31 4 40 4 7 47 4 10 4 58 4 60 24 4 20 4 52 4 12 25 16 38 16 7 30 4 61 30 16 45 16 9 54 4 34 4 81 33 4 37 4 28 4 21 55 4 13 4 53 4 43 4 48 19 4 24 4 119 47 4 18 4 31 4 9 4 68 48 4 16 4 12 4 86 56 4 8 4 34 4 99 38 4 28 4 6 4 92 46 4 18 4 8 4 87 34 4 36 4 59 4 20 4 111 50 4 8 4 49 4 47 4 13 43 4 16 4 47 4 0 32 4 42 4 16 4 6 25 4 35 4 51 4 
iteration 1162 best: 1.28732 leader: 1.28732 time: 569245
4 14 4 15 4 38 4 79 39 4 19 4 24 59 4 42 4 42 4 100 17 4 52 4 29 4 71 39 4 8 4 16 4 105 26 4 10 4 38 4 34 4 117 43 4 23 4 41 4 48 49 4 31 4 15 59 4 14 4 13 14 4 42 4 38 4 49 4 12 40 4 60 4 97 28 4 57 4 25 5 4 22 4 51 4 45 4 51 4 9 33 4 54 4 5 4 57 4 6 26 4 43 4 116 48 4 45 4 40 4 12 4 24 56 4 31 4 12 4 36 54 4 42 4 64 19 4 52 4 4 53 20 1 21 4 48 4 51 4 32 30 20 86 19 4 10 4 46 4 80 7 4 8 4 51 4 26 4 61 37 4 21 4 6 16 4 51 4 6 4 99 43 4 11 4 104 57 4 58 4 42 4 119 6 4 31 4 60 4 12 50 4 6 4 38 15 4 30 4 11 14 4 64 52 4 12 4 54 4 94 58 4 59 4 79 38 4 46 4 54 51 4 17 4 116 20 4 38 4 103 23 4 33 4 0 46 4 6 4 58 31 4 41 4 78 30 4 13 4 44 19 4 49 4 57 4 29 42 4 16 4 76 51 4 58 4 9 4 99 59 4 42 4 57 4 106 16 4 44 4 60 4 50 4 10 47 4 58 4 40 4 5 4 68 58 4 13 4 52 4 14 47 4 15 4 12 60 4 27 4 32 4 80 18 4 31 4 40 4 7 47 4 10 4 58 4 60 24 4 20 4 52 4 12 25 16 38 16 7 30 4 61 30 16 45 16 9 54 4 34 4 81 33 4 37 4 28 4 21 55 4 13 4 53 4 43 4 48 19 4 24 4 119 47 4 18 4 31 4 9 4 68 48 4 16 4 12 4 86 56 4 8 4 34 4 99 38 4 28 4 6 4 92 46 4 18 4 8 4 87 34 4 36 4 59 4 20 4 111 50 4 8 4 49 4 47 4 13 43 4 16 4 47 4 0 32 4 42 4 16 4 6 25 4 35 4 51 4 
iteration 1177 best: 1.28732 leader: 1.28732 time: 576495
4 14 4 15 4 38 4 79 39 4 19 4 24 59 4 42 4 42 4 100 17 4 52 4 29 4 71 39 4 8 4 16 4 105 26 4 10 4 38 4 34 4 117 43 4 23 4 41 4 48 49 4 31 4 15 59 4 14 4 13 14 4 42 4 38 4 49 4 12 40 4 60 4 97 28 4 57 4 25 5 4 22 4 51 4 45 4 51 4 9 33 4 54 4 5 4 57 4 6 26 4 43 4 116 48 4 45 4 40 4 12 4 24 56 4 31 4 12 4 36 54 4 42 4 64 19 4 52 4 4 53 20 1 21 4 48 4 51 4 32 30 20 86 19 4 10 4 46 4 80 7 4 8 4 51 4 26 4 61 37 4 21 4 6 16 4 51 4 6 4 99 43 4 11 4 104 57 4 58 4 42 4 119 6 4 31 4 60 4 12 50 4 6 4 38 15 4 30 4 11 14 4 64 52 4 12 4 54 4 94 58 4 59 4 79 38 4 46 4 54 51 4 17 4 116 20 4 38 4 103 23 4 33 4 0 46 4 6 4 58 31 4 41 4 78 30 4 13 4 44 19 4 49 4 57 4 29 42 4 16 4 76 51 4 58 4 9 4 99 59 4 42 4 57 4 106 16 4 44 4 60 4 50 4 10 47 4 58 4 40 4 5 4 68 58 4 13 4 52 4 14 47 4 15 4 12 60 4 27 4 32 4 80 18 4 31 4 40 4 7 47 4 10 4 58 4 60 24 4 20 4 52 4 12 25 16 38 16 7 30 4 61 30 16 45 16 9 54 4 34 4 81 33 4 37 4 28 4 21 55 4 13 4 53 4 43 4 48 19 4 24 4 119 47 4 18 4 31 4 9 4 68 48 4 16 4 12 4 86 56 4 8 4 34 4 99 38 4 28 4 6 4 92 46 4 18 4 8 4 87 34 4 36 4 59 4 20 4 111 50 4 8 4 49 4 47 4 13 43 4 16 4 47 4 0 32 4 42 4 16 4 6 25 4 35 4 51 4 
iteration 1192 best: 1.28732 leader: 1.28732 time: 583736
4 14 4 15 4 38 4 79 39 4 19 4 24 59 4 42 4 42 4 100 17 4 52 4 29 4 71 39 4 8 4 16 4 105 26 4 10 4 38 4 34 4 117 43 4 23 4 41 4 48 49 4 31 4 15 59 4 14 4 13 14 4 42 4 38 4 49 4 12 40 4 60 4 97 28 4 57 4 25 5 4 22 4 51 4 45 4 51 4 9 33 4 54 4 5 4 57 4 6 26 4 43 4 116 48 4 45 4 40 4 12 4 24 56 4 31 4 12 4 36 54 4 42 4 64 19 4 52 4 4 53 20 1 21 4 48 4 51 4 32 30 20 86 19 4 10 4 46 4 80 7 4 8 4 51 4 26 4 61 37 4 21 4 6 16 4 51 4 6 4 99 43 4 11 4 104 57 4 58 4 42 4 119 6 4 31 4 60 4 12 50 4 6 4 38 15 4 30 4 11 14 4 64 52 4 12 4 54 4 94 58 4 59 4 79 38 4 46 4 54 51 4 17 4 116 20 4 38 4 103 23 4 33 4 0 46 4 6 4 58 31 4 41 4 78 30 4 13 4 44 19 4 49 4 57 4 29 42 4 16 4 76 51 4 58 4 9 4 99 59 4 42 4 57 4 106 16 4 44 4 60 4 50 4 10 47 4 58 4 40 4 5 4 68 58 4 13 4 52 4 14 47 4 15 4 12 60 4 27 4 32 4 80 18 4 31 4 40 4 7 47 4 10 4 58 4 60 24 4 20 4 52 4 12 25 16 38 16 7 30 4 61 30 16 45 16 9 54 4 34 4 81 33 4 37 4 28 4 21 55 4 13 4 53 4 43 4 48 19 4 24 4 119 47 4 18 4 31 4 9 4 68 48 4 16 4 12 4 86 56 4 8 4 34 4 99 38 4 28 4 6 4 92 46 4 18 4 8 4 87 34 4 36 4 59 4 20 4 111 50 4 8 4 49 4 47 4 13 43 4 16 4 47 4 0 32 4 42 4 16 4 6 25 4 35 4 51 4 
iteration 1207 best: 1.28732 leader: 1.28732 time: 590998
4 14 4 15 4 38 4 79 39 4 19 4 24 59 4 42 4 42 4 100 17 4 52 4 29 4 71 39 4 8 4 16 4 105 26 4 10 4 38 4 34 4 117 43 4 23 4 41 4 48 49 4 31 4 15 59 4 14 4 13 14 4 42 4 38 4 49 4 12 40 4 60 4 97 28 4 57 4 25 5 4 22 4 51 4 45 4 51 4 9 33 4 54 4 5 4 57 4 6 26 4 43 4 116 48 4 45 4 40 4 12 4 24 56 4 31 4 12 4 36 54 4 42 4 64 19 4 52 4 4 53 20 1 21 4 48 4 51 4 32 30 20 86 19 4 10 4 46 4 80 7 4 8 4 51 4 26 4 61 37 4 21 4 6 16 4 51 4 6 4 99 43 4 11 4 104 57 4 58 4 42 4 119 6 4 31 4 60 4 12 50 4 6 4 38 15 4 30 4 11 14 4 64 52 4 12 4 54 4 94 58 4 59 4 79 38 4 46 4 54 51 4 17 4 116 20 4 38 4 103 23 4 33 4 0 46 4 6 4 58 31 4 41 4 78 30 4 13 4 44 19 4 49 4 57 4 29 42 4 16 4 76 51 4 58 4 9 4 99 59 4 42 4 57 4 106 16 4 44 4 60 4 50 4 10 47 4 58 4 40 4 5 4 68 58 4 13 4 52 4 14 47 4 15 4 12 60 4 27 4 32 4 80 18 4 31 4 40 4 7 47 4 10 4 58 4 60 24 4 20 4 52 4 12 25 16 38 16 7 30 4 61 30 16 45 16 9 54 4 34 4 81 33 4 37 4 28 4 21 55 4 13 4 53 4 43 4 48 19 4 24 4 119 47 4 18 4 31 4 9 4 68 48 4 16 4 12 4 86 56 4 8 4 34 4 99 38 4 28 4 6 4 92 46 4 18 4 8 4 87 34 4 36 4 59 4 20 4 111 50 4 8 4 49 4 47 4 13 43 4 16 4 47 4 0 32 4 42 4 16 4 6 25 4 35 4 51 4 
iteration 1222 best: 1.28732 leader: 1.28732 time: 598277
4 14 4 15 4 38 4 79 39 4 19 4 24 59 4 42 4 42 4 100 17 4 52 4 29 4 71 39 4 8 4 16 4 105 26 4 10 4 38 4 34 4 117 43 4 23 4 41 4 48 49 4 31 4 15 59 4 14 4 13 14 4 42 4 38 4 49 4 12 40 4 60 4 97 28 4 57 4 25 5 4 22 4 51 4 45 4 51 4 9 33 4 54 4 5 4 57 4 6 26 4 43 4 116 48 4 45 4 40 4 12 4 24 56 4 31 4 12 4 36 54 4 42 4 64 19 4 52 4 4 53 20 1 21 4 48 4 51 4 32 30 20 86 19 4 10 4 46 4 80 7 4 8 4 51 4 26 4 61 37 4 21 4 6 16 4 51 4 6 4 99 43 4 11 4 104 57 4 58 4 42 4 119 6 4 31 4 60 4 12 50 4 6 4 38 15 4 30 4 11 14 4 64 52 4 12 4 54 4 94 58 4 59 4 79 38 4 46 4 54 51 4 17 4 116 20 4 38 4 103 23 4 33 4 0 46 4 6 4 58 31 4 41 4 78 30 4 13 4 44 19 4 49 4 57 4 29 42 4 16 4 76 51 4 58 4 9 4 99 59 4 42 4 57 4 106 16 4 44 4 60 4 50 4 10 47 4 58 4 40 4 5 4 68 58 4 13 4 52 4 14 47 4 15 4 12 60 4 27 4 32 4 80 18 4 31 4 40 4 7 47 4 10 4 58 4 60 24 4 20 4 52 4 12 25 16 38 16 7 30 4 61 30 16 45 16 9 54 4 34 4 81 33 4 37 4 28 4 21 55 4 13 4 53 4 43 4 48 19 4 24 4 119 47 4 18 4 31 4 9 4 68 48 4 16 4 12 4 86 56 4 8 4 34 4 99 38 4 28 4 6 4 92 46 4 18 4 8 4 87 34 4 36 4 59 4 20 4 111 50 4 8 4 49 4 47 4 13 43 4 16 4 47 4 0 32 4 42 4 16 4 6 25 4 35 4 51 4 
Best solution: 
4 14 4 15 4 38 4 79 39 4 19 4 24 59 4 42 4 42 4 100 17 4 52 4 29 4 71 39 4 8 4 16 4 105 26 4 10 4 38 4 34 4 117 43 4 23 4 41 4 48 49 4 31 4 15 59 4 14 4 13 14 4 42 4 38 4 49 4 12 40 4 60 4 97 28 4 57 4 25 5 4 22 4 51 4 45 4 51 4 9 33 4 54 4 5 4 57 4 6 26 4 43 4 116 48 4 45 4 40 4 12 4 24 56 4 31 4 12 4 36 54 4 42 4 64 19 4 52 4 4 53 20 1 21 4 48 4 51 4 32 30 20 86 19 4 10 4 46 4 80 7 4 8 4 51 4 26 4 61 37 4 21 4 6 16 4 51 4 6 4 99 43 4 11 4 104 57 4 58 4 42 4 119 6 4 31 4 60 4 12 50 4 6 4 38 15 4 30 4 11 14 4 64 52 4 12 4 54 4 94 58 4 59 4 79 38 4 46 4 54 51 4 17 4 116 20 4 38 4 103 23 4 33 4 0 46 4 6 4 58 31 4 41 4 78 30 4 13 4 44 19 4 49 4 57 4 29 42 4 16 4 76 51 4 58 4 9 4 99 59 4 42 4 57 4 106 16 4 44 4 60 4 50 4 10 47 4 58 4 40 4 5 4 68 58 4 13 4 52 4 14 47 4 15 4 12 60 4 27 4 32 4 80 18 4 31 4 40 4 7 47 4 10 4 58 4 60 24 4 20 4 52 4 12 25 16 38 16 7 30 4 61 30 16 45 16 9 54 4 34 4 81 33 4 37 4 28 4 21 55 4 13 4 53 4 43 4 48 19 4 24 4 119 47 4 18 4 31 4 9 4 68 48 4 16 4 12 4 86 56 4 8 4 34 4 99 38 4 28 4 6 4 92 46 4 18 4 8 4 87 34 4 36 4 59 4 20 4 111 50 4 8 4 49 4 47 4 13 43 4 16 4 47 4 0 32 4 42 4 16 4 6 25 4 35 4 51 4 
Fitness: 1.28732
