iteration 15 best: 1.15109 leader: 1.15109 time: 7213
86 57 4 5 4 5 4 69 60 4 22 4 0 37 4 31 4 35 4 119 16 4 34 4 16 4 78 57 4 20 4 48 4 119 47 4 37 4 17 4 29 4 53 60 4 39 4 26 4 66 56 4 60 4 101 42 4 39 4 99 21 4 34 4 29 4 22 4 66 12 4 28 4 18 30 4 5 4 81 5 4 5 4 55 4 54 4 19 4 119 35 4 12 4 40 4 48 4 74 48 4 44 4 94 6 4 15 4 29 4 28 4 74 41 4 8 4 48 4 11 20 4 30 4 94 23 4 46 4 28 60 20 101 5 4 21 4 39 4 34 59 20 45 28 4 6 4 57 4 53 22 4 60 4 5 4 5 4 103 13 4 20 4 74 15 4 14 4 19 4 51 18 4 48 4 117 35 4 45 4 46 4 47 20 4 10 4 17 4 0 33 4 51 4 27 13 4 56 4 40 39 4 73 38 4 26 4 50 4 82 35 4 42 4 66 23 4 35 4 41 51 4 19 4 57 60 4 30 4 29 51 4 33 4 34 11 4 9 4 2 38 4 20 4 37 47 4 9 4 56 5 4 39 4 38 4 0 55 4 24 4 84 5 4 47 4 47 4 52 47 4 20 4 51 4 74 32 4 5 4 24 4 30 4 70 24 4 50 4 5 4 35 4 107 21 4 27 4 5 4 74 60 4 34 4 119 27 4 43 4 17 4 61 52 4 5 4 40 4 62 59 4 25 4 24 4 119 27 4 36 4 16 4 36 32 16 60 16 16 60 4 96 18 16 24 16 119 43 4 39 4 119 40 4 16 4 58 4 0 53 4 5 4 32 4 8 4 92 5 4 31 4 75 43 4 35 4 24 4 39 4 50 24 4 38 4 8 4 119 16 4 33 4 18 4 19 33 4 38 4 5 4 70 35 4 7 4 25 4 0 43 4 26 4 5 4 31 4 112 22 4 60 4 27 4 22 4 0 47 4 49 4 42 4 71 50 4 9 4 31 4 100 32 4 40 4 55 4 
iteration 31 best: 1.15109 leader: 1.15109 time: 14825
86 57 4 5 4 5 4 69 60 4 22 4 0 37 4 31 4 35 4 119 16 4 34 4 16 4 78 57 4 20 4 48 4 119 47 4 37 4 17 4 29 4 53 60 4 39 4 26 4 66 56 4 60 4 101 42 4 39 4 99 21 4 34 4 29 4 22 4 66 12 4 28 4 18 30 4 5 4 81 5 4 5 4 55 4 54 4 19 4 119 35 4 12 4 40 4 48 4 74 48 4 44 4 94 6 4 15 4 29 4 28 4 74 41 4 8 4 48 4 11 20 4 30 4 94 23 4 46 4 28 60 20 101 5 4 21 4 39 4 34 59 20 45 28 4 6 4 57 4 53 22 4 60 4 5 4 5 4 103 13 4 20 4 74 15 4 14 4 19 4 51 18 4 48 4 117 35 4 45 4 46 4 47 20 4 10 4 17 4 0 33 4 51 4 27 13 4 56 4 40 39 4 73 38 4 26 4 50 4 82 35 4 42 4 66 23 4 35 4 41 51 4 19 4 57 60 4 30 4 29 51 4 33 4 34 11 4 9 4 2 38 4 20 4 37 47 4 9 4 56 5 4 39 4 38 4 0 55 4 24 4 84 5 4 47 4 47 4 52 47 4 20 4 51 4 74 32 4 5 4 24 4 30 4 70 24 4 50 4 5 4 35 4 107 21 4 27 4 5 4 74 60 4 34 4 119 27 4 43 4 17 4 61 52 4 5 4 40 4 62 59 4 25 4 24 4 119 27 4 36 4 16 4 36 32 16 60 16 16 60 4 96 18 16 24 16 119 43 4 39 4 119 40 4 16 4 58 4 0 53 4 5 4 32 4 8 4 92 5 4 31 4 75 43 4 35 4 24 4 39 4 50 24 4 38 4 8 4 119 16 4 33 4 18 4 19 33 4 38 4 5 4 70 35 4 7 4 25 4 0 43 4 26 4 5 4 31 4 112 22 4 60 4 27 4 22 4 0 47 4 49 4 42 4 71 50 4 9 4 31 4 100 32 4 40 4 55 4 
iteration 47 best: 1.15109 leader: 1.15109 time: 22495
86 57 4 5 4 5 4 69 60 4 22 4 0 37 4 31 4 35 4 119 16 4 34 4 16 4 78 57 4 20 4 48 4 119 47 4 37 4 17 4 29 4 53 60 4 39 4 26 4 66 56 4 60 4 101 42 4 39 4 99 21 4 34 4 29 4 22 4 66 12 4 28 4 18 30 4 5 4 81 5 4 5 4 55 4 54 4 19 4 119 35 4 12 4 40 4 48 4 74 48 4 44 4 94 6 4 15 4 29 4 28 4 74 41 4 8 4 48 4 11 20 4 30 4 94 23 4 46 4 28 60 20 101 5 4 21 4 39 4 34 59 20 45 28 4 6 4 57 4 53 22 4 60 4 5 4 5 4 103 13 4 20 4 74 15 4 14 4 19 4 51 18 4 48 4 117 35 4 45 4 46 4 47 20 4 10 4 17 4 0 33 4 51 4 27 13 4 56 4 40 39 4 73 38 4 26 4 50 4 82 35 4 42 4 66 23 4 35 4 41 51 4 19 4 57 60 4 30 4 29 51 4 33 4 34 11 4 9 4 2 38 4 20 4 37 47 4 9 4 56 5 4 39 4 38 4 0 55 4 24 4 84 5 4 47 4 47 4 52 47 4 20 4 51 4 74 32 4 5 4 24 4 30 4 70 24 4 50 4 5 4 35 4 107 21 4 27 4 5 4 74 60 4 34 4 119 27 4 43 4 17 4 61 52 4 5 4 40 4 62 59 4 25 4 24 4 119 27 4 36 4 16 4 36 32 16 60 16 16 60 4 96 18 16 24 16 119 43 4 39 4 119 40 4 16 4 58 4 0 53 4 5 4 32 4 8 4 92 5 4 31 4 75 43 4 35 4 24 4 39 4 50 24 4 38 4 8 4 119 16 4 33 4 18 4 19 33 4 38 4 5 4 70 35 4 7 4 25 4 0 43 4 26 4 5 4 31 4 112 22 4 60 4 27 4 22 4 0 47 4 49 4 42 4 71 50 4 9 4 31 4 100 32 4 40 4 55 4 
iteration 62 best: 1.15109 leader: 1.15109 time: 29741
86 57 4 5 4 5 4 69 60 4 22 4 0 37 4 31 4 35 4 119 16 4 34 4 16 4 78 57 4 20 4 48 4 119 47 4 37 4 17 4 29 4 53 60 4 39 4 26 4 66 56 4 60 4 101 42 4 39 4 99 21 4 34 4 29 4 22 4 66 12 4 28 4 18 30 4 5 4 81 5 4 5 4 55 4 54 4 19 4 119 35 4 12 4 40 4 48 4 74 48 4 44 4 94 6 4 15 4 29 4 28 4 74 41 4 8 4 48 4 11 20 4 30 4 94 23 4 46 4 28 60 20 101 5 4 21 4 39 4 34 59 20 45 28 4 6 4 57 4 53 22 4 60 4 5 4 5 4 103 13 4 20 4 74 15 4 14 4 19 4 51 18 4 48 4 117 35 4 45 4 46 4 47 20 4 10 4 17 4 0 33 4 51 4 27 13 4 56 4 40 39 4 73 38 4 26 4 50 4 82 35 4 42 4 66 23 4 35 4 41 51 4 19 4 57 60 4 30 4 29 51 4 33 4 34 11 4 9 4 2 38 4 20 4 37 47 4 9 4 56 5 4 39 4 38 4 0 55 4 24 4 84 5 4 47 4 47 4 52 47 4 20 4 51 4 74 32 4 5 4 24 4 30 4 70 24 4 50 4 5 4 35 4 107 21 4 27 4 5 4 74 60 4 34 4 119 27 4 43 4 17 4 61 52 4 5 4 40 4 62 59 4 25 4 24 4 119 27 4 36 4 16 4 36 32 16 60 16 16 60 4 96 18 16 24 16 119 43 4 39 4 119 40 4 16 4 58 4 0 53 4 5 4 32 4 8 4 92 5 4 31 4 75 43 4 35 4 24 4 39 4 50 24 4 38 4 8 4 119 16 4 33 4 18 4 19 33 4 38 4 5 4 70 35 4 7 4 25 4 0 43 4 26 4 5 4 31 4 112 22 4 60 4 27 4 22 4 0 47 4 49 4 42 4 71 50 4 9 4 31 4 100 32 4 40 4 55 4 
iteration 77 best: 1.15109 leader: 1.15109 time: 36976
86 57 4 5 4 5 4 69 60 4 22 4 0 37 4 31 4 35 4 119 16 4 34 4 16 4 78 57 4 20 4 48 4 119 47 4 37 4 17 4 29 4 53 60 4 39 4 26 4 66 56 4 60 4 101 42 4 39 4 99 21 4 34 4 29 4 22 4 66 12 4 28 4 18 30 4 5 4 81 5 4 5 4 55 4 54 4 19 4 119 35 4 12 4 40 4 48 4 74 48 4 44 4 94 6 4 15 4 29 4 28 4 74 41 4 8 4 48 4 11 20 4 30 4 94 23 4 46 4 28 60 20 101 5 4 21 4 39 4 34 59 20 45 28 4 6 4 57 4 53 22 4 60 4 5 4 5 4 103 13 4 20 4 74 15 4 14 4 19 4 51 18 4 48 4 117 35 4 45 4 46 4 47 20 4 10 4 17 4 0 33 4 51 4 27 13 4 56 4 40 39 4 73 38 4 26 4 50 4 82 35 4 42 4 66 23 4 35 4 41 51 4 19 4 57 60 4 30 4 29 51 4 33 4 34 11 4 9 4 2 38 4 20 4 37 47 4 9 4 56 5 4 39 4 38 4 0 55 4 24 4 84 5 4 47 4 47 4 52 47 4 20 4 51 4 74 32 4 5 4 24 4 30 4 70 24 4 50 4 5 4 35 4 107 21 4 27 4 5 4 74 60 4 34 4 119 27 4 43 4 17 4 61 52 4 5 4 40 4 62 59 4 25 4 24 4 119 27 4 36 4 16 4 36 32 16 60 16 16 60 4 96 18 16 24 16 119 43 4 39 4 119 40 4 16 4 58 4 0 53 4 5 4 32 4 8 4 92 5 4 31 4 75 43 4 35 4 24 4 39 4 50 24 4 38 4 8 4 119 16 4 33 4 18 4 19 33 4 38 4 5 4 70 35 4 7 4 25 4 0 43 4 26 4 5 4 31 4 112 22 4 60 4 27 4 22 4 0 47 4 49 4 42 4 71 50 4 9 4 31 4 100 32 4 40 4 55 4 
iteration 92 best: 1.15109 leader: 1.15109 time: 44232
86 57 4 5 4 5 4 69 60 4 22 4 0 37 4 31 4 35 4 119 16 4 34 4 16 4 78 57 4 20 4 48 4 119 47 4 37 4 17 4 29 4 53 60 4 39 4 26 4 66 56 4 60 4 101 42 4 39 4 99 21 4 34 4 29 4 22 4 66 12 4 28 4 18 30 4 5 4 81 5 4 5 4 55 4 54 4 19 4 119 35 4 12 4 40 4 48 4 74 48 4 44 4 94 6 4 15 4 29 4 28 4 74 41 4 8 4 48 4 11 20 4 30 4 94 23 4 46 4 28 60 20 101 5 4 21 4 39 4 34 59 20 45 28 4 6 4 57 4 53 22 4 60 4 5 4 5 4 103 13 4 20 4 74 15 4 14 4 19 4 51 18 4 48 4 117 35 4 45 4 46 4 47 20 4 10 4 17 4 0 33 4 51 4 27 13 4 56 4 40 39 4 73 38 4 26 4 50 4 82 35 4 42 4 66 23 4 35 4 41 51 4 19 4 57 60 4 30 4 29 51 4 33 4 34 11 4 9 4 2 38 4 20 4 37 47 4 9 4 56 5 4 39 4 38 4 0 55 4 24 4 84 5 4 47 4 47 4 52 47 4 20 4 51 4 74 32 4 5 4 24 4 30 4 70 24 4 50 4 5 4 35 4 107 21 4 27 4 5 4 74 60 4 34 4 119 27 4 43 4 17 4 61 52 4 5 4 40 4 62 59 4 25 4 24 4 119 27 4 36 4 16 4 36 32 16 60 16 16 60 4 96 18 16 24 16 119 43 4 39 4 119 40 4 16 4 58 4 0 53 4 5 4 32 4 8 4 92 5 4 31 4 75 43 4 35 4 24 4 39 4 50 24 4 38 4 8 4 119 16 4 33 4 18 4 19 33 4 38 4 5 4 70 35 4 7 4 25 4 0 43 4 26 4 5 4 31 4 112 22 4 60 4 27 4 22 4 0 47 4 49 4 42 4 71 50 4 9 4 31 4 100 32 4 40 4 55 4 
iteration 108 best: 1.15109 leader: 1.15109 time: 51820
86 57 4 5 4 5 4 69 60 4 22 4 0 37 4 31 4 35 4 119 16 4 34 4 16 4 78 57 4 20 4 48 4 119 47 4 37 4 17 4 29 4 53 60 4 39 4 26 4 66 56 4 60 4 101 42 4 39 4 99 21 4 34 4 29 4 22 4 66 12 4 28 4 18 30 4 5 4 81 5 4 5 4 55 4 54 4 19 4 119 35 4 12 4 40 4 48 4 74 48 4 44 4 94 6 4 15 4 29 4 28 4 74 41 4 8 4 48 4 11 20 4 30 4 94 23 4 46 4 28 60 20 101 5 4 21 4 39 4 34 59 20 45 28 4 6 4 57 4 53 22 4 60 4 5 4 5 4 103 13 4 20 4 74 15 4 14 4 19 4 51 18 4 48 4 117 35 4 45 4 46 4 47 20 4 10 4 17 4 0 33 4 51 4 27 13 4 56 4 40 39 4 73 38 4 26 4 50 4 82 35 4 42 4 66 23 4 35 4 41 51 4 19 4 57 60 4 30 4 29 51 4 33 4 34 11 4 9 4 2 38 4 20 4 37 47 4 9 4 56 5 4 39 4 38 4 0 55 4 24 4 84 5 4 47 4 47 4 52 47 4 20 4 51 4 74 32 4 5 4 24 4 30 4 70 24 4 50 4 5 4 35 4 107 21 4 27 4 5 4 74 60 4 34 4 119 27 4 43 4 17 4 61 52 4 5 4 40 4 62 59 4 25 4 24 4 119 27 4 36 4 16 4 36 32 16 60 16 16 60 4 96 18 16 24 16 119 43 4 39 4 119 40 4 16 4 58 4 0 53 4 5 4 32 4 8 4 92 5 4 31 4 75 43 4 35 4 24 4 39 4 50 24 4 38 4 8 4 119 16 4 33 4 18 4 19 33 4 38 4 5 4 70 35 4 7 4 25 4 0 43 4 26 4 5 4 31 4 112 22 4 60 4 27 4 22 4 0 47 4 49 4 42 4 71 50 4 9 4 31 4 100 32 4 40 4 55 4 
iteration 124 best: 1.15109 leader: 1.15109 time: 59339
86 57 4 5 4 5 4 69 60 4 22 4 0 37 4 31 4 35 4 119 16 4 34 4 16 4 78 57 4 20 4 48 4 119 47 4 37 4 17 4 29 4 53 60 4 39 4 26 4 66 56 4 60 4 101 42 4 39 4 99 21 4 34 4 29 4 22 4 66 12 4 28 4 18 30 4 5 4 81 5 4 5 4 55 4 54 4 19 4 119 35 4 12 4 40 4 48 4 74 48 4 44 4 94 6 4 15 4 29 4 28 4 74 41 4 8 4 48 4 11 20 4 30 4 94 23 4 46 4 28 60 20 101 5 4 21 4 39 4 34 59 20 45 28 4 6 4 57 4 53 22 4 60 4 5 4 5 4 103 13 4 20 4 74 15 4 14 4 19 4 51 18 4 48 4 117 35 4 45 4 46 4 47 20 4 10 4 17 4 0 33 4 51 4 27 13 4 56 4 40 39 4 73 38 4 26 4 50 4 82 35 4 42 4 66 23 4 35 4 41 51 4 19 4 57 60 4 30 4 29 51 4 33 4 34 11 4 9 4 2 38 4 20 4 37 47 4 9 4 56 5 4 39 4 38 4 0 55 4 24 4 84 5 4 47 4 47 4 52 47 4 20 4 51 4 74 32 4 5 4 24 4 30 4 70 24 4 50 4 5 4 35 4 107 21 4 27 4 5 4 74 60 4 34 4 119 27 4 43 4 17 4 61 52 4 5 4 40 4 62 59 4 25 4 24 4 119 27 4 36 4 16 4 36 32 16 60 16 16 60 4 96 18 16 24 16 119 43 4 39 4 119 40 4 16 4 58 4 0 53 4 5 4 32 4 8 4 92 5 4 31 4 75 43 4 35 4 24 4 39 4 50 24 4 38 4 8 4 119 16 4 33 4 18 4 19 33 4 38 4 5 4 70 35 4 7 4 25 4 0 43 4 26 4 5 4 31 4 112 22 4 60 4 27 4 22 4 0 47 4 49 4 42 4 71 50 4 9 4 31 4 100 32 4 40 4 55 4 
iteration 140 best: 1.15109 leader: 1.15109 time: 66822
86 57 4 5 4 5 4 69 60 4 22 4 0 37 4 31 4 35 4 119 16 4 34 4 16 4 78 57 4 20 4 48 4 119 47 4 37 4 17 4 29 4 53 60 4 39 4 26 4 66 56 4 60 4 101 42 4 39 4 99 21 4 34 4 29 4 22 4 66 12 4 28 4 18 30 4 5 4 81 5 4 5 4 55 4 54 4 19 4 119 35 4 12 4 40 4 48 4 74 48 4 44 4 94 6 4 15 4 29 4 28 4 74 41 4 8 4 48 4 11 20 4 30 4 94 23 4 46 4 28 60 20 101 5 4 21 4 39 4 34 59 20 45 28 4 6 4 57 4 53 22 4 60 4 5 4 5 4 103 13 4 20 4 74 15 4 14 4 19 4 51 18 4 48 4 117 35 4 45 4 46 4 47 20 4 10 4 17 4 0 33 4 51 4 27 13 4 56 4 40 39 4 73 38 4 26 4 50 4 82 35 4 42 4 66 23 4 35 4 41 51 4 19 4 57 60 4 30 4 29 51 4 33 4 34 11 4 9 4 2 38 4 20 4 37 47 4 9 4 56 5 4 39 4 38 4 0 55 4 24 4 84 5 4 47 4 47 4 52 47 4 20 4 51 4 74 32 4 5 4 24 4 30 4 70 24 4 50 4 5 4 35 4 107 21 4 27 4 5 4 74 60 4 34 4 119 27 4 43 4 17 4 61 52 4 5 4 40 4 62 59 4 25 4 24 4 119 27 4 36 4 16 4 36 32 16 60 16 16 60 4 96 18 16 24 16 119 43 4 39 4 119 40 4 16 4 58 4 0 53 4 5 4 32 4 8 4 92 5 4 31 4 75 43 4 35 4 24 4 39 4 50 24 4 38 4 8 4 119 16 4 33 4 18 4 19 33 4 38 4 5 4 70 35 4 7 4 25 4 0 43 4 26 4 5 4 31 4 112 22 4 60 4 27 4 22 4 0 47 4 49 4 42 4 71 50 4 9 4 31 4 100 32 4 40 4 55 4 
iteration 156 best: 1.15109 leader: 1.15109 time: 74308
86 57 4 5 4 5 4 69 60 4 22 4 0 37 4 31 4 35 4 119 16 4 34 4 16 4 78 57 4 20 4 48 4 119 47 4 37 4 17 4 29 4 53 60 4 39 4 26 4 66 56 4 60 4 101 42 4 39 4 99 21 4 34 4 29 4 22 4 66 12 4 28 4 18 30 4 5 4 81 5 4 5 4 55 4 54 4 19 4 119 35 4 12 4 40 4 48 4 74 48 4 44 4 94 6 4 15 4 29 4 28 4 74 41 4 8 4 48 4 11 20 4 30 4 94 23 4 46 4 28 60 20 101 5 4 21 4 39 4 34 59 20 45 28 4 6 4 57 4 53 22 4 60 4 5 4 5 4 103 13 4 20 4 74 15 4 14 4 19 4 51 18 4 48 4 117 35 4 45 4 46 4 47 20 4 10 4 17 4 0 33 4 51 4 27 13 4 56 4 40 39 4 73 38 4 26 4 50 4 82 35 4 42 4 66 23 4 35 4 41 51 4 19 4 57 60 4 30 4 29 51 4 33 4 34 11 4 9 4 2 38 4 20 4 37 47 4 9 4 56 5 4 39 4 38 4 0 55 4 24 4 84 5 4 47 4 47 4 52 47 4 20 4 51 4 74 32 4 5 4 24 4 30 4 70 24 4 50 4 5 4 35 4 107 21 4 27 4 5 4 74 60 4 34 4 119 27 4 43 4 17 4 61 52 4 5 4 40 4 62 59 4 25 4 24 4 119 27 4 36 4 16 4 36 32 16 60 16 16 60 4 96 18 16 24 16 119 43 4 39 4 119 40 4 16 4 58 4 0 53 4 5 4 32 4 8 4 92 5 4 31 4 75 43 4 35 4 24 4 39 4 50 24 4 38 4 8 4 119 16 4 33 4 18 4 19 33 4 38 4 5 4 70 35 4 7 4 25 4 0 43 4 26 4 5 4 31 4 112 22 4 60 4 27 4 22 4 0 47 4 49 4 42 4 71 50 4 9 4 31 4 100 32 4 40 4 55 4 
iteration 172 best: 1.15109 leader: 1.15109 time: 81792
86 57 4 5 4 5 4 69 60 4 22 4 0 37 4 31 4 35 4 119 16 4 34 4 16 4 78 57 4 20 4 48 4 119 47 4 37 4 17 4 29 4 53 60 4 39 4 26 4 66 56 4 60 4 101 42 4 39 4 99 21 4 34 4 29 4 22 4 66 12 4 28 4 18 30 4 5 4 81 5 4 5 4 55 4 54 4 19 4 119 35 4 12 4 40 4 48 4 74 48 4 44 4 94 6 4 15 4 29 4 28 4 74 41 4 8 4 48 4 11 20 4 30 4 94 23 4 46 4 28 60 20 101 5 4 21 4 39 4 34 59 20 45 28 4 6 4 57 4 53 22 4 60 4 5 4 5 4 103 13 4 20 4 74 15 4 14 4 19 4 51 18 4 48 4 117 35 4 45 4 46 4 47 20 4 10 4 17 4 0 33 4 51 4 27 13 4 56 4 40 39 4 73 38 4 26 4 50 4 82 35 4 42 4 66 23 4 35 4 41 51 4 19 4 57 60 4 30 4 29 51 4 33 4 34 11 4 9 4 2 38 4 20 4 37 47 4 9 4 56 5 4 39 4 38 4 0 55 4 24 4 84 5 4 47 4 47 4 52 47 4 20 4 51 4 74 32 4 5 4 24 4 30 4 70 24 4 50 4 5 4 35 4 107 21 4 27 4 5 4 74 60 4 34 4 119 27 4 43 4 17 4 61 52 4 5 4 40 4 62 59 4 25 4 24 4 119 27 4 36 4 16 4 36 32 16 60 16 16 60 4 96 18 16 24 16 119 43 4 39 4 119 40 4 16 4 58 4 0 53 4 5 4 32 4 8 4 92 5 4 31 4 75 43 4 35 4 24 4 39 4 50 24 4 38 4 8 4 119 16 4 33 4 18 4 19 33 4 38 4 5 4 70 35 4 7 4 25 4 0 43 4 26 4 5 4 31 4 112 22 4 60 4 27 4 22 4 0 47 4 49 4 42 4 71 50 4 9 4 31 4 100 32 4 40 4 55 4 
iteration 188 best: 1.15109 leader: 1.15109 time: 89286
86 57 4 5 4 5 4 69 60 4 22 4 0 37 4 31 4 35 4 119 16 4 34 4 16 4 78 57 4 20 4 48 4 119 47 4 37 4 17 4 29 4 53 60 4 39 4 26 4 66 56 4 60 4 101 42 4 39 4 99 21 4 34 4 29 4 22 4 66 12 4 28 4 18 30 4 5 4 81 5 4 5 4 55 4 54 4 19 4 119 35 4 12 4 40 4 48 4 74 48 4 44 4 94 6 4 15 4 29 4 28 4 74 41 4 8 4 48 4 11 20 4 30 4 94 23 4 46 4 28 60 20 101 5 4 21 4 39 4 34 59 20 45 28 4 6 4 57 4 53 22 4 60 4 5 4 5 4 103 13 4 20 4 74 15 4 14 4 19 4 51 18 4 48 4 117 35 4 45 4 46 4 47 20 4 10 4 17 4 0 33 4 51 4 27 13 4 56 4 40 39 4 73 38 4 26 4 50 4 82 35 4 42 4 66 23 4 35 4 41 51 4 19 4 57 60 4 30 4 29 51 4 33 4 34 11 4 9 4 2 38 4 20 4 37 47 4 9 4 56 5 4 39 4 38 4 0 55 4 24 4 84 5 4 47 4 47 4 52 47 4 20 4 51 4 74 32 4 5 4 24 4 30 4 70 24 4 50 4 5 4 35 4 107 21 4 27 4 5 4 74 60 4 34 4 119 27 4 43 4 17 4 61 52 4 5 4 40 4 62 59 4 25 4 24 4 119 27 4 36 4 16 4 36 32 16 60 16 16 60 4 96 18 16 24 16 119 43 4 39 4 119 40 4 16 4 58 4 0 53 4 5 4 32 4 8 4 92 5 4 31 4 75 43 4 35 4 24 4 39 4 50 24 4 38 4 8 4 119 16 4 33 4 18 4 19 33 4 38 4 5 4 70 35 4 7 4 25 4 0 43 4 26 4 5 4 31 4 112 22 4 60 4 27 4 22 4 0 47 4 49 4 42 4 71 50 4 9 4 31 4 100 32 4 40 4 55 4 
iteration 204 best: 1.15109 leader: 1.15109 time: 96730
86 57 4 5 4 5 4 69 60 4 22 4 0 37 4 31 4 35 4 119 16 4 34 4 16 4 78 57 4 20 4 48 4 119 47 4 37 4 17 4 29 4 53 60 4 39 4 26 4 66 56 4 60 4 101 42 4 39 4 99 21 4 34 4 29 4 22 4 66 12 4 28 4 18 30 4 5 4 81 5 4 5 4 55 4 54 4 19 4 119 35 4 12 4 40 4 48 4 74 48 4 44 4 94 6 4 15 4 29 4 28 4 74 41 4 8 4 48 4 11 20 4 30 4 94 23 4 46 4 28 60 20 101 5 4 21 4 39 4 34 59 20 45 28 4 6 4 57 4 53 22 4 60 4 5 4 5 4 103 13 4 20 4 74 15 4 14 4 19 4 51 18 4 48 4 117 35 4 45 4 46 4 47 20 4 10 4 17 4 0 33 4 51 4 27 13 4 56 4 40 39 4 73 38 4 26 4 50 4 82 35 4 42 4 66 23 4 35 4 41 51 4 19 4 57 60 4 30 4 29 51 4 33 4 34 11 4 9 4 2 38 4 20 4 37 47 4 9 4 56 5 4 39 4 38 4 0 55 4 24 4 84 5 4 47 4 47 4 52 47 4 20 4 51 4 74 32 4 5 4 24 4 30 4 70 24 4 50 4 5 4 35 4 107 21 4 27 4 5 4 74 60 4 34 4 119 27 4 43 4 17 4 61 52 4 5 4 40 4 62 59 4 25 4 24 4 119 27 4 36 4 16 4 36 32 16 60 16 16 60 4 96 18 16 24 16 119 43 4 39 4 119 40 4 16 4 58 4 0 53 4 5 4 32 4 8 4 92 5 4 31 4 75 43 4 35 4 24 4 39 4 50 24 4 38 4 8 4 119 16 4 33 4 18 4 19 33 4 38 4 5 4 70 35 4 7 4 25 4 0 43 4 26 4 5 4 31 4 112 22 4 60 4 27 4 22 4 0 47 4 49 4 42 4 71 50 4 9 4 31 4 100 32 4 40 4 55 4 
iteration 220 best: 1.15109 leader: 1.15109 time: 104184
86 57 4 5 4 5 4 69 60 4 22 4 0 37 4 31 4 35 4 119 16 4 34 4 16 4 78 57 4 20 4 48 4 119 47 4 37 4 17 4 29 4 53 60 4 39 4 26 4 66 56 4 60 4 101 42 4 39 4 99 21 4 34 4 29 4 22 4 66 12 4 28 4 18 30 4 5 4 81 5 4 5 4 55 4 54 4 19 4 119 35 4 12 4 40 4 48 4 74 48 4 44 4 94 6 4 15 4 29 4 28 4 74 41 4 8 4 48 4 11 20 4 30 4 94 23 4 46 4 28 60 20 101 5 4 21 4 39 4 34 59 20 45 28 4 6 4 57 4 53 22 4 60 4 5 4 5 4 103 13 4 20 4 74 15 4 14 4 19 4 51 18 4 48 4 117 35 4 45 4 46 4 47 20 4 10 4 17 4 0 33 4 51 4 27 13 4 56 4 40 39 4 73 38 4 26 4 50 4 82 35 4 42 4 66 23 4 35 4 41 51 4 19 4 57 60 4 30 4 29 51 4 33 4 34 11 4 9 4 2 38 4 20 4 37 47 4 9 4 56 5 4 39 4 38 4 0 55 4 24 4 84 5 4 47 4 47 4 52 47 4 20 4 51 4 74 32 4 5 4 24 4 30 4 70 24 4 50 4 5 4 35 4 107 21 4 27 4 5 4 74 60 4 34 4 119 27 4 43 4 17 4 61 52 4 5 4 40 4 62 59 4 25 4 24 4 119 27 4 36 4 16 4 36 32 16 60 16 16 60 4 96 18 16 24 16 119 43 4 39 4 119 40 4 16 4 58 4 0 53 4 5 4 32 4 8 4 92 5 4 31 4 75 43 4 35 4 24 4 39 4 50 24 4 38 4 8 4 119 16 4 33 4 18 4 19 33 4 38 4 5 4 70 35 4 7 4 25 4 0 43 4 26 4 5 4 31 4 112 22 4 60 4 27 4 22 4 0 47 4 49 4 42 4 71 50 4 9 4 31 4 100 32 4 40 4 55 4 
iteration 236 best: 1.15109 leader: 1.15109 time: 111658
86 57 4 5 4 5 4 69 60 4 22 4 0 37 4 31 4 35 4 119 16 4 34 4 16 4 78 57 4 20 4 48 4 119 47 4 37 4 17 4 29 4 53 60 4 39 4 26 4 66 56 4 60 4 101 42 4 39 4 99 21 4 34 4 29 4 22 4 66 12 4 28 4 18 30 4 5 4 81 5 4 5 4 55 4 54 4 19 4 119 35 4 12 4 40 4 48 4 74 48 4 44 4 94 6 4 15 4 29 4 28 4 74 41 4 8 4 48 4 11 20 4 30 4 94 23 4 46 4 28 60 20 101 5 4 21 4 39 4 34 59 20 45 28 4 6 4 57 4 53 22 4 60 4 5 4 5 4 103 13 4 20 4 74 15 4 14 4 19 4 51 18 4 48 4 117 35 4 45 4 46 4 47 20 4 10 4 17 4 0 33 4 51 4 27 13 4 56 4 40 39 4 73 38 4 26 4 50 4 82 35 4 42 4 66 23 4 35 4 41 51 4 19 4 57 60 4 30 4 29 51 4 33 4 34 11 4 9 4 2 38 4 20 4 37 47 4 9 4 56 5 4 39 4 38 4 0 55 4 24 4 84 5 4 47 4 47 4 52 47 4 20 4 51 4 74 32 4 5 4 24 4 30 4 70 24 4 50 4 5 4 35 4 107 21 4 27 4 5 4 74 60 4 34 4 119 27 4 43 4 17 4 61 52 4 5 4 40 4 62 59 4 25 4 24 4 119 27 4 36 4 16 4 36 32 16 60 16 16 60 4 96 18 16 24 16 119 43 4 39 4 119 40 4 16 4 58 4 0 53 4 5 4 32 4 8 4 92 5 4 31 4 75 43 4 35 4 24 4 39 4 50 24 4 38 4 8 4 119 16 4 33 4 18 4 19 33 4 38 4 5 4 70 35 4 7 4 25 4 0 43 4 26 4 5 4 31 4 112 22 4 60 4 27 4 22 4 0 47 4 49 4 42 4 71 50 4 9 4 31 4 100 32 4 40 4 55 4 
iteration 252 best: 1.15109 leader: 1.15109 time: 119154
86 57 4 5 4 5 4 69 60 4 22 4 0 37 4 31 4 35 4 119 16 4 34 4 16 4 78 57 4 20 4 48 4 119 47 4 37 4 17 4 29 4 53 60 4 39 4 26 4 66 56 4 60 4 101 42 4 39 4 99 21 4 34 4 29 4 22 4 66 12 4 28 4 18 30 4 5 4 81 5 4 5 4 55 4 54 4 19 4 119 35 4 12 4 40 4 48 4 74 48 4 44 4 94 6 4 15 4 29 4 28 4 74 41 4 8 4 48 4 11 20 4 30 4 94 23 4 46 4 28 60 20 101 5 4 21 4 39 4 34 59 20 45 28 4 6 4 57 4 53 22 4 60 4 5 4 5 4 103 13 4 20 4 74 15 4 14 4 19 4 51 18 4 48 4 117 35 4 45 4 46 4 47 20 4 10 4 17 4 0 33 4 51 4 27 13 4 56 4 40 39 4 73 38 4 26 4 50 4 82 35 4 42 4 66 23 4 35 4 41 51 4 19 4 57 60 4 30 4 29 51 4 33 4 34 11 4 9 4 2 38 4 20 4 37 47 4 9 4 56 5 4 39 4 38 4 0 55 4 24 4 84 5 4 47 4 47 4 52 47 4 20 4 51 4 74 32 4 5 4 24 4 30 4 70 24 4 50 4 5 4 35 4 107 21 4 27 4 5 4 74 60 4 34 4 119 27 4 43 4 17 4 61 52 4 5 4 40 4 62 59 4 25 4 24 4 119 27 4 36 4 16 4 36 32 16 60 16 16 60 4 96 18 16 24 16 119 43 4 39 4 119 40 4 16 4 58 4 0 53 4 5 4 32 4 8 4 92 5 4 31 4 75 43 4 35 4 24 4 39 4 50 24 4 38 4 8 4 119 16 4 33 4 18 4 19 33 4 38 4 5 4 70 35 4 7 4 25 4 0 43 4 26 4 5 4 31 4 112 22 4 60 4 27 4 22 4 0 47 4 49 4 42 4 71 50 4 9 4 31 4 100 32 4 40 4 55 4 
iteration 268 best: 1.15109 leader: 1.15109 time: 126632
86 57 4 5 4 5 4 69 60 4 22 4 0 37 4 31 4 35 4 119 16 4 34 4 16 4 78 57 4 20 4 48 4 119 47 4 37 4 17 4 29 4 53 60 4 39 4 26 4 66 56 4 60 4 101 42 4 39 4 99 21 4 34 4 29 4 22 4 66 12 4 28 4 18 30 4 5 4 81 5 4 5 4 55 4 54 4 19 4 119 35 4 12 4 40 4 48 4 74 48 4 44 4 94 6 4 15 4 29 4 28 4 74 41 4 8 4 48 4 11 20 4 30 4 94 23 4 46 4 28 60 20 101 5 4 21 4 39 4 34 59 20 45 28 4 6 4 57 4 53 22 4 60 4 5 4 5 4 103 13 4 20 4 74 15 4 14 4 19 4 51 18 4 48 4 117 35 4 45 4 46 4 47 20 4 10 4 17 4 0 33 4 51 4 27 13 4 56 4 40 39 4 73 38 4 26 4 50 4 82 35 4 42 4 66 23 4 35 4 41 51 4 19 4 57 60 4 30 4 29 51 4 33 4 34 11 4 9 4 2 38 4 20 4 37 47 4 9 4 56 5 4 39 4 38 4 0 55 4 24 4 84 5 4 47 4 47 4 52 47 4 20 4 51 4 74 32 4 5 4 24 4 30 4 70 24 4 50 4 5 4 35 4 107 21 4 27 4 5 4 74 60 4 34 4 119 27 4 43 4 17 4 61 52 4 5 4 40 4 62 59 4 25 4 24 4 119 27 4 36 4 16 4 36 32 16 60 16 16 60 4 96 18 16 24 16 119 43 4 39 4 119 40 4 16 4 58 4 0 53 4 5 4 32 4 8 4 92 5 4 31 4 75 43 4 35 4 24 4 39 4 50 24 4 38 4 8 4 119 16 4 33 4 18 4 19 33 4 38 4 5 4 70 35 4 7 4 25 4 0 43 4 26 4 5 4 31 4 112 22 4 60 4 27 4 22 4 0 47 4 49 4 42 4 71 50 4 9 4 31 4 100 32 4 40 4 55 4 
iteration 284 best: 1.15109 leader: 1.15109 time: 134126
86 57 4 5 4 5 4 69 60 4 22 4 0 37 4 31 4 35 4 119 16 4 34 4 16 4 78 57 4 20 4 48 4 119 47 4 37 4 17 4 29 4 53 60 4 39 4 26 4 66 56 4 60 4 101 42 4 39 4 99 21 4 34 4 29 4 22 4 66 12 4 28 4 18 30 4 5 4 81 5 4 5 4 55 4 54 4 19 4 119 35 4 12 4 40 4 48 4 74 48 4 44 4 94 6 4 15 4 29 4 28 4 74 41 4 8 4 48 4 11 20 4 30 4 94 23 4 46 4 28 60 20 101 5 4 21 4 39 4 34 59 20 45 28 4 6 4 57 4 53 22 4 60 4 5 4 5 4 103 13 4 20 4 74 15 4 14 4 19 4 51 18 4 48 4 117 35 4 45 4 46 4 47 20 4 10 4 17 4 0 33 4 51 4 27 13 4 56 4 40 39 4 73 38 4 26 4 50 4 82 35 4 42 4 66 23 4 35 4 41 51 4 19 4 57 60 4 30 4 29 51 4 33 4 34 11 4 9 4 2 38 4 20 4 37 47 4 9 4 56 5 4 39 4 38 4 0 55 4 24 4 84 5 4 47 4 47 4 52 47 4 20 4 51 4 74 32 4 5 4 24 4 30 4 70 24 4 50 4 5 4 35 4 107 21 4 27 4 5 4 74 60 4 34 4 119 27 4 43 4 17 4 61 52 4 5 4 40 4 62 59 4 25 4 24 4 119 27 4 36 4 16 4 36 32 16 60 16 16 60 4 96 18 16 24 16 119 43 4 39 4 119 40 4 16 4 58 4 0 53 4 5 4 32 4 8 4 92 5 4 31 4 75 43 4 35 4 24 4 39 4 50 24 4 38 4 8 4 119 16 4 33 4 18 4 19 33 4 38 4 5 4 70 35 4 7 4 25 4 0 43 4 26 4 5 4 31 4 112 22 4 60 4 27 4 22 4 0 47 4 49 4 42 4 71 50 4 9 4 31 4 100 32 4 40 4 55 4 
iteration 300 best: 1.15109 leader: 1.15109 time: 141619
86 57 4 5 4 5 4 69 60 4 22 4 0 37 4 31 4 35 4 119 16 4 34 4 16 4 78 57 4 20 4 48 4 119 47 4 37 4 17 4 29 4 53 60 4 39 4 26 4 66 56 4 60 4 101 42 4 39 4 99 21 4 34 4 29 4 22 4 66 12 4 28 4 18 30 4 5 4 81 5 4 5 4 55 4 54 4 19 4 119 35 4 12 4 40 4 48 4 74 48 4 44 4 94 6 4 15 4 29 4 28 4 74 41 4 8 4 48 4 11 20 4 30 4 94 23 4 46 4 28 60 20 101 5 4 21 4 39 4 34 59 20 45 28 4 6 4 57 4 53 22 4 60 4 5 4 5 4 103 13 4 20 4 74 15 4 14 4 19 4 51 18 4 48 4 117 35 4 45 4 46 4 47 20 4 10 4 17 4 0 33 4 51 4 27 13 4 56 4 40 39 4 73 38 4 26 4 50 4 82 35 4 42 4 66 23 4 35 4 41 51 4 19 4 57 60 4 30 4 29 51 4 33 4 34 11 4 9 4 2 38 4 20 4 37 47 4 9 4 56 5 4 39 4 38 4 0 55 4 24 4 84 5 4 47 4 47 4 52 47 4 20 4 51 4 74 32 4 5 4 24 4 30 4 70 24 4 50 4 5 4 35 4 107 21 4 27 4 5 4 74 60 4 34 4 119 27 4 43 4 17 4 61 52 4 5 4 40 4 62 59 4 25 4 24 4 119 27 4 36 4 16 4 36 32 16 60 16 16 60 4 96 18 16 24 16 119 43 4 39 4 119 40 4 16 4 58 4 0 53 4 5 4 32 4 8 4 92 5 4 31 4 75 43 4 35 4 24 4 39 4 50 24 4 38 4 8 4 119 16 4 33 4 18 4 19 33 4 38 4 5 4 70 35 4 7 4 25 4 0 43 4 26 4 5 4 31 4 112 22 4 60 4 27 4 22 4 0 47 4 49 4 42 4 71 50 4 9 4 31 4 100 32 4 40 4 55 4 
iteration 316 best: 1.15109 leader: 1.15109 time: 149120
86 57 4 5 4 5 4 69 60 4 22 4 0 37 4 31 4 35 4 119 16 4 34 4 16 4 78 57 4 20 4 48 4 119 47 4 37 4 17 4 29 4 53 60 4 39 4 26 4 66 56 4 60 4 101 42 4 39 4 99 21 4 34 4 29 4 22 4 66 12 4 28 4 18 30 4 5 4 81 5 4 5 4 55 4 54 4 19 4 119 35 4 12 4 40 4 48 4 74 48 4 44 4 94 6 4 15 4 29 4 28 4 74 41 4 8 4 48 4 11 20 4 30 4 94 23 4 46 4 28 60 20 101 5 4 21 4 39 4 34 59 20 45 28 4 6 4 57 4 53 22 4 60 4 5 4 5 4 103 13 4 20 4 74 15 4 14 4 19 4 51 18 4 48 4 117 35 4 45 4 46 4 47 20 4 10 4 17 4 0 33 4 51 4 27 13 4 56 4 40 39 4 73 38 4 26 4 50 4 82 35 4 42 4 66 23 4 35 4 41 51 4 19 4 57 60 4 30 4 29 51 4 33 4 34 11 4 9 4 2 38 4 20 4 37 47 4 9 4 56 5 4 39 4 38 4 0 55 4 24 4 84 5 4 47 4 47 4 52 47 4 20 4 51 4 74 32 4 5 4 24 4 30 4 70 24 4 50 4 5 4 35 4 107 21 4 27 4 5 4 74 60 4 34 4 119 27 4 43 4 17 4 61 52 4 5 4 40 4 62 59 4 25 4 24 4 119 27 4 36 4 16 4 36 32 16 60 16 16 60 4 96 18 16 24 16 119 43 4 39 4 119 40 4 16 4 58 4 0 53 4 5 4 32 4 8 4 92 5 4 31 4 75 43 4 35 4 24 4 39 4 50 24 4 38 4 8 4 119 16 4 33 4 18 4 19 33 4 38 4 5 4 70 35 4 7 4 25 4 0 43 4 26 4 5 4 31 4 112 22 4 60 4 27 4 22 4 0 47 4 49 4 42 4 71 50 4 9 4 31 4 100 32 4 40 4 55 4 
iteration 332 best: 1.15109 leader: 1.15109 time: 156594
86 57 4 5 4 5 4 69 60 4 22 4 0 37 4 31 4 35 4 119 16 4 34 4 16 4 78 57 4 20 4 48 4 119 47 4 37 4 17 4 29 4 53 60 4 39 4 26 4 66 56 4 60 4 101 42 4 39 4 99 21 4 34 4 29 4 22 4 66 12 4 28 4 18 30 4 5 4 81 5 4 5 4 55 4 54 4 19 4 119 35 4 12 4 40 4 48 4 74 48 4 44 4 94 6 4 15 4 29 4 28 4 74 41 4 8 4 48 4 11 20 4 30 4 94 23 4 46 4 28 60 20 101 5 4 21 4 39 4 34 59 20 45 28 4 6 4 57 4 53 22 4 60 4 5 4 5 4 103 13 4 20 4 74 15 4 14 4 19 4 51 18 4 48 4 117 35 4 45 4 46 4 47 20 4 10 4 17 4 0 33 4 51 4 27 13 4 56 4 40 39 4 73 38 4 26 4 50 4 82 35 4 42 4 66 23 4 35 4 41 51 4 19 4 57 60 4 30 4 29 51 4 33 4 34 11 4 9 4 2 38 4 20 4 37 47 4 9 4 56 5 4 39 4 38 4 0 55 4 24 4 84 5 4 47 4 47 4 52 47 4 20 4 51 4 74 32 4 5 4 24 4 30 4 70 24 4 50 4 5 4 35 4 107 21 4 27 4 5 4 74 60 4 34 4 119 27 4 43 4 17 4 61 52 4 5 4 40 4 62 59 4 25 4 24 4 119 27 4 36 4 16 4 36 32 16 60 16 16 60 4 96 18 16 24 16 119 43 4 39 4 119 40 4 16 4 58 4 0 53 4 5 4 32 4 8 4 92 5 4 31 4 75 43 4 35 4 24 4 39 4 50 24 4 38 4 8 4 119 16 4 33 4 18 4 19 33 4 38 4 5 4 70 35 4 7 4 25 4 0 43 4 26 4 5 4 31 4 112 22 4 60 4 27 4 22 4 0 47 4 49 4 42 4 71 50 4 9 4 31 4 100 32 4 40 4 55 4 
iteration 347 best: 1.15109 leader: 1.15109 time: 164000
86 57 4 5 4 5 4 69 60 4 22 4 0 37 4 31 4 35 4 119 16 4 34 4 16 4 78 57 4 20 4 48 4 119 47 4 37 4 17 4 29 4 53 60 4 39 4 26 4 66 56 4 60 4 101 42 4 39 4 99 21 4 34 4 29 4 22 4 66 12 4 28 4 18 30 4 5 4 81 5 4 5 4 55 4 54 4 19 4 119 35 4 12 4 40 4 48 4 74 48 4 44 4 94 6 4 15 4 29 4 28 4 74 41 4 8 4 48 4 11 20 4 30 4 94 23 4 46 4 28 60 20 101 5 4 21 4 39 4 34 59 20 45 28 4 6 4 57 4 53 22 4 60 4 5 4 5 4 103 13 4 20 4 74 15 4 14 4 19 4 51 18 4 48 4 117 35 4 45 4 46 4 47 20 4 10 4 17 4 0 33 4 51 4 27 13 4 56 4 40 39 4 73 38 4 26 4 50 4 82 35 4 42 4 66 23 4 35 4 41 51 4 19 4 57 60 4 30 4 29 51 4 33 4 34 11 4 9 4 2 38 4 20 4 37 47 4 9 4 56 5 4 39 4 38 4 0 55 4 24 4 84 5 4 47 4 47 4 52 47 4 20 4 51 4 74 32 4 5 4 24 4 30 4 70 24 4 50 4 5 4 35 4 107 21 4 27 4 5 4 74 60 4 34 4 119 27 4 43 4 17 4 61 52 4 5 4 40 4 62 59 4 25 4 24 4 119 27 4 36 4 16 4 36 32 16 60 16 16 60 4 96 18 16 24 16 119 43 4 39 4 119 40 4 16 4 58 4 0 53 4 5 4 32 4 8 4 92 5 4 31 4 75 43 4 35 4 24 4 39 4 50 24 4 38 4 8 4 119 16 4 33 4 18 4 19 33 4 38 4 5 4 70 35 4 7 4 25 4 0 43 4 26 4 5 4 31 4 112 22 4 60 4 27 4 22 4 0 47 4 49 4 42 4 71 50 4 9 4 31 4 100 32 4 40 4 55 4 
iteration 363 best: 1.15109 leader: 1.15109 time: 171477
86 57 4 5 4 5 4 69 60 4 22 4 0 37 4 31 4 35 4 119 16 4 34 4 16 4 78 57 4 20 4 48 4 119 47 4 37 4 17 4 29 4 53 60 4 39 4 26 4 66 56 4 60 4 101 42 4 39 4 99 21 4 34 4 29 4 22 4 66 12 4 28 4 18 30 4 5 4 81 5 4 5 4 55 4 54 4 19 4 119 35 4 12 4 40 4 48 4 74 48 4 44 4 94 6 4 15 4 29 4 28 4 74 41 4 8 4 48 4 11 20 4 30 4 94 23 4 46 4 28 60 20 101 5 4 21 4 39 4 34 59 20 45 28 4 6 4 57 4 53 22 4 60 4 5 4 5 4 103 13 4 20 4 74 15 4 14 4 19 4 51 18 4 48 4 117 35 4 45 4 46 4 47 20 4 10 4 17 4 0 33 4 51 4 27 13 4 56 4 40 39 4 73 38 4 26 4 50 4 82 35 4 42 4 66 23 4 35 4 41 51 4 19 4 57 60 4 30 4 29 51 4 33 4 34 11 4 9 4 2 38 4 20 4 37 47 4 9 4 56 5 4 39 4 38 4 0 55 4 24 4 84 5 4 47 4 47 4 52 47 4 20 4 51 4 74 32 4 5 4 24 4 30 4 70 24 4 50 4 5 4 35 4 107 21 4 27 4 5 4 74 60 4 34 4 119 27 4 43 4 17 4 61 52 4 5 4 40 4 62 59 4 25 4 24 4 119 27 4 36 4 16 4 36 32 16 60 16 16 60 4 96 18 16 24 16 119 43 4 39 4 119 40 4 16 4 58 4 0 53 4 5 4 32 4 8 4 92 5 4 31 4 75 43 4 35 4 24 4 39 4 50 24 4 38 4 8 4 119 16 4 33 4 18 4 19 33 4 38 4 5 4 70 35 4 7 4 25 4 0 43 4 26 4 5 4 31 4 112 22 4 60 4 27 4 22 4 0 47 4 49 4 42 4 71 50 4 9 4 31 4 100 32 4 40 4 55 4 
iteration 379 best: 1.15109 leader: 1.15109 time: 179020
86 57 4 5 4 5 4 69 60 4 22 4 0 37 4 31 4 35 4 119 16 4 34 4 16 4 78 57 4 20 4 48 4 119 47 4 37 4 17 4 29 4 53 60 4 39 4 26 4 66 56 4 60 4 101 42 4 39 4 99 21 4 34 4 29 4 22 4 66 12 4 28 4 18 30 4 5 4 81 5 4 5 4 55 4 54 4 19 4 119 35 4 12 4 40 4 48 4 74 48 4 44 4 94 6 4 15 4 29 4 28 4 74 41 4 8 4 48 4 11 20 4 30 4 94 23 4 46 4 28 60 20 101 5 4 21 4 39 4 34 59 20 45 28 4 6 4 57 4 53 22 4 60 4 5 4 5 4 103 13 4 20 4 74 15 4 14 4 19 4 51 18 4 48 4 117 35 4 45 4 46 4 47 20 4 10 4 17 4 0 33 4 51 4 27 13 4 56 4 40 39 4 73 38 4 26 4 50 4 82 35 4 42 4 66 23 4 35 4 41 51 4 19 4 57 60 4 30 4 29 51 4 33 4 34 11 4 9 4 2 38 4 20 4 37 47 4 9 4 56 5 4 39 4 38 4 0 55 4 24 4 84 5 4 47 4 47 4 52 47 4 20 4 51 4 74 32 4 5 4 24 4 30 4 70 24 4 50 4 5 4 35 4 107 21 4 27 4 5 4 74 60 4 34 4 119 27 4 43 4 17 4 61 52 4 5 4 40 4 62 59 4 25 4 24 4 119 27 4 36 4 16 4 36 32 16 60 16 16 60 4 96 18 16 24 16 119 43 4 39 4 119 40 4 16 4 58 4 0 53 4 5 4 32 4 8 4 92 5 4 31 4 75 43 4 35 4 24 4 39 4 50 24 4 38 4 8 4 119 16 4 33 4 18 4 19 33 4 38 4 5 4 70 35 4 7 4 25 4 0 43 4 26 4 5 4 31 4 112 22 4 60 4 27 4 22 4 0 47 4 49 4 42 4 71 50 4 9 4 31 4 100 32 4 40 4 55 4 
iteration 395 best: 1.15109 leader: 1.15109 time: 186601
86 57 4 5 4 5 4 69 60 4 22 4 0 37 4 31 4 35 4 119 16 4 34 4 16 4 78 57 4 20 4 48 4 119 47 4 37 4 17 4 29 4 53 60 4 39 4 26 4 66 56 4 60 4 101 42 4 39 4 99 21 4 34 4 29 4 22 4 66 12 4 28 4 18 30 4 5 4 81 5 4 5 4 55 4 54 4 19 4 119 35 4 12 4 40 4 48 4 74 48 4 44 4 94 6 4 15 4 29 4 28 4 74 41 4 8 4 48 4 11 20 4 30 4 94 23 4 46 4 28 60 20 101 5 4 21 4 39 4 34 59 20 45 28 4 6 4 57 4 53 22 4 60 4 5 4 5 4 103 13 4 20 4 74 15 4 14 4 19 4 51 18 4 48 4 117 35 4 45 4 46 4 47 20 4 10 4 17 4 0 33 4 51 4 27 13 4 56 4 40 39 4 73 38 4 26 4 50 4 82 35 4 42 4 66 23 4 35 4 41 51 4 19 4 57 60 4 30 4 29 51 4 33 4 34 11 4 9 4 2 38 4 20 4 37 47 4 9 4 56 5 4 39 4 38 4 0 55 4 24 4 84 5 4 47 4 47 4 52 47 4 20 4 51 4 74 32 4 5 4 24 4 30 4 70 24 4 50 4 5 4 35 4 107 21 4 27 4 5 4 74 60 4 34 4 119 27 4 43 4 17 4 61 52 4 5 4 40 4 62 59 4 25 4 24 4 119 27 4 36 4 16 4 36 32 16 60 16 16 60 4 96 18 16 24 16 119 43 4 39 4 119 40 4 16 4 58 4 0 53 4 5 4 32 4 8 4 92 5 4 31 4 75 43 4 35 4 24 4 39 4 50 24 4 38 4 8 4 119 16 4 33 4 18 4 19 33 4 38 4 5 4 70 35 4 7 4 25 4 0 43 4 26 4 5 4 31 4 112 22 4 60 4 27 4 22 4 0 47 4 49 4 42 4 71 50 4 9 4 31 4 100 32 4 40 4 55 4 
iteration 411 best: 1.15109 leader: 1.15109 time: 194144
86 57 4 5 4 5 4 69 60 4 22 4 0 37 4 31 4 35 4 119 16 4 34 4 16 4 78 57 4 20 4 48 4 119 47 4 37 4 17 4 29 4 53 60 4 39 4 26 4 66 56 4 60 4 101 42 4 39 4 99 21 4 34 4 29 4 22 4 66 12 4 28 4 18 30 4 5 4 81 5 4 5 4 55 4 54 4 19 4 119 35 4 12 4 40 4 48 4 74 48 4 44 4 94 6 4 15 4 29 4 28 4 74 41 4 8 4 48 4 11 20 4 30 4 94 23 4 46 4 28 60 20 101 5 4 21 4 39 4 34 59 20 45 28 4 6 4 57 4 53 22 4 60 4 5 4 5 4 103 13 4 20 4 74 15 4 14 4 19 4 51 18 4 48 4 117 35 4 45 4 46 4 47 20 4 10 4 17 4 0 33 4 51 4 27 13 4 56 4 40 39 4 73 38 4 26 4 50 4 82 35 4 42 4 66 23 4 35 4 41 51 4 19 4 57 60 4 30 4 29 51 4 33 4 34 11 4 9 4 2 38 4 20 4 37 47 4 9 4 56 5 4 39 4 38 4 0 55 4 24 4 84 5 4 47 4 47 4 52 47 4 20 4 51 4 74 32 4 5 4 24 4 30 4 70 24 4 50 4 5 4 35 4 107 21 4 27 4 5 4 74 60 4 34 4 119 27 4 43 4 17 4 61 52 4 5 4 40 4 62 59 4 25 4 24 4 119 27 4 36 4 16 4 36 32 16 60 16 16 60 4 96 18 16 24 16 119 43 4 39 4 119 40 4 16 4 58 4 0 53 4 5 4 32 4 8 4 92 5 4 31 4 75 43 4 35 4 24 4 39 4 50 24 4 38 4 8 4 119 16 4 33 4 18 4 19 33 4 38 4 5 4 70 35 4 7 4 25 4 0 43 4 26 4 5 4 31 4 112 22 4 60 4 27 4 22 4 0 47 4 49 4 42 4 71 50 4 9 4 31 4 100 32 4 40 4 55 4 
iteration 427 best: 1.15109 leader: 1.15109 time: 201622
86 57 4 5 4 5 4 69 60 4 22 4 0 37 4 31 4 35 4 119 16 4 34 4 16 4 78 57 4 20 4 48 4 119 47 4 37 4 17 4 29 4 53 60 4 39 4 26 4 66 56 4 60 4 101 42 4 39 4 99 21 4 34 4 29 4 22 4 66 12 4 28 4 18 30 4 5 4 81 5 4 5 4 55 4 54 4 19 4 119 35 4 12 4 40 4 48 4 74 48 4 44 4 94 6 4 15 4 29 4 28 4 74 41 4 8 4 48 4 11 20 4 30 4 94 23 4 46 4 28 60 20 101 5 4 21 4 39 4 34 59 20 45 28 4 6 4 57 4 53 22 4 60 4 5 4 5 4 103 13 4 20 4 74 15 4 14 4 19 4 51 18 4 48 4 117 35 4 45 4 46 4 47 20 4 10 4 17 4 0 33 4 51 4 27 13 4 56 4 40 39 4 73 38 4 26 4 50 4 82 35 4 42 4 66 23 4 35 4 41 51 4 19 4 57 60 4 30 4 29 51 4 33 4 34 11 4 9 4 2 38 4 20 4 37 47 4 9 4 56 5 4 39 4 38 4 0 55 4 24 4 84 5 4 47 4 47 4 52 47 4 20 4 51 4 74 32 4 5 4 24 4 30 4 70 24 4 50 4 5 4 35 4 107 21 4 27 4 5 4 74 60 4 34 4 119 27 4 43 4 17 4 61 52 4 5 4 40 4 62 59 4 25 4 24 4 119 27 4 36 4 16 4 36 32 16 60 16 16 60 4 96 18 16 24 16 119 43 4 39 4 119 40 4 16 4 58 4 0 53 4 5 4 32 4 8 4 92 5 4 31 4 75 43 4 35 4 24 4 39 4 50 24 4 38 4 8 4 119 16 4 33 4 18 4 19 33 4 38 4 5 4 70 35 4 7 4 25 4 0 43 4 26 4 5 4 31 4 112 22 4 60 4 27 4 22 4 0 47 4 49 4 42 4 71 50 4 9 4 31 4 100 32 4 40 4 55 4 
iteration 443 best: 1.15109 leader: 1.15109 time: 209136
86 57 4 5 4 5 4 69 60 4 22 4 0 37 4 31 4 35 4 119 16 4 34 4 16 4 78 57 4 20 4 48 4 119 47 4 37 4 17 4 29 4 53 60 4 39 4 26 4 66 56 4 60 4 101 42 4 39 4 99 21 4 34 4 29 4 22 4 66 12 4 28 4 18 30 4 5 4 81 5 4 5 4 55 4 54 4 19 4 119 35 4 12 4 40 4 48 4 74 48 4 44 4 94 6 4 15 4 29 4 28 4 74 41 4 8 4 48 4 11 20 4 30 4 94 23 4 46 4 28 60 20 101 5 4 21 4 39 4 34 59 20 45 28 4 6 4 57 4 53 22 4 60 4 5 4 5 4 103 13 4 20 4 74 15 4 14 4 19 4 51 18 4 48 4 117 35 4 45 4 46 4 47 20 4 10 4 17 4 0 33 4 51 4 27 13 4 56 4 40 39 4 73 38 4 26 4 50 4 82 35 4 42 4 66 23 4 35 4 41 51 4 19 4 57 60 4 30 4 29 51 4 33 4 34 11 4 9 4 2 38 4 20 4 37 47 4 9 4 56 5 4 39 4 38 4 0 55 4 24 4 84 5 4 47 4 47 4 52 47 4 20 4 51 4 74 32 4 5 4 24 4 30 4 70 24 4 50 4 5 4 35 4 107 21 4 27 4 5 4 74 60 4 34 4 119 27 4 43 4 17 4 61 52 4 5 4 40 4 62 59 4 25 4 24 4 119 27 4 36 4 16 4 36 32 16 60 16 16 60 4 96 18 16 24 16 119 43 4 39 4 119 40 4 16 4 58 4 0 53 4 5 4 32 4 8 4 92 5 4 31 4 75 43 4 35 4 24 4 39 4 50 24 4 38 4 8 4 119 16 4 33 4 18 4 19 33 4 38 4 5 4 70 35 4 7 4 25 4 0 43 4 26 4 5 4 31 4 112 22 4 60 4 27 4 22 4 0 47 4 49 4 42 4 71 50 4 9 4 31 4 100 32 4 40 4 55 4 
iteration 459 best: 1.15109 leader: 1.15109 time: 216616
86 57 4 5 4 5 4 69 60 4 22 4 0 37 4 31 4 35 4 119 16 4 34 4 16 4 78 57 4 20 4 48 4 119 47 4 37 4 17 4 29 4 53 60 4 39 4 26 4 66 56 4 60 4 101 42 4 39 4 99 21 4 34 4 29 4 22 4 66 12 4 28 4 18 30 4 5 4 81 5 4 5 4 55 4 54 4 19 4 119 35 4 12 4 40 4 48 4 74 48 4 44 4 94 6 4 15 4 29 4 28 4 74 41 4 8 4 48 4 11 20 4 30 4 94 23 4 46 4 28 60 20 101 5 4 21 4 39 4 34 59 20 45 28 4 6 4 57 4 53 22 4 60 4 5 4 5 4 103 13 4 20 4 74 15 4 14 4 19 4 51 18 4 48 4 117 35 4 45 4 46 4 47 20 4 10 4 17 4 0 33 4 51 4 27 13 4 56 4 40 39 4 73 38 4 26 4 50 4 82 35 4 42 4 66 23 4 35 4 41 51 4 19 4 57 60 4 30 4 29 51 4 33 4 34 11 4 9 4 2 38 4 20 4 37 47 4 9 4 56 5 4 39 4 38 4 0 55 4 24 4 84 5 4 47 4 47 4 52 47 4 20 4 51 4 74 32 4 5 4 24 4 30 4 70 24 4 50 4 5 4 35 4 107 21 4 27 4 5 4 74 60 4 34 4 119 27 4 43 4 17 4 61 52 4 5 4 40 4 62 59 4 25 4 24 4 119 27 4 36 4 16 4 36 32 16 60 16 16 60 4 96 18 16 24 16 119 43 4 39 4 119 40 4 16 4 58 4 0 53 4 5 4 32 4 8 4 92 5 4 31 4 75 43 4 35 4 24 4 39 4 50 24 4 38 4 8 4 119 16 4 33 4 18 4 19 33 4 38 4 5 4 70 35 4 7 4 25 4 0 43 4 26 4 5 4 31 4 112 22 4 60 4 27 4 22 4 0 47 4 49 4 42 4 71 50 4 9 4 31 4 100 32 4 40 4 55 4 
iteration 475 best: 1.15109 leader: 1.15109 time: 224118
86 57 4 5 4 5 4 69 60 4 22 4 0 37 4 31 4 35 4 119 16 4 34 4 16 4 78 57 4 20 4 48 4 119 47 4 37 4 17 4 29 4 53 60 4 39 4 26 4 66 56 4 60 4 101 42 4 39 4 99 21 4 34 4 29 4 22 4 66 12 4 28 4 18 30 4 5 4 81 5 4 5 4 55 4 54 4 19 4 119 35 4 12 4 40 4 48 4 74 48 4 44 4 94 6 4 15 4 29 4 28 4 74 41 4 8 4 48 4 11 20 4 30 4 94 23 4 46 4 28 60 20 101 5 4 21 4 39 4 34 59 20 45 28 4 6 4 57 4 53 22 4 60 4 5 4 5 4 103 13 4 20 4 74 15 4 14 4 19 4 51 18 4 48 4 117 35 4 45 4 46 4 47 20 4 10 4 17 4 0 33 4 51 4 27 13 4 56 4 40 39 4 73 38 4 26 4 50 4 82 35 4 42 4 66 23 4 35 4 41 51 4 19 4 57 60 4 30 4 29 51 4 33 4 34 11 4 9 4 2 38 4 20 4 37 47 4 9 4 56 5 4 39 4 38 4 0 55 4 24 4 84 5 4 47 4 47 4 52 47 4 20 4 51 4 74 32 4 5 4 24 4 30 4 70 24 4 50 4 5 4 35 4 107 21 4 27 4 5 4 74 60 4 34 4 119 27 4 43 4 17 4 61 52 4 5 4 40 4 62 59 4 25 4 24 4 119 27 4 36 4 16 4 36 32 16 60 16 16 60 4 96 18 16 24 16 119 43 4 39 4 119 40 4 16 4 58 4 0 53 4 5 4 32 4 8 4 92 5 4 31 4 75 43 4 35 4 24 4 39 4 50 24 4 38 4 8 4 119 16 4 33 4 18 4 19 33 4 38 4 5 4 70 35 4 7 4 25 4 0 43 4 26 4 5 4 31 4 112 22 4 60 4 27 4 22 4 0 47 4 49 4 42 4 71 50 4 9 4 31 4 100 32 4 40 4 55 4 
iteration 491 best: 1.15109 leader: 1.15109 time: 231609
86 57 4 5 4 5 4 69 60 4 22 4 0 37 4 31 4 35 4 119 16 4 34 4 16 4 78 57 4 20 4 48 4 119 47 4 37 4 17 4 29 4 53 60 4 39 4 26 4 66 56 4 60 4 101 42 4 39 4 99 21 4 34 4 29 4 22 4 66 12 4 28 4 18 30 4 5 4 81 5 4 5 4 55 4 54 4 19 4 119 35 4 12 4 40 4 48 4 74 48 4 44 4 94 6 4 15 4 29 4 28 4 74 41 4 8 4 48 4 11 20 4 30 4 94 23 4 46 4 28 60 20 101 5 4 21 4 39 4 34 59 20 45 28 4 6 4 57 4 53 22 4 60 4 5 4 5 4 103 13 4 20 4 74 15 4 14 4 19 4 51 18 4 48 4 117 35 4 45 4 46 4 47 20 4 10 4 17 4 0 33 4 51 4 27 13 4 56 4 40 39 4 73 38 4 26 4 50 4 82 35 4 42 4 66 23 4 35 4 41 51 4 19 4 57 60 4 30 4 29 51 4 33 4 34 11 4 9 4 2 38 4 20 4 37 47 4 9 4 56 5 4 39 4 38 4 0 55 4 24 4 84 5 4 47 4 47 4 52 47 4 20 4 51 4 74 32 4 5 4 24 4 30 4 70 24 4 50 4 5 4 35 4 107 21 4 27 4 5 4 74 60 4 34 4 119 27 4 43 4 17 4 61 52 4 5 4 40 4 62 59 4 25 4 24 4 119 27 4 36 4 16 4 36 32 16 60 16 16 60 4 96 18 16 24 16 119 43 4 39 4 119 40 4 16 4 58 4 0 53 4 5 4 32 4 8 4 92 5 4 31 4 75 43 4 35 4 24 4 39 4 50 24 4 38 4 8 4 119 16 4 33 4 18 4 19 33 4 38 4 5 4 70 35 4 7 4 25 4 0 43 4 26 4 5 4 31 4 112 22 4 60 4 27 4 22 4 0 47 4 49 4 42 4 71 50 4 9 4 31 4 100 32 4 40 4 55 4 
iteration 507 best: 1.15109 leader: 1.15109 time: 239098
86 57 4 5 4 5 4 69 60 4 22 4 0 37 4 31 4 35 4 119 16 4 34 4 16 4 78 57 4 20 4 48 4 119 47 4 37 4 17 4 29 4 53 60 4 39 4 26 4 66 56 4 60 4 101 42 4 39 4 99 21 4 34 4 29 4 22 4 66 12 4 28 4 18 30 4 5 4 81 5 4 5 4 55 4 54 4 19 4 119 35 4 12 4 40 4 48 4 74 48 4 44 4 94 6 4 15 4 29 4 28 4 74 41 4 8 4 48 4 11 20 4 30 4 94 23 4 46 4 28 60 20 101 5 4 21 4 39 4 34 59 20 45 28 4 6 4 57 4 53 22 4 60 4 5 4 5 4 103 13 4 20 4 74 15 4 14 4 19 4 51 18 4 48 4 117 35 4 45 4 46 4 47 20 4 10 4 17 4 0 33 4 51 4 27 13 4 56 4 40 39 4 73 38 4 26 4 50 4 82 35 4 42 4 66 23 4 35 4 41 51 4 19 4 57 60 4 30 4 29 51 4 33 4 34 11 4 9 4 2 38 4 20 4 37 47 4 9 4 56 5 4 39 4 38 4 0 55 4 24 4 84 5 4 47 4 47 4 52 47 4 20 4 51 4 74 32 4 5 4 24 4 30 4 70 24 4 50 4 5 4 35 4 107 21 4 27 4 5 4 74 60 4 34 4 119 27 4 43 4 17 4 61 52 4 5 4 40 4 62 59 4 25 4 24 4 119 27 4 36 4 16 4 36 32 16 60 16 16 60 4 96 18 16 24 16 119 43 4 39 4 119 40 4 16 4 58 4 0 53 4 5 4 32 4 8 4 92 5 4 31 4 75 43 4 35 4 24 4 39 4 50 24 4 38 4 8 4 119 16 4 33 4 18 4 19 33 4 38 4 5 4 70 35 4 7 4 25 4 0 43 4 26 4 5 4 31 4 112 22 4 60 4 27 4 22 4 0 47 4 49 4 42 4 71 50 4 9 4 31 4 100 32 4 40 4 55 4 
iteration 523 best: 1.15109 leader: 1.15109 time: 246614
86 57 4 5 4 5 4 69 60 4 22 4 0 37 4 31 4 35 4 119 16 4 34 4 16 4 78 57 4 20 4 48 4 119 47 4 37 4 17 4 29 4 53 60 4 39 4 26 4 66 56 4 60 4 101 42 4 39 4 99 21 4 34 4 29 4 22 4 66 12 4 28 4 18 30 4 5 4 81 5 4 5 4 55 4 54 4 19 4 119 35 4 12 4 40 4 48 4 74 48 4 44 4 94 6 4 15 4 29 4 28 4 74 41 4 8 4 48 4 11 20 4 30 4 94 23 4 46 4 28 60 20 101 5 4 21 4 39 4 34 59 20 45 28 4 6 4 57 4 53 22 4 60 4 5 4 5 4 103 13 4 20 4 74 15 4 14 4 19 4 51 18 4 48 4 117 35 4 45 4 46 4 47 20 4 10 4 17 4 0 33 4 51 4 27 13 4 56 4 40 39 4 73 38 4 26 4 50 4 82 35 4 42 4 66 23 4 35 4 41 51 4 19 4 57 60 4 30 4 29 51 4 33 4 34 11 4 9 4 2 38 4 20 4 37 47 4 9 4 56 5 4 39 4 38 4 0 55 4 24 4 84 5 4 47 4 47 4 52 47 4 20 4 51 4 74 32 4 5 4 24 4 30 4 70 24 4 50 4 5 4 35 4 107 21 4 27 4 5 4 74 60 4 34 4 119 27 4 43 4 17 4 61 52 4 5 4 40 4 62 59 4 25 4 24 4 119 27 4 36 4 16 4 36 32 16 60 16 16 60 4 96 18 16 24 16 119 43 4 39 4 119 40 4 16 4 58 4 0 53 4 5 4 32 4 8 4 92 5 4 31 4 75 43 4 35 4 24 4 39 4 50 24 4 38 4 8 4 119 16 4 33 4 18 4 19 33 4 38 4 5 4 70 35 4 7 4 25 4 0 43 4 26 4 5 4 31 4 112 22 4 60 4 27 4 22 4 0 47 4 49 4 42 4 71 50 4 9 4 31 4 100 32 4 40 4 55 4 
iteration 539 best: 1.15109 leader: 1.15109 time: 254134
86 57 4 5 4 5 4 69 60 4 22 4 0 37 4 31 4 35 4 119 16 4 34 4 16 4 78 57 4 20 4 48 4 119 47 4 37 4 17 4 29 4 53 60 4 39 4 26 4 66 56 4 60 4 101 42 4 39 4 99 21 4 34 4 29 4 22 4 66 12 4 28 4 18 30 4 5 4 81 5 4 5 4 55 4 54 4 19 4 119 35 4 12 4 40 4 48 4 74 48 4 44 4 94 6 4 15 4 29 4 28 4 74 41 4 8 4 48 4 11 20 4 30 4 94 23 4 46 4 28 60 20 101 5 4 21 4 39 4 34 59 20 45 28 4 6 4 57 4 53 22 4 60 4 5 4 5 4 103 13 4 20 4 74 15 4 14 4 19 4 51 18 4 48 4 117 35 4 45 4 46 4 47 20 4 10 4 17 4 0 33 4 51 4 27 13 4 56 4 40 39 4 73 38 4 26 4 50 4 82 35 4 42 4 66 23 4 35 4 41 51 4 19 4 57 60 4 30 4 29 51 4 33 4 34 11 4 9 4 2 38 4 20 4 37 47 4 9 4 56 5 4 39 4 38 4 0 55 4 24 4 84 5 4 47 4 47 4 52 47 4 20 4 51 4 74 32 4 5 4 24 4 30 4 70 24 4 50 4 5 4 35 4 107 21 4 27 4 5 4 74 60 4 34 4 119 27 4 43 4 17 4 61 52 4 5 4 40 4 62 59 4 25 4 24 4 119 27 4 36 4 16 4 36 32 16 60 16 16 60 4 96 18 16 24 16 119 43 4 39 4 119 40 4 16 4 58 4 0 53 4 5 4 32 4 8 4 92 5 4 31 4 75 43 4 35 4 24 4 39 4 50 24 4 38 4 8 4 119 16 4 33 4 18 4 19 33 4 38 4 5 4 70 35 4 7 4 25 4 0 43 4 26 4 5 4 31 4 112 22 4 60 4 27 4 22 4 0 47 4 49 4 42 4 71 50 4 9 4 31 4 100 32 4 40 4 55 4 
iteration 555 best: 1.15109 leader: 1.15109 time: 261635
86 57 4 5 4 5 4 69 60 4 22 4 0 37 4 31 4 35 4 119 16 4 34 4 16 4 78 57 4 20 4 48 4 119 47 4 37 4 17 4 29 4 53 60 4 39 4 26 4 66 56 4 60 4 101 42 4 39 4 99 21 4 34 4 29 4 22 4 66 12 4 28 4 18 30 4 5 4 81 5 4 5 4 55 4 54 4 19 4 119 35 4 12 4 40 4 48 4 74 48 4 44 4 94 6 4 15 4 29 4 28 4 74 41 4 8 4 48 4 11 20 4 30 4 94 23 4 46 4 28 60 20 101 5 4 21 4 39 4 34 59 20 45 28 4 6 4 57 4 53 22 4 60 4 5 4 5 4 103 13 4 20 4 74 15 4 14 4 19 4 51 18 4 48 4 117 35 4 45 4 46 4 47 20 4 10 4 17 4 0 33 4 51 4 27 13 4 56 4 40 39 4 73 38 4 26 4 50 4 82 35 4 42 4 66 23 4 35 4 41 51 4 19 4 57 60 4 30 4 29 51 4 33 4 34 11 4 9 4 2 38 4 20 4 37 47 4 9 4 56 5 4 39 4 38 4 0 55 4 24 4 84 5 4 47 4 47 4 52 47 4 20 4 51 4 74 32 4 5 4 24 4 30 4 70 24 4 50 4 5 4 35 4 107 21 4 27 4 5 4 74 60 4 34 4 119 27 4 43 4 17 4 61 52 4 5 4 40 4 62 59 4 25 4 24 4 119 27 4 36 4 16 4 36 32 16 60 16 16 60 4 96 18 16 24 16 119 43 4 39 4 119 40 4 16 4 58 4 0 53 4 5 4 32 4 8 4 92 5 4 31 4 75 43 4 35 4 24 4 39 4 50 24 4 38 4 8 4 119 16 4 33 4 18 4 19 33 4 38 4 5 4 70 35 4 7 4 25 4 0 43 4 26 4 5 4 31 4 112 22 4 60 4 27 4 22 4 0 47 4 49 4 42 4 71 50 4 9 4 31 4 100 32 4 40 4 55 4 
iteration 571 best: 1.15109 leader: 1.15109 time: 269139
86 57 4 5 4 5 4 69 60 4 22 4 0 37 4 31 4 35 4 119 16 4 34 4 16 4 78 57 4 20 4 48 4 119 47 4 37 4 17 4 29 4 53 60 4 39 4 26 4 66 56 4 60 4 101 42 4 39 4 99 21 4 34 4 29 4 22 4 66 12 4 28 4 18 30 4 5 4 81 5 4 5 4 55 4 54 4 19 4 119 35 4 12 4 40 4 48 4 74 48 4 44 4 94 6 4 15 4 29 4 28 4 74 41 4 8 4 48 4 11 20 4 30 4 94 23 4 46 4 28 60 20 101 5 4 21 4 39 4 34 59 20 45 28 4 6 4 57 4 53 22 4 60 4 5 4 5 4 103 13 4 20 4 74 15 4 14 4 19 4 51 18 4 48 4 117 35 4 45 4 46 4 47 20 4 10 4 17 4 0 33 4 51 4 27 13 4 56 4 40 39 4 73 38 4 26 4 50 4 82 35 4 42 4 66 23 4 35 4 41 51 4 19 4 57 60 4 30 4 29 51 4 33 4 34 11 4 9 4 2 38 4 20 4 37 47 4 9 4 56 5 4 39 4 38 4 0 55 4 24 4 84 5 4 47 4 47 4 52 47 4 20 4 51 4 74 32 4 5 4 24 4 30 4 70 24 4 50 4 5 4 35 4 107 21 4 27 4 5 4 74 60 4 34 4 119 27 4 43 4 17 4 61 52 4 5 4 40 4 62 59 4 25 4 24 4 119 27 4 36 4 16 4 36 32 16 60 16 16 60 4 96 18 16 24 16 119 43 4 39 4 119 40 4 16 4 58 4 0 53 4 5 4 32 4 8 4 92 5 4 31 4 75 43 4 35 4 24 4 39 4 50 24 4 38 4 8 4 119 16 4 33 4 18 4 19 33 4 38 4 5 4 70 35 4 7 4 25 4 0 43 4 26 4 5 4 31 4 112 22 4 60 4 27 4 22 4 0 47 4 49 4 42 4 71 50 4 9 4 31 4 100 32 4 40 4 55 4 
iteration 578 best: 1.15109 leader: 1.15109 time: 276605
86 57 4 5 4 5 4 69 60 4 22 4 0 37 4 31 4 35 4 119 16 4 34 4 16 4 78 57 4 20 4 48 4 119 47 4 37 4 17 4 29 4 53 60 4 39 4 26 4 66 56 4 60 4 101 42 4 39 4 99 21 4 34 4 29 4 22 4 66 12 4 28 4 18 30 4 5 4 81 5 4 5 4 55 4 54 4 19 4 119 35 4 12 4 40 4 48 4 74 48 4 44 4 94 6 4 15 4 29 4 28 4 74 41 4 8 4 48 4 11 20 4 30 4 94 23 4 46 4 28 60 20 101 5 4 21 4 39 4 34 59 20 45 28 4 6 4 57 4 53 22 4 60 4 5 4 5 4 103 13 4 20 4 74 15 4 14 4 19 4 51 18 4 48 4 117 35 4 45 4 46 4 47 20 4 10 4 17 4 0 33 4 51 4 27 13 4 56 4 40 39 4 73 38 4 26 4 50 4 82 35 4 42 4 66 23 4 35 4 41 51 4 19 4 57 60 4 30 4 29 51 4 33 4 34 11 4 9 4 2 38 4 20 4 37 47 4 9 4 56 5 4 39 4 38 4 0 55 4 24 4 84 5 4 47 4 47 4 52 47 4 20 4 51 4 74 32 4 5 4 24 4 30 4 70 24 4 50 4 5 4 35 4 107 21 4 27 4 5 4 74 60 4 34 4 119 27 4 43 4 17 4 61 52 4 5 4 40 4 62 59 4 25 4 24 4 119 27 4 36 4 16 4 36 32 16 60 16 16 60 4 96 18 16 24 16 119 43 4 39 4 119 40 4 16 4 58 4 0 53 4 5 4 32 4 8 4 92 5 4 31 4 75 43 4 35 4 24 4 39 4 50 24 4 38 4 8 4 119 16 4 33 4 18 4 19 33 4 38 4 5 4 70 35 4 7 4 25 4 0 43 4 26 4 5 4 31 4 112 22 4 60 4 27 4 22 4 0 47 4 49 4 42 4 71 50 4 9 4 31 4 100 32 4 40 4 55 4 
iteration 594 best: 1.15109 leader: 1.15109 time: 284251
86 57 4 5 4 5 4 69 60 4 22 4 0 37 4 31 4 35 4 119 16 4 34 4 16 4 78 57 4 20 4 48 4 119 47 4 37 4 17 4 29 4 53 60 4 39 4 26 4 66 56 4 60 4 101 42 4 39 4 99 21 4 34 4 29 4 22 4 66 12 4 28 4 18 30 4 5 4 81 5 4 5 4 55 4 54 4 19 4 119 35 4 12 4 40 4 48 4 74 48 4 44 4 94 6 4 15 4 29 4 28 4 74 41 4 8 4 48 4 11 20 4 30 4 94 23 4 46 4 28 60 20 101 5 4 21 4 39 4 34 59 20 45 28 4 6 4 57 4 53 22 4 60 4 5 4 5 4 103 13 4 20 4 74 15 4 14 4 19 4 51 18 4 48 4 117 35 4 45 4 46 4 47 20 4 10 4 17 4 0 33 4 51 4 27 13 4 56 4 40 39 4 73 38 4 26 4 50 4 82 35 4 42 4 66 23 4 35 4 41 51 4 19 4 57 60 4 30 4 29 51 4 33 4 34 11 4 9 4 2 38 4 20 4 37 47 4 9 4 56 5 4 39 4 38 4 0 55 4 24 4 84 5 4 47 4 47 4 52 47 4 20 4 51 4 74 32 4 5 4 24 4 30 4 70 24 4 50 4 5 4 35 4 107 21 4 27 4 5 4 74 60 4 34 4 119 27 4 43 4 17 4 61 52 4 5 4 40 4 62 59 4 25 4 24 4 119 27 4 36 4 16 4 36 32 16 60 16 16 60 4 96 18 16 24 16 119 43 4 39 4 119 40 4 16 4 58 4 0 53 4 5 4 32 4 8 4 92 5 4 31 4 75 43 4 35 4 24 4 39 4 50 24 4 38 4 8 4 119 16 4 33 4 18 4 19 33 4 38 4 5 4 70 35 4 7 4 25 4 0 43 4 26 4 5 4 31 4 112 22 4 60 4 27 4 22 4 0 47 4 49 4 42 4 71 50 4 9 4 31 4 100 32 4 40 4 55 4 
iteration 610 best: 1.15109 leader: 1.15109 time: 291818
86 57 4 5 4 5 4 69 60 4 22 4 0 37 4 31 4 35 4 119 16 4 34 4 16 4 78 57 4 20 4 48 4 119 47 4 37 4 17 4 29 4 53 60 4 39 4 26 4 66 56 4 60 4 101 42 4 39 4 99 21 4 34 4 29 4 22 4 66 12 4 28 4 18 30 4 5 4 81 5 4 5 4 55 4 54 4 19 4 119 35 4 12 4 40 4 48 4 74 48 4 44 4 94 6 4 15 4 29 4 28 4 74 41 4 8 4 48 4 11 20 4 30 4 94 23 4 46 4 28 60 20 101 5 4 21 4 39 4 34 59 20 45 28 4 6 4 57 4 53 22 4 60 4 5 4 5 4 103 13 4 20 4 74 15 4 14 4 19 4 51 18 4 48 4 117 35 4 45 4 46 4 47 20 4 10 4 17 4 0 33 4 51 4 27 13 4 56 4 40 39 4 73 38 4 26 4 50 4 82 35 4 42 4 66 23 4 35 4 41 51 4 19 4 57 60 4 30 4 29 51 4 33 4 34 11 4 9 4 2 38 4 20 4 37 47 4 9 4 56 5 4 39 4 38 4 0 55 4 24 4 84 5 4 47 4 47 4 52 47 4 20 4 51 4 74 32 4 5 4 24 4 30 4 70 24 4 50 4 5 4 35 4 107 21 4 27 4 5 4 74 60 4 34 4 119 27 4 43 4 17 4 61 52 4 5 4 40 4 62 59 4 25 4 24 4 119 27 4 36 4 16 4 36 32 16 60 16 16 60 4 96 18 16 24 16 119 43 4 39 4 119 40 4 16 4 58 4 0 53 4 5 4 32 4 8 4 92 5 4 31 4 75 43 4 35 4 24 4 39 4 50 24 4 38 4 8 4 119 16 4 33 4 18 4 19 33 4 38 4 5 4 70 35 4 7 4 25 4 0 43 4 26 4 5 4 31 4 112 22 4 60 4 27 4 22 4 0 47 4 49 4 42 4 71 50 4 9 4 31 4 100 32 4 40 4 55 4 
iteration 626 best: 1.15109 leader: 1.15109 time: 299326
86 57 4 5 4 5 4 69 60 4 22 4 0 37 4 31 4 35 4 119 16 4 34 4 16 4 78 57 4 20 4 48 4 119 47 4 37 4 17 4 29 4 53 60 4 39 4 26 4 66 56 4 60 4 101 42 4 39 4 99 21 4 34 4 29 4 22 4 66 12 4 28 4 18 30 4 5 4 81 5 4 5 4 55 4 54 4 19 4 119 35 4 12 4 40 4 48 4 74 48 4 44 4 94 6 4 15 4 29 4 28 4 74 41 4 8 4 48 4 11 20 4 30 4 94 23 4 46 4 28 60 20 101 5 4 21 4 39 4 34 59 20 45 28 4 6 4 57 4 53 22 4 60 4 5 4 5 4 103 13 4 20 4 74 15 4 14 4 19 4 51 18 4 48 4 117 35 4 45 4 46 4 47 20 4 10 4 17 4 0 33 4 51 4 27 13 4 56 4 40 39 4 73 38 4 26 4 50 4 82 35 4 42 4 66 23 4 35 4 41 51 4 19 4 57 60 4 30 4 29 51 4 33 4 34 11 4 9 4 2 38 4 20 4 37 47 4 9 4 56 5 4 39 4 38 4 0 55 4 24 4 84 5 4 47 4 47 4 52 47 4 20 4 51 4 74 32 4 5 4 24 4 30 4 70 24 4 50 4 5 4 35 4 107 21 4 27 4 5 4 74 60 4 34 4 119 27 4 43 4 17 4 61 52 4 5 4 40 4 62 59 4 25 4 24 4 119 27 4 36 4 16 4 36 32 16 60 16 16 60 4 96 18 16 24 16 119 43 4 39 4 119 40 4 16 4 58 4 0 53 4 5 4 32 4 8 4 92 5 4 31 4 75 43 4 35 4 24 4 39 4 50 24 4 38 4 8 4 119 16 4 33 4 18 4 19 33 4 38 4 5 4 70 35 4 7 4 25 4 0 43 4 26 4 5 4 31 4 112 22 4 60 4 27 4 22 4 0 47 4 49 4 42 4 71 50 4 9 4 31 4 100 32 4 40 4 55 4 
iteration 642 best: 1.15109 leader: 1.15109 time: 306834
86 57 4 5 4 5 4 69 60 4 22 4 0 37 4 31 4 35 4 119 16 4 34 4 16 4 78 57 4 20 4 48 4 119 47 4 37 4 17 4 29 4 53 60 4 39 4 26 4 66 56 4 60 4 101 42 4 39 4 99 21 4 34 4 29 4 22 4 66 12 4 28 4 18 30 4 5 4 81 5 4 5 4 55 4 54 4 19 4 119 35 4 12 4 40 4 48 4 74 48 4 44 4 94 6 4 15 4 29 4 28 4 74 41 4 8 4 48 4 11 20 4 30 4 94 23 4 46 4 28 60 20 101 5 4 21 4 39 4 34 59 20 45 28 4 6 4 57 4 53 22 4 60 4 5 4 5 4 103 13 4 20 4 74 15 4 14 4 19 4 51 18 4 48 4 117 35 4 45 4 46 4 47 20 4 10 4 17 4 0 33 4 51 4 27 13 4 56 4 40 39 4 73 38 4 26 4 50 4 82 35 4 42 4 66 23 4 35 4 41 51 4 19 4 57 60 4 30 4 29 51 4 33 4 34 11 4 9 4 2 38 4 20 4 37 47 4 9 4 56 5 4 39 4 38 4 0 55 4 24 4 84 5 4 47 4 47 4 52 47 4 20 4 51 4 74 32 4 5 4 24 4 30 4 70 24 4 50 4 5 4 35 4 107 21 4 27 4 5 4 74 60 4 34 4 119 27 4 43 4 17 4 61 52 4 5 4 40 4 62 59 4 25 4 24 4 119 27 4 36 4 16 4 36 32 16 60 16 16 60 4 96 18 16 24 16 119 43 4 39 4 119 40 4 16 4 58 4 0 53 4 5 4 32 4 8 4 92 5 4 31 4 75 43 4 35 4 24 4 39 4 50 24 4 38 4 8 4 119 16 4 33 4 18 4 19 33 4 38 4 5 4 70 35 4 7 4 25 4 0 43 4 26 4 5 4 31 4 112 22 4 60 4 27 4 22 4 0 47 4 49 4 42 4 71 50 4 9 4 31 4 100 32 4 40 4 55 4 
iteration 658 best: 1.15109 leader: 1.15109 time: 314331
86 57 4 5 4 5 4 69 60 4 22 4 0 37 4 31 4 35 4 119 16 4 34 4 16 4 78 57 4 20 4 48 4 119 47 4 37 4 17 4 29 4 53 60 4 39 4 26 4 66 56 4 60 4 101 42 4 39 4 99 21 4 34 4 29 4 22 4 66 12 4 28 4 18 30 4 5 4 81 5 4 5 4 55 4 54 4 19 4 119 35 4 12 4 40 4 48 4 74 48 4 44 4 94 6 4 15 4 29 4 28 4 74 41 4 8 4 48 4 11 20 4 30 4 94 23 4 46 4 28 60 20 101 5 4 21 4 39 4 34 59 20 45 28 4 6 4 57 4 53 22 4 60 4 5 4 5 4 103 13 4 20 4 74 15 4 14 4 19 4 51 18 4 48 4 117 35 4 45 4 46 4 47 20 4 10 4 17 4 0 33 4 51 4 27 13 4 56 4 40 39 4 73 38 4 26 4 50 4 82 35 4 42 4 66 23 4 35 4 41 51 4 19 4 57 60 4 30 4 29 51 4 33 4 34 11 4 9 4 2 38 4 20 4 37 47 4 9 4 56 5 4 39 4 38 4 0 55 4 24 4 84 5 4 47 4 47 4 52 47 4 20 4 51 4 74 32 4 5 4 24 4 30 4 70 24 4 50 4 5 4 35 4 107 21 4 27 4 5 4 74 60 4 34 4 119 27 4 43 4 17 4 61 52 4 5 4 40 4 62 59 4 25 4 24 4 119 27 4 36 4 16 4 36 32 16 60 16 16 60 4 96 18 16 24 16 119 43 4 39 4 119 40 4 16 4 58 4 0 53 4 5 4 32 4 8 4 92 5 4 31 4 75 43 4 35 4 24 4 39 4 50 24 4 38 4 8 4 119 16 4 33 4 18 4 19 33 4 38 4 5 4 70 35 4 7 4 25 4 0 43 4 26 4 5 4 31 4 112 22 4 60 4 27 4 22 4 0 47 4 49 4 42 4 71 50 4 9 4 31 4 100 32 4 40 4 55 4 
iteration 674 best: 1.15109 leader: 1.15109 time: 321780
86 57 4 5 4 5 4 69 60 4 22 4 0 37 4 31 4 35 4 119 16 4 34 4 16 4 78 57 4 20 4 48 4 119 47 4 37 4 17 4 29 4 53 60 4 39 4 26 4 66 56 4 60 4 101 42 4 39 4 99 21 4 34 4 29 4 22 4 66 12 4 28 4 18 30 4 5 4 81 5 4 5 4 55 4 54 4 19 4 119 35 4 12 4 40 4 48 4 74 48 4 44 4 94 6 4 15 4 29 4 28 4 74 41 4 8 4 48 4 11 20 4 30 4 94 23 4 46 4 28 60 20 101 5 4 21 4 39 4 34 59 20 45 28 4 6 4 57 4 53 22 4 60 4 5 4 5 4 103 13 4 20 4 74 15 4 14 4 19 4 51 18 4 48 4 117 35 4 45 4 46 4 47 20 4 10 4 17 4 0 33 4 51 4 27 13 4 56 4 40 39 4 73 38 4 26 4 50 4 82 35 4 42 4 66 23 4 35 4 41 51 4 19 4 57 60 4 30 4 29 51 4 33 4 34 11 4 9 4 2 38 4 20 4 37 47 4 9 4 56 5 4 39 4 38 4 0 55 4 24 4 84 5 4 47 4 47 4 52 47 4 20 4 51 4 74 32 4 5 4 24 4 30 4 70 24 4 50 4 5 4 35 4 107 21 4 27 4 5 4 74 60 4 34 4 119 27 4 43 4 17 4 61 52 4 5 4 40 4 62 59 4 25 4 24 4 119 27 4 36 4 16 4 36 32 16 60 16 16 60 4 96 18 16 24 16 119 43 4 39 4 119 40 4 16 4 58 4 0 53 4 5 4 32 4 8 4 92 5 4 31 4 75 43 4 35 4 24 4 39 4 50 24 4 38 4 8 4 119 16 4 33 4 18 4 19 33 4 38 4 5 4 70 35 4 7 4 25 4 0 43 4 26 4 5 4 31 4 112 22 4 60 4 27 4 22 4 0 47 4 49 4 42 4 71 50 4 9 4 31 4 100 32 4 40 4 55 4 
iteration 690 best: 1.15109 leader: 1.15109 time: 329303
86 57 4 5 4 5 4 69 60 4 22 4 0 37 4 31 4 35 4 119 16 4 34 4 16 4 78 57 4 20 4 48 4 119 47 4 37 4 17 4 29 4 53 60 4 39 4 26 4 66 56 4 60 4 101 42 4 39 4 99 21 4 34 4 29 4 22 4 66 12 4 28 4 18 30 4 5 4 81 5 4 5 4 55 4 54 4 19 4 119 35 4 12 4 40 4 48 4 74 48 4 44 4 94 6 4 15 4 29 4 28 4 74 41 4 8 4 48 4 11 20 4 30 4 94 23 4 46 4 28 60 20 101 5 4 21 4 39 4 34 59 20 45 28 4 6 4 57 4 53 22 4 60 4 5 4 5 4 103 13 4 20 4 74 15 4 14 4 19 4 51 18 4 48 4 117 35 4 45 4 46 4 47 20 4 10 4 17 4 0 33 4 51 4 27 13 4 56 4 40 39 4 73 38 4 26 4 50 4 82 35 4 42 4 66 23 4 35 4 41 51 4 19 4 57 60 4 30 4 29 51 4 33 4 34 11 4 9 4 2 38 4 20 4 37 47 4 9 4 56 5 4 39 4 38 4 0 55 4 24 4 84 5 4 47 4 47 4 52 47 4 20 4 51 4 74 32 4 5 4 24 4 30 4 70 24 4 50 4 5 4 35 4 107 21 4 27 4 5 4 74 60 4 34 4 119 27 4 43 4 17 4 61 52 4 5 4 40 4 62 59 4 25 4 24 4 119 27 4 36 4 16 4 36 32 16 60 16 16 60 4 96 18 16 24 16 119 43 4 39 4 119 40 4 16 4 58 4 0 53 4 5 4 32 4 8 4 92 5 4 31 4 75 43 4 35 4 24 4 39 4 50 24 4 38 4 8 4 119 16 4 33 4 18 4 19 33 4 38 4 5 4 70 35 4 7 4 25 4 0 43 4 26 4 5 4 31 4 112 22 4 60 4 27 4 22 4 0 47 4 49 4 42 4 71 50 4 9 4 31 4 100 32 4 40 4 55 4 
iteration 706 best: 1.15109 leader: 1.15109 time: 336812
86 57 4 5 4 5 4 69 60 4 22 4 0 37 4 31 4 35 4 119 16 4 34 4 16 4 78 57 4 20 4 48 4 119 47 4 37 4 17 4 29 4 53 60 4 39 4 26 4 66 56 4 60 4 101 42 4 39 4 99 21 4 34 4 29 4 22 4 66 12 4 28 4 18 30 4 5 4 81 5 4 5 4 55 4 54 4 19 4 119 35 4 12 4 40 4 48 4 74 48 4 44 4 94 6 4 15 4 29 4 28 4 74 41 4 8 4 48 4 11 20 4 30 4 94 23 4 46 4 28 60 20 101 5 4 21 4 39 4 34 59 20 45 28 4 6 4 57 4 53 22 4 60 4 5 4 5 4 103 13 4 20 4 74 15 4 14 4 19 4 51 18 4 48 4 117 35 4 45 4 46 4 47 20 4 10 4 17 4 0 33 4 51 4 27 13 4 56 4 40 39 4 73 38 4 26 4 50 4 82 35 4 42 4 66 23 4 35 4 41 51 4 19 4 57 60 4 30 4 29 51 4 33 4 34 11 4 9 4 2 38 4 20 4 37 47 4 9 4 56 5 4 39 4 38 4 0 55 4 24 4 84 5 4 47 4 47 4 52 47 4 20 4 51 4 74 32 4 5 4 24 4 30 4 70 24 4 50 4 5 4 35 4 107 21 4 27 4 5 4 74 60 4 34 4 119 27 4 43 4 17 4 61 52 4 5 4 40 4 62 59 4 25 4 24 4 119 27 4 36 4 16 4 36 32 16 60 16 16 60 4 96 18 16 24 16 119 43 4 39 4 119 40 4 16 4 58 4 0 53 4 5 4 32 4 8 4 92 5 4 31 4 75 43 4 35 4 24 4 39 4 50 24 4 38 4 8 4 119 16 4 33 4 18 4 19 33 4 38 4 5 4 70 35 4 7 4 25 4 0 43 4 26 4 5 4 31 4 112 22 4 60 4 27 4 22 4 0 47 4 49 4 42 4 71 50 4 9 4 31 4 100 32 4 40 4 55 4 
iteration 722 best: 1.15109 leader: 1.15109 time: 344308
86 57 4 5 4 5 4 69 60 4 22 4 0 37 4 31 4 35 4 119 16 4 34 4 16 4 78 57 4 20 4 48 4 119 47 4 37 4 17 4 29 4 53 60 4 39 4 26 4 66 56 4 60 4 101 42 4 39 4 99 21 4 34 4 29 4 22 4 66 12 4 28 4 18 30 4 5 4 81 5 4 5 4 55 4 54 4 19 4 119 35 4 12 4 40 4 48 4 74 48 4 44 4 94 6 4 15 4 29 4 28 4 74 41 4 8 4 48 4 11 20 4 30 4 94 23 4 46 4 28 60 20 101 5 4 21 4 39 4 34 59 20 45 28 4 6 4 57 4 53 22 4 60 4 5 4 5 4 103 13 4 20 4 74 15 4 14 4 19 4 51 18 4 48 4 117 35 4 45 4 46 4 47 20 4 10 4 17 4 0 33 4 51 4 27 13 4 56 4 40 39 4 73 38 4 26 4 50 4 82 35 4 42 4 66 23 4 35 4 41 51 4 19 4 57 60 4 30 4 29 51 4 33 4 34 11 4 9 4 2 38 4 20 4 37 47 4 9 4 56 5 4 39 4 38 4 0 55 4 24 4 84 5 4 47 4 47 4 52 47 4 20 4 51 4 74 32 4 5 4 24 4 30 4 70 24 4 50 4 5 4 35 4 107 21 4 27 4 5 4 74 60 4 34 4 119 27 4 43 4 17 4 61 52 4 5 4 40 4 62 59 4 25 4 24 4 119 27 4 36 4 16 4 36 32 16 60 16 16 60 4 96 18 16 24 16 119 43 4 39 4 119 40 4 16 4 58 4 0 53 4 5 4 32 4 8 4 92 5 4 31 4 75 43 4 35 4 24 4 39 4 50 24 4 38 4 8 4 119 16 4 33 4 18 4 19 33 4 38 4 5 4 70 35 4 7 4 25 4 0 43 4 26 4 5 4 31 4 112 22 4 60 4 27 4 22 4 0 47 4 49 4 42 4 71 50 4 9 4 31 4 100 32 4 40 4 55 4 
iteration 738 best: 1.15109 leader: 1.15109 time: 351812
86 57 4 5 4 5 4 69 60 4 22 4 0 37 4 31 4 35 4 119 16 4 34 4 16 4 78 57 4 20 4 48 4 119 47 4 37 4 17 4 29 4 53 60 4 39 4 26 4 66 56 4 60 4 101 42 4 39 4 99 21 4 34 4 29 4 22 4 66 12 4 28 4 18 30 4 5 4 81 5 4 5 4 55 4 54 4 19 4 119 35 4 12 4 40 4 48 4 74 48 4 44 4 94 6 4 15 4 29 4 28 4 74 41 4 8 4 48 4 11 20 4 30 4 94 23 4 46 4 28 60 20 101 5 4 21 4 39 4 34 59 20 45 28 4 6 4 57 4 53 22 4 60 4 5 4 5 4 103 13 4 20 4 74 15 4 14 4 19 4 51 18 4 48 4 117 35 4 45 4 46 4 47 20 4 10 4 17 4 0 33 4 51 4 27 13 4 56 4 40 39 4 73 38 4 26 4 50 4 82 35 4 42 4 66 23 4 35 4 41 51 4 19 4 57 60 4 30 4 29 51 4 33 4 34 11 4 9 4 2 38 4 20 4 37 47 4 9 4 56 5 4 39 4 38 4 0 55 4 24 4 84 5 4 47 4 47 4 52 47 4 20 4 51 4 74 32 4 5 4 24 4 30 4 70 24 4 50 4 5 4 35 4 107 21 4 27 4 5 4 74 60 4 34 4 119 27 4 43 4 17 4 61 52 4 5 4 40 4 62 59 4 25 4 24 4 119 27 4 36 4 16 4 36 32 16 60 16 16 60 4 96 18 16 24 16 119 43 4 39 4 119 40 4 16 4 58 4 0 53 4 5 4 32 4 8 4 92 5 4 31 4 75 43 4 35 4 24 4 39 4 50 24 4 38 4 8 4 119 16 4 33 4 18 4 19 33 4 38 4 5 4 70 35 4 7 4 25 4 0 43 4 26 4 5 4 31 4 112 22 4 60 4 27 4 22 4 0 47 4 49 4 42 4 71 50 4 9 4 31 4 100 32 4 40 4 55 4 
iteration 754 best: 1.15109 leader: 1.15109 time: 359283
86 57 4 5 4 5 4 69 60 4 22 4 0 37 4 31 4 35 4 119 16 4 34 4 16 4 78 57 4 20 4 48 4 119 47 4 37 4 17 4 29 4 53 60 4 39 4 26 4 66 56 4 60 4 101 42 4 39 4 99 21 4 34 4 29 4 22 4 66 12 4 28 4 18 30 4 5 4 81 5 4 5 4 55 4 54 4 19 4 119 35 4 12 4 40 4 48 4 74 48 4 44 4 94 6 4 15 4 29 4 28 4 74 41 4 8 4 48 4 11 20 4 30 4 94 23 4 46 4 28 60 20 101 5 4 21 4 39 4 34 59 20 45 28 4 6 4 57 4 53 22 4 60 4 5 4 5 4 103 13 4 20 4 74 15 4 14 4 19 4 51 18 4 48 4 117 35 4 45 4 46 4 47 20 4 10 4 17 4 0 33 4 51 4 27 13 4 56 4 40 39 4 73 38 4 26 4 50 4 82 35 4 42 4 66 23 4 35 4 41 51 4 19 4 57 60 4 30 4 29 51 4 33 4 34 11 4 9 4 2 38 4 20 4 37 47 4 9 4 56 5 4 39 4 38 4 0 55 4 24 4 84 5 4 47 4 47 4 52 47 4 20 4 51 4 74 32 4 5 4 24 4 30 4 70 24 4 50 4 5 4 35 4 107 21 4 27 4 5 4 74 60 4 34 4 119 27 4 43 4 17 4 61 52 4 5 4 40 4 62 59 4 25 4 24 4 119 27 4 36 4 16 4 36 32 16 60 16 16 60 4 96 18 16 24 16 119 43 4 39 4 119 40 4 16 4 58 4 0 53 4 5 4 32 4 8 4 92 5 4 31 4 75 43 4 35 4 24 4 39 4 50 24 4 38 4 8 4 119 16 4 33 4 18 4 19 33 4 38 4 5 4 70 35 4 7 4 25 4 0 43 4 26 4 5 4 31 4 112 22 4 60 4 27 4 22 4 0 47 4 49 4 42 4 71 50 4 9 4 31 4 100 32 4 40 4 55 4 
iteration 770 best: 1.15109 leader: 1.15109 time: 366791
86 57 4 5 4 5 4 69 60 4 22 4 0 37 4 31 4 35 4 119 16 4 34 4 16 4 78 57 4 20 4 48 4 119 47 4 37 4 17 4 29 4 53 60 4 39 4 26 4 66 56 4 60 4 101 42 4 39 4 99 21 4 34 4 29 4 22 4 66 12 4 28 4 18 30 4 5 4 81 5 4 5 4 55 4 54 4 19 4 119 35 4 12 4 40 4 48 4 74 48 4 44 4 94 6 4 15 4 29 4 28 4 74 41 4 8 4 48 4 11 20 4 30 4 94 23 4 46 4 28 60 20 101 5 4 21 4 39 4 34 59 20 45 28 4 6 4 57 4 53 22 4 60 4 5 4 5 4 103 13 4 20 4 74 15 4 14 4 19 4 51 18 4 48 4 117 35 4 45 4 46 4 47 20 4 10 4 17 4 0 33 4 51 4 27 13 4 56 4 40 39 4 73 38 4 26 4 50 4 82 35 4 42 4 66 23 4 35 4 41 51 4 19 4 57 60 4 30 4 29 51 4 33 4 34 11 4 9 4 2 38 4 20 4 37 47 4 9 4 56 5 4 39 4 38 4 0 55 4 24 4 84 5 4 47 4 47 4 52 47 4 20 4 51 4 74 32 4 5 4 24 4 30 4 70 24 4 50 4 5 4 35 4 107 21 4 27 4 5 4 74 60 4 34 4 119 27 4 43 4 17 4 61 52 4 5 4 40 4 62 59 4 25 4 24 4 119 27 4 36 4 16 4 36 32 16 60 16 16 60 4 96 18 16 24 16 119 43 4 39 4 119 40 4 16 4 58 4 0 53 4 5 4 32 4 8 4 92 5 4 31 4 75 43 4 35 4 24 4 39 4 50 24 4 38 4 8 4 119 16 4 33 4 18 4 19 33 4 38 4 5 4 70 35 4 7 4 25 4 0 43 4 26 4 5 4 31 4 112 22 4 60 4 27 4 22 4 0 47 4 49 4 42 4 71 50 4 9 4 31 4 100 32 4 40 4 55 4 
iteration 786 best: 1.15109 leader: 1.15109 time: 374291
86 57 4 5 4 5 4 69 60 4 22 4 0 37 4 31 4 35 4 119 16 4 34 4 16 4 78 57 4 20 4 48 4 119 47 4 37 4 17 4 29 4 53 60 4 39 4 26 4 66 56 4 60 4 101 42 4 39 4 99 21 4 34 4 29 4 22 4 66 12 4 28 4 18 30 4 5 4 81 5 4 5 4 55 4 54 4 19 4 119 35 4 12 4 40 4 48 4 74 48 4 44 4 94 6 4 15 4 29 4 28 4 74 41 4 8 4 48 4 11 20 4 30 4 94 23 4 46 4 28 60 20 101 5 4 21 4 39 4 34 59 20 45 28 4 6 4 57 4 53 22 4 60 4 5 4 5 4 103 13 4 20 4 74 15 4 14 4 19 4 51 18 4 48 4 117 35 4 45 4 46 4 47 20 4 10 4 17 4 0 33 4 51 4 27 13 4 56 4 40 39 4 73 38 4 26 4 50 4 82 35 4 42 4 66 23 4 35 4 41 51 4 19 4 57 60 4 30 4 29 51 4 33 4 34 11 4 9 4 2 38 4 20 4 37 47 4 9 4 56 5 4 39 4 38 4 0 55 4 24 4 84 5 4 47 4 47 4 52 47 4 20 4 51 4 74 32 4 5 4 24 4 30 4 70 24 4 50 4 5 4 35 4 107 21 4 27 4 5 4 74 60 4 34 4 119 27 4 43 4 17 4 61 52 4 5 4 40 4 62 59 4 25 4 24 4 119 27 4 36 4 16 4 36 32 16 60 16 16 60 4 96 18 16 24 16 119 43 4 39 4 119 40 4 16 4 58 4 0 53 4 5 4 32 4 8 4 92 5 4 31 4 75 43 4 35 4 24 4 39 4 50 24 4 38 4 8 4 119 16 4 33 4 18 4 19 33 4 38 4 5 4 70 35 4 7 4 25 4 0 43 4 26 4 5 4 31 4 112 22 4 60 4 27 4 22 4 0 47 4 49 4 42 4 71 50 4 9 4 31 4 100 32 4 40 4 55 4 
iteration 802 best: 1.15109 leader: 1.15109 time: 381784
86 57 4 5 4 5 4 69 60 4 22 4 0 37 4 31 4 35 4 119 16 4 34 4 16 4 78 57 4 20 4 48 4 119 47 4 37 4 17 4 29 4 53 60 4 39 4 26 4 66 56 4 60 4 101 42 4 39 4 99 21 4 34 4 29 4 22 4 66 12 4 28 4 18 30 4 5 4 81 5 4 5 4 55 4 54 4 19 4 119 35 4 12 4 40 4 48 4 74 48 4 44 4 94 6 4 15 4 29 4 28 4 74 41 4 8 4 48 4 11 20 4 30 4 94 23 4 46 4 28 60 20 101 5 4 21 4 39 4 34 59 20 45 28 4 6 4 57 4 53 22 4 60 4 5 4 5 4 103 13 4 20 4 74 15 4 14 4 19 4 51 18 4 48 4 117 35 4 45 4 46 4 47 20 4 10 4 17 4 0 33 4 51 4 27 13 4 56 4 40 39 4 73 38 4 26 4 50 4 82 35 4 42 4 66 23 4 35 4 41 51 4 19 4 57 60 4 30 4 29 51 4 33 4 34 11 4 9 4 2 38 4 20 4 37 47 4 9 4 56 5 4 39 4 38 4 0 55 4 24 4 84 5 4 47 4 47 4 52 47 4 20 4 51 4 74 32 4 5 4 24 4 30 4 70 24 4 50 4 5 4 35 4 107 21 4 27 4 5 4 74 60 4 34 4 119 27 4 43 4 17 4 61 52 4 5 4 40 4 62 59 4 25 4 24 4 119 27 4 36 4 16 4 36 32 16 60 16 16 60 4 96 18 16 24 16 119 43 4 39 4 119 40 4 16 4 58 4 0 53 4 5 4 32 4 8 4 92 5 4 31 4 75 43 4 35 4 24 4 39 4 50 24 4 38 4 8 4 119 16 4 33 4 18 4 19 33 4 38 4 5 4 70 35 4 7 4 25 4 0 43 4 26 4 5 4 31 4 112 22 4 60 4 27 4 22 4 0 47 4 49 4 42 4 71 50 4 9 4 31 4 100 32 4 40 4 55 4 
iteration 818 best: 1.15109 leader: 1.15109 time: 389262
86 57 4 5 4 5 4 69 60 4 22 4 0 37 4 31 4 35 4 119 16 4 34 4 16 4 78 57 4 20 4 48 4 119 47 4 37 4 17 4 29 4 53 60 4 39 4 26 4 66 56 4 60 4 101 42 4 39 4 99 21 4 34 4 29 4 22 4 66 12 4 28 4 18 30 4 5 4 81 5 4 5 4 55 4 54 4 19 4 119 35 4 12 4 40 4 48 4 74 48 4 44 4 94 6 4 15 4 29 4 28 4 74 41 4 8 4 48 4 11 20 4 30 4 94 23 4 46 4 28 60 20 101 5 4 21 4 39 4 34 59 20 45 28 4 6 4 57 4 53 22 4 60 4 5 4 5 4 103 13 4 20 4 74 15 4 14 4 19 4 51 18 4 48 4 117 35 4 45 4 46 4 47 20 4 10 4 17 4 0 33 4 51 4 27 13 4 56 4 40 39 4 73 38 4 26 4 50 4 82 35 4 42 4 66 23 4 35 4 41 51 4 19 4 57 60 4 30 4 29 51 4 33 4 34 11 4 9 4 2 38 4 20 4 37 47 4 9 4 56 5 4 39 4 38 4 0 55 4 24 4 84 5 4 47 4 47 4 52 47 4 20 4 51 4 74 32 4 5 4 24 4 30 4 70 24 4 50 4 5 4 35 4 107 21 4 27 4 5 4 74 60 4 34 4 119 27 4 43 4 17 4 61 52 4 5 4 40 4 62 59 4 25 4 24 4 119 27 4 36 4 16 4 36 32 16 60 16 16 60 4 96 18 16 24 16 119 43 4 39 4 119 40 4 16 4 58 4 0 53 4 5 4 32 4 8 4 92 5 4 31 4 75 43 4 35 4 24 4 39 4 50 24 4 38 4 8 4 119 16 4 33 4 18 4 19 33 4 38 4 5 4 70 35 4 7 4 25 4 0 43 4 26 4 5 4 31 4 112 22 4 60 4 27 4 22 4 0 47 4 49 4 42 4 71 50 4 9 4 31 4 100 32 4 40 4 55 4 
iteration 834 best: 1.15109 leader: 1.15109 time: 396776
86 57 4 5 4 5 4 69 60 4 22 4 0 37 4 31 4 35 4 119 16 4 34 4 16 4 78 57 4 20 4 48 4 119 47 4 37 4 17 4 29 4 53 60 4 39 4 26 4 66 56 4 60 4 101 42 4 39 4 99 21 4 34 4 29 4 22 4 66 12 4 28 4 18 30 4 5 4 81 5 4 5 4 55 4 54 4 19 4 119 35 4 12 4 40 4 48 4 74 48 4 44 4 94 6 4 15 4 29 4 28 4 74 41 4 8 4 48 4 11 20 4 30 4 94 23 4 46 4 28 60 20 101 5 4 21 4 39 4 34 59 20 45 28 4 6 4 57 4 53 22 4 60 4 5 4 5 4 103 13 4 20 4 74 15 4 14 4 19 4 51 18 4 48 4 117 35 4 45 4 46 4 47 20 4 10 4 17 4 0 33 4 51 4 27 13 4 56 4 40 39 4 73 38 4 26 4 50 4 82 35 4 42 4 66 23 4 35 4 41 51 4 19 4 57 60 4 30 4 29 51 4 33 4 34 11 4 9 4 2 38 4 20 4 37 47 4 9 4 56 5 4 39 4 38 4 0 55 4 24 4 84 5 4 47 4 47 4 52 47 4 20 4 51 4 74 32 4 5 4 24 4 30 4 70 24 4 50 4 5 4 35 4 107 21 4 27 4 5 4 74 60 4 34 4 119 27 4 43 4 17 4 61 52 4 5 4 40 4 62 59 4 25 4 24 4 119 27 4 36 4 16 4 36 32 16 60 16 16 60 4 96 18 16 24 16 119 43 4 39 4 119 40 4 16 4 58 4 0 53 4 5 4 32 4 8 4 92 5 4 31 4 75 43 4 35 4 24 4 39 4 50 24 4 38 4 8 4 119 16 4 33 4 18 4 19 33 4 38 4 5 4 70 35 4 7 4 25 4 0 43 4 26 4 5 4 31 4 112 22 4 60 4 27 4 22 4 0 47 4 49 4 42 4 71 50 4 9 4 31 4 100 32 4 40 4 55 4 
iteration 850 best: 1.15109 leader: 1.15109 time: 404270
86 57 4 5 4 5 4 69 60 4 22 4 0 37 4 31 4 35 4 119 16 4 34 4 16 4 78 57 4 20 4 48 4 119 47 4 37 4 17 4 29 4 53 60 4 39 4 26 4 66 56 4 60 4 101 42 4 39 4 99 21 4 34 4 29 4 22 4 66 12 4 28 4 18 30 4 5 4 81 5 4 5 4 55 4 54 4 19 4 119 35 4 12 4 40 4 48 4 74 48 4 44 4 94 6 4 15 4 29 4 28 4 74 41 4 8 4 48 4 11 20 4 30 4 94 23 4 46 4 28 60 20 101 5 4 21 4 39 4 34 59 20 45 28 4 6 4 57 4 53 22 4 60 4 5 4 5 4 103 13 4 20 4 74 15 4 14 4 19 4 51 18 4 48 4 117 35 4 45 4 46 4 47 20 4 10 4 17 4 0 33 4 51 4 27 13 4 56 4 40 39 4 73 38 4 26 4 50 4 82 35 4 42 4 66 23 4 35 4 41 51 4 19 4 57 60 4 30 4 29 51 4 33 4 34 11 4 9 4 2 38 4 20 4 37 47 4 9 4 56 5 4 39 4 38 4 0 55 4 24 4 84 5 4 47 4 47 4 52 47 4 20 4 51 4 74 32 4 5 4 24 4 30 4 70 24 4 50 4 5 4 35 4 107 21 4 27 4 5 4 74 60 4 34 4 119 27 4 43 4 17 4 61 52 4 5 4 40 4 62 59 4 25 4 24 4 119 27 4 36 4 16 4 36 32 16 60 16 16 60 4 96 18 16 24 16 119 43 4 39 4 119 40 4 16 4 58 4 0 53 4 5 4 32 4 8 4 92 5 4 31 4 75 43 4 35 4 24 4 39 4 50 24 4 38 4 8 4 119 16 4 33 4 18 4 19 33 4 38 4 5 4 70 35 4 7 4 25 4 0 43 4 26 4 5 4 31 4 112 22 4 60 4 27 4 22 4 0 47 4 49 4 42 4 71 50 4 9 4 31 4 100 32 4 40 4 55 4 
iteration 866 best: 1.15109 leader: 1.15109 time: 411805
86 57 4 5 4 5 4 69 60 4 22 4 0 37 4 31 4 35 4 119 16 4 34 4 16 4 78 57 4 20 4 48 4 119 47 4 37 4 17 4 29 4 53 60 4 39 4 26 4 66 56 4 60 4 101 42 4 39 4 99 21 4 34 4 29 4 22 4 66 12 4 28 4 18 30 4 5 4 81 5 4 5 4 55 4 54 4 19 4 119 35 4 12 4 40 4 48 4 74 48 4 44 4 94 6 4 15 4 29 4 28 4 74 41 4 8 4 48 4 11 20 4 30 4 94 23 4 46 4 28 60 20 101 5 4 21 4 39 4 34 59 20 45 28 4 6 4 57 4 53 22 4 60 4 5 4 5 4 103 13 4 20 4 74 15 4 14 4 19 4 51 18 4 48 4 117 35 4 45 4 46 4 47 20 4 10 4 17 4 0 33 4 51 4 27 13 4 56 4 40 39 4 73 38 4 26 4 50 4 82 35 4 42 4 66 23 4 35 4 41 51 4 19 4 57 60 4 30 4 29 51 4 33 4 34 11 4 9 4 2 38 4 20 4 37 47 4 9 4 56 5 4 39 4 38 4 0 55 4 24 4 84 5 4 47 4 47 4 52 47 4 20 4 51 4 74 32 4 5 4 24 4 30 4 70 24 4 50 4 5 4 35 4 107 21 4 27 4 5 4 74 60 4 34 4 119 27 4 43 4 17 4 61 52 4 5 4 40 4 62 59 4 25 4 24 4 119 27 4 36 4 16 4 36 32 16 60 16 16 60 4 96 18 16 24 16 119 43 4 39 4 119 40 4 16 4 58 4 0 53 4 5 4 32 4 8 4 92 5 4 31 4 75 43 4 35 4 24 4 39 4 50 24 4 38 4 8 4 119 16 4 33 4 18 4 19 33 4 38 4 5 4 70 35 4 7 4 25 4 0 43 4 26 4 5 4 31 4 112 22 4 60 4 27 4 22 4 0 47 4 49 4 42 4 71 50 4 9 4 31 4 100 32 4 40 4 55 4 
iteration 882 best: 1.15109 leader: 1.15109 time: 419298
86 57 4 5 4 5 4 69 60 4 22 4 0 37 4 31 4 35 4 119 16 4 34 4 16 4 78 57 4 20 4 48 4 119 47 4 37 4 17 4 29 4 53 60 4 39 4 26 4 66 56 4 60 4 101 42 4 39 4 99 21 4 34 4 29 4 22 4 66 12 4 28 4 18 30 4 5 4 81 5 4 5 4 55 4 54 4 19 4 119 35 4 12 4 40 4 48 4 74 48 4 44 4 94 6 4 15 4 29 4 28 4 74 41 4 8 4 48 4 11 20 4 30 4 94 23 4 46 4 28 60 20 101 5 4 21 4 39 4 34 59 20 45 28 4 6 4 57 4 53 22 4 60 4 5 4 5 4 103 13 4 20 4 74 15 4 14 4 19 4 51 18 4 48 4 117 35 4 45 4 46 4 47 20 4 10 4 17 4 0 33 4 51 4 27 13 4 56 4 40 39 4 73 38 4 26 4 50 4 82 35 4 42 4 66 23 4 35 4 41 51 4 19 4 57 60 4 30 4 29 51 4 33 4 34 11 4 9 4 2 38 4 20 4 37 47 4 9 4 56 5 4 39 4 38 4 0 55 4 24 4 84 5 4 47 4 47 4 52 47 4 20 4 51 4 74 32 4 5 4 24 4 30 4 70 24 4 50 4 5 4 35 4 107 21 4 27 4 5 4 74 60 4 34 4 119 27 4 43 4 17 4 61 52 4 5 4 40 4 62 59 4 25 4 24 4 119 27 4 36 4 16 4 36 32 16 60 16 16 60 4 96 18 16 24 16 119 43 4 39 4 119 40 4 16 4 58 4 0 53 4 5 4 32 4 8 4 92 5 4 31 4 75 43 4 35 4 24 4 39 4 50 24 4 38 4 8 4 119 16 4 33 4 18 4 19 33 4 38 4 5 4 70 35 4 7 4 25 4 0 43 4 26 4 5 4 31 4 112 22 4 60 4 27 4 22 4 0 47 4 49 4 42 4 71 50 4 9 4 31 4 100 32 4 40 4 55 4 
iteration 898 best: 1.15109 leader: 1.15109 time: 426815
86 57 4 5 4 5 4 69 60 4 22 4 0 37 4 31 4 35 4 119 16 4 34 4 16 4 78 57 4 20 4 48 4 119 47 4 37 4 17 4 29 4 53 60 4 39 4 26 4 66 56 4 60 4 101 42 4 39 4 99 21 4 34 4 29 4 22 4 66 12 4 28 4 18 30 4 5 4 81 5 4 5 4 55 4 54 4 19 4 119 35 4 12 4 40 4 48 4 74 48 4 44 4 94 6 4 15 4 29 4 28 4 74 41 4 8 4 48 4 11 20 4 30 4 94 23 4 46 4 28 60 20 101 5 4 21 4 39 4 34 59 20 45 28 4 6 4 57 4 53 22 4 60 4 5 4 5 4 103 13 4 20 4 74 15 4 14 4 19 4 51 18 4 48 4 117 35 4 45 4 46 4 47 20 4 10 4 17 4 0 33 4 51 4 27 13 4 56 4 40 39 4 73 38 4 26 4 50 4 82 35 4 42 4 66 23 4 35 4 41 51 4 19 4 57 60 4 30 4 29 51 4 33 4 34 11 4 9 4 2 38 4 20 4 37 47 4 9 4 56 5 4 39 4 38 4 0 55 4 24 4 84 5 4 47 4 47 4 52 47 4 20 4 51 4 74 32 4 5 4 24 4 30 4 70 24 4 50 4 5 4 35 4 107 21 4 27 4 5 4 74 60 4 34 4 119 27 4 43 4 17 4 61 52 4 5 4 40 4 62 59 4 25 4 24 4 119 27 4 36 4 16 4 36 32 16 60 16 16 60 4 96 18 16 24 16 119 43 4 39 4 119 40 4 16 4 58 4 0 53 4 5 4 32 4 8 4 92 5 4 31 4 75 43 4 35 4 24 4 39 4 50 24 4 38 4 8 4 119 16 4 33 4 18 4 19 33 4 38 4 5 4 70 35 4 7 4 25 4 0 43 4 26 4 5 4 31 4 112 22 4 60 4 27 4 22 4 0 47 4 49 4 42 4 71 50 4 9 4 31 4 100 32 4 40 4 55 4 
iteration 914 best: 1.15109 leader: 1.15109 time: 434332
86 57 4 5 4 5 4 69 60 4 22 4 0 37 4 31 4 35 4 119 16 4 34 4 16 4 78 57 4 20 4 48 4 119 47 4 37 4 17 4 29 4 53 60 4 39 4 26 4 66 56 4 60 4 101 42 4 39 4 99 21 4 34 4 29 4 22 4 66 12 4 28 4 18 30 4 5 4 81 5 4 5 4 55 4 54 4 19 4 119 35 4 12 4 40 4 48 4 74 48 4 44 4 94 6 4 15 4 29 4 28 4 74 41 4 8 4 48 4 11 20 4 30 4 94 23 4 46 4 28 60 20 101 5 4 21 4 39 4 34 59 20 45 28 4 6 4 57 4 53 22 4 60 4 5 4 5 4 103 13 4 20 4 74 15 4 14 4 19 4 51 18 4 48 4 117 35 4 45 4 46 4 47 20 4 10 4 17 4 0 33 4 51 4 27 13 4 56 4 40 39 4 73 38 4 26 4 50 4 82 35 4 42 4 66 23 4 35 4 41 51 4 19 4 57 60 4 30 4 29 51 4 33 4 34 11 4 9 4 2 38 4 20 4 37 47 4 9 4 56 5 4 39 4 38 4 0 55 4 24 4 84 5 4 47 4 47 4 52 47 4 20 4 51 4 74 32 4 5 4 24 4 30 4 70 24 4 50 4 5 4 35 4 107 21 4 27 4 5 4 74 60 4 34 4 119 27 4 43 4 17 4 61 52 4 5 4 40 4 62 59 4 25 4 24 4 119 27 4 36 4 16 4 36 32 16 60 16 16 60 4 96 18 16 24 16 119 43 4 39 4 119 40 4 16 4 58 4 0 53 4 5 4 32 4 8 4 92 5 4 31 4 75 43 4 35 4 24 4 39 4 50 24 4 38 4 8 4 119 16 4 33 4 18 4 19 33 4 38 4 5 4 70 35 4 7 4 25 4 0 43 4 26 4 5 4 31 4 112 22 4 60 4 27 4 22 4 0 47 4 49 4 42 4 71 50 4 9 4 31 4 100 32 4 40 4 55 4 
iteration 930 best: 1.15109 leader: 1.15109 time: 441823
86 57 4 5 4 5 4 69 60 4 22 4 0 37 4 31 4 35 4 119 16 4 34 4 16 4 78 57 4 20 4 48 4 119 47 4 37 4 17 4 29 4 53 60 4 39 4 26 4 66 56 4 60 4 101 42 4 39 4 99 21 4 34 4 29 4 22 4 66 12 4 28 4 18 30 4 5 4 81 5 4 5 4 55 4 54 4 19 4 119 35 4 12 4 40 4 48 4 74 48 4 44 4 94 6 4 15 4 29 4 28 4 74 41 4 8 4 48 4 11 20 4 30 4 94 23 4 46 4 28 60 20 101 5 4 21 4 39 4 34 59 20 45 28 4 6 4 57 4 53 22 4 60 4 5 4 5 4 103 13 4 20 4 74 15 4 14 4 19 4 51 18 4 48 4 117 35 4 45 4 46 4 47 20 4 10 4 17 4 0 33 4 51 4 27 13 4 56 4 40 39 4 73 38 4 26 4 50 4 82 35 4 42 4 66 23 4 35 4 41 51 4 19 4 57 60 4 30 4 29 51 4 33 4 34 11 4 9 4 2 38 4 20 4 37 47 4 9 4 56 5 4 39 4 38 4 0 55 4 24 4 84 5 4 47 4 47 4 52 47 4 20 4 51 4 74 32 4 5 4 24 4 30 4 70 24 4 50 4 5 4 35 4 107 21 4 27 4 5 4 74 60 4 34 4 119 27 4 43 4 17 4 61 52 4 5 4 40 4 62 59 4 25 4 24 4 119 27 4 36 4 16 4 36 32 16 60 16 16 60 4 96 18 16 24 16 119 43 4 39 4 119 40 4 16 4 58 4 0 53 4 5 4 32 4 8 4 92 5 4 31 4 75 43 4 35 4 24 4 39 4 50 24 4 38 4 8 4 119 16 4 33 4 18 4 19 33 4 38 4 5 4 70 35 4 7 4 25 4 0 43 4 26 4 5 4 31 4 112 22 4 60 4 27 4 22 4 0 47 4 49 4 42 4 71 50 4 9 4 31 4 100 32 4 40 4 55 4 
iteration 946 best: 1.15109 leader: 1.15109 time: 449307
86 57 4 5 4 5 4 69 60 4 22 4 0 37 4 31 4 35 4 119 16 4 34 4 16 4 78 57 4 20 4 48 4 119 47 4 37 4 17 4 29 4 53 60 4 39 4 26 4 66 56 4 60 4 101 42 4 39 4 99 21 4 34 4 29 4 22 4 66 12 4 28 4 18 30 4 5 4 81 5 4 5 4 55 4 54 4 19 4 119 35 4 12 4 40 4 48 4 74 48 4 44 4 94 6 4 15 4 29 4 28 4 74 41 4 8 4 48 4 11 20 4 30 4 94 23 4 46 4 28 60 20 101 5 4 21 4 39 4 34 59 20 45 28 4 6 4 57 4 53 22 4 60 4 5 4 5 4 103 13 4 20 4 74 15 4 14 4 19 4 51 18 4 48 4 117 35 4 45 4 46 4 47 20 4 10 4 17 4 0 33 4 51 4 27 13 4 56 4 40 39 4 73 38 4 26 4 50 4 82 35 4 42 4 66 23 4 35 4 41 51 4 19 4 57 60 4 30 4 29 51 4 33 4 34 11 4 9 4 2 38 4 20 4 37 47 4 9 4 56 5 4 39 4 38 4 0 55 4 24 4 84 5 4 47 4 47 4 52 47 4 20 4 51 4 74 32 4 5 4 24 4 30 4 70 24 4 50 4 5 4 35 4 107 21 4 27 4 5 4 74 60 4 34 4 119 27 4 43 4 17 4 61 52 4 5 4 40 4 62 59 4 25 4 24 4 119 27 4 36 4 16 4 36 32 16 60 16 16 60 4 96 18 16 24 16 119 43 4 39 4 119 40 4 16 4 58 4 0 53 4 5 4 32 4 8 4 92 5 4 31 4 75 43 4 35 4 24 4 39 4 50 24 4 38 4 8 4 119 16 4 33 4 18 4 19 33 4 38 4 5 4 70 35 4 7 4 25 4 0 43 4 26 4 5 4 31 4 112 22 4 60 4 27 4 22 4 0 47 4 49 4 42 4 71 50 4 9 4 31 4 100 32 4 40 4 55 4 
iteration 962 best: 1.15109 leader: 1.15109 time: 456775
86 57 4 5 4 5 4 69 60 4 22 4 0 37 4 31 4 35 4 119 16 4 34 4 16 4 78 57 4 20 4 48 4 119 47 4 37 4 17 4 29 4 53 60 4 39 4 26 4 66 56 4 60 4 101 42 4 39 4 99 21 4 34 4 29 4 22 4 66 12 4 28 4 18 30 4 5 4 81 5 4 5 4 55 4 54 4 19 4 119 35 4 12 4 40 4 48 4 74 48 4 44 4 94 6 4 15 4 29 4 28 4 74 41 4 8 4 48 4 11 20 4 30 4 94 23 4 46 4 28 60 20 101 5 4 21 4 39 4 34 59 20 45 28 4 6 4 57 4 53 22 4 60 4 5 4 5 4 103 13 4 20 4 74 15 4 14 4 19 4 51 18 4 48 4 117 35 4 45 4 46 4 47 20 4 10 4 17 4 0 33 4 51 4 27 13 4 56 4 40 39 4 73 38 4 26 4 50 4 82 35 4 42 4 66 23 4 35 4 41 51 4 19 4 57 60 4 30 4 29 51 4 33 4 34 11 4 9 4 2 38 4 20 4 37 47 4 9 4 56 5 4 39 4 38 4 0 55 4 24 4 84 5 4 47 4 47 4 52 47 4 20 4 51 4 74 32 4 5 4 24 4 30 4 70 24 4 50 4 5 4 35 4 107 21 4 27 4 5 4 74 60 4 34 4 119 27 4 43 4 17 4 61 52 4 5 4 40 4 62 59 4 25 4 24 4 119 27 4 36 4 16 4 36 32 16 60 16 16 60 4 96 18 16 24 16 119 43 4 39 4 119 40 4 16 4 58 4 0 53 4 5 4 32 4 8 4 92 5 4 31 4 75 43 4 35 4 24 4 39 4 50 24 4 38 4 8 4 119 16 4 33 4 18 4 19 33 4 38 4 5 4 70 35 4 7 4 25 4 0 43 4 26 4 5 4 31 4 112 22 4 60 4 27 4 22 4 0 47 4 49 4 42 4 71 50 4 9 4 31 4 100 32 4 40 4 55 4 
iteration 978 best: 1.15109 leader: 1.15109 time: 464238
86 57 4 5 4 5 4 69 60 4 22 4 0 37 4 31 4 35 4 119 16 4 34 4 16 4 78 57 4 20 4 48 4 119 47 4 37 4 17 4 29 4 53 60 4 39 4 26 4 66 56 4 60 4 101 42 4 39 4 99 21 4 34 4 29 4 22 4 66 12 4 28 4 18 30 4 5 4 81 5 4 5 4 55 4 54 4 19 4 119 35 4 12 4 40 4 48 4 74 48 4 44 4 94 6 4 15 4 29 4 28 4 74 41 4 8 4 48 4 11 20 4 30 4 94 23 4 46 4 28 60 20 101 5 4 21 4 39 4 34 59 20 45 28 4 6 4 57 4 53 22 4 60 4 5 4 5 4 103 13 4 20 4 74 15 4 14 4 19 4 51 18 4 48 4 117 35 4 45 4 46 4 47 20 4 10 4 17 4 0 33 4 51 4 27 13 4 56 4 40 39 4 73 38 4 26 4 50 4 82 35 4 42 4 66 23 4 35 4 41 51 4 19 4 57 60 4 30 4 29 51 4 33 4 34 11 4 9 4 2 38 4 20 4 37 47 4 9 4 56 5 4 39 4 38 4 0 55 4 24 4 84 5 4 47 4 47 4 52 47 4 20 4 51 4 74 32 4 5 4 24 4 30 4 70 24 4 50 4 5 4 35 4 107 21 4 27 4 5 4 74 60 4 34 4 119 27 4 43 4 17 4 61 52 4 5 4 40 4 62 59 4 25 4 24 4 119 27 4 36 4 16 4 36 32 16 60 16 16 60 4 96 18 16 24 16 119 43 4 39 4 119 40 4 16 4 58 4 0 53 4 5 4 32 4 8 4 92 5 4 31 4 75 43 4 35 4 24 4 39 4 50 24 4 38 4 8 4 119 16 4 33 4 18 4 19 33 4 38 4 5 4 70 35 4 7 4 25 4 0 43 4 26 4 5 4 31 4 112 22 4 60 4 27 4 22 4 0 47 4 49 4 42 4 71 50 4 9 4 31 4 100 32 4 40 4 55 4 
iteration 994 best: 1.15109 leader: 1.15109 time: 471735
86 57 4 5 4 5 4 69 60 4 22 4 0 37 4 31 4 35 4 119 16 4 34 4 16 4 78 57 4 20 4 48 4 119 47 4 37 4 17 4 29 4 53 60 4 39 4 26 4 66 56 4 60 4 101 42 4 39 4 99 21 4 34 4 29 4 22 4 66 12 4 28 4 18 30 4 5 4 81 5 4 5 4 55 4 54 4 19 4 119 35 4 12 4 40 4 48 4 74 48 4 44 4 94 6 4 15 4 29 4 28 4 74 41 4 8 4 48 4 11 20 4 30 4 94 23 4 46 4 28 60 20 101 5 4 21 4 39 4 34 59 20 45 28 4 6 4 57 4 53 22 4 60 4 5 4 5 4 103 13 4 20 4 74 15 4 14 4 19 4 51 18 4 48 4 117 35 4 45 4 46 4 47 20 4 10 4 17 4 0 33 4 51 4 27 13 4 56 4 40 39 4 73 38 4 26 4 50 4 82 35 4 42 4 66 23 4 35 4 41 51 4 19 4 57 60 4 30 4 29 51 4 33 4 34 11 4 9 4 2 38 4 20 4 37 47 4 9 4 56 5 4 39 4 38 4 0 55 4 24 4 84 5 4 47 4 47 4 52 47 4 20 4 51 4 74 32 4 5 4 24 4 30 4 70 24 4 50 4 5 4 35 4 107 21 4 27 4 5 4 74 60 4 34 4 119 27 4 43 4 17 4 61 52 4 5 4 40 4 62 59 4 25 4 24 4 119 27 4 36 4 16 4 36 32 16 60 16 16 60 4 96 18 16 24 16 119 43 4 39 4 119 40 4 16 4 58 4 0 53 4 5 4 32 4 8 4 92 5 4 31 4 75 43 4 35 4 24 4 39 4 50 24 4 38 4 8 4 119 16 4 33 4 18 4 19 33 4 38 4 5 4 70 35 4 7 4 25 4 0 43 4 26 4 5 4 31 4 112 22 4 60 4 27 4 22 4 0 47 4 49 4 42 4 71 50 4 9 4 31 4 100 32 4 40 4 55 4 
iteration 1010 best: 1.15109 leader: 1.15109 time: 479261
86 57 4 5 4 5 4 69 60 4 22 4 0 37 4 31 4 35 4 119 16 4 34 4 16 4 78 57 4 20 4 48 4 119 47 4 37 4 17 4 29 4 53 60 4 39 4 26 4 66 56 4 60 4 101 42 4 39 4 99 21 4 34 4 29 4 22 4 66 12 4 28 4 18 30 4 5 4 81 5 4 5 4 55 4 54 4 19 4 119 35 4 12 4 40 4 48 4 74 48 4 44 4 94 6 4 15 4 29 4 28 4 74 41 4 8 4 48 4 11 20 4 30 4 94 23 4 46 4 28 60 20 101 5 4 21 4 39 4 34 59 20 45 28 4 6 4 57 4 53 22 4 60 4 5 4 5 4 103 13 4 20 4 74 15 4 14 4 19 4 51 18 4 48 4 117 35 4 45 4 46 4 47 20 4 10 4 17 4 0 33 4 51 4 27 13 4 56 4 40 39 4 73 38 4 26 4 50 4 82 35 4 42 4 66 23 4 35 4 41 51 4 19 4 57 60 4 30 4 29 51 4 33 4 34 11 4 9 4 2 38 4 20 4 37 47 4 9 4 56 5 4 39 4 38 4 0 55 4 24 4 84 5 4 47 4 47 4 52 47 4 20 4 51 4 74 32 4 5 4 24 4 30 4 70 24 4 50 4 5 4 35 4 107 21 4 27 4 5 4 74 60 4 34 4 119 27 4 43 4 17 4 61 52 4 5 4 40 4 62 59 4 25 4 24 4 119 27 4 36 4 16 4 36 32 16 60 16 16 60 4 96 18 16 24 16 119 43 4 39 4 119 40 4 16 4 58 4 0 53 4 5 4 32 4 8 4 92 5 4 31 4 75 43 4 35 4 24 4 39 4 50 24 4 38 4 8 4 119 16 4 33 4 18 4 19 33 4 38 4 5 4 70 35 4 7 4 25 4 0 43 4 26 4 5 4 31 4 112 22 4 60 4 27 4 22 4 0 47 4 49 4 42 4 71 50 4 9 4 31 4 100 32 4 40 4 55 4 
iteration 1026 best: 1.15109 leader: 1.15109 time: 486773
86 57 4 5 4 5 4 69 60 4 22 4 0 37 4 31 4 35 4 119 16 4 34 4 16 4 78 57 4 20 4 48 4 119 47 4 37 4 17 4 29 4 53 60 4 39 4 26 4 66 56 4 60 4 101 42 4 39 4 99 21 4 34 4 29 4 22 4 66 12 4 28 4 18 30 4 5 4 81 5 4 5 4 55 4 54 4 19 4 119 35 4 12 4 40 4 48 4 74 48 4 44 4 94 6 4 15 4 29 4 28 4 74 41 4 8 4 48 4 11 20 4 30 4 94 23 4 46 4 28 60 20 101 5 4 21 4 39 4 34 59 20 45 28 4 6 4 57 4 53 22 4 60 4 5 4 5 4 103 13 4 20 4 74 15 4 14 4 19 4 51 18 4 48 4 117 35 4 45 4 46 4 47 20 4 10 4 17 4 0 33 4 51 4 27 13 4 56 4 40 39 4 73 38 4 26 4 50 4 82 35 4 42 4 66 23 4 35 4 41 51 4 19 4 57 60 4 30 4 29 51 4 33 4 34 11 4 9 4 2 38 4 20 4 37 47 4 9 4 56 5 4 39 4 38 4 0 55 4 24 4 84 5 4 47 4 47 4 52 47 4 20 4 51 4 74 32 4 5 4 24 4 30 4 70 24 4 50 4 5 4 35 4 107 21 4 27 4 5 4 74 60 4 34 4 119 27 4 43 4 17 4 61 52 4 5 4 40 4 62 59 4 25 4 24 4 119 27 4 36 4 16 4 36 32 16 60 16 16 60 4 96 18 16 24 16 119 43 4 39 4 119 40 4 16 4 58 4 0 53 4 5 4 32 4 8 4 92 5 4 31 4 75 43 4 35 4 24 4 39 4 50 24 4 38 4 8 4 119 16 4 33 4 18 4 19 33 4 38 4 5 4 70 35 4 7 4 25 4 0 43 4 26 4 5 4 31 4 112 22 4 60 4 27 4 22 4 0 47 4 49 4 42 4 71 50 4 9 4 31 4 100 32 4 40 4 55 4 
iteration 1042 best: 1.15109 leader: 1.15109 time: 494303
86 57 4 5 4 5 4 69 60 4 22 4 0 37 4 31 4 35 4 119 16 4 34 4 16 4 78 57 4 20 4 48 4 119 47 4 37 4 17 4 29 4 53 60 4 39 4 26 4 66 56 4 60 4 101 42 4 39 4 99 21 4 34 4 29 4 22 4 66 12 4 28 4 18 30 4 5 4 81 5 4 5 4 55 4 54 4 19 4 119 35 4 12 4 40 4 48 4 74 48 4 44 4 94 6 4 15 4 29 4 28 4 74 41 4 8 4 48 4 11 20 4 30 4 94 23 4 46 4 28 60 20 101 5 4 21 4 39 4 34 59 20 45 28 4 6 4 57 4 53 22 4 60 4 5 4 5 4 103 13 4 20 4 74 15 4 14 4 19 4 51 18 4 48 4 117 35 4 45 4 46 4 47 20 4 10 4 17 4 0 33 4 51 4 27 13 4 56 4 40 39 4 73 38 4 26 4 50 4 82 35 4 42 4 66 23 4 35 4 41 51 4 19 4 57 60 4 30 4 29 51 4 33 4 34 11 4 9 4 2 38 4 20 4 37 47 4 9 4 56 5 4 39 4 38 4 0 55 4 24 4 84 5 4 47 4 47 4 52 47 4 20 4 51 4 74 32 4 5 4 24 4 30 4 70 24 4 50 4 5 4 35 4 107 21 4 27 4 5 4 74 60 4 34 4 119 27 4 43 4 17 4 61 52 4 5 4 40 4 62 59 4 25 4 24 4 119 27 4 36 4 16 4 36 32 16 60 16 16 60 4 96 18 16 24 16 119 43 4 39 4 119 40 4 16 4 58 4 0 53 4 5 4 32 4 8 4 92 5 4 31 4 75 43 4 35 4 24 4 39 4 50 24 4 38 4 8 4 119 16 4 33 4 18 4 19 33 4 38 4 5 4 70 35 4 7 4 25 4 0 43 4 26 4 5 4 31 4 112 22 4 60 4 27 4 22 4 0 47 4 49 4 42 4 71 50 4 9 4 31 4 100 32 4 40 4 55 4 
iteration 1058 best: 1.15109 leader: 1.15109 time: 501781
86 57 4 5 4 5 4 69 60 4 22 4 0 37 4 31 4 35 4 119 16 4 34 4 16 4 78 57 4 20 4 48 4 119 47 4 37 4 17 4 29 4 53 60 4 39 4 26 4 66 56 4 60 4 101 42 4 39 4 99 21 4 34 4 29 4 22 4 66 12 4 28 4 18 30 4 5 4 81 5 4 5 4 55 4 54 4 19 4 119 35 4 12 4 40 4 48 4 74 48 4 44 4 94 6 4 15 4 29 4 28 4 74 41 4 8 4 48 4 11 20 4 30 4 94 23 4 46 4 28 60 20 101 5 4 21 4 39 4 34 59 20 45 28 4 6 4 57 4 53 22 4 60 4 5 4 5 4 103 13 4 20 4 74 15 4 14 4 19 4 51 18 4 48 4 117 35 4 45 4 46 4 47 20 4 10 4 17 4 0 33 4 51 4 27 13 4 56 4 40 39 4 73 38 4 26 4 50 4 82 35 4 42 4 66 23 4 35 4 41 51 4 19 4 57 60 4 30 4 29 51 4 33 4 34 11 4 9 4 2 38 4 20 4 37 47 4 9 4 56 5 4 39 4 38 4 0 55 4 24 4 84 5 4 47 4 47 4 52 47 4 20 4 51 4 74 32 4 5 4 24 4 30 4 70 24 4 50 4 5 4 35 4 107 21 4 27 4 5 4 74 60 4 34 4 119 27 4 43 4 17 4 61 52 4 5 4 40 4 62 59 4 25 4 24 4 119 27 4 36 4 16 4 36 32 16 60 16 16 60 4 96 18 16 24 16 119 43 4 39 4 119 40 4 16 4 58 4 0 53 4 5 4 32 4 8 4 92 5 4 31 4 75 43 4 35 4 24 4 39 4 50 24 4 38 4 8 4 119 16 4 33 4 18 4 19 33 4 38 4 5 4 70 35 4 7 4 25 4 0 43 4 26 4 5 4 31 4 112 22 4 60 4 27 4 22 4 0 47 4 49 4 42 4 71 50 4 9 4 31 4 100 32 4 40 4 55 4 
iteration 1074 best: 1.15109 leader: 1.15109 time: 509311
86 57 4 5 4 5 4 69 60 4 22 4 0 37 4 31 4 35 4 119 16 4 34 4 16 4 78 57 4 20 4 48 4 119 47 4 37 4 17 4 29 4 53 60 4 39 4 26 4 66 56 4 60 4 101 42 4 39 4 99 21 4 34 4 29 4 22 4 66 12 4 28 4 18 30 4 5 4 81 5 4 5 4 55 4 54 4 19 4 119 35 4 12 4 40 4 48 4 74 48 4 44 4 94 6 4 15 4 29 4 28 4 74 41 4 8 4 48 4 11 20 4 30 4 94 23 4 46 4 28 60 20 101 5 4 21 4 39 4 34 59 20 45 28 4 6 4 57 4 53 22 4 60 4 5 4 5 4 103 13 4 20 4 74 15 4 14 4 19 4 51 18 4 48 4 117 35 4 45 4 46 4 47 20 4 10 4 17 4 0 33 4 51 4 27 13 4 56 4 40 39 4 73 38 4 26 4 50 4 82 35 4 42 4 66 23 4 35 4 41 51 4 19 4 57 60 4 30 4 29 51 4 33 4 34 11 4 9 4 2 38 4 20 4 37 47 4 9 4 56 5 4 39 4 38 4 0 55 4 24 4 84 5 4 47 4 47 4 52 47 4 20 4 51 4 74 32 4 5 4 24 4 30 4 70 24 4 50 4 5 4 35 4 107 21 4 27 4 5 4 74 60 4 34 4 119 27 4 43 4 17 4 61 52 4 5 4 40 4 62 59 4 25 4 24 4 119 27 4 36 4 16 4 36 32 16 60 16 16 60 4 96 18 16 24 16 119 43 4 39 4 119 40 4 16 4 58 4 0 53 4 5 4 32 4 8 4 92 5 4 31 4 75 43 4 35 4 24 4 39 4 50 24 4 38 4 8 4 119 16 4 33 4 18 4 19 33 4 38 4 5 4 70 35 4 7 4 25 4 0 43 4 26 4 5 4 31 4 112 22 4 60 4 27 4 22 4 0 47 4 49 4 42 4 71 50 4 9 4 31 4 100 32 4 40 4 55 4 
iteration 1090 best: 1.15109 leader: 1.15109 time: 516779
86 57 4 5 4 5 4 69 60 4 22 4 0 37 4 31 4 35 4 119 16 4 34 4 16 4 78 57 4 20 4 48 4 119 47 4 37 4 17 4 29 4 53 60 4 39 4 26 4 66 56 4 60 4 101 42 4 39 4 99 21 4 34 4 29 4 22 4 66 12 4 28 4 18 30 4 5 4 81 5 4 5 4 55 4 54 4 19 4 119 35 4 12 4 40 4 48 4 74 48 4 44 4 94 6 4 15 4 29 4 28 4 74 41 4 8 4 48 4 11 20 4 30 4 94 23 4 46 4 28 60 20 101 5 4 21 4 39 4 34 59 20 45 28 4 6 4 57 4 53 22 4 60 4 5 4 5 4 103 13 4 20 4 74 15 4 14 4 19 4 51 18 4 48 4 117 35 4 45 4 46 4 47 20 4 10 4 17 4 0 33 4 51 4 27 13 4 56 4 40 39 4 73 38 4 26 4 50 4 82 35 4 42 4 66 23 4 35 4 41 51 4 19 4 57 60 4 30 4 29 51 4 33 4 34 11 4 9 4 2 38 4 20 4 37 47 4 9 4 56 5 4 39 4 38 4 0 55 4 24 4 84 5 4 47 4 47 4 52 47 4 20 4 51 4 74 32 4 5 4 24 4 30 4 70 24 4 50 4 5 4 35 4 107 21 4 27 4 5 4 74 60 4 34 4 119 27 4 43 4 17 4 61 52 4 5 4 40 4 62 59 4 25 4 24 4 119 27 4 36 4 16 4 36 32 16 60 16 16 60 4 96 18 16 24 16 119 43 4 39 4 119 40 4 16 4 58 4 0 53 4 5 4 32 4 8 4 92 5 4 31 4 75 43 4 35 4 24 4 39 4 50 24 4 38 4 8 4 119 16 4 33 4 18 4 19 33 4 38 4 5 4 70 35 4 7 4 25 4 0 43 4 26 4 5 4 31 4 112 22 4 60 4 27 4 22 4 0 47 4 49 4 42 4 71 50 4 9 4 31 4 100 32 4 40 4 55 4 
iteration 1106 best: 1.15109 leader: 1.15109 time: 524273
86 57 4 5 4 5 4 69 60 4 22 4 0 37 4 31 4 35 4 119 16 4 34 4 16 4 78 57 4 20 4 48 4 119 47 4 37 4 17 4 29 4 53 60 4 39 4 26 4 66 56 4 60 4 101 42 4 39 4 99 21 4 34 4 29 4 22 4 66 12 4 28 4 18 30 4 5 4 81 5 4 5 4 55 4 54 4 19 4 119 35 4 12 4 40 4 48 4 74 48 4 44 4 94 6 4 15 4 29 4 28 4 74 41 4 8 4 48 4 11 20 4 30 4 94 23 4 46 4 28 60 20 101 5 4 21 4 39 4 34 59 20 45 28 4 6 4 57 4 53 22 4 60 4 5 4 5 4 103 13 4 20 4 74 15 4 14 4 19 4 51 18 4 48 4 117 35 4 45 4 46 4 47 20 4 10 4 17 4 0 33 4 51 4 27 13 4 56 4 40 39 4 73 38 4 26 4 50 4 82 35 4 42 4 66 23 4 35 4 41 51 4 19 4 57 60 4 30 4 29 51 4 33 4 34 11 4 9 4 2 38 4 20 4 37 47 4 9 4 56 5 4 39 4 38 4 0 55 4 24 4 84 5 4 47 4 47 4 52 47 4 20 4 51 4 74 32 4 5 4 24 4 30 4 70 24 4 50 4 5 4 35 4 107 21 4 27 4 5 4 74 60 4 34 4 119 27 4 43 4 17 4 61 52 4 5 4 40 4 62 59 4 25 4 24 4 119 27 4 36 4 16 4 36 32 16 60 16 16 60 4 96 18 16 24 16 119 43 4 39 4 119 40 4 16 4 58 4 0 53 4 5 4 32 4 8 4 92 5 4 31 4 75 43 4 35 4 24 4 39 4 50 24 4 38 4 8 4 119 16 4 33 4 18 4 19 33 4 38 4 5 4 70 35 4 7 4 25 4 0 43 4 26 4 5 4 31 4 112 22 4 60 4 27 4 22 4 0 47 4 49 4 42 4 71 50 4 9 4 31 4 100 32 4 40 4 55 4 
iteration 1122 best: 1.15109 leader: 1.15109 time: 531792
86 57 4 5 4 5 4 69 60 4 22 4 0 37 4 31 4 35 4 119 16 4 34 4 16 4 78 57 4 20 4 48 4 119 47 4 37 4 17 4 29 4 53 60 4 39 4 26 4 66 56 4 60 4 101 42 4 39 4 99 21 4 34 4 29 4 22 4 66 12 4 28 4 18 30 4 5 4 81 5 4 5 4 55 4 54 4 19 4 119 35 4 12 4 40 4 48 4 74 48 4 44 4 94 6 4 15 4 29 4 28 4 74 41 4 8 4 48 4 11 20 4 30 4 94 23 4 46 4 28 60 20 101 5 4 21 4 39 4 34 59 20 45 28 4 6 4 57 4 53 22 4 60 4 5 4 5 4 103 13 4 20 4 74 15 4 14 4 19 4 51 18 4 48 4 117 35 4 45 4 46 4 47 20 4 10 4 17 4 0 33 4 51 4 27 13 4 56 4 40 39 4 73 38 4 26 4 50 4 82 35 4 42 4 66 23 4 35 4 41 51 4 19 4 57 60 4 30 4 29 51 4 33 4 34 11 4 9 4 2 38 4 20 4 37 47 4 9 4 56 5 4 39 4 38 4 0 55 4 24 4 84 5 4 47 4 47 4 52 47 4 20 4 51 4 74 32 4 5 4 24 4 30 4 70 24 4 50 4 5 4 35 4 107 21 4 27 4 5 4 74 60 4 34 4 119 27 4 43 4 17 4 61 52 4 5 4 40 4 62 59 4 25 4 24 4 119 27 4 36 4 16 4 36 32 16 60 16 16 60 4 96 18 16 24 16 119 43 4 39 4 119 40 4 16 4 58 4 0 53 4 5 4 32 4 8 4 92 5 4 31 4 75 43 4 35 4 24 4 39 4 50 24 4 38 4 8 4 119 16 4 33 4 18 4 19 33 4 38 4 5 4 70 35 4 7 4 25 4 0 43 4 26 4 5 4 31 4 112 22 4 60 4 27 4 22 4 0 47 4 49 4 42 4 71 50 4 9 4 31 4 100 32 4 40 4 55 4 
iteration 1138 best: 1.15109 leader: 1.15109 time: 539306
86 57 4 5 4 5 4 69 60 4 22 4 0 37 4 31 4 35 4 119 16 4 34 4 16 4 78 57 4 20 4 48 4 119 47 4 37 4 17 4 29 4 53 60 4 39 4 26 4 66 56 4 60 4 101 42 4 39 4 99 21 4 34 4 29 4 22 4 66 12 4 28 4 18 30 4 5 4 81 5 4 5 4 55 4 54 4 19 4 119 35 4 12 4 40 4 48 4 74 48 4 44 4 94 6 4 15 4 29 4 28 4 74 41 4 8 4 48 4 11 20 4 30 4 94 23 4 46 4 28 60 20 101 5 4 21 4 39 4 34 59 20 45 28 4 6 4 57 4 53 22 4 60 4 5 4 5 4 103 13 4 20 4 74 15 4 14 4 19 4 51 18 4 48 4 117 35 4 45 4 46 4 47 20 4 10 4 17 4 0 33 4 51 4 27 13 4 56 4 40 39 4 73 38 4 26 4 50 4 82 35 4 42 4 66 23 4 35 4 41 51 4 19 4 57 60 4 30 4 29 51 4 33 4 34 11 4 9 4 2 38 4 20 4 37 47 4 9 4 56 5 4 39 4 38 4 0 55 4 24 4 84 5 4 47 4 47 4 52 47 4 20 4 51 4 74 32 4 5 4 24 4 30 4 70 24 4 50 4 5 4 35 4 107 21 4 27 4 5 4 74 60 4 34 4 119 27 4 43 4 17 4 61 52 4 5 4 40 4 62 59 4 25 4 24 4 119 27 4 36 4 16 4 36 32 16 60 16 16 60 4 96 18 16 24 16 119 43 4 39 4 119 40 4 16 4 58 4 0 53 4 5 4 32 4 8 4 92 5 4 31 4 75 43 4 35 4 24 4 39 4 50 24 4 38 4 8 4 119 16 4 33 4 18 4 19 33 4 38 4 5 4 70 35 4 7 4 25 4 0 43 4 26 4 5 4 31 4 112 22 4 60 4 27 4 22 4 0 47 4 49 4 42 4 71 50 4 9 4 31 4 100 32 4 40 4 55 4 
iteration 1154 best: 1.15109 leader: 1.15109 time: 546803
86 57 4 5 4 5 4 69 60 4 22 4 0 37 4 31 4 35 4 119 16 4 34 4 16 4 78 57 4 20 4 48 4 119 47 4 37 4 17 4 29 4 53 60 4 39 4 26 4 66 56 4 60 4 101 42 4 39 4 99 21 4 34 4 29 4 22 4 66 12 4 28 4 18 30 4 5 4 81 5 4 5 4 55 4 54 4 19 4 119 35 4 12 4 40 4 48 4 74 48 4 44 4 94 6 4 15 4 29 4 28 4 74 41 4 8 4 48 4 11 20 4 30 4 94 23 4 46 4 28 60 20 101 5 4 21 4 39 4 34 59 20 45 28 4 6 4 57 4 53 22 4 60 4 5 4 5 4 103 13 4 20 4 74 15 4 14 4 19 4 51 18 4 48 4 117 35 4 45 4 46 4 47 20 4 10 4 17 4 0 33 4 51 4 27 13 4 56 4 40 39 4 73 38 4 26 4 50 4 82 35 4 42 4 66 23 4 35 4 41 51 4 19 4 57 60 4 30 4 29 51 4 33 4 34 11 4 9 4 2 38 4 20 4 37 47 4 9 4 56 5 4 39 4 38 4 0 55 4 24 4 84 5 4 47 4 47 4 52 47 4 20 4 51 4 74 32 4 5 4 24 4 30 4 70 24 4 50 4 5 4 35 4 107 21 4 27 4 5 4 74 60 4 34 4 119 27 4 43 4 17 4 61 52 4 5 4 40 4 62 59 4 25 4 24 4 119 27 4 36 4 16 4 36 32 16 60 16 16 60 4 96 18 16 24 16 119 43 4 39 4 119 40 4 16 4 58 4 0 53 4 5 4 32 4 8 4 92 5 4 31 4 75 43 4 35 4 24 4 39 4 50 24 4 38 4 8 4 119 16 4 33 4 18 4 19 33 4 38 4 5 4 70 35 4 7 4 25 4 0 43 4 26 4 5 4 31 4 112 22 4 60 4 27 4 22 4 0 47 4 49 4 42 4 71 50 4 9 4 31 4 100 32 4 40 4 55 4 
iteration 1170 best: 1.15109 leader: 1.15109 time: 554313
86 57 4 5 4 5 4 69 60 4 22 4 0 37 4 31 4 35 4 119 16 4 34 4 16 4 78 57 4 20 4 48 4 119 47 4 37 4 17 4 29 4 53 60 4 39 4 26 4 66 56 4 60 4 101 42 4 39 4 99 21 4 34 4 29 4 22 4 66 12 4 28 4 18 30 4 5 4 81 5 4 5 4 55 4 54 4 19 4 119 35 4 12 4 40 4 48 4 74 48 4 44 4 94 6 4 15 4 29 4 28 4 74 41 4 8 4 48 4 11 20 4 30 4 94 23 4 46 4 28 60 20 101 5 4 21 4 39 4 34 59 20 45 28 4 6 4 57 4 53 22 4 60 4 5 4 5 4 103 13 4 20 4 74 15 4 14 4 19 4 51 18 4 48 4 117 35 4 45 4 46 4 47 20 4 10 4 17 4 0 33 4 51 4 27 13 4 56 4 40 39 4 73 38 4 26 4 50 4 82 35 4 42 4 66 23 4 35 4 41 51 4 19 4 57 60 4 30 4 29 51 4 33 4 34 11 4 9 4 2 38 4 20 4 37 47 4 9 4 56 5 4 39 4 38 4 0 55 4 24 4 84 5 4 47 4 47 4 52 47 4 20 4 51 4 74 32 4 5 4 24 4 30 4 70 24 4 50 4 5 4 35 4 107 21 4 27 4 5 4 74 60 4 34 4 119 27 4 43 4 17 4 61 52 4 5 4 40 4 62 59 4 25 4 24 4 119 27 4 36 4 16 4 36 32 16 60 16 16 60 4 96 18 16 24 16 119 43 4 39 4 119 40 4 16 4 58 4 0 53 4 5 4 32 4 8 4 92 5 4 31 4 75 43 4 35 4 24 4 39 4 50 24 4 38 4 8 4 119 16 4 33 4 18 4 19 33 4 38 4 5 4 70 35 4 7 4 25 4 0 43 4 26 4 5 4 31 4 112 22 4 60 4 27 4 22 4 0 47 4 49 4 42 4 71 50 4 9 4 31 4 100 32 4 40 4 55 4 
iteration 1186 best: 1.15109 leader: 1.15109 time: 561828
86 57 4 5 4 5 4 69 60 4 22 4 0 37 4 31 4 35 4 119 16 4 34 4 16 4 78 57 4 20 4 48 4 119 47 4 37 4 17 4 29 4 53 60 4 39 4 26 4 66 56 4 60 4 101 42 4 39 4 99 21 4 34 4 29 4 22 4 66 12 4 28 4 18 30 4 5 4 81 5 4 5 4 55 4 54 4 19 4 119 35 4 12 4 40 4 48 4 74 48 4 44 4 94 6 4 15 4 29 4 28 4 74 41 4 8 4 48 4 11 20 4 30 4 94 23 4 46 4 28 60 20 101 5 4 21 4 39 4 34 59 20 45 28 4 6 4 57 4 53 22 4 60 4 5 4 5 4 103 13 4 20 4 74 15 4 14 4 19 4 51 18 4 48 4 117 35 4 45 4 46 4 47 20 4 10 4 17 4 0 33 4 51 4 27 13 4 56 4 40 39 4 73 38 4 26 4 50 4 82 35 4 42 4 66 23 4 35 4 41 51 4 19 4 57 60 4 30 4 29 51 4 33 4 34 11 4 9 4 2 38 4 20 4 37 47 4 9 4 56 5 4 39 4 38 4 0 55 4 24 4 84 5 4 47 4 47 4 52 47 4 20 4 51 4 74 32 4 5 4 24 4 30 4 70 24 4 50 4 5 4 35 4 107 21 4 27 4 5 4 74 60 4 34 4 119 27 4 43 4 17 4 61 52 4 5 4 40 4 62 59 4 25 4 24 4 119 27 4 36 4 16 4 36 32 16 60 16 16 60 4 96 18 16 24 16 119 43 4 39 4 119 40 4 16 4 58 4 0 53 4 5 4 32 4 8 4 92 5 4 31 4 75 43 4 35 4 24 4 39 4 50 24 4 38 4 8 4 119 16 4 33 4 18 4 19 33 4 38 4 5 4 70 35 4 7 4 25 4 0 43 4 26 4 5 4 31 4 112 22 4 60 4 27 4 22 4 0 47 4 49 4 42 4 71 50 4 9 4 31 4 100 32 4 40 4 55 4 
iteration 1202 best: 1.15109 leader: 1.15109 time: 569325
86 57 4 5 4 5 4 69 60 4 22 4 0 37 4 31 4 35 4 119 16 4 34 4 16 4 78 57 4 20 4 48 4 119 47 4 37 4 17 4 29 4 53 60 4 39 4 26 4 66 56 4 60 4 101 42 4 39 4 99 21 4 34 4 29 4 22 4 66 12 4 28 4 18 30 4 5 4 81 5 4 5 4 55 4 54 4 19 4 119 35 4 12 4 40 4 48 4 74 48 4 44 4 94 6 4 15 4 29 4 28 4 74 41 4 8 4 48 4 11 20 4 30 4 94 23 4 46 4 28 60 20 101 5 4 21 4 39 4 34 59 20 45 28 4 6 4 57 4 53 22 4 60 4 5 4 5 4 103 13 4 20 4 74 15 4 14 4 19 4 51 18 4 48 4 117 35 4 45 4 46 4 47 20 4 10 4 17 4 0 33 4 51 4 27 13 4 56 4 40 39 4 73 38 4 26 4 50 4 82 35 4 42 4 66 23 4 35 4 41 51 4 19 4 57 60 4 30 4 29 51 4 33 4 34 11 4 9 4 2 38 4 20 4 37 47 4 9 4 56 5 4 39 4 38 4 0 55 4 24 4 84 5 4 47 4 47 4 52 47 4 20 4 51 4 74 32 4 5 4 24 4 30 4 70 24 4 50 4 5 4 35 4 107 21 4 27 4 5 4 74 60 4 34 4 119 27 4 43 4 17 4 61 52 4 5 4 40 4 62 59 4 25 4 24 4 119 27 4 36 4 16 4 36 32 16 60 16 16 60 4 96 18 16 24 16 119 43 4 39 4 119 40 4 16 4 58 4 0 53 4 5 4 32 4 8 4 92 5 4 31 4 75 43 4 35 4 24 4 39 4 50 24 4 38 4 8 4 119 16 4 33 4 18 4 19 33 4 38 4 5 4 70 35 4 7 4 25 4 0 43 4 26 4 5 4 31 4 112 22 4 60 4 27 4 22 4 0 47 4 49 4 42 4 71 50 4 9 4 31 4 100 32 4 40 4 55 4 
iteration 1218 best: 1.15109 leader: 1.15109 time: 576820
86 57 4 5 4 5 4 69 60 4 22 4 0 37 4 31 4 35 4 119 16 4 34 4 16 4 78 57 4 20 4 48 4 119 47 4 37 4 17 4 29 4 53 60 4 39 4 26 4 66 56 4 60 4 101 42 4 39 4 99 21 4 34 4 29 4 22 4 66 12 4 28 4 18 30 4 5 4 81 5 4 5 4 55 4 54 4 19 4 119 35 4 12 4 40 4 48 4 74 48 4 44 4 94 6 4 15 4 29 4 28 4 74 41 4 8 4 48 4 11 20 4 30 4 94 23 4 46 4 28 60 20 101 5 4 21 4 39 4 34 59 20 45 28 4 6 4 57 4 53 22 4 60 4 5 4 5 4 103 13 4 20 4 74 15 4 14 4 19 4 51 18 4 48 4 117 35 4 45 4 46 4 47 20 4 10 4 17 4 0 33 4 51 4 27 13 4 56 4 40 39 4 73 38 4 26 4 50 4 82 35 4 42 4 66 23 4 35 4 41 51 4 19 4 57 60 4 30 4 29 51 4 33 4 34 11 4 9 4 2 38 4 20 4 37 47 4 9 4 56 5 4 39 4 38 4 0 55 4 24 4 84 5 4 47 4 47 4 52 47 4 20 4 51 4 74 32 4 5 4 24 4 30 4 70 24 4 50 4 5 4 35 4 107 21 4 27 4 5 4 74 60 4 34 4 119 27 4 43 4 17 4 61 52 4 5 4 40 4 62 59 4 25 4 24 4 119 27 4 36 4 16 4 36 32 16 60 16 16 60 4 96 18 16 24 16 119 43 4 39 4 119 40 4 16 4 58 4 0 53 4 5 4 32 4 8 4 92 5 4 31 4 75 43 4 35 4 24 4 39 4 50 24 4 38 4 8 4 119 16 4 33 4 18 4 19 33 4 38 4 5 4 70 35 4 7 4 25 4 0 43 4 26 4 5 4 31 4 112 22 4 60 4 27 4 22 4 0 47 4 49 4 42 4 71 50 4 9 4 31 4 100 32 4 40 4 55 4 
iteration 1234 best: 1.15109 leader: 1.15109 time: 584352
86 57 4 5 4 5 4 69 60 4 22 4 0 37 4 31 4 35 4 119 16 4 34 4 16 4 78 57 4 20 4 48 4 119 47 4 37 4 17 4 29 4 53 60 4 39 4 26 4 66 56 4 60 4 101 42 4 39 4 99 21 4 34 4 29 4 22 4 66 12 4 28 4 18 30 4 5 4 81 5 4 5 4 55 4 54 4 19 4 119 35 4 12 4 40 4 48 4 74 48 4 44 4 94 6 4 15 4 29 4 28 4 74 41 4 8 4 48 4 11 20 4 30 4 94 23 4 46 4 28 60 20 101 5 4 21 4 39 4 34 59 20 45 28 4 6 4 57 4 53 22 4 60 4 5 4 5 4 103 13 4 20 4 74 15 4 14 4 19 4 51 18 4 48 4 117 35 4 45 4 46 4 47 20 4 10 4 17 4 0 33 4 51 4 27 13 4 56 4 40 39 4 73 38 4 26 4 50 4 82 35 4 42 4 66 23 4 35 4 41 51 4 19 4 57 60 4 30 4 29 51 4 33 4 34 11 4 9 4 2 38 4 20 4 37 47 4 9 4 56 5 4 39 4 38 4 0 55 4 24 4 84 5 4 47 4 47 4 52 47 4 20 4 51 4 74 32 4 5 4 24 4 30 4 70 24 4 50 4 5 4 35 4 107 21 4 27 4 5 4 74 60 4 34 4 119 27 4 43 4 17 4 61 52 4 5 4 40 4 62 59 4 25 4 24 4 119 27 4 36 4 16 4 36 32 16 60 16 16 60 4 96 18 16 24 16 119 43 4 39 4 119 40 4 16 4 58 4 0 53 4 5 4 32 4 8 4 92 5 4 31 4 75 43 4 35 4 24 4 39 4 50 24 4 38 4 8 4 119 16 4 33 4 18 4 19 33 4 38 4 5 4 70 35 4 7 4 25 4 0 43 4 26 4 5 4 31 4 112 22 4 60 4 27 4 22 4 0 47 4 49 4 42 4 71 50 4 9 4 31 4 100 32 4 40 4 55 4 
iteration 1250 best: 1.15109 leader: 1.15109 time: 591847
86 57 4 5 4 5 4 69 60 4 22 4 0 37 4 31 4 35 4 119 16 4 34 4 16 4 78 57 4 20 4 48 4 119 47 4 37 4 17 4 29 4 53 60 4 39 4 26 4 66 56 4 60 4 101 42 4 39 4 99 21 4 34 4 29 4 22 4 66 12 4 28 4 18 30 4 5 4 81 5 4 5 4 55 4 54 4 19 4 119 35 4 12 4 40 4 48 4 74 48 4 44 4 94 6 4 15 4 29 4 28 4 74 41 4 8 4 48 4 11 20 4 30 4 94 23 4 46 4 28 60 20 101 5 4 21 4 39 4 34 59 20 45 28 4 6 4 57 4 53 22 4 60 4 5 4 5 4 103 13 4 20 4 74 15 4 14 4 19 4 51 18 4 48 4 117 35 4 45 4 46 4 47 20 4 10 4 17 4 0 33 4 51 4 27 13 4 56 4 40 39 4 73 38 4 26 4 50 4 82 35 4 42 4 66 23 4 35 4 41 51 4 19 4 57 60 4 30 4 29 51 4 33 4 34 11 4 9 4 2 38 4 20 4 37 47 4 9 4 56 5 4 39 4 38 4 0 55 4 24 4 84 5 4 47 4 47 4 52 47 4 20 4 51 4 74 32 4 5 4 24 4 30 4 70 24 4 50 4 5 4 35 4 107 21 4 27 4 5 4 74 60 4 34 4 119 27 4 43 4 17 4 61 52 4 5 4 40 4 62 59 4 25 4 24 4 119 27 4 36 4 16 4 36 32 16 60 16 16 60 4 96 18 16 24 16 119 43 4 39 4 119 40 4 16 4 58 4 0 53 4 5 4 32 4 8 4 92 5 4 31 4 75 43 4 35 4 24 4 39 4 50 24 4 38 4 8 4 119 16 4 33 4 18 4 19 33 4 38 4 5 4 70 35 4 7 4 25 4 0 43 4 26 4 5 4 31 4 112 22 4 60 4 27 4 22 4 0 47 4 49 4 42 4 71 50 4 9 4 31 4 100 32 4 40 4 55 4 
iteration 1266 best: 1.15109 leader: 1.15109 time: 599374
86 57 4 5 4 5 4 69 60 4 22 4 0 37 4 31 4 35 4 119 16 4 34 4 16 4 78 57 4 20 4 48 4 119 47 4 37 4 17 4 29 4 53 60 4 39 4 26 4 66 56 4 60 4 101 42 4 39 4 99 21 4 34 4 29 4 22 4 66 12 4 28 4 18 30 4 5 4 81 5 4 5 4 55 4 54 4 19 4 119 35 4 12 4 40 4 48 4 74 48 4 44 4 94 6 4 15 4 29 4 28 4 74 41 4 8 4 48 4 11 20 4 30 4 94 23 4 46 4 28 60 20 101 5 4 21 4 39 4 34 59 20 45 28 4 6 4 57 4 53 22 4 60 4 5 4 5 4 103 13 4 20 4 74 15 4 14 4 19 4 51 18 4 48 4 117 35 4 45 4 46 4 47 20 4 10 4 17 4 0 33 4 51 4 27 13 4 56 4 40 39 4 73 38 4 26 4 50 4 82 35 4 42 4 66 23 4 35 4 41 51 4 19 4 57 60 4 30 4 29 51 4 33 4 34 11 4 9 4 2 38 4 20 4 37 47 4 9 4 56 5 4 39 4 38 4 0 55 4 24 4 84 5 4 47 4 47 4 52 47 4 20 4 51 4 74 32 4 5 4 24 4 30 4 70 24 4 50 4 5 4 35 4 107 21 4 27 4 5 4 74 60 4 34 4 119 27 4 43 4 17 4 61 52 4 5 4 40 4 62 59 4 25 4 24 4 119 27 4 36 4 16 4 36 32 16 60 16 16 60 4 96 18 16 24 16 119 43 4 39 4 119 40 4 16 4 58 4 0 53 4 5 4 32 4 8 4 92 5 4 31 4 75 43 4 35 4 24 4 39 4 50 24 4 38 4 8 4 119 16 4 33 4 18 4 19 33 4 38 4 5 4 70 35 4 7 4 25 4 0 43 4 26 4 5 4 31 4 112 22 4 60 4 27 4 22 4 0 47 4 49 4 42 4 71 50 4 9 4 31 4 100 32 4 40 4 55 4 
Best solution: 
86 57 4 5 4 5 4 69 60 4 22 4 0 37 4 31 4 35 4 119 16 4 34 4 16 4 78 57 4 20 4 48 4 119 47 4 37 4 17 4 29 4 53 60 4 39 4 26 4 66 56 4 60 4 101 42 4 39 4 99 21 4 34 4 29 4 22 4 66 12 4 28 4 18 30 4 5 4 81 5 4 5 4 55 4 54 4 19 4 119 35 4 12 4 40 4 48 4 74 48 4 44 4 94 6 4 15 4 29 4 28 4 74 41 4 8 4 48 4 11 20 4 30 4 94 23 4 46 4 28 60 20 101 5 4 21 4 39 4 34 59 20 45 28 4 6 4 57 4 53 22 4 60 4 5 4 5 4 103 13 4 20 4 74 15 4 14 4 19 4 51 18 4 48 4 117 35 4 45 4 46 4 47 20 4 10 4 17 4 0 33 4 51 4 27 13 4 56 4 40 39 4 73 38 4 26 4 50 4 82 35 4 42 4 66 23 4 35 4 41 51 4 19 4 57 60 4 30 4 29 51 4 33 4 34 11 4 9 4 2 38 4 20 4 37 47 4 9 4 56 5 4 39 4 38 4 0 55 4 24 4 84 5 4 47 4 47 4 52 47 4 20 4 51 4 74 32 4 5 4 24 4 30 4 70 24 4 50 4 5 4 35 4 107 21 4 27 4 5 4 74 60 4 34 4 119 27 4 43 4 17 4 61 52 4 5 4 40 4 62 59 4 25 4 24 4 119 27 4 36 4 16 4 36 32 16 60 16 16 60 4 96 18 16 24 16 119 43 4 39 4 119 40 4 16 4 58 4 0 53 4 5 4 32 4 8 4 92 5 4 31 4 75 43 4 35 4 24 4 39 4 50 24 4 38 4 8 4 119 16 4 33 4 18 4 19 33 4 38 4 5 4 70 35 4 7 4 25 4 0 43 4 26 4 5 4 31 4 112 22 4 60 4 27 4 22 4 0 47 4 49 4 42 4 71 50 4 9 4 31 4 100 32 4 40 4 55 4 
Fitness: 1.15109
