iteration 15 best: 1.36105 leader: 1.36105 time: 7629
115 24 4 40 4 32 4 0 60 4 53 4 105 28 4 15 4 5 4 47 29 4 34 4 52 4 3 26 4 8 4 60 4 23 16 4 28 4 55 4 16 4 69 44 4 22 4 21 4 102 39 4 44 4 46 39 4 42 4 1 20 4 24 4 32 4 44 4 39 31 4 34 4 72 31 4 51 4 115 26 4 17 4 25 4 59 4 39 4 42 49 4 10 4 7 4 21 4 103 5 4 60 4 116 59 4 24 4 25 4 28 4 33 60 4 27 4 41 4 119 53 4 5 4 15 5 4 60 4 61 46 20 0 60 4 35 4 9 4 91 20 20 45 18 4 60 4 16 4 59 54 4 11 4 46 4 5 4 75 32 4 41 4 13 5 4 31 4 5 4 49 10 4 21 4 39 60 4 38 4 60 4 0 5 4 37 4 34 4 9 47 4 5 4 9 54 4 60 4 32 35 4 108 28 4 43 4 32 4 1 27 4 60 4 70 49 4 57 4 0 49 4 28 4 32 29 4 40 4 74 36 4 28 4 98 60 4 5 4 23 35 4 20 4 53 47 4 5 4 58 5 4 12 4 51 4 75 34 4 24 4 83 11 4 38 4 27 4 0 23 4 30 4 40 4 37 25 4 5 4 19 4 12 4 119 47 4 5 4 29 4 26 4 53 27 4 39 4 29 4 38 16 4 48 4 0 7 4 35 4 52 4 36 54 4 45 4 50 4 0 19 4 7 4 25 4 13 14 4 54 4 18 4 31 20 16 60 16 50 60 4 49 60 16 45 16 78 60 4 35 4 19 32 4 28 4 17 4 63 28 4 14 4 10 4 40 4 61 21 4 35 4 65 5 4 37 4 60 4 15 4 87 16 4 12 4 15 4 81 60 4 6 4 16 4 14 18 4 5 4 32 4 119 44 4 5 4 5 4 101 60 4 55 4 41 4 31 4 55 7 4 19 4 32 4 51 4 111 39 4 28 4 14 4 12 58 4 21 4 45 4 15 59 4 48 4 26 4 
iteration 29 best: 1.36105 leader: 1.36105 time: 14858
115 24 4 40 4 32 4 0 60 4 53 4 105 28 4 15 4 5 4 47 29 4 34 4 52 4 3 26 4 8 4 60 4 23 16 4 28 4 55 4 16 4 69 44 4 22 4 21 4 102 39 4 44 4 46 39 4 42 4 1 20 4 24 4 32 4 44 4 39 31 4 34 4 72 31 4 51 4 115 26 4 17 4 25 4 59 4 39 4 42 49 4 10 4 7 4 21 4 103 5 4 60 4 116 59 4 24 4 25 4 28 4 33 60 4 27 4 41 4 119 53 4 5 4 15 5 4 60 4 61 46 20 0 60 4 35 4 9 4 91 20 20 45 18 4 60 4 16 4 59 54 4 11 4 46 4 5 4 75 32 4 41 4 13 5 4 31 4 5 4 49 10 4 21 4 39 60 4 38 4 60 4 0 5 4 37 4 34 4 9 47 4 5 4 9 54 4 60 4 32 35 4 108 28 4 43 4 32 4 1 27 4 60 4 70 49 4 57 4 0 49 4 28 4 32 29 4 40 4 74 36 4 28 4 98 60 4 5 4 23 35 4 20 4 53 47 4 5 4 58 5 4 12 4 51 4 75 34 4 24 4 83 11 4 38 4 27 4 0 23 4 30 4 40 4 37 25 4 5 4 19 4 12 4 119 47 4 5 4 29 4 26 4 53 27 4 39 4 29 4 38 16 4 48 4 0 7 4 35 4 52 4 36 54 4 45 4 50 4 0 19 4 7 4 25 4 13 14 4 54 4 18 4 31 20 16 60 16 50 60 4 49 60 16 45 16 78 60 4 35 4 19 32 4 28 4 17 4 63 28 4 14 4 10 4 40 4 61 21 4 35 4 65 5 4 37 4 60 4 15 4 87 16 4 12 4 15 4 81 60 4 6 4 16 4 14 18 4 5 4 32 4 119 44 4 5 4 5 4 101 60 4 55 4 41 4 31 4 55 7 4 19 4 32 4 51 4 111 39 4 28 4 14 4 12 58 4 21 4 45 4 15 59 4 48 4 26 4 
iteration 43 best: 1.36105 leader: 1.36105 time: 22059
115 24 4 40 4 32 4 0 60 4 53 4 105 28 4 15 4 5 4 47 29 4 34 4 52 4 3 26 4 8 4 60 4 23 16 4 28 4 55 4 16 4 69 44 4 22 4 21 4 102 39 4 44 4 46 39 4 42 4 1 20 4 24 4 32 4 44 4 39 31 4 34 4 72 31 4 51 4 115 26 4 17 4 25 4 59 4 39 4 42 49 4 10 4 7 4 21 4 103 5 4 60 4 116 59 4 24 4 25 4 28 4 33 60 4 27 4 41 4 119 53 4 5 4 15 5 4 60 4 61 46 20 0 60 4 35 4 9 4 91 20 20 45 18 4 60 4 16 4 59 54 4 11 4 46 4 5 4 75 32 4 41 4 13 5 4 31 4 5 4 49 10 4 21 4 39 60 4 38 4 60 4 0 5 4 37 4 34 4 9 47 4 5 4 9 54 4 60 4 32 35 4 108 28 4 43 4 32 4 1 27 4 60 4 70 49 4 57 4 0 49 4 28 4 32 29 4 40 4 74 36 4 28 4 98 60 4 5 4 23 35 4 20 4 53 47 4 5 4 58 5 4 12 4 51 4 75 34 4 24 4 83 11 4 38 4 27 4 0 23 4 30 4 40 4 37 25 4 5 4 19 4 12 4 119 47 4 5 4 29 4 26 4 53 27 4 39 4 29 4 38 16 4 48 4 0 7 4 35 4 52 4 36 54 4 45 4 50 4 0 19 4 7 4 25 4 13 14 4 54 4 18 4 31 20 16 60 16 50 60 4 49 60 16 45 16 78 60 4 35 4 19 32 4 28 4 17 4 63 28 4 14 4 10 4 40 4 61 21 4 35 4 65 5 4 37 4 60 4 15 4 87 16 4 12 4 15 4 81 60 4 6 4 16 4 14 18 4 5 4 32 4 119 44 4 5 4 5 4 101 60 4 55 4 41 4 31 4 55 7 4 19 4 32 4 51 4 111 39 4 28 4 14 4 12 58 4 21 4 45 4 15 59 4 48 4 26 4 
iteration 57 best: 1.36105 leader: 1.36105 time: 29310
115 24 4 40 4 32 4 0 60 4 53 4 105 28 4 15 4 5 4 47 29 4 34 4 52 4 3 26 4 8 4 60 4 23 16 4 28 4 55 4 16 4 69 44 4 22 4 21 4 102 39 4 44 4 46 39 4 42 4 1 20 4 24 4 32 4 44 4 39 31 4 34 4 72 31 4 51 4 115 26 4 17 4 25 4 59 4 39 4 42 49 4 10 4 7 4 21 4 103 5 4 60 4 116 59 4 24 4 25 4 28 4 33 60 4 27 4 41 4 119 53 4 5 4 15 5 4 60 4 61 46 20 0 60 4 35 4 9 4 91 20 20 45 18 4 60 4 16 4 59 54 4 11 4 46 4 5 4 75 32 4 41 4 13 5 4 31 4 5 4 49 10 4 21 4 39 60 4 38 4 60 4 0 5 4 37 4 34 4 9 47 4 5 4 9 54 4 60 4 32 35 4 108 28 4 43 4 32 4 1 27 4 60 4 70 49 4 57 4 0 49 4 28 4 32 29 4 40 4 74 36 4 28 4 98 60 4 5 4 23 35 4 20 4 53 47 4 5 4 58 5 4 12 4 51 4 75 34 4 24 4 83 11 4 38 4 27 4 0 23 4 30 4 40 4 37 25 4 5 4 19 4 12 4 119 47 4 5 4 29 4 26 4 53 27 4 39 4 29 4 38 16 4 48 4 0 7 4 35 4 52 4 36 54 4 45 4 50 4 0 19 4 7 4 25 4 13 14 4 54 4 18 4 31 20 16 60 16 50 60 4 49 60 16 45 16 78 60 4 35 4 19 32 4 28 4 17 4 63 28 4 14 4 10 4 40 4 61 21 4 35 4 65 5 4 37 4 60 4 15 4 87 16 4 12 4 15 4 81 60 4 6 4 16 4 14 18 4 5 4 32 4 119 44 4 5 4 5 4 101 60 4 55 4 41 4 31 4 55 7 4 19 4 32 4 51 4 111 39 4 28 4 14 4 12 58 4 21 4 45 4 15 59 4 48 4 26 4 
iteration 71 best: 1.36105 leader: 1.36105 time: 36587
115 24 4 40 4 32 4 0 60 4 53 4 105 28 4 15 4 5 4 47 29 4 34 4 52 4 3 26 4 8 4 60 4 23 16 4 28 4 55 4 16 4 69 44 4 22 4 21 4 102 39 4 44 4 46 39 4 42 4 1 20 4 24 4 32 4 44 4 39 31 4 34 4 72 31 4 51 4 115 26 4 17 4 25 4 59 4 39 4 42 49 4 10 4 7 4 21 4 103 5 4 60 4 116 59 4 24 4 25 4 28 4 33 60 4 27 4 41 4 119 53 4 5 4 15 5 4 60 4 61 46 20 0 60 4 35 4 9 4 91 20 20 45 18 4 60 4 16 4 59 54 4 11 4 46 4 5 4 75 32 4 41 4 13 5 4 31 4 5 4 49 10 4 21 4 39 60 4 38 4 60 4 0 5 4 37 4 34 4 9 47 4 5 4 9 54 4 60 4 32 35 4 108 28 4 43 4 32 4 1 27 4 60 4 70 49 4 57 4 0 49 4 28 4 32 29 4 40 4 74 36 4 28 4 98 60 4 5 4 23 35 4 20 4 53 47 4 5 4 58 5 4 12 4 51 4 75 34 4 24 4 83 11 4 38 4 27 4 0 23 4 30 4 40 4 37 25 4 5 4 19 4 12 4 119 47 4 5 4 29 4 26 4 53 27 4 39 4 29 4 38 16 4 48 4 0 7 4 35 4 52 4 36 54 4 45 4 50 4 0 19 4 7 4 25 4 13 14 4 54 4 18 4 31 20 16 60 16 50 60 4 49 60 16 45 16 78 60 4 35 4 19 32 4 28 4 17 4 63 28 4 14 4 10 4 40 4 61 21 4 35 4 65 5 4 37 4 60 4 15 4 87 16 4 12 4 15 4 81 60 4 6 4 16 4 14 18 4 5 4 32 4 119 44 4 5 4 5 4 101 60 4 55 4 41 4 31 4 55 7 4 19 4 32 4 51 4 111 39 4 28 4 14 4 12 58 4 21 4 45 4 15 59 4 48 4 26 4 
iteration 85 best: 1.36105 leader: 1.36105 time: 43807
115 24 4 40 4 32 4 0 60 4 53 4 105 28 4 15 4 5 4 47 29 4 34 4 52 4 3 26 4 8 4 60 4 23 16 4 28 4 55 4 16 4 69 44 4 22 4 21 4 102 39 4 44 4 46 39 4 42 4 1 20 4 24 4 32 4 44 4 39 31 4 34 4 72 31 4 51 4 115 26 4 17 4 25 4 59 4 39 4 42 49 4 10 4 7 4 21 4 103 5 4 60 4 116 59 4 24 4 25 4 28 4 33 60 4 27 4 41 4 119 53 4 5 4 15 5 4 60 4 61 46 20 0 60 4 35 4 9 4 91 20 20 45 18 4 60 4 16 4 59 54 4 11 4 46 4 5 4 75 32 4 41 4 13 5 4 31 4 5 4 49 10 4 21 4 39 60 4 38 4 60 4 0 5 4 37 4 34 4 9 47 4 5 4 9 54 4 60 4 32 35 4 108 28 4 43 4 32 4 1 27 4 60 4 70 49 4 57 4 0 49 4 28 4 32 29 4 40 4 74 36 4 28 4 98 60 4 5 4 23 35 4 20 4 53 47 4 5 4 58 5 4 12 4 51 4 75 34 4 24 4 83 11 4 38 4 27 4 0 23 4 30 4 40 4 37 25 4 5 4 19 4 12 4 119 47 4 5 4 29 4 26 4 53 27 4 39 4 29 4 38 16 4 48 4 0 7 4 35 4 52 4 36 54 4 45 4 50 4 0 19 4 7 4 25 4 13 14 4 54 4 18 4 31 20 16 60 16 50 60 4 49 60 16 45 16 78 60 4 35 4 19 32 4 28 4 17 4 63 28 4 14 4 10 4 40 4 61 21 4 35 4 65 5 4 37 4 60 4 15 4 87 16 4 12 4 15 4 81 60 4 6 4 16 4 14 18 4 5 4 32 4 119 44 4 5 4 5 4 101 60 4 55 4 41 4 31 4 55 7 4 19 4 32 4 51 4 111 39 4 28 4 14 4 12 58 4 21 4 45 4 15 59 4 48 4 26 4 
iteration 100 best: 1.36105 leader: 1.36105 time: 51445
115 24 4 40 4 32 4 0 60 4 53 4 105 28 4 15 4 5 4 47 29 4 34 4 52 4 3 26 4 8 4 60 4 23 16 4 28 4 55 4 16 4 69 44 4 22 4 21 4 102 39 4 44 4 46 39 4 42 4 1 20 4 24 4 32 4 44 4 39 31 4 34 4 72 31 4 51 4 115 26 4 17 4 25 4 59 4 39 4 42 49 4 10 4 7 4 21 4 103 5 4 60 4 116 59 4 24 4 25 4 28 4 33 60 4 27 4 41 4 119 53 4 5 4 15 5 4 60 4 61 46 20 0 60 4 35 4 9 4 91 20 20 45 18 4 60 4 16 4 59 54 4 11 4 46 4 5 4 75 32 4 41 4 13 5 4 31 4 5 4 49 10 4 21 4 39 60 4 38 4 60 4 0 5 4 37 4 34 4 9 47 4 5 4 9 54 4 60 4 32 35 4 108 28 4 43 4 32 4 1 27 4 60 4 70 49 4 57 4 0 49 4 28 4 32 29 4 40 4 74 36 4 28 4 98 60 4 5 4 23 35 4 20 4 53 47 4 5 4 58 5 4 12 4 51 4 75 34 4 24 4 83 11 4 38 4 27 4 0 23 4 30 4 40 4 37 25 4 5 4 19 4 12 4 119 47 4 5 4 29 4 26 4 53 27 4 39 4 29 4 38 16 4 48 4 0 7 4 35 4 52 4 36 54 4 45 4 50 4 0 19 4 7 4 25 4 13 14 4 54 4 18 4 31 20 16 60 16 50 60 4 49 60 16 45 16 78 60 4 35 4 19 32 4 28 4 17 4 63 28 4 14 4 10 4 40 4 61 21 4 35 4 65 5 4 37 4 60 4 15 4 87 16 4 12 4 15 4 81 60 4 6 4 16 4 14 18 4 5 4 32 4 119 44 4 5 4 5 4 101 60 4 55 4 41 4 31 4 55 7 4 19 4 32 4 51 4 111 39 4 28 4 14 4 12 58 4 21 4 45 4 15 59 4 48 4 26 4 
iteration 115 best: 1.36105 leader: 1.36105 time: 58989
115 24 4 40 4 32 4 0 60 4 53 4 105 28 4 15 4 5 4 47 29 4 34 4 52 4 3 26 4 8 4 60 4 23 16 4 28 4 55 4 16 4 69 44 4 22 4 21 4 102 39 4 44 4 46 39 4 42 4 1 20 4 24 4 32 4 44 4 39 31 4 34 4 72 31 4 51 4 115 26 4 17 4 25 4 59 4 39 4 42 49 4 10 4 7 4 21 4 103 5 4 60 4 116 59 4 24 4 25 4 28 4 33 60 4 27 4 41 4 119 53 4 5 4 15 5 4 60 4 61 46 20 0 60 4 35 4 9 4 91 20 20 45 18 4 60 4 16 4 59 54 4 11 4 46 4 5 4 75 32 4 41 4 13 5 4 31 4 5 4 49 10 4 21 4 39 60 4 38 4 60 4 0 5 4 37 4 34 4 9 47 4 5 4 9 54 4 60 4 32 35 4 108 28 4 43 4 32 4 1 27 4 60 4 70 49 4 57 4 0 49 4 28 4 32 29 4 40 4 74 36 4 28 4 98 60 4 5 4 23 35 4 20 4 53 47 4 5 4 58 5 4 12 4 51 4 75 34 4 24 4 83 11 4 38 4 27 4 0 23 4 30 4 40 4 37 25 4 5 4 19 4 12 4 119 47 4 5 4 29 4 26 4 53 27 4 39 4 29 4 38 16 4 48 4 0 7 4 35 4 52 4 36 54 4 45 4 50 4 0 19 4 7 4 25 4 13 14 4 54 4 18 4 31 20 16 60 16 50 60 4 49 60 16 45 16 78 60 4 35 4 19 32 4 28 4 17 4 63 28 4 14 4 10 4 40 4 61 21 4 35 4 65 5 4 37 4 60 4 15 4 87 16 4 12 4 15 4 81 60 4 6 4 16 4 14 18 4 5 4 32 4 119 44 4 5 4 5 4 101 60 4 55 4 41 4 31 4 55 7 4 19 4 32 4 51 4 111 39 4 28 4 14 4 12 58 4 21 4 45 4 15 59 4 48 4 26 4 
iteration 130 best: 1.36105 leader: 1.36105 time: 66578
115 24 4 40 4 32 4 0 60 4 53 4 105 28 4 15 4 5 4 47 29 4 34 4 52 4 3 26 4 8 4 60 4 23 16 4 28 4 55 4 16 4 69 44 4 22 4 21 4 102 39 4 44 4 46 39 4 42 4 1 20 4 24 4 32 4 44 4 39 31 4 34 4 72 31 4 51 4 115 26 4 17 4 25 4 59 4 39 4 42 49 4 10 4 7 4 21 4 103 5 4 60 4 116 59 4 24 4 25 4 28 4 33 60 4 27 4 41 4 119 53 4 5 4 15 5 4 60 4 61 46 20 0 60 4 35 4 9 4 91 20 20 45 18 4 60 4 16 4 59 54 4 11 4 46 4 5 4 75 32 4 41 4 13 5 4 31 4 5 4 49 10 4 21 4 39 60 4 38 4 60 4 0 5 4 37 4 34 4 9 47 4 5 4 9 54 4 60 4 32 35 4 108 28 4 43 4 32 4 1 27 4 60 4 70 49 4 57 4 0 49 4 28 4 32 29 4 40 4 74 36 4 28 4 98 60 4 5 4 23 35 4 20 4 53 47 4 5 4 58 5 4 12 4 51 4 75 34 4 24 4 83 11 4 38 4 27 4 0 23 4 30 4 40 4 37 25 4 5 4 19 4 12 4 119 47 4 5 4 29 4 26 4 53 27 4 39 4 29 4 38 16 4 48 4 0 7 4 35 4 52 4 36 54 4 45 4 50 4 0 19 4 7 4 25 4 13 14 4 54 4 18 4 31 20 16 60 16 50 60 4 49 60 16 45 16 78 60 4 35 4 19 32 4 28 4 17 4 63 28 4 14 4 10 4 40 4 61 21 4 35 4 65 5 4 37 4 60 4 15 4 87 16 4 12 4 15 4 81 60 4 6 4 16 4 14 18 4 5 4 32 4 119 44 4 5 4 5 4 101 60 4 55 4 41 4 31 4 55 7 4 19 4 32 4 51 4 111 39 4 28 4 14 4 12 58 4 21 4 45 4 15 59 4 48 4 26 4 
iteration 145 best: 1.36105 leader: 1.36105 time: 74144
115 24 4 40 4 32 4 0 60 4 53 4 105 28 4 15 4 5 4 47 29 4 34 4 52 4 3 26 4 8 4 60 4 23 16 4 28 4 55 4 16 4 69 44 4 22 4 21 4 102 39 4 44 4 46 39 4 42 4 1 20 4 24 4 32 4 44 4 39 31 4 34 4 72 31 4 51 4 115 26 4 17 4 25 4 59 4 39 4 42 49 4 10 4 7 4 21 4 103 5 4 60 4 116 59 4 24 4 25 4 28 4 33 60 4 27 4 41 4 119 53 4 5 4 15 5 4 60 4 61 46 20 0 60 4 35 4 9 4 91 20 20 45 18 4 60 4 16 4 59 54 4 11 4 46 4 5 4 75 32 4 41 4 13 5 4 31 4 5 4 49 10 4 21 4 39 60 4 38 4 60 4 0 5 4 37 4 34 4 9 47 4 5 4 9 54 4 60 4 32 35 4 108 28 4 43 4 32 4 1 27 4 60 4 70 49 4 57 4 0 49 4 28 4 32 29 4 40 4 74 36 4 28 4 98 60 4 5 4 23 35 4 20 4 53 47 4 5 4 58 5 4 12 4 51 4 75 34 4 24 4 83 11 4 38 4 27 4 0 23 4 30 4 40 4 37 25 4 5 4 19 4 12 4 119 47 4 5 4 29 4 26 4 53 27 4 39 4 29 4 38 16 4 48 4 0 7 4 35 4 52 4 36 54 4 45 4 50 4 0 19 4 7 4 25 4 13 14 4 54 4 18 4 31 20 16 60 16 50 60 4 49 60 16 45 16 78 60 4 35 4 19 32 4 28 4 17 4 63 28 4 14 4 10 4 40 4 61 21 4 35 4 65 5 4 37 4 60 4 15 4 87 16 4 12 4 15 4 81 60 4 6 4 16 4 14 18 4 5 4 32 4 119 44 4 5 4 5 4 101 60 4 55 4 41 4 31 4 55 7 4 19 4 32 4 51 4 111 39 4 28 4 14 4 12 58 4 21 4 45 4 15 59 4 48 4 26 4 
iteration 160 best: 1.36105 leader: 1.36105 time: 81729
115 24 4 40 4 32 4 0 60 4 53 4 105 28 4 15 4 5 4 47 29 4 34 4 52 4 3 26 4 8 4 60 4 23 16 4 28 4 55 4 16 4 69 44 4 22 4 21 4 102 39 4 44 4 46 39 4 42 4 1 20 4 24 4 32 4 44 4 39 31 4 34 4 72 31 4 51 4 115 26 4 17 4 25 4 59 4 39 4 42 49 4 10 4 7 4 21 4 103 5 4 60 4 116 59 4 24 4 25 4 28 4 33 60 4 27 4 41 4 119 53 4 5 4 15 5 4 60 4 61 46 20 0 60 4 35 4 9 4 91 20 20 45 18 4 60 4 16 4 59 54 4 11 4 46 4 5 4 75 32 4 41 4 13 5 4 31 4 5 4 49 10 4 21 4 39 60 4 38 4 60 4 0 5 4 37 4 34 4 9 47 4 5 4 9 54 4 60 4 32 35 4 108 28 4 43 4 32 4 1 27 4 60 4 70 49 4 57 4 0 49 4 28 4 32 29 4 40 4 74 36 4 28 4 98 60 4 5 4 23 35 4 20 4 53 47 4 5 4 58 5 4 12 4 51 4 75 34 4 24 4 83 11 4 38 4 27 4 0 23 4 30 4 40 4 37 25 4 5 4 19 4 12 4 119 47 4 5 4 29 4 26 4 53 27 4 39 4 29 4 38 16 4 48 4 0 7 4 35 4 52 4 36 54 4 45 4 50 4 0 19 4 7 4 25 4 13 14 4 54 4 18 4 31 20 16 60 16 50 60 4 49 60 16 45 16 78 60 4 35 4 19 32 4 28 4 17 4 63 28 4 14 4 10 4 40 4 61 21 4 35 4 65 5 4 37 4 60 4 15 4 87 16 4 12 4 15 4 81 60 4 6 4 16 4 14 18 4 5 4 32 4 119 44 4 5 4 5 4 101 60 4 55 4 41 4 31 4 55 7 4 19 4 32 4 51 4 111 39 4 28 4 14 4 12 58 4 21 4 45 4 15 59 4 48 4 26 4 
iteration 175 best: 1.36105 leader: 1.36105 time: 89318
115 24 4 40 4 32 4 0 60 4 53 4 105 28 4 15 4 5 4 47 29 4 34 4 52 4 3 26 4 8 4 60 4 23 16 4 28 4 55 4 16 4 69 44 4 22 4 21 4 102 39 4 44 4 46 39 4 42 4 1 20 4 24 4 32 4 44 4 39 31 4 34 4 72 31 4 51 4 115 26 4 17 4 25 4 59 4 39 4 42 49 4 10 4 7 4 21 4 103 5 4 60 4 116 59 4 24 4 25 4 28 4 33 60 4 27 4 41 4 119 53 4 5 4 15 5 4 60 4 61 46 20 0 60 4 35 4 9 4 91 20 20 45 18 4 60 4 16 4 59 54 4 11 4 46 4 5 4 75 32 4 41 4 13 5 4 31 4 5 4 49 10 4 21 4 39 60 4 38 4 60 4 0 5 4 37 4 34 4 9 47 4 5 4 9 54 4 60 4 32 35 4 108 28 4 43 4 32 4 1 27 4 60 4 70 49 4 57 4 0 49 4 28 4 32 29 4 40 4 74 36 4 28 4 98 60 4 5 4 23 35 4 20 4 53 47 4 5 4 58 5 4 12 4 51 4 75 34 4 24 4 83 11 4 38 4 27 4 0 23 4 30 4 40 4 37 25 4 5 4 19 4 12 4 119 47 4 5 4 29 4 26 4 53 27 4 39 4 29 4 38 16 4 48 4 0 7 4 35 4 52 4 36 54 4 45 4 50 4 0 19 4 7 4 25 4 13 14 4 54 4 18 4 31 20 16 60 16 50 60 4 49 60 16 45 16 78 60 4 35 4 19 32 4 28 4 17 4 63 28 4 14 4 10 4 40 4 61 21 4 35 4 65 5 4 37 4 60 4 15 4 87 16 4 12 4 15 4 81 60 4 6 4 16 4 14 18 4 5 4 32 4 119 44 4 5 4 5 4 101 60 4 55 4 41 4 31 4 55 7 4 19 4 32 4 51 4 111 39 4 28 4 14 4 12 58 4 21 4 45 4 15 59 4 48 4 26 4 
iteration 190 best: 1.36105 leader: 1.36105 time: 96878
115 24 4 40 4 32 4 0 60 4 53 4 105 28 4 15 4 5 4 47 29 4 34 4 52 4 3 26 4 8 4 60 4 23 16 4 28 4 55 4 16 4 69 44 4 22 4 21 4 102 39 4 44 4 46 39 4 42 4 1 20 4 24 4 32 4 44 4 39 31 4 34 4 72 31 4 51 4 115 26 4 17 4 25 4 59 4 39 4 42 49 4 10 4 7 4 21 4 103 5 4 60 4 116 59 4 24 4 25 4 28 4 33 60 4 27 4 41 4 119 53 4 5 4 15 5 4 60 4 61 46 20 0 60 4 35 4 9 4 91 20 20 45 18 4 60 4 16 4 59 54 4 11 4 46 4 5 4 75 32 4 41 4 13 5 4 31 4 5 4 49 10 4 21 4 39 60 4 38 4 60 4 0 5 4 37 4 34 4 9 47 4 5 4 9 54 4 60 4 32 35 4 108 28 4 43 4 32 4 1 27 4 60 4 70 49 4 57 4 0 49 4 28 4 32 29 4 40 4 74 36 4 28 4 98 60 4 5 4 23 35 4 20 4 53 47 4 5 4 58 5 4 12 4 51 4 75 34 4 24 4 83 11 4 38 4 27 4 0 23 4 30 4 40 4 37 25 4 5 4 19 4 12 4 119 47 4 5 4 29 4 26 4 53 27 4 39 4 29 4 38 16 4 48 4 0 7 4 35 4 52 4 36 54 4 45 4 50 4 0 19 4 7 4 25 4 13 14 4 54 4 18 4 31 20 16 60 16 50 60 4 49 60 16 45 16 78 60 4 35 4 19 32 4 28 4 17 4 63 28 4 14 4 10 4 40 4 61 21 4 35 4 65 5 4 37 4 60 4 15 4 87 16 4 12 4 15 4 81 60 4 6 4 16 4 14 18 4 5 4 32 4 119 44 4 5 4 5 4 101 60 4 55 4 41 4 31 4 55 7 4 19 4 32 4 51 4 111 39 4 28 4 14 4 12 58 4 21 4 45 4 15 59 4 48 4 26 4 
iteration 205 best: 1.36105 leader: 1.36105 time: 104469
115 24 4 40 4 32 4 0 60 4 53 4 105 28 4 15 4 5 4 47 29 4 34 4 52 4 3 26 4 8 4 60 4 23 16 4 28 4 55 4 16 4 69 44 4 22 4 21 4 102 39 4 44 4 46 39 4 42 4 1 20 4 24 4 32 4 44 4 39 31 4 34 4 72 31 4 51 4 115 26 4 17 4 25 4 59 4 39 4 42 49 4 10 4 7 4 21 4 103 5 4 60 4 116 59 4 24 4 25 4 28 4 33 60 4 27 4 41 4 119 53 4 5 4 15 5 4 60 4 61 46 20 0 60 4 35 4 9 4 91 20 20 45 18 4 60 4 16 4 59 54 4 11 4 46 4 5 4 75 32 4 41 4 13 5 4 31 4 5 4 49 10 4 21 4 39 60 4 38 4 60 4 0 5 4 37 4 34 4 9 47 4 5 4 9 54 4 60 4 32 35 4 108 28 4 43 4 32 4 1 27 4 60 4 70 49 4 57 4 0 49 4 28 4 32 29 4 40 4 74 36 4 28 4 98 60 4 5 4 23 35 4 20 4 53 47 4 5 4 58 5 4 12 4 51 4 75 34 4 24 4 83 11 4 38 4 27 4 0 23 4 30 4 40 4 37 25 4 5 4 19 4 12 4 119 47 4 5 4 29 4 26 4 53 27 4 39 4 29 4 38 16 4 48 4 0 7 4 35 4 52 4 36 54 4 45 4 50 4 0 19 4 7 4 25 4 13 14 4 54 4 18 4 31 20 16 60 16 50 60 4 49 60 16 45 16 78 60 4 35 4 19 32 4 28 4 17 4 63 28 4 14 4 10 4 40 4 61 21 4 35 4 65 5 4 37 4 60 4 15 4 87 16 4 12 4 15 4 81 60 4 6 4 16 4 14 18 4 5 4 32 4 119 44 4 5 4 5 4 101 60 4 55 4 41 4 31 4 55 7 4 19 4 32 4 51 4 111 39 4 28 4 14 4 12 58 4 21 4 45 4 15 59 4 48 4 26 4 
iteration 220 best: 1.36105 leader: 1.36105 time: 112011
115 24 4 40 4 32 4 0 60 4 53 4 105 28 4 15 4 5 4 47 29 4 34 4 52 4 3 26 4 8 4 60 4 23 16 4 28 4 55 4 16 4 69 44 4 22 4 21 4 102 39 4 44 4 46 39 4 42 4 1 20 4 24 4 32 4 44 4 39 31 4 34 4 72 31 4 51 4 115 26 4 17 4 25 4 59 4 39 4 42 49 4 10 4 7 4 21 4 103 5 4 60 4 116 59 4 24 4 25 4 28 4 33 60 4 27 4 41 4 119 53 4 5 4 15 5 4 60 4 61 46 20 0 60 4 35 4 9 4 91 20 20 45 18 4 60 4 16 4 59 54 4 11 4 46 4 5 4 75 32 4 41 4 13 5 4 31 4 5 4 49 10 4 21 4 39 60 4 38 4 60 4 0 5 4 37 4 34 4 9 47 4 5 4 9 54 4 60 4 32 35 4 108 28 4 43 4 32 4 1 27 4 60 4 70 49 4 57 4 0 49 4 28 4 32 29 4 40 4 74 36 4 28 4 98 60 4 5 4 23 35 4 20 4 53 47 4 5 4 58 5 4 12 4 51 4 75 34 4 24 4 83 11 4 38 4 27 4 0 23 4 30 4 40 4 37 25 4 5 4 19 4 12 4 119 47 4 5 4 29 4 26 4 53 27 4 39 4 29 4 38 16 4 48 4 0 7 4 35 4 52 4 36 54 4 45 4 50 4 0 19 4 7 4 25 4 13 14 4 54 4 18 4 31 20 16 60 16 50 60 4 49 60 16 45 16 78 60 4 35 4 19 32 4 28 4 17 4 63 28 4 14 4 10 4 40 4 61 21 4 35 4 65 5 4 37 4 60 4 15 4 87 16 4 12 4 15 4 81 60 4 6 4 16 4 14 18 4 5 4 32 4 119 44 4 5 4 5 4 101 60 4 55 4 41 4 31 4 55 7 4 19 4 32 4 51 4 111 39 4 28 4 14 4 12 58 4 21 4 45 4 15 59 4 48 4 26 4 
iteration 235 best: 1.36105 leader: 1.36105 time: 119544
115 24 4 40 4 32 4 0 60 4 53 4 105 28 4 15 4 5 4 47 29 4 34 4 52 4 3 26 4 8 4 60 4 23 16 4 28 4 55 4 16 4 69 44 4 22 4 21 4 102 39 4 44 4 46 39 4 42 4 1 20 4 24 4 32 4 44 4 39 31 4 34 4 72 31 4 51 4 115 26 4 17 4 25 4 59 4 39 4 42 49 4 10 4 7 4 21 4 103 5 4 60 4 116 59 4 24 4 25 4 28 4 33 60 4 27 4 41 4 119 53 4 5 4 15 5 4 60 4 61 46 20 0 60 4 35 4 9 4 91 20 20 45 18 4 60 4 16 4 59 54 4 11 4 46 4 5 4 75 32 4 41 4 13 5 4 31 4 5 4 49 10 4 21 4 39 60 4 38 4 60 4 0 5 4 37 4 34 4 9 47 4 5 4 9 54 4 60 4 32 35 4 108 28 4 43 4 32 4 1 27 4 60 4 70 49 4 57 4 0 49 4 28 4 32 29 4 40 4 74 36 4 28 4 98 60 4 5 4 23 35 4 20 4 53 47 4 5 4 58 5 4 12 4 51 4 75 34 4 24 4 83 11 4 38 4 27 4 0 23 4 30 4 40 4 37 25 4 5 4 19 4 12 4 119 47 4 5 4 29 4 26 4 53 27 4 39 4 29 4 38 16 4 48 4 0 7 4 35 4 52 4 36 54 4 45 4 50 4 0 19 4 7 4 25 4 13 14 4 54 4 18 4 31 20 16 60 16 50 60 4 49 60 16 45 16 78 60 4 35 4 19 32 4 28 4 17 4 63 28 4 14 4 10 4 40 4 61 21 4 35 4 65 5 4 37 4 60 4 15 4 87 16 4 12 4 15 4 81 60 4 6 4 16 4 14 18 4 5 4 32 4 119 44 4 5 4 5 4 101 60 4 55 4 41 4 31 4 55 7 4 19 4 32 4 51 4 111 39 4 28 4 14 4 12 58 4 21 4 45 4 15 59 4 48 4 26 4 
iteration 250 best: 1.36105 leader: 1.36105 time: 127118
115 24 4 40 4 32 4 0 60 4 53 4 105 28 4 15 4 5 4 47 29 4 34 4 52 4 3 26 4 8 4 60 4 23 16 4 28 4 55 4 16 4 69 44 4 22 4 21 4 102 39 4 44 4 46 39 4 42 4 1 20 4 24 4 32 4 44 4 39 31 4 34 4 72 31 4 51 4 115 26 4 17 4 25 4 59 4 39 4 42 49 4 10 4 7 4 21 4 103 5 4 60 4 116 59 4 24 4 25 4 28 4 33 60 4 27 4 41 4 119 53 4 5 4 15 5 4 60 4 61 46 20 0 60 4 35 4 9 4 91 20 20 45 18 4 60 4 16 4 59 54 4 11 4 46 4 5 4 75 32 4 41 4 13 5 4 31 4 5 4 49 10 4 21 4 39 60 4 38 4 60 4 0 5 4 37 4 34 4 9 47 4 5 4 9 54 4 60 4 32 35 4 108 28 4 43 4 32 4 1 27 4 60 4 70 49 4 57 4 0 49 4 28 4 32 29 4 40 4 74 36 4 28 4 98 60 4 5 4 23 35 4 20 4 53 47 4 5 4 58 5 4 12 4 51 4 75 34 4 24 4 83 11 4 38 4 27 4 0 23 4 30 4 40 4 37 25 4 5 4 19 4 12 4 119 47 4 5 4 29 4 26 4 53 27 4 39 4 29 4 38 16 4 48 4 0 7 4 35 4 52 4 36 54 4 45 4 50 4 0 19 4 7 4 25 4 13 14 4 54 4 18 4 31 20 16 60 16 50 60 4 49 60 16 45 16 78 60 4 35 4 19 32 4 28 4 17 4 63 28 4 14 4 10 4 40 4 61 21 4 35 4 65 5 4 37 4 60 4 15 4 87 16 4 12 4 15 4 81 60 4 6 4 16 4 14 18 4 5 4 32 4 119 44 4 5 4 5 4 101 60 4 55 4 41 4 31 4 55 7 4 19 4 32 4 51 4 111 39 4 28 4 14 4 12 58 4 21 4 45 4 15 59 4 48 4 26 4 
iteration 265 best: 1.36105 leader: 1.36105 time: 134699
115 24 4 40 4 32 4 0 60 4 53 4 105 28 4 15 4 5 4 47 29 4 34 4 52 4 3 26 4 8 4 60 4 23 16 4 28 4 55 4 16 4 69 44 4 22 4 21 4 102 39 4 44 4 46 39 4 42 4 1 20 4 24 4 32 4 44 4 39 31 4 34 4 72 31 4 51 4 115 26 4 17 4 25 4 59 4 39 4 42 49 4 10 4 7 4 21 4 103 5 4 60 4 116 59 4 24 4 25 4 28 4 33 60 4 27 4 41 4 119 53 4 5 4 15 5 4 60 4 61 46 20 0 60 4 35 4 9 4 91 20 20 45 18 4 60 4 16 4 59 54 4 11 4 46 4 5 4 75 32 4 41 4 13 5 4 31 4 5 4 49 10 4 21 4 39 60 4 38 4 60 4 0 5 4 37 4 34 4 9 47 4 5 4 9 54 4 60 4 32 35 4 108 28 4 43 4 32 4 1 27 4 60 4 70 49 4 57 4 0 49 4 28 4 32 29 4 40 4 74 36 4 28 4 98 60 4 5 4 23 35 4 20 4 53 47 4 5 4 58 5 4 12 4 51 4 75 34 4 24 4 83 11 4 38 4 27 4 0 23 4 30 4 40 4 37 25 4 5 4 19 4 12 4 119 47 4 5 4 29 4 26 4 53 27 4 39 4 29 4 38 16 4 48 4 0 7 4 35 4 52 4 36 54 4 45 4 50 4 0 19 4 7 4 25 4 13 14 4 54 4 18 4 31 20 16 60 16 50 60 4 49 60 16 45 16 78 60 4 35 4 19 32 4 28 4 17 4 63 28 4 14 4 10 4 40 4 61 21 4 35 4 65 5 4 37 4 60 4 15 4 87 16 4 12 4 15 4 81 60 4 6 4 16 4 14 18 4 5 4 32 4 119 44 4 5 4 5 4 101 60 4 55 4 41 4 31 4 55 7 4 19 4 32 4 51 4 111 39 4 28 4 14 4 12 58 4 21 4 45 4 15 59 4 48 4 26 4 
iteration 280 best: 1.36105 leader: 1.36105 time: 142288
115 24 4 40 4 32 4 0 60 4 53 4 105 28 4 15 4 5 4 47 29 4 34 4 52 4 3 26 4 8 4 60 4 23 16 4 28 4 55 4 16 4 69 44 4 22 4 21 4 102 39 4 44 4 46 39 4 42 4 1 20 4 24 4 32 4 44 4 39 31 4 34 4 72 31 4 51 4 115 26 4 17 4 25 4 59 4 39 4 42 49 4 10 4 7 4 21 4 103 5 4 60 4 116 59 4 24 4 25 4 28 4 33 60 4 27 4 41 4 119 53 4 5 4 15 5 4 60 4 61 46 20 0 60 4 35 4 9 4 91 20 20 45 18 4 60 4 16 4 59 54 4 11 4 46 4 5 4 75 32 4 41 4 13 5 4 31 4 5 4 49 10 4 21 4 39 60 4 38 4 60 4 0 5 4 37 4 34 4 9 47 4 5 4 9 54 4 60 4 32 35 4 108 28 4 43 4 32 4 1 27 4 60 4 70 49 4 57 4 0 49 4 28 4 32 29 4 40 4 74 36 4 28 4 98 60 4 5 4 23 35 4 20 4 53 47 4 5 4 58 5 4 12 4 51 4 75 34 4 24 4 83 11 4 38 4 27 4 0 23 4 30 4 40 4 37 25 4 5 4 19 4 12 4 119 47 4 5 4 29 4 26 4 53 27 4 39 4 29 4 38 16 4 48 4 0 7 4 35 4 52 4 36 54 4 45 4 50 4 0 19 4 7 4 25 4 13 14 4 54 4 18 4 31 20 16 60 16 50 60 4 49 60 16 45 16 78 60 4 35 4 19 32 4 28 4 17 4 63 28 4 14 4 10 4 40 4 61 21 4 35 4 65 5 4 37 4 60 4 15 4 87 16 4 12 4 15 4 81 60 4 6 4 16 4 14 18 4 5 4 32 4 119 44 4 5 4 5 4 101 60 4 55 4 41 4 31 4 55 7 4 19 4 32 4 51 4 111 39 4 28 4 14 4 12 58 4 21 4 45 4 15 59 4 48 4 26 4 
iteration 295 best: 1.36105 leader: 1.36105 time: 149834
115 24 4 40 4 32 4 0 60 4 53 4 105 28 4 15 4 5 4 47 29 4 34 4 52 4 3 26 4 8 4 60 4 23 16 4 28 4 55 4 16 4 69 44 4 22 4 21 4 102 39 4 44 4 46 39 4 42 4 1 20 4 24 4 32 4 44 4 39 31 4 34 4 72 31 4 51 4 115 26 4 17 4 25 4 59 4 39 4 42 49 4 10 4 7 4 21 4 103 5 4 60 4 116 59 4 24 4 25 4 28 4 33 60 4 27 4 41 4 119 53 4 5 4 15 5 4 60 4 61 46 20 0 60 4 35 4 9 4 91 20 20 45 18 4 60 4 16 4 59 54 4 11 4 46 4 5 4 75 32 4 41 4 13 5 4 31 4 5 4 49 10 4 21 4 39 60 4 38 4 60 4 0 5 4 37 4 34 4 9 47 4 5 4 9 54 4 60 4 32 35 4 108 28 4 43 4 32 4 1 27 4 60 4 70 49 4 57 4 0 49 4 28 4 32 29 4 40 4 74 36 4 28 4 98 60 4 5 4 23 35 4 20 4 53 47 4 5 4 58 5 4 12 4 51 4 75 34 4 24 4 83 11 4 38 4 27 4 0 23 4 30 4 40 4 37 25 4 5 4 19 4 12 4 119 47 4 5 4 29 4 26 4 53 27 4 39 4 29 4 38 16 4 48 4 0 7 4 35 4 52 4 36 54 4 45 4 50 4 0 19 4 7 4 25 4 13 14 4 54 4 18 4 31 20 16 60 16 50 60 4 49 60 16 45 16 78 60 4 35 4 19 32 4 28 4 17 4 63 28 4 14 4 10 4 40 4 61 21 4 35 4 65 5 4 37 4 60 4 15 4 87 16 4 12 4 15 4 81 60 4 6 4 16 4 14 18 4 5 4 32 4 119 44 4 5 4 5 4 101 60 4 55 4 41 4 31 4 55 7 4 19 4 32 4 51 4 111 39 4 28 4 14 4 12 58 4 21 4 45 4 15 59 4 48 4 26 4 
iteration 310 best: 1.36105 leader: 1.36105 time: 157406
115 24 4 40 4 32 4 0 60 4 53 4 105 28 4 15 4 5 4 47 29 4 34 4 52 4 3 26 4 8 4 60 4 23 16 4 28 4 55 4 16 4 69 44 4 22 4 21 4 102 39 4 44 4 46 39 4 42 4 1 20 4 24 4 32 4 44 4 39 31 4 34 4 72 31 4 51 4 115 26 4 17 4 25 4 59 4 39 4 42 49 4 10 4 7 4 21 4 103 5 4 60 4 116 59 4 24 4 25 4 28 4 33 60 4 27 4 41 4 119 53 4 5 4 15 5 4 60 4 61 46 20 0 60 4 35 4 9 4 91 20 20 45 18 4 60 4 16 4 59 54 4 11 4 46 4 5 4 75 32 4 41 4 13 5 4 31 4 5 4 49 10 4 21 4 39 60 4 38 4 60 4 0 5 4 37 4 34 4 9 47 4 5 4 9 54 4 60 4 32 35 4 108 28 4 43 4 32 4 1 27 4 60 4 70 49 4 57 4 0 49 4 28 4 32 29 4 40 4 74 36 4 28 4 98 60 4 5 4 23 35 4 20 4 53 47 4 5 4 58 5 4 12 4 51 4 75 34 4 24 4 83 11 4 38 4 27 4 0 23 4 30 4 40 4 37 25 4 5 4 19 4 12 4 119 47 4 5 4 29 4 26 4 53 27 4 39 4 29 4 38 16 4 48 4 0 7 4 35 4 52 4 36 54 4 45 4 50 4 0 19 4 7 4 25 4 13 14 4 54 4 18 4 31 20 16 60 16 50 60 4 49 60 16 45 16 78 60 4 35 4 19 32 4 28 4 17 4 63 28 4 14 4 10 4 40 4 61 21 4 35 4 65 5 4 37 4 60 4 15 4 87 16 4 12 4 15 4 81 60 4 6 4 16 4 14 18 4 5 4 32 4 119 44 4 5 4 5 4 101 60 4 55 4 41 4 31 4 55 7 4 19 4 32 4 51 4 111 39 4 28 4 14 4 12 58 4 21 4 45 4 15 59 4 48 4 26 4 
iteration 324 best: 1.36105 leader: 1.36105 time: 164803
115 24 4 40 4 32 4 0 60 4 53 4 105 28 4 15 4 5 4 47 29 4 34 4 52 4 3 26 4 8 4 60 4 23 16 4 28 4 55 4 16 4 69 44 4 22 4 21 4 102 39 4 44 4 46 39 4 42 4 1 20 4 24 4 32 4 44 4 39 31 4 34 4 72 31 4 51 4 115 26 4 17 4 25 4 59 4 39 4 42 49 4 10 4 7 4 21 4 103 5 4 60 4 116 59 4 24 4 25 4 28 4 33 60 4 27 4 41 4 119 53 4 5 4 15 5 4 60 4 61 46 20 0 60 4 35 4 9 4 91 20 20 45 18 4 60 4 16 4 59 54 4 11 4 46 4 5 4 75 32 4 41 4 13 5 4 31 4 5 4 49 10 4 21 4 39 60 4 38 4 60 4 0 5 4 37 4 34 4 9 47 4 5 4 9 54 4 60 4 32 35 4 108 28 4 43 4 32 4 1 27 4 60 4 70 49 4 57 4 0 49 4 28 4 32 29 4 40 4 74 36 4 28 4 98 60 4 5 4 23 35 4 20 4 53 47 4 5 4 58 5 4 12 4 51 4 75 34 4 24 4 83 11 4 38 4 27 4 0 23 4 30 4 40 4 37 25 4 5 4 19 4 12 4 119 47 4 5 4 29 4 26 4 53 27 4 39 4 29 4 38 16 4 48 4 0 7 4 35 4 52 4 36 54 4 45 4 50 4 0 19 4 7 4 25 4 13 14 4 54 4 18 4 31 20 16 60 16 50 60 4 49 60 16 45 16 78 60 4 35 4 19 32 4 28 4 17 4 63 28 4 14 4 10 4 40 4 61 21 4 35 4 65 5 4 37 4 60 4 15 4 87 16 4 12 4 15 4 81 60 4 6 4 16 4 14 18 4 5 4 32 4 119 44 4 5 4 5 4 101 60 4 55 4 41 4 31 4 55 7 4 19 4 32 4 51 4 111 39 4 28 4 14 4 12 58 4 21 4 45 4 15 59 4 48 4 26 4 
iteration 339 best: 1.36105 leader: 1.36105 time: 172403
115 24 4 40 4 32 4 0 60 4 53 4 105 28 4 15 4 5 4 47 29 4 34 4 52 4 3 26 4 8 4 60 4 23 16 4 28 4 55 4 16 4 69 44 4 22 4 21 4 102 39 4 44 4 46 39 4 42 4 1 20 4 24 4 32 4 44 4 39 31 4 34 4 72 31 4 51 4 115 26 4 17 4 25 4 59 4 39 4 42 49 4 10 4 7 4 21 4 103 5 4 60 4 116 59 4 24 4 25 4 28 4 33 60 4 27 4 41 4 119 53 4 5 4 15 5 4 60 4 61 46 20 0 60 4 35 4 9 4 91 20 20 45 18 4 60 4 16 4 59 54 4 11 4 46 4 5 4 75 32 4 41 4 13 5 4 31 4 5 4 49 10 4 21 4 39 60 4 38 4 60 4 0 5 4 37 4 34 4 9 47 4 5 4 9 54 4 60 4 32 35 4 108 28 4 43 4 32 4 1 27 4 60 4 70 49 4 57 4 0 49 4 28 4 32 29 4 40 4 74 36 4 28 4 98 60 4 5 4 23 35 4 20 4 53 47 4 5 4 58 5 4 12 4 51 4 75 34 4 24 4 83 11 4 38 4 27 4 0 23 4 30 4 40 4 37 25 4 5 4 19 4 12 4 119 47 4 5 4 29 4 26 4 53 27 4 39 4 29 4 38 16 4 48 4 0 7 4 35 4 52 4 36 54 4 45 4 50 4 0 19 4 7 4 25 4 13 14 4 54 4 18 4 31 20 16 60 16 50 60 4 49 60 16 45 16 78 60 4 35 4 19 32 4 28 4 17 4 63 28 4 14 4 10 4 40 4 61 21 4 35 4 65 5 4 37 4 60 4 15 4 87 16 4 12 4 15 4 81 60 4 6 4 16 4 14 18 4 5 4 32 4 119 44 4 5 4 5 4 101 60 4 55 4 41 4 31 4 55 7 4 19 4 32 4 51 4 111 39 4 28 4 14 4 12 58 4 21 4 45 4 15 59 4 48 4 26 4 
iteration 354 best: 1.36105 leader: 1.36105 time: 179974
115 24 4 40 4 32 4 0 60 4 53 4 105 28 4 15 4 5 4 47 29 4 34 4 52 4 3 26 4 8 4 60 4 23 16 4 28 4 55 4 16 4 69 44 4 22 4 21 4 102 39 4 44 4 46 39 4 42 4 1 20 4 24 4 32 4 44 4 39 31 4 34 4 72 31 4 51 4 115 26 4 17 4 25 4 59 4 39 4 42 49 4 10 4 7 4 21 4 103 5 4 60 4 116 59 4 24 4 25 4 28 4 33 60 4 27 4 41 4 119 53 4 5 4 15 5 4 60 4 61 46 20 0 60 4 35 4 9 4 91 20 20 45 18 4 60 4 16 4 59 54 4 11 4 46 4 5 4 75 32 4 41 4 13 5 4 31 4 5 4 49 10 4 21 4 39 60 4 38 4 60 4 0 5 4 37 4 34 4 9 47 4 5 4 9 54 4 60 4 32 35 4 108 28 4 43 4 32 4 1 27 4 60 4 70 49 4 57 4 0 49 4 28 4 32 29 4 40 4 74 36 4 28 4 98 60 4 5 4 23 35 4 20 4 53 47 4 5 4 58 5 4 12 4 51 4 75 34 4 24 4 83 11 4 38 4 27 4 0 23 4 30 4 40 4 37 25 4 5 4 19 4 12 4 119 47 4 5 4 29 4 26 4 53 27 4 39 4 29 4 38 16 4 48 4 0 7 4 35 4 52 4 36 54 4 45 4 50 4 0 19 4 7 4 25 4 13 14 4 54 4 18 4 31 20 16 60 16 50 60 4 49 60 16 45 16 78 60 4 35 4 19 32 4 28 4 17 4 63 28 4 14 4 10 4 40 4 61 21 4 35 4 65 5 4 37 4 60 4 15 4 87 16 4 12 4 15 4 81 60 4 6 4 16 4 14 18 4 5 4 32 4 119 44 4 5 4 5 4 101 60 4 55 4 41 4 31 4 55 7 4 19 4 32 4 51 4 111 39 4 28 4 14 4 12 58 4 21 4 45 4 15 59 4 48 4 26 4 
iteration 369 best: 1.36105 leader: 1.36105 time: 187633
115 24 4 40 4 32 4 0 60 4 53 4 105 28 4 15 4 5 4 47 29 4 34 4 52 4 3 26 4 8 4 60 4 23 16 4 28 4 55 4 16 4 69 44 4 22 4 21 4 102 39 4 44 4 46 39 4 42 4 1 20 4 24 4 32 4 44 4 39 31 4 34 4 72 31 4 51 4 115 26 4 17 4 25 4 59 4 39 4 42 49 4 10 4 7 4 21 4 103 5 4 60 4 116 59 4 24 4 25 4 28 4 33 60 4 27 4 41 4 119 53 4 5 4 15 5 4 60 4 61 46 20 0 60 4 35 4 9 4 91 20 20 45 18 4 60 4 16 4 59 54 4 11 4 46 4 5 4 75 32 4 41 4 13 5 4 31 4 5 4 49 10 4 21 4 39 60 4 38 4 60 4 0 5 4 37 4 34 4 9 47 4 5 4 9 54 4 60 4 32 35 4 108 28 4 43 4 32 4 1 27 4 60 4 70 49 4 57 4 0 49 4 28 4 32 29 4 40 4 74 36 4 28 4 98 60 4 5 4 23 35 4 20 4 53 47 4 5 4 58 5 4 12 4 51 4 75 34 4 24 4 83 11 4 38 4 27 4 0 23 4 30 4 40 4 37 25 4 5 4 19 4 12 4 119 47 4 5 4 29 4 26 4 53 27 4 39 4 29 4 38 16 4 48 4 0 7 4 35 4 52 4 36 54 4 45 4 50 4 0 19 4 7 4 25 4 13 14 4 54 4 18 4 31 20 16 60 16 50 60 4 49 60 16 45 16 78 60 4 35 4 19 32 4 28 4 17 4 63 28 4 14 4 10 4 40 4 61 21 4 35 4 65 5 4 37 4 60 4 15 4 87 16 4 12 4 15 4 81 60 4 6 4 16 4 14 18 4 5 4 32 4 119 44 4 5 4 5 4 101 60 4 55 4 41 4 31 4 55 7 4 19 4 32 4 51 4 111 39 4 28 4 14 4 12 58 4 21 4 45 4 15 59 4 48 4 26 4 
iteration 384 best: 1.36105 leader: 1.36105 time: 195186
115 24 4 40 4 32 4 0 60 4 53 4 105 28 4 15 4 5 4 47 29 4 34 4 52 4 3 26 4 8 4 60 4 23 16 4 28 4 55 4 16 4 69 44 4 22 4 21 4 102 39 4 44 4 46 39 4 42 4 1 20 4 24 4 32 4 44 4 39 31 4 34 4 72 31 4 51 4 115 26 4 17 4 25 4 59 4 39 4 42 49 4 10 4 7 4 21 4 103 5 4 60 4 116 59 4 24 4 25 4 28 4 33 60 4 27 4 41 4 119 53 4 5 4 15 5 4 60 4 61 46 20 0 60 4 35 4 9 4 91 20 20 45 18 4 60 4 16 4 59 54 4 11 4 46 4 5 4 75 32 4 41 4 13 5 4 31 4 5 4 49 10 4 21 4 39 60 4 38 4 60 4 0 5 4 37 4 34 4 9 47 4 5 4 9 54 4 60 4 32 35 4 108 28 4 43 4 32 4 1 27 4 60 4 70 49 4 57 4 0 49 4 28 4 32 29 4 40 4 74 36 4 28 4 98 60 4 5 4 23 35 4 20 4 53 47 4 5 4 58 5 4 12 4 51 4 75 34 4 24 4 83 11 4 38 4 27 4 0 23 4 30 4 40 4 37 25 4 5 4 19 4 12 4 119 47 4 5 4 29 4 26 4 53 27 4 39 4 29 4 38 16 4 48 4 0 7 4 35 4 52 4 36 54 4 45 4 50 4 0 19 4 7 4 25 4 13 14 4 54 4 18 4 31 20 16 60 16 50 60 4 49 60 16 45 16 78 60 4 35 4 19 32 4 28 4 17 4 63 28 4 14 4 10 4 40 4 61 21 4 35 4 65 5 4 37 4 60 4 15 4 87 16 4 12 4 15 4 81 60 4 6 4 16 4 14 18 4 5 4 32 4 119 44 4 5 4 5 4 101 60 4 55 4 41 4 31 4 55 7 4 19 4 32 4 51 4 111 39 4 28 4 14 4 12 58 4 21 4 45 4 15 59 4 48 4 26 4 
iteration 399 best: 1.36105 leader: 1.36105 time: 202760
115 24 4 40 4 32 4 0 60 4 53 4 105 28 4 15 4 5 4 47 29 4 34 4 52 4 3 26 4 8 4 60 4 23 16 4 28 4 55 4 16 4 69 44 4 22 4 21 4 102 39 4 44 4 46 39 4 42 4 1 20 4 24 4 32 4 44 4 39 31 4 34 4 72 31 4 51 4 115 26 4 17 4 25 4 59 4 39 4 42 49 4 10 4 7 4 21 4 103 5 4 60 4 116 59 4 24 4 25 4 28 4 33 60 4 27 4 41 4 119 53 4 5 4 15 5 4 60 4 61 46 20 0 60 4 35 4 9 4 91 20 20 45 18 4 60 4 16 4 59 54 4 11 4 46 4 5 4 75 32 4 41 4 13 5 4 31 4 5 4 49 10 4 21 4 39 60 4 38 4 60 4 0 5 4 37 4 34 4 9 47 4 5 4 9 54 4 60 4 32 35 4 108 28 4 43 4 32 4 1 27 4 60 4 70 49 4 57 4 0 49 4 28 4 32 29 4 40 4 74 36 4 28 4 98 60 4 5 4 23 35 4 20 4 53 47 4 5 4 58 5 4 12 4 51 4 75 34 4 24 4 83 11 4 38 4 27 4 0 23 4 30 4 40 4 37 25 4 5 4 19 4 12 4 119 47 4 5 4 29 4 26 4 53 27 4 39 4 29 4 38 16 4 48 4 0 7 4 35 4 52 4 36 54 4 45 4 50 4 0 19 4 7 4 25 4 13 14 4 54 4 18 4 31 20 16 60 16 50 60 4 49 60 16 45 16 78 60 4 35 4 19 32 4 28 4 17 4 63 28 4 14 4 10 4 40 4 61 21 4 35 4 65 5 4 37 4 60 4 15 4 87 16 4 12 4 15 4 81 60 4 6 4 16 4 14 18 4 5 4 32 4 119 44 4 5 4 5 4 101 60 4 55 4 41 4 31 4 55 7 4 19 4 32 4 51 4 111 39 4 28 4 14 4 12 58 4 21 4 45 4 15 59 4 48 4 26 4 
iteration 414 best: 1.36105 leader: 1.36105 time: 210329
115 24 4 40 4 32 4 0 60 4 53 4 105 28 4 15 4 5 4 47 29 4 34 4 52 4 3 26 4 8 4 60 4 23 16 4 28 4 55 4 16 4 69 44 4 22 4 21 4 102 39 4 44 4 46 39 4 42 4 1 20 4 24 4 32 4 44 4 39 31 4 34 4 72 31 4 51 4 115 26 4 17 4 25 4 59 4 39 4 42 49 4 10 4 7 4 21 4 103 5 4 60 4 116 59 4 24 4 25 4 28 4 33 60 4 27 4 41 4 119 53 4 5 4 15 5 4 60 4 61 46 20 0 60 4 35 4 9 4 91 20 20 45 18 4 60 4 16 4 59 54 4 11 4 46 4 5 4 75 32 4 41 4 13 5 4 31 4 5 4 49 10 4 21 4 39 60 4 38 4 60 4 0 5 4 37 4 34 4 9 47 4 5 4 9 54 4 60 4 32 35 4 108 28 4 43 4 32 4 1 27 4 60 4 70 49 4 57 4 0 49 4 28 4 32 29 4 40 4 74 36 4 28 4 98 60 4 5 4 23 35 4 20 4 53 47 4 5 4 58 5 4 12 4 51 4 75 34 4 24 4 83 11 4 38 4 27 4 0 23 4 30 4 40 4 37 25 4 5 4 19 4 12 4 119 47 4 5 4 29 4 26 4 53 27 4 39 4 29 4 38 16 4 48 4 0 7 4 35 4 52 4 36 54 4 45 4 50 4 0 19 4 7 4 25 4 13 14 4 54 4 18 4 31 20 16 60 16 50 60 4 49 60 16 45 16 78 60 4 35 4 19 32 4 28 4 17 4 63 28 4 14 4 10 4 40 4 61 21 4 35 4 65 5 4 37 4 60 4 15 4 87 16 4 12 4 15 4 81 60 4 6 4 16 4 14 18 4 5 4 32 4 119 44 4 5 4 5 4 101 60 4 55 4 41 4 31 4 55 7 4 19 4 32 4 51 4 111 39 4 28 4 14 4 12 58 4 21 4 45 4 15 59 4 48 4 26 4 
iteration 429 best: 1.36105 leader: 1.36105 time: 217916
115 24 4 40 4 32 4 0 60 4 53 4 105 28 4 15 4 5 4 47 29 4 34 4 52 4 3 26 4 8 4 60 4 23 16 4 28 4 55 4 16 4 69 44 4 22 4 21 4 102 39 4 44 4 46 39 4 42 4 1 20 4 24 4 32 4 44 4 39 31 4 34 4 72 31 4 51 4 115 26 4 17 4 25 4 59 4 39 4 42 49 4 10 4 7 4 21 4 103 5 4 60 4 116 59 4 24 4 25 4 28 4 33 60 4 27 4 41 4 119 53 4 5 4 15 5 4 60 4 61 46 20 0 60 4 35 4 9 4 91 20 20 45 18 4 60 4 16 4 59 54 4 11 4 46 4 5 4 75 32 4 41 4 13 5 4 31 4 5 4 49 10 4 21 4 39 60 4 38 4 60 4 0 5 4 37 4 34 4 9 47 4 5 4 9 54 4 60 4 32 35 4 108 28 4 43 4 32 4 1 27 4 60 4 70 49 4 57 4 0 49 4 28 4 32 29 4 40 4 74 36 4 28 4 98 60 4 5 4 23 35 4 20 4 53 47 4 5 4 58 5 4 12 4 51 4 75 34 4 24 4 83 11 4 38 4 27 4 0 23 4 30 4 40 4 37 25 4 5 4 19 4 12 4 119 47 4 5 4 29 4 26 4 53 27 4 39 4 29 4 38 16 4 48 4 0 7 4 35 4 52 4 36 54 4 45 4 50 4 0 19 4 7 4 25 4 13 14 4 54 4 18 4 31 20 16 60 16 50 60 4 49 60 16 45 16 78 60 4 35 4 19 32 4 28 4 17 4 63 28 4 14 4 10 4 40 4 61 21 4 35 4 65 5 4 37 4 60 4 15 4 87 16 4 12 4 15 4 81 60 4 6 4 16 4 14 18 4 5 4 32 4 119 44 4 5 4 5 4 101 60 4 55 4 41 4 31 4 55 7 4 19 4 32 4 51 4 111 39 4 28 4 14 4 12 58 4 21 4 45 4 15 59 4 48 4 26 4 
iteration 444 best: 1.36105 leader: 1.36105 time: 225500
115 24 4 40 4 32 4 0 60 4 53 4 105 28 4 15 4 5 4 47 29 4 34 4 52 4 3 26 4 8 4 60 4 23 16 4 28 4 55 4 16 4 69 44 4 22 4 21 4 102 39 4 44 4 46 39 4 42 4 1 20 4 24 4 32 4 44 4 39 31 4 34 4 72 31 4 51 4 115 26 4 17 4 25 4 59 4 39 4 42 49 4 10 4 7 4 21 4 103 5 4 60 4 116 59 4 24 4 25 4 28 4 33 60 4 27 4 41 4 119 53 4 5 4 15 5 4 60 4 61 46 20 0 60 4 35 4 9 4 91 20 20 45 18 4 60 4 16 4 59 54 4 11 4 46 4 5 4 75 32 4 41 4 13 5 4 31 4 5 4 49 10 4 21 4 39 60 4 38 4 60 4 0 5 4 37 4 34 4 9 47 4 5 4 9 54 4 60 4 32 35 4 108 28 4 43 4 32 4 1 27 4 60 4 70 49 4 57 4 0 49 4 28 4 32 29 4 40 4 74 36 4 28 4 98 60 4 5 4 23 35 4 20 4 53 47 4 5 4 58 5 4 12 4 51 4 75 34 4 24 4 83 11 4 38 4 27 4 0 23 4 30 4 40 4 37 25 4 5 4 19 4 12 4 119 47 4 5 4 29 4 26 4 53 27 4 39 4 29 4 38 16 4 48 4 0 7 4 35 4 52 4 36 54 4 45 4 50 4 0 19 4 7 4 25 4 13 14 4 54 4 18 4 31 20 16 60 16 50 60 4 49 60 16 45 16 78 60 4 35 4 19 32 4 28 4 17 4 63 28 4 14 4 10 4 40 4 61 21 4 35 4 65 5 4 37 4 60 4 15 4 87 16 4 12 4 15 4 81 60 4 6 4 16 4 14 18 4 5 4 32 4 119 44 4 5 4 5 4 101 60 4 55 4 41 4 31 4 55 7 4 19 4 32 4 51 4 111 39 4 28 4 14 4 12 58 4 21 4 45 4 15 59 4 48 4 26 4 
iteration 459 best: 1.36105 leader: 1.36105 time: 233087
115 24 4 40 4 32 4 0 60 4 53 4 105 28 4 15 4 5 4 47 29 4 34 4 52 4 3 26 4 8 4 60 4 23 16 4 28 4 55 4 16 4 69 44 4 22 4 21 4 102 39 4 44 4 46 39 4 42 4 1 20 4 24 4 32 4 44 4 39 31 4 34 4 72 31 4 51 4 115 26 4 17 4 25 4 59 4 39 4 42 49 4 10 4 7 4 21 4 103 5 4 60 4 116 59 4 24 4 25 4 28 4 33 60 4 27 4 41 4 119 53 4 5 4 15 5 4 60 4 61 46 20 0 60 4 35 4 9 4 91 20 20 45 18 4 60 4 16 4 59 54 4 11 4 46 4 5 4 75 32 4 41 4 13 5 4 31 4 5 4 49 10 4 21 4 39 60 4 38 4 60 4 0 5 4 37 4 34 4 9 47 4 5 4 9 54 4 60 4 32 35 4 108 28 4 43 4 32 4 1 27 4 60 4 70 49 4 57 4 0 49 4 28 4 32 29 4 40 4 74 36 4 28 4 98 60 4 5 4 23 35 4 20 4 53 47 4 5 4 58 5 4 12 4 51 4 75 34 4 24 4 83 11 4 38 4 27 4 0 23 4 30 4 40 4 37 25 4 5 4 19 4 12 4 119 47 4 5 4 29 4 26 4 53 27 4 39 4 29 4 38 16 4 48 4 0 7 4 35 4 52 4 36 54 4 45 4 50 4 0 19 4 7 4 25 4 13 14 4 54 4 18 4 31 20 16 60 16 50 60 4 49 60 16 45 16 78 60 4 35 4 19 32 4 28 4 17 4 63 28 4 14 4 10 4 40 4 61 21 4 35 4 65 5 4 37 4 60 4 15 4 87 16 4 12 4 15 4 81 60 4 6 4 16 4 14 18 4 5 4 32 4 119 44 4 5 4 5 4 101 60 4 55 4 41 4 31 4 55 7 4 19 4 32 4 51 4 111 39 4 28 4 14 4 12 58 4 21 4 45 4 15 59 4 48 4 26 4 
iteration 474 best: 1.36105 leader: 1.36105 time: 240654
115 24 4 40 4 32 4 0 60 4 53 4 105 28 4 15 4 5 4 47 29 4 34 4 52 4 3 26 4 8 4 60 4 23 16 4 28 4 55 4 16 4 69 44 4 22 4 21 4 102 39 4 44 4 46 39 4 42 4 1 20 4 24 4 32 4 44 4 39 31 4 34 4 72 31 4 51 4 115 26 4 17 4 25 4 59 4 39 4 42 49 4 10 4 7 4 21 4 103 5 4 60 4 116 59 4 24 4 25 4 28 4 33 60 4 27 4 41 4 119 53 4 5 4 15 5 4 60 4 61 46 20 0 60 4 35 4 9 4 91 20 20 45 18 4 60 4 16 4 59 54 4 11 4 46 4 5 4 75 32 4 41 4 13 5 4 31 4 5 4 49 10 4 21 4 39 60 4 38 4 60 4 0 5 4 37 4 34 4 9 47 4 5 4 9 54 4 60 4 32 35 4 108 28 4 43 4 32 4 1 27 4 60 4 70 49 4 57 4 0 49 4 28 4 32 29 4 40 4 74 36 4 28 4 98 60 4 5 4 23 35 4 20 4 53 47 4 5 4 58 5 4 12 4 51 4 75 34 4 24 4 83 11 4 38 4 27 4 0 23 4 30 4 40 4 37 25 4 5 4 19 4 12 4 119 47 4 5 4 29 4 26 4 53 27 4 39 4 29 4 38 16 4 48 4 0 7 4 35 4 52 4 36 54 4 45 4 50 4 0 19 4 7 4 25 4 13 14 4 54 4 18 4 31 20 16 60 16 50 60 4 49 60 16 45 16 78 60 4 35 4 19 32 4 28 4 17 4 63 28 4 14 4 10 4 40 4 61 21 4 35 4 65 5 4 37 4 60 4 15 4 87 16 4 12 4 15 4 81 60 4 6 4 16 4 14 18 4 5 4 32 4 119 44 4 5 4 5 4 101 60 4 55 4 41 4 31 4 55 7 4 19 4 32 4 51 4 111 39 4 28 4 14 4 12 58 4 21 4 45 4 15 59 4 48 4 26 4 
iteration 489 best: 1.36105 leader: 1.36105 time: 248232
115 24 4 40 4 32 4 0 60 4 53 4 105 28 4 15 4 5 4 47 29 4 34 4 52 4 3 26 4 8 4 60 4 23 16 4 28 4 55 4 16 4 69 44 4 22 4 21 4 102 39 4 44 4 46 39 4 42 4 1 20 4 24 4 32 4 44 4 39 31 4 34 4 72 31 4 51 4 115 26 4 17 4 25 4 59 4 39 4 42 49 4 10 4 7 4 21 4 103 5 4 60 4 116 59 4 24 4 25 4 28 4 33 60 4 27 4 41 4 119 53 4 5 4 15 5 4 60 4 61 46 20 0 60 4 35 4 9 4 91 20 20 45 18 4 60 4 16 4 59 54 4 11 4 46 4 5 4 75 32 4 41 4 13 5 4 31 4 5 4 49 10 4 21 4 39 60 4 38 4 60 4 0 5 4 37 4 34 4 9 47 4 5 4 9 54 4 60 4 32 35 4 108 28 4 43 4 32 4 1 27 4 60 4 70 49 4 57 4 0 49 4 28 4 32 29 4 40 4 74 36 4 28 4 98 60 4 5 4 23 35 4 20 4 53 47 4 5 4 58 5 4 12 4 51 4 75 34 4 24 4 83 11 4 38 4 27 4 0 23 4 30 4 40 4 37 25 4 5 4 19 4 12 4 119 47 4 5 4 29 4 26 4 53 27 4 39 4 29 4 38 16 4 48 4 0 7 4 35 4 52 4 36 54 4 45 4 50 4 0 19 4 7 4 25 4 13 14 4 54 4 18 4 31 20 16 60 16 50 60 4 49 60 16 45 16 78 60 4 35 4 19 32 4 28 4 17 4 63 28 4 14 4 10 4 40 4 61 21 4 35 4 65 5 4 37 4 60 4 15 4 87 16 4 12 4 15 4 81 60 4 6 4 16 4 14 18 4 5 4 32 4 119 44 4 5 4 5 4 101 60 4 55 4 41 4 31 4 55 7 4 19 4 32 4 51 4 111 39 4 28 4 14 4 12 58 4 21 4 45 4 15 59 4 48 4 26 4 
iteration 504 best: 1.36105 leader: 1.36105 time: 255806
115 24 4 40 4 32 4 0 60 4 53 4 105 28 4 15 4 5 4 47 29 4 34 4 52 4 3 26 4 8 4 60 4 23 16 4 28 4 55 4 16 4 69 44 4 22 4 21 4 102 39 4 44 4 46 39 4 42 4 1 20 4 24 4 32 4 44 4 39 31 4 34 4 72 31 4 51 4 115 26 4 17 4 25 4 59 4 39 4 42 49 4 10 4 7 4 21 4 103 5 4 60 4 116 59 4 24 4 25 4 28 4 33 60 4 27 4 41 4 119 53 4 5 4 15 5 4 60 4 61 46 20 0 60 4 35 4 9 4 91 20 20 45 18 4 60 4 16 4 59 54 4 11 4 46 4 5 4 75 32 4 41 4 13 5 4 31 4 5 4 49 10 4 21 4 39 60 4 38 4 60 4 0 5 4 37 4 34 4 9 47 4 5 4 9 54 4 60 4 32 35 4 108 28 4 43 4 32 4 1 27 4 60 4 70 49 4 57 4 0 49 4 28 4 32 29 4 40 4 74 36 4 28 4 98 60 4 5 4 23 35 4 20 4 53 47 4 5 4 58 5 4 12 4 51 4 75 34 4 24 4 83 11 4 38 4 27 4 0 23 4 30 4 40 4 37 25 4 5 4 19 4 12 4 119 47 4 5 4 29 4 26 4 53 27 4 39 4 29 4 38 16 4 48 4 0 7 4 35 4 52 4 36 54 4 45 4 50 4 0 19 4 7 4 25 4 13 14 4 54 4 18 4 31 20 16 60 16 50 60 4 49 60 16 45 16 78 60 4 35 4 19 32 4 28 4 17 4 63 28 4 14 4 10 4 40 4 61 21 4 35 4 65 5 4 37 4 60 4 15 4 87 16 4 12 4 15 4 81 60 4 6 4 16 4 14 18 4 5 4 32 4 119 44 4 5 4 5 4 101 60 4 55 4 41 4 31 4 55 7 4 19 4 32 4 51 4 111 39 4 28 4 14 4 12 58 4 21 4 45 4 15 59 4 48 4 26 4 
iteration 519 best: 1.36105 leader: 1.36105 time: 263375
115 24 4 40 4 32 4 0 60 4 53 4 105 28 4 15 4 5 4 47 29 4 34 4 52 4 3 26 4 8 4 60 4 23 16 4 28 4 55 4 16 4 69 44 4 22 4 21 4 102 39 4 44 4 46 39 4 42 4 1 20 4 24 4 32 4 44 4 39 31 4 34 4 72 31 4 51 4 115 26 4 17 4 25 4 59 4 39 4 42 49 4 10 4 7 4 21 4 103 5 4 60 4 116 59 4 24 4 25 4 28 4 33 60 4 27 4 41 4 119 53 4 5 4 15 5 4 60 4 61 46 20 0 60 4 35 4 9 4 91 20 20 45 18 4 60 4 16 4 59 54 4 11 4 46 4 5 4 75 32 4 41 4 13 5 4 31 4 5 4 49 10 4 21 4 39 60 4 38 4 60 4 0 5 4 37 4 34 4 9 47 4 5 4 9 54 4 60 4 32 35 4 108 28 4 43 4 32 4 1 27 4 60 4 70 49 4 57 4 0 49 4 28 4 32 29 4 40 4 74 36 4 28 4 98 60 4 5 4 23 35 4 20 4 53 47 4 5 4 58 5 4 12 4 51 4 75 34 4 24 4 83 11 4 38 4 27 4 0 23 4 30 4 40 4 37 25 4 5 4 19 4 12 4 119 47 4 5 4 29 4 26 4 53 27 4 39 4 29 4 38 16 4 48 4 0 7 4 35 4 52 4 36 54 4 45 4 50 4 0 19 4 7 4 25 4 13 14 4 54 4 18 4 31 20 16 60 16 50 60 4 49 60 16 45 16 78 60 4 35 4 19 32 4 28 4 17 4 63 28 4 14 4 10 4 40 4 61 21 4 35 4 65 5 4 37 4 60 4 15 4 87 16 4 12 4 15 4 81 60 4 6 4 16 4 14 18 4 5 4 32 4 119 44 4 5 4 5 4 101 60 4 55 4 41 4 31 4 55 7 4 19 4 32 4 51 4 111 39 4 28 4 14 4 12 58 4 21 4 45 4 15 59 4 48 4 26 4 
iteration 534 best: 1.36105 leader: 1.36105 time: 270965
115 24 4 40 4 32 4 0 60 4 53 4 105 28 4 15 4 5 4 47 29 4 34 4 52 4 3 26 4 8 4 60 4 23 16 4 28 4 55 4 16 4 69 44 4 22 4 21 4 102 39 4 44 4 46 39 4 42 4 1 20 4 24 4 32 4 44 4 39 31 4 34 4 72 31 4 51 4 115 26 4 17 4 25 4 59 4 39 4 42 49 4 10 4 7 4 21 4 103 5 4 60 4 116 59 4 24 4 25 4 28 4 33 60 4 27 4 41 4 119 53 4 5 4 15 5 4 60 4 61 46 20 0 60 4 35 4 9 4 91 20 20 45 18 4 60 4 16 4 59 54 4 11 4 46 4 5 4 75 32 4 41 4 13 5 4 31 4 5 4 49 10 4 21 4 39 60 4 38 4 60 4 0 5 4 37 4 34 4 9 47 4 5 4 9 54 4 60 4 32 35 4 108 28 4 43 4 32 4 1 27 4 60 4 70 49 4 57 4 0 49 4 28 4 32 29 4 40 4 74 36 4 28 4 98 60 4 5 4 23 35 4 20 4 53 47 4 5 4 58 5 4 12 4 51 4 75 34 4 24 4 83 11 4 38 4 27 4 0 23 4 30 4 40 4 37 25 4 5 4 19 4 12 4 119 47 4 5 4 29 4 26 4 53 27 4 39 4 29 4 38 16 4 48 4 0 7 4 35 4 52 4 36 54 4 45 4 50 4 0 19 4 7 4 25 4 13 14 4 54 4 18 4 31 20 16 60 16 50 60 4 49 60 16 45 16 78 60 4 35 4 19 32 4 28 4 17 4 63 28 4 14 4 10 4 40 4 61 21 4 35 4 65 5 4 37 4 60 4 15 4 87 16 4 12 4 15 4 81 60 4 6 4 16 4 14 18 4 5 4 32 4 119 44 4 5 4 5 4 101 60 4 55 4 41 4 31 4 55 7 4 19 4 32 4 51 4 111 39 4 28 4 14 4 12 58 4 21 4 45 4 15 59 4 48 4 26 4 
iteration 541 best: 1.36105 leader: 1.36105 time: 278656
115 24 4 40 4 32 4 0 60 4 53 4 105 28 4 15 4 5 4 47 29 4 34 4 52 4 3 26 4 8 4 60 4 23 16 4 28 4 55 4 16 4 69 44 4 22 4 21 4 102 39 4 44 4 46 39 4 42 4 1 20 4 24 4 32 4 44 4 39 31 4 34 4 72 31 4 51 4 115 26 4 17 4 25 4 59 4 39 4 42 49 4 10 4 7 4 21 4 103 5 4 60 4 116 59 4 24 4 25 4 28 4 33 60 4 27 4 41 4 119 53 4 5 4 15 5 4 60 4 61 46 20 0 60 4 35 4 9 4 91 20 20 45 18 4 60 4 16 4 59 54 4 11 4 46 4 5 4 75 32 4 41 4 13 5 4 31 4 5 4 49 10 4 21 4 39 60 4 38 4 60 4 0 5 4 37 4 34 4 9 47 4 5 4 9 54 4 60 4 32 35 4 108 28 4 43 4 32 4 1 27 4 60 4 70 49 4 57 4 0 49 4 28 4 32 29 4 40 4 74 36 4 28 4 98 60 4 5 4 23 35 4 20 4 53 47 4 5 4 58 5 4 12 4 51 4 75 34 4 24 4 83 11 4 38 4 27 4 0 23 4 30 4 40 4 37 25 4 5 4 19 4 12 4 119 47 4 5 4 29 4 26 4 53 27 4 39 4 29 4 38 16 4 48 4 0 7 4 35 4 52 4 36 54 4 45 4 50 4 0 19 4 7 4 25 4 13 14 4 54 4 18 4 31 20 16 60 16 50 60 4 49 60 16 45 16 78 60 4 35 4 19 32 4 28 4 17 4 63 28 4 14 4 10 4 40 4 61 21 4 35 4 65 5 4 37 4 60 4 15 4 87 16 4 12 4 15 4 81 60 4 6 4 16 4 14 18 4 5 4 32 4 119 44 4 5 4 5 4 101 60 4 55 4 41 4 31 4 55 7 4 19 4 32 4 51 4 111 39 4 28 4 14 4 12 58 4 21 4 45 4 15 59 4 48 4 26 4 
iteration 556 best: 1.36105 leader: 1.36105 time: 286294
115 24 4 40 4 32 4 0 60 4 53 4 105 28 4 15 4 5 4 47 29 4 34 4 52 4 3 26 4 8 4 60 4 23 16 4 28 4 55 4 16 4 69 44 4 22 4 21 4 102 39 4 44 4 46 39 4 42 4 1 20 4 24 4 32 4 44 4 39 31 4 34 4 72 31 4 51 4 115 26 4 17 4 25 4 59 4 39 4 42 49 4 10 4 7 4 21 4 103 5 4 60 4 116 59 4 24 4 25 4 28 4 33 60 4 27 4 41 4 119 53 4 5 4 15 5 4 60 4 61 46 20 0 60 4 35 4 9 4 91 20 20 45 18 4 60 4 16 4 59 54 4 11 4 46 4 5 4 75 32 4 41 4 13 5 4 31 4 5 4 49 10 4 21 4 39 60 4 38 4 60 4 0 5 4 37 4 34 4 9 47 4 5 4 9 54 4 60 4 32 35 4 108 28 4 43 4 32 4 1 27 4 60 4 70 49 4 57 4 0 49 4 28 4 32 29 4 40 4 74 36 4 28 4 98 60 4 5 4 23 35 4 20 4 53 47 4 5 4 58 5 4 12 4 51 4 75 34 4 24 4 83 11 4 38 4 27 4 0 23 4 30 4 40 4 37 25 4 5 4 19 4 12 4 119 47 4 5 4 29 4 26 4 53 27 4 39 4 29 4 38 16 4 48 4 0 7 4 35 4 52 4 36 54 4 45 4 50 4 0 19 4 7 4 25 4 13 14 4 54 4 18 4 31 20 16 60 16 50 60 4 49 60 16 45 16 78 60 4 35 4 19 32 4 28 4 17 4 63 28 4 14 4 10 4 40 4 61 21 4 35 4 65 5 4 37 4 60 4 15 4 87 16 4 12 4 15 4 81 60 4 6 4 16 4 14 18 4 5 4 32 4 119 44 4 5 4 5 4 101 60 4 55 4 41 4 31 4 55 7 4 19 4 32 4 51 4 111 39 4 28 4 14 4 12 58 4 21 4 45 4 15 59 4 48 4 26 4 
iteration 571 best: 1.36105 leader: 1.36105 time: 293947
115 24 4 40 4 32 4 0 60 4 53 4 105 28 4 15 4 5 4 47 29 4 34 4 52 4 3 26 4 8 4 60 4 23 16 4 28 4 55 4 16 4 69 44 4 22 4 21 4 102 39 4 44 4 46 39 4 42 4 1 20 4 24 4 32 4 44 4 39 31 4 34 4 72 31 4 51 4 115 26 4 17 4 25 4 59 4 39 4 42 49 4 10 4 7 4 21 4 103 5 4 60 4 116 59 4 24 4 25 4 28 4 33 60 4 27 4 41 4 119 53 4 5 4 15 5 4 60 4 61 46 20 0 60 4 35 4 9 4 91 20 20 45 18 4 60 4 16 4 59 54 4 11 4 46 4 5 4 75 32 4 41 4 13 5 4 31 4 5 4 49 10 4 21 4 39 60 4 38 4 60 4 0 5 4 37 4 34 4 9 47 4 5 4 9 54 4 60 4 32 35 4 108 28 4 43 4 32 4 1 27 4 60 4 70 49 4 57 4 0 49 4 28 4 32 29 4 40 4 74 36 4 28 4 98 60 4 5 4 23 35 4 20 4 53 47 4 5 4 58 5 4 12 4 51 4 75 34 4 24 4 83 11 4 38 4 27 4 0 23 4 30 4 40 4 37 25 4 5 4 19 4 12 4 119 47 4 5 4 29 4 26 4 53 27 4 39 4 29 4 38 16 4 48 4 0 7 4 35 4 52 4 36 54 4 45 4 50 4 0 19 4 7 4 25 4 13 14 4 54 4 18 4 31 20 16 60 16 50 60 4 49 60 16 45 16 78 60 4 35 4 19 32 4 28 4 17 4 63 28 4 14 4 10 4 40 4 61 21 4 35 4 65 5 4 37 4 60 4 15 4 87 16 4 12 4 15 4 81 60 4 6 4 16 4 14 18 4 5 4 32 4 119 44 4 5 4 5 4 101 60 4 55 4 41 4 31 4 55 7 4 19 4 32 4 51 4 111 39 4 28 4 14 4 12 58 4 21 4 45 4 15 59 4 48 4 26 4 
iteration 586 best: 1.36105 leader: 1.36105 time: 301543
115 24 4 40 4 32 4 0 60 4 53 4 105 28 4 15 4 5 4 47 29 4 34 4 52 4 3 26 4 8 4 60 4 23 16 4 28 4 55 4 16 4 69 44 4 22 4 21 4 102 39 4 44 4 46 39 4 42 4 1 20 4 24 4 32 4 44 4 39 31 4 34 4 72 31 4 51 4 115 26 4 17 4 25 4 59 4 39 4 42 49 4 10 4 7 4 21 4 103 5 4 60 4 116 59 4 24 4 25 4 28 4 33 60 4 27 4 41 4 119 53 4 5 4 15 5 4 60 4 61 46 20 0 60 4 35 4 9 4 91 20 20 45 18 4 60 4 16 4 59 54 4 11 4 46 4 5 4 75 32 4 41 4 13 5 4 31 4 5 4 49 10 4 21 4 39 60 4 38 4 60 4 0 5 4 37 4 34 4 9 47 4 5 4 9 54 4 60 4 32 35 4 108 28 4 43 4 32 4 1 27 4 60 4 70 49 4 57 4 0 49 4 28 4 32 29 4 40 4 74 36 4 28 4 98 60 4 5 4 23 35 4 20 4 53 47 4 5 4 58 5 4 12 4 51 4 75 34 4 24 4 83 11 4 38 4 27 4 0 23 4 30 4 40 4 37 25 4 5 4 19 4 12 4 119 47 4 5 4 29 4 26 4 53 27 4 39 4 29 4 38 16 4 48 4 0 7 4 35 4 52 4 36 54 4 45 4 50 4 0 19 4 7 4 25 4 13 14 4 54 4 18 4 31 20 16 60 16 50 60 4 49 60 16 45 16 78 60 4 35 4 19 32 4 28 4 17 4 63 28 4 14 4 10 4 40 4 61 21 4 35 4 65 5 4 37 4 60 4 15 4 87 16 4 12 4 15 4 81 60 4 6 4 16 4 14 18 4 5 4 32 4 119 44 4 5 4 5 4 101 60 4 55 4 41 4 31 4 55 7 4 19 4 32 4 51 4 111 39 4 28 4 14 4 12 58 4 21 4 45 4 15 59 4 48 4 26 4 
iteration 601 best: 1.36105 leader: 1.36105 time: 309147
115 24 4 40 4 32 4 0 60 4 53 4 105 28 4 15 4 5 4 47 29 4 34 4 52 4 3 26 4 8 4 60 4 23 16 4 28 4 55 4 16 4 69 44 4 22 4 21 4 102 39 4 44 4 46 39 4 42 4 1 20 4 24 4 32 4 44 4 39 31 4 34 4 72 31 4 51 4 115 26 4 17 4 25 4 59 4 39 4 42 49 4 10 4 7 4 21 4 103 5 4 60 4 116 59 4 24 4 25 4 28 4 33 60 4 27 4 41 4 119 53 4 5 4 15 5 4 60 4 61 46 20 0 60 4 35 4 9 4 91 20 20 45 18 4 60 4 16 4 59 54 4 11 4 46 4 5 4 75 32 4 41 4 13 5 4 31 4 5 4 49 10 4 21 4 39 60 4 38 4 60 4 0 5 4 37 4 34 4 9 47 4 5 4 9 54 4 60 4 32 35 4 108 28 4 43 4 32 4 1 27 4 60 4 70 49 4 57 4 0 49 4 28 4 32 29 4 40 4 74 36 4 28 4 98 60 4 5 4 23 35 4 20 4 53 47 4 5 4 58 5 4 12 4 51 4 75 34 4 24 4 83 11 4 38 4 27 4 0 23 4 30 4 40 4 37 25 4 5 4 19 4 12 4 119 47 4 5 4 29 4 26 4 53 27 4 39 4 29 4 38 16 4 48 4 0 7 4 35 4 52 4 36 54 4 45 4 50 4 0 19 4 7 4 25 4 13 14 4 54 4 18 4 31 20 16 60 16 50 60 4 49 60 16 45 16 78 60 4 35 4 19 32 4 28 4 17 4 63 28 4 14 4 10 4 40 4 61 21 4 35 4 65 5 4 37 4 60 4 15 4 87 16 4 12 4 15 4 81 60 4 6 4 16 4 14 18 4 5 4 32 4 119 44 4 5 4 5 4 101 60 4 55 4 41 4 31 4 55 7 4 19 4 32 4 51 4 111 39 4 28 4 14 4 12 58 4 21 4 45 4 15 59 4 48 4 26 4 
iteration 616 best: 1.36105 leader: 1.36105 time: 316747
115 24 4 40 4 32 4 0 60 4 53 4 105 28 4 15 4 5 4 47 29 4 34 4 52 4 3 26 4 8 4 60 4 23 16 4 28 4 55 4 16 4 69 44 4 22 4 21 4 102 39 4 44 4 46 39 4 42 4 1 20 4 24 4 32 4 44 4 39 31 4 34 4 72 31 4 51 4 115 26 4 17 4 25 4 59 4 39 4 42 49 4 10 4 7 4 21 4 103 5 4 60 4 116 59 4 24 4 25 4 28 4 33 60 4 27 4 41 4 119 53 4 5 4 15 5 4 60 4 61 46 20 0 60 4 35 4 9 4 91 20 20 45 18 4 60 4 16 4 59 54 4 11 4 46 4 5 4 75 32 4 41 4 13 5 4 31 4 5 4 49 10 4 21 4 39 60 4 38 4 60 4 0 5 4 37 4 34 4 9 47 4 5 4 9 54 4 60 4 32 35 4 108 28 4 43 4 32 4 1 27 4 60 4 70 49 4 57 4 0 49 4 28 4 32 29 4 40 4 74 36 4 28 4 98 60 4 5 4 23 35 4 20 4 53 47 4 5 4 58 5 4 12 4 51 4 75 34 4 24 4 83 11 4 38 4 27 4 0 23 4 30 4 40 4 37 25 4 5 4 19 4 12 4 119 47 4 5 4 29 4 26 4 53 27 4 39 4 29 4 38 16 4 48 4 0 7 4 35 4 52 4 36 54 4 45 4 50 4 0 19 4 7 4 25 4 13 14 4 54 4 18 4 31 20 16 60 16 50 60 4 49 60 16 45 16 78 60 4 35 4 19 32 4 28 4 17 4 63 28 4 14 4 10 4 40 4 61 21 4 35 4 65 5 4 37 4 60 4 15 4 87 16 4 12 4 15 4 81 60 4 6 4 16 4 14 18 4 5 4 32 4 119 44 4 5 4 5 4 101 60 4 55 4 41 4 31 4 55 7 4 19 4 32 4 51 4 111 39 4 28 4 14 4 12 58 4 21 4 45 4 15 59 4 48 4 26 4 
iteration 631 best: 1.36105 leader: 1.36105 time: 324356
115 24 4 40 4 32 4 0 60 4 53 4 105 28 4 15 4 5 4 47 29 4 34 4 52 4 3 26 4 8 4 60 4 23 16 4 28 4 55 4 16 4 69 44 4 22 4 21 4 102 39 4 44 4 46 39 4 42 4 1 20 4 24 4 32 4 44 4 39 31 4 34 4 72 31 4 51 4 115 26 4 17 4 25 4 59 4 39 4 42 49 4 10 4 7 4 21 4 103 5 4 60 4 116 59 4 24 4 25 4 28 4 33 60 4 27 4 41 4 119 53 4 5 4 15 5 4 60 4 61 46 20 0 60 4 35 4 9 4 91 20 20 45 18 4 60 4 16 4 59 54 4 11 4 46 4 5 4 75 32 4 41 4 13 5 4 31 4 5 4 49 10 4 21 4 39 60 4 38 4 60 4 0 5 4 37 4 34 4 9 47 4 5 4 9 54 4 60 4 32 35 4 108 28 4 43 4 32 4 1 27 4 60 4 70 49 4 57 4 0 49 4 28 4 32 29 4 40 4 74 36 4 28 4 98 60 4 5 4 23 35 4 20 4 53 47 4 5 4 58 5 4 12 4 51 4 75 34 4 24 4 83 11 4 38 4 27 4 0 23 4 30 4 40 4 37 25 4 5 4 19 4 12 4 119 47 4 5 4 29 4 26 4 53 27 4 39 4 29 4 38 16 4 48 4 0 7 4 35 4 52 4 36 54 4 45 4 50 4 0 19 4 7 4 25 4 13 14 4 54 4 18 4 31 20 16 60 16 50 60 4 49 60 16 45 16 78 60 4 35 4 19 32 4 28 4 17 4 63 28 4 14 4 10 4 40 4 61 21 4 35 4 65 5 4 37 4 60 4 15 4 87 16 4 12 4 15 4 81 60 4 6 4 16 4 14 18 4 5 4 32 4 119 44 4 5 4 5 4 101 60 4 55 4 41 4 31 4 55 7 4 19 4 32 4 51 4 111 39 4 28 4 14 4 12 58 4 21 4 45 4 15 59 4 48 4 26 4 
iteration 646 best: 1.36105 leader: 1.36105 time: 331943
115 24 4 40 4 32 4 0 60 4 53 4 105 28 4 15 4 5 4 47 29 4 34 4 52 4 3 26 4 8 4 60 4 23 16 4 28 4 55 4 16 4 69 44 4 22 4 21 4 102 39 4 44 4 46 39 4 42 4 1 20 4 24 4 32 4 44 4 39 31 4 34 4 72 31 4 51 4 115 26 4 17 4 25 4 59 4 39 4 42 49 4 10 4 7 4 21 4 103 5 4 60 4 116 59 4 24 4 25 4 28 4 33 60 4 27 4 41 4 119 53 4 5 4 15 5 4 60 4 61 46 20 0 60 4 35 4 9 4 91 20 20 45 18 4 60 4 16 4 59 54 4 11 4 46 4 5 4 75 32 4 41 4 13 5 4 31 4 5 4 49 10 4 21 4 39 60 4 38 4 60 4 0 5 4 37 4 34 4 9 47 4 5 4 9 54 4 60 4 32 35 4 108 28 4 43 4 32 4 1 27 4 60 4 70 49 4 57 4 0 49 4 28 4 32 29 4 40 4 74 36 4 28 4 98 60 4 5 4 23 35 4 20 4 53 47 4 5 4 58 5 4 12 4 51 4 75 34 4 24 4 83 11 4 38 4 27 4 0 23 4 30 4 40 4 37 25 4 5 4 19 4 12 4 119 47 4 5 4 29 4 26 4 53 27 4 39 4 29 4 38 16 4 48 4 0 7 4 35 4 52 4 36 54 4 45 4 50 4 0 19 4 7 4 25 4 13 14 4 54 4 18 4 31 20 16 60 16 50 60 4 49 60 16 45 16 78 60 4 35 4 19 32 4 28 4 17 4 63 28 4 14 4 10 4 40 4 61 21 4 35 4 65 5 4 37 4 60 4 15 4 87 16 4 12 4 15 4 81 60 4 6 4 16 4 14 18 4 5 4 32 4 119 44 4 5 4 5 4 101 60 4 55 4 41 4 31 4 55 7 4 19 4 32 4 51 4 111 39 4 28 4 14 4 12 58 4 21 4 45 4 15 59 4 48 4 26 4 
iteration 661 best: 1.36105 leader: 1.36105 time: 339542
115 24 4 40 4 32 4 0 60 4 53 4 105 28 4 15 4 5 4 47 29 4 34 4 52 4 3 26 4 8 4 60 4 23 16 4 28 4 55 4 16 4 69 44 4 22 4 21 4 102 39 4 44 4 46 39 4 42 4 1 20 4 24 4 32 4 44 4 39 31 4 34 4 72 31 4 51 4 115 26 4 17 4 25 4 59 4 39 4 42 49 4 10 4 7 4 21 4 103 5 4 60 4 116 59 4 24 4 25 4 28 4 33 60 4 27 4 41 4 119 53 4 5 4 15 5 4 60 4 61 46 20 0 60 4 35 4 9 4 91 20 20 45 18 4 60 4 16 4 59 54 4 11 4 46 4 5 4 75 32 4 41 4 13 5 4 31 4 5 4 49 10 4 21 4 39 60 4 38 4 60 4 0 5 4 37 4 34 4 9 47 4 5 4 9 54 4 60 4 32 35 4 108 28 4 43 4 32 4 1 27 4 60 4 70 49 4 57 4 0 49 4 28 4 32 29 4 40 4 74 36 4 28 4 98 60 4 5 4 23 35 4 20 4 53 47 4 5 4 58 5 4 12 4 51 4 75 34 4 24 4 83 11 4 38 4 27 4 0 23 4 30 4 40 4 37 25 4 5 4 19 4 12 4 119 47 4 5 4 29 4 26 4 53 27 4 39 4 29 4 38 16 4 48 4 0 7 4 35 4 52 4 36 54 4 45 4 50 4 0 19 4 7 4 25 4 13 14 4 54 4 18 4 31 20 16 60 16 50 60 4 49 60 16 45 16 78 60 4 35 4 19 32 4 28 4 17 4 63 28 4 14 4 10 4 40 4 61 21 4 35 4 65 5 4 37 4 60 4 15 4 87 16 4 12 4 15 4 81 60 4 6 4 16 4 14 18 4 5 4 32 4 119 44 4 5 4 5 4 101 60 4 55 4 41 4 31 4 55 7 4 19 4 32 4 51 4 111 39 4 28 4 14 4 12 58 4 21 4 45 4 15 59 4 48 4 26 4 
iteration 676 best: 1.36105 leader: 1.36105 time: 347130
115 24 4 40 4 32 4 0 60 4 53 4 105 28 4 15 4 5 4 47 29 4 34 4 52 4 3 26 4 8 4 60 4 23 16 4 28 4 55 4 16 4 69 44 4 22 4 21 4 102 39 4 44 4 46 39 4 42 4 1 20 4 24 4 32 4 44 4 39 31 4 34 4 72 31 4 51 4 115 26 4 17 4 25 4 59 4 39 4 42 49 4 10 4 7 4 21 4 103 5 4 60 4 116 59 4 24 4 25 4 28 4 33 60 4 27 4 41 4 119 53 4 5 4 15 5 4 60 4 61 46 20 0 60 4 35 4 9 4 91 20 20 45 18 4 60 4 16 4 59 54 4 11 4 46 4 5 4 75 32 4 41 4 13 5 4 31 4 5 4 49 10 4 21 4 39 60 4 38 4 60 4 0 5 4 37 4 34 4 9 47 4 5 4 9 54 4 60 4 32 35 4 108 28 4 43 4 32 4 1 27 4 60 4 70 49 4 57 4 0 49 4 28 4 32 29 4 40 4 74 36 4 28 4 98 60 4 5 4 23 35 4 20 4 53 47 4 5 4 58 5 4 12 4 51 4 75 34 4 24 4 83 11 4 38 4 27 4 0 23 4 30 4 40 4 37 25 4 5 4 19 4 12 4 119 47 4 5 4 29 4 26 4 53 27 4 39 4 29 4 38 16 4 48 4 0 7 4 35 4 52 4 36 54 4 45 4 50 4 0 19 4 7 4 25 4 13 14 4 54 4 18 4 31 20 16 60 16 50 60 4 49 60 16 45 16 78 60 4 35 4 19 32 4 28 4 17 4 63 28 4 14 4 10 4 40 4 61 21 4 35 4 65 5 4 37 4 60 4 15 4 87 16 4 12 4 15 4 81 60 4 6 4 16 4 14 18 4 5 4 32 4 119 44 4 5 4 5 4 101 60 4 55 4 41 4 31 4 55 7 4 19 4 32 4 51 4 111 39 4 28 4 14 4 12 58 4 21 4 45 4 15 59 4 48 4 26 4 
iteration 691 best: 1.36105 leader: 1.36105 time: 354710
115 24 4 40 4 32 4 0 60 4 53 4 105 28 4 15 4 5 4 47 29 4 34 4 52 4 3 26 4 8 4 60 4 23 16 4 28 4 55 4 16 4 69 44 4 22 4 21 4 102 39 4 44 4 46 39 4 42 4 1 20 4 24 4 32 4 44 4 39 31 4 34 4 72 31 4 51 4 115 26 4 17 4 25 4 59 4 39 4 42 49 4 10 4 7 4 21 4 103 5 4 60 4 116 59 4 24 4 25 4 28 4 33 60 4 27 4 41 4 119 53 4 5 4 15 5 4 60 4 61 46 20 0 60 4 35 4 9 4 91 20 20 45 18 4 60 4 16 4 59 54 4 11 4 46 4 5 4 75 32 4 41 4 13 5 4 31 4 5 4 49 10 4 21 4 39 60 4 38 4 60 4 0 5 4 37 4 34 4 9 47 4 5 4 9 54 4 60 4 32 35 4 108 28 4 43 4 32 4 1 27 4 60 4 70 49 4 57 4 0 49 4 28 4 32 29 4 40 4 74 36 4 28 4 98 60 4 5 4 23 35 4 20 4 53 47 4 5 4 58 5 4 12 4 51 4 75 34 4 24 4 83 11 4 38 4 27 4 0 23 4 30 4 40 4 37 25 4 5 4 19 4 12 4 119 47 4 5 4 29 4 26 4 53 27 4 39 4 29 4 38 16 4 48 4 0 7 4 35 4 52 4 36 54 4 45 4 50 4 0 19 4 7 4 25 4 13 14 4 54 4 18 4 31 20 16 60 16 50 60 4 49 60 16 45 16 78 60 4 35 4 19 32 4 28 4 17 4 63 28 4 14 4 10 4 40 4 61 21 4 35 4 65 5 4 37 4 60 4 15 4 87 16 4 12 4 15 4 81 60 4 6 4 16 4 14 18 4 5 4 32 4 119 44 4 5 4 5 4 101 60 4 55 4 41 4 31 4 55 7 4 19 4 32 4 51 4 111 39 4 28 4 14 4 12 58 4 21 4 45 4 15 59 4 48 4 26 4 
iteration 706 best: 1.36105 leader: 1.36105 time: 362310
115 24 4 40 4 32 4 0 60 4 53 4 105 28 4 15 4 5 4 47 29 4 34 4 52 4 3 26 4 8 4 60 4 23 16 4 28 4 55 4 16 4 69 44 4 22 4 21 4 102 39 4 44 4 46 39 4 42 4 1 20 4 24 4 32 4 44 4 39 31 4 34 4 72 31 4 51 4 115 26 4 17 4 25 4 59 4 39 4 42 49 4 10 4 7 4 21 4 103 5 4 60 4 116 59 4 24 4 25 4 28 4 33 60 4 27 4 41 4 119 53 4 5 4 15 5 4 60 4 61 46 20 0 60 4 35 4 9 4 91 20 20 45 18 4 60 4 16 4 59 54 4 11 4 46 4 5 4 75 32 4 41 4 13 5 4 31 4 5 4 49 10 4 21 4 39 60 4 38 4 60 4 0 5 4 37 4 34 4 9 47 4 5 4 9 54 4 60 4 32 35 4 108 28 4 43 4 32 4 1 27 4 60 4 70 49 4 57 4 0 49 4 28 4 32 29 4 40 4 74 36 4 28 4 98 60 4 5 4 23 35 4 20 4 53 47 4 5 4 58 5 4 12 4 51 4 75 34 4 24 4 83 11 4 38 4 27 4 0 23 4 30 4 40 4 37 25 4 5 4 19 4 12 4 119 47 4 5 4 29 4 26 4 53 27 4 39 4 29 4 38 16 4 48 4 0 7 4 35 4 52 4 36 54 4 45 4 50 4 0 19 4 7 4 25 4 13 14 4 54 4 18 4 31 20 16 60 16 50 60 4 49 60 16 45 16 78 60 4 35 4 19 32 4 28 4 17 4 63 28 4 14 4 10 4 40 4 61 21 4 35 4 65 5 4 37 4 60 4 15 4 87 16 4 12 4 15 4 81 60 4 6 4 16 4 14 18 4 5 4 32 4 119 44 4 5 4 5 4 101 60 4 55 4 41 4 31 4 55 7 4 19 4 32 4 51 4 111 39 4 28 4 14 4 12 58 4 21 4 45 4 15 59 4 48 4 26 4 
iteration 721 best: 1.36105 leader: 1.36105 time: 369904
115 24 4 40 4 32 4 0 60 4 53 4 105 28 4 15 4 5 4 47 29 4 34 4 52 4 3 26 4 8 4 60 4 23 16 4 28 4 55 4 16 4 69 44 4 22 4 21 4 102 39 4 44 4 46 39 4 42 4 1 20 4 24 4 32 4 44 4 39 31 4 34 4 72 31 4 51 4 115 26 4 17 4 25 4 59 4 39 4 42 49 4 10 4 7 4 21 4 103 5 4 60 4 116 59 4 24 4 25 4 28 4 33 60 4 27 4 41 4 119 53 4 5 4 15 5 4 60 4 61 46 20 0 60 4 35 4 9 4 91 20 20 45 18 4 60 4 16 4 59 54 4 11 4 46 4 5 4 75 32 4 41 4 13 5 4 31 4 5 4 49 10 4 21 4 39 60 4 38 4 60 4 0 5 4 37 4 34 4 9 47 4 5 4 9 54 4 60 4 32 35 4 108 28 4 43 4 32 4 1 27 4 60 4 70 49 4 57 4 0 49 4 28 4 32 29 4 40 4 74 36 4 28 4 98 60 4 5 4 23 35 4 20 4 53 47 4 5 4 58 5 4 12 4 51 4 75 34 4 24 4 83 11 4 38 4 27 4 0 23 4 30 4 40 4 37 25 4 5 4 19 4 12 4 119 47 4 5 4 29 4 26 4 53 27 4 39 4 29 4 38 16 4 48 4 0 7 4 35 4 52 4 36 54 4 45 4 50 4 0 19 4 7 4 25 4 13 14 4 54 4 18 4 31 20 16 60 16 50 60 4 49 60 16 45 16 78 60 4 35 4 19 32 4 28 4 17 4 63 28 4 14 4 10 4 40 4 61 21 4 35 4 65 5 4 37 4 60 4 15 4 87 16 4 12 4 15 4 81 60 4 6 4 16 4 14 18 4 5 4 32 4 119 44 4 5 4 5 4 101 60 4 55 4 41 4 31 4 55 7 4 19 4 32 4 51 4 111 39 4 28 4 14 4 12 58 4 21 4 45 4 15 59 4 48 4 26 4 
iteration 736 best: 1.36105 leader: 1.36105 time: 377439
115 24 4 40 4 32 4 0 60 4 53 4 105 28 4 15 4 5 4 47 29 4 34 4 52 4 3 26 4 8 4 60 4 23 16 4 28 4 55 4 16 4 69 44 4 22 4 21 4 102 39 4 44 4 46 39 4 42 4 1 20 4 24 4 32 4 44 4 39 31 4 34 4 72 31 4 51 4 115 26 4 17 4 25 4 59 4 39 4 42 49 4 10 4 7 4 21 4 103 5 4 60 4 116 59 4 24 4 25 4 28 4 33 60 4 27 4 41 4 119 53 4 5 4 15 5 4 60 4 61 46 20 0 60 4 35 4 9 4 91 20 20 45 18 4 60 4 16 4 59 54 4 11 4 46 4 5 4 75 32 4 41 4 13 5 4 31 4 5 4 49 10 4 21 4 39 60 4 38 4 60 4 0 5 4 37 4 34 4 9 47 4 5 4 9 54 4 60 4 32 35 4 108 28 4 43 4 32 4 1 27 4 60 4 70 49 4 57 4 0 49 4 28 4 32 29 4 40 4 74 36 4 28 4 98 60 4 5 4 23 35 4 20 4 53 47 4 5 4 58 5 4 12 4 51 4 75 34 4 24 4 83 11 4 38 4 27 4 0 23 4 30 4 40 4 37 25 4 5 4 19 4 12 4 119 47 4 5 4 29 4 26 4 53 27 4 39 4 29 4 38 16 4 48 4 0 7 4 35 4 52 4 36 54 4 45 4 50 4 0 19 4 7 4 25 4 13 14 4 54 4 18 4 31 20 16 60 16 50 60 4 49 60 16 45 16 78 60 4 35 4 19 32 4 28 4 17 4 63 28 4 14 4 10 4 40 4 61 21 4 35 4 65 5 4 37 4 60 4 15 4 87 16 4 12 4 15 4 81 60 4 6 4 16 4 14 18 4 5 4 32 4 119 44 4 5 4 5 4 101 60 4 55 4 41 4 31 4 55 7 4 19 4 32 4 51 4 111 39 4 28 4 14 4 12 58 4 21 4 45 4 15 59 4 48 4 26 4 
iteration 751 best: 1.36105 leader: 1.36105 time: 385027
115 24 4 40 4 32 4 0 60 4 53 4 105 28 4 15 4 5 4 47 29 4 34 4 52 4 3 26 4 8 4 60 4 23 16 4 28 4 55 4 16 4 69 44 4 22 4 21 4 102 39 4 44 4 46 39 4 42 4 1 20 4 24 4 32 4 44 4 39 31 4 34 4 72 31 4 51 4 115 26 4 17 4 25 4 59 4 39 4 42 49 4 10 4 7 4 21 4 103 5 4 60 4 116 59 4 24 4 25 4 28 4 33 60 4 27 4 41 4 119 53 4 5 4 15 5 4 60 4 61 46 20 0 60 4 35 4 9 4 91 20 20 45 18 4 60 4 16 4 59 54 4 11 4 46 4 5 4 75 32 4 41 4 13 5 4 31 4 5 4 49 10 4 21 4 39 60 4 38 4 60 4 0 5 4 37 4 34 4 9 47 4 5 4 9 54 4 60 4 32 35 4 108 28 4 43 4 32 4 1 27 4 60 4 70 49 4 57 4 0 49 4 28 4 32 29 4 40 4 74 36 4 28 4 98 60 4 5 4 23 35 4 20 4 53 47 4 5 4 58 5 4 12 4 51 4 75 34 4 24 4 83 11 4 38 4 27 4 0 23 4 30 4 40 4 37 25 4 5 4 19 4 12 4 119 47 4 5 4 29 4 26 4 53 27 4 39 4 29 4 38 16 4 48 4 0 7 4 35 4 52 4 36 54 4 45 4 50 4 0 19 4 7 4 25 4 13 14 4 54 4 18 4 31 20 16 60 16 50 60 4 49 60 16 45 16 78 60 4 35 4 19 32 4 28 4 17 4 63 28 4 14 4 10 4 40 4 61 21 4 35 4 65 5 4 37 4 60 4 15 4 87 16 4 12 4 15 4 81 60 4 6 4 16 4 14 18 4 5 4 32 4 119 44 4 5 4 5 4 101 60 4 55 4 41 4 31 4 55 7 4 19 4 32 4 51 4 111 39 4 28 4 14 4 12 58 4 21 4 45 4 15 59 4 48 4 26 4 
iteration 766 best: 1.36105 leader: 1.36105 time: 392624
115 24 4 40 4 32 4 0 60 4 53 4 105 28 4 15 4 5 4 47 29 4 34 4 52 4 3 26 4 8 4 60 4 23 16 4 28 4 55 4 16 4 69 44 4 22 4 21 4 102 39 4 44 4 46 39 4 42 4 1 20 4 24 4 32 4 44 4 39 31 4 34 4 72 31 4 51 4 115 26 4 17 4 25 4 59 4 39 4 42 49 4 10 4 7 4 21 4 103 5 4 60 4 116 59 4 24 4 25 4 28 4 33 60 4 27 4 41 4 119 53 4 5 4 15 5 4 60 4 61 46 20 0 60 4 35 4 9 4 91 20 20 45 18 4 60 4 16 4 59 54 4 11 4 46 4 5 4 75 32 4 41 4 13 5 4 31 4 5 4 49 10 4 21 4 39 60 4 38 4 60 4 0 5 4 37 4 34 4 9 47 4 5 4 9 54 4 60 4 32 35 4 108 28 4 43 4 32 4 1 27 4 60 4 70 49 4 57 4 0 49 4 28 4 32 29 4 40 4 74 36 4 28 4 98 60 4 5 4 23 35 4 20 4 53 47 4 5 4 58 5 4 12 4 51 4 75 34 4 24 4 83 11 4 38 4 27 4 0 23 4 30 4 40 4 37 25 4 5 4 19 4 12 4 119 47 4 5 4 29 4 26 4 53 27 4 39 4 29 4 38 16 4 48 4 0 7 4 35 4 52 4 36 54 4 45 4 50 4 0 19 4 7 4 25 4 13 14 4 54 4 18 4 31 20 16 60 16 50 60 4 49 60 16 45 16 78 60 4 35 4 19 32 4 28 4 17 4 63 28 4 14 4 10 4 40 4 61 21 4 35 4 65 5 4 37 4 60 4 15 4 87 16 4 12 4 15 4 81 60 4 6 4 16 4 14 18 4 5 4 32 4 119 44 4 5 4 5 4 101 60 4 55 4 41 4 31 4 55 7 4 19 4 32 4 51 4 111 39 4 28 4 14 4 12 58 4 21 4 45 4 15 59 4 48 4 26 4 
iteration 781 best: 1.36105 leader: 1.36105 time: 400191
115 24 4 40 4 32 4 0 60 4 53 4 105 28 4 15 4 5 4 47 29 4 34 4 52 4 3 26 4 8 4 60 4 23 16 4 28 4 55 4 16 4 69 44 4 22 4 21 4 102 39 4 44 4 46 39 4 42 4 1 20 4 24 4 32 4 44 4 39 31 4 34 4 72 31 4 51 4 115 26 4 17 4 25 4 59 4 39 4 42 49 4 10 4 7 4 21 4 103 5 4 60 4 116 59 4 24 4 25 4 28 4 33 60 4 27 4 41 4 119 53 4 5 4 15 5 4 60 4 61 46 20 0 60 4 35 4 9 4 91 20 20 45 18 4 60 4 16 4 59 54 4 11 4 46 4 5 4 75 32 4 41 4 13 5 4 31 4 5 4 49 10 4 21 4 39 60 4 38 4 60 4 0 5 4 37 4 34 4 9 47 4 5 4 9 54 4 60 4 32 35 4 108 28 4 43 4 32 4 1 27 4 60 4 70 49 4 57 4 0 49 4 28 4 32 29 4 40 4 74 36 4 28 4 98 60 4 5 4 23 35 4 20 4 53 47 4 5 4 58 5 4 12 4 51 4 75 34 4 24 4 83 11 4 38 4 27 4 0 23 4 30 4 40 4 37 25 4 5 4 19 4 12 4 119 47 4 5 4 29 4 26 4 53 27 4 39 4 29 4 38 16 4 48 4 0 7 4 35 4 52 4 36 54 4 45 4 50 4 0 19 4 7 4 25 4 13 14 4 54 4 18 4 31 20 16 60 16 50 60 4 49 60 16 45 16 78 60 4 35 4 19 32 4 28 4 17 4 63 28 4 14 4 10 4 40 4 61 21 4 35 4 65 5 4 37 4 60 4 15 4 87 16 4 12 4 15 4 81 60 4 6 4 16 4 14 18 4 5 4 32 4 119 44 4 5 4 5 4 101 60 4 55 4 41 4 31 4 55 7 4 19 4 32 4 51 4 111 39 4 28 4 14 4 12 58 4 21 4 45 4 15 59 4 48 4 26 4 
iteration 796 best: 1.36105 leader: 1.36105 time: 407746
115 24 4 40 4 32 4 0 60 4 53 4 105 28 4 15 4 5 4 47 29 4 34 4 52 4 3 26 4 8 4 60 4 23 16 4 28 4 55 4 16 4 69 44 4 22 4 21 4 102 39 4 44 4 46 39 4 42 4 1 20 4 24 4 32 4 44 4 39 31 4 34 4 72 31 4 51 4 115 26 4 17 4 25 4 59 4 39 4 42 49 4 10 4 7 4 21 4 103 5 4 60 4 116 59 4 24 4 25 4 28 4 33 60 4 27 4 41 4 119 53 4 5 4 15 5 4 60 4 61 46 20 0 60 4 35 4 9 4 91 20 20 45 18 4 60 4 16 4 59 54 4 11 4 46 4 5 4 75 32 4 41 4 13 5 4 31 4 5 4 49 10 4 21 4 39 60 4 38 4 60 4 0 5 4 37 4 34 4 9 47 4 5 4 9 54 4 60 4 32 35 4 108 28 4 43 4 32 4 1 27 4 60 4 70 49 4 57 4 0 49 4 28 4 32 29 4 40 4 74 36 4 28 4 98 60 4 5 4 23 35 4 20 4 53 47 4 5 4 58 5 4 12 4 51 4 75 34 4 24 4 83 11 4 38 4 27 4 0 23 4 30 4 40 4 37 25 4 5 4 19 4 12 4 119 47 4 5 4 29 4 26 4 53 27 4 39 4 29 4 38 16 4 48 4 0 7 4 35 4 52 4 36 54 4 45 4 50 4 0 19 4 7 4 25 4 13 14 4 54 4 18 4 31 20 16 60 16 50 60 4 49 60 16 45 16 78 60 4 35 4 19 32 4 28 4 17 4 63 28 4 14 4 10 4 40 4 61 21 4 35 4 65 5 4 37 4 60 4 15 4 87 16 4 12 4 15 4 81 60 4 6 4 16 4 14 18 4 5 4 32 4 119 44 4 5 4 5 4 101 60 4 55 4 41 4 31 4 55 7 4 19 4 32 4 51 4 111 39 4 28 4 14 4 12 58 4 21 4 45 4 15 59 4 48 4 26 4 
iteration 811 best: 1.36105 leader: 1.36105 time: 415364
115 24 4 40 4 32 4 0 60 4 53 4 105 28 4 15 4 5 4 47 29 4 34 4 52 4 3 26 4 8 4 60 4 23 16 4 28 4 55 4 16 4 69 44 4 22 4 21 4 102 39 4 44 4 46 39 4 42 4 1 20 4 24 4 32 4 44 4 39 31 4 34 4 72 31 4 51 4 115 26 4 17 4 25 4 59 4 39 4 42 49 4 10 4 7 4 21 4 103 5 4 60 4 116 59 4 24 4 25 4 28 4 33 60 4 27 4 41 4 119 53 4 5 4 15 5 4 60 4 61 46 20 0 60 4 35 4 9 4 91 20 20 45 18 4 60 4 16 4 59 54 4 11 4 46 4 5 4 75 32 4 41 4 13 5 4 31 4 5 4 49 10 4 21 4 39 60 4 38 4 60 4 0 5 4 37 4 34 4 9 47 4 5 4 9 54 4 60 4 32 35 4 108 28 4 43 4 32 4 1 27 4 60 4 70 49 4 57 4 0 49 4 28 4 32 29 4 40 4 74 36 4 28 4 98 60 4 5 4 23 35 4 20 4 53 47 4 5 4 58 5 4 12 4 51 4 75 34 4 24 4 83 11 4 38 4 27 4 0 23 4 30 4 40 4 37 25 4 5 4 19 4 12 4 119 47 4 5 4 29 4 26 4 53 27 4 39 4 29 4 38 16 4 48 4 0 7 4 35 4 52 4 36 54 4 45 4 50 4 0 19 4 7 4 25 4 13 14 4 54 4 18 4 31 20 16 60 16 50 60 4 49 60 16 45 16 78 60 4 35 4 19 32 4 28 4 17 4 63 28 4 14 4 10 4 40 4 61 21 4 35 4 65 5 4 37 4 60 4 15 4 87 16 4 12 4 15 4 81 60 4 6 4 16 4 14 18 4 5 4 32 4 119 44 4 5 4 5 4 101 60 4 55 4 41 4 31 4 55 7 4 19 4 32 4 51 4 111 39 4 28 4 14 4 12 58 4 21 4 45 4 15 59 4 48 4 26 4 
iteration 826 best: 1.36105 leader: 1.36105 time: 422971
115 24 4 40 4 32 4 0 60 4 53 4 105 28 4 15 4 5 4 47 29 4 34 4 52 4 3 26 4 8 4 60 4 23 16 4 28 4 55 4 16 4 69 44 4 22 4 21 4 102 39 4 44 4 46 39 4 42 4 1 20 4 24 4 32 4 44 4 39 31 4 34 4 72 31 4 51 4 115 26 4 17 4 25 4 59 4 39 4 42 49 4 10 4 7 4 21 4 103 5 4 60 4 116 59 4 24 4 25 4 28 4 33 60 4 27 4 41 4 119 53 4 5 4 15 5 4 60 4 61 46 20 0 60 4 35 4 9 4 91 20 20 45 18 4 60 4 16 4 59 54 4 11 4 46 4 5 4 75 32 4 41 4 13 5 4 31 4 5 4 49 10 4 21 4 39 60 4 38 4 60 4 0 5 4 37 4 34 4 9 47 4 5 4 9 54 4 60 4 32 35 4 108 28 4 43 4 32 4 1 27 4 60 4 70 49 4 57 4 0 49 4 28 4 32 29 4 40 4 74 36 4 28 4 98 60 4 5 4 23 35 4 20 4 53 47 4 5 4 58 5 4 12 4 51 4 75 34 4 24 4 83 11 4 38 4 27 4 0 23 4 30 4 40 4 37 25 4 5 4 19 4 12 4 119 47 4 5 4 29 4 26 4 53 27 4 39 4 29 4 38 16 4 48 4 0 7 4 35 4 52 4 36 54 4 45 4 50 4 0 19 4 7 4 25 4 13 14 4 54 4 18 4 31 20 16 60 16 50 60 4 49 60 16 45 16 78 60 4 35 4 19 32 4 28 4 17 4 63 28 4 14 4 10 4 40 4 61 21 4 35 4 65 5 4 37 4 60 4 15 4 87 16 4 12 4 15 4 81 60 4 6 4 16 4 14 18 4 5 4 32 4 119 44 4 5 4 5 4 101 60 4 55 4 41 4 31 4 55 7 4 19 4 32 4 51 4 111 39 4 28 4 14 4 12 58 4 21 4 45 4 15 59 4 48 4 26 4 
iteration 841 best: 1.36105 leader: 1.36105 time: 430534
115 24 4 40 4 32 4 0 60 4 53 4 105 28 4 15 4 5 4 47 29 4 34 4 52 4 3 26 4 8 4 60 4 23 16 4 28 4 55 4 16 4 69 44 4 22 4 21 4 102 39 4 44 4 46 39 4 42 4 1 20 4 24 4 32 4 44 4 39 31 4 34 4 72 31 4 51 4 115 26 4 17 4 25 4 59 4 39 4 42 49 4 10 4 7 4 21 4 103 5 4 60 4 116 59 4 24 4 25 4 28 4 33 60 4 27 4 41 4 119 53 4 5 4 15 5 4 60 4 61 46 20 0 60 4 35 4 9 4 91 20 20 45 18 4 60 4 16 4 59 54 4 11 4 46 4 5 4 75 32 4 41 4 13 5 4 31 4 5 4 49 10 4 21 4 39 60 4 38 4 60 4 0 5 4 37 4 34 4 9 47 4 5 4 9 54 4 60 4 32 35 4 108 28 4 43 4 32 4 1 27 4 60 4 70 49 4 57 4 0 49 4 28 4 32 29 4 40 4 74 36 4 28 4 98 60 4 5 4 23 35 4 20 4 53 47 4 5 4 58 5 4 12 4 51 4 75 34 4 24 4 83 11 4 38 4 27 4 0 23 4 30 4 40 4 37 25 4 5 4 19 4 12 4 119 47 4 5 4 29 4 26 4 53 27 4 39 4 29 4 38 16 4 48 4 0 7 4 35 4 52 4 36 54 4 45 4 50 4 0 19 4 7 4 25 4 13 14 4 54 4 18 4 31 20 16 60 16 50 60 4 49 60 16 45 16 78 60 4 35 4 19 32 4 28 4 17 4 63 28 4 14 4 10 4 40 4 61 21 4 35 4 65 5 4 37 4 60 4 15 4 87 16 4 12 4 15 4 81 60 4 6 4 16 4 14 18 4 5 4 32 4 119 44 4 5 4 5 4 101 60 4 55 4 41 4 31 4 55 7 4 19 4 32 4 51 4 111 39 4 28 4 14 4 12 58 4 21 4 45 4 15 59 4 48 4 26 4 
iteration 856 best: 1.36105 leader: 1.36105 time: 438081
115 24 4 40 4 32 4 0 60 4 53 4 105 28 4 15 4 5 4 47 29 4 34 4 52 4 3 26 4 8 4 60 4 23 16 4 28 4 55 4 16 4 69 44 4 22 4 21 4 102 39 4 44 4 46 39 4 42 4 1 20 4 24 4 32 4 44 4 39 31 4 34 4 72 31 4 51 4 115 26 4 17 4 25 4 59 4 39 4 42 49 4 10 4 7 4 21 4 103 5 4 60 4 116 59 4 24 4 25 4 28 4 33 60 4 27 4 41 4 119 53 4 5 4 15 5 4 60 4 61 46 20 0 60 4 35 4 9 4 91 20 20 45 18 4 60 4 16 4 59 54 4 11 4 46 4 5 4 75 32 4 41 4 13 5 4 31 4 5 4 49 10 4 21 4 39 60 4 38 4 60 4 0 5 4 37 4 34 4 9 47 4 5 4 9 54 4 60 4 32 35 4 108 28 4 43 4 32 4 1 27 4 60 4 70 49 4 57 4 0 49 4 28 4 32 29 4 40 4 74 36 4 28 4 98 60 4 5 4 23 35 4 20 4 53 47 4 5 4 58 5 4 12 4 51 4 75 34 4 24 4 83 11 4 38 4 27 4 0 23 4 30 4 40 4 37 25 4 5 4 19 4 12 4 119 47 4 5 4 29 4 26 4 53 27 4 39 4 29 4 38 16 4 48 4 0 7 4 35 4 52 4 36 54 4 45 4 50 4 0 19 4 7 4 25 4 13 14 4 54 4 18 4 31 20 16 60 16 50 60 4 49 60 16 45 16 78 60 4 35 4 19 32 4 28 4 17 4 63 28 4 14 4 10 4 40 4 61 21 4 35 4 65 5 4 37 4 60 4 15 4 87 16 4 12 4 15 4 81 60 4 6 4 16 4 14 18 4 5 4 32 4 119 44 4 5 4 5 4 101 60 4 55 4 41 4 31 4 55 7 4 19 4 32 4 51 4 111 39 4 28 4 14 4 12 58 4 21 4 45 4 15 59 4 48 4 26 4 
iteration 871 best: 1.36105 leader: 1.36105 time: 445650
115 24 4 40 4 32 4 0 60 4 53 4 105 28 4 15 4 5 4 47 29 4 34 4 52 4 3 26 4 8 4 60 4 23 16 4 28 4 55 4 16 4 69 44 4 22 4 21 4 102 39 4 44 4 46 39 4 42 4 1 20 4 24 4 32 4 44 4 39 31 4 34 4 72 31 4 51 4 115 26 4 17 4 25 4 59 4 39 4 42 49 4 10 4 7 4 21 4 103 5 4 60 4 116 59 4 24 4 25 4 28 4 33 60 4 27 4 41 4 119 53 4 5 4 15 5 4 60 4 61 46 20 0 60 4 35 4 9 4 91 20 20 45 18 4 60 4 16 4 59 54 4 11 4 46 4 5 4 75 32 4 41 4 13 5 4 31 4 5 4 49 10 4 21 4 39 60 4 38 4 60 4 0 5 4 37 4 34 4 9 47 4 5 4 9 54 4 60 4 32 35 4 108 28 4 43 4 32 4 1 27 4 60 4 70 49 4 57 4 0 49 4 28 4 32 29 4 40 4 74 36 4 28 4 98 60 4 5 4 23 35 4 20 4 53 47 4 5 4 58 5 4 12 4 51 4 75 34 4 24 4 83 11 4 38 4 27 4 0 23 4 30 4 40 4 37 25 4 5 4 19 4 12 4 119 47 4 5 4 29 4 26 4 53 27 4 39 4 29 4 38 16 4 48 4 0 7 4 35 4 52 4 36 54 4 45 4 50 4 0 19 4 7 4 25 4 13 14 4 54 4 18 4 31 20 16 60 16 50 60 4 49 60 16 45 16 78 60 4 35 4 19 32 4 28 4 17 4 63 28 4 14 4 10 4 40 4 61 21 4 35 4 65 5 4 37 4 60 4 15 4 87 16 4 12 4 15 4 81 60 4 6 4 16 4 14 18 4 5 4 32 4 119 44 4 5 4 5 4 101 60 4 55 4 41 4 31 4 55 7 4 19 4 32 4 51 4 111 39 4 28 4 14 4 12 58 4 21 4 45 4 15 59 4 48 4 26 4 
iteration 886 best: 1.36105 leader: 1.36105 time: 453239
115 24 4 40 4 32 4 0 60 4 53 4 105 28 4 15 4 5 4 47 29 4 34 4 52 4 3 26 4 8 4 60 4 23 16 4 28 4 55 4 16 4 69 44 4 22 4 21 4 102 39 4 44 4 46 39 4 42 4 1 20 4 24 4 32 4 44 4 39 31 4 34 4 72 31 4 51 4 115 26 4 17 4 25 4 59 4 39 4 42 49 4 10 4 7 4 21 4 103 5 4 60 4 116 59 4 24 4 25 4 28 4 33 60 4 27 4 41 4 119 53 4 5 4 15 5 4 60 4 61 46 20 0 60 4 35 4 9 4 91 20 20 45 18 4 60 4 16 4 59 54 4 11 4 46 4 5 4 75 32 4 41 4 13 5 4 31 4 5 4 49 10 4 21 4 39 60 4 38 4 60 4 0 5 4 37 4 34 4 9 47 4 5 4 9 54 4 60 4 32 35 4 108 28 4 43 4 32 4 1 27 4 60 4 70 49 4 57 4 0 49 4 28 4 32 29 4 40 4 74 36 4 28 4 98 60 4 5 4 23 35 4 20 4 53 47 4 5 4 58 5 4 12 4 51 4 75 34 4 24 4 83 11 4 38 4 27 4 0 23 4 30 4 40 4 37 25 4 5 4 19 4 12 4 119 47 4 5 4 29 4 26 4 53 27 4 39 4 29 4 38 16 4 48 4 0 7 4 35 4 52 4 36 54 4 45 4 50 4 0 19 4 7 4 25 4 13 14 4 54 4 18 4 31 20 16 60 16 50 60 4 49 60 16 45 16 78 60 4 35 4 19 32 4 28 4 17 4 63 28 4 14 4 10 4 40 4 61 21 4 35 4 65 5 4 37 4 60 4 15 4 87 16 4 12 4 15 4 81 60 4 6 4 16 4 14 18 4 5 4 32 4 119 44 4 5 4 5 4 101 60 4 55 4 41 4 31 4 55 7 4 19 4 32 4 51 4 111 39 4 28 4 14 4 12 58 4 21 4 45 4 15 59 4 48 4 26 4 
iteration 901 best: 1.36105 leader: 1.36105 time: 460811
115 24 4 40 4 32 4 0 60 4 53 4 105 28 4 15 4 5 4 47 29 4 34 4 52 4 3 26 4 8 4 60 4 23 16 4 28 4 55 4 16 4 69 44 4 22 4 21 4 102 39 4 44 4 46 39 4 42 4 1 20 4 24 4 32 4 44 4 39 31 4 34 4 72 31 4 51 4 115 26 4 17 4 25 4 59 4 39 4 42 49 4 10 4 7 4 21 4 103 5 4 60 4 116 59 4 24 4 25 4 28 4 33 60 4 27 4 41 4 119 53 4 5 4 15 5 4 60 4 61 46 20 0 60 4 35 4 9 4 91 20 20 45 18 4 60 4 16 4 59 54 4 11 4 46 4 5 4 75 32 4 41 4 13 5 4 31 4 5 4 49 10 4 21 4 39 60 4 38 4 60 4 0 5 4 37 4 34 4 9 47 4 5 4 9 54 4 60 4 32 35 4 108 28 4 43 4 32 4 1 27 4 60 4 70 49 4 57 4 0 49 4 28 4 32 29 4 40 4 74 36 4 28 4 98 60 4 5 4 23 35 4 20 4 53 47 4 5 4 58 5 4 12 4 51 4 75 34 4 24 4 83 11 4 38 4 27 4 0 23 4 30 4 40 4 37 25 4 5 4 19 4 12 4 119 47 4 5 4 29 4 26 4 53 27 4 39 4 29 4 38 16 4 48 4 0 7 4 35 4 52 4 36 54 4 45 4 50 4 0 19 4 7 4 25 4 13 14 4 54 4 18 4 31 20 16 60 16 50 60 4 49 60 16 45 16 78 60 4 35 4 19 32 4 28 4 17 4 63 28 4 14 4 10 4 40 4 61 21 4 35 4 65 5 4 37 4 60 4 15 4 87 16 4 12 4 15 4 81 60 4 6 4 16 4 14 18 4 5 4 32 4 119 44 4 5 4 5 4 101 60 4 55 4 41 4 31 4 55 7 4 19 4 32 4 51 4 111 39 4 28 4 14 4 12 58 4 21 4 45 4 15 59 4 48 4 26 4 
iteration 916 best: 1.36105 leader: 1.36105 time: 468401
115 24 4 40 4 32 4 0 60 4 53 4 105 28 4 15 4 5 4 47 29 4 34 4 52 4 3 26 4 8 4 60 4 23 16 4 28 4 55 4 16 4 69 44 4 22 4 21 4 102 39 4 44 4 46 39 4 42 4 1 20 4 24 4 32 4 44 4 39 31 4 34 4 72 31 4 51 4 115 26 4 17 4 25 4 59 4 39 4 42 49 4 10 4 7 4 21 4 103 5 4 60 4 116 59 4 24 4 25 4 28 4 33 60 4 27 4 41 4 119 53 4 5 4 15 5 4 60 4 61 46 20 0 60 4 35 4 9 4 91 20 20 45 18 4 60 4 16 4 59 54 4 11 4 46 4 5 4 75 32 4 41 4 13 5 4 31 4 5 4 49 10 4 21 4 39 60 4 38 4 60 4 0 5 4 37 4 34 4 9 47 4 5 4 9 54 4 60 4 32 35 4 108 28 4 43 4 32 4 1 27 4 60 4 70 49 4 57 4 0 49 4 28 4 32 29 4 40 4 74 36 4 28 4 98 60 4 5 4 23 35 4 20 4 53 47 4 5 4 58 5 4 12 4 51 4 75 34 4 24 4 83 11 4 38 4 27 4 0 23 4 30 4 40 4 37 25 4 5 4 19 4 12 4 119 47 4 5 4 29 4 26 4 53 27 4 39 4 29 4 38 16 4 48 4 0 7 4 35 4 52 4 36 54 4 45 4 50 4 0 19 4 7 4 25 4 13 14 4 54 4 18 4 31 20 16 60 16 50 60 4 49 60 16 45 16 78 60 4 35 4 19 32 4 28 4 17 4 63 28 4 14 4 10 4 40 4 61 21 4 35 4 65 5 4 37 4 60 4 15 4 87 16 4 12 4 15 4 81 60 4 6 4 16 4 14 18 4 5 4 32 4 119 44 4 5 4 5 4 101 60 4 55 4 41 4 31 4 55 7 4 19 4 32 4 51 4 111 39 4 28 4 14 4 12 58 4 21 4 45 4 15 59 4 48 4 26 4 
iteration 931 best: 1.36105 leader: 1.36105 time: 475985
115 24 4 40 4 32 4 0 60 4 53 4 105 28 4 15 4 5 4 47 29 4 34 4 52 4 3 26 4 8 4 60 4 23 16 4 28 4 55 4 16 4 69 44 4 22 4 21 4 102 39 4 44 4 46 39 4 42 4 1 20 4 24 4 32 4 44 4 39 31 4 34 4 72 31 4 51 4 115 26 4 17 4 25 4 59 4 39 4 42 49 4 10 4 7 4 21 4 103 5 4 60 4 116 59 4 24 4 25 4 28 4 33 60 4 27 4 41 4 119 53 4 5 4 15 5 4 60 4 61 46 20 0 60 4 35 4 9 4 91 20 20 45 18 4 60 4 16 4 59 54 4 11 4 46 4 5 4 75 32 4 41 4 13 5 4 31 4 5 4 49 10 4 21 4 39 60 4 38 4 60 4 0 5 4 37 4 34 4 9 47 4 5 4 9 54 4 60 4 32 35 4 108 28 4 43 4 32 4 1 27 4 60 4 70 49 4 57 4 0 49 4 28 4 32 29 4 40 4 74 36 4 28 4 98 60 4 5 4 23 35 4 20 4 53 47 4 5 4 58 5 4 12 4 51 4 75 34 4 24 4 83 11 4 38 4 27 4 0 23 4 30 4 40 4 37 25 4 5 4 19 4 12 4 119 47 4 5 4 29 4 26 4 53 27 4 39 4 29 4 38 16 4 48 4 0 7 4 35 4 52 4 36 54 4 45 4 50 4 0 19 4 7 4 25 4 13 14 4 54 4 18 4 31 20 16 60 16 50 60 4 49 60 16 45 16 78 60 4 35 4 19 32 4 28 4 17 4 63 28 4 14 4 10 4 40 4 61 21 4 35 4 65 5 4 37 4 60 4 15 4 87 16 4 12 4 15 4 81 60 4 6 4 16 4 14 18 4 5 4 32 4 119 44 4 5 4 5 4 101 60 4 55 4 41 4 31 4 55 7 4 19 4 32 4 51 4 111 39 4 28 4 14 4 12 58 4 21 4 45 4 15 59 4 48 4 26 4 
iteration 946 best: 1.36105 leader: 1.36105 time: 483526
115 24 4 40 4 32 4 0 60 4 53 4 105 28 4 15 4 5 4 47 29 4 34 4 52 4 3 26 4 8 4 60 4 23 16 4 28 4 55 4 16 4 69 44 4 22 4 21 4 102 39 4 44 4 46 39 4 42 4 1 20 4 24 4 32 4 44 4 39 31 4 34 4 72 31 4 51 4 115 26 4 17 4 25 4 59 4 39 4 42 49 4 10 4 7 4 21 4 103 5 4 60 4 116 59 4 24 4 25 4 28 4 33 60 4 27 4 41 4 119 53 4 5 4 15 5 4 60 4 61 46 20 0 60 4 35 4 9 4 91 20 20 45 18 4 60 4 16 4 59 54 4 11 4 46 4 5 4 75 32 4 41 4 13 5 4 31 4 5 4 49 10 4 21 4 39 60 4 38 4 60 4 0 5 4 37 4 34 4 9 47 4 5 4 9 54 4 60 4 32 35 4 108 28 4 43 4 32 4 1 27 4 60 4 70 49 4 57 4 0 49 4 28 4 32 29 4 40 4 74 36 4 28 4 98 60 4 5 4 23 35 4 20 4 53 47 4 5 4 58 5 4 12 4 51 4 75 34 4 24 4 83 11 4 38 4 27 4 0 23 4 30 4 40 4 37 25 4 5 4 19 4 12 4 119 47 4 5 4 29 4 26 4 53 27 4 39 4 29 4 38 16 4 48 4 0 7 4 35 4 52 4 36 54 4 45 4 50 4 0 19 4 7 4 25 4 13 14 4 54 4 18 4 31 20 16 60 16 50 60 4 49 60 16 45 16 78 60 4 35 4 19 32 4 28 4 17 4 63 28 4 14 4 10 4 40 4 61 21 4 35 4 65 5 4 37 4 60 4 15 4 87 16 4 12 4 15 4 81 60 4 6 4 16 4 14 18 4 5 4 32 4 119 44 4 5 4 5 4 101 60 4 55 4 41 4 31 4 55 7 4 19 4 32 4 51 4 111 39 4 28 4 14 4 12 58 4 21 4 45 4 15 59 4 48 4 26 4 
iteration 961 best: 1.36105 leader: 1.36105 time: 491123
115 24 4 40 4 32 4 0 60 4 53 4 105 28 4 15 4 5 4 47 29 4 34 4 52 4 3 26 4 8 4 60 4 23 16 4 28 4 55 4 16 4 69 44 4 22 4 21 4 102 39 4 44 4 46 39 4 42 4 1 20 4 24 4 32 4 44 4 39 31 4 34 4 72 31 4 51 4 115 26 4 17 4 25 4 59 4 39 4 42 49 4 10 4 7 4 21 4 103 5 4 60 4 116 59 4 24 4 25 4 28 4 33 60 4 27 4 41 4 119 53 4 5 4 15 5 4 60 4 61 46 20 0 60 4 35 4 9 4 91 20 20 45 18 4 60 4 16 4 59 54 4 11 4 46 4 5 4 75 32 4 41 4 13 5 4 31 4 5 4 49 10 4 21 4 39 60 4 38 4 60 4 0 5 4 37 4 34 4 9 47 4 5 4 9 54 4 60 4 32 35 4 108 28 4 43 4 32 4 1 27 4 60 4 70 49 4 57 4 0 49 4 28 4 32 29 4 40 4 74 36 4 28 4 98 60 4 5 4 23 35 4 20 4 53 47 4 5 4 58 5 4 12 4 51 4 75 34 4 24 4 83 11 4 38 4 27 4 0 23 4 30 4 40 4 37 25 4 5 4 19 4 12 4 119 47 4 5 4 29 4 26 4 53 27 4 39 4 29 4 38 16 4 48 4 0 7 4 35 4 52 4 36 54 4 45 4 50 4 0 19 4 7 4 25 4 13 14 4 54 4 18 4 31 20 16 60 16 50 60 4 49 60 16 45 16 78 60 4 35 4 19 32 4 28 4 17 4 63 28 4 14 4 10 4 40 4 61 21 4 35 4 65 5 4 37 4 60 4 15 4 87 16 4 12 4 15 4 81 60 4 6 4 16 4 14 18 4 5 4 32 4 119 44 4 5 4 5 4 101 60 4 55 4 41 4 31 4 55 7 4 19 4 32 4 51 4 111 39 4 28 4 14 4 12 58 4 21 4 45 4 15 59 4 48 4 26 4 
iteration 976 best: 1.36105 leader: 1.36105 time: 498722
115 24 4 40 4 32 4 0 60 4 53 4 105 28 4 15 4 5 4 47 29 4 34 4 52 4 3 26 4 8 4 60 4 23 16 4 28 4 55 4 16 4 69 44 4 22 4 21 4 102 39 4 44 4 46 39 4 42 4 1 20 4 24 4 32 4 44 4 39 31 4 34 4 72 31 4 51 4 115 26 4 17 4 25 4 59 4 39 4 42 49 4 10 4 7 4 21 4 103 5 4 60 4 116 59 4 24 4 25 4 28 4 33 60 4 27 4 41 4 119 53 4 5 4 15 5 4 60 4 61 46 20 0 60 4 35 4 9 4 91 20 20 45 18 4 60 4 16 4 59 54 4 11 4 46 4 5 4 75 32 4 41 4 13 5 4 31 4 5 4 49 10 4 21 4 39 60 4 38 4 60 4 0 5 4 37 4 34 4 9 47 4 5 4 9 54 4 60 4 32 35 4 108 28 4 43 4 32 4 1 27 4 60 4 70 49 4 57 4 0 49 4 28 4 32 29 4 40 4 74 36 4 28 4 98 60 4 5 4 23 35 4 20 4 53 47 4 5 4 58 5 4 12 4 51 4 75 34 4 24 4 83 11 4 38 4 27 4 0 23 4 30 4 40 4 37 25 4 5 4 19 4 12 4 119 47 4 5 4 29 4 26 4 53 27 4 39 4 29 4 38 16 4 48 4 0 7 4 35 4 52 4 36 54 4 45 4 50 4 0 19 4 7 4 25 4 13 14 4 54 4 18 4 31 20 16 60 16 50 60 4 49 60 16 45 16 78 60 4 35 4 19 32 4 28 4 17 4 63 28 4 14 4 10 4 40 4 61 21 4 35 4 65 5 4 37 4 60 4 15 4 87 16 4 12 4 15 4 81 60 4 6 4 16 4 14 18 4 5 4 32 4 119 44 4 5 4 5 4 101 60 4 55 4 41 4 31 4 55 7 4 19 4 32 4 51 4 111 39 4 28 4 14 4 12 58 4 21 4 45 4 15 59 4 48 4 26 4 
iteration 991 best: 1.36105 leader: 1.36105 time: 506283
115 24 4 40 4 32 4 0 60 4 53 4 105 28 4 15 4 5 4 47 29 4 34 4 52 4 3 26 4 8 4 60 4 23 16 4 28 4 55 4 16 4 69 44 4 22 4 21 4 102 39 4 44 4 46 39 4 42 4 1 20 4 24 4 32 4 44 4 39 31 4 34 4 72 31 4 51 4 115 26 4 17 4 25 4 59 4 39 4 42 49 4 10 4 7 4 21 4 103 5 4 60 4 116 59 4 24 4 25 4 28 4 33 60 4 27 4 41 4 119 53 4 5 4 15 5 4 60 4 61 46 20 0 60 4 35 4 9 4 91 20 20 45 18 4 60 4 16 4 59 54 4 11 4 46 4 5 4 75 32 4 41 4 13 5 4 31 4 5 4 49 10 4 21 4 39 60 4 38 4 60 4 0 5 4 37 4 34 4 9 47 4 5 4 9 54 4 60 4 32 35 4 108 28 4 43 4 32 4 1 27 4 60 4 70 49 4 57 4 0 49 4 28 4 32 29 4 40 4 74 36 4 28 4 98 60 4 5 4 23 35 4 20 4 53 47 4 5 4 58 5 4 12 4 51 4 75 34 4 24 4 83 11 4 38 4 27 4 0 23 4 30 4 40 4 37 25 4 5 4 19 4 12 4 119 47 4 5 4 29 4 26 4 53 27 4 39 4 29 4 38 16 4 48 4 0 7 4 35 4 52 4 36 54 4 45 4 50 4 0 19 4 7 4 25 4 13 14 4 54 4 18 4 31 20 16 60 16 50 60 4 49 60 16 45 16 78 60 4 35 4 19 32 4 28 4 17 4 63 28 4 14 4 10 4 40 4 61 21 4 35 4 65 5 4 37 4 60 4 15 4 87 16 4 12 4 15 4 81 60 4 6 4 16 4 14 18 4 5 4 32 4 119 44 4 5 4 5 4 101 60 4 55 4 41 4 31 4 55 7 4 19 4 32 4 51 4 111 39 4 28 4 14 4 12 58 4 21 4 45 4 15 59 4 48 4 26 4 
iteration 1006 best: 1.36105 leader: 1.36105 time: 513865
115 24 4 40 4 32 4 0 60 4 53 4 105 28 4 15 4 5 4 47 29 4 34 4 52 4 3 26 4 8 4 60 4 23 16 4 28 4 55 4 16 4 69 44 4 22 4 21 4 102 39 4 44 4 46 39 4 42 4 1 20 4 24 4 32 4 44 4 39 31 4 34 4 72 31 4 51 4 115 26 4 17 4 25 4 59 4 39 4 42 49 4 10 4 7 4 21 4 103 5 4 60 4 116 59 4 24 4 25 4 28 4 33 60 4 27 4 41 4 119 53 4 5 4 15 5 4 60 4 61 46 20 0 60 4 35 4 9 4 91 20 20 45 18 4 60 4 16 4 59 54 4 11 4 46 4 5 4 75 32 4 41 4 13 5 4 31 4 5 4 49 10 4 21 4 39 60 4 38 4 60 4 0 5 4 37 4 34 4 9 47 4 5 4 9 54 4 60 4 32 35 4 108 28 4 43 4 32 4 1 27 4 60 4 70 49 4 57 4 0 49 4 28 4 32 29 4 40 4 74 36 4 28 4 98 60 4 5 4 23 35 4 20 4 53 47 4 5 4 58 5 4 12 4 51 4 75 34 4 24 4 83 11 4 38 4 27 4 0 23 4 30 4 40 4 37 25 4 5 4 19 4 12 4 119 47 4 5 4 29 4 26 4 53 27 4 39 4 29 4 38 16 4 48 4 0 7 4 35 4 52 4 36 54 4 45 4 50 4 0 19 4 7 4 25 4 13 14 4 54 4 18 4 31 20 16 60 16 50 60 4 49 60 16 45 16 78 60 4 35 4 19 32 4 28 4 17 4 63 28 4 14 4 10 4 40 4 61 21 4 35 4 65 5 4 37 4 60 4 15 4 87 16 4 12 4 15 4 81 60 4 6 4 16 4 14 18 4 5 4 32 4 119 44 4 5 4 5 4 101 60 4 55 4 41 4 31 4 55 7 4 19 4 32 4 51 4 111 39 4 28 4 14 4 12 58 4 21 4 45 4 15 59 4 48 4 26 4 
iteration 1021 best: 1.36105 leader: 1.36105 time: 521440
115 24 4 40 4 32 4 0 60 4 53 4 105 28 4 15 4 5 4 47 29 4 34 4 52 4 3 26 4 8 4 60 4 23 16 4 28 4 55 4 16 4 69 44 4 22 4 21 4 102 39 4 44 4 46 39 4 42 4 1 20 4 24 4 32 4 44 4 39 31 4 34 4 72 31 4 51 4 115 26 4 17 4 25 4 59 4 39 4 42 49 4 10 4 7 4 21 4 103 5 4 60 4 116 59 4 24 4 25 4 28 4 33 60 4 27 4 41 4 119 53 4 5 4 15 5 4 60 4 61 46 20 0 60 4 35 4 9 4 91 20 20 45 18 4 60 4 16 4 59 54 4 11 4 46 4 5 4 75 32 4 41 4 13 5 4 31 4 5 4 49 10 4 21 4 39 60 4 38 4 60 4 0 5 4 37 4 34 4 9 47 4 5 4 9 54 4 60 4 32 35 4 108 28 4 43 4 32 4 1 27 4 60 4 70 49 4 57 4 0 49 4 28 4 32 29 4 40 4 74 36 4 28 4 98 60 4 5 4 23 35 4 20 4 53 47 4 5 4 58 5 4 12 4 51 4 75 34 4 24 4 83 11 4 38 4 27 4 0 23 4 30 4 40 4 37 25 4 5 4 19 4 12 4 119 47 4 5 4 29 4 26 4 53 27 4 39 4 29 4 38 16 4 48 4 0 7 4 35 4 52 4 36 54 4 45 4 50 4 0 19 4 7 4 25 4 13 14 4 54 4 18 4 31 20 16 60 16 50 60 4 49 60 16 45 16 78 60 4 35 4 19 32 4 28 4 17 4 63 28 4 14 4 10 4 40 4 61 21 4 35 4 65 5 4 37 4 60 4 15 4 87 16 4 12 4 15 4 81 60 4 6 4 16 4 14 18 4 5 4 32 4 119 44 4 5 4 5 4 101 60 4 55 4 41 4 31 4 55 7 4 19 4 32 4 51 4 111 39 4 28 4 14 4 12 58 4 21 4 45 4 15 59 4 48 4 26 4 
iteration 1036 best: 1.36105 leader: 1.36105 time: 529021
115 24 4 40 4 32 4 0 60 4 53 4 105 28 4 15 4 5 4 47 29 4 34 4 52 4 3 26 4 8 4 60 4 23 16 4 28 4 55 4 16 4 69 44 4 22 4 21 4 102 39 4 44 4 46 39 4 42 4 1 20 4 24 4 32 4 44 4 39 31 4 34 4 72 31 4 51 4 115 26 4 17 4 25 4 59 4 39 4 42 49 4 10 4 7 4 21 4 103 5 4 60 4 116 59 4 24 4 25 4 28 4 33 60 4 27 4 41 4 119 53 4 5 4 15 5 4 60 4 61 46 20 0 60 4 35 4 9 4 91 20 20 45 18 4 60 4 16 4 59 54 4 11 4 46 4 5 4 75 32 4 41 4 13 5 4 31 4 5 4 49 10 4 21 4 39 60 4 38 4 60 4 0 5 4 37 4 34 4 9 47 4 5 4 9 54 4 60 4 32 35 4 108 28 4 43 4 32 4 1 27 4 60 4 70 49 4 57 4 0 49 4 28 4 32 29 4 40 4 74 36 4 28 4 98 60 4 5 4 23 35 4 20 4 53 47 4 5 4 58 5 4 12 4 51 4 75 34 4 24 4 83 11 4 38 4 27 4 0 23 4 30 4 40 4 37 25 4 5 4 19 4 12 4 119 47 4 5 4 29 4 26 4 53 27 4 39 4 29 4 38 16 4 48 4 0 7 4 35 4 52 4 36 54 4 45 4 50 4 0 19 4 7 4 25 4 13 14 4 54 4 18 4 31 20 16 60 16 50 60 4 49 60 16 45 16 78 60 4 35 4 19 32 4 28 4 17 4 63 28 4 14 4 10 4 40 4 61 21 4 35 4 65 5 4 37 4 60 4 15 4 87 16 4 12 4 15 4 81 60 4 6 4 16 4 14 18 4 5 4 32 4 119 44 4 5 4 5 4 101 60 4 55 4 41 4 31 4 55 7 4 19 4 32 4 51 4 111 39 4 28 4 14 4 12 58 4 21 4 45 4 15 59 4 48 4 26 4 
iteration 1051 best: 1.36105 leader: 1.36105 time: 536617
115 24 4 40 4 32 4 0 60 4 53 4 105 28 4 15 4 5 4 47 29 4 34 4 52 4 3 26 4 8 4 60 4 23 16 4 28 4 55 4 16 4 69 44 4 22 4 21 4 102 39 4 44 4 46 39 4 42 4 1 20 4 24 4 32 4 44 4 39 31 4 34 4 72 31 4 51 4 115 26 4 17 4 25 4 59 4 39 4 42 49 4 10 4 7 4 21 4 103 5 4 60 4 116 59 4 24 4 25 4 28 4 33 60 4 27 4 41 4 119 53 4 5 4 15 5 4 60 4 61 46 20 0 60 4 35 4 9 4 91 20 20 45 18 4 60 4 16 4 59 54 4 11 4 46 4 5 4 75 32 4 41 4 13 5 4 31 4 5 4 49 10 4 21 4 39 60 4 38 4 60 4 0 5 4 37 4 34 4 9 47 4 5 4 9 54 4 60 4 32 35 4 108 28 4 43 4 32 4 1 27 4 60 4 70 49 4 57 4 0 49 4 28 4 32 29 4 40 4 74 36 4 28 4 98 60 4 5 4 23 35 4 20 4 53 47 4 5 4 58 5 4 12 4 51 4 75 34 4 24 4 83 11 4 38 4 27 4 0 23 4 30 4 40 4 37 25 4 5 4 19 4 12 4 119 47 4 5 4 29 4 26 4 53 27 4 39 4 29 4 38 16 4 48 4 0 7 4 35 4 52 4 36 54 4 45 4 50 4 0 19 4 7 4 25 4 13 14 4 54 4 18 4 31 20 16 60 16 50 60 4 49 60 16 45 16 78 60 4 35 4 19 32 4 28 4 17 4 63 28 4 14 4 10 4 40 4 61 21 4 35 4 65 5 4 37 4 60 4 15 4 87 16 4 12 4 15 4 81 60 4 6 4 16 4 14 18 4 5 4 32 4 119 44 4 5 4 5 4 101 60 4 55 4 41 4 31 4 55 7 4 19 4 32 4 51 4 111 39 4 28 4 14 4 12 58 4 21 4 45 4 15 59 4 48 4 26 4 
iteration 1066 best: 1.36105 leader: 1.36105 time: 544206
115 24 4 40 4 32 4 0 60 4 53 4 105 28 4 15 4 5 4 47 29 4 34 4 52 4 3 26 4 8 4 60 4 23 16 4 28 4 55 4 16 4 69 44 4 22 4 21 4 102 39 4 44 4 46 39 4 42 4 1 20 4 24 4 32 4 44 4 39 31 4 34 4 72 31 4 51 4 115 26 4 17 4 25 4 59 4 39 4 42 49 4 10 4 7 4 21 4 103 5 4 60 4 116 59 4 24 4 25 4 28 4 33 60 4 27 4 41 4 119 53 4 5 4 15 5 4 60 4 61 46 20 0 60 4 35 4 9 4 91 20 20 45 18 4 60 4 16 4 59 54 4 11 4 46 4 5 4 75 32 4 41 4 13 5 4 31 4 5 4 49 10 4 21 4 39 60 4 38 4 60 4 0 5 4 37 4 34 4 9 47 4 5 4 9 54 4 60 4 32 35 4 108 28 4 43 4 32 4 1 27 4 60 4 70 49 4 57 4 0 49 4 28 4 32 29 4 40 4 74 36 4 28 4 98 60 4 5 4 23 35 4 20 4 53 47 4 5 4 58 5 4 12 4 51 4 75 34 4 24 4 83 11 4 38 4 27 4 0 23 4 30 4 40 4 37 25 4 5 4 19 4 12 4 119 47 4 5 4 29 4 26 4 53 27 4 39 4 29 4 38 16 4 48 4 0 7 4 35 4 52 4 36 54 4 45 4 50 4 0 19 4 7 4 25 4 13 14 4 54 4 18 4 31 20 16 60 16 50 60 4 49 60 16 45 16 78 60 4 35 4 19 32 4 28 4 17 4 63 28 4 14 4 10 4 40 4 61 21 4 35 4 65 5 4 37 4 60 4 15 4 87 16 4 12 4 15 4 81 60 4 6 4 16 4 14 18 4 5 4 32 4 119 44 4 5 4 5 4 101 60 4 55 4 41 4 31 4 55 7 4 19 4 32 4 51 4 111 39 4 28 4 14 4 12 58 4 21 4 45 4 15 59 4 48 4 26 4 
iteration 1081 best: 1.36105 leader: 1.36105 time: 551771
115 24 4 40 4 32 4 0 60 4 53 4 105 28 4 15 4 5 4 47 29 4 34 4 52 4 3 26 4 8 4 60 4 23 16 4 28 4 55 4 16 4 69 44 4 22 4 21 4 102 39 4 44 4 46 39 4 42 4 1 20 4 24 4 32 4 44 4 39 31 4 34 4 72 31 4 51 4 115 26 4 17 4 25 4 59 4 39 4 42 49 4 10 4 7 4 21 4 103 5 4 60 4 116 59 4 24 4 25 4 28 4 33 60 4 27 4 41 4 119 53 4 5 4 15 5 4 60 4 61 46 20 0 60 4 35 4 9 4 91 20 20 45 18 4 60 4 16 4 59 54 4 11 4 46 4 5 4 75 32 4 41 4 13 5 4 31 4 5 4 49 10 4 21 4 39 60 4 38 4 60 4 0 5 4 37 4 34 4 9 47 4 5 4 9 54 4 60 4 32 35 4 108 28 4 43 4 32 4 1 27 4 60 4 70 49 4 57 4 0 49 4 28 4 32 29 4 40 4 74 36 4 28 4 98 60 4 5 4 23 35 4 20 4 53 47 4 5 4 58 5 4 12 4 51 4 75 34 4 24 4 83 11 4 38 4 27 4 0 23 4 30 4 40 4 37 25 4 5 4 19 4 12 4 119 47 4 5 4 29 4 26 4 53 27 4 39 4 29 4 38 16 4 48 4 0 7 4 35 4 52 4 36 54 4 45 4 50 4 0 19 4 7 4 25 4 13 14 4 54 4 18 4 31 20 16 60 16 50 60 4 49 60 16 45 16 78 60 4 35 4 19 32 4 28 4 17 4 63 28 4 14 4 10 4 40 4 61 21 4 35 4 65 5 4 37 4 60 4 15 4 87 16 4 12 4 15 4 81 60 4 6 4 16 4 14 18 4 5 4 32 4 119 44 4 5 4 5 4 101 60 4 55 4 41 4 31 4 55 7 4 19 4 32 4 51 4 111 39 4 28 4 14 4 12 58 4 21 4 45 4 15 59 4 48 4 26 4 
iteration 1096 best: 1.36105 leader: 1.36105 time: 559355
115 24 4 40 4 32 4 0 60 4 53 4 105 28 4 15 4 5 4 47 29 4 34 4 52 4 3 26 4 8 4 60 4 23 16 4 28 4 55 4 16 4 69 44 4 22 4 21 4 102 39 4 44 4 46 39 4 42 4 1 20 4 24 4 32 4 44 4 39 31 4 34 4 72 31 4 51 4 115 26 4 17 4 25 4 59 4 39 4 42 49 4 10 4 7 4 21 4 103 5 4 60 4 116 59 4 24 4 25 4 28 4 33 60 4 27 4 41 4 119 53 4 5 4 15 5 4 60 4 61 46 20 0 60 4 35 4 9 4 91 20 20 45 18 4 60 4 16 4 59 54 4 11 4 46 4 5 4 75 32 4 41 4 13 5 4 31 4 5 4 49 10 4 21 4 39 60 4 38 4 60 4 0 5 4 37 4 34 4 9 47 4 5 4 9 54 4 60 4 32 35 4 108 28 4 43 4 32 4 1 27 4 60 4 70 49 4 57 4 0 49 4 28 4 32 29 4 40 4 74 36 4 28 4 98 60 4 5 4 23 35 4 20 4 53 47 4 5 4 58 5 4 12 4 51 4 75 34 4 24 4 83 11 4 38 4 27 4 0 23 4 30 4 40 4 37 25 4 5 4 19 4 12 4 119 47 4 5 4 29 4 26 4 53 27 4 39 4 29 4 38 16 4 48 4 0 7 4 35 4 52 4 36 54 4 45 4 50 4 0 19 4 7 4 25 4 13 14 4 54 4 18 4 31 20 16 60 16 50 60 4 49 60 16 45 16 78 60 4 35 4 19 32 4 28 4 17 4 63 28 4 14 4 10 4 40 4 61 21 4 35 4 65 5 4 37 4 60 4 15 4 87 16 4 12 4 15 4 81 60 4 6 4 16 4 14 18 4 5 4 32 4 119 44 4 5 4 5 4 101 60 4 55 4 41 4 31 4 55 7 4 19 4 32 4 51 4 111 39 4 28 4 14 4 12 58 4 21 4 45 4 15 59 4 48 4 26 4 
iteration 1111 best: 1.36105 leader: 1.36105 time: 566940
115 24 4 40 4 32 4 0 60 4 53 4 105 28 4 15 4 5 4 47 29 4 34 4 52 4 3 26 4 8 4 60 4 23 16 4 28 4 55 4 16 4 69 44 4 22 4 21 4 102 39 4 44 4 46 39 4 42 4 1 20 4 24 4 32 4 44 4 39 31 4 34 4 72 31 4 51 4 115 26 4 17 4 25 4 59 4 39 4 42 49 4 10 4 7 4 21 4 103 5 4 60 4 116 59 4 24 4 25 4 28 4 33 60 4 27 4 41 4 119 53 4 5 4 15 5 4 60 4 61 46 20 0 60 4 35 4 9 4 91 20 20 45 18 4 60 4 16 4 59 54 4 11 4 46 4 5 4 75 32 4 41 4 13 5 4 31 4 5 4 49 10 4 21 4 39 60 4 38 4 60 4 0 5 4 37 4 34 4 9 47 4 5 4 9 54 4 60 4 32 35 4 108 28 4 43 4 32 4 1 27 4 60 4 70 49 4 57 4 0 49 4 28 4 32 29 4 40 4 74 36 4 28 4 98 60 4 5 4 23 35 4 20 4 53 47 4 5 4 58 5 4 12 4 51 4 75 34 4 24 4 83 11 4 38 4 27 4 0 23 4 30 4 40 4 37 25 4 5 4 19 4 12 4 119 47 4 5 4 29 4 26 4 53 27 4 39 4 29 4 38 16 4 48 4 0 7 4 35 4 52 4 36 54 4 45 4 50 4 0 19 4 7 4 25 4 13 14 4 54 4 18 4 31 20 16 60 16 50 60 4 49 60 16 45 16 78 60 4 35 4 19 32 4 28 4 17 4 63 28 4 14 4 10 4 40 4 61 21 4 35 4 65 5 4 37 4 60 4 15 4 87 16 4 12 4 15 4 81 60 4 6 4 16 4 14 18 4 5 4 32 4 119 44 4 5 4 5 4 101 60 4 55 4 41 4 31 4 55 7 4 19 4 32 4 51 4 111 39 4 28 4 14 4 12 58 4 21 4 45 4 15 59 4 48 4 26 4 
iteration 1126 best: 1.36105 leader: 1.36105 time: 574568
115 24 4 40 4 32 4 0 60 4 53 4 105 28 4 15 4 5 4 47 29 4 34 4 52 4 3 26 4 8 4 60 4 23 16 4 28 4 55 4 16 4 69 44 4 22 4 21 4 102 39 4 44 4 46 39 4 42 4 1 20 4 24 4 32 4 44 4 39 31 4 34 4 72 31 4 51 4 115 26 4 17 4 25 4 59 4 39 4 42 49 4 10 4 7 4 21 4 103 5 4 60 4 116 59 4 24 4 25 4 28 4 33 60 4 27 4 41 4 119 53 4 5 4 15 5 4 60 4 61 46 20 0 60 4 35 4 9 4 91 20 20 45 18 4 60 4 16 4 59 54 4 11 4 46 4 5 4 75 32 4 41 4 13 5 4 31 4 5 4 49 10 4 21 4 39 60 4 38 4 60 4 0 5 4 37 4 34 4 9 47 4 5 4 9 54 4 60 4 32 35 4 108 28 4 43 4 32 4 1 27 4 60 4 70 49 4 57 4 0 49 4 28 4 32 29 4 40 4 74 36 4 28 4 98 60 4 5 4 23 35 4 20 4 53 47 4 5 4 58 5 4 12 4 51 4 75 34 4 24 4 83 11 4 38 4 27 4 0 23 4 30 4 40 4 37 25 4 5 4 19 4 12 4 119 47 4 5 4 29 4 26 4 53 27 4 39 4 29 4 38 16 4 48 4 0 7 4 35 4 52 4 36 54 4 45 4 50 4 0 19 4 7 4 25 4 13 14 4 54 4 18 4 31 20 16 60 16 50 60 4 49 60 16 45 16 78 60 4 35 4 19 32 4 28 4 17 4 63 28 4 14 4 10 4 40 4 61 21 4 35 4 65 5 4 37 4 60 4 15 4 87 16 4 12 4 15 4 81 60 4 6 4 16 4 14 18 4 5 4 32 4 119 44 4 5 4 5 4 101 60 4 55 4 41 4 31 4 55 7 4 19 4 32 4 51 4 111 39 4 28 4 14 4 12 58 4 21 4 45 4 15 59 4 48 4 26 4 
iteration 1141 best: 1.36105 leader: 1.36105 time: 582127
115 24 4 40 4 32 4 0 60 4 53 4 105 28 4 15 4 5 4 47 29 4 34 4 52 4 3 26 4 8 4 60 4 23 16 4 28 4 55 4 16 4 69 44 4 22 4 21 4 102 39 4 44 4 46 39 4 42 4 1 20 4 24 4 32 4 44 4 39 31 4 34 4 72 31 4 51 4 115 26 4 17 4 25 4 59 4 39 4 42 49 4 10 4 7 4 21 4 103 5 4 60 4 116 59 4 24 4 25 4 28 4 33 60 4 27 4 41 4 119 53 4 5 4 15 5 4 60 4 61 46 20 0 60 4 35 4 9 4 91 20 20 45 18 4 60 4 16 4 59 54 4 11 4 46 4 5 4 75 32 4 41 4 13 5 4 31 4 5 4 49 10 4 21 4 39 60 4 38 4 60 4 0 5 4 37 4 34 4 9 47 4 5 4 9 54 4 60 4 32 35 4 108 28 4 43 4 32 4 1 27 4 60 4 70 49 4 57 4 0 49 4 28 4 32 29 4 40 4 74 36 4 28 4 98 60 4 5 4 23 35 4 20 4 53 47 4 5 4 58 5 4 12 4 51 4 75 34 4 24 4 83 11 4 38 4 27 4 0 23 4 30 4 40 4 37 25 4 5 4 19 4 12 4 119 47 4 5 4 29 4 26 4 53 27 4 39 4 29 4 38 16 4 48 4 0 7 4 35 4 52 4 36 54 4 45 4 50 4 0 19 4 7 4 25 4 13 14 4 54 4 18 4 31 20 16 60 16 50 60 4 49 60 16 45 16 78 60 4 35 4 19 32 4 28 4 17 4 63 28 4 14 4 10 4 40 4 61 21 4 35 4 65 5 4 37 4 60 4 15 4 87 16 4 12 4 15 4 81 60 4 6 4 16 4 14 18 4 5 4 32 4 119 44 4 5 4 5 4 101 60 4 55 4 41 4 31 4 55 7 4 19 4 32 4 51 4 111 39 4 28 4 14 4 12 58 4 21 4 45 4 15 59 4 48 4 26 4 
iteration 1156 best: 1.36105 leader: 1.36105 time: 589707
115 24 4 40 4 32 4 0 60 4 53 4 105 28 4 15 4 5 4 47 29 4 34 4 52 4 3 26 4 8 4 60 4 23 16 4 28 4 55 4 16 4 69 44 4 22 4 21 4 102 39 4 44 4 46 39 4 42 4 1 20 4 24 4 32 4 44 4 39 31 4 34 4 72 31 4 51 4 115 26 4 17 4 25 4 59 4 39 4 42 49 4 10 4 7 4 21 4 103 5 4 60 4 116 59 4 24 4 25 4 28 4 33 60 4 27 4 41 4 119 53 4 5 4 15 5 4 60 4 61 46 20 0 60 4 35 4 9 4 91 20 20 45 18 4 60 4 16 4 59 54 4 11 4 46 4 5 4 75 32 4 41 4 13 5 4 31 4 5 4 49 10 4 21 4 39 60 4 38 4 60 4 0 5 4 37 4 34 4 9 47 4 5 4 9 54 4 60 4 32 35 4 108 28 4 43 4 32 4 1 27 4 60 4 70 49 4 57 4 0 49 4 28 4 32 29 4 40 4 74 36 4 28 4 98 60 4 5 4 23 35 4 20 4 53 47 4 5 4 58 5 4 12 4 51 4 75 34 4 24 4 83 11 4 38 4 27 4 0 23 4 30 4 40 4 37 25 4 5 4 19 4 12 4 119 47 4 5 4 29 4 26 4 53 27 4 39 4 29 4 38 16 4 48 4 0 7 4 35 4 52 4 36 54 4 45 4 50 4 0 19 4 7 4 25 4 13 14 4 54 4 18 4 31 20 16 60 16 50 60 4 49 60 16 45 16 78 60 4 35 4 19 32 4 28 4 17 4 63 28 4 14 4 10 4 40 4 61 21 4 35 4 65 5 4 37 4 60 4 15 4 87 16 4 12 4 15 4 81 60 4 6 4 16 4 14 18 4 5 4 32 4 119 44 4 5 4 5 4 101 60 4 55 4 41 4 31 4 55 7 4 19 4 32 4 51 4 111 39 4 28 4 14 4 12 58 4 21 4 45 4 15 59 4 48 4 26 4 
iteration 1171 best: 1.36105 leader: 1.36105 time: 597303
115 24 4 40 4 32 4 0 60 4 53 4 105 28 4 15 4 5 4 47 29 4 34 4 52 4 3 26 4 8 4 60 4 23 16 4 28 4 55 4 16 4 69 44 4 22 4 21 4 102 39 4 44 4 46 39 4 42 4 1 20 4 24 4 32 4 44 4 39 31 4 34 4 72 31 4 51 4 115 26 4 17 4 25 4 59 4 39 4 42 49 4 10 4 7 4 21 4 103 5 4 60 4 116 59 4 24 4 25 4 28 4 33 60 4 27 4 41 4 119 53 4 5 4 15 5 4 60 4 61 46 20 0 60 4 35 4 9 4 91 20 20 45 18 4 60 4 16 4 59 54 4 11 4 46 4 5 4 75 32 4 41 4 13 5 4 31 4 5 4 49 10 4 21 4 39 60 4 38 4 60 4 0 5 4 37 4 34 4 9 47 4 5 4 9 54 4 60 4 32 35 4 108 28 4 43 4 32 4 1 27 4 60 4 70 49 4 57 4 0 49 4 28 4 32 29 4 40 4 74 36 4 28 4 98 60 4 5 4 23 35 4 20 4 53 47 4 5 4 58 5 4 12 4 51 4 75 34 4 24 4 83 11 4 38 4 27 4 0 23 4 30 4 40 4 37 25 4 5 4 19 4 12 4 119 47 4 5 4 29 4 26 4 53 27 4 39 4 29 4 38 16 4 48 4 0 7 4 35 4 52 4 36 54 4 45 4 50 4 0 19 4 7 4 25 4 13 14 4 54 4 18 4 31 20 16 60 16 50 60 4 49 60 16 45 16 78 60 4 35 4 19 32 4 28 4 17 4 63 28 4 14 4 10 4 40 4 61 21 4 35 4 65 5 4 37 4 60 4 15 4 87 16 4 12 4 15 4 81 60 4 6 4 16 4 14 18 4 5 4 32 4 119 44 4 5 4 5 4 101 60 4 55 4 41 4 31 4 55 7 4 19 4 32 4 51 4 111 39 4 28 4 14 4 12 58 4 21 4 45 4 15 59 4 48 4 26 4 
iteration 1186 best: 1.36105 leader: 1.36105 time: 604904
115 24 4 40 4 32 4 0 60 4 53 4 105 28 4 15 4 5 4 47 29 4 34 4 52 4 3 26 4 8 4 60 4 23 16 4 28 4 55 4 16 4 69 44 4 22 4 21 4 102 39 4 44 4 46 39 4 42 4 1 20 4 24 4 32 4 44 4 39 31 4 34 4 72 31 4 51 4 115 26 4 17 4 25 4 59 4 39 4 42 49 4 10 4 7 4 21 4 103 5 4 60 4 116 59 4 24 4 25 4 28 4 33 60 4 27 4 41 4 119 53 4 5 4 15 5 4 60 4 61 46 20 0 60 4 35 4 9 4 91 20 20 45 18 4 60 4 16 4 59 54 4 11 4 46 4 5 4 75 32 4 41 4 13 5 4 31 4 5 4 49 10 4 21 4 39 60 4 38 4 60 4 0 5 4 37 4 34 4 9 47 4 5 4 9 54 4 60 4 32 35 4 108 28 4 43 4 32 4 1 27 4 60 4 70 49 4 57 4 0 49 4 28 4 32 29 4 40 4 74 36 4 28 4 98 60 4 5 4 23 35 4 20 4 53 47 4 5 4 58 5 4 12 4 51 4 75 34 4 24 4 83 11 4 38 4 27 4 0 23 4 30 4 40 4 37 25 4 5 4 19 4 12 4 119 47 4 5 4 29 4 26 4 53 27 4 39 4 29 4 38 16 4 48 4 0 7 4 35 4 52 4 36 54 4 45 4 50 4 0 19 4 7 4 25 4 13 14 4 54 4 18 4 31 20 16 60 16 50 60 4 49 60 16 45 16 78 60 4 35 4 19 32 4 28 4 17 4 63 28 4 14 4 10 4 40 4 61 21 4 35 4 65 5 4 37 4 60 4 15 4 87 16 4 12 4 15 4 81 60 4 6 4 16 4 14 18 4 5 4 32 4 119 44 4 5 4 5 4 101 60 4 55 4 41 4 31 4 55 7 4 19 4 32 4 51 4 111 39 4 28 4 14 4 12 58 4 21 4 45 4 15 59 4 48 4 26 4 
Best solution: 
115 24 4 40 4 32 4 0 60 4 53 4 105 28 4 15 4 5 4 47 29 4 34 4 52 4 3 26 4 8 4 60 4 23 16 4 28 4 55 4 16 4 69 44 4 22 4 21 4 102 39 4 44 4 46 39 4 42 4 1 20 4 24 4 32 4 44 4 39 31 4 34 4 72 31 4 51 4 115 26 4 17 4 25 4 59 4 39 4 42 49 4 10 4 7 4 21 4 103 5 4 60 4 116 59 4 24 4 25 4 28 4 33 60 4 27 4 41 4 119 53 4 5 4 15 5 4 60 4 61 46 20 0 60 4 35 4 9 4 91 20 20 45 18 4 60 4 16 4 59 54 4 11 4 46 4 5 4 75 32 4 41 4 13 5 4 31 4 5 4 49 10 4 21 4 39 60 4 38 4 60 4 0 5 4 37 4 34 4 9 47 4 5 4 9 54 4 60 4 32 35 4 108 28 4 43 4 32 4 1 27 4 60 4 70 49 4 57 4 0 49 4 28 4 32 29 4 40 4 74 36 4 28 4 98 60 4 5 4 23 35 4 20 4 53 47 4 5 4 58 5 4 12 4 51 4 75 34 4 24 4 83 11 4 38 4 27 4 0 23 4 30 4 40 4 37 25 4 5 4 19 4 12 4 119 47 4 5 4 29 4 26 4 53 27 4 39 4 29 4 38 16 4 48 4 0 7 4 35 4 52 4 36 54 4 45 4 50 4 0 19 4 7 4 25 4 13 14 4 54 4 18 4 31 20 16 60 16 50 60 4 49 60 16 45 16 78 60 4 35 4 19 32 4 28 4 17 4 63 28 4 14 4 10 4 40 4 61 21 4 35 4 65 5 4 37 4 60 4 15 4 87 16 4 12 4 15 4 81 60 4 6 4 16 4 14 18 4 5 4 32 4 119 44 4 5 4 5 4 101 60 4 55 4 41 4 31 4 55 7 4 19 4 32 4 51 4 111 39 4 28 4 14 4 12 58 4 21 4 45 4 15 59 4 48 4 26 4 
Fitness: 1.36105
